Iteration,Version,ROC_AUC,PR_AUC,TimeElapsed,K,TrainRatio,ExperimentID,Seed,ThresholdMode,Threshold,Precision,Recall,F1Score,TestTP,TestFP,TestFN,TestTN,TestTPR,TestTNR,TestFPR,TestFNR,TestPrecision,TestRecall,TestF1Score,TestAccuracy,TestExpectedAccuracy,TestKappa,TestMCC,TestTSS,TotalLinks,TrainLinks,TestLinks,BackboneTotal,NonBackboneTotal,BackboneTrainLinks,NonBackboneTrainLinks,BackboneTestLinks,NonBackboneTestLinks,EmpiricalNumSpecies,EmpiricalLinks,EmpiricalConnectance,EmpiricalMeanTrophicLevel,EmpiricalMeanDegree,EmpiricalMeanGenerality,EmpiricalMeanVulnerability,EmpiricalDegreeStd,EmpiricalDegreeCV,EmpiricalDegreeGini,EmpiricalGeneralityStd,EmpiricalGeneralityCV,EmpiricalGeneralityGini,EmpiricalVulnerabilityStd,EmpiricalVulnerabilityCV,EmpiricalVulnerabilityGini,EmpiricalTrophicLevelStd,EmpiricalTrophicLevelCV,EmpiricalTrophicLevelRange,EmpiricalNetworkXMeanTrophicLevel,EmpiricalNetworkXTrophicLevelStd,EmpiricalNetworkXTrophicLevelRange,EmpiricalMeanLocalClustering,EmpiricalTransitivity,EmpiricalNumTriangles,EmpiricalTriangleDensity,EmpiricalMeanDietOverlap,EmpiricalNetworkXTrophicLevelNumSpeciesFull,EmpiricalNetworkXTrophicLevelNumSpeciesLargest,EmpiricalNetworkXTrophicLevelNumSpeciesWithLevel,EmpiricalNetworkXTrophicLevelLargestFraction,EmpiricalNetworkXTrophicLevelStatusCode,EmpiricalPropBasal,EmpiricalPropIntermediate,EmpiricalPropTop,TrainNumSpecies,TrainConnectance,TrainMeanTrophicLevel,TrainMeanDegree,TrainMeanGenerality,TrainMeanVulnerability,TrainDegreeStd,TrainDegreeCV,TrainDegreeGini,TrainGeneralityStd,TrainGeneralityCV,TrainGeneralityGini,TrainVulnerabilityStd,TrainVulnerabilityCV,TrainVulnerabilityGini,TrainTrophicLevelStd,TrainTrophicLevelCV,TrainTrophicLevelRange,TrainNetworkXMeanTrophicLevel,TrainNetworkXTrophicLevelStd,TrainNetworkXTrophicLevelRange,TrainMeanLocalClustering,TrainTransitivity,TrainNumTriangles,TrainTriangleDensity,TrainMeanDietOverlap,TrainNetworkXTrophicLevelNumSpeciesFull,TrainNetworkXTrophicLevelNumSpeciesLargest,TrainNetworkXTrophicLevelNumSpeciesWithLevel,TrainNetworkXTrophicLevelLargestFraction,TrainNetworkXTrophicLevelStatusCode,TrainPropBasal,TrainPropIntermediate,TrainPropTop,PseudoNumSpecies,PseudoLinks,PseudoConnectance,PseudoMeanTrophicLevel,PseudoMeanDegree,PseudoMeanGenerality,PseudoMeanVulnerability,PseudoDegreeStd,PseudoDegreeCV,PseudoDegreeGini,PseudoGeneralityStd,PseudoGeneralityCV,PseudoGeneralityGini,PseudoVulnerabilityStd,PseudoVulnerabilityCV,PseudoVulnerabilityGini,PseudoTrophicLevelStd,PseudoTrophicLevelCV,PseudoTrophicLevelRange,PseudoNetworkXMeanTrophicLevel,PseudoNetworkXTrophicLevelStd,PseudoNetworkXTrophicLevelRange,PseudoMeanLocalClustering,PseudoTransitivity,PseudoNumTriangles,PseudoTriangleDensity,PseudoMeanDietOverlap,PseudoNetworkXTrophicLevelNumSpeciesFull,PseudoNetworkXTrophicLevelNumSpeciesLargest,PseudoNetworkXTrophicLevelNumSpeciesWithLevel,PseudoNetworkXTrophicLevelLargestFraction,PseudoNetworkXTrophicLevelStatusCode,PseudoPropBasal,PseudoPropIntermediate,PseudoPropTop,DeltaLinks,DeltaConnectance,DeltaMeanTrophicLevel,DeltaMeanDegree,DeltaMeanGenerality,DeltaMeanVulnerability,DeltaDegreeStd,DeltaDegreeCV,DeltaDegreeGini,DeltaGeneralityStd,DeltaGeneralityCV,DeltaGeneralityGini,DeltaVulnerabilityStd,DeltaVulnerabilityCV,DeltaVulnerabilityGini,DeltaTrophicLevelStd,DeltaTrophicLevelCV,DeltaTrophicLevelRange,DeltaNetworkXMeanTrophicLevel,DeltaNetworkXTrophicLevelStd,DeltaNetworkXTrophicLevelRange,DeltaMeanLocalClustering,DeltaTransitivity,DeltaNumTriangles,DeltaTriangleDensity,DeltaMeanDietOverlap,DeltaPropBasal,DeltaPropIntermediate,DeltaPropTop,PseudoTP,PseudoFP,PseudoFN,PseudoTN,PseudoTPR,PseudoTNR,PseudoFPR,PseudoFNR,PseudoPrecision,PseudoRecall,PseudoF1Score,PseudoMCC,PseudoTSS,PseudoJaccardLinks,NumPredictedNovelLinks,NumTrueNovelLinks,EvaluateOnAllUnseen,CvK,FoldID,NumFolds
1,WLNM_dir_neg,0.816326530612,0.542474489796,00:00:10,10,10,1,1171943250,threshold_sweep,0.1,0.714285714286,0.714285714286,0.714285714286,5,2,2,12,0.714285714286,0.857142857143,0.142857142857,0.285714285714,0.714285714286,0.714285714286,0.714285714286,0.809523809524,0.555555555556,0.571428571429,0.571428571429,0.571428571429,20,13,7,0,20,0,13,0,7,11,20,0.181818181818,3.04338842975,3.63636363636,2,2.5,1.68954001271,0.464623503495,0.245454545455,1.16774841624,0.642261628933,0.336363636364,1.94000937205,1.06700515463,0.536363636364,1.05689877454,0.347276990411,3.54545454545,3.04338842975,1.05689877454,3.54545454545,0.499047619048,0.4,8,0.0484848484848,0.255555555556,11,11,11,1,0,0.0909090909091,0.636363636364,0.272727272727,11,0.118181818182,3.72727272727,2.36363636364,1.3,1.625,1.43336856898,0.6064251638,0.286713286713,0.603022689156,0.510249967747,0.237762237762,1.40129809949,1.18571377649,0.503496503497,2.05382127221,0.551025219373,7,3.72727272727,2.05382127221,7,0,0,0,0,0.22962962963,11,11,11,1,0,0.0909090909091,0.636363636364,0.272727272727,11,20,0.181818181818,4.9696969697,3.63636363636,2,2,1.68954001271,0.464623503495,0.213636363636,0.981649817214,0.539907399468,0.281818181818,1.53741222957,0.845576726264,0.409090909091,1.7624646282,0.354642272748,6.20833333333,4.9696969697,1.7624646282,6.20833333333,0.366666666667,0.266666666667,4,0.0242424242424,0.21,11,11,11,1,0,0.0909090909091,0.818181818182,0.0909090909091,0,0,1.92630853994,0,0,-0.5,0,0,-0.0318181818182,-0.186098599028,-0.102354229466,-0.0545454545455,-0.402597142477,-0.221428428362,-0.127272727273,0.705565853663,0.00736528233626,2.66287878788,1.92630853994,0.705565853663,2.66287878788,-0.132380952381,-0.133333333333,-4,-0.0242424242424,-0.0455555555556,0,0.181818181818,-0.181818181818,18,2,2,88,0.9,0.977777777778,0.0222222222222,0.1,0.9,0.9,0.9,0.877777777778,0.877777777778,0.818181818182,7,7,0,0,0,0
2,WLNM_dir_neg,0.816326530612,0.542474489796,00:00:10,10,10,1,1171943250,threshold_sweep,0.2,0.714285714286,0.714285714286,0.714285714286,5,2,2,12,0.714285714286,0.857142857143,0.142857142857,0.285714285714,0.714285714286,0.714285714286,0.714285714286,0.809523809524,0.555555555556,0.571428571429,0.571428571429,0.571428571429,20,13,7,0,20,0,13,0,7,11,20,0.181818181818,3.04338842975,3.63636363636,2,2.5,1.68954001271,0.464623503495,0.245454545455,1.16774841624,0.642261628933,0.336363636364,1.94000937205,1.06700515463,0.536363636364,1.05689877454,0.347276990411,3.54545454545,3.04338842975,1.05689877454,3.54545454545,0.499047619048,0.4,8,0.0484848484848,0.255555555556,11,11,11,1,0,0.0909090909091,0.636363636364,0.272727272727,11,0.118181818182,3.72727272727,2.36363636364,1.3,1.625,1.43336856898,0.6064251638,0.286713286713,0.603022689156,0.510249967747,0.237762237762,1.40129809949,1.18571377649,0.503496503497,2.05382127221,0.551025219373,7,3.72727272727,2.05382127221,7,0,0,0,0,0.22962962963,11,11,11,1,0,0.0909090909091,0.636363636364,0.272727272727,11,20,0.181818181818,4.9696969697,3.63636363636,2,2,1.68954001271,0.464623503495,0.213636363636,0.981649817214,0.539907399468,0.281818181818,1.53741222957,0.845576726264,0.409090909091,1.7624646282,0.354642272748,6.20833333333,4.9696969697,1.7624646282,6.20833333333,0.366666666667,0.266666666667,4,0.0242424242424,0.21,11,11,11,1,0,0.0909090909091,0.818181818182,0.0909090909091,0,0,1.92630853994,0,0,-0.5,0,0,-0.0318181818182,-0.186098599028,-0.102354229466,-0.0545454545455,-0.402597142477,-0.221428428362,-0.127272727273,0.705565853663,0.00736528233626,2.66287878788,1.92630853994,0.705565853663,2.66287878788,-0.132380952381,-0.133333333333,-4,-0.0242424242424,-0.0455555555556,0,0.181818181818,-0.181818181818,18,2,2,88,0.9,0.977777777778,0.0222222222222,0.1,0.9,0.9,0.9,0.877777777778,0.877777777778,0.818181818182,7,7,0,0,0,0
3,WLNM_dir_neg,0.816326530612,0.542474489796,00:00:10,10,10,1,1171943250,threshold_sweep,0.3,0.714285714286,0.714285714286,0.714285714286,5,2,2,12,0.714285714286,0.857142857143,0.142857142857,0.285714285714,0.714285714286,0.714285714286,0.714285714286,0.809523809524,0.555555555556,0.571428571429,0.571428571429,0.571428571429,20,13,7,0,20,0,13,0,7,11,20,0.181818181818,3.04338842975,3.63636363636,2,2.5,1.68954001271,0.464623503495,0.245454545455,1.16774841624,0.642261628933,0.336363636364,1.94000937205,1.06700515463,0.536363636364,1.05689877454,0.347276990411,3.54545454545,3.04338842975,1.05689877454,3.54545454545,0.499047619048,0.4,8,0.0484848484848,0.255555555556,11,11,11,1,0,0.0909090909091,0.636363636364,0.272727272727,11,0.118181818182,3.72727272727,2.36363636364,1.3,1.625,1.43336856898,0.6064251638,0.286713286713,0.603022689156,0.510249967747,0.237762237762,1.40129809949,1.18571377649,0.503496503497,2.05382127221,0.551025219373,7,3.72727272727,2.05382127221,7,0,0,0,0,0.22962962963,11,11,11,1,0,0.0909090909091,0.636363636364,0.272727272727,11,20,0.181818181818,4.9696969697,3.63636363636,2,2,1.68954001271,0.464623503495,0.213636363636,0.981649817214,0.539907399468,0.281818181818,1.53741222957,0.845576726264,0.409090909091,1.7624646282,0.354642272748,6.20833333333,4.9696969697,1.7624646282,6.20833333333,0.366666666667,0.266666666667,4,0.0242424242424,0.21,11,11,11,1,0,0.0909090909091,0.818181818182,0.0909090909091,0,0,1.92630853994,0,0,-0.5,0,0,-0.0318181818182,-0.186098599028,-0.102354229466,-0.0545454545455,-0.402597142477,-0.221428428362,-0.127272727273,0.705565853663,0.00736528233626,2.66287878788,1.92630853994,0.705565853663,2.66287878788,-0.132380952381,-0.133333333333,-4,-0.0242424242424,-0.0455555555556,0,0.181818181818,-0.181818181818,18,2,2,88,0.9,0.977777777778,0.0222222222222,0.1,0.9,0.9,0.9,0.877777777778,0.877777777778,0.818181818182,7,7,0,0,0,0
4,WLNM_dir_neg,0.816326530612,0.542474489796,00:00:10,10,10,1,1171943250,threshold_sweep,0.4,0.714285714286,0.714285714286,0.714285714286,5,2,2,12,0.714285714286,0.857142857143,0.142857142857,0.285714285714,0.714285714286,0.714285714286,0.714285714286,0.809523809524,0.555555555556,0.571428571429,0.571428571429,0.571428571429,20,13,7,0,20,0,13,0,7,11,20,0.181818181818,3.04338842975,3.63636363636,2,2.5,1.68954001271,0.464623503495,0.245454545455,1.16774841624,0.642261628933,0.336363636364,1.94000937205,1.06700515463,0.536363636364,1.05689877454,0.347276990411,3.54545454545,3.04338842975,1.05689877454,3.54545454545,0.499047619048,0.4,8,0.0484848484848,0.255555555556,11,11,11,1,0,0.0909090909091,0.636363636364,0.272727272727,11,0.118181818182,3.72727272727,2.36363636364,1.3,1.625,1.43336856898,0.6064251638,0.286713286713,0.603022689156,0.510249967747,0.237762237762,1.40129809949,1.18571377649,0.503496503497,2.05382127221,0.551025219373,7,3.72727272727,2.05382127221,7,0,0,0,0,0.22962962963,11,11,11,1,0,0.0909090909091,0.636363636364,0.272727272727,11,20,0.181818181818,4.9696969697,3.63636363636,2,2,1.68954001271,0.464623503495,0.213636363636,0.981649817214,0.539907399468,0.281818181818,1.53741222957,0.845576726264,0.409090909091,1.7624646282,0.354642272748,6.20833333333,4.9696969697,1.7624646282,6.20833333333,0.366666666667,0.266666666667,4,0.0242424242424,0.21,11,11,11,1,0,0.0909090909091,0.818181818182,0.0909090909091,0,0,1.92630853994,0,0,-0.5,0,0,-0.0318181818182,-0.186098599028,-0.102354229466,-0.0545454545455,-0.402597142477,-0.221428428362,-0.127272727273,0.705565853663,0.00736528233626,2.66287878788,1.92630853994,0.705565853663,2.66287878788,-0.132380952381,-0.133333333333,-4,-0.0242424242424,-0.0455555555556,0,0.181818181818,-0.181818181818,18,2,2,88,0.9,0.977777777778,0.0222222222222,0.1,0.9,0.9,0.9,0.877777777778,0.877777777778,0.818181818182,7,7,0,0,0,0
5,WLNM_dir_neg,0.816326530612,0.542474489796,00:00:10,10,10,1,1171943250,threshold_sweep,0.5,0.714285714286,0.714285714286,0.714285714286,5,2,2,12,0.714285714286,0.857142857143,0.142857142857,0.285714285714,0.714285714286,0.714285714286,0.714285714286,0.809523809524,0.555555555556,0.571428571429,0.571428571429,0.571428571429,20,13,7,0,20,0,13,0,7,11,20,0.181818181818,3.04338842975,3.63636363636,2,2.5,1.68954001271,0.464623503495,0.245454545455,1.16774841624,0.642261628933,0.336363636364,1.94000937205,1.06700515463,0.536363636364,1.05689877454,0.347276990411,3.54545454545,3.04338842975,1.05689877454,3.54545454545,0.499047619048,0.4,8,0.0484848484848,0.255555555556,11,11,11,1,0,0.0909090909091,0.636363636364,0.272727272727,11,0.118181818182,3.72727272727,2.36363636364,1.3,1.625,1.43336856898,0.6064251638,0.286713286713,0.603022689156,0.510249967747,0.237762237762,1.40129809949,1.18571377649,0.503496503497,2.05382127221,0.551025219373,7,3.72727272727,2.05382127221,7,0,0,0,0,0.22962962963,11,11,11,1,0,0.0909090909091,0.636363636364,0.272727272727,11,20,0.181818181818,4.9696969697,3.63636363636,2,2,1.68954001271,0.464623503495,0.213636363636,0.981649817214,0.539907399468,0.281818181818,1.53741222957,0.845576726264,0.409090909091,1.7624646282,0.354642272748,6.20833333333,4.9696969697,1.7624646282,6.20833333333,0.366666666667,0.266666666667,4,0.0242424242424,0.21,11,11,11,1,0,0.0909090909091,0.818181818182,0.0909090909091,0,0,1.92630853994,0,0,-0.5,0,0,-0.0318181818182,-0.186098599028,-0.102354229466,-0.0545454545455,-0.402597142477,-0.221428428362,-0.127272727273,0.705565853663,0.00736528233626,2.66287878788,1.92630853994,0.705565853663,2.66287878788,-0.132380952381,-0.133333333333,-4,-0.0242424242424,-0.0455555555556,0,0.181818181818,-0.181818181818,18,2,2,88,0.9,0.977777777778,0.0222222222222,0.1,0.9,0.9,0.9,0.877777777778,0.877777777778,0.818181818182,7,7,0,0,0,0
6,WLNM_dir_neg,0.816326530612,0.542474489796,00:00:10,10,10,1,1171943250,threshold_sweep,0.6,0.714285714286,0.714285714286,0.714285714286,5,2,2,12,0.714285714286,0.857142857143,0.142857142857,0.285714285714,0.714285714286,0.714285714286,0.714285714286,0.809523809524,0.555555555556,0.571428571429,0.571428571429,0.571428571429,20,13,7,0,20,0,13,0,7,11,20,0.181818181818,3.04338842975,3.63636363636,2,2.5,1.68954001271,0.464623503495,0.245454545455,1.16774841624,0.642261628933,0.336363636364,1.94000937205,1.06700515463,0.536363636364,1.05689877454,0.347276990411,3.54545454545,3.04338842975,1.05689877454,3.54545454545,0.499047619048,0.4,8,0.0484848484848,0.255555555556,11,11,11,1,0,0.0909090909091,0.636363636364,0.272727272727,11,0.118181818182,3.72727272727,2.36363636364,1.3,1.625,1.43336856898,0.6064251638,0.286713286713,0.603022689156,0.510249967747,0.237762237762,1.40129809949,1.18571377649,0.503496503497,2.05382127221,0.551025219373,7,3.72727272727,2.05382127221,7,0,0,0,0,0.22962962963,11,11,11,1,0,0.0909090909091,0.636363636364,0.272727272727,11,20,0.181818181818,4.9696969697,3.63636363636,2,2,1.68954001271,0.464623503495,0.213636363636,0.981649817214,0.539907399468,0.281818181818,1.53741222957,0.845576726264,0.409090909091,1.7624646282,0.354642272748,6.20833333333,4.9696969697,1.7624646282,6.20833333333,0.366666666667,0.266666666667,4,0.0242424242424,0.21,11,11,11,1,0,0.0909090909091,0.818181818182,0.0909090909091,0,0,1.92630853994,0,0,-0.5,0,0,-0.0318181818182,-0.186098599028,-0.102354229466,-0.0545454545455,-0.402597142477,-0.221428428362,-0.127272727273,0.705565853663,0.00736528233626,2.66287878788,1.92630853994,0.705565853663,2.66287878788,-0.132380952381,-0.133333333333,-4,-0.0242424242424,-0.0455555555556,0,0.181818181818,-0.181818181818,18,2,2,88,0.9,0.977777777778,0.0222222222222,0.1,0.9,0.9,0.9,0.877777777778,0.877777777778,0.818181818182,7,7,0,0,0,0
7,WLNM_dir_neg,0.816326530612,0.542474489796,00:00:10,10,10,1,1171943250,threshold_sweep,0.7,0.714285714286,0.714285714286,0.714285714286,5,2,2,12,0.714285714286,0.857142857143,0.142857142857,0.285714285714,0.714285714286,0.714285714286,0.714285714286,0.809523809524,0.555555555556,0.571428571429,0.571428571429,0.571428571429,20,13,7,0,20,0,13,0,7,11,20,0.181818181818,3.04338842975,3.63636363636,2,2.5,1.68954001271,0.464623503495,0.245454545455,1.16774841624,0.642261628933,0.336363636364,1.94000937205,1.06700515463,0.536363636364,1.05689877454,0.347276990411,3.54545454545,3.04338842975,1.05689877454,3.54545454545,0.499047619048,0.4,8,0.0484848484848,0.255555555556,11,11,11,1,0,0.0909090909091,0.636363636364,0.272727272727,11,0.118181818182,3.72727272727,2.36363636364,1.3,1.625,1.43336856898,0.6064251638,0.286713286713,0.603022689156,0.510249967747,0.237762237762,1.40129809949,1.18571377649,0.503496503497,2.05382127221,0.551025219373,7,3.72727272727,2.05382127221,7,0,0,0,0,0.22962962963,11,11,11,1,0,0.0909090909091,0.636363636364,0.272727272727,11,20,0.181818181818,4.9696969697,3.63636363636,2,2,1.68954001271,0.464623503495,0.213636363636,0.981649817214,0.539907399468,0.281818181818,1.53741222957,0.845576726264,0.409090909091,1.7624646282,0.354642272748,6.20833333333,4.9696969697,1.7624646282,6.20833333333,0.366666666667,0.266666666667,4,0.0242424242424,0.21,11,11,11,1,0,0.0909090909091,0.818181818182,0.0909090909091,0,0,1.92630853994,0,0,-0.5,0,0,-0.0318181818182,-0.186098599028,-0.102354229466,-0.0545454545455,-0.402597142477,-0.221428428362,-0.127272727273,0.705565853663,0.00736528233626,2.66287878788,1.92630853994,0.705565853663,2.66287878788,-0.132380952381,-0.133333333333,-4,-0.0242424242424,-0.0455555555556,0,0.181818181818,-0.181818181818,18,2,2,88,0.9,0.977777777778,0.0222222222222,0.1,0.9,0.9,0.9,0.877777777778,0.877777777778,0.818181818182,7,7,0,0,0,0
8,WLNM_dir_neg,0.816326530612,0.542474489796,00:00:10,10,10,1,1171943250,threshold_sweep,0.8,0.714285714286,0.714285714286,0.714285714286,5,2,2,12,0.714285714286,0.857142857143,0.142857142857,0.285714285714,0.714285714286,0.714285714286,0.714285714286,0.809523809524,0.555555555556,0.571428571429,0.571428571429,0.571428571429,20,13,7,0,20,0,13,0,7,11,20,0.181818181818,3.04338842975,3.63636363636,2,2.5,1.68954001271,0.464623503495,0.245454545455,1.16774841624,0.642261628933,0.336363636364,1.94000937205,1.06700515463,0.536363636364,1.05689877454,0.347276990411,3.54545454545,3.04338842975,1.05689877454,3.54545454545,0.499047619048,0.4,8,0.0484848484848,0.255555555556,11,11,11,1,0,0.0909090909091,0.636363636364,0.272727272727,11,0.118181818182,3.72727272727,2.36363636364,1.3,1.625,1.43336856898,0.6064251638,0.286713286713,0.603022689156,0.510249967747,0.237762237762,1.40129809949,1.18571377649,0.503496503497,2.05382127221,0.551025219373,7,3.72727272727,2.05382127221,7,0,0,0,0,0.22962962963,11,11,11,1,0,0.0909090909091,0.636363636364,0.272727272727,11,20,0.181818181818,4.9696969697,3.63636363636,2,2,1.68954001271,0.464623503495,0.213636363636,0.981649817214,0.539907399468,0.281818181818,1.53741222957,0.845576726264,0.409090909091,1.7624646282,0.354642272748,6.20833333333,4.9696969697,1.7624646282,6.20833333333,0.366666666667,0.266666666667,4,0.0242424242424,0.21,11,11,11,1,0,0.0909090909091,0.818181818182,0.0909090909091,0,0,1.92630853994,0,0,-0.5,0,0,-0.0318181818182,-0.186098599028,-0.102354229466,-0.0545454545455,-0.402597142477,-0.221428428362,-0.127272727273,0.705565853663,0.00736528233626,2.66287878788,1.92630853994,0.705565853663,2.66287878788,-0.132380952381,-0.133333333333,-4,-0.0242424242424,-0.0455555555556,0,0.181818181818,-0.181818181818,18,2,2,88,0.9,0.977777777778,0.0222222222222,0.1,0.9,0.9,0.9,0.877777777778,0.877777777778,0.818181818182,7,7,0,0,0,0
9,WLNM_dir_neg,0.816326530612,0.542474489796,00:00:10,10,10,1,1171943250,threshold_sweep,0.9,0.714285714286,0.714285714286,0.714285714286,5,2,2,12,0.714285714286,0.857142857143,0.142857142857,0.285714285714,0.714285714286,0.714285714286,0.714285714286,0.809523809524,0.555555555556,0.571428571429,0.571428571429,0.571428571429,20,13,7,0,20,0,13,0,7,11,20,0.181818181818,3.04338842975,3.63636363636,2,2.5,1.68954001271,0.464623503495,0.245454545455,1.16774841624,0.642261628933,0.336363636364,1.94000937205,1.06700515463,0.536363636364,1.05689877454,0.347276990411,3.54545454545,3.04338842975,1.05689877454,3.54545454545,0.499047619048,0.4,8,0.0484848484848,0.255555555556,11,11,11,1,0,0.0909090909091,0.636363636364,0.272727272727,11,0.118181818182,3.72727272727,2.36363636364,1.3,1.625,1.43336856898,0.6064251638,0.286713286713,0.603022689156,0.510249967747,0.237762237762,1.40129809949,1.18571377649,0.503496503497,2.05382127221,0.551025219373,7,3.72727272727,2.05382127221,7,0,0,0,0,0.22962962963,11,11,11,1,0,0.0909090909091,0.636363636364,0.272727272727,11,20,0.181818181818,4.9696969697,3.63636363636,2,2,1.68954001271,0.464623503495,0.213636363636,0.981649817214,0.539907399468,0.281818181818,1.53741222957,0.845576726264,0.409090909091,1.7624646282,0.354642272748,6.20833333333,4.9696969697,1.7624646282,6.20833333333,0.366666666667,0.266666666667,4,0.0242424242424,0.21,11,11,11,1,0,0.0909090909091,0.818181818182,0.0909090909091,0,0,1.92630853994,0,0,-0.5,0,0,-0.0318181818182,-0.186098599028,-0.102354229466,-0.0545454545455,-0.402597142477,-0.221428428362,-0.127272727273,0.705565853663,0.00736528233626,2.66287878788,1.92630853994,0.705565853663,2.66287878788,-0.132380952381,-0.133333333333,-4,-0.0242424242424,-0.0455555555556,0,0.181818181818,-0.181818181818,18,2,2,88,0.9,0.977777777778,0.0222222222222,0.1,0.9,0.9,0.9,0.877777777778,0.877777777778,0.818181818182,7,7,0,0,0,0
10,WLNM_dir_neg,0.826530612245,0.567166167166,00:00:10,10,10,2,1171943251,threshold_sweep,0.1,0.8,0.571428571429,0.666666666667,4,1,3,13,0.571428571429,0.928571428571,0.0714285714286,0.428571428571,0.8,0.571428571429,0.666666666667,0.809523809524,0.587301587302,0.538461538462,0.553398590529,0.5,20,13,7,0,20,0,13,0,7,11,20,0.181818181818,3.04338842975,3.63636363636,2,2.5,1.68954001271,0.464623503495,0.245454545455,1.16774841624,0.642261628933,0.336363636364,1.94000937205,1.06700515463,0.536363636364,1.05689877454,0.347276990411,3.54545454545,3.04338842975,1.05689877454,3.54545454545,0.499047619048,0.4,8,0.0484848484848,0.255555555556,11,11,11,1,0,0.0909090909091,0.636363636364,0.272727272727,11,0.118181818182,3.72727272727,2.36363636364,1.3,1.625,1.43336856898,0.6064251638,0.286713286713,0.603022689156,0.510249967747,0.237762237762,1.40129809949,1.18571377649,0.503496503497,2.05382127221,0.551025219373,7,3.72727272727,2.05382127221,7,0,0,0,0,0.22962962963,11,11,11,1,0,0.0909090909091,0.636363636364,0.272727272727,11,18,0.163636363636,6.34090909091,3.27272727273,1.8,2.25,1.55505042304,0.475154295927,0.232323232323,0.809039834956,0.494413232473,0.242424242424,1.5666989036,0.957427107756,0.494949494949,2.31913973079,0.365742466504,8,6.34090909091,2.31913973079,8,0.364285714286,0.255319148936,4,0.0242424242424,0.201851851852,11,11,11,1,0,0.0909090909091,0.636363636364,0.272727272727,-2,-0.0181818181818,3.29752066116,-0.363636363636,-0.2,-0.25,-0.134489589674,0.0105307924324,-0.0131313131313,-0.358708581286,-0.14784839646,-0.0939393939394,-0.373310468447,-0.10957804687,-0.0414141414141,1.26224095625,0.0184654760925,4.45454545455,3.29752066116,1.26224095625,4.45454545455,-0.134761904762,-0.144680851064,-4,-0.0242424242424,-0.0537037037037,0,0,0,17,1,3,89,0.85,0.988888888889,0.0111111111111,0.15,0.944444444444,0.85,0.894736842105,0.874602125628,0.838888888889,0.809523809524,5,7,0,0,0,0
11,WLNM_dir_neg,0.826530612245,0.567166167166,00:00:10,10,10,2,1171943251,threshold_sweep,0.2,0.8,0.571428571429,0.666666666667,4,1,3,13,0.571428571429,0.928571428571,0.0714285714286,0.428571428571,0.8,0.571428571429,0.666666666667,0.809523809524,0.587301587302,0.538461538462,0.553398590529,0.5,20,13,7,0,20,0,13,0,7,11,20,0.181818181818,3.04338842975,3.63636363636,2,2.5,1.68954001271,0.464623503495,0.245454545455,1.16774841624,0.642261628933,0.336363636364,1.94000937205,1.06700515463,0.536363636364,1.05689877454,0.347276990411,3.54545454545,3.04338842975,1.05689877454,3.54545454545,0.499047619048,0.4,8,0.0484848484848,0.255555555556,11,11,11,1,0,0.0909090909091,0.636363636364,0.272727272727,11,0.118181818182,3.72727272727,2.36363636364,1.3,1.625,1.43336856898,0.6064251638,0.286713286713,0.603022689156,0.510249967747,0.237762237762,1.40129809949,1.18571377649,0.503496503497,2.05382127221,0.551025219373,7,3.72727272727,2.05382127221,7,0,0,0,0,0.22962962963,11,11,11,1,0,0.0909090909091,0.636363636364,0.272727272727,11,18,0.163636363636,6.34090909091,3.27272727273,1.8,2.25,1.55505042304,0.475154295927,0.232323232323,0.809039834956,0.494413232473,0.242424242424,1.5666989036,0.957427107756,0.494949494949,2.31913973079,0.365742466504,8,6.34090909091,2.31913973079,8,0.364285714286,0.255319148936,4,0.0242424242424,0.201851851852,11,11,11,1,0,0.0909090909091,0.636363636364,0.272727272727,-2,-0.0181818181818,3.29752066116,-0.363636363636,-0.2,-0.25,-0.134489589674,0.0105307924324,-0.0131313131313,-0.358708581286,-0.14784839646,-0.0939393939394,-0.373310468447,-0.10957804687,-0.0414141414141,1.26224095625,0.0184654760925,4.45454545455,3.29752066116,1.26224095625,4.45454545455,-0.134761904762,-0.144680851064,-4,-0.0242424242424,-0.0537037037037,0,0,0,17,1,3,89,0.85,0.988888888889,0.0111111111111,0.15,0.944444444444,0.85,0.894736842105,0.874602125628,0.838888888889,0.809523809524,5,7,0,0,0,0
12,WLNM_dir_neg,0.826530612245,0.567166167166,00:00:10,10,10,2,1171943251,threshold_sweep,0.3,0.8,0.571428571429,0.666666666667,4,1,3,13,0.571428571429,0.928571428571,0.0714285714286,0.428571428571,0.8,0.571428571429,0.666666666667,0.809523809524,0.587301587302,0.538461538462,0.553398590529,0.5,20,13,7,0,20,0,13,0,7,11,20,0.181818181818,3.04338842975,3.63636363636,2,2.5,1.68954001271,0.464623503495,0.245454545455,1.16774841624,0.642261628933,0.336363636364,1.94000937205,1.06700515463,0.536363636364,1.05689877454,0.347276990411,3.54545454545,3.04338842975,1.05689877454,3.54545454545,0.499047619048,0.4,8,0.0484848484848,0.255555555556,11,11,11,1,0,0.0909090909091,0.636363636364,0.272727272727,11,0.118181818182,3.72727272727,2.36363636364,1.3,1.625,1.43336856898,0.6064251638,0.286713286713,0.603022689156,0.510249967747,0.237762237762,1.40129809949,1.18571377649,0.503496503497,2.05382127221,0.551025219373,7,3.72727272727,2.05382127221,7,0,0,0,0,0.22962962963,11,11,11,1,0,0.0909090909091,0.636363636364,0.272727272727,11,18,0.163636363636,6.34090909091,3.27272727273,1.8,2.25,1.55505042304,0.475154295927,0.232323232323,0.809039834956,0.494413232473,0.242424242424,1.5666989036,0.957427107756,0.494949494949,2.31913973079,0.365742466504,8,6.34090909091,2.31913973079,8,0.364285714286,0.255319148936,4,0.0242424242424,0.201851851852,11,11,11,1,0,0.0909090909091,0.636363636364,0.272727272727,-2,-0.0181818181818,3.29752066116,-0.363636363636,-0.2,-0.25,-0.134489589674,0.0105307924324,-0.0131313131313,-0.358708581286,-0.14784839646,-0.0939393939394,-0.373310468447,-0.10957804687,-0.0414141414141,1.26224095625,0.0184654760925,4.45454545455,3.29752066116,1.26224095625,4.45454545455,-0.134761904762,-0.144680851064,-4,-0.0242424242424,-0.0537037037037,0,0,0,17,1,3,89,0.85,0.988888888889,0.0111111111111,0.15,0.944444444444,0.85,0.894736842105,0.874602125628,0.838888888889,0.809523809524,5,7,0,0,0,0
13,WLNM_dir_neg,0.826530612245,0.567166167166,00:00:10,10,10,2,1171943251,threshold_sweep,0.4,0.8,0.571428571429,0.666666666667,4,1,3,13,0.571428571429,0.928571428571,0.0714285714286,0.428571428571,0.8,0.571428571429,0.666666666667,0.809523809524,0.587301587302,0.538461538462,0.553398590529,0.5,20,13,7,0,20,0,13,0,7,11,20,0.181818181818,3.04338842975,3.63636363636,2,2.5,1.68954001271,0.464623503495,0.245454545455,1.16774841624,0.642261628933,0.336363636364,1.94000937205,1.06700515463,0.536363636364,1.05689877454,0.347276990411,3.54545454545,3.04338842975,1.05689877454,3.54545454545,0.499047619048,0.4,8,0.0484848484848,0.255555555556,11,11,11,1,0,0.0909090909091,0.636363636364,0.272727272727,11,0.118181818182,3.72727272727,2.36363636364,1.3,1.625,1.43336856898,0.6064251638,0.286713286713,0.603022689156,0.510249967747,0.237762237762,1.40129809949,1.18571377649,0.503496503497,2.05382127221,0.551025219373,7,3.72727272727,2.05382127221,7,0,0,0,0,0.22962962963,11,11,11,1,0,0.0909090909091,0.636363636364,0.272727272727,11,18,0.163636363636,6.34090909091,3.27272727273,1.8,2.25,1.55505042304,0.475154295927,0.232323232323,0.809039834956,0.494413232473,0.242424242424,1.5666989036,0.957427107756,0.494949494949,2.31913973079,0.365742466504,8,6.34090909091,2.31913973079,8,0.364285714286,0.255319148936,4,0.0242424242424,0.201851851852,11,11,11,1,0,0.0909090909091,0.636363636364,0.272727272727,-2,-0.0181818181818,3.29752066116,-0.363636363636,-0.2,-0.25,-0.134489589674,0.0105307924324,-0.0131313131313,-0.358708581286,-0.14784839646,-0.0939393939394,-0.373310468447,-0.10957804687,-0.0414141414141,1.26224095625,0.0184654760925,4.45454545455,3.29752066116,1.26224095625,4.45454545455,-0.134761904762,-0.144680851064,-4,-0.0242424242424,-0.0537037037037,0,0,0,17,1,3,89,0.85,0.988888888889,0.0111111111111,0.15,0.944444444444,0.85,0.894736842105,0.874602125628,0.838888888889,0.809523809524,5,7,0,0,0,0
14,WLNM_dir_neg,0.826530612245,0.567166167166,00:00:10,10,10,2,1171943251,threshold_sweep,0.5,0.75,0.428571428571,0.545454545455,3,1,4,13,0.428571428571,0.928571428571,0.0714285714286,0.571428571429,0.75,0.428571428571,0.545454545455,0.761904761905,0.603174603175,0.4,0.428746462856,0.357142857143,20,13,7,0,20,0,13,0,7,11,20,0.181818181818,3.04338842975,3.63636363636,2,2.5,1.68954001271,0.464623503495,0.245454545455,1.16774841624,0.642261628933,0.336363636364,1.94000937205,1.06700515463,0.536363636364,1.05689877454,0.347276990411,3.54545454545,3.04338842975,1.05689877454,3.54545454545,0.499047619048,0.4,8,0.0484848484848,0.255555555556,11,11,11,1,0,0.0909090909091,0.636363636364,0.272727272727,11,0.118181818182,3.72727272727,2.36363636364,1.3,1.625,1.43336856898,0.6064251638,0.286713286713,0.603022689156,0.510249967747,0.237762237762,1.40129809949,1.18571377649,0.503496503497,2.05382127221,0.551025219373,7,3.72727272727,2.05382127221,7,0,0,0,0,0.22962962963,11,11,11,1,0,0.0909090909091,0.636363636364,0.272727272727,11,17,0.154545454545,6.69696969697,3.09090909091,1.7,2.125,1.51357493733,0.489686009136,0.219251336898,0.687551650952,0.444886362381,0.20320855615,1.50755672289,0.975477879516,0.491978609626,2.54057974772,0.379362586764,9,6.69696969697,2.54057974772,9,0.280952380952,0.214285714286,3,0.0181818181818,0.192592592593,11,11,11,1,0,0.0909090909091,0.636363636364,0.272727272727,-3,-0.0272727272727,3.65358126722,-0.545454545455,-0.3,-0.375,-0.175965075381,0.0250625056407,-0.0262032085561,-0.48019676529,-0.197375266552,-0.133155080214,-0.43245264916,-0.0915272751104,-0.044385026738,1.48368097319,0.0320855963529,5.45454545455,3.65358126722,1.48368097319,5.45454545455,-0.218095238095,-0.185714285714,-5,-0.030303030303,-0.062962962963,0,0,0,16,1,4,89,0.8,0.988888888889,0.0111111111111,0.2,0.941176470588,0.8,0.864864864865,0.841755876268,0.788888888889,0.761904761905,4,7,0,0,0,0
15,WLNM_dir_neg,0.826530612245,0.567166167166,00:00:10,10,10,2,1171943251,threshold_sweep,0.6,0.75,0.428571428571,0.545454545455,3,1,4,13,0.428571428571,0.928571428571,0.0714285714286,0.571428571429,0.75,0.428571428571,0.545454545455,0.761904761905,0.603174603175,0.4,0.428746462856,0.357142857143,20,13,7,0,20,0,13,0,7,11,20,0.181818181818,3.04338842975,3.63636363636,2,2.5,1.68954001271,0.464623503495,0.245454545455,1.16774841624,0.642261628933,0.336363636364,1.94000937205,1.06700515463,0.536363636364,1.05689877454,0.347276990411,3.54545454545,3.04338842975,1.05689877454,3.54545454545,0.499047619048,0.4,8,0.0484848484848,0.255555555556,11,11,11,1,0,0.0909090909091,0.636363636364,0.272727272727,11,0.118181818182,3.72727272727,2.36363636364,1.3,1.625,1.43336856898,0.6064251638,0.286713286713,0.603022689156,0.510249967747,0.237762237762,1.40129809949,1.18571377649,0.503496503497,2.05382127221,0.551025219373,7,3.72727272727,2.05382127221,7,0,0,0,0,0.22962962963,11,11,11,1,0,0.0909090909091,0.636363636364,0.272727272727,11,17,0.154545454545,6.69696969697,3.09090909091,1.7,2.125,1.51357493733,0.489686009136,0.219251336898,0.687551650952,0.444886362381,0.20320855615,1.50755672289,0.975477879516,0.491978609626,2.54057974772,0.379362586764,9,6.69696969697,2.54057974772,9,0.280952380952,0.214285714286,3,0.0181818181818,0.192592592593,11,11,11,1,0,0.0909090909091,0.636363636364,0.272727272727,-3,-0.0272727272727,3.65358126722,-0.545454545455,-0.3,-0.375,-0.175965075381,0.0250625056407,-0.0262032085561,-0.48019676529,-0.197375266552,-0.133155080214,-0.43245264916,-0.0915272751104,-0.044385026738,1.48368097319,0.0320855963529,5.45454545455,3.65358126722,1.48368097319,5.45454545455,-0.218095238095,-0.185714285714,-5,-0.030303030303,-0.062962962963,0,0,0,16,1,4,89,0.8,0.988888888889,0.0111111111111,0.2,0.941176470588,0.8,0.864864864865,0.841755876268,0.788888888889,0.761904761905,4,7,0,0,0,0
16,WLNM_dir_neg,0.826530612245,0.567166167166,00:00:10,10,10,2,1171943251,threshold_sweep,0.7,0.75,0.428571428571,0.545454545455,3,1,4,13,0.428571428571,0.928571428571,0.0714285714286,0.571428571429,0.75,0.428571428571,0.545454545455,0.761904761905,0.603174603175,0.4,0.428746462856,0.357142857143,20,13,7,0,20,0,13,0,7,11,20,0.181818181818,3.04338842975,3.63636363636,2,2.5,1.68954001271,0.464623503495,0.245454545455,1.16774841624,0.642261628933,0.336363636364,1.94000937205,1.06700515463,0.536363636364,1.05689877454,0.347276990411,3.54545454545,3.04338842975,1.05689877454,3.54545454545,0.499047619048,0.4,8,0.0484848484848,0.255555555556,11,11,11,1,0,0.0909090909091,0.636363636364,0.272727272727,11,0.118181818182,3.72727272727,2.36363636364,1.3,1.625,1.43336856898,0.6064251638,0.286713286713,0.603022689156,0.510249967747,0.237762237762,1.40129809949,1.18571377649,0.503496503497,2.05382127221,0.551025219373,7,3.72727272727,2.05382127221,7,0,0,0,0,0.22962962963,11,11,11,1,0,0.0909090909091,0.636363636364,0.272727272727,11,17,0.154545454545,6.69696969697,3.09090909091,1.7,2.125,1.51357493733,0.489686009136,0.219251336898,0.687551650952,0.444886362381,0.20320855615,1.50755672289,0.975477879516,0.491978609626,2.54057974772,0.379362586764,9,6.69696969697,2.54057974772,9,0.280952380952,0.214285714286,3,0.0181818181818,0.192592592593,11,11,11,1,0,0.0909090909091,0.636363636364,0.272727272727,-3,-0.0272727272727,3.65358126722,-0.545454545455,-0.3,-0.375,-0.175965075381,0.0250625056407,-0.0262032085561,-0.48019676529,-0.197375266552,-0.133155080214,-0.43245264916,-0.0915272751104,-0.044385026738,1.48368097319,0.0320855963529,5.45454545455,3.65358126722,1.48368097319,5.45454545455,-0.218095238095,-0.185714285714,-5,-0.030303030303,-0.062962962963,0,0,0,16,1,4,89,0.8,0.988888888889,0.0111111111111,0.2,0.941176470588,0.8,0.864864864865,0.841755876268,0.788888888889,0.761904761905,4,7,0,0,0,0
17,WLNM_dir_neg,0.826530612245,0.567166167166,00:00:10,10,10,2,1171943251,threshold_sweep,0.8,0.666666666667,0.285714285714,0.4,2,1,5,13,0.285714285714,0.928571428571,0.0714285714286,0.714285714286,0.666666666667,0.285714285714,0.4,0.714285714286,0.619047619048,0.25,0.288675134595,0.214285714286,20,13,7,0,20,0,13,0,7,11,20,0.181818181818,3.04338842975,3.63636363636,2,2.5,1.68954001271,0.464623503495,0.245454545455,1.16774841624,0.642261628933,0.336363636364,1.94000937205,1.06700515463,0.536363636364,1.05689877454,0.347276990411,3.54545454545,3.04338842975,1.05689877454,3.54545454545,0.499047619048,0.4,8,0.0484848484848,0.255555555556,11,11,11,1,0,0.0909090909091,0.636363636364,0.272727272727,11,0.118181818182,3.72727272727,2.36363636364,1.3,1.625,1.43336856898,0.6064251638,0.286713286713,0.603022689156,0.510249967747,0.237762237762,1.40129809949,1.18571377649,0.503496503497,2.05382127221,0.551025219373,7,3.72727272727,2.05382127221,7,0,0,0,0,0.22962962963,11,11,11,1,0,0.0909090909091,0.636363636364,0.272727272727,11,16,0.145454545455,9.18181818182,2.90909090909,1.6,2,1.51357493733,0.520291384707,0.221590909091,0.687551650952,0.47269176003,0.227272727273,1.50755672289,1.03644524699,0.511363636364,3.86828597232,0.421298472233,14,9.18181818182,3.86828597232,14,0.209523809524,0.157894736842,2,0.0121212121212,0.185185185185,11,11,11,1,0,0.0909090909091,0.636363636364,0.272727272727,-4,-0.0363636363636,6.13842975207,-0.727272727273,-0.4,-0.5,-0.175965075381,0.0556678812117,-0.0238636363636,-0.48019676529,-0.169569868904,-0.109090909091,-0.43245264916,-0.0305599076407,-0.025,2.81138719778,0.0740214818214,10.4545454545,6.13842975207,2.81138719778,10.4545454545,-0.289523809524,-0.242105263158,-6,-0.0363636363636,-0.0703703703704,0,0,0,15,1,5,89,0.75,0.988888888889,0.0111111111111,0.25,0.9375,0.75,0.833333333333,0.808335161217,0.738888888889,0.714285714286,3,7,0,0,0,0
18,WLNM_dir_neg,0.826530612245,0.567166167166,00:00:10,10,10,2,1171943251,threshold_sweep,0.9,0.666666666667,0.285714285714,0.4,2,1,5,13,0.285714285714,0.928571428571,0.0714285714286,0.714285714286,0.666666666667,0.285714285714,0.4,0.714285714286,0.619047619048,0.25,0.288675134595,0.214285714286,20,13,7,0,20,0,13,0,7,11,20,0.181818181818,3.04338842975,3.63636363636,2,2.5,1.68954001271,0.464623503495,0.245454545455,1.16774841624,0.642261628933,0.336363636364,1.94000937205,1.06700515463,0.536363636364,1.05689877454,0.347276990411,3.54545454545,3.04338842975,1.05689877454,3.54545454545,0.499047619048,0.4,8,0.0484848484848,0.255555555556,11,11,11,1,0,0.0909090909091,0.636363636364,0.272727272727,11,0.118181818182,3.72727272727,2.36363636364,1.3,1.625,1.43336856898,0.6064251638,0.286713286713,0.603022689156,0.510249967747,0.237762237762,1.40129809949,1.18571377649,0.503496503497,2.05382127221,0.551025219373,7,3.72727272727,2.05382127221,7,0,0,0,0,0.22962962963,11,11,11,1,0,0.0909090909091,0.636363636364,0.272727272727,11,16,0.145454545455,9.18181818182,2.90909090909,1.6,2,1.51357493733,0.520291384707,0.221590909091,0.687551650952,0.47269176003,0.227272727273,1.50755672289,1.03644524699,0.511363636364,3.86828597232,0.421298472233,14,9.18181818182,3.86828597232,14,0.209523809524,0.157894736842,2,0.0121212121212,0.185185185185,11,11,11,1,0,0.0909090909091,0.636363636364,0.272727272727,-4,-0.0363636363636,6.13842975207,-0.727272727273,-0.4,-0.5,-0.175965075381,0.0556678812117,-0.0238636363636,-0.48019676529,-0.169569868904,-0.109090909091,-0.43245264916,-0.0305599076407,-0.025,2.81138719778,0.0740214818214,10.4545454545,6.13842975207,2.81138719778,10.4545454545,-0.289523809524,-0.242105263158,-6,-0.0363636363636,-0.0703703703704,0,0,0,15,1,5,89,0.75,0.988888888889,0.0111111111111,0.25,0.9375,0.75,0.833333333333,0.808335161217,0.738888888889,0.714285714286,3,7,0,0,0,0
19,WLNM_dir_neg,0.908163265306,0.744701726845,00:00:10,10,10,3,1171943252,threshold_sweep,0.1,1,0.714285714286,0.833333333333,5,0,2,14,0.714285714286,1,0,0.285714285714,1,0.714285714286,0.833333333333,0.904761904762,0.587301587302,0.769230769231,0.790569415042,0.714285714286,20,13,7,0,20,0,13,0,7,11,20,0.181818181818,3.04338842975,3.63636363636,2,2.5,1.68954001271,0.464623503495,0.245454545455,1.16774841624,0.642261628933,0.336363636364,1.94000937205,1.06700515463,0.536363636364,1.05689877454,0.347276990411,3.54545454545,3.04338842975,1.05689877454,3.54545454545,0.499047619048,0.4,8,0.0484848484848,0.255555555556,11,11,11,1,0,0.0909090909091,0.636363636364,0.272727272727,11,0.118181818182,3.72727272727,2.36363636364,1.3,1.625,1.43336856898,0.6064251638,0.286713286713,0.603022689156,0.510249967747,0.237762237762,1.40129809949,1.18571377649,0.503496503497,2.05382127221,0.551025219373,7,3.72727272727,2.05382127221,7,0,0,0,0,0.22962962963,11,11,11,1,0,0.0909090909091,0.636363636364,0.272727272727,11,18,0.163636363636,3.11363636364,3.27272727273,1.8,2.25,1.42062726223,0.434080552347,0.227272727273,0.924416277737,0.564921058617,0.292929292929,1.68954001271,1.03249667443,0.525252525253,1.14353419474,0.367266456706,3.875,3.11363636364,1.14353419474,3.875,0.366666666667,0.266666666667,4,0.0242424242424,0.221111111111,11,11,11,1,0,0.0909090909091,0.636363636364,0.272727272727,-2,-0.0181818181818,0.0702479338843,-0.363636363636,-0.2,-0.25,-0.268912750482,-0.030542951148,-0.0181818181818,-0.243332138505,-0.0773405703161,-0.0434343434343,-0.250469359339,-0.0345084801933,-0.0111111111111,0.0866354202056,0.0199894662943,0.329545454545,0.0702479338843,0.0866354202056,0.329545454545,-0.132380952381,-0.133333333333,-4,-0.0242424242424,-0.0344444444444,0,0,0,18,0,2,90,0.9,1,0,0.1,1,0.9,0.947368421053,0.938314863257,0.9,0.9,5,7,0,0,0,0
20,WLNM_dir_neg,0.908163265306,0.744701726845,00:00:10,10,10,3,1171943252,threshold_sweep,0.2,1,0.714285714286,0.833333333333,5,0,2,14,0.714285714286,1,0,0.285714285714,1,0.714285714286,0.833333333333,0.904761904762,0.587301587302,0.769230769231,0.790569415042,0.714285714286,20,13,7,0,20,0,13,0,7,11,20,0.181818181818,3.04338842975,3.63636363636,2,2.5,1.68954001271,0.464623503495,0.245454545455,1.16774841624,0.642261628933,0.336363636364,1.94000937205,1.06700515463,0.536363636364,1.05689877454,0.347276990411,3.54545454545,3.04338842975,1.05689877454,3.54545454545,0.499047619048,0.4,8,0.0484848484848,0.255555555556,11,11,11,1,0,0.0909090909091,0.636363636364,0.272727272727,11,0.118181818182,3.72727272727,2.36363636364,1.3,1.625,1.43336856898,0.6064251638,0.286713286713,0.603022689156,0.510249967747,0.237762237762,1.40129809949,1.18571377649,0.503496503497,2.05382127221,0.551025219373,7,3.72727272727,2.05382127221,7,0,0,0,0,0.22962962963,11,11,11,1,0,0.0909090909091,0.636363636364,0.272727272727,11,18,0.163636363636,3.11363636364,3.27272727273,1.8,2.25,1.42062726223,0.434080552347,0.227272727273,0.924416277737,0.564921058617,0.292929292929,1.68954001271,1.03249667443,0.525252525253,1.14353419474,0.367266456706,3.875,3.11363636364,1.14353419474,3.875,0.366666666667,0.266666666667,4,0.0242424242424,0.221111111111,11,11,11,1,0,0.0909090909091,0.636363636364,0.272727272727,-2,-0.0181818181818,0.0702479338843,-0.363636363636,-0.2,-0.25,-0.268912750482,-0.030542951148,-0.0181818181818,-0.243332138505,-0.0773405703161,-0.0434343434343,-0.250469359339,-0.0345084801933,-0.0111111111111,0.0866354202056,0.0199894662943,0.329545454545,0.0702479338843,0.0866354202056,0.329545454545,-0.132380952381,-0.133333333333,-4,-0.0242424242424,-0.0344444444444,0,0,0,18,0,2,90,0.9,1,0,0.1,1,0.9,0.947368421053,0.938314863257,0.9,0.9,5,7,0,0,0,0
21,WLNM_dir_neg,0.908163265306,0.744701726845,00:00:10,10,10,3,1171943252,threshold_sweep,0.3,1,0.714285714286,0.833333333333,5,0,2,14,0.714285714286,1,0,0.285714285714,1,0.714285714286,0.833333333333,0.904761904762,0.587301587302,0.769230769231,0.790569415042,0.714285714286,20,13,7,0,20,0,13,0,7,11,20,0.181818181818,3.04338842975,3.63636363636,2,2.5,1.68954001271,0.464623503495,0.245454545455,1.16774841624,0.642261628933,0.336363636364,1.94000937205,1.06700515463,0.536363636364,1.05689877454,0.347276990411,3.54545454545,3.04338842975,1.05689877454,3.54545454545,0.499047619048,0.4,8,0.0484848484848,0.255555555556,11,11,11,1,0,0.0909090909091,0.636363636364,0.272727272727,11,0.118181818182,3.72727272727,2.36363636364,1.3,1.625,1.43336856898,0.6064251638,0.286713286713,0.603022689156,0.510249967747,0.237762237762,1.40129809949,1.18571377649,0.503496503497,2.05382127221,0.551025219373,7,3.72727272727,2.05382127221,7,0,0,0,0,0.22962962963,11,11,11,1,0,0.0909090909091,0.636363636364,0.272727272727,11,18,0.163636363636,3.11363636364,3.27272727273,1.8,2.25,1.42062726223,0.434080552347,0.227272727273,0.924416277737,0.564921058617,0.292929292929,1.68954001271,1.03249667443,0.525252525253,1.14353419474,0.367266456706,3.875,3.11363636364,1.14353419474,3.875,0.366666666667,0.266666666667,4,0.0242424242424,0.221111111111,11,11,11,1,0,0.0909090909091,0.636363636364,0.272727272727,-2,-0.0181818181818,0.0702479338843,-0.363636363636,-0.2,-0.25,-0.268912750482,-0.030542951148,-0.0181818181818,-0.243332138505,-0.0773405703161,-0.0434343434343,-0.250469359339,-0.0345084801933,-0.0111111111111,0.0866354202056,0.0199894662943,0.329545454545,0.0702479338843,0.0866354202056,0.329545454545,-0.132380952381,-0.133333333333,-4,-0.0242424242424,-0.0344444444444,0,0,0,18,0,2,90,0.9,1,0,0.1,1,0.9,0.947368421053,0.938314863257,0.9,0.9,5,7,0,0,0,0
22,WLNM_dir_neg,0.908163265306,0.744701726845,00:00:10,10,10,3,1171943252,threshold_sweep,0.4,1,0.714285714286,0.833333333333,5,0,2,14,0.714285714286,1,0,0.285714285714,1,0.714285714286,0.833333333333,0.904761904762,0.587301587302,0.769230769231,0.790569415042,0.714285714286,20,13,7,0,20,0,13,0,7,11,20,0.181818181818,3.04338842975,3.63636363636,2,2.5,1.68954001271,0.464623503495,0.245454545455,1.16774841624,0.642261628933,0.336363636364,1.94000937205,1.06700515463,0.536363636364,1.05689877454,0.347276990411,3.54545454545,3.04338842975,1.05689877454,3.54545454545,0.499047619048,0.4,8,0.0484848484848,0.255555555556,11,11,11,1,0,0.0909090909091,0.636363636364,0.272727272727,11,0.118181818182,3.72727272727,2.36363636364,1.3,1.625,1.43336856898,0.6064251638,0.286713286713,0.603022689156,0.510249967747,0.237762237762,1.40129809949,1.18571377649,0.503496503497,2.05382127221,0.551025219373,7,3.72727272727,2.05382127221,7,0,0,0,0,0.22962962963,11,11,11,1,0,0.0909090909091,0.636363636364,0.272727272727,11,18,0.163636363636,3.11363636364,3.27272727273,1.8,2.25,1.42062726223,0.434080552347,0.227272727273,0.924416277737,0.564921058617,0.292929292929,1.68954001271,1.03249667443,0.525252525253,1.14353419474,0.367266456706,3.875,3.11363636364,1.14353419474,3.875,0.366666666667,0.266666666667,4,0.0242424242424,0.221111111111,11,11,11,1,0,0.0909090909091,0.636363636364,0.272727272727,-2,-0.0181818181818,0.0702479338843,-0.363636363636,-0.2,-0.25,-0.268912750482,-0.030542951148,-0.0181818181818,-0.243332138505,-0.0773405703161,-0.0434343434343,-0.250469359339,-0.0345084801933,-0.0111111111111,0.0866354202056,0.0199894662943,0.329545454545,0.0702479338843,0.0866354202056,0.329545454545,-0.132380952381,-0.133333333333,-4,-0.0242424242424,-0.0344444444444,0,0,0,18,0,2,90,0.9,1,0,0.1,1,0.9,0.947368421053,0.938314863257,0.9,0.9,5,7,0,0,0,0
23,WLNM_dir_neg,0.908163265306,0.744701726845,00:00:10,10,10,3,1171943252,threshold_sweep,0.5,1,0.714285714286,0.833333333333,5,0,2,14,0.714285714286,1,0,0.285714285714,1,0.714285714286,0.833333333333,0.904761904762,0.587301587302,0.769230769231,0.790569415042,0.714285714286,20,13,7,0,20,0,13,0,7,11,20,0.181818181818,3.04338842975,3.63636363636,2,2.5,1.68954001271,0.464623503495,0.245454545455,1.16774841624,0.642261628933,0.336363636364,1.94000937205,1.06700515463,0.536363636364,1.05689877454,0.347276990411,3.54545454545,3.04338842975,1.05689877454,3.54545454545,0.499047619048,0.4,8,0.0484848484848,0.255555555556,11,11,11,1,0,0.0909090909091,0.636363636364,0.272727272727,11,0.118181818182,3.72727272727,2.36363636364,1.3,1.625,1.43336856898,0.6064251638,0.286713286713,0.603022689156,0.510249967747,0.237762237762,1.40129809949,1.18571377649,0.503496503497,2.05382127221,0.551025219373,7,3.72727272727,2.05382127221,7,0,0,0,0,0.22962962963,11,11,11,1,0,0.0909090909091,0.636363636364,0.272727272727,11,18,0.163636363636,3.11363636364,3.27272727273,1.8,2.25,1.42062726223,0.434080552347,0.227272727273,0.924416277737,0.564921058617,0.292929292929,1.68954001271,1.03249667443,0.525252525253,1.14353419474,0.367266456706,3.875,3.11363636364,1.14353419474,3.875,0.366666666667,0.266666666667,4,0.0242424242424,0.221111111111,11,11,11,1,0,0.0909090909091,0.636363636364,0.272727272727,-2,-0.0181818181818,0.0702479338843,-0.363636363636,-0.2,-0.25,-0.268912750482,-0.030542951148,-0.0181818181818,-0.243332138505,-0.0773405703161,-0.0434343434343,-0.250469359339,-0.0345084801933,-0.0111111111111,0.0866354202056,0.0199894662943,0.329545454545,0.0702479338843,0.0866354202056,0.329545454545,-0.132380952381,-0.133333333333,-4,-0.0242424242424,-0.0344444444444,0,0,0,18,0,2,90,0.9,1,0,0.1,1,0.9,0.947368421053,0.938314863257,0.9,0.9,5,7,0,0,0,0
24,WLNM_dir_neg,0.908163265306,0.744701726845,00:00:10,10,10,3,1171943252,threshold_sweep,0.6,1,0.714285714286,0.833333333333,5,0,2,14,0.714285714286,1,0,0.285714285714,1,0.714285714286,0.833333333333,0.904761904762,0.587301587302,0.769230769231,0.790569415042,0.714285714286,20,13,7,0,20,0,13,0,7,11,20,0.181818181818,3.04338842975,3.63636363636,2,2.5,1.68954001271,0.464623503495,0.245454545455,1.16774841624,0.642261628933,0.336363636364,1.94000937205,1.06700515463,0.536363636364,1.05689877454,0.347276990411,3.54545454545,3.04338842975,1.05689877454,3.54545454545,0.499047619048,0.4,8,0.0484848484848,0.255555555556,11,11,11,1,0,0.0909090909091,0.636363636364,0.272727272727,11,0.118181818182,3.72727272727,2.36363636364,1.3,1.625,1.43336856898,0.6064251638,0.286713286713,0.603022689156,0.510249967747,0.237762237762,1.40129809949,1.18571377649,0.503496503497,2.05382127221,0.551025219373,7,3.72727272727,2.05382127221,7,0,0,0,0,0.22962962963,11,11,11,1,0,0.0909090909091,0.636363636364,0.272727272727,11,18,0.163636363636,3.11363636364,3.27272727273,1.8,2.25,1.42062726223,0.434080552347,0.227272727273,0.924416277737,0.564921058617,0.292929292929,1.68954001271,1.03249667443,0.525252525253,1.14353419474,0.367266456706,3.875,3.11363636364,1.14353419474,3.875,0.366666666667,0.266666666667,4,0.0242424242424,0.221111111111,11,11,11,1,0,0.0909090909091,0.636363636364,0.272727272727,-2,-0.0181818181818,0.0702479338843,-0.363636363636,-0.2,-0.25,-0.268912750482,-0.030542951148,-0.0181818181818,-0.243332138505,-0.0773405703161,-0.0434343434343,-0.250469359339,-0.0345084801933,-0.0111111111111,0.0866354202056,0.0199894662943,0.329545454545,0.0702479338843,0.0866354202056,0.329545454545,-0.132380952381,-0.133333333333,-4,-0.0242424242424,-0.0344444444444,0,0,0,18,0,2,90,0.9,1,0,0.1,1,0.9,0.947368421053,0.938314863257,0.9,0.9,5,7,0,0,0,0
25,WLNM_dir_neg,0.908163265306,0.744701726845,00:00:10,10,10,3,1171943252,threshold_sweep,0.7,1,0.714285714286,0.833333333333,5,0,2,14,0.714285714286,1,0,0.285714285714,1,0.714285714286,0.833333333333,0.904761904762,0.587301587302,0.769230769231,0.790569415042,0.714285714286,20,13,7,0,20,0,13,0,7,11,20,0.181818181818,3.04338842975,3.63636363636,2,2.5,1.68954001271,0.464623503495,0.245454545455,1.16774841624,0.642261628933,0.336363636364,1.94000937205,1.06700515463,0.536363636364,1.05689877454,0.347276990411,3.54545454545,3.04338842975,1.05689877454,3.54545454545,0.499047619048,0.4,8,0.0484848484848,0.255555555556,11,11,11,1,0,0.0909090909091,0.636363636364,0.272727272727,11,0.118181818182,3.72727272727,2.36363636364,1.3,1.625,1.43336856898,0.6064251638,0.286713286713,0.603022689156,0.510249967747,0.237762237762,1.40129809949,1.18571377649,0.503496503497,2.05382127221,0.551025219373,7,3.72727272727,2.05382127221,7,0,0,0,0,0.22962962963,11,11,11,1,0,0.0909090909091,0.636363636364,0.272727272727,11,18,0.163636363636,3.11363636364,3.27272727273,1.8,2.25,1.42062726223,0.434080552347,0.227272727273,0.924416277737,0.564921058617,0.292929292929,1.68954001271,1.03249667443,0.525252525253,1.14353419474,0.367266456706,3.875,3.11363636364,1.14353419474,3.875,0.366666666667,0.266666666667,4,0.0242424242424,0.221111111111,11,11,11,1,0,0.0909090909091,0.636363636364,0.272727272727,-2,-0.0181818181818,0.0702479338843,-0.363636363636,-0.2,-0.25,-0.268912750482,-0.030542951148,-0.0181818181818,-0.243332138505,-0.0773405703161,-0.0434343434343,-0.250469359339,-0.0345084801933,-0.0111111111111,0.0866354202056,0.0199894662943,0.329545454545,0.0702479338843,0.0866354202056,0.329545454545,-0.132380952381,-0.133333333333,-4,-0.0242424242424,-0.0344444444444,0,0,0,18,0,2,90,0.9,1,0,0.1,1,0.9,0.947368421053,0.938314863257,0.9,0.9,5,7,0,0,0,0
26,WLNM_dir_neg,0.908163265306,0.744701726845,00:00:10,10,10,3,1171943252,threshold_sweep,0.8,1,0.714285714286,0.833333333333,5,0,2,14,0.714285714286,1,0,0.285714285714,1,0.714285714286,0.833333333333,0.904761904762,0.587301587302,0.769230769231,0.790569415042,0.714285714286,20,13,7,0,20,0,13,0,7,11,20,0.181818181818,3.04338842975,3.63636363636,2,2.5,1.68954001271,0.464623503495,0.245454545455,1.16774841624,0.642261628933,0.336363636364,1.94000937205,1.06700515463,0.536363636364,1.05689877454,0.347276990411,3.54545454545,3.04338842975,1.05689877454,3.54545454545,0.499047619048,0.4,8,0.0484848484848,0.255555555556,11,11,11,1,0,0.0909090909091,0.636363636364,0.272727272727,11,0.118181818182,3.72727272727,2.36363636364,1.3,1.625,1.43336856898,0.6064251638,0.286713286713,0.603022689156,0.510249967747,0.237762237762,1.40129809949,1.18571377649,0.503496503497,2.05382127221,0.551025219373,7,3.72727272727,2.05382127221,7,0,0,0,0,0.22962962963,11,11,11,1,0,0.0909090909091,0.636363636364,0.272727272727,11,18,0.163636363636,3.11363636364,3.27272727273,1.8,2.25,1.42062726223,0.434080552347,0.227272727273,0.924416277737,0.564921058617,0.292929292929,1.68954001271,1.03249667443,0.525252525253,1.14353419474,0.367266456706,3.875,3.11363636364,1.14353419474,3.875,0.366666666667,0.266666666667,4,0.0242424242424,0.221111111111,11,11,11,1,0,0.0909090909091,0.636363636364,0.272727272727,-2,-0.0181818181818,0.0702479338843,-0.363636363636,-0.2,-0.25,-0.268912750482,-0.030542951148,-0.0181818181818,-0.243332138505,-0.0773405703161,-0.0434343434343,-0.250469359339,-0.0345084801933,-0.0111111111111,0.0866354202056,0.0199894662943,0.329545454545,0.0702479338843,0.0866354202056,0.329545454545,-0.132380952381,-0.133333333333,-4,-0.0242424242424,-0.0344444444444,0,0,0,18,0,2,90,0.9,1,0,0.1,1,0.9,0.947368421053,0.938314863257,0.9,0.9,5,7,0,0,0,0
27,WLNM_dir_neg,0.908163265306,0.744701726845,00:00:10,10,10,3,1171943252,threshold_sweep,0.9,1,0.714285714286,0.833333333333,5,0,2,14,0.714285714286,1,0,0.285714285714,1,0.714285714286,0.833333333333,0.904761904762,0.587301587302,0.769230769231,0.790569415042,0.714285714286,20,13,7,0,20,0,13,0,7,11,20,0.181818181818,3.04338842975,3.63636363636,2,2.5,1.68954001271,0.464623503495,0.245454545455,1.16774841624,0.642261628933,0.336363636364,1.94000937205,1.06700515463,0.536363636364,1.05689877454,0.347276990411,3.54545454545,3.04338842975,1.05689877454,3.54545454545,0.499047619048,0.4,8,0.0484848484848,0.255555555556,11,11,11,1,0,0.0909090909091,0.636363636364,0.272727272727,11,0.118181818182,3.72727272727,2.36363636364,1.3,1.625,1.43336856898,0.6064251638,0.286713286713,0.603022689156,0.510249967747,0.237762237762,1.40129809949,1.18571377649,0.503496503497,2.05382127221,0.551025219373,7,3.72727272727,2.05382127221,7,0,0,0,0,0.22962962963,11,11,11,1,0,0.0909090909091,0.636363636364,0.272727272727,11,18,0.163636363636,3.11363636364,3.27272727273,1.8,2.25,1.42062726223,0.434080552347,0.227272727273,0.924416277737,0.564921058617,0.292929292929,1.68954001271,1.03249667443,0.525252525253,1.14353419474,0.367266456706,3.875,3.11363636364,1.14353419474,3.875,0.366666666667,0.266666666667,4,0.0242424242424,0.221111111111,11,11,11,1,0,0.0909090909091,0.636363636364,0.272727272727,-2,-0.0181818181818,0.0702479338843,-0.363636363636,-0.2,-0.25,-0.268912750482,-0.030542951148,-0.0181818181818,-0.243332138505,-0.0773405703161,-0.0434343434343,-0.250469359339,-0.0345084801933,-0.0111111111111,0.0866354202056,0.0199894662943,0.329545454545,0.0702479338843,0.0866354202056,0.329545454545,-0.132380952381,-0.133333333333,-4,-0.0242424242424,-0.0344444444444,0,0,0,18,0,2,90,0.9,1,0,0.1,1,0.9,0.947368421053,0.938314863257,0.9,0.9,5,7,0,0,0,0
28,WLNM_dir_neg,0.816326530612,0.560672660673,00:00:10,10,10,4,1171943253,threshold_sweep,0.1,0.833333333333,0.714285714286,0.769230769231,5,1,2,13,0.714285714286,0.928571428571,0.0714285714286,0.285714285714,0.833333333333,0.714285714286,0.769230769231,0.857142857143,0.571428571429,0.666666666667,0.67082039325,0.642857142857,20,13,7,0,20,0,13,0,7,11,20,0.181818181818,3.04338842975,3.63636363636,2,2.5,1.68954001271,0.464623503495,0.245454545455,1.16774841624,0.642261628933,0.336363636364,1.94000937205,1.06700515463,0.536363636364,1.05689877454,0.347276990411,3.54545454545,3.04338842975,1.05689877454,3.54545454545,0.499047619048,0.4,8,0.0484848484848,0.255555555556,11,11,11,1,0,0.0909090909091,0.636363636364,0.272727272727,11,0.118181818182,3.72727272727,2.36363636364,1.3,1.625,1.43336856898,0.6064251638,0.286713286713,0.603022689156,0.510249967747,0.237762237762,1.40129809949,1.18571377649,0.503496503497,2.05382127221,0.551025219373,7,3.72727272727,2.05382127221,7,0,0,0,0,0.22962962963,11,11,11,1,0,0.0909090909091,0.636363636364,0.272727272727,11,19,0.172727272727,5.99715909091,3.45454545455,1.9,2.375,1.69491217257,0.490632471007,0.253588516746,0.904534033733,0.523677598477,0.267942583732,1.67874411933,0.971904490138,0.507177033493,2.14896661873,0.35833076731,7.5,5.99715909091,2.14896661873,7.5,0.432380952381,0.333333333333,6,0.0363636363636,0.219259259259,11,11,11,1,0,0.0909090909091,0.636363636364,0.272727272727,-1,-0.00909090909091,2.95377066116,-0.181818181818,-0.1,-0.125,0.00537215986117,0.0260089675122,0.00813397129187,-0.263214382509,-0.118584030456,-0.0684210526316,-0.26126525272,-0.0951006644889,-0.0291866028708,1.09206784419,0.0110537768992,3.95454545455,2.95377066116,1.09206784419,3.95454545455,-0.0666666666667,-0.0666666666667,-2,-0.0121212121212,-0.0362962962963,0,0,0,18,1,2,89,0.9,0.988888888889,0.0111111111111,0.1,0.947368421053,0.9,0.923076923077,0.906956031802,0.888888888889,0.857142857143,6,7,0,0,0,0
29,WLNM_dir_neg,0.816326530612,0.560672660673,00:00:10,10,10,4,1171943253,threshold_sweep,0.2,0.8,0.571428571429,0.666666666667,4,1,3,13,0.571428571429,0.928571428571,0.0714285714286,0.428571428571,0.8,0.571428571429,0.666666666667,0.809523809524,0.587301587302,0.538461538462,0.553398590529,0.5,20,13,7,0,20,0,13,0,7,11,20,0.181818181818,3.04338842975,3.63636363636,2,2.5,1.68954001271,0.464623503495,0.245454545455,1.16774841624,0.642261628933,0.336363636364,1.94000937205,1.06700515463,0.536363636364,1.05689877454,0.347276990411,3.54545454545,3.04338842975,1.05689877454,3.54545454545,0.499047619048,0.4,8,0.0484848484848,0.255555555556,11,11,11,1,0,0.0909090909091,0.636363636364,0.272727272727,11,0.118181818182,3.72727272727,2.36363636364,1.3,1.625,1.43336856898,0.6064251638,0.286713286713,0.603022689156,0.510249967747,0.237762237762,1.40129809949,1.18571377649,0.503496503497,2.05382127221,0.551025219373,7,3.72727272727,2.05382127221,7,0,0,0,0,0.22962962963,11,11,11,1,0,0.0909090909091,0.636363636364,0.272727272727,11,18,0.163636363636,6.34090909091,3.27272727273,1.8,2.25,1.55505042304,0.475154295927,0.232323232323,0.809039834956,0.494413232473,0.242424242424,1.5666989036,0.957427107756,0.494949494949,2.31913973079,0.365742466504,8,6.34090909091,2.31913973079,8,0.364285714286,0.255319148936,4,0.0242424242424,0.201851851852,11,11,11,1,0,0.0909090909091,0.636363636364,0.272727272727,-2,-0.0181818181818,3.29752066116,-0.363636363636,-0.2,-0.25,-0.134489589674,0.0105307924324,-0.0131313131313,-0.358708581286,-0.14784839646,-0.0939393939394,-0.373310468447,-0.10957804687,-0.0414141414141,1.26224095625,0.0184654760925,4.45454545455,3.29752066116,1.26224095625,4.45454545455,-0.134761904762,-0.144680851064,-4,-0.0242424242424,-0.0537037037037,0,0,0,17,1,3,89,0.85,0.988888888889,0.0111111111111,0.15,0.944444444444,0.85,0.894736842105,0.874602125628,0.838888888889,0.809523809524,5,7,0,0,0,0
30,WLNM_dir_neg,0.816326530612,0.560672660673,00:00:10,10,10,4,1171943253,threshold_sweep,0.3,0.8,0.571428571429,0.666666666667,4,1,3,13,0.571428571429,0.928571428571,0.0714285714286,0.428571428571,0.8,0.571428571429,0.666666666667,0.809523809524,0.587301587302,0.538461538462,0.553398590529,0.5,20,13,7,0,20,0,13,0,7,11,20,0.181818181818,3.04338842975,3.63636363636,2,2.5,1.68954001271,0.464623503495,0.245454545455,1.16774841624,0.642261628933,0.336363636364,1.94000937205,1.06700515463,0.536363636364,1.05689877454,0.347276990411,3.54545454545,3.04338842975,1.05689877454,3.54545454545,0.499047619048,0.4,8,0.0484848484848,0.255555555556,11,11,11,1,0,0.0909090909091,0.636363636364,0.272727272727,11,0.118181818182,3.72727272727,2.36363636364,1.3,1.625,1.43336856898,0.6064251638,0.286713286713,0.603022689156,0.510249967747,0.237762237762,1.40129809949,1.18571377649,0.503496503497,2.05382127221,0.551025219373,7,3.72727272727,2.05382127221,7,0,0,0,0,0.22962962963,11,11,11,1,0,0.0909090909091,0.636363636364,0.272727272727,11,18,0.163636363636,6.34090909091,3.27272727273,1.8,2.25,1.55505042304,0.475154295927,0.232323232323,0.809039834956,0.494413232473,0.242424242424,1.5666989036,0.957427107756,0.494949494949,2.31913973079,0.365742466504,8,6.34090909091,2.31913973079,8,0.364285714286,0.255319148936,4,0.0242424242424,0.201851851852,11,11,11,1,0,0.0909090909091,0.636363636364,0.272727272727,-2,-0.0181818181818,3.29752066116,-0.363636363636,-0.2,-0.25,-0.134489589674,0.0105307924324,-0.0131313131313,-0.358708581286,-0.14784839646,-0.0939393939394,-0.373310468447,-0.10957804687,-0.0414141414141,1.26224095625,0.0184654760925,4.45454545455,3.29752066116,1.26224095625,4.45454545455,-0.134761904762,-0.144680851064,-4,-0.0242424242424,-0.0537037037037,0,0,0,17,1,3,89,0.85,0.988888888889,0.0111111111111,0.15,0.944444444444,0.85,0.894736842105,0.874602125628,0.838888888889,0.809523809524,5,7,0,0,0,0
31,WLNM_dir_neg,0.816326530612,0.560672660673,00:00:10,10,10,4,1171943253,threshold_sweep,0.4,0.8,0.571428571429,0.666666666667,4,1,3,13,0.571428571429,0.928571428571,0.0714285714286,0.428571428571,0.8,0.571428571429,0.666666666667,0.809523809524,0.587301587302,0.538461538462,0.553398590529,0.5,20,13,7,0,20,0,13,0,7,11,20,0.181818181818,3.04338842975,3.63636363636,2,2.5,1.68954001271,0.464623503495,0.245454545455,1.16774841624,0.642261628933,0.336363636364,1.94000937205,1.06700515463,0.536363636364,1.05689877454,0.347276990411,3.54545454545,3.04338842975,1.05689877454,3.54545454545,0.499047619048,0.4,8,0.0484848484848,0.255555555556,11,11,11,1,0,0.0909090909091,0.636363636364,0.272727272727,11,0.118181818182,3.72727272727,2.36363636364,1.3,1.625,1.43336856898,0.6064251638,0.286713286713,0.603022689156,0.510249967747,0.237762237762,1.40129809949,1.18571377649,0.503496503497,2.05382127221,0.551025219373,7,3.72727272727,2.05382127221,7,0,0,0,0,0.22962962963,11,11,11,1,0,0.0909090909091,0.636363636364,0.272727272727,11,18,0.163636363636,6.34090909091,3.27272727273,1.8,2.25,1.55505042304,0.475154295927,0.232323232323,0.809039834956,0.494413232473,0.242424242424,1.5666989036,0.957427107756,0.494949494949,2.31913973079,0.365742466504,8,6.34090909091,2.31913973079,8,0.364285714286,0.255319148936,4,0.0242424242424,0.201851851852,11,11,11,1,0,0.0909090909091,0.636363636364,0.272727272727,-2,-0.0181818181818,3.29752066116,-0.363636363636,-0.2,-0.25,-0.134489589674,0.0105307924324,-0.0131313131313,-0.358708581286,-0.14784839646,-0.0939393939394,-0.373310468447,-0.10957804687,-0.0414141414141,1.26224095625,0.0184654760925,4.45454545455,3.29752066116,1.26224095625,4.45454545455,-0.134761904762,-0.144680851064,-4,-0.0242424242424,-0.0537037037037,0,0,0,17,1,3,89,0.85,0.988888888889,0.0111111111111,0.15,0.944444444444,0.85,0.894736842105,0.874602125628,0.838888888889,0.809523809524,5,7,0,0,0,0
32,WLNM_dir_neg,0.816326530612,0.560672660673,00:00:10,10,10,4,1171943253,threshold_sweep,0.5,0.8,0.571428571429,0.666666666667,4,1,3,13,0.571428571429,0.928571428571,0.0714285714286,0.428571428571,0.8,0.571428571429,0.666666666667,0.809523809524,0.587301587302,0.538461538462,0.553398590529,0.5,20,13,7,0,20,0,13,0,7,11,20,0.181818181818,3.04338842975,3.63636363636,2,2.5,1.68954001271,0.464623503495,0.245454545455,1.16774841624,0.642261628933,0.336363636364,1.94000937205,1.06700515463,0.536363636364,1.05689877454,0.347276990411,3.54545454545,3.04338842975,1.05689877454,3.54545454545,0.499047619048,0.4,8,0.0484848484848,0.255555555556,11,11,11,1,0,0.0909090909091,0.636363636364,0.272727272727,11,0.118181818182,3.72727272727,2.36363636364,1.3,1.625,1.43336856898,0.6064251638,0.286713286713,0.603022689156,0.510249967747,0.237762237762,1.40129809949,1.18571377649,0.503496503497,2.05382127221,0.551025219373,7,3.72727272727,2.05382127221,7,0,0,0,0,0.22962962963,11,11,11,1,0,0.0909090909091,0.636363636364,0.272727272727,11,18,0.163636363636,6.34090909091,3.27272727273,1.8,2.25,1.55505042304,0.475154295927,0.232323232323,0.809039834956,0.494413232473,0.242424242424,1.5666989036,0.957427107756,0.494949494949,2.31913973079,0.365742466504,8,6.34090909091,2.31913973079,8,0.364285714286,0.255319148936,4,0.0242424242424,0.201851851852,11,11,11,1,0,0.0909090909091,0.636363636364,0.272727272727,-2,-0.0181818181818,3.29752066116,-0.363636363636,-0.2,-0.25,-0.134489589674,0.0105307924324,-0.0131313131313,-0.358708581286,-0.14784839646,-0.0939393939394,-0.373310468447,-0.10957804687,-0.0414141414141,1.26224095625,0.0184654760925,4.45454545455,3.29752066116,1.26224095625,4.45454545455,-0.134761904762,-0.144680851064,-4,-0.0242424242424,-0.0537037037037,0,0,0,17,1,3,89,0.85,0.988888888889,0.0111111111111,0.15,0.944444444444,0.85,0.894736842105,0.874602125628,0.838888888889,0.809523809524,5,7,0,0,0,0
33,WLNM_dir_neg,0.816326530612,0.560672660673,00:00:10,10,10,4,1171943253,threshold_sweep,0.6,0.8,0.571428571429,0.666666666667,4,1,3,13,0.571428571429,0.928571428571,0.0714285714286,0.428571428571,0.8,0.571428571429,0.666666666667,0.809523809524,0.587301587302,0.538461538462,0.553398590529,0.5,20,13,7,0,20,0,13,0,7,11,20,0.181818181818,3.04338842975,3.63636363636,2,2.5,1.68954001271,0.464623503495,0.245454545455,1.16774841624,0.642261628933,0.336363636364,1.94000937205,1.06700515463,0.536363636364,1.05689877454,0.347276990411,3.54545454545,3.04338842975,1.05689877454,3.54545454545,0.499047619048,0.4,8,0.0484848484848,0.255555555556,11,11,11,1,0,0.0909090909091,0.636363636364,0.272727272727,11,0.118181818182,3.72727272727,2.36363636364,1.3,1.625,1.43336856898,0.6064251638,0.286713286713,0.603022689156,0.510249967747,0.237762237762,1.40129809949,1.18571377649,0.503496503497,2.05382127221,0.551025219373,7,3.72727272727,2.05382127221,7,0,0,0,0,0.22962962963,11,11,11,1,0,0.0909090909091,0.636363636364,0.272727272727,11,18,0.163636363636,6.34090909091,3.27272727273,1.8,2.25,1.55505042304,0.475154295927,0.232323232323,0.809039834956,0.494413232473,0.242424242424,1.5666989036,0.957427107756,0.494949494949,2.31913973079,0.365742466504,8,6.34090909091,2.31913973079,8,0.364285714286,0.255319148936,4,0.0242424242424,0.201851851852,11,11,11,1,0,0.0909090909091,0.636363636364,0.272727272727,-2,-0.0181818181818,3.29752066116,-0.363636363636,-0.2,-0.25,-0.134489589674,0.0105307924324,-0.0131313131313,-0.358708581286,-0.14784839646,-0.0939393939394,-0.373310468447,-0.10957804687,-0.0414141414141,1.26224095625,0.0184654760925,4.45454545455,3.29752066116,1.26224095625,4.45454545455,-0.134761904762,-0.144680851064,-4,-0.0242424242424,-0.0537037037037,0,0,0,17,1,3,89,0.85,0.988888888889,0.0111111111111,0.15,0.944444444444,0.85,0.894736842105,0.874602125628,0.838888888889,0.809523809524,5,7,0,0,0,0
34,WLNM_dir_neg,0.816326530612,0.560672660673,00:00:10,10,10,4,1171943253,threshold_sweep,0.7,0.8,0.571428571429,0.666666666667,4,1,3,13,0.571428571429,0.928571428571,0.0714285714286,0.428571428571,0.8,0.571428571429,0.666666666667,0.809523809524,0.587301587302,0.538461538462,0.553398590529,0.5,20,13,7,0,20,0,13,0,7,11,20,0.181818181818,3.04338842975,3.63636363636,2,2.5,1.68954001271,0.464623503495,0.245454545455,1.16774841624,0.642261628933,0.336363636364,1.94000937205,1.06700515463,0.536363636364,1.05689877454,0.347276990411,3.54545454545,3.04338842975,1.05689877454,3.54545454545,0.499047619048,0.4,8,0.0484848484848,0.255555555556,11,11,11,1,0,0.0909090909091,0.636363636364,0.272727272727,11,0.118181818182,3.72727272727,2.36363636364,1.3,1.625,1.43336856898,0.6064251638,0.286713286713,0.603022689156,0.510249967747,0.237762237762,1.40129809949,1.18571377649,0.503496503497,2.05382127221,0.551025219373,7,3.72727272727,2.05382127221,7,0,0,0,0,0.22962962963,11,11,11,1,0,0.0909090909091,0.636363636364,0.272727272727,11,18,0.163636363636,6.34090909091,3.27272727273,1.8,2.25,1.55505042304,0.475154295927,0.232323232323,0.809039834956,0.494413232473,0.242424242424,1.5666989036,0.957427107756,0.494949494949,2.31913973079,0.365742466504,8,6.34090909091,2.31913973079,8,0.364285714286,0.255319148936,4,0.0242424242424,0.201851851852,11,11,11,1,0,0.0909090909091,0.636363636364,0.272727272727,-2,-0.0181818181818,3.29752066116,-0.363636363636,-0.2,-0.25,-0.134489589674,0.0105307924324,-0.0131313131313,-0.358708581286,-0.14784839646,-0.0939393939394,-0.373310468447,-0.10957804687,-0.0414141414141,1.26224095625,0.0184654760925,4.45454545455,3.29752066116,1.26224095625,4.45454545455,-0.134761904762,-0.144680851064,-4,-0.0242424242424,-0.0537037037037,0,0,0,17,1,3,89,0.85,0.988888888889,0.0111111111111,0.15,0.944444444444,0.85,0.894736842105,0.874602125628,0.838888888889,0.809523809524,5,7,0,0,0,0
35,WLNM_dir_neg,0.816326530612,0.560672660673,00:00:10,10,10,4,1171943253,threshold_sweep,0.8,0.75,0.428571428571,0.545454545455,3,1,4,13,0.428571428571,0.928571428571,0.0714285714286,0.571428571429,0.75,0.428571428571,0.545454545455,0.761904761905,0.603174603175,0.4,0.428746462856,0.357142857143,20,13,7,0,20,0,13,0,7,11,20,0.181818181818,3.04338842975,3.63636363636,2,2.5,1.68954001271,0.464623503495,0.245454545455,1.16774841624,0.642261628933,0.336363636364,1.94000937205,1.06700515463,0.536363636364,1.05689877454,0.347276990411,3.54545454545,3.04338842975,1.05689877454,3.54545454545,0.499047619048,0.4,8,0.0484848484848,0.255555555556,11,11,11,1,0,0.0909090909091,0.636363636364,0.272727272727,11,0.118181818182,3.72727272727,2.36363636364,1.3,1.625,1.43336856898,0.6064251638,0.286713286713,0.603022689156,0.510249967747,0.237762237762,1.40129809949,1.18571377649,0.503496503497,2.05382127221,0.551025219373,7,3.72727272727,2.05382127221,7,0,0,0,0,0.22962962963,11,11,11,1,0,0.0909090909091,0.636363636364,0.272727272727,11,17,0.154545454545,6.69696969697,3.09090909091,1.7,2.125,1.51357493733,0.489686009136,0.219251336898,0.687551650952,0.444886362381,0.20320855615,1.50755672289,0.975477879516,0.491978609626,2.54057974772,0.379362586764,9,6.69696969697,2.54057974772,9,0.280952380952,0.214285714286,3,0.0181818181818,0.192592592593,11,11,11,1,0,0.0909090909091,0.636363636364,0.272727272727,-3,-0.0272727272727,3.65358126722,-0.545454545455,-0.3,-0.375,-0.175965075381,0.0250625056407,-0.0262032085561,-0.48019676529,-0.197375266552,-0.133155080214,-0.43245264916,-0.0915272751104,-0.044385026738,1.48368097319,0.0320855963529,5.45454545455,3.65358126722,1.48368097319,5.45454545455,-0.218095238095,-0.185714285714,-5,-0.030303030303,-0.062962962963,0,0,0,16,1,4,89,0.8,0.988888888889,0.0111111111111,0.2,0.941176470588,0.8,0.864864864865,0.841755876268,0.788888888889,0.761904761905,4,7,0,0,0,0
36,WLNM_dir_neg,0.816326530612,0.560672660673,00:00:10,10,10,4,1171943253,threshold_sweep,0.9,0.75,0.428571428571,0.545454545455,3,1,4,13,0.428571428571,0.928571428571,0.0714285714286,0.571428571429,0.75,0.428571428571,0.545454545455,0.761904761905,0.603174603175,0.4,0.428746462856,0.357142857143,20,13,7,0,20,0,13,0,7,11,20,0.181818181818,3.04338842975,3.63636363636,2,2.5,1.68954001271,0.464623503495,0.245454545455,1.16774841624,0.642261628933,0.336363636364,1.94000937205,1.06700515463,0.536363636364,1.05689877454,0.347276990411,3.54545454545,3.04338842975,1.05689877454,3.54545454545,0.499047619048,0.4,8,0.0484848484848,0.255555555556,11,11,11,1,0,0.0909090909091,0.636363636364,0.272727272727,11,0.118181818182,3.72727272727,2.36363636364,1.3,1.625,1.43336856898,0.6064251638,0.286713286713,0.603022689156,0.510249967747,0.237762237762,1.40129809949,1.18571377649,0.503496503497,2.05382127221,0.551025219373,7,3.72727272727,2.05382127221,7,0,0,0,0,0.22962962963,11,11,11,1,0,0.0909090909091,0.636363636364,0.272727272727,11,17,0.154545454545,6.69696969697,3.09090909091,1.7,2.125,1.51357493733,0.489686009136,0.219251336898,0.687551650952,0.444886362381,0.20320855615,1.50755672289,0.975477879516,0.491978609626,2.54057974772,0.379362586764,9,6.69696969697,2.54057974772,9,0.280952380952,0.214285714286,3,0.0181818181818,0.192592592593,11,11,11,1,0,0.0909090909091,0.636363636364,0.272727272727,-3,-0.0272727272727,3.65358126722,-0.545454545455,-0.3,-0.375,-0.175965075381,0.0250625056407,-0.0262032085561,-0.48019676529,-0.197375266552,-0.133155080214,-0.43245264916,-0.0915272751104,-0.044385026738,1.48368097319,0.0320855963529,5.45454545455,3.65358126722,1.48368097319,5.45454545455,-0.218095238095,-0.185714285714,-5,-0.030303030303,-0.062962962963,0,0,0,16,1,4,89,0.8,0.988888888889,0.0111111111111,0.2,0.941176470588,0.8,0.864864864865,0.841755876268,0.788888888889,0.761904761905,4,7,0,0,0,0
37,WLNM_dir_neg,0.826530612245,0.546477629513,00:00:10,10,10,5,1171943254,threshold_sweep,0.1,1,0.714285714286,0.833333333333,5,0,2,14,0.714285714286,1,0,0.285714285714,1,0.714285714286,0.833333333333,0.904761904762,0.587301587302,0.769230769231,0.790569415042,0.714285714286,20,13,7,0,20,0,13,0,7,11,20,0.181818181818,3.04338842975,3.63636363636,2,2.5,1.68954001271,0.464623503495,0.245454545455,1.16774841624,0.642261628933,0.336363636364,1.94000937205,1.06700515463,0.536363636364,1.05689877454,0.347276990411,3.54545454545,3.04338842975,1.05689877454,3.54545454545,0.499047619048,0.4,8,0.0484848484848,0.255555555556,11,11,11,1,0,0.0909090909091,0.636363636364,0.272727272727,11,0.118181818182,3.72727272727,2.36363636364,1.3,1.625,1.43336856898,0.6064251638,0.286713286713,0.603022689156,0.510249967747,0.237762237762,1.40129809949,1.18571377649,0.503496503497,2.05382127221,0.551025219373,7,3.72727272727,2.05382127221,7,0,0,0,0,0.22962962963,11,11,11,1,0,0.0909090909091,0.636363636364,0.272727272727,11,18,0.163636363636,3.11363636364,3.27272727273,1.8,2.25,1.42062726223,0.434080552347,0.227272727273,0.924416277737,0.564921058617,0.292929292929,1.68954001271,1.03249667443,0.525252525253,1.14353419474,0.367266456706,3.875,3.11363636364,1.14353419474,3.875,0.366666666667,0.266666666667,4,0.0242424242424,0.221111111111,11,11,11,1,0,0.0909090909091,0.636363636364,0.272727272727,-2,-0.0181818181818,0.0702479338843,-0.363636363636,-0.2,-0.25,-0.268912750482,-0.030542951148,-0.0181818181818,-0.243332138505,-0.0773405703161,-0.0434343434343,-0.250469359339,-0.0345084801933,-0.0111111111111,0.0866354202056,0.0199894662943,0.329545454545,0.0702479338843,0.0866354202056,0.329545454545,-0.132380952381,-0.133333333333,-4,-0.0242424242424,-0.0344444444444,0,0,0,18,0,2,90,0.9,1,0,0.1,1,0.9,0.947368421053,0.938314863257,0.9,0.9,5,7,0,0,0,0
38,WLNM_dir_neg,0.826530612245,0.546477629513,00:00:10,10,10,5,1171943254,threshold_sweep,0.2,1,0.714285714286,0.833333333333,5,0,2,14,0.714285714286,1,0,0.285714285714,1,0.714285714286,0.833333333333,0.904761904762,0.587301587302,0.769230769231,0.790569415042,0.714285714286,20,13,7,0,20,0,13,0,7,11,20,0.181818181818,3.04338842975,3.63636363636,2,2.5,1.68954001271,0.464623503495,0.245454545455,1.16774841624,0.642261628933,0.336363636364,1.94000937205,1.06700515463,0.536363636364,1.05689877454,0.347276990411,3.54545454545,3.04338842975,1.05689877454,3.54545454545,0.499047619048,0.4,8,0.0484848484848,0.255555555556,11,11,11,1,0,0.0909090909091,0.636363636364,0.272727272727,11,0.118181818182,3.72727272727,2.36363636364,1.3,1.625,1.43336856898,0.6064251638,0.286713286713,0.603022689156,0.510249967747,0.237762237762,1.40129809949,1.18571377649,0.503496503497,2.05382127221,0.551025219373,7,3.72727272727,2.05382127221,7,0,0,0,0,0.22962962963,11,11,11,1,0,0.0909090909091,0.636363636364,0.272727272727,11,18,0.163636363636,3.11363636364,3.27272727273,1.8,2.25,1.42062726223,0.434080552347,0.227272727273,0.924416277737,0.564921058617,0.292929292929,1.68954001271,1.03249667443,0.525252525253,1.14353419474,0.367266456706,3.875,3.11363636364,1.14353419474,3.875,0.366666666667,0.266666666667,4,0.0242424242424,0.221111111111,11,11,11,1,0,0.0909090909091,0.636363636364,0.272727272727,-2,-0.0181818181818,0.0702479338843,-0.363636363636,-0.2,-0.25,-0.268912750482,-0.030542951148,-0.0181818181818,-0.243332138505,-0.0773405703161,-0.0434343434343,-0.250469359339,-0.0345084801933,-0.0111111111111,0.0866354202056,0.0199894662943,0.329545454545,0.0702479338843,0.0866354202056,0.329545454545,-0.132380952381,-0.133333333333,-4,-0.0242424242424,-0.0344444444444,0,0,0,18,0,2,90,0.9,1,0,0.1,1,0.9,0.947368421053,0.938314863257,0.9,0.9,5,7,0,0,0,0
39,WLNM_dir_neg,0.826530612245,0.546477629513,00:00:10,10,10,5,1171943254,threshold_sweep,0.3,1,0.714285714286,0.833333333333,5,0,2,14,0.714285714286,1,0,0.285714285714,1,0.714285714286,0.833333333333,0.904761904762,0.587301587302,0.769230769231,0.790569415042,0.714285714286,20,13,7,0,20,0,13,0,7,11,20,0.181818181818,3.04338842975,3.63636363636,2,2.5,1.68954001271,0.464623503495,0.245454545455,1.16774841624,0.642261628933,0.336363636364,1.94000937205,1.06700515463,0.536363636364,1.05689877454,0.347276990411,3.54545454545,3.04338842975,1.05689877454,3.54545454545,0.499047619048,0.4,8,0.0484848484848,0.255555555556,11,11,11,1,0,0.0909090909091,0.636363636364,0.272727272727,11,0.118181818182,3.72727272727,2.36363636364,1.3,1.625,1.43336856898,0.6064251638,0.286713286713,0.603022689156,0.510249967747,0.237762237762,1.40129809949,1.18571377649,0.503496503497,2.05382127221,0.551025219373,7,3.72727272727,2.05382127221,7,0,0,0,0,0.22962962963,11,11,11,1,0,0.0909090909091,0.636363636364,0.272727272727,11,18,0.163636363636,3.11363636364,3.27272727273,1.8,2.25,1.42062726223,0.434080552347,0.227272727273,0.924416277737,0.564921058617,0.292929292929,1.68954001271,1.03249667443,0.525252525253,1.14353419474,0.367266456706,3.875,3.11363636364,1.14353419474,3.875,0.366666666667,0.266666666667,4,0.0242424242424,0.221111111111,11,11,11,1,0,0.0909090909091,0.636363636364,0.272727272727,-2,-0.0181818181818,0.0702479338843,-0.363636363636,-0.2,-0.25,-0.268912750482,-0.030542951148,-0.0181818181818,-0.243332138505,-0.0773405703161,-0.0434343434343,-0.250469359339,-0.0345084801933,-0.0111111111111,0.0866354202056,0.0199894662943,0.329545454545,0.0702479338843,0.0866354202056,0.329545454545,-0.132380952381,-0.133333333333,-4,-0.0242424242424,-0.0344444444444,0,0,0,18,0,2,90,0.9,1,0,0.1,1,0.9,0.947368421053,0.938314863257,0.9,0.9,5,7,0,0,0,0
40,WLNM_dir_neg,0.826530612245,0.546477629513,00:00:10,10,10,5,1171943254,threshold_sweep,0.4,1,0.714285714286,0.833333333333,5,0,2,14,0.714285714286,1,0,0.285714285714,1,0.714285714286,0.833333333333,0.904761904762,0.587301587302,0.769230769231,0.790569415042,0.714285714286,20,13,7,0,20,0,13,0,7,11,20,0.181818181818,3.04338842975,3.63636363636,2,2.5,1.68954001271,0.464623503495,0.245454545455,1.16774841624,0.642261628933,0.336363636364,1.94000937205,1.06700515463,0.536363636364,1.05689877454,0.347276990411,3.54545454545,3.04338842975,1.05689877454,3.54545454545,0.499047619048,0.4,8,0.0484848484848,0.255555555556,11,11,11,1,0,0.0909090909091,0.636363636364,0.272727272727,11,0.118181818182,3.72727272727,2.36363636364,1.3,1.625,1.43336856898,0.6064251638,0.286713286713,0.603022689156,0.510249967747,0.237762237762,1.40129809949,1.18571377649,0.503496503497,2.05382127221,0.551025219373,7,3.72727272727,2.05382127221,7,0,0,0,0,0.22962962963,11,11,11,1,0,0.0909090909091,0.636363636364,0.272727272727,11,18,0.163636363636,3.11363636364,3.27272727273,1.8,2.25,1.42062726223,0.434080552347,0.227272727273,0.924416277737,0.564921058617,0.292929292929,1.68954001271,1.03249667443,0.525252525253,1.14353419474,0.367266456706,3.875,3.11363636364,1.14353419474,3.875,0.366666666667,0.266666666667,4,0.0242424242424,0.221111111111,11,11,11,1,0,0.0909090909091,0.636363636364,0.272727272727,-2,-0.0181818181818,0.0702479338843,-0.363636363636,-0.2,-0.25,-0.268912750482,-0.030542951148,-0.0181818181818,-0.243332138505,-0.0773405703161,-0.0434343434343,-0.250469359339,-0.0345084801933,-0.0111111111111,0.0866354202056,0.0199894662943,0.329545454545,0.0702479338843,0.0866354202056,0.329545454545,-0.132380952381,-0.133333333333,-4,-0.0242424242424,-0.0344444444444,0,0,0,18,0,2,90,0.9,1,0,0.1,1,0.9,0.947368421053,0.938314863257,0.9,0.9,5,7,0,0,0,0
41,WLNM_dir_neg,0.826530612245,0.546477629513,00:00:10,10,10,5,1171943254,threshold_sweep,0.5,1,0.714285714286,0.833333333333,5,0,2,14,0.714285714286,1,0,0.285714285714,1,0.714285714286,0.833333333333,0.904761904762,0.587301587302,0.769230769231,0.790569415042,0.714285714286,20,13,7,0,20,0,13,0,7,11,20,0.181818181818,3.04338842975,3.63636363636,2,2.5,1.68954001271,0.464623503495,0.245454545455,1.16774841624,0.642261628933,0.336363636364,1.94000937205,1.06700515463,0.536363636364,1.05689877454,0.347276990411,3.54545454545,3.04338842975,1.05689877454,3.54545454545,0.499047619048,0.4,8,0.0484848484848,0.255555555556,11,11,11,1,0,0.0909090909091,0.636363636364,0.272727272727,11,0.118181818182,3.72727272727,2.36363636364,1.3,1.625,1.43336856898,0.6064251638,0.286713286713,0.603022689156,0.510249967747,0.237762237762,1.40129809949,1.18571377649,0.503496503497,2.05382127221,0.551025219373,7,3.72727272727,2.05382127221,7,0,0,0,0,0.22962962963,11,11,11,1,0,0.0909090909091,0.636363636364,0.272727272727,11,18,0.163636363636,3.11363636364,3.27272727273,1.8,2.25,1.42062726223,0.434080552347,0.227272727273,0.924416277737,0.564921058617,0.292929292929,1.68954001271,1.03249667443,0.525252525253,1.14353419474,0.367266456706,3.875,3.11363636364,1.14353419474,3.875,0.366666666667,0.266666666667,4,0.0242424242424,0.221111111111,11,11,11,1,0,0.0909090909091,0.636363636364,0.272727272727,-2,-0.0181818181818,0.0702479338843,-0.363636363636,-0.2,-0.25,-0.268912750482,-0.030542951148,-0.0181818181818,-0.243332138505,-0.0773405703161,-0.0434343434343,-0.250469359339,-0.0345084801933,-0.0111111111111,0.0866354202056,0.0199894662943,0.329545454545,0.0702479338843,0.0866354202056,0.329545454545,-0.132380952381,-0.133333333333,-4,-0.0242424242424,-0.0344444444444,0,0,0,18,0,2,90,0.9,1,0,0.1,1,0.9,0.947368421053,0.938314863257,0.9,0.9,5,7,0,0,0,0
42,WLNM_dir_neg,0.826530612245,0.546477629513,00:00:10,10,10,5,1171943254,threshold_sweep,0.6,1,0.714285714286,0.833333333333,5,0,2,14,0.714285714286,1,0,0.285714285714,1,0.714285714286,0.833333333333,0.904761904762,0.587301587302,0.769230769231,0.790569415042,0.714285714286,20,13,7,0,20,0,13,0,7,11,20,0.181818181818,3.04338842975,3.63636363636,2,2.5,1.68954001271,0.464623503495,0.245454545455,1.16774841624,0.642261628933,0.336363636364,1.94000937205,1.06700515463,0.536363636364,1.05689877454,0.347276990411,3.54545454545,3.04338842975,1.05689877454,3.54545454545,0.499047619048,0.4,8,0.0484848484848,0.255555555556,11,11,11,1,0,0.0909090909091,0.636363636364,0.272727272727,11,0.118181818182,3.72727272727,2.36363636364,1.3,1.625,1.43336856898,0.6064251638,0.286713286713,0.603022689156,0.510249967747,0.237762237762,1.40129809949,1.18571377649,0.503496503497,2.05382127221,0.551025219373,7,3.72727272727,2.05382127221,7,0,0,0,0,0.22962962963,11,11,11,1,0,0.0909090909091,0.636363636364,0.272727272727,11,18,0.163636363636,3.11363636364,3.27272727273,1.8,2.25,1.42062726223,0.434080552347,0.227272727273,0.924416277737,0.564921058617,0.292929292929,1.68954001271,1.03249667443,0.525252525253,1.14353419474,0.367266456706,3.875,3.11363636364,1.14353419474,3.875,0.366666666667,0.266666666667,4,0.0242424242424,0.221111111111,11,11,11,1,0,0.0909090909091,0.636363636364,0.272727272727,-2,-0.0181818181818,0.0702479338843,-0.363636363636,-0.2,-0.25,-0.268912750482,-0.030542951148,-0.0181818181818,-0.243332138505,-0.0773405703161,-0.0434343434343,-0.250469359339,-0.0345084801933,-0.0111111111111,0.0866354202056,0.0199894662943,0.329545454545,0.0702479338843,0.0866354202056,0.329545454545,-0.132380952381,-0.133333333333,-4,-0.0242424242424,-0.0344444444444,0,0,0,18,0,2,90,0.9,1,0,0.1,1,0.9,0.947368421053,0.938314863257,0.9,0.9,5,7,0,0,0,0
43,WLNM_dir_neg,0.826530612245,0.546477629513,00:00:10,10,10,5,1171943254,threshold_sweep,0.7,1,0.714285714286,0.833333333333,5,0,2,14,0.714285714286,1,0,0.285714285714,1,0.714285714286,0.833333333333,0.904761904762,0.587301587302,0.769230769231,0.790569415042,0.714285714286,20,13,7,0,20,0,13,0,7,11,20,0.181818181818,3.04338842975,3.63636363636,2,2.5,1.68954001271,0.464623503495,0.245454545455,1.16774841624,0.642261628933,0.336363636364,1.94000937205,1.06700515463,0.536363636364,1.05689877454,0.347276990411,3.54545454545,3.04338842975,1.05689877454,3.54545454545,0.499047619048,0.4,8,0.0484848484848,0.255555555556,11,11,11,1,0,0.0909090909091,0.636363636364,0.272727272727,11,0.118181818182,3.72727272727,2.36363636364,1.3,1.625,1.43336856898,0.6064251638,0.286713286713,0.603022689156,0.510249967747,0.237762237762,1.40129809949,1.18571377649,0.503496503497,2.05382127221,0.551025219373,7,3.72727272727,2.05382127221,7,0,0,0,0,0.22962962963,11,11,11,1,0,0.0909090909091,0.636363636364,0.272727272727,11,18,0.163636363636,3.11363636364,3.27272727273,1.8,2.25,1.42062726223,0.434080552347,0.227272727273,0.924416277737,0.564921058617,0.292929292929,1.68954001271,1.03249667443,0.525252525253,1.14353419474,0.367266456706,3.875,3.11363636364,1.14353419474,3.875,0.366666666667,0.266666666667,4,0.0242424242424,0.221111111111,11,11,11,1,0,0.0909090909091,0.636363636364,0.272727272727,-2,-0.0181818181818,0.0702479338843,-0.363636363636,-0.2,-0.25,-0.268912750482,-0.030542951148,-0.0181818181818,-0.243332138505,-0.0773405703161,-0.0434343434343,-0.250469359339,-0.0345084801933,-0.0111111111111,0.0866354202056,0.0199894662943,0.329545454545,0.0702479338843,0.0866354202056,0.329545454545,-0.132380952381,-0.133333333333,-4,-0.0242424242424,-0.0344444444444,0,0,0,18,0,2,90,0.9,1,0,0.1,1,0.9,0.947368421053,0.938314863257,0.9,0.9,5,7,0,0,0,0
44,WLNM_dir_neg,0.826530612245,0.546477629513,00:00:10,10,10,5,1171943254,threshold_sweep,0.8,1,0.714285714286,0.833333333333,5,0,2,14,0.714285714286,1,0,0.285714285714,1,0.714285714286,0.833333333333,0.904761904762,0.587301587302,0.769230769231,0.790569415042,0.714285714286,20,13,7,0,20,0,13,0,7,11,20,0.181818181818,3.04338842975,3.63636363636,2,2.5,1.68954001271,0.464623503495,0.245454545455,1.16774841624,0.642261628933,0.336363636364,1.94000937205,1.06700515463,0.536363636364,1.05689877454,0.347276990411,3.54545454545,3.04338842975,1.05689877454,3.54545454545,0.499047619048,0.4,8,0.0484848484848,0.255555555556,11,11,11,1,0,0.0909090909091,0.636363636364,0.272727272727,11,0.118181818182,3.72727272727,2.36363636364,1.3,1.625,1.43336856898,0.6064251638,0.286713286713,0.603022689156,0.510249967747,0.237762237762,1.40129809949,1.18571377649,0.503496503497,2.05382127221,0.551025219373,7,3.72727272727,2.05382127221,7,0,0,0,0,0.22962962963,11,11,11,1,0,0.0909090909091,0.636363636364,0.272727272727,11,18,0.163636363636,3.11363636364,3.27272727273,1.8,2.25,1.42062726223,0.434080552347,0.227272727273,0.924416277737,0.564921058617,0.292929292929,1.68954001271,1.03249667443,0.525252525253,1.14353419474,0.367266456706,3.875,3.11363636364,1.14353419474,3.875,0.366666666667,0.266666666667,4,0.0242424242424,0.221111111111,11,11,11,1,0,0.0909090909091,0.636363636364,0.272727272727,-2,-0.0181818181818,0.0702479338843,-0.363636363636,-0.2,-0.25,-0.268912750482,-0.030542951148,-0.0181818181818,-0.243332138505,-0.0773405703161,-0.0434343434343,-0.250469359339,-0.0345084801933,-0.0111111111111,0.0866354202056,0.0199894662943,0.329545454545,0.0702479338843,0.0866354202056,0.329545454545,-0.132380952381,-0.133333333333,-4,-0.0242424242424,-0.0344444444444,0,0,0,18,0,2,90,0.9,1,0,0.1,1,0.9,0.947368421053,0.938314863257,0.9,0.9,5,7,0,0,0,0
45,WLNM_dir_neg,0.826530612245,0.546477629513,00:00:10,10,10,5,1171943254,threshold_sweep,0.9,1,0.714285714286,0.833333333333,5,0,2,14,0.714285714286,1,0,0.285714285714,1,0.714285714286,0.833333333333,0.904761904762,0.587301587302,0.769230769231,0.790569415042,0.714285714286,20,13,7,0,20,0,13,0,7,11,20,0.181818181818,3.04338842975,3.63636363636,2,2.5,1.68954001271,0.464623503495,0.245454545455,1.16774841624,0.642261628933,0.336363636364,1.94000937205,1.06700515463,0.536363636364,1.05689877454,0.347276990411,3.54545454545,3.04338842975,1.05689877454,3.54545454545,0.499047619048,0.4,8,0.0484848484848,0.255555555556,11,11,11,1,0,0.0909090909091,0.636363636364,0.272727272727,11,0.118181818182,3.72727272727,2.36363636364,1.3,1.625,1.43336856898,0.6064251638,0.286713286713,0.603022689156,0.510249967747,0.237762237762,1.40129809949,1.18571377649,0.503496503497,2.05382127221,0.551025219373,7,3.72727272727,2.05382127221,7,0,0,0,0,0.22962962963,11,11,11,1,0,0.0909090909091,0.636363636364,0.272727272727,11,18,0.163636363636,3.11363636364,3.27272727273,1.8,2.25,1.42062726223,0.434080552347,0.227272727273,0.924416277737,0.564921058617,0.292929292929,1.68954001271,1.03249667443,0.525252525253,1.14353419474,0.367266456706,3.875,3.11363636364,1.14353419474,3.875,0.366666666667,0.266666666667,4,0.0242424242424,0.221111111111,11,11,11,1,0,0.0909090909091,0.636363636364,0.272727272727,-2,-0.0181818181818,0.0702479338843,-0.363636363636,-0.2,-0.25,-0.268912750482,-0.030542951148,-0.0181818181818,-0.243332138505,-0.0773405703161,-0.0434343434343,-0.250469359339,-0.0345084801933,-0.0111111111111,0.0866354202056,0.0199894662943,0.329545454545,0.0702479338843,0.0866354202056,0.329545454545,-0.132380952381,-0.133333333333,-4,-0.0242424242424,-0.0344444444444,0,0,0,18,0,2,90,0.9,1,0,0.1,1,0.9,0.947368421053,0.938314863257,0.9,0.9,5,7,0,0,0,0
46,WLNM_dir_neg,0.887755102041,0.72027972028,00:00:10,10,10,6,1171943255,threshold_sweep,0.1,1,0.714285714286,0.833333333333,5,0,2,14,0.714285714286,1,0,0.285714285714,1,0.714285714286,0.833333333333,0.904761904762,0.587301587302,0.769230769231,0.790569415042,0.714285714286,20,13,7,0,20,0,13,0,7,11,20,0.181818181818,3.04338842975,3.63636363636,2,2.5,1.68954001271,0.464623503495,0.245454545455,1.16774841624,0.642261628933,0.336363636364,1.94000937205,1.06700515463,0.536363636364,1.05689877454,0.347276990411,3.54545454545,3.04338842975,1.05689877454,3.54545454545,0.499047619048,0.4,8,0.0484848484848,0.255555555556,11,11,11,1,0,0.0909090909091,0.636363636364,0.272727272727,11,0.118181818182,3.72727272727,2.36363636364,1.3,1.625,1.43336856898,0.6064251638,0.286713286713,0.603022689156,0.510249967747,0.237762237762,1.40129809949,1.18571377649,0.503496503497,2.05382127221,0.551025219373,7,3.72727272727,2.05382127221,7,0,0,0,0,0.22962962963,11,11,11,1,0,0.0909090909091,0.636363636364,0.272727272727,11,18,0.163636363636,3.11363636364,3.27272727273,1.8,2.25,1.42062726223,0.434080552347,0.227272727273,0.924416277737,0.564921058617,0.292929292929,1.68954001271,1.03249667443,0.525252525253,1.14353419474,0.367266456706,3.875,3.11363636364,1.14353419474,3.875,0.366666666667,0.266666666667,4,0.0242424242424,0.221111111111,11,11,11,1,0,0.0909090909091,0.636363636364,0.272727272727,-2,-0.0181818181818,0.0702479338843,-0.363636363636,-0.2,-0.25,-0.268912750482,-0.030542951148,-0.0181818181818,-0.243332138505,-0.0773405703161,-0.0434343434343,-0.250469359339,-0.0345084801933,-0.0111111111111,0.0866354202056,0.0199894662943,0.329545454545,0.0702479338843,0.0866354202056,0.329545454545,-0.132380952381,-0.133333333333,-4,-0.0242424242424,-0.0344444444444,0,0,0,18,0,2,90,0.9,1,0,0.1,1,0.9,0.947368421053,0.938314863257,0.9,0.9,5,7,0,0,0,0
47,WLNM_dir_neg,0.887755102041,0.72027972028,00:00:10,10,10,6,1171943255,threshold_sweep,0.2,1,0.571428571429,0.727272727273,4,0,3,14,0.571428571429,1,0,0.428571428571,1,0.571428571429,0.727272727273,0.857142857143,0.603174603175,0.64,0.68599434057,0.571428571429,20,13,7,0,20,0,13,0,7,11,20,0.181818181818,3.04338842975,3.63636363636,2,2.5,1.68954001271,0.464623503495,0.245454545455,1.16774841624,0.642261628933,0.336363636364,1.94000937205,1.06700515463,0.536363636364,1.05689877454,0.347276990411,3.54545454545,3.04338842975,1.05689877454,3.54545454545,0.499047619048,0.4,8,0.0484848484848,0.255555555556,11,11,11,1,0,0.0909090909091,0.636363636364,0.272727272727,11,0.118181818182,3.72727272727,2.36363636364,1.3,1.625,1.43336856898,0.6064251638,0.286713286713,0.603022689156,0.510249967747,0.237762237762,1.40129809949,1.18571377649,0.503496503497,2.05382127221,0.551025219373,7,3.72727272727,2.05382127221,7,0,0,0,0,0.22962962963,11,11,11,1,0,0.0909090909091,0.636363636364,0.272727272727,11,17,0.154545454545,3.17727272727,3.09090909091,1.7,2.125,1.30034960334,0.420701342257,0.208556149733,0.820199532265,0.530717344407,0.267379679144,1.57249078621,1.01749403814,0.513368983957,1.2536673475,0.394573414091,4.4,3.17727272727,1.2536673475,4.4,0.213333333333,0.153846153846,2,0.0121212121212,0.205555555556,11,11,11,1,0,0.0909090909091,0.636363636364,0.272727272727,-3,-0.0272727272727,0.133884297521,-0.545454545455,-0.3,-0.375,-0.389190409368,-0.0439221612377,-0.0368983957219,-0.347548883978,-0.111544284527,-0.0689839572193,-0.367518585835,-0.0495111164884,-0.0229946524064,0.196768572961,0.0472964236795,0.854545454545,0.133884297521,0.196768572961,0.854545454545,-0.285714285714,-0.246153846154,-6,-0.0363636363636,-0.05,0,0,0,17,0,3,90,0.85,1,0,0.15,1,0.85,0.918918918919,0.906962317388,0.85,0.85,4,7,0,0,0,0
48,WLNM_dir_neg,0.887755102041,0.72027972028,00:00:10,10,10,6,1171943255,threshold_sweep,0.3,1,0.571428571429,0.727272727273,4,0,3,14,0.571428571429,1,0,0.428571428571,1,0.571428571429,0.727272727273,0.857142857143,0.603174603175,0.64,0.68599434057,0.571428571429,20,13,7,0,20,0,13,0,7,11,20,0.181818181818,3.04338842975,3.63636363636,2,2.5,1.68954001271,0.464623503495,0.245454545455,1.16774841624,0.642261628933,0.336363636364,1.94000937205,1.06700515463,0.536363636364,1.05689877454,0.347276990411,3.54545454545,3.04338842975,1.05689877454,3.54545454545,0.499047619048,0.4,8,0.0484848484848,0.255555555556,11,11,11,1,0,0.0909090909091,0.636363636364,0.272727272727,11,0.118181818182,3.72727272727,2.36363636364,1.3,1.625,1.43336856898,0.6064251638,0.286713286713,0.603022689156,0.510249967747,0.237762237762,1.40129809949,1.18571377649,0.503496503497,2.05382127221,0.551025219373,7,3.72727272727,2.05382127221,7,0,0,0,0,0.22962962963,11,11,11,1,0,0.0909090909091,0.636363636364,0.272727272727,11,17,0.154545454545,3.17727272727,3.09090909091,1.7,2.125,1.30034960334,0.420701342257,0.208556149733,0.820199532265,0.530717344407,0.267379679144,1.57249078621,1.01749403814,0.513368983957,1.2536673475,0.394573414091,4.4,3.17727272727,1.2536673475,4.4,0.213333333333,0.153846153846,2,0.0121212121212,0.205555555556,11,11,11,1,0,0.0909090909091,0.636363636364,0.272727272727,-3,-0.0272727272727,0.133884297521,-0.545454545455,-0.3,-0.375,-0.389190409368,-0.0439221612377,-0.0368983957219,-0.347548883978,-0.111544284527,-0.0689839572193,-0.367518585835,-0.0495111164884,-0.0229946524064,0.196768572961,0.0472964236795,0.854545454545,0.133884297521,0.196768572961,0.854545454545,-0.285714285714,-0.246153846154,-6,-0.0363636363636,-0.05,0,0,0,17,0,3,90,0.85,1,0,0.15,1,0.85,0.918918918919,0.906962317388,0.85,0.85,4,7,0,0,0,0
49,WLNM_dir_neg,0.887755102041,0.72027972028,00:00:10,10,10,6,1171943255,threshold_sweep,0.4,1,0.571428571429,0.727272727273,4,0,3,14,0.571428571429,1,0,0.428571428571,1,0.571428571429,0.727272727273,0.857142857143,0.603174603175,0.64,0.68599434057,0.571428571429,20,13,7,0,20,0,13,0,7,11,20,0.181818181818,3.04338842975,3.63636363636,2,2.5,1.68954001271,0.464623503495,0.245454545455,1.16774841624,0.642261628933,0.336363636364,1.94000937205,1.06700515463,0.536363636364,1.05689877454,0.347276990411,3.54545454545,3.04338842975,1.05689877454,3.54545454545,0.499047619048,0.4,8,0.0484848484848,0.255555555556,11,11,11,1,0,0.0909090909091,0.636363636364,0.272727272727,11,0.118181818182,3.72727272727,2.36363636364,1.3,1.625,1.43336856898,0.6064251638,0.286713286713,0.603022689156,0.510249967747,0.237762237762,1.40129809949,1.18571377649,0.503496503497,2.05382127221,0.551025219373,7,3.72727272727,2.05382127221,7,0,0,0,0,0.22962962963,11,11,11,1,0,0.0909090909091,0.636363636364,0.272727272727,11,17,0.154545454545,3.17727272727,3.09090909091,1.7,2.125,1.30034960334,0.420701342257,0.208556149733,0.820199532265,0.530717344407,0.267379679144,1.57249078621,1.01749403814,0.513368983957,1.2536673475,0.394573414091,4.4,3.17727272727,1.2536673475,4.4,0.213333333333,0.153846153846,2,0.0121212121212,0.205555555556,11,11,11,1,0,0.0909090909091,0.636363636364,0.272727272727,-3,-0.0272727272727,0.133884297521,-0.545454545455,-0.3,-0.375,-0.389190409368,-0.0439221612377,-0.0368983957219,-0.347548883978,-0.111544284527,-0.0689839572193,-0.367518585835,-0.0495111164884,-0.0229946524064,0.196768572961,0.0472964236795,0.854545454545,0.133884297521,0.196768572961,0.854545454545,-0.285714285714,-0.246153846154,-6,-0.0363636363636,-0.05,0,0,0,17,0,3,90,0.85,1,0,0.15,1,0.85,0.918918918919,0.906962317388,0.85,0.85,4,7,0,0,0,0
50,WLNM_dir_neg,0.887755102041,0.72027972028,00:00:10,10,10,6,1171943255,threshold_sweep,0.5,1,0.571428571429,0.727272727273,4,0,3,14,0.571428571429,1,0,0.428571428571,1,0.571428571429,0.727272727273,0.857142857143,0.603174603175,0.64,0.68599434057,0.571428571429,20,13,7,0,20,0,13,0,7,11,20,0.181818181818,3.04338842975,3.63636363636,2,2.5,1.68954001271,0.464623503495,0.245454545455,1.16774841624,0.642261628933,0.336363636364,1.94000937205,1.06700515463,0.536363636364,1.05689877454,0.347276990411,3.54545454545,3.04338842975,1.05689877454,3.54545454545,0.499047619048,0.4,8,0.0484848484848,0.255555555556,11,11,11,1,0,0.0909090909091,0.636363636364,0.272727272727,11,0.118181818182,3.72727272727,2.36363636364,1.3,1.625,1.43336856898,0.6064251638,0.286713286713,0.603022689156,0.510249967747,0.237762237762,1.40129809949,1.18571377649,0.503496503497,2.05382127221,0.551025219373,7,3.72727272727,2.05382127221,7,0,0,0,0,0.22962962963,11,11,11,1,0,0.0909090909091,0.636363636364,0.272727272727,11,17,0.154545454545,3.17727272727,3.09090909091,1.7,2.125,1.30034960334,0.420701342257,0.208556149733,0.820199532265,0.530717344407,0.267379679144,1.57249078621,1.01749403814,0.513368983957,1.2536673475,0.394573414091,4.4,3.17727272727,1.2536673475,4.4,0.213333333333,0.153846153846,2,0.0121212121212,0.205555555556,11,11,11,1,0,0.0909090909091,0.636363636364,0.272727272727,-3,-0.0272727272727,0.133884297521,-0.545454545455,-0.3,-0.375,-0.389190409368,-0.0439221612377,-0.0368983957219,-0.347548883978,-0.111544284527,-0.0689839572193,-0.367518585835,-0.0495111164884,-0.0229946524064,0.196768572961,0.0472964236795,0.854545454545,0.133884297521,0.196768572961,0.854545454545,-0.285714285714,-0.246153846154,-6,-0.0363636363636,-0.05,0,0,0,17,0,3,90,0.85,1,0,0.15,1,0.85,0.918918918919,0.906962317388,0.85,0.85,4,7,0,0,0,0
51,WLNM_dir_neg,0.887755102041,0.72027972028,00:00:10,10,10,6,1171943255,threshold_sweep,0.6,1,0.571428571429,0.727272727273,4,0,3,14,0.571428571429,1,0,0.428571428571,1,0.571428571429,0.727272727273,0.857142857143,0.603174603175,0.64,0.68599434057,0.571428571429,20,13,7,0,20,0,13,0,7,11,20,0.181818181818,3.04338842975,3.63636363636,2,2.5,1.68954001271,0.464623503495,0.245454545455,1.16774841624,0.642261628933,0.336363636364,1.94000937205,1.06700515463,0.536363636364,1.05689877454,0.347276990411,3.54545454545,3.04338842975,1.05689877454,3.54545454545,0.499047619048,0.4,8,0.0484848484848,0.255555555556,11,11,11,1,0,0.0909090909091,0.636363636364,0.272727272727,11,0.118181818182,3.72727272727,2.36363636364,1.3,1.625,1.43336856898,0.6064251638,0.286713286713,0.603022689156,0.510249967747,0.237762237762,1.40129809949,1.18571377649,0.503496503497,2.05382127221,0.551025219373,7,3.72727272727,2.05382127221,7,0,0,0,0,0.22962962963,11,11,11,1,0,0.0909090909091,0.636363636364,0.272727272727,11,17,0.154545454545,3.17727272727,3.09090909091,1.7,2.125,1.30034960334,0.420701342257,0.208556149733,0.820199532265,0.530717344407,0.267379679144,1.57249078621,1.01749403814,0.513368983957,1.2536673475,0.394573414091,4.4,3.17727272727,1.2536673475,4.4,0.213333333333,0.153846153846,2,0.0121212121212,0.205555555556,11,11,11,1,0,0.0909090909091,0.636363636364,0.272727272727,-3,-0.0272727272727,0.133884297521,-0.545454545455,-0.3,-0.375,-0.389190409368,-0.0439221612377,-0.0368983957219,-0.347548883978,-0.111544284527,-0.0689839572193,-0.367518585835,-0.0495111164884,-0.0229946524064,0.196768572961,0.0472964236795,0.854545454545,0.133884297521,0.196768572961,0.854545454545,-0.285714285714,-0.246153846154,-6,-0.0363636363636,-0.05,0,0,0,17,0,3,90,0.85,1,0,0.15,1,0.85,0.918918918919,0.906962317388,0.85,0.85,4,7,0,0,0,0
52,WLNM_dir_neg,0.887755102041,0.72027972028,00:00:10,10,10,6,1171943255,threshold_sweep,0.7,1,0.571428571429,0.727272727273,4,0,3,14,0.571428571429,1,0,0.428571428571,1,0.571428571429,0.727272727273,0.857142857143,0.603174603175,0.64,0.68599434057,0.571428571429,20,13,7,0,20,0,13,0,7,11,20,0.181818181818,3.04338842975,3.63636363636,2,2.5,1.68954001271,0.464623503495,0.245454545455,1.16774841624,0.642261628933,0.336363636364,1.94000937205,1.06700515463,0.536363636364,1.05689877454,0.347276990411,3.54545454545,3.04338842975,1.05689877454,3.54545454545,0.499047619048,0.4,8,0.0484848484848,0.255555555556,11,11,11,1,0,0.0909090909091,0.636363636364,0.272727272727,11,0.118181818182,3.72727272727,2.36363636364,1.3,1.625,1.43336856898,0.6064251638,0.286713286713,0.603022689156,0.510249967747,0.237762237762,1.40129809949,1.18571377649,0.503496503497,2.05382127221,0.551025219373,7,3.72727272727,2.05382127221,7,0,0,0,0,0.22962962963,11,11,11,1,0,0.0909090909091,0.636363636364,0.272727272727,11,17,0.154545454545,3.17727272727,3.09090909091,1.7,2.125,1.30034960334,0.420701342257,0.208556149733,0.820199532265,0.530717344407,0.267379679144,1.57249078621,1.01749403814,0.513368983957,1.2536673475,0.394573414091,4.4,3.17727272727,1.2536673475,4.4,0.213333333333,0.153846153846,2,0.0121212121212,0.205555555556,11,11,11,1,0,0.0909090909091,0.636363636364,0.272727272727,-3,-0.0272727272727,0.133884297521,-0.545454545455,-0.3,-0.375,-0.389190409368,-0.0439221612377,-0.0368983957219,-0.347548883978,-0.111544284527,-0.0689839572193,-0.367518585835,-0.0495111164884,-0.0229946524064,0.196768572961,0.0472964236795,0.854545454545,0.133884297521,0.196768572961,0.854545454545,-0.285714285714,-0.246153846154,-6,-0.0363636363636,-0.05,0,0,0,17,0,3,90,0.85,1,0,0.15,1,0.85,0.918918918919,0.906962317388,0.85,0.85,4,7,0,0,0,0
53,WLNM_dir_neg,0.887755102041,0.72027972028,00:00:10,10,10,6,1171943255,threshold_sweep,0.8,1,0.571428571429,0.727272727273,4,0,3,14,0.571428571429,1,0,0.428571428571,1,0.571428571429,0.727272727273,0.857142857143,0.603174603175,0.64,0.68599434057,0.571428571429,20,13,7,0,20,0,13,0,7,11,20,0.181818181818,3.04338842975,3.63636363636,2,2.5,1.68954001271,0.464623503495,0.245454545455,1.16774841624,0.642261628933,0.336363636364,1.94000937205,1.06700515463,0.536363636364,1.05689877454,0.347276990411,3.54545454545,3.04338842975,1.05689877454,3.54545454545,0.499047619048,0.4,8,0.0484848484848,0.255555555556,11,11,11,1,0,0.0909090909091,0.636363636364,0.272727272727,11,0.118181818182,3.72727272727,2.36363636364,1.3,1.625,1.43336856898,0.6064251638,0.286713286713,0.603022689156,0.510249967747,0.237762237762,1.40129809949,1.18571377649,0.503496503497,2.05382127221,0.551025219373,7,3.72727272727,2.05382127221,7,0,0,0,0,0.22962962963,11,11,11,1,0,0.0909090909091,0.636363636364,0.272727272727,11,17,0.154545454545,3.17727272727,3.09090909091,1.7,2.125,1.30034960334,0.420701342257,0.208556149733,0.820199532265,0.530717344407,0.267379679144,1.57249078621,1.01749403814,0.513368983957,1.2536673475,0.394573414091,4.4,3.17727272727,1.2536673475,4.4,0.213333333333,0.153846153846,2,0.0121212121212,0.205555555556,11,11,11,1,0,0.0909090909091,0.636363636364,0.272727272727,-3,-0.0272727272727,0.133884297521,-0.545454545455,-0.3,-0.375,-0.389190409368,-0.0439221612377,-0.0368983957219,-0.347548883978,-0.111544284527,-0.0689839572193,-0.367518585835,-0.0495111164884,-0.0229946524064,0.196768572961,0.0472964236795,0.854545454545,0.133884297521,0.196768572961,0.854545454545,-0.285714285714,-0.246153846154,-6,-0.0363636363636,-0.05,0,0,0,17,0,3,90,0.85,1,0,0.15,1,0.85,0.918918918919,0.906962317388,0.85,0.85,4,7,0,0,0,0
54,WLNM_dir_neg,0.887755102041,0.72027972028,00:00:10,10,10,6,1171943255,threshold_sweep,0.9,1,0.571428571429,0.727272727273,4,0,3,14,0.571428571429,1,0,0.428571428571,1,0.571428571429,0.727272727273,0.857142857143,0.603174603175,0.64,0.68599434057,0.571428571429,20,13,7,0,20,0,13,0,7,11,20,0.181818181818,3.04338842975,3.63636363636,2,2.5,1.68954001271,0.464623503495,0.245454545455,1.16774841624,0.642261628933,0.336363636364,1.94000937205,1.06700515463,0.536363636364,1.05689877454,0.347276990411,3.54545454545,3.04338842975,1.05689877454,3.54545454545,0.499047619048,0.4,8,0.0484848484848,0.255555555556,11,11,11,1,0,0.0909090909091,0.636363636364,0.272727272727,11,0.118181818182,3.72727272727,2.36363636364,1.3,1.625,1.43336856898,0.6064251638,0.286713286713,0.603022689156,0.510249967747,0.237762237762,1.40129809949,1.18571377649,0.503496503497,2.05382127221,0.551025219373,7,3.72727272727,2.05382127221,7,0,0,0,0,0.22962962963,11,11,11,1,0,0.0909090909091,0.636363636364,0.272727272727,11,17,0.154545454545,3.17727272727,3.09090909091,1.7,2.125,1.30034960334,0.420701342257,0.208556149733,0.820199532265,0.530717344407,0.267379679144,1.57249078621,1.01749403814,0.513368983957,1.2536673475,0.394573414091,4.4,3.17727272727,1.2536673475,4.4,0.213333333333,0.153846153846,2,0.0121212121212,0.205555555556,11,11,11,1,0,0.0909090909091,0.636363636364,0.272727272727,-3,-0.0272727272727,0.133884297521,-0.545454545455,-0.3,-0.375,-0.389190409368,-0.0439221612377,-0.0368983957219,-0.347548883978,-0.111544284527,-0.0689839572193,-0.367518585835,-0.0495111164884,-0.0229946524064,0.196768572961,0.0472964236795,0.854545454545,0.133884297521,0.196768572961,0.854545454545,-0.285714285714,-0.246153846154,-6,-0.0363636363636,-0.05,0,0,0,17,0,3,90,0.85,1,0,0.15,1,0.85,0.918918918919,0.906962317388,0.85,0.85,4,7,0,0,0,0
55,WLNM_dir_neg,0.785714285714,0.563697017268,00:00:10,10,10,7,1171943256,threshold_sweep,0.1,0.833333333333,0.714285714286,0.769230769231,5,1,2,13,0.714285714286,0.928571428571,0.0714285714286,0.285714285714,0.833333333333,0.714285714286,0.769230769231,0.857142857143,0.571428571429,0.666666666667,0.67082039325,0.642857142857,20,13,7,0,20,0,13,0,7,11,20,0.181818181818,3.04338842975,3.63636363636,2,2.5,1.68954001271,0.464623503495,0.245454545455,1.16774841624,0.642261628933,0.336363636364,1.94000937205,1.06700515463,0.536363636364,1.05689877454,0.347276990411,3.54545454545,3.04338842975,1.05689877454,3.54545454545,0.499047619048,0.4,8,0.0484848484848,0.255555555556,11,11,11,1,0,0.0909090909091,0.636363636364,0.272727272727,11,0.118181818182,3.72727272727,2.36363636364,1.3,1.625,1.43336856898,0.6064251638,0.286713286713,0.603022689156,0.510249967747,0.237762237762,1.40129809949,1.18571377649,0.503496503497,2.05382127221,0.551025219373,7,3.72727272727,2.05382127221,7,0,0,0,0,0.22962962963,11,11,11,1,0,0.0909090909091,0.636363636364,0.272727272727,11,19,0.172727272727,5.99715909091,3.45454545455,1.9,2.375,1.69491217257,0.490632471007,0.253588516746,0.904534033733,0.523677598477,0.267942583732,1.67874411933,0.971904490138,0.507177033493,2.14896661873,0.35833076731,7.5,5.99715909091,2.14896661873,7.5,0.432380952381,0.333333333333,6,0.0363636363636,0.219259259259,11,11,11,1,0,0.0909090909091,0.636363636364,0.272727272727,-1,-0.00909090909091,2.95377066116,-0.181818181818,-0.1,-0.125,0.00537215986117,0.0260089675122,0.00813397129187,-0.263214382509,-0.118584030456,-0.0684210526316,-0.26126525272,-0.0951006644889,-0.0291866028708,1.09206784419,0.0110537768992,3.95454545455,2.95377066116,1.09206784419,3.95454545455,-0.0666666666667,-0.0666666666667,-2,-0.0121212121212,-0.0362962962963,0,0,0,18,1,2,89,0.9,0.988888888889,0.0111111111111,0.1,0.947368421053,0.9,0.923076923077,0.906956031802,0.888888888889,0.857142857143,6,7,0,0,0,0
56,WLNM_dir_neg,0.785714285714,0.563697017268,00:00:10,10,10,7,1171943256,threshold_sweep,0.2,0.833333333333,0.714285714286,0.769230769231,5,1,2,13,0.714285714286,0.928571428571,0.0714285714286,0.285714285714,0.833333333333,0.714285714286,0.769230769231,0.857142857143,0.571428571429,0.666666666667,0.67082039325,0.642857142857,20,13,7,0,20,0,13,0,7,11,20,0.181818181818,3.04338842975,3.63636363636,2,2.5,1.68954001271,0.464623503495,0.245454545455,1.16774841624,0.642261628933,0.336363636364,1.94000937205,1.06700515463,0.536363636364,1.05689877454,0.347276990411,3.54545454545,3.04338842975,1.05689877454,3.54545454545,0.499047619048,0.4,8,0.0484848484848,0.255555555556,11,11,11,1,0,0.0909090909091,0.636363636364,0.272727272727,11,0.118181818182,3.72727272727,2.36363636364,1.3,1.625,1.43336856898,0.6064251638,0.286713286713,0.603022689156,0.510249967747,0.237762237762,1.40129809949,1.18571377649,0.503496503497,2.05382127221,0.551025219373,7,3.72727272727,2.05382127221,7,0,0,0,0,0.22962962963,11,11,11,1,0,0.0909090909091,0.636363636364,0.272727272727,11,19,0.172727272727,5.99715909091,3.45454545455,1.9,2.375,1.69491217257,0.490632471007,0.253588516746,0.904534033733,0.523677598477,0.267942583732,1.67874411933,0.971904490138,0.507177033493,2.14896661873,0.35833076731,7.5,5.99715909091,2.14896661873,7.5,0.432380952381,0.333333333333,6,0.0363636363636,0.219259259259,11,11,11,1,0,0.0909090909091,0.636363636364,0.272727272727,-1,-0.00909090909091,2.95377066116,-0.181818181818,-0.1,-0.125,0.00537215986117,0.0260089675122,0.00813397129187,-0.263214382509,-0.118584030456,-0.0684210526316,-0.26126525272,-0.0951006644889,-0.0291866028708,1.09206784419,0.0110537768992,3.95454545455,2.95377066116,1.09206784419,3.95454545455,-0.0666666666667,-0.0666666666667,-2,-0.0121212121212,-0.0362962962963,0,0,0,18,1,2,89,0.9,0.988888888889,0.0111111111111,0.1,0.947368421053,0.9,0.923076923077,0.906956031802,0.888888888889,0.857142857143,6,7,0,0,0,0
57,WLNM_dir_neg,0.785714285714,0.563697017268,00:00:10,10,10,7,1171943256,threshold_sweep,0.3,0.833333333333,0.714285714286,0.769230769231,5,1,2,13,0.714285714286,0.928571428571,0.0714285714286,0.285714285714,0.833333333333,0.714285714286,0.769230769231,0.857142857143,0.571428571429,0.666666666667,0.67082039325,0.642857142857,20,13,7,0,20,0,13,0,7,11,20,0.181818181818,3.04338842975,3.63636363636,2,2.5,1.68954001271,0.464623503495,0.245454545455,1.16774841624,0.642261628933,0.336363636364,1.94000937205,1.06700515463,0.536363636364,1.05689877454,0.347276990411,3.54545454545,3.04338842975,1.05689877454,3.54545454545,0.499047619048,0.4,8,0.0484848484848,0.255555555556,11,11,11,1,0,0.0909090909091,0.636363636364,0.272727272727,11,0.118181818182,3.72727272727,2.36363636364,1.3,1.625,1.43336856898,0.6064251638,0.286713286713,0.603022689156,0.510249967747,0.237762237762,1.40129809949,1.18571377649,0.503496503497,2.05382127221,0.551025219373,7,3.72727272727,2.05382127221,7,0,0,0,0,0.22962962963,11,11,11,1,0,0.0909090909091,0.636363636364,0.272727272727,11,19,0.172727272727,5.99715909091,3.45454545455,1.9,2.375,1.69491217257,0.490632471007,0.253588516746,0.904534033733,0.523677598477,0.267942583732,1.67874411933,0.971904490138,0.507177033493,2.14896661873,0.35833076731,7.5,5.99715909091,2.14896661873,7.5,0.432380952381,0.333333333333,6,0.0363636363636,0.219259259259,11,11,11,1,0,0.0909090909091,0.636363636364,0.272727272727,-1,-0.00909090909091,2.95377066116,-0.181818181818,-0.1,-0.125,0.00537215986117,0.0260089675122,0.00813397129187,-0.263214382509,-0.118584030456,-0.0684210526316,-0.26126525272,-0.0951006644889,-0.0291866028708,1.09206784419,0.0110537768992,3.95454545455,2.95377066116,1.09206784419,3.95454545455,-0.0666666666667,-0.0666666666667,-2,-0.0121212121212,-0.0362962962963,0,0,0,18,1,2,89,0.9,0.988888888889,0.0111111111111,0.1,0.947368421053,0.9,0.923076923077,0.906956031802,0.888888888889,0.857142857143,6,7,0,0,0,0
58,WLNM_dir_neg,0.785714285714,0.563697017268,00:00:10,10,10,7,1171943256,threshold_sweep,0.4,0.833333333333,0.714285714286,0.769230769231,5,1,2,13,0.714285714286,0.928571428571,0.0714285714286,0.285714285714,0.833333333333,0.714285714286,0.769230769231,0.857142857143,0.571428571429,0.666666666667,0.67082039325,0.642857142857,20,13,7,0,20,0,13,0,7,11,20,0.181818181818,3.04338842975,3.63636363636,2,2.5,1.68954001271,0.464623503495,0.245454545455,1.16774841624,0.642261628933,0.336363636364,1.94000937205,1.06700515463,0.536363636364,1.05689877454,0.347276990411,3.54545454545,3.04338842975,1.05689877454,3.54545454545,0.499047619048,0.4,8,0.0484848484848,0.255555555556,11,11,11,1,0,0.0909090909091,0.636363636364,0.272727272727,11,0.118181818182,3.72727272727,2.36363636364,1.3,1.625,1.43336856898,0.6064251638,0.286713286713,0.603022689156,0.510249967747,0.237762237762,1.40129809949,1.18571377649,0.503496503497,2.05382127221,0.551025219373,7,3.72727272727,2.05382127221,7,0,0,0,0,0.22962962963,11,11,11,1,0,0.0909090909091,0.636363636364,0.272727272727,11,19,0.172727272727,5.99715909091,3.45454545455,1.9,2.375,1.69491217257,0.490632471007,0.253588516746,0.904534033733,0.523677598477,0.267942583732,1.67874411933,0.971904490138,0.507177033493,2.14896661873,0.35833076731,7.5,5.99715909091,2.14896661873,7.5,0.432380952381,0.333333333333,6,0.0363636363636,0.219259259259,11,11,11,1,0,0.0909090909091,0.636363636364,0.272727272727,-1,-0.00909090909091,2.95377066116,-0.181818181818,-0.1,-0.125,0.00537215986117,0.0260089675122,0.00813397129187,-0.263214382509,-0.118584030456,-0.0684210526316,-0.26126525272,-0.0951006644889,-0.0291866028708,1.09206784419,0.0110537768992,3.95454545455,2.95377066116,1.09206784419,3.95454545455,-0.0666666666667,-0.0666666666667,-2,-0.0121212121212,-0.0362962962963,0,0,0,18,1,2,89,0.9,0.988888888889,0.0111111111111,0.1,0.947368421053,0.9,0.923076923077,0.906956031802,0.888888888889,0.857142857143,6,7,0,0,0,0
59,WLNM_dir_neg,0.785714285714,0.563697017268,00:00:10,10,10,7,1171943256,threshold_sweep,0.5,0.8,0.571428571429,0.666666666667,4,1,3,13,0.571428571429,0.928571428571,0.0714285714286,0.428571428571,0.8,0.571428571429,0.666666666667,0.809523809524,0.587301587302,0.538461538462,0.553398590529,0.5,20,13,7,0,20,0,13,0,7,11,20,0.181818181818,3.04338842975,3.63636363636,2,2.5,1.68954001271,0.464623503495,0.245454545455,1.16774841624,0.642261628933,0.336363636364,1.94000937205,1.06700515463,0.536363636364,1.05689877454,0.347276990411,3.54545454545,3.04338842975,1.05689877454,3.54545454545,0.499047619048,0.4,8,0.0484848484848,0.255555555556,11,11,11,1,0,0.0909090909091,0.636363636364,0.272727272727,11,0.118181818182,3.72727272727,2.36363636364,1.3,1.625,1.43336856898,0.6064251638,0.286713286713,0.603022689156,0.510249967747,0.237762237762,1.40129809949,1.18571377649,0.503496503497,2.05382127221,0.551025219373,7,3.72727272727,2.05382127221,7,0,0,0,0,0.22962962963,11,11,11,1,0,0.0909090909091,0.636363636364,0.272727272727,11,18,0.163636363636,6.2,3.27272727273,1.8,2.25,1.61807966991,0.494413232473,0.242424242424,0.809039834956,0.494413232473,0.242424242424,1.5666989036,0.957427107756,0.494949494949,2.28560714035,0.368646312959,8.2,6.2,2.28560714035,8.2,0.302380952381,0.25,4,0.0242424242424,0.205555555556,11,11,11,1,0,0.0909090909091,0.636363636364,0.272727272727,-2,-0.0181818181818,3.15661157025,-0.363636363636,-0.2,-0.25,-0.0714603427974,0.029789728978,-0.0030303030303,-0.358708581286,-0.14784839646,-0.0939393939394,-0.373310468447,-0.10957804687,-0.0414141414141,1.22870836581,0.0213693225477,4.65454545455,3.15661157025,1.22870836581,4.65454545455,-0.196666666667,-0.15,-4,-0.0242424242424,-0.05,0,0,0,17,1,3,89,0.85,0.988888888889,0.0111111111111,0.15,0.944444444444,0.85,0.894736842105,0.874602125628,0.838888888889,0.809523809524,5,7,0,0,0,0
60,WLNM_dir_neg,0.785714285714,0.563697017268,00:00:10,10,10,7,1171943256,threshold_sweep,0.6,0.8,0.571428571429,0.666666666667,4,1,3,13,0.571428571429,0.928571428571,0.0714285714286,0.428571428571,0.8,0.571428571429,0.666666666667,0.809523809524,0.587301587302,0.538461538462,0.553398590529,0.5,20,13,7,0,20,0,13,0,7,11,20,0.181818181818,3.04338842975,3.63636363636,2,2.5,1.68954001271,0.464623503495,0.245454545455,1.16774841624,0.642261628933,0.336363636364,1.94000937205,1.06700515463,0.536363636364,1.05689877454,0.347276990411,3.54545454545,3.04338842975,1.05689877454,3.54545454545,0.499047619048,0.4,8,0.0484848484848,0.255555555556,11,11,11,1,0,0.0909090909091,0.636363636364,0.272727272727,11,0.118181818182,3.72727272727,2.36363636364,1.3,1.625,1.43336856898,0.6064251638,0.286713286713,0.603022689156,0.510249967747,0.237762237762,1.40129809949,1.18571377649,0.503496503497,2.05382127221,0.551025219373,7,3.72727272727,2.05382127221,7,0,0,0,0,0.22962962963,11,11,11,1,0,0.0909090909091,0.636363636364,0.272727272727,11,18,0.163636363636,6.2,3.27272727273,1.8,2.25,1.61807966991,0.494413232473,0.242424242424,0.809039834956,0.494413232473,0.242424242424,1.5666989036,0.957427107756,0.494949494949,2.28560714035,0.368646312959,8.2,6.2,2.28560714035,8.2,0.302380952381,0.25,4,0.0242424242424,0.205555555556,11,11,11,1,0,0.0909090909091,0.636363636364,0.272727272727,-2,-0.0181818181818,3.15661157025,-0.363636363636,-0.2,-0.25,-0.0714603427974,0.029789728978,-0.0030303030303,-0.358708581286,-0.14784839646,-0.0939393939394,-0.373310468447,-0.10957804687,-0.0414141414141,1.22870836581,0.0213693225477,4.65454545455,3.15661157025,1.22870836581,4.65454545455,-0.196666666667,-0.15,-4,-0.0242424242424,-0.05,0,0,0,17,1,3,89,0.85,0.988888888889,0.0111111111111,0.15,0.944444444444,0.85,0.894736842105,0.874602125628,0.838888888889,0.809523809524,5,7,0,0,0,0
61,WLNM_dir_neg,0.785714285714,0.563697017268,00:00:10,10,10,7,1171943256,threshold_sweep,0.7,0.8,0.571428571429,0.666666666667,4,1,3,13,0.571428571429,0.928571428571,0.0714285714286,0.428571428571,0.8,0.571428571429,0.666666666667,0.809523809524,0.587301587302,0.538461538462,0.553398590529,0.5,20,13,7,0,20,0,13,0,7,11,20,0.181818181818,3.04338842975,3.63636363636,2,2.5,1.68954001271,0.464623503495,0.245454545455,1.16774841624,0.642261628933,0.336363636364,1.94000937205,1.06700515463,0.536363636364,1.05689877454,0.347276990411,3.54545454545,3.04338842975,1.05689877454,3.54545454545,0.499047619048,0.4,8,0.0484848484848,0.255555555556,11,11,11,1,0,0.0909090909091,0.636363636364,0.272727272727,11,0.118181818182,3.72727272727,2.36363636364,1.3,1.625,1.43336856898,0.6064251638,0.286713286713,0.603022689156,0.510249967747,0.237762237762,1.40129809949,1.18571377649,0.503496503497,2.05382127221,0.551025219373,7,3.72727272727,2.05382127221,7,0,0,0,0,0.22962962963,11,11,11,1,0,0.0909090909091,0.636363636364,0.272727272727,11,18,0.163636363636,6.2,3.27272727273,1.8,2.25,1.61807966991,0.494413232473,0.242424242424,0.809039834956,0.494413232473,0.242424242424,1.5666989036,0.957427107756,0.494949494949,2.28560714035,0.368646312959,8.2,6.2,2.28560714035,8.2,0.302380952381,0.25,4,0.0242424242424,0.205555555556,11,11,11,1,0,0.0909090909091,0.636363636364,0.272727272727,-2,-0.0181818181818,3.15661157025,-0.363636363636,-0.2,-0.25,-0.0714603427974,0.029789728978,-0.0030303030303,-0.358708581286,-0.14784839646,-0.0939393939394,-0.373310468447,-0.10957804687,-0.0414141414141,1.22870836581,0.0213693225477,4.65454545455,3.15661157025,1.22870836581,4.65454545455,-0.196666666667,-0.15,-4,-0.0242424242424,-0.05,0,0,0,17,1,3,89,0.85,0.988888888889,0.0111111111111,0.15,0.944444444444,0.85,0.894736842105,0.874602125628,0.838888888889,0.809523809524,5,7,0,0,0,0
62,WLNM_dir_neg,0.785714285714,0.563697017268,00:00:10,10,10,7,1171943256,threshold_sweep,0.8,0.8,0.571428571429,0.666666666667,4,1,3,13,0.571428571429,0.928571428571,0.0714285714286,0.428571428571,0.8,0.571428571429,0.666666666667,0.809523809524,0.587301587302,0.538461538462,0.553398590529,0.5,20,13,7,0,20,0,13,0,7,11,20,0.181818181818,3.04338842975,3.63636363636,2,2.5,1.68954001271,0.464623503495,0.245454545455,1.16774841624,0.642261628933,0.336363636364,1.94000937205,1.06700515463,0.536363636364,1.05689877454,0.347276990411,3.54545454545,3.04338842975,1.05689877454,3.54545454545,0.499047619048,0.4,8,0.0484848484848,0.255555555556,11,11,11,1,0,0.0909090909091,0.636363636364,0.272727272727,11,0.118181818182,3.72727272727,2.36363636364,1.3,1.625,1.43336856898,0.6064251638,0.286713286713,0.603022689156,0.510249967747,0.237762237762,1.40129809949,1.18571377649,0.503496503497,2.05382127221,0.551025219373,7,3.72727272727,2.05382127221,7,0,0,0,0,0.22962962963,11,11,11,1,0,0.0909090909091,0.636363636364,0.272727272727,11,18,0.163636363636,6.2,3.27272727273,1.8,2.25,1.61807966991,0.494413232473,0.242424242424,0.809039834956,0.494413232473,0.242424242424,1.5666989036,0.957427107756,0.494949494949,2.28560714035,0.368646312959,8.2,6.2,2.28560714035,8.2,0.302380952381,0.25,4,0.0242424242424,0.205555555556,11,11,11,1,0,0.0909090909091,0.636363636364,0.272727272727,-2,-0.0181818181818,3.15661157025,-0.363636363636,-0.2,-0.25,-0.0714603427974,0.029789728978,-0.0030303030303,-0.358708581286,-0.14784839646,-0.0939393939394,-0.373310468447,-0.10957804687,-0.0414141414141,1.22870836581,0.0213693225477,4.65454545455,3.15661157025,1.22870836581,4.65454545455,-0.196666666667,-0.15,-4,-0.0242424242424,-0.05,0,0,0,17,1,3,89,0.85,0.988888888889,0.0111111111111,0.15,0.944444444444,0.85,0.894736842105,0.874602125628,0.838888888889,0.809523809524,5,7,0,0,0,0
63,WLNM_dir_neg,0.785714285714,0.563697017268,00:00:10,10,10,7,1171943256,threshold_sweep,0.9,0.8,0.571428571429,0.666666666667,4,1,3,13,0.571428571429,0.928571428571,0.0714285714286,0.428571428571,0.8,0.571428571429,0.666666666667,0.809523809524,0.587301587302,0.538461538462,0.553398590529,0.5,20,13,7,0,20,0,13,0,7,11,20,0.181818181818,3.04338842975,3.63636363636,2,2.5,1.68954001271,0.464623503495,0.245454545455,1.16774841624,0.642261628933,0.336363636364,1.94000937205,1.06700515463,0.536363636364,1.05689877454,0.347276990411,3.54545454545,3.04338842975,1.05689877454,3.54545454545,0.499047619048,0.4,8,0.0484848484848,0.255555555556,11,11,11,1,0,0.0909090909091,0.636363636364,0.272727272727,11,0.118181818182,3.72727272727,2.36363636364,1.3,1.625,1.43336856898,0.6064251638,0.286713286713,0.603022689156,0.510249967747,0.237762237762,1.40129809949,1.18571377649,0.503496503497,2.05382127221,0.551025219373,7,3.72727272727,2.05382127221,7,0,0,0,0,0.22962962963,11,11,11,1,0,0.0909090909091,0.636363636364,0.272727272727,11,18,0.163636363636,6.2,3.27272727273,1.8,2.25,1.61807966991,0.494413232473,0.242424242424,0.809039834956,0.494413232473,0.242424242424,1.5666989036,0.957427107756,0.494949494949,2.28560714035,0.368646312959,8.2,6.2,2.28560714035,8.2,0.302380952381,0.25,4,0.0242424242424,0.205555555556,11,11,11,1,0,0.0909090909091,0.636363636364,0.272727272727,-2,-0.0181818181818,3.15661157025,-0.363636363636,-0.2,-0.25,-0.0714603427974,0.029789728978,-0.0030303030303,-0.358708581286,-0.14784839646,-0.0939393939394,-0.373310468447,-0.10957804687,-0.0414141414141,1.22870836581,0.0213693225477,4.65454545455,3.15661157025,1.22870836581,4.65454545455,-0.196666666667,-0.15,-4,-0.0242424242424,-0.05,0,0,0,17,1,3,89,0.85,0.988888888889,0.0111111111111,0.15,0.944444444444,0.85,0.894736842105,0.874602125628,0.838888888889,0.809523809524,5,7,0,0,0,0
64,WLNM_dir_neg,0.826530612245,0.547497845292,00:00:10,10,10,8,1171943257,threshold_sweep,0.1,1,0.714285714286,0.833333333333,5,0,2,14,0.714285714286,1,0,0.285714285714,1,0.714285714286,0.833333333333,0.904761904762,0.587301587302,0.769230769231,0.790569415042,0.714285714286,20,13,7,0,20,0,13,0,7,11,20,0.181818181818,3.04338842975,3.63636363636,2,2.5,1.68954001271,0.464623503495,0.245454545455,1.16774841624,0.642261628933,0.336363636364,1.94000937205,1.06700515463,0.536363636364,1.05689877454,0.347276990411,3.54545454545,3.04338842975,1.05689877454,3.54545454545,0.499047619048,0.4,8,0.0484848484848,0.255555555556,11,11,11,1,0,0.0909090909091,0.636363636364,0.272727272727,11,0.118181818182,3.72727272727,2.36363636364,1.3,1.625,1.43336856898,0.6064251638,0.286713286713,0.603022689156,0.510249967747,0.237762237762,1.40129809949,1.18571377649,0.503496503497,2.05382127221,0.551025219373,7,3.72727272727,2.05382127221,7,0,0,0,0,0.22962962963,11,11,11,1,0,0.0909090909091,0.636363636364,0.272727272727,11,18,0.163636363636,3.11363636364,3.27272727273,1.8,2.25,1.42062726223,0.434080552347,0.227272727273,0.924416277737,0.564921058617,0.292929292929,1.68954001271,1.03249667443,0.525252525253,1.14353419474,0.367266456706,3.875,3.11363636364,1.14353419474,3.875,0.366666666667,0.266666666667,4,0.0242424242424,0.221111111111,11,11,11,1,0,0.0909090909091,0.636363636364,0.272727272727,-2,-0.0181818181818,0.0702479338843,-0.363636363636,-0.2,-0.25,-0.268912750482,-0.030542951148,-0.0181818181818,-0.243332138505,-0.0773405703161,-0.0434343434343,-0.250469359339,-0.0345084801933,-0.0111111111111,0.0866354202056,0.0199894662943,0.329545454545,0.0702479338843,0.0866354202056,0.329545454545,-0.132380952381,-0.133333333333,-4,-0.0242424242424,-0.0344444444444,0,0,0,18,0,2,90,0.9,1,0,0.1,1,0.9,0.947368421053,0.938314863257,0.9,0.9,5,7,0,0,0,0
65,WLNM_dir_neg,0.826530612245,0.547497845292,00:00:10,10,10,8,1171943257,threshold_sweep,0.2,1,0.714285714286,0.833333333333,5,0,2,14,0.714285714286,1,0,0.285714285714,1,0.714285714286,0.833333333333,0.904761904762,0.587301587302,0.769230769231,0.790569415042,0.714285714286,20,13,7,0,20,0,13,0,7,11,20,0.181818181818,3.04338842975,3.63636363636,2,2.5,1.68954001271,0.464623503495,0.245454545455,1.16774841624,0.642261628933,0.336363636364,1.94000937205,1.06700515463,0.536363636364,1.05689877454,0.347276990411,3.54545454545,3.04338842975,1.05689877454,3.54545454545,0.499047619048,0.4,8,0.0484848484848,0.255555555556,11,11,11,1,0,0.0909090909091,0.636363636364,0.272727272727,11,0.118181818182,3.72727272727,2.36363636364,1.3,1.625,1.43336856898,0.6064251638,0.286713286713,0.603022689156,0.510249967747,0.237762237762,1.40129809949,1.18571377649,0.503496503497,2.05382127221,0.551025219373,7,3.72727272727,2.05382127221,7,0,0,0,0,0.22962962963,11,11,11,1,0,0.0909090909091,0.636363636364,0.272727272727,11,18,0.163636363636,3.11363636364,3.27272727273,1.8,2.25,1.42062726223,0.434080552347,0.227272727273,0.924416277737,0.564921058617,0.292929292929,1.68954001271,1.03249667443,0.525252525253,1.14353419474,0.367266456706,3.875,3.11363636364,1.14353419474,3.875,0.366666666667,0.266666666667,4,0.0242424242424,0.221111111111,11,11,11,1,0,0.0909090909091,0.636363636364,0.272727272727,-2,-0.0181818181818,0.0702479338843,-0.363636363636,-0.2,-0.25,-0.268912750482,-0.030542951148,-0.0181818181818,-0.243332138505,-0.0773405703161,-0.0434343434343,-0.250469359339,-0.0345084801933,-0.0111111111111,0.0866354202056,0.0199894662943,0.329545454545,0.0702479338843,0.0866354202056,0.329545454545,-0.132380952381,-0.133333333333,-4,-0.0242424242424,-0.0344444444444,0,0,0,18,0,2,90,0.9,1,0,0.1,1,0.9,0.947368421053,0.938314863257,0.9,0.9,5,7,0,0,0,0
66,WLNM_dir_neg,0.826530612245,0.547497845292,00:00:10,10,10,8,1171943257,threshold_sweep,0.3,1,0.714285714286,0.833333333333,5,0,2,14,0.714285714286,1,0,0.285714285714,1,0.714285714286,0.833333333333,0.904761904762,0.587301587302,0.769230769231,0.790569415042,0.714285714286,20,13,7,0,20,0,13,0,7,11,20,0.181818181818,3.04338842975,3.63636363636,2,2.5,1.68954001271,0.464623503495,0.245454545455,1.16774841624,0.642261628933,0.336363636364,1.94000937205,1.06700515463,0.536363636364,1.05689877454,0.347276990411,3.54545454545,3.04338842975,1.05689877454,3.54545454545,0.499047619048,0.4,8,0.0484848484848,0.255555555556,11,11,11,1,0,0.0909090909091,0.636363636364,0.272727272727,11,0.118181818182,3.72727272727,2.36363636364,1.3,1.625,1.43336856898,0.6064251638,0.286713286713,0.603022689156,0.510249967747,0.237762237762,1.40129809949,1.18571377649,0.503496503497,2.05382127221,0.551025219373,7,3.72727272727,2.05382127221,7,0,0,0,0,0.22962962963,11,11,11,1,0,0.0909090909091,0.636363636364,0.272727272727,11,18,0.163636363636,3.11363636364,3.27272727273,1.8,2.25,1.42062726223,0.434080552347,0.227272727273,0.924416277737,0.564921058617,0.292929292929,1.68954001271,1.03249667443,0.525252525253,1.14353419474,0.367266456706,3.875,3.11363636364,1.14353419474,3.875,0.366666666667,0.266666666667,4,0.0242424242424,0.221111111111,11,11,11,1,0,0.0909090909091,0.636363636364,0.272727272727,-2,-0.0181818181818,0.0702479338843,-0.363636363636,-0.2,-0.25,-0.268912750482,-0.030542951148,-0.0181818181818,-0.243332138505,-0.0773405703161,-0.0434343434343,-0.250469359339,-0.0345084801933,-0.0111111111111,0.0866354202056,0.0199894662943,0.329545454545,0.0702479338843,0.0866354202056,0.329545454545,-0.132380952381,-0.133333333333,-4,-0.0242424242424,-0.0344444444444,0,0,0,18,0,2,90,0.9,1,0,0.1,1,0.9,0.947368421053,0.938314863257,0.9,0.9,5,7,0,0,0,0
67,WLNM_dir_neg,0.826530612245,0.547497845292,00:00:10,10,10,8,1171943257,threshold_sweep,0.4,1,0.714285714286,0.833333333333,5,0,2,14,0.714285714286,1,0,0.285714285714,1,0.714285714286,0.833333333333,0.904761904762,0.587301587302,0.769230769231,0.790569415042,0.714285714286,20,13,7,0,20,0,13,0,7,11,20,0.181818181818,3.04338842975,3.63636363636,2,2.5,1.68954001271,0.464623503495,0.245454545455,1.16774841624,0.642261628933,0.336363636364,1.94000937205,1.06700515463,0.536363636364,1.05689877454,0.347276990411,3.54545454545,3.04338842975,1.05689877454,3.54545454545,0.499047619048,0.4,8,0.0484848484848,0.255555555556,11,11,11,1,0,0.0909090909091,0.636363636364,0.272727272727,11,0.118181818182,3.72727272727,2.36363636364,1.3,1.625,1.43336856898,0.6064251638,0.286713286713,0.603022689156,0.510249967747,0.237762237762,1.40129809949,1.18571377649,0.503496503497,2.05382127221,0.551025219373,7,3.72727272727,2.05382127221,7,0,0,0,0,0.22962962963,11,11,11,1,0,0.0909090909091,0.636363636364,0.272727272727,11,18,0.163636363636,3.11363636364,3.27272727273,1.8,2.25,1.42062726223,0.434080552347,0.227272727273,0.924416277737,0.564921058617,0.292929292929,1.68954001271,1.03249667443,0.525252525253,1.14353419474,0.367266456706,3.875,3.11363636364,1.14353419474,3.875,0.366666666667,0.266666666667,4,0.0242424242424,0.221111111111,11,11,11,1,0,0.0909090909091,0.636363636364,0.272727272727,-2,-0.0181818181818,0.0702479338843,-0.363636363636,-0.2,-0.25,-0.268912750482,-0.030542951148,-0.0181818181818,-0.243332138505,-0.0773405703161,-0.0434343434343,-0.250469359339,-0.0345084801933,-0.0111111111111,0.0866354202056,0.0199894662943,0.329545454545,0.0702479338843,0.0866354202056,0.329545454545,-0.132380952381,-0.133333333333,-4,-0.0242424242424,-0.0344444444444,0,0,0,18,0,2,90,0.9,1,0,0.1,1,0.9,0.947368421053,0.938314863257,0.9,0.9,5,7,0,0,0,0
68,WLNM_dir_neg,0.826530612245,0.547497845292,00:00:10,10,10,8,1171943257,threshold_sweep,0.5,1,0.714285714286,0.833333333333,5,0,2,14,0.714285714286,1,0,0.285714285714,1,0.714285714286,0.833333333333,0.904761904762,0.587301587302,0.769230769231,0.790569415042,0.714285714286,20,13,7,0,20,0,13,0,7,11,20,0.181818181818,3.04338842975,3.63636363636,2,2.5,1.68954001271,0.464623503495,0.245454545455,1.16774841624,0.642261628933,0.336363636364,1.94000937205,1.06700515463,0.536363636364,1.05689877454,0.347276990411,3.54545454545,3.04338842975,1.05689877454,3.54545454545,0.499047619048,0.4,8,0.0484848484848,0.255555555556,11,11,11,1,0,0.0909090909091,0.636363636364,0.272727272727,11,0.118181818182,3.72727272727,2.36363636364,1.3,1.625,1.43336856898,0.6064251638,0.286713286713,0.603022689156,0.510249967747,0.237762237762,1.40129809949,1.18571377649,0.503496503497,2.05382127221,0.551025219373,7,3.72727272727,2.05382127221,7,0,0,0,0,0.22962962963,11,11,11,1,0,0.0909090909091,0.636363636364,0.272727272727,11,18,0.163636363636,3.11363636364,3.27272727273,1.8,2.25,1.42062726223,0.434080552347,0.227272727273,0.924416277737,0.564921058617,0.292929292929,1.68954001271,1.03249667443,0.525252525253,1.14353419474,0.367266456706,3.875,3.11363636364,1.14353419474,3.875,0.366666666667,0.266666666667,4,0.0242424242424,0.221111111111,11,11,11,1,0,0.0909090909091,0.636363636364,0.272727272727,-2,-0.0181818181818,0.0702479338843,-0.363636363636,-0.2,-0.25,-0.268912750482,-0.030542951148,-0.0181818181818,-0.243332138505,-0.0773405703161,-0.0434343434343,-0.250469359339,-0.0345084801933,-0.0111111111111,0.0866354202056,0.0199894662943,0.329545454545,0.0702479338843,0.0866354202056,0.329545454545,-0.132380952381,-0.133333333333,-4,-0.0242424242424,-0.0344444444444,0,0,0,18,0,2,90,0.9,1,0,0.1,1,0.9,0.947368421053,0.938314863257,0.9,0.9,5,7,0,0,0,0
69,WLNM_dir_neg,0.826530612245,0.547497845292,00:00:10,10,10,8,1171943257,threshold_sweep,0.6,1,0.714285714286,0.833333333333,5,0,2,14,0.714285714286,1,0,0.285714285714,1,0.714285714286,0.833333333333,0.904761904762,0.587301587302,0.769230769231,0.790569415042,0.714285714286,20,13,7,0,20,0,13,0,7,11,20,0.181818181818,3.04338842975,3.63636363636,2,2.5,1.68954001271,0.464623503495,0.245454545455,1.16774841624,0.642261628933,0.336363636364,1.94000937205,1.06700515463,0.536363636364,1.05689877454,0.347276990411,3.54545454545,3.04338842975,1.05689877454,3.54545454545,0.499047619048,0.4,8,0.0484848484848,0.255555555556,11,11,11,1,0,0.0909090909091,0.636363636364,0.272727272727,11,0.118181818182,3.72727272727,2.36363636364,1.3,1.625,1.43336856898,0.6064251638,0.286713286713,0.603022689156,0.510249967747,0.237762237762,1.40129809949,1.18571377649,0.503496503497,2.05382127221,0.551025219373,7,3.72727272727,2.05382127221,7,0,0,0,0,0.22962962963,11,11,11,1,0,0.0909090909091,0.636363636364,0.272727272727,11,18,0.163636363636,3.11363636364,3.27272727273,1.8,2.25,1.42062726223,0.434080552347,0.227272727273,0.924416277737,0.564921058617,0.292929292929,1.68954001271,1.03249667443,0.525252525253,1.14353419474,0.367266456706,3.875,3.11363636364,1.14353419474,3.875,0.366666666667,0.266666666667,4,0.0242424242424,0.221111111111,11,11,11,1,0,0.0909090909091,0.636363636364,0.272727272727,-2,-0.0181818181818,0.0702479338843,-0.363636363636,-0.2,-0.25,-0.268912750482,-0.030542951148,-0.0181818181818,-0.243332138505,-0.0773405703161,-0.0434343434343,-0.250469359339,-0.0345084801933,-0.0111111111111,0.0866354202056,0.0199894662943,0.329545454545,0.0702479338843,0.0866354202056,0.329545454545,-0.132380952381,-0.133333333333,-4,-0.0242424242424,-0.0344444444444,0,0,0,18,0,2,90,0.9,1,0,0.1,1,0.9,0.947368421053,0.938314863257,0.9,0.9,5,7,0,0,0,0
70,WLNM_dir_neg,0.826530612245,0.547497845292,00:00:10,10,10,8,1171943257,threshold_sweep,0.7,1,0.714285714286,0.833333333333,5,0,2,14,0.714285714286,1,0,0.285714285714,1,0.714285714286,0.833333333333,0.904761904762,0.587301587302,0.769230769231,0.790569415042,0.714285714286,20,13,7,0,20,0,13,0,7,11,20,0.181818181818,3.04338842975,3.63636363636,2,2.5,1.68954001271,0.464623503495,0.245454545455,1.16774841624,0.642261628933,0.336363636364,1.94000937205,1.06700515463,0.536363636364,1.05689877454,0.347276990411,3.54545454545,3.04338842975,1.05689877454,3.54545454545,0.499047619048,0.4,8,0.0484848484848,0.255555555556,11,11,11,1,0,0.0909090909091,0.636363636364,0.272727272727,11,0.118181818182,3.72727272727,2.36363636364,1.3,1.625,1.43336856898,0.6064251638,0.286713286713,0.603022689156,0.510249967747,0.237762237762,1.40129809949,1.18571377649,0.503496503497,2.05382127221,0.551025219373,7,3.72727272727,2.05382127221,7,0,0,0,0,0.22962962963,11,11,11,1,0,0.0909090909091,0.636363636364,0.272727272727,11,18,0.163636363636,3.11363636364,3.27272727273,1.8,2.25,1.42062726223,0.434080552347,0.227272727273,0.924416277737,0.564921058617,0.292929292929,1.68954001271,1.03249667443,0.525252525253,1.14353419474,0.367266456706,3.875,3.11363636364,1.14353419474,3.875,0.366666666667,0.266666666667,4,0.0242424242424,0.221111111111,11,11,11,1,0,0.0909090909091,0.636363636364,0.272727272727,-2,-0.0181818181818,0.0702479338843,-0.363636363636,-0.2,-0.25,-0.268912750482,-0.030542951148,-0.0181818181818,-0.243332138505,-0.0773405703161,-0.0434343434343,-0.250469359339,-0.0345084801933,-0.0111111111111,0.0866354202056,0.0199894662943,0.329545454545,0.0702479338843,0.0866354202056,0.329545454545,-0.132380952381,-0.133333333333,-4,-0.0242424242424,-0.0344444444444,0,0,0,18,0,2,90,0.9,1,0,0.1,1,0.9,0.947368421053,0.938314863257,0.9,0.9,5,7,0,0,0,0
71,WLNM_dir_neg,0.826530612245,0.547497845292,00:00:10,10,10,8,1171943257,threshold_sweep,0.8,1,0.714285714286,0.833333333333,5,0,2,14,0.714285714286,1,0,0.285714285714,1,0.714285714286,0.833333333333,0.904761904762,0.587301587302,0.769230769231,0.790569415042,0.714285714286,20,13,7,0,20,0,13,0,7,11,20,0.181818181818,3.04338842975,3.63636363636,2,2.5,1.68954001271,0.464623503495,0.245454545455,1.16774841624,0.642261628933,0.336363636364,1.94000937205,1.06700515463,0.536363636364,1.05689877454,0.347276990411,3.54545454545,3.04338842975,1.05689877454,3.54545454545,0.499047619048,0.4,8,0.0484848484848,0.255555555556,11,11,11,1,0,0.0909090909091,0.636363636364,0.272727272727,11,0.118181818182,3.72727272727,2.36363636364,1.3,1.625,1.43336856898,0.6064251638,0.286713286713,0.603022689156,0.510249967747,0.237762237762,1.40129809949,1.18571377649,0.503496503497,2.05382127221,0.551025219373,7,3.72727272727,2.05382127221,7,0,0,0,0,0.22962962963,11,11,11,1,0,0.0909090909091,0.636363636364,0.272727272727,11,18,0.163636363636,3.11363636364,3.27272727273,1.8,2.25,1.42062726223,0.434080552347,0.227272727273,0.924416277737,0.564921058617,0.292929292929,1.68954001271,1.03249667443,0.525252525253,1.14353419474,0.367266456706,3.875,3.11363636364,1.14353419474,3.875,0.366666666667,0.266666666667,4,0.0242424242424,0.221111111111,11,11,11,1,0,0.0909090909091,0.636363636364,0.272727272727,-2,-0.0181818181818,0.0702479338843,-0.363636363636,-0.2,-0.25,-0.268912750482,-0.030542951148,-0.0181818181818,-0.243332138505,-0.0773405703161,-0.0434343434343,-0.250469359339,-0.0345084801933,-0.0111111111111,0.0866354202056,0.0199894662943,0.329545454545,0.0702479338843,0.0866354202056,0.329545454545,-0.132380952381,-0.133333333333,-4,-0.0242424242424,-0.0344444444444,0,0,0,18,0,2,90,0.9,1,0,0.1,1,0.9,0.947368421053,0.938314863257,0.9,0.9,5,7,0,0,0,0
72,WLNM_dir_neg,0.826530612245,0.547497845292,00:00:10,10,10,8,1171943257,threshold_sweep,0.9,1,0.714285714286,0.833333333333,5,0,2,14,0.714285714286,1,0,0.285714285714,1,0.714285714286,0.833333333333,0.904761904762,0.587301587302,0.769230769231,0.790569415042,0.714285714286,20,13,7,0,20,0,13,0,7,11,20,0.181818181818,3.04338842975,3.63636363636,2,2.5,1.68954001271,0.464623503495,0.245454545455,1.16774841624,0.642261628933,0.336363636364,1.94000937205,1.06700515463,0.536363636364,1.05689877454,0.347276990411,3.54545454545,3.04338842975,1.05689877454,3.54545454545,0.499047619048,0.4,8,0.0484848484848,0.255555555556,11,11,11,1,0,0.0909090909091,0.636363636364,0.272727272727,11,0.118181818182,3.72727272727,2.36363636364,1.3,1.625,1.43336856898,0.6064251638,0.286713286713,0.603022689156,0.510249967747,0.237762237762,1.40129809949,1.18571377649,0.503496503497,2.05382127221,0.551025219373,7,3.72727272727,2.05382127221,7,0,0,0,0,0.22962962963,11,11,11,1,0,0.0909090909091,0.636363636364,0.272727272727,11,18,0.163636363636,3.11363636364,3.27272727273,1.8,2.25,1.42062726223,0.434080552347,0.227272727273,0.924416277737,0.564921058617,0.292929292929,1.68954001271,1.03249667443,0.525252525253,1.14353419474,0.367266456706,3.875,3.11363636364,1.14353419474,3.875,0.366666666667,0.266666666667,4,0.0242424242424,0.221111111111,11,11,11,1,0,0.0909090909091,0.636363636364,0.272727272727,-2,-0.0181818181818,0.0702479338843,-0.363636363636,-0.2,-0.25,-0.268912750482,-0.030542951148,-0.0181818181818,-0.243332138505,-0.0773405703161,-0.0434343434343,-0.250469359339,-0.0345084801933,-0.0111111111111,0.0866354202056,0.0199894662943,0.329545454545,0.0702479338843,0.0866354202056,0.329545454545,-0.132380952381,-0.133333333333,-4,-0.0242424242424,-0.0344444444444,0,0,0,18,0,2,90,0.9,1,0,0.1,1,0.9,0.947368421053,0.938314863257,0.9,0.9,5,7,0,0,0,0
73,WLNM_dir_neg,0.836734693878,0.69345892203,00:00:10,10,10,9,1171943258,threshold_sweep,0.1,0.555555555556,0.714285714286,0.625,5,4,2,10,0.714285714286,0.714285714286,0.285714285714,0.285714285714,0.555555555556,0.714285714286,0.625,0.714285714286,0.52380952381,0.4,0.408248290464,0.428571428571,20,13,7,0,20,0,13,0,7,11,20,0.181818181818,3.04338842975,3.63636363636,2,2.5,1.68954001271,0.464623503495,0.245454545455,1.16774841624,0.642261628933,0.336363636364,1.94000937205,1.06700515463,0.536363636364,1.05689877454,0.347276990411,3.54545454545,3.04338842975,1.05689877454,3.54545454545,0.499047619048,0.4,8,0.0484848484848,0.255555555556,11,11,11,1,0,0.0909090909091,0.636363636364,0.272727272727,11,0.118181818182,3.72727272727,2.36363636364,1.3,1.625,1.43336856898,0.6064251638,0.286713286713,0.603022689156,0.510249967747,0.237762237762,1.40129809949,1.18571377649,0.503496503497,2.05382127221,0.551025219373,7,3.72727272727,2.05382127221,7,0,0,0,0,0.22962962963,11,11,11,1,0,0.0909090909091,0.636363636364,0.272727272727,11,22,0.2,NaN,4,2,2,1.54919333848,0.387298334621,0.198347107438,1,0.5,0.256198347107,1.41421356237,0.707106781187,0.338842975207,NaN,NaN,NaN,NaN,NaN,NaN,0.424242424242,0.285714285714,6,0.0363636363636,0.183939393939,11,11,0,1,2,0,1,0,2,0.0181818181818,NaN,0.363636363636,0,-0.5,-0.140346674226,-0.0773251688743,-0.0471074380165,-0.167748416242,-0.142261628933,-0.0801652892562,-0.525795809675,-0.35989837344,-0.197520661157,NaN,NaN,NaN,NaN,NaN,NaN,-0.0748051948052,-0.114285714286,-2,-0.0121212121212,-0.0716161616162,-0.0909090909091,0.363636363636,-0.272727272727,18,4,2,86,0.9,0.955555555556,0.0444444444444,0.1,0.818181818182,0.9,0.857142857143,0.824957911384,0.855555555556,0.75,9,7,0,0,0,0
74,WLNM_dir_neg,0.836734693878,0.69345892203,00:00:10,10,10,9,1171943258,threshold_sweep,0.2,0.833333333333,0.714285714286,0.769230769231,5,1,2,13,0.714285714286,0.928571428571,0.0714285714286,0.285714285714,0.833333333333,0.714285714286,0.769230769231,0.857142857143,0.571428571429,0.666666666667,0.67082039325,0.642857142857,20,13,7,0,20,0,13,0,7,11,20,0.181818181818,3.04338842975,3.63636363636,2,2.5,1.68954001271,0.464623503495,0.245454545455,1.16774841624,0.642261628933,0.336363636364,1.94000937205,1.06700515463,0.536363636364,1.05689877454,0.347276990411,3.54545454545,3.04338842975,1.05689877454,3.54545454545,0.499047619048,0.4,8,0.0484848484848,0.255555555556,11,11,11,1,0,0.0909090909091,0.636363636364,0.272727272727,11,0.118181818182,3.72727272727,2.36363636364,1.3,1.625,1.43336856898,0.6064251638,0.286713286713,0.603022689156,0.510249967747,0.237762237762,1.40129809949,1.18571377649,0.503496503497,2.05382127221,0.551025219373,7,3.72727272727,2.05382127221,7,0,0,0,0,0.22962962963,11,11,11,1,0,0.0909090909091,0.636363636364,0.272727272727,11,19,0.172727272727,NaN,3.45454545455,1.72727272727,2.375,1.50755672289,0.436397998731,0.234449760766,0.786245393107,0.455194701272,0.22966507177,1.67874411933,0.971904490138,0.507177033493,NaN,NaN,NaN,NaN,NaN,NaN,0.3,0.235294117647,4,0.0242424242424,0.18696969697,11,11,0,1,2,0,0.727272727273,0.272727272727,-1,-0.00909090909091,NaN,-0.181818181818,-0.272727272727,-0.125,-0.18198328982,-0.0282255047641,-0.011004784689,-0.381503023135,-0.187066927661,-0.106698564593,-0.26126525272,-0.0951006644889,-0.0291866028708,NaN,NaN,NaN,NaN,NaN,NaN,-0.199047619048,-0.164705882353,-4,-0.0242424242424,-0.0685858585859,-0.0909090909091,0.0909090909091,0,18,1,2,89,0.9,0.988888888889,0.0111111111111,0.1,0.947368421053,0.9,0.923076923077,0.906956031802,0.888888888889,0.857142857143,6,7,0,0,0,0
75,WLNM_dir_neg,0.836734693878,0.69345892203,00:00:10,10,10,9,1171943258,threshold_sweep,0.3,0.833333333333,0.714285714286,0.769230769231,5,1,2,13,0.714285714286,0.928571428571,0.0714285714286,0.285714285714,0.833333333333,0.714285714286,0.769230769231,0.857142857143,0.571428571429,0.666666666667,0.67082039325,0.642857142857,20,13,7,0,20,0,13,0,7,11,20,0.181818181818,3.04338842975,3.63636363636,2,2.5,1.68954001271,0.464623503495,0.245454545455,1.16774841624,0.642261628933,0.336363636364,1.94000937205,1.06700515463,0.536363636364,1.05689877454,0.347276990411,3.54545454545,3.04338842975,1.05689877454,3.54545454545,0.499047619048,0.4,8,0.0484848484848,0.255555555556,11,11,11,1,0,0.0909090909091,0.636363636364,0.272727272727,11,0.118181818182,3.72727272727,2.36363636364,1.3,1.625,1.43336856898,0.6064251638,0.286713286713,0.603022689156,0.510249967747,0.237762237762,1.40129809949,1.18571377649,0.503496503497,2.05382127221,0.551025219373,7,3.72727272727,2.05382127221,7,0,0,0,0,0.22962962963,11,11,11,1,0,0.0909090909091,0.636363636364,0.272727272727,11,19,0.172727272727,NaN,3.45454545455,1.72727272727,2.375,1.50755672289,0.436397998731,0.234449760766,0.786245393107,0.455194701272,0.22966507177,1.67874411933,0.971904490138,0.507177033493,NaN,NaN,NaN,NaN,NaN,NaN,0.3,0.235294117647,4,0.0242424242424,0.18696969697,11,11,0,1,2,0,0.727272727273,0.272727272727,-1,-0.00909090909091,NaN,-0.181818181818,-0.272727272727,-0.125,-0.18198328982,-0.0282255047641,-0.011004784689,-0.381503023135,-0.187066927661,-0.106698564593,-0.26126525272,-0.0951006644889,-0.0291866028708,NaN,NaN,NaN,NaN,NaN,NaN,-0.199047619048,-0.164705882353,-4,-0.0242424242424,-0.0685858585859,-0.0909090909091,0.0909090909091,0,18,1,2,89,0.9,0.988888888889,0.0111111111111,0.1,0.947368421053,0.9,0.923076923077,0.906956031802,0.888888888889,0.857142857143,6,7,0,0,0,0
76,WLNM_dir_neg,0.836734693878,0.69345892203,00:00:10,10,10,9,1171943258,threshold_sweep,0.4,1,0.714285714286,0.833333333333,5,0,2,14,0.714285714286,1,0,0.285714285714,1,0.714285714286,0.833333333333,0.904761904762,0.587301587302,0.769230769231,0.790569415042,0.714285714286,20,13,7,0,20,0,13,0,7,11,20,0.181818181818,3.04338842975,3.63636363636,2,2.5,1.68954001271,0.464623503495,0.245454545455,1.16774841624,0.642261628933,0.336363636364,1.94000937205,1.06700515463,0.536363636364,1.05689877454,0.347276990411,3.54545454545,3.04338842975,1.05689877454,3.54545454545,0.499047619048,0.4,8,0.0484848484848,0.255555555556,11,11,11,1,0,0.0909090909091,0.636363636364,0.272727272727,11,0.118181818182,3.72727272727,2.36363636364,1.3,1.625,1.43336856898,0.6064251638,0.286713286713,0.603022689156,0.510249967747,0.237762237762,1.40129809949,1.18571377649,0.503496503497,2.05382127221,0.551025219373,7,3.72727272727,2.05382127221,7,0,0,0,0,0.22962962963,11,11,11,1,0,0.0909090909091,0.636363636364,0.272727272727,11,18,0.163636363636,3.11363636364,3.27272727273,1.8,2.25,1.42062726223,0.434080552347,0.227272727273,0.924416277737,0.564921058617,0.292929292929,1.68954001271,1.03249667443,0.525252525253,1.14353419474,0.367266456706,3.875,3.11363636364,1.14353419474,3.875,0.366666666667,0.266666666667,4,0.0242424242424,0.221111111111,11,11,11,1,0,0.0909090909091,0.636363636364,0.272727272727,-2,-0.0181818181818,0.0702479338843,-0.363636363636,-0.2,-0.25,-0.268912750482,-0.030542951148,-0.0181818181818,-0.243332138505,-0.0773405703161,-0.0434343434343,-0.250469359339,-0.0345084801933,-0.0111111111111,0.0866354202056,0.0199894662943,0.329545454545,0.0702479338843,0.0866354202056,0.329545454545,-0.132380952381,-0.133333333333,-4,-0.0242424242424,-0.0344444444444,0,0,0,18,0,2,90,0.9,1,0,0.1,1,0.9,0.947368421053,0.938314863257,0.9,0.9,5,7,0,0,0,0
77,WLNM_dir_neg,0.836734693878,0.69345892203,00:00:10,10,10,9,1171943258,threshold_sweep,0.5,1,0.714285714286,0.833333333333,5,0,2,14,0.714285714286,1,0,0.285714285714,1,0.714285714286,0.833333333333,0.904761904762,0.587301587302,0.769230769231,0.790569415042,0.714285714286,20,13,7,0,20,0,13,0,7,11,20,0.181818181818,3.04338842975,3.63636363636,2,2.5,1.68954001271,0.464623503495,0.245454545455,1.16774841624,0.642261628933,0.336363636364,1.94000937205,1.06700515463,0.536363636364,1.05689877454,0.347276990411,3.54545454545,3.04338842975,1.05689877454,3.54545454545,0.499047619048,0.4,8,0.0484848484848,0.255555555556,11,11,11,1,0,0.0909090909091,0.636363636364,0.272727272727,11,0.118181818182,3.72727272727,2.36363636364,1.3,1.625,1.43336856898,0.6064251638,0.286713286713,0.603022689156,0.510249967747,0.237762237762,1.40129809949,1.18571377649,0.503496503497,2.05382127221,0.551025219373,7,3.72727272727,2.05382127221,7,0,0,0,0,0.22962962963,11,11,11,1,0,0.0909090909091,0.636363636364,0.272727272727,11,18,0.163636363636,3.11363636364,3.27272727273,1.8,2.25,1.42062726223,0.434080552347,0.227272727273,0.924416277737,0.564921058617,0.292929292929,1.68954001271,1.03249667443,0.525252525253,1.14353419474,0.367266456706,3.875,3.11363636364,1.14353419474,3.875,0.366666666667,0.266666666667,4,0.0242424242424,0.221111111111,11,11,11,1,0,0.0909090909091,0.636363636364,0.272727272727,-2,-0.0181818181818,0.0702479338843,-0.363636363636,-0.2,-0.25,-0.268912750482,-0.030542951148,-0.0181818181818,-0.243332138505,-0.0773405703161,-0.0434343434343,-0.250469359339,-0.0345084801933,-0.0111111111111,0.0866354202056,0.0199894662943,0.329545454545,0.0702479338843,0.0866354202056,0.329545454545,-0.132380952381,-0.133333333333,-4,-0.0242424242424,-0.0344444444444,0,0,0,18,0,2,90,0.9,1,0,0.1,1,0.9,0.947368421053,0.938314863257,0.9,0.9,5,7,0,0,0,0
78,WLNM_dir_neg,0.836734693878,0.69345892203,00:00:10,10,10,9,1171943258,threshold_sweep,0.6,1,0.714285714286,0.833333333333,5,0,2,14,0.714285714286,1,0,0.285714285714,1,0.714285714286,0.833333333333,0.904761904762,0.587301587302,0.769230769231,0.790569415042,0.714285714286,20,13,7,0,20,0,13,0,7,11,20,0.181818181818,3.04338842975,3.63636363636,2,2.5,1.68954001271,0.464623503495,0.245454545455,1.16774841624,0.642261628933,0.336363636364,1.94000937205,1.06700515463,0.536363636364,1.05689877454,0.347276990411,3.54545454545,3.04338842975,1.05689877454,3.54545454545,0.499047619048,0.4,8,0.0484848484848,0.255555555556,11,11,11,1,0,0.0909090909091,0.636363636364,0.272727272727,11,0.118181818182,3.72727272727,2.36363636364,1.3,1.625,1.43336856898,0.6064251638,0.286713286713,0.603022689156,0.510249967747,0.237762237762,1.40129809949,1.18571377649,0.503496503497,2.05382127221,0.551025219373,7,3.72727272727,2.05382127221,7,0,0,0,0,0.22962962963,11,11,11,1,0,0.0909090909091,0.636363636364,0.272727272727,11,18,0.163636363636,3.11363636364,3.27272727273,1.8,2.25,1.42062726223,0.434080552347,0.227272727273,0.924416277737,0.564921058617,0.292929292929,1.68954001271,1.03249667443,0.525252525253,1.14353419474,0.367266456706,3.875,3.11363636364,1.14353419474,3.875,0.366666666667,0.266666666667,4,0.0242424242424,0.221111111111,11,11,11,1,0,0.0909090909091,0.636363636364,0.272727272727,-2,-0.0181818181818,0.0702479338843,-0.363636363636,-0.2,-0.25,-0.268912750482,-0.030542951148,-0.0181818181818,-0.243332138505,-0.0773405703161,-0.0434343434343,-0.250469359339,-0.0345084801933,-0.0111111111111,0.0866354202056,0.0199894662943,0.329545454545,0.0702479338843,0.0866354202056,0.329545454545,-0.132380952381,-0.133333333333,-4,-0.0242424242424,-0.0344444444444,0,0,0,18,0,2,90,0.9,1,0,0.1,1,0.9,0.947368421053,0.938314863257,0.9,0.9,5,7,0,0,0,0
79,WLNM_dir_neg,0.836734693878,0.69345892203,00:00:10,10,10,9,1171943258,threshold_sweep,0.7,1,0.571428571429,0.727272727273,4,0,3,14,0.571428571429,1,0,0.428571428571,1,0.571428571429,0.727272727273,0.857142857143,0.603174603175,0.64,0.68599434057,0.571428571429,20,13,7,0,20,0,13,0,7,11,20,0.181818181818,3.04338842975,3.63636363636,2,2.5,1.68954001271,0.464623503495,0.245454545455,1.16774841624,0.642261628933,0.336363636364,1.94000937205,1.06700515463,0.536363636364,1.05689877454,0.347276990411,3.54545454545,3.04338842975,1.05689877454,3.54545454545,0.499047619048,0.4,8,0.0484848484848,0.255555555556,11,11,11,1,0,0.0909090909091,0.636363636364,0.272727272727,11,0.118181818182,3.72727272727,2.36363636364,1.3,1.625,1.43336856898,0.6064251638,0.286713286713,0.603022689156,0.510249967747,0.237762237762,1.40129809949,1.18571377649,0.503496503497,2.05382127221,0.551025219373,7,3.72727272727,2.05382127221,7,0,0,0,0,0.22962962963,11,11,11,1,0,0.0909090909091,0.636363636364,0.272727272727,11,17,0.154545454545,3.17727272727,3.09090909091,1.7,2.125,1.30034960334,0.420701342257,0.208556149733,0.820199532265,0.530717344407,0.267379679144,1.57249078621,1.01749403814,0.513368983957,1.2536673475,0.394573414091,4.4,3.17727272727,1.2536673475,4.4,0.213333333333,0.153846153846,2,0.0121212121212,0.205555555556,11,11,11,1,0,0.0909090909091,0.636363636364,0.272727272727,-3,-0.0272727272727,0.133884297521,-0.545454545455,-0.3,-0.375,-0.389190409368,-0.0439221612377,-0.0368983957219,-0.347548883978,-0.111544284527,-0.0689839572193,-0.367518585835,-0.0495111164884,-0.0229946524064,0.196768572961,0.0472964236795,0.854545454545,0.133884297521,0.196768572961,0.854545454545,-0.285714285714,-0.246153846154,-6,-0.0363636363636,-0.05,0,0,0,17,0,3,90,0.85,1,0,0.15,1,0.85,0.918918918919,0.906962317388,0.85,0.85,4,7,0,0,0,0
80,WLNM_dir_neg,0.836734693878,0.69345892203,00:00:10,10,10,9,1171943258,threshold_sweep,0.8,1,0.428571428571,0.6,3,0,4,14,0.428571428571,1,0,0.571428571429,1,0.428571428571,0.6,0.809523809524,0.619047619048,0.5,0.57735026919,0.428571428571,20,13,7,0,20,0,13,0,7,11,20,0.181818181818,3.04338842975,3.63636363636,2,2.5,1.68954001271,0.464623503495,0.245454545455,1.16774841624,0.642261628933,0.336363636364,1.94000937205,1.06700515463,0.536363636364,1.05689877454,0.347276990411,3.54545454545,3.04338842975,1.05689877454,3.54545454545,0.499047619048,0.4,8,0.0484848484848,0.255555555556,11,11,11,1,0,0.0909090909091,0.636363636364,0.272727272727,11,0.118181818182,3.72727272727,2.36363636364,1.3,1.625,1.43336856898,0.6064251638,0.286713286713,0.603022689156,0.510249967747,0.237762237762,1.40129809949,1.18571377649,0.503496503497,2.05382127221,0.551025219373,7,3.72727272727,2.05382127221,7,0,0,0,0,0.22962962963,11,11,11,1,0,0.0909090909091,0.636363636364,0.272727272727,11,16,0.145454545455,3.25,2.90909090909,1.6,2,1.30034960334,0.446995176148,0.215909090909,0.687551650952,0.47269176003,0.227272727273,1.57249078621,1.08108741552,0.522727272727,1.3758835545,0.423348786001,4.66666666667,3.25,1.3758835545,4.66666666667,0.213333333333,0.171428571429,2,0.0121212121212,0.2,11,11,11,1,0,0.0909090909091,0.636363636364,0.272727272727,-4,-0.0363636363636,0.206611570248,-0.727272727273,-0.4,-0.5,-0.389190409368,-0.0176283273466,-0.0295454545455,-0.48019676529,-0.169569868904,-0.109090909091,-0.367518585835,0.0140822608953,-0.0136363636364,0.318984779967,0.07607179559,1.12121212121,0.206611570248,0.318984779967,1.12121212121,-0.285714285714,-0.228571428571,-6,-0.0363636363636,-0.0555555555556,0,0,0,16,0,4,90,0.8,1,0,0.2,1,0.8,0.888888888889,0.875189948987,0.8,0.8,3,7,0,0,0,0
81,WLNM_dir_neg,0.836734693878,0.69345892203,00:00:10,10,10,9,1171943258,threshold_sweep,0.9,1,0.428571428571,0.6,3,0,4,14,0.428571428571,1,0,0.571428571429,1,0.428571428571,0.6,0.809523809524,0.619047619048,0.5,0.57735026919,0.428571428571,20,13,7,0,20,0,13,0,7,11,20,0.181818181818,3.04338842975,3.63636363636,2,2.5,1.68954001271,0.464623503495,0.245454545455,1.16774841624,0.642261628933,0.336363636364,1.94000937205,1.06700515463,0.536363636364,1.05689877454,0.347276990411,3.54545454545,3.04338842975,1.05689877454,3.54545454545,0.499047619048,0.4,8,0.0484848484848,0.255555555556,11,11,11,1,0,0.0909090909091,0.636363636364,0.272727272727,11,0.118181818182,3.72727272727,2.36363636364,1.3,1.625,1.43336856898,0.6064251638,0.286713286713,0.603022689156,0.510249967747,0.237762237762,1.40129809949,1.18571377649,0.503496503497,2.05382127221,0.551025219373,7,3.72727272727,2.05382127221,7,0,0,0,0,0.22962962963,11,11,11,1,0,0.0909090909091,0.636363636364,0.272727272727,11,16,0.145454545455,3.25,2.90909090909,1.6,2,1.30034960334,0.446995176148,0.215909090909,0.687551650952,0.47269176003,0.227272727273,1.57249078621,1.08108741552,0.522727272727,1.3758835545,0.423348786001,4.66666666667,3.25,1.3758835545,4.66666666667,0.213333333333,0.171428571429,2,0.0121212121212,0.2,11,11,11,1,0,0.0909090909091,0.636363636364,0.272727272727,-4,-0.0363636363636,0.206611570248,-0.727272727273,-0.4,-0.5,-0.389190409368,-0.0176283273466,-0.0295454545455,-0.48019676529,-0.169569868904,-0.109090909091,-0.367518585835,0.0140822608953,-0.0136363636364,0.318984779967,0.07607179559,1.12121212121,0.206611570248,0.318984779967,1.12121212121,-0.285714285714,-0.228571428571,-6,-0.0363636363636,-0.0555555555556,0,0,0,16,0,4,90,0.8,1,0,0.2,1,0.8,0.888888888889,0.875189948987,0.8,0.8,3,7,0,0,0,0
82,WLNM_dir_neg,0.836734693878,0.69345892203,00:00:10,10,10,10,1171943259,threshold_sweep,0.1,1,0.714285714286,0.833333333333,5,0,2,14,0.714285714286,1,0,0.285714285714,1,0.714285714286,0.833333333333,0.904761904762,0.587301587302,0.769230769231,0.790569415042,0.714285714286,20,13,7,0,20,0,13,0,7,11,20,0.181818181818,3.04338842975,3.63636363636,2,2.5,1.68954001271,0.464623503495,0.245454545455,1.16774841624,0.642261628933,0.336363636364,1.94000937205,1.06700515463,0.536363636364,1.05689877454,0.347276990411,3.54545454545,3.04338842975,1.05689877454,3.54545454545,0.499047619048,0.4,8,0.0484848484848,0.255555555556,11,11,11,1,0,0.0909090909091,0.636363636364,0.272727272727,11,0.118181818182,3.72727272727,2.36363636364,1.3,1.625,1.43336856898,0.6064251638,0.286713286713,0.603022689156,0.510249967747,0.237762237762,1.40129809949,1.18571377649,0.503496503497,2.05382127221,0.551025219373,7,3.72727272727,2.05382127221,7,0,0,0,0,0.22962962963,11,11,11,1,0,0.0909090909091,0.636363636364,0.272727272727,11,18,0.163636363636,3.11363636364,3.27272727273,1.8,2.25,1.42062726223,0.434080552347,0.227272727273,0.924416277737,0.564921058617,0.292929292929,1.68954001271,1.03249667443,0.525252525253,1.14353419474,0.367266456706,3.875,3.11363636364,1.14353419474,3.875,0.366666666667,0.266666666667,4,0.0242424242424,0.221111111111,11,11,11,1,0,0.0909090909091,0.636363636364,0.272727272727,-2,-0.0181818181818,0.0702479338843,-0.363636363636,-0.2,-0.25,-0.268912750482,-0.030542951148,-0.0181818181818,-0.243332138505,-0.0773405703161,-0.0434343434343,-0.250469359339,-0.0345084801933,-0.0111111111111,0.0866354202056,0.0199894662943,0.329545454545,0.0702479338843,0.0866354202056,0.329545454545,-0.132380952381,-0.133333333333,-4,-0.0242424242424,-0.0344444444444,0,0,0,18,0,2,90,0.9,1,0,0.1,1,0.9,0.947368421053,0.938314863257,0.9,0.9,5,7,0,0,0,0
83,WLNM_dir_neg,0.836734693878,0.69345892203,00:00:10,10,10,10,1171943259,threshold_sweep,0.2,1,0.714285714286,0.833333333333,5,0,2,14,0.714285714286,1,0,0.285714285714,1,0.714285714286,0.833333333333,0.904761904762,0.587301587302,0.769230769231,0.790569415042,0.714285714286,20,13,7,0,20,0,13,0,7,11,20,0.181818181818,3.04338842975,3.63636363636,2,2.5,1.68954001271,0.464623503495,0.245454545455,1.16774841624,0.642261628933,0.336363636364,1.94000937205,1.06700515463,0.536363636364,1.05689877454,0.347276990411,3.54545454545,3.04338842975,1.05689877454,3.54545454545,0.499047619048,0.4,8,0.0484848484848,0.255555555556,11,11,11,1,0,0.0909090909091,0.636363636364,0.272727272727,11,0.118181818182,3.72727272727,2.36363636364,1.3,1.625,1.43336856898,0.6064251638,0.286713286713,0.603022689156,0.510249967747,0.237762237762,1.40129809949,1.18571377649,0.503496503497,2.05382127221,0.551025219373,7,3.72727272727,2.05382127221,7,0,0,0,0,0.22962962963,11,11,11,1,0,0.0909090909091,0.636363636364,0.272727272727,11,18,0.163636363636,3.11363636364,3.27272727273,1.8,2.25,1.42062726223,0.434080552347,0.227272727273,0.924416277737,0.564921058617,0.292929292929,1.68954001271,1.03249667443,0.525252525253,1.14353419474,0.367266456706,3.875,3.11363636364,1.14353419474,3.875,0.366666666667,0.266666666667,4,0.0242424242424,0.221111111111,11,11,11,1,0,0.0909090909091,0.636363636364,0.272727272727,-2,-0.0181818181818,0.0702479338843,-0.363636363636,-0.2,-0.25,-0.268912750482,-0.030542951148,-0.0181818181818,-0.243332138505,-0.0773405703161,-0.0434343434343,-0.250469359339,-0.0345084801933,-0.0111111111111,0.0866354202056,0.0199894662943,0.329545454545,0.0702479338843,0.0866354202056,0.329545454545,-0.132380952381,-0.133333333333,-4,-0.0242424242424,-0.0344444444444,0,0,0,18,0,2,90,0.9,1,0,0.1,1,0.9,0.947368421053,0.938314863257,0.9,0.9,5,7,0,0,0,0
84,WLNM_dir_neg,0.836734693878,0.69345892203,00:00:10,10,10,10,1171943259,threshold_sweep,0.3,1,0.714285714286,0.833333333333,5,0,2,14,0.714285714286,1,0,0.285714285714,1,0.714285714286,0.833333333333,0.904761904762,0.587301587302,0.769230769231,0.790569415042,0.714285714286,20,13,7,0,20,0,13,0,7,11,20,0.181818181818,3.04338842975,3.63636363636,2,2.5,1.68954001271,0.464623503495,0.245454545455,1.16774841624,0.642261628933,0.336363636364,1.94000937205,1.06700515463,0.536363636364,1.05689877454,0.347276990411,3.54545454545,3.04338842975,1.05689877454,3.54545454545,0.499047619048,0.4,8,0.0484848484848,0.255555555556,11,11,11,1,0,0.0909090909091,0.636363636364,0.272727272727,11,0.118181818182,3.72727272727,2.36363636364,1.3,1.625,1.43336856898,0.6064251638,0.286713286713,0.603022689156,0.510249967747,0.237762237762,1.40129809949,1.18571377649,0.503496503497,2.05382127221,0.551025219373,7,3.72727272727,2.05382127221,7,0,0,0,0,0.22962962963,11,11,11,1,0,0.0909090909091,0.636363636364,0.272727272727,11,18,0.163636363636,3.11363636364,3.27272727273,1.8,2.25,1.42062726223,0.434080552347,0.227272727273,0.924416277737,0.564921058617,0.292929292929,1.68954001271,1.03249667443,0.525252525253,1.14353419474,0.367266456706,3.875,3.11363636364,1.14353419474,3.875,0.366666666667,0.266666666667,4,0.0242424242424,0.221111111111,11,11,11,1,0,0.0909090909091,0.636363636364,0.272727272727,-2,-0.0181818181818,0.0702479338843,-0.363636363636,-0.2,-0.25,-0.268912750482,-0.030542951148,-0.0181818181818,-0.243332138505,-0.0773405703161,-0.0434343434343,-0.250469359339,-0.0345084801933,-0.0111111111111,0.0866354202056,0.0199894662943,0.329545454545,0.0702479338843,0.0866354202056,0.329545454545,-0.132380952381,-0.133333333333,-4,-0.0242424242424,-0.0344444444444,0,0,0,18,0,2,90,0.9,1,0,0.1,1,0.9,0.947368421053,0.938314863257,0.9,0.9,5,7,0,0,0,0
85,WLNM_dir_neg,0.836734693878,0.69345892203,00:00:10,10,10,10,1171943259,threshold_sweep,0.4,1,0.714285714286,0.833333333333,5,0,2,14,0.714285714286,1,0,0.285714285714,1,0.714285714286,0.833333333333,0.904761904762,0.587301587302,0.769230769231,0.790569415042,0.714285714286,20,13,7,0,20,0,13,0,7,11,20,0.181818181818,3.04338842975,3.63636363636,2,2.5,1.68954001271,0.464623503495,0.245454545455,1.16774841624,0.642261628933,0.336363636364,1.94000937205,1.06700515463,0.536363636364,1.05689877454,0.347276990411,3.54545454545,3.04338842975,1.05689877454,3.54545454545,0.499047619048,0.4,8,0.0484848484848,0.255555555556,11,11,11,1,0,0.0909090909091,0.636363636364,0.272727272727,11,0.118181818182,3.72727272727,2.36363636364,1.3,1.625,1.43336856898,0.6064251638,0.286713286713,0.603022689156,0.510249967747,0.237762237762,1.40129809949,1.18571377649,0.503496503497,2.05382127221,0.551025219373,7,3.72727272727,2.05382127221,7,0,0,0,0,0.22962962963,11,11,11,1,0,0.0909090909091,0.636363636364,0.272727272727,11,18,0.163636363636,3.11363636364,3.27272727273,1.8,2.25,1.42062726223,0.434080552347,0.227272727273,0.924416277737,0.564921058617,0.292929292929,1.68954001271,1.03249667443,0.525252525253,1.14353419474,0.367266456706,3.875,3.11363636364,1.14353419474,3.875,0.366666666667,0.266666666667,4,0.0242424242424,0.221111111111,11,11,11,1,0,0.0909090909091,0.636363636364,0.272727272727,-2,-0.0181818181818,0.0702479338843,-0.363636363636,-0.2,-0.25,-0.268912750482,-0.030542951148,-0.0181818181818,-0.243332138505,-0.0773405703161,-0.0434343434343,-0.250469359339,-0.0345084801933,-0.0111111111111,0.0866354202056,0.0199894662943,0.329545454545,0.0702479338843,0.0866354202056,0.329545454545,-0.132380952381,-0.133333333333,-4,-0.0242424242424,-0.0344444444444,0,0,0,18,0,2,90,0.9,1,0,0.1,1,0.9,0.947368421053,0.938314863257,0.9,0.9,5,7,0,0,0,0
86,WLNM_dir_neg,0.836734693878,0.69345892203,00:00:10,10,10,10,1171943259,threshold_sweep,0.5,1,0.714285714286,0.833333333333,5,0,2,14,0.714285714286,1,0,0.285714285714,1,0.714285714286,0.833333333333,0.904761904762,0.587301587302,0.769230769231,0.790569415042,0.714285714286,20,13,7,0,20,0,13,0,7,11,20,0.181818181818,3.04338842975,3.63636363636,2,2.5,1.68954001271,0.464623503495,0.245454545455,1.16774841624,0.642261628933,0.336363636364,1.94000937205,1.06700515463,0.536363636364,1.05689877454,0.347276990411,3.54545454545,3.04338842975,1.05689877454,3.54545454545,0.499047619048,0.4,8,0.0484848484848,0.255555555556,11,11,11,1,0,0.0909090909091,0.636363636364,0.272727272727,11,0.118181818182,3.72727272727,2.36363636364,1.3,1.625,1.43336856898,0.6064251638,0.286713286713,0.603022689156,0.510249967747,0.237762237762,1.40129809949,1.18571377649,0.503496503497,2.05382127221,0.551025219373,7,3.72727272727,2.05382127221,7,0,0,0,0,0.22962962963,11,11,11,1,0,0.0909090909091,0.636363636364,0.272727272727,11,18,0.163636363636,3.11363636364,3.27272727273,1.8,2.25,1.42062726223,0.434080552347,0.227272727273,0.924416277737,0.564921058617,0.292929292929,1.68954001271,1.03249667443,0.525252525253,1.14353419474,0.367266456706,3.875,3.11363636364,1.14353419474,3.875,0.366666666667,0.266666666667,4,0.0242424242424,0.221111111111,11,11,11,1,0,0.0909090909091,0.636363636364,0.272727272727,-2,-0.0181818181818,0.0702479338843,-0.363636363636,-0.2,-0.25,-0.268912750482,-0.030542951148,-0.0181818181818,-0.243332138505,-0.0773405703161,-0.0434343434343,-0.250469359339,-0.0345084801933,-0.0111111111111,0.0866354202056,0.0199894662943,0.329545454545,0.0702479338843,0.0866354202056,0.329545454545,-0.132380952381,-0.133333333333,-4,-0.0242424242424,-0.0344444444444,0,0,0,18,0,2,90,0.9,1,0,0.1,1,0.9,0.947368421053,0.938314863257,0.9,0.9,5,7,0,0,0,0
87,WLNM_dir_neg,0.836734693878,0.69345892203,00:00:10,10,10,10,1171943259,threshold_sweep,0.6,1,0.714285714286,0.833333333333,5,0,2,14,0.714285714286,1,0,0.285714285714,1,0.714285714286,0.833333333333,0.904761904762,0.587301587302,0.769230769231,0.790569415042,0.714285714286,20,13,7,0,20,0,13,0,7,11,20,0.181818181818,3.04338842975,3.63636363636,2,2.5,1.68954001271,0.464623503495,0.245454545455,1.16774841624,0.642261628933,0.336363636364,1.94000937205,1.06700515463,0.536363636364,1.05689877454,0.347276990411,3.54545454545,3.04338842975,1.05689877454,3.54545454545,0.499047619048,0.4,8,0.0484848484848,0.255555555556,11,11,11,1,0,0.0909090909091,0.636363636364,0.272727272727,11,0.118181818182,3.72727272727,2.36363636364,1.3,1.625,1.43336856898,0.6064251638,0.286713286713,0.603022689156,0.510249967747,0.237762237762,1.40129809949,1.18571377649,0.503496503497,2.05382127221,0.551025219373,7,3.72727272727,2.05382127221,7,0,0,0,0,0.22962962963,11,11,11,1,0,0.0909090909091,0.636363636364,0.272727272727,11,18,0.163636363636,3.11363636364,3.27272727273,1.8,2.25,1.42062726223,0.434080552347,0.227272727273,0.924416277737,0.564921058617,0.292929292929,1.68954001271,1.03249667443,0.525252525253,1.14353419474,0.367266456706,3.875,3.11363636364,1.14353419474,3.875,0.366666666667,0.266666666667,4,0.0242424242424,0.221111111111,11,11,11,1,0,0.0909090909091,0.636363636364,0.272727272727,-2,-0.0181818181818,0.0702479338843,-0.363636363636,-0.2,-0.25,-0.268912750482,-0.030542951148,-0.0181818181818,-0.243332138505,-0.0773405703161,-0.0434343434343,-0.250469359339,-0.0345084801933,-0.0111111111111,0.0866354202056,0.0199894662943,0.329545454545,0.0702479338843,0.0866354202056,0.329545454545,-0.132380952381,-0.133333333333,-4,-0.0242424242424,-0.0344444444444,0,0,0,18,0,2,90,0.9,1,0,0.1,1,0.9,0.947368421053,0.938314863257,0.9,0.9,5,7,0,0,0,0
88,WLNM_dir_neg,0.836734693878,0.69345892203,00:00:10,10,10,10,1171943259,threshold_sweep,0.7,1,0.714285714286,0.833333333333,5,0,2,14,0.714285714286,1,0,0.285714285714,1,0.714285714286,0.833333333333,0.904761904762,0.587301587302,0.769230769231,0.790569415042,0.714285714286,20,13,7,0,20,0,13,0,7,11,20,0.181818181818,3.04338842975,3.63636363636,2,2.5,1.68954001271,0.464623503495,0.245454545455,1.16774841624,0.642261628933,0.336363636364,1.94000937205,1.06700515463,0.536363636364,1.05689877454,0.347276990411,3.54545454545,3.04338842975,1.05689877454,3.54545454545,0.499047619048,0.4,8,0.0484848484848,0.255555555556,11,11,11,1,0,0.0909090909091,0.636363636364,0.272727272727,11,0.118181818182,3.72727272727,2.36363636364,1.3,1.625,1.43336856898,0.6064251638,0.286713286713,0.603022689156,0.510249967747,0.237762237762,1.40129809949,1.18571377649,0.503496503497,2.05382127221,0.551025219373,7,3.72727272727,2.05382127221,7,0,0,0,0,0.22962962963,11,11,11,1,0,0.0909090909091,0.636363636364,0.272727272727,11,18,0.163636363636,3.11363636364,3.27272727273,1.8,2.25,1.42062726223,0.434080552347,0.227272727273,0.924416277737,0.564921058617,0.292929292929,1.68954001271,1.03249667443,0.525252525253,1.14353419474,0.367266456706,3.875,3.11363636364,1.14353419474,3.875,0.366666666667,0.266666666667,4,0.0242424242424,0.221111111111,11,11,11,1,0,0.0909090909091,0.636363636364,0.272727272727,-2,-0.0181818181818,0.0702479338843,-0.363636363636,-0.2,-0.25,-0.268912750482,-0.030542951148,-0.0181818181818,-0.243332138505,-0.0773405703161,-0.0434343434343,-0.250469359339,-0.0345084801933,-0.0111111111111,0.0866354202056,0.0199894662943,0.329545454545,0.0702479338843,0.0866354202056,0.329545454545,-0.132380952381,-0.133333333333,-4,-0.0242424242424,-0.0344444444444,0,0,0,18,0,2,90,0.9,1,0,0.1,1,0.9,0.947368421053,0.938314863257,0.9,0.9,5,7,0,0,0,0
89,WLNM_dir_neg,0.836734693878,0.69345892203,00:00:10,10,10,10,1171943259,threshold_sweep,0.8,1,0.714285714286,0.833333333333,5,0,2,14,0.714285714286,1,0,0.285714285714,1,0.714285714286,0.833333333333,0.904761904762,0.587301587302,0.769230769231,0.790569415042,0.714285714286,20,13,7,0,20,0,13,0,7,11,20,0.181818181818,3.04338842975,3.63636363636,2,2.5,1.68954001271,0.464623503495,0.245454545455,1.16774841624,0.642261628933,0.336363636364,1.94000937205,1.06700515463,0.536363636364,1.05689877454,0.347276990411,3.54545454545,3.04338842975,1.05689877454,3.54545454545,0.499047619048,0.4,8,0.0484848484848,0.255555555556,11,11,11,1,0,0.0909090909091,0.636363636364,0.272727272727,11,0.118181818182,3.72727272727,2.36363636364,1.3,1.625,1.43336856898,0.6064251638,0.286713286713,0.603022689156,0.510249967747,0.237762237762,1.40129809949,1.18571377649,0.503496503497,2.05382127221,0.551025219373,7,3.72727272727,2.05382127221,7,0,0,0,0,0.22962962963,11,11,11,1,0,0.0909090909091,0.636363636364,0.272727272727,11,18,0.163636363636,3.11363636364,3.27272727273,1.8,2.25,1.42062726223,0.434080552347,0.227272727273,0.924416277737,0.564921058617,0.292929292929,1.68954001271,1.03249667443,0.525252525253,1.14353419474,0.367266456706,3.875,3.11363636364,1.14353419474,3.875,0.366666666667,0.266666666667,4,0.0242424242424,0.221111111111,11,11,11,1,0,0.0909090909091,0.636363636364,0.272727272727,-2,-0.0181818181818,0.0702479338843,-0.363636363636,-0.2,-0.25,-0.268912750482,-0.030542951148,-0.0181818181818,-0.243332138505,-0.0773405703161,-0.0434343434343,-0.250469359339,-0.0345084801933,-0.0111111111111,0.0866354202056,0.0199894662943,0.329545454545,0.0702479338843,0.0866354202056,0.329545454545,-0.132380952381,-0.133333333333,-4,-0.0242424242424,-0.0344444444444,0,0,0,18,0,2,90,0.9,1,0,0.1,1,0.9,0.947368421053,0.938314863257,0.9,0.9,5,7,0,0,0,0
90,WLNM_dir_neg,0.836734693878,0.69345892203,00:00:10,10,10,10,1171943259,threshold_sweep,0.9,1,0.714285714286,0.833333333333,5,0,2,14,0.714285714286,1,0,0.285714285714,1,0.714285714286,0.833333333333,0.904761904762,0.587301587302,0.769230769231,0.790569415042,0.714285714286,20,13,7,0,20,0,13,0,7,11,20,0.181818181818,3.04338842975,3.63636363636,2,2.5,1.68954001271,0.464623503495,0.245454545455,1.16774841624,0.642261628933,0.336363636364,1.94000937205,1.06700515463,0.536363636364,1.05689877454,0.347276990411,3.54545454545,3.04338842975,1.05689877454,3.54545454545,0.499047619048,0.4,8,0.0484848484848,0.255555555556,11,11,11,1,0,0.0909090909091,0.636363636364,0.272727272727,11,0.118181818182,3.72727272727,2.36363636364,1.3,1.625,1.43336856898,0.6064251638,0.286713286713,0.603022689156,0.510249967747,0.237762237762,1.40129809949,1.18571377649,0.503496503497,2.05382127221,0.551025219373,7,3.72727272727,2.05382127221,7,0,0,0,0,0.22962962963,11,11,11,1,0,0.0909090909091,0.636363636364,0.272727272727,11,18,0.163636363636,3.11363636364,3.27272727273,1.8,2.25,1.42062726223,0.434080552347,0.227272727273,0.924416277737,0.564921058617,0.292929292929,1.68954001271,1.03249667443,0.525252525253,1.14353419474,0.367266456706,3.875,3.11363636364,1.14353419474,3.875,0.366666666667,0.266666666667,4,0.0242424242424,0.221111111111,11,11,11,1,0,0.0909090909091,0.636363636364,0.272727272727,-2,-0.0181818181818,0.0702479338843,-0.363636363636,-0.2,-0.25,-0.268912750482,-0.030542951148,-0.0181818181818,-0.243332138505,-0.0773405703161,-0.0434343434343,-0.250469359339,-0.0345084801933,-0.0111111111111,0.0866354202056,0.0199894662943,0.329545454545,0.0702479338843,0.0866354202056,0.329545454545,-0.132380952381,-0.133333333333,-4,-0.0242424242424,-0.0344444444444,0,0,0,18,0,2,90,0.9,1,0,0.1,1,0.9,0.947368421053,0.938314863257,0.9,0.9,5,7,0,0,0,0
91,WLNM_dir_neg,0.826530612245,0.68933477237,00:00:10,10,10,11,1171943260,threshold_sweep,0.1,0.714285714286,0.714285714286,0.714285714286,5,2,2,12,0.714285714286,0.857142857143,0.142857142857,0.285714285714,0.714285714286,0.714285714286,0.714285714286,0.809523809524,0.555555555556,0.571428571429,0.571428571429,0.571428571429,20,13,7,0,20,0,13,0,7,11,20,0.181818181818,3.04338842975,3.63636363636,2,2.5,1.68954001271,0.464623503495,0.245454545455,1.16774841624,0.642261628933,0.336363636364,1.94000937205,1.06700515463,0.536363636364,1.05689877454,0.347276990411,3.54545454545,3.04338842975,1.05689877454,3.54545454545,0.499047619048,0.4,8,0.0484848484848,0.255555555556,11,11,11,1,0,0.0909090909091,0.636363636364,0.272727272727,11,0.118181818182,3.72727272727,2.36363636364,1.3,1.625,1.43336856898,0.6064251638,0.286713286713,0.603022689156,0.510249967747,0.237762237762,1.40129809949,1.18571377649,0.503496503497,2.05382127221,0.551025219373,7,3.72727272727,2.05382127221,7,0,0,0,0,0.22962962963,11,11,11,1,0,0.0909090909091,0.636363636364,0.272727272727,11,20,0.181818181818,4.9696969697,3.63636363636,2,2,1.68954001271,0.464623503495,0.213636363636,0.981649817214,0.539907399468,0.281818181818,1.53741222957,0.845576726264,0.409090909091,1.7624646282,0.354642272748,6.20833333333,4.9696969697,1.7624646282,6.20833333333,0.366666666667,0.266666666667,4,0.0242424242424,0.21,11,11,11,1,0,0.0909090909091,0.818181818182,0.0909090909091,0,0,1.92630853994,0,0,-0.5,0,0,-0.0318181818182,-0.186098599028,-0.102354229466,-0.0545454545455,-0.402597142477,-0.221428428362,-0.127272727273,0.705565853663,0.00736528233626,2.66287878788,1.92630853994,0.705565853663,2.66287878788,-0.132380952381,-0.133333333333,-4,-0.0242424242424,-0.0455555555556,0,0.181818181818,-0.181818181818,18,2,2,88,0.9,0.977777777778,0.0222222222222,0.1,0.9,0.9,0.9,0.877777777778,0.877777777778,0.818181818182,7,7,0,0,0,0
92,WLNM_dir_neg,0.826530612245,0.68933477237,00:00:10,10,10,11,1171943260,threshold_sweep,0.2,0.714285714286,0.714285714286,0.714285714286,5,2,2,12,0.714285714286,0.857142857143,0.142857142857,0.285714285714,0.714285714286,0.714285714286,0.714285714286,0.809523809524,0.555555555556,0.571428571429,0.571428571429,0.571428571429,20,13,7,0,20,0,13,0,7,11,20,0.181818181818,3.04338842975,3.63636363636,2,2.5,1.68954001271,0.464623503495,0.245454545455,1.16774841624,0.642261628933,0.336363636364,1.94000937205,1.06700515463,0.536363636364,1.05689877454,0.347276990411,3.54545454545,3.04338842975,1.05689877454,3.54545454545,0.499047619048,0.4,8,0.0484848484848,0.255555555556,11,11,11,1,0,0.0909090909091,0.636363636364,0.272727272727,11,0.118181818182,3.72727272727,2.36363636364,1.3,1.625,1.43336856898,0.6064251638,0.286713286713,0.603022689156,0.510249967747,0.237762237762,1.40129809949,1.18571377649,0.503496503497,2.05382127221,0.551025219373,7,3.72727272727,2.05382127221,7,0,0,0,0,0.22962962963,11,11,11,1,0,0.0909090909091,0.636363636364,0.272727272727,11,20,0.181818181818,4.9696969697,3.63636363636,2,2,1.68954001271,0.464623503495,0.213636363636,0.981649817214,0.539907399468,0.281818181818,1.53741222957,0.845576726264,0.409090909091,1.7624646282,0.354642272748,6.20833333333,4.9696969697,1.7624646282,6.20833333333,0.366666666667,0.266666666667,4,0.0242424242424,0.21,11,11,11,1,0,0.0909090909091,0.818181818182,0.0909090909091,0,0,1.92630853994,0,0,-0.5,0,0,-0.0318181818182,-0.186098599028,-0.102354229466,-0.0545454545455,-0.402597142477,-0.221428428362,-0.127272727273,0.705565853663,0.00736528233626,2.66287878788,1.92630853994,0.705565853663,2.66287878788,-0.132380952381,-0.133333333333,-4,-0.0242424242424,-0.0455555555556,0,0.181818181818,-0.181818181818,18,2,2,88,0.9,0.977777777778,0.0222222222222,0.1,0.9,0.9,0.9,0.877777777778,0.877777777778,0.818181818182,7,7,0,0,0,0
93,WLNM_dir_neg,0.826530612245,0.68933477237,00:00:10,10,10,11,1171943260,threshold_sweep,0.3,0.714285714286,0.714285714286,0.714285714286,5,2,2,12,0.714285714286,0.857142857143,0.142857142857,0.285714285714,0.714285714286,0.714285714286,0.714285714286,0.809523809524,0.555555555556,0.571428571429,0.571428571429,0.571428571429,20,13,7,0,20,0,13,0,7,11,20,0.181818181818,3.04338842975,3.63636363636,2,2.5,1.68954001271,0.464623503495,0.245454545455,1.16774841624,0.642261628933,0.336363636364,1.94000937205,1.06700515463,0.536363636364,1.05689877454,0.347276990411,3.54545454545,3.04338842975,1.05689877454,3.54545454545,0.499047619048,0.4,8,0.0484848484848,0.255555555556,11,11,11,1,0,0.0909090909091,0.636363636364,0.272727272727,11,0.118181818182,3.72727272727,2.36363636364,1.3,1.625,1.43336856898,0.6064251638,0.286713286713,0.603022689156,0.510249967747,0.237762237762,1.40129809949,1.18571377649,0.503496503497,2.05382127221,0.551025219373,7,3.72727272727,2.05382127221,7,0,0,0,0,0.22962962963,11,11,11,1,0,0.0909090909091,0.636363636364,0.272727272727,11,20,0.181818181818,4.9696969697,3.63636363636,2,2,1.68954001271,0.464623503495,0.213636363636,0.981649817214,0.539907399468,0.281818181818,1.53741222957,0.845576726264,0.409090909091,1.7624646282,0.354642272748,6.20833333333,4.9696969697,1.7624646282,6.20833333333,0.366666666667,0.266666666667,4,0.0242424242424,0.21,11,11,11,1,0,0.0909090909091,0.818181818182,0.0909090909091,0,0,1.92630853994,0,0,-0.5,0,0,-0.0318181818182,-0.186098599028,-0.102354229466,-0.0545454545455,-0.402597142477,-0.221428428362,-0.127272727273,0.705565853663,0.00736528233626,2.66287878788,1.92630853994,0.705565853663,2.66287878788,-0.132380952381,-0.133333333333,-4,-0.0242424242424,-0.0455555555556,0,0.181818181818,-0.181818181818,18,2,2,88,0.9,0.977777777778,0.0222222222222,0.1,0.9,0.9,0.9,0.877777777778,0.877777777778,0.818181818182,7,7,0,0,0,0
94,WLNM_dir_neg,0.826530612245,0.68933477237,00:00:10,10,10,11,1171943260,threshold_sweep,0.4,0.714285714286,0.714285714286,0.714285714286,5,2,2,12,0.714285714286,0.857142857143,0.142857142857,0.285714285714,0.714285714286,0.714285714286,0.714285714286,0.809523809524,0.555555555556,0.571428571429,0.571428571429,0.571428571429,20,13,7,0,20,0,13,0,7,11,20,0.181818181818,3.04338842975,3.63636363636,2,2.5,1.68954001271,0.464623503495,0.245454545455,1.16774841624,0.642261628933,0.336363636364,1.94000937205,1.06700515463,0.536363636364,1.05689877454,0.347276990411,3.54545454545,3.04338842975,1.05689877454,3.54545454545,0.499047619048,0.4,8,0.0484848484848,0.255555555556,11,11,11,1,0,0.0909090909091,0.636363636364,0.272727272727,11,0.118181818182,3.72727272727,2.36363636364,1.3,1.625,1.43336856898,0.6064251638,0.286713286713,0.603022689156,0.510249967747,0.237762237762,1.40129809949,1.18571377649,0.503496503497,2.05382127221,0.551025219373,7,3.72727272727,2.05382127221,7,0,0,0,0,0.22962962963,11,11,11,1,0,0.0909090909091,0.636363636364,0.272727272727,11,20,0.181818181818,4.9696969697,3.63636363636,2,2,1.68954001271,0.464623503495,0.213636363636,0.981649817214,0.539907399468,0.281818181818,1.53741222957,0.845576726264,0.409090909091,1.7624646282,0.354642272748,6.20833333333,4.9696969697,1.7624646282,6.20833333333,0.366666666667,0.266666666667,4,0.0242424242424,0.21,11,11,11,1,0,0.0909090909091,0.818181818182,0.0909090909091,0,0,1.92630853994,0,0,-0.5,0,0,-0.0318181818182,-0.186098599028,-0.102354229466,-0.0545454545455,-0.402597142477,-0.221428428362,-0.127272727273,0.705565853663,0.00736528233626,2.66287878788,1.92630853994,0.705565853663,2.66287878788,-0.132380952381,-0.133333333333,-4,-0.0242424242424,-0.0455555555556,0,0.181818181818,-0.181818181818,18,2,2,88,0.9,0.977777777778,0.0222222222222,0.1,0.9,0.9,0.9,0.877777777778,0.877777777778,0.818181818182,7,7,0,0,0,0
95,WLNM_dir_neg,0.826530612245,0.68933477237,00:00:10,10,10,11,1171943260,threshold_sweep,0.5,0.714285714286,0.714285714286,0.714285714286,5,2,2,12,0.714285714286,0.857142857143,0.142857142857,0.285714285714,0.714285714286,0.714285714286,0.714285714286,0.809523809524,0.555555555556,0.571428571429,0.571428571429,0.571428571429,20,13,7,0,20,0,13,0,7,11,20,0.181818181818,3.04338842975,3.63636363636,2,2.5,1.68954001271,0.464623503495,0.245454545455,1.16774841624,0.642261628933,0.336363636364,1.94000937205,1.06700515463,0.536363636364,1.05689877454,0.347276990411,3.54545454545,3.04338842975,1.05689877454,3.54545454545,0.499047619048,0.4,8,0.0484848484848,0.255555555556,11,11,11,1,0,0.0909090909091,0.636363636364,0.272727272727,11,0.118181818182,3.72727272727,2.36363636364,1.3,1.625,1.43336856898,0.6064251638,0.286713286713,0.603022689156,0.510249967747,0.237762237762,1.40129809949,1.18571377649,0.503496503497,2.05382127221,0.551025219373,7,3.72727272727,2.05382127221,7,0,0,0,0,0.22962962963,11,11,11,1,0,0.0909090909091,0.636363636364,0.272727272727,11,20,0.181818181818,4.9696969697,3.63636363636,2,2,1.68954001271,0.464623503495,0.213636363636,0.981649817214,0.539907399468,0.281818181818,1.53741222957,0.845576726264,0.409090909091,1.7624646282,0.354642272748,6.20833333333,4.9696969697,1.7624646282,6.20833333333,0.366666666667,0.266666666667,4,0.0242424242424,0.21,11,11,11,1,0,0.0909090909091,0.818181818182,0.0909090909091,0,0,1.92630853994,0,0,-0.5,0,0,-0.0318181818182,-0.186098599028,-0.102354229466,-0.0545454545455,-0.402597142477,-0.221428428362,-0.127272727273,0.705565853663,0.00736528233626,2.66287878788,1.92630853994,0.705565853663,2.66287878788,-0.132380952381,-0.133333333333,-4,-0.0242424242424,-0.0455555555556,0,0.181818181818,-0.181818181818,18,2,2,88,0.9,0.977777777778,0.0222222222222,0.1,0.9,0.9,0.9,0.877777777778,0.877777777778,0.818181818182,7,7,0,0,0,0
96,WLNM_dir_neg,0.826530612245,0.68933477237,00:00:10,10,10,11,1171943260,threshold_sweep,0.6,0.714285714286,0.714285714286,0.714285714286,5,2,2,12,0.714285714286,0.857142857143,0.142857142857,0.285714285714,0.714285714286,0.714285714286,0.714285714286,0.809523809524,0.555555555556,0.571428571429,0.571428571429,0.571428571429,20,13,7,0,20,0,13,0,7,11,20,0.181818181818,3.04338842975,3.63636363636,2,2.5,1.68954001271,0.464623503495,0.245454545455,1.16774841624,0.642261628933,0.336363636364,1.94000937205,1.06700515463,0.536363636364,1.05689877454,0.347276990411,3.54545454545,3.04338842975,1.05689877454,3.54545454545,0.499047619048,0.4,8,0.0484848484848,0.255555555556,11,11,11,1,0,0.0909090909091,0.636363636364,0.272727272727,11,0.118181818182,3.72727272727,2.36363636364,1.3,1.625,1.43336856898,0.6064251638,0.286713286713,0.603022689156,0.510249967747,0.237762237762,1.40129809949,1.18571377649,0.503496503497,2.05382127221,0.551025219373,7,3.72727272727,2.05382127221,7,0,0,0,0,0.22962962963,11,11,11,1,0,0.0909090909091,0.636363636364,0.272727272727,11,20,0.181818181818,4.9696969697,3.63636363636,2,2,1.68954001271,0.464623503495,0.213636363636,0.981649817214,0.539907399468,0.281818181818,1.53741222957,0.845576726264,0.409090909091,1.7624646282,0.354642272748,6.20833333333,4.9696969697,1.7624646282,6.20833333333,0.366666666667,0.266666666667,4,0.0242424242424,0.21,11,11,11,1,0,0.0909090909091,0.818181818182,0.0909090909091,0,0,1.92630853994,0,0,-0.5,0,0,-0.0318181818182,-0.186098599028,-0.102354229466,-0.0545454545455,-0.402597142477,-0.221428428362,-0.127272727273,0.705565853663,0.00736528233626,2.66287878788,1.92630853994,0.705565853663,2.66287878788,-0.132380952381,-0.133333333333,-4,-0.0242424242424,-0.0455555555556,0,0.181818181818,-0.181818181818,18,2,2,88,0.9,0.977777777778,0.0222222222222,0.1,0.9,0.9,0.9,0.877777777778,0.877777777778,0.818181818182,7,7,0,0,0,0
97,WLNM_dir_neg,0.826530612245,0.68933477237,00:00:10,10,10,11,1171943260,threshold_sweep,0.7,0.714285714286,0.714285714286,0.714285714286,5,2,2,12,0.714285714286,0.857142857143,0.142857142857,0.285714285714,0.714285714286,0.714285714286,0.714285714286,0.809523809524,0.555555555556,0.571428571429,0.571428571429,0.571428571429,20,13,7,0,20,0,13,0,7,11,20,0.181818181818,3.04338842975,3.63636363636,2,2.5,1.68954001271,0.464623503495,0.245454545455,1.16774841624,0.642261628933,0.336363636364,1.94000937205,1.06700515463,0.536363636364,1.05689877454,0.347276990411,3.54545454545,3.04338842975,1.05689877454,3.54545454545,0.499047619048,0.4,8,0.0484848484848,0.255555555556,11,11,11,1,0,0.0909090909091,0.636363636364,0.272727272727,11,0.118181818182,3.72727272727,2.36363636364,1.3,1.625,1.43336856898,0.6064251638,0.286713286713,0.603022689156,0.510249967747,0.237762237762,1.40129809949,1.18571377649,0.503496503497,2.05382127221,0.551025219373,7,3.72727272727,2.05382127221,7,0,0,0,0,0.22962962963,11,11,11,1,0,0.0909090909091,0.636363636364,0.272727272727,11,20,0.181818181818,4.9696969697,3.63636363636,2,2,1.68954001271,0.464623503495,0.213636363636,0.981649817214,0.539907399468,0.281818181818,1.53741222957,0.845576726264,0.409090909091,1.7624646282,0.354642272748,6.20833333333,4.9696969697,1.7624646282,6.20833333333,0.366666666667,0.266666666667,4,0.0242424242424,0.21,11,11,11,1,0,0.0909090909091,0.818181818182,0.0909090909091,0,0,1.92630853994,0,0,-0.5,0,0,-0.0318181818182,-0.186098599028,-0.102354229466,-0.0545454545455,-0.402597142477,-0.221428428362,-0.127272727273,0.705565853663,0.00736528233626,2.66287878788,1.92630853994,0.705565853663,2.66287878788,-0.132380952381,-0.133333333333,-4,-0.0242424242424,-0.0455555555556,0,0.181818181818,-0.181818181818,18,2,2,88,0.9,0.977777777778,0.0222222222222,0.1,0.9,0.9,0.9,0.877777777778,0.877777777778,0.818181818182,7,7,0,0,0,0
98,WLNM_dir_neg,0.826530612245,0.68933477237,00:00:10,10,10,11,1171943260,threshold_sweep,0.8,0.714285714286,0.714285714286,0.714285714286,5,2,2,12,0.714285714286,0.857142857143,0.142857142857,0.285714285714,0.714285714286,0.714285714286,0.714285714286,0.809523809524,0.555555555556,0.571428571429,0.571428571429,0.571428571429,20,13,7,0,20,0,13,0,7,11,20,0.181818181818,3.04338842975,3.63636363636,2,2.5,1.68954001271,0.464623503495,0.245454545455,1.16774841624,0.642261628933,0.336363636364,1.94000937205,1.06700515463,0.536363636364,1.05689877454,0.347276990411,3.54545454545,3.04338842975,1.05689877454,3.54545454545,0.499047619048,0.4,8,0.0484848484848,0.255555555556,11,11,11,1,0,0.0909090909091,0.636363636364,0.272727272727,11,0.118181818182,3.72727272727,2.36363636364,1.3,1.625,1.43336856898,0.6064251638,0.286713286713,0.603022689156,0.510249967747,0.237762237762,1.40129809949,1.18571377649,0.503496503497,2.05382127221,0.551025219373,7,3.72727272727,2.05382127221,7,0,0,0,0,0.22962962963,11,11,11,1,0,0.0909090909091,0.636363636364,0.272727272727,11,20,0.181818181818,4.9696969697,3.63636363636,2,2,1.68954001271,0.464623503495,0.213636363636,0.981649817214,0.539907399468,0.281818181818,1.53741222957,0.845576726264,0.409090909091,1.7624646282,0.354642272748,6.20833333333,4.9696969697,1.7624646282,6.20833333333,0.366666666667,0.266666666667,4,0.0242424242424,0.21,11,11,11,1,0,0.0909090909091,0.818181818182,0.0909090909091,0,0,1.92630853994,0,0,-0.5,0,0,-0.0318181818182,-0.186098599028,-0.102354229466,-0.0545454545455,-0.402597142477,-0.221428428362,-0.127272727273,0.705565853663,0.00736528233626,2.66287878788,1.92630853994,0.705565853663,2.66287878788,-0.132380952381,-0.133333333333,-4,-0.0242424242424,-0.0455555555556,0,0.181818181818,-0.181818181818,18,2,2,88,0.9,0.977777777778,0.0222222222222,0.1,0.9,0.9,0.9,0.877777777778,0.877777777778,0.818181818182,7,7,0,0,0,0
99,WLNM_dir_neg,0.826530612245,0.68933477237,00:00:10,10,10,11,1171943260,threshold_sweep,0.9,1,0.714285714286,0.833333333333,5,0,2,14,0.714285714286,1,0,0.285714285714,1,0.714285714286,0.833333333333,0.904761904762,0.587301587302,0.769230769231,0.790569415042,0.714285714286,20,13,7,0,20,0,13,0,7,11,20,0.181818181818,3.04338842975,3.63636363636,2,2.5,1.68954001271,0.464623503495,0.245454545455,1.16774841624,0.642261628933,0.336363636364,1.94000937205,1.06700515463,0.536363636364,1.05689877454,0.347276990411,3.54545454545,3.04338842975,1.05689877454,3.54545454545,0.499047619048,0.4,8,0.0484848484848,0.255555555556,11,11,11,1,0,0.0909090909091,0.636363636364,0.272727272727,11,0.118181818182,3.72727272727,2.36363636364,1.3,1.625,1.43336856898,0.6064251638,0.286713286713,0.603022689156,0.510249967747,0.237762237762,1.40129809949,1.18571377649,0.503496503497,2.05382127221,0.551025219373,7,3.72727272727,2.05382127221,7,0,0,0,0,0.22962962963,11,11,11,1,0,0.0909090909091,0.636363636364,0.272727272727,11,18,0.163636363636,3.11363636364,3.27272727273,1.8,2.25,1.42062726223,0.434080552347,0.227272727273,0.924416277737,0.564921058617,0.292929292929,1.68954001271,1.03249667443,0.525252525253,1.14353419474,0.367266456706,3.875,3.11363636364,1.14353419474,3.875,0.366666666667,0.266666666667,4,0.0242424242424,0.221111111111,11,11,11,1,0,0.0909090909091,0.636363636364,0.272727272727,-2,-0.0181818181818,0.0702479338843,-0.363636363636,-0.2,-0.25,-0.268912750482,-0.030542951148,-0.0181818181818,-0.243332138505,-0.0773405703161,-0.0434343434343,-0.250469359339,-0.0345084801933,-0.0111111111111,0.0866354202056,0.0199894662943,0.329545454545,0.0702479338843,0.0866354202056,0.329545454545,-0.132380952381,-0.133333333333,-4,-0.0242424242424,-0.0344444444444,0,0,0,18,0,2,90,0.9,1,0,0.1,1,0.9,0.947368421053,0.938314863257,0.9,0.9,5,7,0,0,0,0
100,WLNM_dir_neg,0.857142857143,0.655452880453,00:00:10,10,10,12,1171943261,threshold_sweep,0.1,0.75,0.428571428571,0.545454545455,3,1,4,13,0.428571428571,0.928571428571,0.0714285714286,0.571428571429,0.75,0.428571428571,0.545454545455,0.761904761905,0.603174603175,0.4,0.428746462856,0.357142857143,20,13,7,0,20,0,13,0,7,11,20,0.181818181818,3.04338842975,3.63636363636,2,2.5,1.68954001271,0.464623503495,0.245454545455,1.16774841624,0.642261628933,0.336363636364,1.94000937205,1.06700515463,0.536363636364,1.05689877454,0.347276990411,3.54545454545,3.04338842975,1.05689877454,3.54545454545,0.499047619048,0.4,8,0.0484848484848,0.255555555556,11,11,11,1,0,0.0909090909091,0.636363636364,0.272727272727,11,0.118181818182,3.72727272727,2.36363636364,1.3,1.625,1.43336856898,0.6064251638,0.286713286713,0.603022689156,0.510249967747,0.237762237762,1.40129809949,1.18571377649,0.503496503497,2.05382127221,0.551025219373,7,3.72727272727,2.05382127221,7,0,0,0,0,0.22962962963,11,11,11,1,0,0.0909090909091,0.636363636364,0.272727272727,11,17,0.154545454545,5.63636363636,3.09090909091,1.7,2.125,1.51357493733,0.489686009136,0.219251336898,0.687551650952,0.444886362381,0.20320855615,1.50755672289,0.975477879516,0.491978609626,2.14711457778,0.380939683154,7.66666666667,5.63636363636,2.14711457778,7.66666666667,0.319047619048,0.279069767442,4,0.0242424242424,0.192592592593,11,11,11,1,0,0.0909090909091,0.636363636364,0.272727272727,-3,-0.0272727272727,2.59297520661,-0.545454545455,-0.3,-0.375,-0.175965075381,0.0250625056407,-0.0262032085561,-0.48019676529,-0.197375266552,-0.133155080214,-0.43245264916,-0.0915272751104,-0.044385026738,1.09021580324,0.0336626927426,4.12121212121,2.59297520661,1.09021580324,4.12121212121,-0.18,-0.120930232558,-4,-0.0242424242424,-0.062962962963,0,0,0,16,1,4,89,0.8,0.988888888889,0.0111111111111,0.2,0.941176470588,0.8,0.864864864865,0.841755876268,0.788888888889,0.761904761905,4,7,0,0,0,0
101,WLNM_dir_neg,0.857142857143,0.655452880453,00:00:10,10,10,12,1171943261,threshold_sweep,0.2,0.75,0.428571428571,0.545454545455,3,1,4,13,0.428571428571,0.928571428571,0.0714285714286,0.571428571429,0.75,0.428571428571,0.545454545455,0.761904761905,0.603174603175,0.4,0.428746462856,0.357142857143,20,13,7,0,20,0,13,0,7,11,20,0.181818181818,3.04338842975,3.63636363636,2,2.5,1.68954001271,0.464623503495,0.245454545455,1.16774841624,0.642261628933,0.336363636364,1.94000937205,1.06700515463,0.536363636364,1.05689877454,0.347276990411,3.54545454545,3.04338842975,1.05689877454,3.54545454545,0.499047619048,0.4,8,0.0484848484848,0.255555555556,11,11,11,1,0,0.0909090909091,0.636363636364,0.272727272727,11,0.118181818182,3.72727272727,2.36363636364,1.3,1.625,1.43336856898,0.6064251638,0.286713286713,0.603022689156,0.510249967747,0.237762237762,1.40129809949,1.18571377649,0.503496503497,2.05382127221,0.551025219373,7,3.72727272727,2.05382127221,7,0,0,0,0,0.22962962963,11,11,11,1,0,0.0909090909091,0.636363636364,0.272727272727,11,17,0.154545454545,5.63636363636,3.09090909091,1.7,2.125,1.51357493733,0.489686009136,0.219251336898,0.687551650952,0.444886362381,0.20320855615,1.50755672289,0.975477879516,0.491978609626,2.14711457778,0.380939683154,7.66666666667,5.63636363636,2.14711457778,7.66666666667,0.319047619048,0.279069767442,4,0.0242424242424,0.192592592593,11,11,11,1,0,0.0909090909091,0.636363636364,0.272727272727,-3,-0.0272727272727,2.59297520661,-0.545454545455,-0.3,-0.375,-0.175965075381,0.0250625056407,-0.0262032085561,-0.48019676529,-0.197375266552,-0.133155080214,-0.43245264916,-0.0915272751104,-0.044385026738,1.09021580324,0.0336626927426,4.12121212121,2.59297520661,1.09021580324,4.12121212121,-0.18,-0.120930232558,-4,-0.0242424242424,-0.062962962963,0,0,0,16,1,4,89,0.8,0.988888888889,0.0111111111111,0.2,0.941176470588,0.8,0.864864864865,0.841755876268,0.788888888889,0.761904761905,4,7,0,0,0,0
102,WLNM_dir_neg,0.857142857143,0.655452880453,00:00:10,10,10,12,1171943261,threshold_sweep,0.3,0.75,0.428571428571,0.545454545455,3,1,4,13,0.428571428571,0.928571428571,0.0714285714286,0.571428571429,0.75,0.428571428571,0.545454545455,0.761904761905,0.603174603175,0.4,0.428746462856,0.357142857143,20,13,7,0,20,0,13,0,7,11,20,0.181818181818,3.04338842975,3.63636363636,2,2.5,1.68954001271,0.464623503495,0.245454545455,1.16774841624,0.642261628933,0.336363636364,1.94000937205,1.06700515463,0.536363636364,1.05689877454,0.347276990411,3.54545454545,3.04338842975,1.05689877454,3.54545454545,0.499047619048,0.4,8,0.0484848484848,0.255555555556,11,11,11,1,0,0.0909090909091,0.636363636364,0.272727272727,11,0.118181818182,3.72727272727,2.36363636364,1.3,1.625,1.43336856898,0.6064251638,0.286713286713,0.603022689156,0.510249967747,0.237762237762,1.40129809949,1.18571377649,0.503496503497,2.05382127221,0.551025219373,7,3.72727272727,2.05382127221,7,0,0,0,0,0.22962962963,11,11,11,1,0,0.0909090909091,0.636363636364,0.272727272727,11,17,0.154545454545,5.63636363636,3.09090909091,1.7,2.125,1.51357493733,0.489686009136,0.219251336898,0.687551650952,0.444886362381,0.20320855615,1.50755672289,0.975477879516,0.491978609626,2.14711457778,0.380939683154,7.66666666667,5.63636363636,2.14711457778,7.66666666667,0.319047619048,0.279069767442,4,0.0242424242424,0.192592592593,11,11,11,1,0,0.0909090909091,0.636363636364,0.272727272727,-3,-0.0272727272727,2.59297520661,-0.545454545455,-0.3,-0.375,-0.175965075381,0.0250625056407,-0.0262032085561,-0.48019676529,-0.197375266552,-0.133155080214,-0.43245264916,-0.0915272751104,-0.044385026738,1.09021580324,0.0336626927426,4.12121212121,2.59297520661,1.09021580324,4.12121212121,-0.18,-0.120930232558,-4,-0.0242424242424,-0.062962962963,0,0,0,16,1,4,89,0.8,0.988888888889,0.0111111111111,0.2,0.941176470588,0.8,0.864864864865,0.841755876268,0.788888888889,0.761904761905,4,7,0,0,0,0
103,WLNM_dir_neg,0.857142857143,0.655452880453,00:00:10,10,10,12,1171943261,threshold_sweep,0.4,0.75,0.428571428571,0.545454545455,3,1,4,13,0.428571428571,0.928571428571,0.0714285714286,0.571428571429,0.75,0.428571428571,0.545454545455,0.761904761905,0.603174603175,0.4,0.428746462856,0.357142857143,20,13,7,0,20,0,13,0,7,11,20,0.181818181818,3.04338842975,3.63636363636,2,2.5,1.68954001271,0.464623503495,0.245454545455,1.16774841624,0.642261628933,0.336363636364,1.94000937205,1.06700515463,0.536363636364,1.05689877454,0.347276990411,3.54545454545,3.04338842975,1.05689877454,3.54545454545,0.499047619048,0.4,8,0.0484848484848,0.255555555556,11,11,11,1,0,0.0909090909091,0.636363636364,0.272727272727,11,0.118181818182,3.72727272727,2.36363636364,1.3,1.625,1.43336856898,0.6064251638,0.286713286713,0.603022689156,0.510249967747,0.237762237762,1.40129809949,1.18571377649,0.503496503497,2.05382127221,0.551025219373,7,3.72727272727,2.05382127221,7,0,0,0,0,0.22962962963,11,11,11,1,0,0.0909090909091,0.636363636364,0.272727272727,11,17,0.154545454545,5.63636363636,3.09090909091,1.7,2.125,1.51357493733,0.489686009136,0.219251336898,0.687551650952,0.444886362381,0.20320855615,1.50755672289,0.975477879516,0.491978609626,2.14711457778,0.380939683154,7.66666666667,5.63636363636,2.14711457778,7.66666666667,0.319047619048,0.279069767442,4,0.0242424242424,0.192592592593,11,11,11,1,0,0.0909090909091,0.636363636364,0.272727272727,-3,-0.0272727272727,2.59297520661,-0.545454545455,-0.3,-0.375,-0.175965075381,0.0250625056407,-0.0262032085561,-0.48019676529,-0.197375266552,-0.133155080214,-0.43245264916,-0.0915272751104,-0.044385026738,1.09021580324,0.0336626927426,4.12121212121,2.59297520661,1.09021580324,4.12121212121,-0.18,-0.120930232558,-4,-0.0242424242424,-0.062962962963,0,0,0,16,1,4,89,0.8,0.988888888889,0.0111111111111,0.2,0.941176470588,0.8,0.864864864865,0.841755876268,0.788888888889,0.761904761905,4,7,0,0,0,0
104,WLNM_dir_neg,0.857142857143,0.655452880453,00:00:10,10,10,12,1171943261,threshold_sweep,0.5,1,0.428571428571,0.6,3,0,4,14,0.428571428571,1,0,0.571428571429,1,0.428571428571,0.6,0.809523809524,0.619047619048,0.5,0.57735026919,0.428571428571,20,13,7,0,20,0,13,0,7,11,20,0.181818181818,3.04338842975,3.63636363636,2,2.5,1.68954001271,0.464623503495,0.245454545455,1.16774841624,0.642261628933,0.336363636364,1.94000937205,1.06700515463,0.536363636364,1.05689877454,0.347276990411,3.54545454545,3.04338842975,1.05689877454,3.54545454545,0.499047619048,0.4,8,0.0484848484848,0.255555555556,11,11,11,1,0,0.0909090909091,0.636363636364,0.272727272727,11,0.118181818182,3.72727272727,2.36363636364,1.3,1.625,1.43336856898,0.6064251638,0.286713286713,0.603022689156,0.510249967747,0.237762237762,1.40129809949,1.18571377649,0.503496503497,2.05382127221,0.551025219373,7,3.72727272727,2.05382127221,7,0,0,0,0,0.22962962963,11,11,11,1,0,0.0909090909091,0.636363636364,0.272727272727,11,16,0.145454545455,3.25,2.90909090909,1.6,2,1.22102788294,0.41972833476,0.181818181818,0.687551650952,0.47269176003,0.227272727273,1.50755672289,1.03644524699,0.511363636364,1.3758835545,0.423348786001,4.66666666667,3.25,1.3758835545,4.66666666667,0.213333333333,0.176470588235,2,0.0121212121212,0.192592592593,11,11,11,1,0,0.0909090909091,0.636363636364,0.272727272727,-4,-0.0363636363636,0.206611570248,-0.727272727273,-0.4,-0.5,-0.468512129772,-0.0448951687355,-0.0636363636364,-0.48019676529,-0.169569868904,-0.109090909091,-0.43245264916,-0.0305599076407,-0.025,0.318984779967,0.07607179559,1.12121212121,0.206611570248,0.318984779967,1.12121212121,-0.285714285714,-0.223529411765,-6,-0.0363636363636,-0.062962962963,0,0,0,16,0,4,90,0.8,1,0,0.2,1,0.8,0.888888888889,0.875189948987,0.8,0.8,3,7,0,0,0,0
105,WLNM_dir_neg,0.857142857143,0.655452880453,00:00:10,10,10,12,1171943261,threshold_sweep,0.6,1,0.428571428571,0.6,3,0,4,14,0.428571428571,1,0,0.571428571429,1,0.428571428571,0.6,0.809523809524,0.619047619048,0.5,0.57735026919,0.428571428571,20,13,7,0,20,0,13,0,7,11,20,0.181818181818,3.04338842975,3.63636363636,2,2.5,1.68954001271,0.464623503495,0.245454545455,1.16774841624,0.642261628933,0.336363636364,1.94000937205,1.06700515463,0.536363636364,1.05689877454,0.347276990411,3.54545454545,3.04338842975,1.05689877454,3.54545454545,0.499047619048,0.4,8,0.0484848484848,0.255555555556,11,11,11,1,0,0.0909090909091,0.636363636364,0.272727272727,11,0.118181818182,3.72727272727,2.36363636364,1.3,1.625,1.43336856898,0.6064251638,0.286713286713,0.603022689156,0.510249967747,0.237762237762,1.40129809949,1.18571377649,0.503496503497,2.05382127221,0.551025219373,7,3.72727272727,2.05382127221,7,0,0,0,0,0.22962962963,11,11,11,1,0,0.0909090909091,0.636363636364,0.272727272727,11,16,0.145454545455,3.25,2.90909090909,1.6,2,1.22102788294,0.41972833476,0.181818181818,0.687551650952,0.47269176003,0.227272727273,1.50755672289,1.03644524699,0.511363636364,1.3758835545,0.423348786001,4.66666666667,3.25,1.3758835545,4.66666666667,0.213333333333,0.176470588235,2,0.0121212121212,0.192592592593,11,11,11,1,0,0.0909090909091,0.636363636364,0.272727272727,-4,-0.0363636363636,0.206611570248,-0.727272727273,-0.4,-0.5,-0.468512129772,-0.0448951687355,-0.0636363636364,-0.48019676529,-0.169569868904,-0.109090909091,-0.43245264916,-0.0305599076407,-0.025,0.318984779967,0.07607179559,1.12121212121,0.206611570248,0.318984779967,1.12121212121,-0.285714285714,-0.223529411765,-6,-0.0363636363636,-0.062962962963,0,0,0,16,0,4,90,0.8,1,0,0.2,1,0.8,0.888888888889,0.875189948987,0.8,0.8,3,7,0,0,0,0
106,WLNM_dir_neg,0.857142857143,0.655452880453,00:00:10,10,10,12,1171943261,threshold_sweep,0.7,1,0.428571428571,0.6,3,0,4,14,0.428571428571,1,0,0.571428571429,1,0.428571428571,0.6,0.809523809524,0.619047619048,0.5,0.57735026919,0.428571428571,20,13,7,0,20,0,13,0,7,11,20,0.181818181818,3.04338842975,3.63636363636,2,2.5,1.68954001271,0.464623503495,0.245454545455,1.16774841624,0.642261628933,0.336363636364,1.94000937205,1.06700515463,0.536363636364,1.05689877454,0.347276990411,3.54545454545,3.04338842975,1.05689877454,3.54545454545,0.499047619048,0.4,8,0.0484848484848,0.255555555556,11,11,11,1,0,0.0909090909091,0.636363636364,0.272727272727,11,0.118181818182,3.72727272727,2.36363636364,1.3,1.625,1.43336856898,0.6064251638,0.286713286713,0.603022689156,0.510249967747,0.237762237762,1.40129809949,1.18571377649,0.503496503497,2.05382127221,0.551025219373,7,3.72727272727,2.05382127221,7,0,0,0,0,0.22962962963,11,11,11,1,0,0.0909090909091,0.636363636364,0.272727272727,11,16,0.145454545455,3.25,2.90909090909,1.6,2,1.22102788294,0.41972833476,0.181818181818,0.687551650952,0.47269176003,0.227272727273,1.50755672289,1.03644524699,0.511363636364,1.3758835545,0.423348786001,4.66666666667,3.25,1.3758835545,4.66666666667,0.213333333333,0.176470588235,2,0.0121212121212,0.192592592593,11,11,11,1,0,0.0909090909091,0.636363636364,0.272727272727,-4,-0.0363636363636,0.206611570248,-0.727272727273,-0.4,-0.5,-0.468512129772,-0.0448951687355,-0.0636363636364,-0.48019676529,-0.169569868904,-0.109090909091,-0.43245264916,-0.0305599076407,-0.025,0.318984779967,0.07607179559,1.12121212121,0.206611570248,0.318984779967,1.12121212121,-0.285714285714,-0.223529411765,-6,-0.0363636363636,-0.062962962963,0,0,0,16,0,4,90,0.8,1,0,0.2,1,0.8,0.888888888889,0.875189948987,0.8,0.8,3,7,0,0,0,0
107,WLNM_dir_neg,0.857142857143,0.655452880453,00:00:10,10,10,12,1171943261,threshold_sweep,0.8,1,0.428571428571,0.6,3,0,4,14,0.428571428571,1,0,0.571428571429,1,0.428571428571,0.6,0.809523809524,0.619047619048,0.5,0.57735026919,0.428571428571,20,13,7,0,20,0,13,0,7,11,20,0.181818181818,3.04338842975,3.63636363636,2,2.5,1.68954001271,0.464623503495,0.245454545455,1.16774841624,0.642261628933,0.336363636364,1.94000937205,1.06700515463,0.536363636364,1.05689877454,0.347276990411,3.54545454545,3.04338842975,1.05689877454,3.54545454545,0.499047619048,0.4,8,0.0484848484848,0.255555555556,11,11,11,1,0,0.0909090909091,0.636363636364,0.272727272727,11,0.118181818182,3.72727272727,2.36363636364,1.3,1.625,1.43336856898,0.6064251638,0.286713286713,0.603022689156,0.510249967747,0.237762237762,1.40129809949,1.18571377649,0.503496503497,2.05382127221,0.551025219373,7,3.72727272727,2.05382127221,7,0,0,0,0,0.22962962963,11,11,11,1,0,0.0909090909091,0.636363636364,0.272727272727,11,16,0.145454545455,3.25,2.90909090909,1.6,2,1.22102788294,0.41972833476,0.181818181818,0.687551650952,0.47269176003,0.227272727273,1.50755672289,1.03644524699,0.511363636364,1.3758835545,0.423348786001,4.66666666667,3.25,1.3758835545,4.66666666667,0.213333333333,0.176470588235,2,0.0121212121212,0.192592592593,11,11,11,1,0,0.0909090909091,0.636363636364,0.272727272727,-4,-0.0363636363636,0.206611570248,-0.727272727273,-0.4,-0.5,-0.468512129772,-0.0448951687355,-0.0636363636364,-0.48019676529,-0.169569868904,-0.109090909091,-0.43245264916,-0.0305599076407,-0.025,0.318984779967,0.07607179559,1.12121212121,0.206611570248,0.318984779967,1.12121212121,-0.285714285714,-0.223529411765,-6,-0.0363636363636,-0.062962962963,0,0,0,16,0,4,90,0.8,1,0,0.2,1,0.8,0.888888888889,0.875189948987,0.8,0.8,3,7,0,0,0,0
108,WLNM_dir_neg,0.857142857143,0.655452880453,00:00:10,10,10,12,1171943261,threshold_sweep,0.9,1,0.428571428571,0.6,3,0,4,14,0.428571428571,1,0,0.571428571429,1,0.428571428571,0.6,0.809523809524,0.619047619048,0.5,0.57735026919,0.428571428571,20,13,7,0,20,0,13,0,7,11,20,0.181818181818,3.04338842975,3.63636363636,2,2.5,1.68954001271,0.464623503495,0.245454545455,1.16774841624,0.642261628933,0.336363636364,1.94000937205,1.06700515463,0.536363636364,1.05689877454,0.347276990411,3.54545454545,3.04338842975,1.05689877454,3.54545454545,0.499047619048,0.4,8,0.0484848484848,0.255555555556,11,11,11,1,0,0.0909090909091,0.636363636364,0.272727272727,11,0.118181818182,3.72727272727,2.36363636364,1.3,1.625,1.43336856898,0.6064251638,0.286713286713,0.603022689156,0.510249967747,0.237762237762,1.40129809949,1.18571377649,0.503496503497,2.05382127221,0.551025219373,7,3.72727272727,2.05382127221,7,0,0,0,0,0.22962962963,11,11,11,1,0,0.0909090909091,0.636363636364,0.272727272727,11,16,0.145454545455,3.25,2.90909090909,1.6,2,1.22102788294,0.41972833476,0.181818181818,0.687551650952,0.47269176003,0.227272727273,1.50755672289,1.03644524699,0.511363636364,1.3758835545,0.423348786001,4.66666666667,3.25,1.3758835545,4.66666666667,0.213333333333,0.176470588235,2,0.0121212121212,0.192592592593,11,11,11,1,0,0.0909090909091,0.636363636364,0.272727272727,-4,-0.0363636363636,0.206611570248,-0.727272727273,-0.4,-0.5,-0.468512129772,-0.0448951687355,-0.0636363636364,-0.48019676529,-0.169569868904,-0.109090909091,-0.43245264916,-0.0305599076407,-0.025,0.318984779967,0.07607179559,1.12121212121,0.206611570248,0.318984779967,1.12121212121,-0.285714285714,-0.223529411765,-6,-0.0363636363636,-0.062962962963,0,0,0,16,0,4,90,0.8,1,0,0.2,1,0.8,0.888888888889,0.875189948987,0.8,0.8,3,7,0,0,0,0
109,WLNM_dir_neg,0.897959183673,0.732371794872,00:00:10,10,10,13,1171943262,threshold_sweep,0.1,1,0.714285714286,0.833333333333,5,0,2,14,0.714285714286,1,0,0.285714285714,1,0.714285714286,0.833333333333,0.904761904762,0.587301587302,0.769230769231,0.790569415042,0.714285714286,20,13,7,0,20,0,13,0,7,11,20,0.181818181818,3.04338842975,3.63636363636,2,2.5,1.68954001271,0.464623503495,0.245454545455,1.16774841624,0.642261628933,0.336363636364,1.94000937205,1.06700515463,0.536363636364,1.05689877454,0.347276990411,3.54545454545,3.04338842975,1.05689877454,3.54545454545,0.499047619048,0.4,8,0.0484848484848,0.255555555556,11,11,11,1,0,0.0909090909091,0.636363636364,0.272727272727,11,0.118181818182,3.72727272727,2.36363636364,1.3,1.625,1.43336856898,0.6064251638,0.286713286713,0.603022689156,0.510249967747,0.237762237762,1.40129809949,1.18571377649,0.503496503497,2.05382127221,0.551025219373,7,3.72727272727,2.05382127221,7,0,0,0,0,0.22962962963,11,11,11,1,0,0.0909090909091,0.636363636364,0.272727272727,11,18,0.163636363636,3.11363636364,3.27272727273,1.8,2.25,1.42062726223,0.434080552347,0.227272727273,0.924416277737,0.564921058617,0.292929292929,1.68954001271,1.03249667443,0.525252525253,1.14353419474,0.367266456706,3.875,3.11363636364,1.14353419474,3.875,0.366666666667,0.266666666667,4,0.0242424242424,0.221111111111,11,11,11,1,0,0.0909090909091,0.636363636364,0.272727272727,-2,-0.0181818181818,0.0702479338843,-0.363636363636,-0.2,-0.25,-0.268912750482,-0.030542951148,-0.0181818181818,-0.243332138505,-0.0773405703161,-0.0434343434343,-0.250469359339,-0.0345084801933,-0.0111111111111,0.0866354202056,0.0199894662943,0.329545454545,0.0702479338843,0.0866354202056,0.329545454545,-0.132380952381,-0.133333333333,-4,-0.0242424242424,-0.0344444444444,0,0,0,18,0,2,90,0.9,1,0,0.1,1,0.9,0.947368421053,0.938314863257,0.9,0.9,5,7,0,0,0,0
110,WLNM_dir_neg,0.897959183673,0.732371794872,00:00:10,10,10,13,1171943262,threshold_sweep,0.2,1,0.714285714286,0.833333333333,5,0,2,14,0.714285714286,1,0,0.285714285714,1,0.714285714286,0.833333333333,0.904761904762,0.587301587302,0.769230769231,0.790569415042,0.714285714286,20,13,7,0,20,0,13,0,7,11,20,0.181818181818,3.04338842975,3.63636363636,2,2.5,1.68954001271,0.464623503495,0.245454545455,1.16774841624,0.642261628933,0.336363636364,1.94000937205,1.06700515463,0.536363636364,1.05689877454,0.347276990411,3.54545454545,3.04338842975,1.05689877454,3.54545454545,0.499047619048,0.4,8,0.0484848484848,0.255555555556,11,11,11,1,0,0.0909090909091,0.636363636364,0.272727272727,11,0.118181818182,3.72727272727,2.36363636364,1.3,1.625,1.43336856898,0.6064251638,0.286713286713,0.603022689156,0.510249967747,0.237762237762,1.40129809949,1.18571377649,0.503496503497,2.05382127221,0.551025219373,7,3.72727272727,2.05382127221,7,0,0,0,0,0.22962962963,11,11,11,1,0,0.0909090909091,0.636363636364,0.272727272727,11,18,0.163636363636,3.11363636364,3.27272727273,1.8,2.25,1.42062726223,0.434080552347,0.227272727273,0.924416277737,0.564921058617,0.292929292929,1.68954001271,1.03249667443,0.525252525253,1.14353419474,0.367266456706,3.875,3.11363636364,1.14353419474,3.875,0.366666666667,0.266666666667,4,0.0242424242424,0.221111111111,11,11,11,1,0,0.0909090909091,0.636363636364,0.272727272727,-2,-0.0181818181818,0.0702479338843,-0.363636363636,-0.2,-0.25,-0.268912750482,-0.030542951148,-0.0181818181818,-0.243332138505,-0.0773405703161,-0.0434343434343,-0.250469359339,-0.0345084801933,-0.0111111111111,0.0866354202056,0.0199894662943,0.329545454545,0.0702479338843,0.0866354202056,0.329545454545,-0.132380952381,-0.133333333333,-4,-0.0242424242424,-0.0344444444444,0,0,0,18,0,2,90,0.9,1,0,0.1,1,0.9,0.947368421053,0.938314863257,0.9,0.9,5,7,0,0,0,0
111,WLNM_dir_neg,0.897959183673,0.732371794872,00:00:10,10,10,13,1171943262,threshold_sweep,0.3,1,0.571428571429,0.727272727273,4,0,3,14,0.571428571429,1,0,0.428571428571,1,0.571428571429,0.727272727273,0.857142857143,0.603174603175,0.64,0.68599434057,0.571428571429,20,13,7,0,20,0,13,0,7,11,20,0.181818181818,3.04338842975,3.63636363636,2,2.5,1.68954001271,0.464623503495,0.245454545455,1.16774841624,0.642261628933,0.336363636364,1.94000937205,1.06700515463,0.536363636364,1.05689877454,0.347276990411,3.54545454545,3.04338842975,1.05689877454,3.54545454545,0.499047619048,0.4,8,0.0484848484848,0.255555555556,11,11,11,1,0,0.0909090909091,0.636363636364,0.272727272727,11,0.118181818182,3.72727272727,2.36363636364,1.3,1.625,1.43336856898,0.6064251638,0.286713286713,0.603022689156,0.510249967747,0.237762237762,1.40129809949,1.18571377649,0.503496503497,2.05382127221,0.551025219373,7,3.72727272727,2.05382127221,7,0,0,0,0,0.22962962963,11,11,11,1,0,0.0909090909091,0.636363636364,0.272727272727,11,17,0.154545454545,3.17727272727,3.09090909091,1.7,2.125,1.30034960334,0.420701342257,0.208556149733,0.820199532265,0.530717344407,0.267379679144,1.57249078621,1.01749403814,0.513368983957,1.2536673475,0.394573414091,4.4,3.17727272727,1.2536673475,4.4,0.213333333333,0.153846153846,2,0.0121212121212,0.205555555556,11,11,11,1,0,0.0909090909091,0.636363636364,0.272727272727,-3,-0.0272727272727,0.133884297521,-0.545454545455,-0.3,-0.375,-0.389190409368,-0.0439221612377,-0.0368983957219,-0.347548883978,-0.111544284527,-0.0689839572193,-0.367518585835,-0.0495111164884,-0.0229946524064,0.196768572961,0.0472964236795,0.854545454545,0.133884297521,0.196768572961,0.854545454545,-0.285714285714,-0.246153846154,-6,-0.0363636363636,-0.05,0,0,0,17,0,3,90,0.85,1,0,0.15,1,0.85,0.918918918919,0.906962317388,0.85,0.85,4,7,0,0,0,0
112,WLNM_dir_neg,0.897959183673,0.732371794872,00:00:10,10,10,13,1171943262,threshold_sweep,0.4,1,0.571428571429,0.727272727273,4,0,3,14,0.571428571429,1,0,0.428571428571,1,0.571428571429,0.727272727273,0.857142857143,0.603174603175,0.64,0.68599434057,0.571428571429,20,13,7,0,20,0,13,0,7,11,20,0.181818181818,3.04338842975,3.63636363636,2,2.5,1.68954001271,0.464623503495,0.245454545455,1.16774841624,0.642261628933,0.336363636364,1.94000937205,1.06700515463,0.536363636364,1.05689877454,0.347276990411,3.54545454545,3.04338842975,1.05689877454,3.54545454545,0.499047619048,0.4,8,0.0484848484848,0.255555555556,11,11,11,1,0,0.0909090909091,0.636363636364,0.272727272727,11,0.118181818182,3.72727272727,2.36363636364,1.3,1.625,1.43336856898,0.6064251638,0.286713286713,0.603022689156,0.510249967747,0.237762237762,1.40129809949,1.18571377649,0.503496503497,2.05382127221,0.551025219373,7,3.72727272727,2.05382127221,7,0,0,0,0,0.22962962963,11,11,11,1,0,0.0909090909091,0.636363636364,0.272727272727,11,17,0.154545454545,3.17727272727,3.09090909091,1.7,2.125,1.30034960334,0.420701342257,0.208556149733,0.820199532265,0.530717344407,0.267379679144,1.57249078621,1.01749403814,0.513368983957,1.2536673475,0.394573414091,4.4,3.17727272727,1.2536673475,4.4,0.213333333333,0.153846153846,2,0.0121212121212,0.205555555556,11,11,11,1,0,0.0909090909091,0.636363636364,0.272727272727,-3,-0.0272727272727,0.133884297521,-0.545454545455,-0.3,-0.375,-0.389190409368,-0.0439221612377,-0.0368983957219,-0.347548883978,-0.111544284527,-0.0689839572193,-0.367518585835,-0.0495111164884,-0.0229946524064,0.196768572961,0.0472964236795,0.854545454545,0.133884297521,0.196768572961,0.854545454545,-0.285714285714,-0.246153846154,-6,-0.0363636363636,-0.05,0,0,0,17,0,3,90,0.85,1,0,0.15,1,0.85,0.918918918919,0.906962317388,0.85,0.85,4,7,0,0,0,0
113,WLNM_dir_neg,0.897959183673,0.732371794872,00:00:10,10,10,13,1171943262,threshold_sweep,0.5,1,0.571428571429,0.727272727273,4,0,3,14,0.571428571429,1,0,0.428571428571,1,0.571428571429,0.727272727273,0.857142857143,0.603174603175,0.64,0.68599434057,0.571428571429,20,13,7,0,20,0,13,0,7,11,20,0.181818181818,3.04338842975,3.63636363636,2,2.5,1.68954001271,0.464623503495,0.245454545455,1.16774841624,0.642261628933,0.336363636364,1.94000937205,1.06700515463,0.536363636364,1.05689877454,0.347276990411,3.54545454545,3.04338842975,1.05689877454,3.54545454545,0.499047619048,0.4,8,0.0484848484848,0.255555555556,11,11,11,1,0,0.0909090909091,0.636363636364,0.272727272727,11,0.118181818182,3.72727272727,2.36363636364,1.3,1.625,1.43336856898,0.6064251638,0.286713286713,0.603022689156,0.510249967747,0.237762237762,1.40129809949,1.18571377649,0.503496503497,2.05382127221,0.551025219373,7,3.72727272727,2.05382127221,7,0,0,0,0,0.22962962963,11,11,11,1,0,0.0909090909091,0.636363636364,0.272727272727,11,17,0.154545454545,3.17727272727,3.09090909091,1.7,2.125,1.30034960334,0.420701342257,0.208556149733,0.820199532265,0.530717344407,0.267379679144,1.57249078621,1.01749403814,0.513368983957,1.2536673475,0.394573414091,4.4,3.17727272727,1.2536673475,4.4,0.213333333333,0.153846153846,2,0.0121212121212,0.205555555556,11,11,11,1,0,0.0909090909091,0.636363636364,0.272727272727,-3,-0.0272727272727,0.133884297521,-0.545454545455,-0.3,-0.375,-0.389190409368,-0.0439221612377,-0.0368983957219,-0.347548883978,-0.111544284527,-0.0689839572193,-0.367518585835,-0.0495111164884,-0.0229946524064,0.196768572961,0.0472964236795,0.854545454545,0.133884297521,0.196768572961,0.854545454545,-0.285714285714,-0.246153846154,-6,-0.0363636363636,-0.05,0,0,0,17,0,3,90,0.85,1,0,0.15,1,0.85,0.918918918919,0.906962317388,0.85,0.85,4,7,0,0,0,0
114,WLNM_dir_neg,0.897959183673,0.732371794872,00:00:10,10,10,13,1171943262,threshold_sweep,0.6,1,0.571428571429,0.727272727273,4,0,3,14,0.571428571429,1,0,0.428571428571,1,0.571428571429,0.727272727273,0.857142857143,0.603174603175,0.64,0.68599434057,0.571428571429,20,13,7,0,20,0,13,0,7,11,20,0.181818181818,3.04338842975,3.63636363636,2,2.5,1.68954001271,0.464623503495,0.245454545455,1.16774841624,0.642261628933,0.336363636364,1.94000937205,1.06700515463,0.536363636364,1.05689877454,0.347276990411,3.54545454545,3.04338842975,1.05689877454,3.54545454545,0.499047619048,0.4,8,0.0484848484848,0.255555555556,11,11,11,1,0,0.0909090909091,0.636363636364,0.272727272727,11,0.118181818182,3.72727272727,2.36363636364,1.3,1.625,1.43336856898,0.6064251638,0.286713286713,0.603022689156,0.510249967747,0.237762237762,1.40129809949,1.18571377649,0.503496503497,2.05382127221,0.551025219373,7,3.72727272727,2.05382127221,7,0,0,0,0,0.22962962963,11,11,11,1,0,0.0909090909091,0.636363636364,0.272727272727,11,17,0.154545454545,3.17727272727,3.09090909091,1.7,2.125,1.30034960334,0.420701342257,0.208556149733,0.820199532265,0.530717344407,0.267379679144,1.57249078621,1.01749403814,0.513368983957,1.2536673475,0.394573414091,4.4,3.17727272727,1.2536673475,4.4,0.213333333333,0.153846153846,2,0.0121212121212,0.205555555556,11,11,11,1,0,0.0909090909091,0.636363636364,0.272727272727,-3,-0.0272727272727,0.133884297521,-0.545454545455,-0.3,-0.375,-0.389190409368,-0.0439221612377,-0.0368983957219,-0.347548883978,-0.111544284527,-0.0689839572193,-0.367518585835,-0.0495111164884,-0.0229946524064,0.196768572961,0.0472964236795,0.854545454545,0.133884297521,0.196768572961,0.854545454545,-0.285714285714,-0.246153846154,-6,-0.0363636363636,-0.05,0,0,0,17,0,3,90,0.85,1,0,0.15,1,0.85,0.918918918919,0.906962317388,0.85,0.85,4,7,0,0,0,0
115,WLNM_dir_neg,0.897959183673,0.732371794872,00:00:10,10,10,13,1171943262,threshold_sweep,0.7,1,0.571428571429,0.727272727273,4,0,3,14,0.571428571429,1,0,0.428571428571,1,0.571428571429,0.727272727273,0.857142857143,0.603174603175,0.64,0.68599434057,0.571428571429,20,13,7,0,20,0,13,0,7,11,20,0.181818181818,3.04338842975,3.63636363636,2,2.5,1.68954001271,0.464623503495,0.245454545455,1.16774841624,0.642261628933,0.336363636364,1.94000937205,1.06700515463,0.536363636364,1.05689877454,0.347276990411,3.54545454545,3.04338842975,1.05689877454,3.54545454545,0.499047619048,0.4,8,0.0484848484848,0.255555555556,11,11,11,1,0,0.0909090909091,0.636363636364,0.272727272727,11,0.118181818182,3.72727272727,2.36363636364,1.3,1.625,1.43336856898,0.6064251638,0.286713286713,0.603022689156,0.510249967747,0.237762237762,1.40129809949,1.18571377649,0.503496503497,2.05382127221,0.551025219373,7,3.72727272727,2.05382127221,7,0,0,0,0,0.22962962963,11,11,11,1,0,0.0909090909091,0.636363636364,0.272727272727,11,17,0.154545454545,3.17727272727,3.09090909091,1.7,2.125,1.30034960334,0.420701342257,0.208556149733,0.820199532265,0.530717344407,0.267379679144,1.57249078621,1.01749403814,0.513368983957,1.2536673475,0.394573414091,4.4,3.17727272727,1.2536673475,4.4,0.213333333333,0.153846153846,2,0.0121212121212,0.205555555556,11,11,11,1,0,0.0909090909091,0.636363636364,0.272727272727,-3,-0.0272727272727,0.133884297521,-0.545454545455,-0.3,-0.375,-0.389190409368,-0.0439221612377,-0.0368983957219,-0.347548883978,-0.111544284527,-0.0689839572193,-0.367518585835,-0.0495111164884,-0.0229946524064,0.196768572961,0.0472964236795,0.854545454545,0.133884297521,0.196768572961,0.854545454545,-0.285714285714,-0.246153846154,-6,-0.0363636363636,-0.05,0,0,0,17,0,3,90,0.85,1,0,0.15,1,0.85,0.918918918919,0.906962317388,0.85,0.85,4,7,0,0,0,0
116,WLNM_dir_neg,0.897959183673,0.732371794872,00:00:10,10,10,13,1171943262,threshold_sweep,0.8,1,0.571428571429,0.727272727273,4,0,3,14,0.571428571429,1,0,0.428571428571,1,0.571428571429,0.727272727273,0.857142857143,0.603174603175,0.64,0.68599434057,0.571428571429,20,13,7,0,20,0,13,0,7,11,20,0.181818181818,3.04338842975,3.63636363636,2,2.5,1.68954001271,0.464623503495,0.245454545455,1.16774841624,0.642261628933,0.336363636364,1.94000937205,1.06700515463,0.536363636364,1.05689877454,0.347276990411,3.54545454545,3.04338842975,1.05689877454,3.54545454545,0.499047619048,0.4,8,0.0484848484848,0.255555555556,11,11,11,1,0,0.0909090909091,0.636363636364,0.272727272727,11,0.118181818182,3.72727272727,2.36363636364,1.3,1.625,1.43336856898,0.6064251638,0.286713286713,0.603022689156,0.510249967747,0.237762237762,1.40129809949,1.18571377649,0.503496503497,2.05382127221,0.551025219373,7,3.72727272727,2.05382127221,7,0,0,0,0,0.22962962963,11,11,11,1,0,0.0909090909091,0.636363636364,0.272727272727,11,17,0.154545454545,3.17727272727,3.09090909091,1.7,2.125,1.30034960334,0.420701342257,0.208556149733,0.820199532265,0.530717344407,0.267379679144,1.57249078621,1.01749403814,0.513368983957,1.2536673475,0.394573414091,4.4,3.17727272727,1.2536673475,4.4,0.213333333333,0.153846153846,2,0.0121212121212,0.205555555556,11,11,11,1,0,0.0909090909091,0.636363636364,0.272727272727,-3,-0.0272727272727,0.133884297521,-0.545454545455,-0.3,-0.375,-0.389190409368,-0.0439221612377,-0.0368983957219,-0.347548883978,-0.111544284527,-0.0689839572193,-0.367518585835,-0.0495111164884,-0.0229946524064,0.196768572961,0.0472964236795,0.854545454545,0.133884297521,0.196768572961,0.854545454545,-0.285714285714,-0.246153846154,-6,-0.0363636363636,-0.05,0,0,0,17,0,3,90,0.85,1,0,0.15,1,0.85,0.918918918919,0.906962317388,0.85,0.85,4,7,0,0,0,0
117,WLNM_dir_neg,0.897959183673,0.732371794872,00:00:10,10,10,13,1171943262,threshold_sweep,0.9,1,0.571428571429,0.727272727273,4,0,3,14,0.571428571429,1,0,0.428571428571,1,0.571428571429,0.727272727273,0.857142857143,0.603174603175,0.64,0.68599434057,0.571428571429,20,13,7,0,20,0,13,0,7,11,20,0.181818181818,3.04338842975,3.63636363636,2,2.5,1.68954001271,0.464623503495,0.245454545455,1.16774841624,0.642261628933,0.336363636364,1.94000937205,1.06700515463,0.536363636364,1.05689877454,0.347276990411,3.54545454545,3.04338842975,1.05689877454,3.54545454545,0.499047619048,0.4,8,0.0484848484848,0.255555555556,11,11,11,1,0,0.0909090909091,0.636363636364,0.272727272727,11,0.118181818182,3.72727272727,2.36363636364,1.3,1.625,1.43336856898,0.6064251638,0.286713286713,0.603022689156,0.510249967747,0.237762237762,1.40129809949,1.18571377649,0.503496503497,2.05382127221,0.551025219373,7,3.72727272727,2.05382127221,7,0,0,0,0,0.22962962963,11,11,11,1,0,0.0909090909091,0.636363636364,0.272727272727,11,17,0.154545454545,3.17727272727,3.09090909091,1.7,2.125,1.30034960334,0.420701342257,0.208556149733,0.820199532265,0.530717344407,0.267379679144,1.57249078621,1.01749403814,0.513368983957,1.2536673475,0.394573414091,4.4,3.17727272727,1.2536673475,4.4,0.213333333333,0.153846153846,2,0.0121212121212,0.205555555556,11,11,11,1,0,0.0909090909091,0.636363636364,0.272727272727,-3,-0.0272727272727,0.133884297521,-0.545454545455,-0.3,-0.375,-0.389190409368,-0.0439221612377,-0.0368983957219,-0.347548883978,-0.111544284527,-0.0689839572193,-0.367518585835,-0.0495111164884,-0.0229946524064,0.196768572961,0.0472964236795,0.854545454545,0.133884297521,0.196768572961,0.854545454545,-0.285714285714,-0.246153846154,-6,-0.0363636363636,-0.05,0,0,0,17,0,3,90,0.85,1,0,0.15,1,0.85,0.918918918919,0.906962317388,0.85,0.85,4,7,0,0,0,0
118,WLNM_dir_neg,0.877551020408,0.713786213786,00:00:10,10,10,14,1171943263,threshold_sweep,0.1,1,0.714285714286,0.833333333333,5,0,2,14,0.714285714286,1,0,0.285714285714,1,0.714285714286,0.833333333333,0.904761904762,0.587301587302,0.769230769231,0.790569415042,0.714285714286,20,13,7,0,20,0,13,0,7,11,20,0.181818181818,3.04338842975,3.63636363636,2,2.5,1.68954001271,0.464623503495,0.245454545455,1.16774841624,0.642261628933,0.336363636364,1.94000937205,1.06700515463,0.536363636364,1.05689877454,0.347276990411,3.54545454545,3.04338842975,1.05689877454,3.54545454545,0.499047619048,0.4,8,0.0484848484848,0.255555555556,11,11,11,1,0,0.0909090909091,0.636363636364,0.272727272727,11,0.118181818182,3.72727272727,2.36363636364,1.3,1.625,1.43336856898,0.6064251638,0.286713286713,0.603022689156,0.510249967747,0.237762237762,1.40129809949,1.18571377649,0.503496503497,2.05382127221,0.551025219373,7,3.72727272727,2.05382127221,7,0,0,0,0,0.22962962963,11,11,11,1,0,0.0909090909091,0.636363636364,0.272727272727,11,18,0.163636363636,3.11363636364,3.27272727273,1.8,2.25,1.42062726223,0.434080552347,0.227272727273,0.924416277737,0.564921058617,0.292929292929,1.68954001271,1.03249667443,0.525252525253,1.14353419474,0.367266456706,3.875,3.11363636364,1.14353419474,3.875,0.366666666667,0.266666666667,4,0.0242424242424,0.221111111111,11,11,11,1,0,0.0909090909091,0.636363636364,0.272727272727,-2,-0.0181818181818,0.0702479338843,-0.363636363636,-0.2,-0.25,-0.268912750482,-0.030542951148,-0.0181818181818,-0.243332138505,-0.0773405703161,-0.0434343434343,-0.250469359339,-0.0345084801933,-0.0111111111111,0.0866354202056,0.0199894662943,0.329545454545,0.0702479338843,0.0866354202056,0.329545454545,-0.132380952381,-0.133333333333,-4,-0.0242424242424,-0.0344444444444,0,0,0,18,0,2,90,0.9,1,0,0.1,1,0.9,0.947368421053,0.938314863257,0.9,0.9,5,7,0,0,0,0
119,WLNM_dir_neg,0.877551020408,0.713786213786,00:00:10,10,10,14,1171943263,threshold_sweep,0.2,1,0.571428571429,0.727272727273,4,0,3,14,0.571428571429,1,0,0.428571428571,1,0.571428571429,0.727272727273,0.857142857143,0.603174603175,0.64,0.68599434057,0.571428571429,20,13,7,0,20,0,13,0,7,11,20,0.181818181818,3.04338842975,3.63636363636,2,2.5,1.68954001271,0.464623503495,0.245454545455,1.16774841624,0.642261628933,0.336363636364,1.94000937205,1.06700515463,0.536363636364,1.05689877454,0.347276990411,3.54545454545,3.04338842975,1.05689877454,3.54545454545,0.499047619048,0.4,8,0.0484848484848,0.255555555556,11,11,11,1,0,0.0909090909091,0.636363636364,0.272727272727,11,0.118181818182,3.72727272727,2.36363636364,1.3,1.625,1.43336856898,0.6064251638,0.286713286713,0.603022689156,0.510249967747,0.237762237762,1.40129809949,1.18571377649,0.503496503497,2.05382127221,0.551025219373,7,3.72727272727,2.05382127221,7,0,0,0,0,0.22962962963,11,11,11,1,0,0.0909090909091,0.636363636364,0.272727272727,11,17,0.154545454545,3.17727272727,3.09090909091,1.7,2.125,1.30034960334,0.420701342257,0.208556149733,0.820199532265,0.530717344407,0.267379679144,1.57249078621,1.01749403814,0.513368983957,1.2536673475,0.394573414091,4.4,3.17727272727,1.2536673475,4.4,0.213333333333,0.153846153846,2,0.0121212121212,0.205555555556,11,11,11,1,0,0.0909090909091,0.636363636364,0.272727272727,-3,-0.0272727272727,0.133884297521,-0.545454545455,-0.3,-0.375,-0.389190409368,-0.0439221612377,-0.0368983957219,-0.347548883978,-0.111544284527,-0.0689839572193,-0.367518585835,-0.0495111164884,-0.0229946524064,0.196768572961,0.0472964236795,0.854545454545,0.133884297521,0.196768572961,0.854545454545,-0.285714285714,-0.246153846154,-6,-0.0363636363636,-0.05,0,0,0,17,0,3,90,0.85,1,0,0.15,1,0.85,0.918918918919,0.906962317388,0.85,0.85,4,7,0,0,0,0
120,WLNM_dir_neg,0.877551020408,0.713786213786,00:00:10,10,10,14,1171943263,threshold_sweep,0.3,1,0.571428571429,0.727272727273,4,0,3,14,0.571428571429,1,0,0.428571428571,1,0.571428571429,0.727272727273,0.857142857143,0.603174603175,0.64,0.68599434057,0.571428571429,20,13,7,0,20,0,13,0,7,11,20,0.181818181818,3.04338842975,3.63636363636,2,2.5,1.68954001271,0.464623503495,0.245454545455,1.16774841624,0.642261628933,0.336363636364,1.94000937205,1.06700515463,0.536363636364,1.05689877454,0.347276990411,3.54545454545,3.04338842975,1.05689877454,3.54545454545,0.499047619048,0.4,8,0.0484848484848,0.255555555556,11,11,11,1,0,0.0909090909091,0.636363636364,0.272727272727,11,0.118181818182,3.72727272727,2.36363636364,1.3,1.625,1.43336856898,0.6064251638,0.286713286713,0.603022689156,0.510249967747,0.237762237762,1.40129809949,1.18571377649,0.503496503497,2.05382127221,0.551025219373,7,3.72727272727,2.05382127221,7,0,0,0,0,0.22962962963,11,11,11,1,0,0.0909090909091,0.636363636364,0.272727272727,11,17,0.154545454545,3.17727272727,3.09090909091,1.7,2.125,1.30034960334,0.420701342257,0.208556149733,0.820199532265,0.530717344407,0.267379679144,1.57249078621,1.01749403814,0.513368983957,1.2536673475,0.394573414091,4.4,3.17727272727,1.2536673475,4.4,0.213333333333,0.153846153846,2,0.0121212121212,0.205555555556,11,11,11,1,0,0.0909090909091,0.636363636364,0.272727272727,-3,-0.0272727272727,0.133884297521,-0.545454545455,-0.3,-0.375,-0.389190409368,-0.0439221612377,-0.0368983957219,-0.347548883978,-0.111544284527,-0.0689839572193,-0.367518585835,-0.0495111164884,-0.0229946524064,0.196768572961,0.0472964236795,0.854545454545,0.133884297521,0.196768572961,0.854545454545,-0.285714285714,-0.246153846154,-6,-0.0363636363636,-0.05,0,0,0,17,0,3,90,0.85,1,0,0.15,1,0.85,0.918918918919,0.906962317388,0.85,0.85,4,7,0,0,0,0
121,WLNM_dir_neg,0.877551020408,0.713786213786,00:00:10,10,10,14,1171943263,threshold_sweep,0.4,1,0.285714285714,0.444444444444,2,0,5,14,0.285714285714,1,0,0.714285714286,1,0.285714285714,0.444444444444,0.761904761905,0.634920634921,0.347826086957,0.458831467741,0.285714285714,20,13,7,0,20,0,13,0,7,11,20,0.181818181818,3.04338842975,3.63636363636,2,2.5,1.68954001271,0.464623503495,0.245454545455,1.16774841624,0.642261628933,0.336363636364,1.94000937205,1.06700515463,0.536363636364,1.05689877454,0.347276990411,3.54545454545,3.04338842975,1.05689877454,3.54545454545,0.499047619048,0.4,8,0.0484848484848,0.255555555556,11,11,11,1,0,0.0909090909091,0.636363636364,0.272727272727,11,0.118181818182,3.72727272727,2.36363636364,1.3,1.625,1.43336856898,0.6064251638,0.286713286713,0.603022689156,0.510249967747,0.237762237762,1.40129809949,1.18571377649,0.503496503497,2.05382127221,0.551025219373,7,3.72727272727,2.05382127221,7,0,0,0,0,0.22962962963,11,11,11,1,0,0.0909090909091,0.636363636364,0.272727272727,11,15,0.136363636364,3.29090909091,2.72727272727,1.5,1.875,1.55505042304,0.570185155113,0.29696969697,0.809039834956,0.593295878968,0.290909090909,1.50151438706,1.10111055051,0.521212121212,1.22756225541,0.373016154959,4.4,3.29090909091,1.22756225541,4.4,0,0,0,0,0.25,11,11,11,1,0,0.0909090909091,0.636363636364,0.272727272727,-5,-0.0454545454545,0.247520661157,-0.909090909091,-0.5,-0.625,-0.134489589674,0.105561651618,0.0515151515152,-0.358708581286,-0.0489657499656,-0.0454545454545,-0.438494984989,0.0341053958833,-0.0151515151515,0.170663480874,0.0257391645477,0.854545454545,0.247520661157,0.170663480874,0.854545454545,-0.499047619048,-0.4,-8,-0.0484848484848,-0.00555555555556,0,0,0,15,0,5,90,0.75,1,0,0.25,1,0.75,0.857142857143,0.842927230424,0.75,0.75,2,7,0,0,0,0
122,WLNM_dir_neg,0.877551020408,0.713786213786,00:00:10,10,10,14,1171943263,threshold_sweep,0.5,1,0.285714285714,0.444444444444,2,0,5,14,0.285714285714,1,0,0.714285714286,1,0.285714285714,0.444444444444,0.761904761905,0.634920634921,0.347826086957,0.458831467741,0.285714285714,20,13,7,0,20,0,13,0,7,11,20,0.181818181818,3.04338842975,3.63636363636,2,2.5,1.68954001271,0.464623503495,0.245454545455,1.16774841624,0.642261628933,0.336363636364,1.94000937205,1.06700515463,0.536363636364,1.05689877454,0.347276990411,3.54545454545,3.04338842975,1.05689877454,3.54545454545,0.499047619048,0.4,8,0.0484848484848,0.255555555556,11,11,11,1,0,0.0909090909091,0.636363636364,0.272727272727,11,0.118181818182,3.72727272727,2.36363636364,1.3,1.625,1.43336856898,0.6064251638,0.286713286713,0.603022689156,0.510249967747,0.237762237762,1.40129809949,1.18571377649,0.503496503497,2.05382127221,0.551025219373,7,3.72727272727,2.05382127221,7,0,0,0,0,0.22962962963,11,11,11,1,0,0.0909090909091,0.636363636364,0.272727272727,11,15,0.136363636364,3.29090909091,2.72727272727,1.5,1.875,1.55505042304,0.570185155113,0.29696969697,0.809039834956,0.593295878968,0.290909090909,1.50151438706,1.10111055051,0.521212121212,1.22756225541,0.373016154959,4.4,3.29090909091,1.22756225541,4.4,0,0,0,0,0.25,11,11,11,1,0,0.0909090909091,0.636363636364,0.272727272727,-5,-0.0454545454545,0.247520661157,-0.909090909091,-0.5,-0.625,-0.134489589674,0.105561651618,0.0515151515152,-0.358708581286,-0.0489657499656,-0.0454545454545,-0.438494984989,0.0341053958833,-0.0151515151515,0.170663480874,0.0257391645477,0.854545454545,0.247520661157,0.170663480874,0.854545454545,-0.499047619048,-0.4,-8,-0.0484848484848,-0.00555555555556,0,0,0,15,0,5,90,0.75,1,0,0.25,1,0.75,0.857142857143,0.842927230424,0.75,0.75,2,7,0,0,0,0
123,WLNM_dir_neg,0.877551020408,0.713786213786,00:00:10,10,10,14,1171943263,threshold_sweep,0.6,1,0.285714285714,0.444444444444,2,0,5,14,0.285714285714,1,0,0.714285714286,1,0.285714285714,0.444444444444,0.761904761905,0.634920634921,0.347826086957,0.458831467741,0.285714285714,20,13,7,0,20,0,13,0,7,11,20,0.181818181818,3.04338842975,3.63636363636,2,2.5,1.68954001271,0.464623503495,0.245454545455,1.16774841624,0.642261628933,0.336363636364,1.94000937205,1.06700515463,0.536363636364,1.05689877454,0.347276990411,3.54545454545,3.04338842975,1.05689877454,3.54545454545,0.499047619048,0.4,8,0.0484848484848,0.255555555556,11,11,11,1,0,0.0909090909091,0.636363636364,0.272727272727,11,0.118181818182,3.72727272727,2.36363636364,1.3,1.625,1.43336856898,0.6064251638,0.286713286713,0.603022689156,0.510249967747,0.237762237762,1.40129809949,1.18571377649,0.503496503497,2.05382127221,0.551025219373,7,3.72727272727,2.05382127221,7,0,0,0,0,0.22962962963,11,11,11,1,0,0.0909090909091,0.636363636364,0.272727272727,11,15,0.136363636364,3.29090909091,2.72727272727,1.5,1.875,1.55505042304,0.570185155113,0.29696969697,0.809039834956,0.593295878968,0.290909090909,1.50151438706,1.10111055051,0.521212121212,1.22756225541,0.373016154959,4.4,3.29090909091,1.22756225541,4.4,0,0,0,0,0.25,11,11,11,1,0,0.0909090909091,0.636363636364,0.272727272727,-5,-0.0454545454545,0.247520661157,-0.909090909091,-0.5,-0.625,-0.134489589674,0.105561651618,0.0515151515152,-0.358708581286,-0.0489657499656,-0.0454545454545,-0.438494984989,0.0341053958833,-0.0151515151515,0.170663480874,0.0257391645477,0.854545454545,0.247520661157,0.170663480874,0.854545454545,-0.499047619048,-0.4,-8,-0.0484848484848,-0.00555555555556,0,0,0,15,0,5,90,0.75,1,0,0.25,1,0.75,0.857142857143,0.842927230424,0.75,0.75,2,7,0,0,0,0
124,WLNM_dir_neg,0.877551020408,0.713786213786,00:00:10,10,10,14,1171943263,threshold_sweep,0.7,1,0.285714285714,0.444444444444,2,0,5,14,0.285714285714,1,0,0.714285714286,1,0.285714285714,0.444444444444,0.761904761905,0.634920634921,0.347826086957,0.458831467741,0.285714285714,20,13,7,0,20,0,13,0,7,11,20,0.181818181818,3.04338842975,3.63636363636,2,2.5,1.68954001271,0.464623503495,0.245454545455,1.16774841624,0.642261628933,0.336363636364,1.94000937205,1.06700515463,0.536363636364,1.05689877454,0.347276990411,3.54545454545,3.04338842975,1.05689877454,3.54545454545,0.499047619048,0.4,8,0.0484848484848,0.255555555556,11,11,11,1,0,0.0909090909091,0.636363636364,0.272727272727,11,0.118181818182,3.72727272727,2.36363636364,1.3,1.625,1.43336856898,0.6064251638,0.286713286713,0.603022689156,0.510249967747,0.237762237762,1.40129809949,1.18571377649,0.503496503497,2.05382127221,0.551025219373,7,3.72727272727,2.05382127221,7,0,0,0,0,0.22962962963,11,11,11,1,0,0.0909090909091,0.636363636364,0.272727272727,11,15,0.136363636364,3.29090909091,2.72727272727,1.5,1.875,1.55505042304,0.570185155113,0.29696969697,0.809039834956,0.593295878968,0.290909090909,1.50151438706,1.10111055051,0.521212121212,1.22756225541,0.373016154959,4.4,3.29090909091,1.22756225541,4.4,0,0,0,0,0.25,11,11,11,1,0,0.0909090909091,0.636363636364,0.272727272727,-5,-0.0454545454545,0.247520661157,-0.909090909091,-0.5,-0.625,-0.134489589674,0.105561651618,0.0515151515152,-0.358708581286,-0.0489657499656,-0.0454545454545,-0.438494984989,0.0341053958833,-0.0151515151515,0.170663480874,0.0257391645477,0.854545454545,0.247520661157,0.170663480874,0.854545454545,-0.499047619048,-0.4,-8,-0.0484848484848,-0.00555555555556,0,0,0,15,0,5,90,0.75,1,0,0.25,1,0.75,0.857142857143,0.842927230424,0.75,0.75,2,7,0,0,0,0
125,WLNM_dir_neg,0.877551020408,0.713786213786,00:00:10,10,10,14,1171943263,threshold_sweep,0.8,1,0.285714285714,0.444444444444,2,0,5,14,0.285714285714,1,0,0.714285714286,1,0.285714285714,0.444444444444,0.761904761905,0.634920634921,0.347826086957,0.458831467741,0.285714285714,20,13,7,0,20,0,13,0,7,11,20,0.181818181818,3.04338842975,3.63636363636,2,2.5,1.68954001271,0.464623503495,0.245454545455,1.16774841624,0.642261628933,0.336363636364,1.94000937205,1.06700515463,0.536363636364,1.05689877454,0.347276990411,3.54545454545,3.04338842975,1.05689877454,3.54545454545,0.499047619048,0.4,8,0.0484848484848,0.255555555556,11,11,11,1,0,0.0909090909091,0.636363636364,0.272727272727,11,0.118181818182,3.72727272727,2.36363636364,1.3,1.625,1.43336856898,0.6064251638,0.286713286713,0.603022689156,0.510249967747,0.237762237762,1.40129809949,1.18571377649,0.503496503497,2.05382127221,0.551025219373,7,3.72727272727,2.05382127221,7,0,0,0,0,0.22962962963,11,11,11,1,0,0.0909090909091,0.636363636364,0.272727272727,11,15,0.136363636364,3.29090909091,2.72727272727,1.5,1.875,1.55505042304,0.570185155113,0.29696969697,0.809039834956,0.593295878968,0.290909090909,1.50151438706,1.10111055051,0.521212121212,1.22756225541,0.373016154959,4.4,3.29090909091,1.22756225541,4.4,0,0,0,0,0.25,11,11,11,1,0,0.0909090909091,0.636363636364,0.272727272727,-5,-0.0454545454545,0.247520661157,-0.909090909091,-0.5,-0.625,-0.134489589674,0.105561651618,0.0515151515152,-0.358708581286,-0.0489657499656,-0.0454545454545,-0.438494984989,0.0341053958833,-0.0151515151515,0.170663480874,0.0257391645477,0.854545454545,0.247520661157,0.170663480874,0.854545454545,-0.499047619048,-0.4,-8,-0.0484848484848,-0.00555555555556,0,0,0,15,0,5,90,0.75,1,0,0.25,1,0.75,0.857142857143,0.842927230424,0.75,0.75,2,7,0,0,0,0
126,WLNM_dir_neg,0.877551020408,0.713786213786,00:00:10,10,10,14,1171943263,threshold_sweep,0.9,1,0.142857142857,0.25,1,0,6,14,0.142857142857,1,0,0.857142857143,1,0.142857142857,0.25,0.714285714286,0.650793650794,0.181818181818,0.316227766017,0.142857142857,20,13,7,0,20,0,13,0,7,11,20,0.181818181818,3.04338842975,3.63636363636,2,2.5,1.68954001271,0.464623503495,0.245454545455,1.16774841624,0.642261628933,0.336363636364,1.94000937205,1.06700515463,0.536363636364,1.05689877454,0.347276990411,3.54545454545,3.04338842975,1.05689877454,3.54545454545,0.499047619048,0.4,8,0.0484848484848,0.255555555556,11,11,11,1,0,0.0909090909091,0.636363636364,0.272727272727,11,0.118181818182,3.72727272727,2.36363636364,1.3,1.625,1.43336856898,0.6064251638,0.286713286713,0.603022689156,0.510249967747,0.237762237762,1.40129809949,1.18571377649,0.503496503497,2.05382127221,0.551025219373,7,3.72727272727,2.05382127221,7,0,0,0,0,0.22962962963,11,11,11,1,0,0.0909090909091,0.636363636364,0.272727272727,11,14,0.127272727273,3.36363636364,2.54545454545,1.4,1.75,1.50755672289,0.592254426849,0.298701298701,0.646669790683,0.508097692679,0.246753246753,1.48935617573,1.17020842379,0.519480519481,1.34539994429,0.399983767222,4.66666666667,3.36363636364,1.34539994429,4.66666666667,0,0,0,0,0.244444444444,11,11,11,1,0,0.0909090909091,0.636363636364,0.272727272727,-6,-0.0545454545455,0.320247933884,-1.09090909091,-0.6,-0.75,-0.18198328982,0.127630923354,0.0532467532468,-0.521078625559,-0.134163936254,-0.0896103896104,-0.45065319632,0.10320326916,-0.0168831168831,0.288501169755,0.0527067768106,1.12121212121,0.320247933884,0.288501169755,1.12121212121,-0.499047619048,-0.4,-8,-0.0484848484848,-0.0111111111111,0,0,0,14,0,6,90,0.7,1,0,0.3,1,0.7,0.823529411765,0.810092587301,0.7,0.7,1,7,0,0,0,0
127,WLNM_dir_neg,0.826530612245,0.547497845292,00:00:10,10,10,15,1171943264,threshold_sweep,0.1,1,0.714285714286,0.833333333333,5,0,2,14,0.714285714286,1,0,0.285714285714,1,0.714285714286,0.833333333333,0.904761904762,0.587301587302,0.769230769231,0.790569415042,0.714285714286,20,13,7,0,20,0,13,0,7,11,20,0.181818181818,3.04338842975,3.63636363636,2,2.5,1.68954001271,0.464623503495,0.245454545455,1.16774841624,0.642261628933,0.336363636364,1.94000937205,1.06700515463,0.536363636364,1.05689877454,0.347276990411,3.54545454545,3.04338842975,1.05689877454,3.54545454545,0.499047619048,0.4,8,0.0484848484848,0.255555555556,11,11,11,1,0,0.0909090909091,0.636363636364,0.272727272727,11,0.118181818182,3.72727272727,2.36363636364,1.3,1.625,1.43336856898,0.6064251638,0.286713286713,0.603022689156,0.510249967747,0.237762237762,1.40129809949,1.18571377649,0.503496503497,2.05382127221,0.551025219373,7,3.72727272727,2.05382127221,7,0,0,0,0,0.22962962963,11,11,11,1,0,0.0909090909091,0.636363636364,0.272727272727,11,18,0.163636363636,3.11363636364,3.27272727273,1.8,2.25,1.42062726223,0.434080552347,0.227272727273,0.924416277737,0.564921058617,0.292929292929,1.68954001271,1.03249667443,0.525252525253,1.14353419474,0.367266456706,3.875,3.11363636364,1.14353419474,3.875,0.366666666667,0.266666666667,4,0.0242424242424,0.221111111111,11,11,11,1,0,0.0909090909091,0.636363636364,0.272727272727,-2,-0.0181818181818,0.0702479338843,-0.363636363636,-0.2,-0.25,-0.268912750482,-0.030542951148,-0.0181818181818,-0.243332138505,-0.0773405703161,-0.0434343434343,-0.250469359339,-0.0345084801933,-0.0111111111111,0.0866354202056,0.0199894662943,0.329545454545,0.0702479338843,0.0866354202056,0.329545454545,-0.132380952381,-0.133333333333,-4,-0.0242424242424,-0.0344444444444,0,0,0,18,0,2,90,0.9,1,0,0.1,1,0.9,0.947368421053,0.938314863257,0.9,0.9,5,7,0,0,0,0
128,WLNM_dir_neg,0.826530612245,0.547497845292,00:00:10,10,10,15,1171943264,threshold_sweep,0.2,1,0.714285714286,0.833333333333,5,0,2,14,0.714285714286,1,0,0.285714285714,1,0.714285714286,0.833333333333,0.904761904762,0.587301587302,0.769230769231,0.790569415042,0.714285714286,20,13,7,0,20,0,13,0,7,11,20,0.181818181818,3.04338842975,3.63636363636,2,2.5,1.68954001271,0.464623503495,0.245454545455,1.16774841624,0.642261628933,0.336363636364,1.94000937205,1.06700515463,0.536363636364,1.05689877454,0.347276990411,3.54545454545,3.04338842975,1.05689877454,3.54545454545,0.499047619048,0.4,8,0.0484848484848,0.255555555556,11,11,11,1,0,0.0909090909091,0.636363636364,0.272727272727,11,0.118181818182,3.72727272727,2.36363636364,1.3,1.625,1.43336856898,0.6064251638,0.286713286713,0.603022689156,0.510249967747,0.237762237762,1.40129809949,1.18571377649,0.503496503497,2.05382127221,0.551025219373,7,3.72727272727,2.05382127221,7,0,0,0,0,0.22962962963,11,11,11,1,0,0.0909090909091,0.636363636364,0.272727272727,11,18,0.163636363636,3.11363636364,3.27272727273,1.8,2.25,1.42062726223,0.434080552347,0.227272727273,0.924416277737,0.564921058617,0.292929292929,1.68954001271,1.03249667443,0.525252525253,1.14353419474,0.367266456706,3.875,3.11363636364,1.14353419474,3.875,0.366666666667,0.266666666667,4,0.0242424242424,0.221111111111,11,11,11,1,0,0.0909090909091,0.636363636364,0.272727272727,-2,-0.0181818181818,0.0702479338843,-0.363636363636,-0.2,-0.25,-0.268912750482,-0.030542951148,-0.0181818181818,-0.243332138505,-0.0773405703161,-0.0434343434343,-0.250469359339,-0.0345084801933,-0.0111111111111,0.0866354202056,0.0199894662943,0.329545454545,0.0702479338843,0.0866354202056,0.329545454545,-0.132380952381,-0.133333333333,-4,-0.0242424242424,-0.0344444444444,0,0,0,18,0,2,90,0.9,1,0,0.1,1,0.9,0.947368421053,0.938314863257,0.9,0.9,5,7,0,0,0,0
129,WLNM_dir_neg,0.826530612245,0.547497845292,00:00:10,10,10,15,1171943264,threshold_sweep,0.3,1,0.714285714286,0.833333333333,5,0,2,14,0.714285714286,1,0,0.285714285714,1,0.714285714286,0.833333333333,0.904761904762,0.587301587302,0.769230769231,0.790569415042,0.714285714286,20,13,7,0,20,0,13,0,7,11,20,0.181818181818,3.04338842975,3.63636363636,2,2.5,1.68954001271,0.464623503495,0.245454545455,1.16774841624,0.642261628933,0.336363636364,1.94000937205,1.06700515463,0.536363636364,1.05689877454,0.347276990411,3.54545454545,3.04338842975,1.05689877454,3.54545454545,0.499047619048,0.4,8,0.0484848484848,0.255555555556,11,11,11,1,0,0.0909090909091,0.636363636364,0.272727272727,11,0.118181818182,3.72727272727,2.36363636364,1.3,1.625,1.43336856898,0.6064251638,0.286713286713,0.603022689156,0.510249967747,0.237762237762,1.40129809949,1.18571377649,0.503496503497,2.05382127221,0.551025219373,7,3.72727272727,2.05382127221,7,0,0,0,0,0.22962962963,11,11,11,1,0,0.0909090909091,0.636363636364,0.272727272727,11,18,0.163636363636,3.11363636364,3.27272727273,1.8,2.25,1.42062726223,0.434080552347,0.227272727273,0.924416277737,0.564921058617,0.292929292929,1.68954001271,1.03249667443,0.525252525253,1.14353419474,0.367266456706,3.875,3.11363636364,1.14353419474,3.875,0.366666666667,0.266666666667,4,0.0242424242424,0.221111111111,11,11,11,1,0,0.0909090909091,0.636363636364,0.272727272727,-2,-0.0181818181818,0.0702479338843,-0.363636363636,-0.2,-0.25,-0.268912750482,-0.030542951148,-0.0181818181818,-0.243332138505,-0.0773405703161,-0.0434343434343,-0.250469359339,-0.0345084801933,-0.0111111111111,0.0866354202056,0.0199894662943,0.329545454545,0.0702479338843,0.0866354202056,0.329545454545,-0.132380952381,-0.133333333333,-4,-0.0242424242424,-0.0344444444444,0,0,0,18,0,2,90,0.9,1,0,0.1,1,0.9,0.947368421053,0.938314863257,0.9,0.9,5,7,0,0,0,0
130,WLNM_dir_neg,0.826530612245,0.547497845292,00:00:10,10,10,15,1171943264,threshold_sweep,0.4,1,0.714285714286,0.833333333333,5,0,2,14,0.714285714286,1,0,0.285714285714,1,0.714285714286,0.833333333333,0.904761904762,0.587301587302,0.769230769231,0.790569415042,0.714285714286,20,13,7,0,20,0,13,0,7,11,20,0.181818181818,3.04338842975,3.63636363636,2,2.5,1.68954001271,0.464623503495,0.245454545455,1.16774841624,0.642261628933,0.336363636364,1.94000937205,1.06700515463,0.536363636364,1.05689877454,0.347276990411,3.54545454545,3.04338842975,1.05689877454,3.54545454545,0.499047619048,0.4,8,0.0484848484848,0.255555555556,11,11,11,1,0,0.0909090909091,0.636363636364,0.272727272727,11,0.118181818182,3.72727272727,2.36363636364,1.3,1.625,1.43336856898,0.6064251638,0.286713286713,0.603022689156,0.510249967747,0.237762237762,1.40129809949,1.18571377649,0.503496503497,2.05382127221,0.551025219373,7,3.72727272727,2.05382127221,7,0,0,0,0,0.22962962963,11,11,11,1,0,0.0909090909091,0.636363636364,0.272727272727,11,18,0.163636363636,3.11363636364,3.27272727273,1.8,2.25,1.42062726223,0.434080552347,0.227272727273,0.924416277737,0.564921058617,0.292929292929,1.68954001271,1.03249667443,0.525252525253,1.14353419474,0.367266456706,3.875,3.11363636364,1.14353419474,3.875,0.366666666667,0.266666666667,4,0.0242424242424,0.221111111111,11,11,11,1,0,0.0909090909091,0.636363636364,0.272727272727,-2,-0.0181818181818,0.0702479338843,-0.363636363636,-0.2,-0.25,-0.268912750482,-0.030542951148,-0.0181818181818,-0.243332138505,-0.0773405703161,-0.0434343434343,-0.250469359339,-0.0345084801933,-0.0111111111111,0.0866354202056,0.0199894662943,0.329545454545,0.0702479338843,0.0866354202056,0.329545454545,-0.132380952381,-0.133333333333,-4,-0.0242424242424,-0.0344444444444,0,0,0,18,0,2,90,0.9,1,0,0.1,1,0.9,0.947368421053,0.938314863257,0.9,0.9,5,7,0,0,0,0
131,WLNM_dir_neg,0.826530612245,0.547497845292,00:00:10,10,10,15,1171943264,threshold_sweep,0.5,1,0.714285714286,0.833333333333,5,0,2,14,0.714285714286,1,0,0.285714285714,1,0.714285714286,0.833333333333,0.904761904762,0.587301587302,0.769230769231,0.790569415042,0.714285714286,20,13,7,0,20,0,13,0,7,11,20,0.181818181818,3.04338842975,3.63636363636,2,2.5,1.68954001271,0.464623503495,0.245454545455,1.16774841624,0.642261628933,0.336363636364,1.94000937205,1.06700515463,0.536363636364,1.05689877454,0.347276990411,3.54545454545,3.04338842975,1.05689877454,3.54545454545,0.499047619048,0.4,8,0.0484848484848,0.255555555556,11,11,11,1,0,0.0909090909091,0.636363636364,0.272727272727,11,0.118181818182,3.72727272727,2.36363636364,1.3,1.625,1.43336856898,0.6064251638,0.286713286713,0.603022689156,0.510249967747,0.237762237762,1.40129809949,1.18571377649,0.503496503497,2.05382127221,0.551025219373,7,3.72727272727,2.05382127221,7,0,0,0,0,0.22962962963,11,11,11,1,0,0.0909090909091,0.636363636364,0.272727272727,11,18,0.163636363636,3.11363636364,3.27272727273,1.8,2.25,1.42062726223,0.434080552347,0.227272727273,0.924416277737,0.564921058617,0.292929292929,1.68954001271,1.03249667443,0.525252525253,1.14353419474,0.367266456706,3.875,3.11363636364,1.14353419474,3.875,0.366666666667,0.266666666667,4,0.0242424242424,0.221111111111,11,11,11,1,0,0.0909090909091,0.636363636364,0.272727272727,-2,-0.0181818181818,0.0702479338843,-0.363636363636,-0.2,-0.25,-0.268912750482,-0.030542951148,-0.0181818181818,-0.243332138505,-0.0773405703161,-0.0434343434343,-0.250469359339,-0.0345084801933,-0.0111111111111,0.0866354202056,0.0199894662943,0.329545454545,0.0702479338843,0.0866354202056,0.329545454545,-0.132380952381,-0.133333333333,-4,-0.0242424242424,-0.0344444444444,0,0,0,18,0,2,90,0.9,1,0,0.1,1,0.9,0.947368421053,0.938314863257,0.9,0.9,5,7,0,0,0,0
132,WLNM_dir_neg,0.826530612245,0.547497845292,00:00:10,10,10,15,1171943264,threshold_sweep,0.6,1,0.714285714286,0.833333333333,5,0,2,14,0.714285714286,1,0,0.285714285714,1,0.714285714286,0.833333333333,0.904761904762,0.587301587302,0.769230769231,0.790569415042,0.714285714286,20,13,7,0,20,0,13,0,7,11,20,0.181818181818,3.04338842975,3.63636363636,2,2.5,1.68954001271,0.464623503495,0.245454545455,1.16774841624,0.642261628933,0.336363636364,1.94000937205,1.06700515463,0.536363636364,1.05689877454,0.347276990411,3.54545454545,3.04338842975,1.05689877454,3.54545454545,0.499047619048,0.4,8,0.0484848484848,0.255555555556,11,11,11,1,0,0.0909090909091,0.636363636364,0.272727272727,11,0.118181818182,3.72727272727,2.36363636364,1.3,1.625,1.43336856898,0.6064251638,0.286713286713,0.603022689156,0.510249967747,0.237762237762,1.40129809949,1.18571377649,0.503496503497,2.05382127221,0.551025219373,7,3.72727272727,2.05382127221,7,0,0,0,0,0.22962962963,11,11,11,1,0,0.0909090909091,0.636363636364,0.272727272727,11,18,0.163636363636,3.11363636364,3.27272727273,1.8,2.25,1.42062726223,0.434080552347,0.227272727273,0.924416277737,0.564921058617,0.292929292929,1.68954001271,1.03249667443,0.525252525253,1.14353419474,0.367266456706,3.875,3.11363636364,1.14353419474,3.875,0.366666666667,0.266666666667,4,0.0242424242424,0.221111111111,11,11,11,1,0,0.0909090909091,0.636363636364,0.272727272727,-2,-0.0181818181818,0.0702479338843,-0.363636363636,-0.2,-0.25,-0.268912750482,-0.030542951148,-0.0181818181818,-0.243332138505,-0.0773405703161,-0.0434343434343,-0.250469359339,-0.0345084801933,-0.0111111111111,0.0866354202056,0.0199894662943,0.329545454545,0.0702479338843,0.0866354202056,0.329545454545,-0.132380952381,-0.133333333333,-4,-0.0242424242424,-0.0344444444444,0,0,0,18,0,2,90,0.9,1,0,0.1,1,0.9,0.947368421053,0.938314863257,0.9,0.9,5,7,0,0,0,0
133,WLNM_dir_neg,0.826530612245,0.547497845292,00:00:10,10,10,15,1171943264,threshold_sweep,0.7,1,0.714285714286,0.833333333333,5,0,2,14,0.714285714286,1,0,0.285714285714,1,0.714285714286,0.833333333333,0.904761904762,0.587301587302,0.769230769231,0.790569415042,0.714285714286,20,13,7,0,20,0,13,0,7,11,20,0.181818181818,3.04338842975,3.63636363636,2,2.5,1.68954001271,0.464623503495,0.245454545455,1.16774841624,0.642261628933,0.336363636364,1.94000937205,1.06700515463,0.536363636364,1.05689877454,0.347276990411,3.54545454545,3.04338842975,1.05689877454,3.54545454545,0.499047619048,0.4,8,0.0484848484848,0.255555555556,11,11,11,1,0,0.0909090909091,0.636363636364,0.272727272727,11,0.118181818182,3.72727272727,2.36363636364,1.3,1.625,1.43336856898,0.6064251638,0.286713286713,0.603022689156,0.510249967747,0.237762237762,1.40129809949,1.18571377649,0.503496503497,2.05382127221,0.551025219373,7,3.72727272727,2.05382127221,7,0,0,0,0,0.22962962963,11,11,11,1,0,0.0909090909091,0.636363636364,0.272727272727,11,18,0.163636363636,3.11363636364,3.27272727273,1.8,2.25,1.42062726223,0.434080552347,0.227272727273,0.924416277737,0.564921058617,0.292929292929,1.68954001271,1.03249667443,0.525252525253,1.14353419474,0.367266456706,3.875,3.11363636364,1.14353419474,3.875,0.366666666667,0.266666666667,4,0.0242424242424,0.221111111111,11,11,11,1,0,0.0909090909091,0.636363636364,0.272727272727,-2,-0.0181818181818,0.0702479338843,-0.363636363636,-0.2,-0.25,-0.268912750482,-0.030542951148,-0.0181818181818,-0.243332138505,-0.0773405703161,-0.0434343434343,-0.250469359339,-0.0345084801933,-0.0111111111111,0.0866354202056,0.0199894662943,0.329545454545,0.0702479338843,0.0866354202056,0.329545454545,-0.132380952381,-0.133333333333,-4,-0.0242424242424,-0.0344444444444,0,0,0,18,0,2,90,0.9,1,0,0.1,1,0.9,0.947368421053,0.938314863257,0.9,0.9,5,7,0,0,0,0
134,WLNM_dir_neg,0.826530612245,0.547497845292,00:00:10,10,10,15,1171943264,threshold_sweep,0.8,1,0.714285714286,0.833333333333,5,0,2,14,0.714285714286,1,0,0.285714285714,1,0.714285714286,0.833333333333,0.904761904762,0.587301587302,0.769230769231,0.790569415042,0.714285714286,20,13,7,0,20,0,13,0,7,11,20,0.181818181818,3.04338842975,3.63636363636,2,2.5,1.68954001271,0.464623503495,0.245454545455,1.16774841624,0.642261628933,0.336363636364,1.94000937205,1.06700515463,0.536363636364,1.05689877454,0.347276990411,3.54545454545,3.04338842975,1.05689877454,3.54545454545,0.499047619048,0.4,8,0.0484848484848,0.255555555556,11,11,11,1,0,0.0909090909091,0.636363636364,0.272727272727,11,0.118181818182,3.72727272727,2.36363636364,1.3,1.625,1.43336856898,0.6064251638,0.286713286713,0.603022689156,0.510249967747,0.237762237762,1.40129809949,1.18571377649,0.503496503497,2.05382127221,0.551025219373,7,3.72727272727,2.05382127221,7,0,0,0,0,0.22962962963,11,11,11,1,0,0.0909090909091,0.636363636364,0.272727272727,11,18,0.163636363636,3.11363636364,3.27272727273,1.8,2.25,1.42062726223,0.434080552347,0.227272727273,0.924416277737,0.564921058617,0.292929292929,1.68954001271,1.03249667443,0.525252525253,1.14353419474,0.367266456706,3.875,3.11363636364,1.14353419474,3.875,0.366666666667,0.266666666667,4,0.0242424242424,0.221111111111,11,11,11,1,0,0.0909090909091,0.636363636364,0.272727272727,-2,-0.0181818181818,0.0702479338843,-0.363636363636,-0.2,-0.25,-0.268912750482,-0.030542951148,-0.0181818181818,-0.243332138505,-0.0773405703161,-0.0434343434343,-0.250469359339,-0.0345084801933,-0.0111111111111,0.0866354202056,0.0199894662943,0.329545454545,0.0702479338843,0.0866354202056,0.329545454545,-0.132380952381,-0.133333333333,-4,-0.0242424242424,-0.0344444444444,0,0,0,18,0,2,90,0.9,1,0,0.1,1,0.9,0.947368421053,0.938314863257,0.9,0.9,5,7,0,0,0,0
135,WLNM_dir_neg,0.826530612245,0.547497845292,00:00:10,10,10,15,1171943264,threshold_sweep,0.9,1,0.714285714286,0.833333333333,5,0,2,14,0.714285714286,1,0,0.285714285714,1,0.714285714286,0.833333333333,0.904761904762,0.587301587302,0.769230769231,0.790569415042,0.714285714286,20,13,7,0,20,0,13,0,7,11,20,0.181818181818,3.04338842975,3.63636363636,2,2.5,1.68954001271,0.464623503495,0.245454545455,1.16774841624,0.642261628933,0.336363636364,1.94000937205,1.06700515463,0.536363636364,1.05689877454,0.347276990411,3.54545454545,3.04338842975,1.05689877454,3.54545454545,0.499047619048,0.4,8,0.0484848484848,0.255555555556,11,11,11,1,0,0.0909090909091,0.636363636364,0.272727272727,11,0.118181818182,3.72727272727,2.36363636364,1.3,1.625,1.43336856898,0.6064251638,0.286713286713,0.603022689156,0.510249967747,0.237762237762,1.40129809949,1.18571377649,0.503496503497,2.05382127221,0.551025219373,7,3.72727272727,2.05382127221,7,0,0,0,0,0.22962962963,11,11,11,1,0,0.0909090909091,0.636363636364,0.272727272727,11,18,0.163636363636,3.11363636364,3.27272727273,1.8,2.25,1.42062726223,0.434080552347,0.227272727273,0.924416277737,0.564921058617,0.292929292929,1.68954001271,1.03249667443,0.525252525253,1.14353419474,0.367266456706,3.875,3.11363636364,1.14353419474,3.875,0.366666666667,0.266666666667,4,0.0242424242424,0.221111111111,11,11,11,1,0,0.0909090909091,0.636363636364,0.272727272727,-2,-0.0181818181818,0.0702479338843,-0.363636363636,-0.2,-0.25,-0.268912750482,-0.030542951148,-0.0181818181818,-0.243332138505,-0.0773405703161,-0.0434343434343,-0.250469359339,-0.0345084801933,-0.0111111111111,0.0866354202056,0.0199894662943,0.329545454545,0.0702479338843,0.0866354202056,0.329545454545,-0.132380952381,-0.133333333333,-4,-0.0242424242424,-0.0344444444444,0,0,0,18,0,2,90,0.9,1,0,0.1,1,0.9,0.947368421053,0.938314863257,0.9,0.9,5,7,0,0,0,0
136,WLNM_dir_neg,0.887755102041,0.62441643324,00:00:10,10,10,16,1171943265,threshold_sweep,0.1,1,0.857142857143,0.923076923077,6,0,1,14,0.857142857143,1,0,0.142857142857,1,0.857142857143,0.923076923077,0.952380952381,0.571428571429,0.888888888889,0.894427191,0.857142857143,20,13,7,0,20,0,13,0,7,11,20,0.181818181818,3.04338842975,3.63636363636,2,2.5,1.68954001271,0.464623503495,0.245454545455,1.16774841624,0.642261628933,0.336363636364,1.94000937205,1.06700515463,0.536363636364,1.05689877454,0.347276990411,3.54545454545,3.04338842975,1.05689877454,3.54545454545,0.499047619048,0.4,8,0.0484848484848,0.255555555556,11,11,11,1,0,0.0909090909091,0.636363636364,0.272727272727,11,0.118181818182,3.72727272727,2.36363636364,1.3,1.625,1.43336856898,0.6064251638,0.286713286713,0.603022689156,0.510249967747,0.237762237762,1.40129809949,1.18571377649,0.503496503497,2.05382127221,0.551025219373,7,3.72727272727,2.05382127221,7,0,0,0,0,0.22962962963,11,11,11,1,0,0.0909090909091,0.636363636364,0.272727272727,11,19,0.172727272727,3.06818181818,3.45454545455,1.9,2.375,1.63484778274,0.473245410793,0.244019138756,1.00904995822,0.584186817916,0.306220095694,1.90215189146,1.1012458319,0.545454545455,1.09659712407,0.357409433031,3.75,3.06818181818,1.09659712407,3.75,0.432380952381,0.333333333333,6,0.0363636363636,0.247777777778,11,11,11,1,0,0.0909090909091,0.636363636364,0.272727272727,-1,-0.00909090909091,0.0247933884298,-0.181818181818,-0.1,-0.125,-0.05469222997,0.00862190729789,-0.00143540669856,-0.158698458023,-0.058074811017,-0.0301435406699,-0.0378574805894,0.0342406772707,0.00909090909091,0.0396983495361,0.0101324426199,0.204545454545,0.0247933884298,0.0396983495361,0.204545454545,-0.0666666666667,-0.0666666666667,-2,-0.0121212121212,-0.00777777777778,0,0,0,19,0,1,90,0.95,1,0,0.05,1,0.95,0.974358974359,0.969309258988,0.95,0.95,6,7,0,0,0,0
137,WLNM_dir_neg,0.887755102041,0.62441643324,00:00:10,10,10,16,1171943265,threshold_sweep,0.2,1,0.857142857143,0.923076923077,6,0,1,14,0.857142857143,1,0,0.142857142857,1,0.857142857143,0.923076923077,0.952380952381,0.571428571429,0.888888888889,0.894427191,0.857142857143,20,13,7,0,20,0,13,0,7,11,20,0.181818181818,3.04338842975,3.63636363636,2,2.5,1.68954001271,0.464623503495,0.245454545455,1.16774841624,0.642261628933,0.336363636364,1.94000937205,1.06700515463,0.536363636364,1.05689877454,0.347276990411,3.54545454545,3.04338842975,1.05689877454,3.54545454545,0.499047619048,0.4,8,0.0484848484848,0.255555555556,11,11,11,1,0,0.0909090909091,0.636363636364,0.272727272727,11,0.118181818182,3.72727272727,2.36363636364,1.3,1.625,1.43336856898,0.6064251638,0.286713286713,0.603022689156,0.510249967747,0.237762237762,1.40129809949,1.18571377649,0.503496503497,2.05382127221,0.551025219373,7,3.72727272727,2.05382127221,7,0,0,0,0,0.22962962963,11,11,11,1,0,0.0909090909091,0.636363636364,0.272727272727,11,19,0.172727272727,3.06818181818,3.45454545455,1.9,2.375,1.63484778274,0.473245410793,0.244019138756,1.00904995822,0.584186817916,0.306220095694,1.90215189146,1.1012458319,0.545454545455,1.09659712407,0.357409433031,3.75,3.06818181818,1.09659712407,3.75,0.432380952381,0.333333333333,6,0.0363636363636,0.247777777778,11,11,11,1,0,0.0909090909091,0.636363636364,0.272727272727,-1,-0.00909090909091,0.0247933884298,-0.181818181818,-0.1,-0.125,-0.05469222997,0.00862190729789,-0.00143540669856,-0.158698458023,-0.058074811017,-0.0301435406699,-0.0378574805894,0.0342406772707,0.00909090909091,0.0396983495361,0.0101324426199,0.204545454545,0.0247933884298,0.0396983495361,0.204545454545,-0.0666666666667,-0.0666666666667,-2,-0.0121212121212,-0.00777777777778,0,0,0,19,0,1,90,0.95,1,0,0.05,1,0.95,0.974358974359,0.969309258988,0.95,0.95,6,7,0,0,0,0
138,WLNM_dir_neg,0.887755102041,0.62441643324,00:00:10,10,10,16,1171943265,threshold_sweep,0.3,1,0.857142857143,0.923076923077,6,0,1,14,0.857142857143,1,0,0.142857142857,1,0.857142857143,0.923076923077,0.952380952381,0.571428571429,0.888888888889,0.894427191,0.857142857143,20,13,7,0,20,0,13,0,7,11,20,0.181818181818,3.04338842975,3.63636363636,2,2.5,1.68954001271,0.464623503495,0.245454545455,1.16774841624,0.642261628933,0.336363636364,1.94000937205,1.06700515463,0.536363636364,1.05689877454,0.347276990411,3.54545454545,3.04338842975,1.05689877454,3.54545454545,0.499047619048,0.4,8,0.0484848484848,0.255555555556,11,11,11,1,0,0.0909090909091,0.636363636364,0.272727272727,11,0.118181818182,3.72727272727,2.36363636364,1.3,1.625,1.43336856898,0.6064251638,0.286713286713,0.603022689156,0.510249967747,0.237762237762,1.40129809949,1.18571377649,0.503496503497,2.05382127221,0.551025219373,7,3.72727272727,2.05382127221,7,0,0,0,0,0.22962962963,11,11,11,1,0,0.0909090909091,0.636363636364,0.272727272727,11,19,0.172727272727,3.06818181818,3.45454545455,1.9,2.375,1.63484778274,0.473245410793,0.244019138756,1.00904995822,0.584186817916,0.306220095694,1.90215189146,1.1012458319,0.545454545455,1.09659712407,0.357409433031,3.75,3.06818181818,1.09659712407,3.75,0.432380952381,0.333333333333,6,0.0363636363636,0.247777777778,11,11,11,1,0,0.0909090909091,0.636363636364,0.272727272727,-1,-0.00909090909091,0.0247933884298,-0.181818181818,-0.1,-0.125,-0.05469222997,0.00862190729789,-0.00143540669856,-0.158698458023,-0.058074811017,-0.0301435406699,-0.0378574805894,0.0342406772707,0.00909090909091,0.0396983495361,0.0101324426199,0.204545454545,0.0247933884298,0.0396983495361,0.204545454545,-0.0666666666667,-0.0666666666667,-2,-0.0121212121212,-0.00777777777778,0,0,0,19,0,1,90,0.95,1,0,0.05,1,0.95,0.974358974359,0.969309258988,0.95,0.95,6,7,0,0,0,0
139,WLNM_dir_neg,0.887755102041,0.62441643324,00:00:10,10,10,16,1171943265,threshold_sweep,0.4,1,0.857142857143,0.923076923077,6,0,1,14,0.857142857143,1,0,0.142857142857,1,0.857142857143,0.923076923077,0.952380952381,0.571428571429,0.888888888889,0.894427191,0.857142857143,20,13,7,0,20,0,13,0,7,11,20,0.181818181818,3.04338842975,3.63636363636,2,2.5,1.68954001271,0.464623503495,0.245454545455,1.16774841624,0.642261628933,0.336363636364,1.94000937205,1.06700515463,0.536363636364,1.05689877454,0.347276990411,3.54545454545,3.04338842975,1.05689877454,3.54545454545,0.499047619048,0.4,8,0.0484848484848,0.255555555556,11,11,11,1,0,0.0909090909091,0.636363636364,0.272727272727,11,0.118181818182,3.72727272727,2.36363636364,1.3,1.625,1.43336856898,0.6064251638,0.286713286713,0.603022689156,0.510249967747,0.237762237762,1.40129809949,1.18571377649,0.503496503497,2.05382127221,0.551025219373,7,3.72727272727,2.05382127221,7,0,0,0,0,0.22962962963,11,11,11,1,0,0.0909090909091,0.636363636364,0.272727272727,11,19,0.172727272727,3.06818181818,3.45454545455,1.9,2.375,1.63484778274,0.473245410793,0.244019138756,1.00904995822,0.584186817916,0.306220095694,1.90215189146,1.1012458319,0.545454545455,1.09659712407,0.357409433031,3.75,3.06818181818,1.09659712407,3.75,0.432380952381,0.333333333333,6,0.0363636363636,0.247777777778,11,11,11,1,0,0.0909090909091,0.636363636364,0.272727272727,-1,-0.00909090909091,0.0247933884298,-0.181818181818,-0.1,-0.125,-0.05469222997,0.00862190729789,-0.00143540669856,-0.158698458023,-0.058074811017,-0.0301435406699,-0.0378574805894,0.0342406772707,0.00909090909091,0.0396983495361,0.0101324426199,0.204545454545,0.0247933884298,0.0396983495361,0.204545454545,-0.0666666666667,-0.0666666666667,-2,-0.0121212121212,-0.00777777777778,0,0,0,19,0,1,90,0.95,1,0,0.05,1,0.95,0.974358974359,0.969309258988,0.95,0.95,6,7,0,0,0,0
140,WLNM_dir_neg,0.887755102041,0.62441643324,00:00:10,10,10,16,1171943265,threshold_sweep,0.5,1,0.857142857143,0.923076923077,6,0,1,14,0.857142857143,1,0,0.142857142857,1,0.857142857143,0.923076923077,0.952380952381,0.571428571429,0.888888888889,0.894427191,0.857142857143,20,13,7,0,20,0,13,0,7,11,20,0.181818181818,3.04338842975,3.63636363636,2,2.5,1.68954001271,0.464623503495,0.245454545455,1.16774841624,0.642261628933,0.336363636364,1.94000937205,1.06700515463,0.536363636364,1.05689877454,0.347276990411,3.54545454545,3.04338842975,1.05689877454,3.54545454545,0.499047619048,0.4,8,0.0484848484848,0.255555555556,11,11,11,1,0,0.0909090909091,0.636363636364,0.272727272727,11,0.118181818182,3.72727272727,2.36363636364,1.3,1.625,1.43336856898,0.6064251638,0.286713286713,0.603022689156,0.510249967747,0.237762237762,1.40129809949,1.18571377649,0.503496503497,2.05382127221,0.551025219373,7,3.72727272727,2.05382127221,7,0,0,0,0,0.22962962963,11,11,11,1,0,0.0909090909091,0.636363636364,0.272727272727,11,19,0.172727272727,3.06818181818,3.45454545455,1.9,2.375,1.63484778274,0.473245410793,0.244019138756,1.00904995822,0.584186817916,0.306220095694,1.90215189146,1.1012458319,0.545454545455,1.09659712407,0.357409433031,3.75,3.06818181818,1.09659712407,3.75,0.432380952381,0.333333333333,6,0.0363636363636,0.247777777778,11,11,11,1,0,0.0909090909091,0.636363636364,0.272727272727,-1,-0.00909090909091,0.0247933884298,-0.181818181818,-0.1,-0.125,-0.05469222997,0.00862190729789,-0.00143540669856,-0.158698458023,-0.058074811017,-0.0301435406699,-0.0378574805894,0.0342406772707,0.00909090909091,0.0396983495361,0.0101324426199,0.204545454545,0.0247933884298,0.0396983495361,0.204545454545,-0.0666666666667,-0.0666666666667,-2,-0.0121212121212,-0.00777777777778,0,0,0,19,0,1,90,0.95,1,0,0.05,1,0.95,0.974358974359,0.969309258988,0.95,0.95,6,7,0,0,0,0
141,WLNM_dir_neg,0.887755102041,0.62441643324,00:00:10,10,10,16,1171943265,threshold_sweep,0.6,1,0.857142857143,0.923076923077,6,0,1,14,0.857142857143,1,0,0.142857142857,1,0.857142857143,0.923076923077,0.952380952381,0.571428571429,0.888888888889,0.894427191,0.857142857143,20,13,7,0,20,0,13,0,7,11,20,0.181818181818,3.04338842975,3.63636363636,2,2.5,1.68954001271,0.464623503495,0.245454545455,1.16774841624,0.642261628933,0.336363636364,1.94000937205,1.06700515463,0.536363636364,1.05689877454,0.347276990411,3.54545454545,3.04338842975,1.05689877454,3.54545454545,0.499047619048,0.4,8,0.0484848484848,0.255555555556,11,11,11,1,0,0.0909090909091,0.636363636364,0.272727272727,11,0.118181818182,3.72727272727,2.36363636364,1.3,1.625,1.43336856898,0.6064251638,0.286713286713,0.603022689156,0.510249967747,0.237762237762,1.40129809949,1.18571377649,0.503496503497,2.05382127221,0.551025219373,7,3.72727272727,2.05382127221,7,0,0,0,0,0.22962962963,11,11,11,1,0,0.0909090909091,0.636363636364,0.272727272727,11,19,0.172727272727,3.06818181818,3.45454545455,1.9,2.375,1.63484778274,0.473245410793,0.244019138756,1.00904995822,0.584186817916,0.306220095694,1.90215189146,1.1012458319,0.545454545455,1.09659712407,0.357409433031,3.75,3.06818181818,1.09659712407,3.75,0.432380952381,0.333333333333,6,0.0363636363636,0.247777777778,11,11,11,1,0,0.0909090909091,0.636363636364,0.272727272727,-1,-0.00909090909091,0.0247933884298,-0.181818181818,-0.1,-0.125,-0.05469222997,0.00862190729789,-0.00143540669856,-0.158698458023,-0.058074811017,-0.0301435406699,-0.0378574805894,0.0342406772707,0.00909090909091,0.0396983495361,0.0101324426199,0.204545454545,0.0247933884298,0.0396983495361,0.204545454545,-0.0666666666667,-0.0666666666667,-2,-0.0121212121212,-0.00777777777778,0,0,0,19,0,1,90,0.95,1,0,0.05,1,0.95,0.974358974359,0.969309258988,0.95,0.95,6,7,0,0,0,0
142,WLNM_dir_neg,0.887755102041,0.62441643324,00:00:10,10,10,16,1171943265,threshold_sweep,0.7,1,0.857142857143,0.923076923077,6,0,1,14,0.857142857143,1,0,0.142857142857,1,0.857142857143,0.923076923077,0.952380952381,0.571428571429,0.888888888889,0.894427191,0.857142857143,20,13,7,0,20,0,13,0,7,11,20,0.181818181818,3.04338842975,3.63636363636,2,2.5,1.68954001271,0.464623503495,0.245454545455,1.16774841624,0.642261628933,0.336363636364,1.94000937205,1.06700515463,0.536363636364,1.05689877454,0.347276990411,3.54545454545,3.04338842975,1.05689877454,3.54545454545,0.499047619048,0.4,8,0.0484848484848,0.255555555556,11,11,11,1,0,0.0909090909091,0.636363636364,0.272727272727,11,0.118181818182,3.72727272727,2.36363636364,1.3,1.625,1.43336856898,0.6064251638,0.286713286713,0.603022689156,0.510249967747,0.237762237762,1.40129809949,1.18571377649,0.503496503497,2.05382127221,0.551025219373,7,3.72727272727,2.05382127221,7,0,0,0,0,0.22962962963,11,11,11,1,0,0.0909090909091,0.636363636364,0.272727272727,11,19,0.172727272727,3.06818181818,3.45454545455,1.9,2.375,1.63484778274,0.473245410793,0.244019138756,1.00904995822,0.584186817916,0.306220095694,1.90215189146,1.1012458319,0.545454545455,1.09659712407,0.357409433031,3.75,3.06818181818,1.09659712407,3.75,0.432380952381,0.333333333333,6,0.0363636363636,0.247777777778,11,11,11,1,0,0.0909090909091,0.636363636364,0.272727272727,-1,-0.00909090909091,0.0247933884298,-0.181818181818,-0.1,-0.125,-0.05469222997,0.00862190729789,-0.00143540669856,-0.158698458023,-0.058074811017,-0.0301435406699,-0.0378574805894,0.0342406772707,0.00909090909091,0.0396983495361,0.0101324426199,0.204545454545,0.0247933884298,0.0396983495361,0.204545454545,-0.0666666666667,-0.0666666666667,-2,-0.0121212121212,-0.00777777777778,0,0,0,19,0,1,90,0.95,1,0,0.05,1,0.95,0.974358974359,0.969309258988,0.95,0.95,6,7,0,0,0,0
143,WLNM_dir_neg,0.887755102041,0.62441643324,00:00:10,10,10,16,1171943265,threshold_sweep,0.8,1,0.714285714286,0.833333333333,5,0,2,14,0.714285714286,1,0,0.285714285714,1,0.714285714286,0.833333333333,0.904761904762,0.587301587302,0.769230769231,0.790569415042,0.714285714286,20,13,7,0,20,0,13,0,7,11,20,0.181818181818,3.04338842975,3.63636363636,2,2.5,1.68954001271,0.464623503495,0.245454545455,1.16774841624,0.642261628933,0.336363636364,1.94000937205,1.06700515463,0.536363636364,1.05689877454,0.347276990411,3.54545454545,3.04338842975,1.05689877454,3.54545454545,0.499047619048,0.4,8,0.0484848484848,0.255555555556,11,11,11,1,0,0.0909090909091,0.636363636364,0.272727272727,11,0.118181818182,3.72727272727,2.36363636364,1.3,1.625,1.43336856898,0.6064251638,0.286713286713,0.603022689156,0.510249967747,0.237762237762,1.40129809949,1.18571377649,0.503496503497,2.05382127221,0.551025219373,7,3.72727272727,2.05382127221,7,0,0,0,0,0.22962962963,11,11,11,1,0,0.0909090909091,0.636363636364,0.272727272727,11,18,0.163636363636,3.11363636364,3.27272727273,1.8,2.25,1.42062726223,0.434080552347,0.227272727273,0.924416277737,0.564921058617,0.292929292929,1.68954001271,1.03249667443,0.525252525253,1.14353419474,0.367266456706,3.875,3.11363636364,1.14353419474,3.875,0.366666666667,0.266666666667,4,0.0242424242424,0.221111111111,11,11,11,1,0,0.0909090909091,0.636363636364,0.272727272727,-2,-0.0181818181818,0.0702479338843,-0.363636363636,-0.2,-0.25,-0.268912750482,-0.030542951148,-0.0181818181818,-0.243332138505,-0.0773405703161,-0.0434343434343,-0.250469359339,-0.0345084801933,-0.0111111111111,0.0866354202056,0.0199894662943,0.329545454545,0.0702479338843,0.0866354202056,0.329545454545,-0.132380952381,-0.133333333333,-4,-0.0242424242424,-0.0344444444444,0,0,0,18,0,2,90,0.9,1,0,0.1,1,0.9,0.947368421053,0.938314863257,0.9,0.9,5,7,0,0,0,0
144,WLNM_dir_neg,0.887755102041,0.62441643324,00:00:10,10,10,16,1171943265,threshold_sweep,0.9,1,0.714285714286,0.833333333333,5,0,2,14,0.714285714286,1,0,0.285714285714,1,0.714285714286,0.833333333333,0.904761904762,0.587301587302,0.769230769231,0.790569415042,0.714285714286,20,13,7,0,20,0,13,0,7,11,20,0.181818181818,3.04338842975,3.63636363636,2,2.5,1.68954001271,0.464623503495,0.245454545455,1.16774841624,0.642261628933,0.336363636364,1.94000937205,1.06700515463,0.536363636364,1.05689877454,0.347276990411,3.54545454545,3.04338842975,1.05689877454,3.54545454545,0.499047619048,0.4,8,0.0484848484848,0.255555555556,11,11,11,1,0,0.0909090909091,0.636363636364,0.272727272727,11,0.118181818182,3.72727272727,2.36363636364,1.3,1.625,1.43336856898,0.6064251638,0.286713286713,0.603022689156,0.510249967747,0.237762237762,1.40129809949,1.18571377649,0.503496503497,2.05382127221,0.551025219373,7,3.72727272727,2.05382127221,7,0,0,0,0,0.22962962963,11,11,11,1,0,0.0909090909091,0.636363636364,0.272727272727,11,18,0.163636363636,3.11363636364,3.27272727273,1.8,2.25,1.42062726223,0.434080552347,0.227272727273,0.924416277737,0.564921058617,0.292929292929,1.68954001271,1.03249667443,0.525252525253,1.14353419474,0.367266456706,3.875,3.11363636364,1.14353419474,3.875,0.366666666667,0.266666666667,4,0.0242424242424,0.221111111111,11,11,11,1,0,0.0909090909091,0.636363636364,0.272727272727,-2,-0.0181818181818,0.0702479338843,-0.363636363636,-0.2,-0.25,-0.268912750482,-0.030542951148,-0.0181818181818,-0.243332138505,-0.0773405703161,-0.0434343434343,-0.250469359339,-0.0345084801933,-0.0111111111111,0.0866354202056,0.0199894662943,0.329545454545,0.0702479338843,0.0866354202056,0.329545454545,-0.132380952381,-0.133333333333,-4,-0.0242424242424,-0.0344444444444,0,0,0,18,0,2,90,0.9,1,0,0.1,1,0.9,0.947368421053,0.938314863257,0.9,0.9,5,7,0,0,0,0
145,WLNM_dir_neg,0.836734693878,0.695807868602,00:00:10,10,10,17,1171943266,threshold_sweep,0.1,0.833333333333,0.714285714286,0.769230769231,5,1,2,13,0.714285714286,0.928571428571,0.0714285714286,0.285714285714,0.833333333333,0.714285714286,0.769230769231,0.857142857143,0.571428571429,0.666666666667,0.67082039325,0.642857142857,20,13,7,0,20,0,13,0,7,11,20,0.181818181818,3.04338842975,3.63636363636,2,2.5,1.68954001271,0.464623503495,0.245454545455,1.16774841624,0.642261628933,0.336363636364,1.94000937205,1.06700515463,0.536363636364,1.05689877454,0.347276990411,3.54545454545,3.04338842975,1.05689877454,3.54545454545,0.499047619048,0.4,8,0.0484848484848,0.255555555556,11,11,11,1,0,0.0909090909091,0.636363636364,0.272727272727,11,0.118181818182,3.72727272727,2.36363636364,1.3,1.625,1.43336856898,0.6064251638,0.286713286713,0.603022689156,0.510249967747,0.237762237762,1.40129809949,1.18571377649,0.503496503497,2.05382127221,0.551025219373,7,3.72727272727,2.05382127221,7,0,0,0,0,0.22962962963,11,11,11,1,0,0.0909090909091,0.636363636364,0.272727272727,11,19,0.172727272727,3.17803030303,3.45454545455,1.9,2.375,1.43969693781,0.416754376733,0.215311004785,1.00904995822,0.584186817916,0.306220095694,1.67874411933,0.971904490138,0.507177033493,1.20143012424,0.378042375208,3.875,3.17803030303,1.20143012424,3.875,0.393333333333,0.3,5,0.030303030303,0.223703703704,11,11,11,1,0,0.0909090909091,0.636363636364,0.272727272727,-1,-0.00909090909091,0.134641873278,-0.181818181818,-0.1,-0.125,-0.249843074903,-0.0478691267618,-0.0301435406699,-0.158698458023,-0.058074811017,-0.0301435406699,-0.26126525272,-0.0951006644889,-0.0291866028708,0.144531349704,0.0307653847969,0.329545454545,0.134641873278,0.144531349704,0.329545454545,-0.105714285714,-0.1,-3,-0.0181818181818,-0.0318518518519,0,0,0,18,1,2,89,0.9,0.988888888889,0.0111111111111,0.1,0.947368421053,0.9,0.923076923077,0.906956031802,0.888888888889,0.857142857143,6,7,0,0,0,0
146,WLNM_dir_neg,0.836734693878,0.695807868602,00:00:10,10,10,17,1171943266,threshold_sweep,0.2,0.833333333333,0.714285714286,0.769230769231,5,1,2,13,0.714285714286,0.928571428571,0.0714285714286,0.285714285714,0.833333333333,0.714285714286,0.769230769231,0.857142857143,0.571428571429,0.666666666667,0.67082039325,0.642857142857,20,13,7,0,20,0,13,0,7,11,20,0.181818181818,3.04338842975,3.63636363636,2,2.5,1.68954001271,0.464623503495,0.245454545455,1.16774841624,0.642261628933,0.336363636364,1.94000937205,1.06700515463,0.536363636364,1.05689877454,0.347276990411,3.54545454545,3.04338842975,1.05689877454,3.54545454545,0.499047619048,0.4,8,0.0484848484848,0.255555555556,11,11,11,1,0,0.0909090909091,0.636363636364,0.272727272727,11,0.118181818182,3.72727272727,2.36363636364,1.3,1.625,1.43336856898,0.6064251638,0.286713286713,0.603022689156,0.510249967747,0.237762237762,1.40129809949,1.18571377649,0.503496503497,2.05382127221,0.551025219373,7,3.72727272727,2.05382127221,7,0,0,0,0,0.22962962963,11,11,11,1,0,0.0909090909091,0.636363636364,0.272727272727,11,19,0.172727272727,3.17803030303,3.45454545455,1.9,2.375,1.43969693781,0.416754376733,0.215311004785,1.00904995822,0.584186817916,0.306220095694,1.67874411933,0.971904490138,0.507177033493,1.20143012424,0.378042375208,3.875,3.17803030303,1.20143012424,3.875,0.393333333333,0.3,5,0.030303030303,0.223703703704,11,11,11,1,0,0.0909090909091,0.636363636364,0.272727272727,-1,-0.00909090909091,0.134641873278,-0.181818181818,-0.1,-0.125,-0.249843074903,-0.0478691267618,-0.0301435406699,-0.158698458023,-0.058074811017,-0.0301435406699,-0.26126525272,-0.0951006644889,-0.0291866028708,0.144531349704,0.0307653847969,0.329545454545,0.134641873278,0.144531349704,0.329545454545,-0.105714285714,-0.1,-3,-0.0181818181818,-0.0318518518519,0,0,0,18,1,2,89,0.9,0.988888888889,0.0111111111111,0.1,0.947368421053,0.9,0.923076923077,0.906956031802,0.888888888889,0.857142857143,6,7,0,0,0,0
147,WLNM_dir_neg,0.836734693878,0.695807868602,00:00:10,10,10,17,1171943266,threshold_sweep,0.3,0.833333333333,0.714285714286,0.769230769231,5,1,2,13,0.714285714286,0.928571428571,0.0714285714286,0.285714285714,0.833333333333,0.714285714286,0.769230769231,0.857142857143,0.571428571429,0.666666666667,0.67082039325,0.642857142857,20,13,7,0,20,0,13,0,7,11,20,0.181818181818,3.04338842975,3.63636363636,2,2.5,1.68954001271,0.464623503495,0.245454545455,1.16774841624,0.642261628933,0.336363636364,1.94000937205,1.06700515463,0.536363636364,1.05689877454,0.347276990411,3.54545454545,3.04338842975,1.05689877454,3.54545454545,0.499047619048,0.4,8,0.0484848484848,0.255555555556,11,11,11,1,0,0.0909090909091,0.636363636364,0.272727272727,11,0.118181818182,3.72727272727,2.36363636364,1.3,1.625,1.43336856898,0.6064251638,0.286713286713,0.603022689156,0.510249967747,0.237762237762,1.40129809949,1.18571377649,0.503496503497,2.05382127221,0.551025219373,7,3.72727272727,2.05382127221,7,0,0,0,0,0.22962962963,11,11,11,1,0,0.0909090909091,0.636363636364,0.272727272727,11,19,0.172727272727,3.17803030303,3.45454545455,1.9,2.375,1.43969693781,0.416754376733,0.215311004785,1.00904995822,0.584186817916,0.306220095694,1.67874411933,0.971904490138,0.507177033493,1.20143012424,0.378042375208,3.875,3.17803030303,1.20143012424,3.875,0.393333333333,0.3,5,0.030303030303,0.223703703704,11,11,11,1,0,0.0909090909091,0.636363636364,0.272727272727,-1,-0.00909090909091,0.134641873278,-0.181818181818,-0.1,-0.125,-0.249843074903,-0.0478691267618,-0.0301435406699,-0.158698458023,-0.058074811017,-0.0301435406699,-0.26126525272,-0.0951006644889,-0.0291866028708,0.144531349704,0.0307653847969,0.329545454545,0.134641873278,0.144531349704,0.329545454545,-0.105714285714,-0.1,-3,-0.0181818181818,-0.0318518518519,0,0,0,18,1,2,89,0.9,0.988888888889,0.0111111111111,0.1,0.947368421053,0.9,0.923076923077,0.906956031802,0.888888888889,0.857142857143,6,7,0,0,0,0
148,WLNM_dir_neg,0.836734693878,0.695807868602,00:00:10,10,10,17,1171943266,threshold_sweep,0.4,0.833333333333,0.714285714286,0.769230769231,5,1,2,13,0.714285714286,0.928571428571,0.0714285714286,0.285714285714,0.833333333333,0.714285714286,0.769230769231,0.857142857143,0.571428571429,0.666666666667,0.67082039325,0.642857142857,20,13,7,0,20,0,13,0,7,11,20,0.181818181818,3.04338842975,3.63636363636,2,2.5,1.68954001271,0.464623503495,0.245454545455,1.16774841624,0.642261628933,0.336363636364,1.94000937205,1.06700515463,0.536363636364,1.05689877454,0.347276990411,3.54545454545,3.04338842975,1.05689877454,3.54545454545,0.499047619048,0.4,8,0.0484848484848,0.255555555556,11,11,11,1,0,0.0909090909091,0.636363636364,0.272727272727,11,0.118181818182,3.72727272727,2.36363636364,1.3,1.625,1.43336856898,0.6064251638,0.286713286713,0.603022689156,0.510249967747,0.237762237762,1.40129809949,1.18571377649,0.503496503497,2.05382127221,0.551025219373,7,3.72727272727,2.05382127221,7,0,0,0,0,0.22962962963,11,11,11,1,0,0.0909090909091,0.636363636364,0.272727272727,11,19,0.172727272727,3.17803030303,3.45454545455,1.9,2.375,1.43969693781,0.416754376733,0.215311004785,1.00904995822,0.584186817916,0.306220095694,1.67874411933,0.971904490138,0.507177033493,1.20143012424,0.378042375208,3.875,3.17803030303,1.20143012424,3.875,0.393333333333,0.3,5,0.030303030303,0.223703703704,11,11,11,1,0,0.0909090909091,0.636363636364,0.272727272727,-1,-0.00909090909091,0.134641873278,-0.181818181818,-0.1,-0.125,-0.249843074903,-0.0478691267618,-0.0301435406699,-0.158698458023,-0.058074811017,-0.0301435406699,-0.26126525272,-0.0951006644889,-0.0291866028708,0.144531349704,0.0307653847969,0.329545454545,0.134641873278,0.144531349704,0.329545454545,-0.105714285714,-0.1,-3,-0.0181818181818,-0.0318518518519,0,0,0,18,1,2,89,0.9,0.988888888889,0.0111111111111,0.1,0.947368421053,0.9,0.923076923077,0.906956031802,0.888888888889,0.857142857143,6,7,0,0,0,0
149,WLNM_dir_neg,0.836734693878,0.695807868602,00:00:10,10,10,17,1171943266,threshold_sweep,0.5,0.833333333333,0.714285714286,0.769230769231,5,1,2,13,0.714285714286,0.928571428571,0.0714285714286,0.285714285714,0.833333333333,0.714285714286,0.769230769231,0.857142857143,0.571428571429,0.666666666667,0.67082039325,0.642857142857,20,13,7,0,20,0,13,0,7,11,20,0.181818181818,3.04338842975,3.63636363636,2,2.5,1.68954001271,0.464623503495,0.245454545455,1.16774841624,0.642261628933,0.336363636364,1.94000937205,1.06700515463,0.536363636364,1.05689877454,0.347276990411,3.54545454545,3.04338842975,1.05689877454,3.54545454545,0.499047619048,0.4,8,0.0484848484848,0.255555555556,11,11,11,1,0,0.0909090909091,0.636363636364,0.272727272727,11,0.118181818182,3.72727272727,2.36363636364,1.3,1.625,1.43336856898,0.6064251638,0.286713286713,0.603022689156,0.510249967747,0.237762237762,1.40129809949,1.18571377649,0.503496503497,2.05382127221,0.551025219373,7,3.72727272727,2.05382127221,7,0,0,0,0,0.22962962963,11,11,11,1,0,0.0909090909091,0.636363636364,0.272727272727,11,19,0.172727272727,3.17803030303,3.45454545455,1.9,2.375,1.43969693781,0.416754376733,0.215311004785,1.00904995822,0.584186817916,0.306220095694,1.67874411933,0.971904490138,0.507177033493,1.20143012424,0.378042375208,3.875,3.17803030303,1.20143012424,3.875,0.393333333333,0.3,5,0.030303030303,0.223703703704,11,11,11,1,0,0.0909090909091,0.636363636364,0.272727272727,-1,-0.00909090909091,0.134641873278,-0.181818181818,-0.1,-0.125,-0.249843074903,-0.0478691267618,-0.0301435406699,-0.158698458023,-0.058074811017,-0.0301435406699,-0.26126525272,-0.0951006644889,-0.0291866028708,0.144531349704,0.0307653847969,0.329545454545,0.134641873278,0.144531349704,0.329545454545,-0.105714285714,-0.1,-3,-0.0181818181818,-0.0318518518519,0,0,0,18,1,2,89,0.9,0.988888888889,0.0111111111111,0.1,0.947368421053,0.9,0.923076923077,0.906956031802,0.888888888889,0.857142857143,6,7,0,0,0,0
150,WLNM_dir_neg,0.836734693878,0.695807868602,00:00:10,10,10,17,1171943266,threshold_sweep,0.6,0.833333333333,0.714285714286,0.769230769231,5,1,2,13,0.714285714286,0.928571428571,0.0714285714286,0.285714285714,0.833333333333,0.714285714286,0.769230769231,0.857142857143,0.571428571429,0.666666666667,0.67082039325,0.642857142857,20,13,7,0,20,0,13,0,7,11,20,0.181818181818,3.04338842975,3.63636363636,2,2.5,1.68954001271,0.464623503495,0.245454545455,1.16774841624,0.642261628933,0.336363636364,1.94000937205,1.06700515463,0.536363636364,1.05689877454,0.347276990411,3.54545454545,3.04338842975,1.05689877454,3.54545454545,0.499047619048,0.4,8,0.0484848484848,0.255555555556,11,11,11,1,0,0.0909090909091,0.636363636364,0.272727272727,11,0.118181818182,3.72727272727,2.36363636364,1.3,1.625,1.43336856898,0.6064251638,0.286713286713,0.603022689156,0.510249967747,0.237762237762,1.40129809949,1.18571377649,0.503496503497,2.05382127221,0.551025219373,7,3.72727272727,2.05382127221,7,0,0,0,0,0.22962962963,11,11,11,1,0,0.0909090909091,0.636363636364,0.272727272727,11,19,0.172727272727,3.17803030303,3.45454545455,1.9,2.375,1.43969693781,0.416754376733,0.215311004785,1.00904995822,0.584186817916,0.306220095694,1.67874411933,0.971904490138,0.507177033493,1.20143012424,0.378042375208,3.875,3.17803030303,1.20143012424,3.875,0.393333333333,0.3,5,0.030303030303,0.223703703704,11,11,11,1,0,0.0909090909091,0.636363636364,0.272727272727,-1,-0.00909090909091,0.134641873278,-0.181818181818,-0.1,-0.125,-0.249843074903,-0.0478691267618,-0.0301435406699,-0.158698458023,-0.058074811017,-0.0301435406699,-0.26126525272,-0.0951006644889,-0.0291866028708,0.144531349704,0.0307653847969,0.329545454545,0.134641873278,0.144531349704,0.329545454545,-0.105714285714,-0.1,-3,-0.0181818181818,-0.0318518518519,0,0,0,18,1,2,89,0.9,0.988888888889,0.0111111111111,0.1,0.947368421053,0.9,0.923076923077,0.906956031802,0.888888888889,0.857142857143,6,7,0,0,0,0
151,WLNM_dir_neg,0.836734693878,0.695807868602,00:00:10,10,10,17,1171943266,threshold_sweep,0.7,1,0.714285714286,0.833333333333,5,0,2,14,0.714285714286,1,0,0.285714285714,1,0.714285714286,0.833333333333,0.904761904762,0.587301587302,0.769230769231,0.790569415042,0.714285714286,20,13,7,0,20,0,13,0,7,11,20,0.181818181818,3.04338842975,3.63636363636,2,2.5,1.68954001271,0.464623503495,0.245454545455,1.16774841624,0.642261628933,0.336363636364,1.94000937205,1.06700515463,0.536363636364,1.05689877454,0.347276990411,3.54545454545,3.04338842975,1.05689877454,3.54545454545,0.499047619048,0.4,8,0.0484848484848,0.255555555556,11,11,11,1,0,0.0909090909091,0.636363636364,0.272727272727,11,0.118181818182,3.72727272727,2.36363636364,1.3,1.625,1.43336856898,0.6064251638,0.286713286713,0.603022689156,0.510249967747,0.237762237762,1.40129809949,1.18571377649,0.503496503497,2.05382127221,0.551025219373,7,3.72727272727,2.05382127221,7,0,0,0,0,0.22962962963,11,11,11,1,0,0.0909090909091,0.636363636364,0.272727272727,11,18,0.163636363636,3.11363636364,3.27272727273,1.8,2.25,1.42062726223,0.434080552347,0.227272727273,0.924416277737,0.564921058617,0.292929292929,1.68954001271,1.03249667443,0.525252525253,1.14353419474,0.367266456706,3.875,3.11363636364,1.14353419474,3.875,0.366666666667,0.266666666667,4,0.0242424242424,0.221111111111,11,11,11,1,0,0.0909090909091,0.636363636364,0.272727272727,-2,-0.0181818181818,0.0702479338843,-0.363636363636,-0.2,-0.25,-0.268912750482,-0.030542951148,-0.0181818181818,-0.243332138505,-0.0773405703161,-0.0434343434343,-0.250469359339,-0.0345084801933,-0.0111111111111,0.0866354202056,0.0199894662943,0.329545454545,0.0702479338843,0.0866354202056,0.329545454545,-0.132380952381,-0.133333333333,-4,-0.0242424242424,-0.0344444444444,0,0,0,18,0,2,90,0.9,1,0,0.1,1,0.9,0.947368421053,0.938314863257,0.9,0.9,5,7,0,0,0,0
152,WLNM_dir_neg,0.836734693878,0.695807868602,00:00:10,10,10,17,1171943266,threshold_sweep,0.8,1,0.714285714286,0.833333333333,5,0,2,14,0.714285714286,1,0,0.285714285714,1,0.714285714286,0.833333333333,0.904761904762,0.587301587302,0.769230769231,0.790569415042,0.714285714286,20,13,7,0,20,0,13,0,7,11,20,0.181818181818,3.04338842975,3.63636363636,2,2.5,1.68954001271,0.464623503495,0.245454545455,1.16774841624,0.642261628933,0.336363636364,1.94000937205,1.06700515463,0.536363636364,1.05689877454,0.347276990411,3.54545454545,3.04338842975,1.05689877454,3.54545454545,0.499047619048,0.4,8,0.0484848484848,0.255555555556,11,11,11,1,0,0.0909090909091,0.636363636364,0.272727272727,11,0.118181818182,3.72727272727,2.36363636364,1.3,1.625,1.43336856898,0.6064251638,0.286713286713,0.603022689156,0.510249967747,0.237762237762,1.40129809949,1.18571377649,0.503496503497,2.05382127221,0.551025219373,7,3.72727272727,2.05382127221,7,0,0,0,0,0.22962962963,11,11,11,1,0,0.0909090909091,0.636363636364,0.272727272727,11,18,0.163636363636,3.11363636364,3.27272727273,1.8,2.25,1.42062726223,0.434080552347,0.227272727273,0.924416277737,0.564921058617,0.292929292929,1.68954001271,1.03249667443,0.525252525253,1.14353419474,0.367266456706,3.875,3.11363636364,1.14353419474,3.875,0.366666666667,0.266666666667,4,0.0242424242424,0.221111111111,11,11,11,1,0,0.0909090909091,0.636363636364,0.272727272727,-2,-0.0181818181818,0.0702479338843,-0.363636363636,-0.2,-0.25,-0.268912750482,-0.030542951148,-0.0181818181818,-0.243332138505,-0.0773405703161,-0.0434343434343,-0.250469359339,-0.0345084801933,-0.0111111111111,0.0866354202056,0.0199894662943,0.329545454545,0.0702479338843,0.0866354202056,0.329545454545,-0.132380952381,-0.133333333333,-4,-0.0242424242424,-0.0344444444444,0,0,0,18,0,2,90,0.9,1,0,0.1,1,0.9,0.947368421053,0.938314863257,0.9,0.9,5,7,0,0,0,0
153,WLNM_dir_neg,0.836734693878,0.695807868602,00:00:10,10,10,17,1171943266,threshold_sweep,0.9,1,0.714285714286,0.833333333333,5,0,2,14,0.714285714286,1,0,0.285714285714,1,0.714285714286,0.833333333333,0.904761904762,0.587301587302,0.769230769231,0.790569415042,0.714285714286,20,13,7,0,20,0,13,0,7,11,20,0.181818181818,3.04338842975,3.63636363636,2,2.5,1.68954001271,0.464623503495,0.245454545455,1.16774841624,0.642261628933,0.336363636364,1.94000937205,1.06700515463,0.536363636364,1.05689877454,0.347276990411,3.54545454545,3.04338842975,1.05689877454,3.54545454545,0.499047619048,0.4,8,0.0484848484848,0.255555555556,11,11,11,1,0,0.0909090909091,0.636363636364,0.272727272727,11,0.118181818182,3.72727272727,2.36363636364,1.3,1.625,1.43336856898,0.6064251638,0.286713286713,0.603022689156,0.510249967747,0.237762237762,1.40129809949,1.18571377649,0.503496503497,2.05382127221,0.551025219373,7,3.72727272727,2.05382127221,7,0,0,0,0,0.22962962963,11,11,11,1,0,0.0909090909091,0.636363636364,0.272727272727,11,18,0.163636363636,3.11363636364,3.27272727273,1.8,2.25,1.42062726223,0.434080552347,0.227272727273,0.924416277737,0.564921058617,0.292929292929,1.68954001271,1.03249667443,0.525252525253,1.14353419474,0.367266456706,3.875,3.11363636364,1.14353419474,3.875,0.366666666667,0.266666666667,4,0.0242424242424,0.221111111111,11,11,11,1,0,0.0909090909091,0.636363636364,0.272727272727,-2,-0.0181818181818,0.0702479338843,-0.363636363636,-0.2,-0.25,-0.268912750482,-0.030542951148,-0.0181818181818,-0.243332138505,-0.0773405703161,-0.0434343434343,-0.250469359339,-0.0345084801933,-0.0111111111111,0.0866354202056,0.0199894662943,0.329545454545,0.0702479338843,0.0866354202056,0.329545454545,-0.132380952381,-0.133333333333,-4,-0.0242424242424,-0.0344444444444,0,0,0,18,0,2,90,0.9,1,0,0.1,1,0.9,0.947368421053,0.938314863257,0.9,0.9,5,7,0,0,0,0
154,WLNM_dir_neg,0.734693877551,0.390431096681,00:00:10,10,10,18,1171943267,threshold_sweep,0.1,0.428571428571,0.428571428571,0.428571428571,3,4,4,10,0.428571428571,0.714285714286,0.285714285714,0.571428571429,0.428571428571,0.428571428571,0.428571428571,0.619047619048,0.555555555556,0.142857142857,0.142857142857,0.142857142857,20,13,7,0,20,0,13,0,7,11,20,0.181818181818,3.04338842975,3.63636363636,2,2.5,1.68954001271,0.464623503495,0.245454545455,1.16774841624,0.642261628933,0.336363636364,1.94000937205,1.06700515463,0.536363636364,1.05689877454,0.347276990411,3.54545454545,3.04338842975,1.05689877454,3.54545454545,0.499047619048,0.4,8,0.0484848484848,0.255555555556,11,11,11,1,0,0.0909090909091,0.636363636364,0.272727272727,11,0.118181818182,3.72727272727,2.36363636364,1.3,1.625,1.43336856898,0.6064251638,0.286713286713,0.603022689156,0.510249967747,0.237762237762,1.40129809949,1.18571377649,0.503496503497,2.05382127221,0.551025219373,7,3.72727272727,2.05382127221,7,0,0,0,0,0.22962962963,11,11,11,1,0,0.0909090909091,0.636363636364,0.272727272727,11,20,0.181818181818,4.93722943723,3.63636363636,2,2,1.62927758671,0.448051336344,0.186363636364,1.07871977994,0.593295878968,0.3,1.32801971508,0.730410843293,0.354545454545,1.73284506229,0.350975194554,6.38095238095,4.93722943723,1.73284506229,6.38095238095,0.133333333333,0.142857142857,2,0.0121212121212,0.187407407407,11,11,11,1,0,0.0909090909091,0.818181818182,0.0909090909091,0,0,1.89384100748,0,0,-0.5,-0.0602624260023,-0.0165721671506,-0.0590909090909,-0.0890286363011,-0.0489657499656,-0.0363636363636,-0.61198965697,-0.336594311334,-0.181818181818,0.675946287751,0.00369820414235,2.8354978355,1.89384100748,0.675946287751,2.8354978355,-0.365714285714,-0.257142857143,-6,-0.0363636363636,-0.0681481481481,0,0.181818181818,-0.181818181818,16,4,4,86,0.8,0.955555555556,0.0444444444444,0.2,0.8,0.8,0.8,0.755555555556,0.755555555556,0.666666666667,7,7,0,0,0,0
155,WLNM_dir_neg,0.734693877551,0.390431096681,00:00:10,10,10,18,1171943267,threshold_sweep,0.2,0.428571428571,0.428571428571,0.428571428571,3,4,4,10,0.428571428571,0.714285714286,0.285714285714,0.571428571429,0.428571428571,0.428571428571,0.428571428571,0.619047619048,0.555555555556,0.142857142857,0.142857142857,0.142857142857,20,13,7,0,20,0,13,0,7,11,20,0.181818181818,3.04338842975,3.63636363636,2,2.5,1.68954001271,0.464623503495,0.245454545455,1.16774841624,0.642261628933,0.336363636364,1.94000937205,1.06700515463,0.536363636364,1.05689877454,0.347276990411,3.54545454545,3.04338842975,1.05689877454,3.54545454545,0.499047619048,0.4,8,0.0484848484848,0.255555555556,11,11,11,1,0,0.0909090909091,0.636363636364,0.272727272727,11,0.118181818182,3.72727272727,2.36363636364,1.3,1.625,1.43336856898,0.6064251638,0.286713286713,0.603022689156,0.510249967747,0.237762237762,1.40129809949,1.18571377649,0.503496503497,2.05382127221,0.551025219373,7,3.72727272727,2.05382127221,7,0,0,0,0,0.22962962963,11,11,11,1,0,0.0909090909091,0.636363636364,0.272727272727,11,20,0.181818181818,4.93722943723,3.63636363636,2,2,1.62927758671,0.448051336344,0.186363636364,1.07871977994,0.593295878968,0.3,1.32801971508,0.730410843293,0.354545454545,1.73284506229,0.350975194554,6.38095238095,4.93722943723,1.73284506229,6.38095238095,0.133333333333,0.142857142857,2,0.0121212121212,0.187407407407,11,11,11,1,0,0.0909090909091,0.818181818182,0.0909090909091,0,0,1.89384100748,0,0,-0.5,-0.0602624260023,-0.0165721671506,-0.0590909090909,-0.0890286363011,-0.0489657499656,-0.0363636363636,-0.61198965697,-0.336594311334,-0.181818181818,0.675946287751,0.00369820414235,2.8354978355,1.89384100748,0.675946287751,2.8354978355,-0.365714285714,-0.257142857143,-6,-0.0363636363636,-0.0681481481481,0,0.181818181818,-0.181818181818,16,4,4,86,0.8,0.955555555556,0.0444444444444,0.2,0.8,0.8,0.8,0.755555555556,0.755555555556,0.666666666667,7,7,0,0,0,0
156,WLNM_dir_neg,0.734693877551,0.390431096681,00:00:10,10,10,18,1171943267,threshold_sweep,0.3,0.428571428571,0.428571428571,0.428571428571,3,4,4,10,0.428571428571,0.714285714286,0.285714285714,0.571428571429,0.428571428571,0.428571428571,0.428571428571,0.619047619048,0.555555555556,0.142857142857,0.142857142857,0.142857142857,20,13,7,0,20,0,13,0,7,11,20,0.181818181818,3.04338842975,3.63636363636,2,2.5,1.68954001271,0.464623503495,0.245454545455,1.16774841624,0.642261628933,0.336363636364,1.94000937205,1.06700515463,0.536363636364,1.05689877454,0.347276990411,3.54545454545,3.04338842975,1.05689877454,3.54545454545,0.499047619048,0.4,8,0.0484848484848,0.255555555556,11,11,11,1,0,0.0909090909091,0.636363636364,0.272727272727,11,0.118181818182,3.72727272727,2.36363636364,1.3,1.625,1.43336856898,0.6064251638,0.286713286713,0.603022689156,0.510249967747,0.237762237762,1.40129809949,1.18571377649,0.503496503497,2.05382127221,0.551025219373,7,3.72727272727,2.05382127221,7,0,0,0,0,0.22962962963,11,11,11,1,0,0.0909090909091,0.636363636364,0.272727272727,11,20,0.181818181818,4.93722943723,3.63636363636,2,2,1.62927758671,0.448051336344,0.186363636364,1.07871977994,0.593295878968,0.3,1.32801971508,0.730410843293,0.354545454545,1.73284506229,0.350975194554,6.38095238095,4.93722943723,1.73284506229,6.38095238095,0.133333333333,0.142857142857,2,0.0121212121212,0.187407407407,11,11,11,1,0,0.0909090909091,0.818181818182,0.0909090909091,0,0,1.89384100748,0,0,-0.5,-0.0602624260023,-0.0165721671506,-0.0590909090909,-0.0890286363011,-0.0489657499656,-0.0363636363636,-0.61198965697,-0.336594311334,-0.181818181818,0.675946287751,0.00369820414235,2.8354978355,1.89384100748,0.675946287751,2.8354978355,-0.365714285714,-0.257142857143,-6,-0.0363636363636,-0.0681481481481,0,0.181818181818,-0.181818181818,16,4,4,86,0.8,0.955555555556,0.0444444444444,0.2,0.8,0.8,0.8,0.755555555556,0.755555555556,0.666666666667,7,7,0,0,0,0
157,WLNM_dir_neg,0.734693877551,0.390431096681,00:00:10,10,10,18,1171943267,threshold_sweep,0.4,0.428571428571,0.428571428571,0.428571428571,3,4,4,10,0.428571428571,0.714285714286,0.285714285714,0.571428571429,0.428571428571,0.428571428571,0.428571428571,0.619047619048,0.555555555556,0.142857142857,0.142857142857,0.142857142857,20,13,7,0,20,0,13,0,7,11,20,0.181818181818,3.04338842975,3.63636363636,2,2.5,1.68954001271,0.464623503495,0.245454545455,1.16774841624,0.642261628933,0.336363636364,1.94000937205,1.06700515463,0.536363636364,1.05689877454,0.347276990411,3.54545454545,3.04338842975,1.05689877454,3.54545454545,0.499047619048,0.4,8,0.0484848484848,0.255555555556,11,11,11,1,0,0.0909090909091,0.636363636364,0.272727272727,11,0.118181818182,3.72727272727,2.36363636364,1.3,1.625,1.43336856898,0.6064251638,0.286713286713,0.603022689156,0.510249967747,0.237762237762,1.40129809949,1.18571377649,0.503496503497,2.05382127221,0.551025219373,7,3.72727272727,2.05382127221,7,0,0,0,0,0.22962962963,11,11,11,1,0,0.0909090909091,0.636363636364,0.272727272727,11,20,0.181818181818,4.93722943723,3.63636363636,2,2,1.62927758671,0.448051336344,0.186363636364,1.07871977994,0.593295878968,0.3,1.32801971508,0.730410843293,0.354545454545,1.73284506229,0.350975194554,6.38095238095,4.93722943723,1.73284506229,6.38095238095,0.133333333333,0.142857142857,2,0.0121212121212,0.187407407407,11,11,11,1,0,0.0909090909091,0.818181818182,0.0909090909091,0,0,1.89384100748,0,0,-0.5,-0.0602624260023,-0.0165721671506,-0.0590909090909,-0.0890286363011,-0.0489657499656,-0.0363636363636,-0.61198965697,-0.336594311334,-0.181818181818,0.675946287751,0.00369820414235,2.8354978355,1.89384100748,0.675946287751,2.8354978355,-0.365714285714,-0.257142857143,-6,-0.0363636363636,-0.0681481481481,0,0.181818181818,-0.181818181818,16,4,4,86,0.8,0.955555555556,0.0444444444444,0.2,0.8,0.8,0.8,0.755555555556,0.755555555556,0.666666666667,7,7,0,0,0,0
158,WLNM_dir_neg,0.734693877551,0.390431096681,00:00:10,10,10,18,1171943267,threshold_sweep,0.5,0.428571428571,0.428571428571,0.428571428571,3,4,4,10,0.428571428571,0.714285714286,0.285714285714,0.571428571429,0.428571428571,0.428571428571,0.428571428571,0.619047619048,0.555555555556,0.142857142857,0.142857142857,0.142857142857,20,13,7,0,20,0,13,0,7,11,20,0.181818181818,3.04338842975,3.63636363636,2,2.5,1.68954001271,0.464623503495,0.245454545455,1.16774841624,0.642261628933,0.336363636364,1.94000937205,1.06700515463,0.536363636364,1.05689877454,0.347276990411,3.54545454545,3.04338842975,1.05689877454,3.54545454545,0.499047619048,0.4,8,0.0484848484848,0.255555555556,11,11,11,1,0,0.0909090909091,0.636363636364,0.272727272727,11,0.118181818182,3.72727272727,2.36363636364,1.3,1.625,1.43336856898,0.6064251638,0.286713286713,0.603022689156,0.510249967747,0.237762237762,1.40129809949,1.18571377649,0.503496503497,2.05382127221,0.551025219373,7,3.72727272727,2.05382127221,7,0,0,0,0,0.22962962963,11,11,11,1,0,0.0909090909091,0.636363636364,0.272727272727,11,20,0.181818181818,4.93722943723,3.63636363636,2,2,1.62927758671,0.448051336344,0.186363636364,1.07871977994,0.593295878968,0.3,1.32801971508,0.730410843293,0.354545454545,1.73284506229,0.350975194554,6.38095238095,4.93722943723,1.73284506229,6.38095238095,0.133333333333,0.142857142857,2,0.0121212121212,0.187407407407,11,11,11,1,0,0.0909090909091,0.818181818182,0.0909090909091,0,0,1.89384100748,0,0,-0.5,-0.0602624260023,-0.0165721671506,-0.0590909090909,-0.0890286363011,-0.0489657499656,-0.0363636363636,-0.61198965697,-0.336594311334,-0.181818181818,0.675946287751,0.00369820414235,2.8354978355,1.89384100748,0.675946287751,2.8354978355,-0.365714285714,-0.257142857143,-6,-0.0363636363636,-0.0681481481481,0,0.181818181818,-0.181818181818,16,4,4,86,0.8,0.955555555556,0.0444444444444,0.2,0.8,0.8,0.8,0.755555555556,0.755555555556,0.666666666667,7,7,0,0,0,0
159,WLNM_dir_neg,0.734693877551,0.390431096681,00:00:10,10,10,18,1171943267,threshold_sweep,0.6,0.428571428571,0.428571428571,0.428571428571,3,4,4,10,0.428571428571,0.714285714286,0.285714285714,0.571428571429,0.428571428571,0.428571428571,0.428571428571,0.619047619048,0.555555555556,0.142857142857,0.142857142857,0.142857142857,20,13,7,0,20,0,13,0,7,11,20,0.181818181818,3.04338842975,3.63636363636,2,2.5,1.68954001271,0.464623503495,0.245454545455,1.16774841624,0.642261628933,0.336363636364,1.94000937205,1.06700515463,0.536363636364,1.05689877454,0.347276990411,3.54545454545,3.04338842975,1.05689877454,3.54545454545,0.499047619048,0.4,8,0.0484848484848,0.255555555556,11,11,11,1,0,0.0909090909091,0.636363636364,0.272727272727,11,0.118181818182,3.72727272727,2.36363636364,1.3,1.625,1.43336856898,0.6064251638,0.286713286713,0.603022689156,0.510249967747,0.237762237762,1.40129809949,1.18571377649,0.503496503497,2.05382127221,0.551025219373,7,3.72727272727,2.05382127221,7,0,0,0,0,0.22962962963,11,11,11,1,0,0.0909090909091,0.636363636364,0.272727272727,11,20,0.181818181818,4.93722943723,3.63636363636,2,2,1.62927758671,0.448051336344,0.186363636364,1.07871977994,0.593295878968,0.3,1.32801971508,0.730410843293,0.354545454545,1.73284506229,0.350975194554,6.38095238095,4.93722943723,1.73284506229,6.38095238095,0.133333333333,0.142857142857,2,0.0121212121212,0.187407407407,11,11,11,1,0,0.0909090909091,0.818181818182,0.0909090909091,0,0,1.89384100748,0,0,-0.5,-0.0602624260023,-0.0165721671506,-0.0590909090909,-0.0890286363011,-0.0489657499656,-0.0363636363636,-0.61198965697,-0.336594311334,-0.181818181818,0.675946287751,0.00369820414235,2.8354978355,1.89384100748,0.675946287751,2.8354978355,-0.365714285714,-0.257142857143,-6,-0.0363636363636,-0.0681481481481,0,0.181818181818,-0.181818181818,16,4,4,86,0.8,0.955555555556,0.0444444444444,0.2,0.8,0.8,0.8,0.755555555556,0.755555555556,0.666666666667,7,7,0,0,0,0
160,WLNM_dir_neg,0.734693877551,0.390431096681,00:00:10,10,10,18,1171943267,threshold_sweep,0.7,0.428571428571,0.428571428571,0.428571428571,3,4,4,10,0.428571428571,0.714285714286,0.285714285714,0.571428571429,0.428571428571,0.428571428571,0.428571428571,0.619047619048,0.555555555556,0.142857142857,0.142857142857,0.142857142857,20,13,7,0,20,0,13,0,7,11,20,0.181818181818,3.04338842975,3.63636363636,2,2.5,1.68954001271,0.464623503495,0.245454545455,1.16774841624,0.642261628933,0.336363636364,1.94000937205,1.06700515463,0.536363636364,1.05689877454,0.347276990411,3.54545454545,3.04338842975,1.05689877454,3.54545454545,0.499047619048,0.4,8,0.0484848484848,0.255555555556,11,11,11,1,0,0.0909090909091,0.636363636364,0.272727272727,11,0.118181818182,3.72727272727,2.36363636364,1.3,1.625,1.43336856898,0.6064251638,0.286713286713,0.603022689156,0.510249967747,0.237762237762,1.40129809949,1.18571377649,0.503496503497,2.05382127221,0.551025219373,7,3.72727272727,2.05382127221,7,0,0,0,0,0.22962962963,11,11,11,1,0,0.0909090909091,0.636363636364,0.272727272727,11,20,0.181818181818,4.93722943723,3.63636363636,2,2,1.62927758671,0.448051336344,0.186363636364,1.07871977994,0.593295878968,0.3,1.32801971508,0.730410843293,0.354545454545,1.73284506229,0.350975194554,6.38095238095,4.93722943723,1.73284506229,6.38095238095,0.133333333333,0.142857142857,2,0.0121212121212,0.187407407407,11,11,11,1,0,0.0909090909091,0.818181818182,0.0909090909091,0,0,1.89384100748,0,0,-0.5,-0.0602624260023,-0.0165721671506,-0.0590909090909,-0.0890286363011,-0.0489657499656,-0.0363636363636,-0.61198965697,-0.336594311334,-0.181818181818,0.675946287751,0.00369820414235,2.8354978355,1.89384100748,0.675946287751,2.8354978355,-0.365714285714,-0.257142857143,-6,-0.0363636363636,-0.0681481481481,0,0.181818181818,-0.181818181818,16,4,4,86,0.8,0.955555555556,0.0444444444444,0.2,0.8,0.8,0.8,0.755555555556,0.755555555556,0.666666666667,7,7,0,0,0,0
161,WLNM_dir_neg,0.734693877551,0.390431096681,00:00:10,10,10,18,1171943267,threshold_sweep,0.8,0.6,0.428571428571,0.5,3,2,4,12,0.428571428571,0.857142857143,0.142857142857,0.571428571429,0.6,0.428571428571,0.5,0.714285714286,0.587301587302,0.307692307692,0.316227766017,0.285714285714,20,13,7,0,20,0,13,0,7,11,20,0.181818181818,3.04338842975,3.63636363636,2,2.5,1.68954001271,0.464623503495,0.245454545455,1.16774841624,0.642261628933,0.336363636364,1.94000937205,1.06700515463,0.536363636364,1.05689877454,0.347276990411,3.54545454545,3.04338842975,1.05689877454,3.54545454545,0.499047619048,0.4,8,0.0484848484848,0.255555555556,11,11,11,1,0,0.0909090909091,0.636363636364,0.272727272727,11,0.118181818182,3.72727272727,2.36363636364,1.3,1.625,1.43336856898,0.6064251638,0.286713286713,0.603022689156,0.510249967747,0.237762237762,1.40129809949,1.18571377649,0.503496503497,2.05382127221,0.551025219373,7,3.72727272727,2.05382127221,7,0,0,0,0,0.22962962963,11,11,11,1,0,0.0909090909091,0.636363636364,0.272727272727,11,18,0.163636363636,5.10606060606,3.27272727273,1.8,1.8,1.61807966991,0.494413232473,0.171717171717,0.809039834956,0.494413232473,0.242424242424,1.36181696808,0.832221480492,0.383838383838,1.9582769173,0.383520108434,7,5.10606060606,1.9582769173,7,0.213333333333,0.176470588235,2,0.0121212121212,0.181481481481,11,11,11,1,0,0.0909090909091,0.818181818182,0.0909090909091,-2,-0.0181818181818,2.06267217631,-0.363636363636,-0.2,-0.7,-0.0714603427974,0.029789728978,-0.0737373737374,-0.358708581286,-0.14784839646,-0.0939393939394,-0.57819240397,-0.234783674135,-0.152525252525,0.901378142768,0.0362431180222,3.45454545455,2.06267217631,0.901378142768,3.45454545455,-0.285714285714,-0.223529411765,-6,-0.0363636363636,-0.0740740740741,0,0.181818181818,-0.181818181818,16,2,4,88,0.8,0.977777777778,0.0222222222222,0.2,0.888888888889,0.8,0.842105263158,0.810889388,0.777777777778,0.727272727273,5,7,0,0,0,0
162,WLNM_dir_neg,0.734693877551,0.390431096681,00:00:10,10,10,18,1171943267,threshold_sweep,0.9,0.6,0.428571428571,0.5,3,2,4,12,0.428571428571,0.857142857143,0.142857142857,0.571428571429,0.6,0.428571428571,0.5,0.714285714286,0.587301587302,0.307692307692,0.316227766017,0.285714285714,20,13,7,0,20,0,13,0,7,11,20,0.181818181818,3.04338842975,3.63636363636,2,2.5,1.68954001271,0.464623503495,0.245454545455,1.16774841624,0.642261628933,0.336363636364,1.94000937205,1.06700515463,0.536363636364,1.05689877454,0.347276990411,3.54545454545,3.04338842975,1.05689877454,3.54545454545,0.499047619048,0.4,8,0.0484848484848,0.255555555556,11,11,11,1,0,0.0909090909091,0.636363636364,0.272727272727,11,0.118181818182,3.72727272727,2.36363636364,1.3,1.625,1.43336856898,0.6064251638,0.286713286713,0.603022689156,0.510249967747,0.237762237762,1.40129809949,1.18571377649,0.503496503497,2.05382127221,0.551025219373,7,3.72727272727,2.05382127221,7,0,0,0,0,0.22962962963,11,11,11,1,0,0.0909090909091,0.636363636364,0.272727272727,11,18,0.163636363636,5.10606060606,3.27272727273,1.8,1.8,1.61807966991,0.494413232473,0.171717171717,0.809039834956,0.494413232473,0.242424242424,1.36181696808,0.832221480492,0.383838383838,1.9582769173,0.383520108434,7,5.10606060606,1.9582769173,7,0.213333333333,0.176470588235,2,0.0121212121212,0.181481481481,11,11,11,1,0,0.0909090909091,0.818181818182,0.0909090909091,-2,-0.0181818181818,2.06267217631,-0.363636363636,-0.2,-0.7,-0.0714603427974,0.029789728978,-0.0737373737374,-0.358708581286,-0.14784839646,-0.0939393939394,-0.57819240397,-0.234783674135,-0.152525252525,0.901378142768,0.0362431180222,3.45454545455,2.06267217631,0.901378142768,3.45454545455,-0.285714285714,-0.223529411765,-6,-0.0363636363636,-0.0740740740741,0,0.181818181818,-0.181818181818,16,2,4,88,0.8,0.977777777778,0.0222222222222,0.2,0.888888888889,0.8,0.842105263158,0.810889388,0.777777777778,0.727272727273,5,7,0,0,0,0
163,WLNM_dir_neg,0.857142857143,0.703555967842,00:00:10,10,10,19,1171943268,threshold_sweep,0.1,1,0.714285714286,0.833333333333,5,0,2,14,0.714285714286,1,0,0.285714285714,1,0.714285714286,0.833333333333,0.904761904762,0.587301587302,0.769230769231,0.790569415042,0.714285714286,20,13,7,0,20,0,13,0,7,11,20,0.181818181818,3.04338842975,3.63636363636,2,2.5,1.68954001271,0.464623503495,0.245454545455,1.16774841624,0.642261628933,0.336363636364,1.94000937205,1.06700515463,0.536363636364,1.05689877454,0.347276990411,3.54545454545,3.04338842975,1.05689877454,3.54545454545,0.499047619048,0.4,8,0.0484848484848,0.255555555556,11,11,11,1,0,0.0909090909091,0.636363636364,0.272727272727,11,0.118181818182,3.72727272727,2.36363636364,1.3,1.625,1.43336856898,0.6064251638,0.286713286713,0.603022689156,0.510249967747,0.237762237762,1.40129809949,1.18571377649,0.503496503497,2.05382127221,0.551025219373,7,3.72727272727,2.05382127221,7,0,0,0,0,0.22962962963,11,11,11,1,0,0.0909090909091,0.636363636364,0.272727272727,11,18,0.163636363636,3.11363636364,3.27272727273,1.8,2.25,1.42062726223,0.434080552347,0.227272727273,0.924416277737,0.564921058617,0.292929292929,1.68954001271,1.03249667443,0.525252525253,1.14353419474,0.367266456706,3.875,3.11363636364,1.14353419474,3.875,0.366666666667,0.266666666667,4,0.0242424242424,0.221111111111,11,11,11,1,0,0.0909090909091,0.636363636364,0.272727272727,-2,-0.0181818181818,0.0702479338843,-0.363636363636,-0.2,-0.25,-0.268912750482,-0.030542951148,-0.0181818181818,-0.243332138505,-0.0773405703161,-0.0434343434343,-0.250469359339,-0.0345084801933,-0.0111111111111,0.0866354202056,0.0199894662943,0.329545454545,0.0702479338843,0.0866354202056,0.329545454545,-0.132380952381,-0.133333333333,-4,-0.0242424242424,-0.0344444444444,0,0,0,18,0,2,90,0.9,1,0,0.1,1,0.9,0.947368421053,0.938314863257,0.9,0.9,5,7,0,0,0,0
164,WLNM_dir_neg,0.857142857143,0.703555967842,00:00:10,10,10,19,1171943268,threshold_sweep,0.2,1,0.714285714286,0.833333333333,5,0,2,14,0.714285714286,1,0,0.285714285714,1,0.714285714286,0.833333333333,0.904761904762,0.587301587302,0.769230769231,0.790569415042,0.714285714286,20,13,7,0,20,0,13,0,7,11,20,0.181818181818,3.04338842975,3.63636363636,2,2.5,1.68954001271,0.464623503495,0.245454545455,1.16774841624,0.642261628933,0.336363636364,1.94000937205,1.06700515463,0.536363636364,1.05689877454,0.347276990411,3.54545454545,3.04338842975,1.05689877454,3.54545454545,0.499047619048,0.4,8,0.0484848484848,0.255555555556,11,11,11,1,0,0.0909090909091,0.636363636364,0.272727272727,11,0.118181818182,3.72727272727,2.36363636364,1.3,1.625,1.43336856898,0.6064251638,0.286713286713,0.603022689156,0.510249967747,0.237762237762,1.40129809949,1.18571377649,0.503496503497,2.05382127221,0.551025219373,7,3.72727272727,2.05382127221,7,0,0,0,0,0.22962962963,11,11,11,1,0,0.0909090909091,0.636363636364,0.272727272727,11,18,0.163636363636,3.11363636364,3.27272727273,1.8,2.25,1.42062726223,0.434080552347,0.227272727273,0.924416277737,0.564921058617,0.292929292929,1.68954001271,1.03249667443,0.525252525253,1.14353419474,0.367266456706,3.875,3.11363636364,1.14353419474,3.875,0.366666666667,0.266666666667,4,0.0242424242424,0.221111111111,11,11,11,1,0,0.0909090909091,0.636363636364,0.272727272727,-2,-0.0181818181818,0.0702479338843,-0.363636363636,-0.2,-0.25,-0.268912750482,-0.030542951148,-0.0181818181818,-0.243332138505,-0.0773405703161,-0.0434343434343,-0.250469359339,-0.0345084801933,-0.0111111111111,0.0866354202056,0.0199894662943,0.329545454545,0.0702479338843,0.0866354202056,0.329545454545,-0.132380952381,-0.133333333333,-4,-0.0242424242424,-0.0344444444444,0,0,0,18,0,2,90,0.9,1,0,0.1,1,0.9,0.947368421053,0.938314863257,0.9,0.9,5,7,0,0,0,0
165,WLNM_dir_neg,0.857142857143,0.703555967842,00:00:10,10,10,19,1171943268,threshold_sweep,0.3,1,0.714285714286,0.833333333333,5,0,2,14,0.714285714286,1,0,0.285714285714,1,0.714285714286,0.833333333333,0.904761904762,0.587301587302,0.769230769231,0.790569415042,0.714285714286,20,13,7,0,20,0,13,0,7,11,20,0.181818181818,3.04338842975,3.63636363636,2,2.5,1.68954001271,0.464623503495,0.245454545455,1.16774841624,0.642261628933,0.336363636364,1.94000937205,1.06700515463,0.536363636364,1.05689877454,0.347276990411,3.54545454545,3.04338842975,1.05689877454,3.54545454545,0.499047619048,0.4,8,0.0484848484848,0.255555555556,11,11,11,1,0,0.0909090909091,0.636363636364,0.272727272727,11,0.118181818182,3.72727272727,2.36363636364,1.3,1.625,1.43336856898,0.6064251638,0.286713286713,0.603022689156,0.510249967747,0.237762237762,1.40129809949,1.18571377649,0.503496503497,2.05382127221,0.551025219373,7,3.72727272727,2.05382127221,7,0,0,0,0,0.22962962963,11,11,11,1,0,0.0909090909091,0.636363636364,0.272727272727,11,18,0.163636363636,3.11363636364,3.27272727273,1.8,2.25,1.42062726223,0.434080552347,0.227272727273,0.924416277737,0.564921058617,0.292929292929,1.68954001271,1.03249667443,0.525252525253,1.14353419474,0.367266456706,3.875,3.11363636364,1.14353419474,3.875,0.366666666667,0.266666666667,4,0.0242424242424,0.221111111111,11,11,11,1,0,0.0909090909091,0.636363636364,0.272727272727,-2,-0.0181818181818,0.0702479338843,-0.363636363636,-0.2,-0.25,-0.268912750482,-0.030542951148,-0.0181818181818,-0.243332138505,-0.0773405703161,-0.0434343434343,-0.250469359339,-0.0345084801933,-0.0111111111111,0.0866354202056,0.0199894662943,0.329545454545,0.0702479338843,0.0866354202056,0.329545454545,-0.132380952381,-0.133333333333,-4,-0.0242424242424,-0.0344444444444,0,0,0,18,0,2,90,0.9,1,0,0.1,1,0.9,0.947368421053,0.938314863257,0.9,0.9,5,7,0,0,0,0
166,WLNM_dir_neg,0.857142857143,0.703555967842,00:00:10,10,10,19,1171943268,threshold_sweep,0.4,1,0.714285714286,0.833333333333,5,0,2,14,0.714285714286,1,0,0.285714285714,1,0.714285714286,0.833333333333,0.904761904762,0.587301587302,0.769230769231,0.790569415042,0.714285714286,20,13,7,0,20,0,13,0,7,11,20,0.181818181818,3.04338842975,3.63636363636,2,2.5,1.68954001271,0.464623503495,0.245454545455,1.16774841624,0.642261628933,0.336363636364,1.94000937205,1.06700515463,0.536363636364,1.05689877454,0.347276990411,3.54545454545,3.04338842975,1.05689877454,3.54545454545,0.499047619048,0.4,8,0.0484848484848,0.255555555556,11,11,11,1,0,0.0909090909091,0.636363636364,0.272727272727,11,0.118181818182,3.72727272727,2.36363636364,1.3,1.625,1.43336856898,0.6064251638,0.286713286713,0.603022689156,0.510249967747,0.237762237762,1.40129809949,1.18571377649,0.503496503497,2.05382127221,0.551025219373,7,3.72727272727,2.05382127221,7,0,0,0,0,0.22962962963,11,11,11,1,0,0.0909090909091,0.636363636364,0.272727272727,11,18,0.163636363636,3.11363636364,3.27272727273,1.8,2.25,1.42062726223,0.434080552347,0.227272727273,0.924416277737,0.564921058617,0.292929292929,1.68954001271,1.03249667443,0.525252525253,1.14353419474,0.367266456706,3.875,3.11363636364,1.14353419474,3.875,0.366666666667,0.266666666667,4,0.0242424242424,0.221111111111,11,11,11,1,0,0.0909090909091,0.636363636364,0.272727272727,-2,-0.0181818181818,0.0702479338843,-0.363636363636,-0.2,-0.25,-0.268912750482,-0.030542951148,-0.0181818181818,-0.243332138505,-0.0773405703161,-0.0434343434343,-0.250469359339,-0.0345084801933,-0.0111111111111,0.0866354202056,0.0199894662943,0.329545454545,0.0702479338843,0.0866354202056,0.329545454545,-0.132380952381,-0.133333333333,-4,-0.0242424242424,-0.0344444444444,0,0,0,18,0,2,90,0.9,1,0,0.1,1,0.9,0.947368421053,0.938314863257,0.9,0.9,5,7,0,0,0,0
167,WLNM_dir_neg,0.857142857143,0.703555967842,00:00:10,10,10,19,1171943268,threshold_sweep,0.5,1,0.714285714286,0.833333333333,5,0,2,14,0.714285714286,1,0,0.285714285714,1,0.714285714286,0.833333333333,0.904761904762,0.587301587302,0.769230769231,0.790569415042,0.714285714286,20,13,7,0,20,0,13,0,7,11,20,0.181818181818,3.04338842975,3.63636363636,2,2.5,1.68954001271,0.464623503495,0.245454545455,1.16774841624,0.642261628933,0.336363636364,1.94000937205,1.06700515463,0.536363636364,1.05689877454,0.347276990411,3.54545454545,3.04338842975,1.05689877454,3.54545454545,0.499047619048,0.4,8,0.0484848484848,0.255555555556,11,11,11,1,0,0.0909090909091,0.636363636364,0.272727272727,11,0.118181818182,3.72727272727,2.36363636364,1.3,1.625,1.43336856898,0.6064251638,0.286713286713,0.603022689156,0.510249967747,0.237762237762,1.40129809949,1.18571377649,0.503496503497,2.05382127221,0.551025219373,7,3.72727272727,2.05382127221,7,0,0,0,0,0.22962962963,11,11,11,1,0,0.0909090909091,0.636363636364,0.272727272727,11,18,0.163636363636,3.11363636364,3.27272727273,1.8,2.25,1.42062726223,0.434080552347,0.227272727273,0.924416277737,0.564921058617,0.292929292929,1.68954001271,1.03249667443,0.525252525253,1.14353419474,0.367266456706,3.875,3.11363636364,1.14353419474,3.875,0.366666666667,0.266666666667,4,0.0242424242424,0.221111111111,11,11,11,1,0,0.0909090909091,0.636363636364,0.272727272727,-2,-0.0181818181818,0.0702479338843,-0.363636363636,-0.2,-0.25,-0.268912750482,-0.030542951148,-0.0181818181818,-0.243332138505,-0.0773405703161,-0.0434343434343,-0.250469359339,-0.0345084801933,-0.0111111111111,0.0866354202056,0.0199894662943,0.329545454545,0.0702479338843,0.0866354202056,0.329545454545,-0.132380952381,-0.133333333333,-4,-0.0242424242424,-0.0344444444444,0,0,0,18,0,2,90,0.9,1,0,0.1,1,0.9,0.947368421053,0.938314863257,0.9,0.9,5,7,0,0,0,0
168,WLNM_dir_neg,0.857142857143,0.703555967842,00:00:10,10,10,19,1171943268,threshold_sweep,0.6,1,0.714285714286,0.833333333333,5,0,2,14,0.714285714286,1,0,0.285714285714,1,0.714285714286,0.833333333333,0.904761904762,0.587301587302,0.769230769231,0.790569415042,0.714285714286,20,13,7,0,20,0,13,0,7,11,20,0.181818181818,3.04338842975,3.63636363636,2,2.5,1.68954001271,0.464623503495,0.245454545455,1.16774841624,0.642261628933,0.336363636364,1.94000937205,1.06700515463,0.536363636364,1.05689877454,0.347276990411,3.54545454545,3.04338842975,1.05689877454,3.54545454545,0.499047619048,0.4,8,0.0484848484848,0.255555555556,11,11,11,1,0,0.0909090909091,0.636363636364,0.272727272727,11,0.118181818182,3.72727272727,2.36363636364,1.3,1.625,1.43336856898,0.6064251638,0.286713286713,0.603022689156,0.510249967747,0.237762237762,1.40129809949,1.18571377649,0.503496503497,2.05382127221,0.551025219373,7,3.72727272727,2.05382127221,7,0,0,0,0,0.22962962963,11,11,11,1,0,0.0909090909091,0.636363636364,0.272727272727,11,18,0.163636363636,3.11363636364,3.27272727273,1.8,2.25,1.42062726223,0.434080552347,0.227272727273,0.924416277737,0.564921058617,0.292929292929,1.68954001271,1.03249667443,0.525252525253,1.14353419474,0.367266456706,3.875,3.11363636364,1.14353419474,3.875,0.366666666667,0.266666666667,4,0.0242424242424,0.221111111111,11,11,11,1,0,0.0909090909091,0.636363636364,0.272727272727,-2,-0.0181818181818,0.0702479338843,-0.363636363636,-0.2,-0.25,-0.268912750482,-0.030542951148,-0.0181818181818,-0.243332138505,-0.0773405703161,-0.0434343434343,-0.250469359339,-0.0345084801933,-0.0111111111111,0.0866354202056,0.0199894662943,0.329545454545,0.0702479338843,0.0866354202056,0.329545454545,-0.132380952381,-0.133333333333,-4,-0.0242424242424,-0.0344444444444,0,0,0,18,0,2,90,0.9,1,0,0.1,1,0.9,0.947368421053,0.938314863257,0.9,0.9,5,7,0,0,0,0
169,WLNM_dir_neg,0.857142857143,0.703555967842,00:00:10,10,10,19,1171943268,threshold_sweep,0.7,1,0.714285714286,0.833333333333,5,0,2,14,0.714285714286,1,0,0.285714285714,1,0.714285714286,0.833333333333,0.904761904762,0.587301587302,0.769230769231,0.790569415042,0.714285714286,20,13,7,0,20,0,13,0,7,11,20,0.181818181818,3.04338842975,3.63636363636,2,2.5,1.68954001271,0.464623503495,0.245454545455,1.16774841624,0.642261628933,0.336363636364,1.94000937205,1.06700515463,0.536363636364,1.05689877454,0.347276990411,3.54545454545,3.04338842975,1.05689877454,3.54545454545,0.499047619048,0.4,8,0.0484848484848,0.255555555556,11,11,11,1,0,0.0909090909091,0.636363636364,0.272727272727,11,0.118181818182,3.72727272727,2.36363636364,1.3,1.625,1.43336856898,0.6064251638,0.286713286713,0.603022689156,0.510249967747,0.237762237762,1.40129809949,1.18571377649,0.503496503497,2.05382127221,0.551025219373,7,3.72727272727,2.05382127221,7,0,0,0,0,0.22962962963,11,11,11,1,0,0.0909090909091,0.636363636364,0.272727272727,11,18,0.163636363636,3.11363636364,3.27272727273,1.8,2.25,1.42062726223,0.434080552347,0.227272727273,0.924416277737,0.564921058617,0.292929292929,1.68954001271,1.03249667443,0.525252525253,1.14353419474,0.367266456706,3.875,3.11363636364,1.14353419474,3.875,0.366666666667,0.266666666667,4,0.0242424242424,0.221111111111,11,11,11,1,0,0.0909090909091,0.636363636364,0.272727272727,-2,-0.0181818181818,0.0702479338843,-0.363636363636,-0.2,-0.25,-0.268912750482,-0.030542951148,-0.0181818181818,-0.243332138505,-0.0773405703161,-0.0434343434343,-0.250469359339,-0.0345084801933,-0.0111111111111,0.0866354202056,0.0199894662943,0.329545454545,0.0702479338843,0.0866354202056,0.329545454545,-0.132380952381,-0.133333333333,-4,-0.0242424242424,-0.0344444444444,0,0,0,18,0,2,90,0.9,1,0,0.1,1,0.9,0.947368421053,0.938314863257,0.9,0.9,5,7,0,0,0,0
170,WLNM_dir_neg,0.857142857143,0.703555967842,00:00:10,10,10,19,1171943268,threshold_sweep,0.8,1,0.714285714286,0.833333333333,5,0,2,14,0.714285714286,1,0,0.285714285714,1,0.714285714286,0.833333333333,0.904761904762,0.587301587302,0.769230769231,0.790569415042,0.714285714286,20,13,7,0,20,0,13,0,7,11,20,0.181818181818,3.04338842975,3.63636363636,2,2.5,1.68954001271,0.464623503495,0.245454545455,1.16774841624,0.642261628933,0.336363636364,1.94000937205,1.06700515463,0.536363636364,1.05689877454,0.347276990411,3.54545454545,3.04338842975,1.05689877454,3.54545454545,0.499047619048,0.4,8,0.0484848484848,0.255555555556,11,11,11,1,0,0.0909090909091,0.636363636364,0.272727272727,11,0.118181818182,3.72727272727,2.36363636364,1.3,1.625,1.43336856898,0.6064251638,0.286713286713,0.603022689156,0.510249967747,0.237762237762,1.40129809949,1.18571377649,0.503496503497,2.05382127221,0.551025219373,7,3.72727272727,2.05382127221,7,0,0,0,0,0.22962962963,11,11,11,1,0,0.0909090909091,0.636363636364,0.272727272727,11,18,0.163636363636,3.11363636364,3.27272727273,1.8,2.25,1.42062726223,0.434080552347,0.227272727273,0.924416277737,0.564921058617,0.292929292929,1.68954001271,1.03249667443,0.525252525253,1.14353419474,0.367266456706,3.875,3.11363636364,1.14353419474,3.875,0.366666666667,0.266666666667,4,0.0242424242424,0.221111111111,11,11,11,1,0,0.0909090909091,0.636363636364,0.272727272727,-2,-0.0181818181818,0.0702479338843,-0.363636363636,-0.2,-0.25,-0.268912750482,-0.030542951148,-0.0181818181818,-0.243332138505,-0.0773405703161,-0.0434343434343,-0.250469359339,-0.0345084801933,-0.0111111111111,0.0866354202056,0.0199894662943,0.329545454545,0.0702479338843,0.0866354202056,0.329545454545,-0.132380952381,-0.133333333333,-4,-0.0242424242424,-0.0344444444444,0,0,0,18,0,2,90,0.9,1,0,0.1,1,0.9,0.947368421053,0.938314863257,0.9,0.9,5,7,0,0,0,0
171,WLNM_dir_neg,0.857142857143,0.703555967842,00:00:10,10,10,19,1171943268,threshold_sweep,0.9,1,0.714285714286,0.833333333333,5,0,2,14,0.714285714286,1,0,0.285714285714,1,0.714285714286,0.833333333333,0.904761904762,0.587301587302,0.769230769231,0.790569415042,0.714285714286,20,13,7,0,20,0,13,0,7,11,20,0.181818181818,3.04338842975,3.63636363636,2,2.5,1.68954001271,0.464623503495,0.245454545455,1.16774841624,0.642261628933,0.336363636364,1.94000937205,1.06700515463,0.536363636364,1.05689877454,0.347276990411,3.54545454545,3.04338842975,1.05689877454,3.54545454545,0.499047619048,0.4,8,0.0484848484848,0.255555555556,11,11,11,1,0,0.0909090909091,0.636363636364,0.272727272727,11,0.118181818182,3.72727272727,2.36363636364,1.3,1.625,1.43336856898,0.6064251638,0.286713286713,0.603022689156,0.510249967747,0.237762237762,1.40129809949,1.18571377649,0.503496503497,2.05382127221,0.551025219373,7,3.72727272727,2.05382127221,7,0,0,0,0,0.22962962963,11,11,11,1,0,0.0909090909091,0.636363636364,0.272727272727,11,18,0.163636363636,3.11363636364,3.27272727273,1.8,2.25,1.42062726223,0.434080552347,0.227272727273,0.924416277737,0.564921058617,0.292929292929,1.68954001271,1.03249667443,0.525252525253,1.14353419474,0.367266456706,3.875,3.11363636364,1.14353419474,3.875,0.366666666667,0.266666666667,4,0.0242424242424,0.221111111111,11,11,11,1,0,0.0909090909091,0.636363636364,0.272727272727,-2,-0.0181818181818,0.0702479338843,-0.363636363636,-0.2,-0.25,-0.268912750482,-0.030542951148,-0.0181818181818,-0.243332138505,-0.0773405703161,-0.0434343434343,-0.250469359339,-0.0345084801933,-0.0111111111111,0.0866354202056,0.0199894662943,0.329545454545,0.0702479338843,0.0866354202056,0.329545454545,-0.132380952381,-0.133333333333,-4,-0.0242424242424,-0.0344444444444,0,0,0,18,0,2,90,0.9,1,0,0.1,1,0.9,0.947368421053,0.938314863257,0.9,0.9,5,7,0,0,0,0
172,WLNM_dir_neg,0.877551020408,0.570929070929,00:00:10,10,10,20,1171943269,threshold_sweep,0.1,1,0.714285714286,0.833333333333,5,0,2,14,0.714285714286,1,0,0.285714285714,1,0.714285714286,0.833333333333,0.904761904762,0.587301587302,0.769230769231,0.790569415042,0.714285714286,20,13,7,0,20,0,13,0,7,11,20,0.181818181818,3.04338842975,3.63636363636,2,2.5,1.68954001271,0.464623503495,0.245454545455,1.16774841624,0.642261628933,0.336363636364,1.94000937205,1.06700515463,0.536363636364,1.05689877454,0.347276990411,3.54545454545,3.04338842975,1.05689877454,3.54545454545,0.499047619048,0.4,8,0.0484848484848,0.255555555556,11,11,11,1,0,0.0909090909091,0.636363636364,0.272727272727,11,0.118181818182,3.72727272727,2.36363636364,1.3,1.625,1.43336856898,0.6064251638,0.286713286713,0.603022689156,0.510249967747,0.237762237762,1.40129809949,1.18571377649,0.503496503497,2.05382127221,0.551025219373,7,3.72727272727,2.05382127221,7,0,0,0,0,0.22962962963,11,11,11,1,0,0.0909090909091,0.636363636364,0.272727272727,11,18,0.163636363636,3.11363636364,3.27272727273,1.8,2.25,1.42062726223,0.434080552347,0.227272727273,0.924416277737,0.564921058617,0.292929292929,1.68954001271,1.03249667443,0.525252525253,1.14353419474,0.367266456706,3.875,3.11363636364,1.14353419474,3.875,0.366666666667,0.266666666667,4,0.0242424242424,0.221111111111,11,11,11,1,0,0.0909090909091,0.636363636364,0.272727272727,-2,-0.0181818181818,0.0702479338843,-0.363636363636,-0.2,-0.25,-0.268912750482,-0.030542951148,-0.0181818181818,-0.243332138505,-0.0773405703161,-0.0434343434343,-0.250469359339,-0.0345084801933,-0.0111111111111,0.0866354202056,0.0199894662943,0.329545454545,0.0702479338843,0.0866354202056,0.329545454545,-0.132380952381,-0.133333333333,-4,-0.0242424242424,-0.0344444444444,0,0,0,18,0,2,90,0.9,1,0,0.1,1,0.9,0.947368421053,0.938314863257,0.9,0.9,5,7,0,0,0,0
173,WLNM_dir_neg,0.877551020408,0.570929070929,00:00:10,10,10,20,1171943269,threshold_sweep,0.2,1,0.714285714286,0.833333333333,5,0,2,14,0.714285714286,1,0,0.285714285714,1,0.714285714286,0.833333333333,0.904761904762,0.587301587302,0.769230769231,0.790569415042,0.714285714286,20,13,7,0,20,0,13,0,7,11,20,0.181818181818,3.04338842975,3.63636363636,2,2.5,1.68954001271,0.464623503495,0.245454545455,1.16774841624,0.642261628933,0.336363636364,1.94000937205,1.06700515463,0.536363636364,1.05689877454,0.347276990411,3.54545454545,3.04338842975,1.05689877454,3.54545454545,0.499047619048,0.4,8,0.0484848484848,0.255555555556,11,11,11,1,0,0.0909090909091,0.636363636364,0.272727272727,11,0.118181818182,3.72727272727,2.36363636364,1.3,1.625,1.43336856898,0.6064251638,0.286713286713,0.603022689156,0.510249967747,0.237762237762,1.40129809949,1.18571377649,0.503496503497,2.05382127221,0.551025219373,7,3.72727272727,2.05382127221,7,0,0,0,0,0.22962962963,11,11,11,1,0,0.0909090909091,0.636363636364,0.272727272727,11,18,0.163636363636,3.11363636364,3.27272727273,1.8,2.25,1.42062726223,0.434080552347,0.227272727273,0.924416277737,0.564921058617,0.292929292929,1.68954001271,1.03249667443,0.525252525253,1.14353419474,0.367266456706,3.875,3.11363636364,1.14353419474,3.875,0.366666666667,0.266666666667,4,0.0242424242424,0.221111111111,11,11,11,1,0,0.0909090909091,0.636363636364,0.272727272727,-2,-0.0181818181818,0.0702479338843,-0.363636363636,-0.2,-0.25,-0.268912750482,-0.030542951148,-0.0181818181818,-0.243332138505,-0.0773405703161,-0.0434343434343,-0.250469359339,-0.0345084801933,-0.0111111111111,0.0866354202056,0.0199894662943,0.329545454545,0.0702479338843,0.0866354202056,0.329545454545,-0.132380952381,-0.133333333333,-4,-0.0242424242424,-0.0344444444444,0,0,0,18,0,2,90,0.9,1,0,0.1,1,0.9,0.947368421053,0.938314863257,0.9,0.9,5,7,0,0,0,0
174,WLNM_dir_neg,0.877551020408,0.570929070929,00:00:10,10,10,20,1171943269,threshold_sweep,0.3,1,0.714285714286,0.833333333333,5,0,2,14,0.714285714286,1,0,0.285714285714,1,0.714285714286,0.833333333333,0.904761904762,0.587301587302,0.769230769231,0.790569415042,0.714285714286,20,13,7,0,20,0,13,0,7,11,20,0.181818181818,3.04338842975,3.63636363636,2,2.5,1.68954001271,0.464623503495,0.245454545455,1.16774841624,0.642261628933,0.336363636364,1.94000937205,1.06700515463,0.536363636364,1.05689877454,0.347276990411,3.54545454545,3.04338842975,1.05689877454,3.54545454545,0.499047619048,0.4,8,0.0484848484848,0.255555555556,11,11,11,1,0,0.0909090909091,0.636363636364,0.272727272727,11,0.118181818182,3.72727272727,2.36363636364,1.3,1.625,1.43336856898,0.6064251638,0.286713286713,0.603022689156,0.510249967747,0.237762237762,1.40129809949,1.18571377649,0.503496503497,2.05382127221,0.551025219373,7,3.72727272727,2.05382127221,7,0,0,0,0,0.22962962963,11,11,11,1,0,0.0909090909091,0.636363636364,0.272727272727,11,18,0.163636363636,3.11363636364,3.27272727273,1.8,2.25,1.42062726223,0.434080552347,0.227272727273,0.924416277737,0.564921058617,0.292929292929,1.68954001271,1.03249667443,0.525252525253,1.14353419474,0.367266456706,3.875,3.11363636364,1.14353419474,3.875,0.366666666667,0.266666666667,4,0.0242424242424,0.221111111111,11,11,11,1,0,0.0909090909091,0.636363636364,0.272727272727,-2,-0.0181818181818,0.0702479338843,-0.363636363636,-0.2,-0.25,-0.268912750482,-0.030542951148,-0.0181818181818,-0.243332138505,-0.0773405703161,-0.0434343434343,-0.250469359339,-0.0345084801933,-0.0111111111111,0.0866354202056,0.0199894662943,0.329545454545,0.0702479338843,0.0866354202056,0.329545454545,-0.132380952381,-0.133333333333,-4,-0.0242424242424,-0.0344444444444,0,0,0,18,0,2,90,0.9,1,0,0.1,1,0.9,0.947368421053,0.938314863257,0.9,0.9,5,7,0,0,0,0
175,WLNM_dir_neg,0.877551020408,0.570929070929,00:00:10,10,10,20,1171943269,threshold_sweep,0.4,1,0.714285714286,0.833333333333,5,0,2,14,0.714285714286,1,0,0.285714285714,1,0.714285714286,0.833333333333,0.904761904762,0.587301587302,0.769230769231,0.790569415042,0.714285714286,20,13,7,0,20,0,13,0,7,11,20,0.181818181818,3.04338842975,3.63636363636,2,2.5,1.68954001271,0.464623503495,0.245454545455,1.16774841624,0.642261628933,0.336363636364,1.94000937205,1.06700515463,0.536363636364,1.05689877454,0.347276990411,3.54545454545,3.04338842975,1.05689877454,3.54545454545,0.499047619048,0.4,8,0.0484848484848,0.255555555556,11,11,11,1,0,0.0909090909091,0.636363636364,0.272727272727,11,0.118181818182,3.72727272727,2.36363636364,1.3,1.625,1.43336856898,0.6064251638,0.286713286713,0.603022689156,0.510249967747,0.237762237762,1.40129809949,1.18571377649,0.503496503497,2.05382127221,0.551025219373,7,3.72727272727,2.05382127221,7,0,0,0,0,0.22962962963,11,11,11,1,0,0.0909090909091,0.636363636364,0.272727272727,11,18,0.163636363636,3.11363636364,3.27272727273,1.8,2.25,1.42062726223,0.434080552347,0.227272727273,0.924416277737,0.564921058617,0.292929292929,1.68954001271,1.03249667443,0.525252525253,1.14353419474,0.367266456706,3.875,3.11363636364,1.14353419474,3.875,0.366666666667,0.266666666667,4,0.0242424242424,0.221111111111,11,11,11,1,0,0.0909090909091,0.636363636364,0.272727272727,-2,-0.0181818181818,0.0702479338843,-0.363636363636,-0.2,-0.25,-0.268912750482,-0.030542951148,-0.0181818181818,-0.243332138505,-0.0773405703161,-0.0434343434343,-0.250469359339,-0.0345084801933,-0.0111111111111,0.0866354202056,0.0199894662943,0.329545454545,0.0702479338843,0.0866354202056,0.329545454545,-0.132380952381,-0.133333333333,-4,-0.0242424242424,-0.0344444444444,0,0,0,18,0,2,90,0.9,1,0,0.1,1,0.9,0.947368421053,0.938314863257,0.9,0.9,5,7,0,0,0,0
176,WLNM_dir_neg,0.877551020408,0.570929070929,00:00:10,10,10,20,1171943269,threshold_sweep,0.5,1,0.714285714286,0.833333333333,5,0,2,14,0.714285714286,1,0,0.285714285714,1,0.714285714286,0.833333333333,0.904761904762,0.587301587302,0.769230769231,0.790569415042,0.714285714286,20,13,7,0,20,0,13,0,7,11,20,0.181818181818,3.04338842975,3.63636363636,2,2.5,1.68954001271,0.464623503495,0.245454545455,1.16774841624,0.642261628933,0.336363636364,1.94000937205,1.06700515463,0.536363636364,1.05689877454,0.347276990411,3.54545454545,3.04338842975,1.05689877454,3.54545454545,0.499047619048,0.4,8,0.0484848484848,0.255555555556,11,11,11,1,0,0.0909090909091,0.636363636364,0.272727272727,11,0.118181818182,3.72727272727,2.36363636364,1.3,1.625,1.43336856898,0.6064251638,0.286713286713,0.603022689156,0.510249967747,0.237762237762,1.40129809949,1.18571377649,0.503496503497,2.05382127221,0.551025219373,7,3.72727272727,2.05382127221,7,0,0,0,0,0.22962962963,11,11,11,1,0,0.0909090909091,0.636363636364,0.272727272727,11,18,0.163636363636,3.11363636364,3.27272727273,1.8,2.25,1.42062726223,0.434080552347,0.227272727273,0.924416277737,0.564921058617,0.292929292929,1.68954001271,1.03249667443,0.525252525253,1.14353419474,0.367266456706,3.875,3.11363636364,1.14353419474,3.875,0.366666666667,0.266666666667,4,0.0242424242424,0.221111111111,11,11,11,1,0,0.0909090909091,0.636363636364,0.272727272727,-2,-0.0181818181818,0.0702479338843,-0.363636363636,-0.2,-0.25,-0.268912750482,-0.030542951148,-0.0181818181818,-0.243332138505,-0.0773405703161,-0.0434343434343,-0.250469359339,-0.0345084801933,-0.0111111111111,0.0866354202056,0.0199894662943,0.329545454545,0.0702479338843,0.0866354202056,0.329545454545,-0.132380952381,-0.133333333333,-4,-0.0242424242424,-0.0344444444444,0,0,0,18,0,2,90,0.9,1,0,0.1,1,0.9,0.947368421053,0.938314863257,0.9,0.9,5,7,0,0,0,0
177,WLNM_dir_neg,0.877551020408,0.570929070929,00:00:10,10,10,20,1171943269,threshold_sweep,0.6,1,0.714285714286,0.833333333333,5,0,2,14,0.714285714286,1,0,0.285714285714,1,0.714285714286,0.833333333333,0.904761904762,0.587301587302,0.769230769231,0.790569415042,0.714285714286,20,13,7,0,20,0,13,0,7,11,20,0.181818181818,3.04338842975,3.63636363636,2,2.5,1.68954001271,0.464623503495,0.245454545455,1.16774841624,0.642261628933,0.336363636364,1.94000937205,1.06700515463,0.536363636364,1.05689877454,0.347276990411,3.54545454545,3.04338842975,1.05689877454,3.54545454545,0.499047619048,0.4,8,0.0484848484848,0.255555555556,11,11,11,1,0,0.0909090909091,0.636363636364,0.272727272727,11,0.118181818182,3.72727272727,2.36363636364,1.3,1.625,1.43336856898,0.6064251638,0.286713286713,0.603022689156,0.510249967747,0.237762237762,1.40129809949,1.18571377649,0.503496503497,2.05382127221,0.551025219373,7,3.72727272727,2.05382127221,7,0,0,0,0,0.22962962963,11,11,11,1,0,0.0909090909091,0.636363636364,0.272727272727,11,18,0.163636363636,3.11363636364,3.27272727273,1.8,2.25,1.42062726223,0.434080552347,0.227272727273,0.924416277737,0.564921058617,0.292929292929,1.68954001271,1.03249667443,0.525252525253,1.14353419474,0.367266456706,3.875,3.11363636364,1.14353419474,3.875,0.366666666667,0.266666666667,4,0.0242424242424,0.221111111111,11,11,11,1,0,0.0909090909091,0.636363636364,0.272727272727,-2,-0.0181818181818,0.0702479338843,-0.363636363636,-0.2,-0.25,-0.268912750482,-0.030542951148,-0.0181818181818,-0.243332138505,-0.0773405703161,-0.0434343434343,-0.250469359339,-0.0345084801933,-0.0111111111111,0.0866354202056,0.0199894662943,0.329545454545,0.0702479338843,0.0866354202056,0.329545454545,-0.132380952381,-0.133333333333,-4,-0.0242424242424,-0.0344444444444,0,0,0,18,0,2,90,0.9,1,0,0.1,1,0.9,0.947368421053,0.938314863257,0.9,0.9,5,7,0,0,0,0
178,WLNM_dir_neg,0.877551020408,0.570929070929,00:00:10,10,10,20,1171943269,threshold_sweep,0.7,1,0.714285714286,0.833333333333,5,0,2,14,0.714285714286,1,0,0.285714285714,1,0.714285714286,0.833333333333,0.904761904762,0.587301587302,0.769230769231,0.790569415042,0.714285714286,20,13,7,0,20,0,13,0,7,11,20,0.181818181818,3.04338842975,3.63636363636,2,2.5,1.68954001271,0.464623503495,0.245454545455,1.16774841624,0.642261628933,0.336363636364,1.94000937205,1.06700515463,0.536363636364,1.05689877454,0.347276990411,3.54545454545,3.04338842975,1.05689877454,3.54545454545,0.499047619048,0.4,8,0.0484848484848,0.255555555556,11,11,11,1,0,0.0909090909091,0.636363636364,0.272727272727,11,0.118181818182,3.72727272727,2.36363636364,1.3,1.625,1.43336856898,0.6064251638,0.286713286713,0.603022689156,0.510249967747,0.237762237762,1.40129809949,1.18571377649,0.503496503497,2.05382127221,0.551025219373,7,3.72727272727,2.05382127221,7,0,0,0,0,0.22962962963,11,11,11,1,0,0.0909090909091,0.636363636364,0.272727272727,11,18,0.163636363636,3.11363636364,3.27272727273,1.8,2.25,1.42062726223,0.434080552347,0.227272727273,0.924416277737,0.564921058617,0.292929292929,1.68954001271,1.03249667443,0.525252525253,1.14353419474,0.367266456706,3.875,3.11363636364,1.14353419474,3.875,0.366666666667,0.266666666667,4,0.0242424242424,0.221111111111,11,11,11,1,0,0.0909090909091,0.636363636364,0.272727272727,-2,-0.0181818181818,0.0702479338843,-0.363636363636,-0.2,-0.25,-0.268912750482,-0.030542951148,-0.0181818181818,-0.243332138505,-0.0773405703161,-0.0434343434343,-0.250469359339,-0.0345084801933,-0.0111111111111,0.0866354202056,0.0199894662943,0.329545454545,0.0702479338843,0.0866354202056,0.329545454545,-0.132380952381,-0.133333333333,-4,-0.0242424242424,-0.0344444444444,0,0,0,18,0,2,90,0.9,1,0,0.1,1,0.9,0.947368421053,0.938314863257,0.9,0.9,5,7,0,0,0,0
179,WLNM_dir_neg,0.877551020408,0.570929070929,00:00:10,10,10,20,1171943269,threshold_sweep,0.8,1,0.714285714286,0.833333333333,5,0,2,14,0.714285714286,1,0,0.285714285714,1,0.714285714286,0.833333333333,0.904761904762,0.587301587302,0.769230769231,0.790569415042,0.714285714286,20,13,7,0,20,0,13,0,7,11,20,0.181818181818,3.04338842975,3.63636363636,2,2.5,1.68954001271,0.464623503495,0.245454545455,1.16774841624,0.642261628933,0.336363636364,1.94000937205,1.06700515463,0.536363636364,1.05689877454,0.347276990411,3.54545454545,3.04338842975,1.05689877454,3.54545454545,0.499047619048,0.4,8,0.0484848484848,0.255555555556,11,11,11,1,0,0.0909090909091,0.636363636364,0.272727272727,11,0.118181818182,3.72727272727,2.36363636364,1.3,1.625,1.43336856898,0.6064251638,0.286713286713,0.603022689156,0.510249967747,0.237762237762,1.40129809949,1.18571377649,0.503496503497,2.05382127221,0.551025219373,7,3.72727272727,2.05382127221,7,0,0,0,0,0.22962962963,11,11,11,1,0,0.0909090909091,0.636363636364,0.272727272727,11,18,0.163636363636,3.11363636364,3.27272727273,1.8,2.25,1.42062726223,0.434080552347,0.227272727273,0.924416277737,0.564921058617,0.292929292929,1.68954001271,1.03249667443,0.525252525253,1.14353419474,0.367266456706,3.875,3.11363636364,1.14353419474,3.875,0.366666666667,0.266666666667,4,0.0242424242424,0.221111111111,11,11,11,1,0,0.0909090909091,0.636363636364,0.272727272727,-2,-0.0181818181818,0.0702479338843,-0.363636363636,-0.2,-0.25,-0.268912750482,-0.030542951148,-0.0181818181818,-0.243332138505,-0.0773405703161,-0.0434343434343,-0.250469359339,-0.0345084801933,-0.0111111111111,0.0866354202056,0.0199894662943,0.329545454545,0.0702479338843,0.0866354202056,0.329545454545,-0.132380952381,-0.133333333333,-4,-0.0242424242424,-0.0344444444444,0,0,0,18,0,2,90,0.9,1,0,0.1,1,0.9,0.947368421053,0.938314863257,0.9,0.9,5,7,0,0,0,0
180,WLNM_dir_neg,0.877551020408,0.570929070929,00:00:10,10,10,20,1171943269,threshold_sweep,0.9,1,0.571428571429,0.727272727273,4,0,3,14,0.571428571429,1,0,0.428571428571,1,0.571428571429,0.727272727273,0.857142857143,0.603174603175,0.64,0.68599434057,0.571428571429,20,13,7,0,20,0,13,0,7,11,20,0.181818181818,3.04338842975,3.63636363636,2,2.5,1.68954001271,0.464623503495,0.245454545455,1.16774841624,0.642261628933,0.336363636364,1.94000937205,1.06700515463,0.536363636364,1.05689877454,0.347276990411,3.54545454545,3.04338842975,1.05689877454,3.54545454545,0.499047619048,0.4,8,0.0484848484848,0.255555555556,11,11,11,1,0,0.0909090909091,0.636363636364,0.272727272727,11,0.118181818182,3.72727272727,2.36363636364,1.3,1.625,1.43336856898,0.6064251638,0.286713286713,0.603022689156,0.510249967747,0.237762237762,1.40129809949,1.18571377649,0.503496503497,2.05382127221,0.551025219373,7,3.72727272727,2.05382127221,7,0,0,0,0,0.22962962963,11,11,11,1,0,0.0909090909091,0.636363636364,0.272727272727,11,17,0.154545454545,3.15909090909,3.09090909091,1.7,2.125,1.30034960334,0.420701342257,0.208556149733,0.820199532265,0.530717344407,0.267379679144,1.57249078621,1.01749403814,0.513368983957,1.21589847064,0.38488872452,4,3.15909090909,1.21589847064,4,0.296666666667,0.230769230769,3,0.0181818181818,0.203703703704,11,11,11,1,0,0.0909090909091,0.636363636364,0.272727272727,-3,-0.0272727272727,0.115702479339,-0.545454545455,-0.3,-0.375,-0.389190409368,-0.0439221612377,-0.0368983957219,-0.347548883978,-0.111544284527,-0.0689839572193,-0.367518585835,-0.0495111164884,-0.0229946524064,0.158999696105,0.0376117341084,0.454545454545,0.115702479339,0.158999696105,0.454545454545,-0.202380952381,-0.169230769231,-5,-0.030303030303,-0.0518518518519,0,0,0,17,0,3,90,0.85,1,0,0.15,1,0.85,0.918918918919,0.906962317388,0.85,0.85,4,7,0,0,0,0
181,WLNM_dir_neg,0.989795918367,0.695153061224,00:00:10,10,10,21,1171943270,threshold_sweep,0.1,1,0.714285714286,0.833333333333,5,0,2,14,0.714285714286,1,0,0.285714285714,1,0.714285714286,0.833333333333,0.904761904762,0.587301587302,0.769230769231,0.790569415042,0.714285714286,20,13,7,0,20,0,13,0,7,11,20,0.181818181818,3.04338842975,3.63636363636,2,2.5,1.68954001271,0.464623503495,0.245454545455,1.16774841624,0.642261628933,0.336363636364,1.94000937205,1.06700515463,0.536363636364,1.05689877454,0.347276990411,3.54545454545,3.04338842975,1.05689877454,3.54545454545,0.499047619048,0.4,8,0.0484848484848,0.255555555556,11,11,11,1,0,0.0909090909091,0.636363636364,0.272727272727,11,0.118181818182,3.72727272727,2.36363636364,1.3,1.625,1.43336856898,0.6064251638,0.286713286713,0.603022689156,0.510249967747,0.237762237762,1.40129809949,1.18571377649,0.503496503497,2.05382127221,0.551025219373,7,3.72727272727,2.05382127221,7,0,0,0,0,0.22962962963,11,11,11,1,0,0.0909090909091,0.636363636364,0.272727272727,11,18,0.163636363636,3.11363636364,3.27272727273,1.8,2.25,1.42062726223,0.434080552347,0.227272727273,0.924416277737,0.564921058617,0.292929292929,1.68954001271,1.03249667443,0.525252525253,1.14353419474,0.367266456706,3.875,3.11363636364,1.14353419474,3.875,0.366666666667,0.266666666667,4,0.0242424242424,0.221111111111,11,11,11,1,0,0.0909090909091,0.636363636364,0.272727272727,-2,-0.0181818181818,0.0702479338843,-0.363636363636,-0.2,-0.25,-0.268912750482,-0.030542951148,-0.0181818181818,-0.243332138505,-0.0773405703161,-0.0434343434343,-0.250469359339,-0.0345084801933,-0.0111111111111,0.0866354202056,0.0199894662943,0.329545454545,0.0702479338843,0.0866354202056,0.329545454545,-0.132380952381,-0.133333333333,-4,-0.0242424242424,-0.0344444444444,0,0,0,18,0,2,90,0.9,1,0,0.1,1,0.9,0.947368421053,0.938314863257,0.9,0.9,5,7,0,0,0,0
182,WLNM_dir_neg,0.989795918367,0.695153061224,00:00:10,10,10,21,1171943270,threshold_sweep,0.2,1,0.571428571429,0.727272727273,4,0,3,14,0.571428571429,1,0,0.428571428571,1,0.571428571429,0.727272727273,0.857142857143,0.603174603175,0.64,0.68599434057,0.571428571429,20,13,7,0,20,0,13,0,7,11,20,0.181818181818,3.04338842975,3.63636363636,2,2.5,1.68954001271,0.464623503495,0.245454545455,1.16774841624,0.642261628933,0.336363636364,1.94000937205,1.06700515463,0.536363636364,1.05689877454,0.347276990411,3.54545454545,3.04338842975,1.05689877454,3.54545454545,0.499047619048,0.4,8,0.0484848484848,0.255555555556,11,11,11,1,0,0.0909090909091,0.636363636364,0.272727272727,11,0.118181818182,3.72727272727,2.36363636364,1.3,1.625,1.43336856898,0.6064251638,0.286713286713,0.603022689156,0.510249967747,0.237762237762,1.40129809949,1.18571377649,0.503496503497,2.05382127221,0.551025219373,7,3.72727272727,2.05382127221,7,0,0,0,0,0.22962962963,11,11,11,1,0,0.0909090909091,0.636363636364,0.272727272727,11,17,0.154545454545,3.15909090909,3.09090909091,1.7,2.125,1.30034960334,0.420701342257,0.208556149733,0.820199532265,0.530717344407,0.267379679144,1.57249078621,1.01749403814,0.513368983957,1.21589847064,0.38488872452,4,3.15909090909,1.21589847064,4,0.296666666667,0.230769230769,3,0.0181818181818,0.203703703704,11,11,11,1,0,0.0909090909091,0.636363636364,0.272727272727,-3,-0.0272727272727,0.115702479339,-0.545454545455,-0.3,-0.375,-0.389190409368,-0.0439221612377,-0.0368983957219,-0.347548883978,-0.111544284527,-0.0689839572193,-0.367518585835,-0.0495111164884,-0.0229946524064,0.158999696105,0.0376117341084,0.454545454545,0.115702479339,0.158999696105,0.454545454545,-0.202380952381,-0.169230769231,-5,-0.030303030303,-0.0518518518519,0,0,0,17,0,3,90,0.85,1,0,0.15,1,0.85,0.918918918919,0.906962317388,0.85,0.85,4,7,0,0,0,0
183,WLNM_dir_neg,0.989795918367,0.695153061224,00:00:10,10,10,21,1171943270,threshold_sweep,0.3,1,0.571428571429,0.727272727273,4,0,3,14,0.571428571429,1,0,0.428571428571,1,0.571428571429,0.727272727273,0.857142857143,0.603174603175,0.64,0.68599434057,0.571428571429,20,13,7,0,20,0,13,0,7,11,20,0.181818181818,3.04338842975,3.63636363636,2,2.5,1.68954001271,0.464623503495,0.245454545455,1.16774841624,0.642261628933,0.336363636364,1.94000937205,1.06700515463,0.536363636364,1.05689877454,0.347276990411,3.54545454545,3.04338842975,1.05689877454,3.54545454545,0.499047619048,0.4,8,0.0484848484848,0.255555555556,11,11,11,1,0,0.0909090909091,0.636363636364,0.272727272727,11,0.118181818182,3.72727272727,2.36363636364,1.3,1.625,1.43336856898,0.6064251638,0.286713286713,0.603022689156,0.510249967747,0.237762237762,1.40129809949,1.18571377649,0.503496503497,2.05382127221,0.551025219373,7,3.72727272727,2.05382127221,7,0,0,0,0,0.22962962963,11,11,11,1,0,0.0909090909091,0.636363636364,0.272727272727,11,17,0.154545454545,3.15909090909,3.09090909091,1.7,2.125,1.30034960334,0.420701342257,0.208556149733,0.820199532265,0.530717344407,0.267379679144,1.57249078621,1.01749403814,0.513368983957,1.21589847064,0.38488872452,4,3.15909090909,1.21589847064,4,0.296666666667,0.230769230769,3,0.0181818181818,0.203703703704,11,11,11,1,0,0.0909090909091,0.636363636364,0.272727272727,-3,-0.0272727272727,0.115702479339,-0.545454545455,-0.3,-0.375,-0.389190409368,-0.0439221612377,-0.0368983957219,-0.347548883978,-0.111544284527,-0.0689839572193,-0.367518585835,-0.0495111164884,-0.0229946524064,0.158999696105,0.0376117341084,0.454545454545,0.115702479339,0.158999696105,0.454545454545,-0.202380952381,-0.169230769231,-5,-0.030303030303,-0.0518518518519,0,0,0,17,0,3,90,0.85,1,0,0.15,1,0.85,0.918918918919,0.906962317388,0.85,0.85,4,7,0,0,0,0
184,WLNM_dir_neg,0.989795918367,0.695153061224,00:00:10,10,10,21,1171943270,threshold_sweep,0.4,1,0.571428571429,0.727272727273,4,0,3,14,0.571428571429,1,0,0.428571428571,1,0.571428571429,0.727272727273,0.857142857143,0.603174603175,0.64,0.68599434057,0.571428571429,20,13,7,0,20,0,13,0,7,11,20,0.181818181818,3.04338842975,3.63636363636,2,2.5,1.68954001271,0.464623503495,0.245454545455,1.16774841624,0.642261628933,0.336363636364,1.94000937205,1.06700515463,0.536363636364,1.05689877454,0.347276990411,3.54545454545,3.04338842975,1.05689877454,3.54545454545,0.499047619048,0.4,8,0.0484848484848,0.255555555556,11,11,11,1,0,0.0909090909091,0.636363636364,0.272727272727,11,0.118181818182,3.72727272727,2.36363636364,1.3,1.625,1.43336856898,0.6064251638,0.286713286713,0.603022689156,0.510249967747,0.237762237762,1.40129809949,1.18571377649,0.503496503497,2.05382127221,0.551025219373,7,3.72727272727,2.05382127221,7,0,0,0,0,0.22962962963,11,11,11,1,0,0.0909090909091,0.636363636364,0.272727272727,11,17,0.154545454545,3.15909090909,3.09090909091,1.7,2.125,1.30034960334,0.420701342257,0.208556149733,0.820199532265,0.530717344407,0.267379679144,1.57249078621,1.01749403814,0.513368983957,1.21589847064,0.38488872452,4,3.15909090909,1.21589847064,4,0.296666666667,0.230769230769,3,0.0181818181818,0.203703703704,11,11,11,1,0,0.0909090909091,0.636363636364,0.272727272727,-3,-0.0272727272727,0.115702479339,-0.545454545455,-0.3,-0.375,-0.389190409368,-0.0439221612377,-0.0368983957219,-0.347548883978,-0.111544284527,-0.0689839572193,-0.367518585835,-0.0495111164884,-0.0229946524064,0.158999696105,0.0376117341084,0.454545454545,0.115702479339,0.158999696105,0.454545454545,-0.202380952381,-0.169230769231,-5,-0.030303030303,-0.0518518518519,0,0,0,17,0,3,90,0.85,1,0,0.15,1,0.85,0.918918918919,0.906962317388,0.85,0.85,4,7,0,0,0,0
185,WLNM_dir_neg,0.989795918367,0.695153061224,00:00:10,10,10,21,1171943270,threshold_sweep,0.5,1,0.571428571429,0.727272727273,4,0,3,14,0.571428571429,1,0,0.428571428571,1,0.571428571429,0.727272727273,0.857142857143,0.603174603175,0.64,0.68599434057,0.571428571429,20,13,7,0,20,0,13,0,7,11,20,0.181818181818,3.04338842975,3.63636363636,2,2.5,1.68954001271,0.464623503495,0.245454545455,1.16774841624,0.642261628933,0.336363636364,1.94000937205,1.06700515463,0.536363636364,1.05689877454,0.347276990411,3.54545454545,3.04338842975,1.05689877454,3.54545454545,0.499047619048,0.4,8,0.0484848484848,0.255555555556,11,11,11,1,0,0.0909090909091,0.636363636364,0.272727272727,11,0.118181818182,3.72727272727,2.36363636364,1.3,1.625,1.43336856898,0.6064251638,0.286713286713,0.603022689156,0.510249967747,0.237762237762,1.40129809949,1.18571377649,0.503496503497,2.05382127221,0.551025219373,7,3.72727272727,2.05382127221,7,0,0,0,0,0.22962962963,11,11,11,1,0,0.0909090909091,0.636363636364,0.272727272727,11,17,0.154545454545,3.15909090909,3.09090909091,1.7,2.125,1.30034960334,0.420701342257,0.208556149733,0.820199532265,0.530717344407,0.267379679144,1.57249078621,1.01749403814,0.513368983957,1.21589847064,0.38488872452,4,3.15909090909,1.21589847064,4,0.296666666667,0.230769230769,3,0.0181818181818,0.203703703704,11,11,11,1,0,0.0909090909091,0.636363636364,0.272727272727,-3,-0.0272727272727,0.115702479339,-0.545454545455,-0.3,-0.375,-0.389190409368,-0.0439221612377,-0.0368983957219,-0.347548883978,-0.111544284527,-0.0689839572193,-0.367518585835,-0.0495111164884,-0.0229946524064,0.158999696105,0.0376117341084,0.454545454545,0.115702479339,0.158999696105,0.454545454545,-0.202380952381,-0.169230769231,-5,-0.030303030303,-0.0518518518519,0,0,0,17,0,3,90,0.85,1,0,0.15,1,0.85,0.918918918919,0.906962317388,0.85,0.85,4,7,0,0,0,0
186,WLNM_dir_neg,0.989795918367,0.695153061224,00:00:10,10,10,21,1171943270,threshold_sweep,0.6,1,0.571428571429,0.727272727273,4,0,3,14,0.571428571429,1,0,0.428571428571,1,0.571428571429,0.727272727273,0.857142857143,0.603174603175,0.64,0.68599434057,0.571428571429,20,13,7,0,20,0,13,0,7,11,20,0.181818181818,3.04338842975,3.63636363636,2,2.5,1.68954001271,0.464623503495,0.245454545455,1.16774841624,0.642261628933,0.336363636364,1.94000937205,1.06700515463,0.536363636364,1.05689877454,0.347276990411,3.54545454545,3.04338842975,1.05689877454,3.54545454545,0.499047619048,0.4,8,0.0484848484848,0.255555555556,11,11,11,1,0,0.0909090909091,0.636363636364,0.272727272727,11,0.118181818182,3.72727272727,2.36363636364,1.3,1.625,1.43336856898,0.6064251638,0.286713286713,0.603022689156,0.510249967747,0.237762237762,1.40129809949,1.18571377649,0.503496503497,2.05382127221,0.551025219373,7,3.72727272727,2.05382127221,7,0,0,0,0,0.22962962963,11,11,11,1,0,0.0909090909091,0.636363636364,0.272727272727,11,17,0.154545454545,3.15909090909,3.09090909091,1.7,2.125,1.30034960334,0.420701342257,0.208556149733,0.820199532265,0.530717344407,0.267379679144,1.57249078621,1.01749403814,0.513368983957,1.21589847064,0.38488872452,4,3.15909090909,1.21589847064,4,0.296666666667,0.230769230769,3,0.0181818181818,0.203703703704,11,11,11,1,0,0.0909090909091,0.636363636364,0.272727272727,-3,-0.0272727272727,0.115702479339,-0.545454545455,-0.3,-0.375,-0.389190409368,-0.0439221612377,-0.0368983957219,-0.347548883978,-0.111544284527,-0.0689839572193,-0.367518585835,-0.0495111164884,-0.0229946524064,0.158999696105,0.0376117341084,0.454545454545,0.115702479339,0.158999696105,0.454545454545,-0.202380952381,-0.169230769231,-5,-0.030303030303,-0.0518518518519,0,0,0,17,0,3,90,0.85,1,0,0.15,1,0.85,0.918918918919,0.906962317388,0.85,0.85,4,7,0,0,0,0
187,WLNM_dir_neg,0.989795918367,0.695153061224,00:00:10,10,10,21,1171943270,threshold_sweep,0.7,1,0.571428571429,0.727272727273,4,0,3,14,0.571428571429,1,0,0.428571428571,1,0.571428571429,0.727272727273,0.857142857143,0.603174603175,0.64,0.68599434057,0.571428571429,20,13,7,0,20,0,13,0,7,11,20,0.181818181818,3.04338842975,3.63636363636,2,2.5,1.68954001271,0.464623503495,0.245454545455,1.16774841624,0.642261628933,0.336363636364,1.94000937205,1.06700515463,0.536363636364,1.05689877454,0.347276990411,3.54545454545,3.04338842975,1.05689877454,3.54545454545,0.499047619048,0.4,8,0.0484848484848,0.255555555556,11,11,11,1,0,0.0909090909091,0.636363636364,0.272727272727,11,0.118181818182,3.72727272727,2.36363636364,1.3,1.625,1.43336856898,0.6064251638,0.286713286713,0.603022689156,0.510249967747,0.237762237762,1.40129809949,1.18571377649,0.503496503497,2.05382127221,0.551025219373,7,3.72727272727,2.05382127221,7,0,0,0,0,0.22962962963,11,11,11,1,0,0.0909090909091,0.636363636364,0.272727272727,11,17,0.154545454545,3.15909090909,3.09090909091,1.7,2.125,1.30034960334,0.420701342257,0.208556149733,0.820199532265,0.530717344407,0.267379679144,1.57249078621,1.01749403814,0.513368983957,1.21589847064,0.38488872452,4,3.15909090909,1.21589847064,4,0.296666666667,0.230769230769,3,0.0181818181818,0.203703703704,11,11,11,1,0,0.0909090909091,0.636363636364,0.272727272727,-3,-0.0272727272727,0.115702479339,-0.545454545455,-0.3,-0.375,-0.389190409368,-0.0439221612377,-0.0368983957219,-0.347548883978,-0.111544284527,-0.0689839572193,-0.367518585835,-0.0495111164884,-0.0229946524064,0.158999696105,0.0376117341084,0.454545454545,0.115702479339,0.158999696105,0.454545454545,-0.202380952381,-0.169230769231,-5,-0.030303030303,-0.0518518518519,0,0,0,17,0,3,90,0.85,1,0,0.15,1,0.85,0.918918918919,0.906962317388,0.85,0.85,4,7,0,0,0,0
188,WLNM_dir_neg,0.989795918367,0.695153061224,00:00:10,10,10,21,1171943270,threshold_sweep,0.8,1,0.571428571429,0.727272727273,4,0,3,14,0.571428571429,1,0,0.428571428571,1,0.571428571429,0.727272727273,0.857142857143,0.603174603175,0.64,0.68599434057,0.571428571429,20,13,7,0,20,0,13,0,7,11,20,0.181818181818,3.04338842975,3.63636363636,2,2.5,1.68954001271,0.464623503495,0.245454545455,1.16774841624,0.642261628933,0.336363636364,1.94000937205,1.06700515463,0.536363636364,1.05689877454,0.347276990411,3.54545454545,3.04338842975,1.05689877454,3.54545454545,0.499047619048,0.4,8,0.0484848484848,0.255555555556,11,11,11,1,0,0.0909090909091,0.636363636364,0.272727272727,11,0.118181818182,3.72727272727,2.36363636364,1.3,1.625,1.43336856898,0.6064251638,0.286713286713,0.603022689156,0.510249967747,0.237762237762,1.40129809949,1.18571377649,0.503496503497,2.05382127221,0.551025219373,7,3.72727272727,2.05382127221,7,0,0,0,0,0.22962962963,11,11,11,1,0,0.0909090909091,0.636363636364,0.272727272727,11,17,0.154545454545,3.15909090909,3.09090909091,1.7,2.125,1.30034960334,0.420701342257,0.208556149733,0.820199532265,0.530717344407,0.267379679144,1.57249078621,1.01749403814,0.513368983957,1.21589847064,0.38488872452,4,3.15909090909,1.21589847064,4,0.296666666667,0.230769230769,3,0.0181818181818,0.203703703704,11,11,11,1,0,0.0909090909091,0.636363636364,0.272727272727,-3,-0.0272727272727,0.115702479339,-0.545454545455,-0.3,-0.375,-0.389190409368,-0.0439221612377,-0.0368983957219,-0.347548883978,-0.111544284527,-0.0689839572193,-0.367518585835,-0.0495111164884,-0.0229946524064,0.158999696105,0.0376117341084,0.454545454545,0.115702479339,0.158999696105,0.454545454545,-0.202380952381,-0.169230769231,-5,-0.030303030303,-0.0518518518519,0,0,0,17,0,3,90,0.85,1,0,0.15,1,0.85,0.918918918919,0.906962317388,0.85,0.85,4,7,0,0,0,0
189,WLNM_dir_neg,0.989795918367,0.695153061224,00:00:10,10,10,21,1171943270,threshold_sweep,0.9,1,0.571428571429,0.727272727273,4,0,3,14,0.571428571429,1,0,0.428571428571,1,0.571428571429,0.727272727273,0.857142857143,0.603174603175,0.64,0.68599434057,0.571428571429,20,13,7,0,20,0,13,0,7,11,20,0.181818181818,3.04338842975,3.63636363636,2,2.5,1.68954001271,0.464623503495,0.245454545455,1.16774841624,0.642261628933,0.336363636364,1.94000937205,1.06700515463,0.536363636364,1.05689877454,0.347276990411,3.54545454545,3.04338842975,1.05689877454,3.54545454545,0.499047619048,0.4,8,0.0484848484848,0.255555555556,11,11,11,1,0,0.0909090909091,0.636363636364,0.272727272727,11,0.118181818182,3.72727272727,2.36363636364,1.3,1.625,1.43336856898,0.6064251638,0.286713286713,0.603022689156,0.510249967747,0.237762237762,1.40129809949,1.18571377649,0.503496503497,2.05382127221,0.551025219373,7,3.72727272727,2.05382127221,7,0,0,0,0,0.22962962963,11,11,11,1,0,0.0909090909091,0.636363636364,0.272727272727,11,17,0.154545454545,3.15909090909,3.09090909091,1.7,2.125,1.30034960334,0.420701342257,0.208556149733,0.820199532265,0.530717344407,0.267379679144,1.57249078621,1.01749403814,0.513368983957,1.21589847064,0.38488872452,4,3.15909090909,1.21589847064,4,0.296666666667,0.230769230769,3,0.0181818181818,0.203703703704,11,11,11,1,0,0.0909090909091,0.636363636364,0.272727272727,-3,-0.0272727272727,0.115702479339,-0.545454545455,-0.3,-0.375,-0.389190409368,-0.0439221612377,-0.0368983957219,-0.347548883978,-0.111544284527,-0.0689839572193,-0.367518585835,-0.0495111164884,-0.0229946524064,0.158999696105,0.0376117341084,0.454545454545,0.115702479339,0.158999696105,0.454545454545,-0.202380952381,-0.169230769231,-5,-0.030303030303,-0.0518518518519,0,0,0,17,0,3,90,0.85,1,0,0.15,1,0.85,0.918918918919,0.906962317388,0.85,0.85,4,7,0,0,0,0
190,WLNM_dir_neg,0.887755102041,0.577422577423,00:00:10,10,10,22,1171943271,threshold_sweep,0.1,1,0.714285714286,0.833333333333,5,0,2,14,0.714285714286,1,0,0.285714285714,1,0.714285714286,0.833333333333,0.904761904762,0.587301587302,0.769230769231,0.790569415042,0.714285714286,20,13,7,0,20,0,13,0,7,11,20,0.181818181818,3.04338842975,3.63636363636,2,2.5,1.68954001271,0.464623503495,0.245454545455,1.16774841624,0.642261628933,0.336363636364,1.94000937205,1.06700515463,0.536363636364,1.05689877454,0.347276990411,3.54545454545,3.04338842975,1.05689877454,3.54545454545,0.499047619048,0.4,8,0.0484848484848,0.255555555556,11,11,11,1,0,0.0909090909091,0.636363636364,0.272727272727,11,0.118181818182,3.72727272727,2.36363636364,1.3,1.625,1.43336856898,0.6064251638,0.286713286713,0.603022689156,0.510249967747,0.237762237762,1.40129809949,1.18571377649,0.503496503497,2.05382127221,0.551025219373,7,3.72727272727,2.05382127221,7,0,0,0,0,0.22962962963,11,11,11,1,0,0.0909090909091,0.636363636364,0.272727272727,11,18,0.163636363636,3.11363636364,3.27272727273,1.8,2.25,1.42062726223,0.434080552347,0.227272727273,0.924416277737,0.564921058617,0.292929292929,1.68954001271,1.03249667443,0.525252525253,1.14353419474,0.367266456706,3.875,3.11363636364,1.14353419474,3.875,0.366666666667,0.266666666667,4,0.0242424242424,0.221111111111,11,11,11,1,0,0.0909090909091,0.636363636364,0.272727272727,-2,-0.0181818181818,0.0702479338843,-0.363636363636,-0.2,-0.25,-0.268912750482,-0.030542951148,-0.0181818181818,-0.243332138505,-0.0773405703161,-0.0434343434343,-0.250469359339,-0.0345084801933,-0.0111111111111,0.0866354202056,0.0199894662943,0.329545454545,0.0702479338843,0.0866354202056,0.329545454545,-0.132380952381,-0.133333333333,-4,-0.0242424242424,-0.0344444444444,0,0,0,18,0,2,90,0.9,1,0,0.1,1,0.9,0.947368421053,0.938314863257,0.9,0.9,5,7,0,0,0,0
191,WLNM_dir_neg,0.887755102041,0.577422577423,00:00:10,10,10,22,1171943271,threshold_sweep,0.2,1,0.714285714286,0.833333333333,5,0,2,14,0.714285714286,1,0,0.285714285714,1,0.714285714286,0.833333333333,0.904761904762,0.587301587302,0.769230769231,0.790569415042,0.714285714286,20,13,7,0,20,0,13,0,7,11,20,0.181818181818,3.04338842975,3.63636363636,2,2.5,1.68954001271,0.464623503495,0.245454545455,1.16774841624,0.642261628933,0.336363636364,1.94000937205,1.06700515463,0.536363636364,1.05689877454,0.347276990411,3.54545454545,3.04338842975,1.05689877454,3.54545454545,0.499047619048,0.4,8,0.0484848484848,0.255555555556,11,11,11,1,0,0.0909090909091,0.636363636364,0.272727272727,11,0.118181818182,3.72727272727,2.36363636364,1.3,1.625,1.43336856898,0.6064251638,0.286713286713,0.603022689156,0.510249967747,0.237762237762,1.40129809949,1.18571377649,0.503496503497,2.05382127221,0.551025219373,7,3.72727272727,2.05382127221,7,0,0,0,0,0.22962962963,11,11,11,1,0,0.0909090909091,0.636363636364,0.272727272727,11,18,0.163636363636,3.11363636364,3.27272727273,1.8,2.25,1.42062726223,0.434080552347,0.227272727273,0.924416277737,0.564921058617,0.292929292929,1.68954001271,1.03249667443,0.525252525253,1.14353419474,0.367266456706,3.875,3.11363636364,1.14353419474,3.875,0.366666666667,0.266666666667,4,0.0242424242424,0.221111111111,11,11,11,1,0,0.0909090909091,0.636363636364,0.272727272727,-2,-0.0181818181818,0.0702479338843,-0.363636363636,-0.2,-0.25,-0.268912750482,-0.030542951148,-0.0181818181818,-0.243332138505,-0.0773405703161,-0.0434343434343,-0.250469359339,-0.0345084801933,-0.0111111111111,0.0866354202056,0.0199894662943,0.329545454545,0.0702479338843,0.0866354202056,0.329545454545,-0.132380952381,-0.133333333333,-4,-0.0242424242424,-0.0344444444444,0,0,0,18,0,2,90,0.9,1,0,0.1,1,0.9,0.947368421053,0.938314863257,0.9,0.9,5,7,0,0,0,0
192,WLNM_dir_neg,0.887755102041,0.577422577423,00:00:10,10,10,22,1171943271,threshold_sweep,0.3,1,0.571428571429,0.727272727273,4,0,3,14,0.571428571429,1,0,0.428571428571,1,0.571428571429,0.727272727273,0.857142857143,0.603174603175,0.64,0.68599434057,0.571428571429,20,13,7,0,20,0,13,0,7,11,20,0.181818181818,3.04338842975,3.63636363636,2,2.5,1.68954001271,0.464623503495,0.245454545455,1.16774841624,0.642261628933,0.336363636364,1.94000937205,1.06700515463,0.536363636364,1.05689877454,0.347276990411,3.54545454545,3.04338842975,1.05689877454,3.54545454545,0.499047619048,0.4,8,0.0484848484848,0.255555555556,11,11,11,1,0,0.0909090909091,0.636363636364,0.272727272727,11,0.118181818182,3.72727272727,2.36363636364,1.3,1.625,1.43336856898,0.6064251638,0.286713286713,0.603022689156,0.510249967747,0.237762237762,1.40129809949,1.18571377649,0.503496503497,2.05382127221,0.551025219373,7,3.72727272727,2.05382127221,7,0,0,0,0,0.22962962963,11,11,11,1,0,0.0909090909091,0.636363636364,0.272727272727,11,17,0.154545454545,3.15909090909,3.09090909091,1.7,2.125,1.30034960334,0.420701342257,0.208556149733,0.820199532265,0.530717344407,0.267379679144,1.57249078621,1.01749403814,0.513368983957,1.21589847064,0.38488872452,4,3.15909090909,1.21589847064,4,0.296666666667,0.230769230769,3,0.0181818181818,0.203703703704,11,11,11,1,0,0.0909090909091,0.636363636364,0.272727272727,-3,-0.0272727272727,0.115702479339,-0.545454545455,-0.3,-0.375,-0.389190409368,-0.0439221612377,-0.0368983957219,-0.347548883978,-0.111544284527,-0.0689839572193,-0.367518585835,-0.0495111164884,-0.0229946524064,0.158999696105,0.0376117341084,0.454545454545,0.115702479339,0.158999696105,0.454545454545,-0.202380952381,-0.169230769231,-5,-0.030303030303,-0.0518518518519,0,0,0,17,0,3,90,0.85,1,0,0.15,1,0.85,0.918918918919,0.906962317388,0.85,0.85,4,7,0,0,0,0
193,WLNM_dir_neg,0.887755102041,0.577422577423,00:00:10,10,10,22,1171943271,threshold_sweep,0.4,1,0.571428571429,0.727272727273,4,0,3,14,0.571428571429,1,0,0.428571428571,1,0.571428571429,0.727272727273,0.857142857143,0.603174603175,0.64,0.68599434057,0.571428571429,20,13,7,0,20,0,13,0,7,11,20,0.181818181818,3.04338842975,3.63636363636,2,2.5,1.68954001271,0.464623503495,0.245454545455,1.16774841624,0.642261628933,0.336363636364,1.94000937205,1.06700515463,0.536363636364,1.05689877454,0.347276990411,3.54545454545,3.04338842975,1.05689877454,3.54545454545,0.499047619048,0.4,8,0.0484848484848,0.255555555556,11,11,11,1,0,0.0909090909091,0.636363636364,0.272727272727,11,0.118181818182,3.72727272727,2.36363636364,1.3,1.625,1.43336856898,0.6064251638,0.286713286713,0.603022689156,0.510249967747,0.237762237762,1.40129809949,1.18571377649,0.503496503497,2.05382127221,0.551025219373,7,3.72727272727,2.05382127221,7,0,0,0,0,0.22962962963,11,11,11,1,0,0.0909090909091,0.636363636364,0.272727272727,11,17,0.154545454545,3.15909090909,3.09090909091,1.7,2.125,1.30034960334,0.420701342257,0.208556149733,0.820199532265,0.530717344407,0.267379679144,1.57249078621,1.01749403814,0.513368983957,1.21589847064,0.38488872452,4,3.15909090909,1.21589847064,4,0.296666666667,0.230769230769,3,0.0181818181818,0.203703703704,11,11,11,1,0,0.0909090909091,0.636363636364,0.272727272727,-3,-0.0272727272727,0.115702479339,-0.545454545455,-0.3,-0.375,-0.389190409368,-0.0439221612377,-0.0368983957219,-0.347548883978,-0.111544284527,-0.0689839572193,-0.367518585835,-0.0495111164884,-0.0229946524064,0.158999696105,0.0376117341084,0.454545454545,0.115702479339,0.158999696105,0.454545454545,-0.202380952381,-0.169230769231,-5,-0.030303030303,-0.0518518518519,0,0,0,17,0,3,90,0.85,1,0,0.15,1,0.85,0.918918918919,0.906962317388,0.85,0.85,4,7,0,0,0,0
194,WLNM_dir_neg,0.887755102041,0.577422577423,00:00:10,10,10,22,1171943271,threshold_sweep,0.5,1,0.571428571429,0.727272727273,4,0,3,14,0.571428571429,1,0,0.428571428571,1,0.571428571429,0.727272727273,0.857142857143,0.603174603175,0.64,0.68599434057,0.571428571429,20,13,7,0,20,0,13,0,7,11,20,0.181818181818,3.04338842975,3.63636363636,2,2.5,1.68954001271,0.464623503495,0.245454545455,1.16774841624,0.642261628933,0.336363636364,1.94000937205,1.06700515463,0.536363636364,1.05689877454,0.347276990411,3.54545454545,3.04338842975,1.05689877454,3.54545454545,0.499047619048,0.4,8,0.0484848484848,0.255555555556,11,11,11,1,0,0.0909090909091,0.636363636364,0.272727272727,11,0.118181818182,3.72727272727,2.36363636364,1.3,1.625,1.43336856898,0.6064251638,0.286713286713,0.603022689156,0.510249967747,0.237762237762,1.40129809949,1.18571377649,0.503496503497,2.05382127221,0.551025219373,7,3.72727272727,2.05382127221,7,0,0,0,0,0.22962962963,11,11,11,1,0,0.0909090909091,0.636363636364,0.272727272727,11,17,0.154545454545,3.15909090909,3.09090909091,1.7,2.125,1.30034960334,0.420701342257,0.208556149733,0.820199532265,0.530717344407,0.267379679144,1.57249078621,1.01749403814,0.513368983957,1.21589847064,0.38488872452,4,3.15909090909,1.21589847064,4,0.296666666667,0.230769230769,3,0.0181818181818,0.203703703704,11,11,11,1,0,0.0909090909091,0.636363636364,0.272727272727,-3,-0.0272727272727,0.115702479339,-0.545454545455,-0.3,-0.375,-0.389190409368,-0.0439221612377,-0.0368983957219,-0.347548883978,-0.111544284527,-0.0689839572193,-0.367518585835,-0.0495111164884,-0.0229946524064,0.158999696105,0.0376117341084,0.454545454545,0.115702479339,0.158999696105,0.454545454545,-0.202380952381,-0.169230769231,-5,-0.030303030303,-0.0518518518519,0,0,0,17,0,3,90,0.85,1,0,0.15,1,0.85,0.918918918919,0.906962317388,0.85,0.85,4,7,0,0,0,0
195,WLNM_dir_neg,0.887755102041,0.577422577423,00:00:10,10,10,22,1171943271,threshold_sweep,0.6,1,0.428571428571,0.6,3,0,4,14,0.428571428571,1,0,0.571428571429,1,0.428571428571,0.6,0.809523809524,0.619047619048,0.5,0.57735026919,0.428571428571,20,13,7,0,20,0,13,0,7,11,20,0.181818181818,3.04338842975,3.63636363636,2,2.5,1.68954001271,0.464623503495,0.245454545455,1.16774841624,0.642261628933,0.336363636364,1.94000937205,1.06700515463,0.536363636364,1.05689877454,0.347276990411,3.54545454545,3.04338842975,1.05689877454,3.54545454545,0.499047619048,0.4,8,0.0484848484848,0.255555555556,11,11,11,1,0,0.0909090909091,0.636363636364,0.272727272727,11,0.118181818182,3.72727272727,2.36363636364,1.3,1.625,1.43336856898,0.6064251638,0.286713286713,0.603022689156,0.510249967747,0.237762237762,1.40129809949,1.18571377649,0.503496503497,2.05382127221,0.551025219373,7,3.72727272727,2.05382127221,7,0,0,0,0,0.22962962963,11,11,11,1,0,0.0909090909091,0.636363636364,0.272727272727,11,16,0.145454545455,3.25,2.90909090909,1.6,2,1.22102788294,0.41972833476,0.181818181818,0.687551650952,0.47269176003,0.227272727273,1.50755672289,1.03644524699,0.511363636364,1.3758835545,0.423348786001,4.66666666667,3.25,1.3758835545,4.66666666667,0.213333333333,0.176470588235,2,0.0121212121212,0.192592592593,11,11,11,1,0,0.0909090909091,0.636363636364,0.272727272727,-4,-0.0363636363636,0.206611570248,-0.727272727273,-0.4,-0.5,-0.468512129772,-0.0448951687355,-0.0636363636364,-0.48019676529,-0.169569868904,-0.109090909091,-0.43245264916,-0.0305599076407,-0.025,0.318984779967,0.07607179559,1.12121212121,0.206611570248,0.318984779967,1.12121212121,-0.285714285714,-0.223529411765,-6,-0.0363636363636,-0.062962962963,0,0,0,16,0,4,90,0.8,1,0,0.2,1,0.8,0.888888888889,0.875189948987,0.8,0.8,3,7,0,0,0,0
196,WLNM_dir_neg,0.887755102041,0.577422577423,00:00:10,10,10,22,1171943271,threshold_sweep,0.7,1,0.428571428571,0.6,3,0,4,14,0.428571428571,1,0,0.571428571429,1,0.428571428571,0.6,0.809523809524,0.619047619048,0.5,0.57735026919,0.428571428571,20,13,7,0,20,0,13,0,7,11,20,0.181818181818,3.04338842975,3.63636363636,2,2.5,1.68954001271,0.464623503495,0.245454545455,1.16774841624,0.642261628933,0.336363636364,1.94000937205,1.06700515463,0.536363636364,1.05689877454,0.347276990411,3.54545454545,3.04338842975,1.05689877454,3.54545454545,0.499047619048,0.4,8,0.0484848484848,0.255555555556,11,11,11,1,0,0.0909090909091,0.636363636364,0.272727272727,11,0.118181818182,3.72727272727,2.36363636364,1.3,1.625,1.43336856898,0.6064251638,0.286713286713,0.603022689156,0.510249967747,0.237762237762,1.40129809949,1.18571377649,0.503496503497,2.05382127221,0.551025219373,7,3.72727272727,2.05382127221,7,0,0,0,0,0.22962962963,11,11,11,1,0,0.0909090909091,0.636363636364,0.272727272727,11,16,0.145454545455,3.25,2.90909090909,1.6,2,1.22102788294,0.41972833476,0.181818181818,0.687551650952,0.47269176003,0.227272727273,1.50755672289,1.03644524699,0.511363636364,1.3758835545,0.423348786001,4.66666666667,3.25,1.3758835545,4.66666666667,0.213333333333,0.176470588235,2,0.0121212121212,0.192592592593,11,11,11,1,0,0.0909090909091,0.636363636364,0.272727272727,-4,-0.0363636363636,0.206611570248,-0.727272727273,-0.4,-0.5,-0.468512129772,-0.0448951687355,-0.0636363636364,-0.48019676529,-0.169569868904,-0.109090909091,-0.43245264916,-0.0305599076407,-0.025,0.318984779967,0.07607179559,1.12121212121,0.206611570248,0.318984779967,1.12121212121,-0.285714285714,-0.223529411765,-6,-0.0363636363636,-0.062962962963,0,0,0,16,0,4,90,0.8,1,0,0.2,1,0.8,0.888888888889,0.875189948987,0.8,0.8,3,7,0,0,0,0
197,WLNM_dir_neg,0.887755102041,0.577422577423,00:00:10,10,10,22,1171943271,threshold_sweep,0.8,1,0.428571428571,0.6,3,0,4,14,0.428571428571,1,0,0.571428571429,1,0.428571428571,0.6,0.809523809524,0.619047619048,0.5,0.57735026919,0.428571428571,20,13,7,0,20,0,13,0,7,11,20,0.181818181818,3.04338842975,3.63636363636,2,2.5,1.68954001271,0.464623503495,0.245454545455,1.16774841624,0.642261628933,0.336363636364,1.94000937205,1.06700515463,0.536363636364,1.05689877454,0.347276990411,3.54545454545,3.04338842975,1.05689877454,3.54545454545,0.499047619048,0.4,8,0.0484848484848,0.255555555556,11,11,11,1,0,0.0909090909091,0.636363636364,0.272727272727,11,0.118181818182,3.72727272727,2.36363636364,1.3,1.625,1.43336856898,0.6064251638,0.286713286713,0.603022689156,0.510249967747,0.237762237762,1.40129809949,1.18571377649,0.503496503497,2.05382127221,0.551025219373,7,3.72727272727,2.05382127221,7,0,0,0,0,0.22962962963,11,11,11,1,0,0.0909090909091,0.636363636364,0.272727272727,11,16,0.145454545455,3.25,2.90909090909,1.6,2,1.22102788294,0.41972833476,0.181818181818,0.687551650952,0.47269176003,0.227272727273,1.50755672289,1.03644524699,0.511363636364,1.3758835545,0.423348786001,4.66666666667,3.25,1.3758835545,4.66666666667,0.213333333333,0.176470588235,2,0.0121212121212,0.192592592593,11,11,11,1,0,0.0909090909091,0.636363636364,0.272727272727,-4,-0.0363636363636,0.206611570248,-0.727272727273,-0.4,-0.5,-0.468512129772,-0.0448951687355,-0.0636363636364,-0.48019676529,-0.169569868904,-0.109090909091,-0.43245264916,-0.0305599076407,-0.025,0.318984779967,0.07607179559,1.12121212121,0.206611570248,0.318984779967,1.12121212121,-0.285714285714,-0.223529411765,-6,-0.0363636363636,-0.062962962963,0,0,0,16,0,4,90,0.8,1,0,0.2,1,0.8,0.888888888889,0.875189948987,0.8,0.8,3,7,0,0,0,0
198,WLNM_dir_neg,0.887755102041,0.577422577423,00:00:10,10,10,22,1171943271,threshold_sweep,0.9,1,0.428571428571,0.6,3,0,4,14,0.428571428571,1,0,0.571428571429,1,0.428571428571,0.6,0.809523809524,0.619047619048,0.5,0.57735026919,0.428571428571,20,13,7,0,20,0,13,0,7,11,20,0.181818181818,3.04338842975,3.63636363636,2,2.5,1.68954001271,0.464623503495,0.245454545455,1.16774841624,0.642261628933,0.336363636364,1.94000937205,1.06700515463,0.536363636364,1.05689877454,0.347276990411,3.54545454545,3.04338842975,1.05689877454,3.54545454545,0.499047619048,0.4,8,0.0484848484848,0.255555555556,11,11,11,1,0,0.0909090909091,0.636363636364,0.272727272727,11,0.118181818182,3.72727272727,2.36363636364,1.3,1.625,1.43336856898,0.6064251638,0.286713286713,0.603022689156,0.510249967747,0.237762237762,1.40129809949,1.18571377649,0.503496503497,2.05382127221,0.551025219373,7,3.72727272727,2.05382127221,7,0,0,0,0,0.22962962963,11,11,11,1,0,0.0909090909091,0.636363636364,0.272727272727,11,16,0.145454545455,3.25,2.90909090909,1.6,2,1.22102788294,0.41972833476,0.181818181818,0.687551650952,0.47269176003,0.227272727273,1.50755672289,1.03644524699,0.511363636364,1.3758835545,0.423348786001,4.66666666667,3.25,1.3758835545,4.66666666667,0.213333333333,0.176470588235,2,0.0121212121212,0.192592592593,11,11,11,1,0,0.0909090909091,0.636363636364,0.272727272727,-4,-0.0363636363636,0.206611570248,-0.727272727273,-0.4,-0.5,-0.468512129772,-0.0448951687355,-0.0636363636364,-0.48019676529,-0.169569868904,-0.109090909091,-0.43245264916,-0.0305599076407,-0.025,0.318984779967,0.07607179559,1.12121212121,0.206611570248,0.318984779967,1.12121212121,-0.285714285714,-0.223529411765,-6,-0.0363636363636,-0.062962962963,0,0,0,16,0,4,90,0.8,1,0,0.2,1,0.8,0.888888888889,0.875189948987,0.8,0.8,3,7,0,0,0,0
199,WLNM_dir_neg,0.836734693878,0.69345892203,00:00:10,10,10,23,1171943272,threshold_sweep,0.1,0.714285714286,0.714285714286,0.714285714286,5,2,2,12,0.714285714286,0.857142857143,0.142857142857,0.285714285714,0.714285714286,0.714285714286,0.714285714286,0.809523809524,0.555555555556,0.571428571429,0.571428571429,0.571428571429,20,13,7,0,20,0,13,0,7,11,20,0.181818181818,3.04338842975,3.63636363636,2,2.5,1.68954001271,0.464623503495,0.245454545455,1.16774841624,0.642261628933,0.336363636364,1.94000937205,1.06700515463,0.536363636364,1.05689877454,0.347276990411,3.54545454545,3.04338842975,1.05689877454,3.54545454545,0.499047619048,0.4,8,0.0484848484848,0.255555555556,11,11,11,1,0,0.0909090909091,0.636363636364,0.272727272727,11,0.118181818182,3.72727272727,2.36363636364,1.3,1.625,1.43336856898,0.6064251638,0.286713286713,0.603022689156,0.510249967747,0.237762237762,1.40129809949,1.18571377649,0.503496503497,2.05382127221,0.551025219373,7,3.72727272727,2.05382127221,7,0,0,0,0,0.22962962963,11,11,11,1,0,0.0909090909091,0.636363636364,0.272727272727,11,20,0.181818181818,4.71590909091,3.63636363636,2,2.22222222222,1.68954001271,0.464623503495,0.236363636364,0.981649817214,0.539907399468,0.281818181818,1.77866139657,0.978263768112,0.481818181818,1.67799594029,0.355816006616,5.90625,4.71590909091,1.67799594029,5.90625,0.41,0.3,5,0.030303030303,0.231111111111,11,11,11,1,0,0.0909090909091,0.727272727273,0.181818181818,0,0,1.67252066116,0,0,-0.277777777778,0,0,-0.00909090909091,-0.186098599028,-0.102354229466,-0.0545454545455,-0.161347975482,-0.0887413865151,-0.0545454545455,0.621097165754,0.00853901620449,2.36079545455,1.67252066116,0.621097165754,2.36079545455,-0.0890476190476,-0.1,-3,-0.0181818181818,-0.0244444444444,0,0.0909090909091,-0.0909090909091,18,2,2,88,0.9,0.977777777778,0.0222222222222,0.1,0.9,0.9,0.9,0.877777777778,0.877777777778,0.818181818182,7,7,0,0,0,0
200,WLNM_dir_neg,0.836734693878,0.69345892203,00:00:10,10,10,23,1171943272,threshold_sweep,0.2,0.714285714286,0.714285714286,0.714285714286,5,2,2,12,0.714285714286,0.857142857143,0.142857142857,0.285714285714,0.714285714286,0.714285714286,0.714285714286,0.809523809524,0.555555555556,0.571428571429,0.571428571429,0.571428571429,20,13,7,0,20,0,13,0,7,11,20,0.181818181818,3.04338842975,3.63636363636,2,2.5,1.68954001271,0.464623503495,0.245454545455,1.16774841624,0.642261628933,0.336363636364,1.94000937205,1.06700515463,0.536363636364,1.05689877454,0.347276990411,3.54545454545,3.04338842975,1.05689877454,3.54545454545,0.499047619048,0.4,8,0.0484848484848,0.255555555556,11,11,11,1,0,0.0909090909091,0.636363636364,0.272727272727,11,0.118181818182,3.72727272727,2.36363636364,1.3,1.625,1.43336856898,0.6064251638,0.286713286713,0.603022689156,0.510249967747,0.237762237762,1.40129809949,1.18571377649,0.503496503497,2.05382127221,0.551025219373,7,3.72727272727,2.05382127221,7,0,0,0,0,0.22962962963,11,11,11,1,0,0.0909090909091,0.636363636364,0.272727272727,11,20,0.181818181818,4.71590909091,3.63636363636,2,2.22222222222,1.68954001271,0.464623503495,0.236363636364,0.981649817214,0.539907399468,0.281818181818,1.77866139657,0.978263768112,0.481818181818,1.67799594029,0.355816006616,5.90625,4.71590909091,1.67799594029,5.90625,0.41,0.3,5,0.030303030303,0.231111111111,11,11,11,1,0,0.0909090909091,0.727272727273,0.181818181818,0,0,1.67252066116,0,0,-0.277777777778,0,0,-0.00909090909091,-0.186098599028,-0.102354229466,-0.0545454545455,-0.161347975482,-0.0887413865151,-0.0545454545455,0.621097165754,0.00853901620449,2.36079545455,1.67252066116,0.621097165754,2.36079545455,-0.0890476190476,-0.1,-3,-0.0181818181818,-0.0244444444444,0,0.0909090909091,-0.0909090909091,18,2,2,88,0.9,0.977777777778,0.0222222222222,0.1,0.9,0.9,0.9,0.877777777778,0.877777777778,0.818181818182,7,7,0,0,0,0
201,WLNM_dir_neg,0.836734693878,0.69345892203,00:00:10,10,10,23,1171943272,threshold_sweep,0.3,0.714285714286,0.714285714286,0.714285714286,5,2,2,12,0.714285714286,0.857142857143,0.142857142857,0.285714285714,0.714285714286,0.714285714286,0.714285714286,0.809523809524,0.555555555556,0.571428571429,0.571428571429,0.571428571429,20,13,7,0,20,0,13,0,7,11,20,0.181818181818,3.04338842975,3.63636363636,2,2.5,1.68954001271,0.464623503495,0.245454545455,1.16774841624,0.642261628933,0.336363636364,1.94000937205,1.06700515463,0.536363636364,1.05689877454,0.347276990411,3.54545454545,3.04338842975,1.05689877454,3.54545454545,0.499047619048,0.4,8,0.0484848484848,0.255555555556,11,11,11,1,0,0.0909090909091,0.636363636364,0.272727272727,11,0.118181818182,3.72727272727,2.36363636364,1.3,1.625,1.43336856898,0.6064251638,0.286713286713,0.603022689156,0.510249967747,0.237762237762,1.40129809949,1.18571377649,0.503496503497,2.05382127221,0.551025219373,7,3.72727272727,2.05382127221,7,0,0,0,0,0.22962962963,11,11,11,1,0,0.0909090909091,0.636363636364,0.272727272727,11,20,0.181818181818,4.71590909091,3.63636363636,2,2.22222222222,1.68954001271,0.464623503495,0.236363636364,0.981649817214,0.539907399468,0.281818181818,1.77866139657,0.978263768112,0.481818181818,1.67799594029,0.355816006616,5.90625,4.71590909091,1.67799594029,5.90625,0.41,0.3,5,0.030303030303,0.231111111111,11,11,11,1,0,0.0909090909091,0.727272727273,0.181818181818,0,0,1.67252066116,0,0,-0.277777777778,0,0,-0.00909090909091,-0.186098599028,-0.102354229466,-0.0545454545455,-0.161347975482,-0.0887413865151,-0.0545454545455,0.621097165754,0.00853901620449,2.36079545455,1.67252066116,0.621097165754,2.36079545455,-0.0890476190476,-0.1,-3,-0.0181818181818,-0.0244444444444,0,0.0909090909091,-0.0909090909091,18,2,2,88,0.9,0.977777777778,0.0222222222222,0.1,0.9,0.9,0.9,0.877777777778,0.877777777778,0.818181818182,7,7,0,0,0,0
202,WLNM_dir_neg,0.836734693878,0.69345892203,00:00:10,10,10,23,1171943272,threshold_sweep,0.4,0.833333333333,0.714285714286,0.769230769231,5,1,2,13,0.714285714286,0.928571428571,0.0714285714286,0.285714285714,0.833333333333,0.714285714286,0.769230769231,0.857142857143,0.571428571429,0.666666666667,0.67082039325,0.642857142857,20,13,7,0,20,0,13,0,7,11,20,0.181818181818,3.04338842975,3.63636363636,2,2.5,1.68954001271,0.464623503495,0.245454545455,1.16774841624,0.642261628933,0.336363636364,1.94000937205,1.06700515463,0.536363636364,1.05689877454,0.347276990411,3.54545454545,3.04338842975,1.05689877454,3.54545454545,0.499047619048,0.4,8,0.0484848484848,0.255555555556,11,11,11,1,0,0.0909090909091,0.636363636364,0.272727272727,11,0.118181818182,3.72727272727,2.36363636364,1.3,1.625,1.43336856898,0.6064251638,0.286713286713,0.603022689156,0.510249967747,0.237762237762,1.40129809949,1.18571377649,0.503496503497,2.05382127221,0.551025219373,7,3.72727272727,2.05382127221,7,0,0,0,0,0.22962962963,11,11,11,1,0,0.0909090909091,0.636363636364,0.272727272727,11,19,0.172727272727,3.14772727273,3.45454545455,1.9,2.11111111111,1.36847625947,0.396137864583,0.205741626794,1.00904995822,0.584186817916,0.306220095694,1.61807966991,0.936782966791,0.468899521531,1.18338851637,0.375950142385,3.96875,3.14772727273,1.18338851637,3.96875,0.41,0.3,5,0.030303030303,0.214444444444,11,11,11,1,0,0.0909090909091,0.727272727273,0.181818181818,-1,-0.00909090909091,0.104338842975,-0.181818181818,-0.1,-0.388888888889,-0.321063753241,-0.0684856389122,-0.0397129186603,-0.158698458023,-0.058074811017,-0.0301435406699,-0.321929702137,-0.130222187836,-0.0674641148325,0.126489741835,0.0286731519741,0.423295454545,0.104338842975,0.126489741835,0.423295454545,-0.0890476190476,-0.1,-3,-0.0181818181818,-0.0411111111111,0,0.0909090909091,-0.0909090909091,18,1,2,89,0.9,0.988888888889,0.0111111111111,0.1,0.947368421053,0.9,0.923076923077,0.906956031802,0.888888888889,0.857142857143,6,7,0,0,0,0
203,WLNM_dir_neg,0.836734693878,0.69345892203,00:00:10,10,10,23,1171943272,threshold_sweep,0.5,0.833333333333,0.714285714286,0.769230769231,5,1,2,13,0.714285714286,0.928571428571,0.0714285714286,0.285714285714,0.833333333333,0.714285714286,0.769230769231,0.857142857143,0.571428571429,0.666666666667,0.67082039325,0.642857142857,20,13,7,0,20,0,13,0,7,11,20,0.181818181818,3.04338842975,3.63636363636,2,2.5,1.68954001271,0.464623503495,0.245454545455,1.16774841624,0.642261628933,0.336363636364,1.94000937205,1.06700515463,0.536363636364,1.05689877454,0.347276990411,3.54545454545,3.04338842975,1.05689877454,3.54545454545,0.499047619048,0.4,8,0.0484848484848,0.255555555556,11,11,11,1,0,0.0909090909091,0.636363636364,0.272727272727,11,0.118181818182,3.72727272727,2.36363636364,1.3,1.625,1.43336856898,0.6064251638,0.286713286713,0.603022689156,0.510249967747,0.237762237762,1.40129809949,1.18571377649,0.503496503497,2.05382127221,0.551025219373,7,3.72727272727,2.05382127221,7,0,0,0,0,0.22962962963,11,11,11,1,0,0.0909090909091,0.636363636364,0.272727272727,11,19,0.172727272727,3.14772727273,3.45454545455,1.9,2.11111111111,1.36847625947,0.396137864583,0.205741626794,1.00904995822,0.584186817916,0.306220095694,1.61807966991,0.936782966791,0.468899521531,1.18338851637,0.375950142385,3.96875,3.14772727273,1.18338851637,3.96875,0.41,0.3,5,0.030303030303,0.214444444444,11,11,11,1,0,0.0909090909091,0.727272727273,0.181818181818,-1,-0.00909090909091,0.104338842975,-0.181818181818,-0.1,-0.388888888889,-0.321063753241,-0.0684856389122,-0.0397129186603,-0.158698458023,-0.058074811017,-0.0301435406699,-0.321929702137,-0.130222187836,-0.0674641148325,0.126489741835,0.0286731519741,0.423295454545,0.104338842975,0.126489741835,0.423295454545,-0.0890476190476,-0.1,-3,-0.0181818181818,-0.0411111111111,0,0.0909090909091,-0.0909090909091,18,1,2,89,0.9,0.988888888889,0.0111111111111,0.1,0.947368421053,0.9,0.923076923077,0.906956031802,0.888888888889,0.857142857143,6,7,0,0,0,0
204,WLNM_dir_neg,0.836734693878,0.69345892203,00:00:10,10,10,23,1171943272,threshold_sweep,0.6,0.833333333333,0.714285714286,0.769230769231,5,1,2,13,0.714285714286,0.928571428571,0.0714285714286,0.285714285714,0.833333333333,0.714285714286,0.769230769231,0.857142857143,0.571428571429,0.666666666667,0.67082039325,0.642857142857,20,13,7,0,20,0,13,0,7,11,20,0.181818181818,3.04338842975,3.63636363636,2,2.5,1.68954001271,0.464623503495,0.245454545455,1.16774841624,0.642261628933,0.336363636364,1.94000937205,1.06700515463,0.536363636364,1.05689877454,0.347276990411,3.54545454545,3.04338842975,1.05689877454,3.54545454545,0.499047619048,0.4,8,0.0484848484848,0.255555555556,11,11,11,1,0,0.0909090909091,0.636363636364,0.272727272727,11,0.118181818182,3.72727272727,2.36363636364,1.3,1.625,1.43336856898,0.6064251638,0.286713286713,0.603022689156,0.510249967747,0.237762237762,1.40129809949,1.18571377649,0.503496503497,2.05382127221,0.551025219373,7,3.72727272727,2.05382127221,7,0,0,0,0,0.22962962963,11,11,11,1,0,0.0909090909091,0.636363636364,0.272727272727,11,19,0.172727272727,3.14772727273,3.45454545455,1.9,2.11111111111,1.36847625947,0.396137864583,0.205741626794,1.00904995822,0.584186817916,0.306220095694,1.61807966991,0.936782966791,0.468899521531,1.18338851637,0.375950142385,3.96875,3.14772727273,1.18338851637,3.96875,0.41,0.3,5,0.030303030303,0.214444444444,11,11,11,1,0,0.0909090909091,0.727272727273,0.181818181818,-1,-0.00909090909091,0.104338842975,-0.181818181818,-0.1,-0.388888888889,-0.321063753241,-0.0684856389122,-0.0397129186603,-0.158698458023,-0.058074811017,-0.0301435406699,-0.321929702137,-0.130222187836,-0.0674641148325,0.126489741835,0.0286731519741,0.423295454545,0.104338842975,0.126489741835,0.423295454545,-0.0890476190476,-0.1,-3,-0.0181818181818,-0.0411111111111,0,0.0909090909091,-0.0909090909091,18,1,2,89,0.9,0.988888888889,0.0111111111111,0.1,0.947368421053,0.9,0.923076923077,0.906956031802,0.888888888889,0.857142857143,6,7,0,0,0,0
205,WLNM_dir_neg,0.836734693878,0.69345892203,00:00:10,10,10,23,1171943272,threshold_sweep,0.7,0.833333333333,0.714285714286,0.769230769231,5,1,2,13,0.714285714286,0.928571428571,0.0714285714286,0.285714285714,0.833333333333,0.714285714286,0.769230769231,0.857142857143,0.571428571429,0.666666666667,0.67082039325,0.642857142857,20,13,7,0,20,0,13,0,7,11,20,0.181818181818,3.04338842975,3.63636363636,2,2.5,1.68954001271,0.464623503495,0.245454545455,1.16774841624,0.642261628933,0.336363636364,1.94000937205,1.06700515463,0.536363636364,1.05689877454,0.347276990411,3.54545454545,3.04338842975,1.05689877454,3.54545454545,0.499047619048,0.4,8,0.0484848484848,0.255555555556,11,11,11,1,0,0.0909090909091,0.636363636364,0.272727272727,11,0.118181818182,3.72727272727,2.36363636364,1.3,1.625,1.43336856898,0.6064251638,0.286713286713,0.603022689156,0.510249967747,0.237762237762,1.40129809949,1.18571377649,0.503496503497,2.05382127221,0.551025219373,7,3.72727272727,2.05382127221,7,0,0,0,0,0.22962962963,11,11,11,1,0,0.0909090909091,0.636363636364,0.272727272727,11,19,0.172727272727,3.14772727273,3.45454545455,1.9,2.11111111111,1.36847625947,0.396137864583,0.205741626794,1.00904995822,0.584186817916,0.306220095694,1.61807966991,0.936782966791,0.468899521531,1.18338851637,0.375950142385,3.96875,3.14772727273,1.18338851637,3.96875,0.41,0.3,5,0.030303030303,0.214444444444,11,11,11,1,0,0.0909090909091,0.727272727273,0.181818181818,-1,-0.00909090909091,0.104338842975,-0.181818181818,-0.1,-0.388888888889,-0.321063753241,-0.0684856389122,-0.0397129186603,-0.158698458023,-0.058074811017,-0.0301435406699,-0.321929702137,-0.130222187836,-0.0674641148325,0.126489741835,0.0286731519741,0.423295454545,0.104338842975,0.126489741835,0.423295454545,-0.0890476190476,-0.1,-3,-0.0181818181818,-0.0411111111111,0,0.0909090909091,-0.0909090909091,18,1,2,89,0.9,0.988888888889,0.0111111111111,0.1,0.947368421053,0.9,0.923076923077,0.906956031802,0.888888888889,0.857142857143,6,7,0,0,0,0
206,WLNM_dir_neg,0.836734693878,0.69345892203,00:00:10,10,10,23,1171943272,threshold_sweep,0.8,1,0.714285714286,0.833333333333,5,0,2,14,0.714285714286,1,0,0.285714285714,1,0.714285714286,0.833333333333,0.904761904762,0.587301587302,0.769230769231,0.790569415042,0.714285714286,20,13,7,0,20,0,13,0,7,11,20,0.181818181818,3.04338842975,3.63636363636,2,2.5,1.68954001271,0.464623503495,0.245454545455,1.16774841624,0.642261628933,0.336363636364,1.94000937205,1.06700515463,0.536363636364,1.05689877454,0.347276990411,3.54545454545,3.04338842975,1.05689877454,3.54545454545,0.499047619048,0.4,8,0.0484848484848,0.255555555556,11,11,11,1,0,0.0909090909091,0.636363636364,0.272727272727,11,0.118181818182,3.72727272727,2.36363636364,1.3,1.625,1.43336856898,0.6064251638,0.286713286713,0.603022689156,0.510249967747,0.237762237762,1.40129809949,1.18571377649,0.503496503497,2.05382127221,0.551025219373,7,3.72727272727,2.05382127221,7,0,0,0,0,0.22962962963,11,11,11,1,0,0.0909090909091,0.636363636364,0.272727272727,11,18,0.163636363636,3.11363636364,3.27272727273,1.8,2.25,1.42062726223,0.434080552347,0.227272727273,0.924416277737,0.564921058617,0.292929292929,1.68954001271,1.03249667443,0.525252525253,1.14353419474,0.367266456706,3.875,3.11363636364,1.14353419474,3.875,0.366666666667,0.266666666667,4,0.0242424242424,0.221111111111,11,11,11,1,0,0.0909090909091,0.636363636364,0.272727272727,-2,-0.0181818181818,0.0702479338843,-0.363636363636,-0.2,-0.25,-0.268912750482,-0.030542951148,-0.0181818181818,-0.243332138505,-0.0773405703161,-0.0434343434343,-0.250469359339,-0.0345084801933,-0.0111111111111,0.0866354202056,0.0199894662943,0.329545454545,0.0702479338843,0.0866354202056,0.329545454545,-0.132380952381,-0.133333333333,-4,-0.0242424242424,-0.0344444444444,0,0,0,18,0,2,90,0.9,1,0,0.1,1,0.9,0.947368421053,0.938314863257,0.9,0.9,5,7,0,0,0,0
207,WLNM_dir_neg,0.836734693878,0.69345892203,00:00:10,10,10,23,1171943272,threshold_sweep,0.9,1,0.714285714286,0.833333333333,5,0,2,14,0.714285714286,1,0,0.285714285714,1,0.714285714286,0.833333333333,0.904761904762,0.587301587302,0.769230769231,0.790569415042,0.714285714286,20,13,7,0,20,0,13,0,7,11,20,0.181818181818,3.04338842975,3.63636363636,2,2.5,1.68954001271,0.464623503495,0.245454545455,1.16774841624,0.642261628933,0.336363636364,1.94000937205,1.06700515463,0.536363636364,1.05689877454,0.347276990411,3.54545454545,3.04338842975,1.05689877454,3.54545454545,0.499047619048,0.4,8,0.0484848484848,0.255555555556,11,11,11,1,0,0.0909090909091,0.636363636364,0.272727272727,11,0.118181818182,3.72727272727,2.36363636364,1.3,1.625,1.43336856898,0.6064251638,0.286713286713,0.603022689156,0.510249967747,0.237762237762,1.40129809949,1.18571377649,0.503496503497,2.05382127221,0.551025219373,7,3.72727272727,2.05382127221,7,0,0,0,0,0.22962962963,11,11,11,1,0,0.0909090909091,0.636363636364,0.272727272727,11,18,0.163636363636,3.11363636364,3.27272727273,1.8,2.25,1.42062726223,0.434080552347,0.227272727273,0.924416277737,0.564921058617,0.292929292929,1.68954001271,1.03249667443,0.525252525253,1.14353419474,0.367266456706,3.875,3.11363636364,1.14353419474,3.875,0.366666666667,0.266666666667,4,0.0242424242424,0.221111111111,11,11,11,1,0,0.0909090909091,0.636363636364,0.272727272727,-2,-0.0181818181818,0.0702479338843,-0.363636363636,-0.2,-0.25,-0.268912750482,-0.030542951148,-0.0181818181818,-0.243332138505,-0.0773405703161,-0.0434343434343,-0.250469359339,-0.0345084801933,-0.0111111111111,0.0866354202056,0.0199894662943,0.329545454545,0.0702479338843,0.0866354202056,0.329545454545,-0.132380952381,-0.133333333333,-4,-0.0242424242424,-0.0344444444444,0,0,0,18,0,2,90,0.9,1,0,0.1,1,0.9,0.947368421053,0.938314863257,0.9,0.9,5,7,0,0,0,0
208,WLNM_dir_neg,0.867346938776,0.567192331478,00:00:10,10,10,24,1171943273,threshold_sweep,0.1,0.833333333333,0.714285714286,0.769230769231,5,1,2,13,0.714285714286,0.928571428571,0.0714285714286,0.285714285714,0.833333333333,0.714285714286,0.769230769231,0.857142857143,0.571428571429,0.666666666667,0.67082039325,0.642857142857,20,13,7,0,20,0,13,0,7,11,20,0.181818181818,3.04338842975,3.63636363636,2,2.5,1.68954001271,0.464623503495,0.245454545455,1.16774841624,0.642261628933,0.336363636364,1.94000937205,1.06700515463,0.536363636364,1.05689877454,0.347276990411,3.54545454545,3.04338842975,1.05689877454,3.54545454545,0.499047619048,0.4,8,0.0484848484848,0.255555555556,11,11,11,1,0,0.0909090909091,0.636363636364,0.272727272727,11,0.118181818182,3.72727272727,2.36363636364,1.3,1.625,1.43336856898,0.6064251638,0.286713286713,0.603022689156,0.510249967747,0.237762237762,1.40129809949,1.18571377649,0.503496503497,2.05382127221,0.551025219373,7,3.72727272727,2.05382127221,7,0,0,0,0,0.22962962963,11,11,11,1,0,0.0909090909091,0.636363636364,0.272727272727,11,19,0.172727272727,3.17803030303,3.45454545455,1.9,2.375,1.43969693781,0.416754376733,0.215311004785,1.00904995822,0.584186817916,0.306220095694,1.67874411933,0.971904490138,0.507177033493,1.20143012424,0.378042375208,3.875,3.17803030303,1.20143012424,3.875,0.393333333333,0.3,5,0.030303030303,0.223703703704,11,11,11,1,0,0.0909090909091,0.636363636364,0.272727272727,-1,-0.00909090909091,0.134641873278,-0.181818181818,-0.1,-0.125,-0.249843074903,-0.0478691267618,-0.0301435406699,-0.158698458023,-0.058074811017,-0.0301435406699,-0.26126525272,-0.0951006644889,-0.0291866028708,0.144531349704,0.0307653847969,0.329545454545,0.134641873278,0.144531349704,0.329545454545,-0.105714285714,-0.1,-3,-0.0181818181818,-0.0318518518519,0,0,0,18,1,2,89,0.9,0.988888888889,0.0111111111111,0.1,0.947368421053,0.9,0.923076923077,0.906956031802,0.888888888889,0.857142857143,6,7,0,0,0,0
209,WLNM_dir_neg,0.867346938776,0.567192331478,00:00:10,10,10,24,1171943273,threshold_sweep,0.2,0.833333333333,0.714285714286,0.769230769231,5,1,2,13,0.714285714286,0.928571428571,0.0714285714286,0.285714285714,0.833333333333,0.714285714286,0.769230769231,0.857142857143,0.571428571429,0.666666666667,0.67082039325,0.642857142857,20,13,7,0,20,0,13,0,7,11,20,0.181818181818,3.04338842975,3.63636363636,2,2.5,1.68954001271,0.464623503495,0.245454545455,1.16774841624,0.642261628933,0.336363636364,1.94000937205,1.06700515463,0.536363636364,1.05689877454,0.347276990411,3.54545454545,3.04338842975,1.05689877454,3.54545454545,0.499047619048,0.4,8,0.0484848484848,0.255555555556,11,11,11,1,0,0.0909090909091,0.636363636364,0.272727272727,11,0.118181818182,3.72727272727,2.36363636364,1.3,1.625,1.43336856898,0.6064251638,0.286713286713,0.603022689156,0.510249967747,0.237762237762,1.40129809949,1.18571377649,0.503496503497,2.05382127221,0.551025219373,7,3.72727272727,2.05382127221,7,0,0,0,0,0.22962962963,11,11,11,1,0,0.0909090909091,0.636363636364,0.272727272727,11,19,0.172727272727,3.17803030303,3.45454545455,1.9,2.375,1.43969693781,0.416754376733,0.215311004785,1.00904995822,0.584186817916,0.306220095694,1.67874411933,0.971904490138,0.507177033493,1.20143012424,0.378042375208,3.875,3.17803030303,1.20143012424,3.875,0.393333333333,0.3,5,0.030303030303,0.223703703704,11,11,11,1,0,0.0909090909091,0.636363636364,0.272727272727,-1,-0.00909090909091,0.134641873278,-0.181818181818,-0.1,-0.125,-0.249843074903,-0.0478691267618,-0.0301435406699,-0.158698458023,-0.058074811017,-0.0301435406699,-0.26126525272,-0.0951006644889,-0.0291866028708,0.144531349704,0.0307653847969,0.329545454545,0.134641873278,0.144531349704,0.329545454545,-0.105714285714,-0.1,-3,-0.0181818181818,-0.0318518518519,0,0,0,18,1,2,89,0.9,0.988888888889,0.0111111111111,0.1,0.947368421053,0.9,0.923076923077,0.906956031802,0.888888888889,0.857142857143,6,7,0,0,0,0
210,WLNM_dir_neg,0.867346938776,0.567192331478,00:00:10,10,10,24,1171943273,threshold_sweep,0.3,0.833333333333,0.714285714286,0.769230769231,5,1,2,13,0.714285714286,0.928571428571,0.0714285714286,0.285714285714,0.833333333333,0.714285714286,0.769230769231,0.857142857143,0.571428571429,0.666666666667,0.67082039325,0.642857142857,20,13,7,0,20,0,13,0,7,11,20,0.181818181818,3.04338842975,3.63636363636,2,2.5,1.68954001271,0.464623503495,0.245454545455,1.16774841624,0.642261628933,0.336363636364,1.94000937205,1.06700515463,0.536363636364,1.05689877454,0.347276990411,3.54545454545,3.04338842975,1.05689877454,3.54545454545,0.499047619048,0.4,8,0.0484848484848,0.255555555556,11,11,11,1,0,0.0909090909091,0.636363636364,0.272727272727,11,0.118181818182,3.72727272727,2.36363636364,1.3,1.625,1.43336856898,0.6064251638,0.286713286713,0.603022689156,0.510249967747,0.237762237762,1.40129809949,1.18571377649,0.503496503497,2.05382127221,0.551025219373,7,3.72727272727,2.05382127221,7,0,0,0,0,0.22962962963,11,11,11,1,0,0.0909090909091,0.636363636364,0.272727272727,11,19,0.172727272727,3.17803030303,3.45454545455,1.9,2.375,1.43969693781,0.416754376733,0.215311004785,1.00904995822,0.584186817916,0.306220095694,1.67874411933,0.971904490138,0.507177033493,1.20143012424,0.378042375208,3.875,3.17803030303,1.20143012424,3.875,0.393333333333,0.3,5,0.030303030303,0.223703703704,11,11,11,1,0,0.0909090909091,0.636363636364,0.272727272727,-1,-0.00909090909091,0.134641873278,-0.181818181818,-0.1,-0.125,-0.249843074903,-0.0478691267618,-0.0301435406699,-0.158698458023,-0.058074811017,-0.0301435406699,-0.26126525272,-0.0951006644889,-0.0291866028708,0.144531349704,0.0307653847969,0.329545454545,0.134641873278,0.144531349704,0.329545454545,-0.105714285714,-0.1,-3,-0.0181818181818,-0.0318518518519,0,0,0,18,1,2,89,0.9,0.988888888889,0.0111111111111,0.1,0.947368421053,0.9,0.923076923077,0.906956031802,0.888888888889,0.857142857143,6,7,0,0,0,0
211,WLNM_dir_neg,0.867346938776,0.567192331478,00:00:10,10,10,24,1171943273,threshold_sweep,0.4,0.833333333333,0.714285714286,0.769230769231,5,1,2,13,0.714285714286,0.928571428571,0.0714285714286,0.285714285714,0.833333333333,0.714285714286,0.769230769231,0.857142857143,0.571428571429,0.666666666667,0.67082039325,0.642857142857,20,13,7,0,20,0,13,0,7,11,20,0.181818181818,3.04338842975,3.63636363636,2,2.5,1.68954001271,0.464623503495,0.245454545455,1.16774841624,0.642261628933,0.336363636364,1.94000937205,1.06700515463,0.536363636364,1.05689877454,0.347276990411,3.54545454545,3.04338842975,1.05689877454,3.54545454545,0.499047619048,0.4,8,0.0484848484848,0.255555555556,11,11,11,1,0,0.0909090909091,0.636363636364,0.272727272727,11,0.118181818182,3.72727272727,2.36363636364,1.3,1.625,1.43336856898,0.6064251638,0.286713286713,0.603022689156,0.510249967747,0.237762237762,1.40129809949,1.18571377649,0.503496503497,2.05382127221,0.551025219373,7,3.72727272727,2.05382127221,7,0,0,0,0,0.22962962963,11,11,11,1,0,0.0909090909091,0.636363636364,0.272727272727,11,19,0.172727272727,3.17803030303,3.45454545455,1.9,2.375,1.43969693781,0.416754376733,0.215311004785,1.00904995822,0.584186817916,0.306220095694,1.67874411933,0.971904490138,0.507177033493,1.20143012424,0.378042375208,3.875,3.17803030303,1.20143012424,3.875,0.393333333333,0.3,5,0.030303030303,0.223703703704,11,11,11,1,0,0.0909090909091,0.636363636364,0.272727272727,-1,-0.00909090909091,0.134641873278,-0.181818181818,-0.1,-0.125,-0.249843074903,-0.0478691267618,-0.0301435406699,-0.158698458023,-0.058074811017,-0.0301435406699,-0.26126525272,-0.0951006644889,-0.0291866028708,0.144531349704,0.0307653847969,0.329545454545,0.134641873278,0.144531349704,0.329545454545,-0.105714285714,-0.1,-3,-0.0181818181818,-0.0318518518519,0,0,0,18,1,2,89,0.9,0.988888888889,0.0111111111111,0.1,0.947368421053,0.9,0.923076923077,0.906956031802,0.888888888889,0.857142857143,6,7,0,0,0,0
212,WLNM_dir_neg,0.867346938776,0.567192331478,00:00:10,10,10,24,1171943273,threshold_sweep,0.5,0.833333333333,0.714285714286,0.769230769231,5,1,2,13,0.714285714286,0.928571428571,0.0714285714286,0.285714285714,0.833333333333,0.714285714286,0.769230769231,0.857142857143,0.571428571429,0.666666666667,0.67082039325,0.642857142857,20,13,7,0,20,0,13,0,7,11,20,0.181818181818,3.04338842975,3.63636363636,2,2.5,1.68954001271,0.464623503495,0.245454545455,1.16774841624,0.642261628933,0.336363636364,1.94000937205,1.06700515463,0.536363636364,1.05689877454,0.347276990411,3.54545454545,3.04338842975,1.05689877454,3.54545454545,0.499047619048,0.4,8,0.0484848484848,0.255555555556,11,11,11,1,0,0.0909090909091,0.636363636364,0.272727272727,11,0.118181818182,3.72727272727,2.36363636364,1.3,1.625,1.43336856898,0.6064251638,0.286713286713,0.603022689156,0.510249967747,0.237762237762,1.40129809949,1.18571377649,0.503496503497,2.05382127221,0.551025219373,7,3.72727272727,2.05382127221,7,0,0,0,0,0.22962962963,11,11,11,1,0,0.0909090909091,0.636363636364,0.272727272727,11,19,0.172727272727,3.17803030303,3.45454545455,1.9,2.375,1.43969693781,0.416754376733,0.215311004785,1.00904995822,0.584186817916,0.306220095694,1.67874411933,0.971904490138,0.507177033493,1.20143012424,0.378042375208,3.875,3.17803030303,1.20143012424,3.875,0.393333333333,0.3,5,0.030303030303,0.223703703704,11,11,11,1,0,0.0909090909091,0.636363636364,0.272727272727,-1,-0.00909090909091,0.134641873278,-0.181818181818,-0.1,-0.125,-0.249843074903,-0.0478691267618,-0.0301435406699,-0.158698458023,-0.058074811017,-0.0301435406699,-0.26126525272,-0.0951006644889,-0.0291866028708,0.144531349704,0.0307653847969,0.329545454545,0.134641873278,0.144531349704,0.329545454545,-0.105714285714,-0.1,-3,-0.0181818181818,-0.0318518518519,0,0,0,18,1,2,89,0.9,0.988888888889,0.0111111111111,0.1,0.947368421053,0.9,0.923076923077,0.906956031802,0.888888888889,0.857142857143,6,7,0,0,0,0
213,WLNM_dir_neg,0.867346938776,0.567192331478,00:00:10,10,10,24,1171943273,threshold_sweep,0.6,0.833333333333,0.714285714286,0.769230769231,5,1,2,13,0.714285714286,0.928571428571,0.0714285714286,0.285714285714,0.833333333333,0.714285714286,0.769230769231,0.857142857143,0.571428571429,0.666666666667,0.67082039325,0.642857142857,20,13,7,0,20,0,13,0,7,11,20,0.181818181818,3.04338842975,3.63636363636,2,2.5,1.68954001271,0.464623503495,0.245454545455,1.16774841624,0.642261628933,0.336363636364,1.94000937205,1.06700515463,0.536363636364,1.05689877454,0.347276990411,3.54545454545,3.04338842975,1.05689877454,3.54545454545,0.499047619048,0.4,8,0.0484848484848,0.255555555556,11,11,11,1,0,0.0909090909091,0.636363636364,0.272727272727,11,0.118181818182,3.72727272727,2.36363636364,1.3,1.625,1.43336856898,0.6064251638,0.286713286713,0.603022689156,0.510249967747,0.237762237762,1.40129809949,1.18571377649,0.503496503497,2.05382127221,0.551025219373,7,3.72727272727,2.05382127221,7,0,0,0,0,0.22962962963,11,11,11,1,0,0.0909090909091,0.636363636364,0.272727272727,11,19,0.172727272727,3.17803030303,3.45454545455,1.9,2.375,1.43969693781,0.416754376733,0.215311004785,1.00904995822,0.584186817916,0.306220095694,1.67874411933,0.971904490138,0.507177033493,1.20143012424,0.378042375208,3.875,3.17803030303,1.20143012424,3.875,0.393333333333,0.3,5,0.030303030303,0.223703703704,11,11,11,1,0,0.0909090909091,0.636363636364,0.272727272727,-1,-0.00909090909091,0.134641873278,-0.181818181818,-0.1,-0.125,-0.249843074903,-0.0478691267618,-0.0301435406699,-0.158698458023,-0.058074811017,-0.0301435406699,-0.26126525272,-0.0951006644889,-0.0291866028708,0.144531349704,0.0307653847969,0.329545454545,0.134641873278,0.144531349704,0.329545454545,-0.105714285714,-0.1,-3,-0.0181818181818,-0.0318518518519,0,0,0,18,1,2,89,0.9,0.988888888889,0.0111111111111,0.1,0.947368421053,0.9,0.923076923077,0.906956031802,0.888888888889,0.857142857143,6,7,0,0,0,0
214,WLNM_dir_neg,0.867346938776,0.567192331478,00:00:10,10,10,24,1171943273,threshold_sweep,0.7,0.833333333333,0.714285714286,0.769230769231,5,1,2,13,0.714285714286,0.928571428571,0.0714285714286,0.285714285714,0.833333333333,0.714285714286,0.769230769231,0.857142857143,0.571428571429,0.666666666667,0.67082039325,0.642857142857,20,13,7,0,20,0,13,0,7,11,20,0.181818181818,3.04338842975,3.63636363636,2,2.5,1.68954001271,0.464623503495,0.245454545455,1.16774841624,0.642261628933,0.336363636364,1.94000937205,1.06700515463,0.536363636364,1.05689877454,0.347276990411,3.54545454545,3.04338842975,1.05689877454,3.54545454545,0.499047619048,0.4,8,0.0484848484848,0.255555555556,11,11,11,1,0,0.0909090909091,0.636363636364,0.272727272727,11,0.118181818182,3.72727272727,2.36363636364,1.3,1.625,1.43336856898,0.6064251638,0.286713286713,0.603022689156,0.510249967747,0.237762237762,1.40129809949,1.18571377649,0.503496503497,2.05382127221,0.551025219373,7,3.72727272727,2.05382127221,7,0,0,0,0,0.22962962963,11,11,11,1,0,0.0909090909091,0.636363636364,0.272727272727,11,19,0.172727272727,3.17803030303,3.45454545455,1.9,2.375,1.43969693781,0.416754376733,0.215311004785,1.00904995822,0.584186817916,0.306220095694,1.67874411933,0.971904490138,0.507177033493,1.20143012424,0.378042375208,3.875,3.17803030303,1.20143012424,3.875,0.393333333333,0.3,5,0.030303030303,0.223703703704,11,11,11,1,0,0.0909090909091,0.636363636364,0.272727272727,-1,-0.00909090909091,0.134641873278,-0.181818181818,-0.1,-0.125,-0.249843074903,-0.0478691267618,-0.0301435406699,-0.158698458023,-0.058074811017,-0.0301435406699,-0.26126525272,-0.0951006644889,-0.0291866028708,0.144531349704,0.0307653847969,0.329545454545,0.134641873278,0.144531349704,0.329545454545,-0.105714285714,-0.1,-3,-0.0181818181818,-0.0318518518519,0,0,0,18,1,2,89,0.9,0.988888888889,0.0111111111111,0.1,0.947368421053,0.9,0.923076923077,0.906956031802,0.888888888889,0.857142857143,6,7,0,0,0,0
215,WLNM_dir_neg,0.867346938776,0.567192331478,00:00:10,10,10,24,1171943273,threshold_sweep,0.8,0.833333333333,0.714285714286,0.769230769231,5,1,2,13,0.714285714286,0.928571428571,0.0714285714286,0.285714285714,0.833333333333,0.714285714286,0.769230769231,0.857142857143,0.571428571429,0.666666666667,0.67082039325,0.642857142857,20,13,7,0,20,0,13,0,7,11,20,0.181818181818,3.04338842975,3.63636363636,2,2.5,1.68954001271,0.464623503495,0.245454545455,1.16774841624,0.642261628933,0.336363636364,1.94000937205,1.06700515463,0.536363636364,1.05689877454,0.347276990411,3.54545454545,3.04338842975,1.05689877454,3.54545454545,0.499047619048,0.4,8,0.0484848484848,0.255555555556,11,11,11,1,0,0.0909090909091,0.636363636364,0.272727272727,11,0.118181818182,3.72727272727,2.36363636364,1.3,1.625,1.43336856898,0.6064251638,0.286713286713,0.603022689156,0.510249967747,0.237762237762,1.40129809949,1.18571377649,0.503496503497,2.05382127221,0.551025219373,7,3.72727272727,2.05382127221,7,0,0,0,0,0.22962962963,11,11,11,1,0,0.0909090909091,0.636363636364,0.272727272727,11,19,0.172727272727,3.17803030303,3.45454545455,1.9,2.375,1.43969693781,0.416754376733,0.215311004785,1.00904995822,0.584186817916,0.306220095694,1.67874411933,0.971904490138,0.507177033493,1.20143012424,0.378042375208,3.875,3.17803030303,1.20143012424,3.875,0.393333333333,0.3,5,0.030303030303,0.223703703704,11,11,11,1,0,0.0909090909091,0.636363636364,0.272727272727,-1,-0.00909090909091,0.134641873278,-0.181818181818,-0.1,-0.125,-0.249843074903,-0.0478691267618,-0.0301435406699,-0.158698458023,-0.058074811017,-0.0301435406699,-0.26126525272,-0.0951006644889,-0.0291866028708,0.144531349704,0.0307653847969,0.329545454545,0.134641873278,0.144531349704,0.329545454545,-0.105714285714,-0.1,-3,-0.0181818181818,-0.0318518518519,0,0,0,18,1,2,89,0.9,0.988888888889,0.0111111111111,0.1,0.947368421053,0.9,0.923076923077,0.906956031802,0.888888888889,0.857142857143,6,7,0,0,0,0
216,WLNM_dir_neg,0.867346938776,0.567192331478,00:00:10,10,10,24,1171943273,threshold_sweep,0.9,1,0.714285714286,0.833333333333,5,0,2,14,0.714285714286,1,0,0.285714285714,1,0.714285714286,0.833333333333,0.904761904762,0.587301587302,0.769230769231,0.790569415042,0.714285714286,20,13,7,0,20,0,13,0,7,11,20,0.181818181818,3.04338842975,3.63636363636,2,2.5,1.68954001271,0.464623503495,0.245454545455,1.16774841624,0.642261628933,0.336363636364,1.94000937205,1.06700515463,0.536363636364,1.05689877454,0.347276990411,3.54545454545,3.04338842975,1.05689877454,3.54545454545,0.499047619048,0.4,8,0.0484848484848,0.255555555556,11,11,11,1,0,0.0909090909091,0.636363636364,0.272727272727,11,0.118181818182,3.72727272727,2.36363636364,1.3,1.625,1.43336856898,0.6064251638,0.286713286713,0.603022689156,0.510249967747,0.237762237762,1.40129809949,1.18571377649,0.503496503497,2.05382127221,0.551025219373,7,3.72727272727,2.05382127221,7,0,0,0,0,0.22962962963,11,11,11,1,0,0.0909090909091,0.636363636364,0.272727272727,11,18,0.163636363636,3.11363636364,3.27272727273,1.8,2.25,1.42062726223,0.434080552347,0.227272727273,0.924416277737,0.564921058617,0.292929292929,1.68954001271,1.03249667443,0.525252525253,1.14353419474,0.367266456706,3.875,3.11363636364,1.14353419474,3.875,0.366666666667,0.266666666667,4,0.0242424242424,0.221111111111,11,11,11,1,0,0.0909090909091,0.636363636364,0.272727272727,-2,-0.0181818181818,0.0702479338843,-0.363636363636,-0.2,-0.25,-0.268912750482,-0.030542951148,-0.0181818181818,-0.243332138505,-0.0773405703161,-0.0434343434343,-0.250469359339,-0.0345084801933,-0.0111111111111,0.0866354202056,0.0199894662943,0.329545454545,0.0702479338843,0.0866354202056,0.329545454545,-0.132380952381,-0.133333333333,-4,-0.0242424242424,-0.0344444444444,0,0,0,18,0,2,90,0.9,1,0,0.1,1,0.9,0.947368421053,0.938314863257,0.9,0.9,5,7,0,0,0,0
217,WLNM_dir_neg,0.826530612245,0.547497845292,00:00:10,10,10,25,1171943274,threshold_sweep,0.1,1,0.714285714286,0.833333333333,5,0,2,14,0.714285714286,1,0,0.285714285714,1,0.714285714286,0.833333333333,0.904761904762,0.587301587302,0.769230769231,0.790569415042,0.714285714286,20,13,7,0,20,0,13,0,7,11,20,0.181818181818,3.04338842975,3.63636363636,2,2.5,1.68954001271,0.464623503495,0.245454545455,1.16774841624,0.642261628933,0.336363636364,1.94000937205,1.06700515463,0.536363636364,1.05689877454,0.347276990411,3.54545454545,3.04338842975,1.05689877454,3.54545454545,0.499047619048,0.4,8,0.0484848484848,0.255555555556,11,11,11,1,0,0.0909090909091,0.636363636364,0.272727272727,11,0.118181818182,3.72727272727,2.36363636364,1.3,1.625,1.43336856898,0.6064251638,0.286713286713,0.603022689156,0.510249967747,0.237762237762,1.40129809949,1.18571377649,0.503496503497,2.05382127221,0.551025219373,7,3.72727272727,2.05382127221,7,0,0,0,0,0.22962962963,11,11,11,1,0,0.0909090909091,0.636363636364,0.272727272727,11,18,0.163636363636,3.11363636364,3.27272727273,1.8,2.25,1.42062726223,0.434080552347,0.227272727273,0.924416277737,0.564921058617,0.292929292929,1.68954001271,1.03249667443,0.525252525253,1.14353419474,0.367266456706,3.875,3.11363636364,1.14353419474,3.875,0.366666666667,0.266666666667,4,0.0242424242424,0.221111111111,11,11,11,1,0,0.0909090909091,0.636363636364,0.272727272727,-2,-0.0181818181818,0.0702479338843,-0.363636363636,-0.2,-0.25,-0.268912750482,-0.030542951148,-0.0181818181818,-0.243332138505,-0.0773405703161,-0.0434343434343,-0.250469359339,-0.0345084801933,-0.0111111111111,0.0866354202056,0.0199894662943,0.329545454545,0.0702479338843,0.0866354202056,0.329545454545,-0.132380952381,-0.133333333333,-4,-0.0242424242424,-0.0344444444444,0,0,0,18,0,2,90,0.9,1,0,0.1,1,0.9,0.947368421053,0.938314863257,0.9,0.9,5,7,0,0,0,0
218,WLNM_dir_neg,0.826530612245,0.547497845292,00:00:10,10,10,25,1171943274,threshold_sweep,0.2,1,0.714285714286,0.833333333333,5,0,2,14,0.714285714286,1,0,0.285714285714,1,0.714285714286,0.833333333333,0.904761904762,0.587301587302,0.769230769231,0.790569415042,0.714285714286,20,13,7,0,20,0,13,0,7,11,20,0.181818181818,3.04338842975,3.63636363636,2,2.5,1.68954001271,0.464623503495,0.245454545455,1.16774841624,0.642261628933,0.336363636364,1.94000937205,1.06700515463,0.536363636364,1.05689877454,0.347276990411,3.54545454545,3.04338842975,1.05689877454,3.54545454545,0.499047619048,0.4,8,0.0484848484848,0.255555555556,11,11,11,1,0,0.0909090909091,0.636363636364,0.272727272727,11,0.118181818182,3.72727272727,2.36363636364,1.3,1.625,1.43336856898,0.6064251638,0.286713286713,0.603022689156,0.510249967747,0.237762237762,1.40129809949,1.18571377649,0.503496503497,2.05382127221,0.551025219373,7,3.72727272727,2.05382127221,7,0,0,0,0,0.22962962963,11,11,11,1,0,0.0909090909091,0.636363636364,0.272727272727,11,18,0.163636363636,3.11363636364,3.27272727273,1.8,2.25,1.42062726223,0.434080552347,0.227272727273,0.924416277737,0.564921058617,0.292929292929,1.68954001271,1.03249667443,0.525252525253,1.14353419474,0.367266456706,3.875,3.11363636364,1.14353419474,3.875,0.366666666667,0.266666666667,4,0.0242424242424,0.221111111111,11,11,11,1,0,0.0909090909091,0.636363636364,0.272727272727,-2,-0.0181818181818,0.0702479338843,-0.363636363636,-0.2,-0.25,-0.268912750482,-0.030542951148,-0.0181818181818,-0.243332138505,-0.0773405703161,-0.0434343434343,-0.250469359339,-0.0345084801933,-0.0111111111111,0.0866354202056,0.0199894662943,0.329545454545,0.0702479338843,0.0866354202056,0.329545454545,-0.132380952381,-0.133333333333,-4,-0.0242424242424,-0.0344444444444,0,0,0,18,0,2,90,0.9,1,0,0.1,1,0.9,0.947368421053,0.938314863257,0.9,0.9,5,7,0,0,0,0
219,WLNM_dir_neg,0.826530612245,0.547497845292,00:00:10,10,10,25,1171943274,threshold_sweep,0.3,1,0.714285714286,0.833333333333,5,0,2,14,0.714285714286,1,0,0.285714285714,1,0.714285714286,0.833333333333,0.904761904762,0.587301587302,0.769230769231,0.790569415042,0.714285714286,20,13,7,0,20,0,13,0,7,11,20,0.181818181818,3.04338842975,3.63636363636,2,2.5,1.68954001271,0.464623503495,0.245454545455,1.16774841624,0.642261628933,0.336363636364,1.94000937205,1.06700515463,0.536363636364,1.05689877454,0.347276990411,3.54545454545,3.04338842975,1.05689877454,3.54545454545,0.499047619048,0.4,8,0.0484848484848,0.255555555556,11,11,11,1,0,0.0909090909091,0.636363636364,0.272727272727,11,0.118181818182,3.72727272727,2.36363636364,1.3,1.625,1.43336856898,0.6064251638,0.286713286713,0.603022689156,0.510249967747,0.237762237762,1.40129809949,1.18571377649,0.503496503497,2.05382127221,0.551025219373,7,3.72727272727,2.05382127221,7,0,0,0,0,0.22962962963,11,11,11,1,0,0.0909090909091,0.636363636364,0.272727272727,11,18,0.163636363636,3.11363636364,3.27272727273,1.8,2.25,1.42062726223,0.434080552347,0.227272727273,0.924416277737,0.564921058617,0.292929292929,1.68954001271,1.03249667443,0.525252525253,1.14353419474,0.367266456706,3.875,3.11363636364,1.14353419474,3.875,0.366666666667,0.266666666667,4,0.0242424242424,0.221111111111,11,11,11,1,0,0.0909090909091,0.636363636364,0.272727272727,-2,-0.0181818181818,0.0702479338843,-0.363636363636,-0.2,-0.25,-0.268912750482,-0.030542951148,-0.0181818181818,-0.243332138505,-0.0773405703161,-0.0434343434343,-0.250469359339,-0.0345084801933,-0.0111111111111,0.0866354202056,0.0199894662943,0.329545454545,0.0702479338843,0.0866354202056,0.329545454545,-0.132380952381,-0.133333333333,-4,-0.0242424242424,-0.0344444444444,0,0,0,18,0,2,90,0.9,1,0,0.1,1,0.9,0.947368421053,0.938314863257,0.9,0.9,5,7,0,0,0,0
220,WLNM_dir_neg,0.826530612245,0.547497845292,00:00:10,10,10,25,1171943274,threshold_sweep,0.4,1,0.714285714286,0.833333333333,5,0,2,14,0.714285714286,1,0,0.285714285714,1,0.714285714286,0.833333333333,0.904761904762,0.587301587302,0.769230769231,0.790569415042,0.714285714286,20,13,7,0,20,0,13,0,7,11,20,0.181818181818,3.04338842975,3.63636363636,2,2.5,1.68954001271,0.464623503495,0.245454545455,1.16774841624,0.642261628933,0.336363636364,1.94000937205,1.06700515463,0.536363636364,1.05689877454,0.347276990411,3.54545454545,3.04338842975,1.05689877454,3.54545454545,0.499047619048,0.4,8,0.0484848484848,0.255555555556,11,11,11,1,0,0.0909090909091,0.636363636364,0.272727272727,11,0.118181818182,3.72727272727,2.36363636364,1.3,1.625,1.43336856898,0.6064251638,0.286713286713,0.603022689156,0.510249967747,0.237762237762,1.40129809949,1.18571377649,0.503496503497,2.05382127221,0.551025219373,7,3.72727272727,2.05382127221,7,0,0,0,0,0.22962962963,11,11,11,1,0,0.0909090909091,0.636363636364,0.272727272727,11,18,0.163636363636,3.11363636364,3.27272727273,1.8,2.25,1.42062726223,0.434080552347,0.227272727273,0.924416277737,0.564921058617,0.292929292929,1.68954001271,1.03249667443,0.525252525253,1.14353419474,0.367266456706,3.875,3.11363636364,1.14353419474,3.875,0.366666666667,0.266666666667,4,0.0242424242424,0.221111111111,11,11,11,1,0,0.0909090909091,0.636363636364,0.272727272727,-2,-0.0181818181818,0.0702479338843,-0.363636363636,-0.2,-0.25,-0.268912750482,-0.030542951148,-0.0181818181818,-0.243332138505,-0.0773405703161,-0.0434343434343,-0.250469359339,-0.0345084801933,-0.0111111111111,0.0866354202056,0.0199894662943,0.329545454545,0.0702479338843,0.0866354202056,0.329545454545,-0.132380952381,-0.133333333333,-4,-0.0242424242424,-0.0344444444444,0,0,0,18,0,2,90,0.9,1,0,0.1,1,0.9,0.947368421053,0.938314863257,0.9,0.9,5,7,0,0,0,0
221,WLNM_dir_neg,0.826530612245,0.547497845292,00:00:10,10,10,25,1171943274,threshold_sweep,0.5,1,0.714285714286,0.833333333333,5,0,2,14,0.714285714286,1,0,0.285714285714,1,0.714285714286,0.833333333333,0.904761904762,0.587301587302,0.769230769231,0.790569415042,0.714285714286,20,13,7,0,20,0,13,0,7,11,20,0.181818181818,3.04338842975,3.63636363636,2,2.5,1.68954001271,0.464623503495,0.245454545455,1.16774841624,0.642261628933,0.336363636364,1.94000937205,1.06700515463,0.536363636364,1.05689877454,0.347276990411,3.54545454545,3.04338842975,1.05689877454,3.54545454545,0.499047619048,0.4,8,0.0484848484848,0.255555555556,11,11,11,1,0,0.0909090909091,0.636363636364,0.272727272727,11,0.118181818182,3.72727272727,2.36363636364,1.3,1.625,1.43336856898,0.6064251638,0.286713286713,0.603022689156,0.510249967747,0.237762237762,1.40129809949,1.18571377649,0.503496503497,2.05382127221,0.551025219373,7,3.72727272727,2.05382127221,7,0,0,0,0,0.22962962963,11,11,11,1,0,0.0909090909091,0.636363636364,0.272727272727,11,18,0.163636363636,3.11363636364,3.27272727273,1.8,2.25,1.42062726223,0.434080552347,0.227272727273,0.924416277737,0.564921058617,0.292929292929,1.68954001271,1.03249667443,0.525252525253,1.14353419474,0.367266456706,3.875,3.11363636364,1.14353419474,3.875,0.366666666667,0.266666666667,4,0.0242424242424,0.221111111111,11,11,11,1,0,0.0909090909091,0.636363636364,0.272727272727,-2,-0.0181818181818,0.0702479338843,-0.363636363636,-0.2,-0.25,-0.268912750482,-0.030542951148,-0.0181818181818,-0.243332138505,-0.0773405703161,-0.0434343434343,-0.250469359339,-0.0345084801933,-0.0111111111111,0.0866354202056,0.0199894662943,0.329545454545,0.0702479338843,0.0866354202056,0.329545454545,-0.132380952381,-0.133333333333,-4,-0.0242424242424,-0.0344444444444,0,0,0,18,0,2,90,0.9,1,0,0.1,1,0.9,0.947368421053,0.938314863257,0.9,0.9,5,7,0,0,0,0
222,WLNM_dir_neg,0.826530612245,0.547497845292,00:00:10,10,10,25,1171943274,threshold_sweep,0.6,1,0.714285714286,0.833333333333,5,0,2,14,0.714285714286,1,0,0.285714285714,1,0.714285714286,0.833333333333,0.904761904762,0.587301587302,0.769230769231,0.790569415042,0.714285714286,20,13,7,0,20,0,13,0,7,11,20,0.181818181818,3.04338842975,3.63636363636,2,2.5,1.68954001271,0.464623503495,0.245454545455,1.16774841624,0.642261628933,0.336363636364,1.94000937205,1.06700515463,0.536363636364,1.05689877454,0.347276990411,3.54545454545,3.04338842975,1.05689877454,3.54545454545,0.499047619048,0.4,8,0.0484848484848,0.255555555556,11,11,11,1,0,0.0909090909091,0.636363636364,0.272727272727,11,0.118181818182,3.72727272727,2.36363636364,1.3,1.625,1.43336856898,0.6064251638,0.286713286713,0.603022689156,0.510249967747,0.237762237762,1.40129809949,1.18571377649,0.503496503497,2.05382127221,0.551025219373,7,3.72727272727,2.05382127221,7,0,0,0,0,0.22962962963,11,11,11,1,0,0.0909090909091,0.636363636364,0.272727272727,11,18,0.163636363636,3.11363636364,3.27272727273,1.8,2.25,1.42062726223,0.434080552347,0.227272727273,0.924416277737,0.564921058617,0.292929292929,1.68954001271,1.03249667443,0.525252525253,1.14353419474,0.367266456706,3.875,3.11363636364,1.14353419474,3.875,0.366666666667,0.266666666667,4,0.0242424242424,0.221111111111,11,11,11,1,0,0.0909090909091,0.636363636364,0.272727272727,-2,-0.0181818181818,0.0702479338843,-0.363636363636,-0.2,-0.25,-0.268912750482,-0.030542951148,-0.0181818181818,-0.243332138505,-0.0773405703161,-0.0434343434343,-0.250469359339,-0.0345084801933,-0.0111111111111,0.0866354202056,0.0199894662943,0.329545454545,0.0702479338843,0.0866354202056,0.329545454545,-0.132380952381,-0.133333333333,-4,-0.0242424242424,-0.0344444444444,0,0,0,18,0,2,90,0.9,1,0,0.1,1,0.9,0.947368421053,0.938314863257,0.9,0.9,5,7,0,0,0,0
223,WLNM_dir_neg,0.826530612245,0.547497845292,00:00:10,10,10,25,1171943274,threshold_sweep,0.7,1,0.714285714286,0.833333333333,5,0,2,14,0.714285714286,1,0,0.285714285714,1,0.714285714286,0.833333333333,0.904761904762,0.587301587302,0.769230769231,0.790569415042,0.714285714286,20,13,7,0,20,0,13,0,7,11,20,0.181818181818,3.04338842975,3.63636363636,2,2.5,1.68954001271,0.464623503495,0.245454545455,1.16774841624,0.642261628933,0.336363636364,1.94000937205,1.06700515463,0.536363636364,1.05689877454,0.347276990411,3.54545454545,3.04338842975,1.05689877454,3.54545454545,0.499047619048,0.4,8,0.0484848484848,0.255555555556,11,11,11,1,0,0.0909090909091,0.636363636364,0.272727272727,11,0.118181818182,3.72727272727,2.36363636364,1.3,1.625,1.43336856898,0.6064251638,0.286713286713,0.603022689156,0.510249967747,0.237762237762,1.40129809949,1.18571377649,0.503496503497,2.05382127221,0.551025219373,7,3.72727272727,2.05382127221,7,0,0,0,0,0.22962962963,11,11,11,1,0,0.0909090909091,0.636363636364,0.272727272727,11,18,0.163636363636,3.11363636364,3.27272727273,1.8,2.25,1.42062726223,0.434080552347,0.227272727273,0.924416277737,0.564921058617,0.292929292929,1.68954001271,1.03249667443,0.525252525253,1.14353419474,0.367266456706,3.875,3.11363636364,1.14353419474,3.875,0.366666666667,0.266666666667,4,0.0242424242424,0.221111111111,11,11,11,1,0,0.0909090909091,0.636363636364,0.272727272727,-2,-0.0181818181818,0.0702479338843,-0.363636363636,-0.2,-0.25,-0.268912750482,-0.030542951148,-0.0181818181818,-0.243332138505,-0.0773405703161,-0.0434343434343,-0.250469359339,-0.0345084801933,-0.0111111111111,0.0866354202056,0.0199894662943,0.329545454545,0.0702479338843,0.0866354202056,0.329545454545,-0.132380952381,-0.133333333333,-4,-0.0242424242424,-0.0344444444444,0,0,0,18,0,2,90,0.9,1,0,0.1,1,0.9,0.947368421053,0.938314863257,0.9,0.9,5,7,0,0,0,0
224,WLNM_dir_neg,0.826530612245,0.547497845292,00:00:10,10,10,25,1171943274,threshold_sweep,0.8,1,0.714285714286,0.833333333333,5,0,2,14,0.714285714286,1,0,0.285714285714,1,0.714285714286,0.833333333333,0.904761904762,0.587301587302,0.769230769231,0.790569415042,0.714285714286,20,13,7,0,20,0,13,0,7,11,20,0.181818181818,3.04338842975,3.63636363636,2,2.5,1.68954001271,0.464623503495,0.245454545455,1.16774841624,0.642261628933,0.336363636364,1.94000937205,1.06700515463,0.536363636364,1.05689877454,0.347276990411,3.54545454545,3.04338842975,1.05689877454,3.54545454545,0.499047619048,0.4,8,0.0484848484848,0.255555555556,11,11,11,1,0,0.0909090909091,0.636363636364,0.272727272727,11,0.118181818182,3.72727272727,2.36363636364,1.3,1.625,1.43336856898,0.6064251638,0.286713286713,0.603022689156,0.510249967747,0.237762237762,1.40129809949,1.18571377649,0.503496503497,2.05382127221,0.551025219373,7,3.72727272727,2.05382127221,7,0,0,0,0,0.22962962963,11,11,11,1,0,0.0909090909091,0.636363636364,0.272727272727,11,18,0.163636363636,3.11363636364,3.27272727273,1.8,2.25,1.42062726223,0.434080552347,0.227272727273,0.924416277737,0.564921058617,0.292929292929,1.68954001271,1.03249667443,0.525252525253,1.14353419474,0.367266456706,3.875,3.11363636364,1.14353419474,3.875,0.366666666667,0.266666666667,4,0.0242424242424,0.221111111111,11,11,11,1,0,0.0909090909091,0.636363636364,0.272727272727,-2,-0.0181818181818,0.0702479338843,-0.363636363636,-0.2,-0.25,-0.268912750482,-0.030542951148,-0.0181818181818,-0.243332138505,-0.0773405703161,-0.0434343434343,-0.250469359339,-0.0345084801933,-0.0111111111111,0.0866354202056,0.0199894662943,0.329545454545,0.0702479338843,0.0866354202056,0.329545454545,-0.132380952381,-0.133333333333,-4,-0.0242424242424,-0.0344444444444,0,0,0,18,0,2,90,0.9,1,0,0.1,1,0.9,0.947368421053,0.938314863257,0.9,0.9,5,7,0,0,0,0
225,WLNM_dir_neg,0.826530612245,0.547497845292,00:00:10,10,10,25,1171943274,threshold_sweep,0.9,1,0.714285714286,0.833333333333,5,0,2,14,0.714285714286,1,0,0.285714285714,1,0.714285714286,0.833333333333,0.904761904762,0.587301587302,0.769230769231,0.790569415042,0.714285714286,20,13,7,0,20,0,13,0,7,11,20,0.181818181818,3.04338842975,3.63636363636,2,2.5,1.68954001271,0.464623503495,0.245454545455,1.16774841624,0.642261628933,0.336363636364,1.94000937205,1.06700515463,0.536363636364,1.05689877454,0.347276990411,3.54545454545,3.04338842975,1.05689877454,3.54545454545,0.499047619048,0.4,8,0.0484848484848,0.255555555556,11,11,11,1,0,0.0909090909091,0.636363636364,0.272727272727,11,0.118181818182,3.72727272727,2.36363636364,1.3,1.625,1.43336856898,0.6064251638,0.286713286713,0.603022689156,0.510249967747,0.237762237762,1.40129809949,1.18571377649,0.503496503497,2.05382127221,0.551025219373,7,3.72727272727,2.05382127221,7,0,0,0,0,0.22962962963,11,11,11,1,0,0.0909090909091,0.636363636364,0.272727272727,11,18,0.163636363636,3.11363636364,3.27272727273,1.8,2.25,1.42062726223,0.434080552347,0.227272727273,0.924416277737,0.564921058617,0.292929292929,1.68954001271,1.03249667443,0.525252525253,1.14353419474,0.367266456706,3.875,3.11363636364,1.14353419474,3.875,0.366666666667,0.266666666667,4,0.0242424242424,0.221111111111,11,11,11,1,0,0.0909090909091,0.636363636364,0.272727272727,-2,-0.0181818181818,0.0702479338843,-0.363636363636,-0.2,-0.25,-0.268912750482,-0.030542951148,-0.0181818181818,-0.243332138505,-0.0773405703161,-0.0434343434343,-0.250469359339,-0.0345084801933,-0.0111111111111,0.0866354202056,0.0199894662943,0.329545454545,0.0702479338843,0.0866354202056,0.329545454545,-0.132380952381,-0.133333333333,-4,-0.0242424242424,-0.0344444444444,0,0,0,18,0,2,90,0.9,1,0,0.1,1,0.9,0.947368421053,0.938314863257,0.9,0.9,5,7,0,0,0,0
226,WLNM_dir_neg,0.867346938776,0.565434565435,00:00:10,10,10,26,1171943275,threshold_sweep,0.1,1,0.714285714286,0.833333333333,5,0,2,14,0.714285714286,1,0,0.285714285714,1,0.714285714286,0.833333333333,0.904761904762,0.587301587302,0.769230769231,0.790569415042,0.714285714286,20,13,7,0,20,0,13,0,7,11,20,0.181818181818,3.04338842975,3.63636363636,2,2.5,1.68954001271,0.464623503495,0.245454545455,1.16774841624,0.642261628933,0.336363636364,1.94000937205,1.06700515463,0.536363636364,1.05689877454,0.347276990411,3.54545454545,3.04338842975,1.05689877454,3.54545454545,0.499047619048,0.4,8,0.0484848484848,0.255555555556,11,11,11,1,0,0.0909090909091,0.636363636364,0.272727272727,11,0.118181818182,3.72727272727,2.36363636364,1.3,1.625,1.43336856898,0.6064251638,0.286713286713,0.603022689156,0.510249967747,0.237762237762,1.40129809949,1.18571377649,0.503496503497,2.05382127221,0.551025219373,7,3.72727272727,2.05382127221,7,0,0,0,0,0.22962962963,11,11,11,1,0,0.0909090909091,0.636363636364,0.272727272727,11,18,0.163636363636,3.11363636364,3.27272727273,1.8,2.25,1.42062726223,0.434080552347,0.227272727273,0.924416277737,0.564921058617,0.292929292929,1.68954001271,1.03249667443,0.525252525253,1.14353419474,0.367266456706,3.875,3.11363636364,1.14353419474,3.875,0.366666666667,0.266666666667,4,0.0242424242424,0.221111111111,11,11,11,1,0,0.0909090909091,0.636363636364,0.272727272727,-2,-0.0181818181818,0.0702479338843,-0.363636363636,-0.2,-0.25,-0.268912750482,-0.030542951148,-0.0181818181818,-0.243332138505,-0.0773405703161,-0.0434343434343,-0.250469359339,-0.0345084801933,-0.0111111111111,0.0866354202056,0.0199894662943,0.329545454545,0.0702479338843,0.0866354202056,0.329545454545,-0.132380952381,-0.133333333333,-4,-0.0242424242424,-0.0344444444444,0,0,0,18,0,2,90,0.9,1,0,0.1,1,0.9,0.947368421053,0.938314863257,0.9,0.9,5,7,0,0,0,0
227,WLNM_dir_neg,0.867346938776,0.565434565435,00:00:10,10,10,26,1171943275,threshold_sweep,0.2,1,0.714285714286,0.833333333333,5,0,2,14,0.714285714286,1,0,0.285714285714,1,0.714285714286,0.833333333333,0.904761904762,0.587301587302,0.769230769231,0.790569415042,0.714285714286,20,13,7,0,20,0,13,0,7,11,20,0.181818181818,3.04338842975,3.63636363636,2,2.5,1.68954001271,0.464623503495,0.245454545455,1.16774841624,0.642261628933,0.336363636364,1.94000937205,1.06700515463,0.536363636364,1.05689877454,0.347276990411,3.54545454545,3.04338842975,1.05689877454,3.54545454545,0.499047619048,0.4,8,0.0484848484848,0.255555555556,11,11,11,1,0,0.0909090909091,0.636363636364,0.272727272727,11,0.118181818182,3.72727272727,2.36363636364,1.3,1.625,1.43336856898,0.6064251638,0.286713286713,0.603022689156,0.510249967747,0.237762237762,1.40129809949,1.18571377649,0.503496503497,2.05382127221,0.551025219373,7,3.72727272727,2.05382127221,7,0,0,0,0,0.22962962963,11,11,11,1,0,0.0909090909091,0.636363636364,0.272727272727,11,18,0.163636363636,3.11363636364,3.27272727273,1.8,2.25,1.42062726223,0.434080552347,0.227272727273,0.924416277737,0.564921058617,0.292929292929,1.68954001271,1.03249667443,0.525252525253,1.14353419474,0.367266456706,3.875,3.11363636364,1.14353419474,3.875,0.366666666667,0.266666666667,4,0.0242424242424,0.221111111111,11,11,11,1,0,0.0909090909091,0.636363636364,0.272727272727,-2,-0.0181818181818,0.0702479338843,-0.363636363636,-0.2,-0.25,-0.268912750482,-0.030542951148,-0.0181818181818,-0.243332138505,-0.0773405703161,-0.0434343434343,-0.250469359339,-0.0345084801933,-0.0111111111111,0.0866354202056,0.0199894662943,0.329545454545,0.0702479338843,0.0866354202056,0.329545454545,-0.132380952381,-0.133333333333,-4,-0.0242424242424,-0.0344444444444,0,0,0,18,0,2,90,0.9,1,0,0.1,1,0.9,0.947368421053,0.938314863257,0.9,0.9,5,7,0,0,0,0
228,WLNM_dir_neg,0.867346938776,0.565434565435,00:00:10,10,10,26,1171943275,threshold_sweep,0.3,1,0.714285714286,0.833333333333,5,0,2,14,0.714285714286,1,0,0.285714285714,1,0.714285714286,0.833333333333,0.904761904762,0.587301587302,0.769230769231,0.790569415042,0.714285714286,20,13,7,0,20,0,13,0,7,11,20,0.181818181818,3.04338842975,3.63636363636,2,2.5,1.68954001271,0.464623503495,0.245454545455,1.16774841624,0.642261628933,0.336363636364,1.94000937205,1.06700515463,0.536363636364,1.05689877454,0.347276990411,3.54545454545,3.04338842975,1.05689877454,3.54545454545,0.499047619048,0.4,8,0.0484848484848,0.255555555556,11,11,11,1,0,0.0909090909091,0.636363636364,0.272727272727,11,0.118181818182,3.72727272727,2.36363636364,1.3,1.625,1.43336856898,0.6064251638,0.286713286713,0.603022689156,0.510249967747,0.237762237762,1.40129809949,1.18571377649,0.503496503497,2.05382127221,0.551025219373,7,3.72727272727,2.05382127221,7,0,0,0,0,0.22962962963,11,11,11,1,0,0.0909090909091,0.636363636364,0.272727272727,11,18,0.163636363636,3.11363636364,3.27272727273,1.8,2.25,1.42062726223,0.434080552347,0.227272727273,0.924416277737,0.564921058617,0.292929292929,1.68954001271,1.03249667443,0.525252525253,1.14353419474,0.367266456706,3.875,3.11363636364,1.14353419474,3.875,0.366666666667,0.266666666667,4,0.0242424242424,0.221111111111,11,11,11,1,0,0.0909090909091,0.636363636364,0.272727272727,-2,-0.0181818181818,0.0702479338843,-0.363636363636,-0.2,-0.25,-0.268912750482,-0.030542951148,-0.0181818181818,-0.243332138505,-0.0773405703161,-0.0434343434343,-0.250469359339,-0.0345084801933,-0.0111111111111,0.0866354202056,0.0199894662943,0.329545454545,0.0702479338843,0.0866354202056,0.329545454545,-0.132380952381,-0.133333333333,-4,-0.0242424242424,-0.0344444444444,0,0,0,18,0,2,90,0.9,1,0,0.1,1,0.9,0.947368421053,0.938314863257,0.9,0.9,5,7,0,0,0,0
229,WLNM_dir_neg,0.867346938776,0.565434565435,00:00:10,10,10,26,1171943275,threshold_sweep,0.4,1,0.714285714286,0.833333333333,5,0,2,14,0.714285714286,1,0,0.285714285714,1,0.714285714286,0.833333333333,0.904761904762,0.587301587302,0.769230769231,0.790569415042,0.714285714286,20,13,7,0,20,0,13,0,7,11,20,0.181818181818,3.04338842975,3.63636363636,2,2.5,1.68954001271,0.464623503495,0.245454545455,1.16774841624,0.642261628933,0.336363636364,1.94000937205,1.06700515463,0.536363636364,1.05689877454,0.347276990411,3.54545454545,3.04338842975,1.05689877454,3.54545454545,0.499047619048,0.4,8,0.0484848484848,0.255555555556,11,11,11,1,0,0.0909090909091,0.636363636364,0.272727272727,11,0.118181818182,3.72727272727,2.36363636364,1.3,1.625,1.43336856898,0.6064251638,0.286713286713,0.603022689156,0.510249967747,0.237762237762,1.40129809949,1.18571377649,0.503496503497,2.05382127221,0.551025219373,7,3.72727272727,2.05382127221,7,0,0,0,0,0.22962962963,11,11,11,1,0,0.0909090909091,0.636363636364,0.272727272727,11,18,0.163636363636,3.11363636364,3.27272727273,1.8,2.25,1.42062726223,0.434080552347,0.227272727273,0.924416277737,0.564921058617,0.292929292929,1.68954001271,1.03249667443,0.525252525253,1.14353419474,0.367266456706,3.875,3.11363636364,1.14353419474,3.875,0.366666666667,0.266666666667,4,0.0242424242424,0.221111111111,11,11,11,1,0,0.0909090909091,0.636363636364,0.272727272727,-2,-0.0181818181818,0.0702479338843,-0.363636363636,-0.2,-0.25,-0.268912750482,-0.030542951148,-0.0181818181818,-0.243332138505,-0.0773405703161,-0.0434343434343,-0.250469359339,-0.0345084801933,-0.0111111111111,0.0866354202056,0.0199894662943,0.329545454545,0.0702479338843,0.0866354202056,0.329545454545,-0.132380952381,-0.133333333333,-4,-0.0242424242424,-0.0344444444444,0,0,0,18,0,2,90,0.9,1,0,0.1,1,0.9,0.947368421053,0.938314863257,0.9,0.9,5,7,0,0,0,0
230,WLNM_dir_neg,0.867346938776,0.565434565435,00:00:10,10,10,26,1171943275,threshold_sweep,0.5,1,0.714285714286,0.833333333333,5,0,2,14,0.714285714286,1,0,0.285714285714,1,0.714285714286,0.833333333333,0.904761904762,0.587301587302,0.769230769231,0.790569415042,0.714285714286,20,13,7,0,20,0,13,0,7,11,20,0.181818181818,3.04338842975,3.63636363636,2,2.5,1.68954001271,0.464623503495,0.245454545455,1.16774841624,0.642261628933,0.336363636364,1.94000937205,1.06700515463,0.536363636364,1.05689877454,0.347276990411,3.54545454545,3.04338842975,1.05689877454,3.54545454545,0.499047619048,0.4,8,0.0484848484848,0.255555555556,11,11,11,1,0,0.0909090909091,0.636363636364,0.272727272727,11,0.118181818182,3.72727272727,2.36363636364,1.3,1.625,1.43336856898,0.6064251638,0.286713286713,0.603022689156,0.510249967747,0.237762237762,1.40129809949,1.18571377649,0.503496503497,2.05382127221,0.551025219373,7,3.72727272727,2.05382127221,7,0,0,0,0,0.22962962963,11,11,11,1,0,0.0909090909091,0.636363636364,0.272727272727,11,18,0.163636363636,3.11363636364,3.27272727273,1.8,2.25,1.42062726223,0.434080552347,0.227272727273,0.924416277737,0.564921058617,0.292929292929,1.68954001271,1.03249667443,0.525252525253,1.14353419474,0.367266456706,3.875,3.11363636364,1.14353419474,3.875,0.366666666667,0.266666666667,4,0.0242424242424,0.221111111111,11,11,11,1,0,0.0909090909091,0.636363636364,0.272727272727,-2,-0.0181818181818,0.0702479338843,-0.363636363636,-0.2,-0.25,-0.268912750482,-0.030542951148,-0.0181818181818,-0.243332138505,-0.0773405703161,-0.0434343434343,-0.250469359339,-0.0345084801933,-0.0111111111111,0.0866354202056,0.0199894662943,0.329545454545,0.0702479338843,0.0866354202056,0.329545454545,-0.132380952381,-0.133333333333,-4,-0.0242424242424,-0.0344444444444,0,0,0,18,0,2,90,0.9,1,0,0.1,1,0.9,0.947368421053,0.938314863257,0.9,0.9,5,7,0,0,0,0
231,WLNM_dir_neg,0.867346938776,0.565434565435,00:00:10,10,10,26,1171943275,threshold_sweep,0.6,1,0.714285714286,0.833333333333,5,0,2,14,0.714285714286,1,0,0.285714285714,1,0.714285714286,0.833333333333,0.904761904762,0.587301587302,0.769230769231,0.790569415042,0.714285714286,20,13,7,0,20,0,13,0,7,11,20,0.181818181818,3.04338842975,3.63636363636,2,2.5,1.68954001271,0.464623503495,0.245454545455,1.16774841624,0.642261628933,0.336363636364,1.94000937205,1.06700515463,0.536363636364,1.05689877454,0.347276990411,3.54545454545,3.04338842975,1.05689877454,3.54545454545,0.499047619048,0.4,8,0.0484848484848,0.255555555556,11,11,11,1,0,0.0909090909091,0.636363636364,0.272727272727,11,0.118181818182,3.72727272727,2.36363636364,1.3,1.625,1.43336856898,0.6064251638,0.286713286713,0.603022689156,0.510249967747,0.237762237762,1.40129809949,1.18571377649,0.503496503497,2.05382127221,0.551025219373,7,3.72727272727,2.05382127221,7,0,0,0,0,0.22962962963,11,11,11,1,0,0.0909090909091,0.636363636364,0.272727272727,11,18,0.163636363636,3.11363636364,3.27272727273,1.8,2.25,1.42062726223,0.434080552347,0.227272727273,0.924416277737,0.564921058617,0.292929292929,1.68954001271,1.03249667443,0.525252525253,1.14353419474,0.367266456706,3.875,3.11363636364,1.14353419474,3.875,0.366666666667,0.266666666667,4,0.0242424242424,0.221111111111,11,11,11,1,0,0.0909090909091,0.636363636364,0.272727272727,-2,-0.0181818181818,0.0702479338843,-0.363636363636,-0.2,-0.25,-0.268912750482,-0.030542951148,-0.0181818181818,-0.243332138505,-0.0773405703161,-0.0434343434343,-0.250469359339,-0.0345084801933,-0.0111111111111,0.0866354202056,0.0199894662943,0.329545454545,0.0702479338843,0.0866354202056,0.329545454545,-0.132380952381,-0.133333333333,-4,-0.0242424242424,-0.0344444444444,0,0,0,18,0,2,90,0.9,1,0,0.1,1,0.9,0.947368421053,0.938314863257,0.9,0.9,5,7,0,0,0,0
232,WLNM_dir_neg,0.867346938776,0.565434565435,00:00:10,10,10,26,1171943275,threshold_sweep,0.7,1,0.714285714286,0.833333333333,5,0,2,14,0.714285714286,1,0,0.285714285714,1,0.714285714286,0.833333333333,0.904761904762,0.587301587302,0.769230769231,0.790569415042,0.714285714286,20,13,7,0,20,0,13,0,7,11,20,0.181818181818,3.04338842975,3.63636363636,2,2.5,1.68954001271,0.464623503495,0.245454545455,1.16774841624,0.642261628933,0.336363636364,1.94000937205,1.06700515463,0.536363636364,1.05689877454,0.347276990411,3.54545454545,3.04338842975,1.05689877454,3.54545454545,0.499047619048,0.4,8,0.0484848484848,0.255555555556,11,11,11,1,0,0.0909090909091,0.636363636364,0.272727272727,11,0.118181818182,3.72727272727,2.36363636364,1.3,1.625,1.43336856898,0.6064251638,0.286713286713,0.603022689156,0.510249967747,0.237762237762,1.40129809949,1.18571377649,0.503496503497,2.05382127221,0.551025219373,7,3.72727272727,2.05382127221,7,0,0,0,0,0.22962962963,11,11,11,1,0,0.0909090909091,0.636363636364,0.272727272727,11,18,0.163636363636,3.11363636364,3.27272727273,1.8,2.25,1.42062726223,0.434080552347,0.227272727273,0.924416277737,0.564921058617,0.292929292929,1.68954001271,1.03249667443,0.525252525253,1.14353419474,0.367266456706,3.875,3.11363636364,1.14353419474,3.875,0.366666666667,0.266666666667,4,0.0242424242424,0.221111111111,11,11,11,1,0,0.0909090909091,0.636363636364,0.272727272727,-2,-0.0181818181818,0.0702479338843,-0.363636363636,-0.2,-0.25,-0.268912750482,-0.030542951148,-0.0181818181818,-0.243332138505,-0.0773405703161,-0.0434343434343,-0.250469359339,-0.0345084801933,-0.0111111111111,0.0866354202056,0.0199894662943,0.329545454545,0.0702479338843,0.0866354202056,0.329545454545,-0.132380952381,-0.133333333333,-4,-0.0242424242424,-0.0344444444444,0,0,0,18,0,2,90,0.9,1,0,0.1,1,0.9,0.947368421053,0.938314863257,0.9,0.9,5,7,0,0,0,0
233,WLNM_dir_neg,0.867346938776,0.565434565435,00:00:10,10,10,26,1171943275,threshold_sweep,0.8,1,0.714285714286,0.833333333333,5,0,2,14,0.714285714286,1,0,0.285714285714,1,0.714285714286,0.833333333333,0.904761904762,0.587301587302,0.769230769231,0.790569415042,0.714285714286,20,13,7,0,20,0,13,0,7,11,20,0.181818181818,3.04338842975,3.63636363636,2,2.5,1.68954001271,0.464623503495,0.245454545455,1.16774841624,0.642261628933,0.336363636364,1.94000937205,1.06700515463,0.536363636364,1.05689877454,0.347276990411,3.54545454545,3.04338842975,1.05689877454,3.54545454545,0.499047619048,0.4,8,0.0484848484848,0.255555555556,11,11,11,1,0,0.0909090909091,0.636363636364,0.272727272727,11,0.118181818182,3.72727272727,2.36363636364,1.3,1.625,1.43336856898,0.6064251638,0.286713286713,0.603022689156,0.510249967747,0.237762237762,1.40129809949,1.18571377649,0.503496503497,2.05382127221,0.551025219373,7,3.72727272727,2.05382127221,7,0,0,0,0,0.22962962963,11,11,11,1,0,0.0909090909091,0.636363636364,0.272727272727,11,18,0.163636363636,3.11363636364,3.27272727273,1.8,2.25,1.42062726223,0.434080552347,0.227272727273,0.924416277737,0.564921058617,0.292929292929,1.68954001271,1.03249667443,0.525252525253,1.14353419474,0.367266456706,3.875,3.11363636364,1.14353419474,3.875,0.366666666667,0.266666666667,4,0.0242424242424,0.221111111111,11,11,11,1,0,0.0909090909091,0.636363636364,0.272727272727,-2,-0.0181818181818,0.0702479338843,-0.363636363636,-0.2,-0.25,-0.268912750482,-0.030542951148,-0.0181818181818,-0.243332138505,-0.0773405703161,-0.0434343434343,-0.250469359339,-0.0345084801933,-0.0111111111111,0.0866354202056,0.0199894662943,0.329545454545,0.0702479338843,0.0866354202056,0.329545454545,-0.132380952381,-0.133333333333,-4,-0.0242424242424,-0.0344444444444,0,0,0,18,0,2,90,0.9,1,0,0.1,1,0.9,0.947368421053,0.938314863257,0.9,0.9,5,7,0,0,0,0
234,WLNM_dir_neg,0.867346938776,0.565434565435,00:00:10,10,10,26,1171943275,threshold_sweep,0.9,1,0.714285714286,0.833333333333,5,0,2,14,0.714285714286,1,0,0.285714285714,1,0.714285714286,0.833333333333,0.904761904762,0.587301587302,0.769230769231,0.790569415042,0.714285714286,20,13,7,0,20,0,13,0,7,11,20,0.181818181818,3.04338842975,3.63636363636,2,2.5,1.68954001271,0.464623503495,0.245454545455,1.16774841624,0.642261628933,0.336363636364,1.94000937205,1.06700515463,0.536363636364,1.05689877454,0.347276990411,3.54545454545,3.04338842975,1.05689877454,3.54545454545,0.499047619048,0.4,8,0.0484848484848,0.255555555556,11,11,11,1,0,0.0909090909091,0.636363636364,0.272727272727,11,0.118181818182,3.72727272727,2.36363636364,1.3,1.625,1.43336856898,0.6064251638,0.286713286713,0.603022689156,0.510249967747,0.237762237762,1.40129809949,1.18571377649,0.503496503497,2.05382127221,0.551025219373,7,3.72727272727,2.05382127221,7,0,0,0,0,0.22962962963,11,11,11,1,0,0.0909090909091,0.636363636364,0.272727272727,11,18,0.163636363636,3.11363636364,3.27272727273,1.8,2.25,1.42062726223,0.434080552347,0.227272727273,0.924416277737,0.564921058617,0.292929292929,1.68954001271,1.03249667443,0.525252525253,1.14353419474,0.367266456706,3.875,3.11363636364,1.14353419474,3.875,0.366666666667,0.266666666667,4,0.0242424242424,0.221111111111,11,11,11,1,0,0.0909090909091,0.636363636364,0.272727272727,-2,-0.0181818181818,0.0702479338843,-0.363636363636,-0.2,-0.25,-0.268912750482,-0.030542951148,-0.0181818181818,-0.243332138505,-0.0773405703161,-0.0434343434343,-0.250469359339,-0.0345084801933,-0.0111111111111,0.0866354202056,0.0199894662943,0.329545454545,0.0702479338843,0.0866354202056,0.329545454545,-0.132380952381,-0.133333333333,-4,-0.0242424242424,-0.0344444444444,0,0,0,18,0,2,90,0.9,1,0,0.1,1,0.9,0.947368421053,0.938314863257,0.9,0.9,5,7,0,0,0,0
235,WLNM_dir_neg,0.826530612245,0.524411302983,00:00:10,10,10,27,1171943276,threshold_sweep,0.1,0.833333333333,0.714285714286,0.769230769231,5,1,2,13,0.714285714286,0.928571428571,0.0714285714286,0.285714285714,0.833333333333,0.714285714286,0.769230769231,0.857142857143,0.571428571429,0.666666666667,0.67082039325,0.642857142857,20,13,7,0,20,0,13,0,7,11,20,0.181818181818,3.04338842975,3.63636363636,2,2.5,1.68954001271,0.464623503495,0.245454545455,1.16774841624,0.642261628933,0.336363636364,1.94000937205,1.06700515463,0.536363636364,1.05689877454,0.347276990411,3.54545454545,3.04338842975,1.05689877454,3.54545454545,0.499047619048,0.4,8,0.0484848484848,0.255555555556,11,11,11,1,0,0.0909090909091,0.636363636364,0.272727272727,11,0.118181818182,3.72727272727,2.36363636364,1.3,1.625,1.43336856898,0.6064251638,0.286713286713,0.603022689156,0.510249967747,0.237762237762,1.40129809949,1.18571377649,0.503496503497,2.05382127221,0.551025219373,7,3.72727272727,2.05382127221,7,0,0,0,0,0.22962962963,11,11,11,1,0,0.0909090909091,0.636363636364,0.272727272727,11,19,0.172727272727,3.14772727273,3.45454545455,1.9,2.11111111111,1.36847625947,0.396137864583,0.205741626794,1.00904995822,0.584186817916,0.306220095694,1.61807966991,0.936782966791,0.468899521531,1.18338851637,0.375950142385,3.96875,3.14772727273,1.18338851637,3.96875,0.41,0.3,5,0.030303030303,0.214444444444,11,11,11,1,0,0.0909090909091,0.727272727273,0.181818181818,-1,-0.00909090909091,0.104338842975,-0.181818181818,-0.1,-0.388888888889,-0.321063753241,-0.0684856389122,-0.0397129186603,-0.158698458023,-0.058074811017,-0.0301435406699,-0.321929702137,-0.130222187836,-0.0674641148325,0.126489741835,0.0286731519741,0.423295454545,0.104338842975,0.126489741835,0.423295454545,-0.0890476190476,-0.1,-3,-0.0181818181818,-0.0411111111111,0,0.0909090909091,-0.0909090909091,18,1,2,89,0.9,0.988888888889,0.0111111111111,0.1,0.947368421053,0.9,0.923076923077,0.906956031802,0.888888888889,0.857142857143,6,7,0,0,0,0
236,WLNM_dir_neg,0.826530612245,0.524411302983,00:00:10,10,10,27,1171943276,threshold_sweep,0.2,0.8,0.571428571429,0.666666666667,4,1,3,13,0.571428571429,0.928571428571,0.0714285714286,0.428571428571,0.8,0.571428571429,0.666666666667,0.809523809524,0.587301587302,0.538461538462,0.553398590529,0.5,20,13,7,0,20,0,13,0,7,11,20,0.181818181818,3.04338842975,3.63636363636,2,2.5,1.68954001271,0.464623503495,0.245454545455,1.16774841624,0.642261628933,0.336363636364,1.94000937205,1.06700515463,0.536363636364,1.05689877454,0.347276990411,3.54545454545,3.04338842975,1.05689877454,3.54545454545,0.499047619048,0.4,8,0.0484848484848,0.255555555556,11,11,11,1,0,0.0909090909091,0.636363636364,0.272727272727,11,0.118181818182,3.72727272727,2.36363636364,1.3,1.625,1.43336856898,0.6064251638,0.286713286713,0.603022689156,0.510249967747,0.237762237762,1.40129809949,1.18571377649,0.503496503497,2.05382127221,0.551025219373,7,3.72727272727,2.05382127221,7,0,0,0,0,0.22962962963,11,11,11,1,0,0.0909090909091,0.636363636364,0.272727272727,11,18,0.163636363636,3.19545454545,3.27272727273,1.8,2,1.27207775634,0.388690425549,0.191919191919,0.924416277737,0.564921058617,0.292929292929,1.50151438706,0.917592125425,0.454545454545,1.25766739352,0.39358012315,4.1,3.19545454545,1.25766739352,4.1,0.346666666667,0.272727272727,4,0.0242424242424,0.198888888889,11,11,11,1,0,0.0909090909091,0.727272727273,0.181818181818,-2,-0.0181818181818,0.152066115702,-0.363636363636,-0.2,-0.5,-0.417462256367,-0.0759330779459,-0.0535353535354,-0.243332138505,-0.0773405703161,-0.0434343434343,-0.438494984989,-0.149413029202,-0.0818181818182,0.200768618985,0.0463031327391,0.554545454545,0.152066115702,0.200768618985,0.554545454545,-0.152380952381,-0.127272727273,-4,-0.0242424242424,-0.0566666666667,0,0.0909090909091,-0.0909090909091,17,1,3,89,0.85,0.988888888889,0.0111111111111,0.15,0.944444444444,0.85,0.894736842105,0.874602125628,0.838888888889,0.809523809524,5,7,0,0,0,0
237,WLNM_dir_neg,0.826530612245,0.524411302983,00:00:10,10,10,27,1171943276,threshold_sweep,0.3,1,0.571428571429,0.727272727273,4,0,3,14,0.571428571429,1,0,0.428571428571,1,0.571428571429,0.727272727273,0.857142857143,0.603174603175,0.64,0.68599434057,0.571428571429,20,13,7,0,20,0,13,0,7,11,20,0.181818181818,3.04338842975,3.63636363636,2,2.5,1.68954001271,0.464623503495,0.245454545455,1.16774841624,0.642261628933,0.336363636364,1.94000937205,1.06700515463,0.536363636364,1.05689877454,0.347276990411,3.54545454545,3.04338842975,1.05689877454,3.54545454545,0.499047619048,0.4,8,0.0484848484848,0.255555555556,11,11,11,1,0,0.0909090909091,0.636363636364,0.272727272727,11,0.118181818182,3.72727272727,2.36363636364,1.3,1.625,1.43336856898,0.6064251638,0.286713286713,0.603022689156,0.510249967747,0.237762237762,1.40129809949,1.18571377649,0.503496503497,2.05382127221,0.551025219373,7,3.72727272727,2.05382127221,7,0,0,0,0,0.22962962963,11,11,11,1,0,0.0909090909091,0.636363636364,0.272727272727,11,17,0.154545454545,3.15909090909,3.09090909091,1.7,2.125,1.30034960334,0.420701342257,0.208556149733,0.820199532265,0.530717344407,0.267379679144,1.57249078621,1.01749403814,0.513368983957,1.21589847064,0.38488872452,4,3.15909090909,1.21589847064,4,0.296666666667,0.230769230769,3,0.0181818181818,0.203703703704,11,11,11,1,0,0.0909090909091,0.636363636364,0.272727272727,-3,-0.0272727272727,0.115702479339,-0.545454545455,-0.3,-0.375,-0.389190409368,-0.0439221612377,-0.0368983957219,-0.347548883978,-0.111544284527,-0.0689839572193,-0.367518585835,-0.0495111164884,-0.0229946524064,0.158999696105,0.0376117341084,0.454545454545,0.115702479339,0.158999696105,0.454545454545,-0.202380952381,-0.169230769231,-5,-0.030303030303,-0.0518518518519,0,0,0,17,0,3,90,0.85,1,0,0.15,1,0.85,0.918918918919,0.906962317388,0.85,0.85,4,7,0,0,0,0
238,WLNM_dir_neg,0.826530612245,0.524411302983,00:00:10,10,10,27,1171943276,threshold_sweep,0.4,1,0.571428571429,0.727272727273,4,0,3,14,0.571428571429,1,0,0.428571428571,1,0.571428571429,0.727272727273,0.857142857143,0.603174603175,0.64,0.68599434057,0.571428571429,20,13,7,0,20,0,13,0,7,11,20,0.181818181818,3.04338842975,3.63636363636,2,2.5,1.68954001271,0.464623503495,0.245454545455,1.16774841624,0.642261628933,0.336363636364,1.94000937205,1.06700515463,0.536363636364,1.05689877454,0.347276990411,3.54545454545,3.04338842975,1.05689877454,3.54545454545,0.499047619048,0.4,8,0.0484848484848,0.255555555556,11,11,11,1,0,0.0909090909091,0.636363636364,0.272727272727,11,0.118181818182,3.72727272727,2.36363636364,1.3,1.625,1.43336856898,0.6064251638,0.286713286713,0.603022689156,0.510249967747,0.237762237762,1.40129809949,1.18571377649,0.503496503497,2.05382127221,0.551025219373,7,3.72727272727,2.05382127221,7,0,0,0,0,0.22962962963,11,11,11,1,0,0.0909090909091,0.636363636364,0.272727272727,11,17,0.154545454545,3.15909090909,3.09090909091,1.7,2.125,1.30034960334,0.420701342257,0.208556149733,0.820199532265,0.530717344407,0.267379679144,1.57249078621,1.01749403814,0.513368983957,1.21589847064,0.38488872452,4,3.15909090909,1.21589847064,4,0.296666666667,0.230769230769,3,0.0181818181818,0.203703703704,11,11,11,1,0,0.0909090909091,0.636363636364,0.272727272727,-3,-0.0272727272727,0.115702479339,-0.545454545455,-0.3,-0.375,-0.389190409368,-0.0439221612377,-0.0368983957219,-0.347548883978,-0.111544284527,-0.0689839572193,-0.367518585835,-0.0495111164884,-0.0229946524064,0.158999696105,0.0376117341084,0.454545454545,0.115702479339,0.158999696105,0.454545454545,-0.202380952381,-0.169230769231,-5,-0.030303030303,-0.0518518518519,0,0,0,17,0,3,90,0.85,1,0,0.15,1,0.85,0.918918918919,0.906962317388,0.85,0.85,4,7,0,0,0,0
239,WLNM_dir_neg,0.826530612245,0.524411302983,00:00:10,10,10,27,1171943276,threshold_sweep,0.5,1,0.571428571429,0.727272727273,4,0,3,14,0.571428571429,1,0,0.428571428571,1,0.571428571429,0.727272727273,0.857142857143,0.603174603175,0.64,0.68599434057,0.571428571429,20,13,7,0,20,0,13,0,7,11,20,0.181818181818,3.04338842975,3.63636363636,2,2.5,1.68954001271,0.464623503495,0.245454545455,1.16774841624,0.642261628933,0.336363636364,1.94000937205,1.06700515463,0.536363636364,1.05689877454,0.347276990411,3.54545454545,3.04338842975,1.05689877454,3.54545454545,0.499047619048,0.4,8,0.0484848484848,0.255555555556,11,11,11,1,0,0.0909090909091,0.636363636364,0.272727272727,11,0.118181818182,3.72727272727,2.36363636364,1.3,1.625,1.43336856898,0.6064251638,0.286713286713,0.603022689156,0.510249967747,0.237762237762,1.40129809949,1.18571377649,0.503496503497,2.05382127221,0.551025219373,7,3.72727272727,2.05382127221,7,0,0,0,0,0.22962962963,11,11,11,1,0,0.0909090909091,0.636363636364,0.272727272727,11,17,0.154545454545,3.15909090909,3.09090909091,1.7,2.125,1.30034960334,0.420701342257,0.208556149733,0.820199532265,0.530717344407,0.267379679144,1.57249078621,1.01749403814,0.513368983957,1.21589847064,0.38488872452,4,3.15909090909,1.21589847064,4,0.296666666667,0.230769230769,3,0.0181818181818,0.203703703704,11,11,11,1,0,0.0909090909091,0.636363636364,0.272727272727,-3,-0.0272727272727,0.115702479339,-0.545454545455,-0.3,-0.375,-0.389190409368,-0.0439221612377,-0.0368983957219,-0.347548883978,-0.111544284527,-0.0689839572193,-0.367518585835,-0.0495111164884,-0.0229946524064,0.158999696105,0.0376117341084,0.454545454545,0.115702479339,0.158999696105,0.454545454545,-0.202380952381,-0.169230769231,-5,-0.030303030303,-0.0518518518519,0,0,0,17,0,3,90,0.85,1,0,0.15,1,0.85,0.918918918919,0.906962317388,0.85,0.85,4,7,0,0,0,0
240,WLNM_dir_neg,0.826530612245,0.524411302983,00:00:10,10,10,27,1171943276,threshold_sweep,0.6,1,0.571428571429,0.727272727273,4,0,3,14,0.571428571429,1,0,0.428571428571,1,0.571428571429,0.727272727273,0.857142857143,0.603174603175,0.64,0.68599434057,0.571428571429,20,13,7,0,20,0,13,0,7,11,20,0.181818181818,3.04338842975,3.63636363636,2,2.5,1.68954001271,0.464623503495,0.245454545455,1.16774841624,0.642261628933,0.336363636364,1.94000937205,1.06700515463,0.536363636364,1.05689877454,0.347276990411,3.54545454545,3.04338842975,1.05689877454,3.54545454545,0.499047619048,0.4,8,0.0484848484848,0.255555555556,11,11,11,1,0,0.0909090909091,0.636363636364,0.272727272727,11,0.118181818182,3.72727272727,2.36363636364,1.3,1.625,1.43336856898,0.6064251638,0.286713286713,0.603022689156,0.510249967747,0.237762237762,1.40129809949,1.18571377649,0.503496503497,2.05382127221,0.551025219373,7,3.72727272727,2.05382127221,7,0,0,0,0,0.22962962963,11,11,11,1,0,0.0909090909091,0.636363636364,0.272727272727,11,17,0.154545454545,3.15909090909,3.09090909091,1.7,2.125,1.30034960334,0.420701342257,0.208556149733,0.820199532265,0.530717344407,0.267379679144,1.57249078621,1.01749403814,0.513368983957,1.21589847064,0.38488872452,4,3.15909090909,1.21589847064,4,0.296666666667,0.230769230769,3,0.0181818181818,0.203703703704,11,11,11,1,0,0.0909090909091,0.636363636364,0.272727272727,-3,-0.0272727272727,0.115702479339,-0.545454545455,-0.3,-0.375,-0.389190409368,-0.0439221612377,-0.0368983957219,-0.347548883978,-0.111544284527,-0.0689839572193,-0.367518585835,-0.0495111164884,-0.0229946524064,0.158999696105,0.0376117341084,0.454545454545,0.115702479339,0.158999696105,0.454545454545,-0.202380952381,-0.169230769231,-5,-0.030303030303,-0.0518518518519,0,0,0,17,0,3,90,0.85,1,0,0.15,1,0.85,0.918918918919,0.906962317388,0.85,0.85,4,7,0,0,0,0
241,WLNM_dir_neg,0.826530612245,0.524411302983,00:00:10,10,10,27,1171943276,threshold_sweep,0.7,1,0.571428571429,0.727272727273,4,0,3,14,0.571428571429,1,0,0.428571428571,1,0.571428571429,0.727272727273,0.857142857143,0.603174603175,0.64,0.68599434057,0.571428571429,20,13,7,0,20,0,13,0,7,11,20,0.181818181818,3.04338842975,3.63636363636,2,2.5,1.68954001271,0.464623503495,0.245454545455,1.16774841624,0.642261628933,0.336363636364,1.94000937205,1.06700515463,0.536363636364,1.05689877454,0.347276990411,3.54545454545,3.04338842975,1.05689877454,3.54545454545,0.499047619048,0.4,8,0.0484848484848,0.255555555556,11,11,11,1,0,0.0909090909091,0.636363636364,0.272727272727,11,0.118181818182,3.72727272727,2.36363636364,1.3,1.625,1.43336856898,0.6064251638,0.286713286713,0.603022689156,0.510249967747,0.237762237762,1.40129809949,1.18571377649,0.503496503497,2.05382127221,0.551025219373,7,3.72727272727,2.05382127221,7,0,0,0,0,0.22962962963,11,11,11,1,0,0.0909090909091,0.636363636364,0.272727272727,11,17,0.154545454545,3.15909090909,3.09090909091,1.7,2.125,1.30034960334,0.420701342257,0.208556149733,0.820199532265,0.530717344407,0.267379679144,1.57249078621,1.01749403814,0.513368983957,1.21589847064,0.38488872452,4,3.15909090909,1.21589847064,4,0.296666666667,0.230769230769,3,0.0181818181818,0.203703703704,11,11,11,1,0,0.0909090909091,0.636363636364,0.272727272727,-3,-0.0272727272727,0.115702479339,-0.545454545455,-0.3,-0.375,-0.389190409368,-0.0439221612377,-0.0368983957219,-0.347548883978,-0.111544284527,-0.0689839572193,-0.367518585835,-0.0495111164884,-0.0229946524064,0.158999696105,0.0376117341084,0.454545454545,0.115702479339,0.158999696105,0.454545454545,-0.202380952381,-0.169230769231,-5,-0.030303030303,-0.0518518518519,0,0,0,17,0,3,90,0.85,1,0,0.15,1,0.85,0.918918918919,0.906962317388,0.85,0.85,4,7,0,0,0,0
242,WLNM_dir_neg,0.826530612245,0.524411302983,00:00:10,10,10,27,1171943276,threshold_sweep,0.8,1,0.571428571429,0.727272727273,4,0,3,14,0.571428571429,1,0,0.428571428571,1,0.571428571429,0.727272727273,0.857142857143,0.603174603175,0.64,0.68599434057,0.571428571429,20,13,7,0,20,0,13,0,7,11,20,0.181818181818,3.04338842975,3.63636363636,2,2.5,1.68954001271,0.464623503495,0.245454545455,1.16774841624,0.642261628933,0.336363636364,1.94000937205,1.06700515463,0.536363636364,1.05689877454,0.347276990411,3.54545454545,3.04338842975,1.05689877454,3.54545454545,0.499047619048,0.4,8,0.0484848484848,0.255555555556,11,11,11,1,0,0.0909090909091,0.636363636364,0.272727272727,11,0.118181818182,3.72727272727,2.36363636364,1.3,1.625,1.43336856898,0.6064251638,0.286713286713,0.603022689156,0.510249967747,0.237762237762,1.40129809949,1.18571377649,0.503496503497,2.05382127221,0.551025219373,7,3.72727272727,2.05382127221,7,0,0,0,0,0.22962962963,11,11,11,1,0,0.0909090909091,0.636363636364,0.272727272727,11,17,0.154545454545,3.15909090909,3.09090909091,1.7,2.125,1.30034960334,0.420701342257,0.208556149733,0.820199532265,0.530717344407,0.267379679144,1.57249078621,1.01749403814,0.513368983957,1.21589847064,0.38488872452,4,3.15909090909,1.21589847064,4,0.296666666667,0.230769230769,3,0.0181818181818,0.203703703704,11,11,11,1,0,0.0909090909091,0.636363636364,0.272727272727,-3,-0.0272727272727,0.115702479339,-0.545454545455,-0.3,-0.375,-0.389190409368,-0.0439221612377,-0.0368983957219,-0.347548883978,-0.111544284527,-0.0689839572193,-0.367518585835,-0.0495111164884,-0.0229946524064,0.158999696105,0.0376117341084,0.454545454545,0.115702479339,0.158999696105,0.454545454545,-0.202380952381,-0.169230769231,-5,-0.030303030303,-0.0518518518519,0,0,0,17,0,3,90,0.85,1,0,0.15,1,0.85,0.918918918919,0.906962317388,0.85,0.85,4,7,0,0,0,0
243,WLNM_dir_neg,0.826530612245,0.524411302983,00:00:10,10,10,27,1171943276,threshold_sweep,0.9,1,0.571428571429,0.727272727273,4,0,3,14,0.571428571429,1,0,0.428571428571,1,0.571428571429,0.727272727273,0.857142857143,0.603174603175,0.64,0.68599434057,0.571428571429,20,13,7,0,20,0,13,0,7,11,20,0.181818181818,3.04338842975,3.63636363636,2,2.5,1.68954001271,0.464623503495,0.245454545455,1.16774841624,0.642261628933,0.336363636364,1.94000937205,1.06700515463,0.536363636364,1.05689877454,0.347276990411,3.54545454545,3.04338842975,1.05689877454,3.54545454545,0.499047619048,0.4,8,0.0484848484848,0.255555555556,11,11,11,1,0,0.0909090909091,0.636363636364,0.272727272727,11,0.118181818182,3.72727272727,2.36363636364,1.3,1.625,1.43336856898,0.6064251638,0.286713286713,0.603022689156,0.510249967747,0.237762237762,1.40129809949,1.18571377649,0.503496503497,2.05382127221,0.551025219373,7,3.72727272727,2.05382127221,7,0,0,0,0,0.22962962963,11,11,11,1,0,0.0909090909091,0.636363636364,0.272727272727,11,17,0.154545454545,3.15909090909,3.09090909091,1.7,2.125,1.30034960334,0.420701342257,0.208556149733,0.820199532265,0.530717344407,0.267379679144,1.57249078621,1.01749403814,0.513368983957,1.21589847064,0.38488872452,4,3.15909090909,1.21589847064,4,0.296666666667,0.230769230769,3,0.0181818181818,0.203703703704,11,11,11,1,0,0.0909090909091,0.636363636364,0.272727272727,-3,-0.0272727272727,0.115702479339,-0.545454545455,-0.3,-0.375,-0.389190409368,-0.0439221612377,-0.0368983957219,-0.347548883978,-0.111544284527,-0.0689839572193,-0.367518585835,-0.0495111164884,-0.0229946524064,0.158999696105,0.0376117341084,0.454545454545,0.115702479339,0.158999696105,0.454545454545,-0.202380952381,-0.169230769231,-5,-0.030303030303,-0.0518518518519,0,0,0,17,0,3,90,0.85,1,0,0.15,1,0.85,0.918918918919,0.906962317388,0.85,0.85,4,7,0,0,0,0
244,WLNM_dir_neg,0.857142857143,0.705925324675,00:00:10,10,10,28,1171943277,threshold_sweep,0.1,0.714285714286,0.714285714286,0.714285714286,5,2,2,12,0.714285714286,0.857142857143,0.142857142857,0.285714285714,0.714285714286,0.714285714286,0.714285714286,0.809523809524,0.555555555556,0.571428571429,0.571428571429,0.571428571429,20,13,7,0,20,0,13,0,7,11,20,0.181818181818,3.04338842975,3.63636363636,2,2.5,1.68954001271,0.464623503495,0.245454545455,1.16774841624,0.642261628933,0.336363636364,1.94000937205,1.06700515463,0.536363636364,1.05689877454,0.347276990411,3.54545454545,3.04338842975,1.05689877454,3.54545454545,0.499047619048,0.4,8,0.0484848484848,0.255555555556,11,11,11,1,0,0.0909090909091,0.636363636364,0.272727272727,11,0.118181818182,3.72727272727,2.36363636364,1.3,1.625,1.43336856898,0.6064251638,0.286713286713,0.603022689156,0.510249967747,0.237762237762,1.40129809949,1.18571377649,0.503496503497,2.05382127221,0.551025219373,7,3.72727272727,2.05382127221,7,0,0,0,0,0.22962962963,11,11,11,1,0,0.0909090909091,0.636363636364,0.272727272727,11,20,0.181818181818,4.71590909091,3.63636363636,2,2.22222222222,1.68954001271,0.464623503495,0.236363636364,0.981649817214,0.539907399468,0.281818181818,1.77866139657,0.978263768112,0.481818181818,1.67799594029,0.355816006616,5.90625,4.71590909091,1.67799594029,5.90625,0.41,0.3,5,0.030303030303,0.231111111111,11,11,11,1,0,0.0909090909091,0.727272727273,0.181818181818,0,0,1.67252066116,0,0,-0.277777777778,0,0,-0.00909090909091,-0.186098599028,-0.102354229466,-0.0545454545455,-0.161347975482,-0.0887413865151,-0.0545454545455,0.621097165754,0.00853901620449,2.36079545455,1.67252066116,0.621097165754,2.36079545455,-0.0890476190476,-0.1,-3,-0.0181818181818,-0.0244444444444,0,0.0909090909091,-0.0909090909091,18,2,2,88,0.9,0.977777777778,0.0222222222222,0.1,0.9,0.9,0.9,0.877777777778,0.877777777778,0.818181818182,7,7,0,0,0,0
245,WLNM_dir_neg,0.857142857143,0.705925324675,00:00:10,10,10,28,1171943277,threshold_sweep,0.2,0.714285714286,0.714285714286,0.714285714286,5,2,2,12,0.714285714286,0.857142857143,0.142857142857,0.285714285714,0.714285714286,0.714285714286,0.714285714286,0.809523809524,0.555555555556,0.571428571429,0.571428571429,0.571428571429,20,13,7,0,20,0,13,0,7,11,20,0.181818181818,3.04338842975,3.63636363636,2,2.5,1.68954001271,0.464623503495,0.245454545455,1.16774841624,0.642261628933,0.336363636364,1.94000937205,1.06700515463,0.536363636364,1.05689877454,0.347276990411,3.54545454545,3.04338842975,1.05689877454,3.54545454545,0.499047619048,0.4,8,0.0484848484848,0.255555555556,11,11,11,1,0,0.0909090909091,0.636363636364,0.272727272727,11,0.118181818182,3.72727272727,2.36363636364,1.3,1.625,1.43336856898,0.6064251638,0.286713286713,0.603022689156,0.510249967747,0.237762237762,1.40129809949,1.18571377649,0.503496503497,2.05382127221,0.551025219373,7,3.72727272727,2.05382127221,7,0,0,0,0,0.22962962963,11,11,11,1,0,0.0909090909091,0.636363636364,0.272727272727,11,20,0.181818181818,4.71590909091,3.63636363636,2,2.22222222222,1.68954001271,0.464623503495,0.236363636364,0.981649817214,0.539907399468,0.281818181818,1.77866139657,0.978263768112,0.481818181818,1.67799594029,0.355816006616,5.90625,4.71590909091,1.67799594029,5.90625,0.41,0.3,5,0.030303030303,0.231111111111,11,11,11,1,0,0.0909090909091,0.727272727273,0.181818181818,0,0,1.67252066116,0,0,-0.277777777778,0,0,-0.00909090909091,-0.186098599028,-0.102354229466,-0.0545454545455,-0.161347975482,-0.0887413865151,-0.0545454545455,0.621097165754,0.00853901620449,2.36079545455,1.67252066116,0.621097165754,2.36079545455,-0.0890476190476,-0.1,-3,-0.0181818181818,-0.0244444444444,0,0.0909090909091,-0.0909090909091,18,2,2,88,0.9,0.977777777778,0.0222222222222,0.1,0.9,0.9,0.9,0.877777777778,0.877777777778,0.818181818182,7,7,0,0,0,0
246,WLNM_dir_neg,0.857142857143,0.705925324675,00:00:10,10,10,28,1171943277,threshold_sweep,0.3,0.714285714286,0.714285714286,0.714285714286,5,2,2,12,0.714285714286,0.857142857143,0.142857142857,0.285714285714,0.714285714286,0.714285714286,0.714285714286,0.809523809524,0.555555555556,0.571428571429,0.571428571429,0.571428571429,20,13,7,0,20,0,13,0,7,11,20,0.181818181818,3.04338842975,3.63636363636,2,2.5,1.68954001271,0.464623503495,0.245454545455,1.16774841624,0.642261628933,0.336363636364,1.94000937205,1.06700515463,0.536363636364,1.05689877454,0.347276990411,3.54545454545,3.04338842975,1.05689877454,3.54545454545,0.499047619048,0.4,8,0.0484848484848,0.255555555556,11,11,11,1,0,0.0909090909091,0.636363636364,0.272727272727,11,0.118181818182,3.72727272727,2.36363636364,1.3,1.625,1.43336856898,0.6064251638,0.286713286713,0.603022689156,0.510249967747,0.237762237762,1.40129809949,1.18571377649,0.503496503497,2.05382127221,0.551025219373,7,3.72727272727,2.05382127221,7,0,0,0,0,0.22962962963,11,11,11,1,0,0.0909090909091,0.636363636364,0.272727272727,11,20,0.181818181818,4.71590909091,3.63636363636,2,2.22222222222,1.68954001271,0.464623503495,0.236363636364,0.981649817214,0.539907399468,0.281818181818,1.77866139657,0.978263768112,0.481818181818,1.67799594029,0.355816006616,5.90625,4.71590909091,1.67799594029,5.90625,0.41,0.3,5,0.030303030303,0.231111111111,11,11,11,1,0,0.0909090909091,0.727272727273,0.181818181818,0,0,1.67252066116,0,0,-0.277777777778,0,0,-0.00909090909091,-0.186098599028,-0.102354229466,-0.0545454545455,-0.161347975482,-0.0887413865151,-0.0545454545455,0.621097165754,0.00853901620449,2.36079545455,1.67252066116,0.621097165754,2.36079545455,-0.0890476190476,-0.1,-3,-0.0181818181818,-0.0244444444444,0,0.0909090909091,-0.0909090909091,18,2,2,88,0.9,0.977777777778,0.0222222222222,0.1,0.9,0.9,0.9,0.877777777778,0.877777777778,0.818181818182,7,7,0,0,0,0
247,WLNM_dir_neg,0.857142857143,0.705925324675,00:00:10,10,10,28,1171943277,threshold_sweep,0.4,0.714285714286,0.714285714286,0.714285714286,5,2,2,12,0.714285714286,0.857142857143,0.142857142857,0.285714285714,0.714285714286,0.714285714286,0.714285714286,0.809523809524,0.555555555556,0.571428571429,0.571428571429,0.571428571429,20,13,7,0,20,0,13,0,7,11,20,0.181818181818,3.04338842975,3.63636363636,2,2.5,1.68954001271,0.464623503495,0.245454545455,1.16774841624,0.642261628933,0.336363636364,1.94000937205,1.06700515463,0.536363636364,1.05689877454,0.347276990411,3.54545454545,3.04338842975,1.05689877454,3.54545454545,0.499047619048,0.4,8,0.0484848484848,0.255555555556,11,11,11,1,0,0.0909090909091,0.636363636364,0.272727272727,11,0.118181818182,3.72727272727,2.36363636364,1.3,1.625,1.43336856898,0.6064251638,0.286713286713,0.603022689156,0.510249967747,0.237762237762,1.40129809949,1.18571377649,0.503496503497,2.05382127221,0.551025219373,7,3.72727272727,2.05382127221,7,0,0,0,0,0.22962962963,11,11,11,1,0,0.0909090909091,0.636363636364,0.272727272727,11,20,0.181818181818,4.71590909091,3.63636363636,2,2.22222222222,1.68954001271,0.464623503495,0.236363636364,0.981649817214,0.539907399468,0.281818181818,1.77866139657,0.978263768112,0.481818181818,1.67799594029,0.355816006616,5.90625,4.71590909091,1.67799594029,5.90625,0.41,0.3,5,0.030303030303,0.231111111111,11,11,11,1,0,0.0909090909091,0.727272727273,0.181818181818,0,0,1.67252066116,0,0,-0.277777777778,0,0,-0.00909090909091,-0.186098599028,-0.102354229466,-0.0545454545455,-0.161347975482,-0.0887413865151,-0.0545454545455,0.621097165754,0.00853901620449,2.36079545455,1.67252066116,0.621097165754,2.36079545455,-0.0890476190476,-0.1,-3,-0.0181818181818,-0.0244444444444,0,0.0909090909091,-0.0909090909091,18,2,2,88,0.9,0.977777777778,0.0222222222222,0.1,0.9,0.9,0.9,0.877777777778,0.877777777778,0.818181818182,7,7,0,0,0,0
248,WLNM_dir_neg,0.857142857143,0.705925324675,00:00:10,10,10,28,1171943277,threshold_sweep,0.5,0.714285714286,0.714285714286,0.714285714286,5,2,2,12,0.714285714286,0.857142857143,0.142857142857,0.285714285714,0.714285714286,0.714285714286,0.714285714286,0.809523809524,0.555555555556,0.571428571429,0.571428571429,0.571428571429,20,13,7,0,20,0,13,0,7,11,20,0.181818181818,3.04338842975,3.63636363636,2,2.5,1.68954001271,0.464623503495,0.245454545455,1.16774841624,0.642261628933,0.336363636364,1.94000937205,1.06700515463,0.536363636364,1.05689877454,0.347276990411,3.54545454545,3.04338842975,1.05689877454,3.54545454545,0.499047619048,0.4,8,0.0484848484848,0.255555555556,11,11,11,1,0,0.0909090909091,0.636363636364,0.272727272727,11,0.118181818182,3.72727272727,2.36363636364,1.3,1.625,1.43336856898,0.6064251638,0.286713286713,0.603022689156,0.510249967747,0.237762237762,1.40129809949,1.18571377649,0.503496503497,2.05382127221,0.551025219373,7,3.72727272727,2.05382127221,7,0,0,0,0,0.22962962963,11,11,11,1,0,0.0909090909091,0.636363636364,0.272727272727,11,20,0.181818181818,4.71590909091,3.63636363636,2,2.22222222222,1.68954001271,0.464623503495,0.236363636364,0.981649817214,0.539907399468,0.281818181818,1.77866139657,0.978263768112,0.481818181818,1.67799594029,0.355816006616,5.90625,4.71590909091,1.67799594029,5.90625,0.41,0.3,5,0.030303030303,0.231111111111,11,11,11,1,0,0.0909090909091,0.727272727273,0.181818181818,0,0,1.67252066116,0,0,-0.277777777778,0,0,-0.00909090909091,-0.186098599028,-0.102354229466,-0.0545454545455,-0.161347975482,-0.0887413865151,-0.0545454545455,0.621097165754,0.00853901620449,2.36079545455,1.67252066116,0.621097165754,2.36079545455,-0.0890476190476,-0.1,-3,-0.0181818181818,-0.0244444444444,0,0.0909090909091,-0.0909090909091,18,2,2,88,0.9,0.977777777778,0.0222222222222,0.1,0.9,0.9,0.9,0.877777777778,0.877777777778,0.818181818182,7,7,0,0,0,0
249,WLNM_dir_neg,0.857142857143,0.705925324675,00:00:10,10,10,28,1171943277,threshold_sweep,0.6,0.714285714286,0.714285714286,0.714285714286,5,2,2,12,0.714285714286,0.857142857143,0.142857142857,0.285714285714,0.714285714286,0.714285714286,0.714285714286,0.809523809524,0.555555555556,0.571428571429,0.571428571429,0.571428571429,20,13,7,0,20,0,13,0,7,11,20,0.181818181818,3.04338842975,3.63636363636,2,2.5,1.68954001271,0.464623503495,0.245454545455,1.16774841624,0.642261628933,0.336363636364,1.94000937205,1.06700515463,0.536363636364,1.05689877454,0.347276990411,3.54545454545,3.04338842975,1.05689877454,3.54545454545,0.499047619048,0.4,8,0.0484848484848,0.255555555556,11,11,11,1,0,0.0909090909091,0.636363636364,0.272727272727,11,0.118181818182,3.72727272727,2.36363636364,1.3,1.625,1.43336856898,0.6064251638,0.286713286713,0.603022689156,0.510249967747,0.237762237762,1.40129809949,1.18571377649,0.503496503497,2.05382127221,0.551025219373,7,3.72727272727,2.05382127221,7,0,0,0,0,0.22962962963,11,11,11,1,0,0.0909090909091,0.636363636364,0.272727272727,11,20,0.181818181818,4.71590909091,3.63636363636,2,2.22222222222,1.68954001271,0.464623503495,0.236363636364,0.981649817214,0.539907399468,0.281818181818,1.77866139657,0.978263768112,0.481818181818,1.67799594029,0.355816006616,5.90625,4.71590909091,1.67799594029,5.90625,0.41,0.3,5,0.030303030303,0.231111111111,11,11,11,1,0,0.0909090909091,0.727272727273,0.181818181818,0,0,1.67252066116,0,0,-0.277777777778,0,0,-0.00909090909091,-0.186098599028,-0.102354229466,-0.0545454545455,-0.161347975482,-0.0887413865151,-0.0545454545455,0.621097165754,0.00853901620449,2.36079545455,1.67252066116,0.621097165754,2.36079545455,-0.0890476190476,-0.1,-3,-0.0181818181818,-0.0244444444444,0,0.0909090909091,-0.0909090909091,18,2,2,88,0.9,0.977777777778,0.0222222222222,0.1,0.9,0.9,0.9,0.877777777778,0.877777777778,0.818181818182,7,7,0,0,0,0
250,WLNM_dir_neg,0.857142857143,0.705925324675,00:00:10,10,10,28,1171943277,threshold_sweep,0.7,0.714285714286,0.714285714286,0.714285714286,5,2,2,12,0.714285714286,0.857142857143,0.142857142857,0.285714285714,0.714285714286,0.714285714286,0.714285714286,0.809523809524,0.555555555556,0.571428571429,0.571428571429,0.571428571429,20,13,7,0,20,0,13,0,7,11,20,0.181818181818,3.04338842975,3.63636363636,2,2.5,1.68954001271,0.464623503495,0.245454545455,1.16774841624,0.642261628933,0.336363636364,1.94000937205,1.06700515463,0.536363636364,1.05689877454,0.347276990411,3.54545454545,3.04338842975,1.05689877454,3.54545454545,0.499047619048,0.4,8,0.0484848484848,0.255555555556,11,11,11,1,0,0.0909090909091,0.636363636364,0.272727272727,11,0.118181818182,3.72727272727,2.36363636364,1.3,1.625,1.43336856898,0.6064251638,0.286713286713,0.603022689156,0.510249967747,0.237762237762,1.40129809949,1.18571377649,0.503496503497,2.05382127221,0.551025219373,7,3.72727272727,2.05382127221,7,0,0,0,0,0.22962962963,11,11,11,1,0,0.0909090909091,0.636363636364,0.272727272727,11,20,0.181818181818,4.71590909091,3.63636363636,2,2.22222222222,1.68954001271,0.464623503495,0.236363636364,0.981649817214,0.539907399468,0.281818181818,1.77866139657,0.978263768112,0.481818181818,1.67799594029,0.355816006616,5.90625,4.71590909091,1.67799594029,5.90625,0.41,0.3,5,0.030303030303,0.231111111111,11,11,11,1,0,0.0909090909091,0.727272727273,0.181818181818,0,0,1.67252066116,0,0,-0.277777777778,0,0,-0.00909090909091,-0.186098599028,-0.102354229466,-0.0545454545455,-0.161347975482,-0.0887413865151,-0.0545454545455,0.621097165754,0.00853901620449,2.36079545455,1.67252066116,0.621097165754,2.36079545455,-0.0890476190476,-0.1,-3,-0.0181818181818,-0.0244444444444,0,0.0909090909091,-0.0909090909091,18,2,2,88,0.9,0.977777777778,0.0222222222222,0.1,0.9,0.9,0.9,0.877777777778,0.877777777778,0.818181818182,7,7,0,0,0,0
251,WLNM_dir_neg,0.857142857143,0.705925324675,00:00:10,10,10,28,1171943277,threshold_sweep,0.8,0.714285714286,0.714285714286,0.714285714286,5,2,2,12,0.714285714286,0.857142857143,0.142857142857,0.285714285714,0.714285714286,0.714285714286,0.714285714286,0.809523809524,0.555555555556,0.571428571429,0.571428571429,0.571428571429,20,13,7,0,20,0,13,0,7,11,20,0.181818181818,3.04338842975,3.63636363636,2,2.5,1.68954001271,0.464623503495,0.245454545455,1.16774841624,0.642261628933,0.336363636364,1.94000937205,1.06700515463,0.536363636364,1.05689877454,0.347276990411,3.54545454545,3.04338842975,1.05689877454,3.54545454545,0.499047619048,0.4,8,0.0484848484848,0.255555555556,11,11,11,1,0,0.0909090909091,0.636363636364,0.272727272727,11,0.118181818182,3.72727272727,2.36363636364,1.3,1.625,1.43336856898,0.6064251638,0.286713286713,0.603022689156,0.510249967747,0.237762237762,1.40129809949,1.18571377649,0.503496503497,2.05382127221,0.551025219373,7,3.72727272727,2.05382127221,7,0,0,0,0,0.22962962963,11,11,11,1,0,0.0909090909091,0.636363636364,0.272727272727,11,20,0.181818181818,4.71590909091,3.63636363636,2,2.22222222222,1.68954001271,0.464623503495,0.236363636364,0.981649817214,0.539907399468,0.281818181818,1.77866139657,0.978263768112,0.481818181818,1.67799594029,0.355816006616,5.90625,4.71590909091,1.67799594029,5.90625,0.41,0.3,5,0.030303030303,0.231111111111,11,11,11,1,0,0.0909090909091,0.727272727273,0.181818181818,0,0,1.67252066116,0,0,-0.277777777778,0,0,-0.00909090909091,-0.186098599028,-0.102354229466,-0.0545454545455,-0.161347975482,-0.0887413865151,-0.0545454545455,0.621097165754,0.00853901620449,2.36079545455,1.67252066116,0.621097165754,2.36079545455,-0.0890476190476,-0.1,-3,-0.0181818181818,-0.0244444444444,0,0.0909090909091,-0.0909090909091,18,2,2,88,0.9,0.977777777778,0.0222222222222,0.1,0.9,0.9,0.9,0.877777777778,0.877777777778,0.818181818182,7,7,0,0,0,0
252,WLNM_dir_neg,0.857142857143,0.705925324675,00:00:10,10,10,28,1171943277,threshold_sweep,0.9,0.714285714286,0.714285714286,0.714285714286,5,2,2,12,0.714285714286,0.857142857143,0.142857142857,0.285714285714,0.714285714286,0.714285714286,0.714285714286,0.809523809524,0.555555555556,0.571428571429,0.571428571429,0.571428571429,20,13,7,0,20,0,13,0,7,11,20,0.181818181818,3.04338842975,3.63636363636,2,2.5,1.68954001271,0.464623503495,0.245454545455,1.16774841624,0.642261628933,0.336363636364,1.94000937205,1.06700515463,0.536363636364,1.05689877454,0.347276990411,3.54545454545,3.04338842975,1.05689877454,3.54545454545,0.499047619048,0.4,8,0.0484848484848,0.255555555556,11,11,11,1,0,0.0909090909091,0.636363636364,0.272727272727,11,0.118181818182,3.72727272727,2.36363636364,1.3,1.625,1.43336856898,0.6064251638,0.286713286713,0.603022689156,0.510249967747,0.237762237762,1.40129809949,1.18571377649,0.503496503497,2.05382127221,0.551025219373,7,3.72727272727,2.05382127221,7,0,0,0,0,0.22962962963,11,11,11,1,0,0.0909090909091,0.636363636364,0.272727272727,11,20,0.181818181818,4.71590909091,3.63636363636,2,2.22222222222,1.68954001271,0.464623503495,0.236363636364,0.981649817214,0.539907399468,0.281818181818,1.77866139657,0.978263768112,0.481818181818,1.67799594029,0.355816006616,5.90625,4.71590909091,1.67799594029,5.90625,0.41,0.3,5,0.030303030303,0.231111111111,11,11,11,1,0,0.0909090909091,0.727272727273,0.181818181818,0,0,1.67252066116,0,0,-0.277777777778,0,0,-0.00909090909091,-0.186098599028,-0.102354229466,-0.0545454545455,-0.161347975482,-0.0887413865151,-0.0545454545455,0.621097165754,0.00853901620449,2.36079545455,1.67252066116,0.621097165754,2.36079545455,-0.0890476190476,-0.1,-3,-0.0181818181818,-0.0244444444444,0,0.0909090909091,-0.0909090909091,18,2,2,88,0.9,0.977777777778,0.0222222222222,0.1,0.9,0.9,0.9,0.877777777778,0.877777777778,0.818181818182,7,7,0,0,0,0
253,WLNM_dir_neg,0.765306122449,0.523688513867,00:00:10,10,10,29,1171943278,threshold_sweep,0.1,0.8,0.571428571429,0.666666666667,4,1,3,13,0.571428571429,0.928571428571,0.0714285714286,0.428571428571,0.8,0.571428571429,0.666666666667,0.809523809524,0.587301587302,0.538461538462,0.553398590529,0.5,20,13,7,0,20,0,13,0,7,11,20,0.181818181818,3.04338842975,3.63636363636,2,2.5,1.68954001271,0.464623503495,0.245454545455,1.16774841624,0.642261628933,0.336363636364,1.94000937205,1.06700515463,0.536363636364,1.05689877454,0.347276990411,3.54545454545,3.04338842975,1.05689877454,3.54545454545,0.499047619048,0.4,8,0.0484848484848,0.255555555556,11,11,11,1,0,0.0909090909091,0.636363636364,0.272727272727,11,0.118181818182,3.72727272727,2.36363636364,1.3,1.625,1.43336856898,0.6064251638,0.286713286713,0.603022689156,0.510249967747,0.237762237762,1.40129809949,1.18571377649,0.503496503497,2.05382127221,0.551025219373,7,3.72727272727,2.05382127221,7,0,0,0,0,0.22962962963,11,11,11,1,0,0.0909090909091,0.636363636364,0.272727272727,11,18,0.163636363636,6.34090909091,3.27272727273,1.8,2.25,1.55505042304,0.475154295927,0.232323232323,0.809039834956,0.494413232473,0.242424242424,1.5666989036,0.957427107756,0.494949494949,2.31913973079,0.365742466504,8,6.34090909091,2.31913973079,8,0.364285714286,0.255319148936,4,0.0242424242424,0.201851851852,11,11,11,1,0,0.0909090909091,0.636363636364,0.272727272727,-2,-0.0181818181818,3.29752066116,-0.363636363636,-0.2,-0.25,-0.134489589674,0.0105307924324,-0.0131313131313,-0.358708581286,-0.14784839646,-0.0939393939394,-0.373310468447,-0.10957804687,-0.0414141414141,1.26224095625,0.0184654760925,4.45454545455,3.29752066116,1.26224095625,4.45454545455,-0.134761904762,-0.144680851064,-4,-0.0242424242424,-0.0537037037037,0,0,0,17,1,3,89,0.85,0.988888888889,0.0111111111111,0.15,0.944444444444,0.85,0.894736842105,0.874602125628,0.838888888889,0.809523809524,5,7,0,0,0,0
254,WLNM_dir_neg,0.765306122449,0.523688513867,00:00:10,10,10,29,1171943278,threshold_sweep,0.2,0.8,0.571428571429,0.666666666667,4,1,3,13,0.571428571429,0.928571428571,0.0714285714286,0.428571428571,0.8,0.571428571429,0.666666666667,0.809523809524,0.587301587302,0.538461538462,0.553398590529,0.5,20,13,7,0,20,0,13,0,7,11,20,0.181818181818,3.04338842975,3.63636363636,2,2.5,1.68954001271,0.464623503495,0.245454545455,1.16774841624,0.642261628933,0.336363636364,1.94000937205,1.06700515463,0.536363636364,1.05689877454,0.347276990411,3.54545454545,3.04338842975,1.05689877454,3.54545454545,0.499047619048,0.4,8,0.0484848484848,0.255555555556,11,11,11,1,0,0.0909090909091,0.636363636364,0.272727272727,11,0.118181818182,3.72727272727,2.36363636364,1.3,1.625,1.43336856898,0.6064251638,0.286713286713,0.603022689156,0.510249967747,0.237762237762,1.40129809949,1.18571377649,0.503496503497,2.05382127221,0.551025219373,7,3.72727272727,2.05382127221,7,0,0,0,0,0.22962962963,11,11,11,1,0,0.0909090909091,0.636363636364,0.272727272727,11,18,0.163636363636,6.34090909091,3.27272727273,1.8,2.25,1.55505042304,0.475154295927,0.232323232323,0.809039834956,0.494413232473,0.242424242424,1.5666989036,0.957427107756,0.494949494949,2.31913973079,0.365742466504,8,6.34090909091,2.31913973079,8,0.364285714286,0.255319148936,4,0.0242424242424,0.201851851852,11,11,11,1,0,0.0909090909091,0.636363636364,0.272727272727,-2,-0.0181818181818,3.29752066116,-0.363636363636,-0.2,-0.25,-0.134489589674,0.0105307924324,-0.0131313131313,-0.358708581286,-0.14784839646,-0.0939393939394,-0.373310468447,-0.10957804687,-0.0414141414141,1.26224095625,0.0184654760925,4.45454545455,3.29752066116,1.26224095625,4.45454545455,-0.134761904762,-0.144680851064,-4,-0.0242424242424,-0.0537037037037,0,0,0,17,1,3,89,0.85,0.988888888889,0.0111111111111,0.15,0.944444444444,0.85,0.894736842105,0.874602125628,0.838888888889,0.809523809524,5,7,0,0,0,0
255,WLNM_dir_neg,0.765306122449,0.523688513867,00:00:10,10,10,29,1171943278,threshold_sweep,0.3,0.8,0.571428571429,0.666666666667,4,1,3,13,0.571428571429,0.928571428571,0.0714285714286,0.428571428571,0.8,0.571428571429,0.666666666667,0.809523809524,0.587301587302,0.538461538462,0.553398590529,0.5,20,13,7,0,20,0,13,0,7,11,20,0.181818181818,3.04338842975,3.63636363636,2,2.5,1.68954001271,0.464623503495,0.245454545455,1.16774841624,0.642261628933,0.336363636364,1.94000937205,1.06700515463,0.536363636364,1.05689877454,0.347276990411,3.54545454545,3.04338842975,1.05689877454,3.54545454545,0.499047619048,0.4,8,0.0484848484848,0.255555555556,11,11,11,1,0,0.0909090909091,0.636363636364,0.272727272727,11,0.118181818182,3.72727272727,2.36363636364,1.3,1.625,1.43336856898,0.6064251638,0.286713286713,0.603022689156,0.510249967747,0.237762237762,1.40129809949,1.18571377649,0.503496503497,2.05382127221,0.551025219373,7,3.72727272727,2.05382127221,7,0,0,0,0,0.22962962963,11,11,11,1,0,0.0909090909091,0.636363636364,0.272727272727,11,18,0.163636363636,6.34090909091,3.27272727273,1.8,2.25,1.55505042304,0.475154295927,0.232323232323,0.809039834956,0.494413232473,0.242424242424,1.5666989036,0.957427107756,0.494949494949,2.31913973079,0.365742466504,8,6.34090909091,2.31913973079,8,0.364285714286,0.255319148936,4,0.0242424242424,0.201851851852,11,11,11,1,0,0.0909090909091,0.636363636364,0.272727272727,-2,-0.0181818181818,3.29752066116,-0.363636363636,-0.2,-0.25,-0.134489589674,0.0105307924324,-0.0131313131313,-0.358708581286,-0.14784839646,-0.0939393939394,-0.373310468447,-0.10957804687,-0.0414141414141,1.26224095625,0.0184654760925,4.45454545455,3.29752066116,1.26224095625,4.45454545455,-0.134761904762,-0.144680851064,-4,-0.0242424242424,-0.0537037037037,0,0,0,17,1,3,89,0.85,0.988888888889,0.0111111111111,0.15,0.944444444444,0.85,0.894736842105,0.874602125628,0.838888888889,0.809523809524,5,7,0,0,0,0
256,WLNM_dir_neg,0.765306122449,0.523688513867,00:00:10,10,10,29,1171943278,threshold_sweep,0.4,0.8,0.571428571429,0.666666666667,4,1,3,13,0.571428571429,0.928571428571,0.0714285714286,0.428571428571,0.8,0.571428571429,0.666666666667,0.809523809524,0.587301587302,0.538461538462,0.553398590529,0.5,20,13,7,0,20,0,13,0,7,11,20,0.181818181818,3.04338842975,3.63636363636,2,2.5,1.68954001271,0.464623503495,0.245454545455,1.16774841624,0.642261628933,0.336363636364,1.94000937205,1.06700515463,0.536363636364,1.05689877454,0.347276990411,3.54545454545,3.04338842975,1.05689877454,3.54545454545,0.499047619048,0.4,8,0.0484848484848,0.255555555556,11,11,11,1,0,0.0909090909091,0.636363636364,0.272727272727,11,0.118181818182,3.72727272727,2.36363636364,1.3,1.625,1.43336856898,0.6064251638,0.286713286713,0.603022689156,0.510249967747,0.237762237762,1.40129809949,1.18571377649,0.503496503497,2.05382127221,0.551025219373,7,3.72727272727,2.05382127221,7,0,0,0,0,0.22962962963,11,11,11,1,0,0.0909090909091,0.636363636364,0.272727272727,11,18,0.163636363636,6.34090909091,3.27272727273,1.8,2.25,1.55505042304,0.475154295927,0.232323232323,0.809039834956,0.494413232473,0.242424242424,1.5666989036,0.957427107756,0.494949494949,2.31913973079,0.365742466504,8,6.34090909091,2.31913973079,8,0.364285714286,0.255319148936,4,0.0242424242424,0.201851851852,11,11,11,1,0,0.0909090909091,0.636363636364,0.272727272727,-2,-0.0181818181818,3.29752066116,-0.363636363636,-0.2,-0.25,-0.134489589674,0.0105307924324,-0.0131313131313,-0.358708581286,-0.14784839646,-0.0939393939394,-0.373310468447,-0.10957804687,-0.0414141414141,1.26224095625,0.0184654760925,4.45454545455,3.29752066116,1.26224095625,4.45454545455,-0.134761904762,-0.144680851064,-4,-0.0242424242424,-0.0537037037037,0,0,0,17,1,3,89,0.85,0.988888888889,0.0111111111111,0.15,0.944444444444,0.85,0.894736842105,0.874602125628,0.838888888889,0.809523809524,5,7,0,0,0,0
257,WLNM_dir_neg,0.765306122449,0.523688513867,00:00:10,10,10,29,1171943278,threshold_sweep,0.5,0.8,0.571428571429,0.666666666667,4,1,3,13,0.571428571429,0.928571428571,0.0714285714286,0.428571428571,0.8,0.571428571429,0.666666666667,0.809523809524,0.587301587302,0.538461538462,0.553398590529,0.5,20,13,7,0,20,0,13,0,7,11,20,0.181818181818,3.04338842975,3.63636363636,2,2.5,1.68954001271,0.464623503495,0.245454545455,1.16774841624,0.642261628933,0.336363636364,1.94000937205,1.06700515463,0.536363636364,1.05689877454,0.347276990411,3.54545454545,3.04338842975,1.05689877454,3.54545454545,0.499047619048,0.4,8,0.0484848484848,0.255555555556,11,11,11,1,0,0.0909090909091,0.636363636364,0.272727272727,11,0.118181818182,3.72727272727,2.36363636364,1.3,1.625,1.43336856898,0.6064251638,0.286713286713,0.603022689156,0.510249967747,0.237762237762,1.40129809949,1.18571377649,0.503496503497,2.05382127221,0.551025219373,7,3.72727272727,2.05382127221,7,0,0,0,0,0.22962962963,11,11,11,1,0,0.0909090909091,0.636363636364,0.272727272727,11,18,0.163636363636,6.34090909091,3.27272727273,1.8,2.25,1.55505042304,0.475154295927,0.232323232323,0.809039834956,0.494413232473,0.242424242424,1.5666989036,0.957427107756,0.494949494949,2.31913973079,0.365742466504,8,6.34090909091,2.31913973079,8,0.364285714286,0.255319148936,4,0.0242424242424,0.201851851852,11,11,11,1,0,0.0909090909091,0.636363636364,0.272727272727,-2,-0.0181818181818,3.29752066116,-0.363636363636,-0.2,-0.25,-0.134489589674,0.0105307924324,-0.0131313131313,-0.358708581286,-0.14784839646,-0.0939393939394,-0.373310468447,-0.10957804687,-0.0414141414141,1.26224095625,0.0184654760925,4.45454545455,3.29752066116,1.26224095625,4.45454545455,-0.134761904762,-0.144680851064,-4,-0.0242424242424,-0.0537037037037,0,0,0,17,1,3,89,0.85,0.988888888889,0.0111111111111,0.15,0.944444444444,0.85,0.894736842105,0.874602125628,0.838888888889,0.809523809524,5,7,0,0,0,0
258,WLNM_dir_neg,0.765306122449,0.523688513867,00:00:10,10,10,29,1171943278,threshold_sweep,0.6,0.75,0.428571428571,0.545454545455,3,1,4,13,0.428571428571,0.928571428571,0.0714285714286,0.571428571429,0.75,0.428571428571,0.545454545455,0.761904761905,0.603174603175,0.4,0.428746462856,0.357142857143,20,13,7,0,20,0,13,0,7,11,20,0.181818181818,3.04338842975,3.63636363636,2,2.5,1.68954001271,0.464623503495,0.245454545455,1.16774841624,0.642261628933,0.336363636364,1.94000937205,1.06700515463,0.536363636364,1.05689877454,0.347276990411,3.54545454545,3.04338842975,1.05689877454,3.54545454545,0.499047619048,0.4,8,0.0484848484848,0.255555555556,11,11,11,1,0,0.0909090909091,0.636363636364,0.272727272727,11,0.118181818182,3.72727272727,2.36363636364,1.3,1.625,1.43336856898,0.6064251638,0.286713286713,0.603022689156,0.510249967747,0.237762237762,1.40129809949,1.18571377649,0.503496503497,2.05382127221,0.551025219373,7,3.72727272727,2.05382127221,7,0,0,0,0,0.22962962963,11,11,11,1,0,0.0909090909091,0.636363636364,0.272727272727,11,17,0.154545454545,7.71590909091,3.09090909091,1.7,2.125,1.578261414,0.510613986881,0.245989304813,0.820199532265,0.530717344407,0.267379679144,1.57249078621,1.01749403814,0.513368983957,3.02494365087,0.392039825149,11,7.71590909091,3.02494365087,11,0.292857142857,0.209302325581,3,0.0181818181818,0.194444444444,11,11,11,1,0,0.0909090909091,0.636363636364,0.272727272727,-3,-0.0272727272727,4.67252066116,-0.545454545455,-0.3,-0.375,-0.111278598713,0.0459904833861,0.000534759358289,-0.347548883978,-0.111544284527,-0.0689839572193,-0.367518585835,-0.0495111164884,-0.0229946524064,1.96804487633,0.0447628347376,7.45454545455,4.67252066116,1.96804487633,7.45454545455,-0.20619047619,-0.190697674419,-5,-0.030303030303,-0.0611111111111,0,0,0,16,1,4,89,0.8,0.988888888889,0.0111111111111,0.2,0.941176470588,0.8,0.864864864865,0.841755876268,0.788888888889,0.761904761905,4,7,0,0,0,0
259,WLNM_dir_neg,0.765306122449,0.523688513867,00:00:10,10,10,29,1171943278,threshold_sweep,0.7,0.75,0.428571428571,0.545454545455,3,1,4,13,0.428571428571,0.928571428571,0.0714285714286,0.571428571429,0.75,0.428571428571,0.545454545455,0.761904761905,0.603174603175,0.4,0.428746462856,0.357142857143,20,13,7,0,20,0,13,0,7,11,20,0.181818181818,3.04338842975,3.63636363636,2,2.5,1.68954001271,0.464623503495,0.245454545455,1.16774841624,0.642261628933,0.336363636364,1.94000937205,1.06700515463,0.536363636364,1.05689877454,0.347276990411,3.54545454545,3.04338842975,1.05689877454,3.54545454545,0.499047619048,0.4,8,0.0484848484848,0.255555555556,11,11,11,1,0,0.0909090909091,0.636363636364,0.272727272727,11,0.118181818182,3.72727272727,2.36363636364,1.3,1.625,1.43336856898,0.6064251638,0.286713286713,0.603022689156,0.510249967747,0.237762237762,1.40129809949,1.18571377649,0.503496503497,2.05382127221,0.551025219373,7,3.72727272727,2.05382127221,7,0,0,0,0,0.22962962963,11,11,11,1,0,0.0909090909091,0.636363636364,0.272727272727,11,17,0.154545454545,7.71590909091,3.09090909091,1.7,2.125,1.578261414,0.510613986881,0.245989304813,0.820199532265,0.530717344407,0.267379679144,1.57249078621,1.01749403814,0.513368983957,3.02494365087,0.392039825149,11,7.71590909091,3.02494365087,11,0.292857142857,0.209302325581,3,0.0181818181818,0.194444444444,11,11,11,1,0,0.0909090909091,0.636363636364,0.272727272727,-3,-0.0272727272727,4.67252066116,-0.545454545455,-0.3,-0.375,-0.111278598713,0.0459904833861,0.000534759358289,-0.347548883978,-0.111544284527,-0.0689839572193,-0.367518585835,-0.0495111164884,-0.0229946524064,1.96804487633,0.0447628347376,7.45454545455,4.67252066116,1.96804487633,7.45454545455,-0.20619047619,-0.190697674419,-5,-0.030303030303,-0.0611111111111,0,0,0,16,1,4,89,0.8,0.988888888889,0.0111111111111,0.2,0.941176470588,0.8,0.864864864865,0.841755876268,0.788888888889,0.761904761905,4,7,0,0,0,0
260,WLNM_dir_neg,0.765306122449,0.523688513867,00:00:10,10,10,29,1171943278,threshold_sweep,0.8,0.75,0.428571428571,0.545454545455,3,1,4,13,0.428571428571,0.928571428571,0.0714285714286,0.571428571429,0.75,0.428571428571,0.545454545455,0.761904761905,0.603174603175,0.4,0.428746462856,0.357142857143,20,13,7,0,20,0,13,0,7,11,20,0.181818181818,3.04338842975,3.63636363636,2,2.5,1.68954001271,0.464623503495,0.245454545455,1.16774841624,0.642261628933,0.336363636364,1.94000937205,1.06700515463,0.536363636364,1.05689877454,0.347276990411,3.54545454545,3.04338842975,1.05689877454,3.54545454545,0.499047619048,0.4,8,0.0484848484848,0.255555555556,11,11,11,1,0,0.0909090909091,0.636363636364,0.272727272727,11,0.118181818182,3.72727272727,2.36363636364,1.3,1.625,1.43336856898,0.6064251638,0.286713286713,0.603022689156,0.510249967747,0.237762237762,1.40129809949,1.18571377649,0.503496503497,2.05382127221,0.551025219373,7,3.72727272727,2.05382127221,7,0,0,0,0,0.22962962963,11,11,11,1,0,0.0909090909091,0.636363636364,0.272727272727,11,17,0.154545454545,7.71590909091,3.09090909091,1.7,2.125,1.578261414,0.510613986881,0.245989304813,0.820199532265,0.530717344407,0.267379679144,1.57249078621,1.01749403814,0.513368983957,3.02494365087,0.392039825149,11,7.71590909091,3.02494365087,11,0.292857142857,0.209302325581,3,0.0181818181818,0.194444444444,11,11,11,1,0,0.0909090909091,0.636363636364,0.272727272727,-3,-0.0272727272727,4.67252066116,-0.545454545455,-0.3,-0.375,-0.111278598713,0.0459904833861,0.000534759358289,-0.347548883978,-0.111544284527,-0.0689839572193,-0.367518585835,-0.0495111164884,-0.0229946524064,1.96804487633,0.0447628347376,7.45454545455,4.67252066116,1.96804487633,7.45454545455,-0.20619047619,-0.190697674419,-5,-0.030303030303,-0.0611111111111,0,0,0,16,1,4,89,0.8,0.988888888889,0.0111111111111,0.2,0.941176470588,0.8,0.864864864865,0.841755876268,0.788888888889,0.761904761905,4,7,0,0,0,0
261,WLNM_dir_neg,0.765306122449,0.523688513867,00:00:10,10,10,29,1171943278,threshold_sweep,0.9,0.75,0.428571428571,0.545454545455,3,1,4,13,0.428571428571,0.928571428571,0.0714285714286,0.571428571429,0.75,0.428571428571,0.545454545455,0.761904761905,0.603174603175,0.4,0.428746462856,0.357142857143,20,13,7,0,20,0,13,0,7,11,20,0.181818181818,3.04338842975,3.63636363636,2,2.5,1.68954001271,0.464623503495,0.245454545455,1.16774841624,0.642261628933,0.336363636364,1.94000937205,1.06700515463,0.536363636364,1.05689877454,0.347276990411,3.54545454545,3.04338842975,1.05689877454,3.54545454545,0.499047619048,0.4,8,0.0484848484848,0.255555555556,11,11,11,1,0,0.0909090909091,0.636363636364,0.272727272727,11,0.118181818182,3.72727272727,2.36363636364,1.3,1.625,1.43336856898,0.6064251638,0.286713286713,0.603022689156,0.510249967747,0.237762237762,1.40129809949,1.18571377649,0.503496503497,2.05382127221,0.551025219373,7,3.72727272727,2.05382127221,7,0,0,0,0,0.22962962963,11,11,11,1,0,0.0909090909091,0.636363636364,0.272727272727,11,17,0.154545454545,7.71590909091,3.09090909091,1.7,2.125,1.578261414,0.510613986881,0.245989304813,0.820199532265,0.530717344407,0.267379679144,1.57249078621,1.01749403814,0.513368983957,3.02494365087,0.392039825149,11,7.71590909091,3.02494365087,11,0.292857142857,0.209302325581,3,0.0181818181818,0.194444444444,11,11,11,1,0,0.0909090909091,0.636363636364,0.272727272727,-3,-0.0272727272727,4.67252066116,-0.545454545455,-0.3,-0.375,-0.111278598713,0.0459904833861,0.000534759358289,-0.347548883978,-0.111544284527,-0.0689839572193,-0.367518585835,-0.0495111164884,-0.0229946524064,1.96804487633,0.0447628347376,7.45454545455,4.67252066116,1.96804487633,7.45454545455,-0.20619047619,-0.190697674419,-5,-0.030303030303,-0.0611111111111,0,0,0,16,1,4,89,0.8,0.988888888889,0.0111111111111,0.2,0.941176470588,0.8,0.864864864865,0.841755876268,0.788888888889,0.761904761905,4,7,0,0,0,0
262,WLNM_dir_neg,0.836734693878,0.504467754468,00:00:10,10,10,30,1171943279,threshold_sweep,0.1,0.5,0.571428571429,0.533333333333,4,4,3,10,0.571428571429,0.714285714286,0.285714285714,0.428571428571,0.5,0.571428571429,0.533333333333,0.666666666667,0.539682539683,0.275862068966,0.277350098113,0.285714285714,20,13,7,0,20,0,13,0,7,11,20,0.181818181818,3.04338842975,3.63636363636,2,2.5,1.68954001271,0.464623503495,0.245454545455,1.16774841624,0.642261628933,0.336363636364,1.94000937205,1.06700515463,0.536363636364,1.05689877454,0.347276990411,3.54545454545,3.04338842975,1.05689877454,3.54545454545,0.499047619048,0.4,8,0.0484848484848,0.255555555556,11,11,11,1,0,0.0909090909091,0.636363636364,0.272727272727,11,0.118181818182,3.72727272727,2.36363636364,1.3,1.625,1.43336856898,0.6064251638,0.286713286713,0.603022689156,0.510249967747,0.237762237762,1.40129809949,1.18571377649,0.503496503497,2.05382127221,0.551025219373,7,3.72727272727,2.05382127221,7,0,0,0,0,0.22962962963,11,11,11,1,0,0.0909090909091,0.636363636364,0.272727272727,11,21,0.190909090909,NaN,3.81818181818,1.90909090909,1.90909090909,1.47093044147,0.385243687051,0.186147186147,0.943879807449,0.494413232473,0.242424242424,1.30034960334,0.681135506512,0.320346320346,NaN,NaN,NaN,NaN,NaN,NaN,0.315151515152,0.214285714286,4,0.0242424242424,0.171212121212,11,11,0,1,2,0,1,0,1,0.00909090909091,NaN,0.181818181818,-0.0909090909091,-0.590909090909,-0.218609571242,-0.079379816444,-0.0593073593074,-0.223868608794,-0.14784839646,-0.0939393939394,-0.639659768708,-0.385869648115,-0.216017316017,NaN,NaN,NaN,NaN,NaN,NaN,-0.183896103896,-0.185714285714,-4,-0.0242424242424,-0.0843434343434,-0.0909090909091,0.363636363636,-0.272727272727,17,4,3,86,0.85,0.955555555556,0.0444444444444,0.15,0.809523809524,0.85,0.829268292683,0.790545915216,0.805555555556,0.708333333333,8,7,0,0,0,0
263,WLNM_dir_neg,0.836734693878,0.504467754468,00:00:10,10,10,30,1171943279,threshold_sweep,0.2,0.5,0.571428571429,0.533333333333,4,4,3,10,0.571428571429,0.714285714286,0.285714285714,0.428571428571,0.5,0.571428571429,0.533333333333,0.666666666667,0.539682539683,0.275862068966,0.277350098113,0.285714285714,20,13,7,0,20,0,13,0,7,11,20,0.181818181818,3.04338842975,3.63636363636,2,2.5,1.68954001271,0.464623503495,0.245454545455,1.16774841624,0.642261628933,0.336363636364,1.94000937205,1.06700515463,0.536363636364,1.05689877454,0.347276990411,3.54545454545,3.04338842975,1.05689877454,3.54545454545,0.499047619048,0.4,8,0.0484848484848,0.255555555556,11,11,11,1,0,0.0909090909091,0.636363636364,0.272727272727,11,0.118181818182,3.72727272727,2.36363636364,1.3,1.625,1.43336856898,0.6064251638,0.286713286713,0.603022689156,0.510249967747,0.237762237762,1.40129809949,1.18571377649,0.503496503497,2.05382127221,0.551025219373,7,3.72727272727,2.05382127221,7,0,0,0,0,0.22962962963,11,11,11,1,0,0.0909090909091,0.636363636364,0.272727272727,11,21,0.190909090909,NaN,3.81818181818,1.90909090909,1.90909090909,1.47093044147,0.385243687051,0.186147186147,0.943879807449,0.494413232473,0.242424242424,1.30034960334,0.681135506512,0.320346320346,NaN,NaN,NaN,NaN,NaN,NaN,0.315151515152,0.214285714286,4,0.0242424242424,0.171212121212,11,11,0,1,2,0,1,0,1,0.00909090909091,NaN,0.181818181818,-0.0909090909091,-0.590909090909,-0.218609571242,-0.079379816444,-0.0593073593074,-0.223868608794,-0.14784839646,-0.0939393939394,-0.639659768708,-0.385869648115,-0.216017316017,NaN,NaN,NaN,NaN,NaN,NaN,-0.183896103896,-0.185714285714,-4,-0.0242424242424,-0.0843434343434,-0.0909090909091,0.363636363636,-0.272727272727,17,4,3,86,0.85,0.955555555556,0.0444444444444,0.15,0.809523809524,0.85,0.829268292683,0.790545915216,0.805555555556,0.708333333333,8,7,0,0,0,0
264,WLNM_dir_neg,0.836734693878,0.504467754468,00:00:10,10,10,30,1171943279,threshold_sweep,0.3,0.571428571429,0.571428571429,0.571428571429,4,3,3,11,0.571428571429,0.785714285714,0.214285714286,0.428571428571,0.571428571429,0.571428571429,0.571428571429,0.714285714286,0.555555555556,0.357142857143,0.357142857143,0.357142857143,20,13,7,0,20,0,13,0,7,11,20,0.181818181818,3.04338842975,3.63636363636,2,2.5,1.68954001271,0.464623503495,0.245454545455,1.16774841624,0.642261628933,0.336363636364,1.94000937205,1.06700515463,0.536363636364,1.05689877454,0.347276990411,3.54545454545,3.04338842975,1.05689877454,3.54545454545,0.499047619048,0.4,8,0.0484848484848,0.255555555556,11,11,11,1,0,0.0909090909091,0.636363636364,0.272727272727,11,0.118181818182,3.72727272727,2.36363636364,1.3,1.625,1.43336856898,0.6064251638,0.286713286713,0.603022689156,0.510249967747,0.237762237762,1.40129809949,1.18571377649,0.503496503497,2.05382127221,0.551025219373,7,3.72727272727,2.05382127221,7,0,0,0,0,0.22962962963,11,11,11,1,0,0.0909090909091,0.636363636364,0.272727272727,11,20,0.181818181818,NaN,3.63636363636,1.81818181818,1.81818181818,1.28629135679,0.353730123116,0.168181818182,0.75075719353,0.412916456441,0.209090909091,1.32801971508,0.730410843293,0.327272727273,NaN,NaN,NaN,NaN,NaN,NaN,0.327272727273,0.244897959184,4,0.0242424242424,0.168181818182,11,11,0,1,2,0,1,0,0,0,NaN,0,-0.181818181818,-0.681818181818,-0.403248655922,-0.110893380379,-0.0772727272727,-0.416991222713,-0.229345172492,-0.127272727273,-0.61198965697,-0.336594311334,-0.209090909091,NaN,NaN,NaN,NaN,NaN,NaN,-0.171774891775,-0.155102040816,-4,-0.0242424242424,-0.0873737373737,-0.0909090909091,0.363636363636,-0.272727272727,17,3,3,87,0.85,0.966666666667,0.0333333333333,0.15,0.85,0.85,0.85,0.816666666667,0.816666666667,0.739130434783,7,7,0,0,0,0
265,WLNM_dir_neg,0.836734693878,0.504467754468,00:00:10,10,10,30,1171943279,threshold_sweep,0.4,0.571428571429,0.571428571429,0.571428571429,4,3,3,11,0.571428571429,0.785714285714,0.214285714286,0.428571428571,0.571428571429,0.571428571429,0.571428571429,0.714285714286,0.555555555556,0.357142857143,0.357142857143,0.357142857143,20,13,7,0,20,0,13,0,7,11,20,0.181818181818,3.04338842975,3.63636363636,2,2.5,1.68954001271,0.464623503495,0.245454545455,1.16774841624,0.642261628933,0.336363636364,1.94000937205,1.06700515463,0.536363636364,1.05689877454,0.347276990411,3.54545454545,3.04338842975,1.05689877454,3.54545454545,0.499047619048,0.4,8,0.0484848484848,0.255555555556,11,11,11,1,0,0.0909090909091,0.636363636364,0.272727272727,11,0.118181818182,3.72727272727,2.36363636364,1.3,1.625,1.43336856898,0.6064251638,0.286713286713,0.603022689156,0.510249967747,0.237762237762,1.40129809949,1.18571377649,0.503496503497,2.05382127221,0.551025219373,7,3.72727272727,2.05382127221,7,0,0,0,0,0.22962962963,11,11,11,1,0,0.0909090909091,0.636363636364,0.272727272727,11,20,0.181818181818,NaN,3.63636363636,1.81818181818,1.81818181818,1.28629135679,0.353730123116,0.168181818182,0.75075719353,0.412916456441,0.209090909091,1.32801971508,0.730410843293,0.327272727273,NaN,NaN,NaN,NaN,NaN,NaN,0.327272727273,0.244897959184,4,0.0242424242424,0.168181818182,11,11,0,1,2,0,1,0,0,0,NaN,0,-0.181818181818,-0.681818181818,-0.403248655922,-0.110893380379,-0.0772727272727,-0.416991222713,-0.229345172492,-0.127272727273,-0.61198965697,-0.336594311334,-0.209090909091,NaN,NaN,NaN,NaN,NaN,NaN,-0.171774891775,-0.155102040816,-4,-0.0242424242424,-0.0873737373737,-0.0909090909091,0.363636363636,-0.272727272727,17,3,3,87,0.85,0.966666666667,0.0333333333333,0.15,0.85,0.85,0.85,0.816666666667,0.816666666667,0.739130434783,7,7,0,0,0,0
266,WLNM_dir_neg,0.836734693878,0.504467754468,00:00:10,10,10,30,1171943279,threshold_sweep,0.5,0.571428571429,0.571428571429,0.571428571429,4,3,3,11,0.571428571429,0.785714285714,0.214285714286,0.428571428571,0.571428571429,0.571428571429,0.571428571429,0.714285714286,0.555555555556,0.357142857143,0.357142857143,0.357142857143,20,13,7,0,20,0,13,0,7,11,20,0.181818181818,3.04338842975,3.63636363636,2,2.5,1.68954001271,0.464623503495,0.245454545455,1.16774841624,0.642261628933,0.336363636364,1.94000937205,1.06700515463,0.536363636364,1.05689877454,0.347276990411,3.54545454545,3.04338842975,1.05689877454,3.54545454545,0.499047619048,0.4,8,0.0484848484848,0.255555555556,11,11,11,1,0,0.0909090909091,0.636363636364,0.272727272727,11,0.118181818182,3.72727272727,2.36363636364,1.3,1.625,1.43336856898,0.6064251638,0.286713286713,0.603022689156,0.510249967747,0.237762237762,1.40129809949,1.18571377649,0.503496503497,2.05382127221,0.551025219373,7,3.72727272727,2.05382127221,7,0,0,0,0,0.22962962963,11,11,11,1,0,0.0909090909091,0.636363636364,0.272727272727,11,20,0.181818181818,NaN,3.63636363636,1.81818181818,1.81818181818,1.28629135679,0.353730123116,0.168181818182,0.75075719353,0.412916456441,0.209090909091,1.32801971508,0.730410843293,0.327272727273,NaN,NaN,NaN,NaN,NaN,NaN,0.327272727273,0.244897959184,4,0.0242424242424,0.168181818182,11,11,0,1,2,0,1,0,0,0,NaN,0,-0.181818181818,-0.681818181818,-0.403248655922,-0.110893380379,-0.0772727272727,-0.416991222713,-0.229345172492,-0.127272727273,-0.61198965697,-0.336594311334,-0.209090909091,NaN,NaN,NaN,NaN,NaN,NaN,-0.171774891775,-0.155102040816,-4,-0.0242424242424,-0.0873737373737,-0.0909090909091,0.363636363636,-0.272727272727,17,3,3,87,0.85,0.966666666667,0.0333333333333,0.15,0.85,0.85,0.85,0.816666666667,0.816666666667,0.739130434783,7,7,0,0,0,0
267,WLNM_dir_neg,0.836734693878,0.504467754468,00:00:10,10,10,30,1171943279,threshold_sweep,0.6,0.571428571429,0.571428571429,0.571428571429,4,3,3,11,0.571428571429,0.785714285714,0.214285714286,0.428571428571,0.571428571429,0.571428571429,0.571428571429,0.714285714286,0.555555555556,0.357142857143,0.357142857143,0.357142857143,20,13,7,0,20,0,13,0,7,11,20,0.181818181818,3.04338842975,3.63636363636,2,2.5,1.68954001271,0.464623503495,0.245454545455,1.16774841624,0.642261628933,0.336363636364,1.94000937205,1.06700515463,0.536363636364,1.05689877454,0.347276990411,3.54545454545,3.04338842975,1.05689877454,3.54545454545,0.499047619048,0.4,8,0.0484848484848,0.255555555556,11,11,11,1,0,0.0909090909091,0.636363636364,0.272727272727,11,0.118181818182,3.72727272727,2.36363636364,1.3,1.625,1.43336856898,0.6064251638,0.286713286713,0.603022689156,0.510249967747,0.237762237762,1.40129809949,1.18571377649,0.503496503497,2.05382127221,0.551025219373,7,3.72727272727,2.05382127221,7,0,0,0,0,0.22962962963,11,11,11,1,0,0.0909090909091,0.636363636364,0.272727272727,11,20,0.181818181818,NaN,3.63636363636,1.81818181818,1.81818181818,1.28629135679,0.353730123116,0.168181818182,0.75075719353,0.412916456441,0.209090909091,1.32801971508,0.730410843293,0.327272727273,NaN,NaN,NaN,NaN,NaN,NaN,0.327272727273,0.244897959184,4,0.0242424242424,0.168181818182,11,11,0,1,2,0,1,0,0,0,NaN,0,-0.181818181818,-0.681818181818,-0.403248655922,-0.110893380379,-0.0772727272727,-0.416991222713,-0.229345172492,-0.127272727273,-0.61198965697,-0.336594311334,-0.209090909091,NaN,NaN,NaN,NaN,NaN,NaN,-0.171774891775,-0.155102040816,-4,-0.0242424242424,-0.0873737373737,-0.0909090909091,0.363636363636,-0.272727272727,17,3,3,87,0.85,0.966666666667,0.0333333333333,0.15,0.85,0.85,0.85,0.816666666667,0.816666666667,0.739130434783,7,7,0,0,0,0
268,WLNM_dir_neg,0.836734693878,0.504467754468,00:00:10,10,10,30,1171943279,threshold_sweep,0.7,0.571428571429,0.571428571429,0.571428571429,4,3,3,11,0.571428571429,0.785714285714,0.214285714286,0.428571428571,0.571428571429,0.571428571429,0.571428571429,0.714285714286,0.555555555556,0.357142857143,0.357142857143,0.357142857143,20,13,7,0,20,0,13,0,7,11,20,0.181818181818,3.04338842975,3.63636363636,2,2.5,1.68954001271,0.464623503495,0.245454545455,1.16774841624,0.642261628933,0.336363636364,1.94000937205,1.06700515463,0.536363636364,1.05689877454,0.347276990411,3.54545454545,3.04338842975,1.05689877454,3.54545454545,0.499047619048,0.4,8,0.0484848484848,0.255555555556,11,11,11,1,0,0.0909090909091,0.636363636364,0.272727272727,11,0.118181818182,3.72727272727,2.36363636364,1.3,1.625,1.43336856898,0.6064251638,0.286713286713,0.603022689156,0.510249967747,0.237762237762,1.40129809949,1.18571377649,0.503496503497,2.05382127221,0.551025219373,7,3.72727272727,2.05382127221,7,0,0,0,0,0.22962962963,11,11,11,1,0,0.0909090909091,0.636363636364,0.272727272727,11,20,0.181818181818,NaN,3.63636363636,1.81818181818,1.81818181818,1.28629135679,0.353730123116,0.168181818182,0.75075719353,0.412916456441,0.209090909091,1.32801971508,0.730410843293,0.327272727273,NaN,NaN,NaN,NaN,NaN,NaN,0.327272727273,0.244897959184,4,0.0242424242424,0.168181818182,11,11,0,1,2,0,1,0,0,0,NaN,0,-0.181818181818,-0.681818181818,-0.403248655922,-0.110893380379,-0.0772727272727,-0.416991222713,-0.229345172492,-0.127272727273,-0.61198965697,-0.336594311334,-0.209090909091,NaN,NaN,NaN,NaN,NaN,NaN,-0.171774891775,-0.155102040816,-4,-0.0242424242424,-0.0873737373737,-0.0909090909091,0.363636363636,-0.272727272727,17,3,3,87,0.85,0.966666666667,0.0333333333333,0.15,0.85,0.85,0.85,0.816666666667,0.816666666667,0.739130434783,7,7,0,0,0,0
269,WLNM_dir_neg,0.836734693878,0.504467754468,00:00:10,10,10,30,1171943279,threshold_sweep,0.8,1,0.571428571429,0.727272727273,4,0,3,14,0.571428571429,1,0,0.428571428571,1,0.571428571429,0.727272727273,0.857142857143,0.603174603175,0.64,0.68599434057,0.571428571429,20,13,7,0,20,0,13,0,7,11,20,0.181818181818,3.04338842975,3.63636363636,2,2.5,1.68954001271,0.464623503495,0.245454545455,1.16774841624,0.642261628933,0.336363636364,1.94000937205,1.06700515463,0.536363636364,1.05689877454,0.347276990411,3.54545454545,3.04338842975,1.05689877454,3.54545454545,0.499047619048,0.4,8,0.0484848484848,0.255555555556,11,11,11,1,0,0.0909090909091,0.636363636364,0.272727272727,11,0.118181818182,3.72727272727,2.36363636364,1.3,1.625,1.43336856898,0.6064251638,0.286713286713,0.603022689156,0.510249967747,0.237762237762,1.40129809949,1.18571377649,0.503496503497,2.05382127221,0.551025219373,7,3.72727272727,2.05382127221,7,0,0,0,0,0.22962962963,11,11,11,1,0,0.0909090909091,0.636363636364,0.272727272727,11,17,0.154545454545,3.17727272727,3.09090909091,1.7,2.125,1.30034960334,0.420701342257,0.208556149733,0.820199532265,0.530717344407,0.267379679144,1.57249078621,1.01749403814,0.513368983957,1.2536673475,0.394573414091,4.4,3.17727272727,1.2536673475,4.4,0.213333333333,0.153846153846,2,0.0121212121212,0.205555555556,11,11,11,1,0,0.0909090909091,0.636363636364,0.272727272727,-3,-0.0272727272727,0.133884297521,-0.545454545455,-0.3,-0.375,-0.389190409368,-0.0439221612377,-0.0368983957219,-0.347548883978,-0.111544284527,-0.0689839572193,-0.367518585835,-0.0495111164884,-0.0229946524064,0.196768572961,0.0472964236795,0.854545454545,0.133884297521,0.196768572961,0.854545454545,-0.285714285714,-0.246153846154,-6,-0.0363636363636,-0.05,0,0,0,17,0,3,90,0.85,1,0,0.15,1,0.85,0.918918918919,0.906962317388,0.85,0.85,4,7,0,0,0,0
270,WLNM_dir_neg,0.836734693878,0.504467754468,00:00:10,10,10,30,1171943279,threshold_sweep,0.9,1,0.571428571429,0.727272727273,4,0,3,14,0.571428571429,1,0,0.428571428571,1,0.571428571429,0.727272727273,0.857142857143,0.603174603175,0.64,0.68599434057,0.571428571429,20,13,7,0,20,0,13,0,7,11,20,0.181818181818,3.04338842975,3.63636363636,2,2.5,1.68954001271,0.464623503495,0.245454545455,1.16774841624,0.642261628933,0.336363636364,1.94000937205,1.06700515463,0.536363636364,1.05689877454,0.347276990411,3.54545454545,3.04338842975,1.05689877454,3.54545454545,0.499047619048,0.4,8,0.0484848484848,0.255555555556,11,11,11,1,0,0.0909090909091,0.636363636364,0.272727272727,11,0.118181818182,3.72727272727,2.36363636364,1.3,1.625,1.43336856898,0.6064251638,0.286713286713,0.603022689156,0.510249967747,0.237762237762,1.40129809949,1.18571377649,0.503496503497,2.05382127221,0.551025219373,7,3.72727272727,2.05382127221,7,0,0,0,0,0.22962962963,11,11,11,1,0,0.0909090909091,0.636363636364,0.272727272727,11,17,0.154545454545,3.17727272727,3.09090909091,1.7,2.125,1.30034960334,0.420701342257,0.208556149733,0.820199532265,0.530717344407,0.267379679144,1.57249078621,1.01749403814,0.513368983957,1.2536673475,0.394573414091,4.4,3.17727272727,1.2536673475,4.4,0.213333333333,0.153846153846,2,0.0121212121212,0.205555555556,11,11,11,1,0,0.0909090909091,0.636363636364,0.272727272727,-3,-0.0272727272727,0.133884297521,-0.545454545455,-0.3,-0.375,-0.389190409368,-0.0439221612377,-0.0368983957219,-0.347548883978,-0.111544284527,-0.0689839572193,-0.367518585835,-0.0495111164884,-0.0229946524064,0.196768572961,0.0472964236795,0.854545454545,0.133884297521,0.196768572961,0.854545454545,-0.285714285714,-0.246153846154,-6,-0.0363636363636,-0.05,0,0,0,17,0,3,90,0.85,1,0,0.15,1,0.85,0.918918918919,0.906962317388,0.85,0.85,4,7,0,0,0,0
271,WLNM_dir_neg,0.877551020408,0.571928071928,00:00:10,10,10,31,1171943280,threshold_sweep,0.1,0.833333333333,0.714285714286,0.769230769231,5,1,2,13,0.714285714286,0.928571428571,0.0714285714286,0.285714285714,0.833333333333,0.714285714286,0.769230769231,0.857142857143,0.571428571429,0.666666666667,0.67082039325,0.642857142857,20,13,7,0,20,0,13,0,7,11,20,0.181818181818,3.04338842975,3.63636363636,2,2.5,1.68954001271,0.464623503495,0.245454545455,1.16774841624,0.642261628933,0.336363636364,1.94000937205,1.06700515463,0.536363636364,1.05689877454,0.347276990411,3.54545454545,3.04338842975,1.05689877454,3.54545454545,0.499047619048,0.4,8,0.0484848484848,0.255555555556,11,11,11,1,0,0.0909090909091,0.636363636364,0.272727272727,11,0.118181818182,3.72727272727,2.36363636364,1.3,1.625,1.43336856898,0.6064251638,0.286713286713,0.603022689156,0.510249967747,0.237762237762,1.40129809949,1.18571377649,0.503496503497,2.05382127221,0.551025219373,7,3.72727272727,2.05382127221,7,0,0,0,0,0.22962962963,11,11,11,1,0,0.0909090909091,0.636363636364,0.272727272727,11,19,0.172727272727,3.14772727273,3.45454545455,1.9,2.11111111111,1.36847625947,0.396137864583,0.205741626794,1.00904995822,0.584186817916,0.306220095694,1.61807966991,0.936782966791,0.468899521531,1.18338851637,0.375950142385,3.96875,3.14772727273,1.18338851637,3.96875,0.41,0.3,5,0.030303030303,0.214444444444,11,11,11,1,0,0.0909090909091,0.727272727273,0.181818181818,-1,-0.00909090909091,0.104338842975,-0.181818181818,-0.1,-0.388888888889,-0.321063753241,-0.0684856389122,-0.0397129186603,-0.158698458023,-0.058074811017,-0.0301435406699,-0.321929702137,-0.130222187836,-0.0674641148325,0.126489741835,0.0286731519741,0.423295454545,0.104338842975,0.126489741835,0.423295454545,-0.0890476190476,-0.1,-3,-0.0181818181818,-0.0411111111111,0,0.0909090909091,-0.0909090909091,18,1,2,89,0.9,0.988888888889,0.0111111111111,0.1,0.947368421053,0.9,0.923076923077,0.906956031802,0.888888888889,0.857142857143,6,7,0,0,0,0
272,WLNM_dir_neg,0.877551020408,0.571928071928,00:00:10,10,10,31,1171943280,threshold_sweep,0.2,0.833333333333,0.714285714286,0.769230769231,5,1,2,13,0.714285714286,0.928571428571,0.0714285714286,0.285714285714,0.833333333333,0.714285714286,0.769230769231,0.857142857143,0.571428571429,0.666666666667,0.67082039325,0.642857142857,20,13,7,0,20,0,13,0,7,11,20,0.181818181818,3.04338842975,3.63636363636,2,2.5,1.68954001271,0.464623503495,0.245454545455,1.16774841624,0.642261628933,0.336363636364,1.94000937205,1.06700515463,0.536363636364,1.05689877454,0.347276990411,3.54545454545,3.04338842975,1.05689877454,3.54545454545,0.499047619048,0.4,8,0.0484848484848,0.255555555556,11,11,11,1,0,0.0909090909091,0.636363636364,0.272727272727,11,0.118181818182,3.72727272727,2.36363636364,1.3,1.625,1.43336856898,0.6064251638,0.286713286713,0.603022689156,0.510249967747,0.237762237762,1.40129809949,1.18571377649,0.503496503497,2.05382127221,0.551025219373,7,3.72727272727,2.05382127221,7,0,0,0,0,0.22962962963,11,11,11,1,0,0.0909090909091,0.636363636364,0.272727272727,11,19,0.172727272727,3.14772727273,3.45454545455,1.9,2.11111111111,1.36847625947,0.396137864583,0.205741626794,1.00904995822,0.584186817916,0.306220095694,1.61807966991,0.936782966791,0.468899521531,1.18338851637,0.375950142385,3.96875,3.14772727273,1.18338851637,3.96875,0.41,0.3,5,0.030303030303,0.214444444444,11,11,11,1,0,0.0909090909091,0.727272727273,0.181818181818,-1,-0.00909090909091,0.104338842975,-0.181818181818,-0.1,-0.388888888889,-0.321063753241,-0.0684856389122,-0.0397129186603,-0.158698458023,-0.058074811017,-0.0301435406699,-0.321929702137,-0.130222187836,-0.0674641148325,0.126489741835,0.0286731519741,0.423295454545,0.104338842975,0.126489741835,0.423295454545,-0.0890476190476,-0.1,-3,-0.0181818181818,-0.0411111111111,0,0.0909090909091,-0.0909090909091,18,1,2,89,0.9,0.988888888889,0.0111111111111,0.1,0.947368421053,0.9,0.923076923077,0.906956031802,0.888888888889,0.857142857143,6,7,0,0,0,0
273,WLNM_dir_neg,0.877551020408,0.571928071928,00:00:10,10,10,31,1171943280,threshold_sweep,0.3,0.833333333333,0.714285714286,0.769230769231,5,1,2,13,0.714285714286,0.928571428571,0.0714285714286,0.285714285714,0.833333333333,0.714285714286,0.769230769231,0.857142857143,0.571428571429,0.666666666667,0.67082039325,0.642857142857,20,13,7,0,20,0,13,0,7,11,20,0.181818181818,3.04338842975,3.63636363636,2,2.5,1.68954001271,0.464623503495,0.245454545455,1.16774841624,0.642261628933,0.336363636364,1.94000937205,1.06700515463,0.536363636364,1.05689877454,0.347276990411,3.54545454545,3.04338842975,1.05689877454,3.54545454545,0.499047619048,0.4,8,0.0484848484848,0.255555555556,11,11,11,1,0,0.0909090909091,0.636363636364,0.272727272727,11,0.118181818182,3.72727272727,2.36363636364,1.3,1.625,1.43336856898,0.6064251638,0.286713286713,0.603022689156,0.510249967747,0.237762237762,1.40129809949,1.18571377649,0.503496503497,2.05382127221,0.551025219373,7,3.72727272727,2.05382127221,7,0,0,0,0,0.22962962963,11,11,11,1,0,0.0909090909091,0.636363636364,0.272727272727,11,19,0.172727272727,3.14772727273,3.45454545455,1.9,2.11111111111,1.36847625947,0.396137864583,0.205741626794,1.00904995822,0.584186817916,0.306220095694,1.61807966991,0.936782966791,0.468899521531,1.18338851637,0.375950142385,3.96875,3.14772727273,1.18338851637,3.96875,0.41,0.3,5,0.030303030303,0.214444444444,11,11,11,1,0,0.0909090909091,0.727272727273,0.181818181818,-1,-0.00909090909091,0.104338842975,-0.181818181818,-0.1,-0.388888888889,-0.321063753241,-0.0684856389122,-0.0397129186603,-0.158698458023,-0.058074811017,-0.0301435406699,-0.321929702137,-0.130222187836,-0.0674641148325,0.126489741835,0.0286731519741,0.423295454545,0.104338842975,0.126489741835,0.423295454545,-0.0890476190476,-0.1,-3,-0.0181818181818,-0.0411111111111,0,0.0909090909091,-0.0909090909091,18,1,2,89,0.9,0.988888888889,0.0111111111111,0.1,0.947368421053,0.9,0.923076923077,0.906956031802,0.888888888889,0.857142857143,6,7,0,0,0,0
274,WLNM_dir_neg,0.877551020408,0.571928071928,00:00:10,10,10,31,1171943280,threshold_sweep,0.4,0.833333333333,0.714285714286,0.769230769231,5,1,2,13,0.714285714286,0.928571428571,0.0714285714286,0.285714285714,0.833333333333,0.714285714286,0.769230769231,0.857142857143,0.571428571429,0.666666666667,0.67082039325,0.642857142857,20,13,7,0,20,0,13,0,7,11,20,0.181818181818,3.04338842975,3.63636363636,2,2.5,1.68954001271,0.464623503495,0.245454545455,1.16774841624,0.642261628933,0.336363636364,1.94000937205,1.06700515463,0.536363636364,1.05689877454,0.347276990411,3.54545454545,3.04338842975,1.05689877454,3.54545454545,0.499047619048,0.4,8,0.0484848484848,0.255555555556,11,11,11,1,0,0.0909090909091,0.636363636364,0.272727272727,11,0.118181818182,3.72727272727,2.36363636364,1.3,1.625,1.43336856898,0.6064251638,0.286713286713,0.603022689156,0.510249967747,0.237762237762,1.40129809949,1.18571377649,0.503496503497,2.05382127221,0.551025219373,7,3.72727272727,2.05382127221,7,0,0,0,0,0.22962962963,11,11,11,1,0,0.0909090909091,0.636363636364,0.272727272727,11,19,0.172727272727,3.14772727273,3.45454545455,1.9,2.11111111111,1.36847625947,0.396137864583,0.205741626794,1.00904995822,0.584186817916,0.306220095694,1.61807966991,0.936782966791,0.468899521531,1.18338851637,0.375950142385,3.96875,3.14772727273,1.18338851637,3.96875,0.41,0.3,5,0.030303030303,0.214444444444,11,11,11,1,0,0.0909090909091,0.727272727273,0.181818181818,-1,-0.00909090909091,0.104338842975,-0.181818181818,-0.1,-0.388888888889,-0.321063753241,-0.0684856389122,-0.0397129186603,-0.158698458023,-0.058074811017,-0.0301435406699,-0.321929702137,-0.130222187836,-0.0674641148325,0.126489741835,0.0286731519741,0.423295454545,0.104338842975,0.126489741835,0.423295454545,-0.0890476190476,-0.1,-3,-0.0181818181818,-0.0411111111111,0,0.0909090909091,-0.0909090909091,18,1,2,89,0.9,0.988888888889,0.0111111111111,0.1,0.947368421053,0.9,0.923076923077,0.906956031802,0.888888888889,0.857142857143,6,7,0,0,0,0
275,WLNM_dir_neg,0.877551020408,0.571928071928,00:00:10,10,10,31,1171943280,threshold_sweep,0.5,0.833333333333,0.714285714286,0.769230769231,5,1,2,13,0.714285714286,0.928571428571,0.0714285714286,0.285714285714,0.833333333333,0.714285714286,0.769230769231,0.857142857143,0.571428571429,0.666666666667,0.67082039325,0.642857142857,20,13,7,0,20,0,13,0,7,11,20,0.181818181818,3.04338842975,3.63636363636,2,2.5,1.68954001271,0.464623503495,0.245454545455,1.16774841624,0.642261628933,0.336363636364,1.94000937205,1.06700515463,0.536363636364,1.05689877454,0.347276990411,3.54545454545,3.04338842975,1.05689877454,3.54545454545,0.499047619048,0.4,8,0.0484848484848,0.255555555556,11,11,11,1,0,0.0909090909091,0.636363636364,0.272727272727,11,0.118181818182,3.72727272727,2.36363636364,1.3,1.625,1.43336856898,0.6064251638,0.286713286713,0.603022689156,0.510249967747,0.237762237762,1.40129809949,1.18571377649,0.503496503497,2.05382127221,0.551025219373,7,3.72727272727,2.05382127221,7,0,0,0,0,0.22962962963,11,11,11,1,0,0.0909090909091,0.636363636364,0.272727272727,11,19,0.172727272727,3.14772727273,3.45454545455,1.9,2.11111111111,1.36847625947,0.396137864583,0.205741626794,1.00904995822,0.584186817916,0.306220095694,1.61807966991,0.936782966791,0.468899521531,1.18338851637,0.375950142385,3.96875,3.14772727273,1.18338851637,3.96875,0.41,0.3,5,0.030303030303,0.214444444444,11,11,11,1,0,0.0909090909091,0.727272727273,0.181818181818,-1,-0.00909090909091,0.104338842975,-0.181818181818,-0.1,-0.388888888889,-0.321063753241,-0.0684856389122,-0.0397129186603,-0.158698458023,-0.058074811017,-0.0301435406699,-0.321929702137,-0.130222187836,-0.0674641148325,0.126489741835,0.0286731519741,0.423295454545,0.104338842975,0.126489741835,0.423295454545,-0.0890476190476,-0.1,-3,-0.0181818181818,-0.0411111111111,0,0.0909090909091,-0.0909090909091,18,1,2,89,0.9,0.988888888889,0.0111111111111,0.1,0.947368421053,0.9,0.923076923077,0.906956031802,0.888888888889,0.857142857143,6,7,0,0,0,0
276,WLNM_dir_neg,0.877551020408,0.571928071928,00:00:10,10,10,31,1171943280,threshold_sweep,0.6,0.833333333333,0.714285714286,0.769230769231,5,1,2,13,0.714285714286,0.928571428571,0.0714285714286,0.285714285714,0.833333333333,0.714285714286,0.769230769231,0.857142857143,0.571428571429,0.666666666667,0.67082039325,0.642857142857,20,13,7,0,20,0,13,0,7,11,20,0.181818181818,3.04338842975,3.63636363636,2,2.5,1.68954001271,0.464623503495,0.245454545455,1.16774841624,0.642261628933,0.336363636364,1.94000937205,1.06700515463,0.536363636364,1.05689877454,0.347276990411,3.54545454545,3.04338842975,1.05689877454,3.54545454545,0.499047619048,0.4,8,0.0484848484848,0.255555555556,11,11,11,1,0,0.0909090909091,0.636363636364,0.272727272727,11,0.118181818182,3.72727272727,2.36363636364,1.3,1.625,1.43336856898,0.6064251638,0.286713286713,0.603022689156,0.510249967747,0.237762237762,1.40129809949,1.18571377649,0.503496503497,2.05382127221,0.551025219373,7,3.72727272727,2.05382127221,7,0,0,0,0,0.22962962963,11,11,11,1,0,0.0909090909091,0.636363636364,0.272727272727,11,19,0.172727272727,3.14772727273,3.45454545455,1.9,2.11111111111,1.36847625947,0.396137864583,0.205741626794,1.00904995822,0.584186817916,0.306220095694,1.61807966991,0.936782966791,0.468899521531,1.18338851637,0.375950142385,3.96875,3.14772727273,1.18338851637,3.96875,0.41,0.3,5,0.030303030303,0.214444444444,11,11,11,1,0,0.0909090909091,0.727272727273,0.181818181818,-1,-0.00909090909091,0.104338842975,-0.181818181818,-0.1,-0.388888888889,-0.321063753241,-0.0684856389122,-0.0397129186603,-0.158698458023,-0.058074811017,-0.0301435406699,-0.321929702137,-0.130222187836,-0.0674641148325,0.126489741835,0.0286731519741,0.423295454545,0.104338842975,0.126489741835,0.423295454545,-0.0890476190476,-0.1,-3,-0.0181818181818,-0.0411111111111,0,0.0909090909091,-0.0909090909091,18,1,2,89,0.9,0.988888888889,0.0111111111111,0.1,0.947368421053,0.9,0.923076923077,0.906956031802,0.888888888889,0.857142857143,6,7,0,0,0,0
277,WLNM_dir_neg,0.877551020408,0.571928071928,00:00:10,10,10,31,1171943280,threshold_sweep,0.7,0.833333333333,0.714285714286,0.769230769231,5,1,2,13,0.714285714286,0.928571428571,0.0714285714286,0.285714285714,0.833333333333,0.714285714286,0.769230769231,0.857142857143,0.571428571429,0.666666666667,0.67082039325,0.642857142857,20,13,7,0,20,0,13,0,7,11,20,0.181818181818,3.04338842975,3.63636363636,2,2.5,1.68954001271,0.464623503495,0.245454545455,1.16774841624,0.642261628933,0.336363636364,1.94000937205,1.06700515463,0.536363636364,1.05689877454,0.347276990411,3.54545454545,3.04338842975,1.05689877454,3.54545454545,0.499047619048,0.4,8,0.0484848484848,0.255555555556,11,11,11,1,0,0.0909090909091,0.636363636364,0.272727272727,11,0.118181818182,3.72727272727,2.36363636364,1.3,1.625,1.43336856898,0.6064251638,0.286713286713,0.603022689156,0.510249967747,0.237762237762,1.40129809949,1.18571377649,0.503496503497,2.05382127221,0.551025219373,7,3.72727272727,2.05382127221,7,0,0,0,0,0.22962962963,11,11,11,1,0,0.0909090909091,0.636363636364,0.272727272727,11,19,0.172727272727,3.14772727273,3.45454545455,1.9,2.11111111111,1.36847625947,0.396137864583,0.205741626794,1.00904995822,0.584186817916,0.306220095694,1.61807966991,0.936782966791,0.468899521531,1.18338851637,0.375950142385,3.96875,3.14772727273,1.18338851637,3.96875,0.41,0.3,5,0.030303030303,0.214444444444,11,11,11,1,0,0.0909090909091,0.727272727273,0.181818181818,-1,-0.00909090909091,0.104338842975,-0.181818181818,-0.1,-0.388888888889,-0.321063753241,-0.0684856389122,-0.0397129186603,-0.158698458023,-0.058074811017,-0.0301435406699,-0.321929702137,-0.130222187836,-0.0674641148325,0.126489741835,0.0286731519741,0.423295454545,0.104338842975,0.126489741835,0.423295454545,-0.0890476190476,-0.1,-3,-0.0181818181818,-0.0411111111111,0,0.0909090909091,-0.0909090909091,18,1,2,89,0.9,0.988888888889,0.0111111111111,0.1,0.947368421053,0.9,0.923076923077,0.906956031802,0.888888888889,0.857142857143,6,7,0,0,0,0
278,WLNM_dir_neg,0.877551020408,0.571928071928,00:00:10,10,10,31,1171943280,threshold_sweep,0.8,0.833333333333,0.714285714286,0.769230769231,5,1,2,13,0.714285714286,0.928571428571,0.0714285714286,0.285714285714,0.833333333333,0.714285714286,0.769230769231,0.857142857143,0.571428571429,0.666666666667,0.67082039325,0.642857142857,20,13,7,0,20,0,13,0,7,11,20,0.181818181818,3.04338842975,3.63636363636,2,2.5,1.68954001271,0.464623503495,0.245454545455,1.16774841624,0.642261628933,0.336363636364,1.94000937205,1.06700515463,0.536363636364,1.05689877454,0.347276990411,3.54545454545,3.04338842975,1.05689877454,3.54545454545,0.499047619048,0.4,8,0.0484848484848,0.255555555556,11,11,11,1,0,0.0909090909091,0.636363636364,0.272727272727,11,0.118181818182,3.72727272727,2.36363636364,1.3,1.625,1.43336856898,0.6064251638,0.286713286713,0.603022689156,0.510249967747,0.237762237762,1.40129809949,1.18571377649,0.503496503497,2.05382127221,0.551025219373,7,3.72727272727,2.05382127221,7,0,0,0,0,0.22962962963,11,11,11,1,0,0.0909090909091,0.636363636364,0.272727272727,11,19,0.172727272727,3.14772727273,3.45454545455,1.9,2.11111111111,1.36847625947,0.396137864583,0.205741626794,1.00904995822,0.584186817916,0.306220095694,1.61807966991,0.936782966791,0.468899521531,1.18338851637,0.375950142385,3.96875,3.14772727273,1.18338851637,3.96875,0.41,0.3,5,0.030303030303,0.214444444444,11,11,11,1,0,0.0909090909091,0.727272727273,0.181818181818,-1,-0.00909090909091,0.104338842975,-0.181818181818,-0.1,-0.388888888889,-0.321063753241,-0.0684856389122,-0.0397129186603,-0.158698458023,-0.058074811017,-0.0301435406699,-0.321929702137,-0.130222187836,-0.0674641148325,0.126489741835,0.0286731519741,0.423295454545,0.104338842975,0.126489741835,0.423295454545,-0.0890476190476,-0.1,-3,-0.0181818181818,-0.0411111111111,0,0.0909090909091,-0.0909090909091,18,1,2,89,0.9,0.988888888889,0.0111111111111,0.1,0.947368421053,0.9,0.923076923077,0.906956031802,0.888888888889,0.857142857143,6,7,0,0,0,0
279,WLNM_dir_neg,0.877551020408,0.571928071928,00:00:10,10,10,31,1171943280,threshold_sweep,0.9,0.833333333333,0.714285714286,0.769230769231,5,1,2,13,0.714285714286,0.928571428571,0.0714285714286,0.285714285714,0.833333333333,0.714285714286,0.769230769231,0.857142857143,0.571428571429,0.666666666667,0.67082039325,0.642857142857,20,13,7,0,20,0,13,0,7,11,20,0.181818181818,3.04338842975,3.63636363636,2,2.5,1.68954001271,0.464623503495,0.245454545455,1.16774841624,0.642261628933,0.336363636364,1.94000937205,1.06700515463,0.536363636364,1.05689877454,0.347276990411,3.54545454545,3.04338842975,1.05689877454,3.54545454545,0.499047619048,0.4,8,0.0484848484848,0.255555555556,11,11,11,1,0,0.0909090909091,0.636363636364,0.272727272727,11,0.118181818182,3.72727272727,2.36363636364,1.3,1.625,1.43336856898,0.6064251638,0.286713286713,0.603022689156,0.510249967747,0.237762237762,1.40129809949,1.18571377649,0.503496503497,2.05382127221,0.551025219373,7,3.72727272727,2.05382127221,7,0,0,0,0,0.22962962963,11,11,11,1,0,0.0909090909091,0.636363636364,0.272727272727,11,19,0.172727272727,3.14772727273,3.45454545455,1.9,2.11111111111,1.36847625947,0.396137864583,0.205741626794,1.00904995822,0.584186817916,0.306220095694,1.61807966991,0.936782966791,0.468899521531,1.18338851637,0.375950142385,3.96875,3.14772727273,1.18338851637,3.96875,0.41,0.3,5,0.030303030303,0.214444444444,11,11,11,1,0,0.0909090909091,0.727272727273,0.181818181818,-1,-0.00909090909091,0.104338842975,-0.181818181818,-0.1,-0.388888888889,-0.321063753241,-0.0684856389122,-0.0397129186603,-0.158698458023,-0.058074811017,-0.0301435406699,-0.321929702137,-0.130222187836,-0.0674641148325,0.126489741835,0.0286731519741,0.423295454545,0.104338842975,0.126489741835,0.423295454545,-0.0890476190476,-0.1,-3,-0.0181818181818,-0.0411111111111,0,0.0909090909091,-0.0909090909091,18,1,2,89,0.9,0.988888888889,0.0111111111111,0.1,0.947368421053,0.9,0.923076923077,0.906956031802,0.888888888889,0.857142857143,6,7,0,0,0,0
280,WLNM_dir_neg,0.80612244898,0.538850540216,00:00:10,10,10,32,1171943281,threshold_sweep,0.1,1,0.714285714286,0.833333333333,5,0,2,14,0.714285714286,1,0,0.285714285714,1,0.714285714286,0.833333333333,0.904761904762,0.587301587302,0.769230769231,0.790569415042,0.714285714286,20,13,7,0,20,0,13,0,7,11,20,0.181818181818,3.04338842975,3.63636363636,2,2.5,1.68954001271,0.464623503495,0.245454545455,1.16774841624,0.642261628933,0.336363636364,1.94000937205,1.06700515463,0.536363636364,1.05689877454,0.347276990411,3.54545454545,3.04338842975,1.05689877454,3.54545454545,0.499047619048,0.4,8,0.0484848484848,0.255555555556,11,11,11,1,0,0.0909090909091,0.636363636364,0.272727272727,11,0.118181818182,3.72727272727,2.36363636364,1.3,1.625,1.43336856898,0.6064251638,0.286713286713,0.603022689156,0.510249967747,0.237762237762,1.40129809949,1.18571377649,0.503496503497,2.05382127221,0.551025219373,7,3.72727272727,2.05382127221,7,0,0,0,0,0.22962962963,11,11,11,1,0,0.0909090909091,0.636363636364,0.272727272727,11,18,0.163636363636,3.11363636364,3.27272727273,1.8,2.25,1.42062726223,0.434080552347,0.227272727273,0.924416277737,0.564921058617,0.292929292929,1.68954001271,1.03249667443,0.525252525253,1.14353419474,0.367266456706,3.875,3.11363636364,1.14353419474,3.875,0.366666666667,0.266666666667,4,0.0242424242424,0.221111111111,11,11,11,1,0,0.0909090909091,0.636363636364,0.272727272727,-2,-0.0181818181818,0.0702479338843,-0.363636363636,-0.2,-0.25,-0.268912750482,-0.030542951148,-0.0181818181818,-0.243332138505,-0.0773405703161,-0.0434343434343,-0.250469359339,-0.0345084801933,-0.0111111111111,0.0866354202056,0.0199894662943,0.329545454545,0.0702479338843,0.0866354202056,0.329545454545,-0.132380952381,-0.133333333333,-4,-0.0242424242424,-0.0344444444444,0,0,0,18,0,2,90,0.9,1,0,0.1,1,0.9,0.947368421053,0.938314863257,0.9,0.9,5,7,0,0,0,0
281,WLNM_dir_neg,0.80612244898,0.538850540216,00:00:10,10,10,32,1171943281,threshold_sweep,0.2,1,0.714285714286,0.833333333333,5,0,2,14,0.714285714286,1,0,0.285714285714,1,0.714285714286,0.833333333333,0.904761904762,0.587301587302,0.769230769231,0.790569415042,0.714285714286,20,13,7,0,20,0,13,0,7,11,20,0.181818181818,3.04338842975,3.63636363636,2,2.5,1.68954001271,0.464623503495,0.245454545455,1.16774841624,0.642261628933,0.336363636364,1.94000937205,1.06700515463,0.536363636364,1.05689877454,0.347276990411,3.54545454545,3.04338842975,1.05689877454,3.54545454545,0.499047619048,0.4,8,0.0484848484848,0.255555555556,11,11,11,1,0,0.0909090909091,0.636363636364,0.272727272727,11,0.118181818182,3.72727272727,2.36363636364,1.3,1.625,1.43336856898,0.6064251638,0.286713286713,0.603022689156,0.510249967747,0.237762237762,1.40129809949,1.18571377649,0.503496503497,2.05382127221,0.551025219373,7,3.72727272727,2.05382127221,7,0,0,0,0,0.22962962963,11,11,11,1,0,0.0909090909091,0.636363636364,0.272727272727,11,18,0.163636363636,3.11363636364,3.27272727273,1.8,2.25,1.42062726223,0.434080552347,0.227272727273,0.924416277737,0.564921058617,0.292929292929,1.68954001271,1.03249667443,0.525252525253,1.14353419474,0.367266456706,3.875,3.11363636364,1.14353419474,3.875,0.366666666667,0.266666666667,4,0.0242424242424,0.221111111111,11,11,11,1,0,0.0909090909091,0.636363636364,0.272727272727,-2,-0.0181818181818,0.0702479338843,-0.363636363636,-0.2,-0.25,-0.268912750482,-0.030542951148,-0.0181818181818,-0.243332138505,-0.0773405703161,-0.0434343434343,-0.250469359339,-0.0345084801933,-0.0111111111111,0.0866354202056,0.0199894662943,0.329545454545,0.0702479338843,0.0866354202056,0.329545454545,-0.132380952381,-0.133333333333,-4,-0.0242424242424,-0.0344444444444,0,0,0,18,0,2,90,0.9,1,0,0.1,1,0.9,0.947368421053,0.938314863257,0.9,0.9,5,7,0,0,0,0
282,WLNM_dir_neg,0.80612244898,0.538850540216,00:00:10,10,10,32,1171943281,threshold_sweep,0.3,1,0.714285714286,0.833333333333,5,0,2,14,0.714285714286,1,0,0.285714285714,1,0.714285714286,0.833333333333,0.904761904762,0.587301587302,0.769230769231,0.790569415042,0.714285714286,20,13,7,0,20,0,13,0,7,11,20,0.181818181818,3.04338842975,3.63636363636,2,2.5,1.68954001271,0.464623503495,0.245454545455,1.16774841624,0.642261628933,0.336363636364,1.94000937205,1.06700515463,0.536363636364,1.05689877454,0.347276990411,3.54545454545,3.04338842975,1.05689877454,3.54545454545,0.499047619048,0.4,8,0.0484848484848,0.255555555556,11,11,11,1,0,0.0909090909091,0.636363636364,0.272727272727,11,0.118181818182,3.72727272727,2.36363636364,1.3,1.625,1.43336856898,0.6064251638,0.286713286713,0.603022689156,0.510249967747,0.237762237762,1.40129809949,1.18571377649,0.503496503497,2.05382127221,0.551025219373,7,3.72727272727,2.05382127221,7,0,0,0,0,0.22962962963,11,11,11,1,0,0.0909090909091,0.636363636364,0.272727272727,11,18,0.163636363636,3.11363636364,3.27272727273,1.8,2.25,1.42062726223,0.434080552347,0.227272727273,0.924416277737,0.564921058617,0.292929292929,1.68954001271,1.03249667443,0.525252525253,1.14353419474,0.367266456706,3.875,3.11363636364,1.14353419474,3.875,0.366666666667,0.266666666667,4,0.0242424242424,0.221111111111,11,11,11,1,0,0.0909090909091,0.636363636364,0.272727272727,-2,-0.0181818181818,0.0702479338843,-0.363636363636,-0.2,-0.25,-0.268912750482,-0.030542951148,-0.0181818181818,-0.243332138505,-0.0773405703161,-0.0434343434343,-0.250469359339,-0.0345084801933,-0.0111111111111,0.0866354202056,0.0199894662943,0.329545454545,0.0702479338843,0.0866354202056,0.329545454545,-0.132380952381,-0.133333333333,-4,-0.0242424242424,-0.0344444444444,0,0,0,18,0,2,90,0.9,1,0,0.1,1,0.9,0.947368421053,0.938314863257,0.9,0.9,5,7,0,0,0,0
283,WLNM_dir_neg,0.80612244898,0.538850540216,00:00:10,10,10,32,1171943281,threshold_sweep,0.4,1,0.714285714286,0.833333333333,5,0,2,14,0.714285714286,1,0,0.285714285714,1,0.714285714286,0.833333333333,0.904761904762,0.587301587302,0.769230769231,0.790569415042,0.714285714286,20,13,7,0,20,0,13,0,7,11,20,0.181818181818,3.04338842975,3.63636363636,2,2.5,1.68954001271,0.464623503495,0.245454545455,1.16774841624,0.642261628933,0.336363636364,1.94000937205,1.06700515463,0.536363636364,1.05689877454,0.347276990411,3.54545454545,3.04338842975,1.05689877454,3.54545454545,0.499047619048,0.4,8,0.0484848484848,0.255555555556,11,11,11,1,0,0.0909090909091,0.636363636364,0.272727272727,11,0.118181818182,3.72727272727,2.36363636364,1.3,1.625,1.43336856898,0.6064251638,0.286713286713,0.603022689156,0.510249967747,0.237762237762,1.40129809949,1.18571377649,0.503496503497,2.05382127221,0.551025219373,7,3.72727272727,2.05382127221,7,0,0,0,0,0.22962962963,11,11,11,1,0,0.0909090909091,0.636363636364,0.272727272727,11,18,0.163636363636,3.11363636364,3.27272727273,1.8,2.25,1.42062726223,0.434080552347,0.227272727273,0.924416277737,0.564921058617,0.292929292929,1.68954001271,1.03249667443,0.525252525253,1.14353419474,0.367266456706,3.875,3.11363636364,1.14353419474,3.875,0.366666666667,0.266666666667,4,0.0242424242424,0.221111111111,11,11,11,1,0,0.0909090909091,0.636363636364,0.272727272727,-2,-0.0181818181818,0.0702479338843,-0.363636363636,-0.2,-0.25,-0.268912750482,-0.030542951148,-0.0181818181818,-0.243332138505,-0.0773405703161,-0.0434343434343,-0.250469359339,-0.0345084801933,-0.0111111111111,0.0866354202056,0.0199894662943,0.329545454545,0.0702479338843,0.0866354202056,0.329545454545,-0.132380952381,-0.133333333333,-4,-0.0242424242424,-0.0344444444444,0,0,0,18,0,2,90,0.9,1,0,0.1,1,0.9,0.947368421053,0.938314863257,0.9,0.9,5,7,0,0,0,0
284,WLNM_dir_neg,0.80612244898,0.538850540216,00:00:10,10,10,32,1171943281,threshold_sweep,0.5,1,0.714285714286,0.833333333333,5,0,2,14,0.714285714286,1,0,0.285714285714,1,0.714285714286,0.833333333333,0.904761904762,0.587301587302,0.769230769231,0.790569415042,0.714285714286,20,13,7,0,20,0,13,0,7,11,20,0.181818181818,3.04338842975,3.63636363636,2,2.5,1.68954001271,0.464623503495,0.245454545455,1.16774841624,0.642261628933,0.336363636364,1.94000937205,1.06700515463,0.536363636364,1.05689877454,0.347276990411,3.54545454545,3.04338842975,1.05689877454,3.54545454545,0.499047619048,0.4,8,0.0484848484848,0.255555555556,11,11,11,1,0,0.0909090909091,0.636363636364,0.272727272727,11,0.118181818182,3.72727272727,2.36363636364,1.3,1.625,1.43336856898,0.6064251638,0.286713286713,0.603022689156,0.510249967747,0.237762237762,1.40129809949,1.18571377649,0.503496503497,2.05382127221,0.551025219373,7,3.72727272727,2.05382127221,7,0,0,0,0,0.22962962963,11,11,11,1,0,0.0909090909091,0.636363636364,0.272727272727,11,18,0.163636363636,3.11363636364,3.27272727273,1.8,2.25,1.42062726223,0.434080552347,0.227272727273,0.924416277737,0.564921058617,0.292929292929,1.68954001271,1.03249667443,0.525252525253,1.14353419474,0.367266456706,3.875,3.11363636364,1.14353419474,3.875,0.366666666667,0.266666666667,4,0.0242424242424,0.221111111111,11,11,11,1,0,0.0909090909091,0.636363636364,0.272727272727,-2,-0.0181818181818,0.0702479338843,-0.363636363636,-0.2,-0.25,-0.268912750482,-0.030542951148,-0.0181818181818,-0.243332138505,-0.0773405703161,-0.0434343434343,-0.250469359339,-0.0345084801933,-0.0111111111111,0.0866354202056,0.0199894662943,0.329545454545,0.0702479338843,0.0866354202056,0.329545454545,-0.132380952381,-0.133333333333,-4,-0.0242424242424,-0.0344444444444,0,0,0,18,0,2,90,0.9,1,0,0.1,1,0.9,0.947368421053,0.938314863257,0.9,0.9,5,7,0,0,0,0
285,WLNM_dir_neg,0.80612244898,0.538850540216,00:00:10,10,10,32,1171943281,threshold_sweep,0.6,1,0.714285714286,0.833333333333,5,0,2,14,0.714285714286,1,0,0.285714285714,1,0.714285714286,0.833333333333,0.904761904762,0.587301587302,0.769230769231,0.790569415042,0.714285714286,20,13,7,0,20,0,13,0,7,11,20,0.181818181818,3.04338842975,3.63636363636,2,2.5,1.68954001271,0.464623503495,0.245454545455,1.16774841624,0.642261628933,0.336363636364,1.94000937205,1.06700515463,0.536363636364,1.05689877454,0.347276990411,3.54545454545,3.04338842975,1.05689877454,3.54545454545,0.499047619048,0.4,8,0.0484848484848,0.255555555556,11,11,11,1,0,0.0909090909091,0.636363636364,0.272727272727,11,0.118181818182,3.72727272727,2.36363636364,1.3,1.625,1.43336856898,0.6064251638,0.286713286713,0.603022689156,0.510249967747,0.237762237762,1.40129809949,1.18571377649,0.503496503497,2.05382127221,0.551025219373,7,3.72727272727,2.05382127221,7,0,0,0,0,0.22962962963,11,11,11,1,0,0.0909090909091,0.636363636364,0.272727272727,11,18,0.163636363636,3.11363636364,3.27272727273,1.8,2.25,1.42062726223,0.434080552347,0.227272727273,0.924416277737,0.564921058617,0.292929292929,1.68954001271,1.03249667443,0.525252525253,1.14353419474,0.367266456706,3.875,3.11363636364,1.14353419474,3.875,0.366666666667,0.266666666667,4,0.0242424242424,0.221111111111,11,11,11,1,0,0.0909090909091,0.636363636364,0.272727272727,-2,-0.0181818181818,0.0702479338843,-0.363636363636,-0.2,-0.25,-0.268912750482,-0.030542951148,-0.0181818181818,-0.243332138505,-0.0773405703161,-0.0434343434343,-0.250469359339,-0.0345084801933,-0.0111111111111,0.0866354202056,0.0199894662943,0.329545454545,0.0702479338843,0.0866354202056,0.329545454545,-0.132380952381,-0.133333333333,-4,-0.0242424242424,-0.0344444444444,0,0,0,18,0,2,90,0.9,1,0,0.1,1,0.9,0.947368421053,0.938314863257,0.9,0.9,5,7,0,0,0,0
286,WLNM_dir_neg,0.80612244898,0.538850540216,00:00:10,10,10,32,1171943281,threshold_sweep,0.7,1,0.714285714286,0.833333333333,5,0,2,14,0.714285714286,1,0,0.285714285714,1,0.714285714286,0.833333333333,0.904761904762,0.587301587302,0.769230769231,0.790569415042,0.714285714286,20,13,7,0,20,0,13,0,7,11,20,0.181818181818,3.04338842975,3.63636363636,2,2.5,1.68954001271,0.464623503495,0.245454545455,1.16774841624,0.642261628933,0.336363636364,1.94000937205,1.06700515463,0.536363636364,1.05689877454,0.347276990411,3.54545454545,3.04338842975,1.05689877454,3.54545454545,0.499047619048,0.4,8,0.0484848484848,0.255555555556,11,11,11,1,0,0.0909090909091,0.636363636364,0.272727272727,11,0.118181818182,3.72727272727,2.36363636364,1.3,1.625,1.43336856898,0.6064251638,0.286713286713,0.603022689156,0.510249967747,0.237762237762,1.40129809949,1.18571377649,0.503496503497,2.05382127221,0.551025219373,7,3.72727272727,2.05382127221,7,0,0,0,0,0.22962962963,11,11,11,1,0,0.0909090909091,0.636363636364,0.272727272727,11,18,0.163636363636,3.11363636364,3.27272727273,1.8,2.25,1.42062726223,0.434080552347,0.227272727273,0.924416277737,0.564921058617,0.292929292929,1.68954001271,1.03249667443,0.525252525253,1.14353419474,0.367266456706,3.875,3.11363636364,1.14353419474,3.875,0.366666666667,0.266666666667,4,0.0242424242424,0.221111111111,11,11,11,1,0,0.0909090909091,0.636363636364,0.272727272727,-2,-0.0181818181818,0.0702479338843,-0.363636363636,-0.2,-0.25,-0.268912750482,-0.030542951148,-0.0181818181818,-0.243332138505,-0.0773405703161,-0.0434343434343,-0.250469359339,-0.0345084801933,-0.0111111111111,0.0866354202056,0.0199894662943,0.329545454545,0.0702479338843,0.0866354202056,0.329545454545,-0.132380952381,-0.133333333333,-4,-0.0242424242424,-0.0344444444444,0,0,0,18,0,2,90,0.9,1,0,0.1,1,0.9,0.947368421053,0.938314863257,0.9,0.9,5,7,0,0,0,0
287,WLNM_dir_neg,0.80612244898,0.538850540216,00:00:10,10,10,32,1171943281,threshold_sweep,0.8,1,0.714285714286,0.833333333333,5,0,2,14,0.714285714286,1,0,0.285714285714,1,0.714285714286,0.833333333333,0.904761904762,0.587301587302,0.769230769231,0.790569415042,0.714285714286,20,13,7,0,20,0,13,0,7,11,20,0.181818181818,3.04338842975,3.63636363636,2,2.5,1.68954001271,0.464623503495,0.245454545455,1.16774841624,0.642261628933,0.336363636364,1.94000937205,1.06700515463,0.536363636364,1.05689877454,0.347276990411,3.54545454545,3.04338842975,1.05689877454,3.54545454545,0.499047619048,0.4,8,0.0484848484848,0.255555555556,11,11,11,1,0,0.0909090909091,0.636363636364,0.272727272727,11,0.118181818182,3.72727272727,2.36363636364,1.3,1.625,1.43336856898,0.6064251638,0.286713286713,0.603022689156,0.510249967747,0.237762237762,1.40129809949,1.18571377649,0.503496503497,2.05382127221,0.551025219373,7,3.72727272727,2.05382127221,7,0,0,0,0,0.22962962963,11,11,11,1,0,0.0909090909091,0.636363636364,0.272727272727,11,18,0.163636363636,3.11363636364,3.27272727273,1.8,2.25,1.42062726223,0.434080552347,0.227272727273,0.924416277737,0.564921058617,0.292929292929,1.68954001271,1.03249667443,0.525252525253,1.14353419474,0.367266456706,3.875,3.11363636364,1.14353419474,3.875,0.366666666667,0.266666666667,4,0.0242424242424,0.221111111111,11,11,11,1,0,0.0909090909091,0.636363636364,0.272727272727,-2,-0.0181818181818,0.0702479338843,-0.363636363636,-0.2,-0.25,-0.268912750482,-0.030542951148,-0.0181818181818,-0.243332138505,-0.0773405703161,-0.0434343434343,-0.250469359339,-0.0345084801933,-0.0111111111111,0.0866354202056,0.0199894662943,0.329545454545,0.0702479338843,0.0866354202056,0.329545454545,-0.132380952381,-0.133333333333,-4,-0.0242424242424,-0.0344444444444,0,0,0,18,0,2,90,0.9,1,0,0.1,1,0.9,0.947368421053,0.938314863257,0.9,0.9,5,7,0,0,0,0
288,WLNM_dir_neg,0.80612244898,0.538850540216,00:00:10,10,10,32,1171943281,threshold_sweep,0.9,1,0.714285714286,0.833333333333,5,0,2,14,0.714285714286,1,0,0.285714285714,1,0.714285714286,0.833333333333,0.904761904762,0.587301587302,0.769230769231,0.790569415042,0.714285714286,20,13,7,0,20,0,13,0,7,11,20,0.181818181818,3.04338842975,3.63636363636,2,2.5,1.68954001271,0.464623503495,0.245454545455,1.16774841624,0.642261628933,0.336363636364,1.94000937205,1.06700515463,0.536363636364,1.05689877454,0.347276990411,3.54545454545,3.04338842975,1.05689877454,3.54545454545,0.499047619048,0.4,8,0.0484848484848,0.255555555556,11,11,11,1,0,0.0909090909091,0.636363636364,0.272727272727,11,0.118181818182,3.72727272727,2.36363636364,1.3,1.625,1.43336856898,0.6064251638,0.286713286713,0.603022689156,0.510249967747,0.237762237762,1.40129809949,1.18571377649,0.503496503497,2.05382127221,0.551025219373,7,3.72727272727,2.05382127221,7,0,0,0,0,0.22962962963,11,11,11,1,0,0.0909090909091,0.636363636364,0.272727272727,11,18,0.163636363636,3.11363636364,3.27272727273,1.8,2.25,1.42062726223,0.434080552347,0.227272727273,0.924416277737,0.564921058617,0.292929292929,1.68954001271,1.03249667443,0.525252525253,1.14353419474,0.367266456706,3.875,3.11363636364,1.14353419474,3.875,0.366666666667,0.266666666667,4,0.0242424242424,0.221111111111,11,11,11,1,0,0.0909090909091,0.636363636364,0.272727272727,-2,-0.0181818181818,0.0702479338843,-0.363636363636,-0.2,-0.25,-0.268912750482,-0.030542951148,-0.0181818181818,-0.243332138505,-0.0773405703161,-0.0434343434343,-0.250469359339,-0.0345084801933,-0.0111111111111,0.0866354202056,0.0199894662943,0.329545454545,0.0702479338843,0.0866354202056,0.329545454545,-0.132380952381,-0.133333333333,-4,-0.0242424242424,-0.0344444444444,0,0,0,18,0,2,90,0.9,1,0,0.1,1,0.9,0.947368421053,0.938314863257,0.9,0.9,5,7,0,0,0,0
289,WLNM_dir_neg,0.816326530612,0.464098972923,00:00:10,10,10,33,1171943282,threshold_sweep,0.1,0.833333333333,0.714285714286,0.769230769231,5,1,2,13,0.714285714286,0.928571428571,0.0714285714286,0.285714285714,0.833333333333,0.714285714286,0.769230769231,0.857142857143,0.571428571429,0.666666666667,0.67082039325,0.642857142857,20,13,7,0,20,0,13,0,7,11,20,0.181818181818,3.04338842975,3.63636363636,2,2.5,1.68954001271,0.464623503495,0.245454545455,1.16774841624,0.642261628933,0.336363636364,1.94000937205,1.06700515463,0.536363636364,1.05689877454,0.347276990411,3.54545454545,3.04338842975,1.05689877454,3.54545454545,0.499047619048,0.4,8,0.0484848484848,0.255555555556,11,11,11,1,0,0.0909090909091,0.636363636364,0.272727272727,11,0.118181818182,3.72727272727,2.36363636364,1.3,1.625,1.43336856898,0.6064251638,0.286713286713,0.603022689156,0.510249967747,0.237762237762,1.40129809949,1.18571377649,0.503496503497,2.05382127221,0.551025219373,7,3.72727272727,2.05382127221,7,0,0,0,0,0.22962962963,11,11,11,1,0,0.0909090909091,0.636363636364,0.272727272727,11,19,0.172727272727,3.17803030303,3.45454545455,1.9,2.375,1.43969693781,0.416754376733,0.215311004785,1.00904995822,0.584186817916,0.306220095694,1.67874411933,0.971904490138,0.507177033493,1.20143012424,0.378042375208,3.875,3.17803030303,1.20143012424,3.875,0.393333333333,0.3,5,0.030303030303,0.223703703704,11,11,11,1,0,0.0909090909091,0.636363636364,0.272727272727,-1,-0.00909090909091,0.134641873278,-0.181818181818,-0.1,-0.125,-0.249843074903,-0.0478691267618,-0.0301435406699,-0.158698458023,-0.058074811017,-0.0301435406699,-0.26126525272,-0.0951006644889,-0.0291866028708,0.144531349704,0.0307653847969,0.329545454545,0.134641873278,0.144531349704,0.329545454545,-0.105714285714,-0.1,-3,-0.0181818181818,-0.0318518518519,0,0,0,18,1,2,89,0.9,0.988888888889,0.0111111111111,0.1,0.947368421053,0.9,0.923076923077,0.906956031802,0.888888888889,0.857142857143,6,7,0,0,0,0
290,WLNM_dir_neg,0.816326530612,0.464098972923,00:00:10,10,10,33,1171943282,threshold_sweep,0.2,0.8,0.571428571429,0.666666666667,4,1,3,13,0.571428571429,0.928571428571,0.0714285714286,0.428571428571,0.8,0.571428571429,0.666666666667,0.809523809524,0.587301587302,0.538461538462,0.553398590529,0.5,20,13,7,0,20,0,13,0,7,11,20,0.181818181818,3.04338842975,3.63636363636,2,2.5,1.68954001271,0.464623503495,0.245454545455,1.16774841624,0.642261628933,0.336363636364,1.94000937205,1.06700515463,0.536363636364,1.05689877454,0.347276990411,3.54545454545,3.04338842975,1.05689877454,3.54545454545,0.499047619048,0.4,8,0.0484848484848,0.255555555556,11,11,11,1,0,0.0909090909091,0.636363636364,0.272727272727,11,0.118181818182,3.72727272727,2.36363636364,1.3,1.625,1.43336856898,0.6064251638,0.286713286713,0.603022689156,0.510249967747,0.237762237762,1.40129809949,1.18571377649,0.503496503497,2.05382127221,0.551025219373,7,3.72727272727,2.05382127221,7,0,0,0,0,0.22962962963,11,11,11,1,0,0.0909090909091,0.636363636364,0.272727272727,11,18,0.163636363636,3.22727272727,3.27272727273,1.8,2.25,1.48935617573,0.455081053695,0.232323232323,0.924416277737,0.564921058617,0.292929292929,1.68954001271,1.03249667443,0.525252525253,1.27207775634,0.394164938585,4,3.22727272727,1.27207775634,4,0.46,0.326086956522,5,0.030303030303,0.221111111111,11,11,11,1,0,0.0909090909091,0.636363636364,0.272727272727,-2,-0.0181818181818,0.183884297521,-0.363636363636,-0.2,-0.25,-0.20018383698,-0.00954244980009,-0.0131313131313,-0.243332138505,-0.0773405703161,-0.0434343434343,-0.250469359339,-0.0345084801933,-0.0111111111111,0.215178981806,0.0468879481737,0.454545454545,0.183884297521,0.215178981806,0.454545454545,-0.0390476190476,-0.0739130434783,-3,-0.0181818181818,-0.0344444444444,0,0,0,17,1,3,89,0.85,0.988888888889,0.0111111111111,0.15,0.944444444444,0.85,0.894736842105,0.874602125628,0.838888888889,0.809523809524,5,7,0,0,0,0
291,WLNM_dir_neg,0.816326530612,0.464098972923,00:00:10,10,10,33,1171943282,threshold_sweep,0.3,0.8,0.571428571429,0.666666666667,4,1,3,13,0.571428571429,0.928571428571,0.0714285714286,0.428571428571,0.8,0.571428571429,0.666666666667,0.809523809524,0.587301587302,0.538461538462,0.553398590529,0.5,20,13,7,0,20,0,13,0,7,11,20,0.181818181818,3.04338842975,3.63636363636,2,2.5,1.68954001271,0.464623503495,0.245454545455,1.16774841624,0.642261628933,0.336363636364,1.94000937205,1.06700515463,0.536363636364,1.05689877454,0.347276990411,3.54545454545,3.04338842975,1.05689877454,3.54545454545,0.499047619048,0.4,8,0.0484848484848,0.255555555556,11,11,11,1,0,0.0909090909091,0.636363636364,0.272727272727,11,0.118181818182,3.72727272727,2.36363636364,1.3,1.625,1.43336856898,0.6064251638,0.286713286713,0.603022689156,0.510249967747,0.237762237762,1.40129809949,1.18571377649,0.503496503497,2.05382127221,0.551025219373,7,3.72727272727,2.05382127221,7,0,0,0,0,0.22962962963,11,11,11,1,0,0.0909090909091,0.636363636364,0.272727272727,11,18,0.163636363636,3.22727272727,3.27272727273,1.8,2.25,1.48935617573,0.455081053695,0.232323232323,0.924416277737,0.564921058617,0.292929292929,1.68954001271,1.03249667443,0.525252525253,1.27207775634,0.394164938585,4,3.22727272727,1.27207775634,4,0.46,0.326086956522,5,0.030303030303,0.221111111111,11,11,11,1,0,0.0909090909091,0.636363636364,0.272727272727,-2,-0.0181818181818,0.183884297521,-0.363636363636,-0.2,-0.25,-0.20018383698,-0.00954244980009,-0.0131313131313,-0.243332138505,-0.0773405703161,-0.0434343434343,-0.250469359339,-0.0345084801933,-0.0111111111111,0.215178981806,0.0468879481737,0.454545454545,0.183884297521,0.215178981806,0.454545454545,-0.0390476190476,-0.0739130434783,-3,-0.0181818181818,-0.0344444444444,0,0,0,17,1,3,89,0.85,0.988888888889,0.0111111111111,0.15,0.944444444444,0.85,0.894736842105,0.874602125628,0.838888888889,0.809523809524,5,7,0,0,0,0
292,WLNM_dir_neg,0.816326530612,0.464098972923,00:00:10,10,10,33,1171943282,threshold_sweep,0.4,0.8,0.571428571429,0.666666666667,4,1,3,13,0.571428571429,0.928571428571,0.0714285714286,0.428571428571,0.8,0.571428571429,0.666666666667,0.809523809524,0.587301587302,0.538461538462,0.553398590529,0.5,20,13,7,0,20,0,13,0,7,11,20,0.181818181818,3.04338842975,3.63636363636,2,2.5,1.68954001271,0.464623503495,0.245454545455,1.16774841624,0.642261628933,0.336363636364,1.94000937205,1.06700515463,0.536363636364,1.05689877454,0.347276990411,3.54545454545,3.04338842975,1.05689877454,3.54545454545,0.499047619048,0.4,8,0.0484848484848,0.255555555556,11,11,11,1,0,0.0909090909091,0.636363636364,0.272727272727,11,0.118181818182,3.72727272727,2.36363636364,1.3,1.625,1.43336856898,0.6064251638,0.286713286713,0.603022689156,0.510249967747,0.237762237762,1.40129809949,1.18571377649,0.503496503497,2.05382127221,0.551025219373,7,3.72727272727,2.05382127221,7,0,0,0,0,0.22962962963,11,11,11,1,0,0.0909090909091,0.636363636364,0.272727272727,11,18,0.163636363636,3.22727272727,3.27272727273,1.8,2.25,1.48935617573,0.455081053695,0.232323232323,0.924416277737,0.564921058617,0.292929292929,1.68954001271,1.03249667443,0.525252525253,1.27207775634,0.394164938585,4,3.22727272727,1.27207775634,4,0.46,0.326086956522,5,0.030303030303,0.221111111111,11,11,11,1,0,0.0909090909091,0.636363636364,0.272727272727,-2,-0.0181818181818,0.183884297521,-0.363636363636,-0.2,-0.25,-0.20018383698,-0.00954244980009,-0.0131313131313,-0.243332138505,-0.0773405703161,-0.0434343434343,-0.250469359339,-0.0345084801933,-0.0111111111111,0.215178981806,0.0468879481737,0.454545454545,0.183884297521,0.215178981806,0.454545454545,-0.0390476190476,-0.0739130434783,-3,-0.0181818181818,-0.0344444444444,0,0,0,17,1,3,89,0.85,0.988888888889,0.0111111111111,0.15,0.944444444444,0.85,0.894736842105,0.874602125628,0.838888888889,0.809523809524,5,7,0,0,0,0
293,WLNM_dir_neg,0.816326530612,0.464098972923,00:00:10,10,10,33,1171943282,threshold_sweep,0.5,0.8,0.571428571429,0.666666666667,4,1,3,13,0.571428571429,0.928571428571,0.0714285714286,0.428571428571,0.8,0.571428571429,0.666666666667,0.809523809524,0.587301587302,0.538461538462,0.553398590529,0.5,20,13,7,0,20,0,13,0,7,11,20,0.181818181818,3.04338842975,3.63636363636,2,2.5,1.68954001271,0.464623503495,0.245454545455,1.16774841624,0.642261628933,0.336363636364,1.94000937205,1.06700515463,0.536363636364,1.05689877454,0.347276990411,3.54545454545,3.04338842975,1.05689877454,3.54545454545,0.499047619048,0.4,8,0.0484848484848,0.255555555556,11,11,11,1,0,0.0909090909091,0.636363636364,0.272727272727,11,0.118181818182,3.72727272727,2.36363636364,1.3,1.625,1.43336856898,0.6064251638,0.286713286713,0.603022689156,0.510249967747,0.237762237762,1.40129809949,1.18571377649,0.503496503497,2.05382127221,0.551025219373,7,3.72727272727,2.05382127221,7,0,0,0,0,0.22962962963,11,11,11,1,0,0.0909090909091,0.636363636364,0.272727272727,11,18,0.163636363636,3.22727272727,3.27272727273,1.8,2.25,1.48935617573,0.455081053695,0.232323232323,0.924416277737,0.564921058617,0.292929292929,1.68954001271,1.03249667443,0.525252525253,1.27207775634,0.394164938585,4,3.22727272727,1.27207775634,4,0.46,0.326086956522,5,0.030303030303,0.221111111111,11,11,11,1,0,0.0909090909091,0.636363636364,0.272727272727,-2,-0.0181818181818,0.183884297521,-0.363636363636,-0.2,-0.25,-0.20018383698,-0.00954244980009,-0.0131313131313,-0.243332138505,-0.0773405703161,-0.0434343434343,-0.250469359339,-0.0345084801933,-0.0111111111111,0.215178981806,0.0468879481737,0.454545454545,0.183884297521,0.215178981806,0.454545454545,-0.0390476190476,-0.0739130434783,-3,-0.0181818181818,-0.0344444444444,0,0,0,17,1,3,89,0.85,0.988888888889,0.0111111111111,0.15,0.944444444444,0.85,0.894736842105,0.874602125628,0.838888888889,0.809523809524,5,7,0,0,0,0
294,WLNM_dir_neg,0.816326530612,0.464098972923,00:00:10,10,10,33,1171943282,threshold_sweep,0.6,0.75,0.428571428571,0.545454545455,3,1,4,13,0.428571428571,0.928571428571,0.0714285714286,0.571428571429,0.75,0.428571428571,0.545454545455,0.761904761905,0.603174603175,0.4,0.428746462856,0.357142857143,20,13,7,0,20,0,13,0,7,11,20,0.181818181818,3.04338842975,3.63636363636,2,2.5,1.68954001271,0.464623503495,0.245454545455,1.16774841624,0.642261628933,0.336363636364,1.94000937205,1.06700515463,0.536363636364,1.05689877454,0.347276990411,3.54545454545,3.04338842975,1.05689877454,3.54545454545,0.499047619048,0.4,8,0.0484848484848,0.255555555556,11,11,11,1,0,0.0909090909091,0.636363636364,0.272727272727,11,0.118181818182,3.72727272727,2.36363636364,1.3,1.625,1.43336856898,0.6064251638,0.286713286713,0.603022689156,0.510249967747,0.237762237762,1.40129809949,1.18571377649,0.503496503497,2.05382127221,0.551025219373,7,3.72727272727,2.05382127221,7,0,0,0,0,0.22962962963,11,11,11,1,0,0.0909090909091,0.636363636364,0.272727272727,11,17,0.154545454545,3.33838383838,3.09090909091,1.7,2.125,1.30034960334,0.420701342257,0.208556149733,0.820199532265,0.530717344407,0.267379679144,1.57249078621,1.01749403814,0.513368983957,1.44090475381,0.431617460293,4.66666666667,3.33838383838,1.44090475381,4.66666666667,0.213333333333,0.153846153846,2,0.0121212121212,0.205555555556,11,11,11,1,0,0.0909090909091,0.636363636364,0.272727272727,-3,-0.0272727272727,0.294995408632,-0.545454545455,-0.3,-0.375,-0.389190409368,-0.0439221612377,-0.0368983957219,-0.347548883978,-0.111544284527,-0.0689839572193,-0.367518585835,-0.0495111164884,-0.0229946524064,0.384005979269,0.0843404698815,1.12121212121,0.294995408632,0.384005979269,1.12121212121,-0.285714285714,-0.246153846154,-6,-0.0363636363636,-0.05,0,0,0,16,1,4,89,0.8,0.988888888889,0.0111111111111,0.2,0.941176470588,0.8,0.864864864865,0.841755876268,0.788888888889,0.761904761905,4,7,0,0,0,0
295,WLNM_dir_neg,0.816326530612,0.464098972923,00:00:10,10,10,33,1171943282,threshold_sweep,0.7,0.75,0.428571428571,0.545454545455,3,1,4,13,0.428571428571,0.928571428571,0.0714285714286,0.571428571429,0.75,0.428571428571,0.545454545455,0.761904761905,0.603174603175,0.4,0.428746462856,0.357142857143,20,13,7,0,20,0,13,0,7,11,20,0.181818181818,3.04338842975,3.63636363636,2,2.5,1.68954001271,0.464623503495,0.245454545455,1.16774841624,0.642261628933,0.336363636364,1.94000937205,1.06700515463,0.536363636364,1.05689877454,0.347276990411,3.54545454545,3.04338842975,1.05689877454,3.54545454545,0.499047619048,0.4,8,0.0484848484848,0.255555555556,11,11,11,1,0,0.0909090909091,0.636363636364,0.272727272727,11,0.118181818182,3.72727272727,2.36363636364,1.3,1.625,1.43336856898,0.6064251638,0.286713286713,0.603022689156,0.510249967747,0.237762237762,1.40129809949,1.18571377649,0.503496503497,2.05382127221,0.551025219373,7,3.72727272727,2.05382127221,7,0,0,0,0,0.22962962963,11,11,11,1,0,0.0909090909091,0.636363636364,0.272727272727,11,17,0.154545454545,3.33838383838,3.09090909091,1.7,2.125,1.30034960334,0.420701342257,0.208556149733,0.820199532265,0.530717344407,0.267379679144,1.57249078621,1.01749403814,0.513368983957,1.44090475381,0.431617460293,4.66666666667,3.33838383838,1.44090475381,4.66666666667,0.213333333333,0.153846153846,2,0.0121212121212,0.205555555556,11,11,11,1,0,0.0909090909091,0.636363636364,0.272727272727,-3,-0.0272727272727,0.294995408632,-0.545454545455,-0.3,-0.375,-0.389190409368,-0.0439221612377,-0.0368983957219,-0.347548883978,-0.111544284527,-0.0689839572193,-0.367518585835,-0.0495111164884,-0.0229946524064,0.384005979269,0.0843404698815,1.12121212121,0.294995408632,0.384005979269,1.12121212121,-0.285714285714,-0.246153846154,-6,-0.0363636363636,-0.05,0,0,0,16,1,4,89,0.8,0.988888888889,0.0111111111111,0.2,0.941176470588,0.8,0.864864864865,0.841755876268,0.788888888889,0.761904761905,4,7,0,0,0,0
296,WLNM_dir_neg,0.816326530612,0.464098972923,00:00:10,10,10,33,1171943282,threshold_sweep,0.8,0.75,0.428571428571,0.545454545455,3,1,4,13,0.428571428571,0.928571428571,0.0714285714286,0.571428571429,0.75,0.428571428571,0.545454545455,0.761904761905,0.603174603175,0.4,0.428746462856,0.357142857143,20,13,7,0,20,0,13,0,7,11,20,0.181818181818,3.04338842975,3.63636363636,2,2.5,1.68954001271,0.464623503495,0.245454545455,1.16774841624,0.642261628933,0.336363636364,1.94000937205,1.06700515463,0.536363636364,1.05689877454,0.347276990411,3.54545454545,3.04338842975,1.05689877454,3.54545454545,0.499047619048,0.4,8,0.0484848484848,0.255555555556,11,11,11,1,0,0.0909090909091,0.636363636364,0.272727272727,11,0.118181818182,3.72727272727,2.36363636364,1.3,1.625,1.43336856898,0.6064251638,0.286713286713,0.603022689156,0.510249967747,0.237762237762,1.40129809949,1.18571377649,0.503496503497,2.05382127221,0.551025219373,7,3.72727272727,2.05382127221,7,0,0,0,0,0.22962962963,11,11,11,1,0,0.0909090909091,0.636363636364,0.272727272727,11,17,0.154545454545,3.33838383838,3.09090909091,1.7,2.125,1.30034960334,0.420701342257,0.208556149733,0.820199532265,0.530717344407,0.267379679144,1.57249078621,1.01749403814,0.513368983957,1.44090475381,0.431617460293,4.66666666667,3.33838383838,1.44090475381,4.66666666667,0.213333333333,0.153846153846,2,0.0121212121212,0.205555555556,11,11,11,1,0,0.0909090909091,0.636363636364,0.272727272727,-3,-0.0272727272727,0.294995408632,-0.545454545455,-0.3,-0.375,-0.389190409368,-0.0439221612377,-0.0368983957219,-0.347548883978,-0.111544284527,-0.0689839572193,-0.367518585835,-0.0495111164884,-0.0229946524064,0.384005979269,0.0843404698815,1.12121212121,0.294995408632,0.384005979269,1.12121212121,-0.285714285714,-0.246153846154,-6,-0.0363636363636,-0.05,0,0,0,16,1,4,89,0.8,0.988888888889,0.0111111111111,0.2,0.941176470588,0.8,0.864864864865,0.841755876268,0.788888888889,0.761904761905,4,7,0,0,0,0
297,WLNM_dir_neg,0.816326530612,0.464098972923,00:00:10,10,10,33,1171943282,threshold_sweep,0.9,0.75,0.428571428571,0.545454545455,3,1,4,13,0.428571428571,0.928571428571,0.0714285714286,0.571428571429,0.75,0.428571428571,0.545454545455,0.761904761905,0.603174603175,0.4,0.428746462856,0.357142857143,20,13,7,0,20,0,13,0,7,11,20,0.181818181818,3.04338842975,3.63636363636,2,2.5,1.68954001271,0.464623503495,0.245454545455,1.16774841624,0.642261628933,0.336363636364,1.94000937205,1.06700515463,0.536363636364,1.05689877454,0.347276990411,3.54545454545,3.04338842975,1.05689877454,3.54545454545,0.499047619048,0.4,8,0.0484848484848,0.255555555556,11,11,11,1,0,0.0909090909091,0.636363636364,0.272727272727,11,0.118181818182,3.72727272727,2.36363636364,1.3,1.625,1.43336856898,0.6064251638,0.286713286713,0.603022689156,0.510249967747,0.237762237762,1.40129809949,1.18571377649,0.503496503497,2.05382127221,0.551025219373,7,3.72727272727,2.05382127221,7,0,0,0,0,0.22962962963,11,11,11,1,0,0.0909090909091,0.636363636364,0.272727272727,11,17,0.154545454545,3.33838383838,3.09090909091,1.7,2.125,1.30034960334,0.420701342257,0.208556149733,0.820199532265,0.530717344407,0.267379679144,1.57249078621,1.01749403814,0.513368983957,1.44090475381,0.431617460293,4.66666666667,3.33838383838,1.44090475381,4.66666666667,0.213333333333,0.153846153846,2,0.0121212121212,0.205555555556,11,11,11,1,0,0.0909090909091,0.636363636364,0.272727272727,-3,-0.0272727272727,0.294995408632,-0.545454545455,-0.3,-0.375,-0.389190409368,-0.0439221612377,-0.0368983957219,-0.347548883978,-0.111544284527,-0.0689839572193,-0.367518585835,-0.0495111164884,-0.0229946524064,0.384005979269,0.0843404698815,1.12121212121,0.294995408632,0.384005979269,1.12121212121,-0.285714285714,-0.246153846154,-6,-0.0363636363636,-0.05,0,0,0,16,1,4,89,0.8,0.988888888889,0.0111111111111,0.2,0.941176470588,0.8,0.864864864865,0.841755876268,0.788888888889,0.761904761905,4,7,0,0,0,0
298,WLNM_dir_neg,0.948979591837,0.773639455782,00:00:10,10,10,34,1171943283,threshold_sweep,0.1,0.714285714286,0.714285714286,0.714285714286,5,2,2,12,0.714285714286,0.857142857143,0.142857142857,0.285714285714,0.714285714286,0.714285714286,0.714285714286,0.809523809524,0.555555555556,0.571428571429,0.571428571429,0.571428571429,20,13,7,0,20,0,13,0,7,11,20,0.181818181818,3.04338842975,3.63636363636,2,2.5,1.68954001271,0.464623503495,0.245454545455,1.16774841624,0.642261628933,0.336363636364,1.94000937205,1.06700515463,0.536363636364,1.05689877454,0.347276990411,3.54545454545,3.04338842975,1.05689877454,3.54545454545,0.499047619048,0.4,8,0.0484848484848,0.255555555556,11,11,11,1,0,0.0909090909091,0.636363636364,0.272727272727,11,0.118181818182,3.72727272727,2.36363636364,1.3,1.625,1.43336856898,0.6064251638,0.286713286713,0.603022689156,0.510249967747,0.237762237762,1.40129809949,1.18571377649,0.503496503497,2.05382127221,0.551025219373,7,3.72727272727,2.05382127221,7,0,0,0,0,0.22962962963,11,11,11,1,0,0.0909090909091,0.636363636364,0.272727272727,11,20,0.181818181818,3.63454545455,3.63636363636,2,2.5,1.5666989036,0.43084219849,0.231818181818,0.981649817214,0.539907399468,0.281818181818,1.66241882919,0.914330356053,0.481818181818,1.44770413853,0.398317796995,4.4,3.63454545455,1.44770413853,4.4,0.316666666667,0.235294117647,4,0.0242424242424,0.181111111111,11,11,11,1,0,0.0909090909091,0.636363636364,0.272727272727,0,0,0.591157024793,0,0,0,-0.122841109108,-0.0337813050047,-0.0136363636364,-0.186098599028,-0.102354229466,-0.0545454545455,-0.277590542861,-0.152674798574,-0.0545454545455,0.390805363997,0.0510408065839,0.854545454545,0.591157024793,0.390805363997,0.854545454545,-0.182380952381,-0.164705882353,-4,-0.0242424242424,-0.0744444444444,0,0,0,18,2,2,88,0.9,0.977777777778,0.0222222222222,0.1,0.9,0.9,0.9,0.877777777778,0.877777777778,0.818181818182,7,7,0,0,0,0
299,WLNM_dir_neg,0.948979591837,0.773639455782,00:00:10,10,10,34,1171943283,threshold_sweep,0.2,0.833333333333,0.714285714286,0.769230769231,5,1,2,13,0.714285714286,0.928571428571,0.0714285714286,0.285714285714,0.833333333333,0.714285714286,0.769230769231,0.857142857143,0.571428571429,0.666666666667,0.67082039325,0.642857142857,20,13,7,0,20,0,13,0,7,11,20,0.181818181818,3.04338842975,3.63636363636,2,2.5,1.68954001271,0.464623503495,0.245454545455,1.16774841624,0.642261628933,0.336363636364,1.94000937205,1.06700515463,0.536363636364,1.05689877454,0.347276990411,3.54545454545,3.04338842975,1.05689877454,3.54545454545,0.499047619048,0.4,8,0.0484848484848,0.255555555556,11,11,11,1,0,0.0909090909091,0.636363636364,0.272727272727,11,0.118181818182,3.72727272727,2.36363636364,1.3,1.625,1.43336856898,0.6064251638,0.286713286713,0.603022689156,0.510249967747,0.237762237762,1.40129809949,1.18571377649,0.503496503497,2.05382127221,0.551025219373,7,3.72727272727,2.05382127221,7,0,0,0,0,0.22962962963,11,11,11,1,0,0.0909090909091,0.636363636364,0.272727272727,11,19,0.172727272727,3.45727272727,3.45454545455,1.9,2.375,1.50755672289,0.436397998731,0.234449760766,0.904534033733,0.523677598477,0.267942583732,1.67874411933,0.971904490138,0.507177033493,1.45945257483,0.422139845468,4.4,3.45727272727,1.45945257483,4.4,0.366666666667,0.266666666667,4,0.0242424242424,0.197037037037,11,11,11,1,0,0.0909090909091,0.636363636364,0.272727272727,-1,-0.00909090909091,0.413884297521,-0.181818181818,-0.1,-0.125,-0.18198328982,-0.0282255047641,-0.011004784689,-0.263214382509,-0.118584030456,-0.0684210526316,-0.26126525272,-0.0951006644889,-0.0291866028708,0.402553800294,0.0748628550566,0.854545454545,0.413884297521,0.402553800294,0.854545454545,-0.132380952381,-0.133333333333,-4,-0.0242424242424,-0.0585185185185,0,0,0,18,1,2,89,0.9,0.988888888889,0.0111111111111,0.1,0.947368421053,0.9,0.923076923077,0.906956031802,0.888888888889,0.857142857143,6,7,0,0,0,0
300,WLNM_dir_neg,0.948979591837,0.773639455782,00:00:10,10,10,34,1171943283,threshold_sweep,0.3,0.833333333333,0.714285714286,0.769230769231,5,1,2,13,0.714285714286,0.928571428571,0.0714285714286,0.285714285714,0.833333333333,0.714285714286,0.769230769231,0.857142857143,0.571428571429,0.666666666667,0.67082039325,0.642857142857,20,13,7,0,20,0,13,0,7,11,20,0.181818181818,3.04338842975,3.63636363636,2,2.5,1.68954001271,0.464623503495,0.245454545455,1.16774841624,0.642261628933,0.336363636364,1.94000937205,1.06700515463,0.536363636364,1.05689877454,0.347276990411,3.54545454545,3.04338842975,1.05689877454,3.54545454545,0.499047619048,0.4,8,0.0484848484848,0.255555555556,11,11,11,1,0,0.0909090909091,0.636363636364,0.272727272727,11,0.118181818182,3.72727272727,2.36363636364,1.3,1.625,1.43336856898,0.6064251638,0.286713286713,0.603022689156,0.510249967747,0.237762237762,1.40129809949,1.18571377649,0.503496503497,2.05382127221,0.551025219373,7,3.72727272727,2.05382127221,7,0,0,0,0,0.22962962963,11,11,11,1,0,0.0909090909091,0.636363636364,0.272727272727,11,19,0.172727272727,3.45727272727,3.45454545455,1.9,2.375,1.50755672289,0.436397998731,0.234449760766,0.904534033733,0.523677598477,0.267942583732,1.67874411933,0.971904490138,0.507177033493,1.45945257483,0.422139845468,4.4,3.45727272727,1.45945257483,4.4,0.366666666667,0.266666666667,4,0.0242424242424,0.197037037037,11,11,11,1,0,0.0909090909091,0.636363636364,0.272727272727,-1,-0.00909090909091,0.413884297521,-0.181818181818,-0.1,-0.125,-0.18198328982,-0.0282255047641,-0.011004784689,-0.263214382509,-0.118584030456,-0.0684210526316,-0.26126525272,-0.0951006644889,-0.0291866028708,0.402553800294,0.0748628550566,0.854545454545,0.413884297521,0.402553800294,0.854545454545,-0.132380952381,-0.133333333333,-4,-0.0242424242424,-0.0585185185185,0,0,0,18,1,2,89,0.9,0.988888888889,0.0111111111111,0.1,0.947368421053,0.9,0.923076923077,0.906956031802,0.888888888889,0.857142857143,6,7,0,0,0,0
301,WLNM_dir_neg,0.948979591837,0.773639455782,00:00:10,10,10,34,1171943283,threshold_sweep,0.4,0.833333333333,0.714285714286,0.769230769231,5,1,2,13,0.714285714286,0.928571428571,0.0714285714286,0.285714285714,0.833333333333,0.714285714286,0.769230769231,0.857142857143,0.571428571429,0.666666666667,0.67082039325,0.642857142857,20,13,7,0,20,0,13,0,7,11,20,0.181818181818,3.04338842975,3.63636363636,2,2.5,1.68954001271,0.464623503495,0.245454545455,1.16774841624,0.642261628933,0.336363636364,1.94000937205,1.06700515463,0.536363636364,1.05689877454,0.347276990411,3.54545454545,3.04338842975,1.05689877454,3.54545454545,0.499047619048,0.4,8,0.0484848484848,0.255555555556,11,11,11,1,0,0.0909090909091,0.636363636364,0.272727272727,11,0.118181818182,3.72727272727,2.36363636364,1.3,1.625,1.43336856898,0.6064251638,0.286713286713,0.603022689156,0.510249967747,0.237762237762,1.40129809949,1.18571377649,0.503496503497,2.05382127221,0.551025219373,7,3.72727272727,2.05382127221,7,0,0,0,0,0.22962962963,11,11,11,1,0,0.0909090909091,0.636363636364,0.272727272727,11,19,0.172727272727,3.45727272727,3.45454545455,1.9,2.375,1.50755672289,0.436397998731,0.234449760766,0.904534033733,0.523677598477,0.267942583732,1.67874411933,0.971904490138,0.507177033493,1.45945257483,0.422139845468,4.4,3.45727272727,1.45945257483,4.4,0.366666666667,0.266666666667,4,0.0242424242424,0.197037037037,11,11,11,1,0,0.0909090909091,0.636363636364,0.272727272727,-1,-0.00909090909091,0.413884297521,-0.181818181818,-0.1,-0.125,-0.18198328982,-0.0282255047641,-0.011004784689,-0.263214382509,-0.118584030456,-0.0684210526316,-0.26126525272,-0.0951006644889,-0.0291866028708,0.402553800294,0.0748628550566,0.854545454545,0.413884297521,0.402553800294,0.854545454545,-0.132380952381,-0.133333333333,-4,-0.0242424242424,-0.0585185185185,0,0,0,18,1,2,89,0.9,0.988888888889,0.0111111111111,0.1,0.947368421053,0.9,0.923076923077,0.906956031802,0.888888888889,0.857142857143,6,7,0,0,0,0
302,WLNM_dir_neg,0.948979591837,0.773639455782,00:00:10,10,10,34,1171943283,threshold_sweep,0.5,1,0.714285714286,0.833333333333,5,0,2,14,0.714285714286,1,0,0.285714285714,1,0.714285714286,0.833333333333,0.904761904762,0.587301587302,0.769230769231,0.790569415042,0.714285714286,20,13,7,0,20,0,13,0,7,11,20,0.181818181818,3.04338842975,3.63636363636,2,2.5,1.68954001271,0.464623503495,0.245454545455,1.16774841624,0.642261628933,0.336363636364,1.94000937205,1.06700515463,0.536363636364,1.05689877454,0.347276990411,3.54545454545,3.04338842975,1.05689877454,3.54545454545,0.499047619048,0.4,8,0.0484848484848,0.255555555556,11,11,11,1,0,0.0909090909091,0.636363636364,0.272727272727,11,0.118181818182,3.72727272727,2.36363636364,1.3,1.625,1.43336856898,0.6064251638,0.286713286713,0.603022689156,0.510249967747,0.237762237762,1.40129809949,1.18571377649,0.503496503497,2.05382127221,0.551025219373,7,3.72727272727,2.05382127221,7,0,0,0,0,0.22962962963,11,11,11,1,0,0.0909090909091,0.636363636364,0.272727272727,11,18,0.163636363636,3.11363636364,3.27272727273,1.8,2.25,1.42062726223,0.434080552347,0.227272727273,0.924416277737,0.564921058617,0.292929292929,1.68954001271,1.03249667443,0.525252525253,1.14353419474,0.367266456706,3.875,3.11363636364,1.14353419474,3.875,0.366666666667,0.266666666667,4,0.0242424242424,0.221111111111,11,11,11,1,0,0.0909090909091,0.636363636364,0.272727272727,-2,-0.0181818181818,0.0702479338843,-0.363636363636,-0.2,-0.25,-0.268912750482,-0.030542951148,-0.0181818181818,-0.243332138505,-0.0773405703161,-0.0434343434343,-0.250469359339,-0.0345084801933,-0.0111111111111,0.0866354202056,0.0199894662943,0.329545454545,0.0702479338843,0.0866354202056,0.329545454545,-0.132380952381,-0.133333333333,-4,-0.0242424242424,-0.0344444444444,0,0,0,18,0,2,90,0.9,1,0,0.1,1,0.9,0.947368421053,0.938314863257,0.9,0.9,5,7,0,0,0,0
303,WLNM_dir_neg,0.948979591837,0.773639455782,00:00:10,10,10,34,1171943283,threshold_sweep,0.6,1,0.714285714286,0.833333333333,5,0,2,14,0.714285714286,1,0,0.285714285714,1,0.714285714286,0.833333333333,0.904761904762,0.587301587302,0.769230769231,0.790569415042,0.714285714286,20,13,7,0,20,0,13,0,7,11,20,0.181818181818,3.04338842975,3.63636363636,2,2.5,1.68954001271,0.464623503495,0.245454545455,1.16774841624,0.642261628933,0.336363636364,1.94000937205,1.06700515463,0.536363636364,1.05689877454,0.347276990411,3.54545454545,3.04338842975,1.05689877454,3.54545454545,0.499047619048,0.4,8,0.0484848484848,0.255555555556,11,11,11,1,0,0.0909090909091,0.636363636364,0.272727272727,11,0.118181818182,3.72727272727,2.36363636364,1.3,1.625,1.43336856898,0.6064251638,0.286713286713,0.603022689156,0.510249967747,0.237762237762,1.40129809949,1.18571377649,0.503496503497,2.05382127221,0.551025219373,7,3.72727272727,2.05382127221,7,0,0,0,0,0.22962962963,11,11,11,1,0,0.0909090909091,0.636363636364,0.272727272727,11,18,0.163636363636,3.11363636364,3.27272727273,1.8,2.25,1.42062726223,0.434080552347,0.227272727273,0.924416277737,0.564921058617,0.292929292929,1.68954001271,1.03249667443,0.525252525253,1.14353419474,0.367266456706,3.875,3.11363636364,1.14353419474,3.875,0.366666666667,0.266666666667,4,0.0242424242424,0.221111111111,11,11,11,1,0,0.0909090909091,0.636363636364,0.272727272727,-2,-0.0181818181818,0.0702479338843,-0.363636363636,-0.2,-0.25,-0.268912750482,-0.030542951148,-0.0181818181818,-0.243332138505,-0.0773405703161,-0.0434343434343,-0.250469359339,-0.0345084801933,-0.0111111111111,0.0866354202056,0.0199894662943,0.329545454545,0.0702479338843,0.0866354202056,0.329545454545,-0.132380952381,-0.133333333333,-4,-0.0242424242424,-0.0344444444444,0,0,0,18,0,2,90,0.9,1,0,0.1,1,0.9,0.947368421053,0.938314863257,0.9,0.9,5,7,0,0,0,0
304,WLNM_dir_neg,0.948979591837,0.773639455782,00:00:10,10,10,34,1171943283,threshold_sweep,0.7,1,0.571428571429,0.727272727273,4,0,3,14,0.571428571429,1,0,0.428571428571,1,0.571428571429,0.727272727273,0.857142857143,0.603174603175,0.64,0.68599434057,0.571428571429,20,13,7,0,20,0,13,0,7,11,20,0.181818181818,3.04338842975,3.63636363636,2,2.5,1.68954001271,0.464623503495,0.245454545455,1.16774841624,0.642261628933,0.336363636364,1.94000937205,1.06700515463,0.536363636364,1.05689877454,0.347276990411,3.54545454545,3.04338842975,1.05689877454,3.54545454545,0.499047619048,0.4,8,0.0484848484848,0.255555555556,11,11,11,1,0,0.0909090909091,0.636363636364,0.272727272727,11,0.118181818182,3.72727272727,2.36363636364,1.3,1.625,1.43336856898,0.6064251638,0.286713286713,0.603022689156,0.510249967747,0.237762237762,1.40129809949,1.18571377649,0.503496503497,2.05382127221,0.551025219373,7,3.72727272727,2.05382127221,7,0,0,0,0,0.22962962963,11,11,11,1,0,0.0909090909091,0.636363636364,0.272727272727,11,17,0.154545454545,3.17727272727,3.09090909091,1.7,2.125,1.30034960334,0.420701342257,0.208556149733,0.820199532265,0.530717344407,0.267379679144,1.57249078621,1.01749403814,0.513368983957,1.2536673475,0.394573414091,4.4,3.17727272727,1.2536673475,4.4,0.213333333333,0.153846153846,2,0.0121212121212,0.205555555556,11,11,11,1,0,0.0909090909091,0.636363636364,0.272727272727,-3,-0.0272727272727,0.133884297521,-0.545454545455,-0.3,-0.375,-0.389190409368,-0.0439221612377,-0.0368983957219,-0.347548883978,-0.111544284527,-0.0689839572193,-0.367518585835,-0.0495111164884,-0.0229946524064,0.196768572961,0.0472964236795,0.854545454545,0.133884297521,0.196768572961,0.854545454545,-0.285714285714,-0.246153846154,-6,-0.0363636363636,-0.05,0,0,0,17,0,3,90,0.85,1,0,0.15,1,0.85,0.918918918919,0.906962317388,0.85,0.85,4,7,0,0,0,0
305,WLNM_dir_neg,0.948979591837,0.773639455782,00:00:10,10,10,34,1171943283,threshold_sweep,0.8,1,0.571428571429,0.727272727273,4,0,3,14,0.571428571429,1,0,0.428571428571,1,0.571428571429,0.727272727273,0.857142857143,0.603174603175,0.64,0.68599434057,0.571428571429,20,13,7,0,20,0,13,0,7,11,20,0.181818181818,3.04338842975,3.63636363636,2,2.5,1.68954001271,0.464623503495,0.245454545455,1.16774841624,0.642261628933,0.336363636364,1.94000937205,1.06700515463,0.536363636364,1.05689877454,0.347276990411,3.54545454545,3.04338842975,1.05689877454,3.54545454545,0.499047619048,0.4,8,0.0484848484848,0.255555555556,11,11,11,1,0,0.0909090909091,0.636363636364,0.272727272727,11,0.118181818182,3.72727272727,2.36363636364,1.3,1.625,1.43336856898,0.6064251638,0.286713286713,0.603022689156,0.510249967747,0.237762237762,1.40129809949,1.18571377649,0.503496503497,2.05382127221,0.551025219373,7,3.72727272727,2.05382127221,7,0,0,0,0,0.22962962963,11,11,11,1,0,0.0909090909091,0.636363636364,0.272727272727,11,17,0.154545454545,3.17727272727,3.09090909091,1.7,2.125,1.30034960334,0.420701342257,0.208556149733,0.820199532265,0.530717344407,0.267379679144,1.57249078621,1.01749403814,0.513368983957,1.2536673475,0.394573414091,4.4,3.17727272727,1.2536673475,4.4,0.213333333333,0.153846153846,2,0.0121212121212,0.205555555556,11,11,11,1,0,0.0909090909091,0.636363636364,0.272727272727,-3,-0.0272727272727,0.133884297521,-0.545454545455,-0.3,-0.375,-0.389190409368,-0.0439221612377,-0.0368983957219,-0.347548883978,-0.111544284527,-0.0689839572193,-0.367518585835,-0.0495111164884,-0.0229946524064,0.196768572961,0.0472964236795,0.854545454545,0.133884297521,0.196768572961,0.854545454545,-0.285714285714,-0.246153846154,-6,-0.0363636363636,-0.05,0,0,0,17,0,3,90,0.85,1,0,0.15,1,0.85,0.918918918919,0.906962317388,0.85,0.85,4,7,0,0,0,0
306,WLNM_dir_neg,0.948979591837,0.773639455782,00:00:10,10,10,34,1171943283,threshold_sweep,0.9,1,0.285714285714,0.444444444444,2,0,5,14,0.285714285714,1,0,0.714285714286,1,0.285714285714,0.444444444444,0.761904761905,0.634920634921,0.347826086957,0.458831467741,0.285714285714,20,13,7,0,20,0,13,0,7,11,20,0.181818181818,3.04338842975,3.63636363636,2,2.5,1.68954001271,0.464623503495,0.245454545455,1.16774841624,0.642261628933,0.336363636364,1.94000937205,1.06700515463,0.536363636364,1.05689877454,0.347276990411,3.54545454545,3.04338842975,1.05689877454,3.54545454545,0.499047619048,0.4,8,0.0484848484848,0.255555555556,11,11,11,1,0,0.0909090909091,0.636363636364,0.272727272727,11,0.118181818182,3.72727272727,2.36363636364,1.3,1.625,1.43336856898,0.6064251638,0.286713286713,0.603022689156,0.510249967747,0.237762237762,1.40129809949,1.18571377649,0.503496503497,2.05382127221,0.551025219373,7,3.72727272727,2.05382127221,7,0,0,0,0,0.22962962963,11,11,11,1,0,0.0909090909091,0.636363636364,0.272727272727,11,15,0.136363636364,3.29090909091,2.72727272727,1.5,1.875,1.55505042304,0.570185155113,0.29696969697,0.809039834956,0.593295878968,0.290909090909,1.50151438706,1.10111055051,0.521212121212,1.22756225541,0.373016154959,4.4,3.29090909091,1.22756225541,4.4,0,0,0,0,0.25,11,11,11,1,0,0.0909090909091,0.636363636364,0.272727272727,-5,-0.0454545454545,0.247520661157,-0.909090909091,-0.5,-0.625,-0.134489589674,0.105561651618,0.0515151515152,-0.358708581286,-0.0489657499656,-0.0454545454545,-0.438494984989,0.0341053958833,-0.0151515151515,0.170663480874,0.0257391645477,0.854545454545,0.247520661157,0.170663480874,0.854545454545,-0.499047619048,-0.4,-8,-0.0484848484848,-0.00555555555556,0,0,0,15,0,5,90,0.75,1,0,0.25,1,0.75,0.857142857143,0.842927230424,0.75,0.75,2,7,0,0,0,0
307,WLNM_dir_neg,0.918367346939,0.571614100186,00:00:10,10,10,35,1171943284,threshold_sweep,0.1,0.583333333333,1,0.736842105263,7,5,0,9,1,0.642857142857,0.357142857143,0,0.583333333333,1,0.736842105263,0.761904761905,0.47619047619,0.545454545455,0.612372435696,0.642857142857,20,13,7,0,20,0,13,0,7,11,20,0.181818181818,3.04338842975,3.63636363636,2,2.5,1.68954001271,0.464623503495,0.245454545455,1.16774841624,0.642261628933,0.336363636364,1.94000937205,1.06700515463,0.536363636364,1.05689877454,0.347276990411,3.54545454545,3.04338842975,1.05689877454,3.54545454545,0.499047619048,0.4,8,0.0484848484848,0.255555555556,11,11,11,1,0,0.0909090909091,0.636363636364,0.272727272727,11,0.118181818182,3.72727272727,2.36363636364,1.3,1.625,1.43336856898,0.6064251638,0.286713286713,0.603022689156,0.510249967747,0.237762237762,1.40129809949,1.18571377649,0.503496503497,2.05382127221,0.551025219373,7,3.72727272727,2.05382127221,7,0,0,0,0,0.22962962963,11,11,11,1,0,0.0909090909091,0.636363636364,0.272727272727,11,25,0.227272727273,NaN,4.54545454545,2.27272727273,2.5,1.63484778274,0.359666512203,0.192727272727,1.42062726223,0.62507599538,0.32,1.7939291564,0.789328828816,0.407272727273,NaN,NaN,NaN,NaN,NaN,NaN,0.330735930736,0.32967032967,10,0.0606060606061,0.20038961039,11,11,0,1,2,0,0.909090909091,0.0909090909091,5,0.0454545454545,NaN,0.909090909091,0.272727272727,0,-0.05469222997,-0.104956991292,-0.0527272727273,0.252878845984,-0.0171856335535,-0.0163636363636,-0.146080215649,-0.277676325811,-0.129090909091,NaN,NaN,NaN,NaN,NaN,NaN,-0.168311688312,-0.0703296703297,2,0.0121212121212,-0.0551659451659,-0.0909090909091,0.272727272727,-0.181818181818,20,5,0,85,1,0.944444444444,0.0555555555556,0,0.8,1,0.888888888889,0.86922698736,0.944444444444,0.8,12,7,0,0,0,0
308,WLNM_dir_neg,0.918367346939,0.571614100186,00:00:10,10,10,35,1171943284,threshold_sweep,0.2,0.583333333333,1,0.736842105263,7,5,0,9,1,0.642857142857,0.357142857143,0,0.583333333333,1,0.736842105263,0.761904761905,0.47619047619,0.545454545455,0.612372435696,0.642857142857,20,13,7,0,20,0,13,0,7,11,20,0.181818181818,3.04338842975,3.63636363636,2,2.5,1.68954001271,0.464623503495,0.245454545455,1.16774841624,0.642261628933,0.336363636364,1.94000937205,1.06700515463,0.536363636364,1.05689877454,0.347276990411,3.54545454545,3.04338842975,1.05689877454,3.54545454545,0.499047619048,0.4,8,0.0484848484848,0.255555555556,11,11,11,1,0,0.0909090909091,0.636363636364,0.272727272727,11,0.118181818182,3.72727272727,2.36363636364,1.3,1.625,1.43336856898,0.6064251638,0.286713286713,0.603022689156,0.510249967747,0.237762237762,1.40129809949,1.18571377649,0.503496503497,2.05382127221,0.551025219373,7,3.72727272727,2.05382127221,7,0,0,0,0,0.22962962963,11,11,11,1,0,0.0909090909091,0.636363636364,0.272727272727,11,25,0.227272727273,NaN,4.54545454545,2.27272727273,2.5,1.63484778274,0.359666512203,0.192727272727,1.42062726223,0.62507599538,0.32,1.7939291564,0.789328828816,0.407272727273,NaN,NaN,NaN,NaN,NaN,NaN,0.330735930736,0.32967032967,10,0.0606060606061,0.20038961039,11,11,0,1,2,0,0.909090909091,0.0909090909091,5,0.0454545454545,NaN,0.909090909091,0.272727272727,0,-0.05469222997,-0.104956991292,-0.0527272727273,0.252878845984,-0.0171856335535,-0.0163636363636,-0.146080215649,-0.277676325811,-0.129090909091,NaN,NaN,NaN,NaN,NaN,NaN,-0.168311688312,-0.0703296703297,2,0.0121212121212,-0.0551659451659,-0.0909090909091,0.272727272727,-0.181818181818,20,5,0,85,1,0.944444444444,0.0555555555556,0,0.8,1,0.888888888889,0.86922698736,0.944444444444,0.8,12,7,0,0,0,0
309,WLNM_dir_neg,0.918367346939,0.571614100186,00:00:10,10,10,35,1171943284,threshold_sweep,0.3,0.545454545455,0.857142857143,0.666666666667,6,5,1,9,0.857142857143,0.642857142857,0.357142857143,0.142857142857,0.545454545455,0.857142857143,0.666666666667,0.714285714286,0.492063492063,0.4375,0.471939903724,0.5,20,13,7,0,20,0,13,0,7,11,20,0.181818181818,3.04338842975,3.63636363636,2,2.5,1.68954001271,0.464623503495,0.245454545455,1.16774841624,0.642261628933,0.336363636364,1.94000937205,1.06700515463,0.536363636364,1.05689877454,0.347276990411,3.54545454545,3.04338842975,1.05689877454,3.54545454545,0.499047619048,0.4,8,0.0484848484848,0.255555555556,11,11,11,1,0,0.0909090909091,0.636363636364,0.272727272727,11,0.118181818182,3.72727272727,2.36363636364,1.3,1.625,1.43336856898,0.6064251638,0.286713286713,0.603022689156,0.510249967747,0.237762237762,1.40129809949,1.18571377649,0.503496503497,2.05382127221,0.551025219373,7,3.72727272727,2.05382127221,7,0,0,0,0,0.22962962963,11,11,11,1,0,0.0909090909091,0.636363636364,0.272727272727,11,24,0.218181818182,NaN,4.36363636364,2.18181818182,2.4,1.5666989036,0.359035165409,0.185606060606,1.32801971508,0.608675702744,0.30303030303,1.72152152575,0.789030699304,0.401515151515,NaN,NaN,NaN,NaN,NaN,NaN,0.297402597403,0.289156626506,8,0.0484848484848,0.192943722944,11,11,0,1,2,0,0.909090909091,0.0909090909091,4,0.0363636363636,NaN,0.727272727273,0.181818181818,-0.1,-0.122841109108,-0.105588338086,-0.0598484848485,0.160271298836,-0.0335859261891,-0.0333333333333,-0.218487846294,-0.277974455323,-0.134848484848,NaN,NaN,NaN,NaN,NaN,NaN,-0.201645021645,-0.110843373494,0,0,-0.0626118326118,-0.0909090909091,0.272727272727,-0.181818181818,19,5,1,85,0.95,0.944444444444,0.0555555555556,0.05,0.791666666667,0.95,0.863636363636,0.835285181873,0.894444444444,0.76,11,7,0,0,0,0
310,WLNM_dir_neg,0.918367346939,0.571614100186,00:00:10,10,10,35,1171943284,threshold_sweep,0.4,0.545454545455,0.857142857143,0.666666666667,6,5,1,9,0.857142857143,0.642857142857,0.357142857143,0.142857142857,0.545454545455,0.857142857143,0.666666666667,0.714285714286,0.492063492063,0.4375,0.471939903724,0.5,20,13,7,0,20,0,13,0,7,11,20,0.181818181818,3.04338842975,3.63636363636,2,2.5,1.68954001271,0.464623503495,0.245454545455,1.16774841624,0.642261628933,0.336363636364,1.94000937205,1.06700515463,0.536363636364,1.05689877454,0.347276990411,3.54545454545,3.04338842975,1.05689877454,3.54545454545,0.499047619048,0.4,8,0.0484848484848,0.255555555556,11,11,11,1,0,0.0909090909091,0.636363636364,0.272727272727,11,0.118181818182,3.72727272727,2.36363636364,1.3,1.625,1.43336856898,0.6064251638,0.286713286713,0.603022689156,0.510249967747,0.237762237762,1.40129809949,1.18571377649,0.503496503497,2.05382127221,0.551025219373,7,3.72727272727,2.05382127221,7,0,0,0,0,0.22962962963,11,11,11,1,0,0.0909090909091,0.636363636364,0.272727272727,11,24,0.218181818182,NaN,4.36363636364,2.18181818182,2.4,1.5666989036,0.359035165409,0.185606060606,1.32801971508,0.608675702744,0.30303030303,1.72152152575,0.789030699304,0.401515151515,NaN,NaN,NaN,NaN,NaN,NaN,0.297402597403,0.289156626506,8,0.0484848484848,0.192943722944,11,11,0,1,2,0,0.909090909091,0.0909090909091,4,0.0363636363636,NaN,0.727272727273,0.181818181818,-0.1,-0.122841109108,-0.105588338086,-0.0598484848485,0.160271298836,-0.0335859261891,-0.0333333333333,-0.218487846294,-0.277974455323,-0.134848484848,NaN,NaN,NaN,NaN,NaN,NaN,-0.201645021645,-0.110843373494,0,0,-0.0626118326118,-0.0909090909091,0.272727272727,-0.181818181818,19,5,1,85,0.95,0.944444444444,0.0555555555556,0.05,0.791666666667,0.95,0.863636363636,0.835285181873,0.894444444444,0.76,11,7,0,0,0,0
311,WLNM_dir_neg,0.918367346939,0.571614100186,00:00:10,10,10,35,1171943284,threshold_sweep,0.5,0.6,0.857142857143,0.705882352941,6,4,1,10,0.857142857143,0.714285714286,0.285714285714,0.142857142857,0.6,0.857142857143,0.705882352941,0.761904761905,0.507936507937,0.516129032258,0.539359889971,0.571428571429,20,13,7,0,20,0,13,0,7,11,20,0.181818181818,3.04338842975,3.63636363636,2,2.5,1.68954001271,0.464623503495,0.245454545455,1.16774841624,0.642261628933,0.336363636364,1.94000937205,1.06700515463,0.536363636364,1.05689877454,0.347276990411,3.54545454545,3.04338842975,1.05689877454,3.54545454545,0.499047619048,0.4,8,0.0484848484848,0.255555555556,11,11,11,1,0,0.0909090909091,0.636363636364,0.272727272727,11,0.118181818182,3.72727272727,2.36363636364,1.3,1.625,1.43336856898,0.6064251638,0.286713286713,0.603022689156,0.510249967747,0.237762237762,1.40129809949,1.18571377649,0.503496503497,2.05382127221,0.551025219373,7,3.72727272727,2.05382127221,7,0,0,0,0,0.22962962963,11,11,11,1,0,0.0909090909091,0.636363636364,0.272727272727,11,23,0.209090909091,NaN,4.18181818182,2.09090909091,2.3,1.53741222957,0.367642054898,0.193675889328,1.30034960334,0.621906332033,0.308300395257,1.75809814598,0.840829548079,0.418972332016,NaN,NaN,NaN,NaN,NaN,NaN,0.254978354978,0.276315789474,7,0.0424242424242,0.18974025974,11,11,0,1,2,0,0.909090909091,0.0909090909091,3,0.0272727272727,NaN,0.545454545455,0.0909090909091,-0.2,-0.152127783138,-0.0969814485975,-0.0517786561265,0.132601187099,-0.0203552969006,-0.0280632411067,-0.181911226066,-0.226175606548,-0.117391304348,NaN,NaN,NaN,NaN,NaN,NaN,-0.244069264069,-0.123684210526,-1,-0.00606060606061,-0.0658152958153,-0.0909090909091,0.272727272727,-0.181818181818,19,4,1,86,0.95,0.955555555556,0.0444444444444,0.05,0.826086956522,0.95,0.883720930233,0.85887074016,0.905555555556,0.791666666667,10,7,0,0,0,0
312,WLNM_dir_neg,0.918367346939,0.571614100186,00:00:10,10,10,35,1171943284,threshold_sweep,0.6,0.666666666667,0.857142857143,0.75,6,3,1,11,0.857142857143,0.785714285714,0.214285714286,0.142857142857,0.666666666667,0.857142857143,0.75,0.809523809524,0.52380952381,0.6,0.612372435696,0.642857142857,20,13,7,0,20,0,13,0,7,11,20,0.181818181818,3.04338842975,3.63636363636,2,2.5,1.68954001271,0.464623503495,0.245454545455,1.16774841624,0.642261628933,0.336363636364,1.94000937205,1.06700515463,0.536363636364,1.05689877454,0.347276990411,3.54545454545,3.04338842975,1.05689877454,3.54545454545,0.499047619048,0.4,8,0.0484848484848,0.255555555556,11,11,11,1,0,0.0909090909091,0.636363636364,0.272727272727,11,0.118181818182,3.72727272727,2.36363636364,1.3,1.625,1.43336856898,0.6064251638,0.286713286713,0.603022689156,0.510249967747,0.237762237762,1.40129809949,1.18571377649,0.503496503497,2.05382127221,0.551025219373,7,3.72727272727,2.05382127221,7,0,0,0,0,0.22962962963,11,11,11,1,0,0.0909090909091,0.636363636364,0.272727272727,11,22,0.2,NaN,4,2,2.2,1.61245154966,0.403112887415,0.214876033058,1.26491106407,0.632455532034,0.305785123967,1.73205080757,0.866025403784,0.421487603306,NaN,NaN,NaN,NaN,NaN,NaN,0.250649350649,0.257142857143,6,0.0363636363636,0.200779220779,11,11,0,1,2,0,0.909090909091,0.0909090909091,2,0.0181818181818,NaN,0.363636363636,0,-0.3,-0.0770884630495,-0.0615106160801,-0.0305785123967,0.0971626478251,-0.00980609689958,-0.0305785123967,-0.20795856448,-0.200979750842,-0.114876033058,NaN,NaN,NaN,NaN,NaN,NaN,-0.248398268398,-0.142857142857,-2,-0.0121212121212,-0.0547763347763,-0.0909090909091,0.272727272727,-0.181818181818,19,3,1,87,0.95,0.966666666667,0.0333333333333,0.05,0.863636363636,0.95,0.904761904762,0.883883476483,0.916666666667,0.826086956522,9,7,0,0,0,0
313,WLNM_dir_neg,0.918367346939,0.571614100186,00:00:10,10,10,35,1171943284,threshold_sweep,0.7,0.857142857143,0.857142857143,0.857142857143,6,1,1,13,0.857142857143,0.928571428571,0.0714285714286,0.142857142857,0.857142857143,0.857142857143,0.857142857143,0.904761904762,0.555555555556,0.785714285714,0.785714285714,0.785714285714,20,13,7,0,20,0,13,0,7,11,20,0.181818181818,3.04338842975,3.63636363636,2,2.5,1.68954001271,0.464623503495,0.245454545455,1.16774841624,0.642261628933,0.336363636364,1.94000937205,1.06700515463,0.536363636364,1.05689877454,0.347276990411,3.54545454545,3.04338842975,1.05689877454,3.54545454545,0.499047619048,0.4,8,0.0484848484848,0.255555555556,11,11,11,1,0,0.0909090909091,0.636363636364,0.272727272727,11,0.118181818182,3.72727272727,2.36363636364,1.3,1.625,1.43336856898,0.6064251638,0.286713286713,0.603022689156,0.510249967747,0.237762237762,1.40129809949,1.18571377649,0.503496503497,2.05382127221,0.551025219373,7,3.72727272727,2.05382127221,7,0,0,0,0,0.22962962963,11,11,11,1,0,0.0909090909091,0.636363636364,0.272727272727,11,20,0.181818181818,NaN,3.63636363636,1.81818181818,2.5,1.68954001271,0.464623503495,0.245454545455,0.873862897505,0.480624593628,0.245454545455,1.8877596149,1.03826778819,0.527272727273,NaN,NaN,NaN,NaN,NaN,NaN,0.365714285714,0.3,6,0.0363636363636,0.208787878788,11,11,0,1,2,0,0.727272727273,0.272727272727,0,0,NaN,0,-0.181818181818,0,0,0,0,-0.293885518737,-0.161637035305,-0.0909090909091,-0.0522497571515,-0.0287373664333,-0.00909090909091,NaN,NaN,NaN,NaN,NaN,NaN,-0.133333333333,-0.1,-2,-0.0121212121212,-0.0467676767677,-0.0909090909091,0.0909090909091,0,19,1,1,89,0.95,0.988888888889,0.0111111111111,0.05,0.95,0.95,0.95,0.938888888889,0.938888888889,0.904761904762,7,7,0,0,0,0
314,WLNM_dir_neg,0.918367346939,0.571614100186,00:00:10,10,10,35,1171943284,threshold_sweep,0.8,0.857142857143,0.857142857143,0.857142857143,6,1,1,13,0.857142857143,0.928571428571,0.0714285714286,0.142857142857,0.857142857143,0.857142857143,0.857142857143,0.904761904762,0.555555555556,0.785714285714,0.785714285714,0.785714285714,20,13,7,0,20,0,13,0,7,11,20,0.181818181818,3.04338842975,3.63636363636,2,2.5,1.68954001271,0.464623503495,0.245454545455,1.16774841624,0.642261628933,0.336363636364,1.94000937205,1.06700515463,0.536363636364,1.05689877454,0.347276990411,3.54545454545,3.04338842975,1.05689877454,3.54545454545,0.499047619048,0.4,8,0.0484848484848,0.255555555556,11,11,11,1,0,0.0909090909091,0.636363636364,0.272727272727,11,0.118181818182,3.72727272727,2.36363636364,1.3,1.625,1.43336856898,0.6064251638,0.286713286713,0.603022689156,0.510249967747,0.237762237762,1.40129809949,1.18571377649,0.503496503497,2.05382127221,0.551025219373,7,3.72727272727,2.05382127221,7,0,0,0,0,0.22962962963,11,11,11,1,0,0.0909090909091,0.636363636364,0.272727272727,11,20,0.181818181818,NaN,3.63636363636,1.81818181818,2.5,1.68954001271,0.464623503495,0.245454545455,0.873862897505,0.480624593628,0.245454545455,1.8877596149,1.03826778819,0.527272727273,NaN,NaN,NaN,NaN,NaN,NaN,0.365714285714,0.3,6,0.0363636363636,0.208787878788,11,11,0,1,2,0,0.727272727273,0.272727272727,0,0,NaN,0,-0.181818181818,0,0,0,0,-0.293885518737,-0.161637035305,-0.0909090909091,-0.0522497571515,-0.0287373664333,-0.00909090909091,NaN,NaN,NaN,NaN,NaN,NaN,-0.133333333333,-0.1,-2,-0.0121212121212,-0.0467676767677,-0.0909090909091,0.0909090909091,0,19,1,1,89,0.95,0.988888888889,0.0111111111111,0.05,0.95,0.95,0.95,0.938888888889,0.938888888889,0.904761904762,7,7,0,0,0,0
315,WLNM_dir_neg,0.918367346939,0.571614100186,00:00:10,10,10,35,1171943284,threshold_sweep,0.9,0.833333333333,0.714285714286,0.769230769231,5,1,2,13,0.714285714286,0.928571428571,0.0714285714286,0.285714285714,0.833333333333,0.714285714286,0.769230769231,0.857142857143,0.571428571429,0.666666666667,0.67082039325,0.642857142857,20,13,7,0,20,0,13,0,7,11,20,0.181818181818,3.04338842975,3.63636363636,2,2.5,1.68954001271,0.464623503495,0.245454545455,1.16774841624,0.642261628933,0.336363636364,1.94000937205,1.06700515463,0.536363636364,1.05689877454,0.347276990411,3.54545454545,3.04338842975,1.05689877454,3.54545454545,0.499047619048,0.4,8,0.0484848484848,0.255555555556,11,11,11,1,0,0.0909090909091,0.636363636364,0.272727272727,11,0.118181818182,3.72727272727,2.36363636364,1.3,1.625,1.43336856898,0.6064251638,0.286713286713,0.603022689156,0.510249967747,0.237762237762,1.40129809949,1.18571377649,0.503496503497,2.05382127221,0.551025219373,7,3.72727272727,2.05382127221,7,0,0,0,0,0.22962962963,11,11,11,1,0,0.0909090909091,0.636363636364,0.272727272727,11,19,0.172727272727,NaN,3.45454545455,1.72727272727,2.375,1.7529196424,0.507424107012,0.267942583732,0.786245393107,0.455194701272,0.22966507177,1.90215189146,1.1012458319,0.545454545455,NaN,NaN,NaN,NaN,NaN,NaN,0.499047619048,0.321428571429,6,0.0363636363636,0.209696969697,11,11,0,1,2,0,0.727272727273,0.272727272727,-1,-0.00909090909091,NaN,-0.181818181818,-0.272727272727,-0.125,0.0633796296952,0.0428006035168,0.0224880382775,-0.381503023135,-0.187066927661,-0.106698564593,-0.0378574805894,0.0342406772707,0.00909090909091,NaN,NaN,NaN,NaN,NaN,NaN,0,-0.0785714285714,-2,-0.0121212121212,-0.0458585858586,-0.0909090909091,0.0909090909091,0,18,1,2,89,0.9,0.988888888889,0.0111111111111,0.1,0.947368421053,0.9,0.923076923077,0.906956031802,0.888888888889,0.857142857143,6,7,0,0,0,0
316,WLNM_dir_neg,0.938775510204,0.772804576376,00:00:10,10,10,36,1171943285,threshold_sweep,0.1,1,0.571428571429,0.727272727273,4,0,3,14,0.571428571429,1,0,0.428571428571,1,0.571428571429,0.727272727273,0.857142857143,0.603174603175,0.64,0.68599434057,0.571428571429,20,13,7,0,20,0,13,0,7,11,20,0.181818181818,3.04338842975,3.63636363636,2,2.5,1.68954001271,0.464623503495,0.245454545455,1.16774841624,0.642261628933,0.336363636364,1.94000937205,1.06700515463,0.536363636364,1.05689877454,0.347276990411,3.54545454545,3.04338842975,1.05689877454,3.54545454545,0.499047619048,0.4,8,0.0484848484848,0.255555555556,11,11,11,1,0,0.0909090909091,0.636363636364,0.272727272727,11,0.118181818182,3.72727272727,2.36363636364,1.3,1.625,1.43336856898,0.6064251638,0.286713286713,0.603022689156,0.510249967747,0.237762237762,1.40129809949,1.18571377649,0.503496503497,2.05382127221,0.551025219373,7,3.72727272727,2.05382127221,7,0,0,0,0,0.22962962963,11,11,11,1,0,0.0909090909091,0.636363636364,0.272727272727,11,17,0.154545454545,3.15909090909,3.09090909091,1.7,2.125,1.30034960334,0.420701342257,0.208556149733,0.820199532265,0.530717344407,0.267379679144,1.57249078621,1.01749403814,0.513368983957,1.21589847064,0.38488872452,4,3.15909090909,1.21589847064,4,0.296666666667,0.230769230769,3,0.0181818181818,0.203703703704,11,11,11,1,0,0.0909090909091,0.636363636364,0.272727272727,-3,-0.0272727272727,0.115702479339,-0.545454545455,-0.3,-0.375,-0.389190409368,-0.0439221612377,-0.0368983957219,-0.347548883978,-0.111544284527,-0.0689839572193,-0.367518585835,-0.0495111164884,-0.0229946524064,0.158999696105,0.0376117341084,0.454545454545,0.115702479339,0.158999696105,0.454545454545,-0.202380952381,-0.169230769231,-5,-0.030303030303,-0.0518518518519,0,0,0,17,0,3,90,0.85,1,0,0.15,1,0.85,0.918918918919,0.906962317388,0.85,0.85,4,7,0,0,0,0
317,WLNM_dir_neg,0.938775510204,0.772804576376,00:00:10,10,10,36,1171943285,threshold_sweep,0.2,1,0.428571428571,0.6,3,0,4,14,0.428571428571,1,0,0.571428571429,1,0.428571428571,0.6,0.809523809524,0.619047619048,0.5,0.57735026919,0.428571428571,20,13,7,0,20,0,13,0,7,11,20,0.181818181818,3.04338842975,3.63636363636,2,2.5,1.68954001271,0.464623503495,0.245454545455,1.16774841624,0.642261628933,0.336363636364,1.94000937205,1.06700515463,0.536363636364,1.05689877454,0.347276990411,3.54545454545,3.04338842975,1.05689877454,3.54545454545,0.499047619048,0.4,8,0.0484848484848,0.255555555556,11,11,11,1,0,0.0909090909091,0.636363636364,0.272727272727,11,0.118181818182,3.72727272727,2.36363636364,1.3,1.625,1.43336856898,0.6064251638,0.286713286713,0.603022689156,0.510249967747,0.237762237762,1.40129809949,1.18571377649,0.503496503497,2.05382127221,0.551025219373,7,3.72727272727,2.05382127221,7,0,0,0,0,0.22962962963,11,11,11,1,0,0.0909090909091,0.636363636364,0.272727272727,11,16,0.145454545455,3.25,2.90909090909,1.6,2,1.22102788294,0.41972833476,0.181818181818,0.687551650952,0.47269176003,0.227272727273,1.50755672289,1.03644524699,0.511363636364,1.3758835545,0.423348786001,4.66666666667,3.25,1.3758835545,4.66666666667,0.213333333333,0.176470588235,2,0.0121212121212,0.192592592593,11,11,11,1,0,0.0909090909091,0.636363636364,0.272727272727,-4,-0.0363636363636,0.206611570248,-0.727272727273,-0.4,-0.5,-0.468512129772,-0.0448951687355,-0.0636363636364,-0.48019676529,-0.169569868904,-0.109090909091,-0.43245264916,-0.0305599076407,-0.025,0.318984779967,0.07607179559,1.12121212121,0.206611570248,0.318984779967,1.12121212121,-0.285714285714,-0.223529411765,-6,-0.0363636363636,-0.062962962963,0,0,0,16,0,4,90,0.8,1,0,0.2,1,0.8,0.888888888889,0.875189948987,0.8,0.8,3,7,0,0,0,0
318,WLNM_dir_neg,0.938775510204,0.772804576376,00:00:10,10,10,36,1171943285,threshold_sweep,0.3,1,0.428571428571,0.6,3,0,4,14,0.428571428571,1,0,0.571428571429,1,0.428571428571,0.6,0.809523809524,0.619047619048,0.5,0.57735026919,0.428571428571,20,13,7,0,20,0,13,0,7,11,20,0.181818181818,3.04338842975,3.63636363636,2,2.5,1.68954001271,0.464623503495,0.245454545455,1.16774841624,0.642261628933,0.336363636364,1.94000937205,1.06700515463,0.536363636364,1.05689877454,0.347276990411,3.54545454545,3.04338842975,1.05689877454,3.54545454545,0.499047619048,0.4,8,0.0484848484848,0.255555555556,11,11,11,1,0,0.0909090909091,0.636363636364,0.272727272727,11,0.118181818182,3.72727272727,2.36363636364,1.3,1.625,1.43336856898,0.6064251638,0.286713286713,0.603022689156,0.510249967747,0.237762237762,1.40129809949,1.18571377649,0.503496503497,2.05382127221,0.551025219373,7,3.72727272727,2.05382127221,7,0,0,0,0,0.22962962963,11,11,11,1,0,0.0909090909091,0.636363636364,0.272727272727,11,16,0.145454545455,3.25,2.90909090909,1.6,2,1.22102788294,0.41972833476,0.181818181818,0.687551650952,0.47269176003,0.227272727273,1.50755672289,1.03644524699,0.511363636364,1.3758835545,0.423348786001,4.66666666667,3.25,1.3758835545,4.66666666667,0.213333333333,0.176470588235,2,0.0121212121212,0.192592592593,11,11,11,1,0,0.0909090909091,0.636363636364,0.272727272727,-4,-0.0363636363636,0.206611570248,-0.727272727273,-0.4,-0.5,-0.468512129772,-0.0448951687355,-0.0636363636364,-0.48019676529,-0.169569868904,-0.109090909091,-0.43245264916,-0.0305599076407,-0.025,0.318984779967,0.07607179559,1.12121212121,0.206611570248,0.318984779967,1.12121212121,-0.285714285714,-0.223529411765,-6,-0.0363636363636,-0.062962962963,0,0,0,16,0,4,90,0.8,1,0,0.2,1,0.8,0.888888888889,0.875189948987,0.8,0.8,3,7,0,0,0,0
319,WLNM_dir_neg,0.938775510204,0.772804576376,00:00:10,10,10,36,1171943285,threshold_sweep,0.4,1,0.428571428571,0.6,3,0,4,14,0.428571428571,1,0,0.571428571429,1,0.428571428571,0.6,0.809523809524,0.619047619048,0.5,0.57735026919,0.428571428571,20,13,7,0,20,0,13,0,7,11,20,0.181818181818,3.04338842975,3.63636363636,2,2.5,1.68954001271,0.464623503495,0.245454545455,1.16774841624,0.642261628933,0.336363636364,1.94000937205,1.06700515463,0.536363636364,1.05689877454,0.347276990411,3.54545454545,3.04338842975,1.05689877454,3.54545454545,0.499047619048,0.4,8,0.0484848484848,0.255555555556,11,11,11,1,0,0.0909090909091,0.636363636364,0.272727272727,11,0.118181818182,3.72727272727,2.36363636364,1.3,1.625,1.43336856898,0.6064251638,0.286713286713,0.603022689156,0.510249967747,0.237762237762,1.40129809949,1.18571377649,0.503496503497,2.05382127221,0.551025219373,7,3.72727272727,2.05382127221,7,0,0,0,0,0.22962962963,11,11,11,1,0,0.0909090909091,0.636363636364,0.272727272727,11,16,0.145454545455,3.25,2.90909090909,1.6,2,1.22102788294,0.41972833476,0.181818181818,0.687551650952,0.47269176003,0.227272727273,1.50755672289,1.03644524699,0.511363636364,1.3758835545,0.423348786001,4.66666666667,3.25,1.3758835545,4.66666666667,0.213333333333,0.176470588235,2,0.0121212121212,0.192592592593,11,11,11,1,0,0.0909090909091,0.636363636364,0.272727272727,-4,-0.0363636363636,0.206611570248,-0.727272727273,-0.4,-0.5,-0.468512129772,-0.0448951687355,-0.0636363636364,-0.48019676529,-0.169569868904,-0.109090909091,-0.43245264916,-0.0305599076407,-0.025,0.318984779967,0.07607179559,1.12121212121,0.206611570248,0.318984779967,1.12121212121,-0.285714285714,-0.223529411765,-6,-0.0363636363636,-0.062962962963,0,0,0,16,0,4,90,0.8,1,0,0.2,1,0.8,0.888888888889,0.875189948987,0.8,0.8,3,7,0,0,0,0
320,WLNM_dir_neg,0.938775510204,0.772804576376,00:00:10,10,10,36,1171943285,threshold_sweep,0.5,1,0.428571428571,0.6,3,0,4,14,0.428571428571,1,0,0.571428571429,1,0.428571428571,0.6,0.809523809524,0.619047619048,0.5,0.57735026919,0.428571428571,20,13,7,0,20,0,13,0,7,11,20,0.181818181818,3.04338842975,3.63636363636,2,2.5,1.68954001271,0.464623503495,0.245454545455,1.16774841624,0.642261628933,0.336363636364,1.94000937205,1.06700515463,0.536363636364,1.05689877454,0.347276990411,3.54545454545,3.04338842975,1.05689877454,3.54545454545,0.499047619048,0.4,8,0.0484848484848,0.255555555556,11,11,11,1,0,0.0909090909091,0.636363636364,0.272727272727,11,0.118181818182,3.72727272727,2.36363636364,1.3,1.625,1.43336856898,0.6064251638,0.286713286713,0.603022689156,0.510249967747,0.237762237762,1.40129809949,1.18571377649,0.503496503497,2.05382127221,0.551025219373,7,3.72727272727,2.05382127221,7,0,0,0,0,0.22962962963,11,11,11,1,0,0.0909090909091,0.636363636364,0.272727272727,11,16,0.145454545455,3.25,2.90909090909,1.6,2,1.22102788294,0.41972833476,0.181818181818,0.687551650952,0.47269176003,0.227272727273,1.50755672289,1.03644524699,0.511363636364,1.3758835545,0.423348786001,4.66666666667,3.25,1.3758835545,4.66666666667,0.213333333333,0.176470588235,2,0.0121212121212,0.192592592593,11,11,11,1,0,0.0909090909091,0.636363636364,0.272727272727,-4,-0.0363636363636,0.206611570248,-0.727272727273,-0.4,-0.5,-0.468512129772,-0.0448951687355,-0.0636363636364,-0.48019676529,-0.169569868904,-0.109090909091,-0.43245264916,-0.0305599076407,-0.025,0.318984779967,0.07607179559,1.12121212121,0.206611570248,0.318984779967,1.12121212121,-0.285714285714,-0.223529411765,-6,-0.0363636363636,-0.062962962963,0,0,0,16,0,4,90,0.8,1,0,0.2,1,0.8,0.888888888889,0.875189948987,0.8,0.8,3,7,0,0,0,0
321,WLNM_dir_neg,0.938775510204,0.772804576376,00:00:10,10,10,36,1171943285,threshold_sweep,0.6,1,0.428571428571,0.6,3,0,4,14,0.428571428571,1,0,0.571428571429,1,0.428571428571,0.6,0.809523809524,0.619047619048,0.5,0.57735026919,0.428571428571,20,13,7,0,20,0,13,0,7,11,20,0.181818181818,3.04338842975,3.63636363636,2,2.5,1.68954001271,0.464623503495,0.245454545455,1.16774841624,0.642261628933,0.336363636364,1.94000937205,1.06700515463,0.536363636364,1.05689877454,0.347276990411,3.54545454545,3.04338842975,1.05689877454,3.54545454545,0.499047619048,0.4,8,0.0484848484848,0.255555555556,11,11,11,1,0,0.0909090909091,0.636363636364,0.272727272727,11,0.118181818182,3.72727272727,2.36363636364,1.3,1.625,1.43336856898,0.6064251638,0.286713286713,0.603022689156,0.510249967747,0.237762237762,1.40129809949,1.18571377649,0.503496503497,2.05382127221,0.551025219373,7,3.72727272727,2.05382127221,7,0,0,0,0,0.22962962963,11,11,11,1,0,0.0909090909091,0.636363636364,0.272727272727,11,16,0.145454545455,3.25,2.90909090909,1.6,2,1.22102788294,0.41972833476,0.181818181818,0.687551650952,0.47269176003,0.227272727273,1.50755672289,1.03644524699,0.511363636364,1.3758835545,0.423348786001,4.66666666667,3.25,1.3758835545,4.66666666667,0.213333333333,0.176470588235,2,0.0121212121212,0.192592592593,11,11,11,1,0,0.0909090909091,0.636363636364,0.272727272727,-4,-0.0363636363636,0.206611570248,-0.727272727273,-0.4,-0.5,-0.468512129772,-0.0448951687355,-0.0636363636364,-0.48019676529,-0.169569868904,-0.109090909091,-0.43245264916,-0.0305599076407,-0.025,0.318984779967,0.07607179559,1.12121212121,0.206611570248,0.318984779967,1.12121212121,-0.285714285714,-0.223529411765,-6,-0.0363636363636,-0.062962962963,0,0,0,16,0,4,90,0.8,1,0,0.2,1,0.8,0.888888888889,0.875189948987,0.8,0.8,3,7,0,0,0,0
322,WLNM_dir_neg,0.938775510204,0.772804576376,00:00:10,10,10,36,1171943285,threshold_sweep,0.7,1,0.428571428571,0.6,3,0,4,14,0.428571428571,1,0,0.571428571429,1,0.428571428571,0.6,0.809523809524,0.619047619048,0.5,0.57735026919,0.428571428571,20,13,7,0,20,0,13,0,7,11,20,0.181818181818,3.04338842975,3.63636363636,2,2.5,1.68954001271,0.464623503495,0.245454545455,1.16774841624,0.642261628933,0.336363636364,1.94000937205,1.06700515463,0.536363636364,1.05689877454,0.347276990411,3.54545454545,3.04338842975,1.05689877454,3.54545454545,0.499047619048,0.4,8,0.0484848484848,0.255555555556,11,11,11,1,0,0.0909090909091,0.636363636364,0.272727272727,11,0.118181818182,3.72727272727,2.36363636364,1.3,1.625,1.43336856898,0.6064251638,0.286713286713,0.603022689156,0.510249967747,0.237762237762,1.40129809949,1.18571377649,0.503496503497,2.05382127221,0.551025219373,7,3.72727272727,2.05382127221,7,0,0,0,0,0.22962962963,11,11,11,1,0,0.0909090909091,0.636363636364,0.272727272727,11,16,0.145454545455,3.25,2.90909090909,1.6,2,1.22102788294,0.41972833476,0.181818181818,0.687551650952,0.47269176003,0.227272727273,1.50755672289,1.03644524699,0.511363636364,1.3758835545,0.423348786001,4.66666666667,3.25,1.3758835545,4.66666666667,0.213333333333,0.176470588235,2,0.0121212121212,0.192592592593,11,11,11,1,0,0.0909090909091,0.636363636364,0.272727272727,-4,-0.0363636363636,0.206611570248,-0.727272727273,-0.4,-0.5,-0.468512129772,-0.0448951687355,-0.0636363636364,-0.48019676529,-0.169569868904,-0.109090909091,-0.43245264916,-0.0305599076407,-0.025,0.318984779967,0.07607179559,1.12121212121,0.206611570248,0.318984779967,1.12121212121,-0.285714285714,-0.223529411765,-6,-0.0363636363636,-0.062962962963,0,0,0,16,0,4,90,0.8,1,0,0.2,1,0.8,0.888888888889,0.875189948987,0.8,0.8,3,7,0,0,0,0
323,WLNM_dir_neg,0.938775510204,0.772804576376,00:00:10,10,10,36,1171943285,threshold_sweep,0.8,1,0.428571428571,0.6,3,0,4,14,0.428571428571,1,0,0.571428571429,1,0.428571428571,0.6,0.809523809524,0.619047619048,0.5,0.57735026919,0.428571428571,20,13,7,0,20,0,13,0,7,11,20,0.181818181818,3.04338842975,3.63636363636,2,2.5,1.68954001271,0.464623503495,0.245454545455,1.16774841624,0.642261628933,0.336363636364,1.94000937205,1.06700515463,0.536363636364,1.05689877454,0.347276990411,3.54545454545,3.04338842975,1.05689877454,3.54545454545,0.499047619048,0.4,8,0.0484848484848,0.255555555556,11,11,11,1,0,0.0909090909091,0.636363636364,0.272727272727,11,0.118181818182,3.72727272727,2.36363636364,1.3,1.625,1.43336856898,0.6064251638,0.286713286713,0.603022689156,0.510249967747,0.237762237762,1.40129809949,1.18571377649,0.503496503497,2.05382127221,0.551025219373,7,3.72727272727,2.05382127221,7,0,0,0,0,0.22962962963,11,11,11,1,0,0.0909090909091,0.636363636364,0.272727272727,11,16,0.145454545455,3.25,2.90909090909,1.6,2,1.22102788294,0.41972833476,0.181818181818,0.687551650952,0.47269176003,0.227272727273,1.50755672289,1.03644524699,0.511363636364,1.3758835545,0.423348786001,4.66666666667,3.25,1.3758835545,4.66666666667,0.213333333333,0.176470588235,2,0.0121212121212,0.192592592593,11,11,11,1,0,0.0909090909091,0.636363636364,0.272727272727,-4,-0.0363636363636,0.206611570248,-0.727272727273,-0.4,-0.5,-0.468512129772,-0.0448951687355,-0.0636363636364,-0.48019676529,-0.169569868904,-0.109090909091,-0.43245264916,-0.0305599076407,-0.025,0.318984779967,0.07607179559,1.12121212121,0.206611570248,0.318984779967,1.12121212121,-0.285714285714,-0.223529411765,-6,-0.0363636363636,-0.062962962963,0,0,0,16,0,4,90,0.8,1,0,0.2,1,0.8,0.888888888889,0.875189948987,0.8,0.8,3,7,0,0,0,0
324,WLNM_dir_neg,0.938775510204,0.772804576376,00:00:10,10,10,36,1171943285,threshold_sweep,0.9,1,0.142857142857,0.25,1,0,6,14,0.142857142857,1,0,0.857142857143,1,0.142857142857,0.25,0.714285714286,0.650793650794,0.181818181818,0.316227766017,0.142857142857,20,13,7,0,20,0,13,0,7,11,20,0.181818181818,3.04338842975,3.63636363636,2,2.5,1.68954001271,0.464623503495,0.245454545455,1.16774841624,0.642261628933,0.336363636364,1.94000937205,1.06700515463,0.536363636364,1.05689877454,0.347276990411,3.54545454545,3.04338842975,1.05689877454,3.54545454545,0.499047619048,0.4,8,0.0484848484848,0.255555555556,11,11,11,1,0,0.0909090909091,0.636363636364,0.272727272727,11,0.118181818182,3.72727272727,2.36363636364,1.3,1.625,1.43336856898,0.6064251638,0.286713286713,0.603022689156,0.510249967747,0.237762237762,1.40129809949,1.18571377649,0.503496503497,2.05382127221,0.551025219373,7,3.72727272727,2.05382127221,7,0,0,0,0,0.22962962963,11,11,11,1,0,0.0909090909091,0.636363636364,0.272727272727,11,14,0.127272727273,3.36363636364,2.54545454545,1.4,1.75,1.43969693781,0.565595225567,0.272727272727,0.646669790683,0.508097692679,0.246753246753,1.42062726223,1.11620713461,0.506493506494,1.34539994429,0.399983767222,4.66666666667,3.36363636364,1.34539994429,4.66666666667,0,0,0,0,0.237037037037,11,11,11,1,0,0.0909090909091,0.636363636364,0.272727272727,-6,-0.0545454545455,0.320247933884,-1.09090909091,-0.6,-0.75,-0.249843074903,0.100971722072,0.0272727272727,-0.521078625559,-0.134163936254,-0.0896103896104,-0.519382109822,0.04920197998,-0.0298701298701,0.288501169755,0.0527067768106,1.12121212121,0.320247933884,0.288501169755,1.12121212121,-0.499047619048,-0.4,-8,-0.0484848484848,-0.0185185185185,0,0,0,14,0,6,90,0.7,1,0,0.3,1,0.7,0.823529411765,0.810092587301,0.7,0.7,1,7,0,0,0,0
325,WLNM_dir_neg,0.897959183673,0.726731601732,00:00:10,10,10,37,1171943286,threshold_sweep,0.1,1,0.714285714286,0.833333333333,5,0,2,14,0.714285714286,1,0,0.285714285714,1,0.714285714286,0.833333333333,0.904761904762,0.587301587302,0.769230769231,0.790569415042,0.714285714286,20,13,7,0,20,0,13,0,7,11,20,0.181818181818,3.04338842975,3.63636363636,2,2.5,1.68954001271,0.464623503495,0.245454545455,1.16774841624,0.642261628933,0.336363636364,1.94000937205,1.06700515463,0.536363636364,1.05689877454,0.347276990411,3.54545454545,3.04338842975,1.05689877454,3.54545454545,0.499047619048,0.4,8,0.0484848484848,0.255555555556,11,11,11,1,0,0.0909090909091,0.636363636364,0.272727272727,11,0.118181818182,3.72727272727,2.36363636364,1.3,1.625,1.43336856898,0.6064251638,0.286713286713,0.603022689156,0.510249967747,0.237762237762,1.40129809949,1.18571377649,0.503496503497,2.05382127221,0.551025219373,7,3.72727272727,2.05382127221,7,0,0,0,0,0.22962962963,11,11,11,1,0,0.0909090909091,0.636363636364,0.272727272727,11,18,0.163636363636,3.11363636364,3.27272727273,1.8,2.25,1.42062726223,0.434080552347,0.227272727273,0.924416277737,0.564921058617,0.292929292929,1.68954001271,1.03249667443,0.525252525253,1.14353419474,0.367266456706,3.875,3.11363636364,1.14353419474,3.875,0.366666666667,0.266666666667,4,0.0242424242424,0.221111111111,11,11,11,1,0,0.0909090909091,0.636363636364,0.272727272727,-2,-0.0181818181818,0.0702479338843,-0.363636363636,-0.2,-0.25,-0.268912750482,-0.030542951148,-0.0181818181818,-0.243332138505,-0.0773405703161,-0.0434343434343,-0.250469359339,-0.0345084801933,-0.0111111111111,0.0866354202056,0.0199894662943,0.329545454545,0.0702479338843,0.0866354202056,0.329545454545,-0.132380952381,-0.133333333333,-4,-0.0242424242424,-0.0344444444444,0,0,0,18,0,2,90,0.9,1,0,0.1,1,0.9,0.947368421053,0.938314863257,0.9,0.9,5,7,0,0,0,0
326,WLNM_dir_neg,0.897959183673,0.726731601732,00:00:10,10,10,37,1171943286,threshold_sweep,0.2,1,0.714285714286,0.833333333333,5,0,2,14,0.714285714286,1,0,0.285714285714,1,0.714285714286,0.833333333333,0.904761904762,0.587301587302,0.769230769231,0.790569415042,0.714285714286,20,13,7,0,20,0,13,0,7,11,20,0.181818181818,3.04338842975,3.63636363636,2,2.5,1.68954001271,0.464623503495,0.245454545455,1.16774841624,0.642261628933,0.336363636364,1.94000937205,1.06700515463,0.536363636364,1.05689877454,0.347276990411,3.54545454545,3.04338842975,1.05689877454,3.54545454545,0.499047619048,0.4,8,0.0484848484848,0.255555555556,11,11,11,1,0,0.0909090909091,0.636363636364,0.272727272727,11,0.118181818182,3.72727272727,2.36363636364,1.3,1.625,1.43336856898,0.6064251638,0.286713286713,0.603022689156,0.510249967747,0.237762237762,1.40129809949,1.18571377649,0.503496503497,2.05382127221,0.551025219373,7,3.72727272727,2.05382127221,7,0,0,0,0,0.22962962963,11,11,11,1,0,0.0909090909091,0.636363636364,0.272727272727,11,18,0.163636363636,3.11363636364,3.27272727273,1.8,2.25,1.42062726223,0.434080552347,0.227272727273,0.924416277737,0.564921058617,0.292929292929,1.68954001271,1.03249667443,0.525252525253,1.14353419474,0.367266456706,3.875,3.11363636364,1.14353419474,3.875,0.366666666667,0.266666666667,4,0.0242424242424,0.221111111111,11,11,11,1,0,0.0909090909091,0.636363636364,0.272727272727,-2,-0.0181818181818,0.0702479338843,-0.363636363636,-0.2,-0.25,-0.268912750482,-0.030542951148,-0.0181818181818,-0.243332138505,-0.0773405703161,-0.0434343434343,-0.250469359339,-0.0345084801933,-0.0111111111111,0.0866354202056,0.0199894662943,0.329545454545,0.0702479338843,0.0866354202056,0.329545454545,-0.132380952381,-0.133333333333,-4,-0.0242424242424,-0.0344444444444,0,0,0,18,0,2,90,0.9,1,0,0.1,1,0.9,0.947368421053,0.938314863257,0.9,0.9,5,7,0,0,0,0
327,WLNM_dir_neg,0.897959183673,0.726731601732,00:00:10,10,10,37,1171943286,threshold_sweep,0.3,1,0.714285714286,0.833333333333,5,0,2,14,0.714285714286,1,0,0.285714285714,1,0.714285714286,0.833333333333,0.904761904762,0.587301587302,0.769230769231,0.790569415042,0.714285714286,20,13,7,0,20,0,13,0,7,11,20,0.181818181818,3.04338842975,3.63636363636,2,2.5,1.68954001271,0.464623503495,0.245454545455,1.16774841624,0.642261628933,0.336363636364,1.94000937205,1.06700515463,0.536363636364,1.05689877454,0.347276990411,3.54545454545,3.04338842975,1.05689877454,3.54545454545,0.499047619048,0.4,8,0.0484848484848,0.255555555556,11,11,11,1,0,0.0909090909091,0.636363636364,0.272727272727,11,0.118181818182,3.72727272727,2.36363636364,1.3,1.625,1.43336856898,0.6064251638,0.286713286713,0.603022689156,0.510249967747,0.237762237762,1.40129809949,1.18571377649,0.503496503497,2.05382127221,0.551025219373,7,3.72727272727,2.05382127221,7,0,0,0,0,0.22962962963,11,11,11,1,0,0.0909090909091,0.636363636364,0.272727272727,11,18,0.163636363636,3.11363636364,3.27272727273,1.8,2.25,1.42062726223,0.434080552347,0.227272727273,0.924416277737,0.564921058617,0.292929292929,1.68954001271,1.03249667443,0.525252525253,1.14353419474,0.367266456706,3.875,3.11363636364,1.14353419474,3.875,0.366666666667,0.266666666667,4,0.0242424242424,0.221111111111,11,11,11,1,0,0.0909090909091,0.636363636364,0.272727272727,-2,-0.0181818181818,0.0702479338843,-0.363636363636,-0.2,-0.25,-0.268912750482,-0.030542951148,-0.0181818181818,-0.243332138505,-0.0773405703161,-0.0434343434343,-0.250469359339,-0.0345084801933,-0.0111111111111,0.0866354202056,0.0199894662943,0.329545454545,0.0702479338843,0.0866354202056,0.329545454545,-0.132380952381,-0.133333333333,-4,-0.0242424242424,-0.0344444444444,0,0,0,18,0,2,90,0.9,1,0,0.1,1,0.9,0.947368421053,0.938314863257,0.9,0.9,5,7,0,0,0,0
328,WLNM_dir_neg,0.897959183673,0.726731601732,00:00:10,10,10,37,1171943286,threshold_sweep,0.4,1,0.571428571429,0.727272727273,4,0,3,14,0.571428571429,1,0,0.428571428571,1,0.571428571429,0.727272727273,0.857142857143,0.603174603175,0.64,0.68599434057,0.571428571429,20,13,7,0,20,0,13,0,7,11,20,0.181818181818,3.04338842975,3.63636363636,2,2.5,1.68954001271,0.464623503495,0.245454545455,1.16774841624,0.642261628933,0.336363636364,1.94000937205,1.06700515463,0.536363636364,1.05689877454,0.347276990411,3.54545454545,3.04338842975,1.05689877454,3.54545454545,0.499047619048,0.4,8,0.0484848484848,0.255555555556,11,11,11,1,0,0.0909090909091,0.636363636364,0.272727272727,11,0.118181818182,3.72727272727,2.36363636364,1.3,1.625,1.43336856898,0.6064251638,0.286713286713,0.603022689156,0.510249967747,0.237762237762,1.40129809949,1.18571377649,0.503496503497,2.05382127221,0.551025219373,7,3.72727272727,2.05382127221,7,0,0,0,0,0.22962962963,11,11,11,1,0,0.0909090909091,0.636363636364,0.272727272727,11,17,0.154545454545,3.17727272727,3.09090909091,1.7,2.125,1.30034960334,0.420701342257,0.208556149733,0.820199532265,0.530717344407,0.267379679144,1.57249078621,1.01749403814,0.513368983957,1.2536673475,0.394573414091,4.4,3.17727272727,1.2536673475,4.4,0.213333333333,0.153846153846,2,0.0121212121212,0.205555555556,11,11,11,1,0,0.0909090909091,0.636363636364,0.272727272727,-3,-0.0272727272727,0.133884297521,-0.545454545455,-0.3,-0.375,-0.389190409368,-0.0439221612377,-0.0368983957219,-0.347548883978,-0.111544284527,-0.0689839572193,-0.367518585835,-0.0495111164884,-0.0229946524064,0.196768572961,0.0472964236795,0.854545454545,0.133884297521,0.196768572961,0.854545454545,-0.285714285714,-0.246153846154,-6,-0.0363636363636,-0.05,0,0,0,17,0,3,90,0.85,1,0,0.15,1,0.85,0.918918918919,0.906962317388,0.85,0.85,4,7,0,0,0,0
329,WLNM_dir_neg,0.897959183673,0.726731601732,00:00:10,10,10,37,1171943286,threshold_sweep,0.5,1,0.571428571429,0.727272727273,4,0,3,14,0.571428571429,1,0,0.428571428571,1,0.571428571429,0.727272727273,0.857142857143,0.603174603175,0.64,0.68599434057,0.571428571429,20,13,7,0,20,0,13,0,7,11,20,0.181818181818,3.04338842975,3.63636363636,2,2.5,1.68954001271,0.464623503495,0.245454545455,1.16774841624,0.642261628933,0.336363636364,1.94000937205,1.06700515463,0.536363636364,1.05689877454,0.347276990411,3.54545454545,3.04338842975,1.05689877454,3.54545454545,0.499047619048,0.4,8,0.0484848484848,0.255555555556,11,11,11,1,0,0.0909090909091,0.636363636364,0.272727272727,11,0.118181818182,3.72727272727,2.36363636364,1.3,1.625,1.43336856898,0.6064251638,0.286713286713,0.603022689156,0.510249967747,0.237762237762,1.40129809949,1.18571377649,0.503496503497,2.05382127221,0.551025219373,7,3.72727272727,2.05382127221,7,0,0,0,0,0.22962962963,11,11,11,1,0,0.0909090909091,0.636363636364,0.272727272727,11,17,0.154545454545,3.17727272727,3.09090909091,1.7,2.125,1.30034960334,0.420701342257,0.208556149733,0.820199532265,0.530717344407,0.267379679144,1.57249078621,1.01749403814,0.513368983957,1.2536673475,0.394573414091,4.4,3.17727272727,1.2536673475,4.4,0.213333333333,0.153846153846,2,0.0121212121212,0.205555555556,11,11,11,1,0,0.0909090909091,0.636363636364,0.272727272727,-3,-0.0272727272727,0.133884297521,-0.545454545455,-0.3,-0.375,-0.389190409368,-0.0439221612377,-0.0368983957219,-0.347548883978,-0.111544284527,-0.0689839572193,-0.367518585835,-0.0495111164884,-0.0229946524064,0.196768572961,0.0472964236795,0.854545454545,0.133884297521,0.196768572961,0.854545454545,-0.285714285714,-0.246153846154,-6,-0.0363636363636,-0.05,0,0,0,17,0,3,90,0.85,1,0,0.15,1,0.85,0.918918918919,0.906962317388,0.85,0.85,4,7,0,0,0,0
330,WLNM_dir_neg,0.897959183673,0.726731601732,00:00:10,10,10,37,1171943286,threshold_sweep,0.6,1,0.571428571429,0.727272727273,4,0,3,14,0.571428571429,1,0,0.428571428571,1,0.571428571429,0.727272727273,0.857142857143,0.603174603175,0.64,0.68599434057,0.571428571429,20,13,7,0,20,0,13,0,7,11,20,0.181818181818,3.04338842975,3.63636363636,2,2.5,1.68954001271,0.464623503495,0.245454545455,1.16774841624,0.642261628933,0.336363636364,1.94000937205,1.06700515463,0.536363636364,1.05689877454,0.347276990411,3.54545454545,3.04338842975,1.05689877454,3.54545454545,0.499047619048,0.4,8,0.0484848484848,0.255555555556,11,11,11,1,0,0.0909090909091,0.636363636364,0.272727272727,11,0.118181818182,3.72727272727,2.36363636364,1.3,1.625,1.43336856898,0.6064251638,0.286713286713,0.603022689156,0.510249967747,0.237762237762,1.40129809949,1.18571377649,0.503496503497,2.05382127221,0.551025219373,7,3.72727272727,2.05382127221,7,0,0,0,0,0.22962962963,11,11,11,1,0,0.0909090909091,0.636363636364,0.272727272727,11,17,0.154545454545,3.17727272727,3.09090909091,1.7,2.125,1.30034960334,0.420701342257,0.208556149733,0.820199532265,0.530717344407,0.267379679144,1.57249078621,1.01749403814,0.513368983957,1.2536673475,0.394573414091,4.4,3.17727272727,1.2536673475,4.4,0.213333333333,0.153846153846,2,0.0121212121212,0.205555555556,11,11,11,1,0,0.0909090909091,0.636363636364,0.272727272727,-3,-0.0272727272727,0.133884297521,-0.545454545455,-0.3,-0.375,-0.389190409368,-0.0439221612377,-0.0368983957219,-0.347548883978,-0.111544284527,-0.0689839572193,-0.367518585835,-0.0495111164884,-0.0229946524064,0.196768572961,0.0472964236795,0.854545454545,0.133884297521,0.196768572961,0.854545454545,-0.285714285714,-0.246153846154,-6,-0.0363636363636,-0.05,0,0,0,17,0,3,90,0.85,1,0,0.15,1,0.85,0.918918918919,0.906962317388,0.85,0.85,4,7,0,0,0,0
331,WLNM_dir_neg,0.897959183673,0.726731601732,00:00:10,10,10,37,1171943286,threshold_sweep,0.7,1,0.571428571429,0.727272727273,4,0,3,14,0.571428571429,1,0,0.428571428571,1,0.571428571429,0.727272727273,0.857142857143,0.603174603175,0.64,0.68599434057,0.571428571429,20,13,7,0,20,0,13,0,7,11,20,0.181818181818,3.04338842975,3.63636363636,2,2.5,1.68954001271,0.464623503495,0.245454545455,1.16774841624,0.642261628933,0.336363636364,1.94000937205,1.06700515463,0.536363636364,1.05689877454,0.347276990411,3.54545454545,3.04338842975,1.05689877454,3.54545454545,0.499047619048,0.4,8,0.0484848484848,0.255555555556,11,11,11,1,0,0.0909090909091,0.636363636364,0.272727272727,11,0.118181818182,3.72727272727,2.36363636364,1.3,1.625,1.43336856898,0.6064251638,0.286713286713,0.603022689156,0.510249967747,0.237762237762,1.40129809949,1.18571377649,0.503496503497,2.05382127221,0.551025219373,7,3.72727272727,2.05382127221,7,0,0,0,0,0.22962962963,11,11,11,1,0,0.0909090909091,0.636363636364,0.272727272727,11,17,0.154545454545,3.17727272727,3.09090909091,1.7,2.125,1.30034960334,0.420701342257,0.208556149733,0.820199532265,0.530717344407,0.267379679144,1.57249078621,1.01749403814,0.513368983957,1.2536673475,0.394573414091,4.4,3.17727272727,1.2536673475,4.4,0.213333333333,0.153846153846,2,0.0121212121212,0.205555555556,11,11,11,1,0,0.0909090909091,0.636363636364,0.272727272727,-3,-0.0272727272727,0.133884297521,-0.545454545455,-0.3,-0.375,-0.389190409368,-0.0439221612377,-0.0368983957219,-0.347548883978,-0.111544284527,-0.0689839572193,-0.367518585835,-0.0495111164884,-0.0229946524064,0.196768572961,0.0472964236795,0.854545454545,0.133884297521,0.196768572961,0.854545454545,-0.285714285714,-0.246153846154,-6,-0.0363636363636,-0.05,0,0,0,17,0,3,90,0.85,1,0,0.15,1,0.85,0.918918918919,0.906962317388,0.85,0.85,4,7,0,0,0,0
332,WLNM_dir_neg,0.897959183673,0.726731601732,00:00:10,10,10,37,1171943286,threshold_sweep,0.8,1,0.571428571429,0.727272727273,4,0,3,14,0.571428571429,1,0,0.428571428571,1,0.571428571429,0.727272727273,0.857142857143,0.603174603175,0.64,0.68599434057,0.571428571429,20,13,7,0,20,0,13,0,7,11,20,0.181818181818,3.04338842975,3.63636363636,2,2.5,1.68954001271,0.464623503495,0.245454545455,1.16774841624,0.642261628933,0.336363636364,1.94000937205,1.06700515463,0.536363636364,1.05689877454,0.347276990411,3.54545454545,3.04338842975,1.05689877454,3.54545454545,0.499047619048,0.4,8,0.0484848484848,0.255555555556,11,11,11,1,0,0.0909090909091,0.636363636364,0.272727272727,11,0.118181818182,3.72727272727,2.36363636364,1.3,1.625,1.43336856898,0.6064251638,0.286713286713,0.603022689156,0.510249967747,0.237762237762,1.40129809949,1.18571377649,0.503496503497,2.05382127221,0.551025219373,7,3.72727272727,2.05382127221,7,0,0,0,0,0.22962962963,11,11,11,1,0,0.0909090909091,0.636363636364,0.272727272727,11,17,0.154545454545,3.17727272727,3.09090909091,1.7,2.125,1.30034960334,0.420701342257,0.208556149733,0.820199532265,0.530717344407,0.267379679144,1.57249078621,1.01749403814,0.513368983957,1.2536673475,0.394573414091,4.4,3.17727272727,1.2536673475,4.4,0.213333333333,0.153846153846,2,0.0121212121212,0.205555555556,11,11,11,1,0,0.0909090909091,0.636363636364,0.272727272727,-3,-0.0272727272727,0.133884297521,-0.545454545455,-0.3,-0.375,-0.389190409368,-0.0439221612377,-0.0368983957219,-0.347548883978,-0.111544284527,-0.0689839572193,-0.367518585835,-0.0495111164884,-0.0229946524064,0.196768572961,0.0472964236795,0.854545454545,0.133884297521,0.196768572961,0.854545454545,-0.285714285714,-0.246153846154,-6,-0.0363636363636,-0.05,0,0,0,17,0,3,90,0.85,1,0,0.15,1,0.85,0.918918918919,0.906962317388,0.85,0.85,4,7,0,0,0,0
333,WLNM_dir_neg,0.897959183673,0.726731601732,00:00:10,10,10,37,1171943286,threshold_sweep,0.9,1,0.285714285714,0.444444444444,2,0,5,14,0.285714285714,1,0,0.714285714286,1,0.285714285714,0.444444444444,0.761904761905,0.634920634921,0.347826086957,0.458831467741,0.285714285714,20,13,7,0,20,0,13,0,7,11,20,0.181818181818,3.04338842975,3.63636363636,2,2.5,1.68954001271,0.464623503495,0.245454545455,1.16774841624,0.642261628933,0.336363636364,1.94000937205,1.06700515463,0.536363636364,1.05689877454,0.347276990411,3.54545454545,3.04338842975,1.05689877454,3.54545454545,0.499047619048,0.4,8,0.0484848484848,0.255555555556,11,11,11,1,0,0.0909090909091,0.636363636364,0.272727272727,11,0.118181818182,3.72727272727,2.36363636364,1.3,1.625,1.43336856898,0.6064251638,0.286713286713,0.603022689156,0.510249967747,0.237762237762,1.40129809949,1.18571377649,0.503496503497,2.05382127221,0.551025219373,7,3.72727272727,2.05382127221,7,0,0,0,0,0.22962962963,11,11,11,1,0,0.0909090909091,0.636363636364,0.272727272727,11,15,0.136363636364,3.29090909091,2.72727272727,1.5,1.875,1.55505042304,0.570185155113,0.29696969697,0.809039834956,0.593295878968,0.290909090909,1.50151438706,1.10111055051,0.521212121212,1.22756225541,0.373016154959,4.4,3.29090909091,1.22756225541,4.4,0,0,0,0,0.25,11,11,11,1,0,0.0909090909091,0.636363636364,0.272727272727,-5,-0.0454545454545,0.247520661157,-0.909090909091,-0.5,-0.625,-0.134489589674,0.105561651618,0.0515151515152,-0.358708581286,-0.0489657499656,-0.0454545454545,-0.438494984989,0.0341053958833,-0.0151515151515,0.170663480874,0.0257391645477,0.854545454545,0.247520661157,0.170663480874,0.854545454545,-0.499047619048,-0.4,-8,-0.0484848484848,-0.00555555555556,0,0,0,15,0,5,90,0.75,1,0,0.25,1,0.75,0.857142857143,0.842927230424,0.75,0.75,2,7,0,0,0,0
334,WLNM_dir_neg,0.80612244898,0.495038733197,00:00:10,10,10,38,1171943287,threshold_sweep,0.1,0.833333333333,0.714285714286,0.769230769231,5,1,2,13,0.714285714286,0.928571428571,0.0714285714286,0.285714285714,0.833333333333,0.714285714286,0.769230769231,0.857142857143,0.571428571429,0.666666666667,0.67082039325,0.642857142857,20,13,7,0,20,0,13,0,7,11,20,0.181818181818,3.04338842975,3.63636363636,2,2.5,1.68954001271,0.464623503495,0.245454545455,1.16774841624,0.642261628933,0.336363636364,1.94000937205,1.06700515463,0.536363636364,1.05689877454,0.347276990411,3.54545454545,3.04338842975,1.05689877454,3.54545454545,0.499047619048,0.4,8,0.0484848484848,0.255555555556,11,11,11,1,0,0.0909090909091,0.636363636364,0.272727272727,11,0.118181818182,3.72727272727,2.36363636364,1.3,1.625,1.43336856898,0.6064251638,0.286713286713,0.603022689156,0.510249967747,0.237762237762,1.40129809949,1.18571377649,0.503496503497,2.05382127221,0.551025219373,7,3.72727272727,2.05382127221,7,0,0,0,0,0.22962962963,11,11,11,1,0,0.0909090909091,0.636363636364,0.272727272727,11,19,0.172727272727,3.17803030303,3.45454545455,1.9,2.375,1.43969693781,0.416754376733,0.215311004785,1.00904995822,0.584186817916,0.306220095694,1.67874411933,0.971904490138,0.507177033493,1.20143012424,0.378042375208,3.875,3.17803030303,1.20143012424,3.875,0.393333333333,0.3,5,0.030303030303,0.223703703704,11,11,11,1,0,0.0909090909091,0.636363636364,0.272727272727,-1,-0.00909090909091,0.134641873278,-0.181818181818,-0.1,-0.125,-0.249843074903,-0.0478691267618,-0.0301435406699,-0.158698458023,-0.058074811017,-0.0301435406699,-0.26126525272,-0.0951006644889,-0.0291866028708,0.144531349704,0.0307653847969,0.329545454545,0.134641873278,0.144531349704,0.329545454545,-0.105714285714,-0.1,-3,-0.0181818181818,-0.0318518518519,0,0,0,18,1,2,89,0.9,0.988888888889,0.0111111111111,0.1,0.947368421053,0.9,0.923076923077,0.906956031802,0.888888888889,0.857142857143,6,7,0,0,0,0
335,WLNM_dir_neg,0.80612244898,0.495038733197,00:00:10,10,10,38,1171943287,threshold_sweep,0.2,0.833333333333,0.714285714286,0.769230769231,5,1,2,13,0.714285714286,0.928571428571,0.0714285714286,0.285714285714,0.833333333333,0.714285714286,0.769230769231,0.857142857143,0.571428571429,0.666666666667,0.67082039325,0.642857142857,20,13,7,0,20,0,13,0,7,11,20,0.181818181818,3.04338842975,3.63636363636,2,2.5,1.68954001271,0.464623503495,0.245454545455,1.16774841624,0.642261628933,0.336363636364,1.94000937205,1.06700515463,0.536363636364,1.05689877454,0.347276990411,3.54545454545,3.04338842975,1.05689877454,3.54545454545,0.499047619048,0.4,8,0.0484848484848,0.255555555556,11,11,11,1,0,0.0909090909091,0.636363636364,0.272727272727,11,0.118181818182,3.72727272727,2.36363636364,1.3,1.625,1.43336856898,0.6064251638,0.286713286713,0.603022689156,0.510249967747,0.237762237762,1.40129809949,1.18571377649,0.503496503497,2.05382127221,0.551025219373,7,3.72727272727,2.05382127221,7,0,0,0,0,0.22962962963,11,11,11,1,0,0.0909090909091,0.636363636364,0.272727272727,11,19,0.172727272727,3.17803030303,3.45454545455,1.9,2.375,1.43969693781,0.416754376733,0.215311004785,1.00904995822,0.584186817916,0.306220095694,1.67874411933,0.971904490138,0.507177033493,1.20143012424,0.378042375208,3.875,3.17803030303,1.20143012424,3.875,0.393333333333,0.3,5,0.030303030303,0.223703703704,11,11,11,1,0,0.0909090909091,0.636363636364,0.272727272727,-1,-0.00909090909091,0.134641873278,-0.181818181818,-0.1,-0.125,-0.249843074903,-0.0478691267618,-0.0301435406699,-0.158698458023,-0.058074811017,-0.0301435406699,-0.26126525272,-0.0951006644889,-0.0291866028708,0.144531349704,0.0307653847969,0.329545454545,0.134641873278,0.144531349704,0.329545454545,-0.105714285714,-0.1,-3,-0.0181818181818,-0.0318518518519,0,0,0,18,1,2,89,0.9,0.988888888889,0.0111111111111,0.1,0.947368421053,0.9,0.923076923077,0.906956031802,0.888888888889,0.857142857143,6,7,0,0,0,0
336,WLNM_dir_neg,0.80612244898,0.495038733197,00:00:10,10,10,38,1171943287,threshold_sweep,0.3,0.833333333333,0.714285714286,0.769230769231,5,1,2,13,0.714285714286,0.928571428571,0.0714285714286,0.285714285714,0.833333333333,0.714285714286,0.769230769231,0.857142857143,0.571428571429,0.666666666667,0.67082039325,0.642857142857,20,13,7,0,20,0,13,0,7,11,20,0.181818181818,3.04338842975,3.63636363636,2,2.5,1.68954001271,0.464623503495,0.245454545455,1.16774841624,0.642261628933,0.336363636364,1.94000937205,1.06700515463,0.536363636364,1.05689877454,0.347276990411,3.54545454545,3.04338842975,1.05689877454,3.54545454545,0.499047619048,0.4,8,0.0484848484848,0.255555555556,11,11,11,1,0,0.0909090909091,0.636363636364,0.272727272727,11,0.118181818182,3.72727272727,2.36363636364,1.3,1.625,1.43336856898,0.6064251638,0.286713286713,0.603022689156,0.510249967747,0.237762237762,1.40129809949,1.18571377649,0.503496503497,2.05382127221,0.551025219373,7,3.72727272727,2.05382127221,7,0,0,0,0,0.22962962963,11,11,11,1,0,0.0909090909091,0.636363636364,0.272727272727,11,19,0.172727272727,3.17803030303,3.45454545455,1.9,2.375,1.43969693781,0.416754376733,0.215311004785,1.00904995822,0.584186817916,0.306220095694,1.67874411933,0.971904490138,0.507177033493,1.20143012424,0.378042375208,3.875,3.17803030303,1.20143012424,3.875,0.393333333333,0.3,5,0.030303030303,0.223703703704,11,11,11,1,0,0.0909090909091,0.636363636364,0.272727272727,-1,-0.00909090909091,0.134641873278,-0.181818181818,-0.1,-0.125,-0.249843074903,-0.0478691267618,-0.0301435406699,-0.158698458023,-0.058074811017,-0.0301435406699,-0.26126525272,-0.0951006644889,-0.0291866028708,0.144531349704,0.0307653847969,0.329545454545,0.134641873278,0.144531349704,0.329545454545,-0.105714285714,-0.1,-3,-0.0181818181818,-0.0318518518519,0,0,0,18,1,2,89,0.9,0.988888888889,0.0111111111111,0.1,0.947368421053,0.9,0.923076923077,0.906956031802,0.888888888889,0.857142857143,6,7,0,0,0,0
337,WLNM_dir_neg,0.80612244898,0.495038733197,00:00:10,10,10,38,1171943287,threshold_sweep,0.4,0.833333333333,0.714285714286,0.769230769231,5,1,2,13,0.714285714286,0.928571428571,0.0714285714286,0.285714285714,0.833333333333,0.714285714286,0.769230769231,0.857142857143,0.571428571429,0.666666666667,0.67082039325,0.642857142857,20,13,7,0,20,0,13,0,7,11,20,0.181818181818,3.04338842975,3.63636363636,2,2.5,1.68954001271,0.464623503495,0.245454545455,1.16774841624,0.642261628933,0.336363636364,1.94000937205,1.06700515463,0.536363636364,1.05689877454,0.347276990411,3.54545454545,3.04338842975,1.05689877454,3.54545454545,0.499047619048,0.4,8,0.0484848484848,0.255555555556,11,11,11,1,0,0.0909090909091,0.636363636364,0.272727272727,11,0.118181818182,3.72727272727,2.36363636364,1.3,1.625,1.43336856898,0.6064251638,0.286713286713,0.603022689156,0.510249967747,0.237762237762,1.40129809949,1.18571377649,0.503496503497,2.05382127221,0.551025219373,7,3.72727272727,2.05382127221,7,0,0,0,0,0.22962962963,11,11,11,1,0,0.0909090909091,0.636363636364,0.272727272727,11,19,0.172727272727,3.17803030303,3.45454545455,1.9,2.375,1.43969693781,0.416754376733,0.215311004785,1.00904995822,0.584186817916,0.306220095694,1.67874411933,0.971904490138,0.507177033493,1.20143012424,0.378042375208,3.875,3.17803030303,1.20143012424,3.875,0.393333333333,0.3,5,0.030303030303,0.223703703704,11,11,11,1,0,0.0909090909091,0.636363636364,0.272727272727,-1,-0.00909090909091,0.134641873278,-0.181818181818,-0.1,-0.125,-0.249843074903,-0.0478691267618,-0.0301435406699,-0.158698458023,-0.058074811017,-0.0301435406699,-0.26126525272,-0.0951006644889,-0.0291866028708,0.144531349704,0.0307653847969,0.329545454545,0.134641873278,0.144531349704,0.329545454545,-0.105714285714,-0.1,-3,-0.0181818181818,-0.0318518518519,0,0,0,18,1,2,89,0.9,0.988888888889,0.0111111111111,0.1,0.947368421053,0.9,0.923076923077,0.906956031802,0.888888888889,0.857142857143,6,7,0,0,0,0
338,WLNM_dir_neg,0.80612244898,0.495038733197,00:00:10,10,10,38,1171943287,threshold_sweep,0.5,0.833333333333,0.714285714286,0.769230769231,5,1,2,13,0.714285714286,0.928571428571,0.0714285714286,0.285714285714,0.833333333333,0.714285714286,0.769230769231,0.857142857143,0.571428571429,0.666666666667,0.67082039325,0.642857142857,20,13,7,0,20,0,13,0,7,11,20,0.181818181818,3.04338842975,3.63636363636,2,2.5,1.68954001271,0.464623503495,0.245454545455,1.16774841624,0.642261628933,0.336363636364,1.94000937205,1.06700515463,0.536363636364,1.05689877454,0.347276990411,3.54545454545,3.04338842975,1.05689877454,3.54545454545,0.499047619048,0.4,8,0.0484848484848,0.255555555556,11,11,11,1,0,0.0909090909091,0.636363636364,0.272727272727,11,0.118181818182,3.72727272727,2.36363636364,1.3,1.625,1.43336856898,0.6064251638,0.286713286713,0.603022689156,0.510249967747,0.237762237762,1.40129809949,1.18571377649,0.503496503497,2.05382127221,0.551025219373,7,3.72727272727,2.05382127221,7,0,0,0,0,0.22962962963,11,11,11,1,0,0.0909090909091,0.636363636364,0.272727272727,11,19,0.172727272727,3.17803030303,3.45454545455,1.9,2.375,1.43969693781,0.416754376733,0.215311004785,1.00904995822,0.584186817916,0.306220095694,1.67874411933,0.971904490138,0.507177033493,1.20143012424,0.378042375208,3.875,3.17803030303,1.20143012424,3.875,0.393333333333,0.3,5,0.030303030303,0.223703703704,11,11,11,1,0,0.0909090909091,0.636363636364,0.272727272727,-1,-0.00909090909091,0.134641873278,-0.181818181818,-0.1,-0.125,-0.249843074903,-0.0478691267618,-0.0301435406699,-0.158698458023,-0.058074811017,-0.0301435406699,-0.26126525272,-0.0951006644889,-0.0291866028708,0.144531349704,0.0307653847969,0.329545454545,0.134641873278,0.144531349704,0.329545454545,-0.105714285714,-0.1,-3,-0.0181818181818,-0.0318518518519,0,0,0,18,1,2,89,0.9,0.988888888889,0.0111111111111,0.1,0.947368421053,0.9,0.923076923077,0.906956031802,0.888888888889,0.857142857143,6,7,0,0,0,0
339,WLNM_dir_neg,0.80612244898,0.495038733197,00:00:10,10,10,38,1171943287,threshold_sweep,0.6,0.833333333333,0.714285714286,0.769230769231,5,1,2,13,0.714285714286,0.928571428571,0.0714285714286,0.285714285714,0.833333333333,0.714285714286,0.769230769231,0.857142857143,0.571428571429,0.666666666667,0.67082039325,0.642857142857,20,13,7,0,20,0,13,0,7,11,20,0.181818181818,3.04338842975,3.63636363636,2,2.5,1.68954001271,0.464623503495,0.245454545455,1.16774841624,0.642261628933,0.336363636364,1.94000937205,1.06700515463,0.536363636364,1.05689877454,0.347276990411,3.54545454545,3.04338842975,1.05689877454,3.54545454545,0.499047619048,0.4,8,0.0484848484848,0.255555555556,11,11,11,1,0,0.0909090909091,0.636363636364,0.272727272727,11,0.118181818182,3.72727272727,2.36363636364,1.3,1.625,1.43336856898,0.6064251638,0.286713286713,0.603022689156,0.510249967747,0.237762237762,1.40129809949,1.18571377649,0.503496503497,2.05382127221,0.551025219373,7,3.72727272727,2.05382127221,7,0,0,0,0,0.22962962963,11,11,11,1,0,0.0909090909091,0.636363636364,0.272727272727,11,19,0.172727272727,3.17803030303,3.45454545455,1.9,2.375,1.43969693781,0.416754376733,0.215311004785,1.00904995822,0.584186817916,0.306220095694,1.67874411933,0.971904490138,0.507177033493,1.20143012424,0.378042375208,3.875,3.17803030303,1.20143012424,3.875,0.393333333333,0.3,5,0.030303030303,0.223703703704,11,11,11,1,0,0.0909090909091,0.636363636364,0.272727272727,-1,-0.00909090909091,0.134641873278,-0.181818181818,-0.1,-0.125,-0.249843074903,-0.0478691267618,-0.0301435406699,-0.158698458023,-0.058074811017,-0.0301435406699,-0.26126525272,-0.0951006644889,-0.0291866028708,0.144531349704,0.0307653847969,0.329545454545,0.134641873278,0.144531349704,0.329545454545,-0.105714285714,-0.1,-3,-0.0181818181818,-0.0318518518519,0,0,0,18,1,2,89,0.9,0.988888888889,0.0111111111111,0.1,0.947368421053,0.9,0.923076923077,0.906956031802,0.888888888889,0.857142857143,6,7,0,0,0,0
340,WLNM_dir_neg,0.80612244898,0.495038733197,00:00:10,10,10,38,1171943287,threshold_sweep,0.7,0.833333333333,0.714285714286,0.769230769231,5,1,2,13,0.714285714286,0.928571428571,0.0714285714286,0.285714285714,0.833333333333,0.714285714286,0.769230769231,0.857142857143,0.571428571429,0.666666666667,0.67082039325,0.642857142857,20,13,7,0,20,0,13,0,7,11,20,0.181818181818,3.04338842975,3.63636363636,2,2.5,1.68954001271,0.464623503495,0.245454545455,1.16774841624,0.642261628933,0.336363636364,1.94000937205,1.06700515463,0.536363636364,1.05689877454,0.347276990411,3.54545454545,3.04338842975,1.05689877454,3.54545454545,0.499047619048,0.4,8,0.0484848484848,0.255555555556,11,11,11,1,0,0.0909090909091,0.636363636364,0.272727272727,11,0.118181818182,3.72727272727,2.36363636364,1.3,1.625,1.43336856898,0.6064251638,0.286713286713,0.603022689156,0.510249967747,0.237762237762,1.40129809949,1.18571377649,0.503496503497,2.05382127221,0.551025219373,7,3.72727272727,2.05382127221,7,0,0,0,0,0.22962962963,11,11,11,1,0,0.0909090909091,0.636363636364,0.272727272727,11,19,0.172727272727,3.17803030303,3.45454545455,1.9,2.375,1.43969693781,0.416754376733,0.215311004785,1.00904995822,0.584186817916,0.306220095694,1.67874411933,0.971904490138,0.507177033493,1.20143012424,0.378042375208,3.875,3.17803030303,1.20143012424,3.875,0.393333333333,0.3,5,0.030303030303,0.223703703704,11,11,11,1,0,0.0909090909091,0.636363636364,0.272727272727,-1,-0.00909090909091,0.134641873278,-0.181818181818,-0.1,-0.125,-0.249843074903,-0.0478691267618,-0.0301435406699,-0.158698458023,-0.058074811017,-0.0301435406699,-0.26126525272,-0.0951006644889,-0.0291866028708,0.144531349704,0.0307653847969,0.329545454545,0.134641873278,0.144531349704,0.329545454545,-0.105714285714,-0.1,-3,-0.0181818181818,-0.0318518518519,0,0,0,18,1,2,89,0.9,0.988888888889,0.0111111111111,0.1,0.947368421053,0.9,0.923076923077,0.906956031802,0.888888888889,0.857142857143,6,7,0,0,0,0
341,WLNM_dir_neg,0.80612244898,0.495038733197,00:00:10,10,10,38,1171943287,threshold_sweep,0.8,0.833333333333,0.714285714286,0.769230769231,5,1,2,13,0.714285714286,0.928571428571,0.0714285714286,0.285714285714,0.833333333333,0.714285714286,0.769230769231,0.857142857143,0.571428571429,0.666666666667,0.67082039325,0.642857142857,20,13,7,0,20,0,13,0,7,11,20,0.181818181818,3.04338842975,3.63636363636,2,2.5,1.68954001271,0.464623503495,0.245454545455,1.16774841624,0.642261628933,0.336363636364,1.94000937205,1.06700515463,0.536363636364,1.05689877454,0.347276990411,3.54545454545,3.04338842975,1.05689877454,3.54545454545,0.499047619048,0.4,8,0.0484848484848,0.255555555556,11,11,11,1,0,0.0909090909091,0.636363636364,0.272727272727,11,0.118181818182,3.72727272727,2.36363636364,1.3,1.625,1.43336856898,0.6064251638,0.286713286713,0.603022689156,0.510249967747,0.237762237762,1.40129809949,1.18571377649,0.503496503497,2.05382127221,0.551025219373,7,3.72727272727,2.05382127221,7,0,0,0,0,0.22962962963,11,11,11,1,0,0.0909090909091,0.636363636364,0.272727272727,11,19,0.172727272727,3.17803030303,3.45454545455,1.9,2.375,1.43969693781,0.416754376733,0.215311004785,1.00904995822,0.584186817916,0.306220095694,1.67874411933,0.971904490138,0.507177033493,1.20143012424,0.378042375208,3.875,3.17803030303,1.20143012424,3.875,0.393333333333,0.3,5,0.030303030303,0.223703703704,11,11,11,1,0,0.0909090909091,0.636363636364,0.272727272727,-1,-0.00909090909091,0.134641873278,-0.181818181818,-0.1,-0.125,-0.249843074903,-0.0478691267618,-0.0301435406699,-0.158698458023,-0.058074811017,-0.0301435406699,-0.26126525272,-0.0951006644889,-0.0291866028708,0.144531349704,0.0307653847969,0.329545454545,0.134641873278,0.144531349704,0.329545454545,-0.105714285714,-0.1,-3,-0.0181818181818,-0.0318518518519,0,0,0,18,1,2,89,0.9,0.988888888889,0.0111111111111,0.1,0.947368421053,0.9,0.923076923077,0.906956031802,0.888888888889,0.857142857143,6,7,0,0,0,0
342,WLNM_dir_neg,0.80612244898,0.495038733197,00:00:10,10,10,38,1171943287,threshold_sweep,0.9,0.833333333333,0.714285714286,0.769230769231,5,1,2,13,0.714285714286,0.928571428571,0.0714285714286,0.285714285714,0.833333333333,0.714285714286,0.769230769231,0.857142857143,0.571428571429,0.666666666667,0.67082039325,0.642857142857,20,13,7,0,20,0,13,0,7,11,20,0.181818181818,3.04338842975,3.63636363636,2,2.5,1.68954001271,0.464623503495,0.245454545455,1.16774841624,0.642261628933,0.336363636364,1.94000937205,1.06700515463,0.536363636364,1.05689877454,0.347276990411,3.54545454545,3.04338842975,1.05689877454,3.54545454545,0.499047619048,0.4,8,0.0484848484848,0.255555555556,11,11,11,1,0,0.0909090909091,0.636363636364,0.272727272727,11,0.118181818182,3.72727272727,2.36363636364,1.3,1.625,1.43336856898,0.6064251638,0.286713286713,0.603022689156,0.510249967747,0.237762237762,1.40129809949,1.18571377649,0.503496503497,2.05382127221,0.551025219373,7,3.72727272727,2.05382127221,7,0,0,0,0,0.22962962963,11,11,11,1,0,0.0909090909091,0.636363636364,0.272727272727,11,19,0.172727272727,3.17803030303,3.45454545455,1.9,2.375,1.43969693781,0.416754376733,0.215311004785,1.00904995822,0.584186817916,0.306220095694,1.67874411933,0.971904490138,0.507177033493,1.20143012424,0.378042375208,3.875,3.17803030303,1.20143012424,3.875,0.393333333333,0.3,5,0.030303030303,0.223703703704,11,11,11,1,0,0.0909090909091,0.636363636364,0.272727272727,-1,-0.00909090909091,0.134641873278,-0.181818181818,-0.1,-0.125,-0.249843074903,-0.0478691267618,-0.0301435406699,-0.158698458023,-0.058074811017,-0.0301435406699,-0.26126525272,-0.0951006644889,-0.0291866028708,0.144531349704,0.0307653847969,0.329545454545,0.134641873278,0.144531349704,0.329545454545,-0.105714285714,-0.1,-3,-0.0181818181818,-0.0318518518519,0,0,0,18,1,2,89,0.9,0.988888888889,0.0111111111111,0.1,0.947368421053,0.9,0.923076923077,0.906956031802,0.888888888889,0.857142857143,6,7,0,0,0,0
343,WLNM_dir_neg,0.734693877551,0.415799653195,00:00:10,10,10,39,1171943288,threshold_sweep,0.1,0.5,0.571428571429,0.533333333333,4,4,3,10,0.571428571429,0.714285714286,0.285714285714,0.428571428571,0.5,0.571428571429,0.533333333333,0.666666666667,0.539682539683,0.275862068966,0.277350098113,0.285714285714,20,13,7,0,20,0,13,0,7,11,20,0.181818181818,3.04338842975,3.63636363636,2,2.5,1.68954001271,0.464623503495,0.245454545455,1.16774841624,0.642261628933,0.336363636364,1.94000937205,1.06700515463,0.536363636364,1.05689877454,0.347276990411,3.54545454545,3.04338842975,1.05689877454,3.54545454545,0.499047619048,0.4,8,0.0484848484848,0.255555555556,11,11,11,1,0,0.0909090909091,0.636363636364,0.272727272727,11,0.118181818182,3.72727272727,2.36363636364,1.3,1.625,1.43336856898,0.6064251638,0.286713286713,0.603022689156,0.510249967747,0.237762237762,1.40129809949,1.18571377649,0.503496503497,2.05382127221,0.551025219373,7,3.72727272727,2.05382127221,7,0,0,0,0,0.22962962963,11,11,11,1,0,0.0909090909091,0.636363636364,0.272727272727,11,21,0.190909090909,4.89393939394,3.81818181818,2.1,2.1,1.60113596038,0.419345132482,0.190476190476,1.13618180363,0.595142849523,0.311688311688,1.3751033019,0.72029220576,0.363636363636,1.67377272995,0.342009288472,6,4.89393939394,1.67377272995,6,0.209090909091,0.191489361702,3,0.0181818181818,0.198518518519,11,11,11,1,0,0.0909090909091,0.818181818182,0.0909090909091,1,0.00909090909091,1.85055096419,0.181818181818,0.1,-0.4,-0.0884040523247,-0.0452783710134,-0.0549783549784,-0.0315666126082,-0.0471187794107,-0.0246753246753,-0.564906070144,-0.346712948867,-0.172727272727,0.61687395541,-0.00526770193912,2.45454545455,1.85055096419,0.61687395541,2.45454545455,-0.289956709957,-0.208510638298,-5,-0.030303030303,-0.057037037037,0,0.181818181818,-0.181818181818,17,4,3,86,0.85,0.955555555556,0.0444444444444,0.15,0.809523809524,0.85,0.829268292683,0.790545915216,0.805555555556,0.708333333333,8,7,0,0,0,0
344,WLNM_dir_neg,0.734693877551,0.415799653195,00:00:10,10,10,39,1171943288,threshold_sweep,0.2,0.5,0.571428571429,0.533333333333,4,4,3,10,0.571428571429,0.714285714286,0.285714285714,0.428571428571,0.5,0.571428571429,0.533333333333,0.666666666667,0.539682539683,0.275862068966,0.277350098113,0.285714285714,20,13,7,0,20,0,13,0,7,11,20,0.181818181818,3.04338842975,3.63636363636,2,2.5,1.68954001271,0.464623503495,0.245454545455,1.16774841624,0.642261628933,0.336363636364,1.94000937205,1.06700515463,0.536363636364,1.05689877454,0.347276990411,3.54545454545,3.04338842975,1.05689877454,3.54545454545,0.499047619048,0.4,8,0.0484848484848,0.255555555556,11,11,11,1,0,0.0909090909091,0.636363636364,0.272727272727,11,0.118181818182,3.72727272727,2.36363636364,1.3,1.625,1.43336856898,0.6064251638,0.286713286713,0.603022689156,0.510249967747,0.237762237762,1.40129809949,1.18571377649,0.503496503497,2.05382127221,0.551025219373,7,3.72727272727,2.05382127221,7,0,0,0,0,0.22962962963,11,11,11,1,0,0.0909090909091,0.636363636364,0.272727272727,11,21,0.190909090909,4.89393939394,3.81818181818,2.1,2.1,1.60113596038,0.419345132482,0.190476190476,1.13618180363,0.595142849523,0.311688311688,1.3751033019,0.72029220576,0.363636363636,1.67377272995,0.342009288472,6,4.89393939394,1.67377272995,6,0.209090909091,0.191489361702,3,0.0181818181818,0.198518518519,11,11,11,1,0,0.0909090909091,0.818181818182,0.0909090909091,1,0.00909090909091,1.85055096419,0.181818181818,0.1,-0.4,-0.0884040523247,-0.0452783710134,-0.0549783549784,-0.0315666126082,-0.0471187794107,-0.0246753246753,-0.564906070144,-0.346712948867,-0.172727272727,0.61687395541,-0.00526770193912,2.45454545455,1.85055096419,0.61687395541,2.45454545455,-0.289956709957,-0.208510638298,-5,-0.030303030303,-0.057037037037,0,0.181818181818,-0.181818181818,17,4,3,86,0.85,0.955555555556,0.0444444444444,0.15,0.809523809524,0.85,0.829268292683,0.790545915216,0.805555555556,0.708333333333,8,7,0,0,0,0
345,WLNM_dir_neg,0.734693877551,0.415799653195,00:00:10,10,10,39,1171943288,threshold_sweep,0.3,0.5,0.571428571429,0.533333333333,4,4,3,10,0.571428571429,0.714285714286,0.285714285714,0.428571428571,0.5,0.571428571429,0.533333333333,0.666666666667,0.539682539683,0.275862068966,0.277350098113,0.285714285714,20,13,7,0,20,0,13,0,7,11,20,0.181818181818,3.04338842975,3.63636363636,2,2.5,1.68954001271,0.464623503495,0.245454545455,1.16774841624,0.642261628933,0.336363636364,1.94000937205,1.06700515463,0.536363636364,1.05689877454,0.347276990411,3.54545454545,3.04338842975,1.05689877454,3.54545454545,0.499047619048,0.4,8,0.0484848484848,0.255555555556,11,11,11,1,0,0.0909090909091,0.636363636364,0.272727272727,11,0.118181818182,3.72727272727,2.36363636364,1.3,1.625,1.43336856898,0.6064251638,0.286713286713,0.603022689156,0.510249967747,0.237762237762,1.40129809949,1.18571377649,0.503496503497,2.05382127221,0.551025219373,7,3.72727272727,2.05382127221,7,0,0,0,0,0.22962962963,11,11,11,1,0,0.0909090909091,0.636363636364,0.272727272727,11,21,0.190909090909,4.89393939394,3.81818181818,2.1,2.1,1.60113596038,0.419345132482,0.190476190476,1.13618180363,0.595142849523,0.311688311688,1.3751033019,0.72029220576,0.363636363636,1.67377272995,0.342009288472,6,4.89393939394,1.67377272995,6,0.209090909091,0.191489361702,3,0.0181818181818,0.198518518519,11,11,11,1,0,0.0909090909091,0.818181818182,0.0909090909091,1,0.00909090909091,1.85055096419,0.181818181818,0.1,-0.4,-0.0884040523247,-0.0452783710134,-0.0549783549784,-0.0315666126082,-0.0471187794107,-0.0246753246753,-0.564906070144,-0.346712948867,-0.172727272727,0.61687395541,-0.00526770193912,2.45454545455,1.85055096419,0.61687395541,2.45454545455,-0.289956709957,-0.208510638298,-5,-0.030303030303,-0.057037037037,0,0.181818181818,-0.181818181818,17,4,3,86,0.85,0.955555555556,0.0444444444444,0.15,0.809523809524,0.85,0.829268292683,0.790545915216,0.805555555556,0.708333333333,8,7,0,0,0,0
346,WLNM_dir_neg,0.734693877551,0.415799653195,00:00:10,10,10,39,1171943288,threshold_sweep,0.4,0.5,0.571428571429,0.533333333333,4,4,3,10,0.571428571429,0.714285714286,0.285714285714,0.428571428571,0.5,0.571428571429,0.533333333333,0.666666666667,0.539682539683,0.275862068966,0.277350098113,0.285714285714,20,13,7,0,20,0,13,0,7,11,20,0.181818181818,3.04338842975,3.63636363636,2,2.5,1.68954001271,0.464623503495,0.245454545455,1.16774841624,0.642261628933,0.336363636364,1.94000937205,1.06700515463,0.536363636364,1.05689877454,0.347276990411,3.54545454545,3.04338842975,1.05689877454,3.54545454545,0.499047619048,0.4,8,0.0484848484848,0.255555555556,11,11,11,1,0,0.0909090909091,0.636363636364,0.272727272727,11,0.118181818182,3.72727272727,2.36363636364,1.3,1.625,1.43336856898,0.6064251638,0.286713286713,0.603022689156,0.510249967747,0.237762237762,1.40129809949,1.18571377649,0.503496503497,2.05382127221,0.551025219373,7,3.72727272727,2.05382127221,7,0,0,0,0,0.22962962963,11,11,11,1,0,0.0909090909091,0.636363636364,0.272727272727,11,21,0.190909090909,4.89393939394,3.81818181818,2.1,2.1,1.60113596038,0.419345132482,0.190476190476,1.13618180363,0.595142849523,0.311688311688,1.3751033019,0.72029220576,0.363636363636,1.67377272995,0.342009288472,6,4.89393939394,1.67377272995,6,0.209090909091,0.191489361702,3,0.0181818181818,0.198518518519,11,11,11,1,0,0.0909090909091,0.818181818182,0.0909090909091,1,0.00909090909091,1.85055096419,0.181818181818,0.1,-0.4,-0.0884040523247,-0.0452783710134,-0.0549783549784,-0.0315666126082,-0.0471187794107,-0.0246753246753,-0.564906070144,-0.346712948867,-0.172727272727,0.61687395541,-0.00526770193912,2.45454545455,1.85055096419,0.61687395541,2.45454545455,-0.289956709957,-0.208510638298,-5,-0.030303030303,-0.057037037037,0,0.181818181818,-0.181818181818,17,4,3,86,0.85,0.955555555556,0.0444444444444,0.15,0.809523809524,0.85,0.829268292683,0.790545915216,0.805555555556,0.708333333333,8,7,0,0,0,0
347,WLNM_dir_neg,0.734693877551,0.415799653195,00:00:10,10,10,39,1171943288,threshold_sweep,0.5,0.5,0.571428571429,0.533333333333,4,4,3,10,0.571428571429,0.714285714286,0.285714285714,0.428571428571,0.5,0.571428571429,0.533333333333,0.666666666667,0.539682539683,0.275862068966,0.277350098113,0.285714285714,20,13,7,0,20,0,13,0,7,11,20,0.181818181818,3.04338842975,3.63636363636,2,2.5,1.68954001271,0.464623503495,0.245454545455,1.16774841624,0.642261628933,0.336363636364,1.94000937205,1.06700515463,0.536363636364,1.05689877454,0.347276990411,3.54545454545,3.04338842975,1.05689877454,3.54545454545,0.499047619048,0.4,8,0.0484848484848,0.255555555556,11,11,11,1,0,0.0909090909091,0.636363636364,0.272727272727,11,0.118181818182,3.72727272727,2.36363636364,1.3,1.625,1.43336856898,0.6064251638,0.286713286713,0.603022689156,0.510249967747,0.237762237762,1.40129809949,1.18571377649,0.503496503497,2.05382127221,0.551025219373,7,3.72727272727,2.05382127221,7,0,0,0,0,0.22962962963,11,11,11,1,0,0.0909090909091,0.636363636364,0.272727272727,11,21,0.190909090909,4.89393939394,3.81818181818,2.1,2.1,1.60113596038,0.419345132482,0.190476190476,1.13618180363,0.595142849523,0.311688311688,1.3751033019,0.72029220576,0.363636363636,1.67377272995,0.342009288472,6,4.89393939394,1.67377272995,6,0.209090909091,0.191489361702,3,0.0181818181818,0.198518518519,11,11,11,1,0,0.0909090909091,0.818181818182,0.0909090909091,1,0.00909090909091,1.85055096419,0.181818181818,0.1,-0.4,-0.0884040523247,-0.0452783710134,-0.0549783549784,-0.0315666126082,-0.0471187794107,-0.0246753246753,-0.564906070144,-0.346712948867,-0.172727272727,0.61687395541,-0.00526770193912,2.45454545455,1.85055096419,0.61687395541,2.45454545455,-0.289956709957,-0.208510638298,-5,-0.030303030303,-0.057037037037,0,0.181818181818,-0.181818181818,17,4,3,86,0.85,0.955555555556,0.0444444444444,0.15,0.809523809524,0.85,0.829268292683,0.790545915216,0.805555555556,0.708333333333,8,7,0,0,0,0
348,WLNM_dir_neg,0.734693877551,0.415799653195,00:00:10,10,10,39,1171943288,threshold_sweep,0.6,0.5,0.571428571429,0.533333333333,4,4,3,10,0.571428571429,0.714285714286,0.285714285714,0.428571428571,0.5,0.571428571429,0.533333333333,0.666666666667,0.539682539683,0.275862068966,0.277350098113,0.285714285714,20,13,7,0,20,0,13,0,7,11,20,0.181818181818,3.04338842975,3.63636363636,2,2.5,1.68954001271,0.464623503495,0.245454545455,1.16774841624,0.642261628933,0.336363636364,1.94000937205,1.06700515463,0.536363636364,1.05689877454,0.347276990411,3.54545454545,3.04338842975,1.05689877454,3.54545454545,0.499047619048,0.4,8,0.0484848484848,0.255555555556,11,11,11,1,0,0.0909090909091,0.636363636364,0.272727272727,11,0.118181818182,3.72727272727,2.36363636364,1.3,1.625,1.43336856898,0.6064251638,0.286713286713,0.603022689156,0.510249967747,0.237762237762,1.40129809949,1.18571377649,0.503496503497,2.05382127221,0.551025219373,7,3.72727272727,2.05382127221,7,0,0,0,0,0.22962962963,11,11,11,1,0,0.0909090909091,0.636363636364,0.272727272727,11,21,0.190909090909,4.89393939394,3.81818181818,2.1,2.1,1.60113596038,0.419345132482,0.190476190476,1.13618180363,0.595142849523,0.311688311688,1.3751033019,0.72029220576,0.363636363636,1.67377272995,0.342009288472,6,4.89393939394,1.67377272995,6,0.209090909091,0.191489361702,3,0.0181818181818,0.198518518519,11,11,11,1,0,0.0909090909091,0.818181818182,0.0909090909091,1,0.00909090909091,1.85055096419,0.181818181818,0.1,-0.4,-0.0884040523247,-0.0452783710134,-0.0549783549784,-0.0315666126082,-0.0471187794107,-0.0246753246753,-0.564906070144,-0.346712948867,-0.172727272727,0.61687395541,-0.00526770193912,2.45454545455,1.85055096419,0.61687395541,2.45454545455,-0.289956709957,-0.208510638298,-5,-0.030303030303,-0.057037037037,0,0.181818181818,-0.181818181818,17,4,3,86,0.85,0.955555555556,0.0444444444444,0.15,0.809523809524,0.85,0.829268292683,0.790545915216,0.805555555556,0.708333333333,8,7,0,0,0,0
349,WLNM_dir_neg,0.734693877551,0.415799653195,00:00:10,10,10,39,1171943288,threshold_sweep,0.7,0.5,0.571428571429,0.533333333333,4,4,3,10,0.571428571429,0.714285714286,0.285714285714,0.428571428571,0.5,0.571428571429,0.533333333333,0.666666666667,0.539682539683,0.275862068966,0.277350098113,0.285714285714,20,13,7,0,20,0,13,0,7,11,20,0.181818181818,3.04338842975,3.63636363636,2,2.5,1.68954001271,0.464623503495,0.245454545455,1.16774841624,0.642261628933,0.336363636364,1.94000937205,1.06700515463,0.536363636364,1.05689877454,0.347276990411,3.54545454545,3.04338842975,1.05689877454,3.54545454545,0.499047619048,0.4,8,0.0484848484848,0.255555555556,11,11,11,1,0,0.0909090909091,0.636363636364,0.272727272727,11,0.118181818182,3.72727272727,2.36363636364,1.3,1.625,1.43336856898,0.6064251638,0.286713286713,0.603022689156,0.510249967747,0.237762237762,1.40129809949,1.18571377649,0.503496503497,2.05382127221,0.551025219373,7,3.72727272727,2.05382127221,7,0,0,0,0,0.22962962963,11,11,11,1,0,0.0909090909091,0.636363636364,0.272727272727,11,21,0.190909090909,4.89393939394,3.81818181818,2.1,2.1,1.60113596038,0.419345132482,0.190476190476,1.13618180363,0.595142849523,0.311688311688,1.3751033019,0.72029220576,0.363636363636,1.67377272995,0.342009288472,6,4.89393939394,1.67377272995,6,0.209090909091,0.191489361702,3,0.0181818181818,0.198518518519,11,11,11,1,0,0.0909090909091,0.818181818182,0.0909090909091,1,0.00909090909091,1.85055096419,0.181818181818,0.1,-0.4,-0.0884040523247,-0.0452783710134,-0.0549783549784,-0.0315666126082,-0.0471187794107,-0.0246753246753,-0.564906070144,-0.346712948867,-0.172727272727,0.61687395541,-0.00526770193912,2.45454545455,1.85055096419,0.61687395541,2.45454545455,-0.289956709957,-0.208510638298,-5,-0.030303030303,-0.057037037037,0,0.181818181818,-0.181818181818,17,4,3,86,0.85,0.955555555556,0.0444444444444,0.15,0.809523809524,0.85,0.829268292683,0.790545915216,0.805555555556,0.708333333333,8,7,0,0,0,0
350,WLNM_dir_neg,0.734693877551,0.415799653195,00:00:10,10,10,39,1171943288,threshold_sweep,0.8,0.666666666667,0.571428571429,0.615384615385,4,2,3,12,0.571428571429,0.857142857143,0.142857142857,0.428571428571,0.666666666667,0.571428571429,0.615384615385,0.761904761905,0.571428571429,0.444444444444,0.4472135955,0.428571428571,20,13,7,0,20,0,13,0,7,11,20,0.181818181818,3.04338842975,3.63636363636,2,2.5,1.68954001271,0.464623503495,0.245454545455,1.16774841624,0.642261628933,0.336363636364,1.94000937205,1.06700515463,0.536363636364,1.05689877454,0.347276990411,3.54545454545,3.04338842975,1.05689877454,3.54545454545,0.499047619048,0.4,8,0.0484848484848,0.255555555556,11,11,11,1,0,0.0909090909091,0.636363636364,0.272727272727,11,0.118181818182,3.72727272727,2.36363636364,1.3,1.625,1.43336856898,0.6064251638,0.286713286713,0.603022689156,0.510249967747,0.237762237762,1.40129809949,1.18571377649,0.503496503497,2.05382127221,0.551025219373,7,3.72727272727,2.05382127221,7,0,0,0,0,0.22962962963,11,11,11,1,0,0.0909090909091,0.636363636364,0.272727272727,11,19,0.172727272727,5.01515151515,3.45454545455,1.9,1.9,1.63484778274,0.473245410793,0.196172248804,0.904534033733,0.523677598477,0.267942583732,1.42062726223,0.822468414973,0.392344497608,1.82338900807,0.36357605599,6.33333333333,5.01515151515,1.82338900807,6.33333333333,0.296666666667,0.230769230769,3,0.0181818181818,0.192592592593,11,11,11,1,0,0.0909090909091,0.818181818182,0.0909090909091,-1,-0.00909090909091,1.9717630854,-0.181818181818,-0.1,-0.6,-0.05469222997,0.00862190729789,-0.0492822966507,-0.263214382509,-0.118584030456,-0.0684210526316,-0.519382109822,-0.244536739653,-0.144019138756,0.766490233532,0.0162990655783,2.78787878788,1.9717630854,0.766490233532,2.78787878788,-0.202380952381,-0.169230769231,-5,-0.030303030303,-0.062962962963,0,0.181818181818,-0.181818181818,17,2,3,88,0.85,0.977777777778,0.0222222222222,0.15,0.894736842105,0.85,0.871794871795,0.844602804616,0.827777777778,0.772727272727,6,7,0,0,0,0
351,WLNM_dir_neg,0.734693877551,0.415799653195,00:00:10,10,10,39,1171943288,threshold_sweep,0.9,0.666666666667,0.571428571429,0.615384615385,4,2,3,12,0.571428571429,0.857142857143,0.142857142857,0.428571428571,0.666666666667,0.571428571429,0.615384615385,0.761904761905,0.571428571429,0.444444444444,0.4472135955,0.428571428571,20,13,7,0,20,0,13,0,7,11,20,0.181818181818,3.04338842975,3.63636363636,2,2.5,1.68954001271,0.464623503495,0.245454545455,1.16774841624,0.642261628933,0.336363636364,1.94000937205,1.06700515463,0.536363636364,1.05689877454,0.347276990411,3.54545454545,3.04338842975,1.05689877454,3.54545454545,0.499047619048,0.4,8,0.0484848484848,0.255555555556,11,11,11,1,0,0.0909090909091,0.636363636364,0.272727272727,11,0.118181818182,3.72727272727,2.36363636364,1.3,1.625,1.43336856898,0.6064251638,0.286713286713,0.603022689156,0.510249967747,0.237762237762,1.40129809949,1.18571377649,0.503496503497,2.05382127221,0.551025219373,7,3.72727272727,2.05382127221,7,0,0,0,0,0.22962962963,11,11,11,1,0,0.0909090909091,0.636363636364,0.272727272727,11,19,0.172727272727,5.01515151515,3.45454545455,1.9,1.9,1.63484778274,0.473245410793,0.196172248804,0.904534033733,0.523677598477,0.267942583732,1.42062726223,0.822468414973,0.392344497608,1.82338900807,0.36357605599,6.33333333333,5.01515151515,1.82338900807,6.33333333333,0.296666666667,0.230769230769,3,0.0181818181818,0.192592592593,11,11,11,1,0,0.0909090909091,0.818181818182,0.0909090909091,-1,-0.00909090909091,1.9717630854,-0.181818181818,-0.1,-0.6,-0.05469222997,0.00862190729789,-0.0492822966507,-0.263214382509,-0.118584030456,-0.0684210526316,-0.519382109822,-0.244536739653,-0.144019138756,0.766490233532,0.0162990655783,2.78787878788,1.9717630854,0.766490233532,2.78787878788,-0.202380952381,-0.169230769231,-5,-0.030303030303,-0.062962962963,0,0.181818181818,-0.181818181818,17,2,3,88,0.85,0.977777777778,0.0222222222222,0.15,0.894736842105,0.85,0.871794871795,0.844602804616,0.827777777778,0.772727272727,6,7,0,0,0,0
352,WLNM_dir_neg,0.908163265306,0.734595959596,00:00:10,10,10,40,1171943289,threshold_sweep,0.1,1,0.714285714286,0.833333333333,5,0,2,14,0.714285714286,1,0,0.285714285714,1,0.714285714286,0.833333333333,0.904761904762,0.587301587302,0.769230769231,0.790569415042,0.714285714286,20,13,7,0,20,0,13,0,7,11,20,0.181818181818,3.04338842975,3.63636363636,2,2.5,1.68954001271,0.464623503495,0.245454545455,1.16774841624,0.642261628933,0.336363636364,1.94000937205,1.06700515463,0.536363636364,1.05689877454,0.347276990411,3.54545454545,3.04338842975,1.05689877454,3.54545454545,0.499047619048,0.4,8,0.0484848484848,0.255555555556,11,11,11,1,0,0.0909090909091,0.636363636364,0.272727272727,11,0.118181818182,3.72727272727,2.36363636364,1.3,1.625,1.43336856898,0.6064251638,0.286713286713,0.603022689156,0.510249967747,0.237762237762,1.40129809949,1.18571377649,0.503496503497,2.05382127221,0.551025219373,7,3.72727272727,2.05382127221,7,0,0,0,0,0.22962962963,11,11,11,1,0,0.0909090909091,0.636363636364,0.272727272727,11,18,0.163636363636,3.11363636364,3.27272727273,1.8,2.25,1.42062726223,0.434080552347,0.227272727273,0.924416277737,0.564921058617,0.292929292929,1.68954001271,1.03249667443,0.525252525253,1.14353419474,0.367266456706,3.875,3.11363636364,1.14353419474,3.875,0.366666666667,0.266666666667,4,0.0242424242424,0.221111111111,11,11,11,1,0,0.0909090909091,0.636363636364,0.272727272727,-2,-0.0181818181818,0.0702479338843,-0.363636363636,-0.2,-0.25,-0.268912750482,-0.030542951148,-0.0181818181818,-0.243332138505,-0.0773405703161,-0.0434343434343,-0.250469359339,-0.0345084801933,-0.0111111111111,0.0866354202056,0.0199894662943,0.329545454545,0.0702479338843,0.0866354202056,0.329545454545,-0.132380952381,-0.133333333333,-4,-0.0242424242424,-0.0344444444444,0,0,0,18,0,2,90,0.9,1,0,0.1,1,0.9,0.947368421053,0.938314863257,0.9,0.9,5,7,0,0,0,0
353,WLNM_dir_neg,0.908163265306,0.734595959596,00:00:10,10,10,40,1171943289,threshold_sweep,0.2,1,0.714285714286,0.833333333333,5,0,2,14,0.714285714286,1,0,0.285714285714,1,0.714285714286,0.833333333333,0.904761904762,0.587301587302,0.769230769231,0.790569415042,0.714285714286,20,13,7,0,20,0,13,0,7,11,20,0.181818181818,3.04338842975,3.63636363636,2,2.5,1.68954001271,0.464623503495,0.245454545455,1.16774841624,0.642261628933,0.336363636364,1.94000937205,1.06700515463,0.536363636364,1.05689877454,0.347276990411,3.54545454545,3.04338842975,1.05689877454,3.54545454545,0.499047619048,0.4,8,0.0484848484848,0.255555555556,11,11,11,1,0,0.0909090909091,0.636363636364,0.272727272727,11,0.118181818182,3.72727272727,2.36363636364,1.3,1.625,1.43336856898,0.6064251638,0.286713286713,0.603022689156,0.510249967747,0.237762237762,1.40129809949,1.18571377649,0.503496503497,2.05382127221,0.551025219373,7,3.72727272727,2.05382127221,7,0,0,0,0,0.22962962963,11,11,11,1,0,0.0909090909091,0.636363636364,0.272727272727,11,18,0.163636363636,3.11363636364,3.27272727273,1.8,2.25,1.42062726223,0.434080552347,0.227272727273,0.924416277737,0.564921058617,0.292929292929,1.68954001271,1.03249667443,0.525252525253,1.14353419474,0.367266456706,3.875,3.11363636364,1.14353419474,3.875,0.366666666667,0.266666666667,4,0.0242424242424,0.221111111111,11,11,11,1,0,0.0909090909091,0.636363636364,0.272727272727,-2,-0.0181818181818,0.0702479338843,-0.363636363636,-0.2,-0.25,-0.268912750482,-0.030542951148,-0.0181818181818,-0.243332138505,-0.0773405703161,-0.0434343434343,-0.250469359339,-0.0345084801933,-0.0111111111111,0.0866354202056,0.0199894662943,0.329545454545,0.0702479338843,0.0866354202056,0.329545454545,-0.132380952381,-0.133333333333,-4,-0.0242424242424,-0.0344444444444,0,0,0,18,0,2,90,0.9,1,0,0.1,1,0.9,0.947368421053,0.938314863257,0.9,0.9,5,7,0,0,0,0
354,WLNM_dir_neg,0.908163265306,0.734595959596,00:00:10,10,10,40,1171943289,threshold_sweep,0.3,1,0.714285714286,0.833333333333,5,0,2,14,0.714285714286,1,0,0.285714285714,1,0.714285714286,0.833333333333,0.904761904762,0.587301587302,0.769230769231,0.790569415042,0.714285714286,20,13,7,0,20,0,13,0,7,11,20,0.181818181818,3.04338842975,3.63636363636,2,2.5,1.68954001271,0.464623503495,0.245454545455,1.16774841624,0.642261628933,0.336363636364,1.94000937205,1.06700515463,0.536363636364,1.05689877454,0.347276990411,3.54545454545,3.04338842975,1.05689877454,3.54545454545,0.499047619048,0.4,8,0.0484848484848,0.255555555556,11,11,11,1,0,0.0909090909091,0.636363636364,0.272727272727,11,0.118181818182,3.72727272727,2.36363636364,1.3,1.625,1.43336856898,0.6064251638,0.286713286713,0.603022689156,0.510249967747,0.237762237762,1.40129809949,1.18571377649,0.503496503497,2.05382127221,0.551025219373,7,3.72727272727,2.05382127221,7,0,0,0,0,0.22962962963,11,11,11,1,0,0.0909090909091,0.636363636364,0.272727272727,11,18,0.163636363636,3.11363636364,3.27272727273,1.8,2.25,1.42062726223,0.434080552347,0.227272727273,0.924416277737,0.564921058617,0.292929292929,1.68954001271,1.03249667443,0.525252525253,1.14353419474,0.367266456706,3.875,3.11363636364,1.14353419474,3.875,0.366666666667,0.266666666667,4,0.0242424242424,0.221111111111,11,11,11,1,0,0.0909090909091,0.636363636364,0.272727272727,-2,-0.0181818181818,0.0702479338843,-0.363636363636,-0.2,-0.25,-0.268912750482,-0.030542951148,-0.0181818181818,-0.243332138505,-0.0773405703161,-0.0434343434343,-0.250469359339,-0.0345084801933,-0.0111111111111,0.0866354202056,0.0199894662943,0.329545454545,0.0702479338843,0.0866354202056,0.329545454545,-0.132380952381,-0.133333333333,-4,-0.0242424242424,-0.0344444444444,0,0,0,18,0,2,90,0.9,1,0,0.1,1,0.9,0.947368421053,0.938314863257,0.9,0.9,5,7,0,0,0,0
355,WLNM_dir_neg,0.908163265306,0.734595959596,00:00:10,10,10,40,1171943289,threshold_sweep,0.4,1,0.714285714286,0.833333333333,5,0,2,14,0.714285714286,1,0,0.285714285714,1,0.714285714286,0.833333333333,0.904761904762,0.587301587302,0.769230769231,0.790569415042,0.714285714286,20,13,7,0,20,0,13,0,7,11,20,0.181818181818,3.04338842975,3.63636363636,2,2.5,1.68954001271,0.464623503495,0.245454545455,1.16774841624,0.642261628933,0.336363636364,1.94000937205,1.06700515463,0.536363636364,1.05689877454,0.347276990411,3.54545454545,3.04338842975,1.05689877454,3.54545454545,0.499047619048,0.4,8,0.0484848484848,0.255555555556,11,11,11,1,0,0.0909090909091,0.636363636364,0.272727272727,11,0.118181818182,3.72727272727,2.36363636364,1.3,1.625,1.43336856898,0.6064251638,0.286713286713,0.603022689156,0.510249967747,0.237762237762,1.40129809949,1.18571377649,0.503496503497,2.05382127221,0.551025219373,7,3.72727272727,2.05382127221,7,0,0,0,0,0.22962962963,11,11,11,1,0,0.0909090909091,0.636363636364,0.272727272727,11,18,0.163636363636,3.11363636364,3.27272727273,1.8,2.25,1.42062726223,0.434080552347,0.227272727273,0.924416277737,0.564921058617,0.292929292929,1.68954001271,1.03249667443,0.525252525253,1.14353419474,0.367266456706,3.875,3.11363636364,1.14353419474,3.875,0.366666666667,0.266666666667,4,0.0242424242424,0.221111111111,11,11,11,1,0,0.0909090909091,0.636363636364,0.272727272727,-2,-0.0181818181818,0.0702479338843,-0.363636363636,-0.2,-0.25,-0.268912750482,-0.030542951148,-0.0181818181818,-0.243332138505,-0.0773405703161,-0.0434343434343,-0.250469359339,-0.0345084801933,-0.0111111111111,0.0866354202056,0.0199894662943,0.329545454545,0.0702479338843,0.0866354202056,0.329545454545,-0.132380952381,-0.133333333333,-4,-0.0242424242424,-0.0344444444444,0,0,0,18,0,2,90,0.9,1,0,0.1,1,0.9,0.947368421053,0.938314863257,0.9,0.9,5,7,0,0,0,0
356,WLNM_dir_neg,0.908163265306,0.734595959596,00:00:10,10,10,40,1171943289,threshold_sweep,0.5,1,0.714285714286,0.833333333333,5,0,2,14,0.714285714286,1,0,0.285714285714,1,0.714285714286,0.833333333333,0.904761904762,0.587301587302,0.769230769231,0.790569415042,0.714285714286,20,13,7,0,20,0,13,0,7,11,20,0.181818181818,3.04338842975,3.63636363636,2,2.5,1.68954001271,0.464623503495,0.245454545455,1.16774841624,0.642261628933,0.336363636364,1.94000937205,1.06700515463,0.536363636364,1.05689877454,0.347276990411,3.54545454545,3.04338842975,1.05689877454,3.54545454545,0.499047619048,0.4,8,0.0484848484848,0.255555555556,11,11,11,1,0,0.0909090909091,0.636363636364,0.272727272727,11,0.118181818182,3.72727272727,2.36363636364,1.3,1.625,1.43336856898,0.6064251638,0.286713286713,0.603022689156,0.510249967747,0.237762237762,1.40129809949,1.18571377649,0.503496503497,2.05382127221,0.551025219373,7,3.72727272727,2.05382127221,7,0,0,0,0,0.22962962963,11,11,11,1,0,0.0909090909091,0.636363636364,0.272727272727,11,18,0.163636363636,3.11363636364,3.27272727273,1.8,2.25,1.42062726223,0.434080552347,0.227272727273,0.924416277737,0.564921058617,0.292929292929,1.68954001271,1.03249667443,0.525252525253,1.14353419474,0.367266456706,3.875,3.11363636364,1.14353419474,3.875,0.366666666667,0.266666666667,4,0.0242424242424,0.221111111111,11,11,11,1,0,0.0909090909091,0.636363636364,0.272727272727,-2,-0.0181818181818,0.0702479338843,-0.363636363636,-0.2,-0.25,-0.268912750482,-0.030542951148,-0.0181818181818,-0.243332138505,-0.0773405703161,-0.0434343434343,-0.250469359339,-0.0345084801933,-0.0111111111111,0.0866354202056,0.0199894662943,0.329545454545,0.0702479338843,0.0866354202056,0.329545454545,-0.132380952381,-0.133333333333,-4,-0.0242424242424,-0.0344444444444,0,0,0,18,0,2,90,0.9,1,0,0.1,1,0.9,0.947368421053,0.938314863257,0.9,0.9,5,7,0,0,0,0
357,WLNM_dir_neg,0.908163265306,0.734595959596,00:00:10,10,10,40,1171943289,threshold_sweep,0.6,1,0.714285714286,0.833333333333,5,0,2,14,0.714285714286,1,0,0.285714285714,1,0.714285714286,0.833333333333,0.904761904762,0.587301587302,0.769230769231,0.790569415042,0.714285714286,20,13,7,0,20,0,13,0,7,11,20,0.181818181818,3.04338842975,3.63636363636,2,2.5,1.68954001271,0.464623503495,0.245454545455,1.16774841624,0.642261628933,0.336363636364,1.94000937205,1.06700515463,0.536363636364,1.05689877454,0.347276990411,3.54545454545,3.04338842975,1.05689877454,3.54545454545,0.499047619048,0.4,8,0.0484848484848,0.255555555556,11,11,11,1,0,0.0909090909091,0.636363636364,0.272727272727,11,0.118181818182,3.72727272727,2.36363636364,1.3,1.625,1.43336856898,0.6064251638,0.286713286713,0.603022689156,0.510249967747,0.237762237762,1.40129809949,1.18571377649,0.503496503497,2.05382127221,0.551025219373,7,3.72727272727,2.05382127221,7,0,0,0,0,0.22962962963,11,11,11,1,0,0.0909090909091,0.636363636364,0.272727272727,11,18,0.163636363636,3.11363636364,3.27272727273,1.8,2.25,1.42062726223,0.434080552347,0.227272727273,0.924416277737,0.564921058617,0.292929292929,1.68954001271,1.03249667443,0.525252525253,1.14353419474,0.367266456706,3.875,3.11363636364,1.14353419474,3.875,0.366666666667,0.266666666667,4,0.0242424242424,0.221111111111,11,11,11,1,0,0.0909090909091,0.636363636364,0.272727272727,-2,-0.0181818181818,0.0702479338843,-0.363636363636,-0.2,-0.25,-0.268912750482,-0.030542951148,-0.0181818181818,-0.243332138505,-0.0773405703161,-0.0434343434343,-0.250469359339,-0.0345084801933,-0.0111111111111,0.0866354202056,0.0199894662943,0.329545454545,0.0702479338843,0.0866354202056,0.329545454545,-0.132380952381,-0.133333333333,-4,-0.0242424242424,-0.0344444444444,0,0,0,18,0,2,90,0.9,1,0,0.1,1,0.9,0.947368421053,0.938314863257,0.9,0.9,5,7,0,0,0,0
358,WLNM_dir_neg,0.908163265306,0.734595959596,00:00:10,10,10,40,1171943289,threshold_sweep,0.7,1,0.714285714286,0.833333333333,5,0,2,14,0.714285714286,1,0,0.285714285714,1,0.714285714286,0.833333333333,0.904761904762,0.587301587302,0.769230769231,0.790569415042,0.714285714286,20,13,7,0,20,0,13,0,7,11,20,0.181818181818,3.04338842975,3.63636363636,2,2.5,1.68954001271,0.464623503495,0.245454545455,1.16774841624,0.642261628933,0.336363636364,1.94000937205,1.06700515463,0.536363636364,1.05689877454,0.347276990411,3.54545454545,3.04338842975,1.05689877454,3.54545454545,0.499047619048,0.4,8,0.0484848484848,0.255555555556,11,11,11,1,0,0.0909090909091,0.636363636364,0.272727272727,11,0.118181818182,3.72727272727,2.36363636364,1.3,1.625,1.43336856898,0.6064251638,0.286713286713,0.603022689156,0.510249967747,0.237762237762,1.40129809949,1.18571377649,0.503496503497,2.05382127221,0.551025219373,7,3.72727272727,2.05382127221,7,0,0,0,0,0.22962962963,11,11,11,1,0,0.0909090909091,0.636363636364,0.272727272727,11,18,0.163636363636,3.11363636364,3.27272727273,1.8,2.25,1.42062726223,0.434080552347,0.227272727273,0.924416277737,0.564921058617,0.292929292929,1.68954001271,1.03249667443,0.525252525253,1.14353419474,0.367266456706,3.875,3.11363636364,1.14353419474,3.875,0.366666666667,0.266666666667,4,0.0242424242424,0.221111111111,11,11,11,1,0,0.0909090909091,0.636363636364,0.272727272727,-2,-0.0181818181818,0.0702479338843,-0.363636363636,-0.2,-0.25,-0.268912750482,-0.030542951148,-0.0181818181818,-0.243332138505,-0.0773405703161,-0.0434343434343,-0.250469359339,-0.0345084801933,-0.0111111111111,0.0866354202056,0.0199894662943,0.329545454545,0.0702479338843,0.0866354202056,0.329545454545,-0.132380952381,-0.133333333333,-4,-0.0242424242424,-0.0344444444444,0,0,0,18,0,2,90,0.9,1,0,0.1,1,0.9,0.947368421053,0.938314863257,0.9,0.9,5,7,0,0,0,0
359,WLNM_dir_neg,0.908163265306,0.734595959596,00:00:10,10,10,40,1171943289,threshold_sweep,0.8,1,0.714285714286,0.833333333333,5,0,2,14,0.714285714286,1,0,0.285714285714,1,0.714285714286,0.833333333333,0.904761904762,0.587301587302,0.769230769231,0.790569415042,0.714285714286,20,13,7,0,20,0,13,0,7,11,20,0.181818181818,3.04338842975,3.63636363636,2,2.5,1.68954001271,0.464623503495,0.245454545455,1.16774841624,0.642261628933,0.336363636364,1.94000937205,1.06700515463,0.536363636364,1.05689877454,0.347276990411,3.54545454545,3.04338842975,1.05689877454,3.54545454545,0.499047619048,0.4,8,0.0484848484848,0.255555555556,11,11,11,1,0,0.0909090909091,0.636363636364,0.272727272727,11,0.118181818182,3.72727272727,2.36363636364,1.3,1.625,1.43336856898,0.6064251638,0.286713286713,0.603022689156,0.510249967747,0.237762237762,1.40129809949,1.18571377649,0.503496503497,2.05382127221,0.551025219373,7,3.72727272727,2.05382127221,7,0,0,0,0,0.22962962963,11,11,11,1,0,0.0909090909091,0.636363636364,0.272727272727,11,18,0.163636363636,3.11363636364,3.27272727273,1.8,2.25,1.42062726223,0.434080552347,0.227272727273,0.924416277737,0.564921058617,0.292929292929,1.68954001271,1.03249667443,0.525252525253,1.14353419474,0.367266456706,3.875,3.11363636364,1.14353419474,3.875,0.366666666667,0.266666666667,4,0.0242424242424,0.221111111111,11,11,11,1,0,0.0909090909091,0.636363636364,0.272727272727,-2,-0.0181818181818,0.0702479338843,-0.363636363636,-0.2,-0.25,-0.268912750482,-0.030542951148,-0.0181818181818,-0.243332138505,-0.0773405703161,-0.0434343434343,-0.250469359339,-0.0345084801933,-0.0111111111111,0.0866354202056,0.0199894662943,0.329545454545,0.0702479338843,0.0866354202056,0.329545454545,-0.132380952381,-0.133333333333,-4,-0.0242424242424,-0.0344444444444,0,0,0,18,0,2,90,0.9,1,0,0.1,1,0.9,0.947368421053,0.938314863257,0.9,0.9,5,7,0,0,0,0
360,WLNM_dir_neg,0.908163265306,0.734595959596,00:00:10,10,10,40,1171943289,threshold_sweep,0.9,1,0.714285714286,0.833333333333,5,0,2,14,0.714285714286,1,0,0.285714285714,1,0.714285714286,0.833333333333,0.904761904762,0.587301587302,0.769230769231,0.790569415042,0.714285714286,20,13,7,0,20,0,13,0,7,11,20,0.181818181818,3.04338842975,3.63636363636,2,2.5,1.68954001271,0.464623503495,0.245454545455,1.16774841624,0.642261628933,0.336363636364,1.94000937205,1.06700515463,0.536363636364,1.05689877454,0.347276990411,3.54545454545,3.04338842975,1.05689877454,3.54545454545,0.499047619048,0.4,8,0.0484848484848,0.255555555556,11,11,11,1,0,0.0909090909091,0.636363636364,0.272727272727,11,0.118181818182,3.72727272727,2.36363636364,1.3,1.625,1.43336856898,0.6064251638,0.286713286713,0.603022689156,0.510249967747,0.237762237762,1.40129809949,1.18571377649,0.503496503497,2.05382127221,0.551025219373,7,3.72727272727,2.05382127221,7,0,0,0,0,0.22962962963,11,11,11,1,0,0.0909090909091,0.636363636364,0.272727272727,11,18,0.163636363636,3.11363636364,3.27272727273,1.8,2.25,1.42062726223,0.434080552347,0.227272727273,0.924416277737,0.564921058617,0.292929292929,1.68954001271,1.03249667443,0.525252525253,1.14353419474,0.367266456706,3.875,3.11363636364,1.14353419474,3.875,0.366666666667,0.266666666667,4,0.0242424242424,0.221111111111,11,11,11,1,0,0.0909090909091,0.636363636364,0.272727272727,-2,-0.0181818181818,0.0702479338843,-0.363636363636,-0.2,-0.25,-0.268912750482,-0.030542951148,-0.0181818181818,-0.243332138505,-0.0773405703161,-0.0434343434343,-0.250469359339,-0.0345084801933,-0.0111111111111,0.0866354202056,0.0199894662943,0.329545454545,0.0702479338843,0.0866354202056,0.329545454545,-0.132380952381,-0.133333333333,-4,-0.0242424242424,-0.0344444444444,0,0,0,18,0,2,90,0.9,1,0,0.1,1,0.9,0.947368421053,0.938314863257,0.9,0.9,5,7,0,0,0,0
361,WLNM_dir_neg,0.857142857143,0.561255411255,00:00:10,10,10,41,1171943290,threshold_sweep,0.1,0.833333333333,0.714285714286,0.769230769231,5,1,2,13,0.714285714286,0.928571428571,0.0714285714286,0.285714285714,0.833333333333,0.714285714286,0.769230769231,0.857142857143,0.571428571429,0.666666666667,0.67082039325,0.642857142857,20,13,7,0,20,0,13,0,7,11,20,0.181818181818,3.04338842975,3.63636363636,2,2.5,1.68954001271,0.464623503495,0.245454545455,1.16774841624,0.642261628933,0.336363636364,1.94000937205,1.06700515463,0.536363636364,1.05689877454,0.347276990411,3.54545454545,3.04338842975,1.05689877454,3.54545454545,0.499047619048,0.4,8,0.0484848484848,0.255555555556,11,11,11,1,0,0.0909090909091,0.636363636364,0.272727272727,11,0.118181818182,3.72727272727,2.36363636364,1.3,1.625,1.43336856898,0.6064251638,0.286713286713,0.603022689156,0.510249967747,0.237762237762,1.40129809949,1.18571377649,0.503496503497,2.05382127221,0.551025219373,7,3.72727272727,2.05382127221,7,0,0,0,0,0.22962962963,11,11,11,1,0,0.0909090909091,0.636363636364,0.272727272727,11,19,0.172727272727,5.99715909091,3.45454545455,1.9,2.375,1.69491217257,0.490632471007,0.253588516746,0.904534033733,0.523677598477,0.267942583732,1.67874411933,0.971904490138,0.507177033493,2.14896661873,0.35833076731,7.5,5.99715909091,2.14896661873,7.5,0.432380952381,0.333333333333,6,0.0363636363636,0.219259259259,11,11,11,1,0,0.0909090909091,0.636363636364,0.272727272727,-1,-0.00909090909091,2.95377066116,-0.181818181818,-0.1,-0.125,0.00537215986117,0.0260089675122,0.00813397129187,-0.263214382509,-0.118584030456,-0.0684210526316,-0.26126525272,-0.0951006644889,-0.0291866028708,1.09206784419,0.0110537768992,3.95454545455,2.95377066116,1.09206784419,3.95454545455,-0.0666666666667,-0.0666666666667,-2,-0.0121212121212,-0.0362962962963,0,0,0,18,1,2,89,0.9,0.988888888889,0.0111111111111,0.1,0.947368421053,0.9,0.923076923077,0.906956031802,0.888888888889,0.857142857143,6,7,0,0,0,0
362,WLNM_dir_neg,0.857142857143,0.561255411255,00:00:10,10,10,41,1171943290,threshold_sweep,0.2,0.833333333333,0.714285714286,0.769230769231,5,1,2,13,0.714285714286,0.928571428571,0.0714285714286,0.285714285714,0.833333333333,0.714285714286,0.769230769231,0.857142857143,0.571428571429,0.666666666667,0.67082039325,0.642857142857,20,13,7,0,20,0,13,0,7,11,20,0.181818181818,3.04338842975,3.63636363636,2,2.5,1.68954001271,0.464623503495,0.245454545455,1.16774841624,0.642261628933,0.336363636364,1.94000937205,1.06700515463,0.536363636364,1.05689877454,0.347276990411,3.54545454545,3.04338842975,1.05689877454,3.54545454545,0.499047619048,0.4,8,0.0484848484848,0.255555555556,11,11,11,1,0,0.0909090909091,0.636363636364,0.272727272727,11,0.118181818182,3.72727272727,2.36363636364,1.3,1.625,1.43336856898,0.6064251638,0.286713286713,0.603022689156,0.510249967747,0.237762237762,1.40129809949,1.18571377649,0.503496503497,2.05382127221,0.551025219373,7,3.72727272727,2.05382127221,7,0,0,0,0,0.22962962963,11,11,11,1,0,0.0909090909091,0.636363636364,0.272727272727,11,19,0.172727272727,5.99715909091,3.45454545455,1.9,2.375,1.69491217257,0.490632471007,0.253588516746,0.904534033733,0.523677598477,0.267942583732,1.67874411933,0.971904490138,0.507177033493,2.14896661873,0.35833076731,7.5,5.99715909091,2.14896661873,7.5,0.432380952381,0.333333333333,6,0.0363636363636,0.219259259259,11,11,11,1,0,0.0909090909091,0.636363636364,0.272727272727,-1,-0.00909090909091,2.95377066116,-0.181818181818,-0.1,-0.125,0.00537215986117,0.0260089675122,0.00813397129187,-0.263214382509,-0.118584030456,-0.0684210526316,-0.26126525272,-0.0951006644889,-0.0291866028708,1.09206784419,0.0110537768992,3.95454545455,2.95377066116,1.09206784419,3.95454545455,-0.0666666666667,-0.0666666666667,-2,-0.0121212121212,-0.0362962962963,0,0,0,18,1,2,89,0.9,0.988888888889,0.0111111111111,0.1,0.947368421053,0.9,0.923076923077,0.906956031802,0.888888888889,0.857142857143,6,7,0,0,0,0
363,WLNM_dir_neg,0.857142857143,0.561255411255,00:00:10,10,10,41,1171943290,threshold_sweep,0.3,0.833333333333,0.714285714286,0.769230769231,5,1,2,13,0.714285714286,0.928571428571,0.0714285714286,0.285714285714,0.833333333333,0.714285714286,0.769230769231,0.857142857143,0.571428571429,0.666666666667,0.67082039325,0.642857142857,20,13,7,0,20,0,13,0,7,11,20,0.181818181818,3.04338842975,3.63636363636,2,2.5,1.68954001271,0.464623503495,0.245454545455,1.16774841624,0.642261628933,0.336363636364,1.94000937205,1.06700515463,0.536363636364,1.05689877454,0.347276990411,3.54545454545,3.04338842975,1.05689877454,3.54545454545,0.499047619048,0.4,8,0.0484848484848,0.255555555556,11,11,11,1,0,0.0909090909091,0.636363636364,0.272727272727,11,0.118181818182,3.72727272727,2.36363636364,1.3,1.625,1.43336856898,0.6064251638,0.286713286713,0.603022689156,0.510249967747,0.237762237762,1.40129809949,1.18571377649,0.503496503497,2.05382127221,0.551025219373,7,3.72727272727,2.05382127221,7,0,0,0,0,0.22962962963,11,11,11,1,0,0.0909090909091,0.636363636364,0.272727272727,11,19,0.172727272727,5.99715909091,3.45454545455,1.9,2.375,1.69491217257,0.490632471007,0.253588516746,0.904534033733,0.523677598477,0.267942583732,1.67874411933,0.971904490138,0.507177033493,2.14896661873,0.35833076731,7.5,5.99715909091,2.14896661873,7.5,0.432380952381,0.333333333333,6,0.0363636363636,0.219259259259,11,11,11,1,0,0.0909090909091,0.636363636364,0.272727272727,-1,-0.00909090909091,2.95377066116,-0.181818181818,-0.1,-0.125,0.00537215986117,0.0260089675122,0.00813397129187,-0.263214382509,-0.118584030456,-0.0684210526316,-0.26126525272,-0.0951006644889,-0.0291866028708,1.09206784419,0.0110537768992,3.95454545455,2.95377066116,1.09206784419,3.95454545455,-0.0666666666667,-0.0666666666667,-2,-0.0121212121212,-0.0362962962963,0,0,0,18,1,2,89,0.9,0.988888888889,0.0111111111111,0.1,0.947368421053,0.9,0.923076923077,0.906956031802,0.888888888889,0.857142857143,6,7,0,0,0,0
364,WLNM_dir_neg,0.857142857143,0.561255411255,00:00:10,10,10,41,1171943290,threshold_sweep,0.4,0.833333333333,0.714285714286,0.769230769231,5,1,2,13,0.714285714286,0.928571428571,0.0714285714286,0.285714285714,0.833333333333,0.714285714286,0.769230769231,0.857142857143,0.571428571429,0.666666666667,0.67082039325,0.642857142857,20,13,7,0,20,0,13,0,7,11,20,0.181818181818,3.04338842975,3.63636363636,2,2.5,1.68954001271,0.464623503495,0.245454545455,1.16774841624,0.642261628933,0.336363636364,1.94000937205,1.06700515463,0.536363636364,1.05689877454,0.347276990411,3.54545454545,3.04338842975,1.05689877454,3.54545454545,0.499047619048,0.4,8,0.0484848484848,0.255555555556,11,11,11,1,0,0.0909090909091,0.636363636364,0.272727272727,11,0.118181818182,3.72727272727,2.36363636364,1.3,1.625,1.43336856898,0.6064251638,0.286713286713,0.603022689156,0.510249967747,0.237762237762,1.40129809949,1.18571377649,0.503496503497,2.05382127221,0.551025219373,7,3.72727272727,2.05382127221,7,0,0,0,0,0.22962962963,11,11,11,1,0,0.0909090909091,0.636363636364,0.272727272727,11,19,0.172727272727,5.99715909091,3.45454545455,1.9,2.375,1.69491217257,0.490632471007,0.253588516746,0.904534033733,0.523677598477,0.267942583732,1.67874411933,0.971904490138,0.507177033493,2.14896661873,0.35833076731,7.5,5.99715909091,2.14896661873,7.5,0.432380952381,0.333333333333,6,0.0363636363636,0.219259259259,11,11,11,1,0,0.0909090909091,0.636363636364,0.272727272727,-1,-0.00909090909091,2.95377066116,-0.181818181818,-0.1,-0.125,0.00537215986117,0.0260089675122,0.00813397129187,-0.263214382509,-0.118584030456,-0.0684210526316,-0.26126525272,-0.0951006644889,-0.0291866028708,1.09206784419,0.0110537768992,3.95454545455,2.95377066116,1.09206784419,3.95454545455,-0.0666666666667,-0.0666666666667,-2,-0.0121212121212,-0.0362962962963,0,0,0,18,1,2,89,0.9,0.988888888889,0.0111111111111,0.1,0.947368421053,0.9,0.923076923077,0.906956031802,0.888888888889,0.857142857143,6,7,0,0,0,0
365,WLNM_dir_neg,0.857142857143,0.561255411255,00:00:10,10,10,41,1171943290,threshold_sweep,0.5,0.833333333333,0.714285714286,0.769230769231,5,1,2,13,0.714285714286,0.928571428571,0.0714285714286,0.285714285714,0.833333333333,0.714285714286,0.769230769231,0.857142857143,0.571428571429,0.666666666667,0.67082039325,0.642857142857,20,13,7,0,20,0,13,0,7,11,20,0.181818181818,3.04338842975,3.63636363636,2,2.5,1.68954001271,0.464623503495,0.245454545455,1.16774841624,0.642261628933,0.336363636364,1.94000937205,1.06700515463,0.536363636364,1.05689877454,0.347276990411,3.54545454545,3.04338842975,1.05689877454,3.54545454545,0.499047619048,0.4,8,0.0484848484848,0.255555555556,11,11,11,1,0,0.0909090909091,0.636363636364,0.272727272727,11,0.118181818182,3.72727272727,2.36363636364,1.3,1.625,1.43336856898,0.6064251638,0.286713286713,0.603022689156,0.510249967747,0.237762237762,1.40129809949,1.18571377649,0.503496503497,2.05382127221,0.551025219373,7,3.72727272727,2.05382127221,7,0,0,0,0,0.22962962963,11,11,11,1,0,0.0909090909091,0.636363636364,0.272727272727,11,19,0.172727272727,5.99715909091,3.45454545455,1.9,2.375,1.69491217257,0.490632471007,0.253588516746,0.904534033733,0.523677598477,0.267942583732,1.67874411933,0.971904490138,0.507177033493,2.14896661873,0.35833076731,7.5,5.99715909091,2.14896661873,7.5,0.432380952381,0.333333333333,6,0.0363636363636,0.219259259259,11,11,11,1,0,0.0909090909091,0.636363636364,0.272727272727,-1,-0.00909090909091,2.95377066116,-0.181818181818,-0.1,-0.125,0.00537215986117,0.0260089675122,0.00813397129187,-0.263214382509,-0.118584030456,-0.0684210526316,-0.26126525272,-0.0951006644889,-0.0291866028708,1.09206784419,0.0110537768992,3.95454545455,2.95377066116,1.09206784419,3.95454545455,-0.0666666666667,-0.0666666666667,-2,-0.0121212121212,-0.0362962962963,0,0,0,18,1,2,89,0.9,0.988888888889,0.0111111111111,0.1,0.947368421053,0.9,0.923076923077,0.906956031802,0.888888888889,0.857142857143,6,7,0,0,0,0
366,WLNM_dir_neg,0.857142857143,0.561255411255,00:00:10,10,10,41,1171943290,threshold_sweep,0.6,0.833333333333,0.714285714286,0.769230769231,5,1,2,13,0.714285714286,0.928571428571,0.0714285714286,0.285714285714,0.833333333333,0.714285714286,0.769230769231,0.857142857143,0.571428571429,0.666666666667,0.67082039325,0.642857142857,20,13,7,0,20,0,13,0,7,11,20,0.181818181818,3.04338842975,3.63636363636,2,2.5,1.68954001271,0.464623503495,0.245454545455,1.16774841624,0.642261628933,0.336363636364,1.94000937205,1.06700515463,0.536363636364,1.05689877454,0.347276990411,3.54545454545,3.04338842975,1.05689877454,3.54545454545,0.499047619048,0.4,8,0.0484848484848,0.255555555556,11,11,11,1,0,0.0909090909091,0.636363636364,0.272727272727,11,0.118181818182,3.72727272727,2.36363636364,1.3,1.625,1.43336856898,0.6064251638,0.286713286713,0.603022689156,0.510249967747,0.237762237762,1.40129809949,1.18571377649,0.503496503497,2.05382127221,0.551025219373,7,3.72727272727,2.05382127221,7,0,0,0,0,0.22962962963,11,11,11,1,0,0.0909090909091,0.636363636364,0.272727272727,11,19,0.172727272727,5.99715909091,3.45454545455,1.9,2.375,1.69491217257,0.490632471007,0.253588516746,0.904534033733,0.523677598477,0.267942583732,1.67874411933,0.971904490138,0.507177033493,2.14896661873,0.35833076731,7.5,5.99715909091,2.14896661873,7.5,0.432380952381,0.333333333333,6,0.0363636363636,0.219259259259,11,11,11,1,0,0.0909090909091,0.636363636364,0.272727272727,-1,-0.00909090909091,2.95377066116,-0.181818181818,-0.1,-0.125,0.00537215986117,0.0260089675122,0.00813397129187,-0.263214382509,-0.118584030456,-0.0684210526316,-0.26126525272,-0.0951006644889,-0.0291866028708,1.09206784419,0.0110537768992,3.95454545455,2.95377066116,1.09206784419,3.95454545455,-0.0666666666667,-0.0666666666667,-2,-0.0121212121212,-0.0362962962963,0,0,0,18,1,2,89,0.9,0.988888888889,0.0111111111111,0.1,0.947368421053,0.9,0.923076923077,0.906956031802,0.888888888889,0.857142857143,6,7,0,0,0,0
367,WLNM_dir_neg,0.857142857143,0.561255411255,00:00:10,10,10,41,1171943290,threshold_sweep,0.7,0.833333333333,0.714285714286,0.769230769231,5,1,2,13,0.714285714286,0.928571428571,0.0714285714286,0.285714285714,0.833333333333,0.714285714286,0.769230769231,0.857142857143,0.571428571429,0.666666666667,0.67082039325,0.642857142857,20,13,7,0,20,0,13,0,7,11,20,0.181818181818,3.04338842975,3.63636363636,2,2.5,1.68954001271,0.464623503495,0.245454545455,1.16774841624,0.642261628933,0.336363636364,1.94000937205,1.06700515463,0.536363636364,1.05689877454,0.347276990411,3.54545454545,3.04338842975,1.05689877454,3.54545454545,0.499047619048,0.4,8,0.0484848484848,0.255555555556,11,11,11,1,0,0.0909090909091,0.636363636364,0.272727272727,11,0.118181818182,3.72727272727,2.36363636364,1.3,1.625,1.43336856898,0.6064251638,0.286713286713,0.603022689156,0.510249967747,0.237762237762,1.40129809949,1.18571377649,0.503496503497,2.05382127221,0.551025219373,7,3.72727272727,2.05382127221,7,0,0,0,0,0.22962962963,11,11,11,1,0,0.0909090909091,0.636363636364,0.272727272727,11,19,0.172727272727,5.99715909091,3.45454545455,1.9,2.375,1.69491217257,0.490632471007,0.253588516746,0.904534033733,0.523677598477,0.267942583732,1.67874411933,0.971904490138,0.507177033493,2.14896661873,0.35833076731,7.5,5.99715909091,2.14896661873,7.5,0.432380952381,0.333333333333,6,0.0363636363636,0.219259259259,11,11,11,1,0,0.0909090909091,0.636363636364,0.272727272727,-1,-0.00909090909091,2.95377066116,-0.181818181818,-0.1,-0.125,0.00537215986117,0.0260089675122,0.00813397129187,-0.263214382509,-0.118584030456,-0.0684210526316,-0.26126525272,-0.0951006644889,-0.0291866028708,1.09206784419,0.0110537768992,3.95454545455,2.95377066116,1.09206784419,3.95454545455,-0.0666666666667,-0.0666666666667,-2,-0.0121212121212,-0.0362962962963,0,0,0,18,1,2,89,0.9,0.988888888889,0.0111111111111,0.1,0.947368421053,0.9,0.923076923077,0.906956031802,0.888888888889,0.857142857143,6,7,0,0,0,0
368,WLNM_dir_neg,0.857142857143,0.561255411255,00:00:10,10,10,41,1171943290,threshold_sweep,0.8,0.833333333333,0.714285714286,0.769230769231,5,1,2,13,0.714285714286,0.928571428571,0.0714285714286,0.285714285714,0.833333333333,0.714285714286,0.769230769231,0.857142857143,0.571428571429,0.666666666667,0.67082039325,0.642857142857,20,13,7,0,20,0,13,0,7,11,20,0.181818181818,3.04338842975,3.63636363636,2,2.5,1.68954001271,0.464623503495,0.245454545455,1.16774841624,0.642261628933,0.336363636364,1.94000937205,1.06700515463,0.536363636364,1.05689877454,0.347276990411,3.54545454545,3.04338842975,1.05689877454,3.54545454545,0.499047619048,0.4,8,0.0484848484848,0.255555555556,11,11,11,1,0,0.0909090909091,0.636363636364,0.272727272727,11,0.118181818182,3.72727272727,2.36363636364,1.3,1.625,1.43336856898,0.6064251638,0.286713286713,0.603022689156,0.510249967747,0.237762237762,1.40129809949,1.18571377649,0.503496503497,2.05382127221,0.551025219373,7,3.72727272727,2.05382127221,7,0,0,0,0,0.22962962963,11,11,11,1,0,0.0909090909091,0.636363636364,0.272727272727,11,19,0.172727272727,5.99715909091,3.45454545455,1.9,2.375,1.69491217257,0.490632471007,0.253588516746,0.904534033733,0.523677598477,0.267942583732,1.67874411933,0.971904490138,0.507177033493,2.14896661873,0.35833076731,7.5,5.99715909091,2.14896661873,7.5,0.432380952381,0.333333333333,6,0.0363636363636,0.219259259259,11,11,11,1,0,0.0909090909091,0.636363636364,0.272727272727,-1,-0.00909090909091,2.95377066116,-0.181818181818,-0.1,-0.125,0.00537215986117,0.0260089675122,0.00813397129187,-0.263214382509,-0.118584030456,-0.0684210526316,-0.26126525272,-0.0951006644889,-0.0291866028708,1.09206784419,0.0110537768992,3.95454545455,2.95377066116,1.09206784419,3.95454545455,-0.0666666666667,-0.0666666666667,-2,-0.0121212121212,-0.0362962962963,0,0,0,18,1,2,89,0.9,0.988888888889,0.0111111111111,0.1,0.947368421053,0.9,0.923076923077,0.906956031802,0.888888888889,0.857142857143,6,7,0,0,0,0
369,WLNM_dir_neg,0.857142857143,0.561255411255,00:00:10,10,10,41,1171943290,threshold_sweep,0.9,0.833333333333,0.714285714286,0.769230769231,5,1,2,13,0.714285714286,0.928571428571,0.0714285714286,0.285714285714,0.833333333333,0.714285714286,0.769230769231,0.857142857143,0.571428571429,0.666666666667,0.67082039325,0.642857142857,20,13,7,0,20,0,13,0,7,11,20,0.181818181818,3.04338842975,3.63636363636,2,2.5,1.68954001271,0.464623503495,0.245454545455,1.16774841624,0.642261628933,0.336363636364,1.94000937205,1.06700515463,0.536363636364,1.05689877454,0.347276990411,3.54545454545,3.04338842975,1.05689877454,3.54545454545,0.499047619048,0.4,8,0.0484848484848,0.255555555556,11,11,11,1,0,0.0909090909091,0.636363636364,0.272727272727,11,0.118181818182,3.72727272727,2.36363636364,1.3,1.625,1.43336856898,0.6064251638,0.286713286713,0.603022689156,0.510249967747,0.237762237762,1.40129809949,1.18571377649,0.503496503497,2.05382127221,0.551025219373,7,3.72727272727,2.05382127221,7,0,0,0,0,0.22962962963,11,11,11,1,0,0.0909090909091,0.636363636364,0.272727272727,11,19,0.172727272727,5.99715909091,3.45454545455,1.9,2.375,1.69491217257,0.490632471007,0.253588516746,0.904534033733,0.523677598477,0.267942583732,1.67874411933,0.971904490138,0.507177033493,2.14896661873,0.35833076731,7.5,5.99715909091,2.14896661873,7.5,0.432380952381,0.333333333333,6,0.0363636363636,0.219259259259,11,11,11,1,0,0.0909090909091,0.636363636364,0.272727272727,-1,-0.00909090909091,2.95377066116,-0.181818181818,-0.1,-0.125,0.00537215986117,0.0260089675122,0.00813397129187,-0.263214382509,-0.118584030456,-0.0684210526316,-0.26126525272,-0.0951006644889,-0.0291866028708,1.09206784419,0.0110537768992,3.95454545455,2.95377066116,1.09206784419,3.95454545455,-0.0666666666667,-0.0666666666667,-2,-0.0121212121212,-0.0362962962963,0,0,0,18,1,2,89,0.9,0.988888888889,0.0111111111111,0.1,0.947368421053,0.9,0.923076923077,0.906956031802,0.888888888889,0.857142857143,6,7,0,0,0,0
370,WLNM_dir_neg,0.948979591837,0.630782312925,00:00:10,10,10,42,1171943291,threshold_sweep,0.1,0.833333333333,0.714285714286,0.769230769231,5,1,2,13,0.714285714286,0.928571428571,0.0714285714286,0.285714285714,0.833333333333,0.714285714286,0.769230769231,0.857142857143,0.571428571429,0.666666666667,0.67082039325,0.642857142857,20,13,7,0,20,0,13,0,7,11,20,0.181818181818,3.04338842975,3.63636363636,2,2.5,1.68954001271,0.464623503495,0.245454545455,1.16774841624,0.642261628933,0.336363636364,1.94000937205,1.06700515463,0.536363636364,1.05689877454,0.347276990411,3.54545454545,3.04338842975,1.05689877454,3.54545454545,0.499047619048,0.4,8,0.0484848484848,0.255555555556,11,11,11,1,0,0.0909090909091,0.636363636364,0.272727272727,11,0.118181818182,3.72727272727,2.36363636364,1.3,1.625,1.43336856898,0.6064251638,0.286713286713,0.603022689156,0.510249967747,0.237762237762,1.40129809949,1.18571377649,0.503496503497,2.05382127221,0.551025219373,7,3.72727272727,2.05382127221,7,0,0,0,0,0.22962962963,11,11,11,1,0,0.0909090909091,0.636363636364,0.272727272727,11,19,0.172727272727,6.19602272727,3.45454545455,1.9,2.375,1.69491217257,0.490632471007,0.253588516746,0.904534033733,0.523677598477,0.267942583732,1.67874411933,0.971904490138,0.507177033493,2.22556571588,0.359192632732,7.75,6.19602272727,2.22556571588,7.75,0.360952380952,0.277777777778,5,0.030303030303,0.219259259259,11,11,11,1,0,0.0909090909091,0.636363636364,0.272727272727,-1,-0.00909090909091,3.15263429752,-0.181818181818,-0.1,-0.125,0.00537215986117,0.0260089675122,0.00813397129187,-0.263214382509,-0.118584030456,-0.0684210526316,-0.26126525272,-0.0951006644889,-0.0291866028708,1.16866694134,0.0119156423206,4.20454545455,3.15263429752,1.16866694134,4.20454545455,-0.138095238095,-0.122222222222,-3,-0.0181818181818,-0.0362962962963,0,0,0,18,1,2,89,0.9,0.988888888889,0.0111111111111,0.1,0.947368421053,0.9,0.923076923077,0.906956031802,0.888888888889,0.857142857143,6,7,0,0,0,0
371,WLNM_dir_neg,0.948979591837,0.630782312925,00:00:10,10,10,42,1171943291,threshold_sweep,0.2,0.833333333333,0.714285714286,0.769230769231,5,1,2,13,0.714285714286,0.928571428571,0.0714285714286,0.285714285714,0.833333333333,0.714285714286,0.769230769231,0.857142857143,0.571428571429,0.666666666667,0.67082039325,0.642857142857,20,13,7,0,20,0,13,0,7,11,20,0.181818181818,3.04338842975,3.63636363636,2,2.5,1.68954001271,0.464623503495,0.245454545455,1.16774841624,0.642261628933,0.336363636364,1.94000937205,1.06700515463,0.536363636364,1.05689877454,0.347276990411,3.54545454545,3.04338842975,1.05689877454,3.54545454545,0.499047619048,0.4,8,0.0484848484848,0.255555555556,11,11,11,1,0,0.0909090909091,0.636363636364,0.272727272727,11,0.118181818182,3.72727272727,2.36363636364,1.3,1.625,1.43336856898,0.6064251638,0.286713286713,0.603022689156,0.510249967747,0.237762237762,1.40129809949,1.18571377649,0.503496503497,2.05382127221,0.551025219373,7,3.72727272727,2.05382127221,7,0,0,0,0,0.22962962963,11,11,11,1,0,0.0909090909091,0.636363636364,0.272727272727,11,19,0.172727272727,6.19602272727,3.45454545455,1.9,2.375,1.69491217257,0.490632471007,0.253588516746,0.904534033733,0.523677598477,0.267942583732,1.67874411933,0.971904490138,0.507177033493,2.22556571588,0.359192632732,7.75,6.19602272727,2.22556571588,7.75,0.360952380952,0.277777777778,5,0.030303030303,0.219259259259,11,11,11,1,0,0.0909090909091,0.636363636364,0.272727272727,-1,-0.00909090909091,3.15263429752,-0.181818181818,-0.1,-0.125,0.00537215986117,0.0260089675122,0.00813397129187,-0.263214382509,-0.118584030456,-0.0684210526316,-0.26126525272,-0.0951006644889,-0.0291866028708,1.16866694134,0.0119156423206,4.20454545455,3.15263429752,1.16866694134,4.20454545455,-0.138095238095,-0.122222222222,-3,-0.0181818181818,-0.0362962962963,0,0,0,18,1,2,89,0.9,0.988888888889,0.0111111111111,0.1,0.947368421053,0.9,0.923076923077,0.906956031802,0.888888888889,0.857142857143,6,7,0,0,0,0
372,WLNM_dir_neg,0.948979591837,0.630782312925,00:00:10,10,10,42,1171943291,threshold_sweep,0.3,0.833333333333,0.714285714286,0.769230769231,5,1,2,13,0.714285714286,0.928571428571,0.0714285714286,0.285714285714,0.833333333333,0.714285714286,0.769230769231,0.857142857143,0.571428571429,0.666666666667,0.67082039325,0.642857142857,20,13,7,0,20,0,13,0,7,11,20,0.181818181818,3.04338842975,3.63636363636,2,2.5,1.68954001271,0.464623503495,0.245454545455,1.16774841624,0.642261628933,0.336363636364,1.94000937205,1.06700515463,0.536363636364,1.05689877454,0.347276990411,3.54545454545,3.04338842975,1.05689877454,3.54545454545,0.499047619048,0.4,8,0.0484848484848,0.255555555556,11,11,11,1,0,0.0909090909091,0.636363636364,0.272727272727,11,0.118181818182,3.72727272727,2.36363636364,1.3,1.625,1.43336856898,0.6064251638,0.286713286713,0.603022689156,0.510249967747,0.237762237762,1.40129809949,1.18571377649,0.503496503497,2.05382127221,0.551025219373,7,3.72727272727,2.05382127221,7,0,0,0,0,0.22962962963,11,11,11,1,0,0.0909090909091,0.636363636364,0.272727272727,11,19,0.172727272727,6.19602272727,3.45454545455,1.9,2.375,1.69491217257,0.490632471007,0.253588516746,0.904534033733,0.523677598477,0.267942583732,1.67874411933,0.971904490138,0.507177033493,2.22556571588,0.359192632732,7.75,6.19602272727,2.22556571588,7.75,0.360952380952,0.277777777778,5,0.030303030303,0.219259259259,11,11,11,1,0,0.0909090909091,0.636363636364,0.272727272727,-1,-0.00909090909091,3.15263429752,-0.181818181818,-0.1,-0.125,0.00537215986117,0.0260089675122,0.00813397129187,-0.263214382509,-0.118584030456,-0.0684210526316,-0.26126525272,-0.0951006644889,-0.0291866028708,1.16866694134,0.0119156423206,4.20454545455,3.15263429752,1.16866694134,4.20454545455,-0.138095238095,-0.122222222222,-3,-0.0181818181818,-0.0362962962963,0,0,0,18,1,2,89,0.9,0.988888888889,0.0111111111111,0.1,0.947368421053,0.9,0.923076923077,0.906956031802,0.888888888889,0.857142857143,6,7,0,0,0,0
373,WLNM_dir_neg,0.948979591837,0.630782312925,00:00:10,10,10,42,1171943291,threshold_sweep,0.4,0.833333333333,0.714285714286,0.769230769231,5,1,2,13,0.714285714286,0.928571428571,0.0714285714286,0.285714285714,0.833333333333,0.714285714286,0.769230769231,0.857142857143,0.571428571429,0.666666666667,0.67082039325,0.642857142857,20,13,7,0,20,0,13,0,7,11,20,0.181818181818,3.04338842975,3.63636363636,2,2.5,1.68954001271,0.464623503495,0.245454545455,1.16774841624,0.642261628933,0.336363636364,1.94000937205,1.06700515463,0.536363636364,1.05689877454,0.347276990411,3.54545454545,3.04338842975,1.05689877454,3.54545454545,0.499047619048,0.4,8,0.0484848484848,0.255555555556,11,11,11,1,0,0.0909090909091,0.636363636364,0.272727272727,11,0.118181818182,3.72727272727,2.36363636364,1.3,1.625,1.43336856898,0.6064251638,0.286713286713,0.603022689156,0.510249967747,0.237762237762,1.40129809949,1.18571377649,0.503496503497,2.05382127221,0.551025219373,7,3.72727272727,2.05382127221,7,0,0,0,0,0.22962962963,11,11,11,1,0,0.0909090909091,0.636363636364,0.272727272727,11,19,0.172727272727,6.19602272727,3.45454545455,1.9,2.375,1.69491217257,0.490632471007,0.253588516746,0.904534033733,0.523677598477,0.267942583732,1.67874411933,0.971904490138,0.507177033493,2.22556571588,0.359192632732,7.75,6.19602272727,2.22556571588,7.75,0.360952380952,0.277777777778,5,0.030303030303,0.219259259259,11,11,11,1,0,0.0909090909091,0.636363636364,0.272727272727,-1,-0.00909090909091,3.15263429752,-0.181818181818,-0.1,-0.125,0.00537215986117,0.0260089675122,0.00813397129187,-0.263214382509,-0.118584030456,-0.0684210526316,-0.26126525272,-0.0951006644889,-0.0291866028708,1.16866694134,0.0119156423206,4.20454545455,3.15263429752,1.16866694134,4.20454545455,-0.138095238095,-0.122222222222,-3,-0.0181818181818,-0.0362962962963,0,0,0,18,1,2,89,0.9,0.988888888889,0.0111111111111,0.1,0.947368421053,0.9,0.923076923077,0.906956031802,0.888888888889,0.857142857143,6,7,0,0,0,0
374,WLNM_dir_neg,0.948979591837,0.630782312925,00:00:10,10,10,42,1171943291,threshold_sweep,0.5,1,0.714285714286,0.833333333333,5,0,2,14,0.714285714286,1,0,0.285714285714,1,0.714285714286,0.833333333333,0.904761904762,0.587301587302,0.769230769231,0.790569415042,0.714285714286,20,13,7,0,20,0,13,0,7,11,20,0.181818181818,3.04338842975,3.63636363636,2,2.5,1.68954001271,0.464623503495,0.245454545455,1.16774841624,0.642261628933,0.336363636364,1.94000937205,1.06700515463,0.536363636364,1.05689877454,0.347276990411,3.54545454545,3.04338842975,1.05689877454,3.54545454545,0.499047619048,0.4,8,0.0484848484848,0.255555555556,11,11,11,1,0,0.0909090909091,0.636363636364,0.272727272727,11,0.118181818182,3.72727272727,2.36363636364,1.3,1.625,1.43336856898,0.6064251638,0.286713286713,0.603022689156,0.510249967747,0.237762237762,1.40129809949,1.18571377649,0.503496503497,2.05382127221,0.551025219373,7,3.72727272727,2.05382127221,7,0,0,0,0,0.22962962963,11,11,11,1,0,0.0909090909091,0.636363636364,0.272727272727,11,18,0.163636363636,3.11363636364,3.27272727273,1.8,2.25,1.42062726223,0.434080552347,0.227272727273,0.924416277737,0.564921058617,0.292929292929,1.68954001271,1.03249667443,0.525252525253,1.14353419474,0.367266456706,3.875,3.11363636364,1.14353419474,3.875,0.366666666667,0.266666666667,4,0.0242424242424,0.221111111111,11,11,11,1,0,0.0909090909091,0.636363636364,0.272727272727,-2,-0.0181818181818,0.0702479338843,-0.363636363636,-0.2,-0.25,-0.268912750482,-0.030542951148,-0.0181818181818,-0.243332138505,-0.0773405703161,-0.0434343434343,-0.250469359339,-0.0345084801933,-0.0111111111111,0.0866354202056,0.0199894662943,0.329545454545,0.0702479338843,0.0866354202056,0.329545454545,-0.132380952381,-0.133333333333,-4,-0.0242424242424,-0.0344444444444,0,0,0,18,0,2,90,0.9,1,0,0.1,1,0.9,0.947368421053,0.938314863257,0.9,0.9,5,7,0,0,0,0
375,WLNM_dir_neg,0.948979591837,0.630782312925,00:00:10,10,10,42,1171943291,threshold_sweep,0.6,1,0.714285714286,0.833333333333,5,0,2,14,0.714285714286,1,0,0.285714285714,1,0.714285714286,0.833333333333,0.904761904762,0.587301587302,0.769230769231,0.790569415042,0.714285714286,20,13,7,0,20,0,13,0,7,11,20,0.181818181818,3.04338842975,3.63636363636,2,2.5,1.68954001271,0.464623503495,0.245454545455,1.16774841624,0.642261628933,0.336363636364,1.94000937205,1.06700515463,0.536363636364,1.05689877454,0.347276990411,3.54545454545,3.04338842975,1.05689877454,3.54545454545,0.499047619048,0.4,8,0.0484848484848,0.255555555556,11,11,11,1,0,0.0909090909091,0.636363636364,0.272727272727,11,0.118181818182,3.72727272727,2.36363636364,1.3,1.625,1.43336856898,0.6064251638,0.286713286713,0.603022689156,0.510249967747,0.237762237762,1.40129809949,1.18571377649,0.503496503497,2.05382127221,0.551025219373,7,3.72727272727,2.05382127221,7,0,0,0,0,0.22962962963,11,11,11,1,0,0.0909090909091,0.636363636364,0.272727272727,11,18,0.163636363636,3.11363636364,3.27272727273,1.8,2.25,1.42062726223,0.434080552347,0.227272727273,0.924416277737,0.564921058617,0.292929292929,1.68954001271,1.03249667443,0.525252525253,1.14353419474,0.367266456706,3.875,3.11363636364,1.14353419474,3.875,0.366666666667,0.266666666667,4,0.0242424242424,0.221111111111,11,11,11,1,0,0.0909090909091,0.636363636364,0.272727272727,-2,-0.0181818181818,0.0702479338843,-0.363636363636,-0.2,-0.25,-0.268912750482,-0.030542951148,-0.0181818181818,-0.243332138505,-0.0773405703161,-0.0434343434343,-0.250469359339,-0.0345084801933,-0.0111111111111,0.0866354202056,0.0199894662943,0.329545454545,0.0702479338843,0.0866354202056,0.329545454545,-0.132380952381,-0.133333333333,-4,-0.0242424242424,-0.0344444444444,0,0,0,18,0,2,90,0.9,1,0,0.1,1,0.9,0.947368421053,0.938314863257,0.9,0.9,5,7,0,0,0,0
376,WLNM_dir_neg,0.948979591837,0.630782312925,00:00:10,10,10,42,1171943291,threshold_sweep,0.7,1,0.714285714286,0.833333333333,5,0,2,14,0.714285714286,1,0,0.285714285714,1,0.714285714286,0.833333333333,0.904761904762,0.587301587302,0.769230769231,0.790569415042,0.714285714286,20,13,7,0,20,0,13,0,7,11,20,0.181818181818,3.04338842975,3.63636363636,2,2.5,1.68954001271,0.464623503495,0.245454545455,1.16774841624,0.642261628933,0.336363636364,1.94000937205,1.06700515463,0.536363636364,1.05689877454,0.347276990411,3.54545454545,3.04338842975,1.05689877454,3.54545454545,0.499047619048,0.4,8,0.0484848484848,0.255555555556,11,11,11,1,0,0.0909090909091,0.636363636364,0.272727272727,11,0.118181818182,3.72727272727,2.36363636364,1.3,1.625,1.43336856898,0.6064251638,0.286713286713,0.603022689156,0.510249967747,0.237762237762,1.40129809949,1.18571377649,0.503496503497,2.05382127221,0.551025219373,7,3.72727272727,2.05382127221,7,0,0,0,0,0.22962962963,11,11,11,1,0,0.0909090909091,0.636363636364,0.272727272727,11,18,0.163636363636,3.11363636364,3.27272727273,1.8,2.25,1.42062726223,0.434080552347,0.227272727273,0.924416277737,0.564921058617,0.292929292929,1.68954001271,1.03249667443,0.525252525253,1.14353419474,0.367266456706,3.875,3.11363636364,1.14353419474,3.875,0.366666666667,0.266666666667,4,0.0242424242424,0.221111111111,11,11,11,1,0,0.0909090909091,0.636363636364,0.272727272727,-2,-0.0181818181818,0.0702479338843,-0.363636363636,-0.2,-0.25,-0.268912750482,-0.030542951148,-0.0181818181818,-0.243332138505,-0.0773405703161,-0.0434343434343,-0.250469359339,-0.0345084801933,-0.0111111111111,0.0866354202056,0.0199894662943,0.329545454545,0.0702479338843,0.0866354202056,0.329545454545,-0.132380952381,-0.133333333333,-4,-0.0242424242424,-0.0344444444444,0,0,0,18,0,2,90,0.9,1,0,0.1,1,0.9,0.947368421053,0.938314863257,0.9,0.9,5,7,0,0,0,0
377,WLNM_dir_neg,0.948979591837,0.630782312925,00:00:10,10,10,42,1171943291,threshold_sweep,0.8,1,0.714285714286,0.833333333333,5,0,2,14,0.714285714286,1,0,0.285714285714,1,0.714285714286,0.833333333333,0.904761904762,0.587301587302,0.769230769231,0.790569415042,0.714285714286,20,13,7,0,20,0,13,0,7,11,20,0.181818181818,3.04338842975,3.63636363636,2,2.5,1.68954001271,0.464623503495,0.245454545455,1.16774841624,0.642261628933,0.336363636364,1.94000937205,1.06700515463,0.536363636364,1.05689877454,0.347276990411,3.54545454545,3.04338842975,1.05689877454,3.54545454545,0.499047619048,0.4,8,0.0484848484848,0.255555555556,11,11,11,1,0,0.0909090909091,0.636363636364,0.272727272727,11,0.118181818182,3.72727272727,2.36363636364,1.3,1.625,1.43336856898,0.6064251638,0.286713286713,0.603022689156,0.510249967747,0.237762237762,1.40129809949,1.18571377649,0.503496503497,2.05382127221,0.551025219373,7,3.72727272727,2.05382127221,7,0,0,0,0,0.22962962963,11,11,11,1,0,0.0909090909091,0.636363636364,0.272727272727,11,18,0.163636363636,3.11363636364,3.27272727273,1.8,2.25,1.42062726223,0.434080552347,0.227272727273,0.924416277737,0.564921058617,0.292929292929,1.68954001271,1.03249667443,0.525252525253,1.14353419474,0.367266456706,3.875,3.11363636364,1.14353419474,3.875,0.366666666667,0.266666666667,4,0.0242424242424,0.221111111111,11,11,11,1,0,0.0909090909091,0.636363636364,0.272727272727,-2,-0.0181818181818,0.0702479338843,-0.363636363636,-0.2,-0.25,-0.268912750482,-0.030542951148,-0.0181818181818,-0.243332138505,-0.0773405703161,-0.0434343434343,-0.250469359339,-0.0345084801933,-0.0111111111111,0.0866354202056,0.0199894662943,0.329545454545,0.0702479338843,0.0866354202056,0.329545454545,-0.132380952381,-0.133333333333,-4,-0.0242424242424,-0.0344444444444,0,0,0,18,0,2,90,0.9,1,0,0.1,1,0.9,0.947368421053,0.938314863257,0.9,0.9,5,7,0,0,0,0
378,WLNM_dir_neg,0.948979591837,0.630782312925,00:00:10,10,10,42,1171943291,threshold_sweep,0.9,1,0.714285714286,0.833333333333,5,0,2,14,0.714285714286,1,0,0.285714285714,1,0.714285714286,0.833333333333,0.904761904762,0.587301587302,0.769230769231,0.790569415042,0.714285714286,20,13,7,0,20,0,13,0,7,11,20,0.181818181818,3.04338842975,3.63636363636,2,2.5,1.68954001271,0.464623503495,0.245454545455,1.16774841624,0.642261628933,0.336363636364,1.94000937205,1.06700515463,0.536363636364,1.05689877454,0.347276990411,3.54545454545,3.04338842975,1.05689877454,3.54545454545,0.499047619048,0.4,8,0.0484848484848,0.255555555556,11,11,11,1,0,0.0909090909091,0.636363636364,0.272727272727,11,0.118181818182,3.72727272727,2.36363636364,1.3,1.625,1.43336856898,0.6064251638,0.286713286713,0.603022689156,0.510249967747,0.237762237762,1.40129809949,1.18571377649,0.503496503497,2.05382127221,0.551025219373,7,3.72727272727,2.05382127221,7,0,0,0,0,0.22962962963,11,11,11,1,0,0.0909090909091,0.636363636364,0.272727272727,11,18,0.163636363636,3.11363636364,3.27272727273,1.8,2.25,1.42062726223,0.434080552347,0.227272727273,0.924416277737,0.564921058617,0.292929292929,1.68954001271,1.03249667443,0.525252525253,1.14353419474,0.367266456706,3.875,3.11363636364,1.14353419474,3.875,0.366666666667,0.266666666667,4,0.0242424242424,0.221111111111,11,11,11,1,0,0.0909090909091,0.636363636364,0.272727272727,-2,-0.0181818181818,0.0702479338843,-0.363636363636,-0.2,-0.25,-0.268912750482,-0.030542951148,-0.0181818181818,-0.243332138505,-0.0773405703161,-0.0434343434343,-0.250469359339,-0.0345084801933,-0.0111111111111,0.0866354202056,0.0199894662943,0.329545454545,0.0702479338843,0.0866354202056,0.329545454545,-0.132380952381,-0.133333333333,-4,-0.0242424242424,-0.0344444444444,0,0,0,18,0,2,90,0.9,1,0,0.1,1,0.9,0.947368421053,0.938314863257,0.9,0.9,5,7,0,0,0,0
379,WLNM_dir_neg,0.775510204082,0.527812663527,00:00:10,10,10,43,1171943292,threshold_sweep,0.1,0.714285714286,0.714285714286,0.714285714286,5,2,2,12,0.714285714286,0.857142857143,0.142857142857,0.285714285714,0.714285714286,0.714285714286,0.714285714286,0.809523809524,0.555555555556,0.571428571429,0.571428571429,0.571428571429,20,13,7,0,20,0,13,0,7,11,20,0.181818181818,3.04338842975,3.63636363636,2,2.5,1.68954001271,0.464623503495,0.245454545455,1.16774841624,0.642261628933,0.336363636364,1.94000937205,1.06700515463,0.536363636364,1.05689877454,0.347276990411,3.54545454545,3.04338842975,1.05689877454,3.54545454545,0.499047619048,0.4,8,0.0484848484848,0.255555555556,11,11,11,1,0,0.0909090909091,0.636363636364,0.272727272727,11,0.118181818182,3.72727272727,2.36363636364,1.3,1.625,1.43336856898,0.6064251638,0.286713286713,0.603022689156,0.510249967747,0.237762237762,1.40129809949,1.18571377649,0.503496503497,2.05382127221,0.551025219373,7,3.72727272727,2.05382127221,7,0,0,0,0,0.22962962963,11,11,11,1,0,0.0909090909091,0.636363636364,0.272727272727,11,20,0.181818181818,6.08901515152,3.63636363636,2,2.5,1.68954001271,0.464623503495,0.236363636364,0.981649817214,0.539907399468,0.281818181818,1.66241882919,0.914330356053,0.481818181818,2.19229812887,0.360041496748,7.5,6.08901515152,2.19229812887,7.5,0.459047619048,0.35593220339,7,0.0424242424242,0.221851851852,11,11,11,1,0,0.0909090909091,0.636363636364,0.272727272727,0,0,3.04562672176,0,0,0,0,0,-0.00909090909091,-0.186098599028,-0.102354229466,-0.0545454545455,-0.277590542861,-0.152674798574,-0.0545454545455,1.13539935434,0.0127645063367,3.95454545455,3.04562672176,1.13539935434,3.95454545455,-0.04,-0.0440677966102,-1,-0.00606060606061,-0.0337037037037,0,0,0,18,2,2,88,0.9,0.977777777778,0.0222222222222,0.1,0.9,0.9,0.9,0.877777777778,0.877777777778,0.818181818182,7,7,0,0,0,0
380,WLNM_dir_neg,0.775510204082,0.527812663527,00:00:10,10,10,43,1171943292,threshold_sweep,0.2,0.714285714286,0.714285714286,0.714285714286,5,2,2,12,0.714285714286,0.857142857143,0.142857142857,0.285714285714,0.714285714286,0.714285714286,0.714285714286,0.809523809524,0.555555555556,0.571428571429,0.571428571429,0.571428571429,20,13,7,0,20,0,13,0,7,11,20,0.181818181818,3.04338842975,3.63636363636,2,2.5,1.68954001271,0.464623503495,0.245454545455,1.16774841624,0.642261628933,0.336363636364,1.94000937205,1.06700515463,0.536363636364,1.05689877454,0.347276990411,3.54545454545,3.04338842975,1.05689877454,3.54545454545,0.499047619048,0.4,8,0.0484848484848,0.255555555556,11,11,11,1,0,0.0909090909091,0.636363636364,0.272727272727,11,0.118181818182,3.72727272727,2.36363636364,1.3,1.625,1.43336856898,0.6064251638,0.286713286713,0.603022689156,0.510249967747,0.237762237762,1.40129809949,1.18571377649,0.503496503497,2.05382127221,0.551025219373,7,3.72727272727,2.05382127221,7,0,0,0,0,0.22962962963,11,11,11,1,0,0.0909090909091,0.636363636364,0.272727272727,11,20,0.181818181818,6.08901515152,3.63636363636,2,2.5,1.68954001271,0.464623503495,0.236363636364,0.981649817214,0.539907399468,0.281818181818,1.66241882919,0.914330356053,0.481818181818,2.19229812887,0.360041496748,7.5,6.08901515152,2.19229812887,7.5,0.459047619048,0.35593220339,7,0.0424242424242,0.221851851852,11,11,11,1,0,0.0909090909091,0.636363636364,0.272727272727,0,0,3.04562672176,0,0,0,0,0,-0.00909090909091,-0.186098599028,-0.102354229466,-0.0545454545455,-0.277590542861,-0.152674798574,-0.0545454545455,1.13539935434,0.0127645063367,3.95454545455,3.04562672176,1.13539935434,3.95454545455,-0.04,-0.0440677966102,-1,-0.00606060606061,-0.0337037037037,0,0,0,18,2,2,88,0.9,0.977777777778,0.0222222222222,0.1,0.9,0.9,0.9,0.877777777778,0.877777777778,0.818181818182,7,7,0,0,0,0
381,WLNM_dir_neg,0.775510204082,0.527812663527,00:00:10,10,10,43,1171943292,threshold_sweep,0.3,0.714285714286,0.714285714286,0.714285714286,5,2,2,12,0.714285714286,0.857142857143,0.142857142857,0.285714285714,0.714285714286,0.714285714286,0.714285714286,0.809523809524,0.555555555556,0.571428571429,0.571428571429,0.571428571429,20,13,7,0,20,0,13,0,7,11,20,0.181818181818,3.04338842975,3.63636363636,2,2.5,1.68954001271,0.464623503495,0.245454545455,1.16774841624,0.642261628933,0.336363636364,1.94000937205,1.06700515463,0.536363636364,1.05689877454,0.347276990411,3.54545454545,3.04338842975,1.05689877454,3.54545454545,0.499047619048,0.4,8,0.0484848484848,0.255555555556,11,11,11,1,0,0.0909090909091,0.636363636364,0.272727272727,11,0.118181818182,3.72727272727,2.36363636364,1.3,1.625,1.43336856898,0.6064251638,0.286713286713,0.603022689156,0.510249967747,0.237762237762,1.40129809949,1.18571377649,0.503496503497,2.05382127221,0.551025219373,7,3.72727272727,2.05382127221,7,0,0,0,0,0.22962962963,11,11,11,1,0,0.0909090909091,0.636363636364,0.272727272727,11,20,0.181818181818,6.08901515152,3.63636363636,2,2.5,1.68954001271,0.464623503495,0.236363636364,0.981649817214,0.539907399468,0.281818181818,1.66241882919,0.914330356053,0.481818181818,2.19229812887,0.360041496748,7.5,6.08901515152,2.19229812887,7.5,0.459047619048,0.35593220339,7,0.0424242424242,0.221851851852,11,11,11,1,0,0.0909090909091,0.636363636364,0.272727272727,0,0,3.04562672176,0,0,0,0,0,-0.00909090909091,-0.186098599028,-0.102354229466,-0.0545454545455,-0.277590542861,-0.152674798574,-0.0545454545455,1.13539935434,0.0127645063367,3.95454545455,3.04562672176,1.13539935434,3.95454545455,-0.04,-0.0440677966102,-1,-0.00606060606061,-0.0337037037037,0,0,0,18,2,2,88,0.9,0.977777777778,0.0222222222222,0.1,0.9,0.9,0.9,0.877777777778,0.877777777778,0.818181818182,7,7,0,0,0,0
382,WLNM_dir_neg,0.775510204082,0.527812663527,00:00:10,10,10,43,1171943292,threshold_sweep,0.4,0.714285714286,0.714285714286,0.714285714286,5,2,2,12,0.714285714286,0.857142857143,0.142857142857,0.285714285714,0.714285714286,0.714285714286,0.714285714286,0.809523809524,0.555555555556,0.571428571429,0.571428571429,0.571428571429,20,13,7,0,20,0,13,0,7,11,20,0.181818181818,3.04338842975,3.63636363636,2,2.5,1.68954001271,0.464623503495,0.245454545455,1.16774841624,0.642261628933,0.336363636364,1.94000937205,1.06700515463,0.536363636364,1.05689877454,0.347276990411,3.54545454545,3.04338842975,1.05689877454,3.54545454545,0.499047619048,0.4,8,0.0484848484848,0.255555555556,11,11,11,1,0,0.0909090909091,0.636363636364,0.272727272727,11,0.118181818182,3.72727272727,2.36363636364,1.3,1.625,1.43336856898,0.6064251638,0.286713286713,0.603022689156,0.510249967747,0.237762237762,1.40129809949,1.18571377649,0.503496503497,2.05382127221,0.551025219373,7,3.72727272727,2.05382127221,7,0,0,0,0,0.22962962963,11,11,11,1,0,0.0909090909091,0.636363636364,0.272727272727,11,20,0.181818181818,6.08901515152,3.63636363636,2,2.5,1.68954001271,0.464623503495,0.236363636364,0.981649817214,0.539907399468,0.281818181818,1.66241882919,0.914330356053,0.481818181818,2.19229812887,0.360041496748,7.5,6.08901515152,2.19229812887,7.5,0.459047619048,0.35593220339,7,0.0424242424242,0.221851851852,11,11,11,1,0,0.0909090909091,0.636363636364,0.272727272727,0,0,3.04562672176,0,0,0,0,0,-0.00909090909091,-0.186098599028,-0.102354229466,-0.0545454545455,-0.277590542861,-0.152674798574,-0.0545454545455,1.13539935434,0.0127645063367,3.95454545455,3.04562672176,1.13539935434,3.95454545455,-0.04,-0.0440677966102,-1,-0.00606060606061,-0.0337037037037,0,0,0,18,2,2,88,0.9,0.977777777778,0.0222222222222,0.1,0.9,0.9,0.9,0.877777777778,0.877777777778,0.818181818182,7,7,0,0,0,0
383,WLNM_dir_neg,0.775510204082,0.527812663527,00:00:10,10,10,43,1171943292,threshold_sweep,0.5,0.714285714286,0.714285714286,0.714285714286,5,2,2,12,0.714285714286,0.857142857143,0.142857142857,0.285714285714,0.714285714286,0.714285714286,0.714285714286,0.809523809524,0.555555555556,0.571428571429,0.571428571429,0.571428571429,20,13,7,0,20,0,13,0,7,11,20,0.181818181818,3.04338842975,3.63636363636,2,2.5,1.68954001271,0.464623503495,0.245454545455,1.16774841624,0.642261628933,0.336363636364,1.94000937205,1.06700515463,0.536363636364,1.05689877454,0.347276990411,3.54545454545,3.04338842975,1.05689877454,3.54545454545,0.499047619048,0.4,8,0.0484848484848,0.255555555556,11,11,11,1,0,0.0909090909091,0.636363636364,0.272727272727,11,0.118181818182,3.72727272727,2.36363636364,1.3,1.625,1.43336856898,0.6064251638,0.286713286713,0.603022689156,0.510249967747,0.237762237762,1.40129809949,1.18571377649,0.503496503497,2.05382127221,0.551025219373,7,3.72727272727,2.05382127221,7,0,0,0,0,0.22962962963,11,11,11,1,0,0.0909090909091,0.636363636364,0.272727272727,11,20,0.181818181818,6.08901515152,3.63636363636,2,2.5,1.68954001271,0.464623503495,0.236363636364,0.981649817214,0.539907399468,0.281818181818,1.66241882919,0.914330356053,0.481818181818,2.19229812887,0.360041496748,7.5,6.08901515152,2.19229812887,7.5,0.459047619048,0.35593220339,7,0.0424242424242,0.221851851852,11,11,11,1,0,0.0909090909091,0.636363636364,0.272727272727,0,0,3.04562672176,0,0,0,0,0,-0.00909090909091,-0.186098599028,-0.102354229466,-0.0545454545455,-0.277590542861,-0.152674798574,-0.0545454545455,1.13539935434,0.0127645063367,3.95454545455,3.04562672176,1.13539935434,3.95454545455,-0.04,-0.0440677966102,-1,-0.00606060606061,-0.0337037037037,0,0,0,18,2,2,88,0.9,0.977777777778,0.0222222222222,0.1,0.9,0.9,0.9,0.877777777778,0.877777777778,0.818181818182,7,7,0,0,0,0
384,WLNM_dir_neg,0.775510204082,0.527812663527,00:00:10,10,10,43,1171943292,threshold_sweep,0.6,0.714285714286,0.714285714286,0.714285714286,5,2,2,12,0.714285714286,0.857142857143,0.142857142857,0.285714285714,0.714285714286,0.714285714286,0.714285714286,0.809523809524,0.555555555556,0.571428571429,0.571428571429,0.571428571429,20,13,7,0,20,0,13,0,7,11,20,0.181818181818,3.04338842975,3.63636363636,2,2.5,1.68954001271,0.464623503495,0.245454545455,1.16774841624,0.642261628933,0.336363636364,1.94000937205,1.06700515463,0.536363636364,1.05689877454,0.347276990411,3.54545454545,3.04338842975,1.05689877454,3.54545454545,0.499047619048,0.4,8,0.0484848484848,0.255555555556,11,11,11,1,0,0.0909090909091,0.636363636364,0.272727272727,11,0.118181818182,3.72727272727,2.36363636364,1.3,1.625,1.43336856898,0.6064251638,0.286713286713,0.603022689156,0.510249967747,0.237762237762,1.40129809949,1.18571377649,0.503496503497,2.05382127221,0.551025219373,7,3.72727272727,2.05382127221,7,0,0,0,0,0.22962962963,11,11,11,1,0,0.0909090909091,0.636363636364,0.272727272727,11,20,0.181818181818,6.08901515152,3.63636363636,2,2.5,1.68954001271,0.464623503495,0.236363636364,0.981649817214,0.539907399468,0.281818181818,1.66241882919,0.914330356053,0.481818181818,2.19229812887,0.360041496748,7.5,6.08901515152,2.19229812887,7.5,0.459047619048,0.35593220339,7,0.0424242424242,0.221851851852,11,11,11,1,0,0.0909090909091,0.636363636364,0.272727272727,0,0,3.04562672176,0,0,0,0,0,-0.00909090909091,-0.186098599028,-0.102354229466,-0.0545454545455,-0.277590542861,-0.152674798574,-0.0545454545455,1.13539935434,0.0127645063367,3.95454545455,3.04562672176,1.13539935434,3.95454545455,-0.04,-0.0440677966102,-1,-0.00606060606061,-0.0337037037037,0,0,0,18,2,2,88,0.9,0.977777777778,0.0222222222222,0.1,0.9,0.9,0.9,0.877777777778,0.877777777778,0.818181818182,7,7,0,0,0,0
385,WLNM_dir_neg,0.775510204082,0.527812663527,00:00:10,10,10,43,1171943292,threshold_sweep,0.7,0.714285714286,0.714285714286,0.714285714286,5,2,2,12,0.714285714286,0.857142857143,0.142857142857,0.285714285714,0.714285714286,0.714285714286,0.714285714286,0.809523809524,0.555555555556,0.571428571429,0.571428571429,0.571428571429,20,13,7,0,20,0,13,0,7,11,20,0.181818181818,3.04338842975,3.63636363636,2,2.5,1.68954001271,0.464623503495,0.245454545455,1.16774841624,0.642261628933,0.336363636364,1.94000937205,1.06700515463,0.536363636364,1.05689877454,0.347276990411,3.54545454545,3.04338842975,1.05689877454,3.54545454545,0.499047619048,0.4,8,0.0484848484848,0.255555555556,11,11,11,1,0,0.0909090909091,0.636363636364,0.272727272727,11,0.118181818182,3.72727272727,2.36363636364,1.3,1.625,1.43336856898,0.6064251638,0.286713286713,0.603022689156,0.510249967747,0.237762237762,1.40129809949,1.18571377649,0.503496503497,2.05382127221,0.551025219373,7,3.72727272727,2.05382127221,7,0,0,0,0,0.22962962963,11,11,11,1,0,0.0909090909091,0.636363636364,0.272727272727,11,20,0.181818181818,6.08901515152,3.63636363636,2,2.5,1.68954001271,0.464623503495,0.236363636364,0.981649817214,0.539907399468,0.281818181818,1.66241882919,0.914330356053,0.481818181818,2.19229812887,0.360041496748,7.5,6.08901515152,2.19229812887,7.5,0.459047619048,0.35593220339,7,0.0424242424242,0.221851851852,11,11,11,1,0,0.0909090909091,0.636363636364,0.272727272727,0,0,3.04562672176,0,0,0,0,0,-0.00909090909091,-0.186098599028,-0.102354229466,-0.0545454545455,-0.277590542861,-0.152674798574,-0.0545454545455,1.13539935434,0.0127645063367,3.95454545455,3.04562672176,1.13539935434,3.95454545455,-0.04,-0.0440677966102,-1,-0.00606060606061,-0.0337037037037,0,0,0,18,2,2,88,0.9,0.977777777778,0.0222222222222,0.1,0.9,0.9,0.9,0.877777777778,0.877777777778,0.818181818182,7,7,0,0,0,0
386,WLNM_dir_neg,0.775510204082,0.527812663527,00:00:10,10,10,43,1171943292,threshold_sweep,0.8,0.714285714286,0.714285714286,0.714285714286,5,2,2,12,0.714285714286,0.857142857143,0.142857142857,0.285714285714,0.714285714286,0.714285714286,0.714285714286,0.809523809524,0.555555555556,0.571428571429,0.571428571429,0.571428571429,20,13,7,0,20,0,13,0,7,11,20,0.181818181818,3.04338842975,3.63636363636,2,2.5,1.68954001271,0.464623503495,0.245454545455,1.16774841624,0.642261628933,0.336363636364,1.94000937205,1.06700515463,0.536363636364,1.05689877454,0.347276990411,3.54545454545,3.04338842975,1.05689877454,3.54545454545,0.499047619048,0.4,8,0.0484848484848,0.255555555556,11,11,11,1,0,0.0909090909091,0.636363636364,0.272727272727,11,0.118181818182,3.72727272727,2.36363636364,1.3,1.625,1.43336856898,0.6064251638,0.286713286713,0.603022689156,0.510249967747,0.237762237762,1.40129809949,1.18571377649,0.503496503497,2.05382127221,0.551025219373,7,3.72727272727,2.05382127221,7,0,0,0,0,0.22962962963,11,11,11,1,0,0.0909090909091,0.636363636364,0.272727272727,11,20,0.181818181818,6.08901515152,3.63636363636,2,2.5,1.68954001271,0.464623503495,0.236363636364,0.981649817214,0.539907399468,0.281818181818,1.66241882919,0.914330356053,0.481818181818,2.19229812887,0.360041496748,7.5,6.08901515152,2.19229812887,7.5,0.459047619048,0.35593220339,7,0.0424242424242,0.221851851852,11,11,11,1,0,0.0909090909091,0.636363636364,0.272727272727,0,0,3.04562672176,0,0,0,0,0,-0.00909090909091,-0.186098599028,-0.102354229466,-0.0545454545455,-0.277590542861,-0.152674798574,-0.0545454545455,1.13539935434,0.0127645063367,3.95454545455,3.04562672176,1.13539935434,3.95454545455,-0.04,-0.0440677966102,-1,-0.00606060606061,-0.0337037037037,0,0,0,18,2,2,88,0.9,0.977777777778,0.0222222222222,0.1,0.9,0.9,0.9,0.877777777778,0.877777777778,0.818181818182,7,7,0,0,0,0
387,WLNM_dir_neg,0.775510204082,0.527812663527,00:00:10,10,10,43,1171943292,threshold_sweep,0.9,0.714285714286,0.714285714286,0.714285714286,5,2,2,12,0.714285714286,0.857142857143,0.142857142857,0.285714285714,0.714285714286,0.714285714286,0.714285714286,0.809523809524,0.555555555556,0.571428571429,0.571428571429,0.571428571429,20,13,7,0,20,0,13,0,7,11,20,0.181818181818,3.04338842975,3.63636363636,2,2.5,1.68954001271,0.464623503495,0.245454545455,1.16774841624,0.642261628933,0.336363636364,1.94000937205,1.06700515463,0.536363636364,1.05689877454,0.347276990411,3.54545454545,3.04338842975,1.05689877454,3.54545454545,0.499047619048,0.4,8,0.0484848484848,0.255555555556,11,11,11,1,0,0.0909090909091,0.636363636364,0.272727272727,11,0.118181818182,3.72727272727,2.36363636364,1.3,1.625,1.43336856898,0.6064251638,0.286713286713,0.603022689156,0.510249967747,0.237762237762,1.40129809949,1.18571377649,0.503496503497,2.05382127221,0.551025219373,7,3.72727272727,2.05382127221,7,0,0,0,0,0.22962962963,11,11,11,1,0,0.0909090909091,0.636363636364,0.272727272727,11,20,0.181818181818,6.08901515152,3.63636363636,2,2.5,1.68954001271,0.464623503495,0.236363636364,0.981649817214,0.539907399468,0.281818181818,1.66241882919,0.914330356053,0.481818181818,2.19229812887,0.360041496748,7.5,6.08901515152,2.19229812887,7.5,0.459047619048,0.35593220339,7,0.0424242424242,0.221851851852,11,11,11,1,0,0.0909090909091,0.636363636364,0.272727272727,0,0,3.04562672176,0,0,0,0,0,-0.00909090909091,-0.186098599028,-0.102354229466,-0.0545454545455,-0.277590542861,-0.152674798574,-0.0545454545455,1.13539935434,0.0127645063367,3.95454545455,3.04562672176,1.13539935434,3.95454545455,-0.04,-0.0440677966102,-1,-0.00606060606061,-0.0337037037037,0,0,0,18,2,2,88,0.9,0.977777777778,0.0222222222222,0.1,0.9,0.9,0.9,0.877777777778,0.877777777778,0.818181818182,7,7,0,0,0,0
388,WLNM_dir_neg,0.826530612245,0.68933477237,00:00:10,10,10,44,1171943293,threshold_sweep,0.1,0.833333333333,0.714285714286,0.769230769231,5,1,2,13,0.714285714286,0.928571428571,0.0714285714286,0.285714285714,0.833333333333,0.714285714286,0.769230769231,0.857142857143,0.571428571429,0.666666666667,0.67082039325,0.642857142857,20,13,7,0,20,0,13,0,7,11,20,0.181818181818,3.04338842975,3.63636363636,2,2.5,1.68954001271,0.464623503495,0.245454545455,1.16774841624,0.642261628933,0.336363636364,1.94000937205,1.06700515463,0.536363636364,1.05689877454,0.347276990411,3.54545454545,3.04338842975,1.05689877454,3.54545454545,0.499047619048,0.4,8,0.0484848484848,0.255555555556,11,11,11,1,0,0.0909090909091,0.636363636364,0.272727272727,11,0.118181818182,3.72727272727,2.36363636364,1.3,1.625,1.43336856898,0.6064251638,0.286713286713,0.603022689156,0.510249967747,0.237762237762,1.40129809949,1.18571377649,0.503496503497,2.05382127221,0.551025219373,7,3.72727272727,2.05382127221,7,0,0,0,0,0.22962962963,11,11,11,1,0,0.0909090909091,0.636363636364,0.272727272727,11,19,0.172727272727,4.70454545455,3.45454545455,1.9,2.375,1.7529196424,0.507424107012,0.258373205742,0.904534033733,0.523677598477,0.267942583732,1.84883255547,1.07037674264,0.535885167464,1.66608891501,0.354144503674,5.875,4.70454545455,1.66608891501,5.875,0.366666666667,0.266666666667,4,0.0242424242424,0.23962962963,11,11,11,1,0,0.0909090909091,0.636363636364,0.272727272727,-1,-0.00909090909091,1.66115702479,-0.181818181818,-0.1,-0.125,0.0633796296952,0.0428006035168,0.0129186602871,-0.263214382509,-0.118584030456,-0.0684210526316,-0.0911768165742,0.00337158801632,-0.000478468899521,0.609190140475,0.00686751326282,2.32954545455,1.66115702479,0.609190140475,2.32954545455,-0.132380952381,-0.133333333333,-4,-0.0242424242424,-0.0159259259259,0,0,0,18,1,2,89,0.9,0.988888888889,0.0111111111111,0.1,0.947368421053,0.9,0.923076923077,0.906956031802,0.888888888889,0.857142857143,6,7,0,0,0,0
389,WLNM_dir_neg,0.826530612245,0.68933477237,00:00:10,10,10,44,1171943293,threshold_sweep,0.2,0.833333333333,0.714285714286,0.769230769231,5,1,2,13,0.714285714286,0.928571428571,0.0714285714286,0.285714285714,0.833333333333,0.714285714286,0.769230769231,0.857142857143,0.571428571429,0.666666666667,0.67082039325,0.642857142857,20,13,7,0,20,0,13,0,7,11,20,0.181818181818,3.04338842975,3.63636363636,2,2.5,1.68954001271,0.464623503495,0.245454545455,1.16774841624,0.642261628933,0.336363636364,1.94000937205,1.06700515463,0.536363636364,1.05689877454,0.347276990411,3.54545454545,3.04338842975,1.05689877454,3.54545454545,0.499047619048,0.4,8,0.0484848484848,0.255555555556,11,11,11,1,0,0.0909090909091,0.636363636364,0.272727272727,11,0.118181818182,3.72727272727,2.36363636364,1.3,1.625,1.43336856898,0.6064251638,0.286713286713,0.603022689156,0.510249967747,0.237762237762,1.40129809949,1.18571377649,0.503496503497,2.05382127221,0.551025219373,7,3.72727272727,2.05382127221,7,0,0,0,0,0.22962962963,11,11,11,1,0,0.0909090909091,0.636363636364,0.272727272727,11,19,0.172727272727,4.70454545455,3.45454545455,1.9,2.375,1.7529196424,0.507424107012,0.258373205742,0.904534033733,0.523677598477,0.267942583732,1.84883255547,1.07037674264,0.535885167464,1.66608891501,0.354144503674,5.875,4.70454545455,1.66608891501,5.875,0.366666666667,0.266666666667,4,0.0242424242424,0.23962962963,11,11,11,1,0,0.0909090909091,0.636363636364,0.272727272727,-1,-0.00909090909091,1.66115702479,-0.181818181818,-0.1,-0.125,0.0633796296952,0.0428006035168,0.0129186602871,-0.263214382509,-0.118584030456,-0.0684210526316,-0.0911768165742,0.00337158801632,-0.000478468899521,0.609190140475,0.00686751326282,2.32954545455,1.66115702479,0.609190140475,2.32954545455,-0.132380952381,-0.133333333333,-4,-0.0242424242424,-0.0159259259259,0,0,0,18,1,2,89,0.9,0.988888888889,0.0111111111111,0.1,0.947368421053,0.9,0.923076923077,0.906956031802,0.888888888889,0.857142857143,6,7,0,0,0,0
390,WLNM_dir_neg,0.826530612245,0.68933477237,00:00:10,10,10,44,1171943293,threshold_sweep,0.3,0.833333333333,0.714285714286,0.769230769231,5,1,2,13,0.714285714286,0.928571428571,0.0714285714286,0.285714285714,0.833333333333,0.714285714286,0.769230769231,0.857142857143,0.571428571429,0.666666666667,0.67082039325,0.642857142857,20,13,7,0,20,0,13,0,7,11,20,0.181818181818,3.04338842975,3.63636363636,2,2.5,1.68954001271,0.464623503495,0.245454545455,1.16774841624,0.642261628933,0.336363636364,1.94000937205,1.06700515463,0.536363636364,1.05689877454,0.347276990411,3.54545454545,3.04338842975,1.05689877454,3.54545454545,0.499047619048,0.4,8,0.0484848484848,0.255555555556,11,11,11,1,0,0.0909090909091,0.636363636364,0.272727272727,11,0.118181818182,3.72727272727,2.36363636364,1.3,1.625,1.43336856898,0.6064251638,0.286713286713,0.603022689156,0.510249967747,0.237762237762,1.40129809949,1.18571377649,0.503496503497,2.05382127221,0.551025219373,7,3.72727272727,2.05382127221,7,0,0,0,0,0.22962962963,11,11,11,1,0,0.0909090909091,0.636363636364,0.272727272727,11,19,0.172727272727,4.70454545455,3.45454545455,1.9,2.375,1.7529196424,0.507424107012,0.258373205742,0.904534033733,0.523677598477,0.267942583732,1.84883255547,1.07037674264,0.535885167464,1.66608891501,0.354144503674,5.875,4.70454545455,1.66608891501,5.875,0.366666666667,0.266666666667,4,0.0242424242424,0.23962962963,11,11,11,1,0,0.0909090909091,0.636363636364,0.272727272727,-1,-0.00909090909091,1.66115702479,-0.181818181818,-0.1,-0.125,0.0633796296952,0.0428006035168,0.0129186602871,-0.263214382509,-0.118584030456,-0.0684210526316,-0.0911768165742,0.00337158801632,-0.000478468899521,0.609190140475,0.00686751326282,2.32954545455,1.66115702479,0.609190140475,2.32954545455,-0.132380952381,-0.133333333333,-4,-0.0242424242424,-0.0159259259259,0,0,0,18,1,2,89,0.9,0.988888888889,0.0111111111111,0.1,0.947368421053,0.9,0.923076923077,0.906956031802,0.888888888889,0.857142857143,6,7,0,0,0,0
391,WLNM_dir_neg,0.826530612245,0.68933477237,00:00:10,10,10,44,1171943293,threshold_sweep,0.4,0.833333333333,0.714285714286,0.769230769231,5,1,2,13,0.714285714286,0.928571428571,0.0714285714286,0.285714285714,0.833333333333,0.714285714286,0.769230769231,0.857142857143,0.571428571429,0.666666666667,0.67082039325,0.642857142857,20,13,7,0,20,0,13,0,7,11,20,0.181818181818,3.04338842975,3.63636363636,2,2.5,1.68954001271,0.464623503495,0.245454545455,1.16774841624,0.642261628933,0.336363636364,1.94000937205,1.06700515463,0.536363636364,1.05689877454,0.347276990411,3.54545454545,3.04338842975,1.05689877454,3.54545454545,0.499047619048,0.4,8,0.0484848484848,0.255555555556,11,11,11,1,0,0.0909090909091,0.636363636364,0.272727272727,11,0.118181818182,3.72727272727,2.36363636364,1.3,1.625,1.43336856898,0.6064251638,0.286713286713,0.603022689156,0.510249967747,0.237762237762,1.40129809949,1.18571377649,0.503496503497,2.05382127221,0.551025219373,7,3.72727272727,2.05382127221,7,0,0,0,0,0.22962962963,11,11,11,1,0,0.0909090909091,0.636363636364,0.272727272727,11,19,0.172727272727,4.70454545455,3.45454545455,1.9,2.375,1.7529196424,0.507424107012,0.258373205742,0.904534033733,0.523677598477,0.267942583732,1.84883255547,1.07037674264,0.535885167464,1.66608891501,0.354144503674,5.875,4.70454545455,1.66608891501,5.875,0.366666666667,0.266666666667,4,0.0242424242424,0.23962962963,11,11,11,1,0,0.0909090909091,0.636363636364,0.272727272727,-1,-0.00909090909091,1.66115702479,-0.181818181818,-0.1,-0.125,0.0633796296952,0.0428006035168,0.0129186602871,-0.263214382509,-0.118584030456,-0.0684210526316,-0.0911768165742,0.00337158801632,-0.000478468899521,0.609190140475,0.00686751326282,2.32954545455,1.66115702479,0.609190140475,2.32954545455,-0.132380952381,-0.133333333333,-4,-0.0242424242424,-0.0159259259259,0,0,0,18,1,2,89,0.9,0.988888888889,0.0111111111111,0.1,0.947368421053,0.9,0.923076923077,0.906956031802,0.888888888889,0.857142857143,6,7,0,0,0,0
392,WLNM_dir_neg,0.826530612245,0.68933477237,00:00:10,10,10,44,1171943293,threshold_sweep,0.5,0.833333333333,0.714285714286,0.769230769231,5,1,2,13,0.714285714286,0.928571428571,0.0714285714286,0.285714285714,0.833333333333,0.714285714286,0.769230769231,0.857142857143,0.571428571429,0.666666666667,0.67082039325,0.642857142857,20,13,7,0,20,0,13,0,7,11,20,0.181818181818,3.04338842975,3.63636363636,2,2.5,1.68954001271,0.464623503495,0.245454545455,1.16774841624,0.642261628933,0.336363636364,1.94000937205,1.06700515463,0.536363636364,1.05689877454,0.347276990411,3.54545454545,3.04338842975,1.05689877454,3.54545454545,0.499047619048,0.4,8,0.0484848484848,0.255555555556,11,11,11,1,0,0.0909090909091,0.636363636364,0.272727272727,11,0.118181818182,3.72727272727,2.36363636364,1.3,1.625,1.43336856898,0.6064251638,0.286713286713,0.603022689156,0.510249967747,0.237762237762,1.40129809949,1.18571377649,0.503496503497,2.05382127221,0.551025219373,7,3.72727272727,2.05382127221,7,0,0,0,0,0.22962962963,11,11,11,1,0,0.0909090909091,0.636363636364,0.272727272727,11,19,0.172727272727,4.70454545455,3.45454545455,1.9,2.375,1.7529196424,0.507424107012,0.258373205742,0.904534033733,0.523677598477,0.267942583732,1.84883255547,1.07037674264,0.535885167464,1.66608891501,0.354144503674,5.875,4.70454545455,1.66608891501,5.875,0.366666666667,0.266666666667,4,0.0242424242424,0.23962962963,11,11,11,1,0,0.0909090909091,0.636363636364,0.272727272727,-1,-0.00909090909091,1.66115702479,-0.181818181818,-0.1,-0.125,0.0633796296952,0.0428006035168,0.0129186602871,-0.263214382509,-0.118584030456,-0.0684210526316,-0.0911768165742,0.00337158801632,-0.000478468899521,0.609190140475,0.00686751326282,2.32954545455,1.66115702479,0.609190140475,2.32954545455,-0.132380952381,-0.133333333333,-4,-0.0242424242424,-0.0159259259259,0,0,0,18,1,2,89,0.9,0.988888888889,0.0111111111111,0.1,0.947368421053,0.9,0.923076923077,0.906956031802,0.888888888889,0.857142857143,6,7,0,0,0,0
393,WLNM_dir_neg,0.826530612245,0.68933477237,00:00:10,10,10,44,1171943293,threshold_sweep,0.6,0.833333333333,0.714285714286,0.769230769231,5,1,2,13,0.714285714286,0.928571428571,0.0714285714286,0.285714285714,0.833333333333,0.714285714286,0.769230769231,0.857142857143,0.571428571429,0.666666666667,0.67082039325,0.642857142857,20,13,7,0,20,0,13,0,7,11,20,0.181818181818,3.04338842975,3.63636363636,2,2.5,1.68954001271,0.464623503495,0.245454545455,1.16774841624,0.642261628933,0.336363636364,1.94000937205,1.06700515463,0.536363636364,1.05689877454,0.347276990411,3.54545454545,3.04338842975,1.05689877454,3.54545454545,0.499047619048,0.4,8,0.0484848484848,0.255555555556,11,11,11,1,0,0.0909090909091,0.636363636364,0.272727272727,11,0.118181818182,3.72727272727,2.36363636364,1.3,1.625,1.43336856898,0.6064251638,0.286713286713,0.603022689156,0.510249967747,0.237762237762,1.40129809949,1.18571377649,0.503496503497,2.05382127221,0.551025219373,7,3.72727272727,2.05382127221,7,0,0,0,0,0.22962962963,11,11,11,1,0,0.0909090909091,0.636363636364,0.272727272727,11,19,0.172727272727,4.70454545455,3.45454545455,1.9,2.375,1.7529196424,0.507424107012,0.258373205742,0.904534033733,0.523677598477,0.267942583732,1.84883255547,1.07037674264,0.535885167464,1.66608891501,0.354144503674,5.875,4.70454545455,1.66608891501,5.875,0.366666666667,0.266666666667,4,0.0242424242424,0.23962962963,11,11,11,1,0,0.0909090909091,0.636363636364,0.272727272727,-1,-0.00909090909091,1.66115702479,-0.181818181818,-0.1,-0.125,0.0633796296952,0.0428006035168,0.0129186602871,-0.263214382509,-0.118584030456,-0.0684210526316,-0.0911768165742,0.00337158801632,-0.000478468899521,0.609190140475,0.00686751326282,2.32954545455,1.66115702479,0.609190140475,2.32954545455,-0.132380952381,-0.133333333333,-4,-0.0242424242424,-0.0159259259259,0,0,0,18,1,2,89,0.9,0.988888888889,0.0111111111111,0.1,0.947368421053,0.9,0.923076923077,0.906956031802,0.888888888889,0.857142857143,6,7,0,0,0,0
394,WLNM_dir_neg,0.826530612245,0.68933477237,00:00:10,10,10,44,1171943293,threshold_sweep,0.7,0.833333333333,0.714285714286,0.769230769231,5,1,2,13,0.714285714286,0.928571428571,0.0714285714286,0.285714285714,0.833333333333,0.714285714286,0.769230769231,0.857142857143,0.571428571429,0.666666666667,0.67082039325,0.642857142857,20,13,7,0,20,0,13,0,7,11,20,0.181818181818,3.04338842975,3.63636363636,2,2.5,1.68954001271,0.464623503495,0.245454545455,1.16774841624,0.642261628933,0.336363636364,1.94000937205,1.06700515463,0.536363636364,1.05689877454,0.347276990411,3.54545454545,3.04338842975,1.05689877454,3.54545454545,0.499047619048,0.4,8,0.0484848484848,0.255555555556,11,11,11,1,0,0.0909090909091,0.636363636364,0.272727272727,11,0.118181818182,3.72727272727,2.36363636364,1.3,1.625,1.43336856898,0.6064251638,0.286713286713,0.603022689156,0.510249967747,0.237762237762,1.40129809949,1.18571377649,0.503496503497,2.05382127221,0.551025219373,7,3.72727272727,2.05382127221,7,0,0,0,0,0.22962962963,11,11,11,1,0,0.0909090909091,0.636363636364,0.272727272727,11,19,0.172727272727,4.70454545455,3.45454545455,1.9,2.375,1.7529196424,0.507424107012,0.258373205742,0.904534033733,0.523677598477,0.267942583732,1.84883255547,1.07037674264,0.535885167464,1.66608891501,0.354144503674,5.875,4.70454545455,1.66608891501,5.875,0.366666666667,0.266666666667,4,0.0242424242424,0.23962962963,11,11,11,1,0,0.0909090909091,0.636363636364,0.272727272727,-1,-0.00909090909091,1.66115702479,-0.181818181818,-0.1,-0.125,0.0633796296952,0.0428006035168,0.0129186602871,-0.263214382509,-0.118584030456,-0.0684210526316,-0.0911768165742,0.00337158801632,-0.000478468899521,0.609190140475,0.00686751326282,2.32954545455,1.66115702479,0.609190140475,2.32954545455,-0.132380952381,-0.133333333333,-4,-0.0242424242424,-0.0159259259259,0,0,0,18,1,2,89,0.9,0.988888888889,0.0111111111111,0.1,0.947368421053,0.9,0.923076923077,0.906956031802,0.888888888889,0.857142857143,6,7,0,0,0,0
395,WLNM_dir_neg,0.826530612245,0.68933477237,00:00:10,10,10,44,1171943293,threshold_sweep,0.8,0.833333333333,0.714285714286,0.769230769231,5,1,2,13,0.714285714286,0.928571428571,0.0714285714286,0.285714285714,0.833333333333,0.714285714286,0.769230769231,0.857142857143,0.571428571429,0.666666666667,0.67082039325,0.642857142857,20,13,7,0,20,0,13,0,7,11,20,0.181818181818,3.04338842975,3.63636363636,2,2.5,1.68954001271,0.464623503495,0.245454545455,1.16774841624,0.642261628933,0.336363636364,1.94000937205,1.06700515463,0.536363636364,1.05689877454,0.347276990411,3.54545454545,3.04338842975,1.05689877454,3.54545454545,0.499047619048,0.4,8,0.0484848484848,0.255555555556,11,11,11,1,0,0.0909090909091,0.636363636364,0.272727272727,11,0.118181818182,3.72727272727,2.36363636364,1.3,1.625,1.43336856898,0.6064251638,0.286713286713,0.603022689156,0.510249967747,0.237762237762,1.40129809949,1.18571377649,0.503496503497,2.05382127221,0.551025219373,7,3.72727272727,2.05382127221,7,0,0,0,0,0.22962962963,11,11,11,1,0,0.0909090909091,0.636363636364,0.272727272727,11,19,0.172727272727,4.70454545455,3.45454545455,1.9,2.375,1.7529196424,0.507424107012,0.258373205742,0.904534033733,0.523677598477,0.267942583732,1.84883255547,1.07037674264,0.535885167464,1.66608891501,0.354144503674,5.875,4.70454545455,1.66608891501,5.875,0.366666666667,0.266666666667,4,0.0242424242424,0.23962962963,11,11,11,1,0,0.0909090909091,0.636363636364,0.272727272727,-1,-0.00909090909091,1.66115702479,-0.181818181818,-0.1,-0.125,0.0633796296952,0.0428006035168,0.0129186602871,-0.263214382509,-0.118584030456,-0.0684210526316,-0.0911768165742,0.00337158801632,-0.000478468899521,0.609190140475,0.00686751326282,2.32954545455,1.66115702479,0.609190140475,2.32954545455,-0.132380952381,-0.133333333333,-4,-0.0242424242424,-0.0159259259259,0,0,0,18,1,2,89,0.9,0.988888888889,0.0111111111111,0.1,0.947368421053,0.9,0.923076923077,0.906956031802,0.888888888889,0.857142857143,6,7,0,0,0,0
396,WLNM_dir_neg,0.826530612245,0.68933477237,00:00:10,10,10,44,1171943293,threshold_sweep,0.9,1,0.714285714286,0.833333333333,5,0,2,14,0.714285714286,1,0,0.285714285714,1,0.714285714286,0.833333333333,0.904761904762,0.587301587302,0.769230769231,0.790569415042,0.714285714286,20,13,7,0,20,0,13,0,7,11,20,0.181818181818,3.04338842975,3.63636363636,2,2.5,1.68954001271,0.464623503495,0.245454545455,1.16774841624,0.642261628933,0.336363636364,1.94000937205,1.06700515463,0.536363636364,1.05689877454,0.347276990411,3.54545454545,3.04338842975,1.05689877454,3.54545454545,0.499047619048,0.4,8,0.0484848484848,0.255555555556,11,11,11,1,0,0.0909090909091,0.636363636364,0.272727272727,11,0.118181818182,3.72727272727,2.36363636364,1.3,1.625,1.43336856898,0.6064251638,0.286713286713,0.603022689156,0.510249967747,0.237762237762,1.40129809949,1.18571377649,0.503496503497,2.05382127221,0.551025219373,7,3.72727272727,2.05382127221,7,0,0,0,0,0.22962962963,11,11,11,1,0,0.0909090909091,0.636363636364,0.272727272727,11,18,0.163636363636,3.11363636364,3.27272727273,1.8,2.25,1.42062726223,0.434080552347,0.227272727273,0.924416277737,0.564921058617,0.292929292929,1.68954001271,1.03249667443,0.525252525253,1.14353419474,0.367266456706,3.875,3.11363636364,1.14353419474,3.875,0.366666666667,0.266666666667,4,0.0242424242424,0.221111111111,11,11,11,1,0,0.0909090909091,0.636363636364,0.272727272727,-2,-0.0181818181818,0.0702479338843,-0.363636363636,-0.2,-0.25,-0.268912750482,-0.030542951148,-0.0181818181818,-0.243332138505,-0.0773405703161,-0.0434343434343,-0.250469359339,-0.0345084801933,-0.0111111111111,0.0866354202056,0.0199894662943,0.329545454545,0.0702479338843,0.0866354202056,0.329545454545,-0.132380952381,-0.133333333333,-4,-0.0242424242424,-0.0344444444444,0,0,0,18,0,2,90,0.9,1,0,0.1,1,0.9,0.947368421053,0.938314863257,0.9,0.9,5,7,0,0,0,0
397,WLNM_dir_neg,0.826530612245,0.566167166167,00:00:10,10,10,45,1171943294,threshold_sweep,0.1,0.714285714286,0.714285714286,0.714285714286,5,2,2,12,0.714285714286,0.857142857143,0.142857142857,0.285714285714,0.714285714286,0.714285714286,0.714285714286,0.809523809524,0.555555555556,0.571428571429,0.571428571429,0.571428571429,20,13,7,0,20,0,13,0,7,11,20,0.181818181818,3.04338842975,3.63636363636,2,2.5,1.68954001271,0.464623503495,0.245454545455,1.16774841624,0.642261628933,0.336363636364,1.94000937205,1.06700515463,0.536363636364,1.05689877454,0.347276990411,3.54545454545,3.04338842975,1.05689877454,3.54545454545,0.499047619048,0.4,8,0.0484848484848,0.255555555556,11,11,11,1,0,0.0909090909091,0.636363636364,0.272727272727,11,0.118181818182,3.72727272727,2.36363636364,1.3,1.625,1.43336856898,0.6064251638,0.286713286713,0.603022689156,0.510249967747,0.237762237762,1.40129809949,1.18571377649,0.503496503497,2.05382127221,0.551025219373,7,3.72727272727,2.05382127221,7,0,0,0,0,0.22962962963,11,11,11,1,0,0.0909090909091,0.636363636364,0.272727272727,11,20,0.181818181818,6.08901515152,3.63636363636,2,2.5,1.68954001271,0.464623503495,0.236363636364,0.981649817214,0.539907399468,0.281818181818,1.66241882919,0.914330356053,0.481818181818,2.19229812887,0.360041496748,7.5,6.08901515152,2.19229812887,7.5,0.459047619048,0.35593220339,7,0.0424242424242,0.221851851852,11,11,11,1,0,0.0909090909091,0.636363636364,0.272727272727,0,0,3.04562672176,0,0,0,0,0,-0.00909090909091,-0.186098599028,-0.102354229466,-0.0545454545455,-0.277590542861,-0.152674798574,-0.0545454545455,1.13539935434,0.0127645063367,3.95454545455,3.04562672176,1.13539935434,3.95454545455,-0.04,-0.0440677966102,-1,-0.00606060606061,-0.0337037037037,0,0,0,18,2,2,88,0.9,0.977777777778,0.0222222222222,0.1,0.9,0.9,0.9,0.877777777778,0.877777777778,0.818181818182,7,7,0,0,0,0
398,WLNM_dir_neg,0.826530612245,0.566167166167,00:00:10,10,10,45,1171943294,threshold_sweep,0.2,0.714285714286,0.714285714286,0.714285714286,5,2,2,12,0.714285714286,0.857142857143,0.142857142857,0.285714285714,0.714285714286,0.714285714286,0.714285714286,0.809523809524,0.555555555556,0.571428571429,0.571428571429,0.571428571429,20,13,7,0,20,0,13,0,7,11,20,0.181818181818,3.04338842975,3.63636363636,2,2.5,1.68954001271,0.464623503495,0.245454545455,1.16774841624,0.642261628933,0.336363636364,1.94000937205,1.06700515463,0.536363636364,1.05689877454,0.347276990411,3.54545454545,3.04338842975,1.05689877454,3.54545454545,0.499047619048,0.4,8,0.0484848484848,0.255555555556,11,11,11,1,0,0.0909090909091,0.636363636364,0.272727272727,11,0.118181818182,3.72727272727,2.36363636364,1.3,1.625,1.43336856898,0.6064251638,0.286713286713,0.603022689156,0.510249967747,0.237762237762,1.40129809949,1.18571377649,0.503496503497,2.05382127221,0.551025219373,7,3.72727272727,2.05382127221,7,0,0,0,0,0.22962962963,11,11,11,1,0,0.0909090909091,0.636363636364,0.272727272727,11,20,0.181818181818,6.08901515152,3.63636363636,2,2.5,1.68954001271,0.464623503495,0.236363636364,0.981649817214,0.539907399468,0.281818181818,1.66241882919,0.914330356053,0.481818181818,2.19229812887,0.360041496748,7.5,6.08901515152,2.19229812887,7.5,0.459047619048,0.35593220339,7,0.0424242424242,0.221851851852,11,11,11,1,0,0.0909090909091,0.636363636364,0.272727272727,0,0,3.04562672176,0,0,0,0,0,-0.00909090909091,-0.186098599028,-0.102354229466,-0.0545454545455,-0.277590542861,-0.152674798574,-0.0545454545455,1.13539935434,0.0127645063367,3.95454545455,3.04562672176,1.13539935434,3.95454545455,-0.04,-0.0440677966102,-1,-0.00606060606061,-0.0337037037037,0,0,0,18,2,2,88,0.9,0.977777777778,0.0222222222222,0.1,0.9,0.9,0.9,0.877777777778,0.877777777778,0.818181818182,7,7,0,0,0,0
399,WLNM_dir_neg,0.826530612245,0.566167166167,00:00:10,10,10,45,1171943294,threshold_sweep,0.3,0.714285714286,0.714285714286,0.714285714286,5,2,2,12,0.714285714286,0.857142857143,0.142857142857,0.285714285714,0.714285714286,0.714285714286,0.714285714286,0.809523809524,0.555555555556,0.571428571429,0.571428571429,0.571428571429,20,13,7,0,20,0,13,0,7,11,20,0.181818181818,3.04338842975,3.63636363636,2,2.5,1.68954001271,0.464623503495,0.245454545455,1.16774841624,0.642261628933,0.336363636364,1.94000937205,1.06700515463,0.536363636364,1.05689877454,0.347276990411,3.54545454545,3.04338842975,1.05689877454,3.54545454545,0.499047619048,0.4,8,0.0484848484848,0.255555555556,11,11,11,1,0,0.0909090909091,0.636363636364,0.272727272727,11,0.118181818182,3.72727272727,2.36363636364,1.3,1.625,1.43336856898,0.6064251638,0.286713286713,0.603022689156,0.510249967747,0.237762237762,1.40129809949,1.18571377649,0.503496503497,2.05382127221,0.551025219373,7,3.72727272727,2.05382127221,7,0,0,0,0,0.22962962963,11,11,11,1,0,0.0909090909091,0.636363636364,0.272727272727,11,20,0.181818181818,6.08901515152,3.63636363636,2,2.5,1.68954001271,0.464623503495,0.236363636364,0.981649817214,0.539907399468,0.281818181818,1.66241882919,0.914330356053,0.481818181818,2.19229812887,0.360041496748,7.5,6.08901515152,2.19229812887,7.5,0.459047619048,0.35593220339,7,0.0424242424242,0.221851851852,11,11,11,1,0,0.0909090909091,0.636363636364,0.272727272727,0,0,3.04562672176,0,0,0,0,0,-0.00909090909091,-0.186098599028,-0.102354229466,-0.0545454545455,-0.277590542861,-0.152674798574,-0.0545454545455,1.13539935434,0.0127645063367,3.95454545455,3.04562672176,1.13539935434,3.95454545455,-0.04,-0.0440677966102,-1,-0.00606060606061,-0.0337037037037,0,0,0,18,2,2,88,0.9,0.977777777778,0.0222222222222,0.1,0.9,0.9,0.9,0.877777777778,0.877777777778,0.818181818182,7,7,0,0,0,0
400,WLNM_dir_neg,0.826530612245,0.566167166167,00:00:10,10,10,45,1171943294,threshold_sweep,0.4,0.714285714286,0.714285714286,0.714285714286,5,2,2,12,0.714285714286,0.857142857143,0.142857142857,0.285714285714,0.714285714286,0.714285714286,0.714285714286,0.809523809524,0.555555555556,0.571428571429,0.571428571429,0.571428571429,20,13,7,0,20,0,13,0,7,11,20,0.181818181818,3.04338842975,3.63636363636,2,2.5,1.68954001271,0.464623503495,0.245454545455,1.16774841624,0.642261628933,0.336363636364,1.94000937205,1.06700515463,0.536363636364,1.05689877454,0.347276990411,3.54545454545,3.04338842975,1.05689877454,3.54545454545,0.499047619048,0.4,8,0.0484848484848,0.255555555556,11,11,11,1,0,0.0909090909091,0.636363636364,0.272727272727,11,0.118181818182,3.72727272727,2.36363636364,1.3,1.625,1.43336856898,0.6064251638,0.286713286713,0.603022689156,0.510249967747,0.237762237762,1.40129809949,1.18571377649,0.503496503497,2.05382127221,0.551025219373,7,3.72727272727,2.05382127221,7,0,0,0,0,0.22962962963,11,11,11,1,0,0.0909090909091,0.636363636364,0.272727272727,11,20,0.181818181818,6.08901515152,3.63636363636,2,2.5,1.68954001271,0.464623503495,0.236363636364,0.981649817214,0.539907399468,0.281818181818,1.66241882919,0.914330356053,0.481818181818,2.19229812887,0.360041496748,7.5,6.08901515152,2.19229812887,7.5,0.459047619048,0.35593220339,7,0.0424242424242,0.221851851852,11,11,11,1,0,0.0909090909091,0.636363636364,0.272727272727,0,0,3.04562672176,0,0,0,0,0,-0.00909090909091,-0.186098599028,-0.102354229466,-0.0545454545455,-0.277590542861,-0.152674798574,-0.0545454545455,1.13539935434,0.0127645063367,3.95454545455,3.04562672176,1.13539935434,3.95454545455,-0.04,-0.0440677966102,-1,-0.00606060606061,-0.0337037037037,0,0,0,18,2,2,88,0.9,0.977777777778,0.0222222222222,0.1,0.9,0.9,0.9,0.877777777778,0.877777777778,0.818181818182,7,7,0,0,0,0
401,WLNM_dir_neg,0.826530612245,0.566167166167,00:00:10,10,10,45,1171943294,threshold_sweep,0.5,0.714285714286,0.714285714286,0.714285714286,5,2,2,12,0.714285714286,0.857142857143,0.142857142857,0.285714285714,0.714285714286,0.714285714286,0.714285714286,0.809523809524,0.555555555556,0.571428571429,0.571428571429,0.571428571429,20,13,7,0,20,0,13,0,7,11,20,0.181818181818,3.04338842975,3.63636363636,2,2.5,1.68954001271,0.464623503495,0.245454545455,1.16774841624,0.642261628933,0.336363636364,1.94000937205,1.06700515463,0.536363636364,1.05689877454,0.347276990411,3.54545454545,3.04338842975,1.05689877454,3.54545454545,0.499047619048,0.4,8,0.0484848484848,0.255555555556,11,11,11,1,0,0.0909090909091,0.636363636364,0.272727272727,11,0.118181818182,3.72727272727,2.36363636364,1.3,1.625,1.43336856898,0.6064251638,0.286713286713,0.603022689156,0.510249967747,0.237762237762,1.40129809949,1.18571377649,0.503496503497,2.05382127221,0.551025219373,7,3.72727272727,2.05382127221,7,0,0,0,0,0.22962962963,11,11,11,1,0,0.0909090909091,0.636363636364,0.272727272727,11,20,0.181818181818,6.08901515152,3.63636363636,2,2.5,1.68954001271,0.464623503495,0.236363636364,0.981649817214,0.539907399468,0.281818181818,1.66241882919,0.914330356053,0.481818181818,2.19229812887,0.360041496748,7.5,6.08901515152,2.19229812887,7.5,0.459047619048,0.35593220339,7,0.0424242424242,0.221851851852,11,11,11,1,0,0.0909090909091,0.636363636364,0.272727272727,0,0,3.04562672176,0,0,0,0,0,-0.00909090909091,-0.186098599028,-0.102354229466,-0.0545454545455,-0.277590542861,-0.152674798574,-0.0545454545455,1.13539935434,0.0127645063367,3.95454545455,3.04562672176,1.13539935434,3.95454545455,-0.04,-0.0440677966102,-1,-0.00606060606061,-0.0337037037037,0,0,0,18,2,2,88,0.9,0.977777777778,0.0222222222222,0.1,0.9,0.9,0.9,0.877777777778,0.877777777778,0.818181818182,7,7,0,0,0,0
402,WLNM_dir_neg,0.826530612245,0.566167166167,00:00:10,10,10,45,1171943294,threshold_sweep,0.6,0.714285714286,0.714285714286,0.714285714286,5,2,2,12,0.714285714286,0.857142857143,0.142857142857,0.285714285714,0.714285714286,0.714285714286,0.714285714286,0.809523809524,0.555555555556,0.571428571429,0.571428571429,0.571428571429,20,13,7,0,20,0,13,0,7,11,20,0.181818181818,3.04338842975,3.63636363636,2,2.5,1.68954001271,0.464623503495,0.245454545455,1.16774841624,0.642261628933,0.336363636364,1.94000937205,1.06700515463,0.536363636364,1.05689877454,0.347276990411,3.54545454545,3.04338842975,1.05689877454,3.54545454545,0.499047619048,0.4,8,0.0484848484848,0.255555555556,11,11,11,1,0,0.0909090909091,0.636363636364,0.272727272727,11,0.118181818182,3.72727272727,2.36363636364,1.3,1.625,1.43336856898,0.6064251638,0.286713286713,0.603022689156,0.510249967747,0.237762237762,1.40129809949,1.18571377649,0.503496503497,2.05382127221,0.551025219373,7,3.72727272727,2.05382127221,7,0,0,0,0,0.22962962963,11,11,11,1,0,0.0909090909091,0.636363636364,0.272727272727,11,20,0.181818181818,6.08901515152,3.63636363636,2,2.5,1.68954001271,0.464623503495,0.236363636364,0.981649817214,0.539907399468,0.281818181818,1.66241882919,0.914330356053,0.481818181818,2.19229812887,0.360041496748,7.5,6.08901515152,2.19229812887,7.5,0.459047619048,0.35593220339,7,0.0424242424242,0.221851851852,11,11,11,1,0,0.0909090909091,0.636363636364,0.272727272727,0,0,3.04562672176,0,0,0,0,0,-0.00909090909091,-0.186098599028,-0.102354229466,-0.0545454545455,-0.277590542861,-0.152674798574,-0.0545454545455,1.13539935434,0.0127645063367,3.95454545455,3.04562672176,1.13539935434,3.95454545455,-0.04,-0.0440677966102,-1,-0.00606060606061,-0.0337037037037,0,0,0,18,2,2,88,0.9,0.977777777778,0.0222222222222,0.1,0.9,0.9,0.9,0.877777777778,0.877777777778,0.818181818182,7,7,0,0,0,0
403,WLNM_dir_neg,0.826530612245,0.566167166167,00:00:10,10,10,45,1171943294,threshold_sweep,0.7,0.714285714286,0.714285714286,0.714285714286,5,2,2,12,0.714285714286,0.857142857143,0.142857142857,0.285714285714,0.714285714286,0.714285714286,0.714285714286,0.809523809524,0.555555555556,0.571428571429,0.571428571429,0.571428571429,20,13,7,0,20,0,13,0,7,11,20,0.181818181818,3.04338842975,3.63636363636,2,2.5,1.68954001271,0.464623503495,0.245454545455,1.16774841624,0.642261628933,0.336363636364,1.94000937205,1.06700515463,0.536363636364,1.05689877454,0.347276990411,3.54545454545,3.04338842975,1.05689877454,3.54545454545,0.499047619048,0.4,8,0.0484848484848,0.255555555556,11,11,11,1,0,0.0909090909091,0.636363636364,0.272727272727,11,0.118181818182,3.72727272727,2.36363636364,1.3,1.625,1.43336856898,0.6064251638,0.286713286713,0.603022689156,0.510249967747,0.237762237762,1.40129809949,1.18571377649,0.503496503497,2.05382127221,0.551025219373,7,3.72727272727,2.05382127221,7,0,0,0,0,0.22962962963,11,11,11,1,0,0.0909090909091,0.636363636364,0.272727272727,11,20,0.181818181818,6.08901515152,3.63636363636,2,2.5,1.68954001271,0.464623503495,0.236363636364,0.981649817214,0.539907399468,0.281818181818,1.66241882919,0.914330356053,0.481818181818,2.19229812887,0.360041496748,7.5,6.08901515152,2.19229812887,7.5,0.459047619048,0.35593220339,7,0.0424242424242,0.221851851852,11,11,11,1,0,0.0909090909091,0.636363636364,0.272727272727,0,0,3.04562672176,0,0,0,0,0,-0.00909090909091,-0.186098599028,-0.102354229466,-0.0545454545455,-0.277590542861,-0.152674798574,-0.0545454545455,1.13539935434,0.0127645063367,3.95454545455,3.04562672176,1.13539935434,3.95454545455,-0.04,-0.0440677966102,-1,-0.00606060606061,-0.0337037037037,0,0,0,18,2,2,88,0.9,0.977777777778,0.0222222222222,0.1,0.9,0.9,0.9,0.877777777778,0.877777777778,0.818181818182,7,7,0,0,0,0
404,WLNM_dir_neg,0.826530612245,0.566167166167,00:00:10,10,10,45,1171943294,threshold_sweep,0.8,0.714285714286,0.714285714286,0.714285714286,5,2,2,12,0.714285714286,0.857142857143,0.142857142857,0.285714285714,0.714285714286,0.714285714286,0.714285714286,0.809523809524,0.555555555556,0.571428571429,0.571428571429,0.571428571429,20,13,7,0,20,0,13,0,7,11,20,0.181818181818,3.04338842975,3.63636363636,2,2.5,1.68954001271,0.464623503495,0.245454545455,1.16774841624,0.642261628933,0.336363636364,1.94000937205,1.06700515463,0.536363636364,1.05689877454,0.347276990411,3.54545454545,3.04338842975,1.05689877454,3.54545454545,0.499047619048,0.4,8,0.0484848484848,0.255555555556,11,11,11,1,0,0.0909090909091,0.636363636364,0.272727272727,11,0.118181818182,3.72727272727,2.36363636364,1.3,1.625,1.43336856898,0.6064251638,0.286713286713,0.603022689156,0.510249967747,0.237762237762,1.40129809949,1.18571377649,0.503496503497,2.05382127221,0.551025219373,7,3.72727272727,2.05382127221,7,0,0,0,0,0.22962962963,11,11,11,1,0,0.0909090909091,0.636363636364,0.272727272727,11,20,0.181818181818,6.08901515152,3.63636363636,2,2.5,1.68954001271,0.464623503495,0.236363636364,0.981649817214,0.539907399468,0.281818181818,1.66241882919,0.914330356053,0.481818181818,2.19229812887,0.360041496748,7.5,6.08901515152,2.19229812887,7.5,0.459047619048,0.35593220339,7,0.0424242424242,0.221851851852,11,11,11,1,0,0.0909090909091,0.636363636364,0.272727272727,0,0,3.04562672176,0,0,0,0,0,-0.00909090909091,-0.186098599028,-0.102354229466,-0.0545454545455,-0.277590542861,-0.152674798574,-0.0545454545455,1.13539935434,0.0127645063367,3.95454545455,3.04562672176,1.13539935434,3.95454545455,-0.04,-0.0440677966102,-1,-0.00606060606061,-0.0337037037037,0,0,0,18,2,2,88,0.9,0.977777777778,0.0222222222222,0.1,0.9,0.9,0.9,0.877777777778,0.877777777778,0.818181818182,7,7,0,0,0,0
405,WLNM_dir_neg,0.826530612245,0.566167166167,00:00:10,10,10,45,1171943294,threshold_sweep,0.9,0.833333333333,0.714285714286,0.769230769231,5,1,2,13,0.714285714286,0.928571428571,0.0714285714286,0.285714285714,0.833333333333,0.714285714286,0.769230769231,0.857142857143,0.571428571429,0.666666666667,0.67082039325,0.642857142857,20,13,7,0,20,0,13,0,7,11,20,0.181818181818,3.04338842975,3.63636363636,2,2.5,1.68954001271,0.464623503495,0.245454545455,1.16774841624,0.642261628933,0.336363636364,1.94000937205,1.06700515463,0.536363636364,1.05689877454,0.347276990411,3.54545454545,3.04338842975,1.05689877454,3.54545454545,0.499047619048,0.4,8,0.0484848484848,0.255555555556,11,11,11,1,0,0.0909090909091,0.636363636364,0.272727272727,11,0.118181818182,3.72727272727,2.36363636364,1.3,1.625,1.43336856898,0.6064251638,0.286713286713,0.603022689156,0.510249967747,0.237762237762,1.40129809949,1.18571377649,0.503496503497,2.05382127221,0.551025219373,7,3.72727272727,2.05382127221,7,0,0,0,0,0.22962962963,11,11,11,1,0,0.0909090909091,0.636363636364,0.272727272727,11,19,0.172727272727,5.99715909091,3.45454545455,1.9,2.375,1.69491217257,0.490632471007,0.253588516746,0.904534033733,0.523677598477,0.267942583732,1.67874411933,0.971904490138,0.507177033493,2.14896661873,0.35833076731,7.5,5.99715909091,2.14896661873,7.5,0.432380952381,0.333333333333,6,0.0363636363636,0.219259259259,11,11,11,1,0,0.0909090909091,0.636363636364,0.272727272727,-1,-0.00909090909091,2.95377066116,-0.181818181818,-0.1,-0.125,0.00537215986117,0.0260089675122,0.00813397129187,-0.263214382509,-0.118584030456,-0.0684210526316,-0.26126525272,-0.0951006644889,-0.0291866028708,1.09206784419,0.0110537768992,3.95454545455,2.95377066116,1.09206784419,3.95454545455,-0.0666666666667,-0.0666666666667,-2,-0.0121212121212,-0.0362962962963,0,0,0,18,1,2,89,0.9,0.988888888889,0.0111111111111,0.1,0.947368421053,0.9,0.923076923077,0.906956031802,0.888888888889,0.857142857143,6,7,0,0,0,0
406,WLNM_dir_neg,0.795918367347,0.49909733124,00:00:10,10,10,46,1171943295,threshold_sweep,0.1,0.714285714286,0.714285714286,0.714285714286,5,2,2,12,0.714285714286,0.857142857143,0.142857142857,0.285714285714,0.714285714286,0.714285714286,0.714285714286,0.809523809524,0.555555555556,0.571428571429,0.571428571429,0.571428571429,20,13,7,0,20,0,13,0,7,11,20,0.181818181818,3.04338842975,3.63636363636,2,2.5,1.68954001271,0.464623503495,0.245454545455,1.16774841624,0.642261628933,0.336363636364,1.94000937205,1.06700515463,0.536363636364,1.05689877454,0.347276990411,3.54545454545,3.04338842975,1.05689877454,3.54545454545,0.499047619048,0.4,8,0.0484848484848,0.255555555556,11,11,11,1,0,0.0909090909091,0.636363636364,0.272727272727,11,0.118181818182,3.72727272727,2.36363636364,1.3,1.625,1.43336856898,0.6064251638,0.286713286713,0.603022689156,0.510249967747,0.237762237762,1.40129809949,1.18571377649,0.503496503497,2.05382127221,0.551025219373,7,3.72727272727,2.05382127221,7,0,0,0,0,0.22962962963,11,11,11,1,0,0.0909090909091,0.636363636364,0.272727272727,11,20,0.181818181818,3.25296442688,3.63636363636,2,2.22222222222,1.43336856898,0.39417635647,0.209090909091,1.07871977994,0.593295878968,0.309090909091,1.60113596038,0.880624778211,0.454545454545,1.28450058842,0.394870776271,4.0652173913,3.25296442688,1.28450058842,4.0652173913,0.453333333333,0.375,7,0.0424242424242,0.217777777778,11,11,11,1,0,0.0909090909091,0.727272727273,0.181818181818,0,0,0.209575997125,0,0,-0.277777777778,-0.256171443727,-0.070447147025,-0.0363636363636,-0.0890286363011,-0.0489657499656,-0.0272727272727,-0.338873411664,-0.186380376415,-0.0818181818182,0.227601813887,0.04759378586,0.51976284585,0.209575997125,0.227601813887,0.51976284585,-0.0457142857143,-0.025,-1,-0.00606060606061,-0.0377777777778,0,0.0909090909091,-0.0909090909091,18,2,2,88,0.9,0.977777777778,0.0222222222222,0.1,0.9,0.9,0.9,0.877777777778,0.877777777778,0.818181818182,7,7,0,0,0,0
407,WLNM_dir_neg,0.795918367347,0.49909733124,00:00:10,10,10,46,1171943295,threshold_sweep,0.2,0.714285714286,0.714285714286,0.714285714286,5,2,2,12,0.714285714286,0.857142857143,0.142857142857,0.285714285714,0.714285714286,0.714285714286,0.714285714286,0.809523809524,0.555555555556,0.571428571429,0.571428571429,0.571428571429,20,13,7,0,20,0,13,0,7,11,20,0.181818181818,3.04338842975,3.63636363636,2,2.5,1.68954001271,0.464623503495,0.245454545455,1.16774841624,0.642261628933,0.336363636364,1.94000937205,1.06700515463,0.536363636364,1.05689877454,0.347276990411,3.54545454545,3.04338842975,1.05689877454,3.54545454545,0.499047619048,0.4,8,0.0484848484848,0.255555555556,11,11,11,1,0,0.0909090909091,0.636363636364,0.272727272727,11,0.118181818182,3.72727272727,2.36363636364,1.3,1.625,1.43336856898,0.6064251638,0.286713286713,0.603022689156,0.510249967747,0.237762237762,1.40129809949,1.18571377649,0.503496503497,2.05382127221,0.551025219373,7,3.72727272727,2.05382127221,7,0,0,0,0,0.22962962963,11,11,11,1,0,0.0909090909091,0.636363636364,0.272727272727,11,20,0.181818181818,3.25296442688,3.63636363636,2,2.22222222222,1.43336856898,0.39417635647,0.209090909091,1.07871977994,0.593295878968,0.309090909091,1.60113596038,0.880624778211,0.454545454545,1.28450058842,0.394870776271,4.0652173913,3.25296442688,1.28450058842,4.0652173913,0.453333333333,0.375,7,0.0424242424242,0.217777777778,11,11,11,1,0,0.0909090909091,0.727272727273,0.181818181818,0,0,0.209575997125,0,0,-0.277777777778,-0.256171443727,-0.070447147025,-0.0363636363636,-0.0890286363011,-0.0489657499656,-0.0272727272727,-0.338873411664,-0.186380376415,-0.0818181818182,0.227601813887,0.04759378586,0.51976284585,0.209575997125,0.227601813887,0.51976284585,-0.0457142857143,-0.025,-1,-0.00606060606061,-0.0377777777778,0,0.0909090909091,-0.0909090909091,18,2,2,88,0.9,0.977777777778,0.0222222222222,0.1,0.9,0.9,0.9,0.877777777778,0.877777777778,0.818181818182,7,7,0,0,0,0
408,WLNM_dir_neg,0.795918367347,0.49909733124,00:00:10,10,10,46,1171943295,threshold_sweep,0.3,0.714285714286,0.714285714286,0.714285714286,5,2,2,12,0.714285714286,0.857142857143,0.142857142857,0.285714285714,0.714285714286,0.714285714286,0.714285714286,0.809523809524,0.555555555556,0.571428571429,0.571428571429,0.571428571429,20,13,7,0,20,0,13,0,7,11,20,0.181818181818,3.04338842975,3.63636363636,2,2.5,1.68954001271,0.464623503495,0.245454545455,1.16774841624,0.642261628933,0.336363636364,1.94000937205,1.06700515463,0.536363636364,1.05689877454,0.347276990411,3.54545454545,3.04338842975,1.05689877454,3.54545454545,0.499047619048,0.4,8,0.0484848484848,0.255555555556,11,11,11,1,0,0.0909090909091,0.636363636364,0.272727272727,11,0.118181818182,3.72727272727,2.36363636364,1.3,1.625,1.43336856898,0.6064251638,0.286713286713,0.603022689156,0.510249967747,0.237762237762,1.40129809949,1.18571377649,0.503496503497,2.05382127221,0.551025219373,7,3.72727272727,2.05382127221,7,0,0,0,0,0.22962962963,11,11,11,1,0,0.0909090909091,0.636363636364,0.272727272727,11,20,0.181818181818,3.25296442688,3.63636363636,2,2.22222222222,1.43336856898,0.39417635647,0.209090909091,1.07871977994,0.593295878968,0.309090909091,1.60113596038,0.880624778211,0.454545454545,1.28450058842,0.394870776271,4.0652173913,3.25296442688,1.28450058842,4.0652173913,0.453333333333,0.375,7,0.0424242424242,0.217777777778,11,11,11,1,0,0.0909090909091,0.727272727273,0.181818181818,0,0,0.209575997125,0,0,-0.277777777778,-0.256171443727,-0.070447147025,-0.0363636363636,-0.0890286363011,-0.0489657499656,-0.0272727272727,-0.338873411664,-0.186380376415,-0.0818181818182,0.227601813887,0.04759378586,0.51976284585,0.209575997125,0.227601813887,0.51976284585,-0.0457142857143,-0.025,-1,-0.00606060606061,-0.0377777777778,0,0.0909090909091,-0.0909090909091,18,2,2,88,0.9,0.977777777778,0.0222222222222,0.1,0.9,0.9,0.9,0.877777777778,0.877777777778,0.818181818182,7,7,0,0,0,0
409,WLNM_dir_neg,0.795918367347,0.49909733124,00:00:10,10,10,46,1171943295,threshold_sweep,0.4,0.714285714286,0.714285714286,0.714285714286,5,2,2,12,0.714285714286,0.857142857143,0.142857142857,0.285714285714,0.714285714286,0.714285714286,0.714285714286,0.809523809524,0.555555555556,0.571428571429,0.571428571429,0.571428571429,20,13,7,0,20,0,13,0,7,11,20,0.181818181818,3.04338842975,3.63636363636,2,2.5,1.68954001271,0.464623503495,0.245454545455,1.16774841624,0.642261628933,0.336363636364,1.94000937205,1.06700515463,0.536363636364,1.05689877454,0.347276990411,3.54545454545,3.04338842975,1.05689877454,3.54545454545,0.499047619048,0.4,8,0.0484848484848,0.255555555556,11,11,11,1,0,0.0909090909091,0.636363636364,0.272727272727,11,0.118181818182,3.72727272727,2.36363636364,1.3,1.625,1.43336856898,0.6064251638,0.286713286713,0.603022689156,0.510249967747,0.237762237762,1.40129809949,1.18571377649,0.503496503497,2.05382127221,0.551025219373,7,3.72727272727,2.05382127221,7,0,0,0,0,0.22962962963,11,11,11,1,0,0.0909090909091,0.636363636364,0.272727272727,11,20,0.181818181818,3.25296442688,3.63636363636,2,2.22222222222,1.43336856898,0.39417635647,0.209090909091,1.07871977994,0.593295878968,0.309090909091,1.60113596038,0.880624778211,0.454545454545,1.28450058842,0.394870776271,4.0652173913,3.25296442688,1.28450058842,4.0652173913,0.453333333333,0.375,7,0.0424242424242,0.217777777778,11,11,11,1,0,0.0909090909091,0.727272727273,0.181818181818,0,0,0.209575997125,0,0,-0.277777777778,-0.256171443727,-0.070447147025,-0.0363636363636,-0.0890286363011,-0.0489657499656,-0.0272727272727,-0.338873411664,-0.186380376415,-0.0818181818182,0.227601813887,0.04759378586,0.51976284585,0.209575997125,0.227601813887,0.51976284585,-0.0457142857143,-0.025,-1,-0.00606060606061,-0.0377777777778,0,0.0909090909091,-0.0909090909091,18,2,2,88,0.9,0.977777777778,0.0222222222222,0.1,0.9,0.9,0.9,0.877777777778,0.877777777778,0.818181818182,7,7,0,0,0,0
410,WLNM_dir_neg,0.795918367347,0.49909733124,00:00:10,10,10,46,1171943295,threshold_sweep,0.5,0.714285714286,0.714285714286,0.714285714286,5,2,2,12,0.714285714286,0.857142857143,0.142857142857,0.285714285714,0.714285714286,0.714285714286,0.714285714286,0.809523809524,0.555555555556,0.571428571429,0.571428571429,0.571428571429,20,13,7,0,20,0,13,0,7,11,20,0.181818181818,3.04338842975,3.63636363636,2,2.5,1.68954001271,0.464623503495,0.245454545455,1.16774841624,0.642261628933,0.336363636364,1.94000937205,1.06700515463,0.536363636364,1.05689877454,0.347276990411,3.54545454545,3.04338842975,1.05689877454,3.54545454545,0.499047619048,0.4,8,0.0484848484848,0.255555555556,11,11,11,1,0,0.0909090909091,0.636363636364,0.272727272727,11,0.118181818182,3.72727272727,2.36363636364,1.3,1.625,1.43336856898,0.6064251638,0.286713286713,0.603022689156,0.510249967747,0.237762237762,1.40129809949,1.18571377649,0.503496503497,2.05382127221,0.551025219373,7,3.72727272727,2.05382127221,7,0,0,0,0,0.22962962963,11,11,11,1,0,0.0909090909091,0.636363636364,0.272727272727,11,20,0.181818181818,3.25296442688,3.63636363636,2,2.22222222222,1.43336856898,0.39417635647,0.209090909091,1.07871977994,0.593295878968,0.309090909091,1.60113596038,0.880624778211,0.454545454545,1.28450058842,0.394870776271,4.0652173913,3.25296442688,1.28450058842,4.0652173913,0.453333333333,0.375,7,0.0424242424242,0.217777777778,11,11,11,1,0,0.0909090909091,0.727272727273,0.181818181818,0,0,0.209575997125,0,0,-0.277777777778,-0.256171443727,-0.070447147025,-0.0363636363636,-0.0890286363011,-0.0489657499656,-0.0272727272727,-0.338873411664,-0.186380376415,-0.0818181818182,0.227601813887,0.04759378586,0.51976284585,0.209575997125,0.227601813887,0.51976284585,-0.0457142857143,-0.025,-1,-0.00606060606061,-0.0377777777778,0,0.0909090909091,-0.0909090909091,18,2,2,88,0.9,0.977777777778,0.0222222222222,0.1,0.9,0.9,0.9,0.877777777778,0.877777777778,0.818181818182,7,7,0,0,0,0
411,WLNM_dir_neg,0.795918367347,0.49909733124,00:00:10,10,10,46,1171943295,threshold_sweep,0.6,0.714285714286,0.714285714286,0.714285714286,5,2,2,12,0.714285714286,0.857142857143,0.142857142857,0.285714285714,0.714285714286,0.714285714286,0.714285714286,0.809523809524,0.555555555556,0.571428571429,0.571428571429,0.571428571429,20,13,7,0,20,0,13,0,7,11,20,0.181818181818,3.04338842975,3.63636363636,2,2.5,1.68954001271,0.464623503495,0.245454545455,1.16774841624,0.642261628933,0.336363636364,1.94000937205,1.06700515463,0.536363636364,1.05689877454,0.347276990411,3.54545454545,3.04338842975,1.05689877454,3.54545454545,0.499047619048,0.4,8,0.0484848484848,0.255555555556,11,11,11,1,0,0.0909090909091,0.636363636364,0.272727272727,11,0.118181818182,3.72727272727,2.36363636364,1.3,1.625,1.43336856898,0.6064251638,0.286713286713,0.603022689156,0.510249967747,0.237762237762,1.40129809949,1.18571377649,0.503496503497,2.05382127221,0.551025219373,7,3.72727272727,2.05382127221,7,0,0,0,0,0.22962962963,11,11,11,1,0,0.0909090909091,0.636363636364,0.272727272727,11,20,0.181818181818,3.25296442688,3.63636363636,2,2.22222222222,1.43336856898,0.39417635647,0.209090909091,1.07871977994,0.593295878968,0.309090909091,1.60113596038,0.880624778211,0.454545454545,1.28450058842,0.394870776271,4.0652173913,3.25296442688,1.28450058842,4.0652173913,0.453333333333,0.375,7,0.0424242424242,0.217777777778,11,11,11,1,0,0.0909090909091,0.727272727273,0.181818181818,0,0,0.209575997125,0,0,-0.277777777778,-0.256171443727,-0.070447147025,-0.0363636363636,-0.0890286363011,-0.0489657499656,-0.0272727272727,-0.338873411664,-0.186380376415,-0.0818181818182,0.227601813887,0.04759378586,0.51976284585,0.209575997125,0.227601813887,0.51976284585,-0.0457142857143,-0.025,-1,-0.00606060606061,-0.0377777777778,0,0.0909090909091,-0.0909090909091,18,2,2,88,0.9,0.977777777778,0.0222222222222,0.1,0.9,0.9,0.9,0.877777777778,0.877777777778,0.818181818182,7,7,0,0,0,0
412,WLNM_dir_neg,0.795918367347,0.49909733124,00:00:10,10,10,46,1171943295,threshold_sweep,0.7,0.714285714286,0.714285714286,0.714285714286,5,2,2,12,0.714285714286,0.857142857143,0.142857142857,0.285714285714,0.714285714286,0.714285714286,0.714285714286,0.809523809524,0.555555555556,0.571428571429,0.571428571429,0.571428571429,20,13,7,0,20,0,13,0,7,11,20,0.181818181818,3.04338842975,3.63636363636,2,2.5,1.68954001271,0.464623503495,0.245454545455,1.16774841624,0.642261628933,0.336363636364,1.94000937205,1.06700515463,0.536363636364,1.05689877454,0.347276990411,3.54545454545,3.04338842975,1.05689877454,3.54545454545,0.499047619048,0.4,8,0.0484848484848,0.255555555556,11,11,11,1,0,0.0909090909091,0.636363636364,0.272727272727,11,0.118181818182,3.72727272727,2.36363636364,1.3,1.625,1.43336856898,0.6064251638,0.286713286713,0.603022689156,0.510249967747,0.237762237762,1.40129809949,1.18571377649,0.503496503497,2.05382127221,0.551025219373,7,3.72727272727,2.05382127221,7,0,0,0,0,0.22962962963,11,11,11,1,0,0.0909090909091,0.636363636364,0.272727272727,11,20,0.181818181818,3.25296442688,3.63636363636,2,2.22222222222,1.43336856898,0.39417635647,0.209090909091,1.07871977994,0.593295878968,0.309090909091,1.60113596038,0.880624778211,0.454545454545,1.28450058842,0.394870776271,4.0652173913,3.25296442688,1.28450058842,4.0652173913,0.453333333333,0.375,7,0.0424242424242,0.217777777778,11,11,11,1,0,0.0909090909091,0.727272727273,0.181818181818,0,0,0.209575997125,0,0,-0.277777777778,-0.256171443727,-0.070447147025,-0.0363636363636,-0.0890286363011,-0.0489657499656,-0.0272727272727,-0.338873411664,-0.186380376415,-0.0818181818182,0.227601813887,0.04759378586,0.51976284585,0.209575997125,0.227601813887,0.51976284585,-0.0457142857143,-0.025,-1,-0.00606060606061,-0.0377777777778,0,0.0909090909091,-0.0909090909091,18,2,2,88,0.9,0.977777777778,0.0222222222222,0.1,0.9,0.9,0.9,0.877777777778,0.877777777778,0.818181818182,7,7,0,0,0,0
413,WLNM_dir_neg,0.795918367347,0.49909733124,00:00:10,10,10,46,1171943295,threshold_sweep,0.8,0.714285714286,0.714285714286,0.714285714286,5,2,2,12,0.714285714286,0.857142857143,0.142857142857,0.285714285714,0.714285714286,0.714285714286,0.714285714286,0.809523809524,0.555555555556,0.571428571429,0.571428571429,0.571428571429,20,13,7,0,20,0,13,0,7,11,20,0.181818181818,3.04338842975,3.63636363636,2,2.5,1.68954001271,0.464623503495,0.245454545455,1.16774841624,0.642261628933,0.336363636364,1.94000937205,1.06700515463,0.536363636364,1.05689877454,0.347276990411,3.54545454545,3.04338842975,1.05689877454,3.54545454545,0.499047619048,0.4,8,0.0484848484848,0.255555555556,11,11,11,1,0,0.0909090909091,0.636363636364,0.272727272727,11,0.118181818182,3.72727272727,2.36363636364,1.3,1.625,1.43336856898,0.6064251638,0.286713286713,0.603022689156,0.510249967747,0.237762237762,1.40129809949,1.18571377649,0.503496503497,2.05382127221,0.551025219373,7,3.72727272727,2.05382127221,7,0,0,0,0,0.22962962963,11,11,11,1,0,0.0909090909091,0.636363636364,0.272727272727,11,20,0.181818181818,3.25296442688,3.63636363636,2,2.22222222222,1.43336856898,0.39417635647,0.209090909091,1.07871977994,0.593295878968,0.309090909091,1.60113596038,0.880624778211,0.454545454545,1.28450058842,0.394870776271,4.0652173913,3.25296442688,1.28450058842,4.0652173913,0.453333333333,0.375,7,0.0424242424242,0.217777777778,11,11,11,1,0,0.0909090909091,0.727272727273,0.181818181818,0,0,0.209575997125,0,0,-0.277777777778,-0.256171443727,-0.070447147025,-0.0363636363636,-0.0890286363011,-0.0489657499656,-0.0272727272727,-0.338873411664,-0.186380376415,-0.0818181818182,0.227601813887,0.04759378586,0.51976284585,0.209575997125,0.227601813887,0.51976284585,-0.0457142857143,-0.025,-1,-0.00606060606061,-0.0377777777778,0,0.0909090909091,-0.0909090909091,18,2,2,88,0.9,0.977777777778,0.0222222222222,0.1,0.9,0.9,0.9,0.877777777778,0.877777777778,0.818181818182,7,7,0,0,0,0
414,WLNM_dir_neg,0.795918367347,0.49909733124,00:00:10,10,10,46,1171943295,threshold_sweep,0.9,0.714285714286,0.714285714286,0.714285714286,5,2,2,12,0.714285714286,0.857142857143,0.142857142857,0.285714285714,0.714285714286,0.714285714286,0.714285714286,0.809523809524,0.555555555556,0.571428571429,0.571428571429,0.571428571429,20,13,7,0,20,0,13,0,7,11,20,0.181818181818,3.04338842975,3.63636363636,2,2.5,1.68954001271,0.464623503495,0.245454545455,1.16774841624,0.642261628933,0.336363636364,1.94000937205,1.06700515463,0.536363636364,1.05689877454,0.347276990411,3.54545454545,3.04338842975,1.05689877454,3.54545454545,0.499047619048,0.4,8,0.0484848484848,0.255555555556,11,11,11,1,0,0.0909090909091,0.636363636364,0.272727272727,11,0.118181818182,3.72727272727,2.36363636364,1.3,1.625,1.43336856898,0.6064251638,0.286713286713,0.603022689156,0.510249967747,0.237762237762,1.40129809949,1.18571377649,0.503496503497,2.05382127221,0.551025219373,7,3.72727272727,2.05382127221,7,0,0,0,0,0.22962962963,11,11,11,1,0,0.0909090909091,0.636363636364,0.272727272727,11,20,0.181818181818,3.25296442688,3.63636363636,2,2.22222222222,1.43336856898,0.39417635647,0.209090909091,1.07871977994,0.593295878968,0.309090909091,1.60113596038,0.880624778211,0.454545454545,1.28450058842,0.394870776271,4.0652173913,3.25296442688,1.28450058842,4.0652173913,0.453333333333,0.375,7,0.0424242424242,0.217777777778,11,11,11,1,0,0.0909090909091,0.727272727273,0.181818181818,0,0,0.209575997125,0,0,-0.277777777778,-0.256171443727,-0.070447147025,-0.0363636363636,-0.0890286363011,-0.0489657499656,-0.0272727272727,-0.338873411664,-0.186380376415,-0.0818181818182,0.227601813887,0.04759378586,0.51976284585,0.209575997125,0.227601813887,0.51976284585,-0.0457142857143,-0.025,-1,-0.00606060606061,-0.0377777777778,0,0.0909090909091,-0.0909090909091,18,2,2,88,0.9,0.977777777778,0.0222222222222,0.1,0.9,0.9,0.9,0.877777777778,0.877777777778,0.818181818182,7,7,0,0,0,0
415,WLNM_dir_neg,0.897959183673,0.565548340548,00:00:10,10,10,47,1171943296,threshold_sweep,0.1,1,0.571428571429,0.727272727273,4,0,3,14,0.571428571429,1,0,0.428571428571,1,0.571428571429,0.727272727273,0.857142857143,0.603174603175,0.64,0.68599434057,0.571428571429,20,13,7,0,20,0,13,0,7,11,20,0.181818181818,3.04338842975,3.63636363636,2,2.5,1.68954001271,0.464623503495,0.245454545455,1.16774841624,0.642261628933,0.336363636364,1.94000937205,1.06700515463,0.536363636364,1.05689877454,0.347276990411,3.54545454545,3.04338842975,1.05689877454,3.54545454545,0.499047619048,0.4,8,0.0484848484848,0.255555555556,11,11,11,1,0,0.0909090909091,0.636363636364,0.272727272727,11,0.118181818182,3.72727272727,2.36363636364,1.3,1.625,1.43336856898,0.6064251638,0.286713286713,0.603022689156,0.510249967747,0.237762237762,1.40129809949,1.18571377649,0.503496503497,2.05382127221,0.551025219373,7,3.72727272727,2.05382127221,7,0,0,0,0,0.22962962963,11,11,11,1,0,0.0909090909091,0.636363636364,0.272727272727,11,17,0.154545454545,3.15909090909,3.09090909091,1.7,2.125,1.30034960334,0.420701342257,0.208556149733,0.820199532265,0.530717344407,0.267379679144,1.57249078621,1.01749403814,0.513368983957,1.21589847064,0.38488872452,4,3.15909090909,1.21589847064,4,0.296666666667,0.230769230769,3,0.0181818181818,0.203703703704,11,11,11,1,0,0.0909090909091,0.636363636364,0.272727272727,-3,-0.0272727272727,0.115702479339,-0.545454545455,-0.3,-0.375,-0.389190409368,-0.0439221612377,-0.0368983957219,-0.347548883978,-0.111544284527,-0.0689839572193,-0.367518585835,-0.0495111164884,-0.0229946524064,0.158999696105,0.0376117341084,0.454545454545,0.115702479339,0.158999696105,0.454545454545,-0.202380952381,-0.169230769231,-5,-0.030303030303,-0.0518518518519,0,0,0,17,0,3,90,0.85,1,0,0.15,1,0.85,0.918918918919,0.906962317388,0.85,0.85,4,7,0,0,0,0
416,WLNM_dir_neg,0.897959183673,0.565548340548,00:00:10,10,10,47,1171943296,threshold_sweep,0.2,1,0.571428571429,0.727272727273,4,0,3,14,0.571428571429,1,0,0.428571428571,1,0.571428571429,0.727272727273,0.857142857143,0.603174603175,0.64,0.68599434057,0.571428571429,20,13,7,0,20,0,13,0,7,11,20,0.181818181818,3.04338842975,3.63636363636,2,2.5,1.68954001271,0.464623503495,0.245454545455,1.16774841624,0.642261628933,0.336363636364,1.94000937205,1.06700515463,0.536363636364,1.05689877454,0.347276990411,3.54545454545,3.04338842975,1.05689877454,3.54545454545,0.499047619048,0.4,8,0.0484848484848,0.255555555556,11,11,11,1,0,0.0909090909091,0.636363636364,0.272727272727,11,0.118181818182,3.72727272727,2.36363636364,1.3,1.625,1.43336856898,0.6064251638,0.286713286713,0.603022689156,0.510249967747,0.237762237762,1.40129809949,1.18571377649,0.503496503497,2.05382127221,0.551025219373,7,3.72727272727,2.05382127221,7,0,0,0,0,0.22962962963,11,11,11,1,0,0.0909090909091,0.636363636364,0.272727272727,11,17,0.154545454545,3.15909090909,3.09090909091,1.7,2.125,1.30034960334,0.420701342257,0.208556149733,0.820199532265,0.530717344407,0.267379679144,1.57249078621,1.01749403814,0.513368983957,1.21589847064,0.38488872452,4,3.15909090909,1.21589847064,4,0.296666666667,0.230769230769,3,0.0181818181818,0.203703703704,11,11,11,1,0,0.0909090909091,0.636363636364,0.272727272727,-3,-0.0272727272727,0.115702479339,-0.545454545455,-0.3,-0.375,-0.389190409368,-0.0439221612377,-0.0368983957219,-0.347548883978,-0.111544284527,-0.0689839572193,-0.367518585835,-0.0495111164884,-0.0229946524064,0.158999696105,0.0376117341084,0.454545454545,0.115702479339,0.158999696105,0.454545454545,-0.202380952381,-0.169230769231,-5,-0.030303030303,-0.0518518518519,0,0,0,17,0,3,90,0.85,1,0,0.15,1,0.85,0.918918918919,0.906962317388,0.85,0.85,4,7,0,0,0,0
417,WLNM_dir_neg,0.897959183673,0.565548340548,00:00:10,10,10,47,1171943296,threshold_sweep,0.3,1,0.571428571429,0.727272727273,4,0,3,14,0.571428571429,1,0,0.428571428571,1,0.571428571429,0.727272727273,0.857142857143,0.603174603175,0.64,0.68599434057,0.571428571429,20,13,7,0,20,0,13,0,7,11,20,0.181818181818,3.04338842975,3.63636363636,2,2.5,1.68954001271,0.464623503495,0.245454545455,1.16774841624,0.642261628933,0.336363636364,1.94000937205,1.06700515463,0.536363636364,1.05689877454,0.347276990411,3.54545454545,3.04338842975,1.05689877454,3.54545454545,0.499047619048,0.4,8,0.0484848484848,0.255555555556,11,11,11,1,0,0.0909090909091,0.636363636364,0.272727272727,11,0.118181818182,3.72727272727,2.36363636364,1.3,1.625,1.43336856898,0.6064251638,0.286713286713,0.603022689156,0.510249967747,0.237762237762,1.40129809949,1.18571377649,0.503496503497,2.05382127221,0.551025219373,7,3.72727272727,2.05382127221,7,0,0,0,0,0.22962962963,11,11,11,1,0,0.0909090909091,0.636363636364,0.272727272727,11,17,0.154545454545,3.15909090909,3.09090909091,1.7,2.125,1.30034960334,0.420701342257,0.208556149733,0.820199532265,0.530717344407,0.267379679144,1.57249078621,1.01749403814,0.513368983957,1.21589847064,0.38488872452,4,3.15909090909,1.21589847064,4,0.296666666667,0.230769230769,3,0.0181818181818,0.203703703704,11,11,11,1,0,0.0909090909091,0.636363636364,0.272727272727,-3,-0.0272727272727,0.115702479339,-0.545454545455,-0.3,-0.375,-0.389190409368,-0.0439221612377,-0.0368983957219,-0.347548883978,-0.111544284527,-0.0689839572193,-0.367518585835,-0.0495111164884,-0.0229946524064,0.158999696105,0.0376117341084,0.454545454545,0.115702479339,0.158999696105,0.454545454545,-0.202380952381,-0.169230769231,-5,-0.030303030303,-0.0518518518519,0,0,0,17,0,3,90,0.85,1,0,0.15,1,0.85,0.918918918919,0.906962317388,0.85,0.85,4,7,0,0,0,0
418,WLNM_dir_neg,0.897959183673,0.565548340548,00:00:10,10,10,47,1171943296,threshold_sweep,0.4,1,0.571428571429,0.727272727273,4,0,3,14,0.571428571429,1,0,0.428571428571,1,0.571428571429,0.727272727273,0.857142857143,0.603174603175,0.64,0.68599434057,0.571428571429,20,13,7,0,20,0,13,0,7,11,20,0.181818181818,3.04338842975,3.63636363636,2,2.5,1.68954001271,0.464623503495,0.245454545455,1.16774841624,0.642261628933,0.336363636364,1.94000937205,1.06700515463,0.536363636364,1.05689877454,0.347276990411,3.54545454545,3.04338842975,1.05689877454,3.54545454545,0.499047619048,0.4,8,0.0484848484848,0.255555555556,11,11,11,1,0,0.0909090909091,0.636363636364,0.272727272727,11,0.118181818182,3.72727272727,2.36363636364,1.3,1.625,1.43336856898,0.6064251638,0.286713286713,0.603022689156,0.510249967747,0.237762237762,1.40129809949,1.18571377649,0.503496503497,2.05382127221,0.551025219373,7,3.72727272727,2.05382127221,7,0,0,0,0,0.22962962963,11,11,11,1,0,0.0909090909091,0.636363636364,0.272727272727,11,17,0.154545454545,3.15909090909,3.09090909091,1.7,2.125,1.30034960334,0.420701342257,0.208556149733,0.820199532265,0.530717344407,0.267379679144,1.57249078621,1.01749403814,0.513368983957,1.21589847064,0.38488872452,4,3.15909090909,1.21589847064,4,0.296666666667,0.230769230769,3,0.0181818181818,0.203703703704,11,11,11,1,0,0.0909090909091,0.636363636364,0.272727272727,-3,-0.0272727272727,0.115702479339,-0.545454545455,-0.3,-0.375,-0.389190409368,-0.0439221612377,-0.0368983957219,-0.347548883978,-0.111544284527,-0.0689839572193,-0.367518585835,-0.0495111164884,-0.0229946524064,0.158999696105,0.0376117341084,0.454545454545,0.115702479339,0.158999696105,0.454545454545,-0.202380952381,-0.169230769231,-5,-0.030303030303,-0.0518518518519,0,0,0,17,0,3,90,0.85,1,0,0.15,1,0.85,0.918918918919,0.906962317388,0.85,0.85,4,7,0,0,0,0
419,WLNM_dir_neg,0.897959183673,0.565548340548,00:00:10,10,10,47,1171943296,threshold_sweep,0.5,1,0.571428571429,0.727272727273,4,0,3,14,0.571428571429,1,0,0.428571428571,1,0.571428571429,0.727272727273,0.857142857143,0.603174603175,0.64,0.68599434057,0.571428571429,20,13,7,0,20,0,13,0,7,11,20,0.181818181818,3.04338842975,3.63636363636,2,2.5,1.68954001271,0.464623503495,0.245454545455,1.16774841624,0.642261628933,0.336363636364,1.94000937205,1.06700515463,0.536363636364,1.05689877454,0.347276990411,3.54545454545,3.04338842975,1.05689877454,3.54545454545,0.499047619048,0.4,8,0.0484848484848,0.255555555556,11,11,11,1,0,0.0909090909091,0.636363636364,0.272727272727,11,0.118181818182,3.72727272727,2.36363636364,1.3,1.625,1.43336856898,0.6064251638,0.286713286713,0.603022689156,0.510249967747,0.237762237762,1.40129809949,1.18571377649,0.503496503497,2.05382127221,0.551025219373,7,3.72727272727,2.05382127221,7,0,0,0,0,0.22962962963,11,11,11,1,0,0.0909090909091,0.636363636364,0.272727272727,11,17,0.154545454545,3.15909090909,3.09090909091,1.7,2.125,1.30034960334,0.420701342257,0.208556149733,0.820199532265,0.530717344407,0.267379679144,1.57249078621,1.01749403814,0.513368983957,1.21589847064,0.38488872452,4,3.15909090909,1.21589847064,4,0.296666666667,0.230769230769,3,0.0181818181818,0.203703703704,11,11,11,1,0,0.0909090909091,0.636363636364,0.272727272727,-3,-0.0272727272727,0.115702479339,-0.545454545455,-0.3,-0.375,-0.389190409368,-0.0439221612377,-0.0368983957219,-0.347548883978,-0.111544284527,-0.0689839572193,-0.367518585835,-0.0495111164884,-0.0229946524064,0.158999696105,0.0376117341084,0.454545454545,0.115702479339,0.158999696105,0.454545454545,-0.202380952381,-0.169230769231,-5,-0.030303030303,-0.0518518518519,0,0,0,17,0,3,90,0.85,1,0,0.15,1,0.85,0.918918918919,0.906962317388,0.85,0.85,4,7,0,0,0,0
420,WLNM_dir_neg,0.897959183673,0.565548340548,00:00:10,10,10,47,1171943296,threshold_sweep,0.6,1,0.571428571429,0.727272727273,4,0,3,14,0.571428571429,1,0,0.428571428571,1,0.571428571429,0.727272727273,0.857142857143,0.603174603175,0.64,0.68599434057,0.571428571429,20,13,7,0,20,0,13,0,7,11,20,0.181818181818,3.04338842975,3.63636363636,2,2.5,1.68954001271,0.464623503495,0.245454545455,1.16774841624,0.642261628933,0.336363636364,1.94000937205,1.06700515463,0.536363636364,1.05689877454,0.347276990411,3.54545454545,3.04338842975,1.05689877454,3.54545454545,0.499047619048,0.4,8,0.0484848484848,0.255555555556,11,11,11,1,0,0.0909090909091,0.636363636364,0.272727272727,11,0.118181818182,3.72727272727,2.36363636364,1.3,1.625,1.43336856898,0.6064251638,0.286713286713,0.603022689156,0.510249967747,0.237762237762,1.40129809949,1.18571377649,0.503496503497,2.05382127221,0.551025219373,7,3.72727272727,2.05382127221,7,0,0,0,0,0.22962962963,11,11,11,1,0,0.0909090909091,0.636363636364,0.272727272727,11,17,0.154545454545,3.15909090909,3.09090909091,1.7,2.125,1.30034960334,0.420701342257,0.208556149733,0.820199532265,0.530717344407,0.267379679144,1.57249078621,1.01749403814,0.513368983957,1.21589847064,0.38488872452,4,3.15909090909,1.21589847064,4,0.296666666667,0.230769230769,3,0.0181818181818,0.203703703704,11,11,11,1,0,0.0909090909091,0.636363636364,0.272727272727,-3,-0.0272727272727,0.115702479339,-0.545454545455,-0.3,-0.375,-0.389190409368,-0.0439221612377,-0.0368983957219,-0.347548883978,-0.111544284527,-0.0689839572193,-0.367518585835,-0.0495111164884,-0.0229946524064,0.158999696105,0.0376117341084,0.454545454545,0.115702479339,0.158999696105,0.454545454545,-0.202380952381,-0.169230769231,-5,-0.030303030303,-0.0518518518519,0,0,0,17,0,3,90,0.85,1,0,0.15,1,0.85,0.918918918919,0.906962317388,0.85,0.85,4,7,0,0,0,0
421,WLNM_dir_neg,0.897959183673,0.565548340548,00:00:10,10,10,47,1171943296,threshold_sweep,0.7,1,0.571428571429,0.727272727273,4,0,3,14,0.571428571429,1,0,0.428571428571,1,0.571428571429,0.727272727273,0.857142857143,0.603174603175,0.64,0.68599434057,0.571428571429,20,13,7,0,20,0,13,0,7,11,20,0.181818181818,3.04338842975,3.63636363636,2,2.5,1.68954001271,0.464623503495,0.245454545455,1.16774841624,0.642261628933,0.336363636364,1.94000937205,1.06700515463,0.536363636364,1.05689877454,0.347276990411,3.54545454545,3.04338842975,1.05689877454,3.54545454545,0.499047619048,0.4,8,0.0484848484848,0.255555555556,11,11,11,1,0,0.0909090909091,0.636363636364,0.272727272727,11,0.118181818182,3.72727272727,2.36363636364,1.3,1.625,1.43336856898,0.6064251638,0.286713286713,0.603022689156,0.510249967747,0.237762237762,1.40129809949,1.18571377649,0.503496503497,2.05382127221,0.551025219373,7,3.72727272727,2.05382127221,7,0,0,0,0,0.22962962963,11,11,11,1,0,0.0909090909091,0.636363636364,0.272727272727,11,17,0.154545454545,3.15909090909,3.09090909091,1.7,2.125,1.30034960334,0.420701342257,0.208556149733,0.820199532265,0.530717344407,0.267379679144,1.57249078621,1.01749403814,0.513368983957,1.21589847064,0.38488872452,4,3.15909090909,1.21589847064,4,0.296666666667,0.230769230769,3,0.0181818181818,0.203703703704,11,11,11,1,0,0.0909090909091,0.636363636364,0.272727272727,-3,-0.0272727272727,0.115702479339,-0.545454545455,-0.3,-0.375,-0.389190409368,-0.0439221612377,-0.0368983957219,-0.347548883978,-0.111544284527,-0.0689839572193,-0.367518585835,-0.0495111164884,-0.0229946524064,0.158999696105,0.0376117341084,0.454545454545,0.115702479339,0.158999696105,0.454545454545,-0.202380952381,-0.169230769231,-5,-0.030303030303,-0.0518518518519,0,0,0,17,0,3,90,0.85,1,0,0.15,1,0.85,0.918918918919,0.906962317388,0.85,0.85,4,7,0,0,0,0
422,WLNM_dir_neg,0.897959183673,0.565548340548,00:00:10,10,10,47,1171943296,threshold_sweep,0.8,1,0.571428571429,0.727272727273,4,0,3,14,0.571428571429,1,0,0.428571428571,1,0.571428571429,0.727272727273,0.857142857143,0.603174603175,0.64,0.68599434057,0.571428571429,20,13,7,0,20,0,13,0,7,11,20,0.181818181818,3.04338842975,3.63636363636,2,2.5,1.68954001271,0.464623503495,0.245454545455,1.16774841624,0.642261628933,0.336363636364,1.94000937205,1.06700515463,0.536363636364,1.05689877454,0.347276990411,3.54545454545,3.04338842975,1.05689877454,3.54545454545,0.499047619048,0.4,8,0.0484848484848,0.255555555556,11,11,11,1,0,0.0909090909091,0.636363636364,0.272727272727,11,0.118181818182,3.72727272727,2.36363636364,1.3,1.625,1.43336856898,0.6064251638,0.286713286713,0.603022689156,0.510249967747,0.237762237762,1.40129809949,1.18571377649,0.503496503497,2.05382127221,0.551025219373,7,3.72727272727,2.05382127221,7,0,0,0,0,0.22962962963,11,11,11,1,0,0.0909090909091,0.636363636364,0.272727272727,11,17,0.154545454545,3.15909090909,3.09090909091,1.7,2.125,1.30034960334,0.420701342257,0.208556149733,0.820199532265,0.530717344407,0.267379679144,1.57249078621,1.01749403814,0.513368983957,1.21589847064,0.38488872452,4,3.15909090909,1.21589847064,4,0.296666666667,0.230769230769,3,0.0181818181818,0.203703703704,11,11,11,1,0,0.0909090909091,0.636363636364,0.272727272727,-3,-0.0272727272727,0.115702479339,-0.545454545455,-0.3,-0.375,-0.389190409368,-0.0439221612377,-0.0368983957219,-0.347548883978,-0.111544284527,-0.0689839572193,-0.367518585835,-0.0495111164884,-0.0229946524064,0.158999696105,0.0376117341084,0.454545454545,0.115702479339,0.158999696105,0.454545454545,-0.202380952381,-0.169230769231,-5,-0.030303030303,-0.0518518518519,0,0,0,17,0,3,90,0.85,1,0,0.15,1,0.85,0.918918918919,0.906962317388,0.85,0.85,4,7,0,0,0,0
423,WLNM_dir_neg,0.897959183673,0.565548340548,00:00:10,10,10,47,1171943296,threshold_sweep,0.9,1,0.571428571429,0.727272727273,4,0,3,14,0.571428571429,1,0,0.428571428571,1,0.571428571429,0.727272727273,0.857142857143,0.603174603175,0.64,0.68599434057,0.571428571429,20,13,7,0,20,0,13,0,7,11,20,0.181818181818,3.04338842975,3.63636363636,2,2.5,1.68954001271,0.464623503495,0.245454545455,1.16774841624,0.642261628933,0.336363636364,1.94000937205,1.06700515463,0.536363636364,1.05689877454,0.347276990411,3.54545454545,3.04338842975,1.05689877454,3.54545454545,0.499047619048,0.4,8,0.0484848484848,0.255555555556,11,11,11,1,0,0.0909090909091,0.636363636364,0.272727272727,11,0.118181818182,3.72727272727,2.36363636364,1.3,1.625,1.43336856898,0.6064251638,0.286713286713,0.603022689156,0.510249967747,0.237762237762,1.40129809949,1.18571377649,0.503496503497,2.05382127221,0.551025219373,7,3.72727272727,2.05382127221,7,0,0,0,0,0.22962962963,11,11,11,1,0,0.0909090909091,0.636363636364,0.272727272727,11,17,0.154545454545,3.15909090909,3.09090909091,1.7,2.125,1.30034960334,0.420701342257,0.208556149733,0.820199532265,0.530717344407,0.267379679144,1.57249078621,1.01749403814,0.513368983957,1.21589847064,0.38488872452,4,3.15909090909,1.21589847064,4,0.296666666667,0.230769230769,3,0.0181818181818,0.203703703704,11,11,11,1,0,0.0909090909091,0.636363636364,0.272727272727,-3,-0.0272727272727,0.115702479339,-0.545454545455,-0.3,-0.375,-0.389190409368,-0.0439221612377,-0.0368983957219,-0.347548883978,-0.111544284527,-0.0689839572193,-0.367518585835,-0.0495111164884,-0.0229946524064,0.158999696105,0.0376117341084,0.454545454545,0.115702479339,0.158999696105,0.454545454545,-0.202380952381,-0.169230769231,-5,-0.030303030303,-0.0518518518519,0,0,0,17,0,3,90,0.85,1,0,0.15,1,0.85,0.918918918919,0.906962317388,0.85,0.85,4,7,0,0,0,0
424,WLNM_dir_neg,0.84693877551,0.59696969697,00:00:10,10,10,48,1171943297,threshold_sweep,0.1,0.625,0.714285714286,0.666666666667,5,3,2,11,0.714285714286,0.785714285714,0.214285714286,0.285714285714,0.625,0.714285714286,0.666666666667,0.761904761905,0.539682539683,0.48275862069,0.485362671697,0.5,20,13,7,0,20,0,13,0,7,11,20,0.181818181818,3.04338842975,3.63636363636,2,2.5,1.68954001271,0.464623503495,0.245454545455,1.16774841624,0.642261628933,0.336363636364,1.94000937205,1.06700515463,0.536363636364,1.05689877454,0.347276990411,3.54545454545,3.04338842975,1.05689877454,3.54545454545,0.499047619048,0.4,8,0.0484848484848,0.255555555556,11,11,11,1,0,0.0909090909091,0.636363636364,0.272727272727,11,0.118181818182,3.72727272727,2.36363636364,1.3,1.625,1.43336856898,0.6064251638,0.286713286713,0.603022689156,0.510249967747,0.237762237762,1.40129809949,1.18571377649,0.503496503497,2.05382127221,0.551025219373,7,3.72727272727,2.05382127221,7,0,0,0,0,0.22962962963,11,11,11,1,0,0.0909090909091,0.636363636364,0.272727272727,11,21,0.190909090909,9.19318181818,3.81818181818,2.1,2.625,1.9908883353,0.521423135436,0.264069264069,1.04446593573,0.547101204432,0.285714285714,1.70026735866,0.890616235486,0.47619047619,3.40237216713,0.370097343272,11.375,9.19318181818,3.40237216713,11.375,0.488095238095,0.385714285714,9,0.0545454545455,0.225925925926,11,11,11,1,0,0.0909090909091,0.636363636364,0.272727272727,1,0.00909090909091,6.14979338843,0.181818181818,0.1,0.125,0.301348322591,0.0567996319409,0.0186147186147,-0.123282480508,-0.0951604245011,-0.0506493506494,-0.239742013393,-0.176388919141,-0.0601731601732,2.34547339259,0.0228203528608,7.82954545455,6.14979338843,2.34547339259,7.82954545455,-0.0109523809524,-0.0142857142857,1,0.00606060606061,-0.0296296296296,0,0,0,18,3,2,87,0.9,0.966666666667,0.0333333333333,0.1,0.857142857143,0.9,0.878048780488,0.850518363956,0.866666666667,0.782608695652,8,7,0,0,0,0
425,WLNM_dir_neg,0.84693877551,0.59696969697,00:00:10,10,10,48,1171943297,threshold_sweep,0.2,0.625,0.714285714286,0.666666666667,5,3,2,11,0.714285714286,0.785714285714,0.214285714286,0.285714285714,0.625,0.714285714286,0.666666666667,0.761904761905,0.539682539683,0.48275862069,0.485362671697,0.5,20,13,7,0,20,0,13,0,7,11,20,0.181818181818,3.04338842975,3.63636363636,2,2.5,1.68954001271,0.464623503495,0.245454545455,1.16774841624,0.642261628933,0.336363636364,1.94000937205,1.06700515463,0.536363636364,1.05689877454,0.347276990411,3.54545454545,3.04338842975,1.05689877454,3.54545454545,0.499047619048,0.4,8,0.0484848484848,0.255555555556,11,11,11,1,0,0.0909090909091,0.636363636364,0.272727272727,11,0.118181818182,3.72727272727,2.36363636364,1.3,1.625,1.43336856898,0.6064251638,0.286713286713,0.603022689156,0.510249967747,0.237762237762,1.40129809949,1.18571377649,0.503496503497,2.05382127221,0.551025219373,7,3.72727272727,2.05382127221,7,0,0,0,0,0.22962962963,11,11,11,1,0,0.0909090909091,0.636363636364,0.272727272727,11,21,0.190909090909,9.19318181818,3.81818181818,2.1,2.625,1.9908883353,0.521423135436,0.264069264069,1.04446593573,0.547101204432,0.285714285714,1.70026735866,0.890616235486,0.47619047619,3.40237216713,0.370097343272,11.375,9.19318181818,3.40237216713,11.375,0.488095238095,0.385714285714,9,0.0545454545455,0.225925925926,11,11,11,1,0,0.0909090909091,0.636363636364,0.272727272727,1,0.00909090909091,6.14979338843,0.181818181818,0.1,0.125,0.301348322591,0.0567996319409,0.0186147186147,-0.123282480508,-0.0951604245011,-0.0506493506494,-0.239742013393,-0.176388919141,-0.0601731601732,2.34547339259,0.0228203528608,7.82954545455,6.14979338843,2.34547339259,7.82954545455,-0.0109523809524,-0.0142857142857,1,0.00606060606061,-0.0296296296296,0,0,0,18,3,2,87,0.9,0.966666666667,0.0333333333333,0.1,0.857142857143,0.9,0.878048780488,0.850518363956,0.866666666667,0.782608695652,8,7,0,0,0,0
426,WLNM_dir_neg,0.84693877551,0.59696969697,00:00:10,10,10,48,1171943297,threshold_sweep,0.3,0.625,0.714285714286,0.666666666667,5,3,2,11,0.714285714286,0.785714285714,0.214285714286,0.285714285714,0.625,0.714285714286,0.666666666667,0.761904761905,0.539682539683,0.48275862069,0.485362671697,0.5,20,13,7,0,20,0,13,0,7,11,20,0.181818181818,3.04338842975,3.63636363636,2,2.5,1.68954001271,0.464623503495,0.245454545455,1.16774841624,0.642261628933,0.336363636364,1.94000937205,1.06700515463,0.536363636364,1.05689877454,0.347276990411,3.54545454545,3.04338842975,1.05689877454,3.54545454545,0.499047619048,0.4,8,0.0484848484848,0.255555555556,11,11,11,1,0,0.0909090909091,0.636363636364,0.272727272727,11,0.118181818182,3.72727272727,2.36363636364,1.3,1.625,1.43336856898,0.6064251638,0.286713286713,0.603022689156,0.510249967747,0.237762237762,1.40129809949,1.18571377649,0.503496503497,2.05382127221,0.551025219373,7,3.72727272727,2.05382127221,7,0,0,0,0,0.22962962963,11,11,11,1,0,0.0909090909091,0.636363636364,0.272727272727,11,21,0.190909090909,9.19318181818,3.81818181818,2.1,2.625,1.9908883353,0.521423135436,0.264069264069,1.04446593573,0.547101204432,0.285714285714,1.70026735866,0.890616235486,0.47619047619,3.40237216713,0.370097343272,11.375,9.19318181818,3.40237216713,11.375,0.488095238095,0.385714285714,9,0.0545454545455,0.225925925926,11,11,11,1,0,0.0909090909091,0.636363636364,0.272727272727,1,0.00909090909091,6.14979338843,0.181818181818,0.1,0.125,0.301348322591,0.0567996319409,0.0186147186147,-0.123282480508,-0.0951604245011,-0.0506493506494,-0.239742013393,-0.176388919141,-0.0601731601732,2.34547339259,0.0228203528608,7.82954545455,6.14979338843,2.34547339259,7.82954545455,-0.0109523809524,-0.0142857142857,1,0.00606060606061,-0.0296296296296,0,0,0,18,3,2,87,0.9,0.966666666667,0.0333333333333,0.1,0.857142857143,0.9,0.878048780488,0.850518363956,0.866666666667,0.782608695652,8,7,0,0,0,0
427,WLNM_dir_neg,0.84693877551,0.59696969697,00:00:10,10,10,48,1171943297,threshold_sweep,0.4,0.625,0.714285714286,0.666666666667,5,3,2,11,0.714285714286,0.785714285714,0.214285714286,0.285714285714,0.625,0.714285714286,0.666666666667,0.761904761905,0.539682539683,0.48275862069,0.485362671697,0.5,20,13,7,0,20,0,13,0,7,11,20,0.181818181818,3.04338842975,3.63636363636,2,2.5,1.68954001271,0.464623503495,0.245454545455,1.16774841624,0.642261628933,0.336363636364,1.94000937205,1.06700515463,0.536363636364,1.05689877454,0.347276990411,3.54545454545,3.04338842975,1.05689877454,3.54545454545,0.499047619048,0.4,8,0.0484848484848,0.255555555556,11,11,11,1,0,0.0909090909091,0.636363636364,0.272727272727,11,0.118181818182,3.72727272727,2.36363636364,1.3,1.625,1.43336856898,0.6064251638,0.286713286713,0.603022689156,0.510249967747,0.237762237762,1.40129809949,1.18571377649,0.503496503497,2.05382127221,0.551025219373,7,3.72727272727,2.05382127221,7,0,0,0,0,0.22962962963,11,11,11,1,0,0.0909090909091,0.636363636364,0.272727272727,11,21,0.190909090909,9.19318181818,3.81818181818,2.1,2.625,1.9908883353,0.521423135436,0.264069264069,1.04446593573,0.547101204432,0.285714285714,1.70026735866,0.890616235486,0.47619047619,3.40237216713,0.370097343272,11.375,9.19318181818,3.40237216713,11.375,0.488095238095,0.385714285714,9,0.0545454545455,0.225925925926,11,11,11,1,0,0.0909090909091,0.636363636364,0.272727272727,1,0.00909090909091,6.14979338843,0.181818181818,0.1,0.125,0.301348322591,0.0567996319409,0.0186147186147,-0.123282480508,-0.0951604245011,-0.0506493506494,-0.239742013393,-0.176388919141,-0.0601731601732,2.34547339259,0.0228203528608,7.82954545455,6.14979338843,2.34547339259,7.82954545455,-0.0109523809524,-0.0142857142857,1,0.00606060606061,-0.0296296296296,0,0,0,18,3,2,87,0.9,0.966666666667,0.0333333333333,0.1,0.857142857143,0.9,0.878048780488,0.850518363956,0.866666666667,0.782608695652,8,7,0,0,0,0
428,WLNM_dir_neg,0.84693877551,0.59696969697,00:00:10,10,10,48,1171943297,threshold_sweep,0.5,0.625,0.714285714286,0.666666666667,5,3,2,11,0.714285714286,0.785714285714,0.214285714286,0.285714285714,0.625,0.714285714286,0.666666666667,0.761904761905,0.539682539683,0.48275862069,0.485362671697,0.5,20,13,7,0,20,0,13,0,7,11,20,0.181818181818,3.04338842975,3.63636363636,2,2.5,1.68954001271,0.464623503495,0.245454545455,1.16774841624,0.642261628933,0.336363636364,1.94000937205,1.06700515463,0.536363636364,1.05689877454,0.347276990411,3.54545454545,3.04338842975,1.05689877454,3.54545454545,0.499047619048,0.4,8,0.0484848484848,0.255555555556,11,11,11,1,0,0.0909090909091,0.636363636364,0.272727272727,11,0.118181818182,3.72727272727,2.36363636364,1.3,1.625,1.43336856898,0.6064251638,0.286713286713,0.603022689156,0.510249967747,0.237762237762,1.40129809949,1.18571377649,0.503496503497,2.05382127221,0.551025219373,7,3.72727272727,2.05382127221,7,0,0,0,0,0.22962962963,11,11,11,1,0,0.0909090909091,0.636363636364,0.272727272727,11,21,0.190909090909,9.19318181818,3.81818181818,2.1,2.625,1.9908883353,0.521423135436,0.264069264069,1.04446593573,0.547101204432,0.285714285714,1.70026735866,0.890616235486,0.47619047619,3.40237216713,0.370097343272,11.375,9.19318181818,3.40237216713,11.375,0.488095238095,0.385714285714,9,0.0545454545455,0.225925925926,11,11,11,1,0,0.0909090909091,0.636363636364,0.272727272727,1,0.00909090909091,6.14979338843,0.181818181818,0.1,0.125,0.301348322591,0.0567996319409,0.0186147186147,-0.123282480508,-0.0951604245011,-0.0506493506494,-0.239742013393,-0.176388919141,-0.0601731601732,2.34547339259,0.0228203528608,7.82954545455,6.14979338843,2.34547339259,7.82954545455,-0.0109523809524,-0.0142857142857,1,0.00606060606061,-0.0296296296296,0,0,0,18,3,2,87,0.9,0.966666666667,0.0333333333333,0.1,0.857142857143,0.9,0.878048780488,0.850518363956,0.866666666667,0.782608695652,8,7,0,0,0,0
429,WLNM_dir_neg,0.84693877551,0.59696969697,00:00:10,10,10,48,1171943297,threshold_sweep,0.6,0.625,0.714285714286,0.666666666667,5,3,2,11,0.714285714286,0.785714285714,0.214285714286,0.285714285714,0.625,0.714285714286,0.666666666667,0.761904761905,0.539682539683,0.48275862069,0.485362671697,0.5,20,13,7,0,20,0,13,0,7,11,20,0.181818181818,3.04338842975,3.63636363636,2,2.5,1.68954001271,0.464623503495,0.245454545455,1.16774841624,0.642261628933,0.336363636364,1.94000937205,1.06700515463,0.536363636364,1.05689877454,0.347276990411,3.54545454545,3.04338842975,1.05689877454,3.54545454545,0.499047619048,0.4,8,0.0484848484848,0.255555555556,11,11,11,1,0,0.0909090909091,0.636363636364,0.272727272727,11,0.118181818182,3.72727272727,2.36363636364,1.3,1.625,1.43336856898,0.6064251638,0.286713286713,0.603022689156,0.510249967747,0.237762237762,1.40129809949,1.18571377649,0.503496503497,2.05382127221,0.551025219373,7,3.72727272727,2.05382127221,7,0,0,0,0,0.22962962963,11,11,11,1,0,0.0909090909091,0.636363636364,0.272727272727,11,21,0.190909090909,9.19318181818,3.81818181818,2.1,2.625,1.9908883353,0.521423135436,0.264069264069,1.04446593573,0.547101204432,0.285714285714,1.70026735866,0.890616235486,0.47619047619,3.40237216713,0.370097343272,11.375,9.19318181818,3.40237216713,11.375,0.488095238095,0.385714285714,9,0.0545454545455,0.225925925926,11,11,11,1,0,0.0909090909091,0.636363636364,0.272727272727,1,0.00909090909091,6.14979338843,0.181818181818,0.1,0.125,0.301348322591,0.0567996319409,0.0186147186147,-0.123282480508,-0.0951604245011,-0.0506493506494,-0.239742013393,-0.176388919141,-0.0601731601732,2.34547339259,0.0228203528608,7.82954545455,6.14979338843,2.34547339259,7.82954545455,-0.0109523809524,-0.0142857142857,1,0.00606060606061,-0.0296296296296,0,0,0,18,3,2,87,0.9,0.966666666667,0.0333333333333,0.1,0.857142857143,0.9,0.878048780488,0.850518363956,0.866666666667,0.782608695652,8,7,0,0,0,0
430,WLNM_dir_neg,0.84693877551,0.59696969697,00:00:10,10,10,48,1171943297,threshold_sweep,0.7,0.625,0.714285714286,0.666666666667,5,3,2,11,0.714285714286,0.785714285714,0.214285714286,0.285714285714,0.625,0.714285714286,0.666666666667,0.761904761905,0.539682539683,0.48275862069,0.485362671697,0.5,20,13,7,0,20,0,13,0,7,11,20,0.181818181818,3.04338842975,3.63636363636,2,2.5,1.68954001271,0.464623503495,0.245454545455,1.16774841624,0.642261628933,0.336363636364,1.94000937205,1.06700515463,0.536363636364,1.05689877454,0.347276990411,3.54545454545,3.04338842975,1.05689877454,3.54545454545,0.499047619048,0.4,8,0.0484848484848,0.255555555556,11,11,11,1,0,0.0909090909091,0.636363636364,0.272727272727,11,0.118181818182,3.72727272727,2.36363636364,1.3,1.625,1.43336856898,0.6064251638,0.286713286713,0.603022689156,0.510249967747,0.237762237762,1.40129809949,1.18571377649,0.503496503497,2.05382127221,0.551025219373,7,3.72727272727,2.05382127221,7,0,0,0,0,0.22962962963,11,11,11,1,0,0.0909090909091,0.636363636364,0.272727272727,11,21,0.190909090909,9.19318181818,3.81818181818,2.1,2.625,1.9908883353,0.521423135436,0.264069264069,1.04446593573,0.547101204432,0.285714285714,1.70026735866,0.890616235486,0.47619047619,3.40237216713,0.370097343272,11.375,9.19318181818,3.40237216713,11.375,0.488095238095,0.385714285714,9,0.0545454545455,0.225925925926,11,11,11,1,0,0.0909090909091,0.636363636364,0.272727272727,1,0.00909090909091,6.14979338843,0.181818181818,0.1,0.125,0.301348322591,0.0567996319409,0.0186147186147,-0.123282480508,-0.0951604245011,-0.0506493506494,-0.239742013393,-0.176388919141,-0.0601731601732,2.34547339259,0.0228203528608,7.82954545455,6.14979338843,2.34547339259,7.82954545455,-0.0109523809524,-0.0142857142857,1,0.00606060606061,-0.0296296296296,0,0,0,18,3,2,87,0.9,0.966666666667,0.0333333333333,0.1,0.857142857143,0.9,0.878048780488,0.850518363956,0.866666666667,0.782608695652,8,7,0,0,0,0
431,WLNM_dir_neg,0.84693877551,0.59696969697,00:00:10,10,10,48,1171943297,threshold_sweep,0.8,0.625,0.714285714286,0.666666666667,5,3,2,11,0.714285714286,0.785714285714,0.214285714286,0.285714285714,0.625,0.714285714286,0.666666666667,0.761904761905,0.539682539683,0.48275862069,0.485362671697,0.5,20,13,7,0,20,0,13,0,7,11,20,0.181818181818,3.04338842975,3.63636363636,2,2.5,1.68954001271,0.464623503495,0.245454545455,1.16774841624,0.642261628933,0.336363636364,1.94000937205,1.06700515463,0.536363636364,1.05689877454,0.347276990411,3.54545454545,3.04338842975,1.05689877454,3.54545454545,0.499047619048,0.4,8,0.0484848484848,0.255555555556,11,11,11,1,0,0.0909090909091,0.636363636364,0.272727272727,11,0.118181818182,3.72727272727,2.36363636364,1.3,1.625,1.43336856898,0.6064251638,0.286713286713,0.603022689156,0.510249967747,0.237762237762,1.40129809949,1.18571377649,0.503496503497,2.05382127221,0.551025219373,7,3.72727272727,2.05382127221,7,0,0,0,0,0.22962962963,11,11,11,1,0,0.0909090909091,0.636363636364,0.272727272727,11,21,0.190909090909,9.19318181818,3.81818181818,2.1,2.625,1.9908883353,0.521423135436,0.264069264069,1.04446593573,0.547101204432,0.285714285714,1.70026735866,0.890616235486,0.47619047619,3.40237216713,0.370097343272,11.375,9.19318181818,3.40237216713,11.375,0.488095238095,0.385714285714,9,0.0545454545455,0.225925925926,11,11,11,1,0,0.0909090909091,0.636363636364,0.272727272727,1,0.00909090909091,6.14979338843,0.181818181818,0.1,0.125,0.301348322591,0.0567996319409,0.0186147186147,-0.123282480508,-0.0951604245011,-0.0506493506494,-0.239742013393,-0.176388919141,-0.0601731601732,2.34547339259,0.0228203528608,7.82954545455,6.14979338843,2.34547339259,7.82954545455,-0.0109523809524,-0.0142857142857,1,0.00606060606061,-0.0296296296296,0,0,0,18,3,2,87,0.9,0.966666666667,0.0333333333333,0.1,0.857142857143,0.9,0.878048780488,0.850518363956,0.866666666667,0.782608695652,8,7,0,0,0,0
432,WLNM_dir_neg,0.84693877551,0.59696969697,00:00:10,10,10,48,1171943297,threshold_sweep,0.9,0.625,0.714285714286,0.666666666667,5,3,2,11,0.714285714286,0.785714285714,0.214285714286,0.285714285714,0.625,0.714285714286,0.666666666667,0.761904761905,0.539682539683,0.48275862069,0.485362671697,0.5,20,13,7,0,20,0,13,0,7,11,20,0.181818181818,3.04338842975,3.63636363636,2,2.5,1.68954001271,0.464623503495,0.245454545455,1.16774841624,0.642261628933,0.336363636364,1.94000937205,1.06700515463,0.536363636364,1.05689877454,0.347276990411,3.54545454545,3.04338842975,1.05689877454,3.54545454545,0.499047619048,0.4,8,0.0484848484848,0.255555555556,11,11,11,1,0,0.0909090909091,0.636363636364,0.272727272727,11,0.118181818182,3.72727272727,2.36363636364,1.3,1.625,1.43336856898,0.6064251638,0.286713286713,0.603022689156,0.510249967747,0.237762237762,1.40129809949,1.18571377649,0.503496503497,2.05382127221,0.551025219373,7,3.72727272727,2.05382127221,7,0,0,0,0,0.22962962963,11,11,11,1,0,0.0909090909091,0.636363636364,0.272727272727,11,21,0.190909090909,9.19318181818,3.81818181818,2.1,2.625,1.9908883353,0.521423135436,0.264069264069,1.04446593573,0.547101204432,0.285714285714,1.70026735866,0.890616235486,0.47619047619,3.40237216713,0.370097343272,11.375,9.19318181818,3.40237216713,11.375,0.488095238095,0.385714285714,9,0.0545454545455,0.225925925926,11,11,11,1,0,0.0909090909091,0.636363636364,0.272727272727,1,0.00909090909091,6.14979338843,0.181818181818,0.1,0.125,0.301348322591,0.0567996319409,0.0186147186147,-0.123282480508,-0.0951604245011,-0.0506493506494,-0.239742013393,-0.176388919141,-0.0601731601732,2.34547339259,0.0228203528608,7.82954545455,6.14979338843,2.34547339259,7.82954545455,-0.0109523809524,-0.0142857142857,1,0.00606060606061,-0.0296296296296,0,0,0,18,3,2,87,0.9,0.966666666667,0.0333333333333,0.1,0.857142857143,0.9,0.878048780488,0.850518363956,0.866666666667,0.782608695652,8,7,0,0,0,0
433,WLNM_dir_neg,0.80612244898,0.516663203743,00:00:10,10,10,49,1171943298,threshold_sweep,0.1,0.833333333333,0.714285714286,0.769230769231,5,1,2,13,0.714285714286,0.928571428571,0.0714285714286,0.285714285714,0.833333333333,0.714285714286,0.769230769231,0.857142857143,0.571428571429,0.666666666667,0.67082039325,0.642857142857,20,13,7,0,20,0,13,0,7,11,20,0.181818181818,3.04338842975,3.63636363636,2,2.5,1.68954001271,0.464623503495,0.245454545455,1.16774841624,0.642261628933,0.336363636364,1.94000937205,1.06700515463,0.536363636364,1.05689877454,0.347276990411,3.54545454545,3.04338842975,1.05689877454,3.54545454545,0.499047619048,0.4,8,0.0484848484848,0.255555555556,11,11,11,1,0,0.0909090909091,0.636363636364,0.272727272727,11,0.118181818182,3.72727272727,2.36363636364,1.3,1.625,1.43336856898,0.6064251638,0.286713286713,0.603022689156,0.510249967747,0.237762237762,1.40129809949,1.18571377649,0.503496503497,2.05382127221,0.551025219373,7,3.72727272727,2.05382127221,7,0,0,0,0,0.22962962963,11,11,11,1,0,0.0909090909091,0.636363636364,0.272727272727,11,19,0.172727272727,6.19602272727,3.45454545455,1.9,2.375,1.69491217257,0.490632471007,0.253588516746,0.904534033733,0.523677598477,0.267942583732,1.67874411933,0.971904490138,0.507177033493,2.22556571588,0.359192632732,7.75,6.19602272727,2.22556571588,7.75,0.360952380952,0.277777777778,5,0.030303030303,0.219259259259,11,11,11,1,0,0.0909090909091,0.636363636364,0.272727272727,-1,-0.00909090909091,3.15263429752,-0.181818181818,-0.1,-0.125,0.00537215986117,0.0260089675122,0.00813397129187,-0.263214382509,-0.118584030456,-0.0684210526316,-0.26126525272,-0.0951006644889,-0.0291866028708,1.16866694134,0.0119156423206,4.20454545455,3.15263429752,1.16866694134,4.20454545455,-0.138095238095,-0.122222222222,-3,-0.0181818181818,-0.0362962962963,0,0,0,18,1,2,89,0.9,0.988888888889,0.0111111111111,0.1,0.947368421053,0.9,0.923076923077,0.906956031802,0.888888888889,0.857142857143,6,7,0,0,0,0
434,WLNM_dir_neg,0.80612244898,0.516663203743,00:00:10,10,10,49,1171943298,threshold_sweep,0.2,0.8,0.571428571429,0.666666666667,4,1,3,13,0.571428571429,0.928571428571,0.0714285714286,0.428571428571,0.8,0.571428571429,0.666666666667,0.809523809524,0.587301587302,0.538461538462,0.553398590529,0.5,20,13,7,0,20,0,13,0,7,11,20,0.181818181818,3.04338842975,3.63636363636,2,2.5,1.68954001271,0.464623503495,0.245454545455,1.16774841624,0.642261628933,0.336363636364,1.94000937205,1.06700515463,0.536363636364,1.05689877454,0.347276990411,3.54545454545,3.04338842975,1.05689877454,3.54545454545,0.499047619048,0.4,8,0.0484848484848,0.255555555556,11,11,11,1,0,0.0909090909091,0.636363636364,0.272727272727,11,0.118181818182,3.72727272727,2.36363636364,1.3,1.625,1.43336856898,0.6064251638,0.286713286713,0.603022689156,0.510249967747,0.237762237762,1.40129809949,1.18571377649,0.503496503497,2.05382127221,0.551025219373,7,3.72727272727,2.05382127221,7,0,0,0,0,0.22962962963,11,11,11,1,0,0.0909090909091,0.636363636364,0.272727272727,11,18,0.163636363636,6.34090909091,3.27272727273,1.8,2.25,1.61807966991,0.494413232473,0.242424242424,0.809039834956,0.494413232473,0.242424242424,1.5666989036,0.957427107756,0.494949494949,2.31913973079,0.365742466504,8,6.34090909091,2.31913973079,8,0.314285714286,0.25,4,0.0242424242424,0.203703703704,11,11,11,1,0,0.0909090909091,0.636363636364,0.272727272727,-2,-0.0181818181818,3.29752066116,-0.363636363636,-0.2,-0.25,-0.0714603427974,0.029789728978,-0.0030303030303,-0.358708581286,-0.14784839646,-0.0939393939394,-0.373310468447,-0.10957804687,-0.0414141414141,1.26224095625,0.0184654760925,4.45454545455,3.29752066116,1.26224095625,4.45454545455,-0.184761904762,-0.15,-4,-0.0242424242424,-0.0518518518519,0,0,0,17,1,3,89,0.85,0.988888888889,0.0111111111111,0.15,0.944444444444,0.85,0.894736842105,0.874602125628,0.838888888889,0.809523809524,5,7,0,0,0,0
435,WLNM_dir_neg,0.80612244898,0.516663203743,00:00:10,10,10,49,1171943298,threshold_sweep,0.3,0.8,0.571428571429,0.666666666667,4,1,3,13,0.571428571429,0.928571428571,0.0714285714286,0.428571428571,0.8,0.571428571429,0.666666666667,0.809523809524,0.587301587302,0.538461538462,0.553398590529,0.5,20,13,7,0,20,0,13,0,7,11,20,0.181818181818,3.04338842975,3.63636363636,2,2.5,1.68954001271,0.464623503495,0.245454545455,1.16774841624,0.642261628933,0.336363636364,1.94000937205,1.06700515463,0.536363636364,1.05689877454,0.347276990411,3.54545454545,3.04338842975,1.05689877454,3.54545454545,0.499047619048,0.4,8,0.0484848484848,0.255555555556,11,11,11,1,0,0.0909090909091,0.636363636364,0.272727272727,11,0.118181818182,3.72727272727,2.36363636364,1.3,1.625,1.43336856898,0.6064251638,0.286713286713,0.603022689156,0.510249967747,0.237762237762,1.40129809949,1.18571377649,0.503496503497,2.05382127221,0.551025219373,7,3.72727272727,2.05382127221,7,0,0,0,0,0.22962962963,11,11,11,1,0,0.0909090909091,0.636363636364,0.272727272727,11,18,0.163636363636,6.34090909091,3.27272727273,1.8,2.25,1.61807966991,0.494413232473,0.242424242424,0.809039834956,0.494413232473,0.242424242424,1.5666989036,0.957427107756,0.494949494949,2.31913973079,0.365742466504,8,6.34090909091,2.31913973079,8,0.314285714286,0.25,4,0.0242424242424,0.203703703704,11,11,11,1,0,0.0909090909091,0.636363636364,0.272727272727,-2,-0.0181818181818,3.29752066116,-0.363636363636,-0.2,-0.25,-0.0714603427974,0.029789728978,-0.0030303030303,-0.358708581286,-0.14784839646,-0.0939393939394,-0.373310468447,-0.10957804687,-0.0414141414141,1.26224095625,0.0184654760925,4.45454545455,3.29752066116,1.26224095625,4.45454545455,-0.184761904762,-0.15,-4,-0.0242424242424,-0.0518518518519,0,0,0,17,1,3,89,0.85,0.988888888889,0.0111111111111,0.15,0.944444444444,0.85,0.894736842105,0.874602125628,0.838888888889,0.809523809524,5,7,0,0,0,0
436,WLNM_dir_neg,0.80612244898,0.516663203743,00:00:10,10,10,49,1171943298,threshold_sweep,0.4,1,0.571428571429,0.727272727273,4,0,3,14,0.571428571429,1,0,0.428571428571,1,0.571428571429,0.727272727273,0.857142857143,0.603174603175,0.64,0.68599434057,0.571428571429,20,13,7,0,20,0,13,0,7,11,20,0.181818181818,3.04338842975,3.63636363636,2,2.5,1.68954001271,0.464623503495,0.245454545455,1.16774841624,0.642261628933,0.336363636364,1.94000937205,1.06700515463,0.536363636364,1.05689877454,0.347276990411,3.54545454545,3.04338842975,1.05689877454,3.54545454545,0.499047619048,0.4,8,0.0484848484848,0.255555555556,11,11,11,1,0,0.0909090909091,0.636363636364,0.272727272727,11,0.118181818182,3.72727272727,2.36363636364,1.3,1.625,1.43336856898,0.6064251638,0.286713286713,0.603022689156,0.510249967747,0.237762237762,1.40129809949,1.18571377649,0.503496503497,2.05382127221,0.551025219373,7,3.72727272727,2.05382127221,7,0,0,0,0,0.22962962963,11,11,11,1,0,0.0909090909091,0.636363636364,0.272727272727,11,17,0.154545454545,3.15909090909,3.09090909091,1.7,2.125,1.30034960334,0.420701342257,0.208556149733,0.820199532265,0.530717344407,0.267379679144,1.57249078621,1.01749403814,0.513368983957,1.21589847064,0.38488872452,4,3.15909090909,1.21589847064,4,0.296666666667,0.230769230769,3,0.0181818181818,0.203703703704,11,11,11,1,0,0.0909090909091,0.636363636364,0.272727272727,-3,-0.0272727272727,0.115702479339,-0.545454545455,-0.3,-0.375,-0.389190409368,-0.0439221612377,-0.0368983957219,-0.347548883978,-0.111544284527,-0.0689839572193,-0.367518585835,-0.0495111164884,-0.0229946524064,0.158999696105,0.0376117341084,0.454545454545,0.115702479339,0.158999696105,0.454545454545,-0.202380952381,-0.169230769231,-5,-0.030303030303,-0.0518518518519,0,0,0,17,0,3,90,0.85,1,0,0.15,1,0.85,0.918918918919,0.906962317388,0.85,0.85,4,7,0,0,0,0
437,WLNM_dir_neg,0.80612244898,0.516663203743,00:00:10,10,10,49,1171943298,threshold_sweep,0.5,1,0.571428571429,0.727272727273,4,0,3,14,0.571428571429,1,0,0.428571428571,1,0.571428571429,0.727272727273,0.857142857143,0.603174603175,0.64,0.68599434057,0.571428571429,20,13,7,0,20,0,13,0,7,11,20,0.181818181818,3.04338842975,3.63636363636,2,2.5,1.68954001271,0.464623503495,0.245454545455,1.16774841624,0.642261628933,0.336363636364,1.94000937205,1.06700515463,0.536363636364,1.05689877454,0.347276990411,3.54545454545,3.04338842975,1.05689877454,3.54545454545,0.499047619048,0.4,8,0.0484848484848,0.255555555556,11,11,11,1,0,0.0909090909091,0.636363636364,0.272727272727,11,0.118181818182,3.72727272727,2.36363636364,1.3,1.625,1.43336856898,0.6064251638,0.286713286713,0.603022689156,0.510249967747,0.237762237762,1.40129809949,1.18571377649,0.503496503497,2.05382127221,0.551025219373,7,3.72727272727,2.05382127221,7,0,0,0,0,0.22962962963,11,11,11,1,0,0.0909090909091,0.636363636364,0.272727272727,11,17,0.154545454545,3.15909090909,3.09090909091,1.7,2.125,1.30034960334,0.420701342257,0.208556149733,0.820199532265,0.530717344407,0.267379679144,1.57249078621,1.01749403814,0.513368983957,1.21589847064,0.38488872452,4,3.15909090909,1.21589847064,4,0.296666666667,0.230769230769,3,0.0181818181818,0.203703703704,11,11,11,1,0,0.0909090909091,0.636363636364,0.272727272727,-3,-0.0272727272727,0.115702479339,-0.545454545455,-0.3,-0.375,-0.389190409368,-0.0439221612377,-0.0368983957219,-0.347548883978,-0.111544284527,-0.0689839572193,-0.367518585835,-0.0495111164884,-0.0229946524064,0.158999696105,0.0376117341084,0.454545454545,0.115702479339,0.158999696105,0.454545454545,-0.202380952381,-0.169230769231,-5,-0.030303030303,-0.0518518518519,0,0,0,17,0,3,90,0.85,1,0,0.15,1,0.85,0.918918918919,0.906962317388,0.85,0.85,4,7,0,0,0,0
438,WLNM_dir_neg,0.80612244898,0.516663203743,00:00:10,10,10,49,1171943298,threshold_sweep,0.6,1,0.571428571429,0.727272727273,4,0,3,14,0.571428571429,1,0,0.428571428571,1,0.571428571429,0.727272727273,0.857142857143,0.603174603175,0.64,0.68599434057,0.571428571429,20,13,7,0,20,0,13,0,7,11,20,0.181818181818,3.04338842975,3.63636363636,2,2.5,1.68954001271,0.464623503495,0.245454545455,1.16774841624,0.642261628933,0.336363636364,1.94000937205,1.06700515463,0.536363636364,1.05689877454,0.347276990411,3.54545454545,3.04338842975,1.05689877454,3.54545454545,0.499047619048,0.4,8,0.0484848484848,0.255555555556,11,11,11,1,0,0.0909090909091,0.636363636364,0.272727272727,11,0.118181818182,3.72727272727,2.36363636364,1.3,1.625,1.43336856898,0.6064251638,0.286713286713,0.603022689156,0.510249967747,0.237762237762,1.40129809949,1.18571377649,0.503496503497,2.05382127221,0.551025219373,7,3.72727272727,2.05382127221,7,0,0,0,0,0.22962962963,11,11,11,1,0,0.0909090909091,0.636363636364,0.272727272727,11,17,0.154545454545,3.15909090909,3.09090909091,1.7,2.125,1.30034960334,0.420701342257,0.208556149733,0.820199532265,0.530717344407,0.267379679144,1.57249078621,1.01749403814,0.513368983957,1.21589847064,0.38488872452,4,3.15909090909,1.21589847064,4,0.296666666667,0.230769230769,3,0.0181818181818,0.203703703704,11,11,11,1,0,0.0909090909091,0.636363636364,0.272727272727,-3,-0.0272727272727,0.115702479339,-0.545454545455,-0.3,-0.375,-0.389190409368,-0.0439221612377,-0.0368983957219,-0.347548883978,-0.111544284527,-0.0689839572193,-0.367518585835,-0.0495111164884,-0.0229946524064,0.158999696105,0.0376117341084,0.454545454545,0.115702479339,0.158999696105,0.454545454545,-0.202380952381,-0.169230769231,-5,-0.030303030303,-0.0518518518519,0,0,0,17,0,3,90,0.85,1,0,0.15,1,0.85,0.918918918919,0.906962317388,0.85,0.85,4,7,0,0,0,0
439,WLNM_dir_neg,0.80612244898,0.516663203743,00:00:10,10,10,49,1171943298,threshold_sweep,0.7,1,0.428571428571,0.6,3,0,4,14,0.428571428571,1,0,0.571428571429,1,0.428571428571,0.6,0.809523809524,0.619047619048,0.5,0.57735026919,0.428571428571,20,13,7,0,20,0,13,0,7,11,20,0.181818181818,3.04338842975,3.63636363636,2,2.5,1.68954001271,0.464623503495,0.245454545455,1.16774841624,0.642261628933,0.336363636364,1.94000937205,1.06700515463,0.536363636364,1.05689877454,0.347276990411,3.54545454545,3.04338842975,1.05689877454,3.54545454545,0.499047619048,0.4,8,0.0484848484848,0.255555555556,11,11,11,1,0,0.0909090909091,0.636363636364,0.272727272727,11,0.118181818182,3.72727272727,2.36363636364,1.3,1.625,1.43336856898,0.6064251638,0.286713286713,0.603022689156,0.510249967747,0.237762237762,1.40129809949,1.18571377649,0.503496503497,2.05382127221,0.551025219373,7,3.72727272727,2.05382127221,7,0,0,0,0,0.22962962963,11,11,11,1,0,0.0909090909091,0.636363636364,0.272727272727,11,16,0.145454545455,3.25,2.90909090909,1.6,2,1.22102788294,0.41972833476,0.181818181818,0.687551650952,0.47269176003,0.227272727273,1.50755672289,1.03644524699,0.511363636364,1.3758835545,0.423348786001,4.66666666667,3.25,1.3758835545,4.66666666667,0.213333333333,0.176470588235,2,0.0121212121212,0.192592592593,11,11,11,1,0,0.0909090909091,0.636363636364,0.272727272727,-4,-0.0363636363636,0.206611570248,-0.727272727273,-0.4,-0.5,-0.468512129772,-0.0448951687355,-0.0636363636364,-0.48019676529,-0.169569868904,-0.109090909091,-0.43245264916,-0.0305599076407,-0.025,0.318984779967,0.07607179559,1.12121212121,0.206611570248,0.318984779967,1.12121212121,-0.285714285714,-0.223529411765,-6,-0.0363636363636,-0.062962962963,0,0,0,16,0,4,90,0.8,1,0,0.2,1,0.8,0.888888888889,0.875189948987,0.8,0.8,3,7,0,0,0,0
440,WLNM_dir_neg,0.80612244898,0.516663203743,00:00:10,10,10,49,1171943298,threshold_sweep,0.8,1,0.428571428571,0.6,3,0,4,14,0.428571428571,1,0,0.571428571429,1,0.428571428571,0.6,0.809523809524,0.619047619048,0.5,0.57735026919,0.428571428571,20,13,7,0,20,0,13,0,7,11,20,0.181818181818,3.04338842975,3.63636363636,2,2.5,1.68954001271,0.464623503495,0.245454545455,1.16774841624,0.642261628933,0.336363636364,1.94000937205,1.06700515463,0.536363636364,1.05689877454,0.347276990411,3.54545454545,3.04338842975,1.05689877454,3.54545454545,0.499047619048,0.4,8,0.0484848484848,0.255555555556,11,11,11,1,0,0.0909090909091,0.636363636364,0.272727272727,11,0.118181818182,3.72727272727,2.36363636364,1.3,1.625,1.43336856898,0.6064251638,0.286713286713,0.603022689156,0.510249967747,0.237762237762,1.40129809949,1.18571377649,0.503496503497,2.05382127221,0.551025219373,7,3.72727272727,2.05382127221,7,0,0,0,0,0.22962962963,11,11,11,1,0,0.0909090909091,0.636363636364,0.272727272727,11,16,0.145454545455,3.25,2.90909090909,1.6,2,1.22102788294,0.41972833476,0.181818181818,0.687551650952,0.47269176003,0.227272727273,1.50755672289,1.03644524699,0.511363636364,1.3758835545,0.423348786001,4.66666666667,3.25,1.3758835545,4.66666666667,0.213333333333,0.176470588235,2,0.0121212121212,0.192592592593,11,11,11,1,0,0.0909090909091,0.636363636364,0.272727272727,-4,-0.0363636363636,0.206611570248,-0.727272727273,-0.4,-0.5,-0.468512129772,-0.0448951687355,-0.0636363636364,-0.48019676529,-0.169569868904,-0.109090909091,-0.43245264916,-0.0305599076407,-0.025,0.318984779967,0.07607179559,1.12121212121,0.206611570248,0.318984779967,1.12121212121,-0.285714285714,-0.223529411765,-6,-0.0363636363636,-0.062962962963,0,0,0,16,0,4,90,0.8,1,0,0.2,1,0.8,0.888888888889,0.875189948987,0.8,0.8,3,7,0,0,0,0
441,WLNM_dir_neg,0.80612244898,0.516663203743,00:00:10,10,10,49,1171943298,threshold_sweep,0.9,1,0.428571428571,0.6,3,0,4,14,0.428571428571,1,0,0.571428571429,1,0.428571428571,0.6,0.809523809524,0.619047619048,0.5,0.57735026919,0.428571428571,20,13,7,0,20,0,13,0,7,11,20,0.181818181818,3.04338842975,3.63636363636,2,2.5,1.68954001271,0.464623503495,0.245454545455,1.16774841624,0.642261628933,0.336363636364,1.94000937205,1.06700515463,0.536363636364,1.05689877454,0.347276990411,3.54545454545,3.04338842975,1.05689877454,3.54545454545,0.499047619048,0.4,8,0.0484848484848,0.255555555556,11,11,11,1,0,0.0909090909091,0.636363636364,0.272727272727,11,0.118181818182,3.72727272727,2.36363636364,1.3,1.625,1.43336856898,0.6064251638,0.286713286713,0.603022689156,0.510249967747,0.237762237762,1.40129809949,1.18571377649,0.503496503497,2.05382127221,0.551025219373,7,3.72727272727,2.05382127221,7,0,0,0,0,0.22962962963,11,11,11,1,0,0.0909090909091,0.636363636364,0.272727272727,11,16,0.145454545455,3.25,2.90909090909,1.6,2,1.22102788294,0.41972833476,0.181818181818,0.687551650952,0.47269176003,0.227272727273,1.50755672289,1.03644524699,0.511363636364,1.3758835545,0.423348786001,4.66666666667,3.25,1.3758835545,4.66666666667,0.213333333333,0.176470588235,2,0.0121212121212,0.192592592593,11,11,11,1,0,0.0909090909091,0.636363636364,0.272727272727,-4,-0.0363636363636,0.206611570248,-0.727272727273,-0.4,-0.5,-0.468512129772,-0.0448951687355,-0.0636363636364,-0.48019676529,-0.169569868904,-0.109090909091,-0.43245264916,-0.0305599076407,-0.025,0.318984779967,0.07607179559,1.12121212121,0.206611570248,0.318984779967,1.12121212121,-0.285714285714,-0.223529411765,-6,-0.0363636363636,-0.062962962963,0,0,0,16,0,4,90,0.8,1,0,0.2,1,0.8,0.888888888889,0.875189948987,0.8,0.8,3,7,0,0,0,0
442,WLNM_dir_neg,0.744897959184,0.455353277675,00:00:10,10,10,50,1171943299,threshold_sweep,0.1,0.666666666667,0.571428571429,0.615384615385,4,2,3,12,0.571428571429,0.857142857143,0.142857142857,0.428571428571,0.666666666667,0.571428571429,0.615384615385,0.761904761905,0.571428571429,0.444444444444,0.4472135955,0.428571428571,20,13,7,0,20,0,13,0,7,11,20,0.181818181818,3.04338842975,3.63636363636,2,2.5,1.68954001271,0.464623503495,0.245454545455,1.16774841624,0.642261628933,0.336363636364,1.94000937205,1.06700515463,0.536363636364,1.05689877454,0.347276990411,3.54545454545,3.04338842975,1.05689877454,3.54545454545,0.499047619048,0.4,8,0.0484848484848,0.255555555556,11,11,11,1,0,0.0909090909091,0.636363636364,0.272727272727,11,0.118181818182,3.72727272727,2.36363636364,1.3,1.625,1.43336856898,0.6064251638,0.286713286713,0.603022689156,0.510249967747,0.237762237762,1.40129809949,1.18571377649,0.503496503497,2.05382127221,0.551025219373,7,3.72727272727,2.05382127221,7,0,0,0,0,0.22962962963,11,11,11,1,0,0.0909090909091,0.636363636364,0.272727272727,11,19,0.172727272727,4.57727272727,3.45454545455,1.9,2.375,1.63484778274,0.473245410793,0.248803827751,0.786245393107,0.455194701272,0.210526315789,1.61807966991,0.936782966791,0.488038277512,2.47137245639,0.539922483024,7.2,4.57727272727,2.47137245639,7.2,0.213333333333,0.153846153846,2,0.0121212121212,0.183333333333,11,11,11,1,0,0.0909090909091,0.636363636364,0.272727272727,-1,-0.00909090909091,1.53388429752,-0.181818181818,-0.1,-0.125,-0.05469222997,0.00862190729789,0.00334928229665,-0.381503023135,-0.187066927661,-0.125837320574,-0.321929702137,-0.130222187836,-0.0483253588517,1.41447368185,0.192645492612,3.65454545455,1.53388429752,1.41447368185,3.65454545455,-0.285714285714,-0.246153846154,-6,-0.0363636363636,-0.0722222222222,0,0,0,17,2,3,88,0.85,0.977777777778,0.0222222222222,0.15,0.894736842105,0.85,0.871794871795,0.844602804616,0.827777777778,0.772727272727,6,7,0,0,0,0
443,WLNM_dir_neg,0.744897959184,0.455353277675,00:00:10,10,10,50,1171943299,threshold_sweep,0.2,0.666666666667,0.571428571429,0.615384615385,4,2,3,12,0.571428571429,0.857142857143,0.142857142857,0.428571428571,0.666666666667,0.571428571429,0.615384615385,0.761904761905,0.571428571429,0.444444444444,0.4472135955,0.428571428571,20,13,7,0,20,0,13,0,7,11,20,0.181818181818,3.04338842975,3.63636363636,2,2.5,1.68954001271,0.464623503495,0.245454545455,1.16774841624,0.642261628933,0.336363636364,1.94000937205,1.06700515463,0.536363636364,1.05689877454,0.347276990411,3.54545454545,3.04338842975,1.05689877454,3.54545454545,0.499047619048,0.4,8,0.0484848484848,0.255555555556,11,11,11,1,0,0.0909090909091,0.636363636364,0.272727272727,11,0.118181818182,3.72727272727,2.36363636364,1.3,1.625,1.43336856898,0.6064251638,0.286713286713,0.603022689156,0.510249967747,0.237762237762,1.40129809949,1.18571377649,0.503496503497,2.05382127221,0.551025219373,7,3.72727272727,2.05382127221,7,0,0,0,0,0.22962962963,11,11,11,1,0,0.0909090909091,0.636363636364,0.272727272727,11,19,0.172727272727,4.57727272727,3.45454545455,1.9,2.375,1.63484778274,0.473245410793,0.248803827751,0.786245393107,0.455194701272,0.210526315789,1.61807966991,0.936782966791,0.488038277512,2.47137245639,0.539922483024,7.2,4.57727272727,2.47137245639,7.2,0.213333333333,0.153846153846,2,0.0121212121212,0.183333333333,11,11,11,1,0,0.0909090909091,0.636363636364,0.272727272727,-1,-0.00909090909091,1.53388429752,-0.181818181818,-0.1,-0.125,-0.05469222997,0.00862190729789,0.00334928229665,-0.381503023135,-0.187066927661,-0.125837320574,-0.321929702137,-0.130222187836,-0.0483253588517,1.41447368185,0.192645492612,3.65454545455,1.53388429752,1.41447368185,3.65454545455,-0.285714285714,-0.246153846154,-6,-0.0363636363636,-0.0722222222222,0,0,0,17,2,3,88,0.85,0.977777777778,0.0222222222222,0.15,0.894736842105,0.85,0.871794871795,0.844602804616,0.827777777778,0.772727272727,6,7,0,0,0,0
444,WLNM_dir_neg,0.744897959184,0.455353277675,00:00:10,10,10,50,1171943299,threshold_sweep,0.3,0.666666666667,0.571428571429,0.615384615385,4,2,3,12,0.571428571429,0.857142857143,0.142857142857,0.428571428571,0.666666666667,0.571428571429,0.615384615385,0.761904761905,0.571428571429,0.444444444444,0.4472135955,0.428571428571,20,13,7,0,20,0,13,0,7,11,20,0.181818181818,3.04338842975,3.63636363636,2,2.5,1.68954001271,0.464623503495,0.245454545455,1.16774841624,0.642261628933,0.336363636364,1.94000937205,1.06700515463,0.536363636364,1.05689877454,0.347276990411,3.54545454545,3.04338842975,1.05689877454,3.54545454545,0.499047619048,0.4,8,0.0484848484848,0.255555555556,11,11,11,1,0,0.0909090909091,0.636363636364,0.272727272727,11,0.118181818182,3.72727272727,2.36363636364,1.3,1.625,1.43336856898,0.6064251638,0.286713286713,0.603022689156,0.510249967747,0.237762237762,1.40129809949,1.18571377649,0.503496503497,2.05382127221,0.551025219373,7,3.72727272727,2.05382127221,7,0,0,0,0,0.22962962963,11,11,11,1,0,0.0909090909091,0.636363636364,0.272727272727,11,19,0.172727272727,4.57727272727,3.45454545455,1.9,2.375,1.63484778274,0.473245410793,0.248803827751,0.786245393107,0.455194701272,0.210526315789,1.61807966991,0.936782966791,0.488038277512,2.47137245639,0.539922483024,7.2,4.57727272727,2.47137245639,7.2,0.213333333333,0.153846153846,2,0.0121212121212,0.183333333333,11,11,11,1,0,0.0909090909091,0.636363636364,0.272727272727,-1,-0.00909090909091,1.53388429752,-0.181818181818,-0.1,-0.125,-0.05469222997,0.00862190729789,0.00334928229665,-0.381503023135,-0.187066927661,-0.125837320574,-0.321929702137,-0.130222187836,-0.0483253588517,1.41447368185,0.192645492612,3.65454545455,1.53388429752,1.41447368185,3.65454545455,-0.285714285714,-0.246153846154,-6,-0.0363636363636,-0.0722222222222,0,0,0,17,2,3,88,0.85,0.977777777778,0.0222222222222,0.15,0.894736842105,0.85,0.871794871795,0.844602804616,0.827777777778,0.772727272727,6,7,0,0,0,0
445,WLNM_dir_neg,0.744897959184,0.455353277675,00:00:10,10,10,50,1171943299,threshold_sweep,0.4,0.666666666667,0.571428571429,0.615384615385,4,2,3,12,0.571428571429,0.857142857143,0.142857142857,0.428571428571,0.666666666667,0.571428571429,0.615384615385,0.761904761905,0.571428571429,0.444444444444,0.4472135955,0.428571428571,20,13,7,0,20,0,13,0,7,11,20,0.181818181818,3.04338842975,3.63636363636,2,2.5,1.68954001271,0.464623503495,0.245454545455,1.16774841624,0.642261628933,0.336363636364,1.94000937205,1.06700515463,0.536363636364,1.05689877454,0.347276990411,3.54545454545,3.04338842975,1.05689877454,3.54545454545,0.499047619048,0.4,8,0.0484848484848,0.255555555556,11,11,11,1,0,0.0909090909091,0.636363636364,0.272727272727,11,0.118181818182,3.72727272727,2.36363636364,1.3,1.625,1.43336856898,0.6064251638,0.286713286713,0.603022689156,0.510249967747,0.237762237762,1.40129809949,1.18571377649,0.503496503497,2.05382127221,0.551025219373,7,3.72727272727,2.05382127221,7,0,0,0,0,0.22962962963,11,11,11,1,0,0.0909090909091,0.636363636364,0.272727272727,11,19,0.172727272727,4.57727272727,3.45454545455,1.9,2.375,1.63484778274,0.473245410793,0.248803827751,0.786245393107,0.455194701272,0.210526315789,1.61807966991,0.936782966791,0.488038277512,2.47137245639,0.539922483024,7.2,4.57727272727,2.47137245639,7.2,0.213333333333,0.153846153846,2,0.0121212121212,0.183333333333,11,11,11,1,0,0.0909090909091,0.636363636364,0.272727272727,-1,-0.00909090909091,1.53388429752,-0.181818181818,-0.1,-0.125,-0.05469222997,0.00862190729789,0.00334928229665,-0.381503023135,-0.187066927661,-0.125837320574,-0.321929702137,-0.130222187836,-0.0483253588517,1.41447368185,0.192645492612,3.65454545455,1.53388429752,1.41447368185,3.65454545455,-0.285714285714,-0.246153846154,-6,-0.0363636363636,-0.0722222222222,0,0,0,17,2,3,88,0.85,0.977777777778,0.0222222222222,0.15,0.894736842105,0.85,0.871794871795,0.844602804616,0.827777777778,0.772727272727,6,7,0,0,0,0
446,WLNM_dir_neg,0.744897959184,0.455353277675,00:00:10,10,10,50,1171943299,threshold_sweep,0.5,0.666666666667,0.571428571429,0.615384615385,4,2,3,12,0.571428571429,0.857142857143,0.142857142857,0.428571428571,0.666666666667,0.571428571429,0.615384615385,0.761904761905,0.571428571429,0.444444444444,0.4472135955,0.428571428571,20,13,7,0,20,0,13,0,7,11,20,0.181818181818,3.04338842975,3.63636363636,2,2.5,1.68954001271,0.464623503495,0.245454545455,1.16774841624,0.642261628933,0.336363636364,1.94000937205,1.06700515463,0.536363636364,1.05689877454,0.347276990411,3.54545454545,3.04338842975,1.05689877454,3.54545454545,0.499047619048,0.4,8,0.0484848484848,0.255555555556,11,11,11,1,0,0.0909090909091,0.636363636364,0.272727272727,11,0.118181818182,3.72727272727,2.36363636364,1.3,1.625,1.43336856898,0.6064251638,0.286713286713,0.603022689156,0.510249967747,0.237762237762,1.40129809949,1.18571377649,0.503496503497,2.05382127221,0.551025219373,7,3.72727272727,2.05382127221,7,0,0,0,0,0.22962962963,11,11,11,1,0,0.0909090909091,0.636363636364,0.272727272727,11,19,0.172727272727,4.57727272727,3.45454545455,1.9,2.375,1.63484778274,0.473245410793,0.248803827751,0.786245393107,0.455194701272,0.210526315789,1.61807966991,0.936782966791,0.488038277512,2.47137245639,0.539922483024,7.2,4.57727272727,2.47137245639,7.2,0.213333333333,0.153846153846,2,0.0121212121212,0.183333333333,11,11,11,1,0,0.0909090909091,0.636363636364,0.272727272727,-1,-0.00909090909091,1.53388429752,-0.181818181818,-0.1,-0.125,-0.05469222997,0.00862190729789,0.00334928229665,-0.381503023135,-0.187066927661,-0.125837320574,-0.321929702137,-0.130222187836,-0.0483253588517,1.41447368185,0.192645492612,3.65454545455,1.53388429752,1.41447368185,3.65454545455,-0.285714285714,-0.246153846154,-6,-0.0363636363636,-0.0722222222222,0,0,0,17,2,3,88,0.85,0.977777777778,0.0222222222222,0.15,0.894736842105,0.85,0.871794871795,0.844602804616,0.827777777778,0.772727272727,6,7,0,0,0,0
447,WLNM_dir_neg,0.744897959184,0.455353277675,00:00:10,10,10,50,1171943299,threshold_sweep,0.6,0.666666666667,0.571428571429,0.615384615385,4,2,3,12,0.571428571429,0.857142857143,0.142857142857,0.428571428571,0.666666666667,0.571428571429,0.615384615385,0.761904761905,0.571428571429,0.444444444444,0.4472135955,0.428571428571,20,13,7,0,20,0,13,0,7,11,20,0.181818181818,3.04338842975,3.63636363636,2,2.5,1.68954001271,0.464623503495,0.245454545455,1.16774841624,0.642261628933,0.336363636364,1.94000937205,1.06700515463,0.536363636364,1.05689877454,0.347276990411,3.54545454545,3.04338842975,1.05689877454,3.54545454545,0.499047619048,0.4,8,0.0484848484848,0.255555555556,11,11,11,1,0,0.0909090909091,0.636363636364,0.272727272727,11,0.118181818182,3.72727272727,2.36363636364,1.3,1.625,1.43336856898,0.6064251638,0.286713286713,0.603022689156,0.510249967747,0.237762237762,1.40129809949,1.18571377649,0.503496503497,2.05382127221,0.551025219373,7,3.72727272727,2.05382127221,7,0,0,0,0,0.22962962963,11,11,11,1,0,0.0909090909091,0.636363636364,0.272727272727,11,19,0.172727272727,4.57727272727,3.45454545455,1.9,2.375,1.63484778274,0.473245410793,0.248803827751,0.786245393107,0.455194701272,0.210526315789,1.61807966991,0.936782966791,0.488038277512,2.47137245639,0.539922483024,7.2,4.57727272727,2.47137245639,7.2,0.213333333333,0.153846153846,2,0.0121212121212,0.183333333333,11,11,11,1,0,0.0909090909091,0.636363636364,0.272727272727,-1,-0.00909090909091,1.53388429752,-0.181818181818,-0.1,-0.125,-0.05469222997,0.00862190729789,0.00334928229665,-0.381503023135,-0.187066927661,-0.125837320574,-0.321929702137,-0.130222187836,-0.0483253588517,1.41447368185,0.192645492612,3.65454545455,1.53388429752,1.41447368185,3.65454545455,-0.285714285714,-0.246153846154,-6,-0.0363636363636,-0.0722222222222,0,0,0,17,2,3,88,0.85,0.977777777778,0.0222222222222,0.15,0.894736842105,0.85,0.871794871795,0.844602804616,0.827777777778,0.772727272727,6,7,0,0,0,0
448,WLNM_dir_neg,0.744897959184,0.455353277675,00:00:10,10,10,50,1171943299,threshold_sweep,0.7,0.666666666667,0.571428571429,0.615384615385,4,2,3,12,0.571428571429,0.857142857143,0.142857142857,0.428571428571,0.666666666667,0.571428571429,0.615384615385,0.761904761905,0.571428571429,0.444444444444,0.4472135955,0.428571428571,20,13,7,0,20,0,13,0,7,11,20,0.181818181818,3.04338842975,3.63636363636,2,2.5,1.68954001271,0.464623503495,0.245454545455,1.16774841624,0.642261628933,0.336363636364,1.94000937205,1.06700515463,0.536363636364,1.05689877454,0.347276990411,3.54545454545,3.04338842975,1.05689877454,3.54545454545,0.499047619048,0.4,8,0.0484848484848,0.255555555556,11,11,11,1,0,0.0909090909091,0.636363636364,0.272727272727,11,0.118181818182,3.72727272727,2.36363636364,1.3,1.625,1.43336856898,0.6064251638,0.286713286713,0.603022689156,0.510249967747,0.237762237762,1.40129809949,1.18571377649,0.503496503497,2.05382127221,0.551025219373,7,3.72727272727,2.05382127221,7,0,0,0,0,0.22962962963,11,11,11,1,0,0.0909090909091,0.636363636364,0.272727272727,11,19,0.172727272727,4.57727272727,3.45454545455,1.9,2.375,1.63484778274,0.473245410793,0.248803827751,0.786245393107,0.455194701272,0.210526315789,1.61807966991,0.936782966791,0.488038277512,2.47137245639,0.539922483024,7.2,4.57727272727,2.47137245639,7.2,0.213333333333,0.153846153846,2,0.0121212121212,0.183333333333,11,11,11,1,0,0.0909090909091,0.636363636364,0.272727272727,-1,-0.00909090909091,1.53388429752,-0.181818181818,-0.1,-0.125,-0.05469222997,0.00862190729789,0.00334928229665,-0.381503023135,-0.187066927661,-0.125837320574,-0.321929702137,-0.130222187836,-0.0483253588517,1.41447368185,0.192645492612,3.65454545455,1.53388429752,1.41447368185,3.65454545455,-0.285714285714,-0.246153846154,-6,-0.0363636363636,-0.0722222222222,0,0,0,17,2,3,88,0.85,0.977777777778,0.0222222222222,0.15,0.894736842105,0.85,0.871794871795,0.844602804616,0.827777777778,0.772727272727,6,7,0,0,0,0
449,WLNM_dir_neg,0.744897959184,0.455353277675,00:00:10,10,10,50,1171943299,threshold_sweep,0.8,0.666666666667,0.571428571429,0.615384615385,4,2,3,12,0.571428571429,0.857142857143,0.142857142857,0.428571428571,0.666666666667,0.571428571429,0.615384615385,0.761904761905,0.571428571429,0.444444444444,0.4472135955,0.428571428571,20,13,7,0,20,0,13,0,7,11,20,0.181818181818,3.04338842975,3.63636363636,2,2.5,1.68954001271,0.464623503495,0.245454545455,1.16774841624,0.642261628933,0.336363636364,1.94000937205,1.06700515463,0.536363636364,1.05689877454,0.347276990411,3.54545454545,3.04338842975,1.05689877454,3.54545454545,0.499047619048,0.4,8,0.0484848484848,0.255555555556,11,11,11,1,0,0.0909090909091,0.636363636364,0.272727272727,11,0.118181818182,3.72727272727,2.36363636364,1.3,1.625,1.43336856898,0.6064251638,0.286713286713,0.603022689156,0.510249967747,0.237762237762,1.40129809949,1.18571377649,0.503496503497,2.05382127221,0.551025219373,7,3.72727272727,2.05382127221,7,0,0,0,0,0.22962962963,11,11,11,1,0,0.0909090909091,0.636363636364,0.272727272727,11,19,0.172727272727,4.57727272727,3.45454545455,1.9,2.375,1.63484778274,0.473245410793,0.248803827751,0.786245393107,0.455194701272,0.210526315789,1.61807966991,0.936782966791,0.488038277512,2.47137245639,0.539922483024,7.2,4.57727272727,2.47137245639,7.2,0.213333333333,0.153846153846,2,0.0121212121212,0.183333333333,11,11,11,1,0,0.0909090909091,0.636363636364,0.272727272727,-1,-0.00909090909091,1.53388429752,-0.181818181818,-0.1,-0.125,-0.05469222997,0.00862190729789,0.00334928229665,-0.381503023135,-0.187066927661,-0.125837320574,-0.321929702137,-0.130222187836,-0.0483253588517,1.41447368185,0.192645492612,3.65454545455,1.53388429752,1.41447368185,3.65454545455,-0.285714285714,-0.246153846154,-6,-0.0363636363636,-0.0722222222222,0,0,0,17,2,3,88,0.85,0.977777777778,0.0222222222222,0.15,0.894736842105,0.85,0.871794871795,0.844602804616,0.827777777778,0.772727272727,6,7,0,0,0,0
450,WLNM_dir_neg,0.744897959184,0.455353277675,00:00:10,10,10,50,1171943299,threshold_sweep,0.9,0.666666666667,0.571428571429,0.615384615385,4,2,3,12,0.571428571429,0.857142857143,0.142857142857,0.428571428571,0.666666666667,0.571428571429,0.615384615385,0.761904761905,0.571428571429,0.444444444444,0.4472135955,0.428571428571,20,13,7,0,20,0,13,0,7,11,20,0.181818181818,3.04338842975,3.63636363636,2,2.5,1.68954001271,0.464623503495,0.245454545455,1.16774841624,0.642261628933,0.336363636364,1.94000937205,1.06700515463,0.536363636364,1.05689877454,0.347276990411,3.54545454545,3.04338842975,1.05689877454,3.54545454545,0.499047619048,0.4,8,0.0484848484848,0.255555555556,11,11,11,1,0,0.0909090909091,0.636363636364,0.272727272727,11,0.118181818182,3.72727272727,2.36363636364,1.3,1.625,1.43336856898,0.6064251638,0.286713286713,0.603022689156,0.510249967747,0.237762237762,1.40129809949,1.18571377649,0.503496503497,2.05382127221,0.551025219373,7,3.72727272727,2.05382127221,7,0,0,0,0,0.22962962963,11,11,11,1,0,0.0909090909091,0.636363636364,0.272727272727,11,19,0.172727272727,4.57727272727,3.45454545455,1.9,2.375,1.63484778274,0.473245410793,0.248803827751,0.786245393107,0.455194701272,0.210526315789,1.61807966991,0.936782966791,0.488038277512,2.47137245639,0.539922483024,7.2,4.57727272727,2.47137245639,7.2,0.213333333333,0.153846153846,2,0.0121212121212,0.183333333333,11,11,11,1,0,0.0909090909091,0.636363636364,0.272727272727,-1,-0.00909090909091,1.53388429752,-0.181818181818,-0.1,-0.125,-0.05469222997,0.00862190729789,0.00334928229665,-0.381503023135,-0.187066927661,-0.125837320574,-0.321929702137,-0.130222187836,-0.0483253588517,1.41447368185,0.192645492612,3.65454545455,1.53388429752,1.41447368185,3.65454545455,-0.285714285714,-0.246153846154,-6,-0.0363636363636,-0.0722222222222,0,0,0,17,2,3,88,0.85,0.977777777778,0.0222222222222,0.15,0.894736842105,0.85,0.871794871795,0.844602804616,0.827777777778,0.772727272727,6,7,0,0,0,0
451,WLNM_dir_neg,0.867346938776,0.519089244089,00:00:02,10,20,1,1172860550,threshold_sweep,0.1,0.714285714286,0.714285714286,0.714285714286,5,2,2,12,0.714285714286,0.857142857143,0.142857142857,0.285714285714,0.714285714286,0.714285714286,0.714285714286,0.809523809524,0.555555555556,0.571428571429,0.571428571429,0.571428571429,20,13,7,0,20,0,13,0,7,11,20,0.181818181818,3.04338842975,3.63636363636,2,2.5,1.68954001271,0.464623503495,0.245454545455,1.16774841624,0.642261628933,0.336363636364,1.94000937205,1.06700515463,0.536363636364,1.05689877454,0.347276990411,3.54545454545,3.04338842975,1.05689877454,3.54545454545,0.499047619048,0.4,8,0.0484848484848,0.255555555556,11,11,11,1,0,0.0909090909091,0.636363636364,0.272727272727,11,0.118181818182,3.72727272727,2.36363636364,1.3,1.625,1.43336856898,0.6064251638,0.286713286713,0.603022689156,0.510249967747,0.237762237762,1.40129809949,1.18571377649,0.503496503497,2.05382127221,0.551025219373,7,3.72727272727,2.05382127221,7,0,0,0,0,0.22962962963,11,11,11,1,0,0.0909090909091,0.636363636364,0.272727272727,11,20,0.181818181818,5.5,3.63636363636,2,2.22222222222,1.62927758671,0.448051336344,0.231818181818,0.981649817214,0.539907399468,0.281818181818,1.60113596038,0.880624778211,0.454545454545,1.95975125973,0.356318410859,6.875,5.5,1.95975125973,6.875,0.465714285714,0.35,7,0.0424242424242,0.212592592593,11,11,11,1,0,0.0909090909091,0.727272727273,0.181818181818,0,0,2.45661157025,0,0,-0.277777777778,-0.0602624260023,-0.0165721671506,-0.0136363636364,-0.186098599028,-0.102354229466,-0.0545454545455,-0.338873411664,-0.186380376415,-0.0818181818182,0.90285248519,0.00904142044806,3.32954545455,2.45661157025,0.90285248519,3.32954545455,-0.0333333333333,-0.05,-1,-0.00606060606061,-0.042962962963,0,0.0909090909091,-0.0909090909091,18,2,2,88,0.9,0.977777777778,0.0222222222222,0.1,0.9,0.9,0.9,0.877777777778,0.877777777778,0.818181818182,7,7,0,0,0,0
452,WLNM_dir_neg,0.867346938776,0.519089244089,00:00:02,10,20,1,1172860550,threshold_sweep,0.2,0.833333333333,0.714285714286,0.769230769231,5,1,2,13,0.714285714286,0.928571428571,0.0714285714286,0.285714285714,0.833333333333,0.714285714286,0.769230769231,0.857142857143,0.571428571429,0.666666666667,0.67082039325,0.642857142857,20,13,7,0,20,0,13,0,7,11,20,0.181818181818,3.04338842975,3.63636363636,2,2.5,1.68954001271,0.464623503495,0.245454545455,1.16774841624,0.642261628933,0.336363636364,1.94000937205,1.06700515463,0.536363636364,1.05689877454,0.347276990411,3.54545454545,3.04338842975,1.05689877454,3.54545454545,0.499047619048,0.4,8,0.0484848484848,0.255555555556,11,11,11,1,0,0.0909090909091,0.636363636364,0.272727272727,11,0.118181818182,3.72727272727,2.36363636364,1.3,1.625,1.43336856898,0.6064251638,0.286713286713,0.603022689156,0.510249967747,0.237762237762,1.40129809949,1.18571377649,0.503496503497,2.05382127221,0.551025219373,7,3.72727272727,2.05382127221,7,0,0,0,0,0.22962962963,11,11,11,1,0,0.0909090909091,0.636363636364,0.272727272727,11,19,0.172727272727,3.14772727273,3.45454545455,1.9,2.11111111111,1.36847625947,0.396137864583,0.205741626794,1.00904995822,0.584186817916,0.306220095694,1.61807966991,0.936782966791,0.468899521531,1.18338851637,0.375950142385,3.96875,3.14772727273,1.18338851637,3.96875,0.41,0.3,5,0.030303030303,0.214444444444,11,11,11,1,0,0.0909090909091,0.727272727273,0.181818181818,-1,-0.00909090909091,0.104338842975,-0.181818181818,-0.1,-0.388888888889,-0.321063753241,-0.0684856389122,-0.0397129186603,-0.158698458023,-0.058074811017,-0.0301435406699,-0.321929702137,-0.130222187836,-0.0674641148325,0.126489741835,0.0286731519741,0.423295454545,0.104338842975,0.126489741835,0.423295454545,-0.0890476190476,-0.1,-3,-0.0181818181818,-0.0411111111111,0,0.0909090909091,-0.0909090909091,18,1,2,89,0.9,0.988888888889,0.0111111111111,0.1,0.947368421053,0.9,0.923076923077,0.906956031802,0.888888888889,0.857142857143,6,7,0,0,0,0
453,WLNM_dir_neg,0.867346938776,0.519089244089,00:00:02,10,20,1,1172860550,threshold_sweep,0.3,0.833333333333,0.714285714286,0.769230769231,5,1,2,13,0.714285714286,0.928571428571,0.0714285714286,0.285714285714,0.833333333333,0.714285714286,0.769230769231,0.857142857143,0.571428571429,0.666666666667,0.67082039325,0.642857142857,20,13,7,0,20,0,13,0,7,11,20,0.181818181818,3.04338842975,3.63636363636,2,2.5,1.68954001271,0.464623503495,0.245454545455,1.16774841624,0.642261628933,0.336363636364,1.94000937205,1.06700515463,0.536363636364,1.05689877454,0.347276990411,3.54545454545,3.04338842975,1.05689877454,3.54545454545,0.499047619048,0.4,8,0.0484848484848,0.255555555556,11,11,11,1,0,0.0909090909091,0.636363636364,0.272727272727,11,0.118181818182,3.72727272727,2.36363636364,1.3,1.625,1.43336856898,0.6064251638,0.286713286713,0.603022689156,0.510249967747,0.237762237762,1.40129809949,1.18571377649,0.503496503497,2.05382127221,0.551025219373,7,3.72727272727,2.05382127221,7,0,0,0,0,0.22962962963,11,11,11,1,0,0.0909090909091,0.636363636364,0.272727272727,11,19,0.172727272727,3.14772727273,3.45454545455,1.9,2.11111111111,1.36847625947,0.396137864583,0.205741626794,1.00904995822,0.584186817916,0.306220095694,1.61807966991,0.936782966791,0.468899521531,1.18338851637,0.375950142385,3.96875,3.14772727273,1.18338851637,3.96875,0.41,0.3,5,0.030303030303,0.214444444444,11,11,11,1,0,0.0909090909091,0.727272727273,0.181818181818,-1,-0.00909090909091,0.104338842975,-0.181818181818,-0.1,-0.388888888889,-0.321063753241,-0.0684856389122,-0.0397129186603,-0.158698458023,-0.058074811017,-0.0301435406699,-0.321929702137,-0.130222187836,-0.0674641148325,0.126489741835,0.0286731519741,0.423295454545,0.104338842975,0.126489741835,0.423295454545,-0.0890476190476,-0.1,-3,-0.0181818181818,-0.0411111111111,0,0.0909090909091,-0.0909090909091,18,1,2,89,0.9,0.988888888889,0.0111111111111,0.1,0.947368421053,0.9,0.923076923077,0.906956031802,0.888888888889,0.857142857143,6,7,0,0,0,0
454,WLNM_dir_neg,0.867346938776,0.519089244089,00:00:02,10,20,1,1172860550,threshold_sweep,0.4,0.8,0.571428571429,0.666666666667,4,1,3,13,0.571428571429,0.928571428571,0.0714285714286,0.428571428571,0.8,0.571428571429,0.666666666667,0.809523809524,0.587301587302,0.538461538462,0.553398590529,0.5,20,13,7,0,20,0,13,0,7,11,20,0.181818181818,3.04338842975,3.63636363636,2,2.5,1.68954001271,0.464623503495,0.245454545455,1.16774841624,0.642261628933,0.336363636364,1.94000937205,1.06700515463,0.536363636364,1.05689877454,0.347276990411,3.54545454545,3.04338842975,1.05689877454,3.54545454545,0.499047619048,0.4,8,0.0484848484848,0.255555555556,11,11,11,1,0,0.0909090909091,0.636363636364,0.272727272727,11,0.118181818182,3.72727272727,2.36363636364,1.3,1.625,1.43336856898,0.6064251638,0.286713286713,0.603022689156,0.510249967747,0.237762237762,1.40129809949,1.18571377649,0.503496503497,2.05382127221,0.551025219373,7,3.72727272727,2.05382127221,7,0,0,0,0,0.22962962963,11,11,11,1,0,0.0909090909091,0.636363636364,0.272727272727,11,18,0.163636363636,3.21818181818,3.27272727273,1.8,2,1.27207775634,0.388690425549,0.191919191919,0.924416277737,0.564921058617,0.292929292929,1.50151438706,0.917592125425,0.454545454545,1.30485108868,0.405462202698,4.55,3.21818181818,1.30485108868,4.55,0.28,0.204545454545,3,0.0181818181818,0.2,11,11,11,1,0,0.0909090909091,0.727272727273,0.181818181818,-2,-0.0181818181818,0.17479338843,-0.363636363636,-0.2,-0.5,-0.417462256367,-0.0759330779459,-0.0535353535354,-0.243332138505,-0.0773405703161,-0.0434343434343,-0.438494984989,-0.149413029202,-0.0818181818182,0.247952314146,0.0581852122867,1.00454545455,0.17479338843,0.247952314146,1.00454545455,-0.219047619048,-0.195454545455,-5,-0.030303030303,-0.0555555555556,0,0.0909090909091,-0.0909090909091,17,1,3,89,0.85,0.988888888889,0.0111111111111,0.15,0.944444444444,0.85,0.894736842105,0.874602125628,0.838888888889,0.809523809524,5,7,0,0,0,0
455,WLNM_dir_neg,0.867346938776,0.519089244089,00:00:02,10,20,1,1172860550,threshold_sweep,0.5,0.8,0.571428571429,0.666666666667,4,1,3,13,0.571428571429,0.928571428571,0.0714285714286,0.428571428571,0.8,0.571428571429,0.666666666667,0.809523809524,0.587301587302,0.538461538462,0.553398590529,0.5,20,13,7,0,20,0,13,0,7,11,20,0.181818181818,3.04338842975,3.63636363636,2,2.5,1.68954001271,0.464623503495,0.245454545455,1.16774841624,0.642261628933,0.336363636364,1.94000937205,1.06700515463,0.536363636364,1.05689877454,0.347276990411,3.54545454545,3.04338842975,1.05689877454,3.54545454545,0.499047619048,0.4,8,0.0484848484848,0.255555555556,11,11,11,1,0,0.0909090909091,0.636363636364,0.272727272727,11,0.118181818182,3.72727272727,2.36363636364,1.3,1.625,1.43336856898,0.6064251638,0.286713286713,0.603022689156,0.510249967747,0.237762237762,1.40129809949,1.18571377649,0.503496503497,2.05382127221,0.551025219373,7,3.72727272727,2.05382127221,7,0,0,0,0,0.22962962963,11,11,11,1,0,0.0909090909091,0.636363636364,0.272727272727,11,18,0.163636363636,3.21818181818,3.27272727273,1.8,2,1.27207775634,0.388690425549,0.191919191919,0.924416277737,0.564921058617,0.292929292929,1.50151438706,0.917592125425,0.454545454545,1.30485108868,0.405462202698,4.55,3.21818181818,1.30485108868,4.55,0.28,0.204545454545,3,0.0181818181818,0.2,11,11,11,1,0,0.0909090909091,0.727272727273,0.181818181818,-2,-0.0181818181818,0.17479338843,-0.363636363636,-0.2,-0.5,-0.417462256367,-0.0759330779459,-0.0535353535354,-0.243332138505,-0.0773405703161,-0.0434343434343,-0.438494984989,-0.149413029202,-0.0818181818182,0.247952314146,0.0581852122867,1.00454545455,0.17479338843,0.247952314146,1.00454545455,-0.219047619048,-0.195454545455,-5,-0.030303030303,-0.0555555555556,0,0.0909090909091,-0.0909090909091,17,1,3,89,0.85,0.988888888889,0.0111111111111,0.15,0.944444444444,0.85,0.894736842105,0.874602125628,0.838888888889,0.809523809524,5,7,0,0,0,0
456,WLNM_dir_neg,0.867346938776,0.519089244089,00:00:02,10,20,1,1172860550,threshold_sweep,0.6,0.8,0.571428571429,0.666666666667,4,1,3,13,0.571428571429,0.928571428571,0.0714285714286,0.428571428571,0.8,0.571428571429,0.666666666667,0.809523809524,0.587301587302,0.538461538462,0.553398590529,0.5,20,13,7,0,20,0,13,0,7,11,20,0.181818181818,3.04338842975,3.63636363636,2,2.5,1.68954001271,0.464623503495,0.245454545455,1.16774841624,0.642261628933,0.336363636364,1.94000937205,1.06700515463,0.536363636364,1.05689877454,0.347276990411,3.54545454545,3.04338842975,1.05689877454,3.54545454545,0.499047619048,0.4,8,0.0484848484848,0.255555555556,11,11,11,1,0,0.0909090909091,0.636363636364,0.272727272727,11,0.118181818182,3.72727272727,2.36363636364,1.3,1.625,1.43336856898,0.6064251638,0.286713286713,0.603022689156,0.510249967747,0.237762237762,1.40129809949,1.18571377649,0.503496503497,2.05382127221,0.551025219373,7,3.72727272727,2.05382127221,7,0,0,0,0,0.22962962963,11,11,11,1,0,0.0909090909091,0.636363636364,0.272727272727,11,18,0.163636363636,3.21818181818,3.27272727273,1.8,2,1.27207775634,0.388690425549,0.191919191919,0.924416277737,0.564921058617,0.292929292929,1.50151438706,0.917592125425,0.454545454545,1.30485108868,0.405462202698,4.55,3.21818181818,1.30485108868,4.55,0.28,0.204545454545,3,0.0181818181818,0.2,11,11,11,1,0,0.0909090909091,0.727272727273,0.181818181818,-2,-0.0181818181818,0.17479338843,-0.363636363636,-0.2,-0.5,-0.417462256367,-0.0759330779459,-0.0535353535354,-0.243332138505,-0.0773405703161,-0.0434343434343,-0.438494984989,-0.149413029202,-0.0818181818182,0.247952314146,0.0581852122867,1.00454545455,0.17479338843,0.247952314146,1.00454545455,-0.219047619048,-0.195454545455,-5,-0.030303030303,-0.0555555555556,0,0.0909090909091,-0.0909090909091,17,1,3,89,0.85,0.988888888889,0.0111111111111,0.15,0.944444444444,0.85,0.894736842105,0.874602125628,0.838888888889,0.809523809524,5,7,0,0,0,0
457,WLNM_dir_neg,0.867346938776,0.519089244089,00:00:02,10,20,1,1172860550,threshold_sweep,0.7,0.8,0.571428571429,0.666666666667,4,1,3,13,0.571428571429,0.928571428571,0.0714285714286,0.428571428571,0.8,0.571428571429,0.666666666667,0.809523809524,0.587301587302,0.538461538462,0.553398590529,0.5,20,13,7,0,20,0,13,0,7,11,20,0.181818181818,3.04338842975,3.63636363636,2,2.5,1.68954001271,0.464623503495,0.245454545455,1.16774841624,0.642261628933,0.336363636364,1.94000937205,1.06700515463,0.536363636364,1.05689877454,0.347276990411,3.54545454545,3.04338842975,1.05689877454,3.54545454545,0.499047619048,0.4,8,0.0484848484848,0.255555555556,11,11,11,1,0,0.0909090909091,0.636363636364,0.272727272727,11,0.118181818182,3.72727272727,2.36363636364,1.3,1.625,1.43336856898,0.6064251638,0.286713286713,0.603022689156,0.510249967747,0.237762237762,1.40129809949,1.18571377649,0.503496503497,2.05382127221,0.551025219373,7,3.72727272727,2.05382127221,7,0,0,0,0,0.22962962963,11,11,11,1,0,0.0909090909091,0.636363636364,0.272727272727,11,18,0.163636363636,3.21818181818,3.27272727273,1.8,2,1.27207775634,0.388690425549,0.191919191919,0.924416277737,0.564921058617,0.292929292929,1.50151438706,0.917592125425,0.454545454545,1.30485108868,0.405462202698,4.55,3.21818181818,1.30485108868,4.55,0.28,0.204545454545,3,0.0181818181818,0.2,11,11,11,1,0,0.0909090909091,0.727272727273,0.181818181818,-2,-0.0181818181818,0.17479338843,-0.363636363636,-0.2,-0.5,-0.417462256367,-0.0759330779459,-0.0535353535354,-0.243332138505,-0.0773405703161,-0.0434343434343,-0.438494984989,-0.149413029202,-0.0818181818182,0.247952314146,0.0581852122867,1.00454545455,0.17479338843,0.247952314146,1.00454545455,-0.219047619048,-0.195454545455,-5,-0.030303030303,-0.0555555555556,0,0.0909090909091,-0.0909090909091,17,1,3,89,0.85,0.988888888889,0.0111111111111,0.15,0.944444444444,0.85,0.894736842105,0.874602125628,0.838888888889,0.809523809524,5,7,0,0,0,0
458,WLNM_dir_neg,0.867346938776,0.519089244089,00:00:02,10,20,1,1172860550,threshold_sweep,0.8,0.8,0.571428571429,0.666666666667,4,1,3,13,0.571428571429,0.928571428571,0.0714285714286,0.428571428571,0.8,0.571428571429,0.666666666667,0.809523809524,0.587301587302,0.538461538462,0.553398590529,0.5,20,13,7,0,20,0,13,0,7,11,20,0.181818181818,3.04338842975,3.63636363636,2,2.5,1.68954001271,0.464623503495,0.245454545455,1.16774841624,0.642261628933,0.336363636364,1.94000937205,1.06700515463,0.536363636364,1.05689877454,0.347276990411,3.54545454545,3.04338842975,1.05689877454,3.54545454545,0.499047619048,0.4,8,0.0484848484848,0.255555555556,11,11,11,1,0,0.0909090909091,0.636363636364,0.272727272727,11,0.118181818182,3.72727272727,2.36363636364,1.3,1.625,1.43336856898,0.6064251638,0.286713286713,0.603022689156,0.510249967747,0.237762237762,1.40129809949,1.18571377649,0.503496503497,2.05382127221,0.551025219373,7,3.72727272727,2.05382127221,7,0,0,0,0,0.22962962963,11,11,11,1,0,0.0909090909091,0.636363636364,0.272727272727,11,18,0.163636363636,3.21818181818,3.27272727273,1.8,2,1.27207775634,0.388690425549,0.191919191919,0.924416277737,0.564921058617,0.292929292929,1.50151438706,0.917592125425,0.454545454545,1.30485108868,0.405462202698,4.55,3.21818181818,1.30485108868,4.55,0.28,0.204545454545,3,0.0181818181818,0.2,11,11,11,1,0,0.0909090909091,0.727272727273,0.181818181818,-2,-0.0181818181818,0.17479338843,-0.363636363636,-0.2,-0.5,-0.417462256367,-0.0759330779459,-0.0535353535354,-0.243332138505,-0.0773405703161,-0.0434343434343,-0.438494984989,-0.149413029202,-0.0818181818182,0.247952314146,0.0581852122867,1.00454545455,0.17479338843,0.247952314146,1.00454545455,-0.219047619048,-0.195454545455,-5,-0.030303030303,-0.0555555555556,0,0.0909090909091,-0.0909090909091,17,1,3,89,0.85,0.988888888889,0.0111111111111,0.15,0.944444444444,0.85,0.894736842105,0.874602125628,0.838888888889,0.809523809524,5,7,0,0,0,0
459,WLNM_dir_neg,0.867346938776,0.519089244089,00:00:02,10,20,1,1172860550,threshold_sweep,0.9,0.75,0.428571428571,0.545454545455,3,1,4,13,0.428571428571,0.928571428571,0.0714285714286,0.571428571429,0.75,0.428571428571,0.545454545455,0.761904761905,0.603174603175,0.4,0.428746462856,0.357142857143,20,13,7,0,20,0,13,0,7,11,20,0.181818181818,3.04338842975,3.63636363636,2,2.5,1.68954001271,0.464623503495,0.245454545455,1.16774841624,0.642261628933,0.336363636364,1.94000937205,1.06700515463,0.536363636364,1.05689877454,0.347276990411,3.54545454545,3.04338842975,1.05689877454,3.54545454545,0.499047619048,0.4,8,0.0484848484848,0.255555555556,11,11,11,1,0,0.0909090909091,0.636363636364,0.272727272727,11,0.118181818182,3.72727272727,2.36363636364,1.3,1.625,1.43336856898,0.6064251638,0.286713286713,0.603022689156,0.510249967747,0.237762237762,1.40129809949,1.18571377649,0.503496503497,2.05382127221,0.551025219373,7,3.72727272727,2.05382127221,7,0,0,0,0,0.22962962963,11,11,11,1,0,0.0909090909091,0.636363636364,0.272727272727,11,17,0.154545454545,3.29545454545,3.09090909091,1.7,1.88888888889,1.22102788294,0.395038432715,0.176470588235,0.820199532265,0.530717344407,0.267379679144,1.43969693781,0.931568606815,0.449197860963,1.4329280611,0.434819549575,4.83333333333,3.29545454545,1.4329280611,4.83333333333,0.296666666667,0.230769230769,3,0.0181818181818,0.188888888889,11,11,11,1,0,0.0909090909091,0.727272727273,0.181818181818,-3,-0.0272727272727,0.252066115702,-0.545454545455,-0.3,-0.611111111111,-0.468512129772,-0.0695850707802,-0.0689839572193,-0.347548883978,-0.111544284527,-0.0689839572193,-0.500312434243,-0.135436547811,-0.0871657754011,0.376029286561,0.0875425591633,1.28787878788,0.252066115702,0.376029286561,1.28787878788,-0.202380952381,-0.169230769231,-5,-0.030303030303,-0.0666666666667,0,0.0909090909091,-0.0909090909091,16,1,4,89,0.8,0.988888888889,0.0111111111111,0.2,0.941176470588,0.8,0.864864864865,0.841755876268,0.788888888889,0.761904761905,4,7,0,0,0,0
460,WLNM_dir_neg,0.857142857143,0.703555967842,00:00:01,10,20,2,1172860551,threshold_sweep,0.1,0.714285714286,0.714285714286,0.714285714286,5,2,2,12,0.714285714286,0.857142857143,0.142857142857,0.285714285714,0.714285714286,0.714285714286,0.714285714286,0.809523809524,0.555555555556,0.571428571429,0.571428571429,0.571428571429,20,13,7,0,20,0,13,0,7,11,20,0.181818181818,3.04338842975,3.63636363636,2,2.5,1.68954001271,0.464623503495,0.245454545455,1.16774841624,0.642261628933,0.336363636364,1.94000937205,1.06700515463,0.536363636364,1.05689877454,0.347276990411,3.54545454545,3.04338842975,1.05689877454,3.54545454545,0.499047619048,0.4,8,0.0484848484848,0.255555555556,11,11,11,1,0,0.0909090909091,0.636363636364,0.272727272727,11,0.118181818182,3.72727272727,2.36363636364,1.3,1.625,1.43336856898,0.6064251638,0.286713286713,0.603022689156,0.510249967747,0.237762237762,1.40129809949,1.18571377649,0.503496503497,2.05382127221,0.551025219373,7,3.72727272727,2.05382127221,7,0,0,0,0,0.22962962963,11,11,11,1,0,0.0909090909091,0.636363636364,0.272727272727,11,20,0.181818181818,4.42613636364,3.63636363636,2,2.5,1.74772579501,0.480624593628,0.254545454545,0.873862897505,0.480624593628,0.236363636364,1.72152152575,0.946836839165,0.5,2.29381270041,0.51824266402,6.5,4.42613636364,2.29381270041,6.5,0.366666666667,0.266666666667,4,0.0242424242424,0.195185185185,11,11,11,1,0,0.0909090909091,0.636363636364,0.272727272727,0,0,1.38274793388,0,0,0,0.0581857823014,0.0160010901329,0.00909090909091,-0.293885518737,-0.161637035305,-0.1,-0.218487846294,-0.120168315462,-0.0363636363636,1.23691392587,0.170965673609,2.95454545455,1.38274793388,1.23691392587,2.95454545455,-0.132380952381,-0.133333333333,-4,-0.0242424242424,-0.0603703703704,0,0,0,18,2,2,88,0.9,0.977777777778,0.0222222222222,0.1,0.9,0.9,0.9,0.877777777778,0.877777777778,0.818181818182,7,7,0,0,0,0
461,WLNM_dir_neg,0.857142857143,0.703555967842,00:00:01,10,20,2,1172860551,threshold_sweep,0.2,0.714285714286,0.714285714286,0.714285714286,5,2,2,12,0.714285714286,0.857142857143,0.142857142857,0.285714285714,0.714285714286,0.714285714286,0.714285714286,0.809523809524,0.555555555556,0.571428571429,0.571428571429,0.571428571429,20,13,7,0,20,0,13,0,7,11,20,0.181818181818,3.04338842975,3.63636363636,2,2.5,1.68954001271,0.464623503495,0.245454545455,1.16774841624,0.642261628933,0.336363636364,1.94000937205,1.06700515463,0.536363636364,1.05689877454,0.347276990411,3.54545454545,3.04338842975,1.05689877454,3.54545454545,0.499047619048,0.4,8,0.0484848484848,0.255555555556,11,11,11,1,0,0.0909090909091,0.636363636364,0.272727272727,11,0.118181818182,3.72727272727,2.36363636364,1.3,1.625,1.43336856898,0.6064251638,0.286713286713,0.603022689156,0.510249967747,0.237762237762,1.40129809949,1.18571377649,0.503496503497,2.05382127221,0.551025219373,7,3.72727272727,2.05382127221,7,0,0,0,0,0.22962962963,11,11,11,1,0,0.0909090909091,0.636363636364,0.272727272727,11,20,0.181818181818,4.42613636364,3.63636363636,2,2.5,1.74772579501,0.480624593628,0.254545454545,0.873862897505,0.480624593628,0.236363636364,1.72152152575,0.946836839165,0.5,2.29381270041,0.51824266402,6.5,4.42613636364,2.29381270041,6.5,0.366666666667,0.266666666667,4,0.0242424242424,0.195185185185,11,11,11,1,0,0.0909090909091,0.636363636364,0.272727272727,0,0,1.38274793388,0,0,0,0.0581857823014,0.0160010901329,0.00909090909091,-0.293885518737,-0.161637035305,-0.1,-0.218487846294,-0.120168315462,-0.0363636363636,1.23691392587,0.170965673609,2.95454545455,1.38274793388,1.23691392587,2.95454545455,-0.132380952381,-0.133333333333,-4,-0.0242424242424,-0.0603703703704,0,0,0,18,2,2,88,0.9,0.977777777778,0.0222222222222,0.1,0.9,0.9,0.9,0.877777777778,0.877777777778,0.818181818182,7,7,0,0,0,0
462,WLNM_dir_neg,0.857142857143,0.703555967842,00:00:01,10,20,2,1172860551,threshold_sweep,0.3,0.714285714286,0.714285714286,0.714285714286,5,2,2,12,0.714285714286,0.857142857143,0.142857142857,0.285714285714,0.714285714286,0.714285714286,0.714285714286,0.809523809524,0.555555555556,0.571428571429,0.571428571429,0.571428571429,20,13,7,0,20,0,13,0,7,11,20,0.181818181818,3.04338842975,3.63636363636,2,2.5,1.68954001271,0.464623503495,0.245454545455,1.16774841624,0.642261628933,0.336363636364,1.94000937205,1.06700515463,0.536363636364,1.05689877454,0.347276990411,3.54545454545,3.04338842975,1.05689877454,3.54545454545,0.499047619048,0.4,8,0.0484848484848,0.255555555556,11,11,11,1,0,0.0909090909091,0.636363636364,0.272727272727,11,0.118181818182,3.72727272727,2.36363636364,1.3,1.625,1.43336856898,0.6064251638,0.286713286713,0.603022689156,0.510249967747,0.237762237762,1.40129809949,1.18571377649,0.503496503497,2.05382127221,0.551025219373,7,3.72727272727,2.05382127221,7,0,0,0,0,0.22962962963,11,11,11,1,0,0.0909090909091,0.636363636364,0.272727272727,11,20,0.181818181818,4.42613636364,3.63636363636,2,2.5,1.74772579501,0.480624593628,0.254545454545,0.873862897505,0.480624593628,0.236363636364,1.72152152575,0.946836839165,0.5,2.29381270041,0.51824266402,6.5,4.42613636364,2.29381270041,6.5,0.366666666667,0.266666666667,4,0.0242424242424,0.195185185185,11,11,11,1,0,0.0909090909091,0.636363636364,0.272727272727,0,0,1.38274793388,0,0,0,0.0581857823014,0.0160010901329,0.00909090909091,-0.293885518737,-0.161637035305,-0.1,-0.218487846294,-0.120168315462,-0.0363636363636,1.23691392587,0.170965673609,2.95454545455,1.38274793388,1.23691392587,2.95454545455,-0.132380952381,-0.133333333333,-4,-0.0242424242424,-0.0603703703704,0,0,0,18,2,2,88,0.9,0.977777777778,0.0222222222222,0.1,0.9,0.9,0.9,0.877777777778,0.877777777778,0.818181818182,7,7,0,0,0,0
463,WLNM_dir_neg,0.857142857143,0.703555967842,00:00:01,10,20,2,1172860551,threshold_sweep,0.4,0.714285714286,0.714285714286,0.714285714286,5,2,2,12,0.714285714286,0.857142857143,0.142857142857,0.285714285714,0.714285714286,0.714285714286,0.714285714286,0.809523809524,0.555555555556,0.571428571429,0.571428571429,0.571428571429,20,13,7,0,20,0,13,0,7,11,20,0.181818181818,3.04338842975,3.63636363636,2,2.5,1.68954001271,0.464623503495,0.245454545455,1.16774841624,0.642261628933,0.336363636364,1.94000937205,1.06700515463,0.536363636364,1.05689877454,0.347276990411,3.54545454545,3.04338842975,1.05689877454,3.54545454545,0.499047619048,0.4,8,0.0484848484848,0.255555555556,11,11,11,1,0,0.0909090909091,0.636363636364,0.272727272727,11,0.118181818182,3.72727272727,2.36363636364,1.3,1.625,1.43336856898,0.6064251638,0.286713286713,0.603022689156,0.510249967747,0.237762237762,1.40129809949,1.18571377649,0.503496503497,2.05382127221,0.551025219373,7,3.72727272727,2.05382127221,7,0,0,0,0,0.22962962963,11,11,11,1,0,0.0909090909091,0.636363636364,0.272727272727,11,20,0.181818181818,4.42613636364,3.63636363636,2,2.5,1.74772579501,0.480624593628,0.254545454545,0.873862897505,0.480624593628,0.236363636364,1.72152152575,0.946836839165,0.5,2.29381270041,0.51824266402,6.5,4.42613636364,2.29381270041,6.5,0.366666666667,0.266666666667,4,0.0242424242424,0.195185185185,11,11,11,1,0,0.0909090909091,0.636363636364,0.272727272727,0,0,1.38274793388,0,0,0,0.0581857823014,0.0160010901329,0.00909090909091,-0.293885518737,-0.161637035305,-0.1,-0.218487846294,-0.120168315462,-0.0363636363636,1.23691392587,0.170965673609,2.95454545455,1.38274793388,1.23691392587,2.95454545455,-0.132380952381,-0.133333333333,-4,-0.0242424242424,-0.0603703703704,0,0,0,18,2,2,88,0.9,0.977777777778,0.0222222222222,0.1,0.9,0.9,0.9,0.877777777778,0.877777777778,0.818181818182,7,7,0,0,0,0
464,WLNM_dir_neg,0.857142857143,0.703555967842,00:00:01,10,20,2,1172860551,threshold_sweep,0.5,0.714285714286,0.714285714286,0.714285714286,5,2,2,12,0.714285714286,0.857142857143,0.142857142857,0.285714285714,0.714285714286,0.714285714286,0.714285714286,0.809523809524,0.555555555556,0.571428571429,0.571428571429,0.571428571429,20,13,7,0,20,0,13,0,7,11,20,0.181818181818,3.04338842975,3.63636363636,2,2.5,1.68954001271,0.464623503495,0.245454545455,1.16774841624,0.642261628933,0.336363636364,1.94000937205,1.06700515463,0.536363636364,1.05689877454,0.347276990411,3.54545454545,3.04338842975,1.05689877454,3.54545454545,0.499047619048,0.4,8,0.0484848484848,0.255555555556,11,11,11,1,0,0.0909090909091,0.636363636364,0.272727272727,11,0.118181818182,3.72727272727,2.36363636364,1.3,1.625,1.43336856898,0.6064251638,0.286713286713,0.603022689156,0.510249967747,0.237762237762,1.40129809949,1.18571377649,0.503496503497,2.05382127221,0.551025219373,7,3.72727272727,2.05382127221,7,0,0,0,0,0.22962962963,11,11,11,1,0,0.0909090909091,0.636363636364,0.272727272727,11,20,0.181818181818,4.42613636364,3.63636363636,2,2.5,1.74772579501,0.480624593628,0.254545454545,0.873862897505,0.480624593628,0.236363636364,1.72152152575,0.946836839165,0.5,2.29381270041,0.51824266402,6.5,4.42613636364,2.29381270041,6.5,0.366666666667,0.266666666667,4,0.0242424242424,0.195185185185,11,11,11,1,0,0.0909090909091,0.636363636364,0.272727272727,0,0,1.38274793388,0,0,0,0.0581857823014,0.0160010901329,0.00909090909091,-0.293885518737,-0.161637035305,-0.1,-0.218487846294,-0.120168315462,-0.0363636363636,1.23691392587,0.170965673609,2.95454545455,1.38274793388,1.23691392587,2.95454545455,-0.132380952381,-0.133333333333,-4,-0.0242424242424,-0.0603703703704,0,0,0,18,2,2,88,0.9,0.977777777778,0.0222222222222,0.1,0.9,0.9,0.9,0.877777777778,0.877777777778,0.818181818182,7,7,0,0,0,0
465,WLNM_dir_neg,0.857142857143,0.703555967842,00:00:01,10,20,2,1172860551,threshold_sweep,0.6,0.714285714286,0.714285714286,0.714285714286,5,2,2,12,0.714285714286,0.857142857143,0.142857142857,0.285714285714,0.714285714286,0.714285714286,0.714285714286,0.809523809524,0.555555555556,0.571428571429,0.571428571429,0.571428571429,20,13,7,0,20,0,13,0,7,11,20,0.181818181818,3.04338842975,3.63636363636,2,2.5,1.68954001271,0.464623503495,0.245454545455,1.16774841624,0.642261628933,0.336363636364,1.94000937205,1.06700515463,0.536363636364,1.05689877454,0.347276990411,3.54545454545,3.04338842975,1.05689877454,3.54545454545,0.499047619048,0.4,8,0.0484848484848,0.255555555556,11,11,11,1,0,0.0909090909091,0.636363636364,0.272727272727,11,0.118181818182,3.72727272727,2.36363636364,1.3,1.625,1.43336856898,0.6064251638,0.286713286713,0.603022689156,0.510249967747,0.237762237762,1.40129809949,1.18571377649,0.503496503497,2.05382127221,0.551025219373,7,3.72727272727,2.05382127221,7,0,0,0,0,0.22962962963,11,11,11,1,0,0.0909090909091,0.636363636364,0.272727272727,11,20,0.181818181818,4.42613636364,3.63636363636,2,2.5,1.74772579501,0.480624593628,0.254545454545,0.873862897505,0.480624593628,0.236363636364,1.72152152575,0.946836839165,0.5,2.29381270041,0.51824266402,6.5,4.42613636364,2.29381270041,6.5,0.366666666667,0.266666666667,4,0.0242424242424,0.195185185185,11,11,11,1,0,0.0909090909091,0.636363636364,0.272727272727,0,0,1.38274793388,0,0,0,0.0581857823014,0.0160010901329,0.00909090909091,-0.293885518737,-0.161637035305,-0.1,-0.218487846294,-0.120168315462,-0.0363636363636,1.23691392587,0.170965673609,2.95454545455,1.38274793388,1.23691392587,2.95454545455,-0.132380952381,-0.133333333333,-4,-0.0242424242424,-0.0603703703704,0,0,0,18,2,2,88,0.9,0.977777777778,0.0222222222222,0.1,0.9,0.9,0.9,0.877777777778,0.877777777778,0.818181818182,7,7,0,0,0,0
466,WLNM_dir_neg,0.857142857143,0.703555967842,00:00:01,10,20,2,1172860551,threshold_sweep,0.7,0.714285714286,0.714285714286,0.714285714286,5,2,2,12,0.714285714286,0.857142857143,0.142857142857,0.285714285714,0.714285714286,0.714285714286,0.714285714286,0.809523809524,0.555555555556,0.571428571429,0.571428571429,0.571428571429,20,13,7,0,20,0,13,0,7,11,20,0.181818181818,3.04338842975,3.63636363636,2,2.5,1.68954001271,0.464623503495,0.245454545455,1.16774841624,0.642261628933,0.336363636364,1.94000937205,1.06700515463,0.536363636364,1.05689877454,0.347276990411,3.54545454545,3.04338842975,1.05689877454,3.54545454545,0.499047619048,0.4,8,0.0484848484848,0.255555555556,11,11,11,1,0,0.0909090909091,0.636363636364,0.272727272727,11,0.118181818182,3.72727272727,2.36363636364,1.3,1.625,1.43336856898,0.6064251638,0.286713286713,0.603022689156,0.510249967747,0.237762237762,1.40129809949,1.18571377649,0.503496503497,2.05382127221,0.551025219373,7,3.72727272727,2.05382127221,7,0,0,0,0,0.22962962963,11,11,11,1,0,0.0909090909091,0.636363636364,0.272727272727,11,20,0.181818181818,4.42613636364,3.63636363636,2,2.5,1.74772579501,0.480624593628,0.254545454545,0.873862897505,0.480624593628,0.236363636364,1.72152152575,0.946836839165,0.5,2.29381270041,0.51824266402,6.5,4.42613636364,2.29381270041,6.5,0.366666666667,0.266666666667,4,0.0242424242424,0.195185185185,11,11,11,1,0,0.0909090909091,0.636363636364,0.272727272727,0,0,1.38274793388,0,0,0,0.0581857823014,0.0160010901329,0.00909090909091,-0.293885518737,-0.161637035305,-0.1,-0.218487846294,-0.120168315462,-0.0363636363636,1.23691392587,0.170965673609,2.95454545455,1.38274793388,1.23691392587,2.95454545455,-0.132380952381,-0.133333333333,-4,-0.0242424242424,-0.0603703703704,0,0,0,18,2,2,88,0.9,0.977777777778,0.0222222222222,0.1,0.9,0.9,0.9,0.877777777778,0.877777777778,0.818181818182,7,7,0,0,0,0
467,WLNM_dir_neg,0.857142857143,0.703555967842,00:00:01,10,20,2,1172860551,threshold_sweep,0.8,0.714285714286,0.714285714286,0.714285714286,5,2,2,12,0.714285714286,0.857142857143,0.142857142857,0.285714285714,0.714285714286,0.714285714286,0.714285714286,0.809523809524,0.555555555556,0.571428571429,0.571428571429,0.571428571429,20,13,7,0,20,0,13,0,7,11,20,0.181818181818,3.04338842975,3.63636363636,2,2.5,1.68954001271,0.464623503495,0.245454545455,1.16774841624,0.642261628933,0.336363636364,1.94000937205,1.06700515463,0.536363636364,1.05689877454,0.347276990411,3.54545454545,3.04338842975,1.05689877454,3.54545454545,0.499047619048,0.4,8,0.0484848484848,0.255555555556,11,11,11,1,0,0.0909090909091,0.636363636364,0.272727272727,11,0.118181818182,3.72727272727,2.36363636364,1.3,1.625,1.43336856898,0.6064251638,0.286713286713,0.603022689156,0.510249967747,0.237762237762,1.40129809949,1.18571377649,0.503496503497,2.05382127221,0.551025219373,7,3.72727272727,2.05382127221,7,0,0,0,0,0.22962962963,11,11,11,1,0,0.0909090909091,0.636363636364,0.272727272727,11,20,0.181818181818,4.42613636364,3.63636363636,2,2.5,1.74772579501,0.480624593628,0.254545454545,0.873862897505,0.480624593628,0.236363636364,1.72152152575,0.946836839165,0.5,2.29381270041,0.51824266402,6.5,4.42613636364,2.29381270041,6.5,0.366666666667,0.266666666667,4,0.0242424242424,0.195185185185,11,11,11,1,0,0.0909090909091,0.636363636364,0.272727272727,0,0,1.38274793388,0,0,0,0.0581857823014,0.0160010901329,0.00909090909091,-0.293885518737,-0.161637035305,-0.1,-0.218487846294,-0.120168315462,-0.0363636363636,1.23691392587,0.170965673609,2.95454545455,1.38274793388,1.23691392587,2.95454545455,-0.132380952381,-0.133333333333,-4,-0.0242424242424,-0.0603703703704,0,0,0,18,2,2,88,0.9,0.977777777778,0.0222222222222,0.1,0.9,0.9,0.9,0.877777777778,0.877777777778,0.818181818182,7,7,0,0,0,0
468,WLNM_dir_neg,0.857142857143,0.703555967842,00:00:01,10,20,2,1172860551,threshold_sweep,0.9,0.714285714286,0.714285714286,0.714285714286,5,2,2,12,0.714285714286,0.857142857143,0.142857142857,0.285714285714,0.714285714286,0.714285714286,0.714285714286,0.809523809524,0.555555555556,0.571428571429,0.571428571429,0.571428571429,20,13,7,0,20,0,13,0,7,11,20,0.181818181818,3.04338842975,3.63636363636,2,2.5,1.68954001271,0.464623503495,0.245454545455,1.16774841624,0.642261628933,0.336363636364,1.94000937205,1.06700515463,0.536363636364,1.05689877454,0.347276990411,3.54545454545,3.04338842975,1.05689877454,3.54545454545,0.499047619048,0.4,8,0.0484848484848,0.255555555556,11,11,11,1,0,0.0909090909091,0.636363636364,0.272727272727,11,0.118181818182,3.72727272727,2.36363636364,1.3,1.625,1.43336856898,0.6064251638,0.286713286713,0.603022689156,0.510249967747,0.237762237762,1.40129809949,1.18571377649,0.503496503497,2.05382127221,0.551025219373,7,3.72727272727,2.05382127221,7,0,0,0,0,0.22962962963,11,11,11,1,0,0.0909090909091,0.636363636364,0.272727272727,11,20,0.181818181818,4.42613636364,3.63636363636,2,2.5,1.74772579501,0.480624593628,0.254545454545,0.873862897505,0.480624593628,0.236363636364,1.72152152575,0.946836839165,0.5,2.29381270041,0.51824266402,6.5,4.42613636364,2.29381270041,6.5,0.366666666667,0.266666666667,4,0.0242424242424,0.195185185185,11,11,11,1,0,0.0909090909091,0.636363636364,0.272727272727,0,0,1.38274793388,0,0,0,0.0581857823014,0.0160010901329,0.00909090909091,-0.293885518737,-0.161637035305,-0.1,-0.218487846294,-0.120168315462,-0.0363636363636,1.23691392587,0.170965673609,2.95454545455,1.38274793388,1.23691392587,2.95454545455,-0.132380952381,-0.133333333333,-4,-0.0242424242424,-0.0603703703704,0,0,0,18,2,2,88,0.9,0.977777777778,0.0222222222222,0.1,0.9,0.9,0.9,0.877777777778,0.877777777778,0.818181818182,7,7,0,0,0,0
469,WLNM_dir_neg,0.857142857143,0.703555967842,00:00:02,10,20,3,1172860552,threshold_sweep,0.1,1,0.714285714286,0.833333333333,5,0,2,14,0.714285714286,1,0,0.285714285714,1,0.714285714286,0.833333333333,0.904761904762,0.587301587302,0.769230769231,0.790569415042,0.714285714286,20,13,7,0,20,0,13,0,7,11,20,0.181818181818,3.04338842975,3.63636363636,2,2.5,1.68954001271,0.464623503495,0.245454545455,1.16774841624,0.642261628933,0.336363636364,1.94000937205,1.06700515463,0.536363636364,1.05689877454,0.347276990411,3.54545454545,3.04338842975,1.05689877454,3.54545454545,0.499047619048,0.4,8,0.0484848484848,0.255555555556,11,11,11,1,0,0.0909090909091,0.636363636364,0.272727272727,11,0.118181818182,3.72727272727,2.36363636364,1.3,1.625,1.43336856898,0.6064251638,0.286713286713,0.603022689156,0.510249967747,0.237762237762,1.40129809949,1.18571377649,0.503496503497,2.05382127221,0.551025219373,7,3.72727272727,2.05382127221,7,0,0,0,0,0.22962962963,11,11,11,1,0,0.0909090909091,0.636363636364,0.272727272727,11,18,0.163636363636,3.11363636364,3.27272727273,1.8,2.25,1.42062726223,0.434080552347,0.227272727273,0.924416277737,0.564921058617,0.292929292929,1.68954001271,1.03249667443,0.525252525253,1.14353419474,0.367266456706,3.875,3.11363636364,1.14353419474,3.875,0.366666666667,0.266666666667,4,0.0242424242424,0.221111111111,11,11,11,1,0,0.0909090909091,0.636363636364,0.272727272727,-2,-0.0181818181818,0.0702479338843,-0.363636363636,-0.2,-0.25,-0.268912750482,-0.030542951148,-0.0181818181818,-0.243332138505,-0.0773405703161,-0.0434343434343,-0.250469359339,-0.0345084801933,-0.0111111111111,0.0866354202056,0.0199894662943,0.329545454545,0.0702479338843,0.0866354202056,0.329545454545,-0.132380952381,-0.133333333333,-4,-0.0242424242424,-0.0344444444444,0,0,0,18,0,2,90,0.9,1,0,0.1,1,0.9,0.947368421053,0.938314863257,0.9,0.9,5,7,0,0,0,0
470,WLNM_dir_neg,0.857142857143,0.703555967842,00:00:02,10,20,3,1172860552,threshold_sweep,0.2,1,0.571428571429,0.727272727273,4,0,3,14,0.571428571429,1,0,0.428571428571,1,0.571428571429,0.727272727273,0.857142857143,0.603174603175,0.64,0.68599434057,0.571428571429,20,13,7,0,20,0,13,0,7,11,20,0.181818181818,3.04338842975,3.63636363636,2,2.5,1.68954001271,0.464623503495,0.245454545455,1.16774841624,0.642261628933,0.336363636364,1.94000937205,1.06700515463,0.536363636364,1.05689877454,0.347276990411,3.54545454545,3.04338842975,1.05689877454,3.54545454545,0.499047619048,0.4,8,0.0484848484848,0.255555555556,11,11,11,1,0,0.0909090909091,0.636363636364,0.272727272727,11,0.118181818182,3.72727272727,2.36363636364,1.3,1.625,1.43336856898,0.6064251638,0.286713286713,0.603022689156,0.510249967747,0.237762237762,1.40129809949,1.18571377649,0.503496503497,2.05382127221,0.551025219373,7,3.72727272727,2.05382127221,7,0,0,0,0,0.22962962963,11,11,11,1,0,0.0909090909091,0.636363636364,0.272727272727,11,17,0.154545454545,3.17727272727,3.09090909091,1.7,2.125,1.30034960334,0.420701342257,0.208556149733,0.820199532265,0.530717344407,0.267379679144,1.57249078621,1.01749403814,0.513368983957,1.2536673475,0.394573414091,4.4,3.17727272727,1.2536673475,4.4,0.213333333333,0.153846153846,2,0.0121212121212,0.205555555556,11,11,11,1,0,0.0909090909091,0.636363636364,0.272727272727,-3,-0.0272727272727,0.133884297521,-0.545454545455,-0.3,-0.375,-0.389190409368,-0.0439221612377,-0.0368983957219,-0.347548883978,-0.111544284527,-0.0689839572193,-0.367518585835,-0.0495111164884,-0.0229946524064,0.196768572961,0.0472964236795,0.854545454545,0.133884297521,0.196768572961,0.854545454545,-0.285714285714,-0.246153846154,-6,-0.0363636363636,-0.05,0,0,0,17,0,3,90,0.85,1,0,0.15,1,0.85,0.918918918919,0.906962317388,0.85,0.85,4,7,0,0,0,0
471,WLNM_dir_neg,0.857142857143,0.703555967842,00:00:02,10,20,3,1172860552,threshold_sweep,0.3,1,0.571428571429,0.727272727273,4,0,3,14,0.571428571429,1,0,0.428571428571,1,0.571428571429,0.727272727273,0.857142857143,0.603174603175,0.64,0.68599434057,0.571428571429,20,13,7,0,20,0,13,0,7,11,20,0.181818181818,3.04338842975,3.63636363636,2,2.5,1.68954001271,0.464623503495,0.245454545455,1.16774841624,0.642261628933,0.336363636364,1.94000937205,1.06700515463,0.536363636364,1.05689877454,0.347276990411,3.54545454545,3.04338842975,1.05689877454,3.54545454545,0.499047619048,0.4,8,0.0484848484848,0.255555555556,11,11,11,1,0,0.0909090909091,0.636363636364,0.272727272727,11,0.118181818182,3.72727272727,2.36363636364,1.3,1.625,1.43336856898,0.6064251638,0.286713286713,0.603022689156,0.510249967747,0.237762237762,1.40129809949,1.18571377649,0.503496503497,2.05382127221,0.551025219373,7,3.72727272727,2.05382127221,7,0,0,0,0,0.22962962963,11,11,11,1,0,0.0909090909091,0.636363636364,0.272727272727,11,17,0.154545454545,3.17727272727,3.09090909091,1.7,2.125,1.30034960334,0.420701342257,0.208556149733,0.820199532265,0.530717344407,0.267379679144,1.57249078621,1.01749403814,0.513368983957,1.2536673475,0.394573414091,4.4,3.17727272727,1.2536673475,4.4,0.213333333333,0.153846153846,2,0.0121212121212,0.205555555556,11,11,11,1,0,0.0909090909091,0.636363636364,0.272727272727,-3,-0.0272727272727,0.133884297521,-0.545454545455,-0.3,-0.375,-0.389190409368,-0.0439221612377,-0.0368983957219,-0.347548883978,-0.111544284527,-0.0689839572193,-0.367518585835,-0.0495111164884,-0.0229946524064,0.196768572961,0.0472964236795,0.854545454545,0.133884297521,0.196768572961,0.854545454545,-0.285714285714,-0.246153846154,-6,-0.0363636363636,-0.05,0,0,0,17,0,3,90,0.85,1,0,0.15,1,0.85,0.918918918919,0.906962317388,0.85,0.85,4,7,0,0,0,0
472,WLNM_dir_neg,0.857142857143,0.703555967842,00:00:02,10,20,3,1172860552,threshold_sweep,0.4,1,0.571428571429,0.727272727273,4,0,3,14,0.571428571429,1,0,0.428571428571,1,0.571428571429,0.727272727273,0.857142857143,0.603174603175,0.64,0.68599434057,0.571428571429,20,13,7,0,20,0,13,0,7,11,20,0.181818181818,3.04338842975,3.63636363636,2,2.5,1.68954001271,0.464623503495,0.245454545455,1.16774841624,0.642261628933,0.336363636364,1.94000937205,1.06700515463,0.536363636364,1.05689877454,0.347276990411,3.54545454545,3.04338842975,1.05689877454,3.54545454545,0.499047619048,0.4,8,0.0484848484848,0.255555555556,11,11,11,1,0,0.0909090909091,0.636363636364,0.272727272727,11,0.118181818182,3.72727272727,2.36363636364,1.3,1.625,1.43336856898,0.6064251638,0.286713286713,0.603022689156,0.510249967747,0.237762237762,1.40129809949,1.18571377649,0.503496503497,2.05382127221,0.551025219373,7,3.72727272727,2.05382127221,7,0,0,0,0,0.22962962963,11,11,11,1,0,0.0909090909091,0.636363636364,0.272727272727,11,17,0.154545454545,3.17727272727,3.09090909091,1.7,2.125,1.30034960334,0.420701342257,0.208556149733,0.820199532265,0.530717344407,0.267379679144,1.57249078621,1.01749403814,0.513368983957,1.2536673475,0.394573414091,4.4,3.17727272727,1.2536673475,4.4,0.213333333333,0.153846153846,2,0.0121212121212,0.205555555556,11,11,11,1,0,0.0909090909091,0.636363636364,0.272727272727,-3,-0.0272727272727,0.133884297521,-0.545454545455,-0.3,-0.375,-0.389190409368,-0.0439221612377,-0.0368983957219,-0.347548883978,-0.111544284527,-0.0689839572193,-0.367518585835,-0.0495111164884,-0.0229946524064,0.196768572961,0.0472964236795,0.854545454545,0.133884297521,0.196768572961,0.854545454545,-0.285714285714,-0.246153846154,-6,-0.0363636363636,-0.05,0,0,0,17,0,3,90,0.85,1,0,0.15,1,0.85,0.918918918919,0.906962317388,0.85,0.85,4,7,0,0,0,0
473,WLNM_dir_neg,0.857142857143,0.703555967842,00:00:02,10,20,3,1172860552,threshold_sweep,0.5,1,0.571428571429,0.727272727273,4,0,3,14,0.571428571429,1,0,0.428571428571,1,0.571428571429,0.727272727273,0.857142857143,0.603174603175,0.64,0.68599434057,0.571428571429,20,13,7,0,20,0,13,0,7,11,20,0.181818181818,3.04338842975,3.63636363636,2,2.5,1.68954001271,0.464623503495,0.245454545455,1.16774841624,0.642261628933,0.336363636364,1.94000937205,1.06700515463,0.536363636364,1.05689877454,0.347276990411,3.54545454545,3.04338842975,1.05689877454,3.54545454545,0.499047619048,0.4,8,0.0484848484848,0.255555555556,11,11,11,1,0,0.0909090909091,0.636363636364,0.272727272727,11,0.118181818182,3.72727272727,2.36363636364,1.3,1.625,1.43336856898,0.6064251638,0.286713286713,0.603022689156,0.510249967747,0.237762237762,1.40129809949,1.18571377649,0.503496503497,2.05382127221,0.551025219373,7,3.72727272727,2.05382127221,7,0,0,0,0,0.22962962963,11,11,11,1,0,0.0909090909091,0.636363636364,0.272727272727,11,17,0.154545454545,3.17727272727,3.09090909091,1.7,2.125,1.30034960334,0.420701342257,0.208556149733,0.820199532265,0.530717344407,0.267379679144,1.57249078621,1.01749403814,0.513368983957,1.2536673475,0.394573414091,4.4,3.17727272727,1.2536673475,4.4,0.213333333333,0.153846153846,2,0.0121212121212,0.205555555556,11,11,11,1,0,0.0909090909091,0.636363636364,0.272727272727,-3,-0.0272727272727,0.133884297521,-0.545454545455,-0.3,-0.375,-0.389190409368,-0.0439221612377,-0.0368983957219,-0.347548883978,-0.111544284527,-0.0689839572193,-0.367518585835,-0.0495111164884,-0.0229946524064,0.196768572961,0.0472964236795,0.854545454545,0.133884297521,0.196768572961,0.854545454545,-0.285714285714,-0.246153846154,-6,-0.0363636363636,-0.05,0,0,0,17,0,3,90,0.85,1,0,0.15,1,0.85,0.918918918919,0.906962317388,0.85,0.85,4,7,0,0,0,0
474,WLNM_dir_neg,0.857142857143,0.703555967842,00:00:02,10,20,3,1172860552,threshold_sweep,0.6,1,0.571428571429,0.727272727273,4,0,3,14,0.571428571429,1,0,0.428571428571,1,0.571428571429,0.727272727273,0.857142857143,0.603174603175,0.64,0.68599434057,0.571428571429,20,13,7,0,20,0,13,0,7,11,20,0.181818181818,3.04338842975,3.63636363636,2,2.5,1.68954001271,0.464623503495,0.245454545455,1.16774841624,0.642261628933,0.336363636364,1.94000937205,1.06700515463,0.536363636364,1.05689877454,0.347276990411,3.54545454545,3.04338842975,1.05689877454,3.54545454545,0.499047619048,0.4,8,0.0484848484848,0.255555555556,11,11,11,1,0,0.0909090909091,0.636363636364,0.272727272727,11,0.118181818182,3.72727272727,2.36363636364,1.3,1.625,1.43336856898,0.6064251638,0.286713286713,0.603022689156,0.510249967747,0.237762237762,1.40129809949,1.18571377649,0.503496503497,2.05382127221,0.551025219373,7,3.72727272727,2.05382127221,7,0,0,0,0,0.22962962963,11,11,11,1,0,0.0909090909091,0.636363636364,0.272727272727,11,17,0.154545454545,3.17727272727,3.09090909091,1.7,2.125,1.30034960334,0.420701342257,0.208556149733,0.820199532265,0.530717344407,0.267379679144,1.57249078621,1.01749403814,0.513368983957,1.2536673475,0.394573414091,4.4,3.17727272727,1.2536673475,4.4,0.213333333333,0.153846153846,2,0.0121212121212,0.205555555556,11,11,11,1,0,0.0909090909091,0.636363636364,0.272727272727,-3,-0.0272727272727,0.133884297521,-0.545454545455,-0.3,-0.375,-0.389190409368,-0.0439221612377,-0.0368983957219,-0.347548883978,-0.111544284527,-0.0689839572193,-0.367518585835,-0.0495111164884,-0.0229946524064,0.196768572961,0.0472964236795,0.854545454545,0.133884297521,0.196768572961,0.854545454545,-0.285714285714,-0.246153846154,-6,-0.0363636363636,-0.05,0,0,0,17,0,3,90,0.85,1,0,0.15,1,0.85,0.918918918919,0.906962317388,0.85,0.85,4,7,0,0,0,0
475,WLNM_dir_neg,0.857142857143,0.703555967842,00:00:02,10,20,3,1172860552,threshold_sweep,0.7,1,0.571428571429,0.727272727273,4,0,3,14,0.571428571429,1,0,0.428571428571,1,0.571428571429,0.727272727273,0.857142857143,0.603174603175,0.64,0.68599434057,0.571428571429,20,13,7,0,20,0,13,0,7,11,20,0.181818181818,3.04338842975,3.63636363636,2,2.5,1.68954001271,0.464623503495,0.245454545455,1.16774841624,0.642261628933,0.336363636364,1.94000937205,1.06700515463,0.536363636364,1.05689877454,0.347276990411,3.54545454545,3.04338842975,1.05689877454,3.54545454545,0.499047619048,0.4,8,0.0484848484848,0.255555555556,11,11,11,1,0,0.0909090909091,0.636363636364,0.272727272727,11,0.118181818182,3.72727272727,2.36363636364,1.3,1.625,1.43336856898,0.6064251638,0.286713286713,0.603022689156,0.510249967747,0.237762237762,1.40129809949,1.18571377649,0.503496503497,2.05382127221,0.551025219373,7,3.72727272727,2.05382127221,7,0,0,0,0,0.22962962963,11,11,11,1,0,0.0909090909091,0.636363636364,0.272727272727,11,17,0.154545454545,3.17727272727,3.09090909091,1.7,2.125,1.30034960334,0.420701342257,0.208556149733,0.820199532265,0.530717344407,0.267379679144,1.57249078621,1.01749403814,0.513368983957,1.2536673475,0.394573414091,4.4,3.17727272727,1.2536673475,4.4,0.213333333333,0.153846153846,2,0.0121212121212,0.205555555556,11,11,11,1,0,0.0909090909091,0.636363636364,0.272727272727,-3,-0.0272727272727,0.133884297521,-0.545454545455,-0.3,-0.375,-0.389190409368,-0.0439221612377,-0.0368983957219,-0.347548883978,-0.111544284527,-0.0689839572193,-0.367518585835,-0.0495111164884,-0.0229946524064,0.196768572961,0.0472964236795,0.854545454545,0.133884297521,0.196768572961,0.854545454545,-0.285714285714,-0.246153846154,-6,-0.0363636363636,-0.05,0,0,0,17,0,3,90,0.85,1,0,0.15,1,0.85,0.918918918919,0.906962317388,0.85,0.85,4,7,0,0,0,0
476,WLNM_dir_neg,0.857142857143,0.703555967842,00:00:02,10,20,3,1172860552,threshold_sweep,0.8,1,0.571428571429,0.727272727273,4,0,3,14,0.571428571429,1,0,0.428571428571,1,0.571428571429,0.727272727273,0.857142857143,0.603174603175,0.64,0.68599434057,0.571428571429,20,13,7,0,20,0,13,0,7,11,20,0.181818181818,3.04338842975,3.63636363636,2,2.5,1.68954001271,0.464623503495,0.245454545455,1.16774841624,0.642261628933,0.336363636364,1.94000937205,1.06700515463,0.536363636364,1.05689877454,0.347276990411,3.54545454545,3.04338842975,1.05689877454,3.54545454545,0.499047619048,0.4,8,0.0484848484848,0.255555555556,11,11,11,1,0,0.0909090909091,0.636363636364,0.272727272727,11,0.118181818182,3.72727272727,2.36363636364,1.3,1.625,1.43336856898,0.6064251638,0.286713286713,0.603022689156,0.510249967747,0.237762237762,1.40129809949,1.18571377649,0.503496503497,2.05382127221,0.551025219373,7,3.72727272727,2.05382127221,7,0,0,0,0,0.22962962963,11,11,11,1,0,0.0909090909091,0.636363636364,0.272727272727,11,17,0.154545454545,3.17727272727,3.09090909091,1.7,2.125,1.30034960334,0.420701342257,0.208556149733,0.820199532265,0.530717344407,0.267379679144,1.57249078621,1.01749403814,0.513368983957,1.2536673475,0.394573414091,4.4,3.17727272727,1.2536673475,4.4,0.213333333333,0.153846153846,2,0.0121212121212,0.205555555556,11,11,11,1,0,0.0909090909091,0.636363636364,0.272727272727,-3,-0.0272727272727,0.133884297521,-0.545454545455,-0.3,-0.375,-0.389190409368,-0.0439221612377,-0.0368983957219,-0.347548883978,-0.111544284527,-0.0689839572193,-0.367518585835,-0.0495111164884,-0.0229946524064,0.196768572961,0.0472964236795,0.854545454545,0.133884297521,0.196768572961,0.854545454545,-0.285714285714,-0.246153846154,-6,-0.0363636363636,-0.05,0,0,0,17,0,3,90,0.85,1,0,0.15,1,0.85,0.918918918919,0.906962317388,0.85,0.85,4,7,0,0,0,0
477,WLNM_dir_neg,0.857142857143,0.703555967842,00:00:02,10,20,3,1172860552,threshold_sweep,0.9,1,0.571428571429,0.727272727273,4,0,3,14,0.571428571429,1,0,0.428571428571,1,0.571428571429,0.727272727273,0.857142857143,0.603174603175,0.64,0.68599434057,0.571428571429,20,13,7,0,20,0,13,0,7,11,20,0.181818181818,3.04338842975,3.63636363636,2,2.5,1.68954001271,0.464623503495,0.245454545455,1.16774841624,0.642261628933,0.336363636364,1.94000937205,1.06700515463,0.536363636364,1.05689877454,0.347276990411,3.54545454545,3.04338842975,1.05689877454,3.54545454545,0.499047619048,0.4,8,0.0484848484848,0.255555555556,11,11,11,1,0,0.0909090909091,0.636363636364,0.272727272727,11,0.118181818182,3.72727272727,2.36363636364,1.3,1.625,1.43336856898,0.6064251638,0.286713286713,0.603022689156,0.510249967747,0.237762237762,1.40129809949,1.18571377649,0.503496503497,2.05382127221,0.551025219373,7,3.72727272727,2.05382127221,7,0,0,0,0,0.22962962963,11,11,11,1,0,0.0909090909091,0.636363636364,0.272727272727,11,17,0.154545454545,3.17727272727,3.09090909091,1.7,2.125,1.30034960334,0.420701342257,0.208556149733,0.820199532265,0.530717344407,0.267379679144,1.57249078621,1.01749403814,0.513368983957,1.2536673475,0.394573414091,4.4,3.17727272727,1.2536673475,4.4,0.213333333333,0.153846153846,2,0.0121212121212,0.205555555556,11,11,11,1,0,0.0909090909091,0.636363636364,0.272727272727,-3,-0.0272727272727,0.133884297521,-0.545454545455,-0.3,-0.375,-0.389190409368,-0.0439221612377,-0.0368983957219,-0.347548883978,-0.111544284527,-0.0689839572193,-0.367518585835,-0.0495111164884,-0.0229946524064,0.196768572961,0.0472964236795,0.854545454545,0.133884297521,0.196768572961,0.854545454545,-0.285714285714,-0.246153846154,-6,-0.0363636363636,-0.05,0,0,0,17,0,3,90,0.85,1,0,0.15,1,0.85,0.918918918919,0.906962317388,0.85,0.85,4,7,0,0,0,0
478,WLNM_dir_neg,0.877551020408,0.570929070929,00:00:02,10,20,4,1172860553,threshold_sweep,0.1,1,0.714285714286,0.833333333333,5,0,2,14,0.714285714286,1,0,0.285714285714,1,0.714285714286,0.833333333333,0.904761904762,0.587301587302,0.769230769231,0.790569415042,0.714285714286,20,13,7,0,20,0,13,0,7,11,20,0.181818181818,3.04338842975,3.63636363636,2,2.5,1.68954001271,0.464623503495,0.245454545455,1.16774841624,0.642261628933,0.336363636364,1.94000937205,1.06700515463,0.536363636364,1.05689877454,0.347276990411,3.54545454545,3.04338842975,1.05689877454,3.54545454545,0.499047619048,0.4,8,0.0484848484848,0.255555555556,11,11,11,1,0,0.0909090909091,0.636363636364,0.272727272727,11,0.118181818182,3.72727272727,2.36363636364,1.3,1.625,1.43336856898,0.6064251638,0.286713286713,0.603022689156,0.510249967747,0.237762237762,1.40129809949,1.18571377649,0.503496503497,2.05382127221,0.551025219373,7,3.72727272727,2.05382127221,7,0,0,0,0,0.22962962963,11,11,11,1,0,0.0909090909091,0.636363636364,0.272727272727,11,18,0.163636363636,3.11363636364,3.27272727273,1.8,2.25,1.42062726223,0.434080552347,0.227272727273,0.924416277737,0.564921058617,0.292929292929,1.68954001271,1.03249667443,0.525252525253,1.14353419474,0.367266456706,3.875,3.11363636364,1.14353419474,3.875,0.366666666667,0.266666666667,4,0.0242424242424,0.221111111111,11,11,11,1,0,0.0909090909091,0.636363636364,0.272727272727,-2,-0.0181818181818,0.0702479338843,-0.363636363636,-0.2,-0.25,-0.268912750482,-0.030542951148,-0.0181818181818,-0.243332138505,-0.0773405703161,-0.0434343434343,-0.250469359339,-0.0345084801933,-0.0111111111111,0.0866354202056,0.0199894662943,0.329545454545,0.0702479338843,0.0866354202056,0.329545454545,-0.132380952381,-0.133333333333,-4,-0.0242424242424,-0.0344444444444,0,0,0,18,0,2,90,0.9,1,0,0.1,1,0.9,0.947368421053,0.938314863257,0.9,0.9,5,7,0,0,0,0
479,WLNM_dir_neg,0.877551020408,0.570929070929,00:00:02,10,20,4,1172860553,threshold_sweep,0.2,1,0.714285714286,0.833333333333,5,0,2,14,0.714285714286,1,0,0.285714285714,1,0.714285714286,0.833333333333,0.904761904762,0.587301587302,0.769230769231,0.790569415042,0.714285714286,20,13,7,0,20,0,13,0,7,11,20,0.181818181818,3.04338842975,3.63636363636,2,2.5,1.68954001271,0.464623503495,0.245454545455,1.16774841624,0.642261628933,0.336363636364,1.94000937205,1.06700515463,0.536363636364,1.05689877454,0.347276990411,3.54545454545,3.04338842975,1.05689877454,3.54545454545,0.499047619048,0.4,8,0.0484848484848,0.255555555556,11,11,11,1,0,0.0909090909091,0.636363636364,0.272727272727,11,0.118181818182,3.72727272727,2.36363636364,1.3,1.625,1.43336856898,0.6064251638,0.286713286713,0.603022689156,0.510249967747,0.237762237762,1.40129809949,1.18571377649,0.503496503497,2.05382127221,0.551025219373,7,3.72727272727,2.05382127221,7,0,0,0,0,0.22962962963,11,11,11,1,0,0.0909090909091,0.636363636364,0.272727272727,11,18,0.163636363636,3.11363636364,3.27272727273,1.8,2.25,1.42062726223,0.434080552347,0.227272727273,0.924416277737,0.564921058617,0.292929292929,1.68954001271,1.03249667443,0.525252525253,1.14353419474,0.367266456706,3.875,3.11363636364,1.14353419474,3.875,0.366666666667,0.266666666667,4,0.0242424242424,0.221111111111,11,11,11,1,0,0.0909090909091,0.636363636364,0.272727272727,-2,-0.0181818181818,0.0702479338843,-0.363636363636,-0.2,-0.25,-0.268912750482,-0.030542951148,-0.0181818181818,-0.243332138505,-0.0773405703161,-0.0434343434343,-0.250469359339,-0.0345084801933,-0.0111111111111,0.0866354202056,0.0199894662943,0.329545454545,0.0702479338843,0.0866354202056,0.329545454545,-0.132380952381,-0.133333333333,-4,-0.0242424242424,-0.0344444444444,0,0,0,18,0,2,90,0.9,1,0,0.1,1,0.9,0.947368421053,0.938314863257,0.9,0.9,5,7,0,0,0,0
480,WLNM_dir_neg,0.877551020408,0.570929070929,00:00:02,10,20,4,1172860553,threshold_sweep,0.3,1,0.714285714286,0.833333333333,5,0,2,14,0.714285714286,1,0,0.285714285714,1,0.714285714286,0.833333333333,0.904761904762,0.587301587302,0.769230769231,0.790569415042,0.714285714286,20,13,7,0,20,0,13,0,7,11,20,0.181818181818,3.04338842975,3.63636363636,2,2.5,1.68954001271,0.464623503495,0.245454545455,1.16774841624,0.642261628933,0.336363636364,1.94000937205,1.06700515463,0.536363636364,1.05689877454,0.347276990411,3.54545454545,3.04338842975,1.05689877454,3.54545454545,0.499047619048,0.4,8,0.0484848484848,0.255555555556,11,11,11,1,0,0.0909090909091,0.636363636364,0.272727272727,11,0.118181818182,3.72727272727,2.36363636364,1.3,1.625,1.43336856898,0.6064251638,0.286713286713,0.603022689156,0.510249967747,0.237762237762,1.40129809949,1.18571377649,0.503496503497,2.05382127221,0.551025219373,7,3.72727272727,2.05382127221,7,0,0,0,0,0.22962962963,11,11,11,1,0,0.0909090909091,0.636363636364,0.272727272727,11,18,0.163636363636,3.11363636364,3.27272727273,1.8,2.25,1.42062726223,0.434080552347,0.227272727273,0.924416277737,0.564921058617,0.292929292929,1.68954001271,1.03249667443,0.525252525253,1.14353419474,0.367266456706,3.875,3.11363636364,1.14353419474,3.875,0.366666666667,0.266666666667,4,0.0242424242424,0.221111111111,11,11,11,1,0,0.0909090909091,0.636363636364,0.272727272727,-2,-0.0181818181818,0.0702479338843,-0.363636363636,-0.2,-0.25,-0.268912750482,-0.030542951148,-0.0181818181818,-0.243332138505,-0.0773405703161,-0.0434343434343,-0.250469359339,-0.0345084801933,-0.0111111111111,0.0866354202056,0.0199894662943,0.329545454545,0.0702479338843,0.0866354202056,0.329545454545,-0.132380952381,-0.133333333333,-4,-0.0242424242424,-0.0344444444444,0,0,0,18,0,2,90,0.9,1,0,0.1,1,0.9,0.947368421053,0.938314863257,0.9,0.9,5,7,0,0,0,0
481,WLNM_dir_neg,0.877551020408,0.570929070929,00:00:02,10,20,4,1172860553,threshold_sweep,0.4,1,0.714285714286,0.833333333333,5,0,2,14,0.714285714286,1,0,0.285714285714,1,0.714285714286,0.833333333333,0.904761904762,0.587301587302,0.769230769231,0.790569415042,0.714285714286,20,13,7,0,20,0,13,0,7,11,20,0.181818181818,3.04338842975,3.63636363636,2,2.5,1.68954001271,0.464623503495,0.245454545455,1.16774841624,0.642261628933,0.336363636364,1.94000937205,1.06700515463,0.536363636364,1.05689877454,0.347276990411,3.54545454545,3.04338842975,1.05689877454,3.54545454545,0.499047619048,0.4,8,0.0484848484848,0.255555555556,11,11,11,1,0,0.0909090909091,0.636363636364,0.272727272727,11,0.118181818182,3.72727272727,2.36363636364,1.3,1.625,1.43336856898,0.6064251638,0.286713286713,0.603022689156,0.510249967747,0.237762237762,1.40129809949,1.18571377649,0.503496503497,2.05382127221,0.551025219373,7,3.72727272727,2.05382127221,7,0,0,0,0,0.22962962963,11,11,11,1,0,0.0909090909091,0.636363636364,0.272727272727,11,18,0.163636363636,3.11363636364,3.27272727273,1.8,2.25,1.42062726223,0.434080552347,0.227272727273,0.924416277737,0.564921058617,0.292929292929,1.68954001271,1.03249667443,0.525252525253,1.14353419474,0.367266456706,3.875,3.11363636364,1.14353419474,3.875,0.366666666667,0.266666666667,4,0.0242424242424,0.221111111111,11,11,11,1,0,0.0909090909091,0.636363636364,0.272727272727,-2,-0.0181818181818,0.0702479338843,-0.363636363636,-0.2,-0.25,-0.268912750482,-0.030542951148,-0.0181818181818,-0.243332138505,-0.0773405703161,-0.0434343434343,-0.250469359339,-0.0345084801933,-0.0111111111111,0.0866354202056,0.0199894662943,0.329545454545,0.0702479338843,0.0866354202056,0.329545454545,-0.132380952381,-0.133333333333,-4,-0.0242424242424,-0.0344444444444,0,0,0,18,0,2,90,0.9,1,0,0.1,1,0.9,0.947368421053,0.938314863257,0.9,0.9,5,7,0,0,0,0
482,WLNM_dir_neg,0.877551020408,0.570929070929,00:00:02,10,20,4,1172860553,threshold_sweep,0.5,1,0.714285714286,0.833333333333,5,0,2,14,0.714285714286,1,0,0.285714285714,1,0.714285714286,0.833333333333,0.904761904762,0.587301587302,0.769230769231,0.790569415042,0.714285714286,20,13,7,0,20,0,13,0,7,11,20,0.181818181818,3.04338842975,3.63636363636,2,2.5,1.68954001271,0.464623503495,0.245454545455,1.16774841624,0.642261628933,0.336363636364,1.94000937205,1.06700515463,0.536363636364,1.05689877454,0.347276990411,3.54545454545,3.04338842975,1.05689877454,3.54545454545,0.499047619048,0.4,8,0.0484848484848,0.255555555556,11,11,11,1,0,0.0909090909091,0.636363636364,0.272727272727,11,0.118181818182,3.72727272727,2.36363636364,1.3,1.625,1.43336856898,0.6064251638,0.286713286713,0.603022689156,0.510249967747,0.237762237762,1.40129809949,1.18571377649,0.503496503497,2.05382127221,0.551025219373,7,3.72727272727,2.05382127221,7,0,0,0,0,0.22962962963,11,11,11,1,0,0.0909090909091,0.636363636364,0.272727272727,11,18,0.163636363636,3.11363636364,3.27272727273,1.8,2.25,1.42062726223,0.434080552347,0.227272727273,0.924416277737,0.564921058617,0.292929292929,1.68954001271,1.03249667443,0.525252525253,1.14353419474,0.367266456706,3.875,3.11363636364,1.14353419474,3.875,0.366666666667,0.266666666667,4,0.0242424242424,0.221111111111,11,11,11,1,0,0.0909090909091,0.636363636364,0.272727272727,-2,-0.0181818181818,0.0702479338843,-0.363636363636,-0.2,-0.25,-0.268912750482,-0.030542951148,-0.0181818181818,-0.243332138505,-0.0773405703161,-0.0434343434343,-0.250469359339,-0.0345084801933,-0.0111111111111,0.0866354202056,0.0199894662943,0.329545454545,0.0702479338843,0.0866354202056,0.329545454545,-0.132380952381,-0.133333333333,-4,-0.0242424242424,-0.0344444444444,0,0,0,18,0,2,90,0.9,1,0,0.1,1,0.9,0.947368421053,0.938314863257,0.9,0.9,5,7,0,0,0,0
483,WLNM_dir_neg,0.877551020408,0.570929070929,00:00:02,10,20,4,1172860553,threshold_sweep,0.6,1,0.714285714286,0.833333333333,5,0,2,14,0.714285714286,1,0,0.285714285714,1,0.714285714286,0.833333333333,0.904761904762,0.587301587302,0.769230769231,0.790569415042,0.714285714286,20,13,7,0,20,0,13,0,7,11,20,0.181818181818,3.04338842975,3.63636363636,2,2.5,1.68954001271,0.464623503495,0.245454545455,1.16774841624,0.642261628933,0.336363636364,1.94000937205,1.06700515463,0.536363636364,1.05689877454,0.347276990411,3.54545454545,3.04338842975,1.05689877454,3.54545454545,0.499047619048,0.4,8,0.0484848484848,0.255555555556,11,11,11,1,0,0.0909090909091,0.636363636364,0.272727272727,11,0.118181818182,3.72727272727,2.36363636364,1.3,1.625,1.43336856898,0.6064251638,0.286713286713,0.603022689156,0.510249967747,0.237762237762,1.40129809949,1.18571377649,0.503496503497,2.05382127221,0.551025219373,7,3.72727272727,2.05382127221,7,0,0,0,0,0.22962962963,11,11,11,1,0,0.0909090909091,0.636363636364,0.272727272727,11,18,0.163636363636,3.11363636364,3.27272727273,1.8,2.25,1.42062726223,0.434080552347,0.227272727273,0.924416277737,0.564921058617,0.292929292929,1.68954001271,1.03249667443,0.525252525253,1.14353419474,0.367266456706,3.875,3.11363636364,1.14353419474,3.875,0.366666666667,0.266666666667,4,0.0242424242424,0.221111111111,11,11,11,1,0,0.0909090909091,0.636363636364,0.272727272727,-2,-0.0181818181818,0.0702479338843,-0.363636363636,-0.2,-0.25,-0.268912750482,-0.030542951148,-0.0181818181818,-0.243332138505,-0.0773405703161,-0.0434343434343,-0.250469359339,-0.0345084801933,-0.0111111111111,0.0866354202056,0.0199894662943,0.329545454545,0.0702479338843,0.0866354202056,0.329545454545,-0.132380952381,-0.133333333333,-4,-0.0242424242424,-0.0344444444444,0,0,0,18,0,2,90,0.9,1,0,0.1,1,0.9,0.947368421053,0.938314863257,0.9,0.9,5,7,0,0,0,0
484,WLNM_dir_neg,0.877551020408,0.570929070929,00:00:02,10,20,4,1172860553,threshold_sweep,0.7,1,0.714285714286,0.833333333333,5,0,2,14,0.714285714286,1,0,0.285714285714,1,0.714285714286,0.833333333333,0.904761904762,0.587301587302,0.769230769231,0.790569415042,0.714285714286,20,13,7,0,20,0,13,0,7,11,20,0.181818181818,3.04338842975,3.63636363636,2,2.5,1.68954001271,0.464623503495,0.245454545455,1.16774841624,0.642261628933,0.336363636364,1.94000937205,1.06700515463,0.536363636364,1.05689877454,0.347276990411,3.54545454545,3.04338842975,1.05689877454,3.54545454545,0.499047619048,0.4,8,0.0484848484848,0.255555555556,11,11,11,1,0,0.0909090909091,0.636363636364,0.272727272727,11,0.118181818182,3.72727272727,2.36363636364,1.3,1.625,1.43336856898,0.6064251638,0.286713286713,0.603022689156,0.510249967747,0.237762237762,1.40129809949,1.18571377649,0.503496503497,2.05382127221,0.551025219373,7,3.72727272727,2.05382127221,7,0,0,0,0,0.22962962963,11,11,11,1,0,0.0909090909091,0.636363636364,0.272727272727,11,18,0.163636363636,3.11363636364,3.27272727273,1.8,2.25,1.42062726223,0.434080552347,0.227272727273,0.924416277737,0.564921058617,0.292929292929,1.68954001271,1.03249667443,0.525252525253,1.14353419474,0.367266456706,3.875,3.11363636364,1.14353419474,3.875,0.366666666667,0.266666666667,4,0.0242424242424,0.221111111111,11,11,11,1,0,0.0909090909091,0.636363636364,0.272727272727,-2,-0.0181818181818,0.0702479338843,-0.363636363636,-0.2,-0.25,-0.268912750482,-0.030542951148,-0.0181818181818,-0.243332138505,-0.0773405703161,-0.0434343434343,-0.250469359339,-0.0345084801933,-0.0111111111111,0.0866354202056,0.0199894662943,0.329545454545,0.0702479338843,0.0866354202056,0.329545454545,-0.132380952381,-0.133333333333,-4,-0.0242424242424,-0.0344444444444,0,0,0,18,0,2,90,0.9,1,0,0.1,1,0.9,0.947368421053,0.938314863257,0.9,0.9,5,7,0,0,0,0
485,WLNM_dir_neg,0.877551020408,0.570929070929,00:00:02,10,20,4,1172860553,threshold_sweep,0.8,1,0.714285714286,0.833333333333,5,0,2,14,0.714285714286,1,0,0.285714285714,1,0.714285714286,0.833333333333,0.904761904762,0.587301587302,0.769230769231,0.790569415042,0.714285714286,20,13,7,0,20,0,13,0,7,11,20,0.181818181818,3.04338842975,3.63636363636,2,2.5,1.68954001271,0.464623503495,0.245454545455,1.16774841624,0.642261628933,0.336363636364,1.94000937205,1.06700515463,0.536363636364,1.05689877454,0.347276990411,3.54545454545,3.04338842975,1.05689877454,3.54545454545,0.499047619048,0.4,8,0.0484848484848,0.255555555556,11,11,11,1,0,0.0909090909091,0.636363636364,0.272727272727,11,0.118181818182,3.72727272727,2.36363636364,1.3,1.625,1.43336856898,0.6064251638,0.286713286713,0.603022689156,0.510249967747,0.237762237762,1.40129809949,1.18571377649,0.503496503497,2.05382127221,0.551025219373,7,3.72727272727,2.05382127221,7,0,0,0,0,0.22962962963,11,11,11,1,0,0.0909090909091,0.636363636364,0.272727272727,11,18,0.163636363636,3.11363636364,3.27272727273,1.8,2.25,1.42062726223,0.434080552347,0.227272727273,0.924416277737,0.564921058617,0.292929292929,1.68954001271,1.03249667443,0.525252525253,1.14353419474,0.367266456706,3.875,3.11363636364,1.14353419474,3.875,0.366666666667,0.266666666667,4,0.0242424242424,0.221111111111,11,11,11,1,0,0.0909090909091,0.636363636364,0.272727272727,-2,-0.0181818181818,0.0702479338843,-0.363636363636,-0.2,-0.25,-0.268912750482,-0.030542951148,-0.0181818181818,-0.243332138505,-0.0773405703161,-0.0434343434343,-0.250469359339,-0.0345084801933,-0.0111111111111,0.0866354202056,0.0199894662943,0.329545454545,0.0702479338843,0.0866354202056,0.329545454545,-0.132380952381,-0.133333333333,-4,-0.0242424242424,-0.0344444444444,0,0,0,18,0,2,90,0.9,1,0,0.1,1,0.9,0.947368421053,0.938314863257,0.9,0.9,5,7,0,0,0,0
486,WLNM_dir_neg,0.877551020408,0.570929070929,00:00:02,10,20,4,1172860553,threshold_sweep,0.9,1,0.714285714286,0.833333333333,5,0,2,14,0.714285714286,1,0,0.285714285714,1,0.714285714286,0.833333333333,0.904761904762,0.587301587302,0.769230769231,0.790569415042,0.714285714286,20,13,7,0,20,0,13,0,7,11,20,0.181818181818,3.04338842975,3.63636363636,2,2.5,1.68954001271,0.464623503495,0.245454545455,1.16774841624,0.642261628933,0.336363636364,1.94000937205,1.06700515463,0.536363636364,1.05689877454,0.347276990411,3.54545454545,3.04338842975,1.05689877454,3.54545454545,0.499047619048,0.4,8,0.0484848484848,0.255555555556,11,11,11,1,0,0.0909090909091,0.636363636364,0.272727272727,11,0.118181818182,3.72727272727,2.36363636364,1.3,1.625,1.43336856898,0.6064251638,0.286713286713,0.603022689156,0.510249967747,0.237762237762,1.40129809949,1.18571377649,0.503496503497,2.05382127221,0.551025219373,7,3.72727272727,2.05382127221,7,0,0,0,0,0.22962962963,11,11,11,1,0,0.0909090909091,0.636363636364,0.272727272727,11,18,0.163636363636,3.11363636364,3.27272727273,1.8,2.25,1.42062726223,0.434080552347,0.227272727273,0.924416277737,0.564921058617,0.292929292929,1.68954001271,1.03249667443,0.525252525253,1.14353419474,0.367266456706,3.875,3.11363636364,1.14353419474,3.875,0.366666666667,0.266666666667,4,0.0242424242424,0.221111111111,11,11,11,1,0,0.0909090909091,0.636363636364,0.272727272727,-2,-0.0181818181818,0.0702479338843,-0.363636363636,-0.2,-0.25,-0.268912750482,-0.030542951148,-0.0181818181818,-0.243332138505,-0.0773405703161,-0.0434343434343,-0.250469359339,-0.0345084801933,-0.0111111111111,0.0866354202056,0.0199894662943,0.329545454545,0.0702479338843,0.0866354202056,0.329545454545,-0.132380952381,-0.133333333333,-4,-0.0242424242424,-0.0344444444444,0,0,0,18,0,2,90,0.9,1,0,0.1,1,0.9,0.947368421053,0.938314863257,0.9,0.9,5,7,0,0,0,0
487,WLNM_dir_neg,0.816326530612,0.560672660673,00:00:01,10,20,5,1172860554,threshold_sweep,0.1,0.833333333333,0.714285714286,0.769230769231,5,1,2,13,0.714285714286,0.928571428571,0.0714285714286,0.285714285714,0.833333333333,0.714285714286,0.769230769231,0.857142857143,0.571428571429,0.666666666667,0.67082039325,0.642857142857,20,13,7,0,20,0,13,0,7,11,20,0.181818181818,3.04338842975,3.63636363636,2,2.5,1.68954001271,0.464623503495,0.245454545455,1.16774841624,0.642261628933,0.336363636364,1.94000937205,1.06700515463,0.536363636364,1.05689877454,0.347276990411,3.54545454545,3.04338842975,1.05689877454,3.54545454545,0.499047619048,0.4,8,0.0484848484848,0.255555555556,11,11,11,1,0,0.0909090909091,0.636363636364,0.272727272727,11,0.118181818182,3.72727272727,2.36363636364,1.3,1.625,1.43336856898,0.6064251638,0.286713286713,0.603022689156,0.510249967747,0.237762237762,1.40129809949,1.18571377649,0.503496503497,2.05382127221,0.551025219373,7,3.72727272727,2.05382127221,7,0,0,0,0,0.22962962963,11,11,11,1,0,0.0909090909091,0.636363636364,0.272727272727,11,19,0.172727272727,5.99715909091,3.45454545455,1.9,2.375,1.69491217257,0.490632471007,0.253588516746,0.904534033733,0.523677598477,0.267942583732,1.67874411933,0.971904490138,0.507177033493,2.14896661873,0.35833076731,7.5,5.99715909091,2.14896661873,7.5,0.432380952381,0.333333333333,6,0.0363636363636,0.219259259259,11,11,11,1,0,0.0909090909091,0.636363636364,0.272727272727,-1,-0.00909090909091,2.95377066116,-0.181818181818,-0.1,-0.125,0.00537215986117,0.0260089675122,0.00813397129187,-0.263214382509,-0.118584030456,-0.0684210526316,-0.26126525272,-0.0951006644889,-0.0291866028708,1.09206784419,0.0110537768992,3.95454545455,2.95377066116,1.09206784419,3.95454545455,-0.0666666666667,-0.0666666666667,-2,-0.0121212121212,-0.0362962962963,0,0,0,18,1,2,89,0.9,0.988888888889,0.0111111111111,0.1,0.947368421053,0.9,0.923076923077,0.906956031802,0.888888888889,0.857142857143,6,7,0,0,0,0
488,WLNM_dir_neg,0.816326530612,0.560672660673,00:00:01,10,20,5,1172860554,threshold_sweep,0.2,0.833333333333,0.714285714286,0.769230769231,5,1,2,13,0.714285714286,0.928571428571,0.0714285714286,0.285714285714,0.833333333333,0.714285714286,0.769230769231,0.857142857143,0.571428571429,0.666666666667,0.67082039325,0.642857142857,20,13,7,0,20,0,13,0,7,11,20,0.181818181818,3.04338842975,3.63636363636,2,2.5,1.68954001271,0.464623503495,0.245454545455,1.16774841624,0.642261628933,0.336363636364,1.94000937205,1.06700515463,0.536363636364,1.05689877454,0.347276990411,3.54545454545,3.04338842975,1.05689877454,3.54545454545,0.499047619048,0.4,8,0.0484848484848,0.255555555556,11,11,11,1,0,0.0909090909091,0.636363636364,0.272727272727,11,0.118181818182,3.72727272727,2.36363636364,1.3,1.625,1.43336856898,0.6064251638,0.286713286713,0.603022689156,0.510249967747,0.237762237762,1.40129809949,1.18571377649,0.503496503497,2.05382127221,0.551025219373,7,3.72727272727,2.05382127221,7,0,0,0,0,0.22962962963,11,11,11,1,0,0.0909090909091,0.636363636364,0.272727272727,11,19,0.172727272727,5.99715909091,3.45454545455,1.9,2.375,1.69491217257,0.490632471007,0.253588516746,0.904534033733,0.523677598477,0.267942583732,1.67874411933,0.971904490138,0.507177033493,2.14896661873,0.35833076731,7.5,5.99715909091,2.14896661873,7.5,0.432380952381,0.333333333333,6,0.0363636363636,0.219259259259,11,11,11,1,0,0.0909090909091,0.636363636364,0.272727272727,-1,-0.00909090909091,2.95377066116,-0.181818181818,-0.1,-0.125,0.00537215986117,0.0260089675122,0.00813397129187,-0.263214382509,-0.118584030456,-0.0684210526316,-0.26126525272,-0.0951006644889,-0.0291866028708,1.09206784419,0.0110537768992,3.95454545455,2.95377066116,1.09206784419,3.95454545455,-0.0666666666667,-0.0666666666667,-2,-0.0121212121212,-0.0362962962963,0,0,0,18,1,2,89,0.9,0.988888888889,0.0111111111111,0.1,0.947368421053,0.9,0.923076923077,0.906956031802,0.888888888889,0.857142857143,6,7,0,0,0,0
489,WLNM_dir_neg,0.816326530612,0.560672660673,00:00:01,10,20,5,1172860554,threshold_sweep,0.3,0.833333333333,0.714285714286,0.769230769231,5,1,2,13,0.714285714286,0.928571428571,0.0714285714286,0.285714285714,0.833333333333,0.714285714286,0.769230769231,0.857142857143,0.571428571429,0.666666666667,0.67082039325,0.642857142857,20,13,7,0,20,0,13,0,7,11,20,0.181818181818,3.04338842975,3.63636363636,2,2.5,1.68954001271,0.464623503495,0.245454545455,1.16774841624,0.642261628933,0.336363636364,1.94000937205,1.06700515463,0.536363636364,1.05689877454,0.347276990411,3.54545454545,3.04338842975,1.05689877454,3.54545454545,0.499047619048,0.4,8,0.0484848484848,0.255555555556,11,11,11,1,0,0.0909090909091,0.636363636364,0.272727272727,11,0.118181818182,3.72727272727,2.36363636364,1.3,1.625,1.43336856898,0.6064251638,0.286713286713,0.603022689156,0.510249967747,0.237762237762,1.40129809949,1.18571377649,0.503496503497,2.05382127221,0.551025219373,7,3.72727272727,2.05382127221,7,0,0,0,0,0.22962962963,11,11,11,1,0,0.0909090909091,0.636363636364,0.272727272727,11,19,0.172727272727,5.99715909091,3.45454545455,1.9,2.375,1.69491217257,0.490632471007,0.253588516746,0.904534033733,0.523677598477,0.267942583732,1.67874411933,0.971904490138,0.507177033493,2.14896661873,0.35833076731,7.5,5.99715909091,2.14896661873,7.5,0.432380952381,0.333333333333,6,0.0363636363636,0.219259259259,11,11,11,1,0,0.0909090909091,0.636363636364,0.272727272727,-1,-0.00909090909091,2.95377066116,-0.181818181818,-0.1,-0.125,0.00537215986117,0.0260089675122,0.00813397129187,-0.263214382509,-0.118584030456,-0.0684210526316,-0.26126525272,-0.0951006644889,-0.0291866028708,1.09206784419,0.0110537768992,3.95454545455,2.95377066116,1.09206784419,3.95454545455,-0.0666666666667,-0.0666666666667,-2,-0.0121212121212,-0.0362962962963,0,0,0,18,1,2,89,0.9,0.988888888889,0.0111111111111,0.1,0.947368421053,0.9,0.923076923077,0.906956031802,0.888888888889,0.857142857143,6,7,0,0,0,0
490,WLNM_dir_neg,0.816326530612,0.560672660673,00:00:01,10,20,5,1172860554,threshold_sweep,0.4,0.833333333333,0.714285714286,0.769230769231,5,1,2,13,0.714285714286,0.928571428571,0.0714285714286,0.285714285714,0.833333333333,0.714285714286,0.769230769231,0.857142857143,0.571428571429,0.666666666667,0.67082039325,0.642857142857,20,13,7,0,20,0,13,0,7,11,20,0.181818181818,3.04338842975,3.63636363636,2,2.5,1.68954001271,0.464623503495,0.245454545455,1.16774841624,0.642261628933,0.336363636364,1.94000937205,1.06700515463,0.536363636364,1.05689877454,0.347276990411,3.54545454545,3.04338842975,1.05689877454,3.54545454545,0.499047619048,0.4,8,0.0484848484848,0.255555555556,11,11,11,1,0,0.0909090909091,0.636363636364,0.272727272727,11,0.118181818182,3.72727272727,2.36363636364,1.3,1.625,1.43336856898,0.6064251638,0.286713286713,0.603022689156,0.510249967747,0.237762237762,1.40129809949,1.18571377649,0.503496503497,2.05382127221,0.551025219373,7,3.72727272727,2.05382127221,7,0,0,0,0,0.22962962963,11,11,11,1,0,0.0909090909091,0.636363636364,0.272727272727,11,19,0.172727272727,5.99715909091,3.45454545455,1.9,2.375,1.69491217257,0.490632471007,0.253588516746,0.904534033733,0.523677598477,0.267942583732,1.67874411933,0.971904490138,0.507177033493,2.14896661873,0.35833076731,7.5,5.99715909091,2.14896661873,7.5,0.432380952381,0.333333333333,6,0.0363636363636,0.219259259259,11,11,11,1,0,0.0909090909091,0.636363636364,0.272727272727,-1,-0.00909090909091,2.95377066116,-0.181818181818,-0.1,-0.125,0.00537215986117,0.0260089675122,0.00813397129187,-0.263214382509,-0.118584030456,-0.0684210526316,-0.26126525272,-0.0951006644889,-0.0291866028708,1.09206784419,0.0110537768992,3.95454545455,2.95377066116,1.09206784419,3.95454545455,-0.0666666666667,-0.0666666666667,-2,-0.0121212121212,-0.0362962962963,0,0,0,18,1,2,89,0.9,0.988888888889,0.0111111111111,0.1,0.947368421053,0.9,0.923076923077,0.906956031802,0.888888888889,0.857142857143,6,7,0,0,0,0
491,WLNM_dir_neg,0.816326530612,0.560672660673,00:00:01,10,20,5,1172860554,threshold_sweep,0.5,0.833333333333,0.714285714286,0.769230769231,5,1,2,13,0.714285714286,0.928571428571,0.0714285714286,0.285714285714,0.833333333333,0.714285714286,0.769230769231,0.857142857143,0.571428571429,0.666666666667,0.67082039325,0.642857142857,20,13,7,0,20,0,13,0,7,11,20,0.181818181818,3.04338842975,3.63636363636,2,2.5,1.68954001271,0.464623503495,0.245454545455,1.16774841624,0.642261628933,0.336363636364,1.94000937205,1.06700515463,0.536363636364,1.05689877454,0.347276990411,3.54545454545,3.04338842975,1.05689877454,3.54545454545,0.499047619048,0.4,8,0.0484848484848,0.255555555556,11,11,11,1,0,0.0909090909091,0.636363636364,0.272727272727,11,0.118181818182,3.72727272727,2.36363636364,1.3,1.625,1.43336856898,0.6064251638,0.286713286713,0.603022689156,0.510249967747,0.237762237762,1.40129809949,1.18571377649,0.503496503497,2.05382127221,0.551025219373,7,3.72727272727,2.05382127221,7,0,0,0,0,0.22962962963,11,11,11,1,0,0.0909090909091,0.636363636364,0.272727272727,11,19,0.172727272727,5.99715909091,3.45454545455,1.9,2.375,1.69491217257,0.490632471007,0.253588516746,0.904534033733,0.523677598477,0.267942583732,1.67874411933,0.971904490138,0.507177033493,2.14896661873,0.35833076731,7.5,5.99715909091,2.14896661873,7.5,0.432380952381,0.333333333333,6,0.0363636363636,0.219259259259,11,11,11,1,0,0.0909090909091,0.636363636364,0.272727272727,-1,-0.00909090909091,2.95377066116,-0.181818181818,-0.1,-0.125,0.00537215986117,0.0260089675122,0.00813397129187,-0.263214382509,-0.118584030456,-0.0684210526316,-0.26126525272,-0.0951006644889,-0.0291866028708,1.09206784419,0.0110537768992,3.95454545455,2.95377066116,1.09206784419,3.95454545455,-0.0666666666667,-0.0666666666667,-2,-0.0121212121212,-0.0362962962963,0,0,0,18,1,2,89,0.9,0.988888888889,0.0111111111111,0.1,0.947368421053,0.9,0.923076923077,0.906956031802,0.888888888889,0.857142857143,6,7,0,0,0,0
492,WLNM_dir_neg,0.816326530612,0.560672660673,00:00:01,10,20,5,1172860554,threshold_sweep,0.6,0.833333333333,0.714285714286,0.769230769231,5,1,2,13,0.714285714286,0.928571428571,0.0714285714286,0.285714285714,0.833333333333,0.714285714286,0.769230769231,0.857142857143,0.571428571429,0.666666666667,0.67082039325,0.642857142857,20,13,7,0,20,0,13,0,7,11,20,0.181818181818,3.04338842975,3.63636363636,2,2.5,1.68954001271,0.464623503495,0.245454545455,1.16774841624,0.642261628933,0.336363636364,1.94000937205,1.06700515463,0.536363636364,1.05689877454,0.347276990411,3.54545454545,3.04338842975,1.05689877454,3.54545454545,0.499047619048,0.4,8,0.0484848484848,0.255555555556,11,11,11,1,0,0.0909090909091,0.636363636364,0.272727272727,11,0.118181818182,3.72727272727,2.36363636364,1.3,1.625,1.43336856898,0.6064251638,0.286713286713,0.603022689156,0.510249967747,0.237762237762,1.40129809949,1.18571377649,0.503496503497,2.05382127221,0.551025219373,7,3.72727272727,2.05382127221,7,0,0,0,0,0.22962962963,11,11,11,1,0,0.0909090909091,0.636363636364,0.272727272727,11,19,0.172727272727,5.99715909091,3.45454545455,1.9,2.375,1.69491217257,0.490632471007,0.253588516746,0.904534033733,0.523677598477,0.267942583732,1.67874411933,0.971904490138,0.507177033493,2.14896661873,0.35833076731,7.5,5.99715909091,2.14896661873,7.5,0.432380952381,0.333333333333,6,0.0363636363636,0.219259259259,11,11,11,1,0,0.0909090909091,0.636363636364,0.272727272727,-1,-0.00909090909091,2.95377066116,-0.181818181818,-0.1,-0.125,0.00537215986117,0.0260089675122,0.00813397129187,-0.263214382509,-0.118584030456,-0.0684210526316,-0.26126525272,-0.0951006644889,-0.0291866028708,1.09206784419,0.0110537768992,3.95454545455,2.95377066116,1.09206784419,3.95454545455,-0.0666666666667,-0.0666666666667,-2,-0.0121212121212,-0.0362962962963,0,0,0,18,1,2,89,0.9,0.988888888889,0.0111111111111,0.1,0.947368421053,0.9,0.923076923077,0.906956031802,0.888888888889,0.857142857143,6,7,0,0,0,0
493,WLNM_dir_neg,0.816326530612,0.560672660673,00:00:01,10,20,5,1172860554,threshold_sweep,0.7,0.833333333333,0.714285714286,0.769230769231,5,1,2,13,0.714285714286,0.928571428571,0.0714285714286,0.285714285714,0.833333333333,0.714285714286,0.769230769231,0.857142857143,0.571428571429,0.666666666667,0.67082039325,0.642857142857,20,13,7,0,20,0,13,0,7,11,20,0.181818181818,3.04338842975,3.63636363636,2,2.5,1.68954001271,0.464623503495,0.245454545455,1.16774841624,0.642261628933,0.336363636364,1.94000937205,1.06700515463,0.536363636364,1.05689877454,0.347276990411,3.54545454545,3.04338842975,1.05689877454,3.54545454545,0.499047619048,0.4,8,0.0484848484848,0.255555555556,11,11,11,1,0,0.0909090909091,0.636363636364,0.272727272727,11,0.118181818182,3.72727272727,2.36363636364,1.3,1.625,1.43336856898,0.6064251638,0.286713286713,0.603022689156,0.510249967747,0.237762237762,1.40129809949,1.18571377649,0.503496503497,2.05382127221,0.551025219373,7,3.72727272727,2.05382127221,7,0,0,0,0,0.22962962963,11,11,11,1,0,0.0909090909091,0.636363636364,0.272727272727,11,19,0.172727272727,5.99715909091,3.45454545455,1.9,2.375,1.69491217257,0.490632471007,0.253588516746,0.904534033733,0.523677598477,0.267942583732,1.67874411933,0.971904490138,0.507177033493,2.14896661873,0.35833076731,7.5,5.99715909091,2.14896661873,7.5,0.432380952381,0.333333333333,6,0.0363636363636,0.219259259259,11,11,11,1,0,0.0909090909091,0.636363636364,0.272727272727,-1,-0.00909090909091,2.95377066116,-0.181818181818,-0.1,-0.125,0.00537215986117,0.0260089675122,0.00813397129187,-0.263214382509,-0.118584030456,-0.0684210526316,-0.26126525272,-0.0951006644889,-0.0291866028708,1.09206784419,0.0110537768992,3.95454545455,2.95377066116,1.09206784419,3.95454545455,-0.0666666666667,-0.0666666666667,-2,-0.0121212121212,-0.0362962962963,0,0,0,18,1,2,89,0.9,0.988888888889,0.0111111111111,0.1,0.947368421053,0.9,0.923076923077,0.906956031802,0.888888888889,0.857142857143,6,7,0,0,0,0
494,WLNM_dir_neg,0.816326530612,0.560672660673,00:00:01,10,20,5,1172860554,threshold_sweep,0.8,0.8,0.571428571429,0.666666666667,4,1,3,13,0.571428571429,0.928571428571,0.0714285714286,0.428571428571,0.8,0.571428571429,0.666666666667,0.809523809524,0.587301587302,0.538461538462,0.553398590529,0.5,20,13,7,0,20,0,13,0,7,11,20,0.181818181818,3.04338842975,3.63636363636,2,2.5,1.68954001271,0.464623503495,0.245454545455,1.16774841624,0.642261628933,0.336363636364,1.94000937205,1.06700515463,0.536363636364,1.05689877454,0.347276990411,3.54545454545,3.04338842975,1.05689877454,3.54545454545,0.499047619048,0.4,8,0.0484848484848,0.255555555556,11,11,11,1,0,0.0909090909091,0.636363636364,0.272727272727,11,0.118181818182,3.72727272727,2.36363636364,1.3,1.625,1.43336856898,0.6064251638,0.286713286713,0.603022689156,0.510249967747,0.237762237762,1.40129809949,1.18571377649,0.503496503497,2.05382127221,0.551025219373,7,3.72727272727,2.05382127221,7,0,0,0,0,0.22962962963,11,11,11,1,0,0.0909090909091,0.636363636364,0.272727272727,11,18,0.163636363636,6.34090909091,3.27272727273,1.8,2.25,1.67874411933,0.512949592017,0.262626262626,0.809039834956,0.494413232473,0.242424242424,1.68954001271,1.03249667443,0.525252525253,2.31913973079,0.365742466504,8,6.34090909091,2.31913973079,8,0.410952380952,0.30612244898,5,0.030303030303,0.214814814815,11,11,11,1,0,0.0909090909091,0.636363636364,0.272727272727,-2,-0.0181818181818,3.29752066116,-0.363636363636,-0.2,-0.25,-0.0107958933802,0.0483260885222,0.0171717171717,-0.358708581286,-0.14784839646,-0.0939393939394,-0.250469359339,-0.0345084801933,-0.0111111111111,1.26224095625,0.0184654760925,4.45454545455,3.29752066116,1.26224095625,4.45454545455,-0.0880952380952,-0.0938775510204,-3,-0.0181818181818,-0.0407407407407,0,0,0,17,1,3,89,0.85,0.988888888889,0.0111111111111,0.15,0.944444444444,0.85,0.894736842105,0.874602125628,0.838888888889,0.809523809524,5,7,0,0,0,0
495,WLNM_dir_neg,0.816326530612,0.560672660673,00:00:01,10,20,5,1172860554,threshold_sweep,0.9,0.75,0.428571428571,0.545454545455,3,1,4,13,0.428571428571,0.928571428571,0.0714285714286,0.571428571429,0.75,0.428571428571,0.545454545455,0.761904761905,0.603174603175,0.4,0.428746462856,0.357142857143,20,13,7,0,20,0,13,0,7,11,20,0.181818181818,3.04338842975,3.63636363636,2,2.5,1.68954001271,0.464623503495,0.245454545455,1.16774841624,0.642261628933,0.336363636364,1.94000937205,1.06700515463,0.536363636364,1.05689877454,0.347276990411,3.54545454545,3.04338842975,1.05689877454,3.54545454545,0.499047619048,0.4,8,0.0484848484848,0.255555555556,11,11,11,1,0,0.0909090909091,0.636363636364,0.272727272727,11,0.118181818182,3.72727272727,2.36363636364,1.3,1.625,1.43336856898,0.6064251638,0.286713286713,0.603022689156,0.510249967747,0.237762237762,1.40129809949,1.18571377649,0.503496503497,2.05382127221,0.551025219373,7,3.72727272727,2.05382127221,7,0,0,0,0,0.22962962963,11,11,11,1,0,0.0909090909091,0.636363636364,0.272727272727,11,17,0.154545454545,6.69696969697,3.09090909091,1.7,2.125,1.578261414,0.510613986881,0.245989304813,0.687551650952,0.444886362381,0.20320855615,1.57249078621,1.01749403814,0.513368983957,2.54057974772,0.379362586764,9,6.69696969697,2.54057974772,9,0.264285714286,0.209302325581,3,0.0181818181818,0.2,11,11,11,1,0,0.0909090909091,0.636363636364,0.272727272727,-3,-0.0272727272727,3.65358126722,-0.545454545455,-0.3,-0.375,-0.111278598713,0.0459904833861,0.000534759358289,-0.48019676529,-0.197375266552,-0.133155080214,-0.367518585835,-0.0495111164884,-0.0229946524064,1.48368097319,0.0320855963529,5.45454545455,3.65358126722,1.48368097319,5.45454545455,-0.234761904762,-0.190697674419,-5,-0.030303030303,-0.0555555555556,0,0,0,16,1,4,89,0.8,0.988888888889,0.0111111111111,0.2,0.941176470588,0.8,0.864864864865,0.841755876268,0.788888888889,0.761904761905,4,7,0,0,0,0
496,WLNM_dir_neg,0.836734693878,0.550601779173,00:00:01,10,20,6,1172860555,threshold_sweep,0.1,1,0.714285714286,0.833333333333,5,0,2,14,0.714285714286,1,0,0.285714285714,1,0.714285714286,0.833333333333,0.904761904762,0.587301587302,0.769230769231,0.790569415042,0.714285714286,20,13,7,0,20,0,13,0,7,11,20,0.181818181818,3.04338842975,3.63636363636,2,2.5,1.68954001271,0.464623503495,0.245454545455,1.16774841624,0.642261628933,0.336363636364,1.94000937205,1.06700515463,0.536363636364,1.05689877454,0.347276990411,3.54545454545,3.04338842975,1.05689877454,3.54545454545,0.499047619048,0.4,8,0.0484848484848,0.255555555556,11,11,11,1,0,0.0909090909091,0.636363636364,0.272727272727,11,0.118181818182,3.72727272727,2.36363636364,1.3,1.625,1.43336856898,0.6064251638,0.286713286713,0.603022689156,0.510249967747,0.237762237762,1.40129809949,1.18571377649,0.503496503497,2.05382127221,0.551025219373,7,3.72727272727,2.05382127221,7,0,0,0,0,0.22962962963,11,11,11,1,0,0.0909090909091,0.636363636364,0.272727272727,11,18,0.163636363636,3.11363636364,3.27272727273,1.8,2.25,1.42062726223,0.434080552347,0.227272727273,0.924416277737,0.564921058617,0.292929292929,1.68954001271,1.03249667443,0.525252525253,1.14353419474,0.367266456706,3.875,3.11363636364,1.14353419474,3.875,0.366666666667,0.266666666667,4,0.0242424242424,0.221111111111,11,11,11,1,0,0.0909090909091,0.636363636364,0.272727272727,-2,-0.0181818181818,0.0702479338843,-0.363636363636,-0.2,-0.25,-0.268912750482,-0.030542951148,-0.0181818181818,-0.243332138505,-0.0773405703161,-0.0434343434343,-0.250469359339,-0.0345084801933,-0.0111111111111,0.0866354202056,0.0199894662943,0.329545454545,0.0702479338843,0.0866354202056,0.329545454545,-0.132380952381,-0.133333333333,-4,-0.0242424242424,-0.0344444444444,0,0,0,18,0,2,90,0.9,1,0,0.1,1,0.9,0.947368421053,0.938314863257,0.9,0.9,5,7,0,0,0,0
497,WLNM_dir_neg,0.836734693878,0.550601779173,00:00:01,10,20,6,1172860555,threshold_sweep,0.2,1,0.714285714286,0.833333333333,5,0,2,14,0.714285714286,1,0,0.285714285714,1,0.714285714286,0.833333333333,0.904761904762,0.587301587302,0.769230769231,0.790569415042,0.714285714286,20,13,7,0,20,0,13,0,7,11,20,0.181818181818,3.04338842975,3.63636363636,2,2.5,1.68954001271,0.464623503495,0.245454545455,1.16774841624,0.642261628933,0.336363636364,1.94000937205,1.06700515463,0.536363636364,1.05689877454,0.347276990411,3.54545454545,3.04338842975,1.05689877454,3.54545454545,0.499047619048,0.4,8,0.0484848484848,0.255555555556,11,11,11,1,0,0.0909090909091,0.636363636364,0.272727272727,11,0.118181818182,3.72727272727,2.36363636364,1.3,1.625,1.43336856898,0.6064251638,0.286713286713,0.603022689156,0.510249967747,0.237762237762,1.40129809949,1.18571377649,0.503496503497,2.05382127221,0.551025219373,7,3.72727272727,2.05382127221,7,0,0,0,0,0.22962962963,11,11,11,1,0,0.0909090909091,0.636363636364,0.272727272727,11,18,0.163636363636,3.11363636364,3.27272727273,1.8,2.25,1.42062726223,0.434080552347,0.227272727273,0.924416277737,0.564921058617,0.292929292929,1.68954001271,1.03249667443,0.525252525253,1.14353419474,0.367266456706,3.875,3.11363636364,1.14353419474,3.875,0.366666666667,0.266666666667,4,0.0242424242424,0.221111111111,11,11,11,1,0,0.0909090909091,0.636363636364,0.272727272727,-2,-0.0181818181818,0.0702479338843,-0.363636363636,-0.2,-0.25,-0.268912750482,-0.030542951148,-0.0181818181818,-0.243332138505,-0.0773405703161,-0.0434343434343,-0.250469359339,-0.0345084801933,-0.0111111111111,0.0866354202056,0.0199894662943,0.329545454545,0.0702479338843,0.0866354202056,0.329545454545,-0.132380952381,-0.133333333333,-4,-0.0242424242424,-0.0344444444444,0,0,0,18,0,2,90,0.9,1,0,0.1,1,0.9,0.947368421053,0.938314863257,0.9,0.9,5,7,0,0,0,0
498,WLNM_dir_neg,0.836734693878,0.550601779173,00:00:01,10,20,6,1172860555,threshold_sweep,0.3,1,0.714285714286,0.833333333333,5,0,2,14,0.714285714286,1,0,0.285714285714,1,0.714285714286,0.833333333333,0.904761904762,0.587301587302,0.769230769231,0.790569415042,0.714285714286,20,13,7,0,20,0,13,0,7,11,20,0.181818181818,3.04338842975,3.63636363636,2,2.5,1.68954001271,0.464623503495,0.245454545455,1.16774841624,0.642261628933,0.336363636364,1.94000937205,1.06700515463,0.536363636364,1.05689877454,0.347276990411,3.54545454545,3.04338842975,1.05689877454,3.54545454545,0.499047619048,0.4,8,0.0484848484848,0.255555555556,11,11,11,1,0,0.0909090909091,0.636363636364,0.272727272727,11,0.118181818182,3.72727272727,2.36363636364,1.3,1.625,1.43336856898,0.6064251638,0.286713286713,0.603022689156,0.510249967747,0.237762237762,1.40129809949,1.18571377649,0.503496503497,2.05382127221,0.551025219373,7,3.72727272727,2.05382127221,7,0,0,0,0,0.22962962963,11,11,11,1,0,0.0909090909091,0.636363636364,0.272727272727,11,18,0.163636363636,3.11363636364,3.27272727273,1.8,2.25,1.42062726223,0.434080552347,0.227272727273,0.924416277737,0.564921058617,0.292929292929,1.68954001271,1.03249667443,0.525252525253,1.14353419474,0.367266456706,3.875,3.11363636364,1.14353419474,3.875,0.366666666667,0.266666666667,4,0.0242424242424,0.221111111111,11,11,11,1,0,0.0909090909091,0.636363636364,0.272727272727,-2,-0.0181818181818,0.0702479338843,-0.363636363636,-0.2,-0.25,-0.268912750482,-0.030542951148,-0.0181818181818,-0.243332138505,-0.0773405703161,-0.0434343434343,-0.250469359339,-0.0345084801933,-0.0111111111111,0.0866354202056,0.0199894662943,0.329545454545,0.0702479338843,0.0866354202056,0.329545454545,-0.132380952381,-0.133333333333,-4,-0.0242424242424,-0.0344444444444,0,0,0,18,0,2,90,0.9,1,0,0.1,1,0.9,0.947368421053,0.938314863257,0.9,0.9,5,7,0,0,0,0
499,WLNM_dir_neg,0.836734693878,0.550601779173,00:00:01,10,20,6,1172860555,threshold_sweep,0.4,1,0.714285714286,0.833333333333,5,0,2,14,0.714285714286,1,0,0.285714285714,1,0.714285714286,0.833333333333,0.904761904762,0.587301587302,0.769230769231,0.790569415042,0.714285714286,20,13,7,0,20,0,13,0,7,11,20,0.181818181818,3.04338842975,3.63636363636,2,2.5,1.68954001271,0.464623503495,0.245454545455,1.16774841624,0.642261628933,0.336363636364,1.94000937205,1.06700515463,0.536363636364,1.05689877454,0.347276990411,3.54545454545,3.04338842975,1.05689877454,3.54545454545,0.499047619048,0.4,8,0.0484848484848,0.255555555556,11,11,11,1,0,0.0909090909091,0.636363636364,0.272727272727,11,0.118181818182,3.72727272727,2.36363636364,1.3,1.625,1.43336856898,0.6064251638,0.286713286713,0.603022689156,0.510249967747,0.237762237762,1.40129809949,1.18571377649,0.503496503497,2.05382127221,0.551025219373,7,3.72727272727,2.05382127221,7,0,0,0,0,0.22962962963,11,11,11,1,0,0.0909090909091,0.636363636364,0.272727272727,11,18,0.163636363636,3.11363636364,3.27272727273,1.8,2.25,1.42062726223,0.434080552347,0.227272727273,0.924416277737,0.564921058617,0.292929292929,1.68954001271,1.03249667443,0.525252525253,1.14353419474,0.367266456706,3.875,3.11363636364,1.14353419474,3.875,0.366666666667,0.266666666667,4,0.0242424242424,0.221111111111,11,11,11,1,0,0.0909090909091,0.636363636364,0.272727272727,-2,-0.0181818181818,0.0702479338843,-0.363636363636,-0.2,-0.25,-0.268912750482,-0.030542951148,-0.0181818181818,-0.243332138505,-0.0773405703161,-0.0434343434343,-0.250469359339,-0.0345084801933,-0.0111111111111,0.0866354202056,0.0199894662943,0.329545454545,0.0702479338843,0.0866354202056,0.329545454545,-0.132380952381,-0.133333333333,-4,-0.0242424242424,-0.0344444444444,0,0,0,18,0,2,90,0.9,1,0,0.1,1,0.9,0.947368421053,0.938314863257,0.9,0.9,5,7,0,0,0,0
500,WLNM_dir_neg,0.836734693878,0.550601779173,00:00:01,10,20,6,1172860555,threshold_sweep,0.5,1,0.714285714286,0.833333333333,5,0,2,14,0.714285714286,1,0,0.285714285714,1,0.714285714286,0.833333333333,0.904761904762,0.587301587302,0.769230769231,0.790569415042,0.714285714286,20,13,7,0,20,0,13,0,7,11,20,0.181818181818,3.04338842975,3.63636363636,2,2.5,1.68954001271,0.464623503495,0.245454545455,1.16774841624,0.642261628933,0.336363636364,1.94000937205,1.06700515463,0.536363636364,1.05689877454,0.347276990411,3.54545454545,3.04338842975,1.05689877454,3.54545454545,0.499047619048,0.4,8,0.0484848484848,0.255555555556,11,11,11,1,0,0.0909090909091,0.636363636364,0.272727272727,11,0.118181818182,3.72727272727,2.36363636364,1.3,1.625,1.43336856898,0.6064251638,0.286713286713,0.603022689156,0.510249967747,0.237762237762,1.40129809949,1.18571377649,0.503496503497,2.05382127221,0.551025219373,7,3.72727272727,2.05382127221,7,0,0,0,0,0.22962962963,11,11,11,1,0,0.0909090909091,0.636363636364,0.272727272727,11,18,0.163636363636,3.11363636364,3.27272727273,1.8,2.25,1.42062726223,0.434080552347,0.227272727273,0.924416277737,0.564921058617,0.292929292929,1.68954001271,1.03249667443,0.525252525253,1.14353419474,0.367266456706,3.875,3.11363636364,1.14353419474,3.875,0.366666666667,0.266666666667,4,0.0242424242424,0.221111111111,11,11,11,1,0,0.0909090909091,0.636363636364,0.272727272727,-2,-0.0181818181818,0.0702479338843,-0.363636363636,-0.2,-0.25,-0.268912750482,-0.030542951148,-0.0181818181818,-0.243332138505,-0.0773405703161,-0.0434343434343,-0.250469359339,-0.0345084801933,-0.0111111111111,0.0866354202056,0.0199894662943,0.329545454545,0.0702479338843,0.0866354202056,0.329545454545,-0.132380952381,-0.133333333333,-4,-0.0242424242424,-0.0344444444444,0,0,0,18,0,2,90,0.9,1,0,0.1,1,0.9,0.947368421053,0.938314863257,0.9,0.9,5,7,0,0,0,0
501,WLNM_dir_neg,0.836734693878,0.550601779173,00:00:01,10,20,6,1172860555,threshold_sweep,0.6,1,0.714285714286,0.833333333333,5,0,2,14,0.714285714286,1,0,0.285714285714,1,0.714285714286,0.833333333333,0.904761904762,0.587301587302,0.769230769231,0.790569415042,0.714285714286,20,13,7,0,20,0,13,0,7,11,20,0.181818181818,3.04338842975,3.63636363636,2,2.5,1.68954001271,0.464623503495,0.245454545455,1.16774841624,0.642261628933,0.336363636364,1.94000937205,1.06700515463,0.536363636364,1.05689877454,0.347276990411,3.54545454545,3.04338842975,1.05689877454,3.54545454545,0.499047619048,0.4,8,0.0484848484848,0.255555555556,11,11,11,1,0,0.0909090909091,0.636363636364,0.272727272727,11,0.118181818182,3.72727272727,2.36363636364,1.3,1.625,1.43336856898,0.6064251638,0.286713286713,0.603022689156,0.510249967747,0.237762237762,1.40129809949,1.18571377649,0.503496503497,2.05382127221,0.551025219373,7,3.72727272727,2.05382127221,7,0,0,0,0,0.22962962963,11,11,11,1,0,0.0909090909091,0.636363636364,0.272727272727,11,18,0.163636363636,3.11363636364,3.27272727273,1.8,2.25,1.42062726223,0.434080552347,0.227272727273,0.924416277737,0.564921058617,0.292929292929,1.68954001271,1.03249667443,0.525252525253,1.14353419474,0.367266456706,3.875,3.11363636364,1.14353419474,3.875,0.366666666667,0.266666666667,4,0.0242424242424,0.221111111111,11,11,11,1,0,0.0909090909091,0.636363636364,0.272727272727,-2,-0.0181818181818,0.0702479338843,-0.363636363636,-0.2,-0.25,-0.268912750482,-0.030542951148,-0.0181818181818,-0.243332138505,-0.0773405703161,-0.0434343434343,-0.250469359339,-0.0345084801933,-0.0111111111111,0.0866354202056,0.0199894662943,0.329545454545,0.0702479338843,0.0866354202056,0.329545454545,-0.132380952381,-0.133333333333,-4,-0.0242424242424,-0.0344444444444,0,0,0,18,0,2,90,0.9,1,0,0.1,1,0.9,0.947368421053,0.938314863257,0.9,0.9,5,7,0,0,0,0
502,WLNM_dir_neg,0.836734693878,0.550601779173,00:00:01,10,20,6,1172860555,threshold_sweep,0.7,1,0.714285714286,0.833333333333,5,0,2,14,0.714285714286,1,0,0.285714285714,1,0.714285714286,0.833333333333,0.904761904762,0.587301587302,0.769230769231,0.790569415042,0.714285714286,20,13,7,0,20,0,13,0,7,11,20,0.181818181818,3.04338842975,3.63636363636,2,2.5,1.68954001271,0.464623503495,0.245454545455,1.16774841624,0.642261628933,0.336363636364,1.94000937205,1.06700515463,0.536363636364,1.05689877454,0.347276990411,3.54545454545,3.04338842975,1.05689877454,3.54545454545,0.499047619048,0.4,8,0.0484848484848,0.255555555556,11,11,11,1,0,0.0909090909091,0.636363636364,0.272727272727,11,0.118181818182,3.72727272727,2.36363636364,1.3,1.625,1.43336856898,0.6064251638,0.286713286713,0.603022689156,0.510249967747,0.237762237762,1.40129809949,1.18571377649,0.503496503497,2.05382127221,0.551025219373,7,3.72727272727,2.05382127221,7,0,0,0,0,0.22962962963,11,11,11,1,0,0.0909090909091,0.636363636364,0.272727272727,11,18,0.163636363636,3.11363636364,3.27272727273,1.8,2.25,1.42062726223,0.434080552347,0.227272727273,0.924416277737,0.564921058617,0.292929292929,1.68954001271,1.03249667443,0.525252525253,1.14353419474,0.367266456706,3.875,3.11363636364,1.14353419474,3.875,0.366666666667,0.266666666667,4,0.0242424242424,0.221111111111,11,11,11,1,0,0.0909090909091,0.636363636364,0.272727272727,-2,-0.0181818181818,0.0702479338843,-0.363636363636,-0.2,-0.25,-0.268912750482,-0.030542951148,-0.0181818181818,-0.243332138505,-0.0773405703161,-0.0434343434343,-0.250469359339,-0.0345084801933,-0.0111111111111,0.0866354202056,0.0199894662943,0.329545454545,0.0702479338843,0.0866354202056,0.329545454545,-0.132380952381,-0.133333333333,-4,-0.0242424242424,-0.0344444444444,0,0,0,18,0,2,90,0.9,1,0,0.1,1,0.9,0.947368421053,0.938314863257,0.9,0.9,5,7,0,0,0,0
503,WLNM_dir_neg,0.836734693878,0.550601779173,00:00:01,10,20,6,1172860555,threshold_sweep,0.8,1,0.714285714286,0.833333333333,5,0,2,14,0.714285714286,1,0,0.285714285714,1,0.714285714286,0.833333333333,0.904761904762,0.587301587302,0.769230769231,0.790569415042,0.714285714286,20,13,7,0,20,0,13,0,7,11,20,0.181818181818,3.04338842975,3.63636363636,2,2.5,1.68954001271,0.464623503495,0.245454545455,1.16774841624,0.642261628933,0.336363636364,1.94000937205,1.06700515463,0.536363636364,1.05689877454,0.347276990411,3.54545454545,3.04338842975,1.05689877454,3.54545454545,0.499047619048,0.4,8,0.0484848484848,0.255555555556,11,11,11,1,0,0.0909090909091,0.636363636364,0.272727272727,11,0.118181818182,3.72727272727,2.36363636364,1.3,1.625,1.43336856898,0.6064251638,0.286713286713,0.603022689156,0.510249967747,0.237762237762,1.40129809949,1.18571377649,0.503496503497,2.05382127221,0.551025219373,7,3.72727272727,2.05382127221,7,0,0,0,0,0.22962962963,11,11,11,1,0,0.0909090909091,0.636363636364,0.272727272727,11,18,0.163636363636,3.11363636364,3.27272727273,1.8,2.25,1.42062726223,0.434080552347,0.227272727273,0.924416277737,0.564921058617,0.292929292929,1.68954001271,1.03249667443,0.525252525253,1.14353419474,0.367266456706,3.875,3.11363636364,1.14353419474,3.875,0.366666666667,0.266666666667,4,0.0242424242424,0.221111111111,11,11,11,1,0,0.0909090909091,0.636363636364,0.272727272727,-2,-0.0181818181818,0.0702479338843,-0.363636363636,-0.2,-0.25,-0.268912750482,-0.030542951148,-0.0181818181818,-0.243332138505,-0.0773405703161,-0.0434343434343,-0.250469359339,-0.0345084801933,-0.0111111111111,0.0866354202056,0.0199894662943,0.329545454545,0.0702479338843,0.0866354202056,0.329545454545,-0.132380952381,-0.133333333333,-4,-0.0242424242424,-0.0344444444444,0,0,0,18,0,2,90,0.9,1,0,0.1,1,0.9,0.947368421053,0.938314863257,0.9,0.9,5,7,0,0,0,0
504,WLNM_dir_neg,0.836734693878,0.550601779173,00:00:01,10,20,6,1172860555,threshold_sweep,0.9,1,0.714285714286,0.833333333333,5,0,2,14,0.714285714286,1,0,0.285714285714,1,0.714285714286,0.833333333333,0.904761904762,0.587301587302,0.769230769231,0.790569415042,0.714285714286,20,13,7,0,20,0,13,0,7,11,20,0.181818181818,3.04338842975,3.63636363636,2,2.5,1.68954001271,0.464623503495,0.245454545455,1.16774841624,0.642261628933,0.336363636364,1.94000937205,1.06700515463,0.536363636364,1.05689877454,0.347276990411,3.54545454545,3.04338842975,1.05689877454,3.54545454545,0.499047619048,0.4,8,0.0484848484848,0.255555555556,11,11,11,1,0,0.0909090909091,0.636363636364,0.272727272727,11,0.118181818182,3.72727272727,2.36363636364,1.3,1.625,1.43336856898,0.6064251638,0.286713286713,0.603022689156,0.510249967747,0.237762237762,1.40129809949,1.18571377649,0.503496503497,2.05382127221,0.551025219373,7,3.72727272727,2.05382127221,7,0,0,0,0,0.22962962963,11,11,11,1,0,0.0909090909091,0.636363636364,0.272727272727,11,18,0.163636363636,3.11363636364,3.27272727273,1.8,2.25,1.42062726223,0.434080552347,0.227272727273,0.924416277737,0.564921058617,0.292929292929,1.68954001271,1.03249667443,0.525252525253,1.14353419474,0.367266456706,3.875,3.11363636364,1.14353419474,3.875,0.366666666667,0.266666666667,4,0.0242424242424,0.221111111111,11,11,11,1,0,0.0909090909091,0.636363636364,0.272727272727,-2,-0.0181818181818,0.0702479338843,-0.363636363636,-0.2,-0.25,-0.268912750482,-0.030542951148,-0.0181818181818,-0.243332138505,-0.0773405703161,-0.0434343434343,-0.250469359339,-0.0345084801933,-0.0111111111111,0.0866354202056,0.0199894662943,0.329545454545,0.0702479338843,0.0866354202056,0.329545454545,-0.132380952381,-0.133333333333,-4,-0.0242424242424,-0.0344444444444,0,0,0,18,0,2,90,0.9,1,0,0.1,1,0.9,0.947368421053,0.938314863257,0.9,0.9,5,7,0,0,0,0
505,WLNM_dir_neg,0.908163265306,0.591738816739,00:00:02,10,20,7,1172860556,threshold_sweep,0.1,0.833333333333,0.714285714286,0.769230769231,5,1,2,13,0.714285714286,0.928571428571,0.0714285714286,0.285714285714,0.833333333333,0.714285714286,0.769230769231,0.857142857143,0.571428571429,0.666666666667,0.67082039325,0.642857142857,20,13,7,0,20,0,13,0,7,11,20,0.181818181818,3.04338842975,3.63636363636,2,2.5,1.68954001271,0.464623503495,0.245454545455,1.16774841624,0.642261628933,0.336363636364,1.94000937205,1.06700515463,0.536363636364,1.05689877454,0.347276990411,3.54545454545,3.04338842975,1.05689877454,3.54545454545,0.499047619048,0.4,8,0.0484848484848,0.255555555556,11,11,11,1,0,0.0909090909091,0.636363636364,0.272727272727,11,0.118181818182,3.72727272727,2.36363636364,1.3,1.625,1.43336856898,0.6064251638,0.286713286713,0.603022689156,0.510249967747,0.237762237762,1.40129809949,1.18571377649,0.503496503497,2.05382127221,0.551025219373,7,3.72727272727,2.05382127221,7,0,0,0,0,0.22962962963,11,11,11,1,0,0.0909090909091,0.636363636364,0.272727272727,11,19,0.172727272727,4.70454545455,3.45454545455,1.9,2.375,1.7529196424,0.507424107012,0.258373205742,0.904534033733,0.523677598477,0.267942583732,1.84883255547,1.07037674264,0.535885167464,1.66608891501,0.354144503674,5.875,4.70454545455,1.66608891501,5.875,0.366666666667,0.266666666667,4,0.0242424242424,0.23962962963,11,11,11,1,0,0.0909090909091,0.636363636364,0.272727272727,-1,-0.00909090909091,1.66115702479,-0.181818181818,-0.1,-0.125,0.0633796296952,0.0428006035168,0.0129186602871,-0.263214382509,-0.118584030456,-0.0684210526316,-0.0911768165742,0.00337158801632,-0.000478468899521,0.609190140475,0.00686751326282,2.32954545455,1.66115702479,0.609190140475,2.32954545455,-0.132380952381,-0.133333333333,-4,-0.0242424242424,-0.0159259259259,0,0,0,18,1,2,89,0.9,0.988888888889,0.0111111111111,0.1,0.947368421053,0.9,0.923076923077,0.906956031802,0.888888888889,0.857142857143,6,7,0,0,0,0
506,WLNM_dir_neg,0.908163265306,0.591738816739,00:00:02,10,20,7,1172860556,threshold_sweep,0.2,0.833333333333,0.714285714286,0.769230769231,5,1,2,13,0.714285714286,0.928571428571,0.0714285714286,0.285714285714,0.833333333333,0.714285714286,0.769230769231,0.857142857143,0.571428571429,0.666666666667,0.67082039325,0.642857142857,20,13,7,0,20,0,13,0,7,11,20,0.181818181818,3.04338842975,3.63636363636,2,2.5,1.68954001271,0.464623503495,0.245454545455,1.16774841624,0.642261628933,0.336363636364,1.94000937205,1.06700515463,0.536363636364,1.05689877454,0.347276990411,3.54545454545,3.04338842975,1.05689877454,3.54545454545,0.499047619048,0.4,8,0.0484848484848,0.255555555556,11,11,11,1,0,0.0909090909091,0.636363636364,0.272727272727,11,0.118181818182,3.72727272727,2.36363636364,1.3,1.625,1.43336856898,0.6064251638,0.286713286713,0.603022689156,0.510249967747,0.237762237762,1.40129809949,1.18571377649,0.503496503497,2.05382127221,0.551025219373,7,3.72727272727,2.05382127221,7,0,0,0,0,0.22962962963,11,11,11,1,0,0.0909090909091,0.636363636364,0.272727272727,11,19,0.172727272727,4.70454545455,3.45454545455,1.9,2.375,1.7529196424,0.507424107012,0.258373205742,0.904534033733,0.523677598477,0.267942583732,1.84883255547,1.07037674264,0.535885167464,1.66608891501,0.354144503674,5.875,4.70454545455,1.66608891501,5.875,0.366666666667,0.266666666667,4,0.0242424242424,0.23962962963,11,11,11,1,0,0.0909090909091,0.636363636364,0.272727272727,-1,-0.00909090909091,1.66115702479,-0.181818181818,-0.1,-0.125,0.0633796296952,0.0428006035168,0.0129186602871,-0.263214382509,-0.118584030456,-0.0684210526316,-0.0911768165742,0.00337158801632,-0.000478468899521,0.609190140475,0.00686751326282,2.32954545455,1.66115702479,0.609190140475,2.32954545455,-0.132380952381,-0.133333333333,-4,-0.0242424242424,-0.0159259259259,0,0,0,18,1,2,89,0.9,0.988888888889,0.0111111111111,0.1,0.947368421053,0.9,0.923076923077,0.906956031802,0.888888888889,0.857142857143,6,7,0,0,0,0
507,WLNM_dir_neg,0.908163265306,0.591738816739,00:00:02,10,20,7,1172860556,threshold_sweep,0.3,0.833333333333,0.714285714286,0.769230769231,5,1,2,13,0.714285714286,0.928571428571,0.0714285714286,0.285714285714,0.833333333333,0.714285714286,0.769230769231,0.857142857143,0.571428571429,0.666666666667,0.67082039325,0.642857142857,20,13,7,0,20,0,13,0,7,11,20,0.181818181818,3.04338842975,3.63636363636,2,2.5,1.68954001271,0.464623503495,0.245454545455,1.16774841624,0.642261628933,0.336363636364,1.94000937205,1.06700515463,0.536363636364,1.05689877454,0.347276990411,3.54545454545,3.04338842975,1.05689877454,3.54545454545,0.499047619048,0.4,8,0.0484848484848,0.255555555556,11,11,11,1,0,0.0909090909091,0.636363636364,0.272727272727,11,0.118181818182,3.72727272727,2.36363636364,1.3,1.625,1.43336856898,0.6064251638,0.286713286713,0.603022689156,0.510249967747,0.237762237762,1.40129809949,1.18571377649,0.503496503497,2.05382127221,0.551025219373,7,3.72727272727,2.05382127221,7,0,0,0,0,0.22962962963,11,11,11,1,0,0.0909090909091,0.636363636364,0.272727272727,11,19,0.172727272727,4.70454545455,3.45454545455,1.9,2.375,1.7529196424,0.507424107012,0.258373205742,0.904534033733,0.523677598477,0.267942583732,1.84883255547,1.07037674264,0.535885167464,1.66608891501,0.354144503674,5.875,4.70454545455,1.66608891501,5.875,0.366666666667,0.266666666667,4,0.0242424242424,0.23962962963,11,11,11,1,0,0.0909090909091,0.636363636364,0.272727272727,-1,-0.00909090909091,1.66115702479,-0.181818181818,-0.1,-0.125,0.0633796296952,0.0428006035168,0.0129186602871,-0.263214382509,-0.118584030456,-0.0684210526316,-0.0911768165742,0.00337158801632,-0.000478468899521,0.609190140475,0.00686751326282,2.32954545455,1.66115702479,0.609190140475,2.32954545455,-0.132380952381,-0.133333333333,-4,-0.0242424242424,-0.0159259259259,0,0,0,18,1,2,89,0.9,0.988888888889,0.0111111111111,0.1,0.947368421053,0.9,0.923076923077,0.906956031802,0.888888888889,0.857142857143,6,7,0,0,0,0
508,WLNM_dir_neg,0.908163265306,0.591738816739,00:00:02,10,20,7,1172860556,threshold_sweep,0.4,0.833333333333,0.714285714286,0.769230769231,5,1,2,13,0.714285714286,0.928571428571,0.0714285714286,0.285714285714,0.833333333333,0.714285714286,0.769230769231,0.857142857143,0.571428571429,0.666666666667,0.67082039325,0.642857142857,20,13,7,0,20,0,13,0,7,11,20,0.181818181818,3.04338842975,3.63636363636,2,2.5,1.68954001271,0.464623503495,0.245454545455,1.16774841624,0.642261628933,0.336363636364,1.94000937205,1.06700515463,0.536363636364,1.05689877454,0.347276990411,3.54545454545,3.04338842975,1.05689877454,3.54545454545,0.499047619048,0.4,8,0.0484848484848,0.255555555556,11,11,11,1,0,0.0909090909091,0.636363636364,0.272727272727,11,0.118181818182,3.72727272727,2.36363636364,1.3,1.625,1.43336856898,0.6064251638,0.286713286713,0.603022689156,0.510249967747,0.237762237762,1.40129809949,1.18571377649,0.503496503497,2.05382127221,0.551025219373,7,3.72727272727,2.05382127221,7,0,0,0,0,0.22962962963,11,11,11,1,0,0.0909090909091,0.636363636364,0.272727272727,11,19,0.172727272727,4.70454545455,3.45454545455,1.9,2.375,1.7529196424,0.507424107012,0.258373205742,0.904534033733,0.523677598477,0.267942583732,1.84883255547,1.07037674264,0.535885167464,1.66608891501,0.354144503674,5.875,4.70454545455,1.66608891501,5.875,0.366666666667,0.266666666667,4,0.0242424242424,0.23962962963,11,11,11,1,0,0.0909090909091,0.636363636364,0.272727272727,-1,-0.00909090909091,1.66115702479,-0.181818181818,-0.1,-0.125,0.0633796296952,0.0428006035168,0.0129186602871,-0.263214382509,-0.118584030456,-0.0684210526316,-0.0911768165742,0.00337158801632,-0.000478468899521,0.609190140475,0.00686751326282,2.32954545455,1.66115702479,0.609190140475,2.32954545455,-0.132380952381,-0.133333333333,-4,-0.0242424242424,-0.0159259259259,0,0,0,18,1,2,89,0.9,0.988888888889,0.0111111111111,0.1,0.947368421053,0.9,0.923076923077,0.906956031802,0.888888888889,0.857142857143,6,7,0,0,0,0
509,WLNM_dir_neg,0.908163265306,0.591738816739,00:00:02,10,20,7,1172860556,threshold_sweep,0.5,1,0.714285714286,0.833333333333,5,0,2,14,0.714285714286,1,0,0.285714285714,1,0.714285714286,0.833333333333,0.904761904762,0.587301587302,0.769230769231,0.790569415042,0.714285714286,20,13,7,0,20,0,13,0,7,11,20,0.181818181818,3.04338842975,3.63636363636,2,2.5,1.68954001271,0.464623503495,0.245454545455,1.16774841624,0.642261628933,0.336363636364,1.94000937205,1.06700515463,0.536363636364,1.05689877454,0.347276990411,3.54545454545,3.04338842975,1.05689877454,3.54545454545,0.499047619048,0.4,8,0.0484848484848,0.255555555556,11,11,11,1,0,0.0909090909091,0.636363636364,0.272727272727,11,0.118181818182,3.72727272727,2.36363636364,1.3,1.625,1.43336856898,0.6064251638,0.286713286713,0.603022689156,0.510249967747,0.237762237762,1.40129809949,1.18571377649,0.503496503497,2.05382127221,0.551025219373,7,3.72727272727,2.05382127221,7,0,0,0,0,0.22962962963,11,11,11,1,0,0.0909090909091,0.636363636364,0.272727272727,11,18,0.163636363636,3.11363636364,3.27272727273,1.8,2.25,1.42062726223,0.434080552347,0.227272727273,0.924416277737,0.564921058617,0.292929292929,1.68954001271,1.03249667443,0.525252525253,1.14353419474,0.367266456706,3.875,3.11363636364,1.14353419474,3.875,0.366666666667,0.266666666667,4,0.0242424242424,0.221111111111,11,11,11,1,0,0.0909090909091,0.636363636364,0.272727272727,-2,-0.0181818181818,0.0702479338843,-0.363636363636,-0.2,-0.25,-0.268912750482,-0.030542951148,-0.0181818181818,-0.243332138505,-0.0773405703161,-0.0434343434343,-0.250469359339,-0.0345084801933,-0.0111111111111,0.0866354202056,0.0199894662943,0.329545454545,0.0702479338843,0.0866354202056,0.329545454545,-0.132380952381,-0.133333333333,-4,-0.0242424242424,-0.0344444444444,0,0,0,18,0,2,90,0.9,1,0,0.1,1,0.9,0.947368421053,0.938314863257,0.9,0.9,5,7,0,0,0,0
510,WLNM_dir_neg,0.908163265306,0.591738816739,00:00:02,10,20,7,1172860556,threshold_sweep,0.6,1,0.714285714286,0.833333333333,5,0,2,14,0.714285714286,1,0,0.285714285714,1,0.714285714286,0.833333333333,0.904761904762,0.587301587302,0.769230769231,0.790569415042,0.714285714286,20,13,7,0,20,0,13,0,7,11,20,0.181818181818,3.04338842975,3.63636363636,2,2.5,1.68954001271,0.464623503495,0.245454545455,1.16774841624,0.642261628933,0.336363636364,1.94000937205,1.06700515463,0.536363636364,1.05689877454,0.347276990411,3.54545454545,3.04338842975,1.05689877454,3.54545454545,0.499047619048,0.4,8,0.0484848484848,0.255555555556,11,11,11,1,0,0.0909090909091,0.636363636364,0.272727272727,11,0.118181818182,3.72727272727,2.36363636364,1.3,1.625,1.43336856898,0.6064251638,0.286713286713,0.603022689156,0.510249967747,0.237762237762,1.40129809949,1.18571377649,0.503496503497,2.05382127221,0.551025219373,7,3.72727272727,2.05382127221,7,0,0,0,0,0.22962962963,11,11,11,1,0,0.0909090909091,0.636363636364,0.272727272727,11,18,0.163636363636,3.11363636364,3.27272727273,1.8,2.25,1.42062726223,0.434080552347,0.227272727273,0.924416277737,0.564921058617,0.292929292929,1.68954001271,1.03249667443,0.525252525253,1.14353419474,0.367266456706,3.875,3.11363636364,1.14353419474,3.875,0.366666666667,0.266666666667,4,0.0242424242424,0.221111111111,11,11,11,1,0,0.0909090909091,0.636363636364,0.272727272727,-2,-0.0181818181818,0.0702479338843,-0.363636363636,-0.2,-0.25,-0.268912750482,-0.030542951148,-0.0181818181818,-0.243332138505,-0.0773405703161,-0.0434343434343,-0.250469359339,-0.0345084801933,-0.0111111111111,0.0866354202056,0.0199894662943,0.329545454545,0.0702479338843,0.0866354202056,0.329545454545,-0.132380952381,-0.133333333333,-4,-0.0242424242424,-0.0344444444444,0,0,0,18,0,2,90,0.9,1,0,0.1,1,0.9,0.947368421053,0.938314863257,0.9,0.9,5,7,0,0,0,0
511,WLNM_dir_neg,0.908163265306,0.591738816739,00:00:02,10,20,7,1172860556,threshold_sweep,0.7,1,0.714285714286,0.833333333333,5,0,2,14,0.714285714286,1,0,0.285714285714,1,0.714285714286,0.833333333333,0.904761904762,0.587301587302,0.769230769231,0.790569415042,0.714285714286,20,13,7,0,20,0,13,0,7,11,20,0.181818181818,3.04338842975,3.63636363636,2,2.5,1.68954001271,0.464623503495,0.245454545455,1.16774841624,0.642261628933,0.336363636364,1.94000937205,1.06700515463,0.536363636364,1.05689877454,0.347276990411,3.54545454545,3.04338842975,1.05689877454,3.54545454545,0.499047619048,0.4,8,0.0484848484848,0.255555555556,11,11,11,1,0,0.0909090909091,0.636363636364,0.272727272727,11,0.118181818182,3.72727272727,2.36363636364,1.3,1.625,1.43336856898,0.6064251638,0.286713286713,0.603022689156,0.510249967747,0.237762237762,1.40129809949,1.18571377649,0.503496503497,2.05382127221,0.551025219373,7,3.72727272727,2.05382127221,7,0,0,0,0,0.22962962963,11,11,11,1,0,0.0909090909091,0.636363636364,0.272727272727,11,18,0.163636363636,3.11363636364,3.27272727273,1.8,2.25,1.42062726223,0.434080552347,0.227272727273,0.924416277737,0.564921058617,0.292929292929,1.68954001271,1.03249667443,0.525252525253,1.14353419474,0.367266456706,3.875,3.11363636364,1.14353419474,3.875,0.366666666667,0.266666666667,4,0.0242424242424,0.221111111111,11,11,11,1,0,0.0909090909091,0.636363636364,0.272727272727,-2,-0.0181818181818,0.0702479338843,-0.363636363636,-0.2,-0.25,-0.268912750482,-0.030542951148,-0.0181818181818,-0.243332138505,-0.0773405703161,-0.0434343434343,-0.250469359339,-0.0345084801933,-0.0111111111111,0.0866354202056,0.0199894662943,0.329545454545,0.0702479338843,0.0866354202056,0.329545454545,-0.132380952381,-0.133333333333,-4,-0.0242424242424,-0.0344444444444,0,0,0,18,0,2,90,0.9,1,0,0.1,1,0.9,0.947368421053,0.938314863257,0.9,0.9,5,7,0,0,0,0
512,WLNM_dir_neg,0.908163265306,0.591738816739,00:00:02,10,20,7,1172860556,threshold_sweep,0.8,1,0.714285714286,0.833333333333,5,0,2,14,0.714285714286,1,0,0.285714285714,1,0.714285714286,0.833333333333,0.904761904762,0.587301587302,0.769230769231,0.790569415042,0.714285714286,20,13,7,0,20,0,13,0,7,11,20,0.181818181818,3.04338842975,3.63636363636,2,2.5,1.68954001271,0.464623503495,0.245454545455,1.16774841624,0.642261628933,0.336363636364,1.94000937205,1.06700515463,0.536363636364,1.05689877454,0.347276990411,3.54545454545,3.04338842975,1.05689877454,3.54545454545,0.499047619048,0.4,8,0.0484848484848,0.255555555556,11,11,11,1,0,0.0909090909091,0.636363636364,0.272727272727,11,0.118181818182,3.72727272727,2.36363636364,1.3,1.625,1.43336856898,0.6064251638,0.286713286713,0.603022689156,0.510249967747,0.237762237762,1.40129809949,1.18571377649,0.503496503497,2.05382127221,0.551025219373,7,3.72727272727,2.05382127221,7,0,0,0,0,0.22962962963,11,11,11,1,0,0.0909090909091,0.636363636364,0.272727272727,11,18,0.163636363636,3.11363636364,3.27272727273,1.8,2.25,1.42062726223,0.434080552347,0.227272727273,0.924416277737,0.564921058617,0.292929292929,1.68954001271,1.03249667443,0.525252525253,1.14353419474,0.367266456706,3.875,3.11363636364,1.14353419474,3.875,0.366666666667,0.266666666667,4,0.0242424242424,0.221111111111,11,11,11,1,0,0.0909090909091,0.636363636364,0.272727272727,-2,-0.0181818181818,0.0702479338843,-0.363636363636,-0.2,-0.25,-0.268912750482,-0.030542951148,-0.0181818181818,-0.243332138505,-0.0773405703161,-0.0434343434343,-0.250469359339,-0.0345084801933,-0.0111111111111,0.0866354202056,0.0199894662943,0.329545454545,0.0702479338843,0.0866354202056,0.329545454545,-0.132380952381,-0.133333333333,-4,-0.0242424242424,-0.0344444444444,0,0,0,18,0,2,90,0.9,1,0,0.1,1,0.9,0.947368421053,0.938314863257,0.9,0.9,5,7,0,0,0,0
513,WLNM_dir_neg,0.908163265306,0.591738816739,00:00:02,10,20,7,1172860556,threshold_sweep,0.9,1,0.714285714286,0.833333333333,5,0,2,14,0.714285714286,1,0,0.285714285714,1,0.714285714286,0.833333333333,0.904761904762,0.587301587302,0.769230769231,0.790569415042,0.714285714286,20,13,7,0,20,0,13,0,7,11,20,0.181818181818,3.04338842975,3.63636363636,2,2.5,1.68954001271,0.464623503495,0.245454545455,1.16774841624,0.642261628933,0.336363636364,1.94000937205,1.06700515463,0.536363636364,1.05689877454,0.347276990411,3.54545454545,3.04338842975,1.05689877454,3.54545454545,0.499047619048,0.4,8,0.0484848484848,0.255555555556,11,11,11,1,0,0.0909090909091,0.636363636364,0.272727272727,11,0.118181818182,3.72727272727,2.36363636364,1.3,1.625,1.43336856898,0.6064251638,0.286713286713,0.603022689156,0.510249967747,0.237762237762,1.40129809949,1.18571377649,0.503496503497,2.05382127221,0.551025219373,7,3.72727272727,2.05382127221,7,0,0,0,0,0.22962962963,11,11,11,1,0,0.0909090909091,0.636363636364,0.272727272727,11,18,0.163636363636,3.11363636364,3.27272727273,1.8,2.25,1.42062726223,0.434080552347,0.227272727273,0.924416277737,0.564921058617,0.292929292929,1.68954001271,1.03249667443,0.525252525253,1.14353419474,0.367266456706,3.875,3.11363636364,1.14353419474,3.875,0.366666666667,0.266666666667,4,0.0242424242424,0.221111111111,11,11,11,1,0,0.0909090909091,0.636363636364,0.272727272727,-2,-0.0181818181818,0.0702479338843,-0.363636363636,-0.2,-0.25,-0.268912750482,-0.030542951148,-0.0181818181818,-0.243332138505,-0.0773405703161,-0.0434343434343,-0.250469359339,-0.0345084801933,-0.0111111111111,0.0866354202056,0.0199894662943,0.329545454545,0.0702479338843,0.0866354202056,0.329545454545,-0.132380952381,-0.133333333333,-4,-0.0242424242424,-0.0344444444444,0,0,0,18,0,2,90,0.9,1,0,0.1,1,0.9,0.947368421053,0.938314863257,0.9,0.9,5,7,0,0,0,0
514,WLNM_dir_neg,0.867346938776,0.46821531643,00:00:01,10,20,8,1172860557,threshold_sweep,0.1,0.625,0.714285714286,0.666666666667,5,3,2,11,0.714285714286,0.785714285714,0.214285714286,0.285714285714,0.625,0.714285714286,0.666666666667,0.761904761905,0.539682539683,0.48275862069,0.485362671697,0.5,20,13,7,0,20,0,13,0,7,11,20,0.181818181818,3.04338842975,3.63636363636,2,2.5,1.68954001271,0.464623503495,0.245454545455,1.16774841624,0.642261628933,0.336363636364,1.94000937205,1.06700515463,0.536363636364,1.05689877454,0.347276990411,3.54545454545,3.04338842975,1.05689877454,3.54545454545,0.499047619048,0.4,8,0.0484848484848,0.255555555556,11,11,11,1,0,0.0909090909091,0.636363636364,0.272727272727,11,0.118181818182,3.72727272727,2.36363636364,1.3,1.625,1.43336856898,0.6064251638,0.286713286713,0.603022689156,0.510249967747,0.237762237762,1.40129809949,1.18571377649,0.503496503497,2.05382127221,0.551025219373,7,3.72727272727,2.05382127221,7,0,0,0,0,0.22962962963,11,11,11,1,0,0.0909090909091,0.636363636364,0.272727272727,11,21,0.190909090909,NaN,3.81818181818,1.90909090909,2.1,1.47093044147,0.385243687051,0.203463203463,1.22102788294,0.639586033919,0.294372294372,1.51357493733,0.792824967172,0.398268398268,NaN,NaN,NaN,NaN,NaN,NaN,0.190909090909,0.196721311475,4,0.0242424242424,0.177142857143,11,11,0,1,2,0,0.909090909091,0.0909090909091,1,0.00909090909091,NaN,0.181818181818,-0.0909090909091,-0.4,-0.218609571242,-0.079379816444,-0.0419913419913,0.0532794666945,-0.00267559501399,-0.0419913419913,-0.42643443472,-0.274180187455,-0.138095238095,NaN,NaN,NaN,NaN,NaN,NaN,-0.308138528139,-0.203278688525,-4,-0.0242424242424,-0.0784126984127,-0.0909090909091,0.272727272727,-0.181818181818,18,3,2,87,0.9,0.966666666667,0.0333333333333,0.1,0.857142857143,0.9,0.878048780488,0.850518363956,0.866666666667,0.782608695652,8,7,0,0,0,0
515,WLNM_dir_neg,0.867346938776,0.46821531643,00:00:01,10,20,8,1172860557,threshold_sweep,0.2,0.625,0.714285714286,0.666666666667,5,3,2,11,0.714285714286,0.785714285714,0.214285714286,0.285714285714,0.625,0.714285714286,0.666666666667,0.761904761905,0.539682539683,0.48275862069,0.485362671697,0.5,20,13,7,0,20,0,13,0,7,11,20,0.181818181818,3.04338842975,3.63636363636,2,2.5,1.68954001271,0.464623503495,0.245454545455,1.16774841624,0.642261628933,0.336363636364,1.94000937205,1.06700515463,0.536363636364,1.05689877454,0.347276990411,3.54545454545,3.04338842975,1.05689877454,3.54545454545,0.499047619048,0.4,8,0.0484848484848,0.255555555556,11,11,11,1,0,0.0909090909091,0.636363636364,0.272727272727,11,0.118181818182,3.72727272727,2.36363636364,1.3,1.625,1.43336856898,0.6064251638,0.286713286713,0.603022689156,0.510249967747,0.237762237762,1.40129809949,1.18571377649,0.503496503497,2.05382127221,0.551025219373,7,3.72727272727,2.05382127221,7,0,0,0,0,0.22962962963,11,11,11,1,0,0.0909090909091,0.636363636364,0.272727272727,11,21,0.190909090909,NaN,3.81818181818,1.90909090909,2.1,1.47093044147,0.385243687051,0.203463203463,1.22102788294,0.639586033919,0.294372294372,1.51357493733,0.792824967172,0.398268398268,NaN,NaN,NaN,NaN,NaN,NaN,0.190909090909,0.196721311475,4,0.0242424242424,0.177142857143,11,11,0,1,2,0,0.909090909091,0.0909090909091,1,0.00909090909091,NaN,0.181818181818,-0.0909090909091,-0.4,-0.218609571242,-0.079379816444,-0.0419913419913,0.0532794666945,-0.00267559501399,-0.0419913419913,-0.42643443472,-0.274180187455,-0.138095238095,NaN,NaN,NaN,NaN,NaN,NaN,-0.308138528139,-0.203278688525,-4,-0.0242424242424,-0.0784126984127,-0.0909090909091,0.272727272727,-0.181818181818,18,3,2,87,0.9,0.966666666667,0.0333333333333,0.1,0.857142857143,0.9,0.878048780488,0.850518363956,0.866666666667,0.782608695652,8,7,0,0,0,0
516,WLNM_dir_neg,0.867346938776,0.46821531643,00:00:01,10,20,8,1172860557,threshold_sweep,0.3,0.571428571429,0.571428571429,0.571428571429,4,3,3,11,0.571428571429,0.785714285714,0.214285714286,0.428571428571,0.571428571429,0.571428571429,0.571428571429,0.714285714286,0.555555555556,0.357142857143,0.357142857143,0.357142857143,20,13,7,0,20,0,13,0,7,11,20,0.181818181818,3.04338842975,3.63636363636,2,2.5,1.68954001271,0.464623503495,0.245454545455,1.16774841624,0.642261628933,0.336363636364,1.94000937205,1.06700515463,0.536363636364,1.05689877454,0.347276990411,3.54545454545,3.04338842975,1.05689877454,3.54545454545,0.499047619048,0.4,8,0.0484848484848,0.255555555556,11,11,11,1,0,0.0909090909091,0.636363636364,0.272727272727,11,0.118181818182,3.72727272727,2.36363636364,1.3,1.625,1.43336856898,0.6064251638,0.286713286713,0.603022689156,0.510249967747,0.237762237762,1.40129809949,1.18571377649,0.503496503497,2.05382127221,0.551025219373,7,3.72727272727,2.05382127221,7,0,0,0,0,0.22962962963,11,11,11,1,0,0.0909090909091,0.636363636364,0.272727272727,11,20,0.181818181818,NaN,3.63636363636,1.81818181818,2,1.43336856898,0.39417635647,0.209090909091,0.981649817214,0.539907399468,0.263636363636,1.53741222957,0.845576726264,0.409090909091,NaN,NaN,NaN,NaN,NaN,NaN,0.19696969697,0.218181818182,4,0.0242424242424,0.175454545455,11,11,0,1,2,0,0.909090909091,0.0909090909091,0,0,NaN,0,-0.181818181818,-0.5,-0.256171443727,-0.070447147025,-0.0363636363636,-0.186098599028,-0.102354229466,-0.0727272727273,-0.402597142477,-0.221428428362,-0.127272727273,NaN,NaN,NaN,NaN,NaN,NaN,-0.302077922078,-0.181818181818,-4,-0.0242424242424,-0.080101010101,-0.0909090909091,0.272727272727,-0.181818181818,17,3,3,87,0.85,0.966666666667,0.0333333333333,0.15,0.85,0.85,0.85,0.816666666667,0.816666666667,0.739130434783,7,7,0,0,0,0
517,WLNM_dir_neg,0.867346938776,0.46821531643,00:00:01,10,20,8,1172860557,threshold_sweep,0.4,0.8,0.571428571429,0.666666666667,4,1,3,13,0.571428571429,0.928571428571,0.0714285714286,0.428571428571,0.8,0.571428571429,0.666666666667,0.809523809524,0.587301587302,0.538461538462,0.553398590529,0.5,20,13,7,0,20,0,13,0,7,11,20,0.181818181818,3.04338842975,3.63636363636,2,2.5,1.68954001271,0.464623503495,0.245454545455,1.16774841624,0.642261628933,0.336363636364,1.94000937205,1.06700515463,0.536363636364,1.05689877454,0.347276990411,3.54545454545,3.04338842975,1.05689877454,3.54545454545,0.499047619048,0.4,8,0.0484848484848,0.255555555556,11,11,11,1,0,0.0909090909091,0.636363636364,0.272727272727,11,0.118181818182,3.72727272727,2.36363636364,1.3,1.625,1.43336856898,0.6064251638,0.286713286713,0.603022689156,0.510249967747,0.237762237762,1.40129809949,1.18571377649,0.503496503497,2.05382127221,0.551025219373,7,3.72727272727,2.05382127221,7,0,0,0,0,0.22962962963,11,11,11,1,0,0.0909090909091,0.636363636364,0.272727272727,11,18,0.163636363636,NaN,3.27272727273,1.63636363636,2.25,1.55505042304,0.475154295927,0.252525252525,0.674199862463,0.412011027061,0.20202020202,1.68954001271,1.03249667443,0.525252525253,NaN,NaN,NaN,NaN,NaN,NaN,0.366666666667,0.255319148936,4,0.0242424242424,0.186363636364,11,11,0,1,2,0,0.727272727273,0.272727272727,-2,-0.0181818181818,NaN,-0.363636363636,-0.363636363636,-0.25,-0.134489589674,0.0105307924324,0.00707070707071,-0.493548553779,-0.230250601872,-0.134343434343,-0.250469359339,-0.0345084801933,-0.0111111111111,NaN,NaN,NaN,NaN,NaN,NaN,-0.132380952381,-0.144680851064,-4,-0.0242424242424,-0.0691919191919,-0.0909090909091,0.0909090909091,0,17,1,3,89,0.85,0.988888888889,0.0111111111111,0.15,0.944444444444,0.85,0.894736842105,0.874602125628,0.838888888889,0.809523809524,5,7,0,0,0,0
518,WLNM_dir_neg,0.867346938776,0.46821531643,00:00:01,10,20,8,1172860557,threshold_sweep,0.5,0.8,0.571428571429,0.666666666667,4,1,3,13,0.571428571429,0.928571428571,0.0714285714286,0.428571428571,0.8,0.571428571429,0.666666666667,0.809523809524,0.587301587302,0.538461538462,0.553398590529,0.5,20,13,7,0,20,0,13,0,7,11,20,0.181818181818,3.04338842975,3.63636363636,2,2.5,1.68954001271,0.464623503495,0.245454545455,1.16774841624,0.642261628933,0.336363636364,1.94000937205,1.06700515463,0.536363636364,1.05689877454,0.347276990411,3.54545454545,3.04338842975,1.05689877454,3.54545454545,0.499047619048,0.4,8,0.0484848484848,0.255555555556,11,11,11,1,0,0.0909090909091,0.636363636364,0.272727272727,11,0.118181818182,3.72727272727,2.36363636364,1.3,1.625,1.43336856898,0.6064251638,0.286713286713,0.603022689156,0.510249967747,0.237762237762,1.40129809949,1.18571377649,0.503496503497,2.05382127221,0.551025219373,7,3.72727272727,2.05382127221,7,0,0,0,0,0.22962962963,11,11,11,1,0,0.0909090909091,0.636363636364,0.272727272727,11,18,0.163636363636,NaN,3.27272727273,1.63636363636,2.25,1.55505042304,0.475154295927,0.252525252525,0.674199862463,0.412011027061,0.20202020202,1.68954001271,1.03249667443,0.525252525253,NaN,NaN,NaN,NaN,NaN,NaN,0.366666666667,0.255319148936,4,0.0242424242424,0.186363636364,11,11,0,1,2,0,0.727272727273,0.272727272727,-2,-0.0181818181818,NaN,-0.363636363636,-0.363636363636,-0.25,-0.134489589674,0.0105307924324,0.00707070707071,-0.493548553779,-0.230250601872,-0.134343434343,-0.250469359339,-0.0345084801933,-0.0111111111111,NaN,NaN,NaN,NaN,NaN,NaN,-0.132380952381,-0.144680851064,-4,-0.0242424242424,-0.0691919191919,-0.0909090909091,0.0909090909091,0,17,1,3,89,0.85,0.988888888889,0.0111111111111,0.15,0.944444444444,0.85,0.894736842105,0.874602125628,0.838888888889,0.809523809524,5,7,0,0,0,0
519,WLNM_dir_neg,0.867346938776,0.46821531643,00:00:01,10,20,8,1172860557,threshold_sweep,0.6,0.666666666667,0.285714285714,0.4,2,1,5,13,0.285714285714,0.928571428571,0.0714285714286,0.714285714286,0.666666666667,0.285714285714,0.4,0.714285714286,0.619047619048,0.25,0.288675134595,0.214285714286,20,13,7,0,20,0,13,0,7,11,20,0.181818181818,3.04338842975,3.63636363636,2,2.5,1.68954001271,0.464623503495,0.245454545455,1.16774841624,0.642261628933,0.336363636364,1.94000937205,1.06700515463,0.536363636364,1.05689877454,0.347276990411,3.54545454545,3.04338842975,1.05689877454,3.54545454545,0.499047619048,0.4,8,0.0484848484848,0.255555555556,11,11,11,1,0,0.0909090909091,0.636363636364,0.272727272727,11,0.118181818182,3.72727272727,2.36363636364,1.3,1.625,1.43336856898,0.6064251638,0.286713286713,0.603022689156,0.510249967747,0.237762237762,1.40129809949,1.18571377649,0.503496503497,2.05382127221,0.551025219373,7,3.72727272727,2.05382127221,7,0,0,0,0,0.22962962963,11,11,11,1,0,0.0909090909091,0.636363636364,0.272727272727,11,16,0.145454545455,NaN,2.90909090909,1.45454545455,2,1.3751033019,0.47269176003,0.238636363636,0.522232967867,0.359035165409,0.170454545455,1.50755672289,1.03644524699,0.511363636364,NaN,NaN,NaN,NaN,NaN,NaN,0.2,0.166666666667,2,0.0121212121212,0.169696969697,11,11,0,1,2,0,0.727272727273,0.272727272727,-4,-0.0363636363636,NaN,-0.727272727273,-0.545454545455,-0.5,-0.314436710805,0.00806825653469,-0.00681818181818,-0.645515448375,-0.283226463525,-0.165909090909,-0.43245264916,-0.0305599076407,-0.025,NaN,NaN,NaN,NaN,NaN,NaN,-0.299047619048,-0.233333333333,-6,-0.0363636363636,-0.0858585858586,-0.0909090909091,0.0909090909091,0,15,1,5,89,0.75,0.988888888889,0.0111111111111,0.25,0.9375,0.75,0.833333333333,0.808335161217,0.738888888889,0.714285714286,3,7,0,0,0,0
520,WLNM_dir_neg,0.867346938776,0.46821531643,00:00:01,10,20,8,1172860557,threshold_sweep,0.7,0.666666666667,0.285714285714,0.4,2,1,5,13,0.285714285714,0.928571428571,0.0714285714286,0.714285714286,0.666666666667,0.285714285714,0.4,0.714285714286,0.619047619048,0.25,0.288675134595,0.214285714286,20,13,7,0,20,0,13,0,7,11,20,0.181818181818,3.04338842975,3.63636363636,2,2.5,1.68954001271,0.464623503495,0.245454545455,1.16774841624,0.642261628933,0.336363636364,1.94000937205,1.06700515463,0.536363636364,1.05689877454,0.347276990411,3.54545454545,3.04338842975,1.05689877454,3.54545454545,0.499047619048,0.4,8,0.0484848484848,0.255555555556,11,11,11,1,0,0.0909090909091,0.636363636364,0.272727272727,11,0.118181818182,3.72727272727,2.36363636364,1.3,1.625,1.43336856898,0.6064251638,0.286713286713,0.603022689156,0.510249967747,0.237762237762,1.40129809949,1.18571377649,0.503496503497,2.05382127221,0.551025219373,7,3.72727272727,2.05382127221,7,0,0,0,0,0.22962962963,11,11,11,1,0,0.0909090909091,0.636363636364,0.272727272727,11,16,0.145454545455,NaN,2.90909090909,1.45454545455,2,1.3751033019,0.47269176003,0.238636363636,0.522232967867,0.359035165409,0.170454545455,1.50755672289,1.03644524699,0.511363636364,NaN,NaN,NaN,NaN,NaN,NaN,0.2,0.166666666667,2,0.0121212121212,0.169696969697,11,11,0,1,2,0,0.727272727273,0.272727272727,-4,-0.0363636363636,NaN,-0.727272727273,-0.545454545455,-0.5,-0.314436710805,0.00806825653469,-0.00681818181818,-0.645515448375,-0.283226463525,-0.165909090909,-0.43245264916,-0.0305599076407,-0.025,NaN,NaN,NaN,NaN,NaN,NaN,-0.299047619048,-0.233333333333,-6,-0.0363636363636,-0.0858585858586,-0.0909090909091,0.0909090909091,0,15,1,5,89,0.75,0.988888888889,0.0111111111111,0.25,0.9375,0.75,0.833333333333,0.808335161217,0.738888888889,0.714285714286,3,7,0,0,0,0
521,WLNM_dir_neg,0.867346938776,0.46821531643,00:00:01,10,20,8,1172860557,threshold_sweep,0.8,0.666666666667,0.285714285714,0.4,2,1,5,13,0.285714285714,0.928571428571,0.0714285714286,0.714285714286,0.666666666667,0.285714285714,0.4,0.714285714286,0.619047619048,0.25,0.288675134595,0.214285714286,20,13,7,0,20,0,13,0,7,11,20,0.181818181818,3.04338842975,3.63636363636,2,2.5,1.68954001271,0.464623503495,0.245454545455,1.16774841624,0.642261628933,0.336363636364,1.94000937205,1.06700515463,0.536363636364,1.05689877454,0.347276990411,3.54545454545,3.04338842975,1.05689877454,3.54545454545,0.499047619048,0.4,8,0.0484848484848,0.255555555556,11,11,11,1,0,0.0909090909091,0.636363636364,0.272727272727,11,0.118181818182,3.72727272727,2.36363636364,1.3,1.625,1.43336856898,0.6064251638,0.286713286713,0.603022689156,0.510249967747,0.237762237762,1.40129809949,1.18571377649,0.503496503497,2.05382127221,0.551025219373,7,3.72727272727,2.05382127221,7,0,0,0,0,0.22962962963,11,11,11,1,0,0.0909090909091,0.636363636364,0.272727272727,11,16,0.145454545455,NaN,2.90909090909,1.45454545455,2,1.3751033019,0.47269176003,0.238636363636,0.522232967867,0.359035165409,0.170454545455,1.50755672289,1.03644524699,0.511363636364,NaN,NaN,NaN,NaN,NaN,NaN,0.2,0.166666666667,2,0.0121212121212,0.169696969697,11,11,0,1,2,0,0.727272727273,0.272727272727,-4,-0.0363636363636,NaN,-0.727272727273,-0.545454545455,-0.5,-0.314436710805,0.00806825653469,-0.00681818181818,-0.645515448375,-0.283226463525,-0.165909090909,-0.43245264916,-0.0305599076407,-0.025,NaN,NaN,NaN,NaN,NaN,NaN,-0.299047619048,-0.233333333333,-6,-0.0363636363636,-0.0858585858586,-0.0909090909091,0.0909090909091,0,15,1,5,89,0.75,0.988888888889,0.0111111111111,0.25,0.9375,0.75,0.833333333333,0.808335161217,0.738888888889,0.714285714286,3,7,0,0,0,0
522,WLNM_dir_neg,0.867346938776,0.46821531643,00:00:01,10,20,8,1172860557,threshold_sweep,0.9,0.666666666667,0.285714285714,0.4,2,1,5,13,0.285714285714,0.928571428571,0.0714285714286,0.714285714286,0.666666666667,0.285714285714,0.4,0.714285714286,0.619047619048,0.25,0.288675134595,0.214285714286,20,13,7,0,20,0,13,0,7,11,20,0.181818181818,3.04338842975,3.63636363636,2,2.5,1.68954001271,0.464623503495,0.245454545455,1.16774841624,0.642261628933,0.336363636364,1.94000937205,1.06700515463,0.536363636364,1.05689877454,0.347276990411,3.54545454545,3.04338842975,1.05689877454,3.54545454545,0.499047619048,0.4,8,0.0484848484848,0.255555555556,11,11,11,1,0,0.0909090909091,0.636363636364,0.272727272727,11,0.118181818182,3.72727272727,2.36363636364,1.3,1.625,1.43336856898,0.6064251638,0.286713286713,0.603022689156,0.510249967747,0.237762237762,1.40129809949,1.18571377649,0.503496503497,2.05382127221,0.551025219373,7,3.72727272727,2.05382127221,7,0,0,0,0,0.22962962963,11,11,11,1,0,0.0909090909091,0.636363636364,0.272727272727,11,16,0.145454545455,NaN,2.90909090909,1.45454545455,2,1.3751033019,0.47269176003,0.238636363636,0.522232967867,0.359035165409,0.170454545455,1.50755672289,1.03644524699,0.511363636364,NaN,NaN,NaN,NaN,NaN,NaN,0.2,0.166666666667,2,0.0121212121212,0.169696969697,11,11,0,1,2,0,0.727272727273,0.272727272727,-4,-0.0363636363636,NaN,-0.727272727273,-0.545454545455,-0.5,-0.314436710805,0.00806825653469,-0.00681818181818,-0.645515448375,-0.283226463525,-0.165909090909,-0.43245264916,-0.0305599076407,-0.025,NaN,NaN,NaN,NaN,NaN,NaN,-0.299047619048,-0.233333333333,-6,-0.0363636363636,-0.0858585858586,-0.0909090909091,0.0909090909091,0,15,1,5,89,0.75,0.988888888889,0.0111111111111,0.25,0.9375,0.75,0.833333333333,0.808335161217,0.738888888889,0.714285714286,3,7,0,0,0,0
523,WLNM_dir_neg,0.877551020408,0.570929070929,00:00:02,10,20,9,1172860558,threshold_sweep,0.1,1,0.714285714286,0.833333333333,5,0,2,14,0.714285714286,1,0,0.285714285714,1,0.714285714286,0.833333333333,0.904761904762,0.587301587302,0.769230769231,0.790569415042,0.714285714286,20,13,7,0,20,0,13,0,7,11,20,0.181818181818,3.04338842975,3.63636363636,2,2.5,1.68954001271,0.464623503495,0.245454545455,1.16774841624,0.642261628933,0.336363636364,1.94000937205,1.06700515463,0.536363636364,1.05689877454,0.347276990411,3.54545454545,3.04338842975,1.05689877454,3.54545454545,0.499047619048,0.4,8,0.0484848484848,0.255555555556,11,11,11,1,0,0.0909090909091,0.636363636364,0.272727272727,11,0.118181818182,3.72727272727,2.36363636364,1.3,1.625,1.43336856898,0.6064251638,0.286713286713,0.603022689156,0.510249967747,0.237762237762,1.40129809949,1.18571377649,0.503496503497,2.05382127221,0.551025219373,7,3.72727272727,2.05382127221,7,0,0,0,0,0.22962962963,11,11,11,1,0,0.0909090909091,0.636363636364,0.272727272727,11,18,0.163636363636,3.11363636364,3.27272727273,1.8,2.25,1.42062726223,0.434080552347,0.227272727273,0.924416277737,0.564921058617,0.292929292929,1.68954001271,1.03249667443,0.525252525253,1.14353419474,0.367266456706,3.875,3.11363636364,1.14353419474,3.875,0.366666666667,0.266666666667,4,0.0242424242424,0.221111111111,11,11,11,1,0,0.0909090909091,0.636363636364,0.272727272727,-2,-0.0181818181818,0.0702479338843,-0.363636363636,-0.2,-0.25,-0.268912750482,-0.030542951148,-0.0181818181818,-0.243332138505,-0.0773405703161,-0.0434343434343,-0.250469359339,-0.0345084801933,-0.0111111111111,0.0866354202056,0.0199894662943,0.329545454545,0.0702479338843,0.0866354202056,0.329545454545,-0.132380952381,-0.133333333333,-4,-0.0242424242424,-0.0344444444444,0,0,0,18,0,2,90,0.9,1,0,0.1,1,0.9,0.947368421053,0.938314863257,0.9,0.9,5,7,0,0,0,0
524,WLNM_dir_neg,0.877551020408,0.570929070929,00:00:02,10,20,9,1172860558,threshold_sweep,0.2,1,0.714285714286,0.833333333333,5,0,2,14,0.714285714286,1,0,0.285714285714,1,0.714285714286,0.833333333333,0.904761904762,0.587301587302,0.769230769231,0.790569415042,0.714285714286,20,13,7,0,20,0,13,0,7,11,20,0.181818181818,3.04338842975,3.63636363636,2,2.5,1.68954001271,0.464623503495,0.245454545455,1.16774841624,0.642261628933,0.336363636364,1.94000937205,1.06700515463,0.536363636364,1.05689877454,0.347276990411,3.54545454545,3.04338842975,1.05689877454,3.54545454545,0.499047619048,0.4,8,0.0484848484848,0.255555555556,11,11,11,1,0,0.0909090909091,0.636363636364,0.272727272727,11,0.118181818182,3.72727272727,2.36363636364,1.3,1.625,1.43336856898,0.6064251638,0.286713286713,0.603022689156,0.510249967747,0.237762237762,1.40129809949,1.18571377649,0.503496503497,2.05382127221,0.551025219373,7,3.72727272727,2.05382127221,7,0,0,0,0,0.22962962963,11,11,11,1,0,0.0909090909091,0.636363636364,0.272727272727,11,18,0.163636363636,3.11363636364,3.27272727273,1.8,2.25,1.42062726223,0.434080552347,0.227272727273,0.924416277737,0.564921058617,0.292929292929,1.68954001271,1.03249667443,0.525252525253,1.14353419474,0.367266456706,3.875,3.11363636364,1.14353419474,3.875,0.366666666667,0.266666666667,4,0.0242424242424,0.221111111111,11,11,11,1,0,0.0909090909091,0.636363636364,0.272727272727,-2,-0.0181818181818,0.0702479338843,-0.363636363636,-0.2,-0.25,-0.268912750482,-0.030542951148,-0.0181818181818,-0.243332138505,-0.0773405703161,-0.0434343434343,-0.250469359339,-0.0345084801933,-0.0111111111111,0.0866354202056,0.0199894662943,0.329545454545,0.0702479338843,0.0866354202056,0.329545454545,-0.132380952381,-0.133333333333,-4,-0.0242424242424,-0.0344444444444,0,0,0,18,0,2,90,0.9,1,0,0.1,1,0.9,0.947368421053,0.938314863257,0.9,0.9,5,7,0,0,0,0
525,WLNM_dir_neg,0.877551020408,0.570929070929,00:00:02,10,20,9,1172860558,threshold_sweep,0.3,1,0.714285714286,0.833333333333,5,0,2,14,0.714285714286,1,0,0.285714285714,1,0.714285714286,0.833333333333,0.904761904762,0.587301587302,0.769230769231,0.790569415042,0.714285714286,20,13,7,0,20,0,13,0,7,11,20,0.181818181818,3.04338842975,3.63636363636,2,2.5,1.68954001271,0.464623503495,0.245454545455,1.16774841624,0.642261628933,0.336363636364,1.94000937205,1.06700515463,0.536363636364,1.05689877454,0.347276990411,3.54545454545,3.04338842975,1.05689877454,3.54545454545,0.499047619048,0.4,8,0.0484848484848,0.255555555556,11,11,11,1,0,0.0909090909091,0.636363636364,0.272727272727,11,0.118181818182,3.72727272727,2.36363636364,1.3,1.625,1.43336856898,0.6064251638,0.286713286713,0.603022689156,0.510249967747,0.237762237762,1.40129809949,1.18571377649,0.503496503497,2.05382127221,0.551025219373,7,3.72727272727,2.05382127221,7,0,0,0,0,0.22962962963,11,11,11,1,0,0.0909090909091,0.636363636364,0.272727272727,11,18,0.163636363636,3.11363636364,3.27272727273,1.8,2.25,1.42062726223,0.434080552347,0.227272727273,0.924416277737,0.564921058617,0.292929292929,1.68954001271,1.03249667443,0.525252525253,1.14353419474,0.367266456706,3.875,3.11363636364,1.14353419474,3.875,0.366666666667,0.266666666667,4,0.0242424242424,0.221111111111,11,11,11,1,0,0.0909090909091,0.636363636364,0.272727272727,-2,-0.0181818181818,0.0702479338843,-0.363636363636,-0.2,-0.25,-0.268912750482,-0.030542951148,-0.0181818181818,-0.243332138505,-0.0773405703161,-0.0434343434343,-0.250469359339,-0.0345084801933,-0.0111111111111,0.0866354202056,0.0199894662943,0.329545454545,0.0702479338843,0.0866354202056,0.329545454545,-0.132380952381,-0.133333333333,-4,-0.0242424242424,-0.0344444444444,0,0,0,18,0,2,90,0.9,1,0,0.1,1,0.9,0.947368421053,0.938314863257,0.9,0.9,5,7,0,0,0,0
526,WLNM_dir_neg,0.877551020408,0.570929070929,00:00:02,10,20,9,1172860558,threshold_sweep,0.4,1,0.714285714286,0.833333333333,5,0,2,14,0.714285714286,1,0,0.285714285714,1,0.714285714286,0.833333333333,0.904761904762,0.587301587302,0.769230769231,0.790569415042,0.714285714286,20,13,7,0,20,0,13,0,7,11,20,0.181818181818,3.04338842975,3.63636363636,2,2.5,1.68954001271,0.464623503495,0.245454545455,1.16774841624,0.642261628933,0.336363636364,1.94000937205,1.06700515463,0.536363636364,1.05689877454,0.347276990411,3.54545454545,3.04338842975,1.05689877454,3.54545454545,0.499047619048,0.4,8,0.0484848484848,0.255555555556,11,11,11,1,0,0.0909090909091,0.636363636364,0.272727272727,11,0.118181818182,3.72727272727,2.36363636364,1.3,1.625,1.43336856898,0.6064251638,0.286713286713,0.603022689156,0.510249967747,0.237762237762,1.40129809949,1.18571377649,0.503496503497,2.05382127221,0.551025219373,7,3.72727272727,2.05382127221,7,0,0,0,0,0.22962962963,11,11,11,1,0,0.0909090909091,0.636363636364,0.272727272727,11,18,0.163636363636,3.11363636364,3.27272727273,1.8,2.25,1.42062726223,0.434080552347,0.227272727273,0.924416277737,0.564921058617,0.292929292929,1.68954001271,1.03249667443,0.525252525253,1.14353419474,0.367266456706,3.875,3.11363636364,1.14353419474,3.875,0.366666666667,0.266666666667,4,0.0242424242424,0.221111111111,11,11,11,1,0,0.0909090909091,0.636363636364,0.272727272727,-2,-0.0181818181818,0.0702479338843,-0.363636363636,-0.2,-0.25,-0.268912750482,-0.030542951148,-0.0181818181818,-0.243332138505,-0.0773405703161,-0.0434343434343,-0.250469359339,-0.0345084801933,-0.0111111111111,0.0866354202056,0.0199894662943,0.329545454545,0.0702479338843,0.0866354202056,0.329545454545,-0.132380952381,-0.133333333333,-4,-0.0242424242424,-0.0344444444444,0,0,0,18,0,2,90,0.9,1,0,0.1,1,0.9,0.947368421053,0.938314863257,0.9,0.9,5,7,0,0,0,0
527,WLNM_dir_neg,0.877551020408,0.570929070929,00:00:02,10,20,9,1172860558,threshold_sweep,0.5,1,0.714285714286,0.833333333333,5,0,2,14,0.714285714286,1,0,0.285714285714,1,0.714285714286,0.833333333333,0.904761904762,0.587301587302,0.769230769231,0.790569415042,0.714285714286,20,13,7,0,20,0,13,0,7,11,20,0.181818181818,3.04338842975,3.63636363636,2,2.5,1.68954001271,0.464623503495,0.245454545455,1.16774841624,0.642261628933,0.336363636364,1.94000937205,1.06700515463,0.536363636364,1.05689877454,0.347276990411,3.54545454545,3.04338842975,1.05689877454,3.54545454545,0.499047619048,0.4,8,0.0484848484848,0.255555555556,11,11,11,1,0,0.0909090909091,0.636363636364,0.272727272727,11,0.118181818182,3.72727272727,2.36363636364,1.3,1.625,1.43336856898,0.6064251638,0.286713286713,0.603022689156,0.510249967747,0.237762237762,1.40129809949,1.18571377649,0.503496503497,2.05382127221,0.551025219373,7,3.72727272727,2.05382127221,7,0,0,0,0,0.22962962963,11,11,11,1,0,0.0909090909091,0.636363636364,0.272727272727,11,18,0.163636363636,3.11363636364,3.27272727273,1.8,2.25,1.42062726223,0.434080552347,0.227272727273,0.924416277737,0.564921058617,0.292929292929,1.68954001271,1.03249667443,0.525252525253,1.14353419474,0.367266456706,3.875,3.11363636364,1.14353419474,3.875,0.366666666667,0.266666666667,4,0.0242424242424,0.221111111111,11,11,11,1,0,0.0909090909091,0.636363636364,0.272727272727,-2,-0.0181818181818,0.0702479338843,-0.363636363636,-0.2,-0.25,-0.268912750482,-0.030542951148,-0.0181818181818,-0.243332138505,-0.0773405703161,-0.0434343434343,-0.250469359339,-0.0345084801933,-0.0111111111111,0.0866354202056,0.0199894662943,0.329545454545,0.0702479338843,0.0866354202056,0.329545454545,-0.132380952381,-0.133333333333,-4,-0.0242424242424,-0.0344444444444,0,0,0,18,0,2,90,0.9,1,0,0.1,1,0.9,0.947368421053,0.938314863257,0.9,0.9,5,7,0,0,0,0
528,WLNM_dir_neg,0.877551020408,0.570929070929,00:00:02,10,20,9,1172860558,threshold_sweep,0.6,1,0.714285714286,0.833333333333,5,0,2,14,0.714285714286,1,0,0.285714285714,1,0.714285714286,0.833333333333,0.904761904762,0.587301587302,0.769230769231,0.790569415042,0.714285714286,20,13,7,0,20,0,13,0,7,11,20,0.181818181818,3.04338842975,3.63636363636,2,2.5,1.68954001271,0.464623503495,0.245454545455,1.16774841624,0.642261628933,0.336363636364,1.94000937205,1.06700515463,0.536363636364,1.05689877454,0.347276990411,3.54545454545,3.04338842975,1.05689877454,3.54545454545,0.499047619048,0.4,8,0.0484848484848,0.255555555556,11,11,11,1,0,0.0909090909091,0.636363636364,0.272727272727,11,0.118181818182,3.72727272727,2.36363636364,1.3,1.625,1.43336856898,0.6064251638,0.286713286713,0.603022689156,0.510249967747,0.237762237762,1.40129809949,1.18571377649,0.503496503497,2.05382127221,0.551025219373,7,3.72727272727,2.05382127221,7,0,0,0,0,0.22962962963,11,11,11,1,0,0.0909090909091,0.636363636364,0.272727272727,11,18,0.163636363636,3.11363636364,3.27272727273,1.8,2.25,1.42062726223,0.434080552347,0.227272727273,0.924416277737,0.564921058617,0.292929292929,1.68954001271,1.03249667443,0.525252525253,1.14353419474,0.367266456706,3.875,3.11363636364,1.14353419474,3.875,0.366666666667,0.266666666667,4,0.0242424242424,0.221111111111,11,11,11,1,0,0.0909090909091,0.636363636364,0.272727272727,-2,-0.0181818181818,0.0702479338843,-0.363636363636,-0.2,-0.25,-0.268912750482,-0.030542951148,-0.0181818181818,-0.243332138505,-0.0773405703161,-0.0434343434343,-0.250469359339,-0.0345084801933,-0.0111111111111,0.0866354202056,0.0199894662943,0.329545454545,0.0702479338843,0.0866354202056,0.329545454545,-0.132380952381,-0.133333333333,-4,-0.0242424242424,-0.0344444444444,0,0,0,18,0,2,90,0.9,1,0,0.1,1,0.9,0.947368421053,0.938314863257,0.9,0.9,5,7,0,0,0,0
529,WLNM_dir_neg,0.877551020408,0.570929070929,00:00:02,10,20,9,1172860558,threshold_sweep,0.7,1,0.714285714286,0.833333333333,5,0,2,14,0.714285714286,1,0,0.285714285714,1,0.714285714286,0.833333333333,0.904761904762,0.587301587302,0.769230769231,0.790569415042,0.714285714286,20,13,7,0,20,0,13,0,7,11,20,0.181818181818,3.04338842975,3.63636363636,2,2.5,1.68954001271,0.464623503495,0.245454545455,1.16774841624,0.642261628933,0.336363636364,1.94000937205,1.06700515463,0.536363636364,1.05689877454,0.347276990411,3.54545454545,3.04338842975,1.05689877454,3.54545454545,0.499047619048,0.4,8,0.0484848484848,0.255555555556,11,11,11,1,0,0.0909090909091,0.636363636364,0.272727272727,11,0.118181818182,3.72727272727,2.36363636364,1.3,1.625,1.43336856898,0.6064251638,0.286713286713,0.603022689156,0.510249967747,0.237762237762,1.40129809949,1.18571377649,0.503496503497,2.05382127221,0.551025219373,7,3.72727272727,2.05382127221,7,0,0,0,0,0.22962962963,11,11,11,1,0,0.0909090909091,0.636363636364,0.272727272727,11,18,0.163636363636,3.11363636364,3.27272727273,1.8,2.25,1.42062726223,0.434080552347,0.227272727273,0.924416277737,0.564921058617,0.292929292929,1.68954001271,1.03249667443,0.525252525253,1.14353419474,0.367266456706,3.875,3.11363636364,1.14353419474,3.875,0.366666666667,0.266666666667,4,0.0242424242424,0.221111111111,11,11,11,1,0,0.0909090909091,0.636363636364,0.272727272727,-2,-0.0181818181818,0.0702479338843,-0.363636363636,-0.2,-0.25,-0.268912750482,-0.030542951148,-0.0181818181818,-0.243332138505,-0.0773405703161,-0.0434343434343,-0.250469359339,-0.0345084801933,-0.0111111111111,0.0866354202056,0.0199894662943,0.329545454545,0.0702479338843,0.0866354202056,0.329545454545,-0.132380952381,-0.133333333333,-4,-0.0242424242424,-0.0344444444444,0,0,0,18,0,2,90,0.9,1,0,0.1,1,0.9,0.947368421053,0.938314863257,0.9,0.9,5,7,0,0,0,0
530,WLNM_dir_neg,0.877551020408,0.570929070929,00:00:02,10,20,9,1172860558,threshold_sweep,0.8,1,0.714285714286,0.833333333333,5,0,2,14,0.714285714286,1,0,0.285714285714,1,0.714285714286,0.833333333333,0.904761904762,0.587301587302,0.769230769231,0.790569415042,0.714285714286,20,13,7,0,20,0,13,0,7,11,20,0.181818181818,3.04338842975,3.63636363636,2,2.5,1.68954001271,0.464623503495,0.245454545455,1.16774841624,0.642261628933,0.336363636364,1.94000937205,1.06700515463,0.536363636364,1.05689877454,0.347276990411,3.54545454545,3.04338842975,1.05689877454,3.54545454545,0.499047619048,0.4,8,0.0484848484848,0.255555555556,11,11,11,1,0,0.0909090909091,0.636363636364,0.272727272727,11,0.118181818182,3.72727272727,2.36363636364,1.3,1.625,1.43336856898,0.6064251638,0.286713286713,0.603022689156,0.510249967747,0.237762237762,1.40129809949,1.18571377649,0.503496503497,2.05382127221,0.551025219373,7,3.72727272727,2.05382127221,7,0,0,0,0,0.22962962963,11,11,11,1,0,0.0909090909091,0.636363636364,0.272727272727,11,18,0.163636363636,3.11363636364,3.27272727273,1.8,2.25,1.42062726223,0.434080552347,0.227272727273,0.924416277737,0.564921058617,0.292929292929,1.68954001271,1.03249667443,0.525252525253,1.14353419474,0.367266456706,3.875,3.11363636364,1.14353419474,3.875,0.366666666667,0.266666666667,4,0.0242424242424,0.221111111111,11,11,11,1,0,0.0909090909091,0.636363636364,0.272727272727,-2,-0.0181818181818,0.0702479338843,-0.363636363636,-0.2,-0.25,-0.268912750482,-0.030542951148,-0.0181818181818,-0.243332138505,-0.0773405703161,-0.0434343434343,-0.250469359339,-0.0345084801933,-0.0111111111111,0.0866354202056,0.0199894662943,0.329545454545,0.0702479338843,0.0866354202056,0.329545454545,-0.132380952381,-0.133333333333,-4,-0.0242424242424,-0.0344444444444,0,0,0,18,0,2,90,0.9,1,0,0.1,1,0.9,0.947368421053,0.938314863257,0.9,0.9,5,7,0,0,0,0
531,WLNM_dir_neg,0.877551020408,0.570929070929,00:00:02,10,20,9,1172860558,threshold_sweep,0.9,1,0.714285714286,0.833333333333,5,0,2,14,0.714285714286,1,0,0.285714285714,1,0.714285714286,0.833333333333,0.904761904762,0.587301587302,0.769230769231,0.790569415042,0.714285714286,20,13,7,0,20,0,13,0,7,11,20,0.181818181818,3.04338842975,3.63636363636,2,2.5,1.68954001271,0.464623503495,0.245454545455,1.16774841624,0.642261628933,0.336363636364,1.94000937205,1.06700515463,0.536363636364,1.05689877454,0.347276990411,3.54545454545,3.04338842975,1.05689877454,3.54545454545,0.499047619048,0.4,8,0.0484848484848,0.255555555556,11,11,11,1,0,0.0909090909091,0.636363636364,0.272727272727,11,0.118181818182,3.72727272727,2.36363636364,1.3,1.625,1.43336856898,0.6064251638,0.286713286713,0.603022689156,0.510249967747,0.237762237762,1.40129809949,1.18571377649,0.503496503497,2.05382127221,0.551025219373,7,3.72727272727,2.05382127221,7,0,0,0,0,0.22962962963,11,11,11,1,0,0.0909090909091,0.636363636364,0.272727272727,11,18,0.163636363636,3.11363636364,3.27272727273,1.8,2.25,1.42062726223,0.434080552347,0.227272727273,0.924416277737,0.564921058617,0.292929292929,1.68954001271,1.03249667443,0.525252525253,1.14353419474,0.367266456706,3.875,3.11363636364,1.14353419474,3.875,0.366666666667,0.266666666667,4,0.0242424242424,0.221111111111,11,11,11,1,0,0.0909090909091,0.636363636364,0.272727272727,-2,-0.0181818181818,0.0702479338843,-0.363636363636,-0.2,-0.25,-0.268912750482,-0.030542951148,-0.0181818181818,-0.243332138505,-0.0773405703161,-0.0434343434343,-0.250469359339,-0.0345084801933,-0.0111111111111,0.0866354202056,0.0199894662943,0.329545454545,0.0702479338843,0.0866354202056,0.329545454545,-0.132380952381,-0.133333333333,-4,-0.0242424242424,-0.0344444444444,0,0,0,18,0,2,90,0.9,1,0,0.1,1,0.9,0.947368421053,0.938314863257,0.9,0.9,5,7,0,0,0,0
532,WLNM_dir_neg,0.948979591837,0.773639455782,00:00:03,10,20,10,1172860559,threshold_sweep,0.1,1,0.714285714286,0.833333333333,5,0,2,14,0.714285714286,1,0,0.285714285714,1,0.714285714286,0.833333333333,0.904761904762,0.587301587302,0.769230769231,0.790569415042,0.714285714286,20,13,7,0,20,0,13,0,7,11,20,0.181818181818,3.04338842975,3.63636363636,2,2.5,1.68954001271,0.464623503495,0.245454545455,1.16774841624,0.642261628933,0.336363636364,1.94000937205,1.06700515463,0.536363636364,1.05689877454,0.347276990411,3.54545454545,3.04338842975,1.05689877454,3.54545454545,0.499047619048,0.4,8,0.0484848484848,0.255555555556,11,11,11,1,0,0.0909090909091,0.636363636364,0.272727272727,11,0.118181818182,3.72727272727,2.36363636364,1.3,1.625,1.43336856898,0.6064251638,0.286713286713,0.603022689156,0.510249967747,0.237762237762,1.40129809949,1.18571377649,0.503496503497,2.05382127221,0.551025219373,7,3.72727272727,2.05382127221,7,0,0,0,0,0.22962962963,11,11,11,1,0,0.0909090909091,0.636363636364,0.272727272727,11,18,0.163636363636,3.11363636364,3.27272727273,1.8,2.25,1.42062726223,0.434080552347,0.227272727273,0.924416277737,0.564921058617,0.292929292929,1.68954001271,1.03249667443,0.525252525253,1.14353419474,0.367266456706,3.875,3.11363636364,1.14353419474,3.875,0.366666666667,0.266666666667,4,0.0242424242424,0.221111111111,11,11,11,1,0,0.0909090909091,0.636363636364,0.272727272727,-2,-0.0181818181818,0.0702479338843,-0.363636363636,-0.2,-0.25,-0.268912750482,-0.030542951148,-0.0181818181818,-0.243332138505,-0.0773405703161,-0.0434343434343,-0.250469359339,-0.0345084801933,-0.0111111111111,0.0866354202056,0.0199894662943,0.329545454545,0.0702479338843,0.0866354202056,0.329545454545,-0.132380952381,-0.133333333333,-4,-0.0242424242424,-0.0344444444444,0,0,0,18,0,2,90,0.9,1,0,0.1,1,0.9,0.947368421053,0.938314863257,0.9,0.9,5,7,0,0,0,0
533,WLNM_dir_neg,0.948979591837,0.773639455782,00:00:03,10,20,10,1172860559,threshold_sweep,0.2,1,0.714285714286,0.833333333333,5,0,2,14,0.714285714286,1,0,0.285714285714,1,0.714285714286,0.833333333333,0.904761904762,0.587301587302,0.769230769231,0.790569415042,0.714285714286,20,13,7,0,20,0,13,0,7,11,20,0.181818181818,3.04338842975,3.63636363636,2,2.5,1.68954001271,0.464623503495,0.245454545455,1.16774841624,0.642261628933,0.336363636364,1.94000937205,1.06700515463,0.536363636364,1.05689877454,0.347276990411,3.54545454545,3.04338842975,1.05689877454,3.54545454545,0.499047619048,0.4,8,0.0484848484848,0.255555555556,11,11,11,1,0,0.0909090909091,0.636363636364,0.272727272727,11,0.118181818182,3.72727272727,2.36363636364,1.3,1.625,1.43336856898,0.6064251638,0.286713286713,0.603022689156,0.510249967747,0.237762237762,1.40129809949,1.18571377649,0.503496503497,2.05382127221,0.551025219373,7,3.72727272727,2.05382127221,7,0,0,0,0,0.22962962963,11,11,11,1,0,0.0909090909091,0.636363636364,0.272727272727,11,18,0.163636363636,3.11363636364,3.27272727273,1.8,2.25,1.42062726223,0.434080552347,0.227272727273,0.924416277737,0.564921058617,0.292929292929,1.68954001271,1.03249667443,0.525252525253,1.14353419474,0.367266456706,3.875,3.11363636364,1.14353419474,3.875,0.366666666667,0.266666666667,4,0.0242424242424,0.221111111111,11,11,11,1,0,0.0909090909091,0.636363636364,0.272727272727,-2,-0.0181818181818,0.0702479338843,-0.363636363636,-0.2,-0.25,-0.268912750482,-0.030542951148,-0.0181818181818,-0.243332138505,-0.0773405703161,-0.0434343434343,-0.250469359339,-0.0345084801933,-0.0111111111111,0.0866354202056,0.0199894662943,0.329545454545,0.0702479338843,0.0866354202056,0.329545454545,-0.132380952381,-0.133333333333,-4,-0.0242424242424,-0.0344444444444,0,0,0,18,0,2,90,0.9,1,0,0.1,1,0.9,0.947368421053,0.938314863257,0.9,0.9,5,7,0,0,0,0
534,WLNM_dir_neg,0.948979591837,0.773639455782,00:00:03,10,20,10,1172860559,threshold_sweep,0.3,1,0.714285714286,0.833333333333,5,0,2,14,0.714285714286,1,0,0.285714285714,1,0.714285714286,0.833333333333,0.904761904762,0.587301587302,0.769230769231,0.790569415042,0.714285714286,20,13,7,0,20,0,13,0,7,11,20,0.181818181818,3.04338842975,3.63636363636,2,2.5,1.68954001271,0.464623503495,0.245454545455,1.16774841624,0.642261628933,0.336363636364,1.94000937205,1.06700515463,0.536363636364,1.05689877454,0.347276990411,3.54545454545,3.04338842975,1.05689877454,3.54545454545,0.499047619048,0.4,8,0.0484848484848,0.255555555556,11,11,11,1,0,0.0909090909091,0.636363636364,0.272727272727,11,0.118181818182,3.72727272727,2.36363636364,1.3,1.625,1.43336856898,0.6064251638,0.286713286713,0.603022689156,0.510249967747,0.237762237762,1.40129809949,1.18571377649,0.503496503497,2.05382127221,0.551025219373,7,3.72727272727,2.05382127221,7,0,0,0,0,0.22962962963,11,11,11,1,0,0.0909090909091,0.636363636364,0.272727272727,11,18,0.163636363636,3.11363636364,3.27272727273,1.8,2.25,1.42062726223,0.434080552347,0.227272727273,0.924416277737,0.564921058617,0.292929292929,1.68954001271,1.03249667443,0.525252525253,1.14353419474,0.367266456706,3.875,3.11363636364,1.14353419474,3.875,0.366666666667,0.266666666667,4,0.0242424242424,0.221111111111,11,11,11,1,0,0.0909090909091,0.636363636364,0.272727272727,-2,-0.0181818181818,0.0702479338843,-0.363636363636,-0.2,-0.25,-0.268912750482,-0.030542951148,-0.0181818181818,-0.243332138505,-0.0773405703161,-0.0434343434343,-0.250469359339,-0.0345084801933,-0.0111111111111,0.0866354202056,0.0199894662943,0.329545454545,0.0702479338843,0.0866354202056,0.329545454545,-0.132380952381,-0.133333333333,-4,-0.0242424242424,-0.0344444444444,0,0,0,18,0,2,90,0.9,1,0,0.1,1,0.9,0.947368421053,0.938314863257,0.9,0.9,5,7,0,0,0,0
535,WLNM_dir_neg,0.948979591837,0.773639455782,00:00:03,10,20,10,1172860559,threshold_sweep,0.4,1,0.714285714286,0.833333333333,5,0,2,14,0.714285714286,1,0,0.285714285714,1,0.714285714286,0.833333333333,0.904761904762,0.587301587302,0.769230769231,0.790569415042,0.714285714286,20,13,7,0,20,0,13,0,7,11,20,0.181818181818,3.04338842975,3.63636363636,2,2.5,1.68954001271,0.464623503495,0.245454545455,1.16774841624,0.642261628933,0.336363636364,1.94000937205,1.06700515463,0.536363636364,1.05689877454,0.347276990411,3.54545454545,3.04338842975,1.05689877454,3.54545454545,0.499047619048,0.4,8,0.0484848484848,0.255555555556,11,11,11,1,0,0.0909090909091,0.636363636364,0.272727272727,11,0.118181818182,3.72727272727,2.36363636364,1.3,1.625,1.43336856898,0.6064251638,0.286713286713,0.603022689156,0.510249967747,0.237762237762,1.40129809949,1.18571377649,0.503496503497,2.05382127221,0.551025219373,7,3.72727272727,2.05382127221,7,0,0,0,0,0.22962962963,11,11,11,1,0,0.0909090909091,0.636363636364,0.272727272727,11,18,0.163636363636,3.11363636364,3.27272727273,1.8,2.25,1.42062726223,0.434080552347,0.227272727273,0.924416277737,0.564921058617,0.292929292929,1.68954001271,1.03249667443,0.525252525253,1.14353419474,0.367266456706,3.875,3.11363636364,1.14353419474,3.875,0.366666666667,0.266666666667,4,0.0242424242424,0.221111111111,11,11,11,1,0,0.0909090909091,0.636363636364,0.272727272727,-2,-0.0181818181818,0.0702479338843,-0.363636363636,-0.2,-0.25,-0.268912750482,-0.030542951148,-0.0181818181818,-0.243332138505,-0.0773405703161,-0.0434343434343,-0.250469359339,-0.0345084801933,-0.0111111111111,0.0866354202056,0.0199894662943,0.329545454545,0.0702479338843,0.0866354202056,0.329545454545,-0.132380952381,-0.133333333333,-4,-0.0242424242424,-0.0344444444444,0,0,0,18,0,2,90,0.9,1,0,0.1,1,0.9,0.947368421053,0.938314863257,0.9,0.9,5,7,0,0,0,0
536,WLNM_dir_neg,0.948979591837,0.773639455782,00:00:03,10,20,10,1172860559,threshold_sweep,0.5,1,0.714285714286,0.833333333333,5,0,2,14,0.714285714286,1,0,0.285714285714,1,0.714285714286,0.833333333333,0.904761904762,0.587301587302,0.769230769231,0.790569415042,0.714285714286,20,13,7,0,20,0,13,0,7,11,20,0.181818181818,3.04338842975,3.63636363636,2,2.5,1.68954001271,0.464623503495,0.245454545455,1.16774841624,0.642261628933,0.336363636364,1.94000937205,1.06700515463,0.536363636364,1.05689877454,0.347276990411,3.54545454545,3.04338842975,1.05689877454,3.54545454545,0.499047619048,0.4,8,0.0484848484848,0.255555555556,11,11,11,1,0,0.0909090909091,0.636363636364,0.272727272727,11,0.118181818182,3.72727272727,2.36363636364,1.3,1.625,1.43336856898,0.6064251638,0.286713286713,0.603022689156,0.510249967747,0.237762237762,1.40129809949,1.18571377649,0.503496503497,2.05382127221,0.551025219373,7,3.72727272727,2.05382127221,7,0,0,0,0,0.22962962963,11,11,11,1,0,0.0909090909091,0.636363636364,0.272727272727,11,18,0.163636363636,3.11363636364,3.27272727273,1.8,2.25,1.42062726223,0.434080552347,0.227272727273,0.924416277737,0.564921058617,0.292929292929,1.68954001271,1.03249667443,0.525252525253,1.14353419474,0.367266456706,3.875,3.11363636364,1.14353419474,3.875,0.366666666667,0.266666666667,4,0.0242424242424,0.221111111111,11,11,11,1,0,0.0909090909091,0.636363636364,0.272727272727,-2,-0.0181818181818,0.0702479338843,-0.363636363636,-0.2,-0.25,-0.268912750482,-0.030542951148,-0.0181818181818,-0.243332138505,-0.0773405703161,-0.0434343434343,-0.250469359339,-0.0345084801933,-0.0111111111111,0.0866354202056,0.0199894662943,0.329545454545,0.0702479338843,0.0866354202056,0.329545454545,-0.132380952381,-0.133333333333,-4,-0.0242424242424,-0.0344444444444,0,0,0,18,0,2,90,0.9,1,0,0.1,1,0.9,0.947368421053,0.938314863257,0.9,0.9,5,7,0,0,0,0
537,WLNM_dir_neg,0.948979591837,0.773639455782,00:00:03,10,20,10,1172860559,threshold_sweep,0.6,1,0.714285714286,0.833333333333,5,0,2,14,0.714285714286,1,0,0.285714285714,1,0.714285714286,0.833333333333,0.904761904762,0.587301587302,0.769230769231,0.790569415042,0.714285714286,20,13,7,0,20,0,13,0,7,11,20,0.181818181818,3.04338842975,3.63636363636,2,2.5,1.68954001271,0.464623503495,0.245454545455,1.16774841624,0.642261628933,0.336363636364,1.94000937205,1.06700515463,0.536363636364,1.05689877454,0.347276990411,3.54545454545,3.04338842975,1.05689877454,3.54545454545,0.499047619048,0.4,8,0.0484848484848,0.255555555556,11,11,11,1,0,0.0909090909091,0.636363636364,0.272727272727,11,0.118181818182,3.72727272727,2.36363636364,1.3,1.625,1.43336856898,0.6064251638,0.286713286713,0.603022689156,0.510249967747,0.237762237762,1.40129809949,1.18571377649,0.503496503497,2.05382127221,0.551025219373,7,3.72727272727,2.05382127221,7,0,0,0,0,0.22962962963,11,11,11,1,0,0.0909090909091,0.636363636364,0.272727272727,11,18,0.163636363636,3.11363636364,3.27272727273,1.8,2.25,1.42062726223,0.434080552347,0.227272727273,0.924416277737,0.564921058617,0.292929292929,1.68954001271,1.03249667443,0.525252525253,1.14353419474,0.367266456706,3.875,3.11363636364,1.14353419474,3.875,0.366666666667,0.266666666667,4,0.0242424242424,0.221111111111,11,11,11,1,0,0.0909090909091,0.636363636364,0.272727272727,-2,-0.0181818181818,0.0702479338843,-0.363636363636,-0.2,-0.25,-0.268912750482,-0.030542951148,-0.0181818181818,-0.243332138505,-0.0773405703161,-0.0434343434343,-0.250469359339,-0.0345084801933,-0.0111111111111,0.0866354202056,0.0199894662943,0.329545454545,0.0702479338843,0.0866354202056,0.329545454545,-0.132380952381,-0.133333333333,-4,-0.0242424242424,-0.0344444444444,0,0,0,18,0,2,90,0.9,1,0,0.1,1,0.9,0.947368421053,0.938314863257,0.9,0.9,5,7,0,0,0,0
538,WLNM_dir_neg,0.948979591837,0.773639455782,00:00:03,10,20,10,1172860559,threshold_sweep,0.7,1,0.714285714286,0.833333333333,5,0,2,14,0.714285714286,1,0,0.285714285714,1,0.714285714286,0.833333333333,0.904761904762,0.587301587302,0.769230769231,0.790569415042,0.714285714286,20,13,7,0,20,0,13,0,7,11,20,0.181818181818,3.04338842975,3.63636363636,2,2.5,1.68954001271,0.464623503495,0.245454545455,1.16774841624,0.642261628933,0.336363636364,1.94000937205,1.06700515463,0.536363636364,1.05689877454,0.347276990411,3.54545454545,3.04338842975,1.05689877454,3.54545454545,0.499047619048,0.4,8,0.0484848484848,0.255555555556,11,11,11,1,0,0.0909090909091,0.636363636364,0.272727272727,11,0.118181818182,3.72727272727,2.36363636364,1.3,1.625,1.43336856898,0.6064251638,0.286713286713,0.603022689156,0.510249967747,0.237762237762,1.40129809949,1.18571377649,0.503496503497,2.05382127221,0.551025219373,7,3.72727272727,2.05382127221,7,0,0,0,0,0.22962962963,11,11,11,1,0,0.0909090909091,0.636363636364,0.272727272727,11,18,0.163636363636,3.11363636364,3.27272727273,1.8,2.25,1.42062726223,0.434080552347,0.227272727273,0.924416277737,0.564921058617,0.292929292929,1.68954001271,1.03249667443,0.525252525253,1.14353419474,0.367266456706,3.875,3.11363636364,1.14353419474,3.875,0.366666666667,0.266666666667,4,0.0242424242424,0.221111111111,11,11,11,1,0,0.0909090909091,0.636363636364,0.272727272727,-2,-0.0181818181818,0.0702479338843,-0.363636363636,-0.2,-0.25,-0.268912750482,-0.030542951148,-0.0181818181818,-0.243332138505,-0.0773405703161,-0.0434343434343,-0.250469359339,-0.0345084801933,-0.0111111111111,0.0866354202056,0.0199894662943,0.329545454545,0.0702479338843,0.0866354202056,0.329545454545,-0.132380952381,-0.133333333333,-4,-0.0242424242424,-0.0344444444444,0,0,0,18,0,2,90,0.9,1,0,0.1,1,0.9,0.947368421053,0.938314863257,0.9,0.9,5,7,0,0,0,0
539,WLNM_dir_neg,0.948979591837,0.773639455782,00:00:03,10,20,10,1172860559,threshold_sweep,0.8,1,0.714285714286,0.833333333333,5,0,2,14,0.714285714286,1,0,0.285714285714,1,0.714285714286,0.833333333333,0.904761904762,0.587301587302,0.769230769231,0.790569415042,0.714285714286,20,13,7,0,20,0,13,0,7,11,20,0.181818181818,3.04338842975,3.63636363636,2,2.5,1.68954001271,0.464623503495,0.245454545455,1.16774841624,0.642261628933,0.336363636364,1.94000937205,1.06700515463,0.536363636364,1.05689877454,0.347276990411,3.54545454545,3.04338842975,1.05689877454,3.54545454545,0.499047619048,0.4,8,0.0484848484848,0.255555555556,11,11,11,1,0,0.0909090909091,0.636363636364,0.272727272727,11,0.118181818182,3.72727272727,2.36363636364,1.3,1.625,1.43336856898,0.6064251638,0.286713286713,0.603022689156,0.510249967747,0.237762237762,1.40129809949,1.18571377649,0.503496503497,2.05382127221,0.551025219373,7,3.72727272727,2.05382127221,7,0,0,0,0,0.22962962963,11,11,11,1,0,0.0909090909091,0.636363636364,0.272727272727,11,18,0.163636363636,3.11363636364,3.27272727273,1.8,2.25,1.42062726223,0.434080552347,0.227272727273,0.924416277737,0.564921058617,0.292929292929,1.68954001271,1.03249667443,0.525252525253,1.14353419474,0.367266456706,3.875,3.11363636364,1.14353419474,3.875,0.366666666667,0.266666666667,4,0.0242424242424,0.221111111111,11,11,11,1,0,0.0909090909091,0.636363636364,0.272727272727,-2,-0.0181818181818,0.0702479338843,-0.363636363636,-0.2,-0.25,-0.268912750482,-0.030542951148,-0.0181818181818,-0.243332138505,-0.0773405703161,-0.0434343434343,-0.250469359339,-0.0345084801933,-0.0111111111111,0.0866354202056,0.0199894662943,0.329545454545,0.0702479338843,0.0866354202056,0.329545454545,-0.132380952381,-0.133333333333,-4,-0.0242424242424,-0.0344444444444,0,0,0,18,0,2,90,0.9,1,0,0.1,1,0.9,0.947368421053,0.938314863257,0.9,0.9,5,7,0,0,0,0
540,WLNM_dir_neg,0.948979591837,0.773639455782,00:00:03,10,20,10,1172860559,threshold_sweep,0.9,1,0.285714285714,0.444444444444,2,0,5,14,0.285714285714,1,0,0.714285714286,1,0.285714285714,0.444444444444,0.761904761905,0.634920634921,0.347826086957,0.458831467741,0.285714285714,20,13,7,0,20,0,13,0,7,11,20,0.181818181818,3.04338842975,3.63636363636,2,2.5,1.68954001271,0.464623503495,0.245454545455,1.16774841624,0.642261628933,0.336363636364,1.94000937205,1.06700515463,0.536363636364,1.05689877454,0.347276990411,3.54545454545,3.04338842975,1.05689877454,3.54545454545,0.499047619048,0.4,8,0.0484848484848,0.255555555556,11,11,11,1,0,0.0909090909091,0.636363636364,0.272727272727,11,0.118181818182,3.72727272727,2.36363636364,1.3,1.625,1.43336856898,0.6064251638,0.286713286713,0.603022689156,0.510249967747,0.237762237762,1.40129809949,1.18571377649,0.503496503497,2.05382127221,0.551025219373,7,3.72727272727,2.05382127221,7,0,0,0,0,0.22962962963,11,11,11,1,0,0.0909090909091,0.636363636364,0.272727272727,11,15,0.136363636364,3.29090909091,2.72727272727,1.5,1.875,1.55505042304,0.570185155113,0.29696969697,0.809039834956,0.593295878968,0.290909090909,1.50151438706,1.10111055051,0.521212121212,1.22756225541,0.373016154959,4.4,3.29090909091,1.22756225541,4.4,0,0,0,0,0.25,11,11,11,1,0,0.0909090909091,0.636363636364,0.272727272727,-5,-0.0454545454545,0.247520661157,-0.909090909091,-0.5,-0.625,-0.134489589674,0.105561651618,0.0515151515152,-0.358708581286,-0.0489657499656,-0.0454545454545,-0.438494984989,0.0341053958833,-0.0151515151515,0.170663480874,0.0257391645477,0.854545454545,0.247520661157,0.170663480874,0.854545454545,-0.499047619048,-0.4,-8,-0.0484848484848,-0.00555555555556,0,0,0,15,0,5,90,0.75,1,0,0.25,1,0.75,0.857142857143,0.842927230424,0.75,0.75,2,7,0,0,0,0
541,WLNM_dir_neg,0.897959183673,0.585286935287,00:00:01,10,20,11,1172860560,threshold_sweep,0.1,1,0.714285714286,0.833333333333,5,0,2,14,0.714285714286,1,0,0.285714285714,1,0.714285714286,0.833333333333,0.904761904762,0.587301587302,0.769230769231,0.790569415042,0.714285714286,20,13,7,0,20,0,13,0,7,11,20,0.181818181818,3.04338842975,3.63636363636,2,2.5,1.68954001271,0.464623503495,0.245454545455,1.16774841624,0.642261628933,0.336363636364,1.94000937205,1.06700515463,0.536363636364,1.05689877454,0.347276990411,3.54545454545,3.04338842975,1.05689877454,3.54545454545,0.499047619048,0.4,8,0.0484848484848,0.255555555556,11,11,11,1,0,0.0909090909091,0.636363636364,0.272727272727,11,0.118181818182,3.72727272727,2.36363636364,1.3,1.625,1.43336856898,0.6064251638,0.286713286713,0.603022689156,0.510249967747,0.237762237762,1.40129809949,1.18571377649,0.503496503497,2.05382127221,0.551025219373,7,3.72727272727,2.05382127221,7,0,0,0,0,0.22962962963,11,11,11,1,0,0.0909090909091,0.636363636364,0.272727272727,11,18,0.163636363636,3.11363636364,3.27272727273,1.8,2.25,1.42062726223,0.434080552347,0.227272727273,0.924416277737,0.564921058617,0.292929292929,1.68954001271,1.03249667443,0.525252525253,1.14353419474,0.367266456706,3.875,3.11363636364,1.14353419474,3.875,0.366666666667,0.266666666667,4,0.0242424242424,0.221111111111,11,11,11,1,0,0.0909090909091,0.636363636364,0.272727272727,-2,-0.0181818181818,0.0702479338843,-0.363636363636,-0.2,-0.25,-0.268912750482,-0.030542951148,-0.0181818181818,-0.243332138505,-0.0773405703161,-0.0434343434343,-0.250469359339,-0.0345084801933,-0.0111111111111,0.0866354202056,0.0199894662943,0.329545454545,0.0702479338843,0.0866354202056,0.329545454545,-0.132380952381,-0.133333333333,-4,-0.0242424242424,-0.0344444444444,0,0,0,18,0,2,90,0.9,1,0,0.1,1,0.9,0.947368421053,0.938314863257,0.9,0.9,5,7,0,0,0,0
542,WLNM_dir_neg,0.897959183673,0.585286935287,00:00:01,10,20,11,1172860560,threshold_sweep,0.2,1,0.714285714286,0.833333333333,5,0,2,14,0.714285714286,1,0,0.285714285714,1,0.714285714286,0.833333333333,0.904761904762,0.587301587302,0.769230769231,0.790569415042,0.714285714286,20,13,7,0,20,0,13,0,7,11,20,0.181818181818,3.04338842975,3.63636363636,2,2.5,1.68954001271,0.464623503495,0.245454545455,1.16774841624,0.642261628933,0.336363636364,1.94000937205,1.06700515463,0.536363636364,1.05689877454,0.347276990411,3.54545454545,3.04338842975,1.05689877454,3.54545454545,0.499047619048,0.4,8,0.0484848484848,0.255555555556,11,11,11,1,0,0.0909090909091,0.636363636364,0.272727272727,11,0.118181818182,3.72727272727,2.36363636364,1.3,1.625,1.43336856898,0.6064251638,0.286713286713,0.603022689156,0.510249967747,0.237762237762,1.40129809949,1.18571377649,0.503496503497,2.05382127221,0.551025219373,7,3.72727272727,2.05382127221,7,0,0,0,0,0.22962962963,11,11,11,1,0,0.0909090909091,0.636363636364,0.272727272727,11,18,0.163636363636,3.11363636364,3.27272727273,1.8,2.25,1.42062726223,0.434080552347,0.227272727273,0.924416277737,0.564921058617,0.292929292929,1.68954001271,1.03249667443,0.525252525253,1.14353419474,0.367266456706,3.875,3.11363636364,1.14353419474,3.875,0.366666666667,0.266666666667,4,0.0242424242424,0.221111111111,11,11,11,1,0,0.0909090909091,0.636363636364,0.272727272727,-2,-0.0181818181818,0.0702479338843,-0.363636363636,-0.2,-0.25,-0.268912750482,-0.030542951148,-0.0181818181818,-0.243332138505,-0.0773405703161,-0.0434343434343,-0.250469359339,-0.0345084801933,-0.0111111111111,0.0866354202056,0.0199894662943,0.329545454545,0.0702479338843,0.0866354202056,0.329545454545,-0.132380952381,-0.133333333333,-4,-0.0242424242424,-0.0344444444444,0,0,0,18,0,2,90,0.9,1,0,0.1,1,0.9,0.947368421053,0.938314863257,0.9,0.9,5,7,0,0,0,0
543,WLNM_dir_neg,0.897959183673,0.585286935287,00:00:01,10,20,11,1172860560,threshold_sweep,0.3,1,0.714285714286,0.833333333333,5,0,2,14,0.714285714286,1,0,0.285714285714,1,0.714285714286,0.833333333333,0.904761904762,0.587301587302,0.769230769231,0.790569415042,0.714285714286,20,13,7,0,20,0,13,0,7,11,20,0.181818181818,3.04338842975,3.63636363636,2,2.5,1.68954001271,0.464623503495,0.245454545455,1.16774841624,0.642261628933,0.336363636364,1.94000937205,1.06700515463,0.536363636364,1.05689877454,0.347276990411,3.54545454545,3.04338842975,1.05689877454,3.54545454545,0.499047619048,0.4,8,0.0484848484848,0.255555555556,11,11,11,1,0,0.0909090909091,0.636363636364,0.272727272727,11,0.118181818182,3.72727272727,2.36363636364,1.3,1.625,1.43336856898,0.6064251638,0.286713286713,0.603022689156,0.510249967747,0.237762237762,1.40129809949,1.18571377649,0.503496503497,2.05382127221,0.551025219373,7,3.72727272727,2.05382127221,7,0,0,0,0,0.22962962963,11,11,11,1,0,0.0909090909091,0.636363636364,0.272727272727,11,18,0.163636363636,3.11363636364,3.27272727273,1.8,2.25,1.42062726223,0.434080552347,0.227272727273,0.924416277737,0.564921058617,0.292929292929,1.68954001271,1.03249667443,0.525252525253,1.14353419474,0.367266456706,3.875,3.11363636364,1.14353419474,3.875,0.366666666667,0.266666666667,4,0.0242424242424,0.221111111111,11,11,11,1,0,0.0909090909091,0.636363636364,0.272727272727,-2,-0.0181818181818,0.0702479338843,-0.363636363636,-0.2,-0.25,-0.268912750482,-0.030542951148,-0.0181818181818,-0.243332138505,-0.0773405703161,-0.0434343434343,-0.250469359339,-0.0345084801933,-0.0111111111111,0.0866354202056,0.0199894662943,0.329545454545,0.0702479338843,0.0866354202056,0.329545454545,-0.132380952381,-0.133333333333,-4,-0.0242424242424,-0.0344444444444,0,0,0,18,0,2,90,0.9,1,0,0.1,1,0.9,0.947368421053,0.938314863257,0.9,0.9,5,7,0,0,0,0
544,WLNM_dir_neg,0.897959183673,0.585286935287,00:00:01,10,20,11,1172860560,threshold_sweep,0.4,1,0.714285714286,0.833333333333,5,0,2,14,0.714285714286,1,0,0.285714285714,1,0.714285714286,0.833333333333,0.904761904762,0.587301587302,0.769230769231,0.790569415042,0.714285714286,20,13,7,0,20,0,13,0,7,11,20,0.181818181818,3.04338842975,3.63636363636,2,2.5,1.68954001271,0.464623503495,0.245454545455,1.16774841624,0.642261628933,0.336363636364,1.94000937205,1.06700515463,0.536363636364,1.05689877454,0.347276990411,3.54545454545,3.04338842975,1.05689877454,3.54545454545,0.499047619048,0.4,8,0.0484848484848,0.255555555556,11,11,11,1,0,0.0909090909091,0.636363636364,0.272727272727,11,0.118181818182,3.72727272727,2.36363636364,1.3,1.625,1.43336856898,0.6064251638,0.286713286713,0.603022689156,0.510249967747,0.237762237762,1.40129809949,1.18571377649,0.503496503497,2.05382127221,0.551025219373,7,3.72727272727,2.05382127221,7,0,0,0,0,0.22962962963,11,11,11,1,0,0.0909090909091,0.636363636364,0.272727272727,11,18,0.163636363636,3.11363636364,3.27272727273,1.8,2.25,1.42062726223,0.434080552347,0.227272727273,0.924416277737,0.564921058617,0.292929292929,1.68954001271,1.03249667443,0.525252525253,1.14353419474,0.367266456706,3.875,3.11363636364,1.14353419474,3.875,0.366666666667,0.266666666667,4,0.0242424242424,0.221111111111,11,11,11,1,0,0.0909090909091,0.636363636364,0.272727272727,-2,-0.0181818181818,0.0702479338843,-0.363636363636,-0.2,-0.25,-0.268912750482,-0.030542951148,-0.0181818181818,-0.243332138505,-0.0773405703161,-0.0434343434343,-0.250469359339,-0.0345084801933,-0.0111111111111,0.0866354202056,0.0199894662943,0.329545454545,0.0702479338843,0.0866354202056,0.329545454545,-0.132380952381,-0.133333333333,-4,-0.0242424242424,-0.0344444444444,0,0,0,18,0,2,90,0.9,1,0,0.1,1,0.9,0.947368421053,0.938314863257,0.9,0.9,5,7,0,0,0,0
545,WLNM_dir_neg,0.897959183673,0.585286935287,00:00:01,10,20,11,1172860560,threshold_sweep,0.5,1,0.714285714286,0.833333333333,5,0,2,14,0.714285714286,1,0,0.285714285714,1,0.714285714286,0.833333333333,0.904761904762,0.587301587302,0.769230769231,0.790569415042,0.714285714286,20,13,7,0,20,0,13,0,7,11,20,0.181818181818,3.04338842975,3.63636363636,2,2.5,1.68954001271,0.464623503495,0.245454545455,1.16774841624,0.642261628933,0.336363636364,1.94000937205,1.06700515463,0.536363636364,1.05689877454,0.347276990411,3.54545454545,3.04338842975,1.05689877454,3.54545454545,0.499047619048,0.4,8,0.0484848484848,0.255555555556,11,11,11,1,0,0.0909090909091,0.636363636364,0.272727272727,11,0.118181818182,3.72727272727,2.36363636364,1.3,1.625,1.43336856898,0.6064251638,0.286713286713,0.603022689156,0.510249967747,0.237762237762,1.40129809949,1.18571377649,0.503496503497,2.05382127221,0.551025219373,7,3.72727272727,2.05382127221,7,0,0,0,0,0.22962962963,11,11,11,1,0,0.0909090909091,0.636363636364,0.272727272727,11,18,0.163636363636,3.11363636364,3.27272727273,1.8,2.25,1.42062726223,0.434080552347,0.227272727273,0.924416277737,0.564921058617,0.292929292929,1.68954001271,1.03249667443,0.525252525253,1.14353419474,0.367266456706,3.875,3.11363636364,1.14353419474,3.875,0.366666666667,0.266666666667,4,0.0242424242424,0.221111111111,11,11,11,1,0,0.0909090909091,0.636363636364,0.272727272727,-2,-0.0181818181818,0.0702479338843,-0.363636363636,-0.2,-0.25,-0.268912750482,-0.030542951148,-0.0181818181818,-0.243332138505,-0.0773405703161,-0.0434343434343,-0.250469359339,-0.0345084801933,-0.0111111111111,0.0866354202056,0.0199894662943,0.329545454545,0.0702479338843,0.0866354202056,0.329545454545,-0.132380952381,-0.133333333333,-4,-0.0242424242424,-0.0344444444444,0,0,0,18,0,2,90,0.9,1,0,0.1,1,0.9,0.947368421053,0.938314863257,0.9,0.9,5,7,0,0,0,0
546,WLNM_dir_neg,0.897959183673,0.585286935287,00:00:01,10,20,11,1172860560,threshold_sweep,0.6,1,0.714285714286,0.833333333333,5,0,2,14,0.714285714286,1,0,0.285714285714,1,0.714285714286,0.833333333333,0.904761904762,0.587301587302,0.769230769231,0.790569415042,0.714285714286,20,13,7,0,20,0,13,0,7,11,20,0.181818181818,3.04338842975,3.63636363636,2,2.5,1.68954001271,0.464623503495,0.245454545455,1.16774841624,0.642261628933,0.336363636364,1.94000937205,1.06700515463,0.536363636364,1.05689877454,0.347276990411,3.54545454545,3.04338842975,1.05689877454,3.54545454545,0.499047619048,0.4,8,0.0484848484848,0.255555555556,11,11,11,1,0,0.0909090909091,0.636363636364,0.272727272727,11,0.118181818182,3.72727272727,2.36363636364,1.3,1.625,1.43336856898,0.6064251638,0.286713286713,0.603022689156,0.510249967747,0.237762237762,1.40129809949,1.18571377649,0.503496503497,2.05382127221,0.551025219373,7,3.72727272727,2.05382127221,7,0,0,0,0,0.22962962963,11,11,11,1,0,0.0909090909091,0.636363636364,0.272727272727,11,18,0.163636363636,3.11363636364,3.27272727273,1.8,2.25,1.42062726223,0.434080552347,0.227272727273,0.924416277737,0.564921058617,0.292929292929,1.68954001271,1.03249667443,0.525252525253,1.14353419474,0.367266456706,3.875,3.11363636364,1.14353419474,3.875,0.366666666667,0.266666666667,4,0.0242424242424,0.221111111111,11,11,11,1,0,0.0909090909091,0.636363636364,0.272727272727,-2,-0.0181818181818,0.0702479338843,-0.363636363636,-0.2,-0.25,-0.268912750482,-0.030542951148,-0.0181818181818,-0.243332138505,-0.0773405703161,-0.0434343434343,-0.250469359339,-0.0345084801933,-0.0111111111111,0.0866354202056,0.0199894662943,0.329545454545,0.0702479338843,0.0866354202056,0.329545454545,-0.132380952381,-0.133333333333,-4,-0.0242424242424,-0.0344444444444,0,0,0,18,0,2,90,0.9,1,0,0.1,1,0.9,0.947368421053,0.938314863257,0.9,0.9,5,7,0,0,0,0
547,WLNM_dir_neg,0.897959183673,0.585286935287,00:00:01,10,20,11,1172860560,threshold_sweep,0.7,1,0.714285714286,0.833333333333,5,0,2,14,0.714285714286,1,0,0.285714285714,1,0.714285714286,0.833333333333,0.904761904762,0.587301587302,0.769230769231,0.790569415042,0.714285714286,20,13,7,0,20,0,13,0,7,11,20,0.181818181818,3.04338842975,3.63636363636,2,2.5,1.68954001271,0.464623503495,0.245454545455,1.16774841624,0.642261628933,0.336363636364,1.94000937205,1.06700515463,0.536363636364,1.05689877454,0.347276990411,3.54545454545,3.04338842975,1.05689877454,3.54545454545,0.499047619048,0.4,8,0.0484848484848,0.255555555556,11,11,11,1,0,0.0909090909091,0.636363636364,0.272727272727,11,0.118181818182,3.72727272727,2.36363636364,1.3,1.625,1.43336856898,0.6064251638,0.286713286713,0.603022689156,0.510249967747,0.237762237762,1.40129809949,1.18571377649,0.503496503497,2.05382127221,0.551025219373,7,3.72727272727,2.05382127221,7,0,0,0,0,0.22962962963,11,11,11,1,0,0.0909090909091,0.636363636364,0.272727272727,11,18,0.163636363636,3.11363636364,3.27272727273,1.8,2.25,1.42062726223,0.434080552347,0.227272727273,0.924416277737,0.564921058617,0.292929292929,1.68954001271,1.03249667443,0.525252525253,1.14353419474,0.367266456706,3.875,3.11363636364,1.14353419474,3.875,0.366666666667,0.266666666667,4,0.0242424242424,0.221111111111,11,11,11,1,0,0.0909090909091,0.636363636364,0.272727272727,-2,-0.0181818181818,0.0702479338843,-0.363636363636,-0.2,-0.25,-0.268912750482,-0.030542951148,-0.0181818181818,-0.243332138505,-0.0773405703161,-0.0434343434343,-0.250469359339,-0.0345084801933,-0.0111111111111,0.0866354202056,0.0199894662943,0.329545454545,0.0702479338843,0.0866354202056,0.329545454545,-0.132380952381,-0.133333333333,-4,-0.0242424242424,-0.0344444444444,0,0,0,18,0,2,90,0.9,1,0,0.1,1,0.9,0.947368421053,0.938314863257,0.9,0.9,5,7,0,0,0,0
548,WLNM_dir_neg,0.897959183673,0.585286935287,00:00:01,10,20,11,1172860560,threshold_sweep,0.8,1,0.571428571429,0.727272727273,4,0,3,14,0.571428571429,1,0,0.428571428571,1,0.571428571429,0.727272727273,0.857142857143,0.603174603175,0.64,0.68599434057,0.571428571429,20,13,7,0,20,0,13,0,7,11,20,0.181818181818,3.04338842975,3.63636363636,2,2.5,1.68954001271,0.464623503495,0.245454545455,1.16774841624,0.642261628933,0.336363636364,1.94000937205,1.06700515463,0.536363636364,1.05689877454,0.347276990411,3.54545454545,3.04338842975,1.05689877454,3.54545454545,0.499047619048,0.4,8,0.0484848484848,0.255555555556,11,11,11,1,0,0.0909090909091,0.636363636364,0.272727272727,11,0.118181818182,3.72727272727,2.36363636364,1.3,1.625,1.43336856898,0.6064251638,0.286713286713,0.603022689156,0.510249967747,0.237762237762,1.40129809949,1.18571377649,0.503496503497,2.05382127221,0.551025219373,7,3.72727272727,2.05382127221,7,0,0,0,0,0.22962962963,11,11,11,1,0,0.0909090909091,0.636363636364,0.272727272727,11,17,0.154545454545,3.15909090909,3.09090909091,1.7,2.125,1.30034960334,0.420701342257,0.208556149733,0.820199532265,0.530717344407,0.267379679144,1.57249078621,1.01749403814,0.513368983957,1.21589847064,0.38488872452,4,3.15909090909,1.21589847064,4,0.296666666667,0.230769230769,3,0.0181818181818,0.203703703704,11,11,11,1,0,0.0909090909091,0.636363636364,0.272727272727,-3,-0.0272727272727,0.115702479339,-0.545454545455,-0.3,-0.375,-0.389190409368,-0.0439221612377,-0.0368983957219,-0.347548883978,-0.111544284527,-0.0689839572193,-0.367518585835,-0.0495111164884,-0.0229946524064,0.158999696105,0.0376117341084,0.454545454545,0.115702479339,0.158999696105,0.454545454545,-0.202380952381,-0.169230769231,-5,-0.030303030303,-0.0518518518519,0,0,0,17,0,3,90,0.85,1,0,0.15,1,0.85,0.918918918919,0.906962317388,0.85,0.85,4,7,0,0,0,0
549,WLNM_dir_neg,0.897959183673,0.585286935287,00:00:01,10,20,11,1172860560,threshold_sweep,0.9,1,0.571428571429,0.727272727273,4,0,3,14,0.571428571429,1,0,0.428571428571,1,0.571428571429,0.727272727273,0.857142857143,0.603174603175,0.64,0.68599434057,0.571428571429,20,13,7,0,20,0,13,0,7,11,20,0.181818181818,3.04338842975,3.63636363636,2,2.5,1.68954001271,0.464623503495,0.245454545455,1.16774841624,0.642261628933,0.336363636364,1.94000937205,1.06700515463,0.536363636364,1.05689877454,0.347276990411,3.54545454545,3.04338842975,1.05689877454,3.54545454545,0.499047619048,0.4,8,0.0484848484848,0.255555555556,11,11,11,1,0,0.0909090909091,0.636363636364,0.272727272727,11,0.118181818182,3.72727272727,2.36363636364,1.3,1.625,1.43336856898,0.6064251638,0.286713286713,0.603022689156,0.510249967747,0.237762237762,1.40129809949,1.18571377649,0.503496503497,2.05382127221,0.551025219373,7,3.72727272727,2.05382127221,7,0,0,0,0,0.22962962963,11,11,11,1,0,0.0909090909091,0.636363636364,0.272727272727,11,17,0.154545454545,3.15909090909,3.09090909091,1.7,2.125,1.30034960334,0.420701342257,0.208556149733,0.820199532265,0.530717344407,0.267379679144,1.57249078621,1.01749403814,0.513368983957,1.21589847064,0.38488872452,4,3.15909090909,1.21589847064,4,0.296666666667,0.230769230769,3,0.0181818181818,0.203703703704,11,11,11,1,0,0.0909090909091,0.636363636364,0.272727272727,-3,-0.0272727272727,0.115702479339,-0.545454545455,-0.3,-0.375,-0.389190409368,-0.0439221612377,-0.0368983957219,-0.347548883978,-0.111544284527,-0.0689839572193,-0.367518585835,-0.0495111164884,-0.0229946524064,0.158999696105,0.0376117341084,0.454545454545,0.115702479339,0.158999696105,0.454545454545,-0.202380952381,-0.169230769231,-5,-0.030303030303,-0.0518518518519,0,0,0,17,0,3,90,0.85,1,0,0.15,1,0.85,0.918918918919,0.906962317388,0.85,0.85,4,7,0,0,0,0
550,WLNM_dir_neg,0.857142857143,0.512595737596,00:00:03,10,20,12,1172860561,threshold_sweep,0.1,0.833333333333,0.714285714286,0.769230769231,5,1,2,13,0.714285714286,0.928571428571,0.0714285714286,0.285714285714,0.833333333333,0.714285714286,0.769230769231,0.857142857143,0.571428571429,0.666666666667,0.67082039325,0.642857142857,20,13,7,0,20,0,13,0,7,11,20,0.181818181818,3.04338842975,3.63636363636,2,2.5,1.68954001271,0.464623503495,0.245454545455,1.16774841624,0.642261628933,0.336363636364,1.94000937205,1.06700515463,0.536363636364,1.05689877454,0.347276990411,3.54545454545,3.04338842975,1.05689877454,3.54545454545,0.499047619048,0.4,8,0.0484848484848,0.255555555556,11,11,11,1,0,0.0909090909091,0.636363636364,0.272727272727,11,0.118181818182,3.72727272727,2.36363636364,1.3,1.625,1.43336856898,0.6064251638,0.286713286713,0.603022689156,0.510249967747,0.237762237762,1.40129809949,1.18571377649,0.503496503497,2.05382127221,0.551025219373,7,3.72727272727,2.05382127221,7,0,0,0,0,0.22962962963,11,11,11,1,0,0.0909090909091,0.636363636364,0.272727272727,11,19,0.172727272727,5.99715909091,3.45454545455,1.9,2.375,1.69491217257,0.490632471007,0.253588516746,0.904534033733,0.523677598477,0.267942583732,1.67874411933,0.971904490138,0.507177033493,2.14896661873,0.35833076731,7.5,5.99715909091,2.14896661873,7.5,0.432380952381,0.333333333333,6,0.0363636363636,0.219259259259,11,11,11,1,0,0.0909090909091,0.636363636364,0.272727272727,-1,-0.00909090909091,2.95377066116,-0.181818181818,-0.1,-0.125,0.00537215986117,0.0260089675122,0.00813397129187,-0.263214382509,-0.118584030456,-0.0684210526316,-0.26126525272,-0.0951006644889,-0.0291866028708,1.09206784419,0.0110537768992,3.95454545455,2.95377066116,1.09206784419,3.95454545455,-0.0666666666667,-0.0666666666667,-2,-0.0121212121212,-0.0362962962963,0,0,0,18,1,2,89,0.9,0.988888888889,0.0111111111111,0.1,0.947368421053,0.9,0.923076923077,0.906956031802,0.888888888889,0.857142857143,6,7,0,0,0,0
551,WLNM_dir_neg,0.857142857143,0.512595737596,00:00:03,10,20,12,1172860561,threshold_sweep,0.2,0.833333333333,0.714285714286,0.769230769231,5,1,2,13,0.714285714286,0.928571428571,0.0714285714286,0.285714285714,0.833333333333,0.714285714286,0.769230769231,0.857142857143,0.571428571429,0.666666666667,0.67082039325,0.642857142857,20,13,7,0,20,0,13,0,7,11,20,0.181818181818,3.04338842975,3.63636363636,2,2.5,1.68954001271,0.464623503495,0.245454545455,1.16774841624,0.642261628933,0.336363636364,1.94000937205,1.06700515463,0.536363636364,1.05689877454,0.347276990411,3.54545454545,3.04338842975,1.05689877454,3.54545454545,0.499047619048,0.4,8,0.0484848484848,0.255555555556,11,11,11,1,0,0.0909090909091,0.636363636364,0.272727272727,11,0.118181818182,3.72727272727,2.36363636364,1.3,1.625,1.43336856898,0.6064251638,0.286713286713,0.603022689156,0.510249967747,0.237762237762,1.40129809949,1.18571377649,0.503496503497,2.05382127221,0.551025219373,7,3.72727272727,2.05382127221,7,0,0,0,0,0.22962962963,11,11,11,1,0,0.0909090909091,0.636363636364,0.272727272727,11,19,0.172727272727,5.99715909091,3.45454545455,1.9,2.375,1.69491217257,0.490632471007,0.253588516746,0.904534033733,0.523677598477,0.267942583732,1.67874411933,0.971904490138,0.507177033493,2.14896661873,0.35833076731,7.5,5.99715909091,2.14896661873,7.5,0.432380952381,0.333333333333,6,0.0363636363636,0.219259259259,11,11,11,1,0,0.0909090909091,0.636363636364,0.272727272727,-1,-0.00909090909091,2.95377066116,-0.181818181818,-0.1,-0.125,0.00537215986117,0.0260089675122,0.00813397129187,-0.263214382509,-0.118584030456,-0.0684210526316,-0.26126525272,-0.0951006644889,-0.0291866028708,1.09206784419,0.0110537768992,3.95454545455,2.95377066116,1.09206784419,3.95454545455,-0.0666666666667,-0.0666666666667,-2,-0.0121212121212,-0.0362962962963,0,0,0,18,1,2,89,0.9,0.988888888889,0.0111111111111,0.1,0.947368421053,0.9,0.923076923077,0.906956031802,0.888888888889,0.857142857143,6,7,0,0,0,0
552,WLNM_dir_neg,0.857142857143,0.512595737596,00:00:03,10,20,12,1172860561,threshold_sweep,0.3,0.833333333333,0.714285714286,0.769230769231,5,1,2,13,0.714285714286,0.928571428571,0.0714285714286,0.285714285714,0.833333333333,0.714285714286,0.769230769231,0.857142857143,0.571428571429,0.666666666667,0.67082039325,0.642857142857,20,13,7,0,20,0,13,0,7,11,20,0.181818181818,3.04338842975,3.63636363636,2,2.5,1.68954001271,0.464623503495,0.245454545455,1.16774841624,0.642261628933,0.336363636364,1.94000937205,1.06700515463,0.536363636364,1.05689877454,0.347276990411,3.54545454545,3.04338842975,1.05689877454,3.54545454545,0.499047619048,0.4,8,0.0484848484848,0.255555555556,11,11,11,1,0,0.0909090909091,0.636363636364,0.272727272727,11,0.118181818182,3.72727272727,2.36363636364,1.3,1.625,1.43336856898,0.6064251638,0.286713286713,0.603022689156,0.510249967747,0.237762237762,1.40129809949,1.18571377649,0.503496503497,2.05382127221,0.551025219373,7,3.72727272727,2.05382127221,7,0,0,0,0,0.22962962963,11,11,11,1,0,0.0909090909091,0.636363636364,0.272727272727,11,19,0.172727272727,5.99715909091,3.45454545455,1.9,2.375,1.69491217257,0.490632471007,0.253588516746,0.904534033733,0.523677598477,0.267942583732,1.67874411933,0.971904490138,0.507177033493,2.14896661873,0.35833076731,7.5,5.99715909091,2.14896661873,7.5,0.432380952381,0.333333333333,6,0.0363636363636,0.219259259259,11,11,11,1,0,0.0909090909091,0.636363636364,0.272727272727,-1,-0.00909090909091,2.95377066116,-0.181818181818,-0.1,-0.125,0.00537215986117,0.0260089675122,0.00813397129187,-0.263214382509,-0.118584030456,-0.0684210526316,-0.26126525272,-0.0951006644889,-0.0291866028708,1.09206784419,0.0110537768992,3.95454545455,2.95377066116,1.09206784419,3.95454545455,-0.0666666666667,-0.0666666666667,-2,-0.0121212121212,-0.0362962962963,0,0,0,18,1,2,89,0.9,0.988888888889,0.0111111111111,0.1,0.947368421053,0.9,0.923076923077,0.906956031802,0.888888888889,0.857142857143,6,7,0,0,0,0
553,WLNM_dir_neg,0.857142857143,0.512595737596,00:00:03,10,20,12,1172860561,threshold_sweep,0.4,0.833333333333,0.714285714286,0.769230769231,5,1,2,13,0.714285714286,0.928571428571,0.0714285714286,0.285714285714,0.833333333333,0.714285714286,0.769230769231,0.857142857143,0.571428571429,0.666666666667,0.67082039325,0.642857142857,20,13,7,0,20,0,13,0,7,11,20,0.181818181818,3.04338842975,3.63636363636,2,2.5,1.68954001271,0.464623503495,0.245454545455,1.16774841624,0.642261628933,0.336363636364,1.94000937205,1.06700515463,0.536363636364,1.05689877454,0.347276990411,3.54545454545,3.04338842975,1.05689877454,3.54545454545,0.499047619048,0.4,8,0.0484848484848,0.255555555556,11,11,11,1,0,0.0909090909091,0.636363636364,0.272727272727,11,0.118181818182,3.72727272727,2.36363636364,1.3,1.625,1.43336856898,0.6064251638,0.286713286713,0.603022689156,0.510249967747,0.237762237762,1.40129809949,1.18571377649,0.503496503497,2.05382127221,0.551025219373,7,3.72727272727,2.05382127221,7,0,0,0,0,0.22962962963,11,11,11,1,0,0.0909090909091,0.636363636364,0.272727272727,11,19,0.172727272727,5.99715909091,3.45454545455,1.9,2.375,1.69491217257,0.490632471007,0.253588516746,0.904534033733,0.523677598477,0.267942583732,1.67874411933,0.971904490138,0.507177033493,2.14896661873,0.35833076731,7.5,5.99715909091,2.14896661873,7.5,0.432380952381,0.333333333333,6,0.0363636363636,0.219259259259,11,11,11,1,0,0.0909090909091,0.636363636364,0.272727272727,-1,-0.00909090909091,2.95377066116,-0.181818181818,-0.1,-0.125,0.00537215986117,0.0260089675122,0.00813397129187,-0.263214382509,-0.118584030456,-0.0684210526316,-0.26126525272,-0.0951006644889,-0.0291866028708,1.09206784419,0.0110537768992,3.95454545455,2.95377066116,1.09206784419,3.95454545455,-0.0666666666667,-0.0666666666667,-2,-0.0121212121212,-0.0362962962963,0,0,0,18,1,2,89,0.9,0.988888888889,0.0111111111111,0.1,0.947368421053,0.9,0.923076923077,0.906956031802,0.888888888889,0.857142857143,6,7,0,0,0,0
554,WLNM_dir_neg,0.857142857143,0.512595737596,00:00:03,10,20,12,1172860561,threshold_sweep,0.5,0.833333333333,0.714285714286,0.769230769231,5,1,2,13,0.714285714286,0.928571428571,0.0714285714286,0.285714285714,0.833333333333,0.714285714286,0.769230769231,0.857142857143,0.571428571429,0.666666666667,0.67082039325,0.642857142857,20,13,7,0,20,0,13,0,7,11,20,0.181818181818,3.04338842975,3.63636363636,2,2.5,1.68954001271,0.464623503495,0.245454545455,1.16774841624,0.642261628933,0.336363636364,1.94000937205,1.06700515463,0.536363636364,1.05689877454,0.347276990411,3.54545454545,3.04338842975,1.05689877454,3.54545454545,0.499047619048,0.4,8,0.0484848484848,0.255555555556,11,11,11,1,0,0.0909090909091,0.636363636364,0.272727272727,11,0.118181818182,3.72727272727,2.36363636364,1.3,1.625,1.43336856898,0.6064251638,0.286713286713,0.603022689156,0.510249967747,0.237762237762,1.40129809949,1.18571377649,0.503496503497,2.05382127221,0.551025219373,7,3.72727272727,2.05382127221,7,0,0,0,0,0.22962962963,11,11,11,1,0,0.0909090909091,0.636363636364,0.272727272727,11,19,0.172727272727,5.99715909091,3.45454545455,1.9,2.375,1.69491217257,0.490632471007,0.253588516746,0.904534033733,0.523677598477,0.267942583732,1.67874411933,0.971904490138,0.507177033493,2.14896661873,0.35833076731,7.5,5.99715909091,2.14896661873,7.5,0.432380952381,0.333333333333,6,0.0363636363636,0.219259259259,11,11,11,1,0,0.0909090909091,0.636363636364,0.272727272727,-1,-0.00909090909091,2.95377066116,-0.181818181818,-0.1,-0.125,0.00537215986117,0.0260089675122,0.00813397129187,-0.263214382509,-0.118584030456,-0.0684210526316,-0.26126525272,-0.0951006644889,-0.0291866028708,1.09206784419,0.0110537768992,3.95454545455,2.95377066116,1.09206784419,3.95454545455,-0.0666666666667,-0.0666666666667,-2,-0.0121212121212,-0.0362962962963,0,0,0,18,1,2,89,0.9,0.988888888889,0.0111111111111,0.1,0.947368421053,0.9,0.923076923077,0.906956031802,0.888888888889,0.857142857143,6,7,0,0,0,0
555,WLNM_dir_neg,0.857142857143,0.512595737596,00:00:03,10,20,12,1172860561,threshold_sweep,0.6,0.833333333333,0.714285714286,0.769230769231,5,1,2,13,0.714285714286,0.928571428571,0.0714285714286,0.285714285714,0.833333333333,0.714285714286,0.769230769231,0.857142857143,0.571428571429,0.666666666667,0.67082039325,0.642857142857,20,13,7,0,20,0,13,0,7,11,20,0.181818181818,3.04338842975,3.63636363636,2,2.5,1.68954001271,0.464623503495,0.245454545455,1.16774841624,0.642261628933,0.336363636364,1.94000937205,1.06700515463,0.536363636364,1.05689877454,0.347276990411,3.54545454545,3.04338842975,1.05689877454,3.54545454545,0.499047619048,0.4,8,0.0484848484848,0.255555555556,11,11,11,1,0,0.0909090909091,0.636363636364,0.272727272727,11,0.118181818182,3.72727272727,2.36363636364,1.3,1.625,1.43336856898,0.6064251638,0.286713286713,0.603022689156,0.510249967747,0.237762237762,1.40129809949,1.18571377649,0.503496503497,2.05382127221,0.551025219373,7,3.72727272727,2.05382127221,7,0,0,0,0,0.22962962963,11,11,11,1,0,0.0909090909091,0.636363636364,0.272727272727,11,19,0.172727272727,5.99715909091,3.45454545455,1.9,2.375,1.69491217257,0.490632471007,0.253588516746,0.904534033733,0.523677598477,0.267942583732,1.67874411933,0.971904490138,0.507177033493,2.14896661873,0.35833076731,7.5,5.99715909091,2.14896661873,7.5,0.432380952381,0.333333333333,6,0.0363636363636,0.219259259259,11,11,11,1,0,0.0909090909091,0.636363636364,0.272727272727,-1,-0.00909090909091,2.95377066116,-0.181818181818,-0.1,-0.125,0.00537215986117,0.0260089675122,0.00813397129187,-0.263214382509,-0.118584030456,-0.0684210526316,-0.26126525272,-0.0951006644889,-0.0291866028708,1.09206784419,0.0110537768992,3.95454545455,2.95377066116,1.09206784419,3.95454545455,-0.0666666666667,-0.0666666666667,-2,-0.0121212121212,-0.0362962962963,0,0,0,18,1,2,89,0.9,0.988888888889,0.0111111111111,0.1,0.947368421053,0.9,0.923076923077,0.906956031802,0.888888888889,0.857142857143,6,7,0,0,0,0
556,WLNM_dir_neg,0.857142857143,0.512595737596,00:00:03,10,20,12,1172860561,threshold_sweep,0.7,0.833333333333,0.714285714286,0.769230769231,5,1,2,13,0.714285714286,0.928571428571,0.0714285714286,0.285714285714,0.833333333333,0.714285714286,0.769230769231,0.857142857143,0.571428571429,0.666666666667,0.67082039325,0.642857142857,20,13,7,0,20,0,13,0,7,11,20,0.181818181818,3.04338842975,3.63636363636,2,2.5,1.68954001271,0.464623503495,0.245454545455,1.16774841624,0.642261628933,0.336363636364,1.94000937205,1.06700515463,0.536363636364,1.05689877454,0.347276990411,3.54545454545,3.04338842975,1.05689877454,3.54545454545,0.499047619048,0.4,8,0.0484848484848,0.255555555556,11,11,11,1,0,0.0909090909091,0.636363636364,0.272727272727,11,0.118181818182,3.72727272727,2.36363636364,1.3,1.625,1.43336856898,0.6064251638,0.286713286713,0.603022689156,0.510249967747,0.237762237762,1.40129809949,1.18571377649,0.503496503497,2.05382127221,0.551025219373,7,3.72727272727,2.05382127221,7,0,0,0,0,0.22962962963,11,11,11,1,0,0.0909090909091,0.636363636364,0.272727272727,11,19,0.172727272727,5.99715909091,3.45454545455,1.9,2.375,1.69491217257,0.490632471007,0.253588516746,0.904534033733,0.523677598477,0.267942583732,1.67874411933,0.971904490138,0.507177033493,2.14896661873,0.35833076731,7.5,5.99715909091,2.14896661873,7.5,0.432380952381,0.333333333333,6,0.0363636363636,0.219259259259,11,11,11,1,0,0.0909090909091,0.636363636364,0.272727272727,-1,-0.00909090909091,2.95377066116,-0.181818181818,-0.1,-0.125,0.00537215986117,0.0260089675122,0.00813397129187,-0.263214382509,-0.118584030456,-0.0684210526316,-0.26126525272,-0.0951006644889,-0.0291866028708,1.09206784419,0.0110537768992,3.95454545455,2.95377066116,1.09206784419,3.95454545455,-0.0666666666667,-0.0666666666667,-2,-0.0121212121212,-0.0362962962963,0,0,0,18,1,2,89,0.9,0.988888888889,0.0111111111111,0.1,0.947368421053,0.9,0.923076923077,0.906956031802,0.888888888889,0.857142857143,6,7,0,0,0,0
557,WLNM_dir_neg,0.857142857143,0.512595737596,00:00:03,10,20,12,1172860561,threshold_sweep,0.8,0.833333333333,0.714285714286,0.769230769231,5,1,2,13,0.714285714286,0.928571428571,0.0714285714286,0.285714285714,0.833333333333,0.714285714286,0.769230769231,0.857142857143,0.571428571429,0.666666666667,0.67082039325,0.642857142857,20,13,7,0,20,0,13,0,7,11,20,0.181818181818,3.04338842975,3.63636363636,2,2.5,1.68954001271,0.464623503495,0.245454545455,1.16774841624,0.642261628933,0.336363636364,1.94000937205,1.06700515463,0.536363636364,1.05689877454,0.347276990411,3.54545454545,3.04338842975,1.05689877454,3.54545454545,0.499047619048,0.4,8,0.0484848484848,0.255555555556,11,11,11,1,0,0.0909090909091,0.636363636364,0.272727272727,11,0.118181818182,3.72727272727,2.36363636364,1.3,1.625,1.43336856898,0.6064251638,0.286713286713,0.603022689156,0.510249967747,0.237762237762,1.40129809949,1.18571377649,0.503496503497,2.05382127221,0.551025219373,7,3.72727272727,2.05382127221,7,0,0,0,0,0.22962962963,11,11,11,1,0,0.0909090909091,0.636363636364,0.272727272727,11,19,0.172727272727,5.99715909091,3.45454545455,1.9,2.375,1.69491217257,0.490632471007,0.253588516746,0.904534033733,0.523677598477,0.267942583732,1.67874411933,0.971904490138,0.507177033493,2.14896661873,0.35833076731,7.5,5.99715909091,2.14896661873,7.5,0.432380952381,0.333333333333,6,0.0363636363636,0.219259259259,11,11,11,1,0,0.0909090909091,0.636363636364,0.272727272727,-1,-0.00909090909091,2.95377066116,-0.181818181818,-0.1,-0.125,0.00537215986117,0.0260089675122,0.00813397129187,-0.263214382509,-0.118584030456,-0.0684210526316,-0.26126525272,-0.0951006644889,-0.0291866028708,1.09206784419,0.0110537768992,3.95454545455,2.95377066116,1.09206784419,3.95454545455,-0.0666666666667,-0.0666666666667,-2,-0.0121212121212,-0.0362962962963,0,0,0,18,1,2,89,0.9,0.988888888889,0.0111111111111,0.1,0.947368421053,0.9,0.923076923077,0.906956031802,0.888888888889,0.857142857143,6,7,0,0,0,0
558,WLNM_dir_neg,0.857142857143,0.512595737596,00:00:03,10,20,12,1172860561,threshold_sweep,0.9,0.833333333333,0.714285714286,0.769230769231,5,1,2,13,0.714285714286,0.928571428571,0.0714285714286,0.285714285714,0.833333333333,0.714285714286,0.769230769231,0.857142857143,0.571428571429,0.666666666667,0.67082039325,0.642857142857,20,13,7,0,20,0,13,0,7,11,20,0.181818181818,3.04338842975,3.63636363636,2,2.5,1.68954001271,0.464623503495,0.245454545455,1.16774841624,0.642261628933,0.336363636364,1.94000937205,1.06700515463,0.536363636364,1.05689877454,0.347276990411,3.54545454545,3.04338842975,1.05689877454,3.54545454545,0.499047619048,0.4,8,0.0484848484848,0.255555555556,11,11,11,1,0,0.0909090909091,0.636363636364,0.272727272727,11,0.118181818182,3.72727272727,2.36363636364,1.3,1.625,1.43336856898,0.6064251638,0.286713286713,0.603022689156,0.510249967747,0.237762237762,1.40129809949,1.18571377649,0.503496503497,2.05382127221,0.551025219373,7,3.72727272727,2.05382127221,7,0,0,0,0,0.22962962963,11,11,11,1,0,0.0909090909091,0.636363636364,0.272727272727,11,19,0.172727272727,5.99715909091,3.45454545455,1.9,2.375,1.69491217257,0.490632471007,0.253588516746,0.904534033733,0.523677598477,0.267942583732,1.67874411933,0.971904490138,0.507177033493,2.14896661873,0.35833076731,7.5,5.99715909091,2.14896661873,7.5,0.432380952381,0.333333333333,6,0.0363636363636,0.219259259259,11,11,11,1,0,0.0909090909091,0.636363636364,0.272727272727,-1,-0.00909090909091,2.95377066116,-0.181818181818,-0.1,-0.125,0.00537215986117,0.0260089675122,0.00813397129187,-0.263214382509,-0.118584030456,-0.0684210526316,-0.26126525272,-0.0951006644889,-0.0291866028708,1.09206784419,0.0110537768992,3.95454545455,2.95377066116,1.09206784419,3.95454545455,-0.0666666666667,-0.0666666666667,-2,-0.0121212121212,-0.0362962962963,0,0,0,18,1,2,89,0.9,0.988888888889,0.0111111111111,0.1,0.947368421053,0.9,0.923076923077,0.906956031802,0.888888888889,0.857142857143,6,7,0,0,0,0
559,WLNM_dir_neg,0.918367346939,0.618001046572,00:00:02,10,20,13,1172860562,threshold_sweep,0.1,0.833333333333,0.714285714286,0.769230769231,5,1,2,13,0.714285714286,0.928571428571,0.0714285714286,0.285714285714,0.833333333333,0.714285714286,0.769230769231,0.857142857143,0.571428571429,0.666666666667,0.67082039325,0.642857142857,20,13,7,0,20,0,13,0,7,11,20,0.181818181818,3.04338842975,3.63636363636,2,2.5,1.68954001271,0.464623503495,0.245454545455,1.16774841624,0.642261628933,0.336363636364,1.94000937205,1.06700515463,0.536363636364,1.05689877454,0.347276990411,3.54545454545,3.04338842975,1.05689877454,3.54545454545,0.499047619048,0.4,8,0.0484848484848,0.255555555556,11,11,11,1,0,0.0909090909091,0.636363636364,0.272727272727,11,0.118181818182,3.72727272727,2.36363636364,1.3,1.625,1.43336856898,0.6064251638,0.286713286713,0.603022689156,0.510249967747,0.237762237762,1.40129809949,1.18571377649,0.503496503497,2.05382127221,0.551025219373,7,3.72727272727,2.05382127221,7,0,0,0,0,0.22962962963,11,11,11,1,0,0.0909090909091,0.636363636364,0.272727272727,11,19,0.172727272727,3.17045454545,3.45454545455,1.9,2.375,1.43969693781,0.416754376733,0.215311004785,1.00904995822,0.584186817916,0.306220095694,1.67874411933,0.971904490138,0.507177033493,1.19278131807,0.376217763404,3.875,3.17045454545,1.19278131807,3.875,0.41,0.3,5,0.030303030303,0.223703703704,11,11,11,1,0,0.0909090909091,0.636363636364,0.272727272727,-1,-0.00909090909091,0.127066115702,-0.181818181818,-0.1,-0.125,-0.249843074903,-0.0478691267618,-0.0301435406699,-0.158698458023,-0.058074811017,-0.0301435406699,-0.26126525272,-0.0951006644889,-0.0291866028708,0.135882543529,0.028940772993,0.329545454545,0.127066115702,0.135882543529,0.329545454545,-0.0890476190476,-0.1,-3,-0.0181818181818,-0.0318518518519,0,0,0,18,1,2,89,0.9,0.988888888889,0.0111111111111,0.1,0.947368421053,0.9,0.923076923077,0.906956031802,0.888888888889,0.857142857143,6,7,0,0,0,0
560,WLNM_dir_neg,0.918367346939,0.618001046572,00:00:02,10,20,13,1172860562,threshold_sweep,0.2,0.833333333333,0.714285714286,0.769230769231,5,1,2,13,0.714285714286,0.928571428571,0.0714285714286,0.285714285714,0.833333333333,0.714285714286,0.769230769231,0.857142857143,0.571428571429,0.666666666667,0.67082039325,0.642857142857,20,13,7,0,20,0,13,0,7,11,20,0.181818181818,3.04338842975,3.63636363636,2,2.5,1.68954001271,0.464623503495,0.245454545455,1.16774841624,0.642261628933,0.336363636364,1.94000937205,1.06700515463,0.536363636364,1.05689877454,0.347276990411,3.54545454545,3.04338842975,1.05689877454,3.54545454545,0.499047619048,0.4,8,0.0484848484848,0.255555555556,11,11,11,1,0,0.0909090909091,0.636363636364,0.272727272727,11,0.118181818182,3.72727272727,2.36363636364,1.3,1.625,1.43336856898,0.6064251638,0.286713286713,0.603022689156,0.510249967747,0.237762237762,1.40129809949,1.18571377649,0.503496503497,2.05382127221,0.551025219373,7,3.72727272727,2.05382127221,7,0,0,0,0,0.22962962963,11,11,11,1,0,0.0909090909091,0.636363636364,0.272727272727,11,19,0.172727272727,3.17045454545,3.45454545455,1.9,2.375,1.43969693781,0.416754376733,0.215311004785,1.00904995822,0.584186817916,0.306220095694,1.67874411933,0.971904490138,0.507177033493,1.19278131807,0.376217763404,3.875,3.17045454545,1.19278131807,3.875,0.41,0.3,5,0.030303030303,0.223703703704,11,11,11,1,0,0.0909090909091,0.636363636364,0.272727272727,-1,-0.00909090909091,0.127066115702,-0.181818181818,-0.1,-0.125,-0.249843074903,-0.0478691267618,-0.0301435406699,-0.158698458023,-0.058074811017,-0.0301435406699,-0.26126525272,-0.0951006644889,-0.0291866028708,0.135882543529,0.028940772993,0.329545454545,0.127066115702,0.135882543529,0.329545454545,-0.0890476190476,-0.1,-3,-0.0181818181818,-0.0318518518519,0,0,0,18,1,2,89,0.9,0.988888888889,0.0111111111111,0.1,0.947368421053,0.9,0.923076923077,0.906956031802,0.888888888889,0.857142857143,6,7,0,0,0,0
561,WLNM_dir_neg,0.918367346939,0.618001046572,00:00:02,10,20,13,1172860562,threshold_sweep,0.3,0.833333333333,0.714285714286,0.769230769231,5,1,2,13,0.714285714286,0.928571428571,0.0714285714286,0.285714285714,0.833333333333,0.714285714286,0.769230769231,0.857142857143,0.571428571429,0.666666666667,0.67082039325,0.642857142857,20,13,7,0,20,0,13,0,7,11,20,0.181818181818,3.04338842975,3.63636363636,2,2.5,1.68954001271,0.464623503495,0.245454545455,1.16774841624,0.642261628933,0.336363636364,1.94000937205,1.06700515463,0.536363636364,1.05689877454,0.347276990411,3.54545454545,3.04338842975,1.05689877454,3.54545454545,0.499047619048,0.4,8,0.0484848484848,0.255555555556,11,11,11,1,0,0.0909090909091,0.636363636364,0.272727272727,11,0.118181818182,3.72727272727,2.36363636364,1.3,1.625,1.43336856898,0.6064251638,0.286713286713,0.603022689156,0.510249967747,0.237762237762,1.40129809949,1.18571377649,0.503496503497,2.05382127221,0.551025219373,7,3.72727272727,2.05382127221,7,0,0,0,0,0.22962962963,11,11,11,1,0,0.0909090909091,0.636363636364,0.272727272727,11,19,0.172727272727,3.17045454545,3.45454545455,1.9,2.375,1.43969693781,0.416754376733,0.215311004785,1.00904995822,0.584186817916,0.306220095694,1.67874411933,0.971904490138,0.507177033493,1.19278131807,0.376217763404,3.875,3.17045454545,1.19278131807,3.875,0.41,0.3,5,0.030303030303,0.223703703704,11,11,11,1,0,0.0909090909091,0.636363636364,0.272727272727,-1,-0.00909090909091,0.127066115702,-0.181818181818,-0.1,-0.125,-0.249843074903,-0.0478691267618,-0.0301435406699,-0.158698458023,-0.058074811017,-0.0301435406699,-0.26126525272,-0.0951006644889,-0.0291866028708,0.135882543529,0.028940772993,0.329545454545,0.127066115702,0.135882543529,0.329545454545,-0.0890476190476,-0.1,-3,-0.0181818181818,-0.0318518518519,0,0,0,18,1,2,89,0.9,0.988888888889,0.0111111111111,0.1,0.947368421053,0.9,0.923076923077,0.906956031802,0.888888888889,0.857142857143,6,7,0,0,0,0
562,WLNM_dir_neg,0.918367346939,0.618001046572,00:00:02,10,20,13,1172860562,threshold_sweep,0.4,0.833333333333,0.714285714286,0.769230769231,5,1,2,13,0.714285714286,0.928571428571,0.0714285714286,0.285714285714,0.833333333333,0.714285714286,0.769230769231,0.857142857143,0.571428571429,0.666666666667,0.67082039325,0.642857142857,20,13,7,0,20,0,13,0,7,11,20,0.181818181818,3.04338842975,3.63636363636,2,2.5,1.68954001271,0.464623503495,0.245454545455,1.16774841624,0.642261628933,0.336363636364,1.94000937205,1.06700515463,0.536363636364,1.05689877454,0.347276990411,3.54545454545,3.04338842975,1.05689877454,3.54545454545,0.499047619048,0.4,8,0.0484848484848,0.255555555556,11,11,11,1,0,0.0909090909091,0.636363636364,0.272727272727,11,0.118181818182,3.72727272727,2.36363636364,1.3,1.625,1.43336856898,0.6064251638,0.286713286713,0.603022689156,0.510249967747,0.237762237762,1.40129809949,1.18571377649,0.503496503497,2.05382127221,0.551025219373,7,3.72727272727,2.05382127221,7,0,0,0,0,0.22962962963,11,11,11,1,0,0.0909090909091,0.636363636364,0.272727272727,11,19,0.172727272727,3.17045454545,3.45454545455,1.9,2.375,1.43969693781,0.416754376733,0.215311004785,1.00904995822,0.584186817916,0.306220095694,1.67874411933,0.971904490138,0.507177033493,1.19278131807,0.376217763404,3.875,3.17045454545,1.19278131807,3.875,0.41,0.3,5,0.030303030303,0.223703703704,11,11,11,1,0,0.0909090909091,0.636363636364,0.272727272727,-1,-0.00909090909091,0.127066115702,-0.181818181818,-0.1,-0.125,-0.249843074903,-0.0478691267618,-0.0301435406699,-0.158698458023,-0.058074811017,-0.0301435406699,-0.26126525272,-0.0951006644889,-0.0291866028708,0.135882543529,0.028940772993,0.329545454545,0.127066115702,0.135882543529,0.329545454545,-0.0890476190476,-0.1,-3,-0.0181818181818,-0.0318518518519,0,0,0,18,1,2,89,0.9,0.988888888889,0.0111111111111,0.1,0.947368421053,0.9,0.923076923077,0.906956031802,0.888888888889,0.857142857143,6,7,0,0,0,0
563,WLNM_dir_neg,0.918367346939,0.618001046572,00:00:02,10,20,13,1172860562,threshold_sweep,0.5,0.833333333333,0.714285714286,0.769230769231,5,1,2,13,0.714285714286,0.928571428571,0.0714285714286,0.285714285714,0.833333333333,0.714285714286,0.769230769231,0.857142857143,0.571428571429,0.666666666667,0.67082039325,0.642857142857,20,13,7,0,20,0,13,0,7,11,20,0.181818181818,3.04338842975,3.63636363636,2,2.5,1.68954001271,0.464623503495,0.245454545455,1.16774841624,0.642261628933,0.336363636364,1.94000937205,1.06700515463,0.536363636364,1.05689877454,0.347276990411,3.54545454545,3.04338842975,1.05689877454,3.54545454545,0.499047619048,0.4,8,0.0484848484848,0.255555555556,11,11,11,1,0,0.0909090909091,0.636363636364,0.272727272727,11,0.118181818182,3.72727272727,2.36363636364,1.3,1.625,1.43336856898,0.6064251638,0.286713286713,0.603022689156,0.510249967747,0.237762237762,1.40129809949,1.18571377649,0.503496503497,2.05382127221,0.551025219373,7,3.72727272727,2.05382127221,7,0,0,0,0,0.22962962963,11,11,11,1,0,0.0909090909091,0.636363636364,0.272727272727,11,19,0.172727272727,3.17045454545,3.45454545455,1.9,2.375,1.43969693781,0.416754376733,0.215311004785,1.00904995822,0.584186817916,0.306220095694,1.67874411933,0.971904490138,0.507177033493,1.19278131807,0.376217763404,3.875,3.17045454545,1.19278131807,3.875,0.41,0.3,5,0.030303030303,0.223703703704,11,11,11,1,0,0.0909090909091,0.636363636364,0.272727272727,-1,-0.00909090909091,0.127066115702,-0.181818181818,-0.1,-0.125,-0.249843074903,-0.0478691267618,-0.0301435406699,-0.158698458023,-0.058074811017,-0.0301435406699,-0.26126525272,-0.0951006644889,-0.0291866028708,0.135882543529,0.028940772993,0.329545454545,0.127066115702,0.135882543529,0.329545454545,-0.0890476190476,-0.1,-3,-0.0181818181818,-0.0318518518519,0,0,0,18,1,2,89,0.9,0.988888888889,0.0111111111111,0.1,0.947368421053,0.9,0.923076923077,0.906956031802,0.888888888889,0.857142857143,6,7,0,0,0,0
564,WLNM_dir_neg,0.918367346939,0.618001046572,00:00:02,10,20,13,1172860562,threshold_sweep,0.6,0.833333333333,0.714285714286,0.769230769231,5,1,2,13,0.714285714286,0.928571428571,0.0714285714286,0.285714285714,0.833333333333,0.714285714286,0.769230769231,0.857142857143,0.571428571429,0.666666666667,0.67082039325,0.642857142857,20,13,7,0,20,0,13,0,7,11,20,0.181818181818,3.04338842975,3.63636363636,2,2.5,1.68954001271,0.464623503495,0.245454545455,1.16774841624,0.642261628933,0.336363636364,1.94000937205,1.06700515463,0.536363636364,1.05689877454,0.347276990411,3.54545454545,3.04338842975,1.05689877454,3.54545454545,0.499047619048,0.4,8,0.0484848484848,0.255555555556,11,11,11,1,0,0.0909090909091,0.636363636364,0.272727272727,11,0.118181818182,3.72727272727,2.36363636364,1.3,1.625,1.43336856898,0.6064251638,0.286713286713,0.603022689156,0.510249967747,0.237762237762,1.40129809949,1.18571377649,0.503496503497,2.05382127221,0.551025219373,7,3.72727272727,2.05382127221,7,0,0,0,0,0.22962962963,11,11,11,1,0,0.0909090909091,0.636363636364,0.272727272727,11,19,0.172727272727,3.17045454545,3.45454545455,1.9,2.375,1.43969693781,0.416754376733,0.215311004785,1.00904995822,0.584186817916,0.306220095694,1.67874411933,0.971904490138,0.507177033493,1.19278131807,0.376217763404,3.875,3.17045454545,1.19278131807,3.875,0.41,0.3,5,0.030303030303,0.223703703704,11,11,11,1,0,0.0909090909091,0.636363636364,0.272727272727,-1,-0.00909090909091,0.127066115702,-0.181818181818,-0.1,-0.125,-0.249843074903,-0.0478691267618,-0.0301435406699,-0.158698458023,-0.058074811017,-0.0301435406699,-0.26126525272,-0.0951006644889,-0.0291866028708,0.135882543529,0.028940772993,0.329545454545,0.127066115702,0.135882543529,0.329545454545,-0.0890476190476,-0.1,-3,-0.0181818181818,-0.0318518518519,0,0,0,18,1,2,89,0.9,0.988888888889,0.0111111111111,0.1,0.947368421053,0.9,0.923076923077,0.906956031802,0.888888888889,0.857142857143,6,7,0,0,0,0
565,WLNM_dir_neg,0.918367346939,0.618001046572,00:00:02,10,20,13,1172860562,threshold_sweep,0.7,0.833333333333,0.714285714286,0.769230769231,5,1,2,13,0.714285714286,0.928571428571,0.0714285714286,0.285714285714,0.833333333333,0.714285714286,0.769230769231,0.857142857143,0.571428571429,0.666666666667,0.67082039325,0.642857142857,20,13,7,0,20,0,13,0,7,11,20,0.181818181818,3.04338842975,3.63636363636,2,2.5,1.68954001271,0.464623503495,0.245454545455,1.16774841624,0.642261628933,0.336363636364,1.94000937205,1.06700515463,0.536363636364,1.05689877454,0.347276990411,3.54545454545,3.04338842975,1.05689877454,3.54545454545,0.499047619048,0.4,8,0.0484848484848,0.255555555556,11,11,11,1,0,0.0909090909091,0.636363636364,0.272727272727,11,0.118181818182,3.72727272727,2.36363636364,1.3,1.625,1.43336856898,0.6064251638,0.286713286713,0.603022689156,0.510249967747,0.237762237762,1.40129809949,1.18571377649,0.503496503497,2.05382127221,0.551025219373,7,3.72727272727,2.05382127221,7,0,0,0,0,0.22962962963,11,11,11,1,0,0.0909090909091,0.636363636364,0.272727272727,11,19,0.172727272727,3.17045454545,3.45454545455,1.9,2.375,1.43969693781,0.416754376733,0.215311004785,1.00904995822,0.584186817916,0.306220095694,1.67874411933,0.971904490138,0.507177033493,1.19278131807,0.376217763404,3.875,3.17045454545,1.19278131807,3.875,0.41,0.3,5,0.030303030303,0.223703703704,11,11,11,1,0,0.0909090909091,0.636363636364,0.272727272727,-1,-0.00909090909091,0.127066115702,-0.181818181818,-0.1,-0.125,-0.249843074903,-0.0478691267618,-0.0301435406699,-0.158698458023,-0.058074811017,-0.0301435406699,-0.26126525272,-0.0951006644889,-0.0291866028708,0.135882543529,0.028940772993,0.329545454545,0.127066115702,0.135882543529,0.329545454545,-0.0890476190476,-0.1,-3,-0.0181818181818,-0.0318518518519,0,0,0,18,1,2,89,0.9,0.988888888889,0.0111111111111,0.1,0.947368421053,0.9,0.923076923077,0.906956031802,0.888888888889,0.857142857143,6,7,0,0,0,0
566,WLNM_dir_neg,0.918367346939,0.618001046572,00:00:02,10,20,13,1172860562,threshold_sweep,0.8,0.833333333333,0.714285714286,0.769230769231,5,1,2,13,0.714285714286,0.928571428571,0.0714285714286,0.285714285714,0.833333333333,0.714285714286,0.769230769231,0.857142857143,0.571428571429,0.666666666667,0.67082039325,0.642857142857,20,13,7,0,20,0,13,0,7,11,20,0.181818181818,3.04338842975,3.63636363636,2,2.5,1.68954001271,0.464623503495,0.245454545455,1.16774841624,0.642261628933,0.336363636364,1.94000937205,1.06700515463,0.536363636364,1.05689877454,0.347276990411,3.54545454545,3.04338842975,1.05689877454,3.54545454545,0.499047619048,0.4,8,0.0484848484848,0.255555555556,11,11,11,1,0,0.0909090909091,0.636363636364,0.272727272727,11,0.118181818182,3.72727272727,2.36363636364,1.3,1.625,1.43336856898,0.6064251638,0.286713286713,0.603022689156,0.510249967747,0.237762237762,1.40129809949,1.18571377649,0.503496503497,2.05382127221,0.551025219373,7,3.72727272727,2.05382127221,7,0,0,0,0,0.22962962963,11,11,11,1,0,0.0909090909091,0.636363636364,0.272727272727,11,19,0.172727272727,3.17045454545,3.45454545455,1.9,2.375,1.43969693781,0.416754376733,0.215311004785,1.00904995822,0.584186817916,0.306220095694,1.67874411933,0.971904490138,0.507177033493,1.19278131807,0.376217763404,3.875,3.17045454545,1.19278131807,3.875,0.41,0.3,5,0.030303030303,0.223703703704,11,11,11,1,0,0.0909090909091,0.636363636364,0.272727272727,-1,-0.00909090909091,0.127066115702,-0.181818181818,-0.1,-0.125,-0.249843074903,-0.0478691267618,-0.0301435406699,-0.158698458023,-0.058074811017,-0.0301435406699,-0.26126525272,-0.0951006644889,-0.0291866028708,0.135882543529,0.028940772993,0.329545454545,0.127066115702,0.135882543529,0.329545454545,-0.0890476190476,-0.1,-3,-0.0181818181818,-0.0318518518519,0,0,0,18,1,2,89,0.9,0.988888888889,0.0111111111111,0.1,0.947368421053,0.9,0.923076923077,0.906956031802,0.888888888889,0.857142857143,6,7,0,0,0,0
567,WLNM_dir_neg,0.918367346939,0.618001046572,00:00:02,10,20,13,1172860562,threshold_sweep,0.9,0.833333333333,0.714285714286,0.769230769231,5,1,2,13,0.714285714286,0.928571428571,0.0714285714286,0.285714285714,0.833333333333,0.714285714286,0.769230769231,0.857142857143,0.571428571429,0.666666666667,0.67082039325,0.642857142857,20,13,7,0,20,0,13,0,7,11,20,0.181818181818,3.04338842975,3.63636363636,2,2.5,1.68954001271,0.464623503495,0.245454545455,1.16774841624,0.642261628933,0.336363636364,1.94000937205,1.06700515463,0.536363636364,1.05689877454,0.347276990411,3.54545454545,3.04338842975,1.05689877454,3.54545454545,0.499047619048,0.4,8,0.0484848484848,0.255555555556,11,11,11,1,0,0.0909090909091,0.636363636364,0.272727272727,11,0.118181818182,3.72727272727,2.36363636364,1.3,1.625,1.43336856898,0.6064251638,0.286713286713,0.603022689156,0.510249967747,0.237762237762,1.40129809949,1.18571377649,0.503496503497,2.05382127221,0.551025219373,7,3.72727272727,2.05382127221,7,0,0,0,0,0.22962962963,11,11,11,1,0,0.0909090909091,0.636363636364,0.272727272727,11,19,0.172727272727,3.17045454545,3.45454545455,1.9,2.375,1.43969693781,0.416754376733,0.215311004785,1.00904995822,0.584186817916,0.306220095694,1.67874411933,0.971904490138,0.507177033493,1.19278131807,0.376217763404,3.875,3.17045454545,1.19278131807,3.875,0.41,0.3,5,0.030303030303,0.223703703704,11,11,11,1,0,0.0909090909091,0.636363636364,0.272727272727,-1,-0.00909090909091,0.127066115702,-0.181818181818,-0.1,-0.125,-0.249843074903,-0.0478691267618,-0.0301435406699,-0.158698458023,-0.058074811017,-0.0301435406699,-0.26126525272,-0.0951006644889,-0.0291866028708,0.135882543529,0.028940772993,0.329545454545,0.127066115702,0.135882543529,0.329545454545,-0.0890476190476,-0.1,-3,-0.0181818181818,-0.0318518518519,0,0,0,18,1,2,89,0.9,0.988888888889,0.0111111111111,0.1,0.947368421053,0.9,0.923076923077,0.906956031802,0.888888888889,0.857142857143,6,7,0,0,0,0
568,WLNM_dir_neg,0.918367346939,0.76085818943,00:00:02,10,20,14,1172860563,threshold_sweep,0.1,0.75,0.857142857143,0.8,6,2,1,12,0.857142857143,0.857142857143,0.142857142857,0.142857142857,0.75,0.857142857143,0.8,0.857142857143,0.539682539683,0.689655172414,0.693375245282,0.714285714286,20,13,7,0,20,0,13,0,7,11,20,0.181818181818,3.04338842975,3.63636363636,2,2.5,1.68954001271,0.464623503495,0.245454545455,1.16774841624,0.642261628933,0.336363636364,1.94000937205,1.06700515463,0.536363636364,1.05689877454,0.347276990411,3.54545454545,3.04338842975,1.05689877454,3.54545454545,0.499047619048,0.4,8,0.0484848484848,0.255555555556,11,11,11,1,0,0.0909090909091,0.636363636364,0.272727272727,11,0.118181818182,3.72727272727,2.36363636364,1.3,1.625,1.43336856898,0.6064251638,0.286713286713,0.603022689156,0.510249967747,0.237762237762,1.40129809949,1.18571377649,0.503496503497,2.05382127221,0.551025219373,7,3.72727272727,2.05382127221,7,0,0,0,0,0.22962962963,11,11,11,1,0,0.0909090909091,0.636363636364,0.272727272727,11,21,0.190909090909,NaN,3.81818181818,1.90909090909,2.625,1.72152152575,0.450874685317,0.238095238095,0.943879807449,0.494413232473,0.251082251082,2.02259958739,1.05945692673,0.536796536797,NaN,NaN,NaN,NaN,NaN,NaN,0.457142857143,0.358208955224,8,0.0484848484848,0.229696969697,11,11,0,1,2,0,0.727272727273,0.272727272727,1,0.00909090909091,NaN,0.181818181818,-0.0909090909091,0.125,0.0319815130454,-0.0137488181784,-0.00735930735931,-0.223868608794,-0.14784839646,-0.0852813852814,0.0825902153411,-0.00754822789877,0.0004329004329,NaN,NaN,NaN,NaN,NaN,NaN,-0.0419047619048,-0.0417910447761,0,0,-0.0258585858586,-0.0909090909091,0.0909090909091,0,19,2,1,88,0.95,0.977777777778,0.0222222222222,0.05,0.904761904762,0.95,0.926829268293,0.910490812697,0.927777777778,0.863636363636,8,7,0,0,0,0
569,WLNM_dir_neg,0.918367346939,0.76085818943,00:00:02,10,20,14,1172860563,threshold_sweep,0.2,0.75,0.857142857143,0.8,6,2,1,12,0.857142857143,0.857142857143,0.142857142857,0.142857142857,0.75,0.857142857143,0.8,0.857142857143,0.539682539683,0.689655172414,0.693375245282,0.714285714286,20,13,7,0,20,0,13,0,7,11,20,0.181818181818,3.04338842975,3.63636363636,2,2.5,1.68954001271,0.464623503495,0.245454545455,1.16774841624,0.642261628933,0.336363636364,1.94000937205,1.06700515463,0.536363636364,1.05689877454,0.347276990411,3.54545454545,3.04338842975,1.05689877454,3.54545454545,0.499047619048,0.4,8,0.0484848484848,0.255555555556,11,11,11,1,0,0.0909090909091,0.636363636364,0.272727272727,11,0.118181818182,3.72727272727,2.36363636364,1.3,1.625,1.43336856898,0.6064251638,0.286713286713,0.603022689156,0.510249967747,0.237762237762,1.40129809949,1.18571377649,0.503496503497,2.05382127221,0.551025219373,7,3.72727272727,2.05382127221,7,0,0,0,0,0.22962962963,11,11,11,1,0,0.0909090909091,0.636363636364,0.272727272727,11,21,0.190909090909,NaN,3.81818181818,1.90909090909,2.625,1.72152152575,0.450874685317,0.238095238095,0.943879807449,0.494413232473,0.251082251082,2.02259958739,1.05945692673,0.536796536797,NaN,NaN,NaN,NaN,NaN,NaN,0.457142857143,0.358208955224,8,0.0484848484848,0.229696969697,11,11,0,1,2,0,0.727272727273,0.272727272727,1,0.00909090909091,NaN,0.181818181818,-0.0909090909091,0.125,0.0319815130454,-0.0137488181784,-0.00735930735931,-0.223868608794,-0.14784839646,-0.0852813852814,0.0825902153411,-0.00754822789877,0.0004329004329,NaN,NaN,NaN,NaN,NaN,NaN,-0.0419047619048,-0.0417910447761,0,0,-0.0258585858586,-0.0909090909091,0.0909090909091,0,19,2,1,88,0.95,0.977777777778,0.0222222222222,0.05,0.904761904762,0.95,0.926829268293,0.910490812697,0.927777777778,0.863636363636,8,7,0,0,0,0
570,WLNM_dir_neg,0.918367346939,0.76085818943,00:00:02,10,20,14,1172860563,threshold_sweep,0.3,0.857142857143,0.857142857143,0.857142857143,6,1,1,13,0.857142857143,0.928571428571,0.0714285714286,0.142857142857,0.857142857143,0.857142857143,0.857142857143,0.904761904762,0.555555555556,0.785714285714,0.785714285714,0.785714285714,20,13,7,0,20,0,13,0,7,11,20,0.181818181818,3.04338842975,3.63636363636,2,2.5,1.68954001271,0.464623503495,0.245454545455,1.16774841624,0.642261628933,0.336363636364,1.94000937205,1.06700515463,0.536363636364,1.05689877454,0.347276990411,3.54545454545,3.04338842975,1.05689877454,3.54545454545,0.499047619048,0.4,8,0.0484848484848,0.255555555556,11,11,11,1,0,0.0909090909091,0.636363636364,0.272727272727,11,0.118181818182,3.72727272727,2.36363636364,1.3,1.625,1.43336856898,0.6064251638,0.286713286713,0.603022689156,0.510249967747,0.237762237762,1.40129809949,1.18571377649,0.503496503497,2.05382127221,0.551025219373,7,3.72727272727,2.05382127221,7,0,0,0,0,0.22962962963,11,11,11,1,0,0.0909090909091,0.636363636364,0.272727272727,11,20,0.181818181818,3.12373737374,3.63636363636,2,2.5,1.62927758671,0.448051336344,0.231818181818,1.07871977994,0.593295878968,0.309090909091,1.8877596149,1.03826778819,0.527272727273,1.14882949263,0.367774033211,3.75,3.12373737374,1.14882949263,3.75,0.475714285714,0.35593220339,7,0.0424242424242,0.251111111111,11,11,11,1,0,0.0909090909091,0.636363636364,0.272727272727,0,0,0.0803489439853,0,0,0,-0.0602624260023,-0.0165721671506,-0.0136363636364,-0.0890286363011,-0.0489657499656,-0.0272727272727,-0.0522497571515,-0.0287373664333,-0.00909090909091,0.0919307180957,0.0204970428001,0.204545454545,0.0803489439853,0.0919307180957,0.204545454545,-0.0233333333333,-0.0440677966102,-1,-0.00606060606061,-0.00444444444444,0,0,0,19,1,1,89,0.95,0.988888888889,0.0111111111111,0.05,0.95,0.95,0.95,0.938888888889,0.938888888889,0.904761904762,7,7,0,0,0,0
571,WLNM_dir_neg,0.918367346939,0.76085818943,00:00:02,10,20,14,1172860563,threshold_sweep,0.4,0.833333333333,0.714285714286,0.769230769231,5,1,2,13,0.714285714286,0.928571428571,0.0714285714286,0.285714285714,0.833333333333,0.714285714286,0.769230769231,0.857142857143,0.571428571429,0.666666666667,0.67082039325,0.642857142857,20,13,7,0,20,0,13,0,7,11,20,0.181818181818,3.04338842975,3.63636363636,2,2.5,1.68954001271,0.464623503495,0.245454545455,1.16774841624,0.642261628933,0.336363636364,1.94000937205,1.06700515463,0.536363636364,1.05689877454,0.347276990411,3.54545454545,3.04338842975,1.05689877454,3.54545454545,0.499047619048,0.4,8,0.0484848484848,0.255555555556,11,11,11,1,0,0.0909090909091,0.636363636364,0.272727272727,11,0.118181818182,3.72727272727,2.36363636364,1.3,1.625,1.43336856898,0.6064251638,0.286713286713,0.603022689156,0.510249967747,0.237762237762,1.40129809949,1.18571377649,0.503496503497,2.05382127221,0.551025219373,7,3.72727272727,2.05382127221,7,0,0,0,0,0.22962962963,11,11,11,1,0,0.0909090909091,0.636363636364,0.272727272727,11,19,0.172727272727,3.17045454545,3.45454545455,1.9,2.375,1.43969693781,0.416754376733,0.215311004785,1.00904995822,0.584186817916,0.306220095694,1.67874411933,0.971904490138,0.507177033493,1.19278131807,0.376217763404,3.875,3.17045454545,1.19278131807,3.875,0.41,0.3,5,0.030303030303,0.223703703704,11,11,11,1,0,0.0909090909091,0.636363636364,0.272727272727,-1,-0.00909090909091,0.127066115702,-0.181818181818,-0.1,-0.125,-0.249843074903,-0.0478691267618,-0.0301435406699,-0.158698458023,-0.058074811017,-0.0301435406699,-0.26126525272,-0.0951006644889,-0.0291866028708,0.135882543529,0.028940772993,0.329545454545,0.127066115702,0.135882543529,0.329545454545,-0.0890476190476,-0.1,-3,-0.0181818181818,-0.0318518518519,0,0,0,18,1,2,89,0.9,0.988888888889,0.0111111111111,0.1,0.947368421053,0.9,0.923076923077,0.906956031802,0.888888888889,0.857142857143,6,7,0,0,0,0
572,WLNM_dir_neg,0.918367346939,0.76085818943,00:00:02,10,20,14,1172860563,threshold_sweep,0.5,0.833333333333,0.714285714286,0.769230769231,5,1,2,13,0.714285714286,0.928571428571,0.0714285714286,0.285714285714,0.833333333333,0.714285714286,0.769230769231,0.857142857143,0.571428571429,0.666666666667,0.67082039325,0.642857142857,20,13,7,0,20,0,13,0,7,11,20,0.181818181818,3.04338842975,3.63636363636,2,2.5,1.68954001271,0.464623503495,0.245454545455,1.16774841624,0.642261628933,0.336363636364,1.94000937205,1.06700515463,0.536363636364,1.05689877454,0.347276990411,3.54545454545,3.04338842975,1.05689877454,3.54545454545,0.499047619048,0.4,8,0.0484848484848,0.255555555556,11,11,11,1,0,0.0909090909091,0.636363636364,0.272727272727,11,0.118181818182,3.72727272727,2.36363636364,1.3,1.625,1.43336856898,0.6064251638,0.286713286713,0.603022689156,0.510249967747,0.237762237762,1.40129809949,1.18571377649,0.503496503497,2.05382127221,0.551025219373,7,3.72727272727,2.05382127221,7,0,0,0,0,0.22962962963,11,11,11,1,0,0.0909090909091,0.636363636364,0.272727272727,11,19,0.172727272727,3.17045454545,3.45454545455,1.9,2.375,1.43969693781,0.416754376733,0.215311004785,1.00904995822,0.584186817916,0.306220095694,1.67874411933,0.971904490138,0.507177033493,1.19278131807,0.376217763404,3.875,3.17045454545,1.19278131807,3.875,0.41,0.3,5,0.030303030303,0.223703703704,11,11,11,1,0,0.0909090909091,0.636363636364,0.272727272727,-1,-0.00909090909091,0.127066115702,-0.181818181818,-0.1,-0.125,-0.249843074903,-0.0478691267618,-0.0301435406699,-0.158698458023,-0.058074811017,-0.0301435406699,-0.26126525272,-0.0951006644889,-0.0291866028708,0.135882543529,0.028940772993,0.329545454545,0.127066115702,0.135882543529,0.329545454545,-0.0890476190476,-0.1,-3,-0.0181818181818,-0.0318518518519,0,0,0,18,1,2,89,0.9,0.988888888889,0.0111111111111,0.1,0.947368421053,0.9,0.923076923077,0.906956031802,0.888888888889,0.857142857143,6,7,0,0,0,0
573,WLNM_dir_neg,0.918367346939,0.76085818943,00:00:02,10,20,14,1172860563,threshold_sweep,0.6,0.833333333333,0.714285714286,0.769230769231,5,1,2,13,0.714285714286,0.928571428571,0.0714285714286,0.285714285714,0.833333333333,0.714285714286,0.769230769231,0.857142857143,0.571428571429,0.666666666667,0.67082039325,0.642857142857,20,13,7,0,20,0,13,0,7,11,20,0.181818181818,3.04338842975,3.63636363636,2,2.5,1.68954001271,0.464623503495,0.245454545455,1.16774841624,0.642261628933,0.336363636364,1.94000937205,1.06700515463,0.536363636364,1.05689877454,0.347276990411,3.54545454545,3.04338842975,1.05689877454,3.54545454545,0.499047619048,0.4,8,0.0484848484848,0.255555555556,11,11,11,1,0,0.0909090909091,0.636363636364,0.272727272727,11,0.118181818182,3.72727272727,2.36363636364,1.3,1.625,1.43336856898,0.6064251638,0.286713286713,0.603022689156,0.510249967747,0.237762237762,1.40129809949,1.18571377649,0.503496503497,2.05382127221,0.551025219373,7,3.72727272727,2.05382127221,7,0,0,0,0,0.22962962963,11,11,11,1,0,0.0909090909091,0.636363636364,0.272727272727,11,19,0.172727272727,3.17045454545,3.45454545455,1.9,2.375,1.43969693781,0.416754376733,0.215311004785,1.00904995822,0.584186817916,0.306220095694,1.67874411933,0.971904490138,0.507177033493,1.19278131807,0.376217763404,3.875,3.17045454545,1.19278131807,3.875,0.41,0.3,5,0.030303030303,0.223703703704,11,11,11,1,0,0.0909090909091,0.636363636364,0.272727272727,-1,-0.00909090909091,0.127066115702,-0.181818181818,-0.1,-0.125,-0.249843074903,-0.0478691267618,-0.0301435406699,-0.158698458023,-0.058074811017,-0.0301435406699,-0.26126525272,-0.0951006644889,-0.0291866028708,0.135882543529,0.028940772993,0.329545454545,0.127066115702,0.135882543529,0.329545454545,-0.0890476190476,-0.1,-3,-0.0181818181818,-0.0318518518519,0,0,0,18,1,2,89,0.9,0.988888888889,0.0111111111111,0.1,0.947368421053,0.9,0.923076923077,0.906956031802,0.888888888889,0.857142857143,6,7,0,0,0,0
574,WLNM_dir_neg,0.918367346939,0.76085818943,00:00:02,10,20,14,1172860563,threshold_sweep,0.7,1,0.714285714286,0.833333333333,5,0,2,14,0.714285714286,1,0,0.285714285714,1,0.714285714286,0.833333333333,0.904761904762,0.587301587302,0.769230769231,0.790569415042,0.714285714286,20,13,7,0,20,0,13,0,7,11,20,0.181818181818,3.04338842975,3.63636363636,2,2.5,1.68954001271,0.464623503495,0.245454545455,1.16774841624,0.642261628933,0.336363636364,1.94000937205,1.06700515463,0.536363636364,1.05689877454,0.347276990411,3.54545454545,3.04338842975,1.05689877454,3.54545454545,0.499047619048,0.4,8,0.0484848484848,0.255555555556,11,11,11,1,0,0.0909090909091,0.636363636364,0.272727272727,11,0.118181818182,3.72727272727,2.36363636364,1.3,1.625,1.43336856898,0.6064251638,0.286713286713,0.603022689156,0.510249967747,0.237762237762,1.40129809949,1.18571377649,0.503496503497,2.05382127221,0.551025219373,7,3.72727272727,2.05382127221,7,0,0,0,0,0.22962962963,11,11,11,1,0,0.0909090909091,0.636363636364,0.272727272727,11,18,0.163636363636,3.11363636364,3.27272727273,1.8,2.25,1.42062726223,0.434080552347,0.227272727273,0.924416277737,0.564921058617,0.292929292929,1.68954001271,1.03249667443,0.525252525253,1.14353419474,0.367266456706,3.875,3.11363636364,1.14353419474,3.875,0.366666666667,0.266666666667,4,0.0242424242424,0.221111111111,11,11,11,1,0,0.0909090909091,0.636363636364,0.272727272727,-2,-0.0181818181818,0.0702479338843,-0.363636363636,-0.2,-0.25,-0.268912750482,-0.030542951148,-0.0181818181818,-0.243332138505,-0.0773405703161,-0.0434343434343,-0.250469359339,-0.0345084801933,-0.0111111111111,0.0866354202056,0.0199894662943,0.329545454545,0.0702479338843,0.0866354202056,0.329545454545,-0.132380952381,-0.133333333333,-4,-0.0242424242424,-0.0344444444444,0,0,0,18,0,2,90,0.9,1,0,0.1,1,0.9,0.947368421053,0.938314863257,0.9,0.9,5,7,0,0,0,0
575,WLNM_dir_neg,0.918367346939,0.76085818943,00:00:02,10,20,14,1172860563,threshold_sweep,0.8,1,0.714285714286,0.833333333333,5,0,2,14,0.714285714286,1,0,0.285714285714,1,0.714285714286,0.833333333333,0.904761904762,0.587301587302,0.769230769231,0.790569415042,0.714285714286,20,13,7,0,20,0,13,0,7,11,20,0.181818181818,3.04338842975,3.63636363636,2,2.5,1.68954001271,0.464623503495,0.245454545455,1.16774841624,0.642261628933,0.336363636364,1.94000937205,1.06700515463,0.536363636364,1.05689877454,0.347276990411,3.54545454545,3.04338842975,1.05689877454,3.54545454545,0.499047619048,0.4,8,0.0484848484848,0.255555555556,11,11,11,1,0,0.0909090909091,0.636363636364,0.272727272727,11,0.118181818182,3.72727272727,2.36363636364,1.3,1.625,1.43336856898,0.6064251638,0.286713286713,0.603022689156,0.510249967747,0.237762237762,1.40129809949,1.18571377649,0.503496503497,2.05382127221,0.551025219373,7,3.72727272727,2.05382127221,7,0,0,0,0,0.22962962963,11,11,11,1,0,0.0909090909091,0.636363636364,0.272727272727,11,18,0.163636363636,3.11363636364,3.27272727273,1.8,2.25,1.42062726223,0.434080552347,0.227272727273,0.924416277737,0.564921058617,0.292929292929,1.68954001271,1.03249667443,0.525252525253,1.14353419474,0.367266456706,3.875,3.11363636364,1.14353419474,3.875,0.366666666667,0.266666666667,4,0.0242424242424,0.221111111111,11,11,11,1,0,0.0909090909091,0.636363636364,0.272727272727,-2,-0.0181818181818,0.0702479338843,-0.363636363636,-0.2,-0.25,-0.268912750482,-0.030542951148,-0.0181818181818,-0.243332138505,-0.0773405703161,-0.0434343434343,-0.250469359339,-0.0345084801933,-0.0111111111111,0.0866354202056,0.0199894662943,0.329545454545,0.0702479338843,0.0866354202056,0.329545454545,-0.132380952381,-0.133333333333,-4,-0.0242424242424,-0.0344444444444,0,0,0,18,0,2,90,0.9,1,0,0.1,1,0.9,0.947368421053,0.938314863257,0.9,0.9,5,7,0,0,0,0
576,WLNM_dir_neg,0.918367346939,0.76085818943,00:00:02,10,20,14,1172860563,threshold_sweep,0.9,1,0.714285714286,0.833333333333,5,0,2,14,0.714285714286,1,0,0.285714285714,1,0.714285714286,0.833333333333,0.904761904762,0.587301587302,0.769230769231,0.790569415042,0.714285714286,20,13,7,0,20,0,13,0,7,11,20,0.181818181818,3.04338842975,3.63636363636,2,2.5,1.68954001271,0.464623503495,0.245454545455,1.16774841624,0.642261628933,0.336363636364,1.94000937205,1.06700515463,0.536363636364,1.05689877454,0.347276990411,3.54545454545,3.04338842975,1.05689877454,3.54545454545,0.499047619048,0.4,8,0.0484848484848,0.255555555556,11,11,11,1,0,0.0909090909091,0.636363636364,0.272727272727,11,0.118181818182,3.72727272727,2.36363636364,1.3,1.625,1.43336856898,0.6064251638,0.286713286713,0.603022689156,0.510249967747,0.237762237762,1.40129809949,1.18571377649,0.503496503497,2.05382127221,0.551025219373,7,3.72727272727,2.05382127221,7,0,0,0,0,0.22962962963,11,11,11,1,0,0.0909090909091,0.636363636364,0.272727272727,11,18,0.163636363636,3.11363636364,3.27272727273,1.8,2.25,1.42062726223,0.434080552347,0.227272727273,0.924416277737,0.564921058617,0.292929292929,1.68954001271,1.03249667443,0.525252525253,1.14353419474,0.367266456706,3.875,3.11363636364,1.14353419474,3.875,0.366666666667,0.266666666667,4,0.0242424242424,0.221111111111,11,11,11,1,0,0.0909090909091,0.636363636364,0.272727272727,-2,-0.0181818181818,0.0702479338843,-0.363636363636,-0.2,-0.25,-0.268912750482,-0.030542951148,-0.0181818181818,-0.243332138505,-0.0773405703161,-0.0434343434343,-0.250469359339,-0.0345084801933,-0.0111111111111,0.0866354202056,0.0199894662943,0.329545454545,0.0702479338843,0.0866354202056,0.329545454545,-0.132380952381,-0.133333333333,-4,-0.0242424242424,-0.0344444444444,0,0,0,18,0,2,90,0.9,1,0,0.1,1,0.9,0.947368421053,0.938314863257,0.9,0.9,5,7,0,0,0,0
577,WLNM_dir_neg,0.887755102041,0.557683982684,00:00:02,10,20,15,1172860564,threshold_sweep,0.1,0.833333333333,0.714285714286,0.769230769231,5,1,2,13,0.714285714286,0.928571428571,0.0714285714286,0.285714285714,0.833333333333,0.714285714286,0.769230769231,0.857142857143,0.571428571429,0.666666666667,0.67082039325,0.642857142857,20,13,7,0,20,0,13,0,7,11,20,0.181818181818,3.04338842975,3.63636363636,2,2.5,1.68954001271,0.464623503495,0.245454545455,1.16774841624,0.642261628933,0.336363636364,1.94000937205,1.06700515463,0.536363636364,1.05689877454,0.347276990411,3.54545454545,3.04338842975,1.05689877454,3.54545454545,0.499047619048,0.4,8,0.0484848484848,0.255555555556,11,11,11,1,0,0.0909090909091,0.636363636364,0.272727272727,11,0.118181818182,3.72727272727,2.36363636364,1.3,1.625,1.43336856898,0.6064251638,0.286713286713,0.603022689156,0.510249967747,0.237762237762,1.40129809949,1.18571377649,0.503496503497,2.05382127221,0.551025219373,7,3.72727272727,2.05382127221,7,0,0,0,0,0.22962962963,11,11,11,1,0,0.0909090909091,0.636363636364,0.272727272727,11,19,0.172727272727,3.17803030303,3.45454545455,1.9,2.375,1.43969693781,0.416754376733,0.215311004785,1.00904995822,0.584186817916,0.306220095694,1.67874411933,0.971904490138,0.507177033493,1.20143012424,0.378042375208,3.875,3.17803030303,1.20143012424,3.875,0.393333333333,0.3,5,0.030303030303,0.223703703704,11,11,11,1,0,0.0909090909091,0.636363636364,0.272727272727,-1,-0.00909090909091,0.134641873278,-0.181818181818,-0.1,-0.125,-0.249843074903,-0.0478691267618,-0.0301435406699,-0.158698458023,-0.058074811017,-0.0301435406699,-0.26126525272,-0.0951006644889,-0.0291866028708,0.144531349704,0.0307653847969,0.329545454545,0.134641873278,0.144531349704,0.329545454545,-0.105714285714,-0.1,-3,-0.0181818181818,-0.0318518518519,0,0,0,18,1,2,89,0.9,0.988888888889,0.0111111111111,0.1,0.947368421053,0.9,0.923076923077,0.906956031802,0.888888888889,0.857142857143,6,7,0,0,0,0
578,WLNM_dir_neg,0.887755102041,0.557683982684,00:00:02,10,20,15,1172860564,threshold_sweep,0.2,0.833333333333,0.714285714286,0.769230769231,5,1,2,13,0.714285714286,0.928571428571,0.0714285714286,0.285714285714,0.833333333333,0.714285714286,0.769230769231,0.857142857143,0.571428571429,0.666666666667,0.67082039325,0.642857142857,20,13,7,0,20,0,13,0,7,11,20,0.181818181818,3.04338842975,3.63636363636,2,2.5,1.68954001271,0.464623503495,0.245454545455,1.16774841624,0.642261628933,0.336363636364,1.94000937205,1.06700515463,0.536363636364,1.05689877454,0.347276990411,3.54545454545,3.04338842975,1.05689877454,3.54545454545,0.499047619048,0.4,8,0.0484848484848,0.255555555556,11,11,11,1,0,0.0909090909091,0.636363636364,0.272727272727,11,0.118181818182,3.72727272727,2.36363636364,1.3,1.625,1.43336856898,0.6064251638,0.286713286713,0.603022689156,0.510249967747,0.237762237762,1.40129809949,1.18571377649,0.503496503497,2.05382127221,0.551025219373,7,3.72727272727,2.05382127221,7,0,0,0,0,0.22962962963,11,11,11,1,0,0.0909090909091,0.636363636364,0.272727272727,11,19,0.172727272727,3.17803030303,3.45454545455,1.9,2.375,1.43969693781,0.416754376733,0.215311004785,1.00904995822,0.584186817916,0.306220095694,1.67874411933,0.971904490138,0.507177033493,1.20143012424,0.378042375208,3.875,3.17803030303,1.20143012424,3.875,0.393333333333,0.3,5,0.030303030303,0.223703703704,11,11,11,1,0,0.0909090909091,0.636363636364,0.272727272727,-1,-0.00909090909091,0.134641873278,-0.181818181818,-0.1,-0.125,-0.249843074903,-0.0478691267618,-0.0301435406699,-0.158698458023,-0.058074811017,-0.0301435406699,-0.26126525272,-0.0951006644889,-0.0291866028708,0.144531349704,0.0307653847969,0.329545454545,0.134641873278,0.144531349704,0.329545454545,-0.105714285714,-0.1,-3,-0.0181818181818,-0.0318518518519,0,0,0,18,1,2,89,0.9,0.988888888889,0.0111111111111,0.1,0.947368421053,0.9,0.923076923077,0.906956031802,0.888888888889,0.857142857143,6,7,0,0,0,0
579,WLNM_dir_neg,0.887755102041,0.557683982684,00:00:02,10,20,15,1172860564,threshold_sweep,0.3,0.8,0.571428571429,0.666666666667,4,1,3,13,0.571428571429,0.928571428571,0.0714285714286,0.428571428571,0.8,0.571428571429,0.666666666667,0.809523809524,0.587301587302,0.538461538462,0.553398590529,0.5,20,13,7,0,20,0,13,0,7,11,20,0.181818181818,3.04338842975,3.63636363636,2,2.5,1.68954001271,0.464623503495,0.245454545455,1.16774841624,0.642261628933,0.336363636364,1.94000937205,1.06700515463,0.536363636364,1.05689877454,0.347276990411,3.54545454545,3.04338842975,1.05689877454,3.54545454545,0.499047619048,0.4,8,0.0484848484848,0.255555555556,11,11,11,1,0,0.0909090909091,0.636363636364,0.272727272727,11,0.118181818182,3.72727272727,2.36363636364,1.3,1.625,1.43336856898,0.6064251638,0.286713286713,0.603022689156,0.510249967747,0.237762237762,1.40129809949,1.18571377649,0.503496503497,2.05382127221,0.551025219373,7,3.72727272727,2.05382127221,7,0,0,0,0,0.22962962963,11,11,11,1,0,0.0909090909091,0.636363636364,0.272727272727,11,18,0.163636363636,3.22727272727,3.27272727273,1.8,2.25,1.34839972493,0.412011027061,0.20202020202,0.924416277737,0.564921058617,0.292929292929,1.5666989036,0.957427107756,0.494949494949,1.27207775634,0.394164938585,4,3.22727272727,1.27207775634,4,0.346666666667,0.272727272727,4,0.0242424242424,0.206296296296,11,11,11,1,0,0.0909090909091,0.636363636364,0.272727272727,-2,-0.0181818181818,0.183884297521,-0.363636363636,-0.2,-0.25,-0.341140287783,-0.0526124764342,-0.0434343434343,-0.243332138505,-0.0773405703161,-0.0434343434343,-0.373310468447,-0.10957804687,-0.0414141414141,0.215178981806,0.0468879481737,0.454545454545,0.183884297521,0.215178981806,0.454545454545,-0.152380952381,-0.127272727273,-4,-0.0242424242424,-0.0492592592593,0,0,0,17,1,3,89,0.85,0.988888888889,0.0111111111111,0.15,0.944444444444,0.85,0.894736842105,0.874602125628,0.838888888889,0.809523809524,5,7,0,0,0,0
580,WLNM_dir_neg,0.887755102041,0.557683982684,00:00:02,10,20,15,1172860564,threshold_sweep,0.4,0.8,0.571428571429,0.666666666667,4,1,3,13,0.571428571429,0.928571428571,0.0714285714286,0.428571428571,0.8,0.571428571429,0.666666666667,0.809523809524,0.587301587302,0.538461538462,0.553398590529,0.5,20,13,7,0,20,0,13,0,7,11,20,0.181818181818,3.04338842975,3.63636363636,2,2.5,1.68954001271,0.464623503495,0.245454545455,1.16774841624,0.642261628933,0.336363636364,1.94000937205,1.06700515463,0.536363636364,1.05689877454,0.347276990411,3.54545454545,3.04338842975,1.05689877454,3.54545454545,0.499047619048,0.4,8,0.0484848484848,0.255555555556,11,11,11,1,0,0.0909090909091,0.636363636364,0.272727272727,11,0.118181818182,3.72727272727,2.36363636364,1.3,1.625,1.43336856898,0.6064251638,0.286713286713,0.603022689156,0.510249967747,0.237762237762,1.40129809949,1.18571377649,0.503496503497,2.05382127221,0.551025219373,7,3.72727272727,2.05382127221,7,0,0,0,0,0.22962962963,11,11,11,1,0,0.0909090909091,0.636363636364,0.272727272727,11,18,0.163636363636,3.22727272727,3.27272727273,1.8,2.25,1.34839972493,0.412011027061,0.20202020202,0.924416277737,0.564921058617,0.292929292929,1.5666989036,0.957427107756,0.494949494949,1.27207775634,0.394164938585,4,3.22727272727,1.27207775634,4,0.346666666667,0.272727272727,4,0.0242424242424,0.206296296296,11,11,11,1,0,0.0909090909091,0.636363636364,0.272727272727,-2,-0.0181818181818,0.183884297521,-0.363636363636,-0.2,-0.25,-0.341140287783,-0.0526124764342,-0.0434343434343,-0.243332138505,-0.0773405703161,-0.0434343434343,-0.373310468447,-0.10957804687,-0.0414141414141,0.215178981806,0.0468879481737,0.454545454545,0.183884297521,0.215178981806,0.454545454545,-0.152380952381,-0.127272727273,-4,-0.0242424242424,-0.0492592592593,0,0,0,17,1,3,89,0.85,0.988888888889,0.0111111111111,0.15,0.944444444444,0.85,0.894736842105,0.874602125628,0.838888888889,0.809523809524,5,7,0,0,0,0
581,WLNM_dir_neg,0.887755102041,0.557683982684,00:00:02,10,20,15,1172860564,threshold_sweep,0.5,0.8,0.571428571429,0.666666666667,4,1,3,13,0.571428571429,0.928571428571,0.0714285714286,0.428571428571,0.8,0.571428571429,0.666666666667,0.809523809524,0.587301587302,0.538461538462,0.553398590529,0.5,20,13,7,0,20,0,13,0,7,11,20,0.181818181818,3.04338842975,3.63636363636,2,2.5,1.68954001271,0.464623503495,0.245454545455,1.16774841624,0.642261628933,0.336363636364,1.94000937205,1.06700515463,0.536363636364,1.05689877454,0.347276990411,3.54545454545,3.04338842975,1.05689877454,3.54545454545,0.499047619048,0.4,8,0.0484848484848,0.255555555556,11,11,11,1,0,0.0909090909091,0.636363636364,0.272727272727,11,0.118181818182,3.72727272727,2.36363636364,1.3,1.625,1.43336856898,0.6064251638,0.286713286713,0.603022689156,0.510249967747,0.237762237762,1.40129809949,1.18571377649,0.503496503497,2.05382127221,0.551025219373,7,3.72727272727,2.05382127221,7,0,0,0,0,0.22962962963,11,11,11,1,0,0.0909090909091,0.636363636364,0.272727272727,11,18,0.163636363636,3.22727272727,3.27272727273,1.8,2.25,1.34839972493,0.412011027061,0.20202020202,0.924416277737,0.564921058617,0.292929292929,1.5666989036,0.957427107756,0.494949494949,1.27207775634,0.394164938585,4,3.22727272727,1.27207775634,4,0.346666666667,0.272727272727,4,0.0242424242424,0.206296296296,11,11,11,1,0,0.0909090909091,0.636363636364,0.272727272727,-2,-0.0181818181818,0.183884297521,-0.363636363636,-0.2,-0.25,-0.341140287783,-0.0526124764342,-0.0434343434343,-0.243332138505,-0.0773405703161,-0.0434343434343,-0.373310468447,-0.10957804687,-0.0414141414141,0.215178981806,0.0468879481737,0.454545454545,0.183884297521,0.215178981806,0.454545454545,-0.152380952381,-0.127272727273,-4,-0.0242424242424,-0.0492592592593,0,0,0,17,1,3,89,0.85,0.988888888889,0.0111111111111,0.15,0.944444444444,0.85,0.894736842105,0.874602125628,0.838888888889,0.809523809524,5,7,0,0,0,0
582,WLNM_dir_neg,0.887755102041,0.557683982684,00:00:02,10,20,15,1172860564,threshold_sweep,0.6,0.8,0.571428571429,0.666666666667,4,1,3,13,0.571428571429,0.928571428571,0.0714285714286,0.428571428571,0.8,0.571428571429,0.666666666667,0.809523809524,0.587301587302,0.538461538462,0.553398590529,0.5,20,13,7,0,20,0,13,0,7,11,20,0.181818181818,3.04338842975,3.63636363636,2,2.5,1.68954001271,0.464623503495,0.245454545455,1.16774841624,0.642261628933,0.336363636364,1.94000937205,1.06700515463,0.536363636364,1.05689877454,0.347276990411,3.54545454545,3.04338842975,1.05689877454,3.54545454545,0.499047619048,0.4,8,0.0484848484848,0.255555555556,11,11,11,1,0,0.0909090909091,0.636363636364,0.272727272727,11,0.118181818182,3.72727272727,2.36363636364,1.3,1.625,1.43336856898,0.6064251638,0.286713286713,0.603022689156,0.510249967747,0.237762237762,1.40129809949,1.18571377649,0.503496503497,2.05382127221,0.551025219373,7,3.72727272727,2.05382127221,7,0,0,0,0,0.22962962963,11,11,11,1,0,0.0909090909091,0.636363636364,0.272727272727,11,18,0.163636363636,3.22727272727,3.27272727273,1.8,2.25,1.34839972493,0.412011027061,0.20202020202,0.924416277737,0.564921058617,0.292929292929,1.5666989036,0.957427107756,0.494949494949,1.27207775634,0.394164938585,4,3.22727272727,1.27207775634,4,0.346666666667,0.272727272727,4,0.0242424242424,0.206296296296,11,11,11,1,0,0.0909090909091,0.636363636364,0.272727272727,-2,-0.0181818181818,0.183884297521,-0.363636363636,-0.2,-0.25,-0.341140287783,-0.0526124764342,-0.0434343434343,-0.243332138505,-0.0773405703161,-0.0434343434343,-0.373310468447,-0.10957804687,-0.0414141414141,0.215178981806,0.0468879481737,0.454545454545,0.183884297521,0.215178981806,0.454545454545,-0.152380952381,-0.127272727273,-4,-0.0242424242424,-0.0492592592593,0,0,0,17,1,3,89,0.85,0.988888888889,0.0111111111111,0.15,0.944444444444,0.85,0.894736842105,0.874602125628,0.838888888889,0.809523809524,5,7,0,0,0,0
583,WLNM_dir_neg,0.887755102041,0.557683982684,00:00:02,10,20,15,1172860564,threshold_sweep,0.7,0.8,0.571428571429,0.666666666667,4,1,3,13,0.571428571429,0.928571428571,0.0714285714286,0.428571428571,0.8,0.571428571429,0.666666666667,0.809523809524,0.587301587302,0.538461538462,0.553398590529,0.5,20,13,7,0,20,0,13,0,7,11,20,0.181818181818,3.04338842975,3.63636363636,2,2.5,1.68954001271,0.464623503495,0.245454545455,1.16774841624,0.642261628933,0.336363636364,1.94000937205,1.06700515463,0.536363636364,1.05689877454,0.347276990411,3.54545454545,3.04338842975,1.05689877454,3.54545454545,0.499047619048,0.4,8,0.0484848484848,0.255555555556,11,11,11,1,0,0.0909090909091,0.636363636364,0.272727272727,11,0.118181818182,3.72727272727,2.36363636364,1.3,1.625,1.43336856898,0.6064251638,0.286713286713,0.603022689156,0.510249967747,0.237762237762,1.40129809949,1.18571377649,0.503496503497,2.05382127221,0.551025219373,7,3.72727272727,2.05382127221,7,0,0,0,0,0.22962962963,11,11,11,1,0,0.0909090909091,0.636363636364,0.272727272727,11,18,0.163636363636,3.22727272727,3.27272727273,1.8,2.25,1.34839972493,0.412011027061,0.20202020202,0.924416277737,0.564921058617,0.292929292929,1.5666989036,0.957427107756,0.494949494949,1.27207775634,0.394164938585,4,3.22727272727,1.27207775634,4,0.346666666667,0.272727272727,4,0.0242424242424,0.206296296296,11,11,11,1,0,0.0909090909091,0.636363636364,0.272727272727,-2,-0.0181818181818,0.183884297521,-0.363636363636,-0.2,-0.25,-0.341140287783,-0.0526124764342,-0.0434343434343,-0.243332138505,-0.0773405703161,-0.0434343434343,-0.373310468447,-0.10957804687,-0.0414141414141,0.215178981806,0.0468879481737,0.454545454545,0.183884297521,0.215178981806,0.454545454545,-0.152380952381,-0.127272727273,-4,-0.0242424242424,-0.0492592592593,0,0,0,17,1,3,89,0.85,0.988888888889,0.0111111111111,0.15,0.944444444444,0.85,0.894736842105,0.874602125628,0.838888888889,0.809523809524,5,7,0,0,0,0
584,WLNM_dir_neg,0.887755102041,0.557683982684,00:00:02,10,20,15,1172860564,threshold_sweep,0.8,1,0.571428571429,0.727272727273,4,0,3,14,0.571428571429,1,0,0.428571428571,1,0.571428571429,0.727272727273,0.857142857143,0.603174603175,0.64,0.68599434057,0.571428571429,20,13,7,0,20,0,13,0,7,11,20,0.181818181818,3.04338842975,3.63636363636,2,2.5,1.68954001271,0.464623503495,0.245454545455,1.16774841624,0.642261628933,0.336363636364,1.94000937205,1.06700515463,0.536363636364,1.05689877454,0.347276990411,3.54545454545,3.04338842975,1.05689877454,3.54545454545,0.499047619048,0.4,8,0.0484848484848,0.255555555556,11,11,11,1,0,0.0909090909091,0.636363636364,0.272727272727,11,0.118181818182,3.72727272727,2.36363636364,1.3,1.625,1.43336856898,0.6064251638,0.286713286713,0.603022689156,0.510249967747,0.237762237762,1.40129809949,1.18571377649,0.503496503497,2.05382127221,0.551025219373,7,3.72727272727,2.05382127221,7,0,0,0,0,0.22962962963,11,11,11,1,0,0.0909090909091,0.636363636364,0.272727272727,11,17,0.154545454545,3.15909090909,3.09090909091,1.7,2.125,1.30034960334,0.420701342257,0.208556149733,0.820199532265,0.530717344407,0.267379679144,1.57249078621,1.01749403814,0.513368983957,1.21589847064,0.38488872452,4,3.15909090909,1.21589847064,4,0.296666666667,0.230769230769,3,0.0181818181818,0.203703703704,11,11,11,1,0,0.0909090909091,0.636363636364,0.272727272727,-3,-0.0272727272727,0.115702479339,-0.545454545455,-0.3,-0.375,-0.389190409368,-0.0439221612377,-0.0368983957219,-0.347548883978,-0.111544284527,-0.0689839572193,-0.367518585835,-0.0495111164884,-0.0229946524064,0.158999696105,0.0376117341084,0.454545454545,0.115702479339,0.158999696105,0.454545454545,-0.202380952381,-0.169230769231,-5,-0.030303030303,-0.0518518518519,0,0,0,17,0,3,90,0.85,1,0,0.15,1,0.85,0.918918918919,0.906962317388,0.85,0.85,4,7,0,0,0,0
585,WLNM_dir_neg,0.887755102041,0.557683982684,00:00:02,10,20,15,1172860564,threshold_sweep,0.9,1,0.428571428571,0.6,3,0,4,14,0.428571428571,1,0,0.571428571429,1,0.428571428571,0.6,0.809523809524,0.619047619048,0.5,0.57735026919,0.428571428571,20,13,7,0,20,0,13,0,7,11,20,0.181818181818,3.04338842975,3.63636363636,2,2.5,1.68954001271,0.464623503495,0.245454545455,1.16774841624,0.642261628933,0.336363636364,1.94000937205,1.06700515463,0.536363636364,1.05689877454,0.347276990411,3.54545454545,3.04338842975,1.05689877454,3.54545454545,0.499047619048,0.4,8,0.0484848484848,0.255555555556,11,11,11,1,0,0.0909090909091,0.636363636364,0.272727272727,11,0.118181818182,3.72727272727,2.36363636364,1.3,1.625,1.43336856898,0.6064251638,0.286713286713,0.603022689156,0.510249967747,0.237762237762,1.40129809949,1.18571377649,0.503496503497,2.05382127221,0.551025219373,7,3.72727272727,2.05382127221,7,0,0,0,0,0.22962962963,11,11,11,1,0,0.0909090909091,0.636363636364,0.272727272727,11,16,0.145454545455,3.34090909091,2.90909090909,1.6,2,1.3751033019,0.47269176003,0.238636363636,0.820199532265,0.563887178432,0.284090909091,1.57249078621,1.08108741552,0.522727272727,1.55833535894,0.4664405156,5.5,3.34090909091,1.55833535894,5.5,0.32962962963,0.25,3,0.0181818181818,0.196296296296,11,11,11,1,0,0.0909090909091,0.636363636364,0.272727272727,-4,-0.0363636363636,0.297520661157,-0.727272727273,-0.4,-0.5,-0.314436710805,0.00806825653469,-0.00681818181818,-0.347548883978,-0.0783744505013,-0.0522727272727,-0.367518585835,0.0140822608953,-0.0136363636364,0.501436584399,0.119163525188,1.95454545455,0.297520661157,0.501436584399,1.95454545455,-0.169417989418,-0.15,-5,-0.030303030303,-0.0592592592593,0,0,0,16,0,4,90,0.8,1,0,0.2,1,0.8,0.888888888889,0.875189948987,0.8,0.8,3,7,0,0,0,0
586,WLNM_dir_neg,0.836734693878,0.552950725745,00:00:02,10,20,16,1172860565,threshold_sweep,0.1,1,0.714285714286,0.833333333333,5,0,2,14,0.714285714286,1,0,0.285714285714,1,0.714285714286,0.833333333333,0.904761904762,0.587301587302,0.769230769231,0.790569415042,0.714285714286,20,13,7,0,20,0,13,0,7,11,20,0.181818181818,3.04338842975,3.63636363636,2,2.5,1.68954001271,0.464623503495,0.245454545455,1.16774841624,0.642261628933,0.336363636364,1.94000937205,1.06700515463,0.536363636364,1.05689877454,0.347276990411,3.54545454545,3.04338842975,1.05689877454,3.54545454545,0.499047619048,0.4,8,0.0484848484848,0.255555555556,11,11,11,1,0,0.0909090909091,0.636363636364,0.272727272727,11,0.118181818182,3.72727272727,2.36363636364,1.3,1.625,1.43336856898,0.6064251638,0.286713286713,0.603022689156,0.510249967747,0.237762237762,1.40129809949,1.18571377649,0.503496503497,2.05382127221,0.551025219373,7,3.72727272727,2.05382127221,7,0,0,0,0,0.22962962963,11,11,11,1,0,0.0909090909091,0.636363636364,0.272727272727,11,18,0.163636363636,3.11363636364,3.27272727273,1.8,2.25,1.42062726223,0.434080552347,0.227272727273,0.924416277737,0.564921058617,0.292929292929,1.68954001271,1.03249667443,0.525252525253,1.14353419474,0.367266456706,3.875,3.11363636364,1.14353419474,3.875,0.366666666667,0.266666666667,4,0.0242424242424,0.221111111111,11,11,11,1,0,0.0909090909091,0.636363636364,0.272727272727,-2,-0.0181818181818,0.0702479338843,-0.363636363636,-0.2,-0.25,-0.268912750482,-0.030542951148,-0.0181818181818,-0.243332138505,-0.0773405703161,-0.0434343434343,-0.250469359339,-0.0345084801933,-0.0111111111111,0.0866354202056,0.0199894662943,0.329545454545,0.0702479338843,0.0866354202056,0.329545454545,-0.132380952381,-0.133333333333,-4,-0.0242424242424,-0.0344444444444,0,0,0,18,0,2,90,0.9,1,0,0.1,1,0.9,0.947368421053,0.938314863257,0.9,0.9,5,7,0,0,0,0
587,WLNM_dir_neg,0.836734693878,0.552950725745,00:00:02,10,20,16,1172860565,threshold_sweep,0.2,1,0.714285714286,0.833333333333,5,0,2,14,0.714285714286,1,0,0.285714285714,1,0.714285714286,0.833333333333,0.904761904762,0.587301587302,0.769230769231,0.790569415042,0.714285714286,20,13,7,0,20,0,13,0,7,11,20,0.181818181818,3.04338842975,3.63636363636,2,2.5,1.68954001271,0.464623503495,0.245454545455,1.16774841624,0.642261628933,0.336363636364,1.94000937205,1.06700515463,0.536363636364,1.05689877454,0.347276990411,3.54545454545,3.04338842975,1.05689877454,3.54545454545,0.499047619048,0.4,8,0.0484848484848,0.255555555556,11,11,11,1,0,0.0909090909091,0.636363636364,0.272727272727,11,0.118181818182,3.72727272727,2.36363636364,1.3,1.625,1.43336856898,0.6064251638,0.286713286713,0.603022689156,0.510249967747,0.237762237762,1.40129809949,1.18571377649,0.503496503497,2.05382127221,0.551025219373,7,3.72727272727,2.05382127221,7,0,0,0,0,0.22962962963,11,11,11,1,0,0.0909090909091,0.636363636364,0.272727272727,11,18,0.163636363636,3.11363636364,3.27272727273,1.8,2.25,1.42062726223,0.434080552347,0.227272727273,0.924416277737,0.564921058617,0.292929292929,1.68954001271,1.03249667443,0.525252525253,1.14353419474,0.367266456706,3.875,3.11363636364,1.14353419474,3.875,0.366666666667,0.266666666667,4,0.0242424242424,0.221111111111,11,11,11,1,0,0.0909090909091,0.636363636364,0.272727272727,-2,-0.0181818181818,0.0702479338843,-0.363636363636,-0.2,-0.25,-0.268912750482,-0.030542951148,-0.0181818181818,-0.243332138505,-0.0773405703161,-0.0434343434343,-0.250469359339,-0.0345084801933,-0.0111111111111,0.0866354202056,0.0199894662943,0.329545454545,0.0702479338843,0.0866354202056,0.329545454545,-0.132380952381,-0.133333333333,-4,-0.0242424242424,-0.0344444444444,0,0,0,18,0,2,90,0.9,1,0,0.1,1,0.9,0.947368421053,0.938314863257,0.9,0.9,5,7,0,0,0,0
588,WLNM_dir_neg,0.836734693878,0.552950725745,00:00:02,10,20,16,1172860565,threshold_sweep,0.3,1,0.714285714286,0.833333333333,5,0,2,14,0.714285714286,1,0,0.285714285714,1,0.714285714286,0.833333333333,0.904761904762,0.587301587302,0.769230769231,0.790569415042,0.714285714286,20,13,7,0,20,0,13,0,7,11,20,0.181818181818,3.04338842975,3.63636363636,2,2.5,1.68954001271,0.464623503495,0.245454545455,1.16774841624,0.642261628933,0.336363636364,1.94000937205,1.06700515463,0.536363636364,1.05689877454,0.347276990411,3.54545454545,3.04338842975,1.05689877454,3.54545454545,0.499047619048,0.4,8,0.0484848484848,0.255555555556,11,11,11,1,0,0.0909090909091,0.636363636364,0.272727272727,11,0.118181818182,3.72727272727,2.36363636364,1.3,1.625,1.43336856898,0.6064251638,0.286713286713,0.603022689156,0.510249967747,0.237762237762,1.40129809949,1.18571377649,0.503496503497,2.05382127221,0.551025219373,7,3.72727272727,2.05382127221,7,0,0,0,0,0.22962962963,11,11,11,1,0,0.0909090909091,0.636363636364,0.272727272727,11,18,0.163636363636,3.11363636364,3.27272727273,1.8,2.25,1.42062726223,0.434080552347,0.227272727273,0.924416277737,0.564921058617,0.292929292929,1.68954001271,1.03249667443,0.525252525253,1.14353419474,0.367266456706,3.875,3.11363636364,1.14353419474,3.875,0.366666666667,0.266666666667,4,0.0242424242424,0.221111111111,11,11,11,1,0,0.0909090909091,0.636363636364,0.272727272727,-2,-0.0181818181818,0.0702479338843,-0.363636363636,-0.2,-0.25,-0.268912750482,-0.030542951148,-0.0181818181818,-0.243332138505,-0.0773405703161,-0.0434343434343,-0.250469359339,-0.0345084801933,-0.0111111111111,0.0866354202056,0.0199894662943,0.329545454545,0.0702479338843,0.0866354202056,0.329545454545,-0.132380952381,-0.133333333333,-4,-0.0242424242424,-0.0344444444444,0,0,0,18,0,2,90,0.9,1,0,0.1,1,0.9,0.947368421053,0.938314863257,0.9,0.9,5,7,0,0,0,0
589,WLNM_dir_neg,0.836734693878,0.552950725745,00:00:02,10,20,16,1172860565,threshold_sweep,0.4,1,0.714285714286,0.833333333333,5,0,2,14,0.714285714286,1,0,0.285714285714,1,0.714285714286,0.833333333333,0.904761904762,0.587301587302,0.769230769231,0.790569415042,0.714285714286,20,13,7,0,20,0,13,0,7,11,20,0.181818181818,3.04338842975,3.63636363636,2,2.5,1.68954001271,0.464623503495,0.245454545455,1.16774841624,0.642261628933,0.336363636364,1.94000937205,1.06700515463,0.536363636364,1.05689877454,0.347276990411,3.54545454545,3.04338842975,1.05689877454,3.54545454545,0.499047619048,0.4,8,0.0484848484848,0.255555555556,11,11,11,1,0,0.0909090909091,0.636363636364,0.272727272727,11,0.118181818182,3.72727272727,2.36363636364,1.3,1.625,1.43336856898,0.6064251638,0.286713286713,0.603022689156,0.510249967747,0.237762237762,1.40129809949,1.18571377649,0.503496503497,2.05382127221,0.551025219373,7,3.72727272727,2.05382127221,7,0,0,0,0,0.22962962963,11,11,11,1,0,0.0909090909091,0.636363636364,0.272727272727,11,18,0.163636363636,3.11363636364,3.27272727273,1.8,2.25,1.42062726223,0.434080552347,0.227272727273,0.924416277737,0.564921058617,0.292929292929,1.68954001271,1.03249667443,0.525252525253,1.14353419474,0.367266456706,3.875,3.11363636364,1.14353419474,3.875,0.366666666667,0.266666666667,4,0.0242424242424,0.221111111111,11,11,11,1,0,0.0909090909091,0.636363636364,0.272727272727,-2,-0.0181818181818,0.0702479338843,-0.363636363636,-0.2,-0.25,-0.268912750482,-0.030542951148,-0.0181818181818,-0.243332138505,-0.0773405703161,-0.0434343434343,-0.250469359339,-0.0345084801933,-0.0111111111111,0.0866354202056,0.0199894662943,0.329545454545,0.0702479338843,0.0866354202056,0.329545454545,-0.132380952381,-0.133333333333,-4,-0.0242424242424,-0.0344444444444,0,0,0,18,0,2,90,0.9,1,0,0.1,1,0.9,0.947368421053,0.938314863257,0.9,0.9,5,7,0,0,0,0
590,WLNM_dir_neg,0.836734693878,0.552950725745,00:00:02,10,20,16,1172860565,threshold_sweep,0.5,1,0.714285714286,0.833333333333,5,0,2,14,0.714285714286,1,0,0.285714285714,1,0.714285714286,0.833333333333,0.904761904762,0.587301587302,0.769230769231,0.790569415042,0.714285714286,20,13,7,0,20,0,13,0,7,11,20,0.181818181818,3.04338842975,3.63636363636,2,2.5,1.68954001271,0.464623503495,0.245454545455,1.16774841624,0.642261628933,0.336363636364,1.94000937205,1.06700515463,0.536363636364,1.05689877454,0.347276990411,3.54545454545,3.04338842975,1.05689877454,3.54545454545,0.499047619048,0.4,8,0.0484848484848,0.255555555556,11,11,11,1,0,0.0909090909091,0.636363636364,0.272727272727,11,0.118181818182,3.72727272727,2.36363636364,1.3,1.625,1.43336856898,0.6064251638,0.286713286713,0.603022689156,0.510249967747,0.237762237762,1.40129809949,1.18571377649,0.503496503497,2.05382127221,0.551025219373,7,3.72727272727,2.05382127221,7,0,0,0,0,0.22962962963,11,11,11,1,0,0.0909090909091,0.636363636364,0.272727272727,11,18,0.163636363636,3.11363636364,3.27272727273,1.8,2.25,1.42062726223,0.434080552347,0.227272727273,0.924416277737,0.564921058617,0.292929292929,1.68954001271,1.03249667443,0.525252525253,1.14353419474,0.367266456706,3.875,3.11363636364,1.14353419474,3.875,0.366666666667,0.266666666667,4,0.0242424242424,0.221111111111,11,11,11,1,0,0.0909090909091,0.636363636364,0.272727272727,-2,-0.0181818181818,0.0702479338843,-0.363636363636,-0.2,-0.25,-0.268912750482,-0.030542951148,-0.0181818181818,-0.243332138505,-0.0773405703161,-0.0434343434343,-0.250469359339,-0.0345084801933,-0.0111111111111,0.0866354202056,0.0199894662943,0.329545454545,0.0702479338843,0.0866354202056,0.329545454545,-0.132380952381,-0.133333333333,-4,-0.0242424242424,-0.0344444444444,0,0,0,18,0,2,90,0.9,1,0,0.1,1,0.9,0.947368421053,0.938314863257,0.9,0.9,5,7,0,0,0,0
591,WLNM_dir_neg,0.836734693878,0.552950725745,00:00:02,10,20,16,1172860565,threshold_sweep,0.6,1,0.714285714286,0.833333333333,5,0,2,14,0.714285714286,1,0,0.285714285714,1,0.714285714286,0.833333333333,0.904761904762,0.587301587302,0.769230769231,0.790569415042,0.714285714286,20,13,7,0,20,0,13,0,7,11,20,0.181818181818,3.04338842975,3.63636363636,2,2.5,1.68954001271,0.464623503495,0.245454545455,1.16774841624,0.642261628933,0.336363636364,1.94000937205,1.06700515463,0.536363636364,1.05689877454,0.347276990411,3.54545454545,3.04338842975,1.05689877454,3.54545454545,0.499047619048,0.4,8,0.0484848484848,0.255555555556,11,11,11,1,0,0.0909090909091,0.636363636364,0.272727272727,11,0.118181818182,3.72727272727,2.36363636364,1.3,1.625,1.43336856898,0.6064251638,0.286713286713,0.603022689156,0.510249967747,0.237762237762,1.40129809949,1.18571377649,0.503496503497,2.05382127221,0.551025219373,7,3.72727272727,2.05382127221,7,0,0,0,0,0.22962962963,11,11,11,1,0,0.0909090909091,0.636363636364,0.272727272727,11,18,0.163636363636,3.11363636364,3.27272727273,1.8,2.25,1.42062726223,0.434080552347,0.227272727273,0.924416277737,0.564921058617,0.292929292929,1.68954001271,1.03249667443,0.525252525253,1.14353419474,0.367266456706,3.875,3.11363636364,1.14353419474,3.875,0.366666666667,0.266666666667,4,0.0242424242424,0.221111111111,11,11,11,1,0,0.0909090909091,0.636363636364,0.272727272727,-2,-0.0181818181818,0.0702479338843,-0.363636363636,-0.2,-0.25,-0.268912750482,-0.030542951148,-0.0181818181818,-0.243332138505,-0.0773405703161,-0.0434343434343,-0.250469359339,-0.0345084801933,-0.0111111111111,0.0866354202056,0.0199894662943,0.329545454545,0.0702479338843,0.0866354202056,0.329545454545,-0.132380952381,-0.133333333333,-4,-0.0242424242424,-0.0344444444444,0,0,0,18,0,2,90,0.9,1,0,0.1,1,0.9,0.947368421053,0.938314863257,0.9,0.9,5,7,0,0,0,0
592,WLNM_dir_neg,0.836734693878,0.552950725745,00:00:02,10,20,16,1172860565,threshold_sweep,0.7,1,0.714285714286,0.833333333333,5,0,2,14,0.714285714286,1,0,0.285714285714,1,0.714285714286,0.833333333333,0.904761904762,0.587301587302,0.769230769231,0.790569415042,0.714285714286,20,13,7,0,20,0,13,0,7,11,20,0.181818181818,3.04338842975,3.63636363636,2,2.5,1.68954001271,0.464623503495,0.245454545455,1.16774841624,0.642261628933,0.336363636364,1.94000937205,1.06700515463,0.536363636364,1.05689877454,0.347276990411,3.54545454545,3.04338842975,1.05689877454,3.54545454545,0.499047619048,0.4,8,0.0484848484848,0.255555555556,11,11,11,1,0,0.0909090909091,0.636363636364,0.272727272727,11,0.118181818182,3.72727272727,2.36363636364,1.3,1.625,1.43336856898,0.6064251638,0.286713286713,0.603022689156,0.510249967747,0.237762237762,1.40129809949,1.18571377649,0.503496503497,2.05382127221,0.551025219373,7,3.72727272727,2.05382127221,7,0,0,0,0,0.22962962963,11,11,11,1,0,0.0909090909091,0.636363636364,0.272727272727,11,18,0.163636363636,3.11363636364,3.27272727273,1.8,2.25,1.42062726223,0.434080552347,0.227272727273,0.924416277737,0.564921058617,0.292929292929,1.68954001271,1.03249667443,0.525252525253,1.14353419474,0.367266456706,3.875,3.11363636364,1.14353419474,3.875,0.366666666667,0.266666666667,4,0.0242424242424,0.221111111111,11,11,11,1,0,0.0909090909091,0.636363636364,0.272727272727,-2,-0.0181818181818,0.0702479338843,-0.363636363636,-0.2,-0.25,-0.268912750482,-0.030542951148,-0.0181818181818,-0.243332138505,-0.0773405703161,-0.0434343434343,-0.250469359339,-0.0345084801933,-0.0111111111111,0.0866354202056,0.0199894662943,0.329545454545,0.0702479338843,0.0866354202056,0.329545454545,-0.132380952381,-0.133333333333,-4,-0.0242424242424,-0.0344444444444,0,0,0,18,0,2,90,0.9,1,0,0.1,1,0.9,0.947368421053,0.938314863257,0.9,0.9,5,7,0,0,0,0
593,WLNM_dir_neg,0.836734693878,0.552950725745,00:00:02,10,20,16,1172860565,threshold_sweep,0.8,1,0.714285714286,0.833333333333,5,0,2,14,0.714285714286,1,0,0.285714285714,1,0.714285714286,0.833333333333,0.904761904762,0.587301587302,0.769230769231,0.790569415042,0.714285714286,20,13,7,0,20,0,13,0,7,11,20,0.181818181818,3.04338842975,3.63636363636,2,2.5,1.68954001271,0.464623503495,0.245454545455,1.16774841624,0.642261628933,0.336363636364,1.94000937205,1.06700515463,0.536363636364,1.05689877454,0.347276990411,3.54545454545,3.04338842975,1.05689877454,3.54545454545,0.499047619048,0.4,8,0.0484848484848,0.255555555556,11,11,11,1,0,0.0909090909091,0.636363636364,0.272727272727,11,0.118181818182,3.72727272727,2.36363636364,1.3,1.625,1.43336856898,0.6064251638,0.286713286713,0.603022689156,0.510249967747,0.237762237762,1.40129809949,1.18571377649,0.503496503497,2.05382127221,0.551025219373,7,3.72727272727,2.05382127221,7,0,0,0,0,0.22962962963,11,11,11,1,0,0.0909090909091,0.636363636364,0.272727272727,11,18,0.163636363636,3.11363636364,3.27272727273,1.8,2.25,1.42062726223,0.434080552347,0.227272727273,0.924416277737,0.564921058617,0.292929292929,1.68954001271,1.03249667443,0.525252525253,1.14353419474,0.367266456706,3.875,3.11363636364,1.14353419474,3.875,0.366666666667,0.266666666667,4,0.0242424242424,0.221111111111,11,11,11,1,0,0.0909090909091,0.636363636364,0.272727272727,-2,-0.0181818181818,0.0702479338843,-0.363636363636,-0.2,-0.25,-0.268912750482,-0.030542951148,-0.0181818181818,-0.243332138505,-0.0773405703161,-0.0434343434343,-0.250469359339,-0.0345084801933,-0.0111111111111,0.0866354202056,0.0199894662943,0.329545454545,0.0702479338843,0.0866354202056,0.329545454545,-0.132380952381,-0.133333333333,-4,-0.0242424242424,-0.0344444444444,0,0,0,18,0,2,90,0.9,1,0,0.1,1,0.9,0.947368421053,0.938314863257,0.9,0.9,5,7,0,0,0,0
594,WLNM_dir_neg,0.836734693878,0.552950725745,00:00:02,10,20,16,1172860565,threshold_sweep,0.9,1,0.714285714286,0.833333333333,5,0,2,14,0.714285714286,1,0,0.285714285714,1,0.714285714286,0.833333333333,0.904761904762,0.587301587302,0.769230769231,0.790569415042,0.714285714286,20,13,7,0,20,0,13,0,7,11,20,0.181818181818,3.04338842975,3.63636363636,2,2.5,1.68954001271,0.464623503495,0.245454545455,1.16774841624,0.642261628933,0.336363636364,1.94000937205,1.06700515463,0.536363636364,1.05689877454,0.347276990411,3.54545454545,3.04338842975,1.05689877454,3.54545454545,0.499047619048,0.4,8,0.0484848484848,0.255555555556,11,11,11,1,0,0.0909090909091,0.636363636364,0.272727272727,11,0.118181818182,3.72727272727,2.36363636364,1.3,1.625,1.43336856898,0.6064251638,0.286713286713,0.603022689156,0.510249967747,0.237762237762,1.40129809949,1.18571377649,0.503496503497,2.05382127221,0.551025219373,7,3.72727272727,2.05382127221,7,0,0,0,0,0.22962962963,11,11,11,1,0,0.0909090909091,0.636363636364,0.272727272727,11,18,0.163636363636,3.11363636364,3.27272727273,1.8,2.25,1.42062726223,0.434080552347,0.227272727273,0.924416277737,0.564921058617,0.292929292929,1.68954001271,1.03249667443,0.525252525253,1.14353419474,0.367266456706,3.875,3.11363636364,1.14353419474,3.875,0.366666666667,0.266666666667,4,0.0242424242424,0.221111111111,11,11,11,1,0,0.0909090909091,0.636363636364,0.272727272727,-2,-0.0181818181818,0.0702479338843,-0.363636363636,-0.2,-0.25,-0.268912750482,-0.030542951148,-0.0181818181818,-0.243332138505,-0.0773405703161,-0.0434343434343,-0.250469359339,-0.0345084801933,-0.0111111111111,0.0866354202056,0.0199894662943,0.329545454545,0.0702479338843,0.0866354202056,0.329545454545,-0.132380952381,-0.133333333333,-4,-0.0242424242424,-0.0344444444444,0,0,0,18,0,2,90,0.9,1,0,0.1,1,0.9,0.947368421053,0.938314863257,0.9,0.9,5,7,0,0,0,0
595,WLNM_dir_neg,0.908163265306,0.591738816739,00:00:02,10,20,17,1172860566,threshold_sweep,0.1,1,0.714285714286,0.833333333333,5,0,2,14,0.714285714286,1,0,0.285714285714,1,0.714285714286,0.833333333333,0.904761904762,0.587301587302,0.769230769231,0.790569415042,0.714285714286,20,13,7,0,20,0,13,0,7,11,20,0.181818181818,3.04338842975,3.63636363636,2,2.5,1.68954001271,0.464623503495,0.245454545455,1.16774841624,0.642261628933,0.336363636364,1.94000937205,1.06700515463,0.536363636364,1.05689877454,0.347276990411,3.54545454545,3.04338842975,1.05689877454,3.54545454545,0.499047619048,0.4,8,0.0484848484848,0.255555555556,11,11,11,1,0,0.0909090909091,0.636363636364,0.272727272727,11,0.118181818182,3.72727272727,2.36363636364,1.3,1.625,1.43336856898,0.6064251638,0.286713286713,0.603022689156,0.510249967747,0.237762237762,1.40129809949,1.18571377649,0.503496503497,2.05382127221,0.551025219373,7,3.72727272727,2.05382127221,7,0,0,0,0,0.22962962963,11,11,11,1,0,0.0909090909091,0.636363636364,0.272727272727,11,18,0.163636363636,3.11363636364,3.27272727273,1.8,2.25,1.42062726223,0.434080552347,0.227272727273,0.924416277737,0.564921058617,0.292929292929,1.68954001271,1.03249667443,0.525252525253,1.14353419474,0.367266456706,3.875,3.11363636364,1.14353419474,3.875,0.366666666667,0.266666666667,4,0.0242424242424,0.221111111111,11,11,11,1,0,0.0909090909091,0.636363636364,0.272727272727,-2,-0.0181818181818,0.0702479338843,-0.363636363636,-0.2,-0.25,-0.268912750482,-0.030542951148,-0.0181818181818,-0.243332138505,-0.0773405703161,-0.0434343434343,-0.250469359339,-0.0345084801933,-0.0111111111111,0.0866354202056,0.0199894662943,0.329545454545,0.0702479338843,0.0866354202056,0.329545454545,-0.132380952381,-0.133333333333,-4,-0.0242424242424,-0.0344444444444,0,0,0,18,0,2,90,0.9,1,0,0.1,1,0.9,0.947368421053,0.938314863257,0.9,0.9,5,7,0,0,0,0
596,WLNM_dir_neg,0.908163265306,0.591738816739,00:00:02,10,20,17,1172860566,threshold_sweep,0.2,1,0.714285714286,0.833333333333,5,0,2,14,0.714285714286,1,0,0.285714285714,1,0.714285714286,0.833333333333,0.904761904762,0.587301587302,0.769230769231,0.790569415042,0.714285714286,20,13,7,0,20,0,13,0,7,11,20,0.181818181818,3.04338842975,3.63636363636,2,2.5,1.68954001271,0.464623503495,0.245454545455,1.16774841624,0.642261628933,0.336363636364,1.94000937205,1.06700515463,0.536363636364,1.05689877454,0.347276990411,3.54545454545,3.04338842975,1.05689877454,3.54545454545,0.499047619048,0.4,8,0.0484848484848,0.255555555556,11,11,11,1,0,0.0909090909091,0.636363636364,0.272727272727,11,0.118181818182,3.72727272727,2.36363636364,1.3,1.625,1.43336856898,0.6064251638,0.286713286713,0.603022689156,0.510249967747,0.237762237762,1.40129809949,1.18571377649,0.503496503497,2.05382127221,0.551025219373,7,3.72727272727,2.05382127221,7,0,0,0,0,0.22962962963,11,11,11,1,0,0.0909090909091,0.636363636364,0.272727272727,11,18,0.163636363636,3.11363636364,3.27272727273,1.8,2.25,1.42062726223,0.434080552347,0.227272727273,0.924416277737,0.564921058617,0.292929292929,1.68954001271,1.03249667443,0.525252525253,1.14353419474,0.367266456706,3.875,3.11363636364,1.14353419474,3.875,0.366666666667,0.266666666667,4,0.0242424242424,0.221111111111,11,11,11,1,0,0.0909090909091,0.636363636364,0.272727272727,-2,-0.0181818181818,0.0702479338843,-0.363636363636,-0.2,-0.25,-0.268912750482,-0.030542951148,-0.0181818181818,-0.243332138505,-0.0773405703161,-0.0434343434343,-0.250469359339,-0.0345084801933,-0.0111111111111,0.0866354202056,0.0199894662943,0.329545454545,0.0702479338843,0.0866354202056,0.329545454545,-0.132380952381,-0.133333333333,-4,-0.0242424242424,-0.0344444444444,0,0,0,18,0,2,90,0.9,1,0,0.1,1,0.9,0.947368421053,0.938314863257,0.9,0.9,5,7,0,0,0,0
597,WLNM_dir_neg,0.908163265306,0.591738816739,00:00:02,10,20,17,1172860566,threshold_sweep,0.3,1,0.714285714286,0.833333333333,5,0,2,14,0.714285714286,1,0,0.285714285714,1,0.714285714286,0.833333333333,0.904761904762,0.587301587302,0.769230769231,0.790569415042,0.714285714286,20,13,7,0,20,0,13,0,7,11,20,0.181818181818,3.04338842975,3.63636363636,2,2.5,1.68954001271,0.464623503495,0.245454545455,1.16774841624,0.642261628933,0.336363636364,1.94000937205,1.06700515463,0.536363636364,1.05689877454,0.347276990411,3.54545454545,3.04338842975,1.05689877454,3.54545454545,0.499047619048,0.4,8,0.0484848484848,0.255555555556,11,11,11,1,0,0.0909090909091,0.636363636364,0.272727272727,11,0.118181818182,3.72727272727,2.36363636364,1.3,1.625,1.43336856898,0.6064251638,0.286713286713,0.603022689156,0.510249967747,0.237762237762,1.40129809949,1.18571377649,0.503496503497,2.05382127221,0.551025219373,7,3.72727272727,2.05382127221,7,0,0,0,0,0.22962962963,11,11,11,1,0,0.0909090909091,0.636363636364,0.272727272727,11,18,0.163636363636,3.11363636364,3.27272727273,1.8,2.25,1.42062726223,0.434080552347,0.227272727273,0.924416277737,0.564921058617,0.292929292929,1.68954001271,1.03249667443,0.525252525253,1.14353419474,0.367266456706,3.875,3.11363636364,1.14353419474,3.875,0.366666666667,0.266666666667,4,0.0242424242424,0.221111111111,11,11,11,1,0,0.0909090909091,0.636363636364,0.272727272727,-2,-0.0181818181818,0.0702479338843,-0.363636363636,-0.2,-0.25,-0.268912750482,-0.030542951148,-0.0181818181818,-0.243332138505,-0.0773405703161,-0.0434343434343,-0.250469359339,-0.0345084801933,-0.0111111111111,0.0866354202056,0.0199894662943,0.329545454545,0.0702479338843,0.0866354202056,0.329545454545,-0.132380952381,-0.133333333333,-4,-0.0242424242424,-0.0344444444444,0,0,0,18,0,2,90,0.9,1,0,0.1,1,0.9,0.947368421053,0.938314863257,0.9,0.9,5,7,0,0,0,0
598,WLNM_dir_neg,0.908163265306,0.591738816739,00:00:02,10,20,17,1172860566,threshold_sweep,0.4,1,0.714285714286,0.833333333333,5,0,2,14,0.714285714286,1,0,0.285714285714,1,0.714285714286,0.833333333333,0.904761904762,0.587301587302,0.769230769231,0.790569415042,0.714285714286,20,13,7,0,20,0,13,0,7,11,20,0.181818181818,3.04338842975,3.63636363636,2,2.5,1.68954001271,0.464623503495,0.245454545455,1.16774841624,0.642261628933,0.336363636364,1.94000937205,1.06700515463,0.536363636364,1.05689877454,0.347276990411,3.54545454545,3.04338842975,1.05689877454,3.54545454545,0.499047619048,0.4,8,0.0484848484848,0.255555555556,11,11,11,1,0,0.0909090909091,0.636363636364,0.272727272727,11,0.118181818182,3.72727272727,2.36363636364,1.3,1.625,1.43336856898,0.6064251638,0.286713286713,0.603022689156,0.510249967747,0.237762237762,1.40129809949,1.18571377649,0.503496503497,2.05382127221,0.551025219373,7,3.72727272727,2.05382127221,7,0,0,0,0,0.22962962963,11,11,11,1,0,0.0909090909091,0.636363636364,0.272727272727,11,18,0.163636363636,3.11363636364,3.27272727273,1.8,2.25,1.42062726223,0.434080552347,0.227272727273,0.924416277737,0.564921058617,0.292929292929,1.68954001271,1.03249667443,0.525252525253,1.14353419474,0.367266456706,3.875,3.11363636364,1.14353419474,3.875,0.366666666667,0.266666666667,4,0.0242424242424,0.221111111111,11,11,11,1,0,0.0909090909091,0.636363636364,0.272727272727,-2,-0.0181818181818,0.0702479338843,-0.363636363636,-0.2,-0.25,-0.268912750482,-0.030542951148,-0.0181818181818,-0.243332138505,-0.0773405703161,-0.0434343434343,-0.250469359339,-0.0345084801933,-0.0111111111111,0.0866354202056,0.0199894662943,0.329545454545,0.0702479338843,0.0866354202056,0.329545454545,-0.132380952381,-0.133333333333,-4,-0.0242424242424,-0.0344444444444,0,0,0,18,0,2,90,0.9,1,0,0.1,1,0.9,0.947368421053,0.938314863257,0.9,0.9,5,7,0,0,0,0
599,WLNM_dir_neg,0.908163265306,0.591738816739,00:00:02,10,20,17,1172860566,threshold_sweep,0.5,1,0.714285714286,0.833333333333,5,0,2,14,0.714285714286,1,0,0.285714285714,1,0.714285714286,0.833333333333,0.904761904762,0.587301587302,0.769230769231,0.790569415042,0.714285714286,20,13,7,0,20,0,13,0,7,11,20,0.181818181818,3.04338842975,3.63636363636,2,2.5,1.68954001271,0.464623503495,0.245454545455,1.16774841624,0.642261628933,0.336363636364,1.94000937205,1.06700515463,0.536363636364,1.05689877454,0.347276990411,3.54545454545,3.04338842975,1.05689877454,3.54545454545,0.499047619048,0.4,8,0.0484848484848,0.255555555556,11,11,11,1,0,0.0909090909091,0.636363636364,0.272727272727,11,0.118181818182,3.72727272727,2.36363636364,1.3,1.625,1.43336856898,0.6064251638,0.286713286713,0.603022689156,0.510249967747,0.237762237762,1.40129809949,1.18571377649,0.503496503497,2.05382127221,0.551025219373,7,3.72727272727,2.05382127221,7,0,0,0,0,0.22962962963,11,11,11,1,0,0.0909090909091,0.636363636364,0.272727272727,11,18,0.163636363636,3.11363636364,3.27272727273,1.8,2.25,1.42062726223,0.434080552347,0.227272727273,0.924416277737,0.564921058617,0.292929292929,1.68954001271,1.03249667443,0.525252525253,1.14353419474,0.367266456706,3.875,3.11363636364,1.14353419474,3.875,0.366666666667,0.266666666667,4,0.0242424242424,0.221111111111,11,11,11,1,0,0.0909090909091,0.636363636364,0.272727272727,-2,-0.0181818181818,0.0702479338843,-0.363636363636,-0.2,-0.25,-0.268912750482,-0.030542951148,-0.0181818181818,-0.243332138505,-0.0773405703161,-0.0434343434343,-0.250469359339,-0.0345084801933,-0.0111111111111,0.0866354202056,0.0199894662943,0.329545454545,0.0702479338843,0.0866354202056,0.329545454545,-0.132380952381,-0.133333333333,-4,-0.0242424242424,-0.0344444444444,0,0,0,18,0,2,90,0.9,1,0,0.1,1,0.9,0.947368421053,0.938314863257,0.9,0.9,5,7,0,0,0,0
600,WLNM_dir_neg,0.908163265306,0.591738816739,00:00:02,10,20,17,1172860566,threshold_sweep,0.6,1,0.714285714286,0.833333333333,5,0,2,14,0.714285714286,1,0,0.285714285714,1,0.714285714286,0.833333333333,0.904761904762,0.587301587302,0.769230769231,0.790569415042,0.714285714286,20,13,7,0,20,0,13,0,7,11,20,0.181818181818,3.04338842975,3.63636363636,2,2.5,1.68954001271,0.464623503495,0.245454545455,1.16774841624,0.642261628933,0.336363636364,1.94000937205,1.06700515463,0.536363636364,1.05689877454,0.347276990411,3.54545454545,3.04338842975,1.05689877454,3.54545454545,0.499047619048,0.4,8,0.0484848484848,0.255555555556,11,11,11,1,0,0.0909090909091,0.636363636364,0.272727272727,11,0.118181818182,3.72727272727,2.36363636364,1.3,1.625,1.43336856898,0.6064251638,0.286713286713,0.603022689156,0.510249967747,0.237762237762,1.40129809949,1.18571377649,0.503496503497,2.05382127221,0.551025219373,7,3.72727272727,2.05382127221,7,0,0,0,0,0.22962962963,11,11,11,1,0,0.0909090909091,0.636363636364,0.272727272727,11,18,0.163636363636,3.11363636364,3.27272727273,1.8,2.25,1.42062726223,0.434080552347,0.227272727273,0.924416277737,0.564921058617,0.292929292929,1.68954001271,1.03249667443,0.525252525253,1.14353419474,0.367266456706,3.875,3.11363636364,1.14353419474,3.875,0.366666666667,0.266666666667,4,0.0242424242424,0.221111111111,11,11,11,1,0,0.0909090909091,0.636363636364,0.272727272727,-2,-0.0181818181818,0.0702479338843,-0.363636363636,-0.2,-0.25,-0.268912750482,-0.030542951148,-0.0181818181818,-0.243332138505,-0.0773405703161,-0.0434343434343,-0.250469359339,-0.0345084801933,-0.0111111111111,0.0866354202056,0.0199894662943,0.329545454545,0.0702479338843,0.0866354202056,0.329545454545,-0.132380952381,-0.133333333333,-4,-0.0242424242424,-0.0344444444444,0,0,0,18,0,2,90,0.9,1,0,0.1,1,0.9,0.947368421053,0.938314863257,0.9,0.9,5,7,0,0,0,0
601,WLNM_dir_neg,0.908163265306,0.591738816739,00:00:02,10,20,17,1172860566,threshold_sweep,0.7,1,0.714285714286,0.833333333333,5,0,2,14,0.714285714286,1,0,0.285714285714,1,0.714285714286,0.833333333333,0.904761904762,0.587301587302,0.769230769231,0.790569415042,0.714285714286,20,13,7,0,20,0,13,0,7,11,20,0.181818181818,3.04338842975,3.63636363636,2,2.5,1.68954001271,0.464623503495,0.245454545455,1.16774841624,0.642261628933,0.336363636364,1.94000937205,1.06700515463,0.536363636364,1.05689877454,0.347276990411,3.54545454545,3.04338842975,1.05689877454,3.54545454545,0.499047619048,0.4,8,0.0484848484848,0.255555555556,11,11,11,1,0,0.0909090909091,0.636363636364,0.272727272727,11,0.118181818182,3.72727272727,2.36363636364,1.3,1.625,1.43336856898,0.6064251638,0.286713286713,0.603022689156,0.510249967747,0.237762237762,1.40129809949,1.18571377649,0.503496503497,2.05382127221,0.551025219373,7,3.72727272727,2.05382127221,7,0,0,0,0,0.22962962963,11,11,11,1,0,0.0909090909091,0.636363636364,0.272727272727,11,18,0.163636363636,3.11363636364,3.27272727273,1.8,2.25,1.42062726223,0.434080552347,0.227272727273,0.924416277737,0.564921058617,0.292929292929,1.68954001271,1.03249667443,0.525252525253,1.14353419474,0.367266456706,3.875,3.11363636364,1.14353419474,3.875,0.366666666667,0.266666666667,4,0.0242424242424,0.221111111111,11,11,11,1,0,0.0909090909091,0.636363636364,0.272727272727,-2,-0.0181818181818,0.0702479338843,-0.363636363636,-0.2,-0.25,-0.268912750482,-0.030542951148,-0.0181818181818,-0.243332138505,-0.0773405703161,-0.0434343434343,-0.250469359339,-0.0345084801933,-0.0111111111111,0.0866354202056,0.0199894662943,0.329545454545,0.0702479338843,0.0866354202056,0.329545454545,-0.132380952381,-0.133333333333,-4,-0.0242424242424,-0.0344444444444,0,0,0,18,0,2,90,0.9,1,0,0.1,1,0.9,0.947368421053,0.938314863257,0.9,0.9,5,7,0,0,0,0
602,WLNM_dir_neg,0.908163265306,0.591738816739,00:00:02,10,20,17,1172860566,threshold_sweep,0.8,1,0.714285714286,0.833333333333,5,0,2,14,0.714285714286,1,0,0.285714285714,1,0.714285714286,0.833333333333,0.904761904762,0.587301587302,0.769230769231,0.790569415042,0.714285714286,20,13,7,0,20,0,13,0,7,11,20,0.181818181818,3.04338842975,3.63636363636,2,2.5,1.68954001271,0.464623503495,0.245454545455,1.16774841624,0.642261628933,0.336363636364,1.94000937205,1.06700515463,0.536363636364,1.05689877454,0.347276990411,3.54545454545,3.04338842975,1.05689877454,3.54545454545,0.499047619048,0.4,8,0.0484848484848,0.255555555556,11,11,11,1,0,0.0909090909091,0.636363636364,0.272727272727,11,0.118181818182,3.72727272727,2.36363636364,1.3,1.625,1.43336856898,0.6064251638,0.286713286713,0.603022689156,0.510249967747,0.237762237762,1.40129809949,1.18571377649,0.503496503497,2.05382127221,0.551025219373,7,3.72727272727,2.05382127221,7,0,0,0,0,0.22962962963,11,11,11,1,0,0.0909090909091,0.636363636364,0.272727272727,11,18,0.163636363636,3.11363636364,3.27272727273,1.8,2.25,1.42062726223,0.434080552347,0.227272727273,0.924416277737,0.564921058617,0.292929292929,1.68954001271,1.03249667443,0.525252525253,1.14353419474,0.367266456706,3.875,3.11363636364,1.14353419474,3.875,0.366666666667,0.266666666667,4,0.0242424242424,0.221111111111,11,11,11,1,0,0.0909090909091,0.636363636364,0.272727272727,-2,-0.0181818181818,0.0702479338843,-0.363636363636,-0.2,-0.25,-0.268912750482,-0.030542951148,-0.0181818181818,-0.243332138505,-0.0773405703161,-0.0434343434343,-0.250469359339,-0.0345084801933,-0.0111111111111,0.0866354202056,0.0199894662943,0.329545454545,0.0702479338843,0.0866354202056,0.329545454545,-0.132380952381,-0.133333333333,-4,-0.0242424242424,-0.0344444444444,0,0,0,18,0,2,90,0.9,1,0,0.1,1,0.9,0.947368421053,0.938314863257,0.9,0.9,5,7,0,0,0,0
603,WLNM_dir_neg,0.908163265306,0.591738816739,00:00:02,10,20,17,1172860566,threshold_sweep,0.9,1,0.714285714286,0.833333333333,5,0,2,14,0.714285714286,1,0,0.285714285714,1,0.714285714286,0.833333333333,0.904761904762,0.587301587302,0.769230769231,0.790569415042,0.714285714286,20,13,7,0,20,0,13,0,7,11,20,0.181818181818,3.04338842975,3.63636363636,2,2.5,1.68954001271,0.464623503495,0.245454545455,1.16774841624,0.642261628933,0.336363636364,1.94000937205,1.06700515463,0.536363636364,1.05689877454,0.347276990411,3.54545454545,3.04338842975,1.05689877454,3.54545454545,0.499047619048,0.4,8,0.0484848484848,0.255555555556,11,11,11,1,0,0.0909090909091,0.636363636364,0.272727272727,11,0.118181818182,3.72727272727,2.36363636364,1.3,1.625,1.43336856898,0.6064251638,0.286713286713,0.603022689156,0.510249967747,0.237762237762,1.40129809949,1.18571377649,0.503496503497,2.05382127221,0.551025219373,7,3.72727272727,2.05382127221,7,0,0,0,0,0.22962962963,11,11,11,1,0,0.0909090909091,0.636363636364,0.272727272727,11,18,0.163636363636,3.11363636364,3.27272727273,1.8,2.25,1.42062726223,0.434080552347,0.227272727273,0.924416277737,0.564921058617,0.292929292929,1.68954001271,1.03249667443,0.525252525253,1.14353419474,0.367266456706,3.875,3.11363636364,1.14353419474,3.875,0.366666666667,0.266666666667,4,0.0242424242424,0.221111111111,11,11,11,1,0,0.0909090909091,0.636363636364,0.272727272727,-2,-0.0181818181818,0.0702479338843,-0.363636363636,-0.2,-0.25,-0.268912750482,-0.030542951148,-0.0181818181818,-0.243332138505,-0.0773405703161,-0.0434343434343,-0.250469359339,-0.0345084801933,-0.0111111111111,0.0866354202056,0.0199894662943,0.329545454545,0.0702479338843,0.0866354202056,0.329545454545,-0.132380952381,-0.133333333333,-4,-0.0242424242424,-0.0344444444444,0,0,0,18,0,2,90,0.9,1,0,0.1,1,0.9,0.947368421053,0.938314863257,0.9,0.9,5,7,0,0,0,0
604,WLNM_dir_neg,0.816326530612,0.542474489796,00:00:02,10,20,18,1172860567,threshold_sweep,0.1,1,0.714285714286,0.833333333333,5,0,2,14,0.714285714286,1,0,0.285714285714,1,0.714285714286,0.833333333333,0.904761904762,0.587301587302,0.769230769231,0.790569415042,0.714285714286,20,13,7,0,20,0,13,0,7,11,20,0.181818181818,3.04338842975,3.63636363636,2,2.5,1.68954001271,0.464623503495,0.245454545455,1.16774841624,0.642261628933,0.336363636364,1.94000937205,1.06700515463,0.536363636364,1.05689877454,0.347276990411,3.54545454545,3.04338842975,1.05689877454,3.54545454545,0.499047619048,0.4,8,0.0484848484848,0.255555555556,11,11,11,1,0,0.0909090909091,0.636363636364,0.272727272727,11,0.118181818182,3.72727272727,2.36363636364,1.3,1.625,1.43336856898,0.6064251638,0.286713286713,0.603022689156,0.510249967747,0.237762237762,1.40129809949,1.18571377649,0.503496503497,2.05382127221,0.551025219373,7,3.72727272727,2.05382127221,7,0,0,0,0,0.22962962963,11,11,11,1,0,0.0909090909091,0.636363636364,0.272727272727,11,18,0.163636363636,3.11363636364,3.27272727273,1.8,2.25,1.42062726223,0.434080552347,0.227272727273,0.924416277737,0.564921058617,0.292929292929,1.68954001271,1.03249667443,0.525252525253,1.14353419474,0.367266456706,3.875,3.11363636364,1.14353419474,3.875,0.366666666667,0.266666666667,4,0.0242424242424,0.221111111111,11,11,11,1,0,0.0909090909091,0.636363636364,0.272727272727,-2,-0.0181818181818,0.0702479338843,-0.363636363636,-0.2,-0.25,-0.268912750482,-0.030542951148,-0.0181818181818,-0.243332138505,-0.0773405703161,-0.0434343434343,-0.250469359339,-0.0345084801933,-0.0111111111111,0.0866354202056,0.0199894662943,0.329545454545,0.0702479338843,0.0866354202056,0.329545454545,-0.132380952381,-0.133333333333,-4,-0.0242424242424,-0.0344444444444,0,0,0,18,0,2,90,0.9,1,0,0.1,1,0.9,0.947368421053,0.938314863257,0.9,0.9,5,7,0,0,0,0
605,WLNM_dir_neg,0.816326530612,0.542474489796,00:00:02,10,20,18,1172860567,threshold_sweep,0.2,1,0.714285714286,0.833333333333,5,0,2,14,0.714285714286,1,0,0.285714285714,1,0.714285714286,0.833333333333,0.904761904762,0.587301587302,0.769230769231,0.790569415042,0.714285714286,20,13,7,0,20,0,13,0,7,11,20,0.181818181818,3.04338842975,3.63636363636,2,2.5,1.68954001271,0.464623503495,0.245454545455,1.16774841624,0.642261628933,0.336363636364,1.94000937205,1.06700515463,0.536363636364,1.05689877454,0.347276990411,3.54545454545,3.04338842975,1.05689877454,3.54545454545,0.499047619048,0.4,8,0.0484848484848,0.255555555556,11,11,11,1,0,0.0909090909091,0.636363636364,0.272727272727,11,0.118181818182,3.72727272727,2.36363636364,1.3,1.625,1.43336856898,0.6064251638,0.286713286713,0.603022689156,0.510249967747,0.237762237762,1.40129809949,1.18571377649,0.503496503497,2.05382127221,0.551025219373,7,3.72727272727,2.05382127221,7,0,0,0,0,0.22962962963,11,11,11,1,0,0.0909090909091,0.636363636364,0.272727272727,11,18,0.163636363636,3.11363636364,3.27272727273,1.8,2.25,1.42062726223,0.434080552347,0.227272727273,0.924416277737,0.564921058617,0.292929292929,1.68954001271,1.03249667443,0.525252525253,1.14353419474,0.367266456706,3.875,3.11363636364,1.14353419474,3.875,0.366666666667,0.266666666667,4,0.0242424242424,0.221111111111,11,11,11,1,0,0.0909090909091,0.636363636364,0.272727272727,-2,-0.0181818181818,0.0702479338843,-0.363636363636,-0.2,-0.25,-0.268912750482,-0.030542951148,-0.0181818181818,-0.243332138505,-0.0773405703161,-0.0434343434343,-0.250469359339,-0.0345084801933,-0.0111111111111,0.0866354202056,0.0199894662943,0.329545454545,0.0702479338843,0.0866354202056,0.329545454545,-0.132380952381,-0.133333333333,-4,-0.0242424242424,-0.0344444444444,0,0,0,18,0,2,90,0.9,1,0,0.1,1,0.9,0.947368421053,0.938314863257,0.9,0.9,5,7,0,0,0,0
606,WLNM_dir_neg,0.816326530612,0.542474489796,00:00:02,10,20,18,1172860567,threshold_sweep,0.3,1,0.714285714286,0.833333333333,5,0,2,14,0.714285714286,1,0,0.285714285714,1,0.714285714286,0.833333333333,0.904761904762,0.587301587302,0.769230769231,0.790569415042,0.714285714286,20,13,7,0,20,0,13,0,7,11,20,0.181818181818,3.04338842975,3.63636363636,2,2.5,1.68954001271,0.464623503495,0.245454545455,1.16774841624,0.642261628933,0.336363636364,1.94000937205,1.06700515463,0.536363636364,1.05689877454,0.347276990411,3.54545454545,3.04338842975,1.05689877454,3.54545454545,0.499047619048,0.4,8,0.0484848484848,0.255555555556,11,11,11,1,0,0.0909090909091,0.636363636364,0.272727272727,11,0.118181818182,3.72727272727,2.36363636364,1.3,1.625,1.43336856898,0.6064251638,0.286713286713,0.603022689156,0.510249967747,0.237762237762,1.40129809949,1.18571377649,0.503496503497,2.05382127221,0.551025219373,7,3.72727272727,2.05382127221,7,0,0,0,0,0.22962962963,11,11,11,1,0,0.0909090909091,0.636363636364,0.272727272727,11,18,0.163636363636,3.11363636364,3.27272727273,1.8,2.25,1.42062726223,0.434080552347,0.227272727273,0.924416277737,0.564921058617,0.292929292929,1.68954001271,1.03249667443,0.525252525253,1.14353419474,0.367266456706,3.875,3.11363636364,1.14353419474,3.875,0.366666666667,0.266666666667,4,0.0242424242424,0.221111111111,11,11,11,1,0,0.0909090909091,0.636363636364,0.272727272727,-2,-0.0181818181818,0.0702479338843,-0.363636363636,-0.2,-0.25,-0.268912750482,-0.030542951148,-0.0181818181818,-0.243332138505,-0.0773405703161,-0.0434343434343,-0.250469359339,-0.0345084801933,-0.0111111111111,0.0866354202056,0.0199894662943,0.329545454545,0.0702479338843,0.0866354202056,0.329545454545,-0.132380952381,-0.133333333333,-4,-0.0242424242424,-0.0344444444444,0,0,0,18,0,2,90,0.9,1,0,0.1,1,0.9,0.947368421053,0.938314863257,0.9,0.9,5,7,0,0,0,0
607,WLNM_dir_neg,0.816326530612,0.542474489796,00:00:02,10,20,18,1172860567,threshold_sweep,0.4,1,0.714285714286,0.833333333333,5,0,2,14,0.714285714286,1,0,0.285714285714,1,0.714285714286,0.833333333333,0.904761904762,0.587301587302,0.769230769231,0.790569415042,0.714285714286,20,13,7,0,20,0,13,0,7,11,20,0.181818181818,3.04338842975,3.63636363636,2,2.5,1.68954001271,0.464623503495,0.245454545455,1.16774841624,0.642261628933,0.336363636364,1.94000937205,1.06700515463,0.536363636364,1.05689877454,0.347276990411,3.54545454545,3.04338842975,1.05689877454,3.54545454545,0.499047619048,0.4,8,0.0484848484848,0.255555555556,11,11,11,1,0,0.0909090909091,0.636363636364,0.272727272727,11,0.118181818182,3.72727272727,2.36363636364,1.3,1.625,1.43336856898,0.6064251638,0.286713286713,0.603022689156,0.510249967747,0.237762237762,1.40129809949,1.18571377649,0.503496503497,2.05382127221,0.551025219373,7,3.72727272727,2.05382127221,7,0,0,0,0,0.22962962963,11,11,11,1,0,0.0909090909091,0.636363636364,0.272727272727,11,18,0.163636363636,3.11363636364,3.27272727273,1.8,2.25,1.42062726223,0.434080552347,0.227272727273,0.924416277737,0.564921058617,0.292929292929,1.68954001271,1.03249667443,0.525252525253,1.14353419474,0.367266456706,3.875,3.11363636364,1.14353419474,3.875,0.366666666667,0.266666666667,4,0.0242424242424,0.221111111111,11,11,11,1,0,0.0909090909091,0.636363636364,0.272727272727,-2,-0.0181818181818,0.0702479338843,-0.363636363636,-0.2,-0.25,-0.268912750482,-0.030542951148,-0.0181818181818,-0.243332138505,-0.0773405703161,-0.0434343434343,-0.250469359339,-0.0345084801933,-0.0111111111111,0.0866354202056,0.0199894662943,0.329545454545,0.0702479338843,0.0866354202056,0.329545454545,-0.132380952381,-0.133333333333,-4,-0.0242424242424,-0.0344444444444,0,0,0,18,0,2,90,0.9,1,0,0.1,1,0.9,0.947368421053,0.938314863257,0.9,0.9,5,7,0,0,0,0
608,WLNM_dir_neg,0.816326530612,0.542474489796,00:00:02,10,20,18,1172860567,threshold_sweep,0.5,1,0.714285714286,0.833333333333,5,0,2,14,0.714285714286,1,0,0.285714285714,1,0.714285714286,0.833333333333,0.904761904762,0.587301587302,0.769230769231,0.790569415042,0.714285714286,20,13,7,0,20,0,13,0,7,11,20,0.181818181818,3.04338842975,3.63636363636,2,2.5,1.68954001271,0.464623503495,0.245454545455,1.16774841624,0.642261628933,0.336363636364,1.94000937205,1.06700515463,0.536363636364,1.05689877454,0.347276990411,3.54545454545,3.04338842975,1.05689877454,3.54545454545,0.499047619048,0.4,8,0.0484848484848,0.255555555556,11,11,11,1,0,0.0909090909091,0.636363636364,0.272727272727,11,0.118181818182,3.72727272727,2.36363636364,1.3,1.625,1.43336856898,0.6064251638,0.286713286713,0.603022689156,0.510249967747,0.237762237762,1.40129809949,1.18571377649,0.503496503497,2.05382127221,0.551025219373,7,3.72727272727,2.05382127221,7,0,0,0,0,0.22962962963,11,11,11,1,0,0.0909090909091,0.636363636364,0.272727272727,11,18,0.163636363636,3.11363636364,3.27272727273,1.8,2.25,1.42062726223,0.434080552347,0.227272727273,0.924416277737,0.564921058617,0.292929292929,1.68954001271,1.03249667443,0.525252525253,1.14353419474,0.367266456706,3.875,3.11363636364,1.14353419474,3.875,0.366666666667,0.266666666667,4,0.0242424242424,0.221111111111,11,11,11,1,0,0.0909090909091,0.636363636364,0.272727272727,-2,-0.0181818181818,0.0702479338843,-0.363636363636,-0.2,-0.25,-0.268912750482,-0.030542951148,-0.0181818181818,-0.243332138505,-0.0773405703161,-0.0434343434343,-0.250469359339,-0.0345084801933,-0.0111111111111,0.0866354202056,0.0199894662943,0.329545454545,0.0702479338843,0.0866354202056,0.329545454545,-0.132380952381,-0.133333333333,-4,-0.0242424242424,-0.0344444444444,0,0,0,18,0,2,90,0.9,1,0,0.1,1,0.9,0.947368421053,0.938314863257,0.9,0.9,5,7,0,0,0,0
609,WLNM_dir_neg,0.816326530612,0.542474489796,00:00:02,10,20,18,1172860567,threshold_sweep,0.6,1,0.714285714286,0.833333333333,5,0,2,14,0.714285714286,1,0,0.285714285714,1,0.714285714286,0.833333333333,0.904761904762,0.587301587302,0.769230769231,0.790569415042,0.714285714286,20,13,7,0,20,0,13,0,7,11,20,0.181818181818,3.04338842975,3.63636363636,2,2.5,1.68954001271,0.464623503495,0.245454545455,1.16774841624,0.642261628933,0.336363636364,1.94000937205,1.06700515463,0.536363636364,1.05689877454,0.347276990411,3.54545454545,3.04338842975,1.05689877454,3.54545454545,0.499047619048,0.4,8,0.0484848484848,0.255555555556,11,11,11,1,0,0.0909090909091,0.636363636364,0.272727272727,11,0.118181818182,3.72727272727,2.36363636364,1.3,1.625,1.43336856898,0.6064251638,0.286713286713,0.603022689156,0.510249967747,0.237762237762,1.40129809949,1.18571377649,0.503496503497,2.05382127221,0.551025219373,7,3.72727272727,2.05382127221,7,0,0,0,0,0.22962962963,11,11,11,1,0,0.0909090909091,0.636363636364,0.272727272727,11,18,0.163636363636,3.11363636364,3.27272727273,1.8,2.25,1.42062726223,0.434080552347,0.227272727273,0.924416277737,0.564921058617,0.292929292929,1.68954001271,1.03249667443,0.525252525253,1.14353419474,0.367266456706,3.875,3.11363636364,1.14353419474,3.875,0.366666666667,0.266666666667,4,0.0242424242424,0.221111111111,11,11,11,1,0,0.0909090909091,0.636363636364,0.272727272727,-2,-0.0181818181818,0.0702479338843,-0.363636363636,-0.2,-0.25,-0.268912750482,-0.030542951148,-0.0181818181818,-0.243332138505,-0.0773405703161,-0.0434343434343,-0.250469359339,-0.0345084801933,-0.0111111111111,0.0866354202056,0.0199894662943,0.329545454545,0.0702479338843,0.0866354202056,0.329545454545,-0.132380952381,-0.133333333333,-4,-0.0242424242424,-0.0344444444444,0,0,0,18,0,2,90,0.9,1,0,0.1,1,0.9,0.947368421053,0.938314863257,0.9,0.9,5,7,0,0,0,0
610,WLNM_dir_neg,0.816326530612,0.542474489796,00:00:02,10,20,18,1172860567,threshold_sweep,0.7,1,0.714285714286,0.833333333333,5,0,2,14,0.714285714286,1,0,0.285714285714,1,0.714285714286,0.833333333333,0.904761904762,0.587301587302,0.769230769231,0.790569415042,0.714285714286,20,13,7,0,20,0,13,0,7,11,20,0.181818181818,3.04338842975,3.63636363636,2,2.5,1.68954001271,0.464623503495,0.245454545455,1.16774841624,0.642261628933,0.336363636364,1.94000937205,1.06700515463,0.536363636364,1.05689877454,0.347276990411,3.54545454545,3.04338842975,1.05689877454,3.54545454545,0.499047619048,0.4,8,0.0484848484848,0.255555555556,11,11,11,1,0,0.0909090909091,0.636363636364,0.272727272727,11,0.118181818182,3.72727272727,2.36363636364,1.3,1.625,1.43336856898,0.6064251638,0.286713286713,0.603022689156,0.510249967747,0.237762237762,1.40129809949,1.18571377649,0.503496503497,2.05382127221,0.551025219373,7,3.72727272727,2.05382127221,7,0,0,0,0,0.22962962963,11,11,11,1,0,0.0909090909091,0.636363636364,0.272727272727,11,18,0.163636363636,3.11363636364,3.27272727273,1.8,2.25,1.42062726223,0.434080552347,0.227272727273,0.924416277737,0.564921058617,0.292929292929,1.68954001271,1.03249667443,0.525252525253,1.14353419474,0.367266456706,3.875,3.11363636364,1.14353419474,3.875,0.366666666667,0.266666666667,4,0.0242424242424,0.221111111111,11,11,11,1,0,0.0909090909091,0.636363636364,0.272727272727,-2,-0.0181818181818,0.0702479338843,-0.363636363636,-0.2,-0.25,-0.268912750482,-0.030542951148,-0.0181818181818,-0.243332138505,-0.0773405703161,-0.0434343434343,-0.250469359339,-0.0345084801933,-0.0111111111111,0.0866354202056,0.0199894662943,0.329545454545,0.0702479338843,0.0866354202056,0.329545454545,-0.132380952381,-0.133333333333,-4,-0.0242424242424,-0.0344444444444,0,0,0,18,0,2,90,0.9,1,0,0.1,1,0.9,0.947368421053,0.938314863257,0.9,0.9,5,7,0,0,0,0
611,WLNM_dir_neg,0.816326530612,0.542474489796,00:00:02,10,20,18,1172860567,threshold_sweep,0.8,1,0.714285714286,0.833333333333,5,0,2,14,0.714285714286,1,0,0.285714285714,1,0.714285714286,0.833333333333,0.904761904762,0.587301587302,0.769230769231,0.790569415042,0.714285714286,20,13,7,0,20,0,13,0,7,11,20,0.181818181818,3.04338842975,3.63636363636,2,2.5,1.68954001271,0.464623503495,0.245454545455,1.16774841624,0.642261628933,0.336363636364,1.94000937205,1.06700515463,0.536363636364,1.05689877454,0.347276990411,3.54545454545,3.04338842975,1.05689877454,3.54545454545,0.499047619048,0.4,8,0.0484848484848,0.255555555556,11,11,11,1,0,0.0909090909091,0.636363636364,0.272727272727,11,0.118181818182,3.72727272727,2.36363636364,1.3,1.625,1.43336856898,0.6064251638,0.286713286713,0.603022689156,0.510249967747,0.237762237762,1.40129809949,1.18571377649,0.503496503497,2.05382127221,0.551025219373,7,3.72727272727,2.05382127221,7,0,0,0,0,0.22962962963,11,11,11,1,0,0.0909090909091,0.636363636364,0.272727272727,11,18,0.163636363636,3.11363636364,3.27272727273,1.8,2.25,1.42062726223,0.434080552347,0.227272727273,0.924416277737,0.564921058617,0.292929292929,1.68954001271,1.03249667443,0.525252525253,1.14353419474,0.367266456706,3.875,3.11363636364,1.14353419474,3.875,0.366666666667,0.266666666667,4,0.0242424242424,0.221111111111,11,11,11,1,0,0.0909090909091,0.636363636364,0.272727272727,-2,-0.0181818181818,0.0702479338843,-0.363636363636,-0.2,-0.25,-0.268912750482,-0.030542951148,-0.0181818181818,-0.243332138505,-0.0773405703161,-0.0434343434343,-0.250469359339,-0.0345084801933,-0.0111111111111,0.0866354202056,0.0199894662943,0.329545454545,0.0702479338843,0.0866354202056,0.329545454545,-0.132380952381,-0.133333333333,-4,-0.0242424242424,-0.0344444444444,0,0,0,18,0,2,90,0.9,1,0,0.1,1,0.9,0.947368421053,0.938314863257,0.9,0.9,5,7,0,0,0,0
612,WLNM_dir_neg,0.816326530612,0.542474489796,00:00:02,10,20,18,1172860567,threshold_sweep,0.9,1,0.714285714286,0.833333333333,5,0,2,14,0.714285714286,1,0,0.285714285714,1,0.714285714286,0.833333333333,0.904761904762,0.587301587302,0.769230769231,0.790569415042,0.714285714286,20,13,7,0,20,0,13,0,7,11,20,0.181818181818,3.04338842975,3.63636363636,2,2.5,1.68954001271,0.464623503495,0.245454545455,1.16774841624,0.642261628933,0.336363636364,1.94000937205,1.06700515463,0.536363636364,1.05689877454,0.347276990411,3.54545454545,3.04338842975,1.05689877454,3.54545454545,0.499047619048,0.4,8,0.0484848484848,0.255555555556,11,11,11,1,0,0.0909090909091,0.636363636364,0.272727272727,11,0.118181818182,3.72727272727,2.36363636364,1.3,1.625,1.43336856898,0.6064251638,0.286713286713,0.603022689156,0.510249967747,0.237762237762,1.40129809949,1.18571377649,0.503496503497,2.05382127221,0.551025219373,7,3.72727272727,2.05382127221,7,0,0,0,0,0.22962962963,11,11,11,1,0,0.0909090909091,0.636363636364,0.272727272727,11,18,0.163636363636,3.11363636364,3.27272727273,1.8,2.25,1.42062726223,0.434080552347,0.227272727273,0.924416277737,0.564921058617,0.292929292929,1.68954001271,1.03249667443,0.525252525253,1.14353419474,0.367266456706,3.875,3.11363636364,1.14353419474,3.875,0.366666666667,0.266666666667,4,0.0242424242424,0.221111111111,11,11,11,1,0,0.0909090909091,0.636363636364,0.272727272727,-2,-0.0181818181818,0.0702479338843,-0.363636363636,-0.2,-0.25,-0.268912750482,-0.030542951148,-0.0181818181818,-0.243332138505,-0.0773405703161,-0.0434343434343,-0.250469359339,-0.0345084801933,-0.0111111111111,0.0866354202056,0.0199894662943,0.329545454545,0.0702479338843,0.0866354202056,0.329545454545,-0.132380952381,-0.133333333333,-4,-0.0242424242424,-0.0344444444444,0,0,0,18,0,2,90,0.9,1,0,0.1,1,0.9,0.947368421053,0.938314863257,0.9,0.9,5,7,0,0,0,0
613,WLNM_dir_neg,0.897959183673,0.726731601732,00:00:02,10,20,19,1172860568,threshold_sweep,0.1,0.625,0.714285714286,0.666666666667,5,3,2,11,0.714285714286,0.785714285714,0.214285714286,0.285714285714,0.625,0.714285714286,0.666666666667,0.761904761905,0.539682539683,0.48275862069,0.485362671697,0.5,20,13,7,0,20,0,13,0,7,11,20,0.181818181818,3.04338842975,3.63636363636,2,2.5,1.68954001271,0.464623503495,0.245454545455,1.16774841624,0.642261628933,0.336363636364,1.94000937205,1.06700515463,0.536363636364,1.05689877454,0.347276990411,3.54545454545,3.04338842975,1.05689877454,3.54545454545,0.499047619048,0.4,8,0.0484848484848,0.255555555556,11,11,11,1,0,0.0909090909091,0.636363636364,0.272727272727,11,0.118181818182,3.72727272727,2.36363636364,1.3,1.625,1.43336856898,0.6064251638,0.286713286713,0.603022689156,0.510249967747,0.237762237762,1.40129809949,1.18571377649,0.503496503497,2.05382127221,0.551025219373,7,3.72727272727,2.05382127221,7,0,0,0,0,0.22962962963,11,11,11,1,0,0.0909090909091,0.636363636364,0.272727272727,11,21,0.190909090909,3.28409090909,3.81818181818,2.1,2.625,1.40129809949,0.367006645105,0.190476190476,1.13618180363,0.595142849523,0.30303030303,1.81408629643,0.950235679084,0.502164502165,1.17936808966,0.359115542872,3.875,3.28409090909,1.17936808966,3.875,0.393333333333,0.338709677419,7,0.0424242424242,0.214074074074,11,11,11,1,0,0.0909090909091,0.636363636364,0.272727272727,1,0.00909090909091,0.240702479339,0.181818181818,0.1,0.125,-0.288241913218,-0.0976168583903,-0.0549783549784,-0.0315666126082,-0.0471187794107,-0.0333333333333,-0.125923075615,-0.116769475542,-0.0341991341991,0.122469315123,0.011838552461,0.329545454545,0.240702479339,0.122469315123,0.329545454545,-0.105714285714,-0.0612903225806,-1,-0.00606060606061,-0.0414814814815,0,0,0,18,3,2,87,0.9,0.966666666667,0.0333333333333,0.1,0.857142857143,0.9,0.878048780488,0.850518363956,0.866666666667,0.782608695652,8,7,0,0,0,0
614,WLNM_dir_neg,0.897959183673,0.726731601732,00:00:02,10,20,19,1172860568,threshold_sweep,0.2,0.625,0.714285714286,0.666666666667,5,3,2,11,0.714285714286,0.785714285714,0.214285714286,0.285714285714,0.625,0.714285714286,0.666666666667,0.761904761905,0.539682539683,0.48275862069,0.485362671697,0.5,20,13,7,0,20,0,13,0,7,11,20,0.181818181818,3.04338842975,3.63636363636,2,2.5,1.68954001271,0.464623503495,0.245454545455,1.16774841624,0.642261628933,0.336363636364,1.94000937205,1.06700515463,0.536363636364,1.05689877454,0.347276990411,3.54545454545,3.04338842975,1.05689877454,3.54545454545,0.499047619048,0.4,8,0.0484848484848,0.255555555556,11,11,11,1,0,0.0909090909091,0.636363636364,0.272727272727,11,0.118181818182,3.72727272727,2.36363636364,1.3,1.625,1.43336856898,0.6064251638,0.286713286713,0.603022689156,0.510249967747,0.237762237762,1.40129809949,1.18571377649,0.503496503497,2.05382127221,0.551025219373,7,3.72727272727,2.05382127221,7,0,0,0,0,0.22962962963,11,11,11,1,0,0.0909090909091,0.636363636364,0.272727272727,11,21,0.190909090909,3.28409090909,3.81818181818,2.1,2.625,1.40129809949,0.367006645105,0.190476190476,1.13618180363,0.595142849523,0.30303030303,1.81408629643,0.950235679084,0.502164502165,1.17936808966,0.359115542872,3.875,3.28409090909,1.17936808966,3.875,0.393333333333,0.338709677419,7,0.0424242424242,0.214074074074,11,11,11,1,0,0.0909090909091,0.636363636364,0.272727272727,1,0.00909090909091,0.240702479339,0.181818181818,0.1,0.125,-0.288241913218,-0.0976168583903,-0.0549783549784,-0.0315666126082,-0.0471187794107,-0.0333333333333,-0.125923075615,-0.116769475542,-0.0341991341991,0.122469315123,0.011838552461,0.329545454545,0.240702479339,0.122469315123,0.329545454545,-0.105714285714,-0.0612903225806,-1,-0.00606060606061,-0.0414814814815,0,0,0,18,3,2,87,0.9,0.966666666667,0.0333333333333,0.1,0.857142857143,0.9,0.878048780488,0.850518363956,0.866666666667,0.782608695652,8,7,0,0,0,0
615,WLNM_dir_neg,0.897959183673,0.726731601732,00:00:02,10,20,19,1172860568,threshold_sweep,0.3,0.625,0.714285714286,0.666666666667,5,3,2,11,0.714285714286,0.785714285714,0.214285714286,0.285714285714,0.625,0.714285714286,0.666666666667,0.761904761905,0.539682539683,0.48275862069,0.485362671697,0.5,20,13,7,0,20,0,13,0,7,11,20,0.181818181818,3.04338842975,3.63636363636,2,2.5,1.68954001271,0.464623503495,0.245454545455,1.16774841624,0.642261628933,0.336363636364,1.94000937205,1.06700515463,0.536363636364,1.05689877454,0.347276990411,3.54545454545,3.04338842975,1.05689877454,3.54545454545,0.499047619048,0.4,8,0.0484848484848,0.255555555556,11,11,11,1,0,0.0909090909091,0.636363636364,0.272727272727,11,0.118181818182,3.72727272727,2.36363636364,1.3,1.625,1.43336856898,0.6064251638,0.286713286713,0.603022689156,0.510249967747,0.237762237762,1.40129809949,1.18571377649,0.503496503497,2.05382127221,0.551025219373,7,3.72727272727,2.05382127221,7,0,0,0,0,0.22962962963,11,11,11,1,0,0.0909090909091,0.636363636364,0.272727272727,11,21,0.190909090909,3.28409090909,3.81818181818,2.1,2.625,1.40129809949,0.367006645105,0.190476190476,1.13618180363,0.595142849523,0.30303030303,1.81408629643,0.950235679084,0.502164502165,1.17936808966,0.359115542872,3.875,3.28409090909,1.17936808966,3.875,0.393333333333,0.338709677419,7,0.0424242424242,0.214074074074,11,11,11,1,0,0.0909090909091,0.636363636364,0.272727272727,1,0.00909090909091,0.240702479339,0.181818181818,0.1,0.125,-0.288241913218,-0.0976168583903,-0.0549783549784,-0.0315666126082,-0.0471187794107,-0.0333333333333,-0.125923075615,-0.116769475542,-0.0341991341991,0.122469315123,0.011838552461,0.329545454545,0.240702479339,0.122469315123,0.329545454545,-0.105714285714,-0.0612903225806,-1,-0.00606060606061,-0.0414814814815,0,0,0,18,3,2,87,0.9,0.966666666667,0.0333333333333,0.1,0.857142857143,0.9,0.878048780488,0.850518363956,0.866666666667,0.782608695652,8,7,0,0,0,0
616,WLNM_dir_neg,0.897959183673,0.726731601732,00:00:02,10,20,19,1172860568,threshold_sweep,0.4,0.833333333333,0.714285714286,0.769230769231,5,1,2,13,0.714285714286,0.928571428571,0.0714285714286,0.285714285714,0.833333333333,0.714285714286,0.769230769231,0.857142857143,0.571428571429,0.666666666667,0.67082039325,0.642857142857,20,13,7,0,20,0,13,0,7,11,20,0.181818181818,3.04338842975,3.63636363636,2,2.5,1.68954001271,0.464623503495,0.245454545455,1.16774841624,0.642261628933,0.336363636364,1.94000937205,1.06700515463,0.536363636364,1.05689877454,0.347276990411,3.54545454545,3.04338842975,1.05689877454,3.54545454545,0.499047619048,0.4,8,0.0484848484848,0.255555555556,11,11,11,1,0,0.0909090909091,0.636363636364,0.272727272727,11,0.118181818182,3.72727272727,2.36363636364,1.3,1.625,1.43336856898,0.6064251638,0.286713286713,0.603022689156,0.510249967747,0.237762237762,1.40129809949,1.18571377649,0.503496503497,2.05382127221,0.551025219373,7,3.72727272727,2.05382127221,7,0,0,0,0,0.22962962963,11,11,11,1,0,0.0909090909091,0.636363636364,0.272727272727,11,19,0.172727272727,3.17803030303,3.45454545455,1.9,2.375,1.43969693781,0.416754376733,0.215311004785,1.00904995822,0.584186817916,0.306220095694,1.67874411933,0.971904490138,0.507177033493,1.20143012424,0.378042375208,3.875,3.17803030303,1.20143012424,3.875,0.393333333333,0.3,5,0.030303030303,0.223703703704,11,11,11,1,0,0.0909090909091,0.636363636364,0.272727272727,-1,-0.00909090909091,0.134641873278,-0.181818181818,-0.1,-0.125,-0.249843074903,-0.0478691267618,-0.0301435406699,-0.158698458023,-0.058074811017,-0.0301435406699,-0.26126525272,-0.0951006644889,-0.0291866028708,0.144531349704,0.0307653847969,0.329545454545,0.134641873278,0.144531349704,0.329545454545,-0.105714285714,-0.1,-3,-0.0181818181818,-0.0318518518519,0,0,0,18,1,2,89,0.9,0.988888888889,0.0111111111111,0.1,0.947368421053,0.9,0.923076923077,0.906956031802,0.888888888889,0.857142857143,6,7,0,0,0,0
617,WLNM_dir_neg,0.897959183673,0.726731601732,00:00:02,10,20,19,1172860568,threshold_sweep,0.5,0.833333333333,0.714285714286,0.769230769231,5,1,2,13,0.714285714286,0.928571428571,0.0714285714286,0.285714285714,0.833333333333,0.714285714286,0.769230769231,0.857142857143,0.571428571429,0.666666666667,0.67082039325,0.642857142857,20,13,7,0,20,0,13,0,7,11,20,0.181818181818,3.04338842975,3.63636363636,2,2.5,1.68954001271,0.464623503495,0.245454545455,1.16774841624,0.642261628933,0.336363636364,1.94000937205,1.06700515463,0.536363636364,1.05689877454,0.347276990411,3.54545454545,3.04338842975,1.05689877454,3.54545454545,0.499047619048,0.4,8,0.0484848484848,0.255555555556,11,11,11,1,0,0.0909090909091,0.636363636364,0.272727272727,11,0.118181818182,3.72727272727,2.36363636364,1.3,1.625,1.43336856898,0.6064251638,0.286713286713,0.603022689156,0.510249967747,0.237762237762,1.40129809949,1.18571377649,0.503496503497,2.05382127221,0.551025219373,7,3.72727272727,2.05382127221,7,0,0,0,0,0.22962962963,11,11,11,1,0,0.0909090909091,0.636363636364,0.272727272727,11,19,0.172727272727,3.17803030303,3.45454545455,1.9,2.375,1.43969693781,0.416754376733,0.215311004785,1.00904995822,0.584186817916,0.306220095694,1.67874411933,0.971904490138,0.507177033493,1.20143012424,0.378042375208,3.875,3.17803030303,1.20143012424,3.875,0.393333333333,0.3,5,0.030303030303,0.223703703704,11,11,11,1,0,0.0909090909091,0.636363636364,0.272727272727,-1,-0.00909090909091,0.134641873278,-0.181818181818,-0.1,-0.125,-0.249843074903,-0.0478691267618,-0.0301435406699,-0.158698458023,-0.058074811017,-0.0301435406699,-0.26126525272,-0.0951006644889,-0.0291866028708,0.144531349704,0.0307653847969,0.329545454545,0.134641873278,0.144531349704,0.329545454545,-0.105714285714,-0.1,-3,-0.0181818181818,-0.0318518518519,0,0,0,18,1,2,89,0.9,0.988888888889,0.0111111111111,0.1,0.947368421053,0.9,0.923076923077,0.906956031802,0.888888888889,0.857142857143,6,7,0,0,0,0
618,WLNM_dir_neg,0.897959183673,0.726731601732,00:00:02,10,20,19,1172860568,threshold_sweep,0.6,0.833333333333,0.714285714286,0.769230769231,5,1,2,13,0.714285714286,0.928571428571,0.0714285714286,0.285714285714,0.833333333333,0.714285714286,0.769230769231,0.857142857143,0.571428571429,0.666666666667,0.67082039325,0.642857142857,20,13,7,0,20,0,13,0,7,11,20,0.181818181818,3.04338842975,3.63636363636,2,2.5,1.68954001271,0.464623503495,0.245454545455,1.16774841624,0.642261628933,0.336363636364,1.94000937205,1.06700515463,0.536363636364,1.05689877454,0.347276990411,3.54545454545,3.04338842975,1.05689877454,3.54545454545,0.499047619048,0.4,8,0.0484848484848,0.255555555556,11,11,11,1,0,0.0909090909091,0.636363636364,0.272727272727,11,0.118181818182,3.72727272727,2.36363636364,1.3,1.625,1.43336856898,0.6064251638,0.286713286713,0.603022689156,0.510249967747,0.237762237762,1.40129809949,1.18571377649,0.503496503497,2.05382127221,0.551025219373,7,3.72727272727,2.05382127221,7,0,0,0,0,0.22962962963,11,11,11,1,0,0.0909090909091,0.636363636364,0.272727272727,11,19,0.172727272727,3.17803030303,3.45454545455,1.9,2.375,1.43969693781,0.416754376733,0.215311004785,1.00904995822,0.584186817916,0.306220095694,1.67874411933,0.971904490138,0.507177033493,1.20143012424,0.378042375208,3.875,3.17803030303,1.20143012424,3.875,0.393333333333,0.3,5,0.030303030303,0.223703703704,11,11,11,1,0,0.0909090909091,0.636363636364,0.272727272727,-1,-0.00909090909091,0.134641873278,-0.181818181818,-0.1,-0.125,-0.249843074903,-0.0478691267618,-0.0301435406699,-0.158698458023,-0.058074811017,-0.0301435406699,-0.26126525272,-0.0951006644889,-0.0291866028708,0.144531349704,0.0307653847969,0.329545454545,0.134641873278,0.144531349704,0.329545454545,-0.105714285714,-0.1,-3,-0.0181818181818,-0.0318518518519,0,0,0,18,1,2,89,0.9,0.988888888889,0.0111111111111,0.1,0.947368421053,0.9,0.923076923077,0.906956031802,0.888888888889,0.857142857143,6,7,0,0,0,0
619,WLNM_dir_neg,0.897959183673,0.726731601732,00:00:02,10,20,19,1172860568,threshold_sweep,0.7,0.833333333333,0.714285714286,0.769230769231,5,1,2,13,0.714285714286,0.928571428571,0.0714285714286,0.285714285714,0.833333333333,0.714285714286,0.769230769231,0.857142857143,0.571428571429,0.666666666667,0.67082039325,0.642857142857,20,13,7,0,20,0,13,0,7,11,20,0.181818181818,3.04338842975,3.63636363636,2,2.5,1.68954001271,0.464623503495,0.245454545455,1.16774841624,0.642261628933,0.336363636364,1.94000937205,1.06700515463,0.536363636364,1.05689877454,0.347276990411,3.54545454545,3.04338842975,1.05689877454,3.54545454545,0.499047619048,0.4,8,0.0484848484848,0.255555555556,11,11,11,1,0,0.0909090909091,0.636363636364,0.272727272727,11,0.118181818182,3.72727272727,2.36363636364,1.3,1.625,1.43336856898,0.6064251638,0.286713286713,0.603022689156,0.510249967747,0.237762237762,1.40129809949,1.18571377649,0.503496503497,2.05382127221,0.551025219373,7,3.72727272727,2.05382127221,7,0,0,0,0,0.22962962963,11,11,11,1,0,0.0909090909091,0.636363636364,0.272727272727,11,19,0.172727272727,3.17803030303,3.45454545455,1.9,2.375,1.43969693781,0.416754376733,0.215311004785,1.00904995822,0.584186817916,0.306220095694,1.67874411933,0.971904490138,0.507177033493,1.20143012424,0.378042375208,3.875,3.17803030303,1.20143012424,3.875,0.393333333333,0.3,5,0.030303030303,0.223703703704,11,11,11,1,0,0.0909090909091,0.636363636364,0.272727272727,-1,-0.00909090909091,0.134641873278,-0.181818181818,-0.1,-0.125,-0.249843074903,-0.0478691267618,-0.0301435406699,-0.158698458023,-0.058074811017,-0.0301435406699,-0.26126525272,-0.0951006644889,-0.0291866028708,0.144531349704,0.0307653847969,0.329545454545,0.134641873278,0.144531349704,0.329545454545,-0.105714285714,-0.1,-3,-0.0181818181818,-0.0318518518519,0,0,0,18,1,2,89,0.9,0.988888888889,0.0111111111111,0.1,0.947368421053,0.9,0.923076923077,0.906956031802,0.888888888889,0.857142857143,6,7,0,0,0,0
620,WLNM_dir_neg,0.897959183673,0.726731601732,00:00:02,10,20,19,1172860568,threshold_sweep,0.8,0.833333333333,0.714285714286,0.769230769231,5,1,2,13,0.714285714286,0.928571428571,0.0714285714286,0.285714285714,0.833333333333,0.714285714286,0.769230769231,0.857142857143,0.571428571429,0.666666666667,0.67082039325,0.642857142857,20,13,7,0,20,0,13,0,7,11,20,0.181818181818,3.04338842975,3.63636363636,2,2.5,1.68954001271,0.464623503495,0.245454545455,1.16774841624,0.642261628933,0.336363636364,1.94000937205,1.06700515463,0.536363636364,1.05689877454,0.347276990411,3.54545454545,3.04338842975,1.05689877454,3.54545454545,0.499047619048,0.4,8,0.0484848484848,0.255555555556,11,11,11,1,0,0.0909090909091,0.636363636364,0.272727272727,11,0.118181818182,3.72727272727,2.36363636364,1.3,1.625,1.43336856898,0.6064251638,0.286713286713,0.603022689156,0.510249967747,0.237762237762,1.40129809949,1.18571377649,0.503496503497,2.05382127221,0.551025219373,7,3.72727272727,2.05382127221,7,0,0,0,0,0.22962962963,11,11,11,1,0,0.0909090909091,0.636363636364,0.272727272727,11,19,0.172727272727,3.17803030303,3.45454545455,1.9,2.375,1.43969693781,0.416754376733,0.215311004785,1.00904995822,0.584186817916,0.306220095694,1.67874411933,0.971904490138,0.507177033493,1.20143012424,0.378042375208,3.875,3.17803030303,1.20143012424,3.875,0.393333333333,0.3,5,0.030303030303,0.223703703704,11,11,11,1,0,0.0909090909091,0.636363636364,0.272727272727,-1,-0.00909090909091,0.134641873278,-0.181818181818,-0.1,-0.125,-0.249843074903,-0.0478691267618,-0.0301435406699,-0.158698458023,-0.058074811017,-0.0301435406699,-0.26126525272,-0.0951006644889,-0.0291866028708,0.144531349704,0.0307653847969,0.329545454545,0.134641873278,0.144531349704,0.329545454545,-0.105714285714,-0.1,-3,-0.0181818181818,-0.0318518518519,0,0,0,18,1,2,89,0.9,0.988888888889,0.0111111111111,0.1,0.947368421053,0.9,0.923076923077,0.906956031802,0.888888888889,0.857142857143,6,7,0,0,0,0
621,WLNM_dir_neg,0.897959183673,0.726731601732,00:00:02,10,20,19,1172860568,threshold_sweep,0.9,0.833333333333,0.714285714286,0.769230769231,5,1,2,13,0.714285714286,0.928571428571,0.0714285714286,0.285714285714,0.833333333333,0.714285714286,0.769230769231,0.857142857143,0.571428571429,0.666666666667,0.67082039325,0.642857142857,20,13,7,0,20,0,13,0,7,11,20,0.181818181818,3.04338842975,3.63636363636,2,2.5,1.68954001271,0.464623503495,0.245454545455,1.16774841624,0.642261628933,0.336363636364,1.94000937205,1.06700515463,0.536363636364,1.05689877454,0.347276990411,3.54545454545,3.04338842975,1.05689877454,3.54545454545,0.499047619048,0.4,8,0.0484848484848,0.255555555556,11,11,11,1,0,0.0909090909091,0.636363636364,0.272727272727,11,0.118181818182,3.72727272727,2.36363636364,1.3,1.625,1.43336856898,0.6064251638,0.286713286713,0.603022689156,0.510249967747,0.237762237762,1.40129809949,1.18571377649,0.503496503497,2.05382127221,0.551025219373,7,3.72727272727,2.05382127221,7,0,0,0,0,0.22962962963,11,11,11,1,0,0.0909090909091,0.636363636364,0.272727272727,11,19,0.172727272727,3.17803030303,3.45454545455,1.9,2.375,1.43969693781,0.416754376733,0.215311004785,1.00904995822,0.584186817916,0.306220095694,1.67874411933,0.971904490138,0.507177033493,1.20143012424,0.378042375208,3.875,3.17803030303,1.20143012424,3.875,0.393333333333,0.3,5,0.030303030303,0.223703703704,11,11,11,1,0,0.0909090909091,0.636363636364,0.272727272727,-1,-0.00909090909091,0.134641873278,-0.181818181818,-0.1,-0.125,-0.249843074903,-0.0478691267618,-0.0301435406699,-0.158698458023,-0.058074811017,-0.0301435406699,-0.26126525272,-0.0951006644889,-0.0291866028708,0.144531349704,0.0307653847969,0.329545454545,0.134641873278,0.144531349704,0.329545454545,-0.105714285714,-0.1,-3,-0.0181818181818,-0.0318518518519,0,0,0,18,1,2,89,0.9,0.988888888889,0.0111111111111,0.1,0.947368421053,0.9,0.923076923077,0.906956031802,0.888888888889,0.857142857143,6,7,0,0,0,0
622,WLNM_dir_neg,0.928571428571,0.623495552067,00:00:02,10,20,20,1172860569,threshold_sweep,0.1,0.857142857143,0.857142857143,0.857142857143,6,1,1,13,0.857142857143,0.928571428571,0.0714285714286,0.142857142857,0.857142857143,0.857142857143,0.857142857143,0.904761904762,0.555555555556,0.785714285714,0.785714285714,0.785714285714,20,13,7,0,20,0,13,0,7,11,20,0.181818181818,3.04338842975,3.63636363636,2,2.5,1.68954001271,0.464623503495,0.245454545455,1.16774841624,0.642261628933,0.336363636364,1.94000937205,1.06700515463,0.536363636364,1.05689877454,0.347276990411,3.54545454545,3.04338842975,1.05689877454,3.54545454545,0.499047619048,0.4,8,0.0484848484848,0.255555555556,11,11,11,1,0,0.0909090909091,0.636363636364,0.272727272727,11,0.118181818182,3.72727272727,2.36363636364,1.3,1.625,1.43336856898,0.6064251638,0.286713286713,0.603022689156,0.510249967747,0.237762237762,1.40129809949,1.18571377649,0.503496503497,2.05382127221,0.551025219373,7,3.72727272727,2.05382127221,7,0,0,0,0,0.22962962963,11,11,11,1,0,0.0909090909091,0.636363636364,0.272727272727,11,20,0.181818181818,3.10511363636,3.63636363636,2,2.22222222222,1.62927758671,0.448051336344,0.231818181818,1.16774841624,0.642261628933,0.336363636364,1.83402190926,1.00871205009,0.490909090909,1.13417140281,0.365259225791,3.8515625,3.10511363636,1.13417140281,3.8515625,0.465714285714,0.35,7,0.0424242424242,0.235925925926,11,11,11,1,0,0.0909090909091,0.727272727273,0.181818181818,0,0,0.0617252066116,0,0,-0.277777777778,-0.0602624260023,-0.0165721671506,-0.0136363636364,0,0,0,-0.105987462791,-0.0582931045351,-0.0454545454545,0.0772726282729,0.0179822353792,0.306107954545,0.0617252066116,0.0772726282729,0.306107954545,-0.0333333333333,-0.05,-1,-0.00606060606061,-0.0196296296296,0,0.0909090909091,-0.0909090909091,19,1,1,89,0.95,0.988888888889,0.0111111111111,0.05,0.95,0.95,0.95,0.938888888889,0.938888888889,0.904761904762,7,7,0,0,0,0
623,WLNM_dir_neg,0.928571428571,0.623495552067,00:00:02,10,20,20,1172860569,threshold_sweep,0.2,0.857142857143,0.857142857143,0.857142857143,6,1,1,13,0.857142857143,0.928571428571,0.0714285714286,0.142857142857,0.857142857143,0.857142857143,0.857142857143,0.904761904762,0.555555555556,0.785714285714,0.785714285714,0.785714285714,20,13,7,0,20,0,13,0,7,11,20,0.181818181818,3.04338842975,3.63636363636,2,2.5,1.68954001271,0.464623503495,0.245454545455,1.16774841624,0.642261628933,0.336363636364,1.94000937205,1.06700515463,0.536363636364,1.05689877454,0.347276990411,3.54545454545,3.04338842975,1.05689877454,3.54545454545,0.499047619048,0.4,8,0.0484848484848,0.255555555556,11,11,11,1,0,0.0909090909091,0.636363636364,0.272727272727,11,0.118181818182,3.72727272727,2.36363636364,1.3,1.625,1.43336856898,0.6064251638,0.286713286713,0.603022689156,0.510249967747,0.237762237762,1.40129809949,1.18571377649,0.503496503497,2.05382127221,0.551025219373,7,3.72727272727,2.05382127221,7,0,0,0,0,0.22962962963,11,11,11,1,0,0.0909090909091,0.636363636364,0.272727272727,11,20,0.181818181818,3.10511363636,3.63636363636,2,2.22222222222,1.62927758671,0.448051336344,0.231818181818,1.16774841624,0.642261628933,0.336363636364,1.83402190926,1.00871205009,0.490909090909,1.13417140281,0.365259225791,3.8515625,3.10511363636,1.13417140281,3.8515625,0.465714285714,0.35,7,0.0424242424242,0.235925925926,11,11,11,1,0,0.0909090909091,0.727272727273,0.181818181818,0,0,0.0617252066116,0,0,-0.277777777778,-0.0602624260023,-0.0165721671506,-0.0136363636364,0,0,0,-0.105987462791,-0.0582931045351,-0.0454545454545,0.0772726282729,0.0179822353792,0.306107954545,0.0617252066116,0.0772726282729,0.306107954545,-0.0333333333333,-0.05,-1,-0.00606060606061,-0.0196296296296,0,0.0909090909091,-0.0909090909091,19,1,1,89,0.95,0.988888888889,0.0111111111111,0.05,0.95,0.95,0.95,0.938888888889,0.938888888889,0.904761904762,7,7,0,0,0,0
624,WLNM_dir_neg,0.928571428571,0.623495552067,00:00:02,10,20,20,1172860569,threshold_sweep,0.3,0.857142857143,0.857142857143,0.857142857143,6,1,1,13,0.857142857143,0.928571428571,0.0714285714286,0.142857142857,0.857142857143,0.857142857143,0.857142857143,0.904761904762,0.555555555556,0.785714285714,0.785714285714,0.785714285714,20,13,7,0,20,0,13,0,7,11,20,0.181818181818,3.04338842975,3.63636363636,2,2.5,1.68954001271,0.464623503495,0.245454545455,1.16774841624,0.642261628933,0.336363636364,1.94000937205,1.06700515463,0.536363636364,1.05689877454,0.347276990411,3.54545454545,3.04338842975,1.05689877454,3.54545454545,0.499047619048,0.4,8,0.0484848484848,0.255555555556,11,11,11,1,0,0.0909090909091,0.636363636364,0.272727272727,11,0.118181818182,3.72727272727,2.36363636364,1.3,1.625,1.43336856898,0.6064251638,0.286713286713,0.603022689156,0.510249967747,0.237762237762,1.40129809949,1.18571377649,0.503496503497,2.05382127221,0.551025219373,7,3.72727272727,2.05382127221,7,0,0,0,0,0.22962962963,11,11,11,1,0,0.0909090909091,0.636363636364,0.272727272727,11,20,0.181818181818,3.10511363636,3.63636363636,2,2.22222222222,1.62927758671,0.448051336344,0.231818181818,1.16774841624,0.642261628933,0.336363636364,1.83402190926,1.00871205009,0.490909090909,1.13417140281,0.365259225791,3.8515625,3.10511363636,1.13417140281,3.8515625,0.465714285714,0.35,7,0.0424242424242,0.235925925926,11,11,11,1,0,0.0909090909091,0.727272727273,0.181818181818,0,0,0.0617252066116,0,0,-0.277777777778,-0.0602624260023,-0.0165721671506,-0.0136363636364,0,0,0,-0.105987462791,-0.0582931045351,-0.0454545454545,0.0772726282729,0.0179822353792,0.306107954545,0.0617252066116,0.0772726282729,0.306107954545,-0.0333333333333,-0.05,-1,-0.00606060606061,-0.0196296296296,0,0.0909090909091,-0.0909090909091,19,1,1,89,0.95,0.988888888889,0.0111111111111,0.05,0.95,0.95,0.95,0.938888888889,0.938888888889,0.904761904762,7,7,0,0,0,0
625,WLNM_dir_neg,0.928571428571,0.623495552067,00:00:02,10,20,20,1172860569,threshold_sweep,0.4,0.857142857143,0.857142857143,0.857142857143,6,1,1,13,0.857142857143,0.928571428571,0.0714285714286,0.142857142857,0.857142857143,0.857142857143,0.857142857143,0.904761904762,0.555555555556,0.785714285714,0.785714285714,0.785714285714,20,13,7,0,20,0,13,0,7,11,20,0.181818181818,3.04338842975,3.63636363636,2,2.5,1.68954001271,0.464623503495,0.245454545455,1.16774841624,0.642261628933,0.336363636364,1.94000937205,1.06700515463,0.536363636364,1.05689877454,0.347276990411,3.54545454545,3.04338842975,1.05689877454,3.54545454545,0.499047619048,0.4,8,0.0484848484848,0.255555555556,11,11,11,1,0,0.0909090909091,0.636363636364,0.272727272727,11,0.118181818182,3.72727272727,2.36363636364,1.3,1.625,1.43336856898,0.6064251638,0.286713286713,0.603022689156,0.510249967747,0.237762237762,1.40129809949,1.18571377649,0.503496503497,2.05382127221,0.551025219373,7,3.72727272727,2.05382127221,7,0,0,0,0,0.22962962963,11,11,11,1,0,0.0909090909091,0.636363636364,0.272727272727,11,20,0.181818181818,3.10511363636,3.63636363636,2,2.22222222222,1.62927758671,0.448051336344,0.231818181818,1.16774841624,0.642261628933,0.336363636364,1.83402190926,1.00871205009,0.490909090909,1.13417140281,0.365259225791,3.8515625,3.10511363636,1.13417140281,3.8515625,0.465714285714,0.35,7,0.0424242424242,0.235925925926,11,11,11,1,0,0.0909090909091,0.727272727273,0.181818181818,0,0,0.0617252066116,0,0,-0.277777777778,-0.0602624260023,-0.0165721671506,-0.0136363636364,0,0,0,-0.105987462791,-0.0582931045351,-0.0454545454545,0.0772726282729,0.0179822353792,0.306107954545,0.0617252066116,0.0772726282729,0.306107954545,-0.0333333333333,-0.05,-1,-0.00606060606061,-0.0196296296296,0,0.0909090909091,-0.0909090909091,19,1,1,89,0.95,0.988888888889,0.0111111111111,0.05,0.95,0.95,0.95,0.938888888889,0.938888888889,0.904761904762,7,7,0,0,0,0
626,WLNM_dir_neg,0.928571428571,0.623495552067,00:00:02,10,20,20,1172860569,threshold_sweep,0.5,0.857142857143,0.857142857143,0.857142857143,6,1,1,13,0.857142857143,0.928571428571,0.0714285714286,0.142857142857,0.857142857143,0.857142857143,0.857142857143,0.904761904762,0.555555555556,0.785714285714,0.785714285714,0.785714285714,20,13,7,0,20,0,13,0,7,11,20,0.181818181818,3.04338842975,3.63636363636,2,2.5,1.68954001271,0.464623503495,0.245454545455,1.16774841624,0.642261628933,0.336363636364,1.94000937205,1.06700515463,0.536363636364,1.05689877454,0.347276990411,3.54545454545,3.04338842975,1.05689877454,3.54545454545,0.499047619048,0.4,8,0.0484848484848,0.255555555556,11,11,11,1,0,0.0909090909091,0.636363636364,0.272727272727,11,0.118181818182,3.72727272727,2.36363636364,1.3,1.625,1.43336856898,0.6064251638,0.286713286713,0.603022689156,0.510249967747,0.237762237762,1.40129809949,1.18571377649,0.503496503497,2.05382127221,0.551025219373,7,3.72727272727,2.05382127221,7,0,0,0,0,0.22962962963,11,11,11,1,0,0.0909090909091,0.636363636364,0.272727272727,11,20,0.181818181818,3.10511363636,3.63636363636,2,2.22222222222,1.62927758671,0.448051336344,0.231818181818,1.16774841624,0.642261628933,0.336363636364,1.83402190926,1.00871205009,0.490909090909,1.13417140281,0.365259225791,3.8515625,3.10511363636,1.13417140281,3.8515625,0.465714285714,0.35,7,0.0424242424242,0.235925925926,11,11,11,1,0,0.0909090909091,0.727272727273,0.181818181818,0,0,0.0617252066116,0,0,-0.277777777778,-0.0602624260023,-0.0165721671506,-0.0136363636364,0,0,0,-0.105987462791,-0.0582931045351,-0.0454545454545,0.0772726282729,0.0179822353792,0.306107954545,0.0617252066116,0.0772726282729,0.306107954545,-0.0333333333333,-0.05,-1,-0.00606060606061,-0.0196296296296,0,0.0909090909091,-0.0909090909091,19,1,1,89,0.95,0.988888888889,0.0111111111111,0.05,0.95,0.95,0.95,0.938888888889,0.938888888889,0.904761904762,7,7,0,0,0,0
627,WLNM_dir_neg,0.928571428571,0.623495552067,00:00:02,10,20,20,1172860569,threshold_sweep,0.6,0.857142857143,0.857142857143,0.857142857143,6,1,1,13,0.857142857143,0.928571428571,0.0714285714286,0.142857142857,0.857142857143,0.857142857143,0.857142857143,0.904761904762,0.555555555556,0.785714285714,0.785714285714,0.785714285714,20,13,7,0,20,0,13,0,7,11,20,0.181818181818,3.04338842975,3.63636363636,2,2.5,1.68954001271,0.464623503495,0.245454545455,1.16774841624,0.642261628933,0.336363636364,1.94000937205,1.06700515463,0.536363636364,1.05689877454,0.347276990411,3.54545454545,3.04338842975,1.05689877454,3.54545454545,0.499047619048,0.4,8,0.0484848484848,0.255555555556,11,11,11,1,0,0.0909090909091,0.636363636364,0.272727272727,11,0.118181818182,3.72727272727,2.36363636364,1.3,1.625,1.43336856898,0.6064251638,0.286713286713,0.603022689156,0.510249967747,0.237762237762,1.40129809949,1.18571377649,0.503496503497,2.05382127221,0.551025219373,7,3.72727272727,2.05382127221,7,0,0,0,0,0.22962962963,11,11,11,1,0,0.0909090909091,0.636363636364,0.272727272727,11,20,0.181818181818,3.10511363636,3.63636363636,2,2.22222222222,1.62927758671,0.448051336344,0.231818181818,1.16774841624,0.642261628933,0.336363636364,1.83402190926,1.00871205009,0.490909090909,1.13417140281,0.365259225791,3.8515625,3.10511363636,1.13417140281,3.8515625,0.465714285714,0.35,7,0.0424242424242,0.235925925926,11,11,11,1,0,0.0909090909091,0.727272727273,0.181818181818,0,0,0.0617252066116,0,0,-0.277777777778,-0.0602624260023,-0.0165721671506,-0.0136363636364,0,0,0,-0.105987462791,-0.0582931045351,-0.0454545454545,0.0772726282729,0.0179822353792,0.306107954545,0.0617252066116,0.0772726282729,0.306107954545,-0.0333333333333,-0.05,-1,-0.00606060606061,-0.0196296296296,0,0.0909090909091,-0.0909090909091,19,1,1,89,0.95,0.988888888889,0.0111111111111,0.05,0.95,0.95,0.95,0.938888888889,0.938888888889,0.904761904762,7,7,0,0,0,0
628,WLNM_dir_neg,0.928571428571,0.623495552067,00:00:02,10,20,20,1172860569,threshold_sweep,0.7,0.833333333333,0.714285714286,0.769230769231,5,1,2,13,0.714285714286,0.928571428571,0.0714285714286,0.285714285714,0.833333333333,0.714285714286,0.769230769231,0.857142857143,0.571428571429,0.666666666667,0.67082039325,0.642857142857,20,13,7,0,20,0,13,0,7,11,20,0.181818181818,3.04338842975,3.63636363636,2,2.5,1.68954001271,0.464623503495,0.245454545455,1.16774841624,0.642261628933,0.336363636364,1.94000937205,1.06700515463,0.536363636364,1.05689877454,0.347276990411,3.54545454545,3.04338842975,1.05689877454,3.54545454545,0.499047619048,0.4,8,0.0484848484848,0.255555555556,11,11,11,1,0,0.0909090909091,0.636363636364,0.272727272727,11,0.118181818182,3.72727272727,2.36363636364,1.3,1.625,1.43336856898,0.6064251638,0.286713286713,0.603022689156,0.510249967747,0.237762237762,1.40129809949,1.18571377649,0.503496503497,2.05382127221,0.551025219373,7,3.72727272727,2.05382127221,7,0,0,0,0,0.22962962963,11,11,11,1,0,0.0909090909091,0.636363636364,0.272727272727,11,19,0.172727272727,3.14772727273,3.45454545455,1.9,2.11111111111,1.36847625947,0.396137864583,0.205741626794,1.00904995822,0.584186817916,0.306220095694,1.61807966991,0.936782966791,0.468899521531,1.18338851637,0.375950142385,3.96875,3.14772727273,1.18338851637,3.96875,0.41,0.3,5,0.030303030303,0.214444444444,11,11,11,1,0,0.0909090909091,0.727272727273,0.181818181818,-1,-0.00909090909091,0.104338842975,-0.181818181818,-0.1,-0.388888888889,-0.321063753241,-0.0684856389122,-0.0397129186603,-0.158698458023,-0.058074811017,-0.0301435406699,-0.321929702137,-0.130222187836,-0.0674641148325,0.126489741835,0.0286731519741,0.423295454545,0.104338842975,0.126489741835,0.423295454545,-0.0890476190476,-0.1,-3,-0.0181818181818,-0.0411111111111,0,0.0909090909091,-0.0909090909091,18,1,2,89,0.9,0.988888888889,0.0111111111111,0.1,0.947368421053,0.9,0.923076923077,0.906956031802,0.888888888889,0.857142857143,6,7,0,0,0,0
629,WLNM_dir_neg,0.928571428571,0.623495552067,00:00:02,10,20,20,1172860569,threshold_sweep,0.8,1,0.714285714286,0.833333333333,5,0,2,14,0.714285714286,1,0,0.285714285714,1,0.714285714286,0.833333333333,0.904761904762,0.587301587302,0.769230769231,0.790569415042,0.714285714286,20,13,7,0,20,0,13,0,7,11,20,0.181818181818,3.04338842975,3.63636363636,2,2.5,1.68954001271,0.464623503495,0.245454545455,1.16774841624,0.642261628933,0.336363636364,1.94000937205,1.06700515463,0.536363636364,1.05689877454,0.347276990411,3.54545454545,3.04338842975,1.05689877454,3.54545454545,0.499047619048,0.4,8,0.0484848484848,0.255555555556,11,11,11,1,0,0.0909090909091,0.636363636364,0.272727272727,11,0.118181818182,3.72727272727,2.36363636364,1.3,1.625,1.43336856898,0.6064251638,0.286713286713,0.603022689156,0.510249967747,0.237762237762,1.40129809949,1.18571377649,0.503496503497,2.05382127221,0.551025219373,7,3.72727272727,2.05382127221,7,0,0,0,0,0.22962962963,11,11,11,1,0,0.0909090909091,0.636363636364,0.272727272727,11,18,0.163636363636,3.11363636364,3.27272727273,1.8,2.25,1.42062726223,0.434080552347,0.227272727273,0.924416277737,0.564921058617,0.292929292929,1.68954001271,1.03249667443,0.525252525253,1.14353419474,0.367266456706,3.875,3.11363636364,1.14353419474,3.875,0.366666666667,0.266666666667,4,0.0242424242424,0.221111111111,11,11,11,1,0,0.0909090909091,0.636363636364,0.272727272727,-2,-0.0181818181818,0.0702479338843,-0.363636363636,-0.2,-0.25,-0.268912750482,-0.030542951148,-0.0181818181818,-0.243332138505,-0.0773405703161,-0.0434343434343,-0.250469359339,-0.0345084801933,-0.0111111111111,0.0866354202056,0.0199894662943,0.329545454545,0.0702479338843,0.0866354202056,0.329545454545,-0.132380952381,-0.133333333333,-4,-0.0242424242424,-0.0344444444444,0,0,0,18,0,2,90,0.9,1,0,0.1,1,0.9,0.947368421053,0.938314863257,0.9,0.9,5,7,0,0,0,0
630,WLNM_dir_neg,0.928571428571,0.623495552067,00:00:02,10,20,20,1172860569,threshold_sweep,0.9,1,0.714285714286,0.833333333333,5,0,2,14,0.714285714286,1,0,0.285714285714,1,0.714285714286,0.833333333333,0.904761904762,0.587301587302,0.769230769231,0.790569415042,0.714285714286,20,13,7,0,20,0,13,0,7,11,20,0.181818181818,3.04338842975,3.63636363636,2,2.5,1.68954001271,0.464623503495,0.245454545455,1.16774841624,0.642261628933,0.336363636364,1.94000937205,1.06700515463,0.536363636364,1.05689877454,0.347276990411,3.54545454545,3.04338842975,1.05689877454,3.54545454545,0.499047619048,0.4,8,0.0484848484848,0.255555555556,11,11,11,1,0,0.0909090909091,0.636363636364,0.272727272727,11,0.118181818182,3.72727272727,2.36363636364,1.3,1.625,1.43336856898,0.6064251638,0.286713286713,0.603022689156,0.510249967747,0.237762237762,1.40129809949,1.18571377649,0.503496503497,2.05382127221,0.551025219373,7,3.72727272727,2.05382127221,7,0,0,0,0,0.22962962963,11,11,11,1,0,0.0909090909091,0.636363636364,0.272727272727,11,18,0.163636363636,3.11363636364,3.27272727273,1.8,2.25,1.42062726223,0.434080552347,0.227272727273,0.924416277737,0.564921058617,0.292929292929,1.68954001271,1.03249667443,0.525252525253,1.14353419474,0.367266456706,3.875,3.11363636364,1.14353419474,3.875,0.366666666667,0.266666666667,4,0.0242424242424,0.221111111111,11,11,11,1,0,0.0909090909091,0.636363636364,0.272727272727,-2,-0.0181818181818,0.0702479338843,-0.363636363636,-0.2,-0.25,-0.268912750482,-0.030542951148,-0.0181818181818,-0.243332138505,-0.0773405703161,-0.0434343434343,-0.250469359339,-0.0345084801933,-0.0111111111111,0.0866354202056,0.0199894662943,0.329545454545,0.0702479338843,0.0866354202056,0.329545454545,-0.132380952381,-0.133333333333,-4,-0.0242424242424,-0.0344444444444,0,0,0,18,0,2,90,0.9,1,0,0.1,1,0.9,0.947368421053,0.938314863257,0.9,0.9,5,7,0,0,0,0
631,WLNM_dir_neg,0.918367346939,0.599422799423,00:00:01,10,20,21,1172860570,threshold_sweep,0.1,1,0.571428571429,0.727272727273,4,0,3,14,0.571428571429,1,0,0.428571428571,1,0.571428571429,0.727272727273,0.857142857143,0.603174603175,0.64,0.68599434057,0.571428571429,20,13,7,0,20,0,13,0,7,11,20,0.181818181818,3.04338842975,3.63636363636,2,2.5,1.68954001271,0.464623503495,0.245454545455,1.16774841624,0.642261628933,0.336363636364,1.94000937205,1.06700515463,0.536363636364,1.05689877454,0.347276990411,3.54545454545,3.04338842975,1.05689877454,3.54545454545,0.499047619048,0.4,8,0.0484848484848,0.255555555556,11,11,11,1,0,0.0909090909091,0.636363636364,0.272727272727,11,0.118181818182,3.72727272727,2.36363636364,1.3,1.625,1.43336856898,0.6064251638,0.286713286713,0.603022689156,0.510249967747,0.237762237762,1.40129809949,1.18571377649,0.503496503497,2.05382127221,0.551025219373,7,3.72727272727,2.05382127221,7,0,0,0,0,0.22962962963,11,11,11,1,0,0.0909090909091,0.636363636364,0.272727272727,11,17,0.154545454545,3.17727272727,3.09090909091,1.7,2.125,1.30034960334,0.420701342257,0.208556149733,0.820199532265,0.530717344407,0.267379679144,1.57249078621,1.01749403814,0.513368983957,1.2536673475,0.394573414091,4.4,3.17727272727,1.2536673475,4.4,0.213333333333,0.153846153846,2,0.0121212121212,0.205555555556,11,11,11,1,0,0.0909090909091,0.636363636364,0.272727272727,-3,-0.0272727272727,0.133884297521,-0.545454545455,-0.3,-0.375,-0.389190409368,-0.0439221612377,-0.0368983957219,-0.347548883978,-0.111544284527,-0.0689839572193,-0.367518585835,-0.0495111164884,-0.0229946524064,0.196768572961,0.0472964236795,0.854545454545,0.133884297521,0.196768572961,0.854545454545,-0.285714285714,-0.246153846154,-6,-0.0363636363636,-0.05,0,0,0,17,0,3,90,0.85,1,0,0.15,1,0.85,0.918918918919,0.906962317388,0.85,0.85,4,7,0,0,0,0
632,WLNM_dir_neg,0.918367346939,0.599422799423,00:00:01,10,20,21,1172860570,threshold_sweep,0.2,1,0.571428571429,0.727272727273,4,0,3,14,0.571428571429,1,0,0.428571428571,1,0.571428571429,0.727272727273,0.857142857143,0.603174603175,0.64,0.68599434057,0.571428571429,20,13,7,0,20,0,13,0,7,11,20,0.181818181818,3.04338842975,3.63636363636,2,2.5,1.68954001271,0.464623503495,0.245454545455,1.16774841624,0.642261628933,0.336363636364,1.94000937205,1.06700515463,0.536363636364,1.05689877454,0.347276990411,3.54545454545,3.04338842975,1.05689877454,3.54545454545,0.499047619048,0.4,8,0.0484848484848,0.255555555556,11,11,11,1,0,0.0909090909091,0.636363636364,0.272727272727,11,0.118181818182,3.72727272727,2.36363636364,1.3,1.625,1.43336856898,0.6064251638,0.286713286713,0.603022689156,0.510249967747,0.237762237762,1.40129809949,1.18571377649,0.503496503497,2.05382127221,0.551025219373,7,3.72727272727,2.05382127221,7,0,0,0,0,0.22962962963,11,11,11,1,0,0.0909090909091,0.636363636364,0.272727272727,11,17,0.154545454545,3.17727272727,3.09090909091,1.7,2.125,1.30034960334,0.420701342257,0.208556149733,0.820199532265,0.530717344407,0.267379679144,1.57249078621,1.01749403814,0.513368983957,1.2536673475,0.394573414091,4.4,3.17727272727,1.2536673475,4.4,0.213333333333,0.153846153846,2,0.0121212121212,0.205555555556,11,11,11,1,0,0.0909090909091,0.636363636364,0.272727272727,-3,-0.0272727272727,0.133884297521,-0.545454545455,-0.3,-0.375,-0.389190409368,-0.0439221612377,-0.0368983957219,-0.347548883978,-0.111544284527,-0.0689839572193,-0.367518585835,-0.0495111164884,-0.0229946524064,0.196768572961,0.0472964236795,0.854545454545,0.133884297521,0.196768572961,0.854545454545,-0.285714285714,-0.246153846154,-6,-0.0363636363636,-0.05,0,0,0,17,0,3,90,0.85,1,0,0.15,1,0.85,0.918918918919,0.906962317388,0.85,0.85,4,7,0,0,0,0
633,WLNM_dir_neg,0.918367346939,0.599422799423,00:00:01,10,20,21,1172860570,threshold_sweep,0.3,1,0.571428571429,0.727272727273,4,0,3,14,0.571428571429,1,0,0.428571428571,1,0.571428571429,0.727272727273,0.857142857143,0.603174603175,0.64,0.68599434057,0.571428571429,20,13,7,0,20,0,13,0,7,11,20,0.181818181818,3.04338842975,3.63636363636,2,2.5,1.68954001271,0.464623503495,0.245454545455,1.16774841624,0.642261628933,0.336363636364,1.94000937205,1.06700515463,0.536363636364,1.05689877454,0.347276990411,3.54545454545,3.04338842975,1.05689877454,3.54545454545,0.499047619048,0.4,8,0.0484848484848,0.255555555556,11,11,11,1,0,0.0909090909091,0.636363636364,0.272727272727,11,0.118181818182,3.72727272727,2.36363636364,1.3,1.625,1.43336856898,0.6064251638,0.286713286713,0.603022689156,0.510249967747,0.237762237762,1.40129809949,1.18571377649,0.503496503497,2.05382127221,0.551025219373,7,3.72727272727,2.05382127221,7,0,0,0,0,0.22962962963,11,11,11,1,0,0.0909090909091,0.636363636364,0.272727272727,11,17,0.154545454545,3.17727272727,3.09090909091,1.7,2.125,1.30034960334,0.420701342257,0.208556149733,0.820199532265,0.530717344407,0.267379679144,1.57249078621,1.01749403814,0.513368983957,1.2536673475,0.394573414091,4.4,3.17727272727,1.2536673475,4.4,0.213333333333,0.153846153846,2,0.0121212121212,0.205555555556,11,11,11,1,0,0.0909090909091,0.636363636364,0.272727272727,-3,-0.0272727272727,0.133884297521,-0.545454545455,-0.3,-0.375,-0.389190409368,-0.0439221612377,-0.0368983957219,-0.347548883978,-0.111544284527,-0.0689839572193,-0.367518585835,-0.0495111164884,-0.0229946524064,0.196768572961,0.0472964236795,0.854545454545,0.133884297521,0.196768572961,0.854545454545,-0.285714285714,-0.246153846154,-6,-0.0363636363636,-0.05,0,0,0,17,0,3,90,0.85,1,0,0.15,1,0.85,0.918918918919,0.906962317388,0.85,0.85,4,7,0,0,0,0
634,WLNM_dir_neg,0.918367346939,0.599422799423,00:00:01,10,20,21,1172860570,threshold_sweep,0.4,1,0.571428571429,0.727272727273,4,0,3,14,0.571428571429,1,0,0.428571428571,1,0.571428571429,0.727272727273,0.857142857143,0.603174603175,0.64,0.68599434057,0.571428571429,20,13,7,0,20,0,13,0,7,11,20,0.181818181818,3.04338842975,3.63636363636,2,2.5,1.68954001271,0.464623503495,0.245454545455,1.16774841624,0.642261628933,0.336363636364,1.94000937205,1.06700515463,0.536363636364,1.05689877454,0.347276990411,3.54545454545,3.04338842975,1.05689877454,3.54545454545,0.499047619048,0.4,8,0.0484848484848,0.255555555556,11,11,11,1,0,0.0909090909091,0.636363636364,0.272727272727,11,0.118181818182,3.72727272727,2.36363636364,1.3,1.625,1.43336856898,0.6064251638,0.286713286713,0.603022689156,0.510249967747,0.237762237762,1.40129809949,1.18571377649,0.503496503497,2.05382127221,0.551025219373,7,3.72727272727,2.05382127221,7,0,0,0,0,0.22962962963,11,11,11,1,0,0.0909090909091,0.636363636364,0.272727272727,11,17,0.154545454545,3.17727272727,3.09090909091,1.7,2.125,1.30034960334,0.420701342257,0.208556149733,0.820199532265,0.530717344407,0.267379679144,1.57249078621,1.01749403814,0.513368983957,1.2536673475,0.394573414091,4.4,3.17727272727,1.2536673475,4.4,0.213333333333,0.153846153846,2,0.0121212121212,0.205555555556,11,11,11,1,0,0.0909090909091,0.636363636364,0.272727272727,-3,-0.0272727272727,0.133884297521,-0.545454545455,-0.3,-0.375,-0.389190409368,-0.0439221612377,-0.0368983957219,-0.347548883978,-0.111544284527,-0.0689839572193,-0.367518585835,-0.0495111164884,-0.0229946524064,0.196768572961,0.0472964236795,0.854545454545,0.133884297521,0.196768572961,0.854545454545,-0.285714285714,-0.246153846154,-6,-0.0363636363636,-0.05,0,0,0,17,0,3,90,0.85,1,0,0.15,1,0.85,0.918918918919,0.906962317388,0.85,0.85,4,7,0,0,0,0
635,WLNM_dir_neg,0.918367346939,0.599422799423,00:00:01,10,20,21,1172860570,threshold_sweep,0.5,1,0.571428571429,0.727272727273,4,0,3,14,0.571428571429,1,0,0.428571428571,1,0.571428571429,0.727272727273,0.857142857143,0.603174603175,0.64,0.68599434057,0.571428571429,20,13,7,0,20,0,13,0,7,11,20,0.181818181818,3.04338842975,3.63636363636,2,2.5,1.68954001271,0.464623503495,0.245454545455,1.16774841624,0.642261628933,0.336363636364,1.94000937205,1.06700515463,0.536363636364,1.05689877454,0.347276990411,3.54545454545,3.04338842975,1.05689877454,3.54545454545,0.499047619048,0.4,8,0.0484848484848,0.255555555556,11,11,11,1,0,0.0909090909091,0.636363636364,0.272727272727,11,0.118181818182,3.72727272727,2.36363636364,1.3,1.625,1.43336856898,0.6064251638,0.286713286713,0.603022689156,0.510249967747,0.237762237762,1.40129809949,1.18571377649,0.503496503497,2.05382127221,0.551025219373,7,3.72727272727,2.05382127221,7,0,0,0,0,0.22962962963,11,11,11,1,0,0.0909090909091,0.636363636364,0.272727272727,11,17,0.154545454545,3.17727272727,3.09090909091,1.7,2.125,1.30034960334,0.420701342257,0.208556149733,0.820199532265,0.530717344407,0.267379679144,1.57249078621,1.01749403814,0.513368983957,1.2536673475,0.394573414091,4.4,3.17727272727,1.2536673475,4.4,0.213333333333,0.153846153846,2,0.0121212121212,0.205555555556,11,11,11,1,0,0.0909090909091,0.636363636364,0.272727272727,-3,-0.0272727272727,0.133884297521,-0.545454545455,-0.3,-0.375,-0.389190409368,-0.0439221612377,-0.0368983957219,-0.347548883978,-0.111544284527,-0.0689839572193,-0.367518585835,-0.0495111164884,-0.0229946524064,0.196768572961,0.0472964236795,0.854545454545,0.133884297521,0.196768572961,0.854545454545,-0.285714285714,-0.246153846154,-6,-0.0363636363636,-0.05,0,0,0,17,0,3,90,0.85,1,0,0.15,1,0.85,0.918918918919,0.906962317388,0.85,0.85,4,7,0,0,0,0
636,WLNM_dir_neg,0.918367346939,0.599422799423,00:00:01,10,20,21,1172860570,threshold_sweep,0.6,1,0.571428571429,0.727272727273,4,0,3,14,0.571428571429,1,0,0.428571428571,1,0.571428571429,0.727272727273,0.857142857143,0.603174603175,0.64,0.68599434057,0.571428571429,20,13,7,0,20,0,13,0,7,11,20,0.181818181818,3.04338842975,3.63636363636,2,2.5,1.68954001271,0.464623503495,0.245454545455,1.16774841624,0.642261628933,0.336363636364,1.94000937205,1.06700515463,0.536363636364,1.05689877454,0.347276990411,3.54545454545,3.04338842975,1.05689877454,3.54545454545,0.499047619048,0.4,8,0.0484848484848,0.255555555556,11,11,11,1,0,0.0909090909091,0.636363636364,0.272727272727,11,0.118181818182,3.72727272727,2.36363636364,1.3,1.625,1.43336856898,0.6064251638,0.286713286713,0.603022689156,0.510249967747,0.237762237762,1.40129809949,1.18571377649,0.503496503497,2.05382127221,0.551025219373,7,3.72727272727,2.05382127221,7,0,0,0,0,0.22962962963,11,11,11,1,0,0.0909090909091,0.636363636364,0.272727272727,11,17,0.154545454545,3.17727272727,3.09090909091,1.7,2.125,1.30034960334,0.420701342257,0.208556149733,0.820199532265,0.530717344407,0.267379679144,1.57249078621,1.01749403814,0.513368983957,1.2536673475,0.394573414091,4.4,3.17727272727,1.2536673475,4.4,0.213333333333,0.153846153846,2,0.0121212121212,0.205555555556,11,11,11,1,0,0.0909090909091,0.636363636364,0.272727272727,-3,-0.0272727272727,0.133884297521,-0.545454545455,-0.3,-0.375,-0.389190409368,-0.0439221612377,-0.0368983957219,-0.347548883978,-0.111544284527,-0.0689839572193,-0.367518585835,-0.0495111164884,-0.0229946524064,0.196768572961,0.0472964236795,0.854545454545,0.133884297521,0.196768572961,0.854545454545,-0.285714285714,-0.246153846154,-6,-0.0363636363636,-0.05,0,0,0,17,0,3,90,0.85,1,0,0.15,1,0.85,0.918918918919,0.906962317388,0.85,0.85,4,7,0,0,0,0
637,WLNM_dir_neg,0.918367346939,0.599422799423,00:00:01,10,20,21,1172860570,threshold_sweep,0.7,1,0.428571428571,0.6,3,0,4,14,0.428571428571,1,0,0.571428571429,1,0.428571428571,0.6,0.809523809524,0.619047619048,0.5,0.57735026919,0.428571428571,20,13,7,0,20,0,13,0,7,11,20,0.181818181818,3.04338842975,3.63636363636,2,2.5,1.68954001271,0.464623503495,0.245454545455,1.16774841624,0.642261628933,0.336363636364,1.94000937205,1.06700515463,0.536363636364,1.05689877454,0.347276990411,3.54545454545,3.04338842975,1.05689877454,3.54545454545,0.499047619048,0.4,8,0.0484848484848,0.255555555556,11,11,11,1,0,0.0909090909091,0.636363636364,0.272727272727,11,0.118181818182,3.72727272727,2.36363636364,1.3,1.625,1.43336856898,0.6064251638,0.286713286713,0.603022689156,0.510249967747,0.237762237762,1.40129809949,1.18571377649,0.503496503497,2.05382127221,0.551025219373,7,3.72727272727,2.05382127221,7,0,0,0,0,0.22962962963,11,11,11,1,0,0.0909090909091,0.636363636364,0.272727272727,11,16,0.145454545455,3.25,2.90909090909,1.6,2,1.22102788294,0.41972833476,0.181818181818,0.687551650952,0.47269176003,0.227272727273,1.50755672289,1.03644524699,0.511363636364,1.3758835545,0.423348786001,4.66666666667,3.25,1.3758835545,4.66666666667,0.213333333333,0.176470588235,2,0.0121212121212,0.192592592593,11,11,11,1,0,0.0909090909091,0.636363636364,0.272727272727,-4,-0.0363636363636,0.206611570248,-0.727272727273,-0.4,-0.5,-0.468512129772,-0.0448951687355,-0.0636363636364,-0.48019676529,-0.169569868904,-0.109090909091,-0.43245264916,-0.0305599076407,-0.025,0.318984779967,0.07607179559,1.12121212121,0.206611570248,0.318984779967,1.12121212121,-0.285714285714,-0.223529411765,-6,-0.0363636363636,-0.062962962963,0,0,0,16,0,4,90,0.8,1,0,0.2,1,0.8,0.888888888889,0.875189948987,0.8,0.8,3,7,0,0,0,0
638,WLNM_dir_neg,0.918367346939,0.599422799423,00:00:01,10,20,21,1172860570,threshold_sweep,0.8,1,0.428571428571,0.6,3,0,4,14,0.428571428571,1,0,0.571428571429,1,0.428571428571,0.6,0.809523809524,0.619047619048,0.5,0.57735026919,0.428571428571,20,13,7,0,20,0,13,0,7,11,20,0.181818181818,3.04338842975,3.63636363636,2,2.5,1.68954001271,0.464623503495,0.245454545455,1.16774841624,0.642261628933,0.336363636364,1.94000937205,1.06700515463,0.536363636364,1.05689877454,0.347276990411,3.54545454545,3.04338842975,1.05689877454,3.54545454545,0.499047619048,0.4,8,0.0484848484848,0.255555555556,11,11,11,1,0,0.0909090909091,0.636363636364,0.272727272727,11,0.118181818182,3.72727272727,2.36363636364,1.3,1.625,1.43336856898,0.6064251638,0.286713286713,0.603022689156,0.510249967747,0.237762237762,1.40129809949,1.18571377649,0.503496503497,2.05382127221,0.551025219373,7,3.72727272727,2.05382127221,7,0,0,0,0,0.22962962963,11,11,11,1,0,0.0909090909091,0.636363636364,0.272727272727,11,16,0.145454545455,3.25,2.90909090909,1.6,2,1.22102788294,0.41972833476,0.181818181818,0.687551650952,0.47269176003,0.227272727273,1.50755672289,1.03644524699,0.511363636364,1.3758835545,0.423348786001,4.66666666667,3.25,1.3758835545,4.66666666667,0.213333333333,0.176470588235,2,0.0121212121212,0.192592592593,11,11,11,1,0,0.0909090909091,0.636363636364,0.272727272727,-4,-0.0363636363636,0.206611570248,-0.727272727273,-0.4,-0.5,-0.468512129772,-0.0448951687355,-0.0636363636364,-0.48019676529,-0.169569868904,-0.109090909091,-0.43245264916,-0.0305599076407,-0.025,0.318984779967,0.07607179559,1.12121212121,0.206611570248,0.318984779967,1.12121212121,-0.285714285714,-0.223529411765,-6,-0.0363636363636,-0.062962962963,0,0,0,16,0,4,90,0.8,1,0,0.2,1,0.8,0.888888888889,0.875189948987,0.8,0.8,3,7,0,0,0,0
639,WLNM_dir_neg,0.918367346939,0.599422799423,00:00:01,10,20,21,1172860570,threshold_sweep,0.9,1,0.428571428571,0.6,3,0,4,14,0.428571428571,1,0,0.571428571429,1,0.428571428571,0.6,0.809523809524,0.619047619048,0.5,0.57735026919,0.428571428571,20,13,7,0,20,0,13,0,7,11,20,0.181818181818,3.04338842975,3.63636363636,2,2.5,1.68954001271,0.464623503495,0.245454545455,1.16774841624,0.642261628933,0.336363636364,1.94000937205,1.06700515463,0.536363636364,1.05689877454,0.347276990411,3.54545454545,3.04338842975,1.05689877454,3.54545454545,0.499047619048,0.4,8,0.0484848484848,0.255555555556,11,11,11,1,0,0.0909090909091,0.636363636364,0.272727272727,11,0.118181818182,3.72727272727,2.36363636364,1.3,1.625,1.43336856898,0.6064251638,0.286713286713,0.603022689156,0.510249967747,0.237762237762,1.40129809949,1.18571377649,0.503496503497,2.05382127221,0.551025219373,7,3.72727272727,2.05382127221,7,0,0,0,0,0.22962962963,11,11,11,1,0,0.0909090909091,0.636363636364,0.272727272727,11,16,0.145454545455,3.25,2.90909090909,1.6,2,1.22102788294,0.41972833476,0.181818181818,0.687551650952,0.47269176003,0.227272727273,1.50755672289,1.03644524699,0.511363636364,1.3758835545,0.423348786001,4.66666666667,3.25,1.3758835545,4.66666666667,0.213333333333,0.176470588235,2,0.0121212121212,0.192592592593,11,11,11,1,0,0.0909090909091,0.636363636364,0.272727272727,-4,-0.0363636363636,0.206611570248,-0.727272727273,-0.4,-0.5,-0.468512129772,-0.0448951687355,-0.0636363636364,-0.48019676529,-0.169569868904,-0.109090909091,-0.43245264916,-0.0305599076407,-0.025,0.318984779967,0.07607179559,1.12121212121,0.206611570248,0.318984779967,1.12121212121,-0.285714285714,-0.223529411765,-6,-0.0363636363636,-0.062962962963,0,0,0,16,0,4,90,0.8,1,0,0.2,1,0.8,0.888888888889,0.875189948987,0.8,0.8,3,7,0,0,0,0
640,WLNM_dir_neg,0.755102040816,0.519134833421,00:00:02,10,20,22,1172860571,threshold_sweep,0.1,0.8,0.571428571429,0.666666666667,4,1,3,13,0.571428571429,0.928571428571,0.0714285714286,0.428571428571,0.8,0.571428571429,0.666666666667,0.809523809524,0.587301587302,0.538461538462,0.553398590529,0.5,20,13,7,0,20,0,13,0,7,11,20,0.181818181818,3.04338842975,3.63636363636,2,2.5,1.68954001271,0.464623503495,0.245454545455,1.16774841624,0.642261628933,0.336363636364,1.94000937205,1.06700515463,0.536363636364,1.05689877454,0.347276990411,3.54545454545,3.04338842975,1.05689877454,3.54545454545,0.499047619048,0.4,8,0.0484848484848,0.255555555556,11,11,11,1,0,0.0909090909091,0.636363636364,0.272727272727,11,0.118181818182,3.72727272727,2.36363636364,1.3,1.625,1.43336856898,0.6064251638,0.286713286713,0.603022689156,0.510249967747,0.237762237762,1.40129809949,1.18571377649,0.503496503497,2.05382127221,0.551025219373,7,3.72727272727,2.05382127221,7,0,0,0,0,0.22962962963,11,11,11,1,0,0.0909090909091,0.636363636364,0.272727272727,11,18,0.163636363636,6.2,3.27272727273,1.8,2.25,1.61807966991,0.494413232473,0.242424242424,0.809039834956,0.494413232473,0.242424242424,1.5666989036,0.957427107756,0.494949494949,2.28560714035,0.368646312959,8.2,6.2,2.28560714035,8.2,0.302380952381,0.25,4,0.0242424242424,0.205555555556,11,11,11,1,0,0.0909090909091,0.636363636364,0.272727272727,-2,-0.0181818181818,3.15661157025,-0.363636363636,-0.2,-0.25,-0.0714603427974,0.029789728978,-0.0030303030303,-0.358708581286,-0.14784839646,-0.0939393939394,-0.373310468447,-0.10957804687,-0.0414141414141,1.22870836581,0.0213693225477,4.65454545455,3.15661157025,1.22870836581,4.65454545455,-0.196666666667,-0.15,-4,-0.0242424242424,-0.05,0,0,0,17,1,3,89,0.85,0.988888888889,0.0111111111111,0.15,0.944444444444,0.85,0.894736842105,0.874602125628,0.838888888889,0.809523809524,5,7,0,0,0,0
641,WLNM_dir_neg,0.755102040816,0.519134833421,00:00:02,10,20,22,1172860571,threshold_sweep,0.2,0.8,0.571428571429,0.666666666667,4,1,3,13,0.571428571429,0.928571428571,0.0714285714286,0.428571428571,0.8,0.571428571429,0.666666666667,0.809523809524,0.587301587302,0.538461538462,0.553398590529,0.5,20,13,7,0,20,0,13,0,7,11,20,0.181818181818,3.04338842975,3.63636363636,2,2.5,1.68954001271,0.464623503495,0.245454545455,1.16774841624,0.642261628933,0.336363636364,1.94000937205,1.06700515463,0.536363636364,1.05689877454,0.347276990411,3.54545454545,3.04338842975,1.05689877454,3.54545454545,0.499047619048,0.4,8,0.0484848484848,0.255555555556,11,11,11,1,0,0.0909090909091,0.636363636364,0.272727272727,11,0.118181818182,3.72727272727,2.36363636364,1.3,1.625,1.43336856898,0.6064251638,0.286713286713,0.603022689156,0.510249967747,0.237762237762,1.40129809949,1.18571377649,0.503496503497,2.05382127221,0.551025219373,7,3.72727272727,2.05382127221,7,0,0,0,0,0.22962962963,11,11,11,1,0,0.0909090909091,0.636363636364,0.272727272727,11,18,0.163636363636,6.2,3.27272727273,1.8,2.25,1.61807966991,0.494413232473,0.242424242424,0.809039834956,0.494413232473,0.242424242424,1.5666989036,0.957427107756,0.494949494949,2.28560714035,0.368646312959,8.2,6.2,2.28560714035,8.2,0.302380952381,0.25,4,0.0242424242424,0.205555555556,11,11,11,1,0,0.0909090909091,0.636363636364,0.272727272727,-2,-0.0181818181818,3.15661157025,-0.363636363636,-0.2,-0.25,-0.0714603427974,0.029789728978,-0.0030303030303,-0.358708581286,-0.14784839646,-0.0939393939394,-0.373310468447,-0.10957804687,-0.0414141414141,1.22870836581,0.0213693225477,4.65454545455,3.15661157025,1.22870836581,4.65454545455,-0.196666666667,-0.15,-4,-0.0242424242424,-0.05,0,0,0,17,1,3,89,0.85,0.988888888889,0.0111111111111,0.15,0.944444444444,0.85,0.894736842105,0.874602125628,0.838888888889,0.809523809524,5,7,0,0,0,0
642,WLNM_dir_neg,0.755102040816,0.519134833421,00:00:02,10,20,22,1172860571,threshold_sweep,0.3,0.8,0.571428571429,0.666666666667,4,1,3,13,0.571428571429,0.928571428571,0.0714285714286,0.428571428571,0.8,0.571428571429,0.666666666667,0.809523809524,0.587301587302,0.538461538462,0.553398590529,0.5,20,13,7,0,20,0,13,0,7,11,20,0.181818181818,3.04338842975,3.63636363636,2,2.5,1.68954001271,0.464623503495,0.245454545455,1.16774841624,0.642261628933,0.336363636364,1.94000937205,1.06700515463,0.536363636364,1.05689877454,0.347276990411,3.54545454545,3.04338842975,1.05689877454,3.54545454545,0.499047619048,0.4,8,0.0484848484848,0.255555555556,11,11,11,1,0,0.0909090909091,0.636363636364,0.272727272727,11,0.118181818182,3.72727272727,2.36363636364,1.3,1.625,1.43336856898,0.6064251638,0.286713286713,0.603022689156,0.510249967747,0.237762237762,1.40129809949,1.18571377649,0.503496503497,2.05382127221,0.551025219373,7,3.72727272727,2.05382127221,7,0,0,0,0,0.22962962963,11,11,11,1,0,0.0909090909091,0.636363636364,0.272727272727,11,18,0.163636363636,6.2,3.27272727273,1.8,2.25,1.61807966991,0.494413232473,0.242424242424,0.809039834956,0.494413232473,0.242424242424,1.5666989036,0.957427107756,0.494949494949,2.28560714035,0.368646312959,8.2,6.2,2.28560714035,8.2,0.302380952381,0.25,4,0.0242424242424,0.205555555556,11,11,11,1,0,0.0909090909091,0.636363636364,0.272727272727,-2,-0.0181818181818,3.15661157025,-0.363636363636,-0.2,-0.25,-0.0714603427974,0.029789728978,-0.0030303030303,-0.358708581286,-0.14784839646,-0.0939393939394,-0.373310468447,-0.10957804687,-0.0414141414141,1.22870836581,0.0213693225477,4.65454545455,3.15661157025,1.22870836581,4.65454545455,-0.196666666667,-0.15,-4,-0.0242424242424,-0.05,0,0,0,17,1,3,89,0.85,0.988888888889,0.0111111111111,0.15,0.944444444444,0.85,0.894736842105,0.874602125628,0.838888888889,0.809523809524,5,7,0,0,0,0
643,WLNM_dir_neg,0.755102040816,0.519134833421,00:00:02,10,20,22,1172860571,threshold_sweep,0.4,0.8,0.571428571429,0.666666666667,4,1,3,13,0.571428571429,0.928571428571,0.0714285714286,0.428571428571,0.8,0.571428571429,0.666666666667,0.809523809524,0.587301587302,0.538461538462,0.553398590529,0.5,20,13,7,0,20,0,13,0,7,11,20,0.181818181818,3.04338842975,3.63636363636,2,2.5,1.68954001271,0.464623503495,0.245454545455,1.16774841624,0.642261628933,0.336363636364,1.94000937205,1.06700515463,0.536363636364,1.05689877454,0.347276990411,3.54545454545,3.04338842975,1.05689877454,3.54545454545,0.499047619048,0.4,8,0.0484848484848,0.255555555556,11,11,11,1,0,0.0909090909091,0.636363636364,0.272727272727,11,0.118181818182,3.72727272727,2.36363636364,1.3,1.625,1.43336856898,0.6064251638,0.286713286713,0.603022689156,0.510249967747,0.237762237762,1.40129809949,1.18571377649,0.503496503497,2.05382127221,0.551025219373,7,3.72727272727,2.05382127221,7,0,0,0,0,0.22962962963,11,11,11,1,0,0.0909090909091,0.636363636364,0.272727272727,11,18,0.163636363636,6.2,3.27272727273,1.8,2.25,1.61807966991,0.494413232473,0.242424242424,0.809039834956,0.494413232473,0.242424242424,1.5666989036,0.957427107756,0.494949494949,2.28560714035,0.368646312959,8.2,6.2,2.28560714035,8.2,0.302380952381,0.25,4,0.0242424242424,0.205555555556,11,11,11,1,0,0.0909090909091,0.636363636364,0.272727272727,-2,-0.0181818181818,3.15661157025,-0.363636363636,-0.2,-0.25,-0.0714603427974,0.029789728978,-0.0030303030303,-0.358708581286,-0.14784839646,-0.0939393939394,-0.373310468447,-0.10957804687,-0.0414141414141,1.22870836581,0.0213693225477,4.65454545455,3.15661157025,1.22870836581,4.65454545455,-0.196666666667,-0.15,-4,-0.0242424242424,-0.05,0,0,0,17,1,3,89,0.85,0.988888888889,0.0111111111111,0.15,0.944444444444,0.85,0.894736842105,0.874602125628,0.838888888889,0.809523809524,5,7,0,0,0,0
644,WLNM_dir_neg,0.755102040816,0.519134833421,00:00:02,10,20,22,1172860571,threshold_sweep,0.5,0.8,0.571428571429,0.666666666667,4,1,3,13,0.571428571429,0.928571428571,0.0714285714286,0.428571428571,0.8,0.571428571429,0.666666666667,0.809523809524,0.587301587302,0.538461538462,0.553398590529,0.5,20,13,7,0,20,0,13,0,7,11,20,0.181818181818,3.04338842975,3.63636363636,2,2.5,1.68954001271,0.464623503495,0.245454545455,1.16774841624,0.642261628933,0.336363636364,1.94000937205,1.06700515463,0.536363636364,1.05689877454,0.347276990411,3.54545454545,3.04338842975,1.05689877454,3.54545454545,0.499047619048,0.4,8,0.0484848484848,0.255555555556,11,11,11,1,0,0.0909090909091,0.636363636364,0.272727272727,11,0.118181818182,3.72727272727,2.36363636364,1.3,1.625,1.43336856898,0.6064251638,0.286713286713,0.603022689156,0.510249967747,0.237762237762,1.40129809949,1.18571377649,0.503496503497,2.05382127221,0.551025219373,7,3.72727272727,2.05382127221,7,0,0,0,0,0.22962962963,11,11,11,1,0,0.0909090909091,0.636363636364,0.272727272727,11,18,0.163636363636,6.2,3.27272727273,1.8,2.25,1.61807966991,0.494413232473,0.242424242424,0.809039834956,0.494413232473,0.242424242424,1.5666989036,0.957427107756,0.494949494949,2.28560714035,0.368646312959,8.2,6.2,2.28560714035,8.2,0.302380952381,0.25,4,0.0242424242424,0.205555555556,11,11,11,1,0,0.0909090909091,0.636363636364,0.272727272727,-2,-0.0181818181818,3.15661157025,-0.363636363636,-0.2,-0.25,-0.0714603427974,0.029789728978,-0.0030303030303,-0.358708581286,-0.14784839646,-0.0939393939394,-0.373310468447,-0.10957804687,-0.0414141414141,1.22870836581,0.0213693225477,4.65454545455,3.15661157025,1.22870836581,4.65454545455,-0.196666666667,-0.15,-4,-0.0242424242424,-0.05,0,0,0,17,1,3,89,0.85,0.988888888889,0.0111111111111,0.15,0.944444444444,0.85,0.894736842105,0.874602125628,0.838888888889,0.809523809524,5,7,0,0,0,0
645,WLNM_dir_neg,0.755102040816,0.519134833421,00:00:02,10,20,22,1172860571,threshold_sweep,0.6,0.8,0.571428571429,0.666666666667,4,1,3,13,0.571428571429,0.928571428571,0.0714285714286,0.428571428571,0.8,0.571428571429,0.666666666667,0.809523809524,0.587301587302,0.538461538462,0.553398590529,0.5,20,13,7,0,20,0,13,0,7,11,20,0.181818181818,3.04338842975,3.63636363636,2,2.5,1.68954001271,0.464623503495,0.245454545455,1.16774841624,0.642261628933,0.336363636364,1.94000937205,1.06700515463,0.536363636364,1.05689877454,0.347276990411,3.54545454545,3.04338842975,1.05689877454,3.54545454545,0.499047619048,0.4,8,0.0484848484848,0.255555555556,11,11,11,1,0,0.0909090909091,0.636363636364,0.272727272727,11,0.118181818182,3.72727272727,2.36363636364,1.3,1.625,1.43336856898,0.6064251638,0.286713286713,0.603022689156,0.510249967747,0.237762237762,1.40129809949,1.18571377649,0.503496503497,2.05382127221,0.551025219373,7,3.72727272727,2.05382127221,7,0,0,0,0,0.22962962963,11,11,11,1,0,0.0909090909091,0.636363636364,0.272727272727,11,18,0.163636363636,6.2,3.27272727273,1.8,2.25,1.61807966991,0.494413232473,0.242424242424,0.809039834956,0.494413232473,0.242424242424,1.5666989036,0.957427107756,0.494949494949,2.28560714035,0.368646312959,8.2,6.2,2.28560714035,8.2,0.302380952381,0.25,4,0.0242424242424,0.205555555556,11,11,11,1,0,0.0909090909091,0.636363636364,0.272727272727,-2,-0.0181818181818,3.15661157025,-0.363636363636,-0.2,-0.25,-0.0714603427974,0.029789728978,-0.0030303030303,-0.358708581286,-0.14784839646,-0.0939393939394,-0.373310468447,-0.10957804687,-0.0414141414141,1.22870836581,0.0213693225477,4.65454545455,3.15661157025,1.22870836581,4.65454545455,-0.196666666667,-0.15,-4,-0.0242424242424,-0.05,0,0,0,17,1,3,89,0.85,0.988888888889,0.0111111111111,0.15,0.944444444444,0.85,0.894736842105,0.874602125628,0.838888888889,0.809523809524,5,7,0,0,0,0
646,WLNM_dir_neg,0.755102040816,0.519134833421,00:00:02,10,20,22,1172860571,threshold_sweep,0.7,0.8,0.571428571429,0.666666666667,4,1,3,13,0.571428571429,0.928571428571,0.0714285714286,0.428571428571,0.8,0.571428571429,0.666666666667,0.809523809524,0.587301587302,0.538461538462,0.553398590529,0.5,20,13,7,0,20,0,13,0,7,11,20,0.181818181818,3.04338842975,3.63636363636,2,2.5,1.68954001271,0.464623503495,0.245454545455,1.16774841624,0.642261628933,0.336363636364,1.94000937205,1.06700515463,0.536363636364,1.05689877454,0.347276990411,3.54545454545,3.04338842975,1.05689877454,3.54545454545,0.499047619048,0.4,8,0.0484848484848,0.255555555556,11,11,11,1,0,0.0909090909091,0.636363636364,0.272727272727,11,0.118181818182,3.72727272727,2.36363636364,1.3,1.625,1.43336856898,0.6064251638,0.286713286713,0.603022689156,0.510249967747,0.237762237762,1.40129809949,1.18571377649,0.503496503497,2.05382127221,0.551025219373,7,3.72727272727,2.05382127221,7,0,0,0,0,0.22962962963,11,11,11,1,0,0.0909090909091,0.636363636364,0.272727272727,11,18,0.163636363636,6.2,3.27272727273,1.8,2.25,1.61807966991,0.494413232473,0.242424242424,0.809039834956,0.494413232473,0.242424242424,1.5666989036,0.957427107756,0.494949494949,2.28560714035,0.368646312959,8.2,6.2,2.28560714035,8.2,0.302380952381,0.25,4,0.0242424242424,0.205555555556,11,11,11,1,0,0.0909090909091,0.636363636364,0.272727272727,-2,-0.0181818181818,3.15661157025,-0.363636363636,-0.2,-0.25,-0.0714603427974,0.029789728978,-0.0030303030303,-0.358708581286,-0.14784839646,-0.0939393939394,-0.373310468447,-0.10957804687,-0.0414141414141,1.22870836581,0.0213693225477,4.65454545455,3.15661157025,1.22870836581,4.65454545455,-0.196666666667,-0.15,-4,-0.0242424242424,-0.05,0,0,0,17,1,3,89,0.85,0.988888888889,0.0111111111111,0.15,0.944444444444,0.85,0.894736842105,0.874602125628,0.838888888889,0.809523809524,5,7,0,0,0,0
647,WLNM_dir_neg,0.755102040816,0.519134833421,00:00:02,10,20,22,1172860571,threshold_sweep,0.8,0.8,0.571428571429,0.666666666667,4,1,3,13,0.571428571429,0.928571428571,0.0714285714286,0.428571428571,0.8,0.571428571429,0.666666666667,0.809523809524,0.587301587302,0.538461538462,0.553398590529,0.5,20,13,7,0,20,0,13,0,7,11,20,0.181818181818,3.04338842975,3.63636363636,2,2.5,1.68954001271,0.464623503495,0.245454545455,1.16774841624,0.642261628933,0.336363636364,1.94000937205,1.06700515463,0.536363636364,1.05689877454,0.347276990411,3.54545454545,3.04338842975,1.05689877454,3.54545454545,0.499047619048,0.4,8,0.0484848484848,0.255555555556,11,11,11,1,0,0.0909090909091,0.636363636364,0.272727272727,11,0.118181818182,3.72727272727,2.36363636364,1.3,1.625,1.43336856898,0.6064251638,0.286713286713,0.603022689156,0.510249967747,0.237762237762,1.40129809949,1.18571377649,0.503496503497,2.05382127221,0.551025219373,7,3.72727272727,2.05382127221,7,0,0,0,0,0.22962962963,11,11,11,1,0,0.0909090909091,0.636363636364,0.272727272727,11,18,0.163636363636,6.2,3.27272727273,1.8,2.25,1.61807966991,0.494413232473,0.242424242424,0.809039834956,0.494413232473,0.242424242424,1.5666989036,0.957427107756,0.494949494949,2.28560714035,0.368646312959,8.2,6.2,2.28560714035,8.2,0.302380952381,0.25,4,0.0242424242424,0.205555555556,11,11,11,1,0,0.0909090909091,0.636363636364,0.272727272727,-2,-0.0181818181818,3.15661157025,-0.363636363636,-0.2,-0.25,-0.0714603427974,0.029789728978,-0.0030303030303,-0.358708581286,-0.14784839646,-0.0939393939394,-0.373310468447,-0.10957804687,-0.0414141414141,1.22870836581,0.0213693225477,4.65454545455,3.15661157025,1.22870836581,4.65454545455,-0.196666666667,-0.15,-4,-0.0242424242424,-0.05,0,0,0,17,1,3,89,0.85,0.988888888889,0.0111111111111,0.15,0.944444444444,0.85,0.894736842105,0.874602125628,0.838888888889,0.809523809524,5,7,0,0,0,0
648,WLNM_dir_neg,0.755102040816,0.519134833421,00:00:02,10,20,22,1172860571,threshold_sweep,0.9,0.8,0.571428571429,0.666666666667,4,1,3,13,0.571428571429,0.928571428571,0.0714285714286,0.428571428571,0.8,0.571428571429,0.666666666667,0.809523809524,0.587301587302,0.538461538462,0.553398590529,0.5,20,13,7,0,20,0,13,0,7,11,20,0.181818181818,3.04338842975,3.63636363636,2,2.5,1.68954001271,0.464623503495,0.245454545455,1.16774841624,0.642261628933,0.336363636364,1.94000937205,1.06700515463,0.536363636364,1.05689877454,0.347276990411,3.54545454545,3.04338842975,1.05689877454,3.54545454545,0.499047619048,0.4,8,0.0484848484848,0.255555555556,11,11,11,1,0,0.0909090909091,0.636363636364,0.272727272727,11,0.118181818182,3.72727272727,2.36363636364,1.3,1.625,1.43336856898,0.6064251638,0.286713286713,0.603022689156,0.510249967747,0.237762237762,1.40129809949,1.18571377649,0.503496503497,2.05382127221,0.551025219373,7,3.72727272727,2.05382127221,7,0,0,0,0,0.22962962963,11,11,11,1,0,0.0909090909091,0.636363636364,0.272727272727,11,18,0.163636363636,6.2,3.27272727273,1.8,2.25,1.61807966991,0.494413232473,0.242424242424,0.809039834956,0.494413232473,0.242424242424,1.5666989036,0.957427107756,0.494949494949,2.28560714035,0.368646312959,8.2,6.2,2.28560714035,8.2,0.302380952381,0.25,4,0.0242424242424,0.205555555556,11,11,11,1,0,0.0909090909091,0.636363636364,0.272727272727,-2,-0.0181818181818,3.15661157025,-0.363636363636,-0.2,-0.25,-0.0714603427974,0.029789728978,-0.0030303030303,-0.358708581286,-0.14784839646,-0.0939393939394,-0.373310468447,-0.10957804687,-0.0414141414141,1.22870836581,0.0213693225477,4.65454545455,3.15661157025,1.22870836581,4.65454545455,-0.196666666667,-0.15,-4,-0.0242424242424,-0.05,0,0,0,17,1,3,89,0.85,0.988888888889,0.0111111111111,0.15,0.944444444444,0.85,0.894736842105,0.874602125628,0.838888888889,0.809523809524,5,7,0,0,0,0
649,WLNM_dir_neg,0.877551020408,0.571928071928,00:00:03,10,20,23,1172860572,threshold_sweep,0.1,1,0.714285714286,0.833333333333,5,0,2,14,0.714285714286,1,0,0.285714285714,1,0.714285714286,0.833333333333,0.904761904762,0.587301587302,0.769230769231,0.790569415042,0.714285714286,20,13,7,0,20,0,13,0,7,11,20,0.181818181818,3.04338842975,3.63636363636,2,2.5,1.68954001271,0.464623503495,0.245454545455,1.16774841624,0.642261628933,0.336363636364,1.94000937205,1.06700515463,0.536363636364,1.05689877454,0.347276990411,3.54545454545,3.04338842975,1.05689877454,3.54545454545,0.499047619048,0.4,8,0.0484848484848,0.255555555556,11,11,11,1,0,0.0909090909091,0.636363636364,0.272727272727,11,0.118181818182,3.72727272727,2.36363636364,1.3,1.625,1.43336856898,0.6064251638,0.286713286713,0.603022689156,0.510249967747,0.237762237762,1.40129809949,1.18571377649,0.503496503497,2.05382127221,0.551025219373,7,3.72727272727,2.05382127221,7,0,0,0,0,0.22962962963,11,11,11,1,0,0.0909090909091,0.636363636364,0.272727272727,11,18,0.163636363636,3.11363636364,3.27272727273,1.8,2.25,1.42062726223,0.434080552347,0.227272727273,0.924416277737,0.564921058617,0.292929292929,1.68954001271,1.03249667443,0.525252525253,1.14353419474,0.367266456706,3.875,3.11363636364,1.14353419474,3.875,0.366666666667,0.266666666667,4,0.0242424242424,0.221111111111,11,11,11,1,0,0.0909090909091,0.636363636364,0.272727272727,-2,-0.0181818181818,0.0702479338843,-0.363636363636,-0.2,-0.25,-0.268912750482,-0.030542951148,-0.0181818181818,-0.243332138505,-0.0773405703161,-0.0434343434343,-0.250469359339,-0.0345084801933,-0.0111111111111,0.0866354202056,0.0199894662943,0.329545454545,0.0702479338843,0.0866354202056,0.329545454545,-0.132380952381,-0.133333333333,-4,-0.0242424242424,-0.0344444444444,0,0,0,18,0,2,90,0.9,1,0,0.1,1,0.9,0.947368421053,0.938314863257,0.9,0.9,5,7,0,0,0,0
650,WLNM_dir_neg,0.877551020408,0.571928071928,00:00:03,10,20,23,1172860572,threshold_sweep,0.2,1,0.714285714286,0.833333333333,5,0,2,14,0.714285714286,1,0,0.285714285714,1,0.714285714286,0.833333333333,0.904761904762,0.587301587302,0.769230769231,0.790569415042,0.714285714286,20,13,7,0,20,0,13,0,7,11,20,0.181818181818,3.04338842975,3.63636363636,2,2.5,1.68954001271,0.464623503495,0.245454545455,1.16774841624,0.642261628933,0.336363636364,1.94000937205,1.06700515463,0.536363636364,1.05689877454,0.347276990411,3.54545454545,3.04338842975,1.05689877454,3.54545454545,0.499047619048,0.4,8,0.0484848484848,0.255555555556,11,11,11,1,0,0.0909090909091,0.636363636364,0.272727272727,11,0.118181818182,3.72727272727,2.36363636364,1.3,1.625,1.43336856898,0.6064251638,0.286713286713,0.603022689156,0.510249967747,0.237762237762,1.40129809949,1.18571377649,0.503496503497,2.05382127221,0.551025219373,7,3.72727272727,2.05382127221,7,0,0,0,0,0.22962962963,11,11,11,1,0,0.0909090909091,0.636363636364,0.272727272727,11,18,0.163636363636,3.11363636364,3.27272727273,1.8,2.25,1.42062726223,0.434080552347,0.227272727273,0.924416277737,0.564921058617,0.292929292929,1.68954001271,1.03249667443,0.525252525253,1.14353419474,0.367266456706,3.875,3.11363636364,1.14353419474,3.875,0.366666666667,0.266666666667,4,0.0242424242424,0.221111111111,11,11,11,1,0,0.0909090909091,0.636363636364,0.272727272727,-2,-0.0181818181818,0.0702479338843,-0.363636363636,-0.2,-0.25,-0.268912750482,-0.030542951148,-0.0181818181818,-0.243332138505,-0.0773405703161,-0.0434343434343,-0.250469359339,-0.0345084801933,-0.0111111111111,0.0866354202056,0.0199894662943,0.329545454545,0.0702479338843,0.0866354202056,0.329545454545,-0.132380952381,-0.133333333333,-4,-0.0242424242424,-0.0344444444444,0,0,0,18,0,2,90,0.9,1,0,0.1,1,0.9,0.947368421053,0.938314863257,0.9,0.9,5,7,0,0,0,0
651,WLNM_dir_neg,0.877551020408,0.571928071928,00:00:03,10,20,23,1172860572,threshold_sweep,0.3,1,0.714285714286,0.833333333333,5,0,2,14,0.714285714286,1,0,0.285714285714,1,0.714285714286,0.833333333333,0.904761904762,0.587301587302,0.769230769231,0.790569415042,0.714285714286,20,13,7,0,20,0,13,0,7,11,20,0.181818181818,3.04338842975,3.63636363636,2,2.5,1.68954001271,0.464623503495,0.245454545455,1.16774841624,0.642261628933,0.336363636364,1.94000937205,1.06700515463,0.536363636364,1.05689877454,0.347276990411,3.54545454545,3.04338842975,1.05689877454,3.54545454545,0.499047619048,0.4,8,0.0484848484848,0.255555555556,11,11,11,1,0,0.0909090909091,0.636363636364,0.272727272727,11,0.118181818182,3.72727272727,2.36363636364,1.3,1.625,1.43336856898,0.6064251638,0.286713286713,0.603022689156,0.510249967747,0.237762237762,1.40129809949,1.18571377649,0.503496503497,2.05382127221,0.551025219373,7,3.72727272727,2.05382127221,7,0,0,0,0,0.22962962963,11,11,11,1,0,0.0909090909091,0.636363636364,0.272727272727,11,18,0.163636363636,3.11363636364,3.27272727273,1.8,2.25,1.42062726223,0.434080552347,0.227272727273,0.924416277737,0.564921058617,0.292929292929,1.68954001271,1.03249667443,0.525252525253,1.14353419474,0.367266456706,3.875,3.11363636364,1.14353419474,3.875,0.366666666667,0.266666666667,4,0.0242424242424,0.221111111111,11,11,11,1,0,0.0909090909091,0.636363636364,0.272727272727,-2,-0.0181818181818,0.0702479338843,-0.363636363636,-0.2,-0.25,-0.268912750482,-0.030542951148,-0.0181818181818,-0.243332138505,-0.0773405703161,-0.0434343434343,-0.250469359339,-0.0345084801933,-0.0111111111111,0.0866354202056,0.0199894662943,0.329545454545,0.0702479338843,0.0866354202056,0.329545454545,-0.132380952381,-0.133333333333,-4,-0.0242424242424,-0.0344444444444,0,0,0,18,0,2,90,0.9,1,0,0.1,1,0.9,0.947368421053,0.938314863257,0.9,0.9,5,7,0,0,0,0
652,WLNM_dir_neg,0.877551020408,0.571928071928,00:00:03,10,20,23,1172860572,threshold_sweep,0.4,1,0.714285714286,0.833333333333,5,0,2,14,0.714285714286,1,0,0.285714285714,1,0.714285714286,0.833333333333,0.904761904762,0.587301587302,0.769230769231,0.790569415042,0.714285714286,20,13,7,0,20,0,13,0,7,11,20,0.181818181818,3.04338842975,3.63636363636,2,2.5,1.68954001271,0.464623503495,0.245454545455,1.16774841624,0.642261628933,0.336363636364,1.94000937205,1.06700515463,0.536363636364,1.05689877454,0.347276990411,3.54545454545,3.04338842975,1.05689877454,3.54545454545,0.499047619048,0.4,8,0.0484848484848,0.255555555556,11,11,11,1,0,0.0909090909091,0.636363636364,0.272727272727,11,0.118181818182,3.72727272727,2.36363636364,1.3,1.625,1.43336856898,0.6064251638,0.286713286713,0.603022689156,0.510249967747,0.237762237762,1.40129809949,1.18571377649,0.503496503497,2.05382127221,0.551025219373,7,3.72727272727,2.05382127221,7,0,0,0,0,0.22962962963,11,11,11,1,0,0.0909090909091,0.636363636364,0.272727272727,11,18,0.163636363636,3.11363636364,3.27272727273,1.8,2.25,1.42062726223,0.434080552347,0.227272727273,0.924416277737,0.564921058617,0.292929292929,1.68954001271,1.03249667443,0.525252525253,1.14353419474,0.367266456706,3.875,3.11363636364,1.14353419474,3.875,0.366666666667,0.266666666667,4,0.0242424242424,0.221111111111,11,11,11,1,0,0.0909090909091,0.636363636364,0.272727272727,-2,-0.0181818181818,0.0702479338843,-0.363636363636,-0.2,-0.25,-0.268912750482,-0.030542951148,-0.0181818181818,-0.243332138505,-0.0773405703161,-0.0434343434343,-0.250469359339,-0.0345084801933,-0.0111111111111,0.0866354202056,0.0199894662943,0.329545454545,0.0702479338843,0.0866354202056,0.329545454545,-0.132380952381,-0.133333333333,-4,-0.0242424242424,-0.0344444444444,0,0,0,18,0,2,90,0.9,1,0,0.1,1,0.9,0.947368421053,0.938314863257,0.9,0.9,5,7,0,0,0,0
653,WLNM_dir_neg,0.877551020408,0.571928071928,00:00:03,10,20,23,1172860572,threshold_sweep,0.5,1,0.714285714286,0.833333333333,5,0,2,14,0.714285714286,1,0,0.285714285714,1,0.714285714286,0.833333333333,0.904761904762,0.587301587302,0.769230769231,0.790569415042,0.714285714286,20,13,7,0,20,0,13,0,7,11,20,0.181818181818,3.04338842975,3.63636363636,2,2.5,1.68954001271,0.464623503495,0.245454545455,1.16774841624,0.642261628933,0.336363636364,1.94000937205,1.06700515463,0.536363636364,1.05689877454,0.347276990411,3.54545454545,3.04338842975,1.05689877454,3.54545454545,0.499047619048,0.4,8,0.0484848484848,0.255555555556,11,11,11,1,0,0.0909090909091,0.636363636364,0.272727272727,11,0.118181818182,3.72727272727,2.36363636364,1.3,1.625,1.43336856898,0.6064251638,0.286713286713,0.603022689156,0.510249967747,0.237762237762,1.40129809949,1.18571377649,0.503496503497,2.05382127221,0.551025219373,7,3.72727272727,2.05382127221,7,0,0,0,0,0.22962962963,11,11,11,1,0,0.0909090909091,0.636363636364,0.272727272727,11,18,0.163636363636,3.11363636364,3.27272727273,1.8,2.25,1.42062726223,0.434080552347,0.227272727273,0.924416277737,0.564921058617,0.292929292929,1.68954001271,1.03249667443,0.525252525253,1.14353419474,0.367266456706,3.875,3.11363636364,1.14353419474,3.875,0.366666666667,0.266666666667,4,0.0242424242424,0.221111111111,11,11,11,1,0,0.0909090909091,0.636363636364,0.272727272727,-2,-0.0181818181818,0.0702479338843,-0.363636363636,-0.2,-0.25,-0.268912750482,-0.030542951148,-0.0181818181818,-0.243332138505,-0.0773405703161,-0.0434343434343,-0.250469359339,-0.0345084801933,-0.0111111111111,0.0866354202056,0.0199894662943,0.329545454545,0.0702479338843,0.0866354202056,0.329545454545,-0.132380952381,-0.133333333333,-4,-0.0242424242424,-0.0344444444444,0,0,0,18,0,2,90,0.9,1,0,0.1,1,0.9,0.947368421053,0.938314863257,0.9,0.9,5,7,0,0,0,0
654,WLNM_dir_neg,0.877551020408,0.571928071928,00:00:03,10,20,23,1172860572,threshold_sweep,0.6,1,0.714285714286,0.833333333333,5,0,2,14,0.714285714286,1,0,0.285714285714,1,0.714285714286,0.833333333333,0.904761904762,0.587301587302,0.769230769231,0.790569415042,0.714285714286,20,13,7,0,20,0,13,0,7,11,20,0.181818181818,3.04338842975,3.63636363636,2,2.5,1.68954001271,0.464623503495,0.245454545455,1.16774841624,0.642261628933,0.336363636364,1.94000937205,1.06700515463,0.536363636364,1.05689877454,0.347276990411,3.54545454545,3.04338842975,1.05689877454,3.54545454545,0.499047619048,0.4,8,0.0484848484848,0.255555555556,11,11,11,1,0,0.0909090909091,0.636363636364,0.272727272727,11,0.118181818182,3.72727272727,2.36363636364,1.3,1.625,1.43336856898,0.6064251638,0.286713286713,0.603022689156,0.510249967747,0.237762237762,1.40129809949,1.18571377649,0.503496503497,2.05382127221,0.551025219373,7,3.72727272727,2.05382127221,7,0,0,0,0,0.22962962963,11,11,11,1,0,0.0909090909091,0.636363636364,0.272727272727,11,18,0.163636363636,3.11363636364,3.27272727273,1.8,2.25,1.42062726223,0.434080552347,0.227272727273,0.924416277737,0.564921058617,0.292929292929,1.68954001271,1.03249667443,0.525252525253,1.14353419474,0.367266456706,3.875,3.11363636364,1.14353419474,3.875,0.366666666667,0.266666666667,4,0.0242424242424,0.221111111111,11,11,11,1,0,0.0909090909091,0.636363636364,0.272727272727,-2,-0.0181818181818,0.0702479338843,-0.363636363636,-0.2,-0.25,-0.268912750482,-0.030542951148,-0.0181818181818,-0.243332138505,-0.0773405703161,-0.0434343434343,-0.250469359339,-0.0345084801933,-0.0111111111111,0.0866354202056,0.0199894662943,0.329545454545,0.0702479338843,0.0866354202056,0.329545454545,-0.132380952381,-0.133333333333,-4,-0.0242424242424,-0.0344444444444,0,0,0,18,0,2,90,0.9,1,0,0.1,1,0.9,0.947368421053,0.938314863257,0.9,0.9,5,7,0,0,0,0
655,WLNM_dir_neg,0.877551020408,0.571928071928,00:00:03,10,20,23,1172860572,threshold_sweep,0.7,1,0.714285714286,0.833333333333,5,0,2,14,0.714285714286,1,0,0.285714285714,1,0.714285714286,0.833333333333,0.904761904762,0.587301587302,0.769230769231,0.790569415042,0.714285714286,20,13,7,0,20,0,13,0,7,11,20,0.181818181818,3.04338842975,3.63636363636,2,2.5,1.68954001271,0.464623503495,0.245454545455,1.16774841624,0.642261628933,0.336363636364,1.94000937205,1.06700515463,0.536363636364,1.05689877454,0.347276990411,3.54545454545,3.04338842975,1.05689877454,3.54545454545,0.499047619048,0.4,8,0.0484848484848,0.255555555556,11,11,11,1,0,0.0909090909091,0.636363636364,0.272727272727,11,0.118181818182,3.72727272727,2.36363636364,1.3,1.625,1.43336856898,0.6064251638,0.286713286713,0.603022689156,0.510249967747,0.237762237762,1.40129809949,1.18571377649,0.503496503497,2.05382127221,0.551025219373,7,3.72727272727,2.05382127221,7,0,0,0,0,0.22962962963,11,11,11,1,0,0.0909090909091,0.636363636364,0.272727272727,11,18,0.163636363636,3.11363636364,3.27272727273,1.8,2.25,1.42062726223,0.434080552347,0.227272727273,0.924416277737,0.564921058617,0.292929292929,1.68954001271,1.03249667443,0.525252525253,1.14353419474,0.367266456706,3.875,3.11363636364,1.14353419474,3.875,0.366666666667,0.266666666667,4,0.0242424242424,0.221111111111,11,11,11,1,0,0.0909090909091,0.636363636364,0.272727272727,-2,-0.0181818181818,0.0702479338843,-0.363636363636,-0.2,-0.25,-0.268912750482,-0.030542951148,-0.0181818181818,-0.243332138505,-0.0773405703161,-0.0434343434343,-0.250469359339,-0.0345084801933,-0.0111111111111,0.0866354202056,0.0199894662943,0.329545454545,0.0702479338843,0.0866354202056,0.329545454545,-0.132380952381,-0.133333333333,-4,-0.0242424242424,-0.0344444444444,0,0,0,18,0,2,90,0.9,1,0,0.1,1,0.9,0.947368421053,0.938314863257,0.9,0.9,5,7,0,0,0,0
656,WLNM_dir_neg,0.877551020408,0.571928071928,00:00:03,10,20,23,1172860572,threshold_sweep,0.8,1,0.714285714286,0.833333333333,5,0,2,14,0.714285714286,1,0,0.285714285714,1,0.714285714286,0.833333333333,0.904761904762,0.587301587302,0.769230769231,0.790569415042,0.714285714286,20,13,7,0,20,0,13,0,7,11,20,0.181818181818,3.04338842975,3.63636363636,2,2.5,1.68954001271,0.464623503495,0.245454545455,1.16774841624,0.642261628933,0.336363636364,1.94000937205,1.06700515463,0.536363636364,1.05689877454,0.347276990411,3.54545454545,3.04338842975,1.05689877454,3.54545454545,0.499047619048,0.4,8,0.0484848484848,0.255555555556,11,11,11,1,0,0.0909090909091,0.636363636364,0.272727272727,11,0.118181818182,3.72727272727,2.36363636364,1.3,1.625,1.43336856898,0.6064251638,0.286713286713,0.603022689156,0.510249967747,0.237762237762,1.40129809949,1.18571377649,0.503496503497,2.05382127221,0.551025219373,7,3.72727272727,2.05382127221,7,0,0,0,0,0.22962962963,11,11,11,1,0,0.0909090909091,0.636363636364,0.272727272727,11,18,0.163636363636,3.11363636364,3.27272727273,1.8,2.25,1.42062726223,0.434080552347,0.227272727273,0.924416277737,0.564921058617,0.292929292929,1.68954001271,1.03249667443,0.525252525253,1.14353419474,0.367266456706,3.875,3.11363636364,1.14353419474,3.875,0.366666666667,0.266666666667,4,0.0242424242424,0.221111111111,11,11,11,1,0,0.0909090909091,0.636363636364,0.272727272727,-2,-0.0181818181818,0.0702479338843,-0.363636363636,-0.2,-0.25,-0.268912750482,-0.030542951148,-0.0181818181818,-0.243332138505,-0.0773405703161,-0.0434343434343,-0.250469359339,-0.0345084801933,-0.0111111111111,0.0866354202056,0.0199894662943,0.329545454545,0.0702479338843,0.0866354202056,0.329545454545,-0.132380952381,-0.133333333333,-4,-0.0242424242424,-0.0344444444444,0,0,0,18,0,2,90,0.9,1,0,0.1,1,0.9,0.947368421053,0.938314863257,0.9,0.9,5,7,0,0,0,0
657,WLNM_dir_neg,0.877551020408,0.571928071928,00:00:03,10,20,23,1172860572,threshold_sweep,0.9,1,0.714285714286,0.833333333333,5,0,2,14,0.714285714286,1,0,0.285714285714,1,0.714285714286,0.833333333333,0.904761904762,0.587301587302,0.769230769231,0.790569415042,0.714285714286,20,13,7,0,20,0,13,0,7,11,20,0.181818181818,3.04338842975,3.63636363636,2,2.5,1.68954001271,0.464623503495,0.245454545455,1.16774841624,0.642261628933,0.336363636364,1.94000937205,1.06700515463,0.536363636364,1.05689877454,0.347276990411,3.54545454545,3.04338842975,1.05689877454,3.54545454545,0.499047619048,0.4,8,0.0484848484848,0.255555555556,11,11,11,1,0,0.0909090909091,0.636363636364,0.272727272727,11,0.118181818182,3.72727272727,2.36363636364,1.3,1.625,1.43336856898,0.6064251638,0.286713286713,0.603022689156,0.510249967747,0.237762237762,1.40129809949,1.18571377649,0.503496503497,2.05382127221,0.551025219373,7,3.72727272727,2.05382127221,7,0,0,0,0,0.22962962963,11,11,11,1,0,0.0909090909091,0.636363636364,0.272727272727,11,18,0.163636363636,3.11363636364,3.27272727273,1.8,2.25,1.42062726223,0.434080552347,0.227272727273,0.924416277737,0.564921058617,0.292929292929,1.68954001271,1.03249667443,0.525252525253,1.14353419474,0.367266456706,3.875,3.11363636364,1.14353419474,3.875,0.366666666667,0.266666666667,4,0.0242424242424,0.221111111111,11,11,11,1,0,0.0909090909091,0.636363636364,0.272727272727,-2,-0.0181818181818,0.0702479338843,-0.363636363636,-0.2,-0.25,-0.268912750482,-0.030542951148,-0.0181818181818,-0.243332138505,-0.0773405703161,-0.0434343434343,-0.250469359339,-0.0345084801933,-0.0111111111111,0.0866354202056,0.0199894662943,0.329545454545,0.0702479338843,0.0866354202056,0.329545454545,-0.132380952381,-0.133333333333,-4,-0.0242424242424,-0.0344444444444,0,0,0,18,0,2,90,0.9,1,0,0.1,1,0.9,0.947368421053,0.938314863257,0.9,0.9,5,7,0,0,0,0
658,WLNM_dir_neg,0.908163265306,0.56492733457,00:00:03,10,20,24,1172860573,threshold_sweep,0.1,1,0.571428571429,0.727272727273,4,0,3,14,0.571428571429,1,0,0.428571428571,1,0.571428571429,0.727272727273,0.857142857143,0.603174603175,0.64,0.68599434057,0.571428571429,20,13,7,0,20,0,13,0,7,11,20,0.181818181818,3.04338842975,3.63636363636,2,2.5,1.68954001271,0.464623503495,0.245454545455,1.16774841624,0.642261628933,0.336363636364,1.94000937205,1.06700515463,0.536363636364,1.05689877454,0.347276990411,3.54545454545,3.04338842975,1.05689877454,3.54545454545,0.499047619048,0.4,8,0.0484848484848,0.255555555556,11,11,11,1,0,0.0909090909091,0.636363636364,0.272727272727,11,0.118181818182,3.72727272727,2.36363636364,1.3,1.625,1.43336856898,0.6064251638,0.286713286713,0.603022689156,0.510249967747,0.237762237762,1.40129809949,1.18571377649,0.503496503497,2.05382127221,0.551025219373,7,3.72727272727,2.05382127221,7,0,0,0,0,0.22962962963,11,11,11,1,0,0.0909090909091,0.636363636364,0.272727272727,11,17,0.154545454545,3.17727272727,3.09090909091,1.7,2.125,1.30034960334,0.420701342257,0.208556149733,0.820199532265,0.530717344407,0.267379679144,1.57249078621,1.01749403814,0.513368983957,1.2536673475,0.394573414091,4.4,3.17727272727,1.2536673475,4.4,0.213333333333,0.153846153846,2,0.0121212121212,0.205555555556,11,11,11,1,0,0.0909090909091,0.636363636364,0.272727272727,-3,-0.0272727272727,0.133884297521,-0.545454545455,-0.3,-0.375,-0.389190409368,-0.0439221612377,-0.0368983957219,-0.347548883978,-0.111544284527,-0.0689839572193,-0.367518585835,-0.0495111164884,-0.0229946524064,0.196768572961,0.0472964236795,0.854545454545,0.133884297521,0.196768572961,0.854545454545,-0.285714285714,-0.246153846154,-6,-0.0363636363636,-0.05,0,0,0,17,0,3,90,0.85,1,0,0.15,1,0.85,0.918918918919,0.906962317388,0.85,0.85,4,7,0,0,0,0
659,WLNM_dir_neg,0.908163265306,0.56492733457,00:00:03,10,20,24,1172860573,threshold_sweep,0.2,1,0.571428571429,0.727272727273,4,0,3,14,0.571428571429,1,0,0.428571428571,1,0.571428571429,0.727272727273,0.857142857143,0.603174603175,0.64,0.68599434057,0.571428571429,20,13,7,0,20,0,13,0,7,11,20,0.181818181818,3.04338842975,3.63636363636,2,2.5,1.68954001271,0.464623503495,0.245454545455,1.16774841624,0.642261628933,0.336363636364,1.94000937205,1.06700515463,0.536363636364,1.05689877454,0.347276990411,3.54545454545,3.04338842975,1.05689877454,3.54545454545,0.499047619048,0.4,8,0.0484848484848,0.255555555556,11,11,11,1,0,0.0909090909091,0.636363636364,0.272727272727,11,0.118181818182,3.72727272727,2.36363636364,1.3,1.625,1.43336856898,0.6064251638,0.286713286713,0.603022689156,0.510249967747,0.237762237762,1.40129809949,1.18571377649,0.503496503497,2.05382127221,0.551025219373,7,3.72727272727,2.05382127221,7,0,0,0,0,0.22962962963,11,11,11,1,0,0.0909090909091,0.636363636364,0.272727272727,11,17,0.154545454545,3.17727272727,3.09090909091,1.7,2.125,1.30034960334,0.420701342257,0.208556149733,0.820199532265,0.530717344407,0.267379679144,1.57249078621,1.01749403814,0.513368983957,1.2536673475,0.394573414091,4.4,3.17727272727,1.2536673475,4.4,0.213333333333,0.153846153846,2,0.0121212121212,0.205555555556,11,11,11,1,0,0.0909090909091,0.636363636364,0.272727272727,-3,-0.0272727272727,0.133884297521,-0.545454545455,-0.3,-0.375,-0.389190409368,-0.0439221612377,-0.0368983957219,-0.347548883978,-0.111544284527,-0.0689839572193,-0.367518585835,-0.0495111164884,-0.0229946524064,0.196768572961,0.0472964236795,0.854545454545,0.133884297521,0.196768572961,0.854545454545,-0.285714285714,-0.246153846154,-6,-0.0363636363636,-0.05,0,0,0,17,0,3,90,0.85,1,0,0.15,1,0.85,0.918918918919,0.906962317388,0.85,0.85,4,7,0,0,0,0
660,WLNM_dir_neg,0.908163265306,0.56492733457,00:00:03,10,20,24,1172860573,threshold_sweep,0.3,1,0.571428571429,0.727272727273,4,0,3,14,0.571428571429,1,0,0.428571428571,1,0.571428571429,0.727272727273,0.857142857143,0.603174603175,0.64,0.68599434057,0.571428571429,20,13,7,0,20,0,13,0,7,11,20,0.181818181818,3.04338842975,3.63636363636,2,2.5,1.68954001271,0.464623503495,0.245454545455,1.16774841624,0.642261628933,0.336363636364,1.94000937205,1.06700515463,0.536363636364,1.05689877454,0.347276990411,3.54545454545,3.04338842975,1.05689877454,3.54545454545,0.499047619048,0.4,8,0.0484848484848,0.255555555556,11,11,11,1,0,0.0909090909091,0.636363636364,0.272727272727,11,0.118181818182,3.72727272727,2.36363636364,1.3,1.625,1.43336856898,0.6064251638,0.286713286713,0.603022689156,0.510249967747,0.237762237762,1.40129809949,1.18571377649,0.503496503497,2.05382127221,0.551025219373,7,3.72727272727,2.05382127221,7,0,0,0,0,0.22962962963,11,11,11,1,0,0.0909090909091,0.636363636364,0.272727272727,11,17,0.154545454545,3.17727272727,3.09090909091,1.7,2.125,1.30034960334,0.420701342257,0.208556149733,0.820199532265,0.530717344407,0.267379679144,1.57249078621,1.01749403814,0.513368983957,1.2536673475,0.394573414091,4.4,3.17727272727,1.2536673475,4.4,0.213333333333,0.153846153846,2,0.0121212121212,0.205555555556,11,11,11,1,0,0.0909090909091,0.636363636364,0.272727272727,-3,-0.0272727272727,0.133884297521,-0.545454545455,-0.3,-0.375,-0.389190409368,-0.0439221612377,-0.0368983957219,-0.347548883978,-0.111544284527,-0.0689839572193,-0.367518585835,-0.0495111164884,-0.0229946524064,0.196768572961,0.0472964236795,0.854545454545,0.133884297521,0.196768572961,0.854545454545,-0.285714285714,-0.246153846154,-6,-0.0363636363636,-0.05,0,0,0,17,0,3,90,0.85,1,0,0.15,1,0.85,0.918918918919,0.906962317388,0.85,0.85,4,7,0,0,0,0
661,WLNM_dir_neg,0.908163265306,0.56492733457,00:00:03,10,20,24,1172860573,threshold_sweep,0.4,1,0.571428571429,0.727272727273,4,0,3,14,0.571428571429,1,0,0.428571428571,1,0.571428571429,0.727272727273,0.857142857143,0.603174603175,0.64,0.68599434057,0.571428571429,20,13,7,0,20,0,13,0,7,11,20,0.181818181818,3.04338842975,3.63636363636,2,2.5,1.68954001271,0.464623503495,0.245454545455,1.16774841624,0.642261628933,0.336363636364,1.94000937205,1.06700515463,0.536363636364,1.05689877454,0.347276990411,3.54545454545,3.04338842975,1.05689877454,3.54545454545,0.499047619048,0.4,8,0.0484848484848,0.255555555556,11,11,11,1,0,0.0909090909091,0.636363636364,0.272727272727,11,0.118181818182,3.72727272727,2.36363636364,1.3,1.625,1.43336856898,0.6064251638,0.286713286713,0.603022689156,0.510249967747,0.237762237762,1.40129809949,1.18571377649,0.503496503497,2.05382127221,0.551025219373,7,3.72727272727,2.05382127221,7,0,0,0,0,0.22962962963,11,11,11,1,0,0.0909090909091,0.636363636364,0.272727272727,11,17,0.154545454545,3.17727272727,3.09090909091,1.7,2.125,1.30034960334,0.420701342257,0.208556149733,0.820199532265,0.530717344407,0.267379679144,1.57249078621,1.01749403814,0.513368983957,1.2536673475,0.394573414091,4.4,3.17727272727,1.2536673475,4.4,0.213333333333,0.153846153846,2,0.0121212121212,0.205555555556,11,11,11,1,0,0.0909090909091,0.636363636364,0.272727272727,-3,-0.0272727272727,0.133884297521,-0.545454545455,-0.3,-0.375,-0.389190409368,-0.0439221612377,-0.0368983957219,-0.347548883978,-0.111544284527,-0.0689839572193,-0.367518585835,-0.0495111164884,-0.0229946524064,0.196768572961,0.0472964236795,0.854545454545,0.133884297521,0.196768572961,0.854545454545,-0.285714285714,-0.246153846154,-6,-0.0363636363636,-0.05,0,0,0,17,0,3,90,0.85,1,0,0.15,1,0.85,0.918918918919,0.906962317388,0.85,0.85,4,7,0,0,0,0
662,WLNM_dir_neg,0.908163265306,0.56492733457,00:00:03,10,20,24,1172860573,threshold_sweep,0.5,1,0.428571428571,0.6,3,0,4,14,0.428571428571,1,0,0.571428571429,1,0.428571428571,0.6,0.809523809524,0.619047619048,0.5,0.57735026919,0.428571428571,20,13,7,0,20,0,13,0,7,11,20,0.181818181818,3.04338842975,3.63636363636,2,2.5,1.68954001271,0.464623503495,0.245454545455,1.16774841624,0.642261628933,0.336363636364,1.94000937205,1.06700515463,0.536363636364,1.05689877454,0.347276990411,3.54545454545,3.04338842975,1.05689877454,3.54545454545,0.499047619048,0.4,8,0.0484848484848,0.255555555556,11,11,11,1,0,0.0909090909091,0.636363636364,0.272727272727,11,0.118181818182,3.72727272727,2.36363636364,1.3,1.625,1.43336856898,0.6064251638,0.286713286713,0.603022689156,0.510249967747,0.237762237762,1.40129809949,1.18571377649,0.503496503497,2.05382127221,0.551025219373,7,3.72727272727,2.05382127221,7,0,0,0,0,0.22962962963,11,11,11,1,0,0.0909090909091,0.636363636364,0.272727272727,11,16,0.145454545455,3.25,2.90909090909,1.6,2,1.22102788294,0.41972833476,0.181818181818,0.687551650952,0.47269176003,0.227272727273,1.50755672289,1.03644524699,0.511363636364,1.3758835545,0.423348786001,4.66666666667,3.25,1.3758835545,4.66666666667,0.213333333333,0.176470588235,2,0.0121212121212,0.192592592593,11,11,11,1,0,0.0909090909091,0.636363636364,0.272727272727,-4,-0.0363636363636,0.206611570248,-0.727272727273,-0.4,-0.5,-0.468512129772,-0.0448951687355,-0.0636363636364,-0.48019676529,-0.169569868904,-0.109090909091,-0.43245264916,-0.0305599076407,-0.025,0.318984779967,0.07607179559,1.12121212121,0.206611570248,0.318984779967,1.12121212121,-0.285714285714,-0.223529411765,-6,-0.0363636363636,-0.062962962963,0,0,0,16,0,4,90,0.8,1,0,0.2,1,0.8,0.888888888889,0.875189948987,0.8,0.8,3,7,0,0,0,0
663,WLNM_dir_neg,0.908163265306,0.56492733457,00:00:03,10,20,24,1172860573,threshold_sweep,0.6,1,0.428571428571,0.6,3,0,4,14,0.428571428571,1,0,0.571428571429,1,0.428571428571,0.6,0.809523809524,0.619047619048,0.5,0.57735026919,0.428571428571,20,13,7,0,20,0,13,0,7,11,20,0.181818181818,3.04338842975,3.63636363636,2,2.5,1.68954001271,0.464623503495,0.245454545455,1.16774841624,0.642261628933,0.336363636364,1.94000937205,1.06700515463,0.536363636364,1.05689877454,0.347276990411,3.54545454545,3.04338842975,1.05689877454,3.54545454545,0.499047619048,0.4,8,0.0484848484848,0.255555555556,11,11,11,1,0,0.0909090909091,0.636363636364,0.272727272727,11,0.118181818182,3.72727272727,2.36363636364,1.3,1.625,1.43336856898,0.6064251638,0.286713286713,0.603022689156,0.510249967747,0.237762237762,1.40129809949,1.18571377649,0.503496503497,2.05382127221,0.551025219373,7,3.72727272727,2.05382127221,7,0,0,0,0,0.22962962963,11,11,11,1,0,0.0909090909091,0.636363636364,0.272727272727,11,16,0.145454545455,3.25,2.90909090909,1.6,2,1.22102788294,0.41972833476,0.181818181818,0.687551650952,0.47269176003,0.227272727273,1.50755672289,1.03644524699,0.511363636364,1.3758835545,0.423348786001,4.66666666667,3.25,1.3758835545,4.66666666667,0.213333333333,0.176470588235,2,0.0121212121212,0.192592592593,11,11,11,1,0,0.0909090909091,0.636363636364,0.272727272727,-4,-0.0363636363636,0.206611570248,-0.727272727273,-0.4,-0.5,-0.468512129772,-0.0448951687355,-0.0636363636364,-0.48019676529,-0.169569868904,-0.109090909091,-0.43245264916,-0.0305599076407,-0.025,0.318984779967,0.07607179559,1.12121212121,0.206611570248,0.318984779967,1.12121212121,-0.285714285714,-0.223529411765,-6,-0.0363636363636,-0.062962962963,0,0,0,16,0,4,90,0.8,1,0,0.2,1,0.8,0.888888888889,0.875189948987,0.8,0.8,3,7,0,0,0,0
664,WLNM_dir_neg,0.908163265306,0.56492733457,00:00:03,10,20,24,1172860573,threshold_sweep,0.7,1,0.428571428571,0.6,3,0,4,14,0.428571428571,1,0,0.571428571429,1,0.428571428571,0.6,0.809523809524,0.619047619048,0.5,0.57735026919,0.428571428571,20,13,7,0,20,0,13,0,7,11,20,0.181818181818,3.04338842975,3.63636363636,2,2.5,1.68954001271,0.464623503495,0.245454545455,1.16774841624,0.642261628933,0.336363636364,1.94000937205,1.06700515463,0.536363636364,1.05689877454,0.347276990411,3.54545454545,3.04338842975,1.05689877454,3.54545454545,0.499047619048,0.4,8,0.0484848484848,0.255555555556,11,11,11,1,0,0.0909090909091,0.636363636364,0.272727272727,11,0.118181818182,3.72727272727,2.36363636364,1.3,1.625,1.43336856898,0.6064251638,0.286713286713,0.603022689156,0.510249967747,0.237762237762,1.40129809949,1.18571377649,0.503496503497,2.05382127221,0.551025219373,7,3.72727272727,2.05382127221,7,0,0,0,0,0.22962962963,11,11,11,1,0,0.0909090909091,0.636363636364,0.272727272727,11,16,0.145454545455,3.25,2.90909090909,1.6,2,1.22102788294,0.41972833476,0.181818181818,0.687551650952,0.47269176003,0.227272727273,1.50755672289,1.03644524699,0.511363636364,1.3758835545,0.423348786001,4.66666666667,3.25,1.3758835545,4.66666666667,0.213333333333,0.176470588235,2,0.0121212121212,0.192592592593,11,11,11,1,0,0.0909090909091,0.636363636364,0.272727272727,-4,-0.0363636363636,0.206611570248,-0.727272727273,-0.4,-0.5,-0.468512129772,-0.0448951687355,-0.0636363636364,-0.48019676529,-0.169569868904,-0.109090909091,-0.43245264916,-0.0305599076407,-0.025,0.318984779967,0.07607179559,1.12121212121,0.206611570248,0.318984779967,1.12121212121,-0.285714285714,-0.223529411765,-6,-0.0363636363636,-0.062962962963,0,0,0,16,0,4,90,0.8,1,0,0.2,1,0.8,0.888888888889,0.875189948987,0.8,0.8,3,7,0,0,0,0
665,WLNM_dir_neg,0.908163265306,0.56492733457,00:00:03,10,20,24,1172860573,threshold_sweep,0.8,1,0.428571428571,0.6,3,0,4,14,0.428571428571,1,0,0.571428571429,1,0.428571428571,0.6,0.809523809524,0.619047619048,0.5,0.57735026919,0.428571428571,20,13,7,0,20,0,13,0,7,11,20,0.181818181818,3.04338842975,3.63636363636,2,2.5,1.68954001271,0.464623503495,0.245454545455,1.16774841624,0.642261628933,0.336363636364,1.94000937205,1.06700515463,0.536363636364,1.05689877454,0.347276990411,3.54545454545,3.04338842975,1.05689877454,3.54545454545,0.499047619048,0.4,8,0.0484848484848,0.255555555556,11,11,11,1,0,0.0909090909091,0.636363636364,0.272727272727,11,0.118181818182,3.72727272727,2.36363636364,1.3,1.625,1.43336856898,0.6064251638,0.286713286713,0.603022689156,0.510249967747,0.237762237762,1.40129809949,1.18571377649,0.503496503497,2.05382127221,0.551025219373,7,3.72727272727,2.05382127221,7,0,0,0,0,0.22962962963,11,11,11,1,0,0.0909090909091,0.636363636364,0.272727272727,11,16,0.145454545455,3.25,2.90909090909,1.6,2,1.22102788294,0.41972833476,0.181818181818,0.687551650952,0.47269176003,0.227272727273,1.50755672289,1.03644524699,0.511363636364,1.3758835545,0.423348786001,4.66666666667,3.25,1.3758835545,4.66666666667,0.213333333333,0.176470588235,2,0.0121212121212,0.192592592593,11,11,11,1,0,0.0909090909091,0.636363636364,0.272727272727,-4,-0.0363636363636,0.206611570248,-0.727272727273,-0.4,-0.5,-0.468512129772,-0.0448951687355,-0.0636363636364,-0.48019676529,-0.169569868904,-0.109090909091,-0.43245264916,-0.0305599076407,-0.025,0.318984779967,0.07607179559,1.12121212121,0.206611570248,0.318984779967,1.12121212121,-0.285714285714,-0.223529411765,-6,-0.0363636363636,-0.062962962963,0,0,0,16,0,4,90,0.8,1,0,0.2,1,0.8,0.888888888889,0.875189948987,0.8,0.8,3,7,0,0,0,0
666,WLNM_dir_neg,0.908163265306,0.56492733457,00:00:03,10,20,24,1172860573,threshold_sweep,0.9,1,0.428571428571,0.6,3,0,4,14,0.428571428571,1,0,0.571428571429,1,0.428571428571,0.6,0.809523809524,0.619047619048,0.5,0.57735026919,0.428571428571,20,13,7,0,20,0,13,0,7,11,20,0.181818181818,3.04338842975,3.63636363636,2,2.5,1.68954001271,0.464623503495,0.245454545455,1.16774841624,0.642261628933,0.336363636364,1.94000937205,1.06700515463,0.536363636364,1.05689877454,0.347276990411,3.54545454545,3.04338842975,1.05689877454,3.54545454545,0.499047619048,0.4,8,0.0484848484848,0.255555555556,11,11,11,1,0,0.0909090909091,0.636363636364,0.272727272727,11,0.118181818182,3.72727272727,2.36363636364,1.3,1.625,1.43336856898,0.6064251638,0.286713286713,0.603022689156,0.510249967747,0.237762237762,1.40129809949,1.18571377649,0.503496503497,2.05382127221,0.551025219373,7,3.72727272727,2.05382127221,7,0,0,0,0,0.22962962963,11,11,11,1,0,0.0909090909091,0.636363636364,0.272727272727,11,16,0.145454545455,3.25,2.90909090909,1.6,2,1.22102788294,0.41972833476,0.181818181818,0.687551650952,0.47269176003,0.227272727273,1.50755672289,1.03644524699,0.511363636364,1.3758835545,0.423348786001,4.66666666667,3.25,1.3758835545,4.66666666667,0.213333333333,0.176470588235,2,0.0121212121212,0.192592592593,11,11,11,1,0,0.0909090909091,0.636363636364,0.272727272727,-4,-0.0363636363636,0.206611570248,-0.727272727273,-0.4,-0.5,-0.468512129772,-0.0448951687355,-0.0636363636364,-0.48019676529,-0.169569868904,-0.109090909091,-0.43245264916,-0.0305599076407,-0.025,0.318984779967,0.07607179559,1.12121212121,0.206611570248,0.318984779967,1.12121212121,-0.285714285714,-0.223529411765,-6,-0.0363636363636,-0.062962962963,0,0,0,16,0,4,90,0.8,1,0,0.2,1,0.8,0.888888888889,0.875189948987,0.8,0.8,3,7,0,0,0,0
667,WLNM_dir_neg,0.928571428571,0.766352694924,00:00:02,10,20,25,1172860574,threshold_sweep,0.1,1,0.714285714286,0.833333333333,5,0,2,14,0.714285714286,1,0,0.285714285714,1,0.714285714286,0.833333333333,0.904761904762,0.587301587302,0.769230769231,0.790569415042,0.714285714286,20,13,7,0,20,0,13,0,7,11,20,0.181818181818,3.04338842975,3.63636363636,2,2.5,1.68954001271,0.464623503495,0.245454545455,1.16774841624,0.642261628933,0.336363636364,1.94000937205,1.06700515463,0.536363636364,1.05689877454,0.347276990411,3.54545454545,3.04338842975,1.05689877454,3.54545454545,0.499047619048,0.4,8,0.0484848484848,0.255555555556,11,11,11,1,0,0.0909090909091,0.636363636364,0.272727272727,11,0.118181818182,3.72727272727,2.36363636364,1.3,1.625,1.43336856898,0.6064251638,0.286713286713,0.603022689156,0.510249967747,0.237762237762,1.40129809949,1.18571377649,0.503496503497,2.05382127221,0.551025219373,7,3.72727272727,2.05382127221,7,0,0,0,0,0.22962962963,11,11,11,1,0,0.0909090909091,0.636363636364,0.272727272727,11,18,0.163636363636,3.11363636364,3.27272727273,1.8,2.25,1.42062726223,0.434080552347,0.227272727273,0.924416277737,0.564921058617,0.292929292929,1.68954001271,1.03249667443,0.525252525253,1.14353419474,0.367266456706,3.875,3.11363636364,1.14353419474,3.875,0.366666666667,0.266666666667,4,0.0242424242424,0.221111111111,11,11,11,1,0,0.0909090909091,0.636363636364,0.272727272727,-2,-0.0181818181818,0.0702479338843,-0.363636363636,-0.2,-0.25,-0.268912750482,-0.030542951148,-0.0181818181818,-0.243332138505,-0.0773405703161,-0.0434343434343,-0.250469359339,-0.0345084801933,-0.0111111111111,0.0866354202056,0.0199894662943,0.329545454545,0.0702479338843,0.0866354202056,0.329545454545,-0.132380952381,-0.133333333333,-4,-0.0242424242424,-0.0344444444444,0,0,0,18,0,2,90,0.9,1,0,0.1,1,0.9,0.947368421053,0.938314863257,0.9,0.9,5,7,0,0,0,0
668,WLNM_dir_neg,0.928571428571,0.766352694924,00:00:02,10,20,25,1172860574,threshold_sweep,0.2,1,0.714285714286,0.833333333333,5,0,2,14,0.714285714286,1,0,0.285714285714,1,0.714285714286,0.833333333333,0.904761904762,0.587301587302,0.769230769231,0.790569415042,0.714285714286,20,13,7,0,20,0,13,0,7,11,20,0.181818181818,3.04338842975,3.63636363636,2,2.5,1.68954001271,0.464623503495,0.245454545455,1.16774841624,0.642261628933,0.336363636364,1.94000937205,1.06700515463,0.536363636364,1.05689877454,0.347276990411,3.54545454545,3.04338842975,1.05689877454,3.54545454545,0.499047619048,0.4,8,0.0484848484848,0.255555555556,11,11,11,1,0,0.0909090909091,0.636363636364,0.272727272727,11,0.118181818182,3.72727272727,2.36363636364,1.3,1.625,1.43336856898,0.6064251638,0.286713286713,0.603022689156,0.510249967747,0.237762237762,1.40129809949,1.18571377649,0.503496503497,2.05382127221,0.551025219373,7,3.72727272727,2.05382127221,7,0,0,0,0,0.22962962963,11,11,11,1,0,0.0909090909091,0.636363636364,0.272727272727,11,18,0.163636363636,3.11363636364,3.27272727273,1.8,2.25,1.42062726223,0.434080552347,0.227272727273,0.924416277737,0.564921058617,0.292929292929,1.68954001271,1.03249667443,0.525252525253,1.14353419474,0.367266456706,3.875,3.11363636364,1.14353419474,3.875,0.366666666667,0.266666666667,4,0.0242424242424,0.221111111111,11,11,11,1,0,0.0909090909091,0.636363636364,0.272727272727,-2,-0.0181818181818,0.0702479338843,-0.363636363636,-0.2,-0.25,-0.268912750482,-0.030542951148,-0.0181818181818,-0.243332138505,-0.0773405703161,-0.0434343434343,-0.250469359339,-0.0345084801933,-0.0111111111111,0.0866354202056,0.0199894662943,0.329545454545,0.0702479338843,0.0866354202056,0.329545454545,-0.132380952381,-0.133333333333,-4,-0.0242424242424,-0.0344444444444,0,0,0,18,0,2,90,0.9,1,0,0.1,1,0.9,0.947368421053,0.938314863257,0.9,0.9,5,7,0,0,0,0
669,WLNM_dir_neg,0.928571428571,0.766352694924,00:00:02,10,20,25,1172860574,threshold_sweep,0.3,1,0.714285714286,0.833333333333,5,0,2,14,0.714285714286,1,0,0.285714285714,1,0.714285714286,0.833333333333,0.904761904762,0.587301587302,0.769230769231,0.790569415042,0.714285714286,20,13,7,0,20,0,13,0,7,11,20,0.181818181818,3.04338842975,3.63636363636,2,2.5,1.68954001271,0.464623503495,0.245454545455,1.16774841624,0.642261628933,0.336363636364,1.94000937205,1.06700515463,0.536363636364,1.05689877454,0.347276990411,3.54545454545,3.04338842975,1.05689877454,3.54545454545,0.499047619048,0.4,8,0.0484848484848,0.255555555556,11,11,11,1,0,0.0909090909091,0.636363636364,0.272727272727,11,0.118181818182,3.72727272727,2.36363636364,1.3,1.625,1.43336856898,0.6064251638,0.286713286713,0.603022689156,0.510249967747,0.237762237762,1.40129809949,1.18571377649,0.503496503497,2.05382127221,0.551025219373,7,3.72727272727,2.05382127221,7,0,0,0,0,0.22962962963,11,11,11,1,0,0.0909090909091,0.636363636364,0.272727272727,11,18,0.163636363636,3.11363636364,3.27272727273,1.8,2.25,1.42062726223,0.434080552347,0.227272727273,0.924416277737,0.564921058617,0.292929292929,1.68954001271,1.03249667443,0.525252525253,1.14353419474,0.367266456706,3.875,3.11363636364,1.14353419474,3.875,0.366666666667,0.266666666667,4,0.0242424242424,0.221111111111,11,11,11,1,0,0.0909090909091,0.636363636364,0.272727272727,-2,-0.0181818181818,0.0702479338843,-0.363636363636,-0.2,-0.25,-0.268912750482,-0.030542951148,-0.0181818181818,-0.243332138505,-0.0773405703161,-0.0434343434343,-0.250469359339,-0.0345084801933,-0.0111111111111,0.0866354202056,0.0199894662943,0.329545454545,0.0702479338843,0.0866354202056,0.329545454545,-0.132380952381,-0.133333333333,-4,-0.0242424242424,-0.0344444444444,0,0,0,18,0,2,90,0.9,1,0,0.1,1,0.9,0.947368421053,0.938314863257,0.9,0.9,5,7,0,0,0,0
670,WLNM_dir_neg,0.928571428571,0.766352694924,00:00:02,10,20,25,1172860574,threshold_sweep,0.4,1,0.714285714286,0.833333333333,5,0,2,14,0.714285714286,1,0,0.285714285714,1,0.714285714286,0.833333333333,0.904761904762,0.587301587302,0.769230769231,0.790569415042,0.714285714286,20,13,7,0,20,0,13,0,7,11,20,0.181818181818,3.04338842975,3.63636363636,2,2.5,1.68954001271,0.464623503495,0.245454545455,1.16774841624,0.642261628933,0.336363636364,1.94000937205,1.06700515463,0.536363636364,1.05689877454,0.347276990411,3.54545454545,3.04338842975,1.05689877454,3.54545454545,0.499047619048,0.4,8,0.0484848484848,0.255555555556,11,11,11,1,0,0.0909090909091,0.636363636364,0.272727272727,11,0.118181818182,3.72727272727,2.36363636364,1.3,1.625,1.43336856898,0.6064251638,0.286713286713,0.603022689156,0.510249967747,0.237762237762,1.40129809949,1.18571377649,0.503496503497,2.05382127221,0.551025219373,7,3.72727272727,2.05382127221,7,0,0,0,0,0.22962962963,11,11,11,1,0,0.0909090909091,0.636363636364,0.272727272727,11,18,0.163636363636,3.11363636364,3.27272727273,1.8,2.25,1.42062726223,0.434080552347,0.227272727273,0.924416277737,0.564921058617,0.292929292929,1.68954001271,1.03249667443,0.525252525253,1.14353419474,0.367266456706,3.875,3.11363636364,1.14353419474,3.875,0.366666666667,0.266666666667,4,0.0242424242424,0.221111111111,11,11,11,1,0,0.0909090909091,0.636363636364,0.272727272727,-2,-0.0181818181818,0.0702479338843,-0.363636363636,-0.2,-0.25,-0.268912750482,-0.030542951148,-0.0181818181818,-0.243332138505,-0.0773405703161,-0.0434343434343,-0.250469359339,-0.0345084801933,-0.0111111111111,0.0866354202056,0.0199894662943,0.329545454545,0.0702479338843,0.0866354202056,0.329545454545,-0.132380952381,-0.133333333333,-4,-0.0242424242424,-0.0344444444444,0,0,0,18,0,2,90,0.9,1,0,0.1,1,0.9,0.947368421053,0.938314863257,0.9,0.9,5,7,0,0,0,0
671,WLNM_dir_neg,0.928571428571,0.766352694924,00:00:02,10,20,25,1172860574,threshold_sweep,0.5,1,0.714285714286,0.833333333333,5,0,2,14,0.714285714286,1,0,0.285714285714,1,0.714285714286,0.833333333333,0.904761904762,0.587301587302,0.769230769231,0.790569415042,0.714285714286,20,13,7,0,20,0,13,0,7,11,20,0.181818181818,3.04338842975,3.63636363636,2,2.5,1.68954001271,0.464623503495,0.245454545455,1.16774841624,0.642261628933,0.336363636364,1.94000937205,1.06700515463,0.536363636364,1.05689877454,0.347276990411,3.54545454545,3.04338842975,1.05689877454,3.54545454545,0.499047619048,0.4,8,0.0484848484848,0.255555555556,11,11,11,1,0,0.0909090909091,0.636363636364,0.272727272727,11,0.118181818182,3.72727272727,2.36363636364,1.3,1.625,1.43336856898,0.6064251638,0.286713286713,0.603022689156,0.510249967747,0.237762237762,1.40129809949,1.18571377649,0.503496503497,2.05382127221,0.551025219373,7,3.72727272727,2.05382127221,7,0,0,0,0,0.22962962963,11,11,11,1,0,0.0909090909091,0.636363636364,0.272727272727,11,18,0.163636363636,3.11363636364,3.27272727273,1.8,2.25,1.42062726223,0.434080552347,0.227272727273,0.924416277737,0.564921058617,0.292929292929,1.68954001271,1.03249667443,0.525252525253,1.14353419474,0.367266456706,3.875,3.11363636364,1.14353419474,3.875,0.366666666667,0.266666666667,4,0.0242424242424,0.221111111111,11,11,11,1,0,0.0909090909091,0.636363636364,0.272727272727,-2,-0.0181818181818,0.0702479338843,-0.363636363636,-0.2,-0.25,-0.268912750482,-0.030542951148,-0.0181818181818,-0.243332138505,-0.0773405703161,-0.0434343434343,-0.250469359339,-0.0345084801933,-0.0111111111111,0.0866354202056,0.0199894662943,0.329545454545,0.0702479338843,0.0866354202056,0.329545454545,-0.132380952381,-0.133333333333,-4,-0.0242424242424,-0.0344444444444,0,0,0,18,0,2,90,0.9,1,0,0.1,1,0.9,0.947368421053,0.938314863257,0.9,0.9,5,7,0,0,0,0
672,WLNM_dir_neg,0.928571428571,0.766352694924,00:00:02,10,20,25,1172860574,threshold_sweep,0.6,1,0.714285714286,0.833333333333,5,0,2,14,0.714285714286,1,0,0.285714285714,1,0.714285714286,0.833333333333,0.904761904762,0.587301587302,0.769230769231,0.790569415042,0.714285714286,20,13,7,0,20,0,13,0,7,11,20,0.181818181818,3.04338842975,3.63636363636,2,2.5,1.68954001271,0.464623503495,0.245454545455,1.16774841624,0.642261628933,0.336363636364,1.94000937205,1.06700515463,0.536363636364,1.05689877454,0.347276990411,3.54545454545,3.04338842975,1.05689877454,3.54545454545,0.499047619048,0.4,8,0.0484848484848,0.255555555556,11,11,11,1,0,0.0909090909091,0.636363636364,0.272727272727,11,0.118181818182,3.72727272727,2.36363636364,1.3,1.625,1.43336856898,0.6064251638,0.286713286713,0.603022689156,0.510249967747,0.237762237762,1.40129809949,1.18571377649,0.503496503497,2.05382127221,0.551025219373,7,3.72727272727,2.05382127221,7,0,0,0,0,0.22962962963,11,11,11,1,0,0.0909090909091,0.636363636364,0.272727272727,11,18,0.163636363636,3.11363636364,3.27272727273,1.8,2.25,1.42062726223,0.434080552347,0.227272727273,0.924416277737,0.564921058617,0.292929292929,1.68954001271,1.03249667443,0.525252525253,1.14353419474,0.367266456706,3.875,3.11363636364,1.14353419474,3.875,0.366666666667,0.266666666667,4,0.0242424242424,0.221111111111,11,11,11,1,0,0.0909090909091,0.636363636364,0.272727272727,-2,-0.0181818181818,0.0702479338843,-0.363636363636,-0.2,-0.25,-0.268912750482,-0.030542951148,-0.0181818181818,-0.243332138505,-0.0773405703161,-0.0434343434343,-0.250469359339,-0.0345084801933,-0.0111111111111,0.0866354202056,0.0199894662943,0.329545454545,0.0702479338843,0.0866354202056,0.329545454545,-0.132380952381,-0.133333333333,-4,-0.0242424242424,-0.0344444444444,0,0,0,18,0,2,90,0.9,1,0,0.1,1,0.9,0.947368421053,0.938314863257,0.9,0.9,5,7,0,0,0,0
673,WLNM_dir_neg,0.928571428571,0.766352694924,00:00:02,10,20,25,1172860574,threshold_sweep,0.7,1,0.714285714286,0.833333333333,5,0,2,14,0.714285714286,1,0,0.285714285714,1,0.714285714286,0.833333333333,0.904761904762,0.587301587302,0.769230769231,0.790569415042,0.714285714286,20,13,7,0,20,0,13,0,7,11,20,0.181818181818,3.04338842975,3.63636363636,2,2.5,1.68954001271,0.464623503495,0.245454545455,1.16774841624,0.642261628933,0.336363636364,1.94000937205,1.06700515463,0.536363636364,1.05689877454,0.347276990411,3.54545454545,3.04338842975,1.05689877454,3.54545454545,0.499047619048,0.4,8,0.0484848484848,0.255555555556,11,11,11,1,0,0.0909090909091,0.636363636364,0.272727272727,11,0.118181818182,3.72727272727,2.36363636364,1.3,1.625,1.43336856898,0.6064251638,0.286713286713,0.603022689156,0.510249967747,0.237762237762,1.40129809949,1.18571377649,0.503496503497,2.05382127221,0.551025219373,7,3.72727272727,2.05382127221,7,0,0,0,0,0.22962962963,11,11,11,1,0,0.0909090909091,0.636363636364,0.272727272727,11,18,0.163636363636,3.11363636364,3.27272727273,1.8,2.25,1.42062726223,0.434080552347,0.227272727273,0.924416277737,0.564921058617,0.292929292929,1.68954001271,1.03249667443,0.525252525253,1.14353419474,0.367266456706,3.875,3.11363636364,1.14353419474,3.875,0.366666666667,0.266666666667,4,0.0242424242424,0.221111111111,11,11,11,1,0,0.0909090909091,0.636363636364,0.272727272727,-2,-0.0181818181818,0.0702479338843,-0.363636363636,-0.2,-0.25,-0.268912750482,-0.030542951148,-0.0181818181818,-0.243332138505,-0.0773405703161,-0.0434343434343,-0.250469359339,-0.0345084801933,-0.0111111111111,0.0866354202056,0.0199894662943,0.329545454545,0.0702479338843,0.0866354202056,0.329545454545,-0.132380952381,-0.133333333333,-4,-0.0242424242424,-0.0344444444444,0,0,0,18,0,2,90,0.9,1,0,0.1,1,0.9,0.947368421053,0.938314863257,0.9,0.9,5,7,0,0,0,0
674,WLNM_dir_neg,0.928571428571,0.766352694924,00:00:02,10,20,25,1172860574,threshold_sweep,0.8,1,0.571428571429,0.727272727273,4,0,3,14,0.571428571429,1,0,0.428571428571,1,0.571428571429,0.727272727273,0.857142857143,0.603174603175,0.64,0.68599434057,0.571428571429,20,13,7,0,20,0,13,0,7,11,20,0.181818181818,3.04338842975,3.63636363636,2,2.5,1.68954001271,0.464623503495,0.245454545455,1.16774841624,0.642261628933,0.336363636364,1.94000937205,1.06700515463,0.536363636364,1.05689877454,0.347276990411,3.54545454545,3.04338842975,1.05689877454,3.54545454545,0.499047619048,0.4,8,0.0484848484848,0.255555555556,11,11,11,1,0,0.0909090909091,0.636363636364,0.272727272727,11,0.118181818182,3.72727272727,2.36363636364,1.3,1.625,1.43336856898,0.6064251638,0.286713286713,0.603022689156,0.510249967747,0.237762237762,1.40129809949,1.18571377649,0.503496503497,2.05382127221,0.551025219373,7,3.72727272727,2.05382127221,7,0,0,0,0,0.22962962963,11,11,11,1,0,0.0909090909091,0.636363636364,0.272727272727,11,17,0.154545454545,3.17727272727,3.09090909091,1.7,2.125,1.30034960334,0.420701342257,0.208556149733,0.820199532265,0.530717344407,0.267379679144,1.57249078621,1.01749403814,0.513368983957,1.2536673475,0.394573414091,4.4,3.17727272727,1.2536673475,4.4,0.213333333333,0.153846153846,2,0.0121212121212,0.205555555556,11,11,11,1,0,0.0909090909091,0.636363636364,0.272727272727,-3,-0.0272727272727,0.133884297521,-0.545454545455,-0.3,-0.375,-0.389190409368,-0.0439221612377,-0.0368983957219,-0.347548883978,-0.111544284527,-0.0689839572193,-0.367518585835,-0.0495111164884,-0.0229946524064,0.196768572961,0.0472964236795,0.854545454545,0.133884297521,0.196768572961,0.854545454545,-0.285714285714,-0.246153846154,-6,-0.0363636363636,-0.05,0,0,0,17,0,3,90,0.85,1,0,0.15,1,0.85,0.918918918919,0.906962317388,0.85,0.85,4,7,0,0,0,0
675,WLNM_dir_neg,0.928571428571,0.766352694924,00:00:02,10,20,25,1172860574,threshold_sweep,0.9,1,0.571428571429,0.727272727273,4,0,3,14,0.571428571429,1,0,0.428571428571,1,0.571428571429,0.727272727273,0.857142857143,0.603174603175,0.64,0.68599434057,0.571428571429,20,13,7,0,20,0,13,0,7,11,20,0.181818181818,3.04338842975,3.63636363636,2,2.5,1.68954001271,0.464623503495,0.245454545455,1.16774841624,0.642261628933,0.336363636364,1.94000937205,1.06700515463,0.536363636364,1.05689877454,0.347276990411,3.54545454545,3.04338842975,1.05689877454,3.54545454545,0.499047619048,0.4,8,0.0484848484848,0.255555555556,11,11,11,1,0,0.0909090909091,0.636363636364,0.272727272727,11,0.118181818182,3.72727272727,2.36363636364,1.3,1.625,1.43336856898,0.6064251638,0.286713286713,0.603022689156,0.510249967747,0.237762237762,1.40129809949,1.18571377649,0.503496503497,2.05382127221,0.551025219373,7,3.72727272727,2.05382127221,7,0,0,0,0,0.22962962963,11,11,11,1,0,0.0909090909091,0.636363636364,0.272727272727,11,17,0.154545454545,3.17727272727,3.09090909091,1.7,2.125,1.30034960334,0.420701342257,0.208556149733,0.820199532265,0.530717344407,0.267379679144,1.57249078621,1.01749403814,0.513368983957,1.2536673475,0.394573414091,4.4,3.17727272727,1.2536673475,4.4,0.213333333333,0.153846153846,2,0.0121212121212,0.205555555556,11,11,11,1,0,0.0909090909091,0.636363636364,0.272727272727,-3,-0.0272727272727,0.133884297521,-0.545454545455,-0.3,-0.375,-0.389190409368,-0.0439221612377,-0.0368983957219,-0.347548883978,-0.111544284527,-0.0689839572193,-0.367518585835,-0.0495111164884,-0.0229946524064,0.196768572961,0.0472964236795,0.854545454545,0.133884297521,0.196768572961,0.854545454545,-0.285714285714,-0.246153846154,-6,-0.0363636363636,-0.05,0,0,0,17,0,3,90,0.85,1,0,0.15,1,0.85,0.918918918919,0.906962317388,0.85,0.85,4,7,0,0,0,0
676,WLNM_dir_neg,0.826530612245,0.54084724799,00:00:01,10,20,26,1172860575,threshold_sweep,0.1,0.6,0.428571428571,0.5,3,2,4,12,0.428571428571,0.857142857143,0.142857142857,0.571428571429,0.6,0.428571428571,0.5,0.714285714286,0.587301587302,0.307692307692,0.316227766017,0.285714285714,20,13,7,0,20,0,13,0,7,11,20,0.181818181818,3.04338842975,3.63636363636,2,2.5,1.68954001271,0.464623503495,0.245454545455,1.16774841624,0.642261628933,0.336363636364,1.94000937205,1.06700515463,0.536363636364,1.05689877454,0.347276990411,3.54545454545,3.04338842975,1.05689877454,3.54545454545,0.499047619048,0.4,8,0.0484848484848,0.255555555556,11,11,11,1,0,0.0909090909091,0.636363636364,0.272727272727,11,0.118181818182,3.72727272727,2.36363636364,1.3,1.625,1.43336856898,0.6064251638,0.286713286713,0.603022689156,0.510249967747,0.237762237762,1.40129809949,1.18571377649,0.503496503497,2.05382127221,0.551025219373,7,3.72727272727,2.05382127221,7,0,0,0,0,0.22962962963,11,11,11,1,0,0.0909090909091,0.636363636364,0.272727272727,11,18,0.163636363636,3.375,3.27272727273,1.8,2.25,1.27207775634,0.388690425549,0.191919191919,1.0269106361,0.627556499842,0.30303030303,1.50151438706,0.917592125425,0.464646464646,1.48405881135,0.43972112929,4.66666666667,3.375,1.48405881135,4.66666666667,0.296666666667,0.209302325581,3,0.0181818181818,0.198518518519,11,11,11,1,0,0.0909090909091,0.636363636364,0.272727272727,-2,-0.0181818181818,0.331611570248,-0.363636363636,-0.2,-0.25,-0.417462256367,-0.0759330779459,-0.0535353535354,-0.140837780137,-0.0147051290913,-0.0333333333333,-0.438494984989,-0.149413029202,-0.0717171717172,0.427160036816,0.0924441388786,1.12121212121,0.331611570248,0.427160036816,1.12121212121,-0.202380952381,-0.190697674419,-5,-0.030303030303,-0.057037037037,0,0,0,16,2,4,88,0.8,0.977777777778,0.0222222222222,0.2,0.888888888889,0.8,0.842105263158,0.810889388,0.777777777778,0.727272727273,5,7,0,0,0,0
677,WLNM_dir_neg,0.826530612245,0.54084724799,00:00:01,10,20,26,1172860575,threshold_sweep,0.2,0.6,0.428571428571,0.5,3,2,4,12,0.428571428571,0.857142857143,0.142857142857,0.571428571429,0.6,0.428571428571,0.5,0.714285714286,0.587301587302,0.307692307692,0.316227766017,0.285714285714,20,13,7,0,20,0,13,0,7,11,20,0.181818181818,3.04338842975,3.63636363636,2,2.5,1.68954001271,0.464623503495,0.245454545455,1.16774841624,0.642261628933,0.336363636364,1.94000937205,1.06700515463,0.536363636364,1.05689877454,0.347276990411,3.54545454545,3.04338842975,1.05689877454,3.54545454545,0.499047619048,0.4,8,0.0484848484848,0.255555555556,11,11,11,1,0,0.0909090909091,0.636363636364,0.272727272727,11,0.118181818182,3.72727272727,2.36363636364,1.3,1.625,1.43336856898,0.6064251638,0.286713286713,0.603022689156,0.510249967747,0.237762237762,1.40129809949,1.18571377649,0.503496503497,2.05382127221,0.551025219373,7,3.72727272727,2.05382127221,7,0,0,0,0,0.22962962963,11,11,11,1,0,0.0909090909091,0.636363636364,0.272727272727,11,18,0.163636363636,3.375,3.27272727273,1.8,2.25,1.27207775634,0.388690425549,0.191919191919,1.0269106361,0.627556499842,0.30303030303,1.50151438706,0.917592125425,0.464646464646,1.48405881135,0.43972112929,4.66666666667,3.375,1.48405881135,4.66666666667,0.296666666667,0.209302325581,3,0.0181818181818,0.198518518519,11,11,11,1,0,0.0909090909091,0.636363636364,0.272727272727,-2,-0.0181818181818,0.331611570248,-0.363636363636,-0.2,-0.25,-0.417462256367,-0.0759330779459,-0.0535353535354,-0.140837780137,-0.0147051290913,-0.0333333333333,-0.438494984989,-0.149413029202,-0.0717171717172,0.427160036816,0.0924441388786,1.12121212121,0.331611570248,0.427160036816,1.12121212121,-0.202380952381,-0.190697674419,-5,-0.030303030303,-0.057037037037,0,0,0,16,2,4,88,0.8,0.977777777778,0.0222222222222,0.2,0.888888888889,0.8,0.842105263158,0.810889388,0.777777777778,0.727272727273,5,7,0,0,0,0
678,WLNM_dir_neg,0.826530612245,0.54084724799,00:00:01,10,20,26,1172860575,threshold_sweep,0.3,0.6,0.428571428571,0.5,3,2,4,12,0.428571428571,0.857142857143,0.142857142857,0.571428571429,0.6,0.428571428571,0.5,0.714285714286,0.587301587302,0.307692307692,0.316227766017,0.285714285714,20,13,7,0,20,0,13,0,7,11,20,0.181818181818,3.04338842975,3.63636363636,2,2.5,1.68954001271,0.464623503495,0.245454545455,1.16774841624,0.642261628933,0.336363636364,1.94000937205,1.06700515463,0.536363636364,1.05689877454,0.347276990411,3.54545454545,3.04338842975,1.05689877454,3.54545454545,0.499047619048,0.4,8,0.0484848484848,0.255555555556,11,11,11,1,0,0.0909090909091,0.636363636364,0.272727272727,11,0.118181818182,3.72727272727,2.36363636364,1.3,1.625,1.43336856898,0.6064251638,0.286713286713,0.603022689156,0.510249967747,0.237762237762,1.40129809949,1.18571377649,0.503496503497,2.05382127221,0.551025219373,7,3.72727272727,2.05382127221,7,0,0,0,0,0.22962962963,11,11,11,1,0,0.0909090909091,0.636363636364,0.272727272727,11,18,0.163636363636,3.375,3.27272727273,1.8,2.25,1.27207775634,0.388690425549,0.191919191919,1.0269106361,0.627556499842,0.30303030303,1.50151438706,0.917592125425,0.464646464646,1.48405881135,0.43972112929,4.66666666667,3.375,1.48405881135,4.66666666667,0.296666666667,0.209302325581,3,0.0181818181818,0.198518518519,11,11,11,1,0,0.0909090909091,0.636363636364,0.272727272727,-2,-0.0181818181818,0.331611570248,-0.363636363636,-0.2,-0.25,-0.417462256367,-0.0759330779459,-0.0535353535354,-0.140837780137,-0.0147051290913,-0.0333333333333,-0.438494984989,-0.149413029202,-0.0717171717172,0.427160036816,0.0924441388786,1.12121212121,0.331611570248,0.427160036816,1.12121212121,-0.202380952381,-0.190697674419,-5,-0.030303030303,-0.057037037037,0,0,0,16,2,4,88,0.8,0.977777777778,0.0222222222222,0.2,0.888888888889,0.8,0.842105263158,0.810889388,0.777777777778,0.727272727273,5,7,0,0,0,0
679,WLNM_dir_neg,0.826530612245,0.54084724799,00:00:01,10,20,26,1172860575,threshold_sweep,0.4,0.6,0.428571428571,0.5,3,2,4,12,0.428571428571,0.857142857143,0.142857142857,0.571428571429,0.6,0.428571428571,0.5,0.714285714286,0.587301587302,0.307692307692,0.316227766017,0.285714285714,20,13,7,0,20,0,13,0,7,11,20,0.181818181818,3.04338842975,3.63636363636,2,2.5,1.68954001271,0.464623503495,0.245454545455,1.16774841624,0.642261628933,0.336363636364,1.94000937205,1.06700515463,0.536363636364,1.05689877454,0.347276990411,3.54545454545,3.04338842975,1.05689877454,3.54545454545,0.499047619048,0.4,8,0.0484848484848,0.255555555556,11,11,11,1,0,0.0909090909091,0.636363636364,0.272727272727,11,0.118181818182,3.72727272727,2.36363636364,1.3,1.625,1.43336856898,0.6064251638,0.286713286713,0.603022689156,0.510249967747,0.237762237762,1.40129809949,1.18571377649,0.503496503497,2.05382127221,0.551025219373,7,3.72727272727,2.05382127221,7,0,0,0,0,0.22962962963,11,11,11,1,0,0.0909090909091,0.636363636364,0.272727272727,11,18,0.163636363636,3.375,3.27272727273,1.8,2.25,1.27207775634,0.388690425549,0.191919191919,1.0269106361,0.627556499842,0.30303030303,1.50151438706,0.917592125425,0.464646464646,1.48405881135,0.43972112929,4.66666666667,3.375,1.48405881135,4.66666666667,0.296666666667,0.209302325581,3,0.0181818181818,0.198518518519,11,11,11,1,0,0.0909090909091,0.636363636364,0.272727272727,-2,-0.0181818181818,0.331611570248,-0.363636363636,-0.2,-0.25,-0.417462256367,-0.0759330779459,-0.0535353535354,-0.140837780137,-0.0147051290913,-0.0333333333333,-0.438494984989,-0.149413029202,-0.0717171717172,0.427160036816,0.0924441388786,1.12121212121,0.331611570248,0.427160036816,1.12121212121,-0.202380952381,-0.190697674419,-5,-0.030303030303,-0.057037037037,0,0,0,16,2,4,88,0.8,0.977777777778,0.0222222222222,0.2,0.888888888889,0.8,0.842105263158,0.810889388,0.777777777778,0.727272727273,5,7,0,0,0,0
680,WLNM_dir_neg,0.826530612245,0.54084724799,00:00:01,10,20,26,1172860575,threshold_sweep,0.5,0.6,0.428571428571,0.5,3,2,4,12,0.428571428571,0.857142857143,0.142857142857,0.571428571429,0.6,0.428571428571,0.5,0.714285714286,0.587301587302,0.307692307692,0.316227766017,0.285714285714,20,13,7,0,20,0,13,0,7,11,20,0.181818181818,3.04338842975,3.63636363636,2,2.5,1.68954001271,0.464623503495,0.245454545455,1.16774841624,0.642261628933,0.336363636364,1.94000937205,1.06700515463,0.536363636364,1.05689877454,0.347276990411,3.54545454545,3.04338842975,1.05689877454,3.54545454545,0.499047619048,0.4,8,0.0484848484848,0.255555555556,11,11,11,1,0,0.0909090909091,0.636363636364,0.272727272727,11,0.118181818182,3.72727272727,2.36363636364,1.3,1.625,1.43336856898,0.6064251638,0.286713286713,0.603022689156,0.510249967747,0.237762237762,1.40129809949,1.18571377649,0.503496503497,2.05382127221,0.551025219373,7,3.72727272727,2.05382127221,7,0,0,0,0,0.22962962963,11,11,11,1,0,0.0909090909091,0.636363636364,0.272727272727,11,18,0.163636363636,3.375,3.27272727273,1.8,2.25,1.27207775634,0.388690425549,0.191919191919,1.0269106361,0.627556499842,0.30303030303,1.50151438706,0.917592125425,0.464646464646,1.48405881135,0.43972112929,4.66666666667,3.375,1.48405881135,4.66666666667,0.296666666667,0.209302325581,3,0.0181818181818,0.198518518519,11,11,11,1,0,0.0909090909091,0.636363636364,0.272727272727,-2,-0.0181818181818,0.331611570248,-0.363636363636,-0.2,-0.25,-0.417462256367,-0.0759330779459,-0.0535353535354,-0.140837780137,-0.0147051290913,-0.0333333333333,-0.438494984989,-0.149413029202,-0.0717171717172,0.427160036816,0.0924441388786,1.12121212121,0.331611570248,0.427160036816,1.12121212121,-0.202380952381,-0.190697674419,-5,-0.030303030303,-0.057037037037,0,0,0,16,2,4,88,0.8,0.977777777778,0.0222222222222,0.2,0.888888888889,0.8,0.842105263158,0.810889388,0.777777777778,0.727272727273,5,7,0,0,0,0
681,WLNM_dir_neg,0.826530612245,0.54084724799,00:00:01,10,20,26,1172860575,threshold_sweep,0.6,0.6,0.428571428571,0.5,3,2,4,12,0.428571428571,0.857142857143,0.142857142857,0.571428571429,0.6,0.428571428571,0.5,0.714285714286,0.587301587302,0.307692307692,0.316227766017,0.285714285714,20,13,7,0,20,0,13,0,7,11,20,0.181818181818,3.04338842975,3.63636363636,2,2.5,1.68954001271,0.464623503495,0.245454545455,1.16774841624,0.642261628933,0.336363636364,1.94000937205,1.06700515463,0.536363636364,1.05689877454,0.347276990411,3.54545454545,3.04338842975,1.05689877454,3.54545454545,0.499047619048,0.4,8,0.0484848484848,0.255555555556,11,11,11,1,0,0.0909090909091,0.636363636364,0.272727272727,11,0.118181818182,3.72727272727,2.36363636364,1.3,1.625,1.43336856898,0.6064251638,0.286713286713,0.603022689156,0.510249967747,0.237762237762,1.40129809949,1.18571377649,0.503496503497,2.05382127221,0.551025219373,7,3.72727272727,2.05382127221,7,0,0,0,0,0.22962962963,11,11,11,1,0,0.0909090909091,0.636363636364,0.272727272727,11,18,0.163636363636,3.375,3.27272727273,1.8,2.25,1.27207775634,0.388690425549,0.191919191919,1.0269106361,0.627556499842,0.30303030303,1.50151438706,0.917592125425,0.464646464646,1.48405881135,0.43972112929,4.66666666667,3.375,1.48405881135,4.66666666667,0.296666666667,0.209302325581,3,0.0181818181818,0.198518518519,11,11,11,1,0,0.0909090909091,0.636363636364,0.272727272727,-2,-0.0181818181818,0.331611570248,-0.363636363636,-0.2,-0.25,-0.417462256367,-0.0759330779459,-0.0535353535354,-0.140837780137,-0.0147051290913,-0.0333333333333,-0.438494984989,-0.149413029202,-0.0717171717172,0.427160036816,0.0924441388786,1.12121212121,0.331611570248,0.427160036816,1.12121212121,-0.202380952381,-0.190697674419,-5,-0.030303030303,-0.057037037037,0,0,0,16,2,4,88,0.8,0.977777777778,0.0222222222222,0.2,0.888888888889,0.8,0.842105263158,0.810889388,0.777777777778,0.727272727273,5,7,0,0,0,0
682,WLNM_dir_neg,0.826530612245,0.54084724799,00:00:01,10,20,26,1172860575,threshold_sweep,0.7,0.6,0.428571428571,0.5,3,2,4,12,0.428571428571,0.857142857143,0.142857142857,0.571428571429,0.6,0.428571428571,0.5,0.714285714286,0.587301587302,0.307692307692,0.316227766017,0.285714285714,20,13,7,0,20,0,13,0,7,11,20,0.181818181818,3.04338842975,3.63636363636,2,2.5,1.68954001271,0.464623503495,0.245454545455,1.16774841624,0.642261628933,0.336363636364,1.94000937205,1.06700515463,0.536363636364,1.05689877454,0.347276990411,3.54545454545,3.04338842975,1.05689877454,3.54545454545,0.499047619048,0.4,8,0.0484848484848,0.255555555556,11,11,11,1,0,0.0909090909091,0.636363636364,0.272727272727,11,0.118181818182,3.72727272727,2.36363636364,1.3,1.625,1.43336856898,0.6064251638,0.286713286713,0.603022689156,0.510249967747,0.237762237762,1.40129809949,1.18571377649,0.503496503497,2.05382127221,0.551025219373,7,3.72727272727,2.05382127221,7,0,0,0,0,0.22962962963,11,11,11,1,0,0.0909090909091,0.636363636364,0.272727272727,11,18,0.163636363636,3.375,3.27272727273,1.8,2.25,1.27207775634,0.388690425549,0.191919191919,1.0269106361,0.627556499842,0.30303030303,1.50151438706,0.917592125425,0.464646464646,1.48405881135,0.43972112929,4.66666666667,3.375,1.48405881135,4.66666666667,0.296666666667,0.209302325581,3,0.0181818181818,0.198518518519,11,11,11,1,0,0.0909090909091,0.636363636364,0.272727272727,-2,-0.0181818181818,0.331611570248,-0.363636363636,-0.2,-0.25,-0.417462256367,-0.0759330779459,-0.0535353535354,-0.140837780137,-0.0147051290913,-0.0333333333333,-0.438494984989,-0.149413029202,-0.0717171717172,0.427160036816,0.0924441388786,1.12121212121,0.331611570248,0.427160036816,1.12121212121,-0.202380952381,-0.190697674419,-5,-0.030303030303,-0.057037037037,0,0,0,16,2,4,88,0.8,0.977777777778,0.0222222222222,0.2,0.888888888889,0.8,0.842105263158,0.810889388,0.777777777778,0.727272727273,5,7,0,0,0,0
683,WLNM_dir_neg,0.826530612245,0.54084724799,00:00:01,10,20,26,1172860575,threshold_sweep,0.8,0.6,0.428571428571,0.5,3,2,4,12,0.428571428571,0.857142857143,0.142857142857,0.571428571429,0.6,0.428571428571,0.5,0.714285714286,0.587301587302,0.307692307692,0.316227766017,0.285714285714,20,13,7,0,20,0,13,0,7,11,20,0.181818181818,3.04338842975,3.63636363636,2,2.5,1.68954001271,0.464623503495,0.245454545455,1.16774841624,0.642261628933,0.336363636364,1.94000937205,1.06700515463,0.536363636364,1.05689877454,0.347276990411,3.54545454545,3.04338842975,1.05689877454,3.54545454545,0.499047619048,0.4,8,0.0484848484848,0.255555555556,11,11,11,1,0,0.0909090909091,0.636363636364,0.272727272727,11,0.118181818182,3.72727272727,2.36363636364,1.3,1.625,1.43336856898,0.6064251638,0.286713286713,0.603022689156,0.510249967747,0.237762237762,1.40129809949,1.18571377649,0.503496503497,2.05382127221,0.551025219373,7,3.72727272727,2.05382127221,7,0,0,0,0,0.22962962963,11,11,11,1,0,0.0909090909091,0.636363636364,0.272727272727,11,18,0.163636363636,3.375,3.27272727273,1.8,2.25,1.27207775634,0.388690425549,0.191919191919,1.0269106361,0.627556499842,0.30303030303,1.50151438706,0.917592125425,0.464646464646,1.48405881135,0.43972112929,4.66666666667,3.375,1.48405881135,4.66666666667,0.296666666667,0.209302325581,3,0.0181818181818,0.198518518519,11,11,11,1,0,0.0909090909091,0.636363636364,0.272727272727,-2,-0.0181818181818,0.331611570248,-0.363636363636,-0.2,-0.25,-0.417462256367,-0.0759330779459,-0.0535353535354,-0.140837780137,-0.0147051290913,-0.0333333333333,-0.438494984989,-0.149413029202,-0.0717171717172,0.427160036816,0.0924441388786,1.12121212121,0.331611570248,0.427160036816,1.12121212121,-0.202380952381,-0.190697674419,-5,-0.030303030303,-0.057037037037,0,0,0,16,2,4,88,0.8,0.977777777778,0.0222222222222,0.2,0.888888888889,0.8,0.842105263158,0.810889388,0.777777777778,0.727272727273,5,7,0,0,0,0
684,WLNM_dir_neg,0.826530612245,0.54084724799,00:00:01,10,20,26,1172860575,threshold_sweep,0.9,0.6,0.428571428571,0.5,3,2,4,12,0.428571428571,0.857142857143,0.142857142857,0.571428571429,0.6,0.428571428571,0.5,0.714285714286,0.587301587302,0.307692307692,0.316227766017,0.285714285714,20,13,7,0,20,0,13,0,7,11,20,0.181818181818,3.04338842975,3.63636363636,2,2.5,1.68954001271,0.464623503495,0.245454545455,1.16774841624,0.642261628933,0.336363636364,1.94000937205,1.06700515463,0.536363636364,1.05689877454,0.347276990411,3.54545454545,3.04338842975,1.05689877454,3.54545454545,0.499047619048,0.4,8,0.0484848484848,0.255555555556,11,11,11,1,0,0.0909090909091,0.636363636364,0.272727272727,11,0.118181818182,3.72727272727,2.36363636364,1.3,1.625,1.43336856898,0.6064251638,0.286713286713,0.603022689156,0.510249967747,0.237762237762,1.40129809949,1.18571377649,0.503496503497,2.05382127221,0.551025219373,7,3.72727272727,2.05382127221,7,0,0,0,0,0.22962962963,11,11,11,1,0,0.0909090909091,0.636363636364,0.272727272727,11,18,0.163636363636,3.375,3.27272727273,1.8,2.25,1.27207775634,0.388690425549,0.191919191919,1.0269106361,0.627556499842,0.30303030303,1.50151438706,0.917592125425,0.464646464646,1.48405881135,0.43972112929,4.66666666667,3.375,1.48405881135,4.66666666667,0.296666666667,0.209302325581,3,0.0181818181818,0.198518518519,11,11,11,1,0,0.0909090909091,0.636363636364,0.272727272727,-2,-0.0181818181818,0.331611570248,-0.363636363636,-0.2,-0.25,-0.417462256367,-0.0759330779459,-0.0535353535354,-0.140837780137,-0.0147051290913,-0.0333333333333,-0.438494984989,-0.149413029202,-0.0717171717172,0.427160036816,0.0924441388786,1.12121212121,0.331611570248,0.427160036816,1.12121212121,-0.202380952381,-0.190697674419,-5,-0.030303030303,-0.057037037037,0,0,0,16,2,4,88,0.8,0.977777777778,0.0222222222222,0.2,0.888888888889,0.8,0.842105263158,0.810889388,0.777777777778,0.727272727273,5,7,0,0,0,0
685,WLNM_dir_neg,0.887755102041,0.70048403977,00:00:02,10,20,27,1172860576,threshold_sweep,0.1,0.545454545455,0.857142857143,0.666666666667,6,5,1,9,0.857142857143,0.642857142857,0.357142857143,0.142857142857,0.545454545455,0.857142857143,0.666666666667,0.714285714286,0.492063492063,0.4375,0.471939903724,0.5,20,13,7,0,20,0,13,0,7,11,20,0.181818181818,3.04338842975,3.63636363636,2,2.5,1.68954001271,0.464623503495,0.245454545455,1.16774841624,0.642261628933,0.336363636364,1.94000937205,1.06700515463,0.536363636364,1.05689877454,0.347276990411,3.54545454545,3.04338842975,1.05689877454,3.54545454545,0.499047619048,0.4,8,0.0484848484848,0.255555555556,11,11,11,1,0,0.0909090909091,0.636363636364,0.272727272727,11,0.118181818182,3.72727272727,2.36363636364,1.3,1.625,1.43336856898,0.6064251638,0.286713286713,0.603022689156,0.510249967747,0.237762237762,1.40129809949,1.18571377649,0.503496503497,2.05382127221,0.551025219373,7,3.72727272727,2.05382127221,7,0,0,0,0,0.22962962963,11,11,11,1,0,0.0909090909091,0.636363636364,0.272727272727,11,24,0.218181818182,7.17485667486,4.36363636364,2.4,2.66666666667,2.01359019032,0.461447751948,0.242424242424,1.16774841624,0.535218024111,0.280303030303,1.8877596149,0.865223156828,0.454545454545,2.56819244663,0.357943379639,8.6036036036,7.17485667486,2.56819244663,8.6036036036,0.548333333333,0.458823529412,13,0.0787878787879,0.217037037037,11,11,11,1,0,0.0909090909091,0.727272727273,0.181818181818,4,0.0363636363636,4.1314682451,0.727272727273,0.4,0.166666666667,0.324050177609,-0.00317575154713,-0.0030303030303,0,-0.107043604822,-0.0560606060606,-0.0522497571515,-0.201781997799,-0.0818181818182,1.51129367209,0.0106663892281,5.05814905815,4.1314682451,1.51129367209,5.05814905815,0.0492857142857,0.0588235294118,5,0.030303030303,-0.0385185185185,0,0.0909090909091,-0.0909090909091,19,5,1,85,0.95,0.944444444444,0.0555555555556,0.05,0.791666666667,0.95,0.863636363636,0.835285181873,0.894444444444,0.76,11,7,0,0,0,0
686,WLNM_dir_neg,0.887755102041,0.70048403977,00:00:02,10,20,27,1172860576,threshold_sweep,0.2,0.545454545455,0.857142857143,0.666666666667,6,5,1,9,0.857142857143,0.642857142857,0.357142857143,0.142857142857,0.545454545455,0.857142857143,0.666666666667,0.714285714286,0.492063492063,0.4375,0.471939903724,0.5,20,13,7,0,20,0,13,0,7,11,20,0.181818181818,3.04338842975,3.63636363636,2,2.5,1.68954001271,0.464623503495,0.245454545455,1.16774841624,0.642261628933,0.336363636364,1.94000937205,1.06700515463,0.536363636364,1.05689877454,0.347276990411,3.54545454545,3.04338842975,1.05689877454,3.54545454545,0.499047619048,0.4,8,0.0484848484848,0.255555555556,11,11,11,1,0,0.0909090909091,0.636363636364,0.272727272727,11,0.118181818182,3.72727272727,2.36363636364,1.3,1.625,1.43336856898,0.6064251638,0.286713286713,0.603022689156,0.510249967747,0.237762237762,1.40129809949,1.18571377649,0.503496503497,2.05382127221,0.551025219373,7,3.72727272727,2.05382127221,7,0,0,0,0,0.22962962963,11,11,11,1,0,0.0909090909091,0.636363636364,0.272727272727,11,24,0.218181818182,7.17485667486,4.36363636364,2.4,2.66666666667,2.01359019032,0.461447751948,0.242424242424,1.16774841624,0.535218024111,0.280303030303,1.8877596149,0.865223156828,0.454545454545,2.56819244663,0.357943379639,8.6036036036,7.17485667486,2.56819244663,8.6036036036,0.548333333333,0.458823529412,13,0.0787878787879,0.217037037037,11,11,11,1,0,0.0909090909091,0.727272727273,0.181818181818,4,0.0363636363636,4.1314682451,0.727272727273,0.4,0.166666666667,0.324050177609,-0.00317575154713,-0.0030303030303,0,-0.107043604822,-0.0560606060606,-0.0522497571515,-0.201781997799,-0.0818181818182,1.51129367209,0.0106663892281,5.05814905815,4.1314682451,1.51129367209,5.05814905815,0.0492857142857,0.0588235294118,5,0.030303030303,-0.0385185185185,0,0.0909090909091,-0.0909090909091,19,5,1,85,0.95,0.944444444444,0.0555555555556,0.05,0.791666666667,0.95,0.863636363636,0.835285181873,0.894444444444,0.76,11,7,0,0,0,0
687,WLNM_dir_neg,0.887755102041,0.70048403977,00:00:02,10,20,27,1172860576,threshold_sweep,0.3,0.6,0.857142857143,0.705882352941,6,4,1,10,0.857142857143,0.714285714286,0.285714285714,0.142857142857,0.6,0.857142857143,0.705882352941,0.761904761905,0.507936507937,0.516129032258,0.539359889971,0.571428571429,20,13,7,0,20,0,13,0,7,11,20,0.181818181818,3.04338842975,3.63636363636,2,2.5,1.68954001271,0.464623503495,0.245454545455,1.16774841624,0.642261628933,0.336363636364,1.94000937205,1.06700515463,0.536363636364,1.05689877454,0.347276990411,3.54545454545,3.04338842975,1.05689877454,3.54545454545,0.499047619048,0.4,8,0.0484848484848,0.255555555556,11,11,11,1,0,0.0909090909091,0.636363636364,0.272727272727,11,0.118181818182,3.72727272727,2.36363636364,1.3,1.625,1.43336856898,0.6064251638,0.286713286713,0.603022689156,0.510249967747,0.237762237762,1.40129809949,1.18571377649,0.503496503497,2.05382127221,0.551025219373,7,3.72727272727,2.05382127221,7,0,0,0,0,0.22962962963,11,11,11,1,0,0.0909090909091,0.636363636364,0.272727272727,11,23,0.209090909091,3.66670118037,4.18181818182,2.3,2.55555555556,1.72152152575,0.411668190941,0.217391304348,1.22102788294,0.583969857057,0.308300395257,1.81408629643,0.867606489599,0.450592885375,1.47067017006,0.401088089188,4.33712984055,3.66670118037,1.47067017006,4.33712984055,0.502380952381,0.41095890411,10,0.0606060606061,0.202222222222,11,11,11,1,0,0.0909090909091,0.727272727273,0.181818181818,3,0.0272727272727,0.623312750617,0.545454545455,0.3,0.0555555555556,0.0319815130454,-0.0529553125537,-0.0280632411067,0.0532794666945,-0.0582917718765,-0.0280632411067,-0.125923075615,-0.199398665028,-0.0857707509881,0.41377139552,0.0538110987765,0.791675295092,0.623312750617,0.41377139552,0.791675295092,0.00333333333333,0.0109589041096,2,0.0121212121212,-0.0533333333333,0,0.0909090909091,-0.0909090909091,19,4,1,86,0.95,0.955555555556,0.0444444444444,0.05,0.826086956522,0.95,0.883720930233,0.85887074016,0.905555555556,0.791666666667,10,7,0,0,0,0
688,WLNM_dir_neg,0.887755102041,0.70048403977,00:00:02,10,20,27,1172860576,threshold_sweep,0.4,0.6,0.857142857143,0.705882352941,6,4,1,10,0.857142857143,0.714285714286,0.285714285714,0.142857142857,0.6,0.857142857143,0.705882352941,0.761904761905,0.507936507937,0.516129032258,0.539359889971,0.571428571429,20,13,7,0,20,0,13,0,7,11,20,0.181818181818,3.04338842975,3.63636363636,2,2.5,1.68954001271,0.464623503495,0.245454545455,1.16774841624,0.642261628933,0.336363636364,1.94000937205,1.06700515463,0.536363636364,1.05689877454,0.347276990411,3.54545454545,3.04338842975,1.05689877454,3.54545454545,0.499047619048,0.4,8,0.0484848484848,0.255555555556,11,11,11,1,0,0.0909090909091,0.636363636364,0.272727272727,11,0.118181818182,3.72727272727,2.36363636364,1.3,1.625,1.43336856898,0.6064251638,0.286713286713,0.603022689156,0.510249967747,0.237762237762,1.40129809949,1.18571377649,0.503496503497,2.05382127221,0.551025219373,7,3.72727272727,2.05382127221,7,0,0,0,0,0.22962962963,11,11,11,1,0,0.0909090909091,0.636363636364,0.272727272727,11,23,0.209090909091,3.66670118037,4.18181818182,2.3,2.55555555556,1.72152152575,0.411668190941,0.217391304348,1.22102788294,0.583969857057,0.308300395257,1.81408629643,0.867606489599,0.450592885375,1.47067017006,0.401088089188,4.33712984055,3.66670118037,1.47067017006,4.33712984055,0.502380952381,0.41095890411,10,0.0606060606061,0.202222222222,11,11,11,1,0,0.0909090909091,0.727272727273,0.181818181818,3,0.0272727272727,0.623312750617,0.545454545455,0.3,0.0555555555556,0.0319815130454,-0.0529553125537,-0.0280632411067,0.0532794666945,-0.0582917718765,-0.0280632411067,-0.125923075615,-0.199398665028,-0.0857707509881,0.41377139552,0.0538110987765,0.791675295092,0.623312750617,0.41377139552,0.791675295092,0.00333333333333,0.0109589041096,2,0.0121212121212,-0.0533333333333,0,0.0909090909091,-0.0909090909091,19,4,1,86,0.95,0.955555555556,0.0444444444444,0.05,0.826086956522,0.95,0.883720930233,0.85887074016,0.905555555556,0.791666666667,10,7,0,0,0,0
689,WLNM_dir_neg,0.887755102041,0.70048403977,00:00:02,10,20,27,1172860576,threshold_sweep,0.5,0.6,0.857142857143,0.705882352941,6,4,1,10,0.857142857143,0.714285714286,0.285714285714,0.142857142857,0.6,0.857142857143,0.705882352941,0.761904761905,0.507936507937,0.516129032258,0.539359889971,0.571428571429,20,13,7,0,20,0,13,0,7,11,20,0.181818181818,3.04338842975,3.63636363636,2,2.5,1.68954001271,0.464623503495,0.245454545455,1.16774841624,0.642261628933,0.336363636364,1.94000937205,1.06700515463,0.536363636364,1.05689877454,0.347276990411,3.54545454545,3.04338842975,1.05689877454,3.54545454545,0.499047619048,0.4,8,0.0484848484848,0.255555555556,11,11,11,1,0,0.0909090909091,0.636363636364,0.272727272727,11,0.118181818182,3.72727272727,2.36363636364,1.3,1.625,1.43336856898,0.6064251638,0.286713286713,0.603022689156,0.510249967747,0.237762237762,1.40129809949,1.18571377649,0.503496503497,2.05382127221,0.551025219373,7,3.72727272727,2.05382127221,7,0,0,0,0,0.22962962963,11,11,11,1,0,0.0909090909091,0.636363636364,0.272727272727,11,23,0.209090909091,3.66670118037,4.18181818182,2.3,2.55555555556,1.72152152575,0.411668190941,0.217391304348,1.22102788294,0.583969857057,0.308300395257,1.81408629643,0.867606489599,0.450592885375,1.47067017006,0.401088089188,4.33712984055,3.66670118037,1.47067017006,4.33712984055,0.502380952381,0.41095890411,10,0.0606060606061,0.202222222222,11,11,11,1,0,0.0909090909091,0.727272727273,0.181818181818,3,0.0272727272727,0.623312750617,0.545454545455,0.3,0.0555555555556,0.0319815130454,-0.0529553125537,-0.0280632411067,0.0532794666945,-0.0582917718765,-0.0280632411067,-0.125923075615,-0.199398665028,-0.0857707509881,0.41377139552,0.0538110987765,0.791675295092,0.623312750617,0.41377139552,0.791675295092,0.00333333333333,0.0109589041096,2,0.0121212121212,-0.0533333333333,0,0.0909090909091,-0.0909090909091,19,4,1,86,0.95,0.955555555556,0.0444444444444,0.05,0.826086956522,0.95,0.883720930233,0.85887074016,0.905555555556,0.791666666667,10,7,0,0,0,0
690,WLNM_dir_neg,0.887755102041,0.70048403977,00:00:02,10,20,27,1172860576,threshold_sweep,0.6,0.6,0.857142857143,0.705882352941,6,4,1,10,0.857142857143,0.714285714286,0.285714285714,0.142857142857,0.6,0.857142857143,0.705882352941,0.761904761905,0.507936507937,0.516129032258,0.539359889971,0.571428571429,20,13,7,0,20,0,13,0,7,11,20,0.181818181818,3.04338842975,3.63636363636,2,2.5,1.68954001271,0.464623503495,0.245454545455,1.16774841624,0.642261628933,0.336363636364,1.94000937205,1.06700515463,0.536363636364,1.05689877454,0.347276990411,3.54545454545,3.04338842975,1.05689877454,3.54545454545,0.499047619048,0.4,8,0.0484848484848,0.255555555556,11,11,11,1,0,0.0909090909091,0.636363636364,0.272727272727,11,0.118181818182,3.72727272727,2.36363636364,1.3,1.625,1.43336856898,0.6064251638,0.286713286713,0.603022689156,0.510249967747,0.237762237762,1.40129809949,1.18571377649,0.503496503497,2.05382127221,0.551025219373,7,3.72727272727,2.05382127221,7,0,0,0,0,0.22962962963,11,11,11,1,0,0.0909090909091,0.636363636364,0.272727272727,11,23,0.209090909091,3.66670118037,4.18181818182,2.3,2.55555555556,1.72152152575,0.411668190941,0.217391304348,1.22102788294,0.583969857057,0.308300395257,1.81408629643,0.867606489599,0.450592885375,1.47067017006,0.401088089188,4.33712984055,3.66670118037,1.47067017006,4.33712984055,0.502380952381,0.41095890411,10,0.0606060606061,0.202222222222,11,11,11,1,0,0.0909090909091,0.727272727273,0.181818181818,3,0.0272727272727,0.623312750617,0.545454545455,0.3,0.0555555555556,0.0319815130454,-0.0529553125537,-0.0280632411067,0.0532794666945,-0.0582917718765,-0.0280632411067,-0.125923075615,-0.199398665028,-0.0857707509881,0.41377139552,0.0538110987765,0.791675295092,0.623312750617,0.41377139552,0.791675295092,0.00333333333333,0.0109589041096,2,0.0121212121212,-0.0533333333333,0,0.0909090909091,-0.0909090909091,19,4,1,86,0.95,0.955555555556,0.0444444444444,0.05,0.826086956522,0.95,0.883720930233,0.85887074016,0.905555555556,0.791666666667,10,7,0,0,0,0
691,WLNM_dir_neg,0.887755102041,0.70048403977,00:00:02,10,20,27,1172860576,threshold_sweep,0.7,0.6,0.857142857143,0.705882352941,6,4,1,10,0.857142857143,0.714285714286,0.285714285714,0.142857142857,0.6,0.857142857143,0.705882352941,0.761904761905,0.507936507937,0.516129032258,0.539359889971,0.571428571429,20,13,7,0,20,0,13,0,7,11,20,0.181818181818,3.04338842975,3.63636363636,2,2.5,1.68954001271,0.464623503495,0.245454545455,1.16774841624,0.642261628933,0.336363636364,1.94000937205,1.06700515463,0.536363636364,1.05689877454,0.347276990411,3.54545454545,3.04338842975,1.05689877454,3.54545454545,0.499047619048,0.4,8,0.0484848484848,0.255555555556,11,11,11,1,0,0.0909090909091,0.636363636364,0.272727272727,11,0.118181818182,3.72727272727,2.36363636364,1.3,1.625,1.43336856898,0.6064251638,0.286713286713,0.603022689156,0.510249967747,0.237762237762,1.40129809949,1.18571377649,0.503496503497,2.05382127221,0.551025219373,7,3.72727272727,2.05382127221,7,0,0,0,0,0.22962962963,11,11,11,1,0,0.0909090909091,0.636363636364,0.272727272727,11,23,0.209090909091,3.66670118037,4.18181818182,2.3,2.55555555556,1.72152152575,0.411668190941,0.217391304348,1.22102788294,0.583969857057,0.308300395257,1.81408629643,0.867606489599,0.450592885375,1.47067017006,0.401088089188,4.33712984055,3.66670118037,1.47067017006,4.33712984055,0.502380952381,0.41095890411,10,0.0606060606061,0.202222222222,11,11,11,1,0,0.0909090909091,0.727272727273,0.181818181818,3,0.0272727272727,0.623312750617,0.545454545455,0.3,0.0555555555556,0.0319815130454,-0.0529553125537,-0.0280632411067,0.0532794666945,-0.0582917718765,-0.0280632411067,-0.125923075615,-0.199398665028,-0.0857707509881,0.41377139552,0.0538110987765,0.791675295092,0.623312750617,0.41377139552,0.791675295092,0.00333333333333,0.0109589041096,2,0.0121212121212,-0.0533333333333,0,0.0909090909091,-0.0909090909091,19,4,1,86,0.95,0.955555555556,0.0444444444444,0.05,0.826086956522,0.95,0.883720930233,0.85887074016,0.905555555556,0.791666666667,10,7,0,0,0,0
692,WLNM_dir_neg,0.887755102041,0.70048403977,00:00:02,10,20,27,1172860576,threshold_sweep,0.8,0.666666666667,0.857142857143,0.75,6,3,1,11,0.857142857143,0.785714285714,0.214285714286,0.142857142857,0.666666666667,0.857142857143,0.75,0.809523809524,0.52380952381,0.6,0.612372435696,0.642857142857,20,13,7,0,20,0,13,0,7,11,20,0.181818181818,3.04338842975,3.63636363636,2,2.5,1.68954001271,0.464623503495,0.245454545455,1.16774841624,0.642261628933,0.336363636364,1.94000937205,1.06700515463,0.536363636364,1.05689877454,0.347276990411,3.54545454545,3.04338842975,1.05689877454,3.54545454545,0.499047619048,0.4,8,0.0484848484848,0.255555555556,11,11,11,1,0,0.0909090909091,0.636363636364,0.272727272727,11,0.118181818182,3.72727272727,2.36363636364,1.3,1.625,1.43336856898,0.6064251638,0.286713286713,0.603022689156,0.510249967747,0.237762237762,1.40129809949,1.18571377649,0.503496503497,2.05382127221,0.551025219373,7,3.72727272727,2.05382127221,7,0,0,0,0,0.22962962963,11,11,11,1,0,0.0909090909091,0.636363636364,0.272727272727,11,22,0.2,3.49385749386,4,2.2,2.44444444444,1.67332005307,0.418330013267,0.219008264463,1.18321595662,0.59160797831,0.314049586777,1.788854382,0.894427191,0.454545454545,1.45609426389,0.416758344167,4.31756756757,3.49385749386,1.45609426389,4.31756756757,0.502380952381,0.409090909091,9,0.0545454545455,0.214444444444,11,11,11,1,0,0.0909090909091,0.727272727273,0.181818181818,2,0.0181818181818,0.450469064105,0.363636363636,0.2,-0.0555555555556,-0.0162199596411,-0.046293490228,-0.0264462809917,0.0154675403776,-0.0506536506233,-0.0223140495868,-0.151154990049,-0.172577963627,-0.0818181818182,0.399195489357,0.0694813537553,0.772113022113,0.450469064105,0.399195489357,0.772113022113,0.00333333333333,0.00909090909091,1,0.00606060606061,-0.0411111111111,0,0.0909090909091,-0.0909090909091,19,3,1,87,0.95,0.966666666667,0.0333333333333,0.05,0.863636363636,0.95,0.904761904762,0.883883476483,0.916666666667,0.826086956522,9,7,0,0,0,0
693,WLNM_dir_neg,0.887755102041,0.70048403977,00:00:02,10,20,27,1172860576,threshold_sweep,0.9,0.75,0.857142857143,0.8,6,2,1,12,0.857142857143,0.857142857143,0.142857142857,0.142857142857,0.75,0.857142857143,0.8,0.857142857143,0.539682539683,0.689655172414,0.693375245282,0.714285714286,20,13,7,0,20,0,13,0,7,11,20,0.181818181818,3.04338842975,3.63636363636,2,2.5,1.68954001271,0.464623503495,0.245454545455,1.16774841624,0.642261628933,0.336363636364,1.94000937205,1.06700515463,0.536363636364,1.05689877454,0.347276990411,3.54545454545,3.04338842975,1.05689877454,3.54545454545,0.499047619048,0.4,8,0.0484848484848,0.255555555556,11,11,11,1,0,0.0909090909091,0.636363636364,0.272727272727,11,0.118181818182,3.72727272727,2.36363636364,1.3,1.625,1.43336856898,0.6064251638,0.286713286713,0.603022689156,0.510249967747,0.237762237762,1.40129809949,1.18571377649,0.503496503497,2.05382127221,0.551025219373,7,3.72727272727,2.05382127221,7,0,0,0,0,0.22962962963,11,11,11,1,0,0.0909090909091,0.636363636364,0.272727272727,11,21,0.190909090909,3.19550342131,3.81818181818,2.1,2.33333333333,1.66241882919,0.435395407644,0.229437229437,1.22102788294,0.639586033919,0.337662337662,1.81408629643,0.950235679084,0.47619047619,1.2195493784,0.381645461642,3.91935483871,3.19550342131,1.2195493784,3.91935483871,0.502380952381,0.409090909091,9,0.0545454545455,0.23962962963,11,11,11,1,0,0.0909090909091,0.727272727273,0.181818181818,1,0.00909090909091,0.152114991558,0.181818181818,0.1,-0.166666666667,-0.0271211835219,-0.0292280958508,-0.0160173160173,0.0532794666945,-0.00267559501399,0.0012987012987,-0.125923075615,-0.116769475542,-0.0601731601732,0.162650603866,0.0343684712304,0.373900293255,0.152114991558,0.162650603866,0.373900293255,0.00333333333333,0.00909090909091,1,0.00606060606061,-0.0159259259259,0,0.0909090909091,-0.0909090909091,19,2,1,88,0.95,0.977777777778,0.0222222222222,0.05,0.904761904762,0.95,0.926829268293,0.910490812697,0.927777777778,0.863636363636,8,7,0,0,0,0
694,WLNM_dir_neg,0.867346938776,0.596699134199,00:00:02,10,20,28,1172860577,threshold_sweep,0.1,0.833333333333,0.714285714286,0.769230769231,5,1,2,13,0.714285714286,0.928571428571,0.0714285714286,0.285714285714,0.833333333333,0.714285714286,0.769230769231,0.857142857143,0.571428571429,0.666666666667,0.67082039325,0.642857142857,20,13,7,0,20,0,13,0,7,11,20,0.181818181818,3.04338842975,3.63636363636,2,2.5,1.68954001271,0.464623503495,0.245454545455,1.16774841624,0.642261628933,0.336363636364,1.94000937205,1.06700515463,0.536363636364,1.05689877454,0.347276990411,3.54545454545,3.04338842975,1.05689877454,3.54545454545,0.499047619048,0.4,8,0.0484848484848,0.255555555556,11,11,11,1,0,0.0909090909091,0.636363636364,0.272727272727,11,0.118181818182,3.72727272727,2.36363636364,1.3,1.625,1.43336856898,0.6064251638,0.286713286713,0.603022689156,0.510249967747,0.237762237762,1.40129809949,1.18571377649,0.503496503497,2.05382127221,0.551025219373,7,3.72727272727,2.05382127221,7,0,0,0,0,0.22962962963,11,11,11,1,0,0.0909090909091,0.636363636364,0.272727272727,11,19,0.172727272727,3.14772727273,3.45454545455,1.9,2.11111111111,1.36847625947,0.396137864583,0.205741626794,1.00904995822,0.584186817916,0.306220095694,1.61807966991,0.936782966791,0.468899521531,1.18338851637,0.375950142385,3.96875,3.14772727273,1.18338851637,3.96875,0.41,0.3,5,0.030303030303,0.214444444444,11,11,11,1,0,0.0909090909091,0.727272727273,0.181818181818,-1,-0.00909090909091,0.104338842975,-0.181818181818,-0.1,-0.388888888889,-0.321063753241,-0.0684856389122,-0.0397129186603,-0.158698458023,-0.058074811017,-0.0301435406699,-0.321929702137,-0.130222187836,-0.0674641148325,0.126489741835,0.0286731519741,0.423295454545,0.104338842975,0.126489741835,0.423295454545,-0.0890476190476,-0.1,-3,-0.0181818181818,-0.0411111111111,0,0.0909090909091,-0.0909090909091,18,1,2,89,0.9,0.988888888889,0.0111111111111,0.1,0.947368421053,0.9,0.923076923077,0.906956031802,0.888888888889,0.857142857143,6,7,0,0,0,0
695,WLNM_dir_neg,0.867346938776,0.596699134199,00:00:02,10,20,28,1172860577,threshold_sweep,0.2,0.833333333333,0.714285714286,0.769230769231,5,1,2,13,0.714285714286,0.928571428571,0.0714285714286,0.285714285714,0.833333333333,0.714285714286,0.769230769231,0.857142857143,0.571428571429,0.666666666667,0.67082039325,0.642857142857,20,13,7,0,20,0,13,0,7,11,20,0.181818181818,3.04338842975,3.63636363636,2,2.5,1.68954001271,0.464623503495,0.245454545455,1.16774841624,0.642261628933,0.336363636364,1.94000937205,1.06700515463,0.536363636364,1.05689877454,0.347276990411,3.54545454545,3.04338842975,1.05689877454,3.54545454545,0.499047619048,0.4,8,0.0484848484848,0.255555555556,11,11,11,1,0,0.0909090909091,0.636363636364,0.272727272727,11,0.118181818182,3.72727272727,2.36363636364,1.3,1.625,1.43336856898,0.6064251638,0.286713286713,0.603022689156,0.510249967747,0.237762237762,1.40129809949,1.18571377649,0.503496503497,2.05382127221,0.551025219373,7,3.72727272727,2.05382127221,7,0,0,0,0,0.22962962963,11,11,11,1,0,0.0909090909091,0.636363636364,0.272727272727,11,19,0.172727272727,3.14772727273,3.45454545455,1.9,2.11111111111,1.36847625947,0.396137864583,0.205741626794,1.00904995822,0.584186817916,0.306220095694,1.61807966991,0.936782966791,0.468899521531,1.18338851637,0.375950142385,3.96875,3.14772727273,1.18338851637,3.96875,0.41,0.3,5,0.030303030303,0.214444444444,11,11,11,1,0,0.0909090909091,0.727272727273,0.181818181818,-1,-0.00909090909091,0.104338842975,-0.181818181818,-0.1,-0.388888888889,-0.321063753241,-0.0684856389122,-0.0397129186603,-0.158698458023,-0.058074811017,-0.0301435406699,-0.321929702137,-0.130222187836,-0.0674641148325,0.126489741835,0.0286731519741,0.423295454545,0.104338842975,0.126489741835,0.423295454545,-0.0890476190476,-0.1,-3,-0.0181818181818,-0.0411111111111,0,0.0909090909091,-0.0909090909091,18,1,2,89,0.9,0.988888888889,0.0111111111111,0.1,0.947368421053,0.9,0.923076923077,0.906956031802,0.888888888889,0.857142857143,6,7,0,0,0,0
696,WLNM_dir_neg,0.867346938776,0.596699134199,00:00:02,10,20,28,1172860577,threshold_sweep,0.3,0.833333333333,0.714285714286,0.769230769231,5,1,2,13,0.714285714286,0.928571428571,0.0714285714286,0.285714285714,0.833333333333,0.714285714286,0.769230769231,0.857142857143,0.571428571429,0.666666666667,0.67082039325,0.642857142857,20,13,7,0,20,0,13,0,7,11,20,0.181818181818,3.04338842975,3.63636363636,2,2.5,1.68954001271,0.464623503495,0.245454545455,1.16774841624,0.642261628933,0.336363636364,1.94000937205,1.06700515463,0.536363636364,1.05689877454,0.347276990411,3.54545454545,3.04338842975,1.05689877454,3.54545454545,0.499047619048,0.4,8,0.0484848484848,0.255555555556,11,11,11,1,0,0.0909090909091,0.636363636364,0.272727272727,11,0.118181818182,3.72727272727,2.36363636364,1.3,1.625,1.43336856898,0.6064251638,0.286713286713,0.603022689156,0.510249967747,0.237762237762,1.40129809949,1.18571377649,0.503496503497,2.05382127221,0.551025219373,7,3.72727272727,2.05382127221,7,0,0,0,0,0.22962962963,11,11,11,1,0,0.0909090909091,0.636363636364,0.272727272727,11,19,0.172727272727,3.14772727273,3.45454545455,1.9,2.11111111111,1.36847625947,0.396137864583,0.205741626794,1.00904995822,0.584186817916,0.306220095694,1.61807966991,0.936782966791,0.468899521531,1.18338851637,0.375950142385,3.96875,3.14772727273,1.18338851637,3.96875,0.41,0.3,5,0.030303030303,0.214444444444,11,11,11,1,0,0.0909090909091,0.727272727273,0.181818181818,-1,-0.00909090909091,0.104338842975,-0.181818181818,-0.1,-0.388888888889,-0.321063753241,-0.0684856389122,-0.0397129186603,-0.158698458023,-0.058074811017,-0.0301435406699,-0.321929702137,-0.130222187836,-0.0674641148325,0.126489741835,0.0286731519741,0.423295454545,0.104338842975,0.126489741835,0.423295454545,-0.0890476190476,-0.1,-3,-0.0181818181818,-0.0411111111111,0,0.0909090909091,-0.0909090909091,18,1,2,89,0.9,0.988888888889,0.0111111111111,0.1,0.947368421053,0.9,0.923076923077,0.906956031802,0.888888888889,0.857142857143,6,7,0,0,0,0
697,WLNM_dir_neg,0.867346938776,0.596699134199,00:00:02,10,20,28,1172860577,threshold_sweep,0.4,0.833333333333,0.714285714286,0.769230769231,5,1,2,13,0.714285714286,0.928571428571,0.0714285714286,0.285714285714,0.833333333333,0.714285714286,0.769230769231,0.857142857143,0.571428571429,0.666666666667,0.67082039325,0.642857142857,20,13,7,0,20,0,13,0,7,11,20,0.181818181818,3.04338842975,3.63636363636,2,2.5,1.68954001271,0.464623503495,0.245454545455,1.16774841624,0.642261628933,0.336363636364,1.94000937205,1.06700515463,0.536363636364,1.05689877454,0.347276990411,3.54545454545,3.04338842975,1.05689877454,3.54545454545,0.499047619048,0.4,8,0.0484848484848,0.255555555556,11,11,11,1,0,0.0909090909091,0.636363636364,0.272727272727,11,0.118181818182,3.72727272727,2.36363636364,1.3,1.625,1.43336856898,0.6064251638,0.286713286713,0.603022689156,0.510249967747,0.237762237762,1.40129809949,1.18571377649,0.503496503497,2.05382127221,0.551025219373,7,3.72727272727,2.05382127221,7,0,0,0,0,0.22962962963,11,11,11,1,0,0.0909090909091,0.636363636364,0.272727272727,11,19,0.172727272727,3.14772727273,3.45454545455,1.9,2.11111111111,1.36847625947,0.396137864583,0.205741626794,1.00904995822,0.584186817916,0.306220095694,1.61807966991,0.936782966791,0.468899521531,1.18338851637,0.375950142385,3.96875,3.14772727273,1.18338851637,3.96875,0.41,0.3,5,0.030303030303,0.214444444444,11,11,11,1,0,0.0909090909091,0.727272727273,0.181818181818,-1,-0.00909090909091,0.104338842975,-0.181818181818,-0.1,-0.388888888889,-0.321063753241,-0.0684856389122,-0.0397129186603,-0.158698458023,-0.058074811017,-0.0301435406699,-0.321929702137,-0.130222187836,-0.0674641148325,0.126489741835,0.0286731519741,0.423295454545,0.104338842975,0.126489741835,0.423295454545,-0.0890476190476,-0.1,-3,-0.0181818181818,-0.0411111111111,0,0.0909090909091,-0.0909090909091,18,1,2,89,0.9,0.988888888889,0.0111111111111,0.1,0.947368421053,0.9,0.923076923077,0.906956031802,0.888888888889,0.857142857143,6,7,0,0,0,0
698,WLNM_dir_neg,0.867346938776,0.596699134199,00:00:02,10,20,28,1172860577,threshold_sweep,0.5,0.833333333333,0.714285714286,0.769230769231,5,1,2,13,0.714285714286,0.928571428571,0.0714285714286,0.285714285714,0.833333333333,0.714285714286,0.769230769231,0.857142857143,0.571428571429,0.666666666667,0.67082039325,0.642857142857,20,13,7,0,20,0,13,0,7,11,20,0.181818181818,3.04338842975,3.63636363636,2,2.5,1.68954001271,0.464623503495,0.245454545455,1.16774841624,0.642261628933,0.336363636364,1.94000937205,1.06700515463,0.536363636364,1.05689877454,0.347276990411,3.54545454545,3.04338842975,1.05689877454,3.54545454545,0.499047619048,0.4,8,0.0484848484848,0.255555555556,11,11,11,1,0,0.0909090909091,0.636363636364,0.272727272727,11,0.118181818182,3.72727272727,2.36363636364,1.3,1.625,1.43336856898,0.6064251638,0.286713286713,0.603022689156,0.510249967747,0.237762237762,1.40129809949,1.18571377649,0.503496503497,2.05382127221,0.551025219373,7,3.72727272727,2.05382127221,7,0,0,0,0,0.22962962963,11,11,11,1,0,0.0909090909091,0.636363636364,0.272727272727,11,19,0.172727272727,3.14772727273,3.45454545455,1.9,2.11111111111,1.36847625947,0.396137864583,0.205741626794,1.00904995822,0.584186817916,0.306220095694,1.61807966991,0.936782966791,0.468899521531,1.18338851637,0.375950142385,3.96875,3.14772727273,1.18338851637,3.96875,0.41,0.3,5,0.030303030303,0.214444444444,11,11,11,1,0,0.0909090909091,0.727272727273,0.181818181818,-1,-0.00909090909091,0.104338842975,-0.181818181818,-0.1,-0.388888888889,-0.321063753241,-0.0684856389122,-0.0397129186603,-0.158698458023,-0.058074811017,-0.0301435406699,-0.321929702137,-0.130222187836,-0.0674641148325,0.126489741835,0.0286731519741,0.423295454545,0.104338842975,0.126489741835,0.423295454545,-0.0890476190476,-0.1,-3,-0.0181818181818,-0.0411111111111,0,0.0909090909091,-0.0909090909091,18,1,2,89,0.9,0.988888888889,0.0111111111111,0.1,0.947368421053,0.9,0.923076923077,0.906956031802,0.888888888889,0.857142857143,6,7,0,0,0,0
699,WLNM_dir_neg,0.867346938776,0.596699134199,00:00:02,10,20,28,1172860577,threshold_sweep,0.6,0.8,0.571428571429,0.666666666667,4,1,3,13,0.571428571429,0.928571428571,0.0714285714286,0.428571428571,0.8,0.571428571429,0.666666666667,0.809523809524,0.587301587302,0.538461538462,0.553398590529,0.5,20,13,7,0,20,0,13,0,7,11,20,0.181818181818,3.04338842975,3.63636363636,2,2.5,1.68954001271,0.464623503495,0.245454545455,1.16774841624,0.642261628933,0.336363636364,1.94000937205,1.06700515463,0.536363636364,1.05689877454,0.347276990411,3.54545454545,3.04338842975,1.05689877454,3.54545454545,0.499047619048,0.4,8,0.0484848484848,0.255555555556,11,11,11,1,0,0.0909090909091,0.636363636364,0.272727272727,11,0.118181818182,3.72727272727,2.36363636364,1.3,1.625,1.43336856898,0.6064251638,0.286713286713,0.603022689156,0.510249967747,0.237762237762,1.40129809949,1.18571377649,0.503496503497,2.05382127221,0.551025219373,7,3.72727272727,2.05382127221,7,0,0,0,0,0.22962962963,11,11,11,1,0,0.0909090909091,0.636363636364,0.272727272727,11,18,0.163636363636,3.19545454545,3.27272727273,1.8,2,1.27207775634,0.388690425549,0.191919191919,0.924416277737,0.564921058617,0.292929292929,1.50151438706,0.917592125425,0.454545454545,1.25766739352,0.39358012315,4.1,3.19545454545,1.25766739352,4.1,0.346666666667,0.272727272727,4,0.0242424242424,0.198888888889,11,11,11,1,0,0.0909090909091,0.727272727273,0.181818181818,-2,-0.0181818181818,0.152066115702,-0.363636363636,-0.2,-0.5,-0.417462256367,-0.0759330779459,-0.0535353535354,-0.243332138505,-0.0773405703161,-0.0434343434343,-0.438494984989,-0.149413029202,-0.0818181818182,0.200768618985,0.0463031327391,0.554545454545,0.152066115702,0.200768618985,0.554545454545,-0.152380952381,-0.127272727273,-4,-0.0242424242424,-0.0566666666667,0,0.0909090909091,-0.0909090909091,17,1,3,89,0.85,0.988888888889,0.0111111111111,0.15,0.944444444444,0.85,0.894736842105,0.874602125628,0.838888888889,0.809523809524,5,7,0,0,0,0
700,WLNM_dir_neg,0.867346938776,0.596699134199,00:00:02,10,20,28,1172860577,threshold_sweep,0.7,0.75,0.428571428571,0.545454545455,3,1,4,13,0.428571428571,0.928571428571,0.0714285714286,0.571428571429,0.75,0.428571428571,0.545454545455,0.761904761905,0.603174603175,0.4,0.428746462856,0.357142857143,20,13,7,0,20,0,13,0,7,11,20,0.181818181818,3.04338842975,3.63636363636,2,2.5,1.68954001271,0.464623503495,0.245454545455,1.16774841624,0.642261628933,0.336363636364,1.94000937205,1.06700515463,0.536363636364,1.05689877454,0.347276990411,3.54545454545,3.04338842975,1.05689877454,3.54545454545,0.499047619048,0.4,8,0.0484848484848,0.255555555556,11,11,11,1,0,0.0909090909091,0.636363636364,0.272727272727,11,0.118181818182,3.72727272727,2.36363636364,1.3,1.625,1.43336856898,0.6064251638,0.286713286713,0.603022689156,0.510249967747,0.237762237762,1.40129809949,1.18571377649,0.503496503497,2.05382127221,0.551025219373,7,3.72727272727,2.05382127221,7,0,0,0,0,0.22962962963,11,11,11,1,0,0.0909090909091,0.636363636364,0.272727272727,11,17,0.154545454545,3.29545454545,3.09090909091,1.7,1.88888888889,1.22102788294,0.395038432715,0.176470588235,0.820199532265,0.530717344407,0.267379679144,1.43969693781,0.931568606815,0.449197860963,1.4329280611,0.434819549575,4.83333333333,3.29545454545,1.4329280611,4.83333333333,0.296666666667,0.230769230769,3,0.0181818181818,0.188888888889,11,11,11,1,0,0.0909090909091,0.727272727273,0.181818181818,-3,-0.0272727272727,0.252066115702,-0.545454545455,-0.3,-0.611111111111,-0.468512129772,-0.0695850707802,-0.0689839572193,-0.347548883978,-0.111544284527,-0.0689839572193,-0.500312434243,-0.135436547811,-0.0871657754011,0.376029286561,0.0875425591633,1.28787878788,0.252066115702,0.376029286561,1.28787878788,-0.202380952381,-0.169230769231,-5,-0.030303030303,-0.0666666666667,0,0.0909090909091,-0.0909090909091,16,1,4,89,0.8,0.988888888889,0.0111111111111,0.2,0.941176470588,0.8,0.864864864865,0.841755876268,0.788888888889,0.761904761905,4,7,0,0,0,0
701,WLNM_dir_neg,0.867346938776,0.596699134199,00:00:02,10,20,28,1172860577,threshold_sweep,0.8,0.75,0.428571428571,0.545454545455,3,1,4,13,0.428571428571,0.928571428571,0.0714285714286,0.571428571429,0.75,0.428571428571,0.545454545455,0.761904761905,0.603174603175,0.4,0.428746462856,0.357142857143,20,13,7,0,20,0,13,0,7,11,20,0.181818181818,3.04338842975,3.63636363636,2,2.5,1.68954001271,0.464623503495,0.245454545455,1.16774841624,0.642261628933,0.336363636364,1.94000937205,1.06700515463,0.536363636364,1.05689877454,0.347276990411,3.54545454545,3.04338842975,1.05689877454,3.54545454545,0.499047619048,0.4,8,0.0484848484848,0.255555555556,11,11,11,1,0,0.0909090909091,0.636363636364,0.272727272727,11,0.118181818182,3.72727272727,2.36363636364,1.3,1.625,1.43336856898,0.6064251638,0.286713286713,0.603022689156,0.510249967747,0.237762237762,1.40129809949,1.18571377649,0.503496503497,2.05382127221,0.551025219373,7,3.72727272727,2.05382127221,7,0,0,0,0,0.22962962963,11,11,11,1,0,0.0909090909091,0.636363636364,0.272727272727,11,17,0.154545454545,3.29545454545,3.09090909091,1.7,1.88888888889,1.22102788294,0.395038432715,0.176470588235,0.820199532265,0.530717344407,0.267379679144,1.43969693781,0.931568606815,0.449197860963,1.4329280611,0.434819549575,4.83333333333,3.29545454545,1.4329280611,4.83333333333,0.296666666667,0.230769230769,3,0.0181818181818,0.188888888889,11,11,11,1,0,0.0909090909091,0.727272727273,0.181818181818,-3,-0.0272727272727,0.252066115702,-0.545454545455,-0.3,-0.611111111111,-0.468512129772,-0.0695850707802,-0.0689839572193,-0.347548883978,-0.111544284527,-0.0689839572193,-0.500312434243,-0.135436547811,-0.0871657754011,0.376029286561,0.0875425591633,1.28787878788,0.252066115702,0.376029286561,1.28787878788,-0.202380952381,-0.169230769231,-5,-0.030303030303,-0.0666666666667,0,0.0909090909091,-0.0909090909091,16,1,4,89,0.8,0.988888888889,0.0111111111111,0.2,0.941176470588,0.8,0.864864864865,0.841755876268,0.788888888889,0.761904761905,4,7,0,0,0,0
702,WLNM_dir_neg,0.867346938776,0.596699134199,00:00:02,10,20,28,1172860577,threshold_sweep,0.9,0.75,0.428571428571,0.545454545455,3,1,4,13,0.428571428571,0.928571428571,0.0714285714286,0.571428571429,0.75,0.428571428571,0.545454545455,0.761904761905,0.603174603175,0.4,0.428746462856,0.357142857143,20,13,7,0,20,0,13,0,7,11,20,0.181818181818,3.04338842975,3.63636363636,2,2.5,1.68954001271,0.464623503495,0.245454545455,1.16774841624,0.642261628933,0.336363636364,1.94000937205,1.06700515463,0.536363636364,1.05689877454,0.347276990411,3.54545454545,3.04338842975,1.05689877454,3.54545454545,0.499047619048,0.4,8,0.0484848484848,0.255555555556,11,11,11,1,0,0.0909090909091,0.636363636364,0.272727272727,11,0.118181818182,3.72727272727,2.36363636364,1.3,1.625,1.43336856898,0.6064251638,0.286713286713,0.603022689156,0.510249967747,0.237762237762,1.40129809949,1.18571377649,0.503496503497,2.05382127221,0.551025219373,7,3.72727272727,2.05382127221,7,0,0,0,0,0.22962962963,11,11,11,1,0,0.0909090909091,0.636363636364,0.272727272727,11,17,0.154545454545,3.29545454545,3.09090909091,1.7,1.88888888889,1.22102788294,0.395038432715,0.176470588235,0.820199532265,0.530717344407,0.267379679144,1.43969693781,0.931568606815,0.449197860963,1.4329280611,0.434819549575,4.83333333333,3.29545454545,1.4329280611,4.83333333333,0.296666666667,0.230769230769,3,0.0181818181818,0.188888888889,11,11,11,1,0,0.0909090909091,0.727272727273,0.181818181818,-3,-0.0272727272727,0.252066115702,-0.545454545455,-0.3,-0.611111111111,-0.468512129772,-0.0695850707802,-0.0689839572193,-0.347548883978,-0.111544284527,-0.0689839572193,-0.500312434243,-0.135436547811,-0.0871657754011,0.376029286561,0.0875425591633,1.28787878788,0.252066115702,0.376029286561,1.28787878788,-0.202380952381,-0.169230769231,-5,-0.030303030303,-0.0666666666667,0,0.0909090909091,-0.0909090909091,16,1,4,89,0.8,0.988888888889,0.0111111111111,0.2,0.941176470588,0.8,0.864864864865,0.841755876268,0.788888888889,0.761904761905,4,7,0,0,0,0
703,WLNM_dir_neg,0.948979591837,0.637631416203,00:00:01,10,20,29,1172860578,threshold_sweep,0.1,1,0.714285714286,0.833333333333,5,0,2,14,0.714285714286,1,0,0.285714285714,1,0.714285714286,0.833333333333,0.904761904762,0.587301587302,0.769230769231,0.790569415042,0.714285714286,20,13,7,0,20,0,13,0,7,11,20,0.181818181818,3.04338842975,3.63636363636,2,2.5,1.68954001271,0.464623503495,0.245454545455,1.16774841624,0.642261628933,0.336363636364,1.94000937205,1.06700515463,0.536363636364,1.05689877454,0.347276990411,3.54545454545,3.04338842975,1.05689877454,3.54545454545,0.499047619048,0.4,8,0.0484848484848,0.255555555556,11,11,11,1,0,0.0909090909091,0.636363636364,0.272727272727,11,0.118181818182,3.72727272727,2.36363636364,1.3,1.625,1.43336856898,0.6064251638,0.286713286713,0.603022689156,0.510249967747,0.237762237762,1.40129809949,1.18571377649,0.503496503497,2.05382127221,0.551025219373,7,3.72727272727,2.05382127221,7,0,0,0,0,0.22962962963,11,11,11,1,0,0.0909090909091,0.636363636364,0.272727272727,11,18,0.163636363636,3.11363636364,3.27272727273,1.8,2.25,1.42062726223,0.434080552347,0.227272727273,0.924416277737,0.564921058617,0.292929292929,1.68954001271,1.03249667443,0.525252525253,1.14353419474,0.367266456706,3.875,3.11363636364,1.14353419474,3.875,0.366666666667,0.266666666667,4,0.0242424242424,0.221111111111,11,11,11,1,0,0.0909090909091,0.636363636364,0.272727272727,-2,-0.0181818181818,0.0702479338843,-0.363636363636,-0.2,-0.25,-0.268912750482,-0.030542951148,-0.0181818181818,-0.243332138505,-0.0773405703161,-0.0434343434343,-0.250469359339,-0.0345084801933,-0.0111111111111,0.0866354202056,0.0199894662943,0.329545454545,0.0702479338843,0.0866354202056,0.329545454545,-0.132380952381,-0.133333333333,-4,-0.0242424242424,-0.0344444444444,0,0,0,18,0,2,90,0.9,1,0,0.1,1,0.9,0.947368421053,0.938314863257,0.9,0.9,5,7,0,0,0,0
704,WLNM_dir_neg,0.948979591837,0.637631416203,00:00:01,10,20,29,1172860578,threshold_sweep,0.2,1,0.714285714286,0.833333333333,5,0,2,14,0.714285714286,1,0,0.285714285714,1,0.714285714286,0.833333333333,0.904761904762,0.587301587302,0.769230769231,0.790569415042,0.714285714286,20,13,7,0,20,0,13,0,7,11,20,0.181818181818,3.04338842975,3.63636363636,2,2.5,1.68954001271,0.464623503495,0.245454545455,1.16774841624,0.642261628933,0.336363636364,1.94000937205,1.06700515463,0.536363636364,1.05689877454,0.347276990411,3.54545454545,3.04338842975,1.05689877454,3.54545454545,0.499047619048,0.4,8,0.0484848484848,0.255555555556,11,11,11,1,0,0.0909090909091,0.636363636364,0.272727272727,11,0.118181818182,3.72727272727,2.36363636364,1.3,1.625,1.43336856898,0.6064251638,0.286713286713,0.603022689156,0.510249967747,0.237762237762,1.40129809949,1.18571377649,0.503496503497,2.05382127221,0.551025219373,7,3.72727272727,2.05382127221,7,0,0,0,0,0.22962962963,11,11,11,1,0,0.0909090909091,0.636363636364,0.272727272727,11,18,0.163636363636,3.11363636364,3.27272727273,1.8,2.25,1.42062726223,0.434080552347,0.227272727273,0.924416277737,0.564921058617,0.292929292929,1.68954001271,1.03249667443,0.525252525253,1.14353419474,0.367266456706,3.875,3.11363636364,1.14353419474,3.875,0.366666666667,0.266666666667,4,0.0242424242424,0.221111111111,11,11,11,1,0,0.0909090909091,0.636363636364,0.272727272727,-2,-0.0181818181818,0.0702479338843,-0.363636363636,-0.2,-0.25,-0.268912750482,-0.030542951148,-0.0181818181818,-0.243332138505,-0.0773405703161,-0.0434343434343,-0.250469359339,-0.0345084801933,-0.0111111111111,0.0866354202056,0.0199894662943,0.329545454545,0.0702479338843,0.0866354202056,0.329545454545,-0.132380952381,-0.133333333333,-4,-0.0242424242424,-0.0344444444444,0,0,0,18,0,2,90,0.9,1,0,0.1,1,0.9,0.947368421053,0.938314863257,0.9,0.9,5,7,0,0,0,0
705,WLNM_dir_neg,0.948979591837,0.637631416203,00:00:01,10,20,29,1172860578,threshold_sweep,0.3,1,0.714285714286,0.833333333333,5,0,2,14,0.714285714286,1,0,0.285714285714,1,0.714285714286,0.833333333333,0.904761904762,0.587301587302,0.769230769231,0.790569415042,0.714285714286,20,13,7,0,20,0,13,0,7,11,20,0.181818181818,3.04338842975,3.63636363636,2,2.5,1.68954001271,0.464623503495,0.245454545455,1.16774841624,0.642261628933,0.336363636364,1.94000937205,1.06700515463,0.536363636364,1.05689877454,0.347276990411,3.54545454545,3.04338842975,1.05689877454,3.54545454545,0.499047619048,0.4,8,0.0484848484848,0.255555555556,11,11,11,1,0,0.0909090909091,0.636363636364,0.272727272727,11,0.118181818182,3.72727272727,2.36363636364,1.3,1.625,1.43336856898,0.6064251638,0.286713286713,0.603022689156,0.510249967747,0.237762237762,1.40129809949,1.18571377649,0.503496503497,2.05382127221,0.551025219373,7,3.72727272727,2.05382127221,7,0,0,0,0,0.22962962963,11,11,11,1,0,0.0909090909091,0.636363636364,0.272727272727,11,18,0.163636363636,3.11363636364,3.27272727273,1.8,2.25,1.42062726223,0.434080552347,0.227272727273,0.924416277737,0.564921058617,0.292929292929,1.68954001271,1.03249667443,0.525252525253,1.14353419474,0.367266456706,3.875,3.11363636364,1.14353419474,3.875,0.366666666667,0.266666666667,4,0.0242424242424,0.221111111111,11,11,11,1,0,0.0909090909091,0.636363636364,0.272727272727,-2,-0.0181818181818,0.0702479338843,-0.363636363636,-0.2,-0.25,-0.268912750482,-0.030542951148,-0.0181818181818,-0.243332138505,-0.0773405703161,-0.0434343434343,-0.250469359339,-0.0345084801933,-0.0111111111111,0.0866354202056,0.0199894662943,0.329545454545,0.0702479338843,0.0866354202056,0.329545454545,-0.132380952381,-0.133333333333,-4,-0.0242424242424,-0.0344444444444,0,0,0,18,0,2,90,0.9,1,0,0.1,1,0.9,0.947368421053,0.938314863257,0.9,0.9,5,7,0,0,0,0
706,WLNM_dir_neg,0.948979591837,0.637631416203,00:00:01,10,20,29,1172860578,threshold_sweep,0.4,1,0.571428571429,0.727272727273,4,0,3,14,0.571428571429,1,0,0.428571428571,1,0.571428571429,0.727272727273,0.857142857143,0.603174603175,0.64,0.68599434057,0.571428571429,20,13,7,0,20,0,13,0,7,11,20,0.181818181818,3.04338842975,3.63636363636,2,2.5,1.68954001271,0.464623503495,0.245454545455,1.16774841624,0.642261628933,0.336363636364,1.94000937205,1.06700515463,0.536363636364,1.05689877454,0.347276990411,3.54545454545,3.04338842975,1.05689877454,3.54545454545,0.499047619048,0.4,8,0.0484848484848,0.255555555556,11,11,11,1,0,0.0909090909091,0.636363636364,0.272727272727,11,0.118181818182,3.72727272727,2.36363636364,1.3,1.625,1.43336856898,0.6064251638,0.286713286713,0.603022689156,0.510249967747,0.237762237762,1.40129809949,1.18571377649,0.503496503497,2.05382127221,0.551025219373,7,3.72727272727,2.05382127221,7,0,0,0,0,0.22962962963,11,11,11,1,0,0.0909090909091,0.636363636364,0.272727272727,11,17,0.154545454545,3.17727272727,3.09090909091,1.7,2.125,1.30034960334,0.420701342257,0.208556149733,0.820199532265,0.530717344407,0.267379679144,1.57249078621,1.01749403814,0.513368983957,1.2536673475,0.394573414091,4.4,3.17727272727,1.2536673475,4.4,0.213333333333,0.153846153846,2,0.0121212121212,0.205555555556,11,11,11,1,0,0.0909090909091,0.636363636364,0.272727272727,-3,-0.0272727272727,0.133884297521,-0.545454545455,-0.3,-0.375,-0.389190409368,-0.0439221612377,-0.0368983957219,-0.347548883978,-0.111544284527,-0.0689839572193,-0.367518585835,-0.0495111164884,-0.0229946524064,0.196768572961,0.0472964236795,0.854545454545,0.133884297521,0.196768572961,0.854545454545,-0.285714285714,-0.246153846154,-6,-0.0363636363636,-0.05,0,0,0,17,0,3,90,0.85,1,0,0.15,1,0.85,0.918918918919,0.906962317388,0.85,0.85,4,7,0,0,0,0
707,WLNM_dir_neg,0.948979591837,0.637631416203,00:00:01,10,20,29,1172860578,threshold_sweep,0.5,1,0.571428571429,0.727272727273,4,0,3,14,0.571428571429,1,0,0.428571428571,1,0.571428571429,0.727272727273,0.857142857143,0.603174603175,0.64,0.68599434057,0.571428571429,20,13,7,0,20,0,13,0,7,11,20,0.181818181818,3.04338842975,3.63636363636,2,2.5,1.68954001271,0.464623503495,0.245454545455,1.16774841624,0.642261628933,0.336363636364,1.94000937205,1.06700515463,0.536363636364,1.05689877454,0.347276990411,3.54545454545,3.04338842975,1.05689877454,3.54545454545,0.499047619048,0.4,8,0.0484848484848,0.255555555556,11,11,11,1,0,0.0909090909091,0.636363636364,0.272727272727,11,0.118181818182,3.72727272727,2.36363636364,1.3,1.625,1.43336856898,0.6064251638,0.286713286713,0.603022689156,0.510249967747,0.237762237762,1.40129809949,1.18571377649,0.503496503497,2.05382127221,0.551025219373,7,3.72727272727,2.05382127221,7,0,0,0,0,0.22962962963,11,11,11,1,0,0.0909090909091,0.636363636364,0.272727272727,11,17,0.154545454545,3.17727272727,3.09090909091,1.7,2.125,1.30034960334,0.420701342257,0.208556149733,0.820199532265,0.530717344407,0.267379679144,1.57249078621,1.01749403814,0.513368983957,1.2536673475,0.394573414091,4.4,3.17727272727,1.2536673475,4.4,0.213333333333,0.153846153846,2,0.0121212121212,0.205555555556,11,11,11,1,0,0.0909090909091,0.636363636364,0.272727272727,-3,-0.0272727272727,0.133884297521,-0.545454545455,-0.3,-0.375,-0.389190409368,-0.0439221612377,-0.0368983957219,-0.347548883978,-0.111544284527,-0.0689839572193,-0.367518585835,-0.0495111164884,-0.0229946524064,0.196768572961,0.0472964236795,0.854545454545,0.133884297521,0.196768572961,0.854545454545,-0.285714285714,-0.246153846154,-6,-0.0363636363636,-0.05,0,0,0,17,0,3,90,0.85,1,0,0.15,1,0.85,0.918918918919,0.906962317388,0.85,0.85,4,7,0,0,0,0
708,WLNM_dir_neg,0.948979591837,0.637631416203,00:00:01,10,20,29,1172860578,threshold_sweep,0.6,1,0.571428571429,0.727272727273,4,0,3,14,0.571428571429,1,0,0.428571428571,1,0.571428571429,0.727272727273,0.857142857143,0.603174603175,0.64,0.68599434057,0.571428571429,20,13,7,0,20,0,13,0,7,11,20,0.181818181818,3.04338842975,3.63636363636,2,2.5,1.68954001271,0.464623503495,0.245454545455,1.16774841624,0.642261628933,0.336363636364,1.94000937205,1.06700515463,0.536363636364,1.05689877454,0.347276990411,3.54545454545,3.04338842975,1.05689877454,3.54545454545,0.499047619048,0.4,8,0.0484848484848,0.255555555556,11,11,11,1,0,0.0909090909091,0.636363636364,0.272727272727,11,0.118181818182,3.72727272727,2.36363636364,1.3,1.625,1.43336856898,0.6064251638,0.286713286713,0.603022689156,0.510249967747,0.237762237762,1.40129809949,1.18571377649,0.503496503497,2.05382127221,0.551025219373,7,3.72727272727,2.05382127221,7,0,0,0,0,0.22962962963,11,11,11,1,0,0.0909090909091,0.636363636364,0.272727272727,11,17,0.154545454545,3.17727272727,3.09090909091,1.7,2.125,1.30034960334,0.420701342257,0.208556149733,0.820199532265,0.530717344407,0.267379679144,1.57249078621,1.01749403814,0.513368983957,1.2536673475,0.394573414091,4.4,3.17727272727,1.2536673475,4.4,0.213333333333,0.153846153846,2,0.0121212121212,0.205555555556,11,11,11,1,0,0.0909090909091,0.636363636364,0.272727272727,-3,-0.0272727272727,0.133884297521,-0.545454545455,-0.3,-0.375,-0.389190409368,-0.0439221612377,-0.0368983957219,-0.347548883978,-0.111544284527,-0.0689839572193,-0.367518585835,-0.0495111164884,-0.0229946524064,0.196768572961,0.0472964236795,0.854545454545,0.133884297521,0.196768572961,0.854545454545,-0.285714285714,-0.246153846154,-6,-0.0363636363636,-0.05,0,0,0,17,0,3,90,0.85,1,0,0.15,1,0.85,0.918918918919,0.906962317388,0.85,0.85,4,7,0,0,0,0
709,WLNM_dir_neg,0.948979591837,0.637631416203,00:00:01,10,20,29,1172860578,threshold_sweep,0.7,1,0.571428571429,0.727272727273,4,0,3,14,0.571428571429,1,0,0.428571428571,1,0.571428571429,0.727272727273,0.857142857143,0.603174603175,0.64,0.68599434057,0.571428571429,20,13,7,0,20,0,13,0,7,11,20,0.181818181818,3.04338842975,3.63636363636,2,2.5,1.68954001271,0.464623503495,0.245454545455,1.16774841624,0.642261628933,0.336363636364,1.94000937205,1.06700515463,0.536363636364,1.05689877454,0.347276990411,3.54545454545,3.04338842975,1.05689877454,3.54545454545,0.499047619048,0.4,8,0.0484848484848,0.255555555556,11,11,11,1,0,0.0909090909091,0.636363636364,0.272727272727,11,0.118181818182,3.72727272727,2.36363636364,1.3,1.625,1.43336856898,0.6064251638,0.286713286713,0.603022689156,0.510249967747,0.237762237762,1.40129809949,1.18571377649,0.503496503497,2.05382127221,0.551025219373,7,3.72727272727,2.05382127221,7,0,0,0,0,0.22962962963,11,11,11,1,0,0.0909090909091,0.636363636364,0.272727272727,11,17,0.154545454545,3.17727272727,3.09090909091,1.7,2.125,1.30034960334,0.420701342257,0.208556149733,0.820199532265,0.530717344407,0.267379679144,1.57249078621,1.01749403814,0.513368983957,1.2536673475,0.394573414091,4.4,3.17727272727,1.2536673475,4.4,0.213333333333,0.153846153846,2,0.0121212121212,0.205555555556,11,11,11,1,0,0.0909090909091,0.636363636364,0.272727272727,-3,-0.0272727272727,0.133884297521,-0.545454545455,-0.3,-0.375,-0.389190409368,-0.0439221612377,-0.0368983957219,-0.347548883978,-0.111544284527,-0.0689839572193,-0.367518585835,-0.0495111164884,-0.0229946524064,0.196768572961,0.0472964236795,0.854545454545,0.133884297521,0.196768572961,0.854545454545,-0.285714285714,-0.246153846154,-6,-0.0363636363636,-0.05,0,0,0,17,0,3,90,0.85,1,0,0.15,1,0.85,0.918918918919,0.906962317388,0.85,0.85,4,7,0,0,0,0
710,WLNM_dir_neg,0.948979591837,0.637631416203,00:00:01,10,20,29,1172860578,threshold_sweep,0.8,1,0.428571428571,0.6,3,0,4,14,0.428571428571,1,0,0.571428571429,1,0.428571428571,0.6,0.809523809524,0.619047619048,0.5,0.57735026919,0.428571428571,20,13,7,0,20,0,13,0,7,11,20,0.181818181818,3.04338842975,3.63636363636,2,2.5,1.68954001271,0.464623503495,0.245454545455,1.16774841624,0.642261628933,0.336363636364,1.94000937205,1.06700515463,0.536363636364,1.05689877454,0.347276990411,3.54545454545,3.04338842975,1.05689877454,3.54545454545,0.499047619048,0.4,8,0.0484848484848,0.255555555556,11,11,11,1,0,0.0909090909091,0.636363636364,0.272727272727,11,0.118181818182,3.72727272727,2.36363636364,1.3,1.625,1.43336856898,0.6064251638,0.286713286713,0.603022689156,0.510249967747,0.237762237762,1.40129809949,1.18571377649,0.503496503497,2.05382127221,0.551025219373,7,3.72727272727,2.05382127221,7,0,0,0,0,0.22962962963,11,11,11,1,0,0.0909090909091,0.636363636364,0.272727272727,11,16,0.145454545455,3.25,2.90909090909,1.6,2,1.22102788294,0.41972833476,0.181818181818,0.687551650952,0.47269176003,0.227272727273,1.50755672289,1.03644524699,0.511363636364,1.3758835545,0.423348786001,4.66666666667,3.25,1.3758835545,4.66666666667,0.213333333333,0.176470588235,2,0.0121212121212,0.192592592593,11,11,11,1,0,0.0909090909091,0.636363636364,0.272727272727,-4,-0.0363636363636,0.206611570248,-0.727272727273,-0.4,-0.5,-0.468512129772,-0.0448951687355,-0.0636363636364,-0.48019676529,-0.169569868904,-0.109090909091,-0.43245264916,-0.0305599076407,-0.025,0.318984779967,0.07607179559,1.12121212121,0.206611570248,0.318984779967,1.12121212121,-0.285714285714,-0.223529411765,-6,-0.0363636363636,-0.062962962963,0,0,0,16,0,4,90,0.8,1,0,0.2,1,0.8,0.888888888889,0.875189948987,0.8,0.8,3,7,0,0,0,0
711,WLNM_dir_neg,0.948979591837,0.637631416203,00:00:01,10,20,29,1172860578,threshold_sweep,0.9,1,0.285714285714,0.444444444444,2,0,5,14,0.285714285714,1,0,0.714285714286,1,0.285714285714,0.444444444444,0.761904761905,0.634920634921,0.347826086957,0.458831467741,0.285714285714,20,13,7,0,20,0,13,0,7,11,20,0.181818181818,3.04338842975,3.63636363636,2,2.5,1.68954001271,0.464623503495,0.245454545455,1.16774841624,0.642261628933,0.336363636364,1.94000937205,1.06700515463,0.536363636364,1.05689877454,0.347276990411,3.54545454545,3.04338842975,1.05689877454,3.54545454545,0.499047619048,0.4,8,0.0484848484848,0.255555555556,11,11,11,1,0,0.0909090909091,0.636363636364,0.272727272727,11,0.118181818182,3.72727272727,2.36363636364,1.3,1.625,1.43336856898,0.6064251638,0.286713286713,0.603022689156,0.510249967747,0.237762237762,1.40129809949,1.18571377649,0.503496503497,2.05382127221,0.551025219373,7,3.72727272727,2.05382127221,7,0,0,0,0,0.22962962963,11,11,11,1,0,0.0909090909091,0.636363636364,0.272727272727,11,15,0.136363636364,3.61363636364,2.72727272727,1.5,1.875,1.27207775634,0.466428510659,0.212121212121,0.674199862463,0.494413232473,0.242424242424,1.50151438706,1.10111055051,0.521212121212,2.09572074823,0.579947880012,7,3.61363636364,2.09572074823,7,0.237037037037,0.193548387097,2,0.0121212121212,0.185185185185,11,11,11,1,0,0.0909090909091,0.636363636364,0.272727272727,-5,-0.0454545454545,0.570247933884,-0.909090909091,-0.5,-0.625,-0.417462256367,0.00180500716395,-0.0333333333333,-0.493548553779,-0.14784839646,-0.0939393939394,-0.438494984989,0.0341053958833,-0.0151515151515,1.03882197369,0.232670889601,3.45454545455,0.570247933884,1.03882197369,3.45454545455,-0.262010582011,-0.206451612903,-6,-0.0363636363636,-0.0703703703704,0,0,0,15,0,5,90,0.75,1,0,0.25,1,0.75,0.857142857143,0.842927230424,0.75,0.75,2,7,0,0,0,0
712,WLNM_dir_neg,0.897959183673,0.726731601732,00:00:01,10,20,30,1172860579,threshold_sweep,0.1,0.714285714286,0.714285714286,0.714285714286,5,2,2,12,0.714285714286,0.857142857143,0.142857142857,0.285714285714,0.714285714286,0.714285714286,0.714285714286,0.809523809524,0.555555555556,0.571428571429,0.571428571429,0.571428571429,20,13,7,0,20,0,13,0,7,11,20,0.181818181818,3.04338842975,3.63636363636,2,2.5,1.68954001271,0.464623503495,0.245454545455,1.16774841624,0.642261628933,0.336363636364,1.94000937205,1.06700515463,0.536363636364,1.05689877454,0.347276990411,3.54545454545,3.04338842975,1.05689877454,3.54545454545,0.499047619048,0.4,8,0.0484848484848,0.255555555556,11,11,11,1,0,0.0909090909091,0.636363636364,0.272727272727,11,0.118181818182,3.72727272727,2.36363636364,1.3,1.625,1.43336856898,0.6064251638,0.286713286713,0.603022689156,0.510249967747,0.237762237762,1.40129809949,1.18571377649,0.503496503497,2.05382127221,0.551025219373,7,3.72727272727,2.05382127221,7,0,0,0,0,0.22962962963,11,11,11,1,0,0.0909090909091,0.636363636364,0.272727272727,11,20,0.181818181818,6.2821969697,3.63636363636,2,2.5,1.68954001271,0.464623503495,0.236363636364,0.981649817214,0.539907399468,0.281818181818,1.66241882919,0.914330356053,0.481818181818,2.26320131159,0.36025634384,7.75,6.2821969697,2.26320131159,7.75,0.404285714286,0.305084745763,6,0.0363636363636,0.221851851852,11,11,11,1,0,0.0909090909091,0.636363636364,0.272727272727,0,0,3.23880853994,0,0,0,0,0,-0.00909090909091,-0.186098599028,-0.102354229466,-0.0545454545455,-0.277590542861,-0.152674798574,-0.0545454545455,1.20630253705,0.0129793534288,4.20454545455,3.23880853994,1.20630253705,4.20454545455,-0.0947619047619,-0.0949152542373,-2,-0.0121212121212,-0.0337037037037,0,0,0,18,2,2,88,0.9,0.977777777778,0.0222222222222,0.1,0.9,0.9,0.9,0.877777777778,0.877777777778,0.818181818182,7,7,0,0,0,0
713,WLNM_dir_neg,0.897959183673,0.726731601732,00:00:01,10,20,30,1172860579,threshold_sweep,0.2,0.714285714286,0.714285714286,0.714285714286,5,2,2,12,0.714285714286,0.857142857143,0.142857142857,0.285714285714,0.714285714286,0.714285714286,0.714285714286,0.809523809524,0.555555555556,0.571428571429,0.571428571429,0.571428571429,20,13,7,0,20,0,13,0,7,11,20,0.181818181818,3.04338842975,3.63636363636,2,2.5,1.68954001271,0.464623503495,0.245454545455,1.16774841624,0.642261628933,0.336363636364,1.94000937205,1.06700515463,0.536363636364,1.05689877454,0.347276990411,3.54545454545,3.04338842975,1.05689877454,3.54545454545,0.499047619048,0.4,8,0.0484848484848,0.255555555556,11,11,11,1,0,0.0909090909091,0.636363636364,0.272727272727,11,0.118181818182,3.72727272727,2.36363636364,1.3,1.625,1.43336856898,0.6064251638,0.286713286713,0.603022689156,0.510249967747,0.237762237762,1.40129809949,1.18571377649,0.503496503497,2.05382127221,0.551025219373,7,3.72727272727,2.05382127221,7,0,0,0,0,0.22962962963,11,11,11,1,0,0.0909090909091,0.636363636364,0.272727272727,11,20,0.181818181818,6.2821969697,3.63636363636,2,2.5,1.68954001271,0.464623503495,0.236363636364,0.981649817214,0.539907399468,0.281818181818,1.66241882919,0.914330356053,0.481818181818,2.26320131159,0.36025634384,7.75,6.2821969697,2.26320131159,7.75,0.404285714286,0.305084745763,6,0.0363636363636,0.221851851852,11,11,11,1,0,0.0909090909091,0.636363636364,0.272727272727,0,0,3.23880853994,0,0,0,0,0,-0.00909090909091,-0.186098599028,-0.102354229466,-0.0545454545455,-0.277590542861,-0.152674798574,-0.0545454545455,1.20630253705,0.0129793534288,4.20454545455,3.23880853994,1.20630253705,4.20454545455,-0.0947619047619,-0.0949152542373,-2,-0.0121212121212,-0.0337037037037,0,0,0,18,2,2,88,0.9,0.977777777778,0.0222222222222,0.1,0.9,0.9,0.9,0.877777777778,0.877777777778,0.818181818182,7,7,0,0,0,0
714,WLNM_dir_neg,0.897959183673,0.726731601732,00:00:01,10,20,30,1172860579,threshold_sweep,0.3,0.714285714286,0.714285714286,0.714285714286,5,2,2,12,0.714285714286,0.857142857143,0.142857142857,0.285714285714,0.714285714286,0.714285714286,0.714285714286,0.809523809524,0.555555555556,0.571428571429,0.571428571429,0.571428571429,20,13,7,0,20,0,13,0,7,11,20,0.181818181818,3.04338842975,3.63636363636,2,2.5,1.68954001271,0.464623503495,0.245454545455,1.16774841624,0.642261628933,0.336363636364,1.94000937205,1.06700515463,0.536363636364,1.05689877454,0.347276990411,3.54545454545,3.04338842975,1.05689877454,3.54545454545,0.499047619048,0.4,8,0.0484848484848,0.255555555556,11,11,11,1,0,0.0909090909091,0.636363636364,0.272727272727,11,0.118181818182,3.72727272727,2.36363636364,1.3,1.625,1.43336856898,0.6064251638,0.286713286713,0.603022689156,0.510249967747,0.237762237762,1.40129809949,1.18571377649,0.503496503497,2.05382127221,0.551025219373,7,3.72727272727,2.05382127221,7,0,0,0,0,0.22962962963,11,11,11,1,0,0.0909090909091,0.636363636364,0.272727272727,11,20,0.181818181818,6.2821969697,3.63636363636,2,2.5,1.68954001271,0.464623503495,0.236363636364,0.981649817214,0.539907399468,0.281818181818,1.66241882919,0.914330356053,0.481818181818,2.26320131159,0.36025634384,7.75,6.2821969697,2.26320131159,7.75,0.404285714286,0.305084745763,6,0.0363636363636,0.221851851852,11,11,11,1,0,0.0909090909091,0.636363636364,0.272727272727,0,0,3.23880853994,0,0,0,0,0,-0.00909090909091,-0.186098599028,-0.102354229466,-0.0545454545455,-0.277590542861,-0.152674798574,-0.0545454545455,1.20630253705,0.0129793534288,4.20454545455,3.23880853994,1.20630253705,4.20454545455,-0.0947619047619,-0.0949152542373,-2,-0.0121212121212,-0.0337037037037,0,0,0,18,2,2,88,0.9,0.977777777778,0.0222222222222,0.1,0.9,0.9,0.9,0.877777777778,0.877777777778,0.818181818182,7,7,0,0,0,0
715,WLNM_dir_neg,0.897959183673,0.726731601732,00:00:01,10,20,30,1172860579,threshold_sweep,0.4,0.833333333333,0.714285714286,0.769230769231,5,1,2,13,0.714285714286,0.928571428571,0.0714285714286,0.285714285714,0.833333333333,0.714285714286,0.769230769231,0.857142857143,0.571428571429,0.666666666667,0.67082039325,0.642857142857,20,13,7,0,20,0,13,0,7,11,20,0.181818181818,3.04338842975,3.63636363636,2,2.5,1.68954001271,0.464623503495,0.245454545455,1.16774841624,0.642261628933,0.336363636364,1.94000937205,1.06700515463,0.536363636364,1.05689877454,0.347276990411,3.54545454545,3.04338842975,1.05689877454,3.54545454545,0.499047619048,0.4,8,0.0484848484848,0.255555555556,11,11,11,1,0,0.0909090909091,0.636363636364,0.272727272727,11,0.118181818182,3.72727272727,2.36363636364,1.3,1.625,1.43336856898,0.6064251638,0.286713286713,0.603022689156,0.510249967747,0.237762237762,1.40129809949,1.18571377649,0.503496503497,2.05382127221,0.551025219373,7,3.72727272727,2.05382127221,7,0,0,0,0,0.22962962963,11,11,11,1,0,0.0909090909091,0.636363636364,0.272727272727,11,19,0.172727272727,3.17045454545,3.45454545455,1.9,2.375,1.43969693781,0.416754376733,0.215311004785,1.00904995822,0.584186817916,0.306220095694,1.67874411933,0.971904490138,0.507177033493,1.19278131807,0.376217763404,3.875,3.17045454545,1.19278131807,3.875,0.41,0.3,5,0.030303030303,0.223703703704,11,11,11,1,0,0.0909090909091,0.636363636364,0.272727272727,-1,-0.00909090909091,0.127066115702,-0.181818181818,-0.1,-0.125,-0.249843074903,-0.0478691267618,-0.0301435406699,-0.158698458023,-0.058074811017,-0.0301435406699,-0.26126525272,-0.0951006644889,-0.0291866028708,0.135882543529,0.028940772993,0.329545454545,0.127066115702,0.135882543529,0.329545454545,-0.0890476190476,-0.1,-3,-0.0181818181818,-0.0318518518519,0,0,0,18,1,2,89,0.9,0.988888888889,0.0111111111111,0.1,0.947368421053,0.9,0.923076923077,0.906956031802,0.888888888889,0.857142857143,6,7,0,0,0,0
716,WLNM_dir_neg,0.897959183673,0.726731601732,00:00:01,10,20,30,1172860579,threshold_sweep,0.5,0.833333333333,0.714285714286,0.769230769231,5,1,2,13,0.714285714286,0.928571428571,0.0714285714286,0.285714285714,0.833333333333,0.714285714286,0.769230769231,0.857142857143,0.571428571429,0.666666666667,0.67082039325,0.642857142857,20,13,7,0,20,0,13,0,7,11,20,0.181818181818,3.04338842975,3.63636363636,2,2.5,1.68954001271,0.464623503495,0.245454545455,1.16774841624,0.642261628933,0.336363636364,1.94000937205,1.06700515463,0.536363636364,1.05689877454,0.347276990411,3.54545454545,3.04338842975,1.05689877454,3.54545454545,0.499047619048,0.4,8,0.0484848484848,0.255555555556,11,11,11,1,0,0.0909090909091,0.636363636364,0.272727272727,11,0.118181818182,3.72727272727,2.36363636364,1.3,1.625,1.43336856898,0.6064251638,0.286713286713,0.603022689156,0.510249967747,0.237762237762,1.40129809949,1.18571377649,0.503496503497,2.05382127221,0.551025219373,7,3.72727272727,2.05382127221,7,0,0,0,0,0.22962962963,11,11,11,1,0,0.0909090909091,0.636363636364,0.272727272727,11,19,0.172727272727,3.17045454545,3.45454545455,1.9,2.375,1.43969693781,0.416754376733,0.215311004785,1.00904995822,0.584186817916,0.306220095694,1.67874411933,0.971904490138,0.507177033493,1.19278131807,0.376217763404,3.875,3.17045454545,1.19278131807,3.875,0.41,0.3,5,0.030303030303,0.223703703704,11,11,11,1,0,0.0909090909091,0.636363636364,0.272727272727,-1,-0.00909090909091,0.127066115702,-0.181818181818,-0.1,-0.125,-0.249843074903,-0.0478691267618,-0.0301435406699,-0.158698458023,-0.058074811017,-0.0301435406699,-0.26126525272,-0.0951006644889,-0.0291866028708,0.135882543529,0.028940772993,0.329545454545,0.127066115702,0.135882543529,0.329545454545,-0.0890476190476,-0.1,-3,-0.0181818181818,-0.0318518518519,0,0,0,18,1,2,89,0.9,0.988888888889,0.0111111111111,0.1,0.947368421053,0.9,0.923076923077,0.906956031802,0.888888888889,0.857142857143,6,7,0,0,0,0
717,WLNM_dir_neg,0.897959183673,0.726731601732,00:00:01,10,20,30,1172860579,threshold_sweep,0.6,0.833333333333,0.714285714286,0.769230769231,5,1,2,13,0.714285714286,0.928571428571,0.0714285714286,0.285714285714,0.833333333333,0.714285714286,0.769230769231,0.857142857143,0.571428571429,0.666666666667,0.67082039325,0.642857142857,20,13,7,0,20,0,13,0,7,11,20,0.181818181818,3.04338842975,3.63636363636,2,2.5,1.68954001271,0.464623503495,0.245454545455,1.16774841624,0.642261628933,0.336363636364,1.94000937205,1.06700515463,0.536363636364,1.05689877454,0.347276990411,3.54545454545,3.04338842975,1.05689877454,3.54545454545,0.499047619048,0.4,8,0.0484848484848,0.255555555556,11,11,11,1,0,0.0909090909091,0.636363636364,0.272727272727,11,0.118181818182,3.72727272727,2.36363636364,1.3,1.625,1.43336856898,0.6064251638,0.286713286713,0.603022689156,0.510249967747,0.237762237762,1.40129809949,1.18571377649,0.503496503497,2.05382127221,0.551025219373,7,3.72727272727,2.05382127221,7,0,0,0,0,0.22962962963,11,11,11,1,0,0.0909090909091,0.636363636364,0.272727272727,11,19,0.172727272727,3.17045454545,3.45454545455,1.9,2.375,1.43969693781,0.416754376733,0.215311004785,1.00904995822,0.584186817916,0.306220095694,1.67874411933,0.971904490138,0.507177033493,1.19278131807,0.376217763404,3.875,3.17045454545,1.19278131807,3.875,0.41,0.3,5,0.030303030303,0.223703703704,11,11,11,1,0,0.0909090909091,0.636363636364,0.272727272727,-1,-0.00909090909091,0.127066115702,-0.181818181818,-0.1,-0.125,-0.249843074903,-0.0478691267618,-0.0301435406699,-0.158698458023,-0.058074811017,-0.0301435406699,-0.26126525272,-0.0951006644889,-0.0291866028708,0.135882543529,0.028940772993,0.329545454545,0.127066115702,0.135882543529,0.329545454545,-0.0890476190476,-0.1,-3,-0.0181818181818,-0.0318518518519,0,0,0,18,1,2,89,0.9,0.988888888889,0.0111111111111,0.1,0.947368421053,0.9,0.923076923077,0.906956031802,0.888888888889,0.857142857143,6,7,0,0,0,0
718,WLNM_dir_neg,0.897959183673,0.726731601732,00:00:01,10,20,30,1172860579,threshold_sweep,0.7,0.833333333333,0.714285714286,0.769230769231,5,1,2,13,0.714285714286,0.928571428571,0.0714285714286,0.285714285714,0.833333333333,0.714285714286,0.769230769231,0.857142857143,0.571428571429,0.666666666667,0.67082039325,0.642857142857,20,13,7,0,20,0,13,0,7,11,20,0.181818181818,3.04338842975,3.63636363636,2,2.5,1.68954001271,0.464623503495,0.245454545455,1.16774841624,0.642261628933,0.336363636364,1.94000937205,1.06700515463,0.536363636364,1.05689877454,0.347276990411,3.54545454545,3.04338842975,1.05689877454,3.54545454545,0.499047619048,0.4,8,0.0484848484848,0.255555555556,11,11,11,1,0,0.0909090909091,0.636363636364,0.272727272727,11,0.118181818182,3.72727272727,2.36363636364,1.3,1.625,1.43336856898,0.6064251638,0.286713286713,0.603022689156,0.510249967747,0.237762237762,1.40129809949,1.18571377649,0.503496503497,2.05382127221,0.551025219373,7,3.72727272727,2.05382127221,7,0,0,0,0,0.22962962963,11,11,11,1,0,0.0909090909091,0.636363636364,0.272727272727,11,19,0.172727272727,3.17045454545,3.45454545455,1.9,2.375,1.43969693781,0.416754376733,0.215311004785,1.00904995822,0.584186817916,0.306220095694,1.67874411933,0.971904490138,0.507177033493,1.19278131807,0.376217763404,3.875,3.17045454545,1.19278131807,3.875,0.41,0.3,5,0.030303030303,0.223703703704,11,11,11,1,0,0.0909090909091,0.636363636364,0.272727272727,-1,-0.00909090909091,0.127066115702,-0.181818181818,-0.1,-0.125,-0.249843074903,-0.0478691267618,-0.0301435406699,-0.158698458023,-0.058074811017,-0.0301435406699,-0.26126525272,-0.0951006644889,-0.0291866028708,0.135882543529,0.028940772993,0.329545454545,0.127066115702,0.135882543529,0.329545454545,-0.0890476190476,-0.1,-3,-0.0181818181818,-0.0318518518519,0,0,0,18,1,2,89,0.9,0.988888888889,0.0111111111111,0.1,0.947368421053,0.9,0.923076923077,0.906956031802,0.888888888889,0.857142857143,6,7,0,0,0,0
719,WLNM_dir_neg,0.897959183673,0.726731601732,00:00:01,10,20,30,1172860579,threshold_sweep,0.8,1,0.714285714286,0.833333333333,5,0,2,14,0.714285714286,1,0,0.285714285714,1,0.714285714286,0.833333333333,0.904761904762,0.587301587302,0.769230769231,0.790569415042,0.714285714286,20,13,7,0,20,0,13,0,7,11,20,0.181818181818,3.04338842975,3.63636363636,2,2.5,1.68954001271,0.464623503495,0.245454545455,1.16774841624,0.642261628933,0.336363636364,1.94000937205,1.06700515463,0.536363636364,1.05689877454,0.347276990411,3.54545454545,3.04338842975,1.05689877454,3.54545454545,0.499047619048,0.4,8,0.0484848484848,0.255555555556,11,11,11,1,0,0.0909090909091,0.636363636364,0.272727272727,11,0.118181818182,3.72727272727,2.36363636364,1.3,1.625,1.43336856898,0.6064251638,0.286713286713,0.603022689156,0.510249967747,0.237762237762,1.40129809949,1.18571377649,0.503496503497,2.05382127221,0.551025219373,7,3.72727272727,2.05382127221,7,0,0,0,0,0.22962962963,11,11,11,1,0,0.0909090909091,0.636363636364,0.272727272727,11,18,0.163636363636,3.11363636364,3.27272727273,1.8,2.25,1.42062726223,0.434080552347,0.227272727273,0.924416277737,0.564921058617,0.292929292929,1.68954001271,1.03249667443,0.525252525253,1.14353419474,0.367266456706,3.875,3.11363636364,1.14353419474,3.875,0.366666666667,0.266666666667,4,0.0242424242424,0.221111111111,11,11,11,1,0,0.0909090909091,0.636363636364,0.272727272727,-2,-0.0181818181818,0.0702479338843,-0.363636363636,-0.2,-0.25,-0.268912750482,-0.030542951148,-0.0181818181818,-0.243332138505,-0.0773405703161,-0.0434343434343,-0.250469359339,-0.0345084801933,-0.0111111111111,0.0866354202056,0.0199894662943,0.329545454545,0.0702479338843,0.0866354202056,0.329545454545,-0.132380952381,-0.133333333333,-4,-0.0242424242424,-0.0344444444444,0,0,0,18,0,2,90,0.9,1,0,0.1,1,0.9,0.947368421053,0.938314863257,0.9,0.9,5,7,0,0,0,0
720,WLNM_dir_neg,0.897959183673,0.726731601732,00:00:01,10,20,30,1172860579,threshold_sweep,0.9,1,0.714285714286,0.833333333333,5,0,2,14,0.714285714286,1,0,0.285714285714,1,0.714285714286,0.833333333333,0.904761904762,0.587301587302,0.769230769231,0.790569415042,0.714285714286,20,13,7,0,20,0,13,0,7,11,20,0.181818181818,3.04338842975,3.63636363636,2,2.5,1.68954001271,0.464623503495,0.245454545455,1.16774841624,0.642261628933,0.336363636364,1.94000937205,1.06700515463,0.536363636364,1.05689877454,0.347276990411,3.54545454545,3.04338842975,1.05689877454,3.54545454545,0.499047619048,0.4,8,0.0484848484848,0.255555555556,11,11,11,1,0,0.0909090909091,0.636363636364,0.272727272727,11,0.118181818182,3.72727272727,2.36363636364,1.3,1.625,1.43336856898,0.6064251638,0.286713286713,0.603022689156,0.510249967747,0.237762237762,1.40129809949,1.18571377649,0.503496503497,2.05382127221,0.551025219373,7,3.72727272727,2.05382127221,7,0,0,0,0,0.22962962963,11,11,11,1,0,0.0909090909091,0.636363636364,0.272727272727,11,18,0.163636363636,3.11363636364,3.27272727273,1.8,2.25,1.42062726223,0.434080552347,0.227272727273,0.924416277737,0.564921058617,0.292929292929,1.68954001271,1.03249667443,0.525252525253,1.14353419474,0.367266456706,3.875,3.11363636364,1.14353419474,3.875,0.366666666667,0.266666666667,4,0.0242424242424,0.221111111111,11,11,11,1,0,0.0909090909091,0.636363636364,0.272727272727,-2,-0.0181818181818,0.0702479338843,-0.363636363636,-0.2,-0.25,-0.268912750482,-0.030542951148,-0.0181818181818,-0.243332138505,-0.0773405703161,-0.0434343434343,-0.250469359339,-0.0345084801933,-0.0111111111111,0.0866354202056,0.0199894662943,0.329545454545,0.0702479338843,0.0866354202056,0.329545454545,-0.132380952381,-0.133333333333,-4,-0.0242424242424,-0.0344444444444,0,0,0,18,0,2,90,0.9,1,0,0.1,1,0.9,0.947368421053,0.938314863257,0.9,0.9,5,7,0,0,0,0
721,WLNM_dir_neg,0.80612244898,0.535958684173,00:00:02,10,20,31,1172860580,threshold_sweep,0.1,0.666666666667,0.571428571429,0.615384615385,4,2,3,12,0.571428571429,0.857142857143,0.142857142857,0.428571428571,0.666666666667,0.571428571429,0.615384615385,0.761904761905,0.571428571429,0.444444444444,0.4472135955,0.428571428571,20,13,7,0,20,0,13,0,7,11,20,0.181818181818,3.04338842975,3.63636363636,2,2.5,1.68954001271,0.464623503495,0.245454545455,1.16774841624,0.642261628933,0.336363636364,1.94000937205,1.06700515463,0.536363636364,1.05689877454,0.347276990411,3.54545454545,3.04338842975,1.05689877454,3.54545454545,0.499047619048,0.4,8,0.0484848484848,0.255555555556,11,11,11,1,0,0.0909090909091,0.636363636364,0.272727272727,11,0.118181818182,3.72727272727,2.36363636364,1.3,1.625,1.43336856898,0.6064251638,0.286713286713,0.603022689156,0.510249967747,0.237762237762,1.40129809949,1.18571377649,0.503496503497,2.05382127221,0.551025219373,7,3.72727272727,2.05382127221,7,0,0,0,0,0.22962962963,11,11,11,1,0,0.0909090909091,0.636363636364,0.272727272727,11,19,0.172727272727,6.17883755589,3.45454545455,1.9,2.11111111111,1.57249078621,0.455194701272,0.224880382775,0.904534033733,0.523677598477,0.267942583732,1.48935617573,0.86225883858,0.44019138756,2.27058891365,0.367478331177,8.14754098361,6.17883755589,2.27058891365,8.14754098361,0.369047619048,0.283018867925,5,0.030303030303,0.2,11,11,11,1,0,0.0909090909091,0.727272727273,0.181818181818,-1,-0.00909090909091,3.13544912613,-0.181818181818,-0.1,-0.388888888889,-0.117049226495,-0.00942880222262,-0.0205741626794,-0.263214382509,-0.118584030456,-0.0684210526316,-0.45065319632,-0.204746316047,-0.0961722488038,1.21369013912,0.0202013407661,4.60208643815,3.13544912613,1.21369013912,4.60208643815,-0.13,-0.116981132075,-3,-0.0181818181818,-0.0555555555556,0,0.0909090909091,-0.0909090909091,17,2,3,88,0.85,0.977777777778,0.0222222222222,0.15,0.894736842105,0.85,0.871794871795,0.844602804616,0.827777777778,0.772727272727,6,7,0,0,0,0
722,WLNM_dir_neg,0.80612244898,0.535958684173,00:00:02,10,20,31,1172860580,threshold_sweep,0.2,0.8,0.571428571429,0.666666666667,4,1,3,13,0.571428571429,0.928571428571,0.0714285714286,0.428571428571,0.8,0.571428571429,0.666666666667,0.809523809524,0.587301587302,0.538461538462,0.553398590529,0.5,20,13,7,0,20,0,13,0,7,11,20,0.181818181818,3.04338842975,3.63636363636,2,2.5,1.68954001271,0.464623503495,0.245454545455,1.16774841624,0.642261628933,0.336363636364,1.94000937205,1.06700515463,0.536363636364,1.05689877454,0.347276990411,3.54545454545,3.04338842975,1.05689877454,3.54545454545,0.499047619048,0.4,8,0.0484848484848,0.255555555556,11,11,11,1,0,0.0909090909091,0.636363636364,0.272727272727,11,0.118181818182,3.72727272727,2.36363636364,1.3,1.625,1.43336856898,0.6064251638,0.286713286713,0.603022689156,0.510249967747,0.237762237762,1.40129809949,1.18571377649,0.503496503497,2.05382127221,0.551025219373,7,3.72727272727,2.05382127221,7,0,0,0,0,0.22962962963,11,11,11,1,0,0.0909090909091,0.636363636364,0.272727272727,11,18,0.163636363636,6.2,3.27272727273,1.8,2.25,1.61807966991,0.494413232473,0.242424242424,0.809039834956,0.494413232473,0.242424242424,1.5666989036,0.957427107756,0.494949494949,2.28560714035,0.368646312959,8.2,6.2,2.28560714035,8.2,0.302380952381,0.25,4,0.0242424242424,0.205555555556,11,11,11,1,0,0.0909090909091,0.636363636364,0.272727272727,-2,-0.0181818181818,3.15661157025,-0.363636363636,-0.2,-0.25,-0.0714603427974,0.029789728978,-0.0030303030303,-0.358708581286,-0.14784839646,-0.0939393939394,-0.373310468447,-0.10957804687,-0.0414141414141,1.22870836581,0.0213693225477,4.65454545455,3.15661157025,1.22870836581,4.65454545455,-0.196666666667,-0.15,-4,-0.0242424242424,-0.05,0,0,0,17,1,3,89,0.85,0.988888888889,0.0111111111111,0.15,0.944444444444,0.85,0.894736842105,0.874602125628,0.838888888889,0.809523809524,5,7,0,0,0,0
723,WLNM_dir_neg,0.80612244898,0.535958684173,00:00:02,10,20,31,1172860580,threshold_sweep,0.3,0.8,0.571428571429,0.666666666667,4,1,3,13,0.571428571429,0.928571428571,0.0714285714286,0.428571428571,0.8,0.571428571429,0.666666666667,0.809523809524,0.587301587302,0.538461538462,0.553398590529,0.5,20,13,7,0,20,0,13,0,7,11,20,0.181818181818,3.04338842975,3.63636363636,2,2.5,1.68954001271,0.464623503495,0.245454545455,1.16774841624,0.642261628933,0.336363636364,1.94000937205,1.06700515463,0.536363636364,1.05689877454,0.347276990411,3.54545454545,3.04338842975,1.05689877454,3.54545454545,0.499047619048,0.4,8,0.0484848484848,0.255555555556,11,11,11,1,0,0.0909090909091,0.636363636364,0.272727272727,11,0.118181818182,3.72727272727,2.36363636364,1.3,1.625,1.43336856898,0.6064251638,0.286713286713,0.603022689156,0.510249967747,0.237762237762,1.40129809949,1.18571377649,0.503496503497,2.05382127221,0.551025219373,7,3.72727272727,2.05382127221,7,0,0,0,0,0.22962962963,11,11,11,1,0,0.0909090909091,0.636363636364,0.272727272727,11,18,0.163636363636,6.2,3.27272727273,1.8,2.25,1.61807966991,0.494413232473,0.242424242424,0.809039834956,0.494413232473,0.242424242424,1.5666989036,0.957427107756,0.494949494949,2.28560714035,0.368646312959,8.2,6.2,2.28560714035,8.2,0.302380952381,0.25,4,0.0242424242424,0.205555555556,11,11,11,1,0,0.0909090909091,0.636363636364,0.272727272727,-2,-0.0181818181818,3.15661157025,-0.363636363636,-0.2,-0.25,-0.0714603427974,0.029789728978,-0.0030303030303,-0.358708581286,-0.14784839646,-0.0939393939394,-0.373310468447,-0.10957804687,-0.0414141414141,1.22870836581,0.0213693225477,4.65454545455,3.15661157025,1.22870836581,4.65454545455,-0.196666666667,-0.15,-4,-0.0242424242424,-0.05,0,0,0,17,1,3,89,0.85,0.988888888889,0.0111111111111,0.15,0.944444444444,0.85,0.894736842105,0.874602125628,0.838888888889,0.809523809524,5,7,0,0,0,0
724,WLNM_dir_neg,0.80612244898,0.535958684173,00:00:02,10,20,31,1172860580,threshold_sweep,0.4,0.8,0.571428571429,0.666666666667,4,1,3,13,0.571428571429,0.928571428571,0.0714285714286,0.428571428571,0.8,0.571428571429,0.666666666667,0.809523809524,0.587301587302,0.538461538462,0.553398590529,0.5,20,13,7,0,20,0,13,0,7,11,20,0.181818181818,3.04338842975,3.63636363636,2,2.5,1.68954001271,0.464623503495,0.245454545455,1.16774841624,0.642261628933,0.336363636364,1.94000937205,1.06700515463,0.536363636364,1.05689877454,0.347276990411,3.54545454545,3.04338842975,1.05689877454,3.54545454545,0.499047619048,0.4,8,0.0484848484848,0.255555555556,11,11,11,1,0,0.0909090909091,0.636363636364,0.272727272727,11,0.118181818182,3.72727272727,2.36363636364,1.3,1.625,1.43336856898,0.6064251638,0.286713286713,0.603022689156,0.510249967747,0.237762237762,1.40129809949,1.18571377649,0.503496503497,2.05382127221,0.551025219373,7,3.72727272727,2.05382127221,7,0,0,0,0,0.22962962963,11,11,11,1,0,0.0909090909091,0.636363636364,0.272727272727,11,18,0.163636363636,6.2,3.27272727273,1.8,2.25,1.61807966991,0.494413232473,0.242424242424,0.809039834956,0.494413232473,0.242424242424,1.5666989036,0.957427107756,0.494949494949,2.28560714035,0.368646312959,8.2,6.2,2.28560714035,8.2,0.302380952381,0.25,4,0.0242424242424,0.205555555556,11,11,11,1,0,0.0909090909091,0.636363636364,0.272727272727,-2,-0.0181818181818,3.15661157025,-0.363636363636,-0.2,-0.25,-0.0714603427974,0.029789728978,-0.0030303030303,-0.358708581286,-0.14784839646,-0.0939393939394,-0.373310468447,-0.10957804687,-0.0414141414141,1.22870836581,0.0213693225477,4.65454545455,3.15661157025,1.22870836581,4.65454545455,-0.196666666667,-0.15,-4,-0.0242424242424,-0.05,0,0,0,17,1,3,89,0.85,0.988888888889,0.0111111111111,0.15,0.944444444444,0.85,0.894736842105,0.874602125628,0.838888888889,0.809523809524,5,7,0,0,0,0
725,WLNM_dir_neg,0.80612244898,0.535958684173,00:00:02,10,20,31,1172860580,threshold_sweep,0.5,0.8,0.571428571429,0.666666666667,4,1,3,13,0.571428571429,0.928571428571,0.0714285714286,0.428571428571,0.8,0.571428571429,0.666666666667,0.809523809524,0.587301587302,0.538461538462,0.553398590529,0.5,20,13,7,0,20,0,13,0,7,11,20,0.181818181818,3.04338842975,3.63636363636,2,2.5,1.68954001271,0.464623503495,0.245454545455,1.16774841624,0.642261628933,0.336363636364,1.94000937205,1.06700515463,0.536363636364,1.05689877454,0.347276990411,3.54545454545,3.04338842975,1.05689877454,3.54545454545,0.499047619048,0.4,8,0.0484848484848,0.255555555556,11,11,11,1,0,0.0909090909091,0.636363636364,0.272727272727,11,0.118181818182,3.72727272727,2.36363636364,1.3,1.625,1.43336856898,0.6064251638,0.286713286713,0.603022689156,0.510249967747,0.237762237762,1.40129809949,1.18571377649,0.503496503497,2.05382127221,0.551025219373,7,3.72727272727,2.05382127221,7,0,0,0,0,0.22962962963,11,11,11,1,0,0.0909090909091,0.636363636364,0.272727272727,11,18,0.163636363636,6.2,3.27272727273,1.8,2.25,1.61807966991,0.494413232473,0.242424242424,0.809039834956,0.494413232473,0.242424242424,1.5666989036,0.957427107756,0.494949494949,2.28560714035,0.368646312959,8.2,6.2,2.28560714035,8.2,0.302380952381,0.25,4,0.0242424242424,0.205555555556,11,11,11,1,0,0.0909090909091,0.636363636364,0.272727272727,-2,-0.0181818181818,3.15661157025,-0.363636363636,-0.2,-0.25,-0.0714603427974,0.029789728978,-0.0030303030303,-0.358708581286,-0.14784839646,-0.0939393939394,-0.373310468447,-0.10957804687,-0.0414141414141,1.22870836581,0.0213693225477,4.65454545455,3.15661157025,1.22870836581,4.65454545455,-0.196666666667,-0.15,-4,-0.0242424242424,-0.05,0,0,0,17,1,3,89,0.85,0.988888888889,0.0111111111111,0.15,0.944444444444,0.85,0.894736842105,0.874602125628,0.838888888889,0.809523809524,5,7,0,0,0,0
726,WLNM_dir_neg,0.80612244898,0.535958684173,00:00:02,10,20,31,1172860580,threshold_sweep,0.6,0.8,0.571428571429,0.666666666667,4,1,3,13,0.571428571429,0.928571428571,0.0714285714286,0.428571428571,0.8,0.571428571429,0.666666666667,0.809523809524,0.587301587302,0.538461538462,0.553398590529,0.5,20,13,7,0,20,0,13,0,7,11,20,0.181818181818,3.04338842975,3.63636363636,2,2.5,1.68954001271,0.464623503495,0.245454545455,1.16774841624,0.642261628933,0.336363636364,1.94000937205,1.06700515463,0.536363636364,1.05689877454,0.347276990411,3.54545454545,3.04338842975,1.05689877454,3.54545454545,0.499047619048,0.4,8,0.0484848484848,0.255555555556,11,11,11,1,0,0.0909090909091,0.636363636364,0.272727272727,11,0.118181818182,3.72727272727,2.36363636364,1.3,1.625,1.43336856898,0.6064251638,0.286713286713,0.603022689156,0.510249967747,0.237762237762,1.40129809949,1.18571377649,0.503496503497,2.05382127221,0.551025219373,7,3.72727272727,2.05382127221,7,0,0,0,0,0.22962962963,11,11,11,1,0,0.0909090909091,0.636363636364,0.272727272727,11,18,0.163636363636,6.2,3.27272727273,1.8,2.25,1.61807966991,0.494413232473,0.242424242424,0.809039834956,0.494413232473,0.242424242424,1.5666989036,0.957427107756,0.494949494949,2.28560714035,0.368646312959,8.2,6.2,2.28560714035,8.2,0.302380952381,0.25,4,0.0242424242424,0.205555555556,11,11,11,1,0,0.0909090909091,0.636363636364,0.272727272727,-2,-0.0181818181818,3.15661157025,-0.363636363636,-0.2,-0.25,-0.0714603427974,0.029789728978,-0.0030303030303,-0.358708581286,-0.14784839646,-0.0939393939394,-0.373310468447,-0.10957804687,-0.0414141414141,1.22870836581,0.0213693225477,4.65454545455,3.15661157025,1.22870836581,4.65454545455,-0.196666666667,-0.15,-4,-0.0242424242424,-0.05,0,0,0,17,1,3,89,0.85,0.988888888889,0.0111111111111,0.15,0.944444444444,0.85,0.894736842105,0.874602125628,0.838888888889,0.809523809524,5,7,0,0,0,0
727,WLNM_dir_neg,0.80612244898,0.535958684173,00:00:02,10,20,31,1172860580,threshold_sweep,0.7,0.8,0.571428571429,0.666666666667,4,1,3,13,0.571428571429,0.928571428571,0.0714285714286,0.428571428571,0.8,0.571428571429,0.666666666667,0.809523809524,0.587301587302,0.538461538462,0.553398590529,0.5,20,13,7,0,20,0,13,0,7,11,20,0.181818181818,3.04338842975,3.63636363636,2,2.5,1.68954001271,0.464623503495,0.245454545455,1.16774841624,0.642261628933,0.336363636364,1.94000937205,1.06700515463,0.536363636364,1.05689877454,0.347276990411,3.54545454545,3.04338842975,1.05689877454,3.54545454545,0.499047619048,0.4,8,0.0484848484848,0.255555555556,11,11,11,1,0,0.0909090909091,0.636363636364,0.272727272727,11,0.118181818182,3.72727272727,2.36363636364,1.3,1.625,1.43336856898,0.6064251638,0.286713286713,0.603022689156,0.510249967747,0.237762237762,1.40129809949,1.18571377649,0.503496503497,2.05382127221,0.551025219373,7,3.72727272727,2.05382127221,7,0,0,0,0,0.22962962963,11,11,11,1,0,0.0909090909091,0.636363636364,0.272727272727,11,18,0.163636363636,6.2,3.27272727273,1.8,2.25,1.61807966991,0.494413232473,0.242424242424,0.809039834956,0.494413232473,0.242424242424,1.5666989036,0.957427107756,0.494949494949,2.28560714035,0.368646312959,8.2,6.2,2.28560714035,8.2,0.302380952381,0.25,4,0.0242424242424,0.205555555556,11,11,11,1,0,0.0909090909091,0.636363636364,0.272727272727,-2,-0.0181818181818,3.15661157025,-0.363636363636,-0.2,-0.25,-0.0714603427974,0.029789728978,-0.0030303030303,-0.358708581286,-0.14784839646,-0.0939393939394,-0.373310468447,-0.10957804687,-0.0414141414141,1.22870836581,0.0213693225477,4.65454545455,3.15661157025,1.22870836581,4.65454545455,-0.196666666667,-0.15,-4,-0.0242424242424,-0.05,0,0,0,17,1,3,89,0.85,0.988888888889,0.0111111111111,0.15,0.944444444444,0.85,0.894736842105,0.874602125628,0.838888888889,0.809523809524,5,7,0,0,0,0
728,WLNM_dir_neg,0.80612244898,0.535958684173,00:00:02,10,20,31,1172860580,threshold_sweep,0.8,0.8,0.571428571429,0.666666666667,4,1,3,13,0.571428571429,0.928571428571,0.0714285714286,0.428571428571,0.8,0.571428571429,0.666666666667,0.809523809524,0.587301587302,0.538461538462,0.553398590529,0.5,20,13,7,0,20,0,13,0,7,11,20,0.181818181818,3.04338842975,3.63636363636,2,2.5,1.68954001271,0.464623503495,0.245454545455,1.16774841624,0.642261628933,0.336363636364,1.94000937205,1.06700515463,0.536363636364,1.05689877454,0.347276990411,3.54545454545,3.04338842975,1.05689877454,3.54545454545,0.499047619048,0.4,8,0.0484848484848,0.255555555556,11,11,11,1,0,0.0909090909091,0.636363636364,0.272727272727,11,0.118181818182,3.72727272727,2.36363636364,1.3,1.625,1.43336856898,0.6064251638,0.286713286713,0.603022689156,0.510249967747,0.237762237762,1.40129809949,1.18571377649,0.503496503497,2.05382127221,0.551025219373,7,3.72727272727,2.05382127221,7,0,0,0,0,0.22962962963,11,11,11,1,0,0.0909090909091,0.636363636364,0.272727272727,11,18,0.163636363636,6.2,3.27272727273,1.8,2.25,1.61807966991,0.494413232473,0.242424242424,0.809039834956,0.494413232473,0.242424242424,1.5666989036,0.957427107756,0.494949494949,2.28560714035,0.368646312959,8.2,6.2,2.28560714035,8.2,0.302380952381,0.25,4,0.0242424242424,0.205555555556,11,11,11,1,0,0.0909090909091,0.636363636364,0.272727272727,-2,-0.0181818181818,3.15661157025,-0.363636363636,-0.2,-0.25,-0.0714603427974,0.029789728978,-0.0030303030303,-0.358708581286,-0.14784839646,-0.0939393939394,-0.373310468447,-0.10957804687,-0.0414141414141,1.22870836581,0.0213693225477,4.65454545455,3.15661157025,1.22870836581,4.65454545455,-0.196666666667,-0.15,-4,-0.0242424242424,-0.05,0,0,0,17,1,3,89,0.85,0.988888888889,0.0111111111111,0.15,0.944444444444,0.85,0.894736842105,0.874602125628,0.838888888889,0.809523809524,5,7,0,0,0,0
729,WLNM_dir_neg,0.80612244898,0.535958684173,00:00:02,10,20,31,1172860580,threshold_sweep,0.9,0.75,0.428571428571,0.545454545455,3,1,4,13,0.428571428571,0.928571428571,0.0714285714286,0.571428571429,0.75,0.428571428571,0.545454545455,0.761904761905,0.603174603175,0.4,0.428746462856,0.357142857143,20,13,7,0,20,0,13,0,7,11,20,0.181818181818,3.04338842975,3.63636363636,2,2.5,1.68954001271,0.464623503495,0.245454545455,1.16774841624,0.642261628933,0.336363636364,1.94000937205,1.06700515463,0.536363636364,1.05689877454,0.347276990411,3.54545454545,3.04338842975,1.05689877454,3.54545454545,0.499047619048,0.4,8,0.0484848484848,0.255555555556,11,11,11,1,0,0.0909090909091,0.636363636364,0.272727272727,11,0.118181818182,3.72727272727,2.36363636364,1.3,1.625,1.43336856898,0.6064251638,0.286713286713,0.603022689156,0.510249967747,0.237762237762,1.40129809949,1.18571377649,0.503496503497,2.05382127221,0.551025219373,7,3.72727272727,2.05382127221,7,0,0,0,0,0.22962962963,11,11,11,1,0,0.0909090909091,0.636363636364,0.272727272727,11,17,0.154545454545,6.69696969697,3.09090909091,1.7,2.125,1.51357493733,0.489686009136,0.219251336898,0.687551650952,0.444886362381,0.20320855615,1.50755672289,0.975477879516,0.491978609626,2.54057974772,0.379362586764,9,6.69696969697,2.54057974772,9,0.280952380952,0.214285714286,3,0.0181818181818,0.192592592593,11,11,11,1,0,0.0909090909091,0.636363636364,0.272727272727,-3,-0.0272727272727,3.65358126722,-0.545454545455,-0.3,-0.375,-0.175965075381,0.0250625056407,-0.0262032085561,-0.48019676529,-0.197375266552,-0.133155080214,-0.43245264916,-0.0915272751104,-0.044385026738,1.48368097319,0.0320855963529,5.45454545455,3.65358126722,1.48368097319,5.45454545455,-0.218095238095,-0.185714285714,-5,-0.030303030303,-0.062962962963,0,0,0,16,1,4,89,0.8,0.988888888889,0.0111111111111,0.2,0.941176470588,0.8,0.864864864865,0.841755876268,0.788888888889,0.761904761905,4,7,0,0,0,0
730,WLNM_dir_neg,0.867346938776,0.570932539683,00:00:02,10,20,32,1172860581,threshold_sweep,0.1,1,0.714285714286,0.833333333333,5,0,2,14,0.714285714286,1,0,0.285714285714,1,0.714285714286,0.833333333333,0.904761904762,0.587301587302,0.769230769231,0.790569415042,0.714285714286,20,13,7,0,20,0,13,0,7,11,20,0.181818181818,3.04338842975,3.63636363636,2,2.5,1.68954001271,0.464623503495,0.245454545455,1.16774841624,0.642261628933,0.336363636364,1.94000937205,1.06700515463,0.536363636364,1.05689877454,0.347276990411,3.54545454545,3.04338842975,1.05689877454,3.54545454545,0.499047619048,0.4,8,0.0484848484848,0.255555555556,11,11,11,1,0,0.0909090909091,0.636363636364,0.272727272727,11,0.118181818182,3.72727272727,2.36363636364,1.3,1.625,1.43336856898,0.6064251638,0.286713286713,0.603022689156,0.510249967747,0.237762237762,1.40129809949,1.18571377649,0.503496503497,2.05382127221,0.551025219373,7,3.72727272727,2.05382127221,7,0,0,0,0,0.22962962963,11,11,11,1,0,0.0909090909091,0.636363636364,0.272727272727,11,18,0.163636363636,3.11363636364,3.27272727273,1.8,2.25,1.42062726223,0.434080552347,0.227272727273,0.924416277737,0.564921058617,0.292929292929,1.68954001271,1.03249667443,0.525252525253,1.14353419474,0.367266456706,3.875,3.11363636364,1.14353419474,3.875,0.366666666667,0.266666666667,4,0.0242424242424,0.221111111111,11,11,11,1,0,0.0909090909091,0.636363636364,0.272727272727,-2,-0.0181818181818,0.0702479338843,-0.363636363636,-0.2,-0.25,-0.268912750482,-0.030542951148,-0.0181818181818,-0.243332138505,-0.0773405703161,-0.0434343434343,-0.250469359339,-0.0345084801933,-0.0111111111111,0.0866354202056,0.0199894662943,0.329545454545,0.0702479338843,0.0866354202056,0.329545454545,-0.132380952381,-0.133333333333,-4,-0.0242424242424,-0.0344444444444,0,0,0,18,0,2,90,0.9,1,0,0.1,1,0.9,0.947368421053,0.938314863257,0.9,0.9,5,7,0,0,0,0
731,WLNM_dir_neg,0.867346938776,0.570932539683,00:00:02,10,20,32,1172860581,threshold_sweep,0.2,1,0.714285714286,0.833333333333,5,0,2,14,0.714285714286,1,0,0.285714285714,1,0.714285714286,0.833333333333,0.904761904762,0.587301587302,0.769230769231,0.790569415042,0.714285714286,20,13,7,0,20,0,13,0,7,11,20,0.181818181818,3.04338842975,3.63636363636,2,2.5,1.68954001271,0.464623503495,0.245454545455,1.16774841624,0.642261628933,0.336363636364,1.94000937205,1.06700515463,0.536363636364,1.05689877454,0.347276990411,3.54545454545,3.04338842975,1.05689877454,3.54545454545,0.499047619048,0.4,8,0.0484848484848,0.255555555556,11,11,11,1,0,0.0909090909091,0.636363636364,0.272727272727,11,0.118181818182,3.72727272727,2.36363636364,1.3,1.625,1.43336856898,0.6064251638,0.286713286713,0.603022689156,0.510249967747,0.237762237762,1.40129809949,1.18571377649,0.503496503497,2.05382127221,0.551025219373,7,3.72727272727,2.05382127221,7,0,0,0,0,0.22962962963,11,11,11,1,0,0.0909090909091,0.636363636364,0.272727272727,11,18,0.163636363636,3.11363636364,3.27272727273,1.8,2.25,1.42062726223,0.434080552347,0.227272727273,0.924416277737,0.564921058617,0.292929292929,1.68954001271,1.03249667443,0.525252525253,1.14353419474,0.367266456706,3.875,3.11363636364,1.14353419474,3.875,0.366666666667,0.266666666667,4,0.0242424242424,0.221111111111,11,11,11,1,0,0.0909090909091,0.636363636364,0.272727272727,-2,-0.0181818181818,0.0702479338843,-0.363636363636,-0.2,-0.25,-0.268912750482,-0.030542951148,-0.0181818181818,-0.243332138505,-0.0773405703161,-0.0434343434343,-0.250469359339,-0.0345084801933,-0.0111111111111,0.0866354202056,0.0199894662943,0.329545454545,0.0702479338843,0.0866354202056,0.329545454545,-0.132380952381,-0.133333333333,-4,-0.0242424242424,-0.0344444444444,0,0,0,18,0,2,90,0.9,1,0,0.1,1,0.9,0.947368421053,0.938314863257,0.9,0.9,5,7,0,0,0,0
732,WLNM_dir_neg,0.867346938776,0.570932539683,00:00:02,10,20,32,1172860581,threshold_sweep,0.3,1,0.714285714286,0.833333333333,5,0,2,14,0.714285714286,1,0,0.285714285714,1,0.714285714286,0.833333333333,0.904761904762,0.587301587302,0.769230769231,0.790569415042,0.714285714286,20,13,7,0,20,0,13,0,7,11,20,0.181818181818,3.04338842975,3.63636363636,2,2.5,1.68954001271,0.464623503495,0.245454545455,1.16774841624,0.642261628933,0.336363636364,1.94000937205,1.06700515463,0.536363636364,1.05689877454,0.347276990411,3.54545454545,3.04338842975,1.05689877454,3.54545454545,0.499047619048,0.4,8,0.0484848484848,0.255555555556,11,11,11,1,0,0.0909090909091,0.636363636364,0.272727272727,11,0.118181818182,3.72727272727,2.36363636364,1.3,1.625,1.43336856898,0.6064251638,0.286713286713,0.603022689156,0.510249967747,0.237762237762,1.40129809949,1.18571377649,0.503496503497,2.05382127221,0.551025219373,7,3.72727272727,2.05382127221,7,0,0,0,0,0.22962962963,11,11,11,1,0,0.0909090909091,0.636363636364,0.272727272727,11,18,0.163636363636,3.11363636364,3.27272727273,1.8,2.25,1.42062726223,0.434080552347,0.227272727273,0.924416277737,0.564921058617,0.292929292929,1.68954001271,1.03249667443,0.525252525253,1.14353419474,0.367266456706,3.875,3.11363636364,1.14353419474,3.875,0.366666666667,0.266666666667,4,0.0242424242424,0.221111111111,11,11,11,1,0,0.0909090909091,0.636363636364,0.272727272727,-2,-0.0181818181818,0.0702479338843,-0.363636363636,-0.2,-0.25,-0.268912750482,-0.030542951148,-0.0181818181818,-0.243332138505,-0.0773405703161,-0.0434343434343,-0.250469359339,-0.0345084801933,-0.0111111111111,0.0866354202056,0.0199894662943,0.329545454545,0.0702479338843,0.0866354202056,0.329545454545,-0.132380952381,-0.133333333333,-4,-0.0242424242424,-0.0344444444444,0,0,0,18,0,2,90,0.9,1,0,0.1,1,0.9,0.947368421053,0.938314863257,0.9,0.9,5,7,0,0,0,0
733,WLNM_dir_neg,0.867346938776,0.570932539683,00:00:02,10,20,32,1172860581,threshold_sweep,0.4,1,0.714285714286,0.833333333333,5,0,2,14,0.714285714286,1,0,0.285714285714,1,0.714285714286,0.833333333333,0.904761904762,0.587301587302,0.769230769231,0.790569415042,0.714285714286,20,13,7,0,20,0,13,0,7,11,20,0.181818181818,3.04338842975,3.63636363636,2,2.5,1.68954001271,0.464623503495,0.245454545455,1.16774841624,0.642261628933,0.336363636364,1.94000937205,1.06700515463,0.536363636364,1.05689877454,0.347276990411,3.54545454545,3.04338842975,1.05689877454,3.54545454545,0.499047619048,0.4,8,0.0484848484848,0.255555555556,11,11,11,1,0,0.0909090909091,0.636363636364,0.272727272727,11,0.118181818182,3.72727272727,2.36363636364,1.3,1.625,1.43336856898,0.6064251638,0.286713286713,0.603022689156,0.510249967747,0.237762237762,1.40129809949,1.18571377649,0.503496503497,2.05382127221,0.551025219373,7,3.72727272727,2.05382127221,7,0,0,0,0,0.22962962963,11,11,11,1,0,0.0909090909091,0.636363636364,0.272727272727,11,18,0.163636363636,3.11363636364,3.27272727273,1.8,2.25,1.42062726223,0.434080552347,0.227272727273,0.924416277737,0.564921058617,0.292929292929,1.68954001271,1.03249667443,0.525252525253,1.14353419474,0.367266456706,3.875,3.11363636364,1.14353419474,3.875,0.366666666667,0.266666666667,4,0.0242424242424,0.221111111111,11,11,11,1,0,0.0909090909091,0.636363636364,0.272727272727,-2,-0.0181818181818,0.0702479338843,-0.363636363636,-0.2,-0.25,-0.268912750482,-0.030542951148,-0.0181818181818,-0.243332138505,-0.0773405703161,-0.0434343434343,-0.250469359339,-0.0345084801933,-0.0111111111111,0.0866354202056,0.0199894662943,0.329545454545,0.0702479338843,0.0866354202056,0.329545454545,-0.132380952381,-0.133333333333,-4,-0.0242424242424,-0.0344444444444,0,0,0,18,0,2,90,0.9,1,0,0.1,1,0.9,0.947368421053,0.938314863257,0.9,0.9,5,7,0,0,0,0
734,WLNM_dir_neg,0.867346938776,0.570932539683,00:00:02,10,20,32,1172860581,threshold_sweep,0.5,1,0.714285714286,0.833333333333,5,0,2,14,0.714285714286,1,0,0.285714285714,1,0.714285714286,0.833333333333,0.904761904762,0.587301587302,0.769230769231,0.790569415042,0.714285714286,20,13,7,0,20,0,13,0,7,11,20,0.181818181818,3.04338842975,3.63636363636,2,2.5,1.68954001271,0.464623503495,0.245454545455,1.16774841624,0.642261628933,0.336363636364,1.94000937205,1.06700515463,0.536363636364,1.05689877454,0.347276990411,3.54545454545,3.04338842975,1.05689877454,3.54545454545,0.499047619048,0.4,8,0.0484848484848,0.255555555556,11,11,11,1,0,0.0909090909091,0.636363636364,0.272727272727,11,0.118181818182,3.72727272727,2.36363636364,1.3,1.625,1.43336856898,0.6064251638,0.286713286713,0.603022689156,0.510249967747,0.237762237762,1.40129809949,1.18571377649,0.503496503497,2.05382127221,0.551025219373,7,3.72727272727,2.05382127221,7,0,0,0,0,0.22962962963,11,11,11,1,0,0.0909090909091,0.636363636364,0.272727272727,11,18,0.163636363636,3.11363636364,3.27272727273,1.8,2.25,1.42062726223,0.434080552347,0.227272727273,0.924416277737,0.564921058617,0.292929292929,1.68954001271,1.03249667443,0.525252525253,1.14353419474,0.367266456706,3.875,3.11363636364,1.14353419474,3.875,0.366666666667,0.266666666667,4,0.0242424242424,0.221111111111,11,11,11,1,0,0.0909090909091,0.636363636364,0.272727272727,-2,-0.0181818181818,0.0702479338843,-0.363636363636,-0.2,-0.25,-0.268912750482,-0.030542951148,-0.0181818181818,-0.243332138505,-0.0773405703161,-0.0434343434343,-0.250469359339,-0.0345084801933,-0.0111111111111,0.0866354202056,0.0199894662943,0.329545454545,0.0702479338843,0.0866354202056,0.329545454545,-0.132380952381,-0.133333333333,-4,-0.0242424242424,-0.0344444444444,0,0,0,18,0,2,90,0.9,1,0,0.1,1,0.9,0.947368421053,0.938314863257,0.9,0.9,5,7,0,0,0,0
735,WLNM_dir_neg,0.867346938776,0.570932539683,00:00:02,10,20,32,1172860581,threshold_sweep,0.6,1,0.714285714286,0.833333333333,5,0,2,14,0.714285714286,1,0,0.285714285714,1,0.714285714286,0.833333333333,0.904761904762,0.587301587302,0.769230769231,0.790569415042,0.714285714286,20,13,7,0,20,0,13,0,7,11,20,0.181818181818,3.04338842975,3.63636363636,2,2.5,1.68954001271,0.464623503495,0.245454545455,1.16774841624,0.642261628933,0.336363636364,1.94000937205,1.06700515463,0.536363636364,1.05689877454,0.347276990411,3.54545454545,3.04338842975,1.05689877454,3.54545454545,0.499047619048,0.4,8,0.0484848484848,0.255555555556,11,11,11,1,0,0.0909090909091,0.636363636364,0.272727272727,11,0.118181818182,3.72727272727,2.36363636364,1.3,1.625,1.43336856898,0.6064251638,0.286713286713,0.603022689156,0.510249967747,0.237762237762,1.40129809949,1.18571377649,0.503496503497,2.05382127221,0.551025219373,7,3.72727272727,2.05382127221,7,0,0,0,0,0.22962962963,11,11,11,1,0,0.0909090909091,0.636363636364,0.272727272727,11,18,0.163636363636,3.11363636364,3.27272727273,1.8,2.25,1.42062726223,0.434080552347,0.227272727273,0.924416277737,0.564921058617,0.292929292929,1.68954001271,1.03249667443,0.525252525253,1.14353419474,0.367266456706,3.875,3.11363636364,1.14353419474,3.875,0.366666666667,0.266666666667,4,0.0242424242424,0.221111111111,11,11,11,1,0,0.0909090909091,0.636363636364,0.272727272727,-2,-0.0181818181818,0.0702479338843,-0.363636363636,-0.2,-0.25,-0.268912750482,-0.030542951148,-0.0181818181818,-0.243332138505,-0.0773405703161,-0.0434343434343,-0.250469359339,-0.0345084801933,-0.0111111111111,0.0866354202056,0.0199894662943,0.329545454545,0.0702479338843,0.0866354202056,0.329545454545,-0.132380952381,-0.133333333333,-4,-0.0242424242424,-0.0344444444444,0,0,0,18,0,2,90,0.9,1,0,0.1,1,0.9,0.947368421053,0.938314863257,0.9,0.9,5,7,0,0,0,0
736,WLNM_dir_neg,0.867346938776,0.570932539683,00:00:02,10,20,32,1172860581,threshold_sweep,0.7,1,0.714285714286,0.833333333333,5,0,2,14,0.714285714286,1,0,0.285714285714,1,0.714285714286,0.833333333333,0.904761904762,0.587301587302,0.769230769231,0.790569415042,0.714285714286,20,13,7,0,20,0,13,0,7,11,20,0.181818181818,3.04338842975,3.63636363636,2,2.5,1.68954001271,0.464623503495,0.245454545455,1.16774841624,0.642261628933,0.336363636364,1.94000937205,1.06700515463,0.536363636364,1.05689877454,0.347276990411,3.54545454545,3.04338842975,1.05689877454,3.54545454545,0.499047619048,0.4,8,0.0484848484848,0.255555555556,11,11,11,1,0,0.0909090909091,0.636363636364,0.272727272727,11,0.118181818182,3.72727272727,2.36363636364,1.3,1.625,1.43336856898,0.6064251638,0.286713286713,0.603022689156,0.510249967747,0.237762237762,1.40129809949,1.18571377649,0.503496503497,2.05382127221,0.551025219373,7,3.72727272727,2.05382127221,7,0,0,0,0,0.22962962963,11,11,11,1,0,0.0909090909091,0.636363636364,0.272727272727,11,18,0.163636363636,3.11363636364,3.27272727273,1.8,2.25,1.42062726223,0.434080552347,0.227272727273,0.924416277737,0.564921058617,0.292929292929,1.68954001271,1.03249667443,0.525252525253,1.14353419474,0.367266456706,3.875,3.11363636364,1.14353419474,3.875,0.366666666667,0.266666666667,4,0.0242424242424,0.221111111111,11,11,11,1,0,0.0909090909091,0.636363636364,0.272727272727,-2,-0.0181818181818,0.0702479338843,-0.363636363636,-0.2,-0.25,-0.268912750482,-0.030542951148,-0.0181818181818,-0.243332138505,-0.0773405703161,-0.0434343434343,-0.250469359339,-0.0345084801933,-0.0111111111111,0.0866354202056,0.0199894662943,0.329545454545,0.0702479338843,0.0866354202056,0.329545454545,-0.132380952381,-0.133333333333,-4,-0.0242424242424,-0.0344444444444,0,0,0,18,0,2,90,0.9,1,0,0.1,1,0.9,0.947368421053,0.938314863257,0.9,0.9,5,7,0,0,0,0
737,WLNM_dir_neg,0.867346938776,0.570932539683,00:00:02,10,20,32,1172860581,threshold_sweep,0.8,1,0.714285714286,0.833333333333,5,0,2,14,0.714285714286,1,0,0.285714285714,1,0.714285714286,0.833333333333,0.904761904762,0.587301587302,0.769230769231,0.790569415042,0.714285714286,20,13,7,0,20,0,13,0,7,11,20,0.181818181818,3.04338842975,3.63636363636,2,2.5,1.68954001271,0.464623503495,0.245454545455,1.16774841624,0.642261628933,0.336363636364,1.94000937205,1.06700515463,0.536363636364,1.05689877454,0.347276990411,3.54545454545,3.04338842975,1.05689877454,3.54545454545,0.499047619048,0.4,8,0.0484848484848,0.255555555556,11,11,11,1,0,0.0909090909091,0.636363636364,0.272727272727,11,0.118181818182,3.72727272727,2.36363636364,1.3,1.625,1.43336856898,0.6064251638,0.286713286713,0.603022689156,0.510249967747,0.237762237762,1.40129809949,1.18571377649,0.503496503497,2.05382127221,0.551025219373,7,3.72727272727,2.05382127221,7,0,0,0,0,0.22962962963,11,11,11,1,0,0.0909090909091,0.636363636364,0.272727272727,11,18,0.163636363636,3.11363636364,3.27272727273,1.8,2.25,1.42062726223,0.434080552347,0.227272727273,0.924416277737,0.564921058617,0.292929292929,1.68954001271,1.03249667443,0.525252525253,1.14353419474,0.367266456706,3.875,3.11363636364,1.14353419474,3.875,0.366666666667,0.266666666667,4,0.0242424242424,0.221111111111,11,11,11,1,0,0.0909090909091,0.636363636364,0.272727272727,-2,-0.0181818181818,0.0702479338843,-0.363636363636,-0.2,-0.25,-0.268912750482,-0.030542951148,-0.0181818181818,-0.243332138505,-0.0773405703161,-0.0434343434343,-0.250469359339,-0.0345084801933,-0.0111111111111,0.0866354202056,0.0199894662943,0.329545454545,0.0702479338843,0.0866354202056,0.329545454545,-0.132380952381,-0.133333333333,-4,-0.0242424242424,-0.0344444444444,0,0,0,18,0,2,90,0.9,1,0,0.1,1,0.9,0.947368421053,0.938314863257,0.9,0.9,5,7,0,0,0,0
738,WLNM_dir_neg,0.867346938776,0.570932539683,00:00:02,10,20,32,1172860581,threshold_sweep,0.9,1,0.714285714286,0.833333333333,5,0,2,14,0.714285714286,1,0,0.285714285714,1,0.714285714286,0.833333333333,0.904761904762,0.587301587302,0.769230769231,0.790569415042,0.714285714286,20,13,7,0,20,0,13,0,7,11,20,0.181818181818,3.04338842975,3.63636363636,2,2.5,1.68954001271,0.464623503495,0.245454545455,1.16774841624,0.642261628933,0.336363636364,1.94000937205,1.06700515463,0.536363636364,1.05689877454,0.347276990411,3.54545454545,3.04338842975,1.05689877454,3.54545454545,0.499047619048,0.4,8,0.0484848484848,0.255555555556,11,11,11,1,0,0.0909090909091,0.636363636364,0.272727272727,11,0.118181818182,3.72727272727,2.36363636364,1.3,1.625,1.43336856898,0.6064251638,0.286713286713,0.603022689156,0.510249967747,0.237762237762,1.40129809949,1.18571377649,0.503496503497,2.05382127221,0.551025219373,7,3.72727272727,2.05382127221,7,0,0,0,0,0.22962962963,11,11,11,1,0,0.0909090909091,0.636363636364,0.272727272727,11,18,0.163636363636,3.11363636364,3.27272727273,1.8,2.25,1.42062726223,0.434080552347,0.227272727273,0.924416277737,0.564921058617,0.292929292929,1.68954001271,1.03249667443,0.525252525253,1.14353419474,0.367266456706,3.875,3.11363636364,1.14353419474,3.875,0.366666666667,0.266666666667,4,0.0242424242424,0.221111111111,11,11,11,1,0,0.0909090909091,0.636363636364,0.272727272727,-2,-0.0181818181818,0.0702479338843,-0.363636363636,-0.2,-0.25,-0.268912750482,-0.030542951148,-0.0181818181818,-0.243332138505,-0.0773405703161,-0.0434343434343,-0.250469359339,-0.0345084801933,-0.0111111111111,0.0866354202056,0.0199894662943,0.329545454545,0.0702479338843,0.0866354202056,0.329545454545,-0.132380952381,-0.133333333333,-4,-0.0242424242424,-0.0344444444444,0,0,0,18,0,2,90,0.9,1,0,0.1,1,0.9,0.947368421053,0.938314863257,0.9,0.9,5,7,0,0,0,0
739,WLNM_dir_neg,0.857142857143,0.702838827839,00:00:02,10,20,33,1172860582,threshold_sweep,0.1,1,0.714285714286,0.833333333333,5,0,2,14,0.714285714286,1,0,0.285714285714,1,0.714285714286,0.833333333333,0.904761904762,0.587301587302,0.769230769231,0.790569415042,0.714285714286,20,13,7,0,20,0,13,0,7,11,20,0.181818181818,3.04338842975,3.63636363636,2,2.5,1.68954001271,0.464623503495,0.245454545455,1.16774841624,0.642261628933,0.336363636364,1.94000937205,1.06700515463,0.536363636364,1.05689877454,0.347276990411,3.54545454545,3.04338842975,1.05689877454,3.54545454545,0.499047619048,0.4,8,0.0484848484848,0.255555555556,11,11,11,1,0,0.0909090909091,0.636363636364,0.272727272727,11,0.118181818182,3.72727272727,2.36363636364,1.3,1.625,1.43336856898,0.6064251638,0.286713286713,0.603022689156,0.510249967747,0.237762237762,1.40129809949,1.18571377649,0.503496503497,2.05382127221,0.551025219373,7,3.72727272727,2.05382127221,7,0,0,0,0,0.22962962963,11,11,11,1,0,0.0909090909091,0.636363636364,0.272727272727,11,18,0.163636363636,3.11363636364,3.27272727273,1.8,2.25,1.42062726223,0.434080552347,0.227272727273,0.924416277737,0.564921058617,0.292929292929,1.68954001271,1.03249667443,0.525252525253,1.14353419474,0.367266456706,3.875,3.11363636364,1.14353419474,3.875,0.366666666667,0.266666666667,4,0.0242424242424,0.221111111111,11,11,11,1,0,0.0909090909091,0.636363636364,0.272727272727,-2,-0.0181818181818,0.0702479338843,-0.363636363636,-0.2,-0.25,-0.268912750482,-0.030542951148,-0.0181818181818,-0.243332138505,-0.0773405703161,-0.0434343434343,-0.250469359339,-0.0345084801933,-0.0111111111111,0.0866354202056,0.0199894662943,0.329545454545,0.0702479338843,0.0866354202056,0.329545454545,-0.132380952381,-0.133333333333,-4,-0.0242424242424,-0.0344444444444,0,0,0,18,0,2,90,0.9,1,0,0.1,1,0.9,0.947368421053,0.938314863257,0.9,0.9,5,7,0,0,0,0
740,WLNM_dir_neg,0.857142857143,0.702838827839,00:00:02,10,20,33,1172860582,threshold_sweep,0.2,1,0.714285714286,0.833333333333,5,0,2,14,0.714285714286,1,0,0.285714285714,1,0.714285714286,0.833333333333,0.904761904762,0.587301587302,0.769230769231,0.790569415042,0.714285714286,20,13,7,0,20,0,13,0,7,11,20,0.181818181818,3.04338842975,3.63636363636,2,2.5,1.68954001271,0.464623503495,0.245454545455,1.16774841624,0.642261628933,0.336363636364,1.94000937205,1.06700515463,0.536363636364,1.05689877454,0.347276990411,3.54545454545,3.04338842975,1.05689877454,3.54545454545,0.499047619048,0.4,8,0.0484848484848,0.255555555556,11,11,11,1,0,0.0909090909091,0.636363636364,0.272727272727,11,0.118181818182,3.72727272727,2.36363636364,1.3,1.625,1.43336856898,0.6064251638,0.286713286713,0.603022689156,0.510249967747,0.237762237762,1.40129809949,1.18571377649,0.503496503497,2.05382127221,0.551025219373,7,3.72727272727,2.05382127221,7,0,0,0,0,0.22962962963,11,11,11,1,0,0.0909090909091,0.636363636364,0.272727272727,11,18,0.163636363636,3.11363636364,3.27272727273,1.8,2.25,1.42062726223,0.434080552347,0.227272727273,0.924416277737,0.564921058617,0.292929292929,1.68954001271,1.03249667443,0.525252525253,1.14353419474,0.367266456706,3.875,3.11363636364,1.14353419474,3.875,0.366666666667,0.266666666667,4,0.0242424242424,0.221111111111,11,11,11,1,0,0.0909090909091,0.636363636364,0.272727272727,-2,-0.0181818181818,0.0702479338843,-0.363636363636,-0.2,-0.25,-0.268912750482,-0.030542951148,-0.0181818181818,-0.243332138505,-0.0773405703161,-0.0434343434343,-0.250469359339,-0.0345084801933,-0.0111111111111,0.0866354202056,0.0199894662943,0.329545454545,0.0702479338843,0.0866354202056,0.329545454545,-0.132380952381,-0.133333333333,-4,-0.0242424242424,-0.0344444444444,0,0,0,18,0,2,90,0.9,1,0,0.1,1,0.9,0.947368421053,0.938314863257,0.9,0.9,5,7,0,0,0,0
741,WLNM_dir_neg,0.857142857143,0.702838827839,00:00:02,10,20,33,1172860582,threshold_sweep,0.3,1,0.714285714286,0.833333333333,5,0,2,14,0.714285714286,1,0,0.285714285714,1,0.714285714286,0.833333333333,0.904761904762,0.587301587302,0.769230769231,0.790569415042,0.714285714286,20,13,7,0,20,0,13,0,7,11,20,0.181818181818,3.04338842975,3.63636363636,2,2.5,1.68954001271,0.464623503495,0.245454545455,1.16774841624,0.642261628933,0.336363636364,1.94000937205,1.06700515463,0.536363636364,1.05689877454,0.347276990411,3.54545454545,3.04338842975,1.05689877454,3.54545454545,0.499047619048,0.4,8,0.0484848484848,0.255555555556,11,11,11,1,0,0.0909090909091,0.636363636364,0.272727272727,11,0.118181818182,3.72727272727,2.36363636364,1.3,1.625,1.43336856898,0.6064251638,0.286713286713,0.603022689156,0.510249967747,0.237762237762,1.40129809949,1.18571377649,0.503496503497,2.05382127221,0.551025219373,7,3.72727272727,2.05382127221,7,0,0,0,0,0.22962962963,11,11,11,1,0,0.0909090909091,0.636363636364,0.272727272727,11,18,0.163636363636,3.11363636364,3.27272727273,1.8,2.25,1.42062726223,0.434080552347,0.227272727273,0.924416277737,0.564921058617,0.292929292929,1.68954001271,1.03249667443,0.525252525253,1.14353419474,0.367266456706,3.875,3.11363636364,1.14353419474,3.875,0.366666666667,0.266666666667,4,0.0242424242424,0.221111111111,11,11,11,1,0,0.0909090909091,0.636363636364,0.272727272727,-2,-0.0181818181818,0.0702479338843,-0.363636363636,-0.2,-0.25,-0.268912750482,-0.030542951148,-0.0181818181818,-0.243332138505,-0.0773405703161,-0.0434343434343,-0.250469359339,-0.0345084801933,-0.0111111111111,0.0866354202056,0.0199894662943,0.329545454545,0.0702479338843,0.0866354202056,0.329545454545,-0.132380952381,-0.133333333333,-4,-0.0242424242424,-0.0344444444444,0,0,0,18,0,2,90,0.9,1,0,0.1,1,0.9,0.947368421053,0.938314863257,0.9,0.9,5,7,0,0,0,0
742,WLNM_dir_neg,0.857142857143,0.702838827839,00:00:02,10,20,33,1172860582,threshold_sweep,0.4,1,0.714285714286,0.833333333333,5,0,2,14,0.714285714286,1,0,0.285714285714,1,0.714285714286,0.833333333333,0.904761904762,0.587301587302,0.769230769231,0.790569415042,0.714285714286,20,13,7,0,20,0,13,0,7,11,20,0.181818181818,3.04338842975,3.63636363636,2,2.5,1.68954001271,0.464623503495,0.245454545455,1.16774841624,0.642261628933,0.336363636364,1.94000937205,1.06700515463,0.536363636364,1.05689877454,0.347276990411,3.54545454545,3.04338842975,1.05689877454,3.54545454545,0.499047619048,0.4,8,0.0484848484848,0.255555555556,11,11,11,1,0,0.0909090909091,0.636363636364,0.272727272727,11,0.118181818182,3.72727272727,2.36363636364,1.3,1.625,1.43336856898,0.6064251638,0.286713286713,0.603022689156,0.510249967747,0.237762237762,1.40129809949,1.18571377649,0.503496503497,2.05382127221,0.551025219373,7,3.72727272727,2.05382127221,7,0,0,0,0,0.22962962963,11,11,11,1,0,0.0909090909091,0.636363636364,0.272727272727,11,18,0.163636363636,3.11363636364,3.27272727273,1.8,2.25,1.42062726223,0.434080552347,0.227272727273,0.924416277737,0.564921058617,0.292929292929,1.68954001271,1.03249667443,0.525252525253,1.14353419474,0.367266456706,3.875,3.11363636364,1.14353419474,3.875,0.366666666667,0.266666666667,4,0.0242424242424,0.221111111111,11,11,11,1,0,0.0909090909091,0.636363636364,0.272727272727,-2,-0.0181818181818,0.0702479338843,-0.363636363636,-0.2,-0.25,-0.268912750482,-0.030542951148,-0.0181818181818,-0.243332138505,-0.0773405703161,-0.0434343434343,-0.250469359339,-0.0345084801933,-0.0111111111111,0.0866354202056,0.0199894662943,0.329545454545,0.0702479338843,0.0866354202056,0.329545454545,-0.132380952381,-0.133333333333,-4,-0.0242424242424,-0.0344444444444,0,0,0,18,0,2,90,0.9,1,0,0.1,1,0.9,0.947368421053,0.938314863257,0.9,0.9,5,7,0,0,0,0
743,WLNM_dir_neg,0.857142857143,0.702838827839,00:00:02,10,20,33,1172860582,threshold_sweep,0.5,1,0.714285714286,0.833333333333,5,0,2,14,0.714285714286,1,0,0.285714285714,1,0.714285714286,0.833333333333,0.904761904762,0.587301587302,0.769230769231,0.790569415042,0.714285714286,20,13,7,0,20,0,13,0,7,11,20,0.181818181818,3.04338842975,3.63636363636,2,2.5,1.68954001271,0.464623503495,0.245454545455,1.16774841624,0.642261628933,0.336363636364,1.94000937205,1.06700515463,0.536363636364,1.05689877454,0.347276990411,3.54545454545,3.04338842975,1.05689877454,3.54545454545,0.499047619048,0.4,8,0.0484848484848,0.255555555556,11,11,11,1,0,0.0909090909091,0.636363636364,0.272727272727,11,0.118181818182,3.72727272727,2.36363636364,1.3,1.625,1.43336856898,0.6064251638,0.286713286713,0.603022689156,0.510249967747,0.237762237762,1.40129809949,1.18571377649,0.503496503497,2.05382127221,0.551025219373,7,3.72727272727,2.05382127221,7,0,0,0,0,0.22962962963,11,11,11,1,0,0.0909090909091,0.636363636364,0.272727272727,11,18,0.163636363636,3.11363636364,3.27272727273,1.8,2.25,1.42062726223,0.434080552347,0.227272727273,0.924416277737,0.564921058617,0.292929292929,1.68954001271,1.03249667443,0.525252525253,1.14353419474,0.367266456706,3.875,3.11363636364,1.14353419474,3.875,0.366666666667,0.266666666667,4,0.0242424242424,0.221111111111,11,11,11,1,0,0.0909090909091,0.636363636364,0.272727272727,-2,-0.0181818181818,0.0702479338843,-0.363636363636,-0.2,-0.25,-0.268912750482,-0.030542951148,-0.0181818181818,-0.243332138505,-0.0773405703161,-0.0434343434343,-0.250469359339,-0.0345084801933,-0.0111111111111,0.0866354202056,0.0199894662943,0.329545454545,0.0702479338843,0.0866354202056,0.329545454545,-0.132380952381,-0.133333333333,-4,-0.0242424242424,-0.0344444444444,0,0,0,18,0,2,90,0.9,1,0,0.1,1,0.9,0.947368421053,0.938314863257,0.9,0.9,5,7,0,0,0,0
744,WLNM_dir_neg,0.857142857143,0.702838827839,00:00:02,10,20,33,1172860582,threshold_sweep,0.6,1,0.714285714286,0.833333333333,5,0,2,14,0.714285714286,1,0,0.285714285714,1,0.714285714286,0.833333333333,0.904761904762,0.587301587302,0.769230769231,0.790569415042,0.714285714286,20,13,7,0,20,0,13,0,7,11,20,0.181818181818,3.04338842975,3.63636363636,2,2.5,1.68954001271,0.464623503495,0.245454545455,1.16774841624,0.642261628933,0.336363636364,1.94000937205,1.06700515463,0.536363636364,1.05689877454,0.347276990411,3.54545454545,3.04338842975,1.05689877454,3.54545454545,0.499047619048,0.4,8,0.0484848484848,0.255555555556,11,11,11,1,0,0.0909090909091,0.636363636364,0.272727272727,11,0.118181818182,3.72727272727,2.36363636364,1.3,1.625,1.43336856898,0.6064251638,0.286713286713,0.603022689156,0.510249967747,0.237762237762,1.40129809949,1.18571377649,0.503496503497,2.05382127221,0.551025219373,7,3.72727272727,2.05382127221,7,0,0,0,0,0.22962962963,11,11,11,1,0,0.0909090909091,0.636363636364,0.272727272727,11,18,0.163636363636,3.11363636364,3.27272727273,1.8,2.25,1.42062726223,0.434080552347,0.227272727273,0.924416277737,0.564921058617,0.292929292929,1.68954001271,1.03249667443,0.525252525253,1.14353419474,0.367266456706,3.875,3.11363636364,1.14353419474,3.875,0.366666666667,0.266666666667,4,0.0242424242424,0.221111111111,11,11,11,1,0,0.0909090909091,0.636363636364,0.272727272727,-2,-0.0181818181818,0.0702479338843,-0.363636363636,-0.2,-0.25,-0.268912750482,-0.030542951148,-0.0181818181818,-0.243332138505,-0.0773405703161,-0.0434343434343,-0.250469359339,-0.0345084801933,-0.0111111111111,0.0866354202056,0.0199894662943,0.329545454545,0.0702479338843,0.0866354202056,0.329545454545,-0.132380952381,-0.133333333333,-4,-0.0242424242424,-0.0344444444444,0,0,0,18,0,2,90,0.9,1,0,0.1,1,0.9,0.947368421053,0.938314863257,0.9,0.9,5,7,0,0,0,0
745,WLNM_dir_neg,0.857142857143,0.702838827839,00:00:02,10,20,33,1172860582,threshold_sweep,0.7,1,0.714285714286,0.833333333333,5,0,2,14,0.714285714286,1,0,0.285714285714,1,0.714285714286,0.833333333333,0.904761904762,0.587301587302,0.769230769231,0.790569415042,0.714285714286,20,13,7,0,20,0,13,0,7,11,20,0.181818181818,3.04338842975,3.63636363636,2,2.5,1.68954001271,0.464623503495,0.245454545455,1.16774841624,0.642261628933,0.336363636364,1.94000937205,1.06700515463,0.536363636364,1.05689877454,0.347276990411,3.54545454545,3.04338842975,1.05689877454,3.54545454545,0.499047619048,0.4,8,0.0484848484848,0.255555555556,11,11,11,1,0,0.0909090909091,0.636363636364,0.272727272727,11,0.118181818182,3.72727272727,2.36363636364,1.3,1.625,1.43336856898,0.6064251638,0.286713286713,0.603022689156,0.510249967747,0.237762237762,1.40129809949,1.18571377649,0.503496503497,2.05382127221,0.551025219373,7,3.72727272727,2.05382127221,7,0,0,0,0,0.22962962963,11,11,11,1,0,0.0909090909091,0.636363636364,0.272727272727,11,18,0.163636363636,3.11363636364,3.27272727273,1.8,2.25,1.42062726223,0.434080552347,0.227272727273,0.924416277737,0.564921058617,0.292929292929,1.68954001271,1.03249667443,0.525252525253,1.14353419474,0.367266456706,3.875,3.11363636364,1.14353419474,3.875,0.366666666667,0.266666666667,4,0.0242424242424,0.221111111111,11,11,11,1,0,0.0909090909091,0.636363636364,0.272727272727,-2,-0.0181818181818,0.0702479338843,-0.363636363636,-0.2,-0.25,-0.268912750482,-0.030542951148,-0.0181818181818,-0.243332138505,-0.0773405703161,-0.0434343434343,-0.250469359339,-0.0345084801933,-0.0111111111111,0.0866354202056,0.0199894662943,0.329545454545,0.0702479338843,0.0866354202056,0.329545454545,-0.132380952381,-0.133333333333,-4,-0.0242424242424,-0.0344444444444,0,0,0,18,0,2,90,0.9,1,0,0.1,1,0.9,0.947368421053,0.938314863257,0.9,0.9,5,7,0,0,0,0
746,WLNM_dir_neg,0.857142857143,0.702838827839,00:00:02,10,20,33,1172860582,threshold_sweep,0.8,1,0.714285714286,0.833333333333,5,0,2,14,0.714285714286,1,0,0.285714285714,1,0.714285714286,0.833333333333,0.904761904762,0.587301587302,0.769230769231,0.790569415042,0.714285714286,20,13,7,0,20,0,13,0,7,11,20,0.181818181818,3.04338842975,3.63636363636,2,2.5,1.68954001271,0.464623503495,0.245454545455,1.16774841624,0.642261628933,0.336363636364,1.94000937205,1.06700515463,0.536363636364,1.05689877454,0.347276990411,3.54545454545,3.04338842975,1.05689877454,3.54545454545,0.499047619048,0.4,8,0.0484848484848,0.255555555556,11,11,11,1,0,0.0909090909091,0.636363636364,0.272727272727,11,0.118181818182,3.72727272727,2.36363636364,1.3,1.625,1.43336856898,0.6064251638,0.286713286713,0.603022689156,0.510249967747,0.237762237762,1.40129809949,1.18571377649,0.503496503497,2.05382127221,0.551025219373,7,3.72727272727,2.05382127221,7,0,0,0,0,0.22962962963,11,11,11,1,0,0.0909090909091,0.636363636364,0.272727272727,11,18,0.163636363636,3.11363636364,3.27272727273,1.8,2.25,1.42062726223,0.434080552347,0.227272727273,0.924416277737,0.564921058617,0.292929292929,1.68954001271,1.03249667443,0.525252525253,1.14353419474,0.367266456706,3.875,3.11363636364,1.14353419474,3.875,0.366666666667,0.266666666667,4,0.0242424242424,0.221111111111,11,11,11,1,0,0.0909090909091,0.636363636364,0.272727272727,-2,-0.0181818181818,0.0702479338843,-0.363636363636,-0.2,-0.25,-0.268912750482,-0.030542951148,-0.0181818181818,-0.243332138505,-0.0773405703161,-0.0434343434343,-0.250469359339,-0.0345084801933,-0.0111111111111,0.0866354202056,0.0199894662943,0.329545454545,0.0702479338843,0.0866354202056,0.329545454545,-0.132380952381,-0.133333333333,-4,-0.0242424242424,-0.0344444444444,0,0,0,18,0,2,90,0.9,1,0,0.1,1,0.9,0.947368421053,0.938314863257,0.9,0.9,5,7,0,0,0,0
747,WLNM_dir_neg,0.857142857143,0.702838827839,00:00:02,10,20,33,1172860582,threshold_sweep,0.9,1,0.714285714286,0.833333333333,5,0,2,14,0.714285714286,1,0,0.285714285714,1,0.714285714286,0.833333333333,0.904761904762,0.587301587302,0.769230769231,0.790569415042,0.714285714286,20,13,7,0,20,0,13,0,7,11,20,0.181818181818,3.04338842975,3.63636363636,2,2.5,1.68954001271,0.464623503495,0.245454545455,1.16774841624,0.642261628933,0.336363636364,1.94000937205,1.06700515463,0.536363636364,1.05689877454,0.347276990411,3.54545454545,3.04338842975,1.05689877454,3.54545454545,0.499047619048,0.4,8,0.0484848484848,0.255555555556,11,11,11,1,0,0.0909090909091,0.636363636364,0.272727272727,11,0.118181818182,3.72727272727,2.36363636364,1.3,1.625,1.43336856898,0.6064251638,0.286713286713,0.603022689156,0.510249967747,0.237762237762,1.40129809949,1.18571377649,0.503496503497,2.05382127221,0.551025219373,7,3.72727272727,2.05382127221,7,0,0,0,0,0.22962962963,11,11,11,1,0,0.0909090909091,0.636363636364,0.272727272727,11,18,0.163636363636,3.11363636364,3.27272727273,1.8,2.25,1.42062726223,0.434080552347,0.227272727273,0.924416277737,0.564921058617,0.292929292929,1.68954001271,1.03249667443,0.525252525253,1.14353419474,0.367266456706,3.875,3.11363636364,1.14353419474,3.875,0.366666666667,0.266666666667,4,0.0242424242424,0.221111111111,11,11,11,1,0,0.0909090909091,0.636363636364,0.272727272727,-2,-0.0181818181818,0.0702479338843,-0.363636363636,-0.2,-0.25,-0.268912750482,-0.030542951148,-0.0181818181818,-0.243332138505,-0.0773405703161,-0.0434343434343,-0.250469359339,-0.0345084801933,-0.0111111111111,0.0866354202056,0.0199894662943,0.329545454545,0.0702479338843,0.0866354202056,0.329545454545,-0.132380952381,-0.133333333333,-4,-0.0242424242424,-0.0344444444444,0,0,0,18,0,2,90,0.9,1,0,0.1,1,0.9,0.947368421053,0.938314863257,0.9,0.9,5,7,0,0,0,0
748,WLNM_dir_neg,0.857142857143,0.559981684982,00:00:01,10,20,34,1172860583,threshold_sweep,0.1,1,0.714285714286,0.833333333333,5,0,2,14,0.714285714286,1,0,0.285714285714,1,0.714285714286,0.833333333333,0.904761904762,0.587301587302,0.769230769231,0.790569415042,0.714285714286,20,13,7,0,20,0,13,0,7,11,20,0.181818181818,3.04338842975,3.63636363636,2,2.5,1.68954001271,0.464623503495,0.245454545455,1.16774841624,0.642261628933,0.336363636364,1.94000937205,1.06700515463,0.536363636364,1.05689877454,0.347276990411,3.54545454545,3.04338842975,1.05689877454,3.54545454545,0.499047619048,0.4,8,0.0484848484848,0.255555555556,11,11,11,1,0,0.0909090909091,0.636363636364,0.272727272727,11,0.118181818182,3.72727272727,2.36363636364,1.3,1.625,1.43336856898,0.6064251638,0.286713286713,0.603022689156,0.510249967747,0.237762237762,1.40129809949,1.18571377649,0.503496503497,2.05382127221,0.551025219373,7,3.72727272727,2.05382127221,7,0,0,0,0,0.22962962963,11,11,11,1,0,0.0909090909091,0.636363636364,0.272727272727,11,18,0.163636363636,3.11363636364,3.27272727273,1.8,2.25,1.42062726223,0.434080552347,0.227272727273,0.924416277737,0.564921058617,0.292929292929,1.68954001271,1.03249667443,0.525252525253,1.14353419474,0.367266456706,3.875,3.11363636364,1.14353419474,3.875,0.366666666667,0.266666666667,4,0.0242424242424,0.221111111111,11,11,11,1,0,0.0909090909091,0.636363636364,0.272727272727,-2,-0.0181818181818,0.0702479338843,-0.363636363636,-0.2,-0.25,-0.268912750482,-0.030542951148,-0.0181818181818,-0.243332138505,-0.0773405703161,-0.0434343434343,-0.250469359339,-0.0345084801933,-0.0111111111111,0.0866354202056,0.0199894662943,0.329545454545,0.0702479338843,0.0866354202056,0.329545454545,-0.132380952381,-0.133333333333,-4,-0.0242424242424,-0.0344444444444,0,0,0,18,0,2,90,0.9,1,0,0.1,1,0.9,0.947368421053,0.938314863257,0.9,0.9,5,7,0,0,0,0
749,WLNM_dir_neg,0.857142857143,0.559981684982,00:00:01,10,20,34,1172860583,threshold_sweep,0.2,1,0.714285714286,0.833333333333,5,0,2,14,0.714285714286,1,0,0.285714285714,1,0.714285714286,0.833333333333,0.904761904762,0.587301587302,0.769230769231,0.790569415042,0.714285714286,20,13,7,0,20,0,13,0,7,11,20,0.181818181818,3.04338842975,3.63636363636,2,2.5,1.68954001271,0.464623503495,0.245454545455,1.16774841624,0.642261628933,0.336363636364,1.94000937205,1.06700515463,0.536363636364,1.05689877454,0.347276990411,3.54545454545,3.04338842975,1.05689877454,3.54545454545,0.499047619048,0.4,8,0.0484848484848,0.255555555556,11,11,11,1,0,0.0909090909091,0.636363636364,0.272727272727,11,0.118181818182,3.72727272727,2.36363636364,1.3,1.625,1.43336856898,0.6064251638,0.286713286713,0.603022689156,0.510249967747,0.237762237762,1.40129809949,1.18571377649,0.503496503497,2.05382127221,0.551025219373,7,3.72727272727,2.05382127221,7,0,0,0,0,0.22962962963,11,11,11,1,0,0.0909090909091,0.636363636364,0.272727272727,11,18,0.163636363636,3.11363636364,3.27272727273,1.8,2.25,1.42062726223,0.434080552347,0.227272727273,0.924416277737,0.564921058617,0.292929292929,1.68954001271,1.03249667443,0.525252525253,1.14353419474,0.367266456706,3.875,3.11363636364,1.14353419474,3.875,0.366666666667,0.266666666667,4,0.0242424242424,0.221111111111,11,11,11,1,0,0.0909090909091,0.636363636364,0.272727272727,-2,-0.0181818181818,0.0702479338843,-0.363636363636,-0.2,-0.25,-0.268912750482,-0.030542951148,-0.0181818181818,-0.243332138505,-0.0773405703161,-0.0434343434343,-0.250469359339,-0.0345084801933,-0.0111111111111,0.0866354202056,0.0199894662943,0.329545454545,0.0702479338843,0.0866354202056,0.329545454545,-0.132380952381,-0.133333333333,-4,-0.0242424242424,-0.0344444444444,0,0,0,18,0,2,90,0.9,1,0,0.1,1,0.9,0.947368421053,0.938314863257,0.9,0.9,5,7,0,0,0,0
750,WLNM_dir_neg,0.857142857143,0.559981684982,00:00:01,10,20,34,1172860583,threshold_sweep,0.3,1,0.714285714286,0.833333333333,5,0,2,14,0.714285714286,1,0,0.285714285714,1,0.714285714286,0.833333333333,0.904761904762,0.587301587302,0.769230769231,0.790569415042,0.714285714286,20,13,7,0,20,0,13,0,7,11,20,0.181818181818,3.04338842975,3.63636363636,2,2.5,1.68954001271,0.464623503495,0.245454545455,1.16774841624,0.642261628933,0.336363636364,1.94000937205,1.06700515463,0.536363636364,1.05689877454,0.347276990411,3.54545454545,3.04338842975,1.05689877454,3.54545454545,0.499047619048,0.4,8,0.0484848484848,0.255555555556,11,11,11,1,0,0.0909090909091,0.636363636364,0.272727272727,11,0.118181818182,3.72727272727,2.36363636364,1.3,1.625,1.43336856898,0.6064251638,0.286713286713,0.603022689156,0.510249967747,0.237762237762,1.40129809949,1.18571377649,0.503496503497,2.05382127221,0.551025219373,7,3.72727272727,2.05382127221,7,0,0,0,0,0.22962962963,11,11,11,1,0,0.0909090909091,0.636363636364,0.272727272727,11,18,0.163636363636,3.11363636364,3.27272727273,1.8,2.25,1.42062726223,0.434080552347,0.227272727273,0.924416277737,0.564921058617,0.292929292929,1.68954001271,1.03249667443,0.525252525253,1.14353419474,0.367266456706,3.875,3.11363636364,1.14353419474,3.875,0.366666666667,0.266666666667,4,0.0242424242424,0.221111111111,11,11,11,1,0,0.0909090909091,0.636363636364,0.272727272727,-2,-0.0181818181818,0.0702479338843,-0.363636363636,-0.2,-0.25,-0.268912750482,-0.030542951148,-0.0181818181818,-0.243332138505,-0.0773405703161,-0.0434343434343,-0.250469359339,-0.0345084801933,-0.0111111111111,0.0866354202056,0.0199894662943,0.329545454545,0.0702479338843,0.0866354202056,0.329545454545,-0.132380952381,-0.133333333333,-4,-0.0242424242424,-0.0344444444444,0,0,0,18,0,2,90,0.9,1,0,0.1,1,0.9,0.947368421053,0.938314863257,0.9,0.9,5,7,0,0,0,0
751,WLNM_dir_neg,0.857142857143,0.559981684982,00:00:01,10,20,34,1172860583,threshold_sweep,0.4,1,0.714285714286,0.833333333333,5,0,2,14,0.714285714286,1,0,0.285714285714,1,0.714285714286,0.833333333333,0.904761904762,0.587301587302,0.769230769231,0.790569415042,0.714285714286,20,13,7,0,20,0,13,0,7,11,20,0.181818181818,3.04338842975,3.63636363636,2,2.5,1.68954001271,0.464623503495,0.245454545455,1.16774841624,0.642261628933,0.336363636364,1.94000937205,1.06700515463,0.536363636364,1.05689877454,0.347276990411,3.54545454545,3.04338842975,1.05689877454,3.54545454545,0.499047619048,0.4,8,0.0484848484848,0.255555555556,11,11,11,1,0,0.0909090909091,0.636363636364,0.272727272727,11,0.118181818182,3.72727272727,2.36363636364,1.3,1.625,1.43336856898,0.6064251638,0.286713286713,0.603022689156,0.510249967747,0.237762237762,1.40129809949,1.18571377649,0.503496503497,2.05382127221,0.551025219373,7,3.72727272727,2.05382127221,7,0,0,0,0,0.22962962963,11,11,11,1,0,0.0909090909091,0.636363636364,0.272727272727,11,18,0.163636363636,3.11363636364,3.27272727273,1.8,2.25,1.42062726223,0.434080552347,0.227272727273,0.924416277737,0.564921058617,0.292929292929,1.68954001271,1.03249667443,0.525252525253,1.14353419474,0.367266456706,3.875,3.11363636364,1.14353419474,3.875,0.366666666667,0.266666666667,4,0.0242424242424,0.221111111111,11,11,11,1,0,0.0909090909091,0.636363636364,0.272727272727,-2,-0.0181818181818,0.0702479338843,-0.363636363636,-0.2,-0.25,-0.268912750482,-0.030542951148,-0.0181818181818,-0.243332138505,-0.0773405703161,-0.0434343434343,-0.250469359339,-0.0345084801933,-0.0111111111111,0.0866354202056,0.0199894662943,0.329545454545,0.0702479338843,0.0866354202056,0.329545454545,-0.132380952381,-0.133333333333,-4,-0.0242424242424,-0.0344444444444,0,0,0,18,0,2,90,0.9,1,0,0.1,1,0.9,0.947368421053,0.938314863257,0.9,0.9,5,7,0,0,0,0
752,WLNM_dir_neg,0.857142857143,0.559981684982,00:00:01,10,20,34,1172860583,threshold_sweep,0.5,1,0.714285714286,0.833333333333,5,0,2,14,0.714285714286,1,0,0.285714285714,1,0.714285714286,0.833333333333,0.904761904762,0.587301587302,0.769230769231,0.790569415042,0.714285714286,20,13,7,0,20,0,13,0,7,11,20,0.181818181818,3.04338842975,3.63636363636,2,2.5,1.68954001271,0.464623503495,0.245454545455,1.16774841624,0.642261628933,0.336363636364,1.94000937205,1.06700515463,0.536363636364,1.05689877454,0.347276990411,3.54545454545,3.04338842975,1.05689877454,3.54545454545,0.499047619048,0.4,8,0.0484848484848,0.255555555556,11,11,11,1,0,0.0909090909091,0.636363636364,0.272727272727,11,0.118181818182,3.72727272727,2.36363636364,1.3,1.625,1.43336856898,0.6064251638,0.286713286713,0.603022689156,0.510249967747,0.237762237762,1.40129809949,1.18571377649,0.503496503497,2.05382127221,0.551025219373,7,3.72727272727,2.05382127221,7,0,0,0,0,0.22962962963,11,11,11,1,0,0.0909090909091,0.636363636364,0.272727272727,11,18,0.163636363636,3.11363636364,3.27272727273,1.8,2.25,1.42062726223,0.434080552347,0.227272727273,0.924416277737,0.564921058617,0.292929292929,1.68954001271,1.03249667443,0.525252525253,1.14353419474,0.367266456706,3.875,3.11363636364,1.14353419474,3.875,0.366666666667,0.266666666667,4,0.0242424242424,0.221111111111,11,11,11,1,0,0.0909090909091,0.636363636364,0.272727272727,-2,-0.0181818181818,0.0702479338843,-0.363636363636,-0.2,-0.25,-0.268912750482,-0.030542951148,-0.0181818181818,-0.243332138505,-0.0773405703161,-0.0434343434343,-0.250469359339,-0.0345084801933,-0.0111111111111,0.0866354202056,0.0199894662943,0.329545454545,0.0702479338843,0.0866354202056,0.329545454545,-0.132380952381,-0.133333333333,-4,-0.0242424242424,-0.0344444444444,0,0,0,18,0,2,90,0.9,1,0,0.1,1,0.9,0.947368421053,0.938314863257,0.9,0.9,5,7,0,0,0,0
753,WLNM_dir_neg,0.857142857143,0.559981684982,00:00:01,10,20,34,1172860583,threshold_sweep,0.6,1,0.714285714286,0.833333333333,5,0,2,14,0.714285714286,1,0,0.285714285714,1,0.714285714286,0.833333333333,0.904761904762,0.587301587302,0.769230769231,0.790569415042,0.714285714286,20,13,7,0,20,0,13,0,7,11,20,0.181818181818,3.04338842975,3.63636363636,2,2.5,1.68954001271,0.464623503495,0.245454545455,1.16774841624,0.642261628933,0.336363636364,1.94000937205,1.06700515463,0.536363636364,1.05689877454,0.347276990411,3.54545454545,3.04338842975,1.05689877454,3.54545454545,0.499047619048,0.4,8,0.0484848484848,0.255555555556,11,11,11,1,0,0.0909090909091,0.636363636364,0.272727272727,11,0.118181818182,3.72727272727,2.36363636364,1.3,1.625,1.43336856898,0.6064251638,0.286713286713,0.603022689156,0.510249967747,0.237762237762,1.40129809949,1.18571377649,0.503496503497,2.05382127221,0.551025219373,7,3.72727272727,2.05382127221,7,0,0,0,0,0.22962962963,11,11,11,1,0,0.0909090909091,0.636363636364,0.272727272727,11,18,0.163636363636,3.11363636364,3.27272727273,1.8,2.25,1.42062726223,0.434080552347,0.227272727273,0.924416277737,0.564921058617,0.292929292929,1.68954001271,1.03249667443,0.525252525253,1.14353419474,0.367266456706,3.875,3.11363636364,1.14353419474,3.875,0.366666666667,0.266666666667,4,0.0242424242424,0.221111111111,11,11,11,1,0,0.0909090909091,0.636363636364,0.272727272727,-2,-0.0181818181818,0.0702479338843,-0.363636363636,-0.2,-0.25,-0.268912750482,-0.030542951148,-0.0181818181818,-0.243332138505,-0.0773405703161,-0.0434343434343,-0.250469359339,-0.0345084801933,-0.0111111111111,0.0866354202056,0.0199894662943,0.329545454545,0.0702479338843,0.0866354202056,0.329545454545,-0.132380952381,-0.133333333333,-4,-0.0242424242424,-0.0344444444444,0,0,0,18,0,2,90,0.9,1,0,0.1,1,0.9,0.947368421053,0.938314863257,0.9,0.9,5,7,0,0,0,0
754,WLNM_dir_neg,0.857142857143,0.559981684982,00:00:01,10,20,34,1172860583,threshold_sweep,0.7,1,0.571428571429,0.727272727273,4,0,3,14,0.571428571429,1,0,0.428571428571,1,0.571428571429,0.727272727273,0.857142857143,0.603174603175,0.64,0.68599434057,0.571428571429,20,13,7,0,20,0,13,0,7,11,20,0.181818181818,3.04338842975,3.63636363636,2,2.5,1.68954001271,0.464623503495,0.245454545455,1.16774841624,0.642261628933,0.336363636364,1.94000937205,1.06700515463,0.536363636364,1.05689877454,0.347276990411,3.54545454545,3.04338842975,1.05689877454,3.54545454545,0.499047619048,0.4,8,0.0484848484848,0.255555555556,11,11,11,1,0,0.0909090909091,0.636363636364,0.272727272727,11,0.118181818182,3.72727272727,2.36363636364,1.3,1.625,1.43336856898,0.6064251638,0.286713286713,0.603022689156,0.510249967747,0.237762237762,1.40129809949,1.18571377649,0.503496503497,2.05382127221,0.551025219373,7,3.72727272727,2.05382127221,7,0,0,0,0,0.22962962963,11,11,11,1,0,0.0909090909091,0.636363636364,0.272727272727,11,17,0.154545454545,3.15909090909,3.09090909091,1.7,2.125,1.30034960334,0.420701342257,0.208556149733,0.820199532265,0.530717344407,0.267379679144,1.57249078621,1.01749403814,0.513368983957,1.21589847064,0.38488872452,4,3.15909090909,1.21589847064,4,0.296666666667,0.230769230769,3,0.0181818181818,0.203703703704,11,11,11,1,0,0.0909090909091,0.636363636364,0.272727272727,-3,-0.0272727272727,0.115702479339,-0.545454545455,-0.3,-0.375,-0.389190409368,-0.0439221612377,-0.0368983957219,-0.347548883978,-0.111544284527,-0.0689839572193,-0.367518585835,-0.0495111164884,-0.0229946524064,0.158999696105,0.0376117341084,0.454545454545,0.115702479339,0.158999696105,0.454545454545,-0.202380952381,-0.169230769231,-5,-0.030303030303,-0.0518518518519,0,0,0,17,0,3,90,0.85,1,0,0.15,1,0.85,0.918918918919,0.906962317388,0.85,0.85,4,7,0,0,0,0
755,WLNM_dir_neg,0.857142857143,0.559981684982,00:00:01,10,20,34,1172860583,threshold_sweep,0.8,1,0.571428571429,0.727272727273,4,0,3,14,0.571428571429,1,0,0.428571428571,1,0.571428571429,0.727272727273,0.857142857143,0.603174603175,0.64,0.68599434057,0.571428571429,20,13,7,0,20,0,13,0,7,11,20,0.181818181818,3.04338842975,3.63636363636,2,2.5,1.68954001271,0.464623503495,0.245454545455,1.16774841624,0.642261628933,0.336363636364,1.94000937205,1.06700515463,0.536363636364,1.05689877454,0.347276990411,3.54545454545,3.04338842975,1.05689877454,3.54545454545,0.499047619048,0.4,8,0.0484848484848,0.255555555556,11,11,11,1,0,0.0909090909091,0.636363636364,0.272727272727,11,0.118181818182,3.72727272727,2.36363636364,1.3,1.625,1.43336856898,0.6064251638,0.286713286713,0.603022689156,0.510249967747,0.237762237762,1.40129809949,1.18571377649,0.503496503497,2.05382127221,0.551025219373,7,3.72727272727,2.05382127221,7,0,0,0,0,0.22962962963,11,11,11,1,0,0.0909090909091,0.636363636364,0.272727272727,11,17,0.154545454545,3.15909090909,3.09090909091,1.7,2.125,1.30034960334,0.420701342257,0.208556149733,0.820199532265,0.530717344407,0.267379679144,1.57249078621,1.01749403814,0.513368983957,1.21589847064,0.38488872452,4,3.15909090909,1.21589847064,4,0.296666666667,0.230769230769,3,0.0181818181818,0.203703703704,11,11,11,1,0,0.0909090909091,0.636363636364,0.272727272727,-3,-0.0272727272727,0.115702479339,-0.545454545455,-0.3,-0.375,-0.389190409368,-0.0439221612377,-0.0368983957219,-0.347548883978,-0.111544284527,-0.0689839572193,-0.367518585835,-0.0495111164884,-0.0229946524064,0.158999696105,0.0376117341084,0.454545454545,0.115702479339,0.158999696105,0.454545454545,-0.202380952381,-0.169230769231,-5,-0.030303030303,-0.0518518518519,0,0,0,17,0,3,90,0.85,1,0,0.15,1,0.85,0.918918918919,0.906962317388,0.85,0.85,4,7,0,0,0,0
756,WLNM_dir_neg,0.857142857143,0.559981684982,00:00:01,10,20,34,1172860583,threshold_sweep,0.9,1,0.571428571429,0.727272727273,4,0,3,14,0.571428571429,1,0,0.428571428571,1,0.571428571429,0.727272727273,0.857142857143,0.603174603175,0.64,0.68599434057,0.571428571429,20,13,7,0,20,0,13,0,7,11,20,0.181818181818,3.04338842975,3.63636363636,2,2.5,1.68954001271,0.464623503495,0.245454545455,1.16774841624,0.642261628933,0.336363636364,1.94000937205,1.06700515463,0.536363636364,1.05689877454,0.347276990411,3.54545454545,3.04338842975,1.05689877454,3.54545454545,0.499047619048,0.4,8,0.0484848484848,0.255555555556,11,11,11,1,0,0.0909090909091,0.636363636364,0.272727272727,11,0.118181818182,3.72727272727,2.36363636364,1.3,1.625,1.43336856898,0.6064251638,0.286713286713,0.603022689156,0.510249967747,0.237762237762,1.40129809949,1.18571377649,0.503496503497,2.05382127221,0.551025219373,7,3.72727272727,2.05382127221,7,0,0,0,0,0.22962962963,11,11,11,1,0,0.0909090909091,0.636363636364,0.272727272727,11,17,0.154545454545,3.15909090909,3.09090909091,1.7,2.125,1.30034960334,0.420701342257,0.208556149733,0.820199532265,0.530717344407,0.267379679144,1.57249078621,1.01749403814,0.513368983957,1.21589847064,0.38488872452,4,3.15909090909,1.21589847064,4,0.296666666667,0.230769230769,3,0.0181818181818,0.203703703704,11,11,11,1,0,0.0909090909091,0.636363636364,0.272727272727,-3,-0.0272727272727,0.115702479339,-0.545454545455,-0.3,-0.375,-0.389190409368,-0.0439221612377,-0.0368983957219,-0.347548883978,-0.111544284527,-0.0689839572193,-0.367518585835,-0.0495111164884,-0.0229946524064,0.158999696105,0.0376117341084,0.454545454545,0.115702479339,0.158999696105,0.454545454545,-0.202380952381,-0.169230769231,-5,-0.030303030303,-0.0518518518519,0,0,0,17,0,3,90,0.85,1,0,0.15,1,0.85,0.918918918919,0.906962317388,0.85,0.85,4,7,0,0,0,0
757,WLNM_dir_neg,0.938775510204,0.76130952381,00:00:02,10,20,35,1172860584,threshold_sweep,0.1,1,0.714285714286,0.833333333333,5,0,2,14,0.714285714286,1,0,0.285714285714,1,0.714285714286,0.833333333333,0.904761904762,0.587301587302,0.769230769231,0.790569415042,0.714285714286,20,13,7,0,20,0,13,0,7,11,20,0.181818181818,3.04338842975,3.63636363636,2,2.5,1.68954001271,0.464623503495,0.245454545455,1.16774841624,0.642261628933,0.336363636364,1.94000937205,1.06700515463,0.536363636364,1.05689877454,0.347276990411,3.54545454545,3.04338842975,1.05689877454,3.54545454545,0.499047619048,0.4,8,0.0484848484848,0.255555555556,11,11,11,1,0,0.0909090909091,0.636363636364,0.272727272727,11,0.118181818182,3.72727272727,2.36363636364,1.3,1.625,1.43336856898,0.6064251638,0.286713286713,0.603022689156,0.510249967747,0.237762237762,1.40129809949,1.18571377649,0.503496503497,2.05382127221,0.551025219373,7,3.72727272727,2.05382127221,7,0,0,0,0,0.22962962963,11,11,11,1,0,0.0909090909091,0.636363636364,0.272727272727,11,18,0.163636363636,3.11363636364,3.27272727273,1.8,2.25,1.42062726223,0.434080552347,0.227272727273,0.924416277737,0.564921058617,0.292929292929,1.68954001271,1.03249667443,0.525252525253,1.14353419474,0.367266456706,3.875,3.11363636364,1.14353419474,3.875,0.366666666667,0.266666666667,4,0.0242424242424,0.221111111111,11,11,11,1,0,0.0909090909091,0.636363636364,0.272727272727,-2,-0.0181818181818,0.0702479338843,-0.363636363636,-0.2,-0.25,-0.268912750482,-0.030542951148,-0.0181818181818,-0.243332138505,-0.0773405703161,-0.0434343434343,-0.250469359339,-0.0345084801933,-0.0111111111111,0.0866354202056,0.0199894662943,0.329545454545,0.0702479338843,0.0866354202056,0.329545454545,-0.132380952381,-0.133333333333,-4,-0.0242424242424,-0.0344444444444,0,0,0,18,0,2,90,0.9,1,0,0.1,1,0.9,0.947368421053,0.938314863257,0.9,0.9,5,7,0,0,0,0
758,WLNM_dir_neg,0.938775510204,0.76130952381,00:00:02,10,20,35,1172860584,threshold_sweep,0.2,1,0.714285714286,0.833333333333,5,0,2,14,0.714285714286,1,0,0.285714285714,1,0.714285714286,0.833333333333,0.904761904762,0.587301587302,0.769230769231,0.790569415042,0.714285714286,20,13,7,0,20,0,13,0,7,11,20,0.181818181818,3.04338842975,3.63636363636,2,2.5,1.68954001271,0.464623503495,0.245454545455,1.16774841624,0.642261628933,0.336363636364,1.94000937205,1.06700515463,0.536363636364,1.05689877454,0.347276990411,3.54545454545,3.04338842975,1.05689877454,3.54545454545,0.499047619048,0.4,8,0.0484848484848,0.255555555556,11,11,11,1,0,0.0909090909091,0.636363636364,0.272727272727,11,0.118181818182,3.72727272727,2.36363636364,1.3,1.625,1.43336856898,0.6064251638,0.286713286713,0.603022689156,0.510249967747,0.237762237762,1.40129809949,1.18571377649,0.503496503497,2.05382127221,0.551025219373,7,3.72727272727,2.05382127221,7,0,0,0,0,0.22962962963,11,11,11,1,0,0.0909090909091,0.636363636364,0.272727272727,11,18,0.163636363636,3.11363636364,3.27272727273,1.8,2.25,1.42062726223,0.434080552347,0.227272727273,0.924416277737,0.564921058617,0.292929292929,1.68954001271,1.03249667443,0.525252525253,1.14353419474,0.367266456706,3.875,3.11363636364,1.14353419474,3.875,0.366666666667,0.266666666667,4,0.0242424242424,0.221111111111,11,11,11,1,0,0.0909090909091,0.636363636364,0.272727272727,-2,-0.0181818181818,0.0702479338843,-0.363636363636,-0.2,-0.25,-0.268912750482,-0.030542951148,-0.0181818181818,-0.243332138505,-0.0773405703161,-0.0434343434343,-0.250469359339,-0.0345084801933,-0.0111111111111,0.0866354202056,0.0199894662943,0.329545454545,0.0702479338843,0.0866354202056,0.329545454545,-0.132380952381,-0.133333333333,-4,-0.0242424242424,-0.0344444444444,0,0,0,18,0,2,90,0.9,1,0,0.1,1,0.9,0.947368421053,0.938314863257,0.9,0.9,5,7,0,0,0,0
759,WLNM_dir_neg,0.938775510204,0.76130952381,00:00:02,10,20,35,1172860584,threshold_sweep,0.3,1,0.714285714286,0.833333333333,5,0,2,14,0.714285714286,1,0,0.285714285714,1,0.714285714286,0.833333333333,0.904761904762,0.587301587302,0.769230769231,0.790569415042,0.714285714286,20,13,7,0,20,0,13,0,7,11,20,0.181818181818,3.04338842975,3.63636363636,2,2.5,1.68954001271,0.464623503495,0.245454545455,1.16774841624,0.642261628933,0.336363636364,1.94000937205,1.06700515463,0.536363636364,1.05689877454,0.347276990411,3.54545454545,3.04338842975,1.05689877454,3.54545454545,0.499047619048,0.4,8,0.0484848484848,0.255555555556,11,11,11,1,0,0.0909090909091,0.636363636364,0.272727272727,11,0.118181818182,3.72727272727,2.36363636364,1.3,1.625,1.43336856898,0.6064251638,0.286713286713,0.603022689156,0.510249967747,0.237762237762,1.40129809949,1.18571377649,0.503496503497,2.05382127221,0.551025219373,7,3.72727272727,2.05382127221,7,0,0,0,0,0.22962962963,11,11,11,1,0,0.0909090909091,0.636363636364,0.272727272727,11,18,0.163636363636,3.11363636364,3.27272727273,1.8,2.25,1.42062726223,0.434080552347,0.227272727273,0.924416277737,0.564921058617,0.292929292929,1.68954001271,1.03249667443,0.525252525253,1.14353419474,0.367266456706,3.875,3.11363636364,1.14353419474,3.875,0.366666666667,0.266666666667,4,0.0242424242424,0.221111111111,11,11,11,1,0,0.0909090909091,0.636363636364,0.272727272727,-2,-0.0181818181818,0.0702479338843,-0.363636363636,-0.2,-0.25,-0.268912750482,-0.030542951148,-0.0181818181818,-0.243332138505,-0.0773405703161,-0.0434343434343,-0.250469359339,-0.0345084801933,-0.0111111111111,0.0866354202056,0.0199894662943,0.329545454545,0.0702479338843,0.0866354202056,0.329545454545,-0.132380952381,-0.133333333333,-4,-0.0242424242424,-0.0344444444444,0,0,0,18,0,2,90,0.9,1,0,0.1,1,0.9,0.947368421053,0.938314863257,0.9,0.9,5,7,0,0,0,0
760,WLNM_dir_neg,0.938775510204,0.76130952381,00:00:02,10,20,35,1172860584,threshold_sweep,0.4,1,0.714285714286,0.833333333333,5,0,2,14,0.714285714286,1,0,0.285714285714,1,0.714285714286,0.833333333333,0.904761904762,0.587301587302,0.769230769231,0.790569415042,0.714285714286,20,13,7,0,20,0,13,0,7,11,20,0.181818181818,3.04338842975,3.63636363636,2,2.5,1.68954001271,0.464623503495,0.245454545455,1.16774841624,0.642261628933,0.336363636364,1.94000937205,1.06700515463,0.536363636364,1.05689877454,0.347276990411,3.54545454545,3.04338842975,1.05689877454,3.54545454545,0.499047619048,0.4,8,0.0484848484848,0.255555555556,11,11,11,1,0,0.0909090909091,0.636363636364,0.272727272727,11,0.118181818182,3.72727272727,2.36363636364,1.3,1.625,1.43336856898,0.6064251638,0.286713286713,0.603022689156,0.510249967747,0.237762237762,1.40129809949,1.18571377649,0.503496503497,2.05382127221,0.551025219373,7,3.72727272727,2.05382127221,7,0,0,0,0,0.22962962963,11,11,11,1,0,0.0909090909091,0.636363636364,0.272727272727,11,18,0.163636363636,3.11363636364,3.27272727273,1.8,2.25,1.42062726223,0.434080552347,0.227272727273,0.924416277737,0.564921058617,0.292929292929,1.68954001271,1.03249667443,0.525252525253,1.14353419474,0.367266456706,3.875,3.11363636364,1.14353419474,3.875,0.366666666667,0.266666666667,4,0.0242424242424,0.221111111111,11,11,11,1,0,0.0909090909091,0.636363636364,0.272727272727,-2,-0.0181818181818,0.0702479338843,-0.363636363636,-0.2,-0.25,-0.268912750482,-0.030542951148,-0.0181818181818,-0.243332138505,-0.0773405703161,-0.0434343434343,-0.250469359339,-0.0345084801933,-0.0111111111111,0.0866354202056,0.0199894662943,0.329545454545,0.0702479338843,0.0866354202056,0.329545454545,-0.132380952381,-0.133333333333,-4,-0.0242424242424,-0.0344444444444,0,0,0,18,0,2,90,0.9,1,0,0.1,1,0.9,0.947368421053,0.938314863257,0.9,0.9,5,7,0,0,0,0
761,WLNM_dir_neg,0.938775510204,0.76130952381,00:00:02,10,20,35,1172860584,threshold_sweep,0.5,1,0.714285714286,0.833333333333,5,0,2,14,0.714285714286,1,0,0.285714285714,1,0.714285714286,0.833333333333,0.904761904762,0.587301587302,0.769230769231,0.790569415042,0.714285714286,20,13,7,0,20,0,13,0,7,11,20,0.181818181818,3.04338842975,3.63636363636,2,2.5,1.68954001271,0.464623503495,0.245454545455,1.16774841624,0.642261628933,0.336363636364,1.94000937205,1.06700515463,0.536363636364,1.05689877454,0.347276990411,3.54545454545,3.04338842975,1.05689877454,3.54545454545,0.499047619048,0.4,8,0.0484848484848,0.255555555556,11,11,11,1,0,0.0909090909091,0.636363636364,0.272727272727,11,0.118181818182,3.72727272727,2.36363636364,1.3,1.625,1.43336856898,0.6064251638,0.286713286713,0.603022689156,0.510249967747,0.237762237762,1.40129809949,1.18571377649,0.503496503497,2.05382127221,0.551025219373,7,3.72727272727,2.05382127221,7,0,0,0,0,0.22962962963,11,11,11,1,0,0.0909090909091,0.636363636364,0.272727272727,11,18,0.163636363636,3.11363636364,3.27272727273,1.8,2.25,1.42062726223,0.434080552347,0.227272727273,0.924416277737,0.564921058617,0.292929292929,1.68954001271,1.03249667443,0.525252525253,1.14353419474,0.367266456706,3.875,3.11363636364,1.14353419474,3.875,0.366666666667,0.266666666667,4,0.0242424242424,0.221111111111,11,11,11,1,0,0.0909090909091,0.636363636364,0.272727272727,-2,-0.0181818181818,0.0702479338843,-0.363636363636,-0.2,-0.25,-0.268912750482,-0.030542951148,-0.0181818181818,-0.243332138505,-0.0773405703161,-0.0434343434343,-0.250469359339,-0.0345084801933,-0.0111111111111,0.0866354202056,0.0199894662943,0.329545454545,0.0702479338843,0.0866354202056,0.329545454545,-0.132380952381,-0.133333333333,-4,-0.0242424242424,-0.0344444444444,0,0,0,18,0,2,90,0.9,1,0,0.1,1,0.9,0.947368421053,0.938314863257,0.9,0.9,5,7,0,0,0,0
762,WLNM_dir_neg,0.938775510204,0.76130952381,00:00:02,10,20,35,1172860584,threshold_sweep,0.6,1,0.714285714286,0.833333333333,5,0,2,14,0.714285714286,1,0,0.285714285714,1,0.714285714286,0.833333333333,0.904761904762,0.587301587302,0.769230769231,0.790569415042,0.714285714286,20,13,7,0,20,0,13,0,7,11,20,0.181818181818,3.04338842975,3.63636363636,2,2.5,1.68954001271,0.464623503495,0.245454545455,1.16774841624,0.642261628933,0.336363636364,1.94000937205,1.06700515463,0.536363636364,1.05689877454,0.347276990411,3.54545454545,3.04338842975,1.05689877454,3.54545454545,0.499047619048,0.4,8,0.0484848484848,0.255555555556,11,11,11,1,0,0.0909090909091,0.636363636364,0.272727272727,11,0.118181818182,3.72727272727,2.36363636364,1.3,1.625,1.43336856898,0.6064251638,0.286713286713,0.603022689156,0.510249967747,0.237762237762,1.40129809949,1.18571377649,0.503496503497,2.05382127221,0.551025219373,7,3.72727272727,2.05382127221,7,0,0,0,0,0.22962962963,11,11,11,1,0,0.0909090909091,0.636363636364,0.272727272727,11,18,0.163636363636,3.11363636364,3.27272727273,1.8,2.25,1.42062726223,0.434080552347,0.227272727273,0.924416277737,0.564921058617,0.292929292929,1.68954001271,1.03249667443,0.525252525253,1.14353419474,0.367266456706,3.875,3.11363636364,1.14353419474,3.875,0.366666666667,0.266666666667,4,0.0242424242424,0.221111111111,11,11,11,1,0,0.0909090909091,0.636363636364,0.272727272727,-2,-0.0181818181818,0.0702479338843,-0.363636363636,-0.2,-0.25,-0.268912750482,-0.030542951148,-0.0181818181818,-0.243332138505,-0.0773405703161,-0.0434343434343,-0.250469359339,-0.0345084801933,-0.0111111111111,0.0866354202056,0.0199894662943,0.329545454545,0.0702479338843,0.0866354202056,0.329545454545,-0.132380952381,-0.133333333333,-4,-0.0242424242424,-0.0344444444444,0,0,0,18,0,2,90,0.9,1,0,0.1,1,0.9,0.947368421053,0.938314863257,0.9,0.9,5,7,0,0,0,0
763,WLNM_dir_neg,0.938775510204,0.76130952381,00:00:02,10,20,35,1172860584,threshold_sweep,0.7,1,0.714285714286,0.833333333333,5,0,2,14,0.714285714286,1,0,0.285714285714,1,0.714285714286,0.833333333333,0.904761904762,0.587301587302,0.769230769231,0.790569415042,0.714285714286,20,13,7,0,20,0,13,0,7,11,20,0.181818181818,3.04338842975,3.63636363636,2,2.5,1.68954001271,0.464623503495,0.245454545455,1.16774841624,0.642261628933,0.336363636364,1.94000937205,1.06700515463,0.536363636364,1.05689877454,0.347276990411,3.54545454545,3.04338842975,1.05689877454,3.54545454545,0.499047619048,0.4,8,0.0484848484848,0.255555555556,11,11,11,1,0,0.0909090909091,0.636363636364,0.272727272727,11,0.118181818182,3.72727272727,2.36363636364,1.3,1.625,1.43336856898,0.6064251638,0.286713286713,0.603022689156,0.510249967747,0.237762237762,1.40129809949,1.18571377649,0.503496503497,2.05382127221,0.551025219373,7,3.72727272727,2.05382127221,7,0,0,0,0,0.22962962963,11,11,11,1,0,0.0909090909091,0.636363636364,0.272727272727,11,18,0.163636363636,3.11363636364,3.27272727273,1.8,2.25,1.42062726223,0.434080552347,0.227272727273,0.924416277737,0.564921058617,0.292929292929,1.68954001271,1.03249667443,0.525252525253,1.14353419474,0.367266456706,3.875,3.11363636364,1.14353419474,3.875,0.366666666667,0.266666666667,4,0.0242424242424,0.221111111111,11,11,11,1,0,0.0909090909091,0.636363636364,0.272727272727,-2,-0.0181818181818,0.0702479338843,-0.363636363636,-0.2,-0.25,-0.268912750482,-0.030542951148,-0.0181818181818,-0.243332138505,-0.0773405703161,-0.0434343434343,-0.250469359339,-0.0345084801933,-0.0111111111111,0.0866354202056,0.0199894662943,0.329545454545,0.0702479338843,0.0866354202056,0.329545454545,-0.132380952381,-0.133333333333,-4,-0.0242424242424,-0.0344444444444,0,0,0,18,0,2,90,0.9,1,0,0.1,1,0.9,0.947368421053,0.938314863257,0.9,0.9,5,7,0,0,0,0
764,WLNM_dir_neg,0.938775510204,0.76130952381,00:00:02,10,20,35,1172860584,threshold_sweep,0.8,1,0.714285714286,0.833333333333,5,0,2,14,0.714285714286,1,0,0.285714285714,1,0.714285714286,0.833333333333,0.904761904762,0.587301587302,0.769230769231,0.790569415042,0.714285714286,20,13,7,0,20,0,13,0,7,11,20,0.181818181818,3.04338842975,3.63636363636,2,2.5,1.68954001271,0.464623503495,0.245454545455,1.16774841624,0.642261628933,0.336363636364,1.94000937205,1.06700515463,0.536363636364,1.05689877454,0.347276990411,3.54545454545,3.04338842975,1.05689877454,3.54545454545,0.499047619048,0.4,8,0.0484848484848,0.255555555556,11,11,11,1,0,0.0909090909091,0.636363636364,0.272727272727,11,0.118181818182,3.72727272727,2.36363636364,1.3,1.625,1.43336856898,0.6064251638,0.286713286713,0.603022689156,0.510249967747,0.237762237762,1.40129809949,1.18571377649,0.503496503497,2.05382127221,0.551025219373,7,3.72727272727,2.05382127221,7,0,0,0,0,0.22962962963,11,11,11,1,0,0.0909090909091,0.636363636364,0.272727272727,11,18,0.163636363636,3.11363636364,3.27272727273,1.8,2.25,1.42062726223,0.434080552347,0.227272727273,0.924416277737,0.564921058617,0.292929292929,1.68954001271,1.03249667443,0.525252525253,1.14353419474,0.367266456706,3.875,3.11363636364,1.14353419474,3.875,0.366666666667,0.266666666667,4,0.0242424242424,0.221111111111,11,11,11,1,0,0.0909090909091,0.636363636364,0.272727272727,-2,-0.0181818181818,0.0702479338843,-0.363636363636,-0.2,-0.25,-0.268912750482,-0.030542951148,-0.0181818181818,-0.243332138505,-0.0773405703161,-0.0434343434343,-0.250469359339,-0.0345084801933,-0.0111111111111,0.0866354202056,0.0199894662943,0.329545454545,0.0702479338843,0.0866354202056,0.329545454545,-0.132380952381,-0.133333333333,-4,-0.0242424242424,-0.0344444444444,0,0,0,18,0,2,90,0.9,1,0,0.1,1,0.9,0.947368421053,0.938314863257,0.9,0.9,5,7,0,0,0,0
765,WLNM_dir_neg,0.938775510204,0.76130952381,00:00:02,10,20,35,1172860584,threshold_sweep,0.9,1,0.714285714286,0.833333333333,5,0,2,14,0.714285714286,1,0,0.285714285714,1,0.714285714286,0.833333333333,0.904761904762,0.587301587302,0.769230769231,0.790569415042,0.714285714286,20,13,7,0,20,0,13,0,7,11,20,0.181818181818,3.04338842975,3.63636363636,2,2.5,1.68954001271,0.464623503495,0.245454545455,1.16774841624,0.642261628933,0.336363636364,1.94000937205,1.06700515463,0.536363636364,1.05689877454,0.347276990411,3.54545454545,3.04338842975,1.05689877454,3.54545454545,0.499047619048,0.4,8,0.0484848484848,0.255555555556,11,11,11,1,0,0.0909090909091,0.636363636364,0.272727272727,11,0.118181818182,3.72727272727,2.36363636364,1.3,1.625,1.43336856898,0.6064251638,0.286713286713,0.603022689156,0.510249967747,0.237762237762,1.40129809949,1.18571377649,0.503496503497,2.05382127221,0.551025219373,7,3.72727272727,2.05382127221,7,0,0,0,0,0.22962962963,11,11,11,1,0,0.0909090909091,0.636363636364,0.272727272727,11,18,0.163636363636,3.11363636364,3.27272727273,1.8,2.25,1.42062726223,0.434080552347,0.227272727273,0.924416277737,0.564921058617,0.292929292929,1.68954001271,1.03249667443,0.525252525253,1.14353419474,0.367266456706,3.875,3.11363636364,1.14353419474,3.875,0.366666666667,0.266666666667,4,0.0242424242424,0.221111111111,11,11,11,1,0,0.0909090909091,0.636363636364,0.272727272727,-2,-0.0181818181818,0.0702479338843,-0.363636363636,-0.2,-0.25,-0.268912750482,-0.030542951148,-0.0181818181818,-0.243332138505,-0.0773405703161,-0.0434343434343,-0.250469359339,-0.0345084801933,-0.0111111111111,0.0866354202056,0.0199894662943,0.329545454545,0.0702479338843,0.0866354202056,0.329545454545,-0.132380952381,-0.133333333333,-4,-0.0242424242424,-0.0344444444444,0,0,0,18,0,2,90,0.9,1,0,0.1,1,0.9,0.947368421053,0.938314863257,0.9,0.9,5,7,0,0,0,0
766,WLNM_dir_neg,0.959183673469,0.642290249433,00:00:02,10,20,36,1172860585,threshold_sweep,0.1,1,0.714285714286,0.833333333333,5,0,2,14,0.714285714286,1,0,0.285714285714,1,0.714285714286,0.833333333333,0.904761904762,0.587301587302,0.769230769231,0.790569415042,0.714285714286,20,13,7,0,20,0,13,0,7,11,20,0.181818181818,3.04338842975,3.63636363636,2,2.5,1.68954001271,0.464623503495,0.245454545455,1.16774841624,0.642261628933,0.336363636364,1.94000937205,1.06700515463,0.536363636364,1.05689877454,0.347276990411,3.54545454545,3.04338842975,1.05689877454,3.54545454545,0.499047619048,0.4,8,0.0484848484848,0.255555555556,11,11,11,1,0,0.0909090909091,0.636363636364,0.272727272727,11,0.118181818182,3.72727272727,2.36363636364,1.3,1.625,1.43336856898,0.6064251638,0.286713286713,0.603022689156,0.510249967747,0.237762237762,1.40129809949,1.18571377649,0.503496503497,2.05382127221,0.551025219373,7,3.72727272727,2.05382127221,7,0,0,0,0,0.22962962963,11,11,11,1,0,0.0909090909091,0.636363636364,0.272727272727,11,18,0.163636363636,3.11363636364,3.27272727273,1.8,2.25,1.42062726223,0.434080552347,0.227272727273,0.924416277737,0.564921058617,0.292929292929,1.68954001271,1.03249667443,0.525252525253,1.14353419474,0.367266456706,3.875,3.11363636364,1.14353419474,3.875,0.366666666667,0.266666666667,4,0.0242424242424,0.221111111111,11,11,11,1,0,0.0909090909091,0.636363636364,0.272727272727,-2,-0.0181818181818,0.0702479338843,-0.363636363636,-0.2,-0.25,-0.268912750482,-0.030542951148,-0.0181818181818,-0.243332138505,-0.0773405703161,-0.0434343434343,-0.250469359339,-0.0345084801933,-0.0111111111111,0.0866354202056,0.0199894662943,0.329545454545,0.0702479338843,0.0866354202056,0.329545454545,-0.132380952381,-0.133333333333,-4,-0.0242424242424,-0.0344444444444,0,0,0,18,0,2,90,0.9,1,0,0.1,1,0.9,0.947368421053,0.938314863257,0.9,0.9,5,7,0,0,0,0
767,WLNM_dir_neg,0.959183673469,0.642290249433,00:00:02,10,20,36,1172860585,threshold_sweep,0.2,1,0.714285714286,0.833333333333,5,0,2,14,0.714285714286,1,0,0.285714285714,1,0.714285714286,0.833333333333,0.904761904762,0.587301587302,0.769230769231,0.790569415042,0.714285714286,20,13,7,0,20,0,13,0,7,11,20,0.181818181818,3.04338842975,3.63636363636,2,2.5,1.68954001271,0.464623503495,0.245454545455,1.16774841624,0.642261628933,0.336363636364,1.94000937205,1.06700515463,0.536363636364,1.05689877454,0.347276990411,3.54545454545,3.04338842975,1.05689877454,3.54545454545,0.499047619048,0.4,8,0.0484848484848,0.255555555556,11,11,11,1,0,0.0909090909091,0.636363636364,0.272727272727,11,0.118181818182,3.72727272727,2.36363636364,1.3,1.625,1.43336856898,0.6064251638,0.286713286713,0.603022689156,0.510249967747,0.237762237762,1.40129809949,1.18571377649,0.503496503497,2.05382127221,0.551025219373,7,3.72727272727,2.05382127221,7,0,0,0,0,0.22962962963,11,11,11,1,0,0.0909090909091,0.636363636364,0.272727272727,11,18,0.163636363636,3.11363636364,3.27272727273,1.8,2.25,1.42062726223,0.434080552347,0.227272727273,0.924416277737,0.564921058617,0.292929292929,1.68954001271,1.03249667443,0.525252525253,1.14353419474,0.367266456706,3.875,3.11363636364,1.14353419474,3.875,0.366666666667,0.266666666667,4,0.0242424242424,0.221111111111,11,11,11,1,0,0.0909090909091,0.636363636364,0.272727272727,-2,-0.0181818181818,0.0702479338843,-0.363636363636,-0.2,-0.25,-0.268912750482,-0.030542951148,-0.0181818181818,-0.243332138505,-0.0773405703161,-0.0434343434343,-0.250469359339,-0.0345084801933,-0.0111111111111,0.0866354202056,0.0199894662943,0.329545454545,0.0702479338843,0.0866354202056,0.329545454545,-0.132380952381,-0.133333333333,-4,-0.0242424242424,-0.0344444444444,0,0,0,18,0,2,90,0.9,1,0,0.1,1,0.9,0.947368421053,0.938314863257,0.9,0.9,5,7,0,0,0,0
768,WLNM_dir_neg,0.959183673469,0.642290249433,00:00:02,10,20,36,1172860585,threshold_sweep,0.3,1,0.571428571429,0.727272727273,4,0,3,14,0.571428571429,1,0,0.428571428571,1,0.571428571429,0.727272727273,0.857142857143,0.603174603175,0.64,0.68599434057,0.571428571429,20,13,7,0,20,0,13,0,7,11,20,0.181818181818,3.04338842975,3.63636363636,2,2.5,1.68954001271,0.464623503495,0.245454545455,1.16774841624,0.642261628933,0.336363636364,1.94000937205,1.06700515463,0.536363636364,1.05689877454,0.347276990411,3.54545454545,3.04338842975,1.05689877454,3.54545454545,0.499047619048,0.4,8,0.0484848484848,0.255555555556,11,11,11,1,0,0.0909090909091,0.636363636364,0.272727272727,11,0.118181818182,3.72727272727,2.36363636364,1.3,1.625,1.43336856898,0.6064251638,0.286713286713,0.603022689156,0.510249967747,0.237762237762,1.40129809949,1.18571377649,0.503496503497,2.05382127221,0.551025219373,7,3.72727272727,2.05382127221,7,0,0,0,0,0.22962962963,11,11,11,1,0,0.0909090909091,0.636363636364,0.272727272727,11,17,0.154545454545,3.17727272727,3.09090909091,1.7,2.125,1.30034960334,0.420701342257,0.208556149733,0.820199532265,0.530717344407,0.267379679144,1.57249078621,1.01749403814,0.513368983957,1.2536673475,0.394573414091,4.4,3.17727272727,1.2536673475,4.4,0.213333333333,0.153846153846,2,0.0121212121212,0.205555555556,11,11,11,1,0,0.0909090909091,0.636363636364,0.272727272727,-3,-0.0272727272727,0.133884297521,-0.545454545455,-0.3,-0.375,-0.389190409368,-0.0439221612377,-0.0368983957219,-0.347548883978,-0.111544284527,-0.0689839572193,-0.367518585835,-0.0495111164884,-0.0229946524064,0.196768572961,0.0472964236795,0.854545454545,0.133884297521,0.196768572961,0.854545454545,-0.285714285714,-0.246153846154,-6,-0.0363636363636,-0.05,0,0,0,17,0,3,90,0.85,1,0,0.15,1,0.85,0.918918918919,0.906962317388,0.85,0.85,4,7,0,0,0,0
769,WLNM_dir_neg,0.959183673469,0.642290249433,00:00:02,10,20,36,1172860585,threshold_sweep,0.4,1,0.571428571429,0.727272727273,4,0,3,14,0.571428571429,1,0,0.428571428571,1,0.571428571429,0.727272727273,0.857142857143,0.603174603175,0.64,0.68599434057,0.571428571429,20,13,7,0,20,0,13,0,7,11,20,0.181818181818,3.04338842975,3.63636363636,2,2.5,1.68954001271,0.464623503495,0.245454545455,1.16774841624,0.642261628933,0.336363636364,1.94000937205,1.06700515463,0.536363636364,1.05689877454,0.347276990411,3.54545454545,3.04338842975,1.05689877454,3.54545454545,0.499047619048,0.4,8,0.0484848484848,0.255555555556,11,11,11,1,0,0.0909090909091,0.636363636364,0.272727272727,11,0.118181818182,3.72727272727,2.36363636364,1.3,1.625,1.43336856898,0.6064251638,0.286713286713,0.603022689156,0.510249967747,0.237762237762,1.40129809949,1.18571377649,0.503496503497,2.05382127221,0.551025219373,7,3.72727272727,2.05382127221,7,0,0,0,0,0.22962962963,11,11,11,1,0,0.0909090909091,0.636363636364,0.272727272727,11,17,0.154545454545,3.17727272727,3.09090909091,1.7,2.125,1.30034960334,0.420701342257,0.208556149733,0.820199532265,0.530717344407,0.267379679144,1.57249078621,1.01749403814,0.513368983957,1.2536673475,0.394573414091,4.4,3.17727272727,1.2536673475,4.4,0.213333333333,0.153846153846,2,0.0121212121212,0.205555555556,11,11,11,1,0,0.0909090909091,0.636363636364,0.272727272727,-3,-0.0272727272727,0.133884297521,-0.545454545455,-0.3,-0.375,-0.389190409368,-0.0439221612377,-0.0368983957219,-0.347548883978,-0.111544284527,-0.0689839572193,-0.367518585835,-0.0495111164884,-0.0229946524064,0.196768572961,0.0472964236795,0.854545454545,0.133884297521,0.196768572961,0.854545454545,-0.285714285714,-0.246153846154,-6,-0.0363636363636,-0.05,0,0,0,17,0,3,90,0.85,1,0,0.15,1,0.85,0.918918918919,0.906962317388,0.85,0.85,4,7,0,0,0,0
770,WLNM_dir_neg,0.959183673469,0.642290249433,00:00:02,10,20,36,1172860585,threshold_sweep,0.5,1,0.571428571429,0.727272727273,4,0,3,14,0.571428571429,1,0,0.428571428571,1,0.571428571429,0.727272727273,0.857142857143,0.603174603175,0.64,0.68599434057,0.571428571429,20,13,7,0,20,0,13,0,7,11,20,0.181818181818,3.04338842975,3.63636363636,2,2.5,1.68954001271,0.464623503495,0.245454545455,1.16774841624,0.642261628933,0.336363636364,1.94000937205,1.06700515463,0.536363636364,1.05689877454,0.347276990411,3.54545454545,3.04338842975,1.05689877454,3.54545454545,0.499047619048,0.4,8,0.0484848484848,0.255555555556,11,11,11,1,0,0.0909090909091,0.636363636364,0.272727272727,11,0.118181818182,3.72727272727,2.36363636364,1.3,1.625,1.43336856898,0.6064251638,0.286713286713,0.603022689156,0.510249967747,0.237762237762,1.40129809949,1.18571377649,0.503496503497,2.05382127221,0.551025219373,7,3.72727272727,2.05382127221,7,0,0,0,0,0.22962962963,11,11,11,1,0,0.0909090909091,0.636363636364,0.272727272727,11,17,0.154545454545,3.17727272727,3.09090909091,1.7,2.125,1.30034960334,0.420701342257,0.208556149733,0.820199532265,0.530717344407,0.267379679144,1.57249078621,1.01749403814,0.513368983957,1.2536673475,0.394573414091,4.4,3.17727272727,1.2536673475,4.4,0.213333333333,0.153846153846,2,0.0121212121212,0.205555555556,11,11,11,1,0,0.0909090909091,0.636363636364,0.272727272727,-3,-0.0272727272727,0.133884297521,-0.545454545455,-0.3,-0.375,-0.389190409368,-0.0439221612377,-0.0368983957219,-0.347548883978,-0.111544284527,-0.0689839572193,-0.367518585835,-0.0495111164884,-0.0229946524064,0.196768572961,0.0472964236795,0.854545454545,0.133884297521,0.196768572961,0.854545454545,-0.285714285714,-0.246153846154,-6,-0.0363636363636,-0.05,0,0,0,17,0,3,90,0.85,1,0,0.15,1,0.85,0.918918918919,0.906962317388,0.85,0.85,4,7,0,0,0,0
771,WLNM_dir_neg,0.959183673469,0.642290249433,00:00:02,10,20,36,1172860585,threshold_sweep,0.6,1,0.571428571429,0.727272727273,4,0,3,14,0.571428571429,1,0,0.428571428571,1,0.571428571429,0.727272727273,0.857142857143,0.603174603175,0.64,0.68599434057,0.571428571429,20,13,7,0,20,0,13,0,7,11,20,0.181818181818,3.04338842975,3.63636363636,2,2.5,1.68954001271,0.464623503495,0.245454545455,1.16774841624,0.642261628933,0.336363636364,1.94000937205,1.06700515463,0.536363636364,1.05689877454,0.347276990411,3.54545454545,3.04338842975,1.05689877454,3.54545454545,0.499047619048,0.4,8,0.0484848484848,0.255555555556,11,11,11,1,0,0.0909090909091,0.636363636364,0.272727272727,11,0.118181818182,3.72727272727,2.36363636364,1.3,1.625,1.43336856898,0.6064251638,0.286713286713,0.603022689156,0.510249967747,0.237762237762,1.40129809949,1.18571377649,0.503496503497,2.05382127221,0.551025219373,7,3.72727272727,2.05382127221,7,0,0,0,0,0.22962962963,11,11,11,1,0,0.0909090909091,0.636363636364,0.272727272727,11,17,0.154545454545,3.17727272727,3.09090909091,1.7,2.125,1.30034960334,0.420701342257,0.208556149733,0.820199532265,0.530717344407,0.267379679144,1.57249078621,1.01749403814,0.513368983957,1.2536673475,0.394573414091,4.4,3.17727272727,1.2536673475,4.4,0.213333333333,0.153846153846,2,0.0121212121212,0.205555555556,11,11,11,1,0,0.0909090909091,0.636363636364,0.272727272727,-3,-0.0272727272727,0.133884297521,-0.545454545455,-0.3,-0.375,-0.389190409368,-0.0439221612377,-0.0368983957219,-0.347548883978,-0.111544284527,-0.0689839572193,-0.367518585835,-0.0495111164884,-0.0229946524064,0.196768572961,0.0472964236795,0.854545454545,0.133884297521,0.196768572961,0.854545454545,-0.285714285714,-0.246153846154,-6,-0.0363636363636,-0.05,0,0,0,17,0,3,90,0.85,1,0,0.15,1,0.85,0.918918918919,0.906962317388,0.85,0.85,4,7,0,0,0,0
772,WLNM_dir_neg,0.959183673469,0.642290249433,00:00:02,10,20,36,1172860585,threshold_sweep,0.7,1,0.571428571429,0.727272727273,4,0,3,14,0.571428571429,1,0,0.428571428571,1,0.571428571429,0.727272727273,0.857142857143,0.603174603175,0.64,0.68599434057,0.571428571429,20,13,7,0,20,0,13,0,7,11,20,0.181818181818,3.04338842975,3.63636363636,2,2.5,1.68954001271,0.464623503495,0.245454545455,1.16774841624,0.642261628933,0.336363636364,1.94000937205,1.06700515463,0.536363636364,1.05689877454,0.347276990411,3.54545454545,3.04338842975,1.05689877454,3.54545454545,0.499047619048,0.4,8,0.0484848484848,0.255555555556,11,11,11,1,0,0.0909090909091,0.636363636364,0.272727272727,11,0.118181818182,3.72727272727,2.36363636364,1.3,1.625,1.43336856898,0.6064251638,0.286713286713,0.603022689156,0.510249967747,0.237762237762,1.40129809949,1.18571377649,0.503496503497,2.05382127221,0.551025219373,7,3.72727272727,2.05382127221,7,0,0,0,0,0.22962962963,11,11,11,1,0,0.0909090909091,0.636363636364,0.272727272727,11,17,0.154545454545,3.17727272727,3.09090909091,1.7,2.125,1.30034960334,0.420701342257,0.208556149733,0.820199532265,0.530717344407,0.267379679144,1.57249078621,1.01749403814,0.513368983957,1.2536673475,0.394573414091,4.4,3.17727272727,1.2536673475,4.4,0.213333333333,0.153846153846,2,0.0121212121212,0.205555555556,11,11,11,1,0,0.0909090909091,0.636363636364,0.272727272727,-3,-0.0272727272727,0.133884297521,-0.545454545455,-0.3,-0.375,-0.389190409368,-0.0439221612377,-0.0368983957219,-0.347548883978,-0.111544284527,-0.0689839572193,-0.367518585835,-0.0495111164884,-0.0229946524064,0.196768572961,0.0472964236795,0.854545454545,0.133884297521,0.196768572961,0.854545454545,-0.285714285714,-0.246153846154,-6,-0.0363636363636,-0.05,0,0,0,17,0,3,90,0.85,1,0,0.15,1,0.85,0.918918918919,0.906962317388,0.85,0.85,4,7,0,0,0,0
773,WLNM_dir_neg,0.959183673469,0.642290249433,00:00:02,10,20,36,1172860585,threshold_sweep,0.8,1,0.571428571429,0.727272727273,4,0,3,14,0.571428571429,1,0,0.428571428571,1,0.571428571429,0.727272727273,0.857142857143,0.603174603175,0.64,0.68599434057,0.571428571429,20,13,7,0,20,0,13,0,7,11,20,0.181818181818,3.04338842975,3.63636363636,2,2.5,1.68954001271,0.464623503495,0.245454545455,1.16774841624,0.642261628933,0.336363636364,1.94000937205,1.06700515463,0.536363636364,1.05689877454,0.347276990411,3.54545454545,3.04338842975,1.05689877454,3.54545454545,0.499047619048,0.4,8,0.0484848484848,0.255555555556,11,11,11,1,0,0.0909090909091,0.636363636364,0.272727272727,11,0.118181818182,3.72727272727,2.36363636364,1.3,1.625,1.43336856898,0.6064251638,0.286713286713,0.603022689156,0.510249967747,0.237762237762,1.40129809949,1.18571377649,0.503496503497,2.05382127221,0.551025219373,7,3.72727272727,2.05382127221,7,0,0,0,0,0.22962962963,11,11,11,1,0,0.0909090909091,0.636363636364,0.272727272727,11,17,0.154545454545,3.17727272727,3.09090909091,1.7,2.125,1.30034960334,0.420701342257,0.208556149733,0.820199532265,0.530717344407,0.267379679144,1.57249078621,1.01749403814,0.513368983957,1.2536673475,0.394573414091,4.4,3.17727272727,1.2536673475,4.4,0.213333333333,0.153846153846,2,0.0121212121212,0.205555555556,11,11,11,1,0,0.0909090909091,0.636363636364,0.272727272727,-3,-0.0272727272727,0.133884297521,-0.545454545455,-0.3,-0.375,-0.389190409368,-0.0439221612377,-0.0368983957219,-0.347548883978,-0.111544284527,-0.0689839572193,-0.367518585835,-0.0495111164884,-0.0229946524064,0.196768572961,0.0472964236795,0.854545454545,0.133884297521,0.196768572961,0.854545454545,-0.285714285714,-0.246153846154,-6,-0.0363636363636,-0.05,0,0,0,17,0,3,90,0.85,1,0,0.15,1,0.85,0.918918918919,0.906962317388,0.85,0.85,4,7,0,0,0,0
774,WLNM_dir_neg,0.959183673469,0.642290249433,00:00:02,10,20,36,1172860585,threshold_sweep,0.9,1,0.571428571429,0.727272727273,4,0,3,14,0.571428571429,1,0,0.428571428571,1,0.571428571429,0.727272727273,0.857142857143,0.603174603175,0.64,0.68599434057,0.571428571429,20,13,7,0,20,0,13,0,7,11,20,0.181818181818,3.04338842975,3.63636363636,2,2.5,1.68954001271,0.464623503495,0.245454545455,1.16774841624,0.642261628933,0.336363636364,1.94000937205,1.06700515463,0.536363636364,1.05689877454,0.347276990411,3.54545454545,3.04338842975,1.05689877454,3.54545454545,0.499047619048,0.4,8,0.0484848484848,0.255555555556,11,11,11,1,0,0.0909090909091,0.636363636364,0.272727272727,11,0.118181818182,3.72727272727,2.36363636364,1.3,1.625,1.43336856898,0.6064251638,0.286713286713,0.603022689156,0.510249967747,0.237762237762,1.40129809949,1.18571377649,0.503496503497,2.05382127221,0.551025219373,7,3.72727272727,2.05382127221,7,0,0,0,0,0.22962962963,11,11,11,1,0,0.0909090909091,0.636363636364,0.272727272727,11,17,0.154545454545,3.17727272727,3.09090909091,1.7,2.125,1.30034960334,0.420701342257,0.208556149733,0.820199532265,0.530717344407,0.267379679144,1.57249078621,1.01749403814,0.513368983957,1.2536673475,0.394573414091,4.4,3.17727272727,1.2536673475,4.4,0.213333333333,0.153846153846,2,0.0121212121212,0.205555555556,11,11,11,1,0,0.0909090909091,0.636363636364,0.272727272727,-3,-0.0272727272727,0.133884297521,-0.545454545455,-0.3,-0.375,-0.389190409368,-0.0439221612377,-0.0368983957219,-0.347548883978,-0.111544284527,-0.0689839572193,-0.367518585835,-0.0495111164884,-0.0229946524064,0.196768572961,0.0472964236795,0.854545454545,0.133884297521,0.196768572961,0.854545454545,-0.285714285714,-0.246153846154,-6,-0.0363636363636,-0.05,0,0,0,17,0,3,90,0.85,1,0,0.15,1,0.85,0.918918918919,0.906962317388,0.85,0.85,4,7,0,0,0,0
775,WLNM_dir_neg,0.857142857143,0.703555967842,00:00:02,10,20,37,1172860586,threshold_sweep,0.1,1,0.714285714286,0.833333333333,5,0,2,14,0.714285714286,1,0,0.285714285714,1,0.714285714286,0.833333333333,0.904761904762,0.587301587302,0.769230769231,0.790569415042,0.714285714286,20,13,7,0,20,0,13,0,7,11,20,0.181818181818,3.04338842975,3.63636363636,2,2.5,1.68954001271,0.464623503495,0.245454545455,1.16774841624,0.642261628933,0.336363636364,1.94000937205,1.06700515463,0.536363636364,1.05689877454,0.347276990411,3.54545454545,3.04338842975,1.05689877454,3.54545454545,0.499047619048,0.4,8,0.0484848484848,0.255555555556,11,11,11,1,0,0.0909090909091,0.636363636364,0.272727272727,11,0.118181818182,3.72727272727,2.36363636364,1.3,1.625,1.43336856898,0.6064251638,0.286713286713,0.603022689156,0.510249967747,0.237762237762,1.40129809949,1.18571377649,0.503496503497,2.05382127221,0.551025219373,7,3.72727272727,2.05382127221,7,0,0,0,0,0.22962962963,11,11,11,1,0,0.0909090909091,0.636363636364,0.272727272727,11,18,0.163636363636,3.11363636364,3.27272727273,1.8,2.25,1.42062726223,0.434080552347,0.227272727273,0.924416277737,0.564921058617,0.292929292929,1.68954001271,1.03249667443,0.525252525253,1.14353419474,0.367266456706,3.875,3.11363636364,1.14353419474,3.875,0.366666666667,0.266666666667,4,0.0242424242424,0.221111111111,11,11,11,1,0,0.0909090909091,0.636363636364,0.272727272727,-2,-0.0181818181818,0.0702479338843,-0.363636363636,-0.2,-0.25,-0.268912750482,-0.030542951148,-0.0181818181818,-0.243332138505,-0.0773405703161,-0.0434343434343,-0.250469359339,-0.0345084801933,-0.0111111111111,0.0866354202056,0.0199894662943,0.329545454545,0.0702479338843,0.0866354202056,0.329545454545,-0.132380952381,-0.133333333333,-4,-0.0242424242424,-0.0344444444444,0,0,0,18,0,2,90,0.9,1,0,0.1,1,0.9,0.947368421053,0.938314863257,0.9,0.9,5,7,0,0,0,0
776,WLNM_dir_neg,0.857142857143,0.703555967842,00:00:02,10,20,37,1172860586,threshold_sweep,0.2,1,0.714285714286,0.833333333333,5,0,2,14,0.714285714286,1,0,0.285714285714,1,0.714285714286,0.833333333333,0.904761904762,0.587301587302,0.769230769231,0.790569415042,0.714285714286,20,13,7,0,20,0,13,0,7,11,20,0.181818181818,3.04338842975,3.63636363636,2,2.5,1.68954001271,0.464623503495,0.245454545455,1.16774841624,0.642261628933,0.336363636364,1.94000937205,1.06700515463,0.536363636364,1.05689877454,0.347276990411,3.54545454545,3.04338842975,1.05689877454,3.54545454545,0.499047619048,0.4,8,0.0484848484848,0.255555555556,11,11,11,1,0,0.0909090909091,0.636363636364,0.272727272727,11,0.118181818182,3.72727272727,2.36363636364,1.3,1.625,1.43336856898,0.6064251638,0.286713286713,0.603022689156,0.510249967747,0.237762237762,1.40129809949,1.18571377649,0.503496503497,2.05382127221,0.551025219373,7,3.72727272727,2.05382127221,7,0,0,0,0,0.22962962963,11,11,11,1,0,0.0909090909091,0.636363636364,0.272727272727,11,18,0.163636363636,3.11363636364,3.27272727273,1.8,2.25,1.42062726223,0.434080552347,0.227272727273,0.924416277737,0.564921058617,0.292929292929,1.68954001271,1.03249667443,0.525252525253,1.14353419474,0.367266456706,3.875,3.11363636364,1.14353419474,3.875,0.366666666667,0.266666666667,4,0.0242424242424,0.221111111111,11,11,11,1,0,0.0909090909091,0.636363636364,0.272727272727,-2,-0.0181818181818,0.0702479338843,-0.363636363636,-0.2,-0.25,-0.268912750482,-0.030542951148,-0.0181818181818,-0.243332138505,-0.0773405703161,-0.0434343434343,-0.250469359339,-0.0345084801933,-0.0111111111111,0.0866354202056,0.0199894662943,0.329545454545,0.0702479338843,0.0866354202056,0.329545454545,-0.132380952381,-0.133333333333,-4,-0.0242424242424,-0.0344444444444,0,0,0,18,0,2,90,0.9,1,0,0.1,1,0.9,0.947368421053,0.938314863257,0.9,0.9,5,7,0,0,0,0
777,WLNM_dir_neg,0.857142857143,0.703555967842,00:00:02,10,20,37,1172860586,threshold_sweep,0.3,1,0.714285714286,0.833333333333,5,0,2,14,0.714285714286,1,0,0.285714285714,1,0.714285714286,0.833333333333,0.904761904762,0.587301587302,0.769230769231,0.790569415042,0.714285714286,20,13,7,0,20,0,13,0,7,11,20,0.181818181818,3.04338842975,3.63636363636,2,2.5,1.68954001271,0.464623503495,0.245454545455,1.16774841624,0.642261628933,0.336363636364,1.94000937205,1.06700515463,0.536363636364,1.05689877454,0.347276990411,3.54545454545,3.04338842975,1.05689877454,3.54545454545,0.499047619048,0.4,8,0.0484848484848,0.255555555556,11,11,11,1,0,0.0909090909091,0.636363636364,0.272727272727,11,0.118181818182,3.72727272727,2.36363636364,1.3,1.625,1.43336856898,0.6064251638,0.286713286713,0.603022689156,0.510249967747,0.237762237762,1.40129809949,1.18571377649,0.503496503497,2.05382127221,0.551025219373,7,3.72727272727,2.05382127221,7,0,0,0,0,0.22962962963,11,11,11,1,0,0.0909090909091,0.636363636364,0.272727272727,11,18,0.163636363636,3.11363636364,3.27272727273,1.8,2.25,1.42062726223,0.434080552347,0.227272727273,0.924416277737,0.564921058617,0.292929292929,1.68954001271,1.03249667443,0.525252525253,1.14353419474,0.367266456706,3.875,3.11363636364,1.14353419474,3.875,0.366666666667,0.266666666667,4,0.0242424242424,0.221111111111,11,11,11,1,0,0.0909090909091,0.636363636364,0.272727272727,-2,-0.0181818181818,0.0702479338843,-0.363636363636,-0.2,-0.25,-0.268912750482,-0.030542951148,-0.0181818181818,-0.243332138505,-0.0773405703161,-0.0434343434343,-0.250469359339,-0.0345084801933,-0.0111111111111,0.0866354202056,0.0199894662943,0.329545454545,0.0702479338843,0.0866354202056,0.329545454545,-0.132380952381,-0.133333333333,-4,-0.0242424242424,-0.0344444444444,0,0,0,18,0,2,90,0.9,1,0,0.1,1,0.9,0.947368421053,0.938314863257,0.9,0.9,5,7,0,0,0,0
778,WLNM_dir_neg,0.857142857143,0.703555967842,00:00:02,10,20,37,1172860586,threshold_sweep,0.4,1,0.714285714286,0.833333333333,5,0,2,14,0.714285714286,1,0,0.285714285714,1,0.714285714286,0.833333333333,0.904761904762,0.587301587302,0.769230769231,0.790569415042,0.714285714286,20,13,7,0,20,0,13,0,7,11,20,0.181818181818,3.04338842975,3.63636363636,2,2.5,1.68954001271,0.464623503495,0.245454545455,1.16774841624,0.642261628933,0.336363636364,1.94000937205,1.06700515463,0.536363636364,1.05689877454,0.347276990411,3.54545454545,3.04338842975,1.05689877454,3.54545454545,0.499047619048,0.4,8,0.0484848484848,0.255555555556,11,11,11,1,0,0.0909090909091,0.636363636364,0.272727272727,11,0.118181818182,3.72727272727,2.36363636364,1.3,1.625,1.43336856898,0.6064251638,0.286713286713,0.603022689156,0.510249967747,0.237762237762,1.40129809949,1.18571377649,0.503496503497,2.05382127221,0.551025219373,7,3.72727272727,2.05382127221,7,0,0,0,0,0.22962962963,11,11,11,1,0,0.0909090909091,0.636363636364,0.272727272727,11,18,0.163636363636,3.11363636364,3.27272727273,1.8,2.25,1.42062726223,0.434080552347,0.227272727273,0.924416277737,0.564921058617,0.292929292929,1.68954001271,1.03249667443,0.525252525253,1.14353419474,0.367266456706,3.875,3.11363636364,1.14353419474,3.875,0.366666666667,0.266666666667,4,0.0242424242424,0.221111111111,11,11,11,1,0,0.0909090909091,0.636363636364,0.272727272727,-2,-0.0181818181818,0.0702479338843,-0.363636363636,-0.2,-0.25,-0.268912750482,-0.030542951148,-0.0181818181818,-0.243332138505,-0.0773405703161,-0.0434343434343,-0.250469359339,-0.0345084801933,-0.0111111111111,0.0866354202056,0.0199894662943,0.329545454545,0.0702479338843,0.0866354202056,0.329545454545,-0.132380952381,-0.133333333333,-4,-0.0242424242424,-0.0344444444444,0,0,0,18,0,2,90,0.9,1,0,0.1,1,0.9,0.947368421053,0.938314863257,0.9,0.9,5,7,0,0,0,0
779,WLNM_dir_neg,0.857142857143,0.703555967842,00:00:02,10,20,37,1172860586,threshold_sweep,0.5,1,0.714285714286,0.833333333333,5,0,2,14,0.714285714286,1,0,0.285714285714,1,0.714285714286,0.833333333333,0.904761904762,0.587301587302,0.769230769231,0.790569415042,0.714285714286,20,13,7,0,20,0,13,0,7,11,20,0.181818181818,3.04338842975,3.63636363636,2,2.5,1.68954001271,0.464623503495,0.245454545455,1.16774841624,0.642261628933,0.336363636364,1.94000937205,1.06700515463,0.536363636364,1.05689877454,0.347276990411,3.54545454545,3.04338842975,1.05689877454,3.54545454545,0.499047619048,0.4,8,0.0484848484848,0.255555555556,11,11,11,1,0,0.0909090909091,0.636363636364,0.272727272727,11,0.118181818182,3.72727272727,2.36363636364,1.3,1.625,1.43336856898,0.6064251638,0.286713286713,0.603022689156,0.510249967747,0.237762237762,1.40129809949,1.18571377649,0.503496503497,2.05382127221,0.551025219373,7,3.72727272727,2.05382127221,7,0,0,0,0,0.22962962963,11,11,11,1,0,0.0909090909091,0.636363636364,0.272727272727,11,18,0.163636363636,3.11363636364,3.27272727273,1.8,2.25,1.42062726223,0.434080552347,0.227272727273,0.924416277737,0.564921058617,0.292929292929,1.68954001271,1.03249667443,0.525252525253,1.14353419474,0.367266456706,3.875,3.11363636364,1.14353419474,3.875,0.366666666667,0.266666666667,4,0.0242424242424,0.221111111111,11,11,11,1,0,0.0909090909091,0.636363636364,0.272727272727,-2,-0.0181818181818,0.0702479338843,-0.363636363636,-0.2,-0.25,-0.268912750482,-0.030542951148,-0.0181818181818,-0.243332138505,-0.0773405703161,-0.0434343434343,-0.250469359339,-0.0345084801933,-0.0111111111111,0.0866354202056,0.0199894662943,0.329545454545,0.0702479338843,0.0866354202056,0.329545454545,-0.132380952381,-0.133333333333,-4,-0.0242424242424,-0.0344444444444,0,0,0,18,0,2,90,0.9,1,0,0.1,1,0.9,0.947368421053,0.938314863257,0.9,0.9,5,7,0,0,0,0
780,WLNM_dir_neg,0.857142857143,0.703555967842,00:00:02,10,20,37,1172860586,threshold_sweep,0.6,1,0.714285714286,0.833333333333,5,0,2,14,0.714285714286,1,0,0.285714285714,1,0.714285714286,0.833333333333,0.904761904762,0.587301587302,0.769230769231,0.790569415042,0.714285714286,20,13,7,0,20,0,13,0,7,11,20,0.181818181818,3.04338842975,3.63636363636,2,2.5,1.68954001271,0.464623503495,0.245454545455,1.16774841624,0.642261628933,0.336363636364,1.94000937205,1.06700515463,0.536363636364,1.05689877454,0.347276990411,3.54545454545,3.04338842975,1.05689877454,3.54545454545,0.499047619048,0.4,8,0.0484848484848,0.255555555556,11,11,11,1,0,0.0909090909091,0.636363636364,0.272727272727,11,0.118181818182,3.72727272727,2.36363636364,1.3,1.625,1.43336856898,0.6064251638,0.286713286713,0.603022689156,0.510249967747,0.237762237762,1.40129809949,1.18571377649,0.503496503497,2.05382127221,0.551025219373,7,3.72727272727,2.05382127221,7,0,0,0,0,0.22962962963,11,11,11,1,0,0.0909090909091,0.636363636364,0.272727272727,11,18,0.163636363636,3.11363636364,3.27272727273,1.8,2.25,1.42062726223,0.434080552347,0.227272727273,0.924416277737,0.564921058617,0.292929292929,1.68954001271,1.03249667443,0.525252525253,1.14353419474,0.367266456706,3.875,3.11363636364,1.14353419474,3.875,0.366666666667,0.266666666667,4,0.0242424242424,0.221111111111,11,11,11,1,0,0.0909090909091,0.636363636364,0.272727272727,-2,-0.0181818181818,0.0702479338843,-0.363636363636,-0.2,-0.25,-0.268912750482,-0.030542951148,-0.0181818181818,-0.243332138505,-0.0773405703161,-0.0434343434343,-0.250469359339,-0.0345084801933,-0.0111111111111,0.0866354202056,0.0199894662943,0.329545454545,0.0702479338843,0.0866354202056,0.329545454545,-0.132380952381,-0.133333333333,-4,-0.0242424242424,-0.0344444444444,0,0,0,18,0,2,90,0.9,1,0,0.1,1,0.9,0.947368421053,0.938314863257,0.9,0.9,5,7,0,0,0,0
781,WLNM_dir_neg,0.857142857143,0.703555967842,00:00:02,10,20,37,1172860586,threshold_sweep,0.7,1,0.714285714286,0.833333333333,5,0,2,14,0.714285714286,1,0,0.285714285714,1,0.714285714286,0.833333333333,0.904761904762,0.587301587302,0.769230769231,0.790569415042,0.714285714286,20,13,7,0,20,0,13,0,7,11,20,0.181818181818,3.04338842975,3.63636363636,2,2.5,1.68954001271,0.464623503495,0.245454545455,1.16774841624,0.642261628933,0.336363636364,1.94000937205,1.06700515463,0.536363636364,1.05689877454,0.347276990411,3.54545454545,3.04338842975,1.05689877454,3.54545454545,0.499047619048,0.4,8,0.0484848484848,0.255555555556,11,11,11,1,0,0.0909090909091,0.636363636364,0.272727272727,11,0.118181818182,3.72727272727,2.36363636364,1.3,1.625,1.43336856898,0.6064251638,0.286713286713,0.603022689156,0.510249967747,0.237762237762,1.40129809949,1.18571377649,0.503496503497,2.05382127221,0.551025219373,7,3.72727272727,2.05382127221,7,0,0,0,0,0.22962962963,11,11,11,1,0,0.0909090909091,0.636363636364,0.272727272727,11,18,0.163636363636,3.11363636364,3.27272727273,1.8,2.25,1.42062726223,0.434080552347,0.227272727273,0.924416277737,0.564921058617,0.292929292929,1.68954001271,1.03249667443,0.525252525253,1.14353419474,0.367266456706,3.875,3.11363636364,1.14353419474,3.875,0.366666666667,0.266666666667,4,0.0242424242424,0.221111111111,11,11,11,1,0,0.0909090909091,0.636363636364,0.272727272727,-2,-0.0181818181818,0.0702479338843,-0.363636363636,-0.2,-0.25,-0.268912750482,-0.030542951148,-0.0181818181818,-0.243332138505,-0.0773405703161,-0.0434343434343,-0.250469359339,-0.0345084801933,-0.0111111111111,0.0866354202056,0.0199894662943,0.329545454545,0.0702479338843,0.0866354202056,0.329545454545,-0.132380952381,-0.133333333333,-4,-0.0242424242424,-0.0344444444444,0,0,0,18,0,2,90,0.9,1,0,0.1,1,0.9,0.947368421053,0.938314863257,0.9,0.9,5,7,0,0,0,0
782,WLNM_dir_neg,0.857142857143,0.703555967842,00:00:02,10,20,37,1172860586,threshold_sweep,0.8,1,0.714285714286,0.833333333333,5,0,2,14,0.714285714286,1,0,0.285714285714,1,0.714285714286,0.833333333333,0.904761904762,0.587301587302,0.769230769231,0.790569415042,0.714285714286,20,13,7,0,20,0,13,0,7,11,20,0.181818181818,3.04338842975,3.63636363636,2,2.5,1.68954001271,0.464623503495,0.245454545455,1.16774841624,0.642261628933,0.336363636364,1.94000937205,1.06700515463,0.536363636364,1.05689877454,0.347276990411,3.54545454545,3.04338842975,1.05689877454,3.54545454545,0.499047619048,0.4,8,0.0484848484848,0.255555555556,11,11,11,1,0,0.0909090909091,0.636363636364,0.272727272727,11,0.118181818182,3.72727272727,2.36363636364,1.3,1.625,1.43336856898,0.6064251638,0.286713286713,0.603022689156,0.510249967747,0.237762237762,1.40129809949,1.18571377649,0.503496503497,2.05382127221,0.551025219373,7,3.72727272727,2.05382127221,7,0,0,0,0,0.22962962963,11,11,11,1,0,0.0909090909091,0.636363636364,0.272727272727,11,18,0.163636363636,3.11363636364,3.27272727273,1.8,2.25,1.42062726223,0.434080552347,0.227272727273,0.924416277737,0.564921058617,0.292929292929,1.68954001271,1.03249667443,0.525252525253,1.14353419474,0.367266456706,3.875,3.11363636364,1.14353419474,3.875,0.366666666667,0.266666666667,4,0.0242424242424,0.221111111111,11,11,11,1,0,0.0909090909091,0.636363636364,0.272727272727,-2,-0.0181818181818,0.0702479338843,-0.363636363636,-0.2,-0.25,-0.268912750482,-0.030542951148,-0.0181818181818,-0.243332138505,-0.0773405703161,-0.0434343434343,-0.250469359339,-0.0345084801933,-0.0111111111111,0.0866354202056,0.0199894662943,0.329545454545,0.0702479338843,0.0866354202056,0.329545454545,-0.132380952381,-0.133333333333,-4,-0.0242424242424,-0.0344444444444,0,0,0,18,0,2,90,0.9,1,0,0.1,1,0.9,0.947368421053,0.938314863257,0.9,0.9,5,7,0,0,0,0
783,WLNM_dir_neg,0.857142857143,0.703555967842,00:00:02,10,20,37,1172860586,threshold_sweep,0.9,1,0.714285714286,0.833333333333,5,0,2,14,0.714285714286,1,0,0.285714285714,1,0.714285714286,0.833333333333,0.904761904762,0.587301587302,0.769230769231,0.790569415042,0.714285714286,20,13,7,0,20,0,13,0,7,11,20,0.181818181818,3.04338842975,3.63636363636,2,2.5,1.68954001271,0.464623503495,0.245454545455,1.16774841624,0.642261628933,0.336363636364,1.94000937205,1.06700515463,0.536363636364,1.05689877454,0.347276990411,3.54545454545,3.04338842975,1.05689877454,3.54545454545,0.499047619048,0.4,8,0.0484848484848,0.255555555556,11,11,11,1,0,0.0909090909091,0.636363636364,0.272727272727,11,0.118181818182,3.72727272727,2.36363636364,1.3,1.625,1.43336856898,0.6064251638,0.286713286713,0.603022689156,0.510249967747,0.237762237762,1.40129809949,1.18571377649,0.503496503497,2.05382127221,0.551025219373,7,3.72727272727,2.05382127221,7,0,0,0,0,0.22962962963,11,11,11,1,0,0.0909090909091,0.636363636364,0.272727272727,11,18,0.163636363636,3.11363636364,3.27272727273,1.8,2.25,1.42062726223,0.434080552347,0.227272727273,0.924416277737,0.564921058617,0.292929292929,1.68954001271,1.03249667443,0.525252525253,1.14353419474,0.367266456706,3.875,3.11363636364,1.14353419474,3.875,0.366666666667,0.266666666667,4,0.0242424242424,0.221111111111,11,11,11,1,0,0.0909090909091,0.636363636364,0.272727272727,-2,-0.0181818181818,0.0702479338843,-0.363636363636,-0.2,-0.25,-0.268912750482,-0.030542951148,-0.0181818181818,-0.243332138505,-0.0773405703161,-0.0434343434343,-0.250469359339,-0.0345084801933,-0.0111111111111,0.0866354202056,0.0199894662943,0.329545454545,0.0702479338843,0.0866354202056,0.329545454545,-0.132380952381,-0.133333333333,-4,-0.0242424242424,-0.0344444444444,0,0,0,18,0,2,90,0.9,1,0,0.1,1,0.9,0.947368421053,0.938314863257,0.9,0.9,5,7,0,0,0,0
784,WLNM_dir_neg,0.826530612245,0.66726844584,00:00:02,10,20,38,1172860587,threshold_sweep,0.1,0.833333333333,0.714285714286,0.769230769231,5,1,2,13,0.714285714286,0.928571428571,0.0714285714286,0.285714285714,0.833333333333,0.714285714286,0.769230769231,0.857142857143,0.571428571429,0.666666666667,0.67082039325,0.642857142857,20,13,7,0,20,0,13,0,7,11,20,0.181818181818,3.04338842975,3.63636363636,2,2.5,1.68954001271,0.464623503495,0.245454545455,1.16774841624,0.642261628933,0.336363636364,1.94000937205,1.06700515463,0.536363636364,1.05689877454,0.347276990411,3.54545454545,3.04338842975,1.05689877454,3.54545454545,0.499047619048,0.4,8,0.0484848484848,0.255555555556,11,11,11,1,0,0.0909090909091,0.636363636364,0.272727272727,11,0.118181818182,3.72727272727,2.36363636364,1.3,1.625,1.43336856898,0.6064251638,0.286713286713,0.603022689156,0.510249967747,0.237762237762,1.40129809949,1.18571377649,0.503496503497,2.05382127221,0.551025219373,7,3.72727272727,2.05382127221,7,0,0,0,0,0.22962962963,11,11,11,1,0,0.0909090909091,0.636363636364,0.272727272727,11,19,0.172727272727,4.70454545455,3.45454545455,1.9,2.375,1.7529196424,0.507424107012,0.258373205742,0.904534033733,0.523677598477,0.267942583732,1.84883255547,1.07037674264,0.535885167464,1.66608891501,0.354144503674,5.875,4.70454545455,1.66608891501,5.875,0.366666666667,0.266666666667,4,0.0242424242424,0.23962962963,11,11,11,1,0,0.0909090909091,0.636363636364,0.272727272727,-1,-0.00909090909091,1.66115702479,-0.181818181818,-0.1,-0.125,0.0633796296952,0.0428006035168,0.0129186602871,-0.263214382509,-0.118584030456,-0.0684210526316,-0.0911768165742,0.00337158801632,-0.000478468899521,0.609190140475,0.00686751326282,2.32954545455,1.66115702479,0.609190140475,2.32954545455,-0.132380952381,-0.133333333333,-4,-0.0242424242424,-0.0159259259259,0,0,0,18,1,2,89,0.9,0.988888888889,0.0111111111111,0.1,0.947368421053,0.9,0.923076923077,0.906956031802,0.888888888889,0.857142857143,6,7,0,0,0,0
785,WLNM_dir_neg,0.826530612245,0.66726844584,00:00:02,10,20,38,1172860587,threshold_sweep,0.2,0.833333333333,0.714285714286,0.769230769231,5,1,2,13,0.714285714286,0.928571428571,0.0714285714286,0.285714285714,0.833333333333,0.714285714286,0.769230769231,0.857142857143,0.571428571429,0.666666666667,0.67082039325,0.642857142857,20,13,7,0,20,0,13,0,7,11,20,0.181818181818,3.04338842975,3.63636363636,2,2.5,1.68954001271,0.464623503495,0.245454545455,1.16774841624,0.642261628933,0.336363636364,1.94000937205,1.06700515463,0.536363636364,1.05689877454,0.347276990411,3.54545454545,3.04338842975,1.05689877454,3.54545454545,0.499047619048,0.4,8,0.0484848484848,0.255555555556,11,11,11,1,0,0.0909090909091,0.636363636364,0.272727272727,11,0.118181818182,3.72727272727,2.36363636364,1.3,1.625,1.43336856898,0.6064251638,0.286713286713,0.603022689156,0.510249967747,0.237762237762,1.40129809949,1.18571377649,0.503496503497,2.05382127221,0.551025219373,7,3.72727272727,2.05382127221,7,0,0,0,0,0.22962962963,11,11,11,1,0,0.0909090909091,0.636363636364,0.272727272727,11,19,0.172727272727,4.70454545455,3.45454545455,1.9,2.375,1.7529196424,0.507424107012,0.258373205742,0.904534033733,0.523677598477,0.267942583732,1.84883255547,1.07037674264,0.535885167464,1.66608891501,0.354144503674,5.875,4.70454545455,1.66608891501,5.875,0.366666666667,0.266666666667,4,0.0242424242424,0.23962962963,11,11,11,1,0,0.0909090909091,0.636363636364,0.272727272727,-1,-0.00909090909091,1.66115702479,-0.181818181818,-0.1,-0.125,0.0633796296952,0.0428006035168,0.0129186602871,-0.263214382509,-0.118584030456,-0.0684210526316,-0.0911768165742,0.00337158801632,-0.000478468899521,0.609190140475,0.00686751326282,2.32954545455,1.66115702479,0.609190140475,2.32954545455,-0.132380952381,-0.133333333333,-4,-0.0242424242424,-0.0159259259259,0,0,0,18,1,2,89,0.9,0.988888888889,0.0111111111111,0.1,0.947368421053,0.9,0.923076923077,0.906956031802,0.888888888889,0.857142857143,6,7,0,0,0,0
786,WLNM_dir_neg,0.826530612245,0.66726844584,00:00:02,10,20,38,1172860587,threshold_sweep,0.3,0.833333333333,0.714285714286,0.769230769231,5,1,2,13,0.714285714286,0.928571428571,0.0714285714286,0.285714285714,0.833333333333,0.714285714286,0.769230769231,0.857142857143,0.571428571429,0.666666666667,0.67082039325,0.642857142857,20,13,7,0,20,0,13,0,7,11,20,0.181818181818,3.04338842975,3.63636363636,2,2.5,1.68954001271,0.464623503495,0.245454545455,1.16774841624,0.642261628933,0.336363636364,1.94000937205,1.06700515463,0.536363636364,1.05689877454,0.347276990411,3.54545454545,3.04338842975,1.05689877454,3.54545454545,0.499047619048,0.4,8,0.0484848484848,0.255555555556,11,11,11,1,0,0.0909090909091,0.636363636364,0.272727272727,11,0.118181818182,3.72727272727,2.36363636364,1.3,1.625,1.43336856898,0.6064251638,0.286713286713,0.603022689156,0.510249967747,0.237762237762,1.40129809949,1.18571377649,0.503496503497,2.05382127221,0.551025219373,7,3.72727272727,2.05382127221,7,0,0,0,0,0.22962962963,11,11,11,1,0,0.0909090909091,0.636363636364,0.272727272727,11,19,0.172727272727,4.70454545455,3.45454545455,1.9,2.375,1.7529196424,0.507424107012,0.258373205742,0.904534033733,0.523677598477,0.267942583732,1.84883255547,1.07037674264,0.535885167464,1.66608891501,0.354144503674,5.875,4.70454545455,1.66608891501,5.875,0.366666666667,0.266666666667,4,0.0242424242424,0.23962962963,11,11,11,1,0,0.0909090909091,0.636363636364,0.272727272727,-1,-0.00909090909091,1.66115702479,-0.181818181818,-0.1,-0.125,0.0633796296952,0.0428006035168,0.0129186602871,-0.263214382509,-0.118584030456,-0.0684210526316,-0.0911768165742,0.00337158801632,-0.000478468899521,0.609190140475,0.00686751326282,2.32954545455,1.66115702479,0.609190140475,2.32954545455,-0.132380952381,-0.133333333333,-4,-0.0242424242424,-0.0159259259259,0,0,0,18,1,2,89,0.9,0.988888888889,0.0111111111111,0.1,0.947368421053,0.9,0.923076923077,0.906956031802,0.888888888889,0.857142857143,6,7,0,0,0,0
787,WLNM_dir_neg,0.826530612245,0.66726844584,00:00:02,10,20,38,1172860587,threshold_sweep,0.4,0.8,0.571428571429,0.666666666667,4,1,3,13,0.571428571429,0.928571428571,0.0714285714286,0.428571428571,0.8,0.571428571429,0.666666666667,0.809523809524,0.587301587302,0.538461538462,0.553398590529,0.5,20,13,7,0,20,0,13,0,7,11,20,0.181818181818,3.04338842975,3.63636363636,2,2.5,1.68954001271,0.464623503495,0.245454545455,1.16774841624,0.642261628933,0.336363636364,1.94000937205,1.06700515463,0.536363636364,1.05689877454,0.347276990411,3.54545454545,3.04338842975,1.05689877454,3.54545454545,0.499047619048,0.4,8,0.0484848484848,0.255555555556,11,11,11,1,0,0.0909090909091,0.636363636364,0.272727272727,11,0.118181818182,3.72727272727,2.36363636364,1.3,1.625,1.43336856898,0.6064251638,0.286713286713,0.603022689156,0.510249967747,0.237762237762,1.40129809949,1.18571377649,0.503496503497,2.05382127221,0.551025219373,7,3.72727272727,2.05382127221,7,0,0,0,0,0.22962962963,11,11,11,1,0,0.0909090909091,0.636363636364,0.272727272727,11,18,0.163636363636,4.76818181818,3.27272727273,1.8,2.25,1.61807966991,0.494413232473,0.242424242424,0.809039834956,0.494413232473,0.242424242424,1.68954001271,1.03249667443,0.525252525253,1.75986828019,0.369085816628,6.4,4.76818181818,1.75986828019,6.4,0.213333333333,0.153846153846,2,0.0121212121212,0.218518518519,11,11,11,1,0,0.0909090909091,0.636363636364,0.272727272727,-2,-0.0181818181818,1.72479338843,-0.363636363636,-0.2,-0.25,-0.0714603427974,0.029789728978,-0.0030303030303,-0.358708581286,-0.14784839646,-0.0939393939394,-0.250469359339,-0.0345084801933,-0.0111111111111,0.702969505658,0.0218088262168,2.85454545455,1.72479338843,0.702969505658,2.85454545455,-0.285714285714,-0.246153846154,-6,-0.0363636363636,-0.037037037037,0,0,0,17,1,3,89,0.85,0.988888888889,0.0111111111111,0.15,0.944444444444,0.85,0.894736842105,0.874602125628,0.838888888889,0.809523809524,5,7,0,0,0,0
788,WLNM_dir_neg,0.826530612245,0.66726844584,00:00:02,10,20,38,1172860587,threshold_sweep,0.5,0.8,0.571428571429,0.666666666667,4,1,3,13,0.571428571429,0.928571428571,0.0714285714286,0.428571428571,0.8,0.571428571429,0.666666666667,0.809523809524,0.587301587302,0.538461538462,0.553398590529,0.5,20,13,7,0,20,0,13,0,7,11,20,0.181818181818,3.04338842975,3.63636363636,2,2.5,1.68954001271,0.464623503495,0.245454545455,1.16774841624,0.642261628933,0.336363636364,1.94000937205,1.06700515463,0.536363636364,1.05689877454,0.347276990411,3.54545454545,3.04338842975,1.05689877454,3.54545454545,0.499047619048,0.4,8,0.0484848484848,0.255555555556,11,11,11,1,0,0.0909090909091,0.636363636364,0.272727272727,11,0.118181818182,3.72727272727,2.36363636364,1.3,1.625,1.43336856898,0.6064251638,0.286713286713,0.603022689156,0.510249967747,0.237762237762,1.40129809949,1.18571377649,0.503496503497,2.05382127221,0.551025219373,7,3.72727272727,2.05382127221,7,0,0,0,0,0.22962962963,11,11,11,1,0,0.0909090909091,0.636363636364,0.272727272727,11,18,0.163636363636,4.76818181818,3.27272727273,1.8,2.25,1.61807966991,0.494413232473,0.242424242424,0.809039834956,0.494413232473,0.242424242424,1.68954001271,1.03249667443,0.525252525253,1.75986828019,0.369085816628,6.4,4.76818181818,1.75986828019,6.4,0.213333333333,0.153846153846,2,0.0121212121212,0.218518518519,11,11,11,1,0,0.0909090909091,0.636363636364,0.272727272727,-2,-0.0181818181818,1.72479338843,-0.363636363636,-0.2,-0.25,-0.0714603427974,0.029789728978,-0.0030303030303,-0.358708581286,-0.14784839646,-0.0939393939394,-0.250469359339,-0.0345084801933,-0.0111111111111,0.702969505658,0.0218088262168,2.85454545455,1.72479338843,0.702969505658,2.85454545455,-0.285714285714,-0.246153846154,-6,-0.0363636363636,-0.037037037037,0,0,0,17,1,3,89,0.85,0.988888888889,0.0111111111111,0.15,0.944444444444,0.85,0.894736842105,0.874602125628,0.838888888889,0.809523809524,5,7,0,0,0,0
789,WLNM_dir_neg,0.826530612245,0.66726844584,00:00:02,10,20,38,1172860587,threshold_sweep,0.6,0.8,0.571428571429,0.666666666667,4,1,3,13,0.571428571429,0.928571428571,0.0714285714286,0.428571428571,0.8,0.571428571429,0.666666666667,0.809523809524,0.587301587302,0.538461538462,0.553398590529,0.5,20,13,7,0,20,0,13,0,7,11,20,0.181818181818,3.04338842975,3.63636363636,2,2.5,1.68954001271,0.464623503495,0.245454545455,1.16774841624,0.642261628933,0.336363636364,1.94000937205,1.06700515463,0.536363636364,1.05689877454,0.347276990411,3.54545454545,3.04338842975,1.05689877454,3.54545454545,0.499047619048,0.4,8,0.0484848484848,0.255555555556,11,11,11,1,0,0.0909090909091,0.636363636364,0.272727272727,11,0.118181818182,3.72727272727,2.36363636364,1.3,1.625,1.43336856898,0.6064251638,0.286713286713,0.603022689156,0.510249967747,0.237762237762,1.40129809949,1.18571377649,0.503496503497,2.05382127221,0.551025219373,7,3.72727272727,2.05382127221,7,0,0,0,0,0.22962962963,11,11,11,1,0,0.0909090909091,0.636363636364,0.272727272727,11,18,0.163636363636,4.76818181818,3.27272727273,1.8,2.25,1.61807966991,0.494413232473,0.242424242424,0.809039834956,0.494413232473,0.242424242424,1.68954001271,1.03249667443,0.525252525253,1.75986828019,0.369085816628,6.4,4.76818181818,1.75986828019,6.4,0.213333333333,0.153846153846,2,0.0121212121212,0.218518518519,11,11,11,1,0,0.0909090909091,0.636363636364,0.272727272727,-2,-0.0181818181818,1.72479338843,-0.363636363636,-0.2,-0.25,-0.0714603427974,0.029789728978,-0.0030303030303,-0.358708581286,-0.14784839646,-0.0939393939394,-0.250469359339,-0.0345084801933,-0.0111111111111,0.702969505658,0.0218088262168,2.85454545455,1.72479338843,0.702969505658,2.85454545455,-0.285714285714,-0.246153846154,-6,-0.0363636363636,-0.037037037037,0,0,0,17,1,3,89,0.85,0.988888888889,0.0111111111111,0.15,0.944444444444,0.85,0.894736842105,0.874602125628,0.838888888889,0.809523809524,5,7,0,0,0,0
790,WLNM_dir_neg,0.826530612245,0.66726844584,00:00:02,10,20,38,1172860587,threshold_sweep,0.7,0.8,0.571428571429,0.666666666667,4,1,3,13,0.571428571429,0.928571428571,0.0714285714286,0.428571428571,0.8,0.571428571429,0.666666666667,0.809523809524,0.587301587302,0.538461538462,0.553398590529,0.5,20,13,7,0,20,0,13,0,7,11,20,0.181818181818,3.04338842975,3.63636363636,2,2.5,1.68954001271,0.464623503495,0.245454545455,1.16774841624,0.642261628933,0.336363636364,1.94000937205,1.06700515463,0.536363636364,1.05689877454,0.347276990411,3.54545454545,3.04338842975,1.05689877454,3.54545454545,0.499047619048,0.4,8,0.0484848484848,0.255555555556,11,11,11,1,0,0.0909090909091,0.636363636364,0.272727272727,11,0.118181818182,3.72727272727,2.36363636364,1.3,1.625,1.43336856898,0.6064251638,0.286713286713,0.603022689156,0.510249967747,0.237762237762,1.40129809949,1.18571377649,0.503496503497,2.05382127221,0.551025219373,7,3.72727272727,2.05382127221,7,0,0,0,0,0.22962962963,11,11,11,1,0,0.0909090909091,0.636363636364,0.272727272727,11,18,0.163636363636,4.76818181818,3.27272727273,1.8,2.25,1.61807966991,0.494413232473,0.242424242424,0.809039834956,0.494413232473,0.242424242424,1.68954001271,1.03249667443,0.525252525253,1.75986828019,0.369085816628,6.4,4.76818181818,1.75986828019,6.4,0.213333333333,0.153846153846,2,0.0121212121212,0.218518518519,11,11,11,1,0,0.0909090909091,0.636363636364,0.272727272727,-2,-0.0181818181818,1.72479338843,-0.363636363636,-0.2,-0.25,-0.0714603427974,0.029789728978,-0.0030303030303,-0.358708581286,-0.14784839646,-0.0939393939394,-0.250469359339,-0.0345084801933,-0.0111111111111,0.702969505658,0.0218088262168,2.85454545455,1.72479338843,0.702969505658,2.85454545455,-0.285714285714,-0.246153846154,-6,-0.0363636363636,-0.037037037037,0,0,0,17,1,3,89,0.85,0.988888888889,0.0111111111111,0.15,0.944444444444,0.85,0.894736842105,0.874602125628,0.838888888889,0.809523809524,5,7,0,0,0,0
791,WLNM_dir_neg,0.826530612245,0.66726844584,00:00:02,10,20,38,1172860587,threshold_sweep,0.8,0.8,0.571428571429,0.666666666667,4,1,3,13,0.571428571429,0.928571428571,0.0714285714286,0.428571428571,0.8,0.571428571429,0.666666666667,0.809523809524,0.587301587302,0.538461538462,0.553398590529,0.5,20,13,7,0,20,0,13,0,7,11,20,0.181818181818,3.04338842975,3.63636363636,2,2.5,1.68954001271,0.464623503495,0.245454545455,1.16774841624,0.642261628933,0.336363636364,1.94000937205,1.06700515463,0.536363636364,1.05689877454,0.347276990411,3.54545454545,3.04338842975,1.05689877454,3.54545454545,0.499047619048,0.4,8,0.0484848484848,0.255555555556,11,11,11,1,0,0.0909090909091,0.636363636364,0.272727272727,11,0.118181818182,3.72727272727,2.36363636364,1.3,1.625,1.43336856898,0.6064251638,0.286713286713,0.603022689156,0.510249967747,0.237762237762,1.40129809949,1.18571377649,0.503496503497,2.05382127221,0.551025219373,7,3.72727272727,2.05382127221,7,0,0,0,0,0.22962962963,11,11,11,1,0,0.0909090909091,0.636363636364,0.272727272727,11,18,0.163636363636,4.76818181818,3.27272727273,1.8,2.25,1.61807966991,0.494413232473,0.242424242424,0.809039834956,0.494413232473,0.242424242424,1.68954001271,1.03249667443,0.525252525253,1.75986828019,0.369085816628,6.4,4.76818181818,1.75986828019,6.4,0.213333333333,0.153846153846,2,0.0121212121212,0.218518518519,11,11,11,1,0,0.0909090909091,0.636363636364,0.272727272727,-2,-0.0181818181818,1.72479338843,-0.363636363636,-0.2,-0.25,-0.0714603427974,0.029789728978,-0.0030303030303,-0.358708581286,-0.14784839646,-0.0939393939394,-0.250469359339,-0.0345084801933,-0.0111111111111,0.702969505658,0.0218088262168,2.85454545455,1.72479338843,0.702969505658,2.85454545455,-0.285714285714,-0.246153846154,-6,-0.0363636363636,-0.037037037037,0,0,0,17,1,3,89,0.85,0.988888888889,0.0111111111111,0.15,0.944444444444,0.85,0.894736842105,0.874602125628,0.838888888889,0.809523809524,5,7,0,0,0,0
792,WLNM_dir_neg,0.826530612245,0.66726844584,00:00:02,10,20,38,1172860587,threshold_sweep,0.9,0.8,0.571428571429,0.666666666667,4,1,3,13,0.571428571429,0.928571428571,0.0714285714286,0.428571428571,0.8,0.571428571429,0.666666666667,0.809523809524,0.587301587302,0.538461538462,0.553398590529,0.5,20,13,7,0,20,0,13,0,7,11,20,0.181818181818,3.04338842975,3.63636363636,2,2.5,1.68954001271,0.464623503495,0.245454545455,1.16774841624,0.642261628933,0.336363636364,1.94000937205,1.06700515463,0.536363636364,1.05689877454,0.347276990411,3.54545454545,3.04338842975,1.05689877454,3.54545454545,0.499047619048,0.4,8,0.0484848484848,0.255555555556,11,11,11,1,0,0.0909090909091,0.636363636364,0.272727272727,11,0.118181818182,3.72727272727,2.36363636364,1.3,1.625,1.43336856898,0.6064251638,0.286713286713,0.603022689156,0.510249967747,0.237762237762,1.40129809949,1.18571377649,0.503496503497,2.05382127221,0.551025219373,7,3.72727272727,2.05382127221,7,0,0,0,0,0.22962962963,11,11,11,1,0,0.0909090909091,0.636363636364,0.272727272727,11,18,0.163636363636,4.76818181818,3.27272727273,1.8,2.25,1.61807966991,0.494413232473,0.242424242424,0.809039834956,0.494413232473,0.242424242424,1.68954001271,1.03249667443,0.525252525253,1.75986828019,0.369085816628,6.4,4.76818181818,1.75986828019,6.4,0.213333333333,0.153846153846,2,0.0121212121212,0.218518518519,11,11,11,1,0,0.0909090909091,0.636363636364,0.272727272727,-2,-0.0181818181818,1.72479338843,-0.363636363636,-0.2,-0.25,-0.0714603427974,0.029789728978,-0.0030303030303,-0.358708581286,-0.14784839646,-0.0939393939394,-0.250469359339,-0.0345084801933,-0.0111111111111,0.702969505658,0.0218088262168,2.85454545455,1.72479338843,0.702969505658,2.85454545455,-0.285714285714,-0.246153846154,-6,-0.0363636363636,-0.037037037037,0,0,0,17,1,3,89,0.85,0.988888888889,0.0111111111111,0.15,0.944444444444,0.85,0.894736842105,0.874602125628,0.838888888889,0.809523809524,5,7,0,0,0,0
793,WLNM_dir_neg,0.867346938776,0.567192331478,00:00:02,10,20,39,1172860588,threshold_sweep,0.1,0.714285714286,0.714285714286,0.714285714286,5,2,2,12,0.714285714286,0.857142857143,0.142857142857,0.285714285714,0.714285714286,0.714285714286,0.714285714286,0.809523809524,0.555555555556,0.571428571429,0.571428571429,0.571428571429,20,13,7,0,20,0,13,0,7,11,20,0.181818181818,3.04338842975,3.63636363636,2,2.5,1.68954001271,0.464623503495,0.245454545455,1.16774841624,0.642261628933,0.336363636364,1.94000937205,1.06700515463,0.536363636364,1.05689877454,0.347276990411,3.54545454545,3.04338842975,1.05689877454,3.54545454545,0.499047619048,0.4,8,0.0484848484848,0.255555555556,11,11,11,1,0,0.0909090909091,0.636363636364,0.272727272727,11,0.118181818182,3.72727272727,2.36363636364,1.3,1.625,1.43336856898,0.6064251638,0.286713286713,0.603022689156,0.510249967747,0.237762237762,1.40129809949,1.18571377649,0.503496503497,2.05382127221,0.551025219373,7,3.72727272727,2.05382127221,7,0,0,0,0,0.22962962963,11,11,11,1,0,0.0909090909091,0.636363636364,0.272727272727,11,20,0.181818181818,NaN,3.63636363636,1.81818181818,2.5,1.50151438706,0.412916456441,0.218181818182,0.873862897505,0.480624593628,0.245454545455,1.66241882919,0.914330356053,0.481818181818,NaN,NaN,NaN,NaN,NaN,NaN,0.343333333333,0.267857142857,5,0.030303030303,0.189090909091,11,11,0,1,2,0,0.727272727273,0.272727272727,0,0,NaN,0,-0.181818181818,0,-0.18802562565,-0.0517070470538,-0.0272727272727,-0.293885518737,-0.161637035305,-0.0909090909091,-0.277590542861,-0.152674798574,-0.0545454545455,NaN,NaN,NaN,NaN,NaN,NaN,-0.155714285714,-0.132142857143,-3,-0.0181818181818,-0.0664646464646,-0.0909090909091,0.0909090909091,0,18,2,2,88,0.9,0.977777777778,0.0222222222222,0.1,0.9,0.9,0.9,0.877777777778,0.877777777778,0.818181818182,7,7,0,0,0,0
794,WLNM_dir_neg,0.867346938776,0.567192331478,00:00:02,10,20,39,1172860588,threshold_sweep,0.2,0.714285714286,0.714285714286,0.714285714286,5,2,2,12,0.714285714286,0.857142857143,0.142857142857,0.285714285714,0.714285714286,0.714285714286,0.714285714286,0.809523809524,0.555555555556,0.571428571429,0.571428571429,0.571428571429,20,13,7,0,20,0,13,0,7,11,20,0.181818181818,3.04338842975,3.63636363636,2,2.5,1.68954001271,0.464623503495,0.245454545455,1.16774841624,0.642261628933,0.336363636364,1.94000937205,1.06700515463,0.536363636364,1.05689877454,0.347276990411,3.54545454545,3.04338842975,1.05689877454,3.54545454545,0.499047619048,0.4,8,0.0484848484848,0.255555555556,11,11,11,1,0,0.0909090909091,0.636363636364,0.272727272727,11,0.118181818182,3.72727272727,2.36363636364,1.3,1.625,1.43336856898,0.6064251638,0.286713286713,0.603022689156,0.510249967747,0.237762237762,1.40129809949,1.18571377649,0.503496503497,2.05382127221,0.551025219373,7,3.72727272727,2.05382127221,7,0,0,0,0,0.22962962963,11,11,11,1,0,0.0909090909091,0.636363636364,0.272727272727,11,20,0.181818181818,NaN,3.63636363636,1.81818181818,2.5,1.50151438706,0.412916456441,0.218181818182,0.873862897505,0.480624593628,0.245454545455,1.66241882919,0.914330356053,0.481818181818,NaN,NaN,NaN,NaN,NaN,NaN,0.343333333333,0.267857142857,5,0.030303030303,0.189090909091,11,11,0,1,2,0,0.727272727273,0.272727272727,0,0,NaN,0,-0.181818181818,0,-0.18802562565,-0.0517070470538,-0.0272727272727,-0.293885518737,-0.161637035305,-0.0909090909091,-0.277590542861,-0.152674798574,-0.0545454545455,NaN,NaN,NaN,NaN,NaN,NaN,-0.155714285714,-0.132142857143,-3,-0.0181818181818,-0.0664646464646,-0.0909090909091,0.0909090909091,0,18,2,2,88,0.9,0.977777777778,0.0222222222222,0.1,0.9,0.9,0.9,0.877777777778,0.877777777778,0.818181818182,7,7,0,0,0,0
795,WLNM_dir_neg,0.867346938776,0.567192331478,00:00:02,10,20,39,1172860588,threshold_sweep,0.3,0.833333333333,0.714285714286,0.769230769231,5,1,2,13,0.714285714286,0.928571428571,0.0714285714286,0.285714285714,0.833333333333,0.714285714286,0.769230769231,0.857142857143,0.571428571429,0.666666666667,0.67082039325,0.642857142857,20,13,7,0,20,0,13,0,7,11,20,0.181818181818,3.04338842975,3.63636363636,2,2.5,1.68954001271,0.464623503495,0.245454545455,1.16774841624,0.642261628933,0.336363636364,1.94000937205,1.06700515463,0.536363636364,1.05689877454,0.347276990411,3.54545454545,3.04338842975,1.05689877454,3.54545454545,0.499047619048,0.4,8,0.0484848484848,0.255555555556,11,11,11,1,0,0.0909090909091,0.636363636364,0.272727272727,11,0.118181818182,3.72727272727,2.36363636364,1.3,1.625,1.43336856898,0.6064251638,0.286713286713,0.603022689156,0.510249967747,0.237762237762,1.40129809949,1.18571377649,0.503496503497,2.05382127221,0.551025219373,7,3.72727272727,2.05382127221,7,0,0,0,0,0.22962962963,11,11,11,1,0,0.0909090909091,0.636363636364,0.272727272727,11,19,0.172727272727,3.17045454545,3.45454545455,1.9,2.375,1.43969693781,0.416754376733,0.215311004785,1.00904995822,0.584186817916,0.306220095694,1.67874411933,0.971904490138,0.507177033493,1.19278131807,0.376217763404,3.875,3.17045454545,1.19278131807,3.875,0.41,0.3,5,0.030303030303,0.223703703704,11,11,11,1,0,0.0909090909091,0.636363636364,0.272727272727,-1,-0.00909090909091,0.127066115702,-0.181818181818,-0.1,-0.125,-0.249843074903,-0.0478691267618,-0.0301435406699,-0.158698458023,-0.058074811017,-0.0301435406699,-0.26126525272,-0.0951006644889,-0.0291866028708,0.135882543529,0.028940772993,0.329545454545,0.127066115702,0.135882543529,0.329545454545,-0.0890476190476,-0.1,-3,-0.0181818181818,-0.0318518518519,0,0,0,18,1,2,89,0.9,0.988888888889,0.0111111111111,0.1,0.947368421053,0.9,0.923076923077,0.906956031802,0.888888888889,0.857142857143,6,7,0,0,0,0
796,WLNM_dir_neg,0.867346938776,0.567192331478,00:00:02,10,20,39,1172860588,threshold_sweep,0.4,0.833333333333,0.714285714286,0.769230769231,5,1,2,13,0.714285714286,0.928571428571,0.0714285714286,0.285714285714,0.833333333333,0.714285714286,0.769230769231,0.857142857143,0.571428571429,0.666666666667,0.67082039325,0.642857142857,20,13,7,0,20,0,13,0,7,11,20,0.181818181818,3.04338842975,3.63636363636,2,2.5,1.68954001271,0.464623503495,0.245454545455,1.16774841624,0.642261628933,0.336363636364,1.94000937205,1.06700515463,0.536363636364,1.05689877454,0.347276990411,3.54545454545,3.04338842975,1.05689877454,3.54545454545,0.499047619048,0.4,8,0.0484848484848,0.255555555556,11,11,11,1,0,0.0909090909091,0.636363636364,0.272727272727,11,0.118181818182,3.72727272727,2.36363636364,1.3,1.625,1.43336856898,0.6064251638,0.286713286713,0.603022689156,0.510249967747,0.237762237762,1.40129809949,1.18571377649,0.503496503497,2.05382127221,0.551025219373,7,3.72727272727,2.05382127221,7,0,0,0,0,0.22962962963,11,11,11,1,0,0.0909090909091,0.636363636364,0.272727272727,11,19,0.172727272727,3.17045454545,3.45454545455,1.9,2.375,1.43969693781,0.416754376733,0.215311004785,1.00904995822,0.584186817916,0.306220095694,1.67874411933,0.971904490138,0.507177033493,1.19278131807,0.376217763404,3.875,3.17045454545,1.19278131807,3.875,0.41,0.3,5,0.030303030303,0.223703703704,11,11,11,1,0,0.0909090909091,0.636363636364,0.272727272727,-1,-0.00909090909091,0.127066115702,-0.181818181818,-0.1,-0.125,-0.249843074903,-0.0478691267618,-0.0301435406699,-0.158698458023,-0.058074811017,-0.0301435406699,-0.26126525272,-0.0951006644889,-0.0291866028708,0.135882543529,0.028940772993,0.329545454545,0.127066115702,0.135882543529,0.329545454545,-0.0890476190476,-0.1,-3,-0.0181818181818,-0.0318518518519,0,0,0,18,1,2,89,0.9,0.988888888889,0.0111111111111,0.1,0.947368421053,0.9,0.923076923077,0.906956031802,0.888888888889,0.857142857143,6,7,0,0,0,0
797,WLNM_dir_neg,0.867346938776,0.567192331478,00:00:02,10,20,39,1172860588,threshold_sweep,0.5,0.833333333333,0.714285714286,0.769230769231,5,1,2,13,0.714285714286,0.928571428571,0.0714285714286,0.285714285714,0.833333333333,0.714285714286,0.769230769231,0.857142857143,0.571428571429,0.666666666667,0.67082039325,0.642857142857,20,13,7,0,20,0,13,0,7,11,20,0.181818181818,3.04338842975,3.63636363636,2,2.5,1.68954001271,0.464623503495,0.245454545455,1.16774841624,0.642261628933,0.336363636364,1.94000937205,1.06700515463,0.536363636364,1.05689877454,0.347276990411,3.54545454545,3.04338842975,1.05689877454,3.54545454545,0.499047619048,0.4,8,0.0484848484848,0.255555555556,11,11,11,1,0,0.0909090909091,0.636363636364,0.272727272727,11,0.118181818182,3.72727272727,2.36363636364,1.3,1.625,1.43336856898,0.6064251638,0.286713286713,0.603022689156,0.510249967747,0.237762237762,1.40129809949,1.18571377649,0.503496503497,2.05382127221,0.551025219373,7,3.72727272727,2.05382127221,7,0,0,0,0,0.22962962963,11,11,11,1,0,0.0909090909091,0.636363636364,0.272727272727,11,19,0.172727272727,3.17045454545,3.45454545455,1.9,2.375,1.43969693781,0.416754376733,0.215311004785,1.00904995822,0.584186817916,0.306220095694,1.67874411933,0.971904490138,0.507177033493,1.19278131807,0.376217763404,3.875,3.17045454545,1.19278131807,3.875,0.41,0.3,5,0.030303030303,0.223703703704,11,11,11,1,0,0.0909090909091,0.636363636364,0.272727272727,-1,-0.00909090909091,0.127066115702,-0.181818181818,-0.1,-0.125,-0.249843074903,-0.0478691267618,-0.0301435406699,-0.158698458023,-0.058074811017,-0.0301435406699,-0.26126525272,-0.0951006644889,-0.0291866028708,0.135882543529,0.028940772993,0.329545454545,0.127066115702,0.135882543529,0.329545454545,-0.0890476190476,-0.1,-3,-0.0181818181818,-0.0318518518519,0,0,0,18,1,2,89,0.9,0.988888888889,0.0111111111111,0.1,0.947368421053,0.9,0.923076923077,0.906956031802,0.888888888889,0.857142857143,6,7,0,0,0,0
798,WLNM_dir_neg,0.867346938776,0.567192331478,00:00:02,10,20,39,1172860588,threshold_sweep,0.6,0.833333333333,0.714285714286,0.769230769231,5,1,2,13,0.714285714286,0.928571428571,0.0714285714286,0.285714285714,0.833333333333,0.714285714286,0.769230769231,0.857142857143,0.571428571429,0.666666666667,0.67082039325,0.642857142857,20,13,7,0,20,0,13,0,7,11,20,0.181818181818,3.04338842975,3.63636363636,2,2.5,1.68954001271,0.464623503495,0.245454545455,1.16774841624,0.642261628933,0.336363636364,1.94000937205,1.06700515463,0.536363636364,1.05689877454,0.347276990411,3.54545454545,3.04338842975,1.05689877454,3.54545454545,0.499047619048,0.4,8,0.0484848484848,0.255555555556,11,11,11,1,0,0.0909090909091,0.636363636364,0.272727272727,11,0.118181818182,3.72727272727,2.36363636364,1.3,1.625,1.43336856898,0.6064251638,0.286713286713,0.603022689156,0.510249967747,0.237762237762,1.40129809949,1.18571377649,0.503496503497,2.05382127221,0.551025219373,7,3.72727272727,2.05382127221,7,0,0,0,0,0.22962962963,11,11,11,1,0,0.0909090909091,0.636363636364,0.272727272727,11,19,0.172727272727,3.17045454545,3.45454545455,1.9,2.375,1.43969693781,0.416754376733,0.215311004785,1.00904995822,0.584186817916,0.306220095694,1.67874411933,0.971904490138,0.507177033493,1.19278131807,0.376217763404,3.875,3.17045454545,1.19278131807,3.875,0.41,0.3,5,0.030303030303,0.223703703704,11,11,11,1,0,0.0909090909091,0.636363636364,0.272727272727,-1,-0.00909090909091,0.127066115702,-0.181818181818,-0.1,-0.125,-0.249843074903,-0.0478691267618,-0.0301435406699,-0.158698458023,-0.058074811017,-0.0301435406699,-0.26126525272,-0.0951006644889,-0.0291866028708,0.135882543529,0.028940772993,0.329545454545,0.127066115702,0.135882543529,0.329545454545,-0.0890476190476,-0.1,-3,-0.0181818181818,-0.0318518518519,0,0,0,18,1,2,89,0.9,0.988888888889,0.0111111111111,0.1,0.947368421053,0.9,0.923076923077,0.906956031802,0.888888888889,0.857142857143,6,7,0,0,0,0
799,WLNM_dir_neg,0.867346938776,0.567192331478,00:00:02,10,20,39,1172860588,threshold_sweep,0.7,0.833333333333,0.714285714286,0.769230769231,5,1,2,13,0.714285714286,0.928571428571,0.0714285714286,0.285714285714,0.833333333333,0.714285714286,0.769230769231,0.857142857143,0.571428571429,0.666666666667,0.67082039325,0.642857142857,20,13,7,0,20,0,13,0,7,11,20,0.181818181818,3.04338842975,3.63636363636,2,2.5,1.68954001271,0.464623503495,0.245454545455,1.16774841624,0.642261628933,0.336363636364,1.94000937205,1.06700515463,0.536363636364,1.05689877454,0.347276990411,3.54545454545,3.04338842975,1.05689877454,3.54545454545,0.499047619048,0.4,8,0.0484848484848,0.255555555556,11,11,11,1,0,0.0909090909091,0.636363636364,0.272727272727,11,0.118181818182,3.72727272727,2.36363636364,1.3,1.625,1.43336856898,0.6064251638,0.286713286713,0.603022689156,0.510249967747,0.237762237762,1.40129809949,1.18571377649,0.503496503497,2.05382127221,0.551025219373,7,3.72727272727,2.05382127221,7,0,0,0,0,0.22962962963,11,11,11,1,0,0.0909090909091,0.636363636364,0.272727272727,11,19,0.172727272727,3.17045454545,3.45454545455,1.9,2.375,1.43969693781,0.416754376733,0.215311004785,1.00904995822,0.584186817916,0.306220095694,1.67874411933,0.971904490138,0.507177033493,1.19278131807,0.376217763404,3.875,3.17045454545,1.19278131807,3.875,0.41,0.3,5,0.030303030303,0.223703703704,11,11,11,1,0,0.0909090909091,0.636363636364,0.272727272727,-1,-0.00909090909091,0.127066115702,-0.181818181818,-0.1,-0.125,-0.249843074903,-0.0478691267618,-0.0301435406699,-0.158698458023,-0.058074811017,-0.0301435406699,-0.26126525272,-0.0951006644889,-0.0291866028708,0.135882543529,0.028940772993,0.329545454545,0.127066115702,0.135882543529,0.329545454545,-0.0890476190476,-0.1,-3,-0.0181818181818,-0.0318518518519,0,0,0,18,1,2,89,0.9,0.988888888889,0.0111111111111,0.1,0.947368421053,0.9,0.923076923077,0.906956031802,0.888888888889,0.857142857143,6,7,0,0,0,0
800,WLNM_dir_neg,0.867346938776,0.567192331478,00:00:02,10,20,39,1172860588,threshold_sweep,0.8,0.833333333333,0.714285714286,0.769230769231,5,1,2,13,0.714285714286,0.928571428571,0.0714285714286,0.285714285714,0.833333333333,0.714285714286,0.769230769231,0.857142857143,0.571428571429,0.666666666667,0.67082039325,0.642857142857,20,13,7,0,20,0,13,0,7,11,20,0.181818181818,3.04338842975,3.63636363636,2,2.5,1.68954001271,0.464623503495,0.245454545455,1.16774841624,0.642261628933,0.336363636364,1.94000937205,1.06700515463,0.536363636364,1.05689877454,0.347276990411,3.54545454545,3.04338842975,1.05689877454,3.54545454545,0.499047619048,0.4,8,0.0484848484848,0.255555555556,11,11,11,1,0,0.0909090909091,0.636363636364,0.272727272727,11,0.118181818182,3.72727272727,2.36363636364,1.3,1.625,1.43336856898,0.6064251638,0.286713286713,0.603022689156,0.510249967747,0.237762237762,1.40129809949,1.18571377649,0.503496503497,2.05382127221,0.551025219373,7,3.72727272727,2.05382127221,7,0,0,0,0,0.22962962963,11,11,11,1,0,0.0909090909091,0.636363636364,0.272727272727,11,19,0.172727272727,3.17045454545,3.45454545455,1.9,2.375,1.43969693781,0.416754376733,0.215311004785,1.00904995822,0.584186817916,0.306220095694,1.67874411933,0.971904490138,0.507177033493,1.19278131807,0.376217763404,3.875,3.17045454545,1.19278131807,3.875,0.41,0.3,5,0.030303030303,0.223703703704,11,11,11,1,0,0.0909090909091,0.636363636364,0.272727272727,-1,-0.00909090909091,0.127066115702,-0.181818181818,-0.1,-0.125,-0.249843074903,-0.0478691267618,-0.0301435406699,-0.158698458023,-0.058074811017,-0.0301435406699,-0.26126525272,-0.0951006644889,-0.0291866028708,0.135882543529,0.028940772993,0.329545454545,0.127066115702,0.135882543529,0.329545454545,-0.0890476190476,-0.1,-3,-0.0181818181818,-0.0318518518519,0,0,0,18,1,2,89,0.9,0.988888888889,0.0111111111111,0.1,0.947368421053,0.9,0.923076923077,0.906956031802,0.888888888889,0.857142857143,6,7,0,0,0,0
801,WLNM_dir_neg,0.867346938776,0.567192331478,00:00:02,10,20,39,1172860588,threshold_sweep,0.9,1,0.714285714286,0.833333333333,5,0,2,14,0.714285714286,1,0,0.285714285714,1,0.714285714286,0.833333333333,0.904761904762,0.587301587302,0.769230769231,0.790569415042,0.714285714286,20,13,7,0,20,0,13,0,7,11,20,0.181818181818,3.04338842975,3.63636363636,2,2.5,1.68954001271,0.464623503495,0.245454545455,1.16774841624,0.642261628933,0.336363636364,1.94000937205,1.06700515463,0.536363636364,1.05689877454,0.347276990411,3.54545454545,3.04338842975,1.05689877454,3.54545454545,0.499047619048,0.4,8,0.0484848484848,0.255555555556,11,11,11,1,0,0.0909090909091,0.636363636364,0.272727272727,11,0.118181818182,3.72727272727,2.36363636364,1.3,1.625,1.43336856898,0.6064251638,0.286713286713,0.603022689156,0.510249967747,0.237762237762,1.40129809949,1.18571377649,0.503496503497,2.05382127221,0.551025219373,7,3.72727272727,2.05382127221,7,0,0,0,0,0.22962962963,11,11,11,1,0,0.0909090909091,0.636363636364,0.272727272727,11,18,0.163636363636,3.11363636364,3.27272727273,1.8,2.25,1.42062726223,0.434080552347,0.227272727273,0.924416277737,0.564921058617,0.292929292929,1.68954001271,1.03249667443,0.525252525253,1.14353419474,0.367266456706,3.875,3.11363636364,1.14353419474,3.875,0.366666666667,0.266666666667,4,0.0242424242424,0.221111111111,11,11,11,1,0,0.0909090909091,0.636363636364,0.272727272727,-2,-0.0181818181818,0.0702479338843,-0.363636363636,-0.2,-0.25,-0.268912750482,-0.030542951148,-0.0181818181818,-0.243332138505,-0.0773405703161,-0.0434343434343,-0.250469359339,-0.0345084801933,-0.0111111111111,0.0866354202056,0.0199894662943,0.329545454545,0.0702479338843,0.0866354202056,0.329545454545,-0.132380952381,-0.133333333333,-4,-0.0242424242424,-0.0344444444444,0,0,0,18,0,2,90,0.9,1,0,0.1,1,0.9,0.947368421053,0.938314863257,0.9,0.9,5,7,0,0,0,0
802,WLNM_dir_neg,0.816326530612,0.44740735455,00:00:01,10,20,40,1172860589,threshold_sweep,0.1,0.714285714286,0.714285714286,0.714285714286,5,2,2,12,0.714285714286,0.857142857143,0.142857142857,0.285714285714,0.714285714286,0.714285714286,0.714285714286,0.809523809524,0.555555555556,0.571428571429,0.571428571429,0.571428571429,20,13,7,0,20,0,13,0,7,11,20,0.181818181818,3.04338842975,3.63636363636,2,2.5,1.68954001271,0.464623503495,0.245454545455,1.16774841624,0.642261628933,0.336363636364,1.94000937205,1.06700515463,0.536363636364,1.05689877454,0.347276990411,3.54545454545,3.04338842975,1.05689877454,3.54545454545,0.499047619048,0.4,8,0.0484848484848,0.255555555556,11,11,11,1,0,0.0909090909091,0.636363636364,0.272727272727,11,0.118181818182,3.72727272727,2.36363636364,1.3,1.625,1.43336856898,0.6064251638,0.286713286713,0.603022689156,0.510249967747,0.237762237762,1.40129809949,1.18571377649,0.503496503497,2.05382127221,0.551025219373,7,3.72727272727,2.05382127221,7,0,0,0,0,0.22962962963,11,11,11,1,0,0.0909090909091,0.636363636364,0.272727272727,11,20,0.181818181818,6.08901515152,3.63636363636,2,2.5,1.68954001271,0.464623503495,0.236363636364,0.981649817214,0.539907399468,0.281818181818,1.66241882919,0.914330356053,0.481818181818,2.19229812887,0.360041496748,7.5,6.08901515152,2.19229812887,7.5,0.459047619048,0.35593220339,7,0.0424242424242,0.221851851852,11,11,11,1,0,0.0909090909091,0.636363636364,0.272727272727,0,0,3.04562672176,0,0,0,0,0,-0.00909090909091,-0.186098599028,-0.102354229466,-0.0545454545455,-0.277590542861,-0.152674798574,-0.0545454545455,1.13539935434,0.0127645063367,3.95454545455,3.04562672176,1.13539935434,3.95454545455,-0.04,-0.0440677966102,-1,-0.00606060606061,-0.0337037037037,0,0,0,18,2,2,88,0.9,0.977777777778,0.0222222222222,0.1,0.9,0.9,0.9,0.877777777778,0.877777777778,0.818181818182,7,7,0,0,0,0
803,WLNM_dir_neg,0.816326530612,0.44740735455,00:00:01,10,20,40,1172860589,threshold_sweep,0.2,0.714285714286,0.714285714286,0.714285714286,5,2,2,12,0.714285714286,0.857142857143,0.142857142857,0.285714285714,0.714285714286,0.714285714286,0.714285714286,0.809523809524,0.555555555556,0.571428571429,0.571428571429,0.571428571429,20,13,7,0,20,0,13,0,7,11,20,0.181818181818,3.04338842975,3.63636363636,2,2.5,1.68954001271,0.464623503495,0.245454545455,1.16774841624,0.642261628933,0.336363636364,1.94000937205,1.06700515463,0.536363636364,1.05689877454,0.347276990411,3.54545454545,3.04338842975,1.05689877454,3.54545454545,0.499047619048,0.4,8,0.0484848484848,0.255555555556,11,11,11,1,0,0.0909090909091,0.636363636364,0.272727272727,11,0.118181818182,3.72727272727,2.36363636364,1.3,1.625,1.43336856898,0.6064251638,0.286713286713,0.603022689156,0.510249967747,0.237762237762,1.40129809949,1.18571377649,0.503496503497,2.05382127221,0.551025219373,7,3.72727272727,2.05382127221,7,0,0,0,0,0.22962962963,11,11,11,1,0,0.0909090909091,0.636363636364,0.272727272727,11,20,0.181818181818,6.08901515152,3.63636363636,2,2.5,1.68954001271,0.464623503495,0.236363636364,0.981649817214,0.539907399468,0.281818181818,1.66241882919,0.914330356053,0.481818181818,2.19229812887,0.360041496748,7.5,6.08901515152,2.19229812887,7.5,0.459047619048,0.35593220339,7,0.0424242424242,0.221851851852,11,11,11,1,0,0.0909090909091,0.636363636364,0.272727272727,0,0,3.04562672176,0,0,0,0,0,-0.00909090909091,-0.186098599028,-0.102354229466,-0.0545454545455,-0.277590542861,-0.152674798574,-0.0545454545455,1.13539935434,0.0127645063367,3.95454545455,3.04562672176,1.13539935434,3.95454545455,-0.04,-0.0440677966102,-1,-0.00606060606061,-0.0337037037037,0,0,0,18,2,2,88,0.9,0.977777777778,0.0222222222222,0.1,0.9,0.9,0.9,0.877777777778,0.877777777778,0.818181818182,7,7,0,0,0,0
804,WLNM_dir_neg,0.816326530612,0.44740735455,00:00:01,10,20,40,1172860589,threshold_sweep,0.3,0.714285714286,0.714285714286,0.714285714286,5,2,2,12,0.714285714286,0.857142857143,0.142857142857,0.285714285714,0.714285714286,0.714285714286,0.714285714286,0.809523809524,0.555555555556,0.571428571429,0.571428571429,0.571428571429,20,13,7,0,20,0,13,0,7,11,20,0.181818181818,3.04338842975,3.63636363636,2,2.5,1.68954001271,0.464623503495,0.245454545455,1.16774841624,0.642261628933,0.336363636364,1.94000937205,1.06700515463,0.536363636364,1.05689877454,0.347276990411,3.54545454545,3.04338842975,1.05689877454,3.54545454545,0.499047619048,0.4,8,0.0484848484848,0.255555555556,11,11,11,1,0,0.0909090909091,0.636363636364,0.272727272727,11,0.118181818182,3.72727272727,2.36363636364,1.3,1.625,1.43336856898,0.6064251638,0.286713286713,0.603022689156,0.510249967747,0.237762237762,1.40129809949,1.18571377649,0.503496503497,2.05382127221,0.551025219373,7,3.72727272727,2.05382127221,7,0,0,0,0,0.22962962963,11,11,11,1,0,0.0909090909091,0.636363636364,0.272727272727,11,20,0.181818181818,6.08901515152,3.63636363636,2,2.5,1.68954001271,0.464623503495,0.236363636364,0.981649817214,0.539907399468,0.281818181818,1.66241882919,0.914330356053,0.481818181818,2.19229812887,0.360041496748,7.5,6.08901515152,2.19229812887,7.5,0.459047619048,0.35593220339,7,0.0424242424242,0.221851851852,11,11,11,1,0,0.0909090909091,0.636363636364,0.272727272727,0,0,3.04562672176,0,0,0,0,0,-0.00909090909091,-0.186098599028,-0.102354229466,-0.0545454545455,-0.277590542861,-0.152674798574,-0.0545454545455,1.13539935434,0.0127645063367,3.95454545455,3.04562672176,1.13539935434,3.95454545455,-0.04,-0.0440677966102,-1,-0.00606060606061,-0.0337037037037,0,0,0,18,2,2,88,0.9,0.977777777778,0.0222222222222,0.1,0.9,0.9,0.9,0.877777777778,0.877777777778,0.818181818182,7,7,0,0,0,0
805,WLNM_dir_neg,0.816326530612,0.44740735455,00:00:01,10,20,40,1172860589,threshold_sweep,0.4,0.714285714286,0.714285714286,0.714285714286,5,2,2,12,0.714285714286,0.857142857143,0.142857142857,0.285714285714,0.714285714286,0.714285714286,0.714285714286,0.809523809524,0.555555555556,0.571428571429,0.571428571429,0.571428571429,20,13,7,0,20,0,13,0,7,11,20,0.181818181818,3.04338842975,3.63636363636,2,2.5,1.68954001271,0.464623503495,0.245454545455,1.16774841624,0.642261628933,0.336363636364,1.94000937205,1.06700515463,0.536363636364,1.05689877454,0.347276990411,3.54545454545,3.04338842975,1.05689877454,3.54545454545,0.499047619048,0.4,8,0.0484848484848,0.255555555556,11,11,11,1,0,0.0909090909091,0.636363636364,0.272727272727,11,0.118181818182,3.72727272727,2.36363636364,1.3,1.625,1.43336856898,0.6064251638,0.286713286713,0.603022689156,0.510249967747,0.237762237762,1.40129809949,1.18571377649,0.503496503497,2.05382127221,0.551025219373,7,3.72727272727,2.05382127221,7,0,0,0,0,0.22962962963,11,11,11,1,0,0.0909090909091,0.636363636364,0.272727272727,11,20,0.181818181818,6.08901515152,3.63636363636,2,2.5,1.68954001271,0.464623503495,0.236363636364,0.981649817214,0.539907399468,0.281818181818,1.66241882919,0.914330356053,0.481818181818,2.19229812887,0.360041496748,7.5,6.08901515152,2.19229812887,7.5,0.459047619048,0.35593220339,7,0.0424242424242,0.221851851852,11,11,11,1,0,0.0909090909091,0.636363636364,0.272727272727,0,0,3.04562672176,0,0,0,0,0,-0.00909090909091,-0.186098599028,-0.102354229466,-0.0545454545455,-0.277590542861,-0.152674798574,-0.0545454545455,1.13539935434,0.0127645063367,3.95454545455,3.04562672176,1.13539935434,3.95454545455,-0.04,-0.0440677966102,-1,-0.00606060606061,-0.0337037037037,0,0,0,18,2,2,88,0.9,0.977777777778,0.0222222222222,0.1,0.9,0.9,0.9,0.877777777778,0.877777777778,0.818181818182,7,7,0,0,0,0
806,WLNM_dir_neg,0.816326530612,0.44740735455,00:00:01,10,20,40,1172860589,threshold_sweep,0.5,0.714285714286,0.714285714286,0.714285714286,5,2,2,12,0.714285714286,0.857142857143,0.142857142857,0.285714285714,0.714285714286,0.714285714286,0.714285714286,0.809523809524,0.555555555556,0.571428571429,0.571428571429,0.571428571429,20,13,7,0,20,0,13,0,7,11,20,0.181818181818,3.04338842975,3.63636363636,2,2.5,1.68954001271,0.464623503495,0.245454545455,1.16774841624,0.642261628933,0.336363636364,1.94000937205,1.06700515463,0.536363636364,1.05689877454,0.347276990411,3.54545454545,3.04338842975,1.05689877454,3.54545454545,0.499047619048,0.4,8,0.0484848484848,0.255555555556,11,11,11,1,0,0.0909090909091,0.636363636364,0.272727272727,11,0.118181818182,3.72727272727,2.36363636364,1.3,1.625,1.43336856898,0.6064251638,0.286713286713,0.603022689156,0.510249967747,0.237762237762,1.40129809949,1.18571377649,0.503496503497,2.05382127221,0.551025219373,7,3.72727272727,2.05382127221,7,0,0,0,0,0.22962962963,11,11,11,1,0,0.0909090909091,0.636363636364,0.272727272727,11,20,0.181818181818,6.08901515152,3.63636363636,2,2.5,1.68954001271,0.464623503495,0.236363636364,0.981649817214,0.539907399468,0.281818181818,1.66241882919,0.914330356053,0.481818181818,2.19229812887,0.360041496748,7.5,6.08901515152,2.19229812887,7.5,0.459047619048,0.35593220339,7,0.0424242424242,0.221851851852,11,11,11,1,0,0.0909090909091,0.636363636364,0.272727272727,0,0,3.04562672176,0,0,0,0,0,-0.00909090909091,-0.186098599028,-0.102354229466,-0.0545454545455,-0.277590542861,-0.152674798574,-0.0545454545455,1.13539935434,0.0127645063367,3.95454545455,3.04562672176,1.13539935434,3.95454545455,-0.04,-0.0440677966102,-1,-0.00606060606061,-0.0337037037037,0,0,0,18,2,2,88,0.9,0.977777777778,0.0222222222222,0.1,0.9,0.9,0.9,0.877777777778,0.877777777778,0.818181818182,7,7,0,0,0,0
807,WLNM_dir_neg,0.816326530612,0.44740735455,00:00:01,10,20,40,1172860589,threshold_sweep,0.6,0.714285714286,0.714285714286,0.714285714286,5,2,2,12,0.714285714286,0.857142857143,0.142857142857,0.285714285714,0.714285714286,0.714285714286,0.714285714286,0.809523809524,0.555555555556,0.571428571429,0.571428571429,0.571428571429,20,13,7,0,20,0,13,0,7,11,20,0.181818181818,3.04338842975,3.63636363636,2,2.5,1.68954001271,0.464623503495,0.245454545455,1.16774841624,0.642261628933,0.336363636364,1.94000937205,1.06700515463,0.536363636364,1.05689877454,0.347276990411,3.54545454545,3.04338842975,1.05689877454,3.54545454545,0.499047619048,0.4,8,0.0484848484848,0.255555555556,11,11,11,1,0,0.0909090909091,0.636363636364,0.272727272727,11,0.118181818182,3.72727272727,2.36363636364,1.3,1.625,1.43336856898,0.6064251638,0.286713286713,0.603022689156,0.510249967747,0.237762237762,1.40129809949,1.18571377649,0.503496503497,2.05382127221,0.551025219373,7,3.72727272727,2.05382127221,7,0,0,0,0,0.22962962963,11,11,11,1,0,0.0909090909091,0.636363636364,0.272727272727,11,20,0.181818181818,6.08901515152,3.63636363636,2,2.5,1.68954001271,0.464623503495,0.236363636364,0.981649817214,0.539907399468,0.281818181818,1.66241882919,0.914330356053,0.481818181818,2.19229812887,0.360041496748,7.5,6.08901515152,2.19229812887,7.5,0.459047619048,0.35593220339,7,0.0424242424242,0.221851851852,11,11,11,1,0,0.0909090909091,0.636363636364,0.272727272727,0,0,3.04562672176,0,0,0,0,0,-0.00909090909091,-0.186098599028,-0.102354229466,-0.0545454545455,-0.277590542861,-0.152674798574,-0.0545454545455,1.13539935434,0.0127645063367,3.95454545455,3.04562672176,1.13539935434,3.95454545455,-0.04,-0.0440677966102,-1,-0.00606060606061,-0.0337037037037,0,0,0,18,2,2,88,0.9,0.977777777778,0.0222222222222,0.1,0.9,0.9,0.9,0.877777777778,0.877777777778,0.818181818182,7,7,0,0,0,0
808,WLNM_dir_neg,0.816326530612,0.44740735455,00:00:01,10,20,40,1172860589,threshold_sweep,0.7,0.714285714286,0.714285714286,0.714285714286,5,2,2,12,0.714285714286,0.857142857143,0.142857142857,0.285714285714,0.714285714286,0.714285714286,0.714285714286,0.809523809524,0.555555555556,0.571428571429,0.571428571429,0.571428571429,20,13,7,0,20,0,13,0,7,11,20,0.181818181818,3.04338842975,3.63636363636,2,2.5,1.68954001271,0.464623503495,0.245454545455,1.16774841624,0.642261628933,0.336363636364,1.94000937205,1.06700515463,0.536363636364,1.05689877454,0.347276990411,3.54545454545,3.04338842975,1.05689877454,3.54545454545,0.499047619048,0.4,8,0.0484848484848,0.255555555556,11,11,11,1,0,0.0909090909091,0.636363636364,0.272727272727,11,0.118181818182,3.72727272727,2.36363636364,1.3,1.625,1.43336856898,0.6064251638,0.286713286713,0.603022689156,0.510249967747,0.237762237762,1.40129809949,1.18571377649,0.503496503497,2.05382127221,0.551025219373,7,3.72727272727,2.05382127221,7,0,0,0,0,0.22962962963,11,11,11,1,0,0.0909090909091,0.636363636364,0.272727272727,11,20,0.181818181818,6.08901515152,3.63636363636,2,2.5,1.68954001271,0.464623503495,0.236363636364,0.981649817214,0.539907399468,0.281818181818,1.66241882919,0.914330356053,0.481818181818,2.19229812887,0.360041496748,7.5,6.08901515152,2.19229812887,7.5,0.459047619048,0.35593220339,7,0.0424242424242,0.221851851852,11,11,11,1,0,0.0909090909091,0.636363636364,0.272727272727,0,0,3.04562672176,0,0,0,0,0,-0.00909090909091,-0.186098599028,-0.102354229466,-0.0545454545455,-0.277590542861,-0.152674798574,-0.0545454545455,1.13539935434,0.0127645063367,3.95454545455,3.04562672176,1.13539935434,3.95454545455,-0.04,-0.0440677966102,-1,-0.00606060606061,-0.0337037037037,0,0,0,18,2,2,88,0.9,0.977777777778,0.0222222222222,0.1,0.9,0.9,0.9,0.877777777778,0.877777777778,0.818181818182,7,7,0,0,0,0
809,WLNM_dir_neg,0.816326530612,0.44740735455,00:00:01,10,20,40,1172860589,threshold_sweep,0.8,0.714285714286,0.714285714286,0.714285714286,5,2,2,12,0.714285714286,0.857142857143,0.142857142857,0.285714285714,0.714285714286,0.714285714286,0.714285714286,0.809523809524,0.555555555556,0.571428571429,0.571428571429,0.571428571429,20,13,7,0,20,0,13,0,7,11,20,0.181818181818,3.04338842975,3.63636363636,2,2.5,1.68954001271,0.464623503495,0.245454545455,1.16774841624,0.642261628933,0.336363636364,1.94000937205,1.06700515463,0.536363636364,1.05689877454,0.347276990411,3.54545454545,3.04338842975,1.05689877454,3.54545454545,0.499047619048,0.4,8,0.0484848484848,0.255555555556,11,11,11,1,0,0.0909090909091,0.636363636364,0.272727272727,11,0.118181818182,3.72727272727,2.36363636364,1.3,1.625,1.43336856898,0.6064251638,0.286713286713,0.603022689156,0.510249967747,0.237762237762,1.40129809949,1.18571377649,0.503496503497,2.05382127221,0.551025219373,7,3.72727272727,2.05382127221,7,0,0,0,0,0.22962962963,11,11,11,1,0,0.0909090909091,0.636363636364,0.272727272727,11,20,0.181818181818,6.08901515152,3.63636363636,2,2.5,1.68954001271,0.464623503495,0.236363636364,0.981649817214,0.539907399468,0.281818181818,1.66241882919,0.914330356053,0.481818181818,2.19229812887,0.360041496748,7.5,6.08901515152,2.19229812887,7.5,0.459047619048,0.35593220339,7,0.0424242424242,0.221851851852,11,11,11,1,0,0.0909090909091,0.636363636364,0.272727272727,0,0,3.04562672176,0,0,0,0,0,-0.00909090909091,-0.186098599028,-0.102354229466,-0.0545454545455,-0.277590542861,-0.152674798574,-0.0545454545455,1.13539935434,0.0127645063367,3.95454545455,3.04562672176,1.13539935434,3.95454545455,-0.04,-0.0440677966102,-1,-0.00606060606061,-0.0337037037037,0,0,0,18,2,2,88,0.9,0.977777777778,0.0222222222222,0.1,0.9,0.9,0.9,0.877777777778,0.877777777778,0.818181818182,7,7,0,0,0,0
810,WLNM_dir_neg,0.816326530612,0.44740735455,00:00:01,10,20,40,1172860589,threshold_sweep,0.9,0.714285714286,0.714285714286,0.714285714286,5,2,2,12,0.714285714286,0.857142857143,0.142857142857,0.285714285714,0.714285714286,0.714285714286,0.714285714286,0.809523809524,0.555555555556,0.571428571429,0.571428571429,0.571428571429,20,13,7,0,20,0,13,0,7,11,20,0.181818181818,3.04338842975,3.63636363636,2,2.5,1.68954001271,0.464623503495,0.245454545455,1.16774841624,0.642261628933,0.336363636364,1.94000937205,1.06700515463,0.536363636364,1.05689877454,0.347276990411,3.54545454545,3.04338842975,1.05689877454,3.54545454545,0.499047619048,0.4,8,0.0484848484848,0.255555555556,11,11,11,1,0,0.0909090909091,0.636363636364,0.272727272727,11,0.118181818182,3.72727272727,2.36363636364,1.3,1.625,1.43336856898,0.6064251638,0.286713286713,0.603022689156,0.510249967747,0.237762237762,1.40129809949,1.18571377649,0.503496503497,2.05382127221,0.551025219373,7,3.72727272727,2.05382127221,7,0,0,0,0,0.22962962963,11,11,11,1,0,0.0909090909091,0.636363636364,0.272727272727,11,20,0.181818181818,6.08901515152,3.63636363636,2,2.5,1.68954001271,0.464623503495,0.236363636364,0.981649817214,0.539907399468,0.281818181818,1.66241882919,0.914330356053,0.481818181818,2.19229812887,0.360041496748,7.5,6.08901515152,2.19229812887,7.5,0.459047619048,0.35593220339,7,0.0424242424242,0.221851851852,11,11,11,1,0,0.0909090909091,0.636363636364,0.272727272727,0,0,3.04562672176,0,0,0,0,0,-0.00909090909091,-0.186098599028,-0.102354229466,-0.0545454545455,-0.277590542861,-0.152674798574,-0.0545454545455,1.13539935434,0.0127645063367,3.95454545455,3.04562672176,1.13539935434,3.95454545455,-0.04,-0.0440677966102,-1,-0.00606060606061,-0.0337037037037,0,0,0,18,2,2,88,0.9,0.977777777778,0.0222222222222,0.1,0.9,0.9,0.9,0.877777777778,0.877777777778,0.818181818182,7,7,0,0,0,0
811,WLNM_dir_neg,0.887755102041,0.577422577423,00:00:02,10,20,41,1172860590,threshold_sweep,0.1,1,0.428571428571,0.6,3,0,4,14,0.428571428571,1,0,0.571428571429,1,0.428571428571,0.6,0.809523809524,0.619047619048,0.5,0.57735026919,0.428571428571,20,13,7,0,20,0,13,0,7,11,20,0.181818181818,3.04338842975,3.63636363636,2,2.5,1.68954001271,0.464623503495,0.245454545455,1.16774841624,0.642261628933,0.336363636364,1.94000937205,1.06700515463,0.536363636364,1.05689877454,0.347276990411,3.54545454545,3.04338842975,1.05689877454,3.54545454545,0.499047619048,0.4,8,0.0484848484848,0.255555555556,11,11,11,1,0,0.0909090909091,0.636363636364,0.272727272727,11,0.118181818182,3.72727272727,2.36363636364,1.3,1.625,1.43336856898,0.6064251638,0.286713286713,0.603022689156,0.510249967747,0.237762237762,1.40129809949,1.18571377649,0.503496503497,2.05382127221,0.551025219373,7,3.72727272727,2.05382127221,7,0,0,0,0,0.22962962963,11,11,11,1,0,0.0909090909091,0.636363636364,0.272727272727,11,16,0.145454545455,3.25,2.90909090909,1.6,2,1.22102788294,0.41972833476,0.181818181818,0.687551650952,0.47269176003,0.227272727273,1.50755672289,1.03644524699,0.511363636364,1.3758835545,0.423348786001,4.66666666667,3.25,1.3758835545,4.66666666667,0.213333333333,0.176470588235,2,0.0121212121212,0.192592592593,11,11,11,1,0,0.0909090909091,0.636363636364,0.272727272727,-4,-0.0363636363636,0.206611570248,-0.727272727273,-0.4,-0.5,-0.468512129772,-0.0448951687355,-0.0636363636364,-0.48019676529,-0.169569868904,-0.109090909091,-0.43245264916,-0.0305599076407,-0.025,0.318984779967,0.07607179559,1.12121212121,0.206611570248,0.318984779967,1.12121212121,-0.285714285714,-0.223529411765,-6,-0.0363636363636,-0.062962962963,0,0,0,16,0,4,90,0.8,1,0,0.2,1,0.8,0.888888888889,0.875189948987,0.8,0.8,3,7,0,0,0,0
812,WLNM_dir_neg,0.887755102041,0.577422577423,00:00:02,10,20,41,1172860590,threshold_sweep,0.2,1,0.428571428571,0.6,3,0,4,14,0.428571428571,1,0,0.571428571429,1,0.428571428571,0.6,0.809523809524,0.619047619048,0.5,0.57735026919,0.428571428571,20,13,7,0,20,0,13,0,7,11,20,0.181818181818,3.04338842975,3.63636363636,2,2.5,1.68954001271,0.464623503495,0.245454545455,1.16774841624,0.642261628933,0.336363636364,1.94000937205,1.06700515463,0.536363636364,1.05689877454,0.347276990411,3.54545454545,3.04338842975,1.05689877454,3.54545454545,0.499047619048,0.4,8,0.0484848484848,0.255555555556,11,11,11,1,0,0.0909090909091,0.636363636364,0.272727272727,11,0.118181818182,3.72727272727,2.36363636364,1.3,1.625,1.43336856898,0.6064251638,0.286713286713,0.603022689156,0.510249967747,0.237762237762,1.40129809949,1.18571377649,0.503496503497,2.05382127221,0.551025219373,7,3.72727272727,2.05382127221,7,0,0,0,0,0.22962962963,11,11,11,1,0,0.0909090909091,0.636363636364,0.272727272727,11,16,0.145454545455,3.25,2.90909090909,1.6,2,1.22102788294,0.41972833476,0.181818181818,0.687551650952,0.47269176003,0.227272727273,1.50755672289,1.03644524699,0.511363636364,1.3758835545,0.423348786001,4.66666666667,3.25,1.3758835545,4.66666666667,0.213333333333,0.176470588235,2,0.0121212121212,0.192592592593,11,11,11,1,0,0.0909090909091,0.636363636364,0.272727272727,-4,-0.0363636363636,0.206611570248,-0.727272727273,-0.4,-0.5,-0.468512129772,-0.0448951687355,-0.0636363636364,-0.48019676529,-0.169569868904,-0.109090909091,-0.43245264916,-0.0305599076407,-0.025,0.318984779967,0.07607179559,1.12121212121,0.206611570248,0.318984779967,1.12121212121,-0.285714285714,-0.223529411765,-6,-0.0363636363636,-0.062962962963,0,0,0,16,0,4,90,0.8,1,0,0.2,1,0.8,0.888888888889,0.875189948987,0.8,0.8,3,7,0,0,0,0
813,WLNM_dir_neg,0.887755102041,0.577422577423,00:00:02,10,20,41,1172860590,threshold_sweep,0.3,1,0.428571428571,0.6,3,0,4,14,0.428571428571,1,0,0.571428571429,1,0.428571428571,0.6,0.809523809524,0.619047619048,0.5,0.57735026919,0.428571428571,20,13,7,0,20,0,13,0,7,11,20,0.181818181818,3.04338842975,3.63636363636,2,2.5,1.68954001271,0.464623503495,0.245454545455,1.16774841624,0.642261628933,0.336363636364,1.94000937205,1.06700515463,0.536363636364,1.05689877454,0.347276990411,3.54545454545,3.04338842975,1.05689877454,3.54545454545,0.499047619048,0.4,8,0.0484848484848,0.255555555556,11,11,11,1,0,0.0909090909091,0.636363636364,0.272727272727,11,0.118181818182,3.72727272727,2.36363636364,1.3,1.625,1.43336856898,0.6064251638,0.286713286713,0.603022689156,0.510249967747,0.237762237762,1.40129809949,1.18571377649,0.503496503497,2.05382127221,0.551025219373,7,3.72727272727,2.05382127221,7,0,0,0,0,0.22962962963,11,11,11,1,0,0.0909090909091,0.636363636364,0.272727272727,11,16,0.145454545455,3.25,2.90909090909,1.6,2,1.22102788294,0.41972833476,0.181818181818,0.687551650952,0.47269176003,0.227272727273,1.50755672289,1.03644524699,0.511363636364,1.3758835545,0.423348786001,4.66666666667,3.25,1.3758835545,4.66666666667,0.213333333333,0.176470588235,2,0.0121212121212,0.192592592593,11,11,11,1,0,0.0909090909091,0.636363636364,0.272727272727,-4,-0.0363636363636,0.206611570248,-0.727272727273,-0.4,-0.5,-0.468512129772,-0.0448951687355,-0.0636363636364,-0.48019676529,-0.169569868904,-0.109090909091,-0.43245264916,-0.0305599076407,-0.025,0.318984779967,0.07607179559,1.12121212121,0.206611570248,0.318984779967,1.12121212121,-0.285714285714,-0.223529411765,-6,-0.0363636363636,-0.062962962963,0,0,0,16,0,4,90,0.8,1,0,0.2,1,0.8,0.888888888889,0.875189948987,0.8,0.8,3,7,0,0,0,0
814,WLNM_dir_neg,0.887755102041,0.577422577423,00:00:02,10,20,41,1172860590,threshold_sweep,0.4,1,0.428571428571,0.6,3,0,4,14,0.428571428571,1,0,0.571428571429,1,0.428571428571,0.6,0.809523809524,0.619047619048,0.5,0.57735026919,0.428571428571,20,13,7,0,20,0,13,0,7,11,20,0.181818181818,3.04338842975,3.63636363636,2,2.5,1.68954001271,0.464623503495,0.245454545455,1.16774841624,0.642261628933,0.336363636364,1.94000937205,1.06700515463,0.536363636364,1.05689877454,0.347276990411,3.54545454545,3.04338842975,1.05689877454,3.54545454545,0.499047619048,0.4,8,0.0484848484848,0.255555555556,11,11,11,1,0,0.0909090909091,0.636363636364,0.272727272727,11,0.118181818182,3.72727272727,2.36363636364,1.3,1.625,1.43336856898,0.6064251638,0.286713286713,0.603022689156,0.510249967747,0.237762237762,1.40129809949,1.18571377649,0.503496503497,2.05382127221,0.551025219373,7,3.72727272727,2.05382127221,7,0,0,0,0,0.22962962963,11,11,11,1,0,0.0909090909091,0.636363636364,0.272727272727,11,16,0.145454545455,3.25,2.90909090909,1.6,2,1.22102788294,0.41972833476,0.181818181818,0.687551650952,0.47269176003,0.227272727273,1.50755672289,1.03644524699,0.511363636364,1.3758835545,0.423348786001,4.66666666667,3.25,1.3758835545,4.66666666667,0.213333333333,0.176470588235,2,0.0121212121212,0.192592592593,11,11,11,1,0,0.0909090909091,0.636363636364,0.272727272727,-4,-0.0363636363636,0.206611570248,-0.727272727273,-0.4,-0.5,-0.468512129772,-0.0448951687355,-0.0636363636364,-0.48019676529,-0.169569868904,-0.109090909091,-0.43245264916,-0.0305599076407,-0.025,0.318984779967,0.07607179559,1.12121212121,0.206611570248,0.318984779967,1.12121212121,-0.285714285714,-0.223529411765,-6,-0.0363636363636,-0.062962962963,0,0,0,16,0,4,90,0.8,1,0,0.2,1,0.8,0.888888888889,0.875189948987,0.8,0.8,3,7,0,0,0,0
815,WLNM_dir_neg,0.887755102041,0.577422577423,00:00:02,10,20,41,1172860590,threshold_sweep,0.5,1,0.428571428571,0.6,3,0,4,14,0.428571428571,1,0,0.571428571429,1,0.428571428571,0.6,0.809523809524,0.619047619048,0.5,0.57735026919,0.428571428571,20,13,7,0,20,0,13,0,7,11,20,0.181818181818,3.04338842975,3.63636363636,2,2.5,1.68954001271,0.464623503495,0.245454545455,1.16774841624,0.642261628933,0.336363636364,1.94000937205,1.06700515463,0.536363636364,1.05689877454,0.347276990411,3.54545454545,3.04338842975,1.05689877454,3.54545454545,0.499047619048,0.4,8,0.0484848484848,0.255555555556,11,11,11,1,0,0.0909090909091,0.636363636364,0.272727272727,11,0.118181818182,3.72727272727,2.36363636364,1.3,1.625,1.43336856898,0.6064251638,0.286713286713,0.603022689156,0.510249967747,0.237762237762,1.40129809949,1.18571377649,0.503496503497,2.05382127221,0.551025219373,7,3.72727272727,2.05382127221,7,0,0,0,0,0.22962962963,11,11,11,1,0,0.0909090909091,0.636363636364,0.272727272727,11,16,0.145454545455,3.25,2.90909090909,1.6,2,1.22102788294,0.41972833476,0.181818181818,0.687551650952,0.47269176003,0.227272727273,1.50755672289,1.03644524699,0.511363636364,1.3758835545,0.423348786001,4.66666666667,3.25,1.3758835545,4.66666666667,0.213333333333,0.176470588235,2,0.0121212121212,0.192592592593,11,11,11,1,0,0.0909090909091,0.636363636364,0.272727272727,-4,-0.0363636363636,0.206611570248,-0.727272727273,-0.4,-0.5,-0.468512129772,-0.0448951687355,-0.0636363636364,-0.48019676529,-0.169569868904,-0.109090909091,-0.43245264916,-0.0305599076407,-0.025,0.318984779967,0.07607179559,1.12121212121,0.206611570248,0.318984779967,1.12121212121,-0.285714285714,-0.223529411765,-6,-0.0363636363636,-0.062962962963,0,0,0,16,0,4,90,0.8,1,0,0.2,1,0.8,0.888888888889,0.875189948987,0.8,0.8,3,7,0,0,0,0
816,WLNM_dir_neg,0.887755102041,0.577422577423,00:00:02,10,20,41,1172860590,threshold_sweep,0.6,1,0.428571428571,0.6,3,0,4,14,0.428571428571,1,0,0.571428571429,1,0.428571428571,0.6,0.809523809524,0.619047619048,0.5,0.57735026919,0.428571428571,20,13,7,0,20,0,13,0,7,11,20,0.181818181818,3.04338842975,3.63636363636,2,2.5,1.68954001271,0.464623503495,0.245454545455,1.16774841624,0.642261628933,0.336363636364,1.94000937205,1.06700515463,0.536363636364,1.05689877454,0.347276990411,3.54545454545,3.04338842975,1.05689877454,3.54545454545,0.499047619048,0.4,8,0.0484848484848,0.255555555556,11,11,11,1,0,0.0909090909091,0.636363636364,0.272727272727,11,0.118181818182,3.72727272727,2.36363636364,1.3,1.625,1.43336856898,0.6064251638,0.286713286713,0.603022689156,0.510249967747,0.237762237762,1.40129809949,1.18571377649,0.503496503497,2.05382127221,0.551025219373,7,3.72727272727,2.05382127221,7,0,0,0,0,0.22962962963,11,11,11,1,0,0.0909090909091,0.636363636364,0.272727272727,11,16,0.145454545455,3.25,2.90909090909,1.6,2,1.22102788294,0.41972833476,0.181818181818,0.687551650952,0.47269176003,0.227272727273,1.50755672289,1.03644524699,0.511363636364,1.3758835545,0.423348786001,4.66666666667,3.25,1.3758835545,4.66666666667,0.213333333333,0.176470588235,2,0.0121212121212,0.192592592593,11,11,11,1,0,0.0909090909091,0.636363636364,0.272727272727,-4,-0.0363636363636,0.206611570248,-0.727272727273,-0.4,-0.5,-0.468512129772,-0.0448951687355,-0.0636363636364,-0.48019676529,-0.169569868904,-0.109090909091,-0.43245264916,-0.0305599076407,-0.025,0.318984779967,0.07607179559,1.12121212121,0.206611570248,0.318984779967,1.12121212121,-0.285714285714,-0.223529411765,-6,-0.0363636363636,-0.062962962963,0,0,0,16,0,4,90,0.8,1,0,0.2,1,0.8,0.888888888889,0.875189948987,0.8,0.8,3,7,0,0,0,0
817,WLNM_dir_neg,0.887755102041,0.577422577423,00:00:02,10,20,41,1172860590,threshold_sweep,0.7,1,0.428571428571,0.6,3,0,4,14,0.428571428571,1,0,0.571428571429,1,0.428571428571,0.6,0.809523809524,0.619047619048,0.5,0.57735026919,0.428571428571,20,13,7,0,20,0,13,0,7,11,20,0.181818181818,3.04338842975,3.63636363636,2,2.5,1.68954001271,0.464623503495,0.245454545455,1.16774841624,0.642261628933,0.336363636364,1.94000937205,1.06700515463,0.536363636364,1.05689877454,0.347276990411,3.54545454545,3.04338842975,1.05689877454,3.54545454545,0.499047619048,0.4,8,0.0484848484848,0.255555555556,11,11,11,1,0,0.0909090909091,0.636363636364,0.272727272727,11,0.118181818182,3.72727272727,2.36363636364,1.3,1.625,1.43336856898,0.6064251638,0.286713286713,0.603022689156,0.510249967747,0.237762237762,1.40129809949,1.18571377649,0.503496503497,2.05382127221,0.551025219373,7,3.72727272727,2.05382127221,7,0,0,0,0,0.22962962963,11,11,11,1,0,0.0909090909091,0.636363636364,0.272727272727,11,16,0.145454545455,3.25,2.90909090909,1.6,2,1.22102788294,0.41972833476,0.181818181818,0.687551650952,0.47269176003,0.227272727273,1.50755672289,1.03644524699,0.511363636364,1.3758835545,0.423348786001,4.66666666667,3.25,1.3758835545,4.66666666667,0.213333333333,0.176470588235,2,0.0121212121212,0.192592592593,11,11,11,1,0,0.0909090909091,0.636363636364,0.272727272727,-4,-0.0363636363636,0.206611570248,-0.727272727273,-0.4,-0.5,-0.468512129772,-0.0448951687355,-0.0636363636364,-0.48019676529,-0.169569868904,-0.109090909091,-0.43245264916,-0.0305599076407,-0.025,0.318984779967,0.07607179559,1.12121212121,0.206611570248,0.318984779967,1.12121212121,-0.285714285714,-0.223529411765,-6,-0.0363636363636,-0.062962962963,0,0,0,16,0,4,90,0.8,1,0,0.2,1,0.8,0.888888888889,0.875189948987,0.8,0.8,3,7,0,0,0,0
818,WLNM_dir_neg,0.887755102041,0.577422577423,00:00:02,10,20,41,1172860590,threshold_sweep,0.8,1,0.428571428571,0.6,3,0,4,14,0.428571428571,1,0,0.571428571429,1,0.428571428571,0.6,0.809523809524,0.619047619048,0.5,0.57735026919,0.428571428571,20,13,7,0,20,0,13,0,7,11,20,0.181818181818,3.04338842975,3.63636363636,2,2.5,1.68954001271,0.464623503495,0.245454545455,1.16774841624,0.642261628933,0.336363636364,1.94000937205,1.06700515463,0.536363636364,1.05689877454,0.347276990411,3.54545454545,3.04338842975,1.05689877454,3.54545454545,0.499047619048,0.4,8,0.0484848484848,0.255555555556,11,11,11,1,0,0.0909090909091,0.636363636364,0.272727272727,11,0.118181818182,3.72727272727,2.36363636364,1.3,1.625,1.43336856898,0.6064251638,0.286713286713,0.603022689156,0.510249967747,0.237762237762,1.40129809949,1.18571377649,0.503496503497,2.05382127221,0.551025219373,7,3.72727272727,2.05382127221,7,0,0,0,0,0.22962962963,11,11,11,1,0,0.0909090909091,0.636363636364,0.272727272727,11,16,0.145454545455,3.25,2.90909090909,1.6,2,1.22102788294,0.41972833476,0.181818181818,0.687551650952,0.47269176003,0.227272727273,1.50755672289,1.03644524699,0.511363636364,1.3758835545,0.423348786001,4.66666666667,3.25,1.3758835545,4.66666666667,0.213333333333,0.176470588235,2,0.0121212121212,0.192592592593,11,11,11,1,0,0.0909090909091,0.636363636364,0.272727272727,-4,-0.0363636363636,0.206611570248,-0.727272727273,-0.4,-0.5,-0.468512129772,-0.0448951687355,-0.0636363636364,-0.48019676529,-0.169569868904,-0.109090909091,-0.43245264916,-0.0305599076407,-0.025,0.318984779967,0.07607179559,1.12121212121,0.206611570248,0.318984779967,1.12121212121,-0.285714285714,-0.223529411765,-6,-0.0363636363636,-0.062962962963,0,0,0,16,0,4,90,0.8,1,0,0.2,1,0.8,0.888888888889,0.875189948987,0.8,0.8,3,7,0,0,0,0
819,WLNM_dir_neg,0.887755102041,0.577422577423,00:00:02,10,20,41,1172860590,threshold_sweep,0.9,1,0.428571428571,0.6,3,0,4,14,0.428571428571,1,0,0.571428571429,1,0.428571428571,0.6,0.809523809524,0.619047619048,0.5,0.57735026919,0.428571428571,20,13,7,0,20,0,13,0,7,11,20,0.181818181818,3.04338842975,3.63636363636,2,2.5,1.68954001271,0.464623503495,0.245454545455,1.16774841624,0.642261628933,0.336363636364,1.94000937205,1.06700515463,0.536363636364,1.05689877454,0.347276990411,3.54545454545,3.04338842975,1.05689877454,3.54545454545,0.499047619048,0.4,8,0.0484848484848,0.255555555556,11,11,11,1,0,0.0909090909091,0.636363636364,0.272727272727,11,0.118181818182,3.72727272727,2.36363636364,1.3,1.625,1.43336856898,0.6064251638,0.286713286713,0.603022689156,0.510249967747,0.237762237762,1.40129809949,1.18571377649,0.503496503497,2.05382127221,0.551025219373,7,3.72727272727,2.05382127221,7,0,0,0,0,0.22962962963,11,11,11,1,0,0.0909090909091,0.636363636364,0.272727272727,11,16,0.145454545455,3.25,2.90909090909,1.6,2,1.22102788294,0.41972833476,0.181818181818,0.687551650952,0.47269176003,0.227272727273,1.50755672289,1.03644524699,0.511363636364,1.3758835545,0.423348786001,4.66666666667,3.25,1.3758835545,4.66666666667,0.213333333333,0.176470588235,2,0.0121212121212,0.192592592593,11,11,11,1,0,0.0909090909091,0.636363636364,0.272727272727,-4,-0.0363636363636,0.206611570248,-0.727272727273,-0.4,-0.5,-0.468512129772,-0.0448951687355,-0.0636363636364,-0.48019676529,-0.169569868904,-0.109090909091,-0.43245264916,-0.0305599076407,-0.025,0.318984779967,0.07607179559,1.12121212121,0.206611570248,0.318984779967,1.12121212121,-0.285714285714,-0.223529411765,-6,-0.0363636363636,-0.062962962963,0,0,0,16,0,4,90,0.8,1,0,0.2,1,0.8,0.888888888889,0.875189948987,0.8,0.8,3,7,0,0,0,0
820,WLNM_dir_neg,0.908163265306,0.591738816739,00:00:02,10,20,42,1172860591,threshold_sweep,0.1,1,0.714285714286,0.833333333333,5,0,2,14,0.714285714286,1,0,0.285714285714,1,0.714285714286,0.833333333333,0.904761904762,0.587301587302,0.769230769231,0.790569415042,0.714285714286,20,13,7,0,20,0,13,0,7,11,20,0.181818181818,3.04338842975,3.63636363636,2,2.5,1.68954001271,0.464623503495,0.245454545455,1.16774841624,0.642261628933,0.336363636364,1.94000937205,1.06700515463,0.536363636364,1.05689877454,0.347276990411,3.54545454545,3.04338842975,1.05689877454,3.54545454545,0.499047619048,0.4,8,0.0484848484848,0.255555555556,11,11,11,1,0,0.0909090909091,0.636363636364,0.272727272727,11,0.118181818182,3.72727272727,2.36363636364,1.3,1.625,1.43336856898,0.6064251638,0.286713286713,0.603022689156,0.510249967747,0.237762237762,1.40129809949,1.18571377649,0.503496503497,2.05382127221,0.551025219373,7,3.72727272727,2.05382127221,7,0,0,0,0,0.22962962963,11,11,11,1,0,0.0909090909091,0.636363636364,0.272727272727,11,18,0.163636363636,3.11363636364,3.27272727273,1.8,2.25,1.42062726223,0.434080552347,0.227272727273,0.924416277737,0.564921058617,0.292929292929,1.68954001271,1.03249667443,0.525252525253,1.14353419474,0.367266456706,3.875,3.11363636364,1.14353419474,3.875,0.366666666667,0.266666666667,4,0.0242424242424,0.221111111111,11,11,11,1,0,0.0909090909091,0.636363636364,0.272727272727,-2,-0.0181818181818,0.0702479338843,-0.363636363636,-0.2,-0.25,-0.268912750482,-0.030542951148,-0.0181818181818,-0.243332138505,-0.0773405703161,-0.0434343434343,-0.250469359339,-0.0345084801933,-0.0111111111111,0.0866354202056,0.0199894662943,0.329545454545,0.0702479338843,0.0866354202056,0.329545454545,-0.132380952381,-0.133333333333,-4,-0.0242424242424,-0.0344444444444,0,0,0,18,0,2,90,0.9,1,0,0.1,1,0.9,0.947368421053,0.938314863257,0.9,0.9,5,7,0,0,0,0
821,WLNM_dir_neg,0.908163265306,0.591738816739,00:00:02,10,20,42,1172860591,threshold_sweep,0.2,1,0.714285714286,0.833333333333,5,0,2,14,0.714285714286,1,0,0.285714285714,1,0.714285714286,0.833333333333,0.904761904762,0.587301587302,0.769230769231,0.790569415042,0.714285714286,20,13,7,0,20,0,13,0,7,11,20,0.181818181818,3.04338842975,3.63636363636,2,2.5,1.68954001271,0.464623503495,0.245454545455,1.16774841624,0.642261628933,0.336363636364,1.94000937205,1.06700515463,0.536363636364,1.05689877454,0.347276990411,3.54545454545,3.04338842975,1.05689877454,3.54545454545,0.499047619048,0.4,8,0.0484848484848,0.255555555556,11,11,11,1,0,0.0909090909091,0.636363636364,0.272727272727,11,0.118181818182,3.72727272727,2.36363636364,1.3,1.625,1.43336856898,0.6064251638,0.286713286713,0.603022689156,0.510249967747,0.237762237762,1.40129809949,1.18571377649,0.503496503497,2.05382127221,0.551025219373,7,3.72727272727,2.05382127221,7,0,0,0,0,0.22962962963,11,11,11,1,0,0.0909090909091,0.636363636364,0.272727272727,11,18,0.163636363636,3.11363636364,3.27272727273,1.8,2.25,1.42062726223,0.434080552347,0.227272727273,0.924416277737,0.564921058617,0.292929292929,1.68954001271,1.03249667443,0.525252525253,1.14353419474,0.367266456706,3.875,3.11363636364,1.14353419474,3.875,0.366666666667,0.266666666667,4,0.0242424242424,0.221111111111,11,11,11,1,0,0.0909090909091,0.636363636364,0.272727272727,-2,-0.0181818181818,0.0702479338843,-0.363636363636,-0.2,-0.25,-0.268912750482,-0.030542951148,-0.0181818181818,-0.243332138505,-0.0773405703161,-0.0434343434343,-0.250469359339,-0.0345084801933,-0.0111111111111,0.0866354202056,0.0199894662943,0.329545454545,0.0702479338843,0.0866354202056,0.329545454545,-0.132380952381,-0.133333333333,-4,-0.0242424242424,-0.0344444444444,0,0,0,18,0,2,90,0.9,1,0,0.1,1,0.9,0.947368421053,0.938314863257,0.9,0.9,5,7,0,0,0,0
822,WLNM_dir_neg,0.908163265306,0.591738816739,00:00:02,10,20,42,1172860591,threshold_sweep,0.3,1,0.714285714286,0.833333333333,5,0,2,14,0.714285714286,1,0,0.285714285714,1,0.714285714286,0.833333333333,0.904761904762,0.587301587302,0.769230769231,0.790569415042,0.714285714286,20,13,7,0,20,0,13,0,7,11,20,0.181818181818,3.04338842975,3.63636363636,2,2.5,1.68954001271,0.464623503495,0.245454545455,1.16774841624,0.642261628933,0.336363636364,1.94000937205,1.06700515463,0.536363636364,1.05689877454,0.347276990411,3.54545454545,3.04338842975,1.05689877454,3.54545454545,0.499047619048,0.4,8,0.0484848484848,0.255555555556,11,11,11,1,0,0.0909090909091,0.636363636364,0.272727272727,11,0.118181818182,3.72727272727,2.36363636364,1.3,1.625,1.43336856898,0.6064251638,0.286713286713,0.603022689156,0.510249967747,0.237762237762,1.40129809949,1.18571377649,0.503496503497,2.05382127221,0.551025219373,7,3.72727272727,2.05382127221,7,0,0,0,0,0.22962962963,11,11,11,1,0,0.0909090909091,0.636363636364,0.272727272727,11,18,0.163636363636,3.11363636364,3.27272727273,1.8,2.25,1.42062726223,0.434080552347,0.227272727273,0.924416277737,0.564921058617,0.292929292929,1.68954001271,1.03249667443,0.525252525253,1.14353419474,0.367266456706,3.875,3.11363636364,1.14353419474,3.875,0.366666666667,0.266666666667,4,0.0242424242424,0.221111111111,11,11,11,1,0,0.0909090909091,0.636363636364,0.272727272727,-2,-0.0181818181818,0.0702479338843,-0.363636363636,-0.2,-0.25,-0.268912750482,-0.030542951148,-0.0181818181818,-0.243332138505,-0.0773405703161,-0.0434343434343,-0.250469359339,-0.0345084801933,-0.0111111111111,0.0866354202056,0.0199894662943,0.329545454545,0.0702479338843,0.0866354202056,0.329545454545,-0.132380952381,-0.133333333333,-4,-0.0242424242424,-0.0344444444444,0,0,0,18,0,2,90,0.9,1,0,0.1,1,0.9,0.947368421053,0.938314863257,0.9,0.9,5,7,0,0,0,0
823,WLNM_dir_neg,0.908163265306,0.591738816739,00:00:02,10,20,42,1172860591,threshold_sweep,0.4,1,0.714285714286,0.833333333333,5,0,2,14,0.714285714286,1,0,0.285714285714,1,0.714285714286,0.833333333333,0.904761904762,0.587301587302,0.769230769231,0.790569415042,0.714285714286,20,13,7,0,20,0,13,0,7,11,20,0.181818181818,3.04338842975,3.63636363636,2,2.5,1.68954001271,0.464623503495,0.245454545455,1.16774841624,0.642261628933,0.336363636364,1.94000937205,1.06700515463,0.536363636364,1.05689877454,0.347276990411,3.54545454545,3.04338842975,1.05689877454,3.54545454545,0.499047619048,0.4,8,0.0484848484848,0.255555555556,11,11,11,1,0,0.0909090909091,0.636363636364,0.272727272727,11,0.118181818182,3.72727272727,2.36363636364,1.3,1.625,1.43336856898,0.6064251638,0.286713286713,0.603022689156,0.510249967747,0.237762237762,1.40129809949,1.18571377649,0.503496503497,2.05382127221,0.551025219373,7,3.72727272727,2.05382127221,7,0,0,0,0,0.22962962963,11,11,11,1,0,0.0909090909091,0.636363636364,0.272727272727,11,18,0.163636363636,3.11363636364,3.27272727273,1.8,2.25,1.42062726223,0.434080552347,0.227272727273,0.924416277737,0.564921058617,0.292929292929,1.68954001271,1.03249667443,0.525252525253,1.14353419474,0.367266456706,3.875,3.11363636364,1.14353419474,3.875,0.366666666667,0.266666666667,4,0.0242424242424,0.221111111111,11,11,11,1,0,0.0909090909091,0.636363636364,0.272727272727,-2,-0.0181818181818,0.0702479338843,-0.363636363636,-0.2,-0.25,-0.268912750482,-0.030542951148,-0.0181818181818,-0.243332138505,-0.0773405703161,-0.0434343434343,-0.250469359339,-0.0345084801933,-0.0111111111111,0.0866354202056,0.0199894662943,0.329545454545,0.0702479338843,0.0866354202056,0.329545454545,-0.132380952381,-0.133333333333,-4,-0.0242424242424,-0.0344444444444,0,0,0,18,0,2,90,0.9,1,0,0.1,1,0.9,0.947368421053,0.938314863257,0.9,0.9,5,7,0,0,0,0
824,WLNM_dir_neg,0.908163265306,0.591738816739,00:00:02,10,20,42,1172860591,threshold_sweep,0.5,1,0.714285714286,0.833333333333,5,0,2,14,0.714285714286,1,0,0.285714285714,1,0.714285714286,0.833333333333,0.904761904762,0.587301587302,0.769230769231,0.790569415042,0.714285714286,20,13,7,0,20,0,13,0,7,11,20,0.181818181818,3.04338842975,3.63636363636,2,2.5,1.68954001271,0.464623503495,0.245454545455,1.16774841624,0.642261628933,0.336363636364,1.94000937205,1.06700515463,0.536363636364,1.05689877454,0.347276990411,3.54545454545,3.04338842975,1.05689877454,3.54545454545,0.499047619048,0.4,8,0.0484848484848,0.255555555556,11,11,11,1,0,0.0909090909091,0.636363636364,0.272727272727,11,0.118181818182,3.72727272727,2.36363636364,1.3,1.625,1.43336856898,0.6064251638,0.286713286713,0.603022689156,0.510249967747,0.237762237762,1.40129809949,1.18571377649,0.503496503497,2.05382127221,0.551025219373,7,3.72727272727,2.05382127221,7,0,0,0,0,0.22962962963,11,11,11,1,0,0.0909090909091,0.636363636364,0.272727272727,11,18,0.163636363636,3.11363636364,3.27272727273,1.8,2.25,1.42062726223,0.434080552347,0.227272727273,0.924416277737,0.564921058617,0.292929292929,1.68954001271,1.03249667443,0.525252525253,1.14353419474,0.367266456706,3.875,3.11363636364,1.14353419474,3.875,0.366666666667,0.266666666667,4,0.0242424242424,0.221111111111,11,11,11,1,0,0.0909090909091,0.636363636364,0.272727272727,-2,-0.0181818181818,0.0702479338843,-0.363636363636,-0.2,-0.25,-0.268912750482,-0.030542951148,-0.0181818181818,-0.243332138505,-0.0773405703161,-0.0434343434343,-0.250469359339,-0.0345084801933,-0.0111111111111,0.0866354202056,0.0199894662943,0.329545454545,0.0702479338843,0.0866354202056,0.329545454545,-0.132380952381,-0.133333333333,-4,-0.0242424242424,-0.0344444444444,0,0,0,18,0,2,90,0.9,1,0,0.1,1,0.9,0.947368421053,0.938314863257,0.9,0.9,5,7,0,0,0,0
825,WLNM_dir_neg,0.908163265306,0.591738816739,00:00:02,10,20,42,1172860591,threshold_sweep,0.6,1,0.714285714286,0.833333333333,5,0,2,14,0.714285714286,1,0,0.285714285714,1,0.714285714286,0.833333333333,0.904761904762,0.587301587302,0.769230769231,0.790569415042,0.714285714286,20,13,7,0,20,0,13,0,7,11,20,0.181818181818,3.04338842975,3.63636363636,2,2.5,1.68954001271,0.464623503495,0.245454545455,1.16774841624,0.642261628933,0.336363636364,1.94000937205,1.06700515463,0.536363636364,1.05689877454,0.347276990411,3.54545454545,3.04338842975,1.05689877454,3.54545454545,0.499047619048,0.4,8,0.0484848484848,0.255555555556,11,11,11,1,0,0.0909090909091,0.636363636364,0.272727272727,11,0.118181818182,3.72727272727,2.36363636364,1.3,1.625,1.43336856898,0.6064251638,0.286713286713,0.603022689156,0.510249967747,0.237762237762,1.40129809949,1.18571377649,0.503496503497,2.05382127221,0.551025219373,7,3.72727272727,2.05382127221,7,0,0,0,0,0.22962962963,11,11,11,1,0,0.0909090909091,0.636363636364,0.272727272727,11,18,0.163636363636,3.11363636364,3.27272727273,1.8,2.25,1.42062726223,0.434080552347,0.227272727273,0.924416277737,0.564921058617,0.292929292929,1.68954001271,1.03249667443,0.525252525253,1.14353419474,0.367266456706,3.875,3.11363636364,1.14353419474,3.875,0.366666666667,0.266666666667,4,0.0242424242424,0.221111111111,11,11,11,1,0,0.0909090909091,0.636363636364,0.272727272727,-2,-0.0181818181818,0.0702479338843,-0.363636363636,-0.2,-0.25,-0.268912750482,-0.030542951148,-0.0181818181818,-0.243332138505,-0.0773405703161,-0.0434343434343,-0.250469359339,-0.0345084801933,-0.0111111111111,0.0866354202056,0.0199894662943,0.329545454545,0.0702479338843,0.0866354202056,0.329545454545,-0.132380952381,-0.133333333333,-4,-0.0242424242424,-0.0344444444444,0,0,0,18,0,2,90,0.9,1,0,0.1,1,0.9,0.947368421053,0.938314863257,0.9,0.9,5,7,0,0,0,0
826,WLNM_dir_neg,0.908163265306,0.591738816739,00:00:02,10,20,42,1172860591,threshold_sweep,0.7,1,0.714285714286,0.833333333333,5,0,2,14,0.714285714286,1,0,0.285714285714,1,0.714285714286,0.833333333333,0.904761904762,0.587301587302,0.769230769231,0.790569415042,0.714285714286,20,13,7,0,20,0,13,0,7,11,20,0.181818181818,3.04338842975,3.63636363636,2,2.5,1.68954001271,0.464623503495,0.245454545455,1.16774841624,0.642261628933,0.336363636364,1.94000937205,1.06700515463,0.536363636364,1.05689877454,0.347276990411,3.54545454545,3.04338842975,1.05689877454,3.54545454545,0.499047619048,0.4,8,0.0484848484848,0.255555555556,11,11,11,1,0,0.0909090909091,0.636363636364,0.272727272727,11,0.118181818182,3.72727272727,2.36363636364,1.3,1.625,1.43336856898,0.6064251638,0.286713286713,0.603022689156,0.510249967747,0.237762237762,1.40129809949,1.18571377649,0.503496503497,2.05382127221,0.551025219373,7,3.72727272727,2.05382127221,7,0,0,0,0,0.22962962963,11,11,11,1,0,0.0909090909091,0.636363636364,0.272727272727,11,18,0.163636363636,3.11363636364,3.27272727273,1.8,2.25,1.42062726223,0.434080552347,0.227272727273,0.924416277737,0.564921058617,0.292929292929,1.68954001271,1.03249667443,0.525252525253,1.14353419474,0.367266456706,3.875,3.11363636364,1.14353419474,3.875,0.366666666667,0.266666666667,4,0.0242424242424,0.221111111111,11,11,11,1,0,0.0909090909091,0.636363636364,0.272727272727,-2,-0.0181818181818,0.0702479338843,-0.363636363636,-0.2,-0.25,-0.268912750482,-0.030542951148,-0.0181818181818,-0.243332138505,-0.0773405703161,-0.0434343434343,-0.250469359339,-0.0345084801933,-0.0111111111111,0.0866354202056,0.0199894662943,0.329545454545,0.0702479338843,0.0866354202056,0.329545454545,-0.132380952381,-0.133333333333,-4,-0.0242424242424,-0.0344444444444,0,0,0,18,0,2,90,0.9,1,0,0.1,1,0.9,0.947368421053,0.938314863257,0.9,0.9,5,7,0,0,0,0
827,WLNM_dir_neg,0.908163265306,0.591738816739,00:00:02,10,20,42,1172860591,threshold_sweep,0.8,1,0.714285714286,0.833333333333,5,0,2,14,0.714285714286,1,0,0.285714285714,1,0.714285714286,0.833333333333,0.904761904762,0.587301587302,0.769230769231,0.790569415042,0.714285714286,20,13,7,0,20,0,13,0,7,11,20,0.181818181818,3.04338842975,3.63636363636,2,2.5,1.68954001271,0.464623503495,0.245454545455,1.16774841624,0.642261628933,0.336363636364,1.94000937205,1.06700515463,0.536363636364,1.05689877454,0.347276990411,3.54545454545,3.04338842975,1.05689877454,3.54545454545,0.499047619048,0.4,8,0.0484848484848,0.255555555556,11,11,11,1,0,0.0909090909091,0.636363636364,0.272727272727,11,0.118181818182,3.72727272727,2.36363636364,1.3,1.625,1.43336856898,0.6064251638,0.286713286713,0.603022689156,0.510249967747,0.237762237762,1.40129809949,1.18571377649,0.503496503497,2.05382127221,0.551025219373,7,3.72727272727,2.05382127221,7,0,0,0,0,0.22962962963,11,11,11,1,0,0.0909090909091,0.636363636364,0.272727272727,11,18,0.163636363636,3.11363636364,3.27272727273,1.8,2.25,1.42062726223,0.434080552347,0.227272727273,0.924416277737,0.564921058617,0.292929292929,1.68954001271,1.03249667443,0.525252525253,1.14353419474,0.367266456706,3.875,3.11363636364,1.14353419474,3.875,0.366666666667,0.266666666667,4,0.0242424242424,0.221111111111,11,11,11,1,0,0.0909090909091,0.636363636364,0.272727272727,-2,-0.0181818181818,0.0702479338843,-0.363636363636,-0.2,-0.25,-0.268912750482,-0.030542951148,-0.0181818181818,-0.243332138505,-0.0773405703161,-0.0434343434343,-0.250469359339,-0.0345084801933,-0.0111111111111,0.0866354202056,0.0199894662943,0.329545454545,0.0702479338843,0.0866354202056,0.329545454545,-0.132380952381,-0.133333333333,-4,-0.0242424242424,-0.0344444444444,0,0,0,18,0,2,90,0.9,1,0,0.1,1,0.9,0.947368421053,0.938314863257,0.9,0.9,5,7,0,0,0,0
828,WLNM_dir_neg,0.908163265306,0.591738816739,00:00:02,10,20,42,1172860591,threshold_sweep,0.9,1,0.714285714286,0.833333333333,5,0,2,14,0.714285714286,1,0,0.285714285714,1,0.714285714286,0.833333333333,0.904761904762,0.587301587302,0.769230769231,0.790569415042,0.714285714286,20,13,7,0,20,0,13,0,7,11,20,0.181818181818,3.04338842975,3.63636363636,2,2.5,1.68954001271,0.464623503495,0.245454545455,1.16774841624,0.642261628933,0.336363636364,1.94000937205,1.06700515463,0.536363636364,1.05689877454,0.347276990411,3.54545454545,3.04338842975,1.05689877454,3.54545454545,0.499047619048,0.4,8,0.0484848484848,0.255555555556,11,11,11,1,0,0.0909090909091,0.636363636364,0.272727272727,11,0.118181818182,3.72727272727,2.36363636364,1.3,1.625,1.43336856898,0.6064251638,0.286713286713,0.603022689156,0.510249967747,0.237762237762,1.40129809949,1.18571377649,0.503496503497,2.05382127221,0.551025219373,7,3.72727272727,2.05382127221,7,0,0,0,0,0.22962962963,11,11,11,1,0,0.0909090909091,0.636363636364,0.272727272727,11,18,0.163636363636,3.11363636364,3.27272727273,1.8,2.25,1.42062726223,0.434080552347,0.227272727273,0.924416277737,0.564921058617,0.292929292929,1.68954001271,1.03249667443,0.525252525253,1.14353419474,0.367266456706,3.875,3.11363636364,1.14353419474,3.875,0.366666666667,0.266666666667,4,0.0242424242424,0.221111111111,11,11,11,1,0,0.0909090909091,0.636363636364,0.272727272727,-2,-0.0181818181818,0.0702479338843,-0.363636363636,-0.2,-0.25,-0.268912750482,-0.030542951148,-0.0181818181818,-0.243332138505,-0.0773405703161,-0.0434343434343,-0.250469359339,-0.0345084801933,-0.0111111111111,0.0866354202056,0.0199894662943,0.329545454545,0.0702479338843,0.0866354202056,0.329545454545,-0.132380952381,-0.133333333333,-4,-0.0242424242424,-0.0344444444444,0,0,0,18,0,2,90,0.9,1,0,0.1,1,0.9,0.947368421053,0.938314863257,0.9,0.9,5,7,0,0,0,0
829,WLNM_dir_neg,0.877551020408,0.570929070929,00:00:01,10,20,43,1172860592,threshold_sweep,0.1,1,0.571428571429,0.727272727273,4,0,3,14,0.571428571429,1,0,0.428571428571,1,0.571428571429,0.727272727273,0.857142857143,0.603174603175,0.64,0.68599434057,0.571428571429,20,13,7,0,20,0,13,0,7,11,20,0.181818181818,3.04338842975,3.63636363636,2,2.5,1.68954001271,0.464623503495,0.245454545455,1.16774841624,0.642261628933,0.336363636364,1.94000937205,1.06700515463,0.536363636364,1.05689877454,0.347276990411,3.54545454545,3.04338842975,1.05689877454,3.54545454545,0.499047619048,0.4,8,0.0484848484848,0.255555555556,11,11,11,1,0,0.0909090909091,0.636363636364,0.272727272727,11,0.118181818182,3.72727272727,2.36363636364,1.3,1.625,1.43336856898,0.6064251638,0.286713286713,0.603022689156,0.510249967747,0.237762237762,1.40129809949,1.18571377649,0.503496503497,2.05382127221,0.551025219373,7,3.72727272727,2.05382127221,7,0,0,0,0,0.22962962963,11,11,11,1,0,0.0909090909091,0.636363636364,0.272727272727,11,17,0.154545454545,3.17727272727,3.09090909091,1.7,2.125,1.30034960334,0.420701342257,0.208556149733,0.820199532265,0.530717344407,0.267379679144,1.57249078621,1.01749403814,0.513368983957,1.2536673475,0.394573414091,4.4,3.17727272727,1.2536673475,4.4,0.213333333333,0.153846153846,2,0.0121212121212,0.205555555556,11,11,11,1,0,0.0909090909091,0.636363636364,0.272727272727,-3,-0.0272727272727,0.133884297521,-0.545454545455,-0.3,-0.375,-0.389190409368,-0.0439221612377,-0.0368983957219,-0.347548883978,-0.111544284527,-0.0689839572193,-0.367518585835,-0.0495111164884,-0.0229946524064,0.196768572961,0.0472964236795,0.854545454545,0.133884297521,0.196768572961,0.854545454545,-0.285714285714,-0.246153846154,-6,-0.0363636363636,-0.05,0,0,0,17,0,3,90,0.85,1,0,0.15,1,0.85,0.918918918919,0.906962317388,0.85,0.85,4,7,0,0,0,0
830,WLNM_dir_neg,0.877551020408,0.570929070929,00:00:01,10,20,43,1172860592,threshold_sweep,0.2,1,0.571428571429,0.727272727273,4,0,3,14,0.571428571429,1,0,0.428571428571,1,0.571428571429,0.727272727273,0.857142857143,0.603174603175,0.64,0.68599434057,0.571428571429,20,13,7,0,20,0,13,0,7,11,20,0.181818181818,3.04338842975,3.63636363636,2,2.5,1.68954001271,0.464623503495,0.245454545455,1.16774841624,0.642261628933,0.336363636364,1.94000937205,1.06700515463,0.536363636364,1.05689877454,0.347276990411,3.54545454545,3.04338842975,1.05689877454,3.54545454545,0.499047619048,0.4,8,0.0484848484848,0.255555555556,11,11,11,1,0,0.0909090909091,0.636363636364,0.272727272727,11,0.118181818182,3.72727272727,2.36363636364,1.3,1.625,1.43336856898,0.6064251638,0.286713286713,0.603022689156,0.510249967747,0.237762237762,1.40129809949,1.18571377649,0.503496503497,2.05382127221,0.551025219373,7,3.72727272727,2.05382127221,7,0,0,0,0,0.22962962963,11,11,11,1,0,0.0909090909091,0.636363636364,0.272727272727,11,17,0.154545454545,3.17727272727,3.09090909091,1.7,2.125,1.30034960334,0.420701342257,0.208556149733,0.820199532265,0.530717344407,0.267379679144,1.57249078621,1.01749403814,0.513368983957,1.2536673475,0.394573414091,4.4,3.17727272727,1.2536673475,4.4,0.213333333333,0.153846153846,2,0.0121212121212,0.205555555556,11,11,11,1,0,0.0909090909091,0.636363636364,0.272727272727,-3,-0.0272727272727,0.133884297521,-0.545454545455,-0.3,-0.375,-0.389190409368,-0.0439221612377,-0.0368983957219,-0.347548883978,-0.111544284527,-0.0689839572193,-0.367518585835,-0.0495111164884,-0.0229946524064,0.196768572961,0.0472964236795,0.854545454545,0.133884297521,0.196768572961,0.854545454545,-0.285714285714,-0.246153846154,-6,-0.0363636363636,-0.05,0,0,0,17,0,3,90,0.85,1,0,0.15,1,0.85,0.918918918919,0.906962317388,0.85,0.85,4,7,0,0,0,0
831,WLNM_dir_neg,0.877551020408,0.570929070929,00:00:01,10,20,43,1172860592,threshold_sweep,0.3,1,0.571428571429,0.727272727273,4,0,3,14,0.571428571429,1,0,0.428571428571,1,0.571428571429,0.727272727273,0.857142857143,0.603174603175,0.64,0.68599434057,0.571428571429,20,13,7,0,20,0,13,0,7,11,20,0.181818181818,3.04338842975,3.63636363636,2,2.5,1.68954001271,0.464623503495,0.245454545455,1.16774841624,0.642261628933,0.336363636364,1.94000937205,1.06700515463,0.536363636364,1.05689877454,0.347276990411,3.54545454545,3.04338842975,1.05689877454,3.54545454545,0.499047619048,0.4,8,0.0484848484848,0.255555555556,11,11,11,1,0,0.0909090909091,0.636363636364,0.272727272727,11,0.118181818182,3.72727272727,2.36363636364,1.3,1.625,1.43336856898,0.6064251638,0.286713286713,0.603022689156,0.510249967747,0.237762237762,1.40129809949,1.18571377649,0.503496503497,2.05382127221,0.551025219373,7,3.72727272727,2.05382127221,7,0,0,0,0,0.22962962963,11,11,11,1,0,0.0909090909091,0.636363636364,0.272727272727,11,17,0.154545454545,3.17727272727,3.09090909091,1.7,2.125,1.30034960334,0.420701342257,0.208556149733,0.820199532265,0.530717344407,0.267379679144,1.57249078621,1.01749403814,0.513368983957,1.2536673475,0.394573414091,4.4,3.17727272727,1.2536673475,4.4,0.213333333333,0.153846153846,2,0.0121212121212,0.205555555556,11,11,11,1,0,0.0909090909091,0.636363636364,0.272727272727,-3,-0.0272727272727,0.133884297521,-0.545454545455,-0.3,-0.375,-0.389190409368,-0.0439221612377,-0.0368983957219,-0.347548883978,-0.111544284527,-0.0689839572193,-0.367518585835,-0.0495111164884,-0.0229946524064,0.196768572961,0.0472964236795,0.854545454545,0.133884297521,0.196768572961,0.854545454545,-0.285714285714,-0.246153846154,-6,-0.0363636363636,-0.05,0,0,0,17,0,3,90,0.85,1,0,0.15,1,0.85,0.918918918919,0.906962317388,0.85,0.85,4,7,0,0,0,0
832,WLNM_dir_neg,0.877551020408,0.570929070929,00:00:01,10,20,43,1172860592,threshold_sweep,0.4,1,0.571428571429,0.727272727273,4,0,3,14,0.571428571429,1,0,0.428571428571,1,0.571428571429,0.727272727273,0.857142857143,0.603174603175,0.64,0.68599434057,0.571428571429,20,13,7,0,20,0,13,0,7,11,20,0.181818181818,3.04338842975,3.63636363636,2,2.5,1.68954001271,0.464623503495,0.245454545455,1.16774841624,0.642261628933,0.336363636364,1.94000937205,1.06700515463,0.536363636364,1.05689877454,0.347276990411,3.54545454545,3.04338842975,1.05689877454,3.54545454545,0.499047619048,0.4,8,0.0484848484848,0.255555555556,11,11,11,1,0,0.0909090909091,0.636363636364,0.272727272727,11,0.118181818182,3.72727272727,2.36363636364,1.3,1.625,1.43336856898,0.6064251638,0.286713286713,0.603022689156,0.510249967747,0.237762237762,1.40129809949,1.18571377649,0.503496503497,2.05382127221,0.551025219373,7,3.72727272727,2.05382127221,7,0,0,0,0,0.22962962963,11,11,11,1,0,0.0909090909091,0.636363636364,0.272727272727,11,17,0.154545454545,3.17727272727,3.09090909091,1.7,2.125,1.30034960334,0.420701342257,0.208556149733,0.820199532265,0.530717344407,0.267379679144,1.57249078621,1.01749403814,0.513368983957,1.2536673475,0.394573414091,4.4,3.17727272727,1.2536673475,4.4,0.213333333333,0.153846153846,2,0.0121212121212,0.205555555556,11,11,11,1,0,0.0909090909091,0.636363636364,0.272727272727,-3,-0.0272727272727,0.133884297521,-0.545454545455,-0.3,-0.375,-0.389190409368,-0.0439221612377,-0.0368983957219,-0.347548883978,-0.111544284527,-0.0689839572193,-0.367518585835,-0.0495111164884,-0.0229946524064,0.196768572961,0.0472964236795,0.854545454545,0.133884297521,0.196768572961,0.854545454545,-0.285714285714,-0.246153846154,-6,-0.0363636363636,-0.05,0,0,0,17,0,3,90,0.85,1,0,0.15,1,0.85,0.918918918919,0.906962317388,0.85,0.85,4,7,0,0,0,0
833,WLNM_dir_neg,0.877551020408,0.570929070929,00:00:01,10,20,43,1172860592,threshold_sweep,0.5,1,0.571428571429,0.727272727273,4,0,3,14,0.571428571429,1,0,0.428571428571,1,0.571428571429,0.727272727273,0.857142857143,0.603174603175,0.64,0.68599434057,0.571428571429,20,13,7,0,20,0,13,0,7,11,20,0.181818181818,3.04338842975,3.63636363636,2,2.5,1.68954001271,0.464623503495,0.245454545455,1.16774841624,0.642261628933,0.336363636364,1.94000937205,1.06700515463,0.536363636364,1.05689877454,0.347276990411,3.54545454545,3.04338842975,1.05689877454,3.54545454545,0.499047619048,0.4,8,0.0484848484848,0.255555555556,11,11,11,1,0,0.0909090909091,0.636363636364,0.272727272727,11,0.118181818182,3.72727272727,2.36363636364,1.3,1.625,1.43336856898,0.6064251638,0.286713286713,0.603022689156,0.510249967747,0.237762237762,1.40129809949,1.18571377649,0.503496503497,2.05382127221,0.551025219373,7,3.72727272727,2.05382127221,7,0,0,0,0,0.22962962963,11,11,11,1,0,0.0909090909091,0.636363636364,0.272727272727,11,17,0.154545454545,3.17727272727,3.09090909091,1.7,2.125,1.30034960334,0.420701342257,0.208556149733,0.820199532265,0.530717344407,0.267379679144,1.57249078621,1.01749403814,0.513368983957,1.2536673475,0.394573414091,4.4,3.17727272727,1.2536673475,4.4,0.213333333333,0.153846153846,2,0.0121212121212,0.205555555556,11,11,11,1,0,0.0909090909091,0.636363636364,0.272727272727,-3,-0.0272727272727,0.133884297521,-0.545454545455,-0.3,-0.375,-0.389190409368,-0.0439221612377,-0.0368983957219,-0.347548883978,-0.111544284527,-0.0689839572193,-0.367518585835,-0.0495111164884,-0.0229946524064,0.196768572961,0.0472964236795,0.854545454545,0.133884297521,0.196768572961,0.854545454545,-0.285714285714,-0.246153846154,-6,-0.0363636363636,-0.05,0,0,0,17,0,3,90,0.85,1,0,0.15,1,0.85,0.918918918919,0.906962317388,0.85,0.85,4,7,0,0,0,0
834,WLNM_dir_neg,0.877551020408,0.570929070929,00:00:01,10,20,43,1172860592,threshold_sweep,0.6,1,0.571428571429,0.727272727273,4,0,3,14,0.571428571429,1,0,0.428571428571,1,0.571428571429,0.727272727273,0.857142857143,0.603174603175,0.64,0.68599434057,0.571428571429,20,13,7,0,20,0,13,0,7,11,20,0.181818181818,3.04338842975,3.63636363636,2,2.5,1.68954001271,0.464623503495,0.245454545455,1.16774841624,0.642261628933,0.336363636364,1.94000937205,1.06700515463,0.536363636364,1.05689877454,0.347276990411,3.54545454545,3.04338842975,1.05689877454,3.54545454545,0.499047619048,0.4,8,0.0484848484848,0.255555555556,11,11,11,1,0,0.0909090909091,0.636363636364,0.272727272727,11,0.118181818182,3.72727272727,2.36363636364,1.3,1.625,1.43336856898,0.6064251638,0.286713286713,0.603022689156,0.510249967747,0.237762237762,1.40129809949,1.18571377649,0.503496503497,2.05382127221,0.551025219373,7,3.72727272727,2.05382127221,7,0,0,0,0,0.22962962963,11,11,11,1,0,0.0909090909091,0.636363636364,0.272727272727,11,17,0.154545454545,3.17727272727,3.09090909091,1.7,2.125,1.30034960334,0.420701342257,0.208556149733,0.820199532265,0.530717344407,0.267379679144,1.57249078621,1.01749403814,0.513368983957,1.2536673475,0.394573414091,4.4,3.17727272727,1.2536673475,4.4,0.213333333333,0.153846153846,2,0.0121212121212,0.205555555556,11,11,11,1,0,0.0909090909091,0.636363636364,0.272727272727,-3,-0.0272727272727,0.133884297521,-0.545454545455,-0.3,-0.375,-0.389190409368,-0.0439221612377,-0.0368983957219,-0.347548883978,-0.111544284527,-0.0689839572193,-0.367518585835,-0.0495111164884,-0.0229946524064,0.196768572961,0.0472964236795,0.854545454545,0.133884297521,0.196768572961,0.854545454545,-0.285714285714,-0.246153846154,-6,-0.0363636363636,-0.05,0,0,0,17,0,3,90,0.85,1,0,0.15,1,0.85,0.918918918919,0.906962317388,0.85,0.85,4,7,0,0,0,0
835,WLNM_dir_neg,0.877551020408,0.570929070929,00:00:01,10,20,43,1172860592,threshold_sweep,0.7,1,0.571428571429,0.727272727273,4,0,3,14,0.571428571429,1,0,0.428571428571,1,0.571428571429,0.727272727273,0.857142857143,0.603174603175,0.64,0.68599434057,0.571428571429,20,13,7,0,20,0,13,0,7,11,20,0.181818181818,3.04338842975,3.63636363636,2,2.5,1.68954001271,0.464623503495,0.245454545455,1.16774841624,0.642261628933,0.336363636364,1.94000937205,1.06700515463,0.536363636364,1.05689877454,0.347276990411,3.54545454545,3.04338842975,1.05689877454,3.54545454545,0.499047619048,0.4,8,0.0484848484848,0.255555555556,11,11,11,1,0,0.0909090909091,0.636363636364,0.272727272727,11,0.118181818182,3.72727272727,2.36363636364,1.3,1.625,1.43336856898,0.6064251638,0.286713286713,0.603022689156,0.510249967747,0.237762237762,1.40129809949,1.18571377649,0.503496503497,2.05382127221,0.551025219373,7,3.72727272727,2.05382127221,7,0,0,0,0,0.22962962963,11,11,11,1,0,0.0909090909091,0.636363636364,0.272727272727,11,17,0.154545454545,3.17727272727,3.09090909091,1.7,2.125,1.30034960334,0.420701342257,0.208556149733,0.820199532265,0.530717344407,0.267379679144,1.57249078621,1.01749403814,0.513368983957,1.2536673475,0.394573414091,4.4,3.17727272727,1.2536673475,4.4,0.213333333333,0.153846153846,2,0.0121212121212,0.205555555556,11,11,11,1,0,0.0909090909091,0.636363636364,0.272727272727,-3,-0.0272727272727,0.133884297521,-0.545454545455,-0.3,-0.375,-0.389190409368,-0.0439221612377,-0.0368983957219,-0.347548883978,-0.111544284527,-0.0689839572193,-0.367518585835,-0.0495111164884,-0.0229946524064,0.196768572961,0.0472964236795,0.854545454545,0.133884297521,0.196768572961,0.854545454545,-0.285714285714,-0.246153846154,-6,-0.0363636363636,-0.05,0,0,0,17,0,3,90,0.85,1,0,0.15,1,0.85,0.918918918919,0.906962317388,0.85,0.85,4,7,0,0,0,0
836,WLNM_dir_neg,0.877551020408,0.570929070929,00:00:01,10,20,43,1172860592,threshold_sweep,0.8,1,0.571428571429,0.727272727273,4,0,3,14,0.571428571429,1,0,0.428571428571,1,0.571428571429,0.727272727273,0.857142857143,0.603174603175,0.64,0.68599434057,0.571428571429,20,13,7,0,20,0,13,0,7,11,20,0.181818181818,3.04338842975,3.63636363636,2,2.5,1.68954001271,0.464623503495,0.245454545455,1.16774841624,0.642261628933,0.336363636364,1.94000937205,1.06700515463,0.536363636364,1.05689877454,0.347276990411,3.54545454545,3.04338842975,1.05689877454,3.54545454545,0.499047619048,0.4,8,0.0484848484848,0.255555555556,11,11,11,1,0,0.0909090909091,0.636363636364,0.272727272727,11,0.118181818182,3.72727272727,2.36363636364,1.3,1.625,1.43336856898,0.6064251638,0.286713286713,0.603022689156,0.510249967747,0.237762237762,1.40129809949,1.18571377649,0.503496503497,2.05382127221,0.551025219373,7,3.72727272727,2.05382127221,7,0,0,0,0,0.22962962963,11,11,11,1,0,0.0909090909091,0.636363636364,0.272727272727,11,17,0.154545454545,3.17727272727,3.09090909091,1.7,2.125,1.30034960334,0.420701342257,0.208556149733,0.820199532265,0.530717344407,0.267379679144,1.57249078621,1.01749403814,0.513368983957,1.2536673475,0.394573414091,4.4,3.17727272727,1.2536673475,4.4,0.213333333333,0.153846153846,2,0.0121212121212,0.205555555556,11,11,11,1,0,0.0909090909091,0.636363636364,0.272727272727,-3,-0.0272727272727,0.133884297521,-0.545454545455,-0.3,-0.375,-0.389190409368,-0.0439221612377,-0.0368983957219,-0.347548883978,-0.111544284527,-0.0689839572193,-0.367518585835,-0.0495111164884,-0.0229946524064,0.196768572961,0.0472964236795,0.854545454545,0.133884297521,0.196768572961,0.854545454545,-0.285714285714,-0.246153846154,-6,-0.0363636363636,-0.05,0,0,0,17,0,3,90,0.85,1,0,0.15,1,0.85,0.918918918919,0.906962317388,0.85,0.85,4,7,0,0,0,0
837,WLNM_dir_neg,0.877551020408,0.570929070929,00:00:01,10,20,43,1172860592,threshold_sweep,0.9,1,0.571428571429,0.727272727273,4,0,3,14,0.571428571429,1,0,0.428571428571,1,0.571428571429,0.727272727273,0.857142857143,0.603174603175,0.64,0.68599434057,0.571428571429,20,13,7,0,20,0,13,0,7,11,20,0.181818181818,3.04338842975,3.63636363636,2,2.5,1.68954001271,0.464623503495,0.245454545455,1.16774841624,0.642261628933,0.336363636364,1.94000937205,1.06700515463,0.536363636364,1.05689877454,0.347276990411,3.54545454545,3.04338842975,1.05689877454,3.54545454545,0.499047619048,0.4,8,0.0484848484848,0.255555555556,11,11,11,1,0,0.0909090909091,0.636363636364,0.272727272727,11,0.118181818182,3.72727272727,2.36363636364,1.3,1.625,1.43336856898,0.6064251638,0.286713286713,0.603022689156,0.510249967747,0.237762237762,1.40129809949,1.18571377649,0.503496503497,2.05382127221,0.551025219373,7,3.72727272727,2.05382127221,7,0,0,0,0,0.22962962963,11,11,11,1,0,0.0909090909091,0.636363636364,0.272727272727,11,17,0.154545454545,3.17727272727,3.09090909091,1.7,2.125,1.30034960334,0.420701342257,0.208556149733,0.820199532265,0.530717344407,0.267379679144,1.57249078621,1.01749403814,0.513368983957,1.2536673475,0.394573414091,4.4,3.17727272727,1.2536673475,4.4,0.213333333333,0.153846153846,2,0.0121212121212,0.205555555556,11,11,11,1,0,0.0909090909091,0.636363636364,0.272727272727,-3,-0.0272727272727,0.133884297521,-0.545454545455,-0.3,-0.375,-0.389190409368,-0.0439221612377,-0.0368983957219,-0.347548883978,-0.111544284527,-0.0689839572193,-0.367518585835,-0.0495111164884,-0.0229946524064,0.196768572961,0.0472964236795,0.854545454545,0.133884297521,0.196768572961,0.854545454545,-0.285714285714,-0.246153846154,-6,-0.0363636363636,-0.05,0,0,0,17,0,3,90,0.85,1,0,0.15,1,0.85,0.918918918919,0.906962317388,0.85,0.85,4,7,0,0,0,0
838,WLNM_dir_neg,0.908163265306,0.63125,00:00:01,10,20,44,1172860593,threshold_sweep,0.1,0.857142857143,0.857142857143,0.857142857143,6,1,1,13,0.857142857143,0.928571428571,0.0714285714286,0.142857142857,0.857142857143,0.857142857143,0.857142857143,0.904761904762,0.555555555556,0.785714285714,0.785714285714,0.785714285714,20,13,7,0,20,0,13,0,7,11,20,0.181818181818,3.04338842975,3.63636363636,2,2.5,1.68954001271,0.464623503495,0.245454545455,1.16774841624,0.642261628933,0.336363636364,1.94000937205,1.06700515463,0.536363636364,1.05689877454,0.347276990411,3.54545454545,3.04338842975,1.05689877454,3.54545454545,0.499047619048,0.4,8,0.0484848484848,0.255555555556,11,11,11,1,0,0.0909090909091,0.636363636364,0.272727272727,11,0.118181818182,3.72727272727,2.36363636364,1.3,1.625,1.43336856898,0.6064251638,0.286713286713,0.603022689156,0.510249967747,0.237762237762,1.40129809949,1.18571377649,0.503496503497,2.05382127221,0.551025219373,7,3.72727272727,2.05382127221,7,0,0,0,0,0.22962962963,11,11,11,1,0,0.0909090909091,0.636363636364,0.272727272727,11,20,0.181818181818,3.12878787879,3.63636363636,2,2.5,1.62927758671,0.448051336344,0.231818181818,1.07871977994,0.593295878968,0.309090909091,1.8877596149,1.03826778819,0.527272727273,1.15491921096,0.369126721178,3.75,3.12878787879,1.15491921096,3.75,0.459047619048,0.35593220339,7,0.0424242424242,0.251111111111,11,11,11,1,0,0.0909090909091,0.636363636364,0.272727272727,0,0,0.0853994490358,0,0,0,-0.0602624260023,-0.0165721671506,-0.0136363636364,-0.0890286363011,-0.0489657499656,-0.0272727272727,-0.0522497571515,-0.0287373664333,-0.00909090909091,0.0980204364204,0.0218497307663,0.204545454545,0.0853994490358,0.0980204364204,0.204545454545,-0.04,-0.0440677966102,-1,-0.00606060606061,-0.00444444444444,0,0,0,19,1,1,89,0.95,0.988888888889,0.0111111111111,0.05,0.95,0.95,0.95,0.938888888889,0.938888888889,0.904761904762,7,7,0,0,0,0
839,WLNM_dir_neg,0.908163265306,0.63125,00:00:01,10,20,44,1172860593,threshold_sweep,0.2,1,0.571428571429,0.727272727273,4,0,3,14,0.571428571429,1,0,0.428571428571,1,0.571428571429,0.727272727273,0.857142857143,0.603174603175,0.64,0.68599434057,0.571428571429,20,13,7,0,20,0,13,0,7,11,20,0.181818181818,3.04338842975,3.63636363636,2,2.5,1.68954001271,0.464623503495,0.245454545455,1.16774841624,0.642261628933,0.336363636364,1.94000937205,1.06700515463,0.536363636364,1.05689877454,0.347276990411,3.54545454545,3.04338842975,1.05689877454,3.54545454545,0.499047619048,0.4,8,0.0484848484848,0.255555555556,11,11,11,1,0,0.0909090909091,0.636363636364,0.272727272727,11,0.118181818182,3.72727272727,2.36363636364,1.3,1.625,1.43336856898,0.6064251638,0.286713286713,0.603022689156,0.510249967747,0.237762237762,1.40129809949,1.18571377649,0.503496503497,2.05382127221,0.551025219373,7,3.72727272727,2.05382127221,7,0,0,0,0,0.22962962963,11,11,11,1,0,0.0909090909091,0.636363636364,0.272727272727,11,17,0.154545454545,3.17727272727,3.09090909091,1.7,2.125,1.30034960334,0.420701342257,0.208556149733,0.820199532265,0.530717344407,0.267379679144,1.57249078621,1.01749403814,0.513368983957,1.2536673475,0.394573414091,4.4,3.17727272727,1.2536673475,4.4,0.213333333333,0.153846153846,2,0.0121212121212,0.205555555556,11,11,11,1,0,0.0909090909091,0.636363636364,0.272727272727,-3,-0.0272727272727,0.133884297521,-0.545454545455,-0.3,-0.375,-0.389190409368,-0.0439221612377,-0.0368983957219,-0.347548883978,-0.111544284527,-0.0689839572193,-0.367518585835,-0.0495111164884,-0.0229946524064,0.196768572961,0.0472964236795,0.854545454545,0.133884297521,0.196768572961,0.854545454545,-0.285714285714,-0.246153846154,-6,-0.0363636363636,-0.05,0,0,0,17,0,3,90,0.85,1,0,0.15,1,0.85,0.918918918919,0.906962317388,0.85,0.85,4,7,0,0,0,0
840,WLNM_dir_neg,0.908163265306,0.63125,00:00:01,10,20,44,1172860593,threshold_sweep,0.3,1,0.571428571429,0.727272727273,4,0,3,14,0.571428571429,1,0,0.428571428571,1,0.571428571429,0.727272727273,0.857142857143,0.603174603175,0.64,0.68599434057,0.571428571429,20,13,7,0,20,0,13,0,7,11,20,0.181818181818,3.04338842975,3.63636363636,2,2.5,1.68954001271,0.464623503495,0.245454545455,1.16774841624,0.642261628933,0.336363636364,1.94000937205,1.06700515463,0.536363636364,1.05689877454,0.347276990411,3.54545454545,3.04338842975,1.05689877454,3.54545454545,0.499047619048,0.4,8,0.0484848484848,0.255555555556,11,11,11,1,0,0.0909090909091,0.636363636364,0.272727272727,11,0.118181818182,3.72727272727,2.36363636364,1.3,1.625,1.43336856898,0.6064251638,0.286713286713,0.603022689156,0.510249967747,0.237762237762,1.40129809949,1.18571377649,0.503496503497,2.05382127221,0.551025219373,7,3.72727272727,2.05382127221,7,0,0,0,0,0.22962962963,11,11,11,1,0,0.0909090909091,0.636363636364,0.272727272727,11,17,0.154545454545,3.17727272727,3.09090909091,1.7,2.125,1.30034960334,0.420701342257,0.208556149733,0.820199532265,0.530717344407,0.267379679144,1.57249078621,1.01749403814,0.513368983957,1.2536673475,0.394573414091,4.4,3.17727272727,1.2536673475,4.4,0.213333333333,0.153846153846,2,0.0121212121212,0.205555555556,11,11,11,1,0,0.0909090909091,0.636363636364,0.272727272727,-3,-0.0272727272727,0.133884297521,-0.545454545455,-0.3,-0.375,-0.389190409368,-0.0439221612377,-0.0368983957219,-0.347548883978,-0.111544284527,-0.0689839572193,-0.367518585835,-0.0495111164884,-0.0229946524064,0.196768572961,0.0472964236795,0.854545454545,0.133884297521,0.196768572961,0.854545454545,-0.285714285714,-0.246153846154,-6,-0.0363636363636,-0.05,0,0,0,17,0,3,90,0.85,1,0,0.15,1,0.85,0.918918918919,0.906962317388,0.85,0.85,4,7,0,0,0,0
841,WLNM_dir_neg,0.908163265306,0.63125,00:00:01,10,20,44,1172860593,threshold_sweep,0.4,1,0.571428571429,0.727272727273,4,0,3,14,0.571428571429,1,0,0.428571428571,1,0.571428571429,0.727272727273,0.857142857143,0.603174603175,0.64,0.68599434057,0.571428571429,20,13,7,0,20,0,13,0,7,11,20,0.181818181818,3.04338842975,3.63636363636,2,2.5,1.68954001271,0.464623503495,0.245454545455,1.16774841624,0.642261628933,0.336363636364,1.94000937205,1.06700515463,0.536363636364,1.05689877454,0.347276990411,3.54545454545,3.04338842975,1.05689877454,3.54545454545,0.499047619048,0.4,8,0.0484848484848,0.255555555556,11,11,11,1,0,0.0909090909091,0.636363636364,0.272727272727,11,0.118181818182,3.72727272727,2.36363636364,1.3,1.625,1.43336856898,0.6064251638,0.286713286713,0.603022689156,0.510249967747,0.237762237762,1.40129809949,1.18571377649,0.503496503497,2.05382127221,0.551025219373,7,3.72727272727,2.05382127221,7,0,0,0,0,0.22962962963,11,11,11,1,0,0.0909090909091,0.636363636364,0.272727272727,11,17,0.154545454545,3.17727272727,3.09090909091,1.7,2.125,1.30034960334,0.420701342257,0.208556149733,0.820199532265,0.530717344407,0.267379679144,1.57249078621,1.01749403814,0.513368983957,1.2536673475,0.394573414091,4.4,3.17727272727,1.2536673475,4.4,0.213333333333,0.153846153846,2,0.0121212121212,0.205555555556,11,11,11,1,0,0.0909090909091,0.636363636364,0.272727272727,-3,-0.0272727272727,0.133884297521,-0.545454545455,-0.3,-0.375,-0.389190409368,-0.0439221612377,-0.0368983957219,-0.347548883978,-0.111544284527,-0.0689839572193,-0.367518585835,-0.0495111164884,-0.0229946524064,0.196768572961,0.0472964236795,0.854545454545,0.133884297521,0.196768572961,0.854545454545,-0.285714285714,-0.246153846154,-6,-0.0363636363636,-0.05,0,0,0,17,0,3,90,0.85,1,0,0.15,1,0.85,0.918918918919,0.906962317388,0.85,0.85,4,7,0,0,0,0
842,WLNM_dir_neg,0.908163265306,0.63125,00:00:01,10,20,44,1172860593,threshold_sweep,0.5,1,0.571428571429,0.727272727273,4,0,3,14,0.571428571429,1,0,0.428571428571,1,0.571428571429,0.727272727273,0.857142857143,0.603174603175,0.64,0.68599434057,0.571428571429,20,13,7,0,20,0,13,0,7,11,20,0.181818181818,3.04338842975,3.63636363636,2,2.5,1.68954001271,0.464623503495,0.245454545455,1.16774841624,0.642261628933,0.336363636364,1.94000937205,1.06700515463,0.536363636364,1.05689877454,0.347276990411,3.54545454545,3.04338842975,1.05689877454,3.54545454545,0.499047619048,0.4,8,0.0484848484848,0.255555555556,11,11,11,1,0,0.0909090909091,0.636363636364,0.272727272727,11,0.118181818182,3.72727272727,2.36363636364,1.3,1.625,1.43336856898,0.6064251638,0.286713286713,0.603022689156,0.510249967747,0.237762237762,1.40129809949,1.18571377649,0.503496503497,2.05382127221,0.551025219373,7,3.72727272727,2.05382127221,7,0,0,0,0,0.22962962963,11,11,11,1,0,0.0909090909091,0.636363636364,0.272727272727,11,17,0.154545454545,3.17727272727,3.09090909091,1.7,2.125,1.30034960334,0.420701342257,0.208556149733,0.820199532265,0.530717344407,0.267379679144,1.57249078621,1.01749403814,0.513368983957,1.2536673475,0.394573414091,4.4,3.17727272727,1.2536673475,4.4,0.213333333333,0.153846153846,2,0.0121212121212,0.205555555556,11,11,11,1,0,0.0909090909091,0.636363636364,0.272727272727,-3,-0.0272727272727,0.133884297521,-0.545454545455,-0.3,-0.375,-0.389190409368,-0.0439221612377,-0.0368983957219,-0.347548883978,-0.111544284527,-0.0689839572193,-0.367518585835,-0.0495111164884,-0.0229946524064,0.196768572961,0.0472964236795,0.854545454545,0.133884297521,0.196768572961,0.854545454545,-0.285714285714,-0.246153846154,-6,-0.0363636363636,-0.05,0,0,0,17,0,3,90,0.85,1,0,0.15,1,0.85,0.918918918919,0.906962317388,0.85,0.85,4,7,0,0,0,0
843,WLNM_dir_neg,0.908163265306,0.63125,00:00:01,10,20,44,1172860593,threshold_sweep,0.6,1,0.571428571429,0.727272727273,4,0,3,14,0.571428571429,1,0,0.428571428571,1,0.571428571429,0.727272727273,0.857142857143,0.603174603175,0.64,0.68599434057,0.571428571429,20,13,7,0,20,0,13,0,7,11,20,0.181818181818,3.04338842975,3.63636363636,2,2.5,1.68954001271,0.464623503495,0.245454545455,1.16774841624,0.642261628933,0.336363636364,1.94000937205,1.06700515463,0.536363636364,1.05689877454,0.347276990411,3.54545454545,3.04338842975,1.05689877454,3.54545454545,0.499047619048,0.4,8,0.0484848484848,0.255555555556,11,11,11,1,0,0.0909090909091,0.636363636364,0.272727272727,11,0.118181818182,3.72727272727,2.36363636364,1.3,1.625,1.43336856898,0.6064251638,0.286713286713,0.603022689156,0.510249967747,0.237762237762,1.40129809949,1.18571377649,0.503496503497,2.05382127221,0.551025219373,7,3.72727272727,2.05382127221,7,0,0,0,0,0.22962962963,11,11,11,1,0,0.0909090909091,0.636363636364,0.272727272727,11,17,0.154545454545,3.17727272727,3.09090909091,1.7,2.125,1.30034960334,0.420701342257,0.208556149733,0.820199532265,0.530717344407,0.267379679144,1.57249078621,1.01749403814,0.513368983957,1.2536673475,0.394573414091,4.4,3.17727272727,1.2536673475,4.4,0.213333333333,0.153846153846,2,0.0121212121212,0.205555555556,11,11,11,1,0,0.0909090909091,0.636363636364,0.272727272727,-3,-0.0272727272727,0.133884297521,-0.545454545455,-0.3,-0.375,-0.389190409368,-0.0439221612377,-0.0368983957219,-0.347548883978,-0.111544284527,-0.0689839572193,-0.367518585835,-0.0495111164884,-0.0229946524064,0.196768572961,0.0472964236795,0.854545454545,0.133884297521,0.196768572961,0.854545454545,-0.285714285714,-0.246153846154,-6,-0.0363636363636,-0.05,0,0,0,17,0,3,90,0.85,1,0,0.15,1,0.85,0.918918918919,0.906962317388,0.85,0.85,4,7,0,0,0,0
844,WLNM_dir_neg,0.908163265306,0.63125,00:00:01,10,20,44,1172860593,threshold_sweep,0.7,1,0.571428571429,0.727272727273,4,0,3,14,0.571428571429,1,0,0.428571428571,1,0.571428571429,0.727272727273,0.857142857143,0.603174603175,0.64,0.68599434057,0.571428571429,20,13,7,0,20,0,13,0,7,11,20,0.181818181818,3.04338842975,3.63636363636,2,2.5,1.68954001271,0.464623503495,0.245454545455,1.16774841624,0.642261628933,0.336363636364,1.94000937205,1.06700515463,0.536363636364,1.05689877454,0.347276990411,3.54545454545,3.04338842975,1.05689877454,3.54545454545,0.499047619048,0.4,8,0.0484848484848,0.255555555556,11,11,11,1,0,0.0909090909091,0.636363636364,0.272727272727,11,0.118181818182,3.72727272727,2.36363636364,1.3,1.625,1.43336856898,0.6064251638,0.286713286713,0.603022689156,0.510249967747,0.237762237762,1.40129809949,1.18571377649,0.503496503497,2.05382127221,0.551025219373,7,3.72727272727,2.05382127221,7,0,0,0,0,0.22962962963,11,11,11,1,0,0.0909090909091,0.636363636364,0.272727272727,11,17,0.154545454545,3.17727272727,3.09090909091,1.7,2.125,1.30034960334,0.420701342257,0.208556149733,0.820199532265,0.530717344407,0.267379679144,1.57249078621,1.01749403814,0.513368983957,1.2536673475,0.394573414091,4.4,3.17727272727,1.2536673475,4.4,0.213333333333,0.153846153846,2,0.0121212121212,0.205555555556,11,11,11,1,0,0.0909090909091,0.636363636364,0.272727272727,-3,-0.0272727272727,0.133884297521,-0.545454545455,-0.3,-0.375,-0.389190409368,-0.0439221612377,-0.0368983957219,-0.347548883978,-0.111544284527,-0.0689839572193,-0.367518585835,-0.0495111164884,-0.0229946524064,0.196768572961,0.0472964236795,0.854545454545,0.133884297521,0.196768572961,0.854545454545,-0.285714285714,-0.246153846154,-6,-0.0363636363636,-0.05,0,0,0,17,0,3,90,0.85,1,0,0.15,1,0.85,0.918918918919,0.906962317388,0.85,0.85,4,7,0,0,0,0
845,WLNM_dir_neg,0.908163265306,0.63125,00:00:01,10,20,44,1172860593,threshold_sweep,0.8,1,0.571428571429,0.727272727273,4,0,3,14,0.571428571429,1,0,0.428571428571,1,0.571428571429,0.727272727273,0.857142857143,0.603174603175,0.64,0.68599434057,0.571428571429,20,13,7,0,20,0,13,0,7,11,20,0.181818181818,3.04338842975,3.63636363636,2,2.5,1.68954001271,0.464623503495,0.245454545455,1.16774841624,0.642261628933,0.336363636364,1.94000937205,1.06700515463,0.536363636364,1.05689877454,0.347276990411,3.54545454545,3.04338842975,1.05689877454,3.54545454545,0.499047619048,0.4,8,0.0484848484848,0.255555555556,11,11,11,1,0,0.0909090909091,0.636363636364,0.272727272727,11,0.118181818182,3.72727272727,2.36363636364,1.3,1.625,1.43336856898,0.6064251638,0.286713286713,0.603022689156,0.510249967747,0.237762237762,1.40129809949,1.18571377649,0.503496503497,2.05382127221,0.551025219373,7,3.72727272727,2.05382127221,7,0,0,0,0,0.22962962963,11,11,11,1,0,0.0909090909091,0.636363636364,0.272727272727,11,17,0.154545454545,3.17727272727,3.09090909091,1.7,2.125,1.30034960334,0.420701342257,0.208556149733,0.820199532265,0.530717344407,0.267379679144,1.57249078621,1.01749403814,0.513368983957,1.2536673475,0.394573414091,4.4,3.17727272727,1.2536673475,4.4,0.213333333333,0.153846153846,2,0.0121212121212,0.205555555556,11,11,11,1,0,0.0909090909091,0.636363636364,0.272727272727,-3,-0.0272727272727,0.133884297521,-0.545454545455,-0.3,-0.375,-0.389190409368,-0.0439221612377,-0.0368983957219,-0.347548883978,-0.111544284527,-0.0689839572193,-0.367518585835,-0.0495111164884,-0.0229946524064,0.196768572961,0.0472964236795,0.854545454545,0.133884297521,0.196768572961,0.854545454545,-0.285714285714,-0.246153846154,-6,-0.0363636363636,-0.05,0,0,0,17,0,3,90,0.85,1,0,0.15,1,0.85,0.918918918919,0.906962317388,0.85,0.85,4,7,0,0,0,0
846,WLNM_dir_neg,0.908163265306,0.63125,00:00:01,10,20,44,1172860593,threshold_sweep,0.9,1,0.428571428571,0.6,3,0,4,14,0.428571428571,1,0,0.571428571429,1,0.428571428571,0.6,0.809523809524,0.619047619048,0.5,0.57735026919,0.428571428571,20,13,7,0,20,0,13,0,7,11,20,0.181818181818,3.04338842975,3.63636363636,2,2.5,1.68954001271,0.464623503495,0.245454545455,1.16774841624,0.642261628933,0.336363636364,1.94000937205,1.06700515463,0.536363636364,1.05689877454,0.347276990411,3.54545454545,3.04338842975,1.05689877454,3.54545454545,0.499047619048,0.4,8,0.0484848484848,0.255555555556,11,11,11,1,0,0.0909090909091,0.636363636364,0.272727272727,11,0.118181818182,3.72727272727,2.36363636364,1.3,1.625,1.43336856898,0.6064251638,0.286713286713,0.603022689156,0.510249967747,0.237762237762,1.40129809949,1.18571377649,0.503496503497,2.05382127221,0.551025219373,7,3.72727272727,2.05382127221,7,0,0,0,0,0.22962962963,11,11,11,1,0,0.0909090909091,0.636363636364,0.272727272727,11,16,0.145454545455,3.25,2.90909090909,1.6,2,1.30034960334,0.446995176148,0.215909090909,0.687551650952,0.47269176003,0.227272727273,1.57249078621,1.08108741552,0.522727272727,1.3758835545,0.423348786001,4.66666666667,3.25,1.3758835545,4.66666666667,0.213333333333,0.171428571429,2,0.0121212121212,0.2,11,11,11,1,0,0.0909090909091,0.636363636364,0.272727272727,-4,-0.0363636363636,0.206611570248,-0.727272727273,-0.4,-0.5,-0.389190409368,-0.0176283273466,-0.0295454545455,-0.48019676529,-0.169569868904,-0.109090909091,-0.367518585835,0.0140822608953,-0.0136363636364,0.318984779967,0.07607179559,1.12121212121,0.206611570248,0.318984779967,1.12121212121,-0.285714285714,-0.228571428571,-6,-0.0363636363636,-0.0555555555556,0,0,0,16,0,4,90,0.8,1,0,0.2,1,0.8,0.888888888889,0.875189948987,0.8,0.8,3,7,0,0,0,0
847,WLNM_dir_neg,0.897959183673,0.565548340548,00:00:02,10,20,45,1172860594,threshold_sweep,0.1,0.833333333333,0.714285714286,0.769230769231,5,1,2,13,0.714285714286,0.928571428571,0.0714285714286,0.285714285714,0.833333333333,0.714285714286,0.769230769231,0.857142857143,0.571428571429,0.666666666667,0.67082039325,0.642857142857,20,13,7,0,20,0,13,0,7,11,20,0.181818181818,3.04338842975,3.63636363636,2,2.5,1.68954001271,0.464623503495,0.245454545455,1.16774841624,0.642261628933,0.336363636364,1.94000937205,1.06700515463,0.536363636364,1.05689877454,0.347276990411,3.54545454545,3.04338842975,1.05689877454,3.54545454545,0.499047619048,0.4,8,0.0484848484848,0.255555555556,11,11,11,1,0,0.0909090909091,0.636363636364,0.272727272727,11,0.118181818182,3.72727272727,2.36363636364,1.3,1.625,1.43336856898,0.6064251638,0.286713286713,0.603022689156,0.510249967747,0.237762237762,1.40129809949,1.18571377649,0.503496503497,2.05382127221,0.551025219373,7,3.72727272727,2.05382127221,7,0,0,0,0,0.22962962963,11,11,11,1,0,0.0909090909091,0.636363636364,0.272727272727,11,19,0.172727272727,3.14772727273,3.45454545455,1.9,2.11111111111,1.36847625947,0.396137864583,0.205741626794,1.00904995822,0.584186817916,0.306220095694,1.61807966991,0.936782966791,0.468899521531,1.18338851637,0.375950142385,3.96875,3.14772727273,1.18338851637,3.96875,0.41,0.3,5,0.030303030303,0.214444444444,11,11,11,1,0,0.0909090909091,0.727272727273,0.181818181818,-1,-0.00909090909091,0.104338842975,-0.181818181818,-0.1,-0.388888888889,-0.321063753241,-0.0684856389122,-0.0397129186603,-0.158698458023,-0.058074811017,-0.0301435406699,-0.321929702137,-0.130222187836,-0.0674641148325,0.126489741835,0.0286731519741,0.423295454545,0.104338842975,0.126489741835,0.423295454545,-0.0890476190476,-0.1,-3,-0.0181818181818,-0.0411111111111,0,0.0909090909091,-0.0909090909091,18,1,2,89,0.9,0.988888888889,0.0111111111111,0.1,0.947368421053,0.9,0.923076923077,0.906956031802,0.888888888889,0.857142857143,6,7,0,0,0,0
848,WLNM_dir_neg,0.897959183673,0.565548340548,00:00:02,10,20,45,1172860594,threshold_sweep,0.2,0.833333333333,0.714285714286,0.769230769231,5,1,2,13,0.714285714286,0.928571428571,0.0714285714286,0.285714285714,0.833333333333,0.714285714286,0.769230769231,0.857142857143,0.571428571429,0.666666666667,0.67082039325,0.642857142857,20,13,7,0,20,0,13,0,7,11,20,0.181818181818,3.04338842975,3.63636363636,2,2.5,1.68954001271,0.464623503495,0.245454545455,1.16774841624,0.642261628933,0.336363636364,1.94000937205,1.06700515463,0.536363636364,1.05689877454,0.347276990411,3.54545454545,3.04338842975,1.05689877454,3.54545454545,0.499047619048,0.4,8,0.0484848484848,0.255555555556,11,11,11,1,0,0.0909090909091,0.636363636364,0.272727272727,11,0.118181818182,3.72727272727,2.36363636364,1.3,1.625,1.43336856898,0.6064251638,0.286713286713,0.603022689156,0.510249967747,0.237762237762,1.40129809949,1.18571377649,0.503496503497,2.05382127221,0.551025219373,7,3.72727272727,2.05382127221,7,0,0,0,0,0.22962962963,11,11,11,1,0,0.0909090909091,0.636363636364,0.272727272727,11,19,0.172727272727,3.14772727273,3.45454545455,1.9,2.11111111111,1.36847625947,0.396137864583,0.205741626794,1.00904995822,0.584186817916,0.306220095694,1.61807966991,0.936782966791,0.468899521531,1.18338851637,0.375950142385,3.96875,3.14772727273,1.18338851637,3.96875,0.41,0.3,5,0.030303030303,0.214444444444,11,11,11,1,0,0.0909090909091,0.727272727273,0.181818181818,-1,-0.00909090909091,0.104338842975,-0.181818181818,-0.1,-0.388888888889,-0.321063753241,-0.0684856389122,-0.0397129186603,-0.158698458023,-0.058074811017,-0.0301435406699,-0.321929702137,-0.130222187836,-0.0674641148325,0.126489741835,0.0286731519741,0.423295454545,0.104338842975,0.126489741835,0.423295454545,-0.0890476190476,-0.1,-3,-0.0181818181818,-0.0411111111111,0,0.0909090909091,-0.0909090909091,18,1,2,89,0.9,0.988888888889,0.0111111111111,0.1,0.947368421053,0.9,0.923076923077,0.906956031802,0.888888888889,0.857142857143,6,7,0,0,0,0
849,WLNM_dir_neg,0.897959183673,0.565548340548,00:00:02,10,20,45,1172860594,threshold_sweep,0.3,0.833333333333,0.714285714286,0.769230769231,5,1,2,13,0.714285714286,0.928571428571,0.0714285714286,0.285714285714,0.833333333333,0.714285714286,0.769230769231,0.857142857143,0.571428571429,0.666666666667,0.67082039325,0.642857142857,20,13,7,0,20,0,13,0,7,11,20,0.181818181818,3.04338842975,3.63636363636,2,2.5,1.68954001271,0.464623503495,0.245454545455,1.16774841624,0.642261628933,0.336363636364,1.94000937205,1.06700515463,0.536363636364,1.05689877454,0.347276990411,3.54545454545,3.04338842975,1.05689877454,3.54545454545,0.499047619048,0.4,8,0.0484848484848,0.255555555556,11,11,11,1,0,0.0909090909091,0.636363636364,0.272727272727,11,0.118181818182,3.72727272727,2.36363636364,1.3,1.625,1.43336856898,0.6064251638,0.286713286713,0.603022689156,0.510249967747,0.237762237762,1.40129809949,1.18571377649,0.503496503497,2.05382127221,0.551025219373,7,3.72727272727,2.05382127221,7,0,0,0,0,0.22962962963,11,11,11,1,0,0.0909090909091,0.636363636364,0.272727272727,11,19,0.172727272727,3.14772727273,3.45454545455,1.9,2.11111111111,1.36847625947,0.396137864583,0.205741626794,1.00904995822,0.584186817916,0.306220095694,1.61807966991,0.936782966791,0.468899521531,1.18338851637,0.375950142385,3.96875,3.14772727273,1.18338851637,3.96875,0.41,0.3,5,0.030303030303,0.214444444444,11,11,11,1,0,0.0909090909091,0.727272727273,0.181818181818,-1,-0.00909090909091,0.104338842975,-0.181818181818,-0.1,-0.388888888889,-0.321063753241,-0.0684856389122,-0.0397129186603,-0.158698458023,-0.058074811017,-0.0301435406699,-0.321929702137,-0.130222187836,-0.0674641148325,0.126489741835,0.0286731519741,0.423295454545,0.104338842975,0.126489741835,0.423295454545,-0.0890476190476,-0.1,-3,-0.0181818181818,-0.0411111111111,0,0.0909090909091,-0.0909090909091,18,1,2,89,0.9,0.988888888889,0.0111111111111,0.1,0.947368421053,0.9,0.923076923077,0.906956031802,0.888888888889,0.857142857143,6,7,0,0,0,0
850,WLNM_dir_neg,0.897959183673,0.565548340548,00:00:02,10,20,45,1172860594,threshold_sweep,0.4,0.833333333333,0.714285714286,0.769230769231,5,1,2,13,0.714285714286,0.928571428571,0.0714285714286,0.285714285714,0.833333333333,0.714285714286,0.769230769231,0.857142857143,0.571428571429,0.666666666667,0.67082039325,0.642857142857,20,13,7,0,20,0,13,0,7,11,20,0.181818181818,3.04338842975,3.63636363636,2,2.5,1.68954001271,0.464623503495,0.245454545455,1.16774841624,0.642261628933,0.336363636364,1.94000937205,1.06700515463,0.536363636364,1.05689877454,0.347276990411,3.54545454545,3.04338842975,1.05689877454,3.54545454545,0.499047619048,0.4,8,0.0484848484848,0.255555555556,11,11,11,1,0,0.0909090909091,0.636363636364,0.272727272727,11,0.118181818182,3.72727272727,2.36363636364,1.3,1.625,1.43336856898,0.6064251638,0.286713286713,0.603022689156,0.510249967747,0.237762237762,1.40129809949,1.18571377649,0.503496503497,2.05382127221,0.551025219373,7,3.72727272727,2.05382127221,7,0,0,0,0,0.22962962963,11,11,11,1,0,0.0909090909091,0.636363636364,0.272727272727,11,19,0.172727272727,3.14772727273,3.45454545455,1.9,2.11111111111,1.36847625947,0.396137864583,0.205741626794,1.00904995822,0.584186817916,0.306220095694,1.61807966991,0.936782966791,0.468899521531,1.18338851637,0.375950142385,3.96875,3.14772727273,1.18338851637,3.96875,0.41,0.3,5,0.030303030303,0.214444444444,11,11,11,1,0,0.0909090909091,0.727272727273,0.181818181818,-1,-0.00909090909091,0.104338842975,-0.181818181818,-0.1,-0.388888888889,-0.321063753241,-0.0684856389122,-0.0397129186603,-0.158698458023,-0.058074811017,-0.0301435406699,-0.321929702137,-0.130222187836,-0.0674641148325,0.126489741835,0.0286731519741,0.423295454545,0.104338842975,0.126489741835,0.423295454545,-0.0890476190476,-0.1,-3,-0.0181818181818,-0.0411111111111,0,0.0909090909091,-0.0909090909091,18,1,2,89,0.9,0.988888888889,0.0111111111111,0.1,0.947368421053,0.9,0.923076923077,0.906956031802,0.888888888889,0.857142857143,6,7,0,0,0,0
851,WLNM_dir_neg,0.897959183673,0.565548340548,00:00:02,10,20,45,1172860594,threshold_sweep,0.5,0.833333333333,0.714285714286,0.769230769231,5,1,2,13,0.714285714286,0.928571428571,0.0714285714286,0.285714285714,0.833333333333,0.714285714286,0.769230769231,0.857142857143,0.571428571429,0.666666666667,0.67082039325,0.642857142857,20,13,7,0,20,0,13,0,7,11,20,0.181818181818,3.04338842975,3.63636363636,2,2.5,1.68954001271,0.464623503495,0.245454545455,1.16774841624,0.642261628933,0.336363636364,1.94000937205,1.06700515463,0.536363636364,1.05689877454,0.347276990411,3.54545454545,3.04338842975,1.05689877454,3.54545454545,0.499047619048,0.4,8,0.0484848484848,0.255555555556,11,11,11,1,0,0.0909090909091,0.636363636364,0.272727272727,11,0.118181818182,3.72727272727,2.36363636364,1.3,1.625,1.43336856898,0.6064251638,0.286713286713,0.603022689156,0.510249967747,0.237762237762,1.40129809949,1.18571377649,0.503496503497,2.05382127221,0.551025219373,7,3.72727272727,2.05382127221,7,0,0,0,0,0.22962962963,11,11,11,1,0,0.0909090909091,0.636363636364,0.272727272727,11,19,0.172727272727,3.14772727273,3.45454545455,1.9,2.11111111111,1.36847625947,0.396137864583,0.205741626794,1.00904995822,0.584186817916,0.306220095694,1.61807966991,0.936782966791,0.468899521531,1.18338851637,0.375950142385,3.96875,3.14772727273,1.18338851637,3.96875,0.41,0.3,5,0.030303030303,0.214444444444,11,11,11,1,0,0.0909090909091,0.727272727273,0.181818181818,-1,-0.00909090909091,0.104338842975,-0.181818181818,-0.1,-0.388888888889,-0.321063753241,-0.0684856389122,-0.0397129186603,-0.158698458023,-0.058074811017,-0.0301435406699,-0.321929702137,-0.130222187836,-0.0674641148325,0.126489741835,0.0286731519741,0.423295454545,0.104338842975,0.126489741835,0.423295454545,-0.0890476190476,-0.1,-3,-0.0181818181818,-0.0411111111111,0,0.0909090909091,-0.0909090909091,18,1,2,89,0.9,0.988888888889,0.0111111111111,0.1,0.947368421053,0.9,0.923076923077,0.906956031802,0.888888888889,0.857142857143,6,7,0,0,0,0
852,WLNM_dir_neg,0.897959183673,0.565548340548,00:00:02,10,20,45,1172860594,threshold_sweep,0.6,0.833333333333,0.714285714286,0.769230769231,5,1,2,13,0.714285714286,0.928571428571,0.0714285714286,0.285714285714,0.833333333333,0.714285714286,0.769230769231,0.857142857143,0.571428571429,0.666666666667,0.67082039325,0.642857142857,20,13,7,0,20,0,13,0,7,11,20,0.181818181818,3.04338842975,3.63636363636,2,2.5,1.68954001271,0.464623503495,0.245454545455,1.16774841624,0.642261628933,0.336363636364,1.94000937205,1.06700515463,0.536363636364,1.05689877454,0.347276990411,3.54545454545,3.04338842975,1.05689877454,3.54545454545,0.499047619048,0.4,8,0.0484848484848,0.255555555556,11,11,11,1,0,0.0909090909091,0.636363636364,0.272727272727,11,0.118181818182,3.72727272727,2.36363636364,1.3,1.625,1.43336856898,0.6064251638,0.286713286713,0.603022689156,0.510249967747,0.237762237762,1.40129809949,1.18571377649,0.503496503497,2.05382127221,0.551025219373,7,3.72727272727,2.05382127221,7,0,0,0,0,0.22962962963,11,11,11,1,0,0.0909090909091,0.636363636364,0.272727272727,11,19,0.172727272727,3.14772727273,3.45454545455,1.9,2.11111111111,1.36847625947,0.396137864583,0.205741626794,1.00904995822,0.584186817916,0.306220095694,1.61807966991,0.936782966791,0.468899521531,1.18338851637,0.375950142385,3.96875,3.14772727273,1.18338851637,3.96875,0.41,0.3,5,0.030303030303,0.214444444444,11,11,11,1,0,0.0909090909091,0.727272727273,0.181818181818,-1,-0.00909090909091,0.104338842975,-0.181818181818,-0.1,-0.388888888889,-0.321063753241,-0.0684856389122,-0.0397129186603,-0.158698458023,-0.058074811017,-0.0301435406699,-0.321929702137,-0.130222187836,-0.0674641148325,0.126489741835,0.0286731519741,0.423295454545,0.104338842975,0.126489741835,0.423295454545,-0.0890476190476,-0.1,-3,-0.0181818181818,-0.0411111111111,0,0.0909090909091,-0.0909090909091,18,1,2,89,0.9,0.988888888889,0.0111111111111,0.1,0.947368421053,0.9,0.923076923077,0.906956031802,0.888888888889,0.857142857143,6,7,0,0,0,0
853,WLNM_dir_neg,0.897959183673,0.565548340548,00:00:02,10,20,45,1172860594,threshold_sweep,0.7,0.833333333333,0.714285714286,0.769230769231,5,1,2,13,0.714285714286,0.928571428571,0.0714285714286,0.285714285714,0.833333333333,0.714285714286,0.769230769231,0.857142857143,0.571428571429,0.666666666667,0.67082039325,0.642857142857,20,13,7,0,20,0,13,0,7,11,20,0.181818181818,3.04338842975,3.63636363636,2,2.5,1.68954001271,0.464623503495,0.245454545455,1.16774841624,0.642261628933,0.336363636364,1.94000937205,1.06700515463,0.536363636364,1.05689877454,0.347276990411,3.54545454545,3.04338842975,1.05689877454,3.54545454545,0.499047619048,0.4,8,0.0484848484848,0.255555555556,11,11,11,1,0,0.0909090909091,0.636363636364,0.272727272727,11,0.118181818182,3.72727272727,2.36363636364,1.3,1.625,1.43336856898,0.6064251638,0.286713286713,0.603022689156,0.510249967747,0.237762237762,1.40129809949,1.18571377649,0.503496503497,2.05382127221,0.551025219373,7,3.72727272727,2.05382127221,7,0,0,0,0,0.22962962963,11,11,11,1,0,0.0909090909091,0.636363636364,0.272727272727,11,19,0.172727272727,3.14772727273,3.45454545455,1.9,2.11111111111,1.36847625947,0.396137864583,0.205741626794,1.00904995822,0.584186817916,0.306220095694,1.61807966991,0.936782966791,0.468899521531,1.18338851637,0.375950142385,3.96875,3.14772727273,1.18338851637,3.96875,0.41,0.3,5,0.030303030303,0.214444444444,11,11,11,1,0,0.0909090909091,0.727272727273,0.181818181818,-1,-0.00909090909091,0.104338842975,-0.181818181818,-0.1,-0.388888888889,-0.321063753241,-0.0684856389122,-0.0397129186603,-0.158698458023,-0.058074811017,-0.0301435406699,-0.321929702137,-0.130222187836,-0.0674641148325,0.126489741835,0.0286731519741,0.423295454545,0.104338842975,0.126489741835,0.423295454545,-0.0890476190476,-0.1,-3,-0.0181818181818,-0.0411111111111,0,0.0909090909091,-0.0909090909091,18,1,2,89,0.9,0.988888888889,0.0111111111111,0.1,0.947368421053,0.9,0.923076923077,0.906956031802,0.888888888889,0.857142857143,6,7,0,0,0,0
854,WLNM_dir_neg,0.897959183673,0.565548340548,00:00:02,10,20,45,1172860594,threshold_sweep,0.8,0.833333333333,0.714285714286,0.769230769231,5,1,2,13,0.714285714286,0.928571428571,0.0714285714286,0.285714285714,0.833333333333,0.714285714286,0.769230769231,0.857142857143,0.571428571429,0.666666666667,0.67082039325,0.642857142857,20,13,7,0,20,0,13,0,7,11,20,0.181818181818,3.04338842975,3.63636363636,2,2.5,1.68954001271,0.464623503495,0.245454545455,1.16774841624,0.642261628933,0.336363636364,1.94000937205,1.06700515463,0.536363636364,1.05689877454,0.347276990411,3.54545454545,3.04338842975,1.05689877454,3.54545454545,0.499047619048,0.4,8,0.0484848484848,0.255555555556,11,11,11,1,0,0.0909090909091,0.636363636364,0.272727272727,11,0.118181818182,3.72727272727,2.36363636364,1.3,1.625,1.43336856898,0.6064251638,0.286713286713,0.603022689156,0.510249967747,0.237762237762,1.40129809949,1.18571377649,0.503496503497,2.05382127221,0.551025219373,7,3.72727272727,2.05382127221,7,0,0,0,0,0.22962962963,11,11,11,1,0,0.0909090909091,0.636363636364,0.272727272727,11,19,0.172727272727,3.14772727273,3.45454545455,1.9,2.11111111111,1.36847625947,0.396137864583,0.205741626794,1.00904995822,0.584186817916,0.306220095694,1.61807966991,0.936782966791,0.468899521531,1.18338851637,0.375950142385,3.96875,3.14772727273,1.18338851637,3.96875,0.41,0.3,5,0.030303030303,0.214444444444,11,11,11,1,0,0.0909090909091,0.727272727273,0.181818181818,-1,-0.00909090909091,0.104338842975,-0.181818181818,-0.1,-0.388888888889,-0.321063753241,-0.0684856389122,-0.0397129186603,-0.158698458023,-0.058074811017,-0.0301435406699,-0.321929702137,-0.130222187836,-0.0674641148325,0.126489741835,0.0286731519741,0.423295454545,0.104338842975,0.126489741835,0.423295454545,-0.0890476190476,-0.1,-3,-0.0181818181818,-0.0411111111111,0,0.0909090909091,-0.0909090909091,18,1,2,89,0.9,0.988888888889,0.0111111111111,0.1,0.947368421053,0.9,0.923076923077,0.906956031802,0.888888888889,0.857142857143,6,7,0,0,0,0
855,WLNM_dir_neg,0.897959183673,0.565548340548,00:00:02,10,20,45,1172860594,threshold_sweep,0.9,0.833333333333,0.714285714286,0.769230769231,5,1,2,13,0.714285714286,0.928571428571,0.0714285714286,0.285714285714,0.833333333333,0.714285714286,0.769230769231,0.857142857143,0.571428571429,0.666666666667,0.67082039325,0.642857142857,20,13,7,0,20,0,13,0,7,11,20,0.181818181818,3.04338842975,3.63636363636,2,2.5,1.68954001271,0.464623503495,0.245454545455,1.16774841624,0.642261628933,0.336363636364,1.94000937205,1.06700515463,0.536363636364,1.05689877454,0.347276990411,3.54545454545,3.04338842975,1.05689877454,3.54545454545,0.499047619048,0.4,8,0.0484848484848,0.255555555556,11,11,11,1,0,0.0909090909091,0.636363636364,0.272727272727,11,0.118181818182,3.72727272727,2.36363636364,1.3,1.625,1.43336856898,0.6064251638,0.286713286713,0.603022689156,0.510249967747,0.237762237762,1.40129809949,1.18571377649,0.503496503497,2.05382127221,0.551025219373,7,3.72727272727,2.05382127221,7,0,0,0,0,0.22962962963,11,11,11,1,0,0.0909090909091,0.636363636364,0.272727272727,11,19,0.172727272727,3.14772727273,3.45454545455,1.9,2.11111111111,1.36847625947,0.396137864583,0.205741626794,1.00904995822,0.584186817916,0.306220095694,1.61807966991,0.936782966791,0.468899521531,1.18338851637,0.375950142385,3.96875,3.14772727273,1.18338851637,3.96875,0.41,0.3,5,0.030303030303,0.214444444444,11,11,11,1,0,0.0909090909091,0.727272727273,0.181818181818,-1,-0.00909090909091,0.104338842975,-0.181818181818,-0.1,-0.388888888889,-0.321063753241,-0.0684856389122,-0.0397129186603,-0.158698458023,-0.058074811017,-0.0301435406699,-0.321929702137,-0.130222187836,-0.0674641148325,0.126489741835,0.0286731519741,0.423295454545,0.104338842975,0.126489741835,0.423295454545,-0.0890476190476,-0.1,-3,-0.0181818181818,-0.0411111111111,0,0.0909090909091,-0.0909090909091,18,1,2,89,0.9,0.988888888889,0.0111111111111,0.1,0.947368421053,0.9,0.923076923077,0.906956031802,0.888888888889,0.857142857143,6,7,0,0,0,0
856,WLNM_dir_neg,0.857142857143,0.559981684982,00:00:02,10,20,46,1172860595,threshold_sweep,0.1,1,0.571428571429,0.727272727273,4,0,3,14,0.571428571429,1,0,0.428571428571,1,0.571428571429,0.727272727273,0.857142857143,0.603174603175,0.64,0.68599434057,0.571428571429,20,13,7,0,20,0,13,0,7,11,20,0.181818181818,3.04338842975,3.63636363636,2,2.5,1.68954001271,0.464623503495,0.245454545455,1.16774841624,0.642261628933,0.336363636364,1.94000937205,1.06700515463,0.536363636364,1.05689877454,0.347276990411,3.54545454545,3.04338842975,1.05689877454,3.54545454545,0.499047619048,0.4,8,0.0484848484848,0.255555555556,11,11,11,1,0,0.0909090909091,0.636363636364,0.272727272727,11,0.118181818182,3.72727272727,2.36363636364,1.3,1.625,1.43336856898,0.6064251638,0.286713286713,0.603022689156,0.510249967747,0.237762237762,1.40129809949,1.18571377649,0.503496503497,2.05382127221,0.551025219373,7,3.72727272727,2.05382127221,7,0,0,0,0,0.22962962963,11,11,11,1,0,0.0909090909091,0.636363636364,0.272727272727,11,17,0.154545454545,3.17727272727,3.09090909091,1.7,2.125,1.30034960334,0.420701342257,0.208556149733,0.820199532265,0.530717344407,0.267379679144,1.57249078621,1.01749403814,0.513368983957,1.2536673475,0.394573414091,4.4,3.17727272727,1.2536673475,4.4,0.213333333333,0.153846153846,2,0.0121212121212,0.205555555556,11,11,11,1,0,0.0909090909091,0.636363636364,0.272727272727,-3,-0.0272727272727,0.133884297521,-0.545454545455,-0.3,-0.375,-0.389190409368,-0.0439221612377,-0.0368983957219,-0.347548883978,-0.111544284527,-0.0689839572193,-0.367518585835,-0.0495111164884,-0.0229946524064,0.196768572961,0.0472964236795,0.854545454545,0.133884297521,0.196768572961,0.854545454545,-0.285714285714,-0.246153846154,-6,-0.0363636363636,-0.05,0,0,0,17,0,3,90,0.85,1,0,0.15,1,0.85,0.918918918919,0.906962317388,0.85,0.85,4,7,0,0,0,0
857,WLNM_dir_neg,0.857142857143,0.559981684982,00:00:02,10,20,46,1172860595,threshold_sweep,0.2,1,0.571428571429,0.727272727273,4,0,3,14,0.571428571429,1,0,0.428571428571,1,0.571428571429,0.727272727273,0.857142857143,0.603174603175,0.64,0.68599434057,0.571428571429,20,13,7,0,20,0,13,0,7,11,20,0.181818181818,3.04338842975,3.63636363636,2,2.5,1.68954001271,0.464623503495,0.245454545455,1.16774841624,0.642261628933,0.336363636364,1.94000937205,1.06700515463,0.536363636364,1.05689877454,0.347276990411,3.54545454545,3.04338842975,1.05689877454,3.54545454545,0.499047619048,0.4,8,0.0484848484848,0.255555555556,11,11,11,1,0,0.0909090909091,0.636363636364,0.272727272727,11,0.118181818182,3.72727272727,2.36363636364,1.3,1.625,1.43336856898,0.6064251638,0.286713286713,0.603022689156,0.510249967747,0.237762237762,1.40129809949,1.18571377649,0.503496503497,2.05382127221,0.551025219373,7,3.72727272727,2.05382127221,7,0,0,0,0,0.22962962963,11,11,11,1,0,0.0909090909091,0.636363636364,0.272727272727,11,17,0.154545454545,3.17727272727,3.09090909091,1.7,2.125,1.30034960334,0.420701342257,0.208556149733,0.820199532265,0.530717344407,0.267379679144,1.57249078621,1.01749403814,0.513368983957,1.2536673475,0.394573414091,4.4,3.17727272727,1.2536673475,4.4,0.213333333333,0.153846153846,2,0.0121212121212,0.205555555556,11,11,11,1,0,0.0909090909091,0.636363636364,0.272727272727,-3,-0.0272727272727,0.133884297521,-0.545454545455,-0.3,-0.375,-0.389190409368,-0.0439221612377,-0.0368983957219,-0.347548883978,-0.111544284527,-0.0689839572193,-0.367518585835,-0.0495111164884,-0.0229946524064,0.196768572961,0.0472964236795,0.854545454545,0.133884297521,0.196768572961,0.854545454545,-0.285714285714,-0.246153846154,-6,-0.0363636363636,-0.05,0,0,0,17,0,3,90,0.85,1,0,0.15,1,0.85,0.918918918919,0.906962317388,0.85,0.85,4,7,0,0,0,0
858,WLNM_dir_neg,0.857142857143,0.559981684982,00:00:02,10,20,46,1172860595,threshold_sweep,0.3,1,0.571428571429,0.727272727273,4,0,3,14,0.571428571429,1,0,0.428571428571,1,0.571428571429,0.727272727273,0.857142857143,0.603174603175,0.64,0.68599434057,0.571428571429,20,13,7,0,20,0,13,0,7,11,20,0.181818181818,3.04338842975,3.63636363636,2,2.5,1.68954001271,0.464623503495,0.245454545455,1.16774841624,0.642261628933,0.336363636364,1.94000937205,1.06700515463,0.536363636364,1.05689877454,0.347276990411,3.54545454545,3.04338842975,1.05689877454,3.54545454545,0.499047619048,0.4,8,0.0484848484848,0.255555555556,11,11,11,1,0,0.0909090909091,0.636363636364,0.272727272727,11,0.118181818182,3.72727272727,2.36363636364,1.3,1.625,1.43336856898,0.6064251638,0.286713286713,0.603022689156,0.510249967747,0.237762237762,1.40129809949,1.18571377649,0.503496503497,2.05382127221,0.551025219373,7,3.72727272727,2.05382127221,7,0,0,0,0,0.22962962963,11,11,11,1,0,0.0909090909091,0.636363636364,0.272727272727,11,17,0.154545454545,3.17727272727,3.09090909091,1.7,2.125,1.30034960334,0.420701342257,0.208556149733,0.820199532265,0.530717344407,0.267379679144,1.57249078621,1.01749403814,0.513368983957,1.2536673475,0.394573414091,4.4,3.17727272727,1.2536673475,4.4,0.213333333333,0.153846153846,2,0.0121212121212,0.205555555556,11,11,11,1,0,0.0909090909091,0.636363636364,0.272727272727,-3,-0.0272727272727,0.133884297521,-0.545454545455,-0.3,-0.375,-0.389190409368,-0.0439221612377,-0.0368983957219,-0.347548883978,-0.111544284527,-0.0689839572193,-0.367518585835,-0.0495111164884,-0.0229946524064,0.196768572961,0.0472964236795,0.854545454545,0.133884297521,0.196768572961,0.854545454545,-0.285714285714,-0.246153846154,-6,-0.0363636363636,-0.05,0,0,0,17,0,3,90,0.85,1,0,0.15,1,0.85,0.918918918919,0.906962317388,0.85,0.85,4,7,0,0,0,0
859,WLNM_dir_neg,0.857142857143,0.559981684982,00:00:02,10,20,46,1172860595,threshold_sweep,0.4,1,0.571428571429,0.727272727273,4,0,3,14,0.571428571429,1,0,0.428571428571,1,0.571428571429,0.727272727273,0.857142857143,0.603174603175,0.64,0.68599434057,0.571428571429,20,13,7,0,20,0,13,0,7,11,20,0.181818181818,3.04338842975,3.63636363636,2,2.5,1.68954001271,0.464623503495,0.245454545455,1.16774841624,0.642261628933,0.336363636364,1.94000937205,1.06700515463,0.536363636364,1.05689877454,0.347276990411,3.54545454545,3.04338842975,1.05689877454,3.54545454545,0.499047619048,0.4,8,0.0484848484848,0.255555555556,11,11,11,1,0,0.0909090909091,0.636363636364,0.272727272727,11,0.118181818182,3.72727272727,2.36363636364,1.3,1.625,1.43336856898,0.6064251638,0.286713286713,0.603022689156,0.510249967747,0.237762237762,1.40129809949,1.18571377649,0.503496503497,2.05382127221,0.551025219373,7,3.72727272727,2.05382127221,7,0,0,0,0,0.22962962963,11,11,11,1,0,0.0909090909091,0.636363636364,0.272727272727,11,17,0.154545454545,3.17727272727,3.09090909091,1.7,2.125,1.30034960334,0.420701342257,0.208556149733,0.820199532265,0.530717344407,0.267379679144,1.57249078621,1.01749403814,0.513368983957,1.2536673475,0.394573414091,4.4,3.17727272727,1.2536673475,4.4,0.213333333333,0.153846153846,2,0.0121212121212,0.205555555556,11,11,11,1,0,0.0909090909091,0.636363636364,0.272727272727,-3,-0.0272727272727,0.133884297521,-0.545454545455,-0.3,-0.375,-0.389190409368,-0.0439221612377,-0.0368983957219,-0.347548883978,-0.111544284527,-0.0689839572193,-0.367518585835,-0.0495111164884,-0.0229946524064,0.196768572961,0.0472964236795,0.854545454545,0.133884297521,0.196768572961,0.854545454545,-0.285714285714,-0.246153846154,-6,-0.0363636363636,-0.05,0,0,0,17,0,3,90,0.85,1,0,0.15,1,0.85,0.918918918919,0.906962317388,0.85,0.85,4,7,0,0,0,0
860,WLNM_dir_neg,0.857142857143,0.559981684982,00:00:02,10,20,46,1172860595,threshold_sweep,0.5,1,0.571428571429,0.727272727273,4,0,3,14,0.571428571429,1,0,0.428571428571,1,0.571428571429,0.727272727273,0.857142857143,0.603174603175,0.64,0.68599434057,0.571428571429,20,13,7,0,20,0,13,0,7,11,20,0.181818181818,3.04338842975,3.63636363636,2,2.5,1.68954001271,0.464623503495,0.245454545455,1.16774841624,0.642261628933,0.336363636364,1.94000937205,1.06700515463,0.536363636364,1.05689877454,0.347276990411,3.54545454545,3.04338842975,1.05689877454,3.54545454545,0.499047619048,0.4,8,0.0484848484848,0.255555555556,11,11,11,1,0,0.0909090909091,0.636363636364,0.272727272727,11,0.118181818182,3.72727272727,2.36363636364,1.3,1.625,1.43336856898,0.6064251638,0.286713286713,0.603022689156,0.510249967747,0.237762237762,1.40129809949,1.18571377649,0.503496503497,2.05382127221,0.551025219373,7,3.72727272727,2.05382127221,7,0,0,0,0,0.22962962963,11,11,11,1,0,0.0909090909091,0.636363636364,0.272727272727,11,17,0.154545454545,3.17727272727,3.09090909091,1.7,2.125,1.30034960334,0.420701342257,0.208556149733,0.820199532265,0.530717344407,0.267379679144,1.57249078621,1.01749403814,0.513368983957,1.2536673475,0.394573414091,4.4,3.17727272727,1.2536673475,4.4,0.213333333333,0.153846153846,2,0.0121212121212,0.205555555556,11,11,11,1,0,0.0909090909091,0.636363636364,0.272727272727,-3,-0.0272727272727,0.133884297521,-0.545454545455,-0.3,-0.375,-0.389190409368,-0.0439221612377,-0.0368983957219,-0.347548883978,-0.111544284527,-0.0689839572193,-0.367518585835,-0.0495111164884,-0.0229946524064,0.196768572961,0.0472964236795,0.854545454545,0.133884297521,0.196768572961,0.854545454545,-0.285714285714,-0.246153846154,-6,-0.0363636363636,-0.05,0,0,0,17,0,3,90,0.85,1,0,0.15,1,0.85,0.918918918919,0.906962317388,0.85,0.85,4,7,0,0,0,0
861,WLNM_dir_neg,0.857142857143,0.559981684982,00:00:02,10,20,46,1172860595,threshold_sweep,0.6,1,0.571428571429,0.727272727273,4,0,3,14,0.571428571429,1,0,0.428571428571,1,0.571428571429,0.727272727273,0.857142857143,0.603174603175,0.64,0.68599434057,0.571428571429,20,13,7,0,20,0,13,0,7,11,20,0.181818181818,3.04338842975,3.63636363636,2,2.5,1.68954001271,0.464623503495,0.245454545455,1.16774841624,0.642261628933,0.336363636364,1.94000937205,1.06700515463,0.536363636364,1.05689877454,0.347276990411,3.54545454545,3.04338842975,1.05689877454,3.54545454545,0.499047619048,0.4,8,0.0484848484848,0.255555555556,11,11,11,1,0,0.0909090909091,0.636363636364,0.272727272727,11,0.118181818182,3.72727272727,2.36363636364,1.3,1.625,1.43336856898,0.6064251638,0.286713286713,0.603022689156,0.510249967747,0.237762237762,1.40129809949,1.18571377649,0.503496503497,2.05382127221,0.551025219373,7,3.72727272727,2.05382127221,7,0,0,0,0,0.22962962963,11,11,11,1,0,0.0909090909091,0.636363636364,0.272727272727,11,17,0.154545454545,3.17727272727,3.09090909091,1.7,2.125,1.30034960334,0.420701342257,0.208556149733,0.820199532265,0.530717344407,0.267379679144,1.57249078621,1.01749403814,0.513368983957,1.2536673475,0.394573414091,4.4,3.17727272727,1.2536673475,4.4,0.213333333333,0.153846153846,2,0.0121212121212,0.205555555556,11,11,11,1,0,0.0909090909091,0.636363636364,0.272727272727,-3,-0.0272727272727,0.133884297521,-0.545454545455,-0.3,-0.375,-0.389190409368,-0.0439221612377,-0.0368983957219,-0.347548883978,-0.111544284527,-0.0689839572193,-0.367518585835,-0.0495111164884,-0.0229946524064,0.196768572961,0.0472964236795,0.854545454545,0.133884297521,0.196768572961,0.854545454545,-0.285714285714,-0.246153846154,-6,-0.0363636363636,-0.05,0,0,0,17,0,3,90,0.85,1,0,0.15,1,0.85,0.918918918919,0.906962317388,0.85,0.85,4,7,0,0,0,0
862,WLNM_dir_neg,0.857142857143,0.559981684982,00:00:02,10,20,46,1172860595,threshold_sweep,0.7,1,0.428571428571,0.6,3,0,4,14,0.428571428571,1,0,0.571428571429,1,0.428571428571,0.6,0.809523809524,0.619047619048,0.5,0.57735026919,0.428571428571,20,13,7,0,20,0,13,0,7,11,20,0.181818181818,3.04338842975,3.63636363636,2,2.5,1.68954001271,0.464623503495,0.245454545455,1.16774841624,0.642261628933,0.336363636364,1.94000937205,1.06700515463,0.536363636364,1.05689877454,0.347276990411,3.54545454545,3.04338842975,1.05689877454,3.54545454545,0.499047619048,0.4,8,0.0484848484848,0.255555555556,11,11,11,1,0,0.0909090909091,0.636363636364,0.272727272727,11,0.118181818182,3.72727272727,2.36363636364,1.3,1.625,1.43336856898,0.6064251638,0.286713286713,0.603022689156,0.510249967747,0.237762237762,1.40129809949,1.18571377649,0.503496503497,2.05382127221,0.551025219373,7,3.72727272727,2.05382127221,7,0,0,0,0,0.22962962963,11,11,11,1,0,0.0909090909091,0.636363636364,0.272727272727,11,16,0.145454545455,3.25,2.90909090909,1.6,2,1.30034960334,0.446995176148,0.215909090909,0.687551650952,0.47269176003,0.227272727273,1.57249078621,1.08108741552,0.522727272727,1.3758835545,0.423348786001,4.66666666667,3.25,1.3758835545,4.66666666667,0.213333333333,0.171428571429,2,0.0121212121212,0.2,11,11,11,1,0,0.0909090909091,0.636363636364,0.272727272727,-4,-0.0363636363636,0.206611570248,-0.727272727273,-0.4,-0.5,-0.389190409368,-0.0176283273466,-0.0295454545455,-0.48019676529,-0.169569868904,-0.109090909091,-0.367518585835,0.0140822608953,-0.0136363636364,0.318984779967,0.07607179559,1.12121212121,0.206611570248,0.318984779967,1.12121212121,-0.285714285714,-0.228571428571,-6,-0.0363636363636,-0.0555555555556,0,0,0,16,0,4,90,0.8,1,0,0.2,1,0.8,0.888888888889,0.875189948987,0.8,0.8,3,7,0,0,0,0
863,WLNM_dir_neg,0.857142857143,0.559981684982,00:00:02,10,20,46,1172860595,threshold_sweep,0.8,1,0.428571428571,0.6,3,0,4,14,0.428571428571,1,0,0.571428571429,1,0.428571428571,0.6,0.809523809524,0.619047619048,0.5,0.57735026919,0.428571428571,20,13,7,0,20,0,13,0,7,11,20,0.181818181818,3.04338842975,3.63636363636,2,2.5,1.68954001271,0.464623503495,0.245454545455,1.16774841624,0.642261628933,0.336363636364,1.94000937205,1.06700515463,0.536363636364,1.05689877454,0.347276990411,3.54545454545,3.04338842975,1.05689877454,3.54545454545,0.499047619048,0.4,8,0.0484848484848,0.255555555556,11,11,11,1,0,0.0909090909091,0.636363636364,0.272727272727,11,0.118181818182,3.72727272727,2.36363636364,1.3,1.625,1.43336856898,0.6064251638,0.286713286713,0.603022689156,0.510249967747,0.237762237762,1.40129809949,1.18571377649,0.503496503497,2.05382127221,0.551025219373,7,3.72727272727,2.05382127221,7,0,0,0,0,0.22962962963,11,11,11,1,0,0.0909090909091,0.636363636364,0.272727272727,11,16,0.145454545455,3.25,2.90909090909,1.6,2,1.30034960334,0.446995176148,0.215909090909,0.687551650952,0.47269176003,0.227272727273,1.57249078621,1.08108741552,0.522727272727,1.3758835545,0.423348786001,4.66666666667,3.25,1.3758835545,4.66666666667,0.213333333333,0.171428571429,2,0.0121212121212,0.2,11,11,11,1,0,0.0909090909091,0.636363636364,0.272727272727,-4,-0.0363636363636,0.206611570248,-0.727272727273,-0.4,-0.5,-0.389190409368,-0.0176283273466,-0.0295454545455,-0.48019676529,-0.169569868904,-0.109090909091,-0.367518585835,0.0140822608953,-0.0136363636364,0.318984779967,0.07607179559,1.12121212121,0.206611570248,0.318984779967,1.12121212121,-0.285714285714,-0.228571428571,-6,-0.0363636363636,-0.0555555555556,0,0,0,16,0,4,90,0.8,1,0,0.2,1,0.8,0.888888888889,0.875189948987,0.8,0.8,3,7,0,0,0,0
864,WLNM_dir_neg,0.857142857143,0.559981684982,00:00:02,10,20,46,1172860595,threshold_sweep,0.9,1,0.428571428571,0.6,3,0,4,14,0.428571428571,1,0,0.571428571429,1,0.428571428571,0.6,0.809523809524,0.619047619048,0.5,0.57735026919,0.428571428571,20,13,7,0,20,0,13,0,7,11,20,0.181818181818,3.04338842975,3.63636363636,2,2.5,1.68954001271,0.464623503495,0.245454545455,1.16774841624,0.642261628933,0.336363636364,1.94000937205,1.06700515463,0.536363636364,1.05689877454,0.347276990411,3.54545454545,3.04338842975,1.05689877454,3.54545454545,0.499047619048,0.4,8,0.0484848484848,0.255555555556,11,11,11,1,0,0.0909090909091,0.636363636364,0.272727272727,11,0.118181818182,3.72727272727,2.36363636364,1.3,1.625,1.43336856898,0.6064251638,0.286713286713,0.603022689156,0.510249967747,0.237762237762,1.40129809949,1.18571377649,0.503496503497,2.05382127221,0.551025219373,7,3.72727272727,2.05382127221,7,0,0,0,0,0.22962962963,11,11,11,1,0,0.0909090909091,0.636363636364,0.272727272727,11,16,0.145454545455,3.25,2.90909090909,1.6,2,1.30034960334,0.446995176148,0.215909090909,0.687551650952,0.47269176003,0.227272727273,1.57249078621,1.08108741552,0.522727272727,1.3758835545,0.423348786001,4.66666666667,3.25,1.3758835545,4.66666666667,0.213333333333,0.171428571429,2,0.0121212121212,0.2,11,11,11,1,0,0.0909090909091,0.636363636364,0.272727272727,-4,-0.0363636363636,0.206611570248,-0.727272727273,-0.4,-0.5,-0.389190409368,-0.0176283273466,-0.0295454545455,-0.48019676529,-0.169569868904,-0.109090909091,-0.367518585835,0.0140822608953,-0.0136363636364,0.318984779967,0.07607179559,1.12121212121,0.206611570248,0.318984779967,1.12121212121,-0.285714285714,-0.228571428571,-6,-0.0363636363636,-0.0555555555556,0,0,0,16,0,4,90,0.8,1,0,0.2,1,0.8,0.888888888889,0.875189948987,0.8,0.8,3,7,0,0,0,0
865,WLNM_dir_neg,0.80612244898,0.541425679584,00:00:02,10,20,47,1172860596,threshold_sweep,0.1,1,0.714285714286,0.833333333333,5,0,2,14,0.714285714286,1,0,0.285714285714,1,0.714285714286,0.833333333333,0.904761904762,0.587301587302,0.769230769231,0.790569415042,0.714285714286,20,13,7,0,20,0,13,0,7,11,20,0.181818181818,3.04338842975,3.63636363636,2,2.5,1.68954001271,0.464623503495,0.245454545455,1.16774841624,0.642261628933,0.336363636364,1.94000937205,1.06700515463,0.536363636364,1.05689877454,0.347276990411,3.54545454545,3.04338842975,1.05689877454,3.54545454545,0.499047619048,0.4,8,0.0484848484848,0.255555555556,11,11,11,1,0,0.0909090909091,0.636363636364,0.272727272727,11,0.118181818182,3.72727272727,2.36363636364,1.3,1.625,1.43336856898,0.6064251638,0.286713286713,0.603022689156,0.510249967747,0.237762237762,1.40129809949,1.18571377649,0.503496503497,2.05382127221,0.551025219373,7,3.72727272727,2.05382127221,7,0,0,0,0,0.22962962963,11,11,11,1,0,0.0909090909091,0.636363636364,0.272727272727,11,18,0.163636363636,3.11363636364,3.27272727273,1.8,2.25,1.42062726223,0.434080552347,0.227272727273,0.924416277737,0.564921058617,0.292929292929,1.68954001271,1.03249667443,0.525252525253,1.14353419474,0.367266456706,3.875,3.11363636364,1.14353419474,3.875,0.366666666667,0.266666666667,4,0.0242424242424,0.221111111111,11,11,11,1,0,0.0909090909091,0.636363636364,0.272727272727,-2,-0.0181818181818,0.0702479338843,-0.363636363636,-0.2,-0.25,-0.268912750482,-0.030542951148,-0.0181818181818,-0.243332138505,-0.0773405703161,-0.0434343434343,-0.250469359339,-0.0345084801933,-0.0111111111111,0.0866354202056,0.0199894662943,0.329545454545,0.0702479338843,0.0866354202056,0.329545454545,-0.132380952381,-0.133333333333,-4,-0.0242424242424,-0.0344444444444,0,0,0,18,0,2,90,0.9,1,0,0.1,1,0.9,0.947368421053,0.938314863257,0.9,0.9,5,7,0,0,0,0
866,WLNM_dir_neg,0.80612244898,0.541425679584,00:00:02,10,20,47,1172860596,threshold_sweep,0.2,1,0.714285714286,0.833333333333,5,0,2,14,0.714285714286,1,0,0.285714285714,1,0.714285714286,0.833333333333,0.904761904762,0.587301587302,0.769230769231,0.790569415042,0.714285714286,20,13,7,0,20,0,13,0,7,11,20,0.181818181818,3.04338842975,3.63636363636,2,2.5,1.68954001271,0.464623503495,0.245454545455,1.16774841624,0.642261628933,0.336363636364,1.94000937205,1.06700515463,0.536363636364,1.05689877454,0.347276990411,3.54545454545,3.04338842975,1.05689877454,3.54545454545,0.499047619048,0.4,8,0.0484848484848,0.255555555556,11,11,11,1,0,0.0909090909091,0.636363636364,0.272727272727,11,0.118181818182,3.72727272727,2.36363636364,1.3,1.625,1.43336856898,0.6064251638,0.286713286713,0.603022689156,0.510249967747,0.237762237762,1.40129809949,1.18571377649,0.503496503497,2.05382127221,0.551025219373,7,3.72727272727,2.05382127221,7,0,0,0,0,0.22962962963,11,11,11,1,0,0.0909090909091,0.636363636364,0.272727272727,11,18,0.163636363636,3.11363636364,3.27272727273,1.8,2.25,1.42062726223,0.434080552347,0.227272727273,0.924416277737,0.564921058617,0.292929292929,1.68954001271,1.03249667443,0.525252525253,1.14353419474,0.367266456706,3.875,3.11363636364,1.14353419474,3.875,0.366666666667,0.266666666667,4,0.0242424242424,0.221111111111,11,11,11,1,0,0.0909090909091,0.636363636364,0.272727272727,-2,-0.0181818181818,0.0702479338843,-0.363636363636,-0.2,-0.25,-0.268912750482,-0.030542951148,-0.0181818181818,-0.243332138505,-0.0773405703161,-0.0434343434343,-0.250469359339,-0.0345084801933,-0.0111111111111,0.0866354202056,0.0199894662943,0.329545454545,0.0702479338843,0.0866354202056,0.329545454545,-0.132380952381,-0.133333333333,-4,-0.0242424242424,-0.0344444444444,0,0,0,18,0,2,90,0.9,1,0,0.1,1,0.9,0.947368421053,0.938314863257,0.9,0.9,5,7,0,0,0,0
867,WLNM_dir_neg,0.80612244898,0.541425679584,00:00:02,10,20,47,1172860596,threshold_sweep,0.3,1,0.714285714286,0.833333333333,5,0,2,14,0.714285714286,1,0,0.285714285714,1,0.714285714286,0.833333333333,0.904761904762,0.587301587302,0.769230769231,0.790569415042,0.714285714286,20,13,7,0,20,0,13,0,7,11,20,0.181818181818,3.04338842975,3.63636363636,2,2.5,1.68954001271,0.464623503495,0.245454545455,1.16774841624,0.642261628933,0.336363636364,1.94000937205,1.06700515463,0.536363636364,1.05689877454,0.347276990411,3.54545454545,3.04338842975,1.05689877454,3.54545454545,0.499047619048,0.4,8,0.0484848484848,0.255555555556,11,11,11,1,0,0.0909090909091,0.636363636364,0.272727272727,11,0.118181818182,3.72727272727,2.36363636364,1.3,1.625,1.43336856898,0.6064251638,0.286713286713,0.603022689156,0.510249967747,0.237762237762,1.40129809949,1.18571377649,0.503496503497,2.05382127221,0.551025219373,7,3.72727272727,2.05382127221,7,0,0,0,0,0.22962962963,11,11,11,1,0,0.0909090909091,0.636363636364,0.272727272727,11,18,0.163636363636,3.11363636364,3.27272727273,1.8,2.25,1.42062726223,0.434080552347,0.227272727273,0.924416277737,0.564921058617,0.292929292929,1.68954001271,1.03249667443,0.525252525253,1.14353419474,0.367266456706,3.875,3.11363636364,1.14353419474,3.875,0.366666666667,0.266666666667,4,0.0242424242424,0.221111111111,11,11,11,1,0,0.0909090909091,0.636363636364,0.272727272727,-2,-0.0181818181818,0.0702479338843,-0.363636363636,-0.2,-0.25,-0.268912750482,-0.030542951148,-0.0181818181818,-0.243332138505,-0.0773405703161,-0.0434343434343,-0.250469359339,-0.0345084801933,-0.0111111111111,0.0866354202056,0.0199894662943,0.329545454545,0.0702479338843,0.0866354202056,0.329545454545,-0.132380952381,-0.133333333333,-4,-0.0242424242424,-0.0344444444444,0,0,0,18,0,2,90,0.9,1,0,0.1,1,0.9,0.947368421053,0.938314863257,0.9,0.9,5,7,0,0,0,0
868,WLNM_dir_neg,0.80612244898,0.541425679584,00:00:02,10,20,47,1172860596,threshold_sweep,0.4,1,0.714285714286,0.833333333333,5,0,2,14,0.714285714286,1,0,0.285714285714,1,0.714285714286,0.833333333333,0.904761904762,0.587301587302,0.769230769231,0.790569415042,0.714285714286,20,13,7,0,20,0,13,0,7,11,20,0.181818181818,3.04338842975,3.63636363636,2,2.5,1.68954001271,0.464623503495,0.245454545455,1.16774841624,0.642261628933,0.336363636364,1.94000937205,1.06700515463,0.536363636364,1.05689877454,0.347276990411,3.54545454545,3.04338842975,1.05689877454,3.54545454545,0.499047619048,0.4,8,0.0484848484848,0.255555555556,11,11,11,1,0,0.0909090909091,0.636363636364,0.272727272727,11,0.118181818182,3.72727272727,2.36363636364,1.3,1.625,1.43336856898,0.6064251638,0.286713286713,0.603022689156,0.510249967747,0.237762237762,1.40129809949,1.18571377649,0.503496503497,2.05382127221,0.551025219373,7,3.72727272727,2.05382127221,7,0,0,0,0,0.22962962963,11,11,11,1,0,0.0909090909091,0.636363636364,0.272727272727,11,18,0.163636363636,3.11363636364,3.27272727273,1.8,2.25,1.42062726223,0.434080552347,0.227272727273,0.924416277737,0.564921058617,0.292929292929,1.68954001271,1.03249667443,0.525252525253,1.14353419474,0.367266456706,3.875,3.11363636364,1.14353419474,3.875,0.366666666667,0.266666666667,4,0.0242424242424,0.221111111111,11,11,11,1,0,0.0909090909091,0.636363636364,0.272727272727,-2,-0.0181818181818,0.0702479338843,-0.363636363636,-0.2,-0.25,-0.268912750482,-0.030542951148,-0.0181818181818,-0.243332138505,-0.0773405703161,-0.0434343434343,-0.250469359339,-0.0345084801933,-0.0111111111111,0.0866354202056,0.0199894662943,0.329545454545,0.0702479338843,0.0866354202056,0.329545454545,-0.132380952381,-0.133333333333,-4,-0.0242424242424,-0.0344444444444,0,0,0,18,0,2,90,0.9,1,0,0.1,1,0.9,0.947368421053,0.938314863257,0.9,0.9,5,7,0,0,0,0
869,WLNM_dir_neg,0.80612244898,0.541425679584,00:00:02,10,20,47,1172860596,threshold_sweep,0.5,1,0.714285714286,0.833333333333,5,0,2,14,0.714285714286,1,0,0.285714285714,1,0.714285714286,0.833333333333,0.904761904762,0.587301587302,0.769230769231,0.790569415042,0.714285714286,20,13,7,0,20,0,13,0,7,11,20,0.181818181818,3.04338842975,3.63636363636,2,2.5,1.68954001271,0.464623503495,0.245454545455,1.16774841624,0.642261628933,0.336363636364,1.94000937205,1.06700515463,0.536363636364,1.05689877454,0.347276990411,3.54545454545,3.04338842975,1.05689877454,3.54545454545,0.499047619048,0.4,8,0.0484848484848,0.255555555556,11,11,11,1,0,0.0909090909091,0.636363636364,0.272727272727,11,0.118181818182,3.72727272727,2.36363636364,1.3,1.625,1.43336856898,0.6064251638,0.286713286713,0.603022689156,0.510249967747,0.237762237762,1.40129809949,1.18571377649,0.503496503497,2.05382127221,0.551025219373,7,3.72727272727,2.05382127221,7,0,0,0,0,0.22962962963,11,11,11,1,0,0.0909090909091,0.636363636364,0.272727272727,11,18,0.163636363636,3.11363636364,3.27272727273,1.8,2.25,1.42062726223,0.434080552347,0.227272727273,0.924416277737,0.564921058617,0.292929292929,1.68954001271,1.03249667443,0.525252525253,1.14353419474,0.367266456706,3.875,3.11363636364,1.14353419474,3.875,0.366666666667,0.266666666667,4,0.0242424242424,0.221111111111,11,11,11,1,0,0.0909090909091,0.636363636364,0.272727272727,-2,-0.0181818181818,0.0702479338843,-0.363636363636,-0.2,-0.25,-0.268912750482,-0.030542951148,-0.0181818181818,-0.243332138505,-0.0773405703161,-0.0434343434343,-0.250469359339,-0.0345084801933,-0.0111111111111,0.0866354202056,0.0199894662943,0.329545454545,0.0702479338843,0.0866354202056,0.329545454545,-0.132380952381,-0.133333333333,-4,-0.0242424242424,-0.0344444444444,0,0,0,18,0,2,90,0.9,1,0,0.1,1,0.9,0.947368421053,0.938314863257,0.9,0.9,5,7,0,0,0,0
870,WLNM_dir_neg,0.80612244898,0.541425679584,00:00:02,10,20,47,1172860596,threshold_sweep,0.6,1,0.714285714286,0.833333333333,5,0,2,14,0.714285714286,1,0,0.285714285714,1,0.714285714286,0.833333333333,0.904761904762,0.587301587302,0.769230769231,0.790569415042,0.714285714286,20,13,7,0,20,0,13,0,7,11,20,0.181818181818,3.04338842975,3.63636363636,2,2.5,1.68954001271,0.464623503495,0.245454545455,1.16774841624,0.642261628933,0.336363636364,1.94000937205,1.06700515463,0.536363636364,1.05689877454,0.347276990411,3.54545454545,3.04338842975,1.05689877454,3.54545454545,0.499047619048,0.4,8,0.0484848484848,0.255555555556,11,11,11,1,0,0.0909090909091,0.636363636364,0.272727272727,11,0.118181818182,3.72727272727,2.36363636364,1.3,1.625,1.43336856898,0.6064251638,0.286713286713,0.603022689156,0.510249967747,0.237762237762,1.40129809949,1.18571377649,0.503496503497,2.05382127221,0.551025219373,7,3.72727272727,2.05382127221,7,0,0,0,0,0.22962962963,11,11,11,1,0,0.0909090909091,0.636363636364,0.272727272727,11,18,0.163636363636,3.11363636364,3.27272727273,1.8,2.25,1.42062726223,0.434080552347,0.227272727273,0.924416277737,0.564921058617,0.292929292929,1.68954001271,1.03249667443,0.525252525253,1.14353419474,0.367266456706,3.875,3.11363636364,1.14353419474,3.875,0.366666666667,0.266666666667,4,0.0242424242424,0.221111111111,11,11,11,1,0,0.0909090909091,0.636363636364,0.272727272727,-2,-0.0181818181818,0.0702479338843,-0.363636363636,-0.2,-0.25,-0.268912750482,-0.030542951148,-0.0181818181818,-0.243332138505,-0.0773405703161,-0.0434343434343,-0.250469359339,-0.0345084801933,-0.0111111111111,0.0866354202056,0.0199894662943,0.329545454545,0.0702479338843,0.0866354202056,0.329545454545,-0.132380952381,-0.133333333333,-4,-0.0242424242424,-0.0344444444444,0,0,0,18,0,2,90,0.9,1,0,0.1,1,0.9,0.947368421053,0.938314863257,0.9,0.9,5,7,0,0,0,0
871,WLNM_dir_neg,0.80612244898,0.541425679584,00:00:02,10,20,47,1172860596,threshold_sweep,0.7,1,0.714285714286,0.833333333333,5,0,2,14,0.714285714286,1,0,0.285714285714,1,0.714285714286,0.833333333333,0.904761904762,0.587301587302,0.769230769231,0.790569415042,0.714285714286,20,13,7,0,20,0,13,0,7,11,20,0.181818181818,3.04338842975,3.63636363636,2,2.5,1.68954001271,0.464623503495,0.245454545455,1.16774841624,0.642261628933,0.336363636364,1.94000937205,1.06700515463,0.536363636364,1.05689877454,0.347276990411,3.54545454545,3.04338842975,1.05689877454,3.54545454545,0.499047619048,0.4,8,0.0484848484848,0.255555555556,11,11,11,1,0,0.0909090909091,0.636363636364,0.272727272727,11,0.118181818182,3.72727272727,2.36363636364,1.3,1.625,1.43336856898,0.6064251638,0.286713286713,0.603022689156,0.510249967747,0.237762237762,1.40129809949,1.18571377649,0.503496503497,2.05382127221,0.551025219373,7,3.72727272727,2.05382127221,7,0,0,0,0,0.22962962963,11,11,11,1,0,0.0909090909091,0.636363636364,0.272727272727,11,18,0.163636363636,3.11363636364,3.27272727273,1.8,2.25,1.42062726223,0.434080552347,0.227272727273,0.924416277737,0.564921058617,0.292929292929,1.68954001271,1.03249667443,0.525252525253,1.14353419474,0.367266456706,3.875,3.11363636364,1.14353419474,3.875,0.366666666667,0.266666666667,4,0.0242424242424,0.221111111111,11,11,11,1,0,0.0909090909091,0.636363636364,0.272727272727,-2,-0.0181818181818,0.0702479338843,-0.363636363636,-0.2,-0.25,-0.268912750482,-0.030542951148,-0.0181818181818,-0.243332138505,-0.0773405703161,-0.0434343434343,-0.250469359339,-0.0345084801933,-0.0111111111111,0.0866354202056,0.0199894662943,0.329545454545,0.0702479338843,0.0866354202056,0.329545454545,-0.132380952381,-0.133333333333,-4,-0.0242424242424,-0.0344444444444,0,0,0,18,0,2,90,0.9,1,0,0.1,1,0.9,0.947368421053,0.938314863257,0.9,0.9,5,7,0,0,0,0
872,WLNM_dir_neg,0.80612244898,0.541425679584,00:00:02,10,20,47,1172860596,threshold_sweep,0.8,1,0.714285714286,0.833333333333,5,0,2,14,0.714285714286,1,0,0.285714285714,1,0.714285714286,0.833333333333,0.904761904762,0.587301587302,0.769230769231,0.790569415042,0.714285714286,20,13,7,0,20,0,13,0,7,11,20,0.181818181818,3.04338842975,3.63636363636,2,2.5,1.68954001271,0.464623503495,0.245454545455,1.16774841624,0.642261628933,0.336363636364,1.94000937205,1.06700515463,0.536363636364,1.05689877454,0.347276990411,3.54545454545,3.04338842975,1.05689877454,3.54545454545,0.499047619048,0.4,8,0.0484848484848,0.255555555556,11,11,11,1,0,0.0909090909091,0.636363636364,0.272727272727,11,0.118181818182,3.72727272727,2.36363636364,1.3,1.625,1.43336856898,0.6064251638,0.286713286713,0.603022689156,0.510249967747,0.237762237762,1.40129809949,1.18571377649,0.503496503497,2.05382127221,0.551025219373,7,3.72727272727,2.05382127221,7,0,0,0,0,0.22962962963,11,11,11,1,0,0.0909090909091,0.636363636364,0.272727272727,11,18,0.163636363636,3.11363636364,3.27272727273,1.8,2.25,1.42062726223,0.434080552347,0.227272727273,0.924416277737,0.564921058617,0.292929292929,1.68954001271,1.03249667443,0.525252525253,1.14353419474,0.367266456706,3.875,3.11363636364,1.14353419474,3.875,0.366666666667,0.266666666667,4,0.0242424242424,0.221111111111,11,11,11,1,0,0.0909090909091,0.636363636364,0.272727272727,-2,-0.0181818181818,0.0702479338843,-0.363636363636,-0.2,-0.25,-0.268912750482,-0.030542951148,-0.0181818181818,-0.243332138505,-0.0773405703161,-0.0434343434343,-0.250469359339,-0.0345084801933,-0.0111111111111,0.0866354202056,0.0199894662943,0.329545454545,0.0702479338843,0.0866354202056,0.329545454545,-0.132380952381,-0.133333333333,-4,-0.0242424242424,-0.0344444444444,0,0,0,18,0,2,90,0.9,1,0,0.1,1,0.9,0.947368421053,0.938314863257,0.9,0.9,5,7,0,0,0,0
873,WLNM_dir_neg,0.80612244898,0.541425679584,00:00:02,10,20,47,1172860596,threshold_sweep,0.9,1,0.714285714286,0.833333333333,5,0,2,14,0.714285714286,1,0,0.285714285714,1,0.714285714286,0.833333333333,0.904761904762,0.587301587302,0.769230769231,0.790569415042,0.714285714286,20,13,7,0,20,0,13,0,7,11,20,0.181818181818,3.04338842975,3.63636363636,2,2.5,1.68954001271,0.464623503495,0.245454545455,1.16774841624,0.642261628933,0.336363636364,1.94000937205,1.06700515463,0.536363636364,1.05689877454,0.347276990411,3.54545454545,3.04338842975,1.05689877454,3.54545454545,0.499047619048,0.4,8,0.0484848484848,0.255555555556,11,11,11,1,0,0.0909090909091,0.636363636364,0.272727272727,11,0.118181818182,3.72727272727,2.36363636364,1.3,1.625,1.43336856898,0.6064251638,0.286713286713,0.603022689156,0.510249967747,0.237762237762,1.40129809949,1.18571377649,0.503496503497,2.05382127221,0.551025219373,7,3.72727272727,2.05382127221,7,0,0,0,0,0.22962962963,11,11,11,1,0,0.0909090909091,0.636363636364,0.272727272727,11,18,0.163636363636,3.11363636364,3.27272727273,1.8,2.25,1.42062726223,0.434080552347,0.227272727273,0.924416277737,0.564921058617,0.292929292929,1.68954001271,1.03249667443,0.525252525253,1.14353419474,0.367266456706,3.875,3.11363636364,1.14353419474,3.875,0.366666666667,0.266666666667,4,0.0242424242424,0.221111111111,11,11,11,1,0,0.0909090909091,0.636363636364,0.272727272727,-2,-0.0181818181818,0.0702479338843,-0.363636363636,-0.2,-0.25,-0.268912750482,-0.030542951148,-0.0181818181818,-0.243332138505,-0.0773405703161,-0.0434343434343,-0.250469359339,-0.0345084801933,-0.0111111111111,0.0866354202056,0.0199894662943,0.329545454545,0.0702479338843,0.0866354202056,0.329545454545,-0.132380952381,-0.133333333333,-4,-0.0242424242424,-0.0344444444444,0,0,0,18,0,2,90,0.9,1,0,0.1,1,0.9,0.947368421053,0.938314863257,0.9,0.9,5,7,0,0,0,0
874,WLNM_dir_neg,0.897959183673,0.583874458874,00:00:02,10,20,48,1172860597,threshold_sweep,0.1,1,0.571428571429,0.727272727273,4,0,3,14,0.571428571429,1,0,0.428571428571,1,0.571428571429,0.727272727273,0.857142857143,0.603174603175,0.64,0.68599434057,0.571428571429,20,13,7,0,20,0,13,0,7,11,20,0.181818181818,3.04338842975,3.63636363636,2,2.5,1.68954001271,0.464623503495,0.245454545455,1.16774841624,0.642261628933,0.336363636364,1.94000937205,1.06700515463,0.536363636364,1.05689877454,0.347276990411,3.54545454545,3.04338842975,1.05689877454,3.54545454545,0.499047619048,0.4,8,0.0484848484848,0.255555555556,11,11,11,1,0,0.0909090909091,0.636363636364,0.272727272727,11,0.118181818182,3.72727272727,2.36363636364,1.3,1.625,1.43336856898,0.6064251638,0.286713286713,0.603022689156,0.510249967747,0.237762237762,1.40129809949,1.18571377649,0.503496503497,2.05382127221,0.551025219373,7,3.72727272727,2.05382127221,7,0,0,0,0,0.22962962963,11,11,11,1,0,0.0909090909091,0.636363636364,0.272727272727,11,17,0.154545454545,3.17727272727,3.09090909091,1.7,2.125,1.30034960334,0.420701342257,0.208556149733,0.820199532265,0.530717344407,0.267379679144,1.57249078621,1.01749403814,0.513368983957,1.2536673475,0.394573414091,4.4,3.17727272727,1.2536673475,4.4,0.213333333333,0.153846153846,2,0.0121212121212,0.205555555556,11,11,11,1,0,0.0909090909091,0.636363636364,0.272727272727,-3,-0.0272727272727,0.133884297521,-0.545454545455,-0.3,-0.375,-0.389190409368,-0.0439221612377,-0.0368983957219,-0.347548883978,-0.111544284527,-0.0689839572193,-0.367518585835,-0.0495111164884,-0.0229946524064,0.196768572961,0.0472964236795,0.854545454545,0.133884297521,0.196768572961,0.854545454545,-0.285714285714,-0.246153846154,-6,-0.0363636363636,-0.05,0,0,0,17,0,3,90,0.85,1,0,0.15,1,0.85,0.918918918919,0.906962317388,0.85,0.85,4,7,0,0,0,0
875,WLNM_dir_neg,0.897959183673,0.583874458874,00:00:02,10,20,48,1172860597,threshold_sweep,0.2,1,0.428571428571,0.6,3,0,4,14,0.428571428571,1,0,0.571428571429,1,0.428571428571,0.6,0.809523809524,0.619047619048,0.5,0.57735026919,0.428571428571,20,13,7,0,20,0,13,0,7,11,20,0.181818181818,3.04338842975,3.63636363636,2,2.5,1.68954001271,0.464623503495,0.245454545455,1.16774841624,0.642261628933,0.336363636364,1.94000937205,1.06700515463,0.536363636364,1.05689877454,0.347276990411,3.54545454545,3.04338842975,1.05689877454,3.54545454545,0.499047619048,0.4,8,0.0484848484848,0.255555555556,11,11,11,1,0,0.0909090909091,0.636363636364,0.272727272727,11,0.118181818182,3.72727272727,2.36363636364,1.3,1.625,1.43336856898,0.6064251638,0.286713286713,0.603022689156,0.510249967747,0.237762237762,1.40129809949,1.18571377649,0.503496503497,2.05382127221,0.551025219373,7,3.72727272727,2.05382127221,7,0,0,0,0,0.22962962963,11,11,11,1,0,0.0909090909091,0.636363636364,0.272727272727,11,16,0.145454545455,3.25,2.90909090909,1.6,2,1.22102788294,0.41972833476,0.181818181818,0.687551650952,0.47269176003,0.227272727273,1.50755672289,1.03644524699,0.511363636364,1.3758835545,0.423348786001,4.66666666667,3.25,1.3758835545,4.66666666667,0.213333333333,0.176470588235,2,0.0121212121212,0.192592592593,11,11,11,1,0,0.0909090909091,0.636363636364,0.272727272727,-4,-0.0363636363636,0.206611570248,-0.727272727273,-0.4,-0.5,-0.468512129772,-0.0448951687355,-0.0636363636364,-0.48019676529,-0.169569868904,-0.109090909091,-0.43245264916,-0.0305599076407,-0.025,0.318984779967,0.07607179559,1.12121212121,0.206611570248,0.318984779967,1.12121212121,-0.285714285714,-0.223529411765,-6,-0.0363636363636,-0.062962962963,0,0,0,16,0,4,90,0.8,1,0,0.2,1,0.8,0.888888888889,0.875189948987,0.8,0.8,3,7,0,0,0,0
876,WLNM_dir_neg,0.897959183673,0.583874458874,00:00:02,10,20,48,1172860597,threshold_sweep,0.3,1,0.428571428571,0.6,3,0,4,14,0.428571428571,1,0,0.571428571429,1,0.428571428571,0.6,0.809523809524,0.619047619048,0.5,0.57735026919,0.428571428571,20,13,7,0,20,0,13,0,7,11,20,0.181818181818,3.04338842975,3.63636363636,2,2.5,1.68954001271,0.464623503495,0.245454545455,1.16774841624,0.642261628933,0.336363636364,1.94000937205,1.06700515463,0.536363636364,1.05689877454,0.347276990411,3.54545454545,3.04338842975,1.05689877454,3.54545454545,0.499047619048,0.4,8,0.0484848484848,0.255555555556,11,11,11,1,0,0.0909090909091,0.636363636364,0.272727272727,11,0.118181818182,3.72727272727,2.36363636364,1.3,1.625,1.43336856898,0.6064251638,0.286713286713,0.603022689156,0.510249967747,0.237762237762,1.40129809949,1.18571377649,0.503496503497,2.05382127221,0.551025219373,7,3.72727272727,2.05382127221,7,0,0,0,0,0.22962962963,11,11,11,1,0,0.0909090909091,0.636363636364,0.272727272727,11,16,0.145454545455,3.25,2.90909090909,1.6,2,1.22102788294,0.41972833476,0.181818181818,0.687551650952,0.47269176003,0.227272727273,1.50755672289,1.03644524699,0.511363636364,1.3758835545,0.423348786001,4.66666666667,3.25,1.3758835545,4.66666666667,0.213333333333,0.176470588235,2,0.0121212121212,0.192592592593,11,11,11,1,0,0.0909090909091,0.636363636364,0.272727272727,-4,-0.0363636363636,0.206611570248,-0.727272727273,-0.4,-0.5,-0.468512129772,-0.0448951687355,-0.0636363636364,-0.48019676529,-0.169569868904,-0.109090909091,-0.43245264916,-0.0305599076407,-0.025,0.318984779967,0.07607179559,1.12121212121,0.206611570248,0.318984779967,1.12121212121,-0.285714285714,-0.223529411765,-6,-0.0363636363636,-0.062962962963,0,0,0,16,0,4,90,0.8,1,0,0.2,1,0.8,0.888888888889,0.875189948987,0.8,0.8,3,7,0,0,0,0
877,WLNM_dir_neg,0.897959183673,0.583874458874,00:00:02,10,20,48,1172860597,threshold_sweep,0.4,1,0.428571428571,0.6,3,0,4,14,0.428571428571,1,0,0.571428571429,1,0.428571428571,0.6,0.809523809524,0.619047619048,0.5,0.57735026919,0.428571428571,20,13,7,0,20,0,13,0,7,11,20,0.181818181818,3.04338842975,3.63636363636,2,2.5,1.68954001271,0.464623503495,0.245454545455,1.16774841624,0.642261628933,0.336363636364,1.94000937205,1.06700515463,0.536363636364,1.05689877454,0.347276990411,3.54545454545,3.04338842975,1.05689877454,3.54545454545,0.499047619048,0.4,8,0.0484848484848,0.255555555556,11,11,11,1,0,0.0909090909091,0.636363636364,0.272727272727,11,0.118181818182,3.72727272727,2.36363636364,1.3,1.625,1.43336856898,0.6064251638,0.286713286713,0.603022689156,0.510249967747,0.237762237762,1.40129809949,1.18571377649,0.503496503497,2.05382127221,0.551025219373,7,3.72727272727,2.05382127221,7,0,0,0,0,0.22962962963,11,11,11,1,0,0.0909090909091,0.636363636364,0.272727272727,11,16,0.145454545455,3.25,2.90909090909,1.6,2,1.22102788294,0.41972833476,0.181818181818,0.687551650952,0.47269176003,0.227272727273,1.50755672289,1.03644524699,0.511363636364,1.3758835545,0.423348786001,4.66666666667,3.25,1.3758835545,4.66666666667,0.213333333333,0.176470588235,2,0.0121212121212,0.192592592593,11,11,11,1,0,0.0909090909091,0.636363636364,0.272727272727,-4,-0.0363636363636,0.206611570248,-0.727272727273,-0.4,-0.5,-0.468512129772,-0.0448951687355,-0.0636363636364,-0.48019676529,-0.169569868904,-0.109090909091,-0.43245264916,-0.0305599076407,-0.025,0.318984779967,0.07607179559,1.12121212121,0.206611570248,0.318984779967,1.12121212121,-0.285714285714,-0.223529411765,-6,-0.0363636363636,-0.062962962963,0,0,0,16,0,4,90,0.8,1,0,0.2,1,0.8,0.888888888889,0.875189948987,0.8,0.8,3,7,0,0,0,0
878,WLNM_dir_neg,0.897959183673,0.583874458874,00:00:02,10,20,48,1172860597,threshold_sweep,0.5,1,0.428571428571,0.6,3,0,4,14,0.428571428571,1,0,0.571428571429,1,0.428571428571,0.6,0.809523809524,0.619047619048,0.5,0.57735026919,0.428571428571,20,13,7,0,20,0,13,0,7,11,20,0.181818181818,3.04338842975,3.63636363636,2,2.5,1.68954001271,0.464623503495,0.245454545455,1.16774841624,0.642261628933,0.336363636364,1.94000937205,1.06700515463,0.536363636364,1.05689877454,0.347276990411,3.54545454545,3.04338842975,1.05689877454,3.54545454545,0.499047619048,0.4,8,0.0484848484848,0.255555555556,11,11,11,1,0,0.0909090909091,0.636363636364,0.272727272727,11,0.118181818182,3.72727272727,2.36363636364,1.3,1.625,1.43336856898,0.6064251638,0.286713286713,0.603022689156,0.510249967747,0.237762237762,1.40129809949,1.18571377649,0.503496503497,2.05382127221,0.551025219373,7,3.72727272727,2.05382127221,7,0,0,0,0,0.22962962963,11,11,11,1,0,0.0909090909091,0.636363636364,0.272727272727,11,16,0.145454545455,3.25,2.90909090909,1.6,2,1.22102788294,0.41972833476,0.181818181818,0.687551650952,0.47269176003,0.227272727273,1.50755672289,1.03644524699,0.511363636364,1.3758835545,0.423348786001,4.66666666667,3.25,1.3758835545,4.66666666667,0.213333333333,0.176470588235,2,0.0121212121212,0.192592592593,11,11,11,1,0,0.0909090909091,0.636363636364,0.272727272727,-4,-0.0363636363636,0.206611570248,-0.727272727273,-0.4,-0.5,-0.468512129772,-0.0448951687355,-0.0636363636364,-0.48019676529,-0.169569868904,-0.109090909091,-0.43245264916,-0.0305599076407,-0.025,0.318984779967,0.07607179559,1.12121212121,0.206611570248,0.318984779967,1.12121212121,-0.285714285714,-0.223529411765,-6,-0.0363636363636,-0.062962962963,0,0,0,16,0,4,90,0.8,1,0,0.2,1,0.8,0.888888888889,0.875189948987,0.8,0.8,3,7,0,0,0,0
879,WLNM_dir_neg,0.897959183673,0.583874458874,00:00:02,10,20,48,1172860597,threshold_sweep,0.6,1,0.428571428571,0.6,3,0,4,14,0.428571428571,1,0,0.571428571429,1,0.428571428571,0.6,0.809523809524,0.619047619048,0.5,0.57735026919,0.428571428571,20,13,7,0,20,0,13,0,7,11,20,0.181818181818,3.04338842975,3.63636363636,2,2.5,1.68954001271,0.464623503495,0.245454545455,1.16774841624,0.642261628933,0.336363636364,1.94000937205,1.06700515463,0.536363636364,1.05689877454,0.347276990411,3.54545454545,3.04338842975,1.05689877454,3.54545454545,0.499047619048,0.4,8,0.0484848484848,0.255555555556,11,11,11,1,0,0.0909090909091,0.636363636364,0.272727272727,11,0.118181818182,3.72727272727,2.36363636364,1.3,1.625,1.43336856898,0.6064251638,0.286713286713,0.603022689156,0.510249967747,0.237762237762,1.40129809949,1.18571377649,0.503496503497,2.05382127221,0.551025219373,7,3.72727272727,2.05382127221,7,0,0,0,0,0.22962962963,11,11,11,1,0,0.0909090909091,0.636363636364,0.272727272727,11,16,0.145454545455,3.25,2.90909090909,1.6,2,1.22102788294,0.41972833476,0.181818181818,0.687551650952,0.47269176003,0.227272727273,1.50755672289,1.03644524699,0.511363636364,1.3758835545,0.423348786001,4.66666666667,3.25,1.3758835545,4.66666666667,0.213333333333,0.176470588235,2,0.0121212121212,0.192592592593,11,11,11,1,0,0.0909090909091,0.636363636364,0.272727272727,-4,-0.0363636363636,0.206611570248,-0.727272727273,-0.4,-0.5,-0.468512129772,-0.0448951687355,-0.0636363636364,-0.48019676529,-0.169569868904,-0.109090909091,-0.43245264916,-0.0305599076407,-0.025,0.318984779967,0.07607179559,1.12121212121,0.206611570248,0.318984779967,1.12121212121,-0.285714285714,-0.223529411765,-6,-0.0363636363636,-0.062962962963,0,0,0,16,0,4,90,0.8,1,0,0.2,1,0.8,0.888888888889,0.875189948987,0.8,0.8,3,7,0,0,0,0
880,WLNM_dir_neg,0.897959183673,0.583874458874,00:00:02,10,20,48,1172860597,threshold_sweep,0.7,1,0.428571428571,0.6,3,0,4,14,0.428571428571,1,0,0.571428571429,1,0.428571428571,0.6,0.809523809524,0.619047619048,0.5,0.57735026919,0.428571428571,20,13,7,0,20,0,13,0,7,11,20,0.181818181818,3.04338842975,3.63636363636,2,2.5,1.68954001271,0.464623503495,0.245454545455,1.16774841624,0.642261628933,0.336363636364,1.94000937205,1.06700515463,0.536363636364,1.05689877454,0.347276990411,3.54545454545,3.04338842975,1.05689877454,3.54545454545,0.499047619048,0.4,8,0.0484848484848,0.255555555556,11,11,11,1,0,0.0909090909091,0.636363636364,0.272727272727,11,0.118181818182,3.72727272727,2.36363636364,1.3,1.625,1.43336856898,0.6064251638,0.286713286713,0.603022689156,0.510249967747,0.237762237762,1.40129809949,1.18571377649,0.503496503497,2.05382127221,0.551025219373,7,3.72727272727,2.05382127221,7,0,0,0,0,0.22962962963,11,11,11,1,0,0.0909090909091,0.636363636364,0.272727272727,11,16,0.145454545455,3.25,2.90909090909,1.6,2,1.22102788294,0.41972833476,0.181818181818,0.687551650952,0.47269176003,0.227272727273,1.50755672289,1.03644524699,0.511363636364,1.3758835545,0.423348786001,4.66666666667,3.25,1.3758835545,4.66666666667,0.213333333333,0.176470588235,2,0.0121212121212,0.192592592593,11,11,11,1,0,0.0909090909091,0.636363636364,0.272727272727,-4,-0.0363636363636,0.206611570248,-0.727272727273,-0.4,-0.5,-0.468512129772,-0.0448951687355,-0.0636363636364,-0.48019676529,-0.169569868904,-0.109090909091,-0.43245264916,-0.0305599076407,-0.025,0.318984779967,0.07607179559,1.12121212121,0.206611570248,0.318984779967,1.12121212121,-0.285714285714,-0.223529411765,-6,-0.0363636363636,-0.062962962963,0,0,0,16,0,4,90,0.8,1,0,0.2,1,0.8,0.888888888889,0.875189948987,0.8,0.8,3,7,0,0,0,0
881,WLNM_dir_neg,0.897959183673,0.583874458874,00:00:02,10,20,48,1172860597,threshold_sweep,0.8,1,0.428571428571,0.6,3,0,4,14,0.428571428571,1,0,0.571428571429,1,0.428571428571,0.6,0.809523809524,0.619047619048,0.5,0.57735026919,0.428571428571,20,13,7,0,20,0,13,0,7,11,20,0.181818181818,3.04338842975,3.63636363636,2,2.5,1.68954001271,0.464623503495,0.245454545455,1.16774841624,0.642261628933,0.336363636364,1.94000937205,1.06700515463,0.536363636364,1.05689877454,0.347276990411,3.54545454545,3.04338842975,1.05689877454,3.54545454545,0.499047619048,0.4,8,0.0484848484848,0.255555555556,11,11,11,1,0,0.0909090909091,0.636363636364,0.272727272727,11,0.118181818182,3.72727272727,2.36363636364,1.3,1.625,1.43336856898,0.6064251638,0.286713286713,0.603022689156,0.510249967747,0.237762237762,1.40129809949,1.18571377649,0.503496503497,2.05382127221,0.551025219373,7,3.72727272727,2.05382127221,7,0,0,0,0,0.22962962963,11,11,11,1,0,0.0909090909091,0.636363636364,0.272727272727,11,16,0.145454545455,3.25,2.90909090909,1.6,2,1.22102788294,0.41972833476,0.181818181818,0.687551650952,0.47269176003,0.227272727273,1.50755672289,1.03644524699,0.511363636364,1.3758835545,0.423348786001,4.66666666667,3.25,1.3758835545,4.66666666667,0.213333333333,0.176470588235,2,0.0121212121212,0.192592592593,11,11,11,1,0,0.0909090909091,0.636363636364,0.272727272727,-4,-0.0363636363636,0.206611570248,-0.727272727273,-0.4,-0.5,-0.468512129772,-0.0448951687355,-0.0636363636364,-0.48019676529,-0.169569868904,-0.109090909091,-0.43245264916,-0.0305599076407,-0.025,0.318984779967,0.07607179559,1.12121212121,0.206611570248,0.318984779967,1.12121212121,-0.285714285714,-0.223529411765,-6,-0.0363636363636,-0.062962962963,0,0,0,16,0,4,90,0.8,1,0,0.2,1,0.8,0.888888888889,0.875189948987,0.8,0.8,3,7,0,0,0,0
882,WLNM_dir_neg,0.897959183673,0.583874458874,00:00:02,10,20,48,1172860597,threshold_sweep,0.9,1,0.428571428571,0.6,3,0,4,14,0.428571428571,1,0,0.571428571429,1,0.428571428571,0.6,0.809523809524,0.619047619048,0.5,0.57735026919,0.428571428571,20,13,7,0,20,0,13,0,7,11,20,0.181818181818,3.04338842975,3.63636363636,2,2.5,1.68954001271,0.464623503495,0.245454545455,1.16774841624,0.642261628933,0.336363636364,1.94000937205,1.06700515463,0.536363636364,1.05689877454,0.347276990411,3.54545454545,3.04338842975,1.05689877454,3.54545454545,0.499047619048,0.4,8,0.0484848484848,0.255555555556,11,11,11,1,0,0.0909090909091,0.636363636364,0.272727272727,11,0.118181818182,3.72727272727,2.36363636364,1.3,1.625,1.43336856898,0.6064251638,0.286713286713,0.603022689156,0.510249967747,0.237762237762,1.40129809949,1.18571377649,0.503496503497,2.05382127221,0.551025219373,7,3.72727272727,2.05382127221,7,0,0,0,0,0.22962962963,11,11,11,1,0,0.0909090909091,0.636363636364,0.272727272727,11,16,0.145454545455,3.25,2.90909090909,1.6,2,1.22102788294,0.41972833476,0.181818181818,0.687551650952,0.47269176003,0.227272727273,1.50755672289,1.03644524699,0.511363636364,1.3758835545,0.423348786001,4.66666666667,3.25,1.3758835545,4.66666666667,0.213333333333,0.176470588235,2,0.0121212121212,0.192592592593,11,11,11,1,0,0.0909090909091,0.636363636364,0.272727272727,-4,-0.0363636363636,0.206611570248,-0.727272727273,-0.4,-0.5,-0.468512129772,-0.0448951687355,-0.0636363636364,-0.48019676529,-0.169569868904,-0.109090909091,-0.43245264916,-0.0305599076407,-0.025,0.318984779967,0.07607179559,1.12121212121,0.206611570248,0.318984779967,1.12121212121,-0.285714285714,-0.223529411765,-6,-0.0363636363636,-0.062962962963,0,0,0,16,0,4,90,0.8,1,0,0.2,1,0.8,0.888888888889,0.875189948987,0.8,0.8,3,7,0,0,0,0
883,WLNM_dir_neg,0.826530612245,0.549741108565,00:00:01,10,20,49,1172860598,threshold_sweep,0.1,1,0.714285714286,0.833333333333,5,0,2,14,0.714285714286,1,0,0.285714285714,1,0.714285714286,0.833333333333,0.904761904762,0.587301587302,0.769230769231,0.790569415042,0.714285714286,20,13,7,0,20,0,13,0,7,11,20,0.181818181818,3.04338842975,3.63636363636,2,2.5,1.68954001271,0.464623503495,0.245454545455,1.16774841624,0.642261628933,0.336363636364,1.94000937205,1.06700515463,0.536363636364,1.05689877454,0.347276990411,3.54545454545,3.04338842975,1.05689877454,3.54545454545,0.499047619048,0.4,8,0.0484848484848,0.255555555556,11,11,11,1,0,0.0909090909091,0.636363636364,0.272727272727,11,0.118181818182,3.72727272727,2.36363636364,1.3,1.625,1.43336856898,0.6064251638,0.286713286713,0.603022689156,0.510249967747,0.237762237762,1.40129809949,1.18571377649,0.503496503497,2.05382127221,0.551025219373,7,3.72727272727,2.05382127221,7,0,0,0,0,0.22962962963,11,11,11,1,0,0.0909090909091,0.636363636364,0.272727272727,11,18,0.163636363636,3.11363636364,3.27272727273,1.8,2.25,1.42062726223,0.434080552347,0.227272727273,0.924416277737,0.564921058617,0.292929292929,1.68954001271,1.03249667443,0.525252525253,1.14353419474,0.367266456706,3.875,3.11363636364,1.14353419474,3.875,0.366666666667,0.266666666667,4,0.0242424242424,0.221111111111,11,11,11,1,0,0.0909090909091,0.636363636364,0.272727272727,-2,-0.0181818181818,0.0702479338843,-0.363636363636,-0.2,-0.25,-0.268912750482,-0.030542951148,-0.0181818181818,-0.243332138505,-0.0773405703161,-0.0434343434343,-0.250469359339,-0.0345084801933,-0.0111111111111,0.0866354202056,0.0199894662943,0.329545454545,0.0702479338843,0.0866354202056,0.329545454545,-0.132380952381,-0.133333333333,-4,-0.0242424242424,-0.0344444444444,0,0,0,18,0,2,90,0.9,1,0,0.1,1,0.9,0.947368421053,0.938314863257,0.9,0.9,5,7,0,0,0,0
884,WLNM_dir_neg,0.826530612245,0.549741108565,00:00:01,10,20,49,1172860598,threshold_sweep,0.2,1,0.714285714286,0.833333333333,5,0,2,14,0.714285714286,1,0,0.285714285714,1,0.714285714286,0.833333333333,0.904761904762,0.587301587302,0.769230769231,0.790569415042,0.714285714286,20,13,7,0,20,0,13,0,7,11,20,0.181818181818,3.04338842975,3.63636363636,2,2.5,1.68954001271,0.464623503495,0.245454545455,1.16774841624,0.642261628933,0.336363636364,1.94000937205,1.06700515463,0.536363636364,1.05689877454,0.347276990411,3.54545454545,3.04338842975,1.05689877454,3.54545454545,0.499047619048,0.4,8,0.0484848484848,0.255555555556,11,11,11,1,0,0.0909090909091,0.636363636364,0.272727272727,11,0.118181818182,3.72727272727,2.36363636364,1.3,1.625,1.43336856898,0.6064251638,0.286713286713,0.603022689156,0.510249967747,0.237762237762,1.40129809949,1.18571377649,0.503496503497,2.05382127221,0.551025219373,7,3.72727272727,2.05382127221,7,0,0,0,0,0.22962962963,11,11,11,1,0,0.0909090909091,0.636363636364,0.272727272727,11,18,0.163636363636,3.11363636364,3.27272727273,1.8,2.25,1.42062726223,0.434080552347,0.227272727273,0.924416277737,0.564921058617,0.292929292929,1.68954001271,1.03249667443,0.525252525253,1.14353419474,0.367266456706,3.875,3.11363636364,1.14353419474,3.875,0.366666666667,0.266666666667,4,0.0242424242424,0.221111111111,11,11,11,1,0,0.0909090909091,0.636363636364,0.272727272727,-2,-0.0181818181818,0.0702479338843,-0.363636363636,-0.2,-0.25,-0.268912750482,-0.030542951148,-0.0181818181818,-0.243332138505,-0.0773405703161,-0.0434343434343,-0.250469359339,-0.0345084801933,-0.0111111111111,0.0866354202056,0.0199894662943,0.329545454545,0.0702479338843,0.0866354202056,0.329545454545,-0.132380952381,-0.133333333333,-4,-0.0242424242424,-0.0344444444444,0,0,0,18,0,2,90,0.9,1,0,0.1,1,0.9,0.947368421053,0.938314863257,0.9,0.9,5,7,0,0,0,0
885,WLNM_dir_neg,0.826530612245,0.549741108565,00:00:01,10,20,49,1172860598,threshold_sweep,0.3,1,0.714285714286,0.833333333333,5,0,2,14,0.714285714286,1,0,0.285714285714,1,0.714285714286,0.833333333333,0.904761904762,0.587301587302,0.769230769231,0.790569415042,0.714285714286,20,13,7,0,20,0,13,0,7,11,20,0.181818181818,3.04338842975,3.63636363636,2,2.5,1.68954001271,0.464623503495,0.245454545455,1.16774841624,0.642261628933,0.336363636364,1.94000937205,1.06700515463,0.536363636364,1.05689877454,0.347276990411,3.54545454545,3.04338842975,1.05689877454,3.54545454545,0.499047619048,0.4,8,0.0484848484848,0.255555555556,11,11,11,1,0,0.0909090909091,0.636363636364,0.272727272727,11,0.118181818182,3.72727272727,2.36363636364,1.3,1.625,1.43336856898,0.6064251638,0.286713286713,0.603022689156,0.510249967747,0.237762237762,1.40129809949,1.18571377649,0.503496503497,2.05382127221,0.551025219373,7,3.72727272727,2.05382127221,7,0,0,0,0,0.22962962963,11,11,11,1,0,0.0909090909091,0.636363636364,0.272727272727,11,18,0.163636363636,3.11363636364,3.27272727273,1.8,2.25,1.42062726223,0.434080552347,0.227272727273,0.924416277737,0.564921058617,0.292929292929,1.68954001271,1.03249667443,0.525252525253,1.14353419474,0.367266456706,3.875,3.11363636364,1.14353419474,3.875,0.366666666667,0.266666666667,4,0.0242424242424,0.221111111111,11,11,11,1,0,0.0909090909091,0.636363636364,0.272727272727,-2,-0.0181818181818,0.0702479338843,-0.363636363636,-0.2,-0.25,-0.268912750482,-0.030542951148,-0.0181818181818,-0.243332138505,-0.0773405703161,-0.0434343434343,-0.250469359339,-0.0345084801933,-0.0111111111111,0.0866354202056,0.0199894662943,0.329545454545,0.0702479338843,0.0866354202056,0.329545454545,-0.132380952381,-0.133333333333,-4,-0.0242424242424,-0.0344444444444,0,0,0,18,0,2,90,0.9,1,0,0.1,1,0.9,0.947368421053,0.938314863257,0.9,0.9,5,7,0,0,0,0
886,WLNM_dir_neg,0.826530612245,0.549741108565,00:00:01,10,20,49,1172860598,threshold_sweep,0.4,1,0.714285714286,0.833333333333,5,0,2,14,0.714285714286,1,0,0.285714285714,1,0.714285714286,0.833333333333,0.904761904762,0.587301587302,0.769230769231,0.790569415042,0.714285714286,20,13,7,0,20,0,13,0,7,11,20,0.181818181818,3.04338842975,3.63636363636,2,2.5,1.68954001271,0.464623503495,0.245454545455,1.16774841624,0.642261628933,0.336363636364,1.94000937205,1.06700515463,0.536363636364,1.05689877454,0.347276990411,3.54545454545,3.04338842975,1.05689877454,3.54545454545,0.499047619048,0.4,8,0.0484848484848,0.255555555556,11,11,11,1,0,0.0909090909091,0.636363636364,0.272727272727,11,0.118181818182,3.72727272727,2.36363636364,1.3,1.625,1.43336856898,0.6064251638,0.286713286713,0.603022689156,0.510249967747,0.237762237762,1.40129809949,1.18571377649,0.503496503497,2.05382127221,0.551025219373,7,3.72727272727,2.05382127221,7,0,0,0,0,0.22962962963,11,11,11,1,0,0.0909090909091,0.636363636364,0.272727272727,11,18,0.163636363636,3.11363636364,3.27272727273,1.8,2.25,1.42062726223,0.434080552347,0.227272727273,0.924416277737,0.564921058617,0.292929292929,1.68954001271,1.03249667443,0.525252525253,1.14353419474,0.367266456706,3.875,3.11363636364,1.14353419474,3.875,0.366666666667,0.266666666667,4,0.0242424242424,0.221111111111,11,11,11,1,0,0.0909090909091,0.636363636364,0.272727272727,-2,-0.0181818181818,0.0702479338843,-0.363636363636,-0.2,-0.25,-0.268912750482,-0.030542951148,-0.0181818181818,-0.243332138505,-0.0773405703161,-0.0434343434343,-0.250469359339,-0.0345084801933,-0.0111111111111,0.0866354202056,0.0199894662943,0.329545454545,0.0702479338843,0.0866354202056,0.329545454545,-0.132380952381,-0.133333333333,-4,-0.0242424242424,-0.0344444444444,0,0,0,18,0,2,90,0.9,1,0,0.1,1,0.9,0.947368421053,0.938314863257,0.9,0.9,5,7,0,0,0,0
887,WLNM_dir_neg,0.826530612245,0.549741108565,00:00:01,10,20,49,1172860598,threshold_sweep,0.5,1,0.714285714286,0.833333333333,5,0,2,14,0.714285714286,1,0,0.285714285714,1,0.714285714286,0.833333333333,0.904761904762,0.587301587302,0.769230769231,0.790569415042,0.714285714286,20,13,7,0,20,0,13,0,7,11,20,0.181818181818,3.04338842975,3.63636363636,2,2.5,1.68954001271,0.464623503495,0.245454545455,1.16774841624,0.642261628933,0.336363636364,1.94000937205,1.06700515463,0.536363636364,1.05689877454,0.347276990411,3.54545454545,3.04338842975,1.05689877454,3.54545454545,0.499047619048,0.4,8,0.0484848484848,0.255555555556,11,11,11,1,0,0.0909090909091,0.636363636364,0.272727272727,11,0.118181818182,3.72727272727,2.36363636364,1.3,1.625,1.43336856898,0.6064251638,0.286713286713,0.603022689156,0.510249967747,0.237762237762,1.40129809949,1.18571377649,0.503496503497,2.05382127221,0.551025219373,7,3.72727272727,2.05382127221,7,0,0,0,0,0.22962962963,11,11,11,1,0,0.0909090909091,0.636363636364,0.272727272727,11,18,0.163636363636,3.11363636364,3.27272727273,1.8,2.25,1.42062726223,0.434080552347,0.227272727273,0.924416277737,0.564921058617,0.292929292929,1.68954001271,1.03249667443,0.525252525253,1.14353419474,0.367266456706,3.875,3.11363636364,1.14353419474,3.875,0.366666666667,0.266666666667,4,0.0242424242424,0.221111111111,11,11,11,1,0,0.0909090909091,0.636363636364,0.272727272727,-2,-0.0181818181818,0.0702479338843,-0.363636363636,-0.2,-0.25,-0.268912750482,-0.030542951148,-0.0181818181818,-0.243332138505,-0.0773405703161,-0.0434343434343,-0.250469359339,-0.0345084801933,-0.0111111111111,0.0866354202056,0.0199894662943,0.329545454545,0.0702479338843,0.0866354202056,0.329545454545,-0.132380952381,-0.133333333333,-4,-0.0242424242424,-0.0344444444444,0,0,0,18,0,2,90,0.9,1,0,0.1,1,0.9,0.947368421053,0.938314863257,0.9,0.9,5,7,0,0,0,0
888,WLNM_dir_neg,0.826530612245,0.549741108565,00:00:01,10,20,49,1172860598,threshold_sweep,0.6,1,0.714285714286,0.833333333333,5,0,2,14,0.714285714286,1,0,0.285714285714,1,0.714285714286,0.833333333333,0.904761904762,0.587301587302,0.769230769231,0.790569415042,0.714285714286,20,13,7,0,20,0,13,0,7,11,20,0.181818181818,3.04338842975,3.63636363636,2,2.5,1.68954001271,0.464623503495,0.245454545455,1.16774841624,0.642261628933,0.336363636364,1.94000937205,1.06700515463,0.536363636364,1.05689877454,0.347276990411,3.54545454545,3.04338842975,1.05689877454,3.54545454545,0.499047619048,0.4,8,0.0484848484848,0.255555555556,11,11,11,1,0,0.0909090909091,0.636363636364,0.272727272727,11,0.118181818182,3.72727272727,2.36363636364,1.3,1.625,1.43336856898,0.6064251638,0.286713286713,0.603022689156,0.510249967747,0.237762237762,1.40129809949,1.18571377649,0.503496503497,2.05382127221,0.551025219373,7,3.72727272727,2.05382127221,7,0,0,0,0,0.22962962963,11,11,11,1,0,0.0909090909091,0.636363636364,0.272727272727,11,18,0.163636363636,3.11363636364,3.27272727273,1.8,2.25,1.42062726223,0.434080552347,0.227272727273,0.924416277737,0.564921058617,0.292929292929,1.68954001271,1.03249667443,0.525252525253,1.14353419474,0.367266456706,3.875,3.11363636364,1.14353419474,3.875,0.366666666667,0.266666666667,4,0.0242424242424,0.221111111111,11,11,11,1,0,0.0909090909091,0.636363636364,0.272727272727,-2,-0.0181818181818,0.0702479338843,-0.363636363636,-0.2,-0.25,-0.268912750482,-0.030542951148,-0.0181818181818,-0.243332138505,-0.0773405703161,-0.0434343434343,-0.250469359339,-0.0345084801933,-0.0111111111111,0.0866354202056,0.0199894662943,0.329545454545,0.0702479338843,0.0866354202056,0.329545454545,-0.132380952381,-0.133333333333,-4,-0.0242424242424,-0.0344444444444,0,0,0,18,0,2,90,0.9,1,0,0.1,1,0.9,0.947368421053,0.938314863257,0.9,0.9,5,7,0,0,0,0
889,WLNM_dir_neg,0.826530612245,0.549741108565,00:00:01,10,20,49,1172860598,threshold_sweep,0.7,1,0.714285714286,0.833333333333,5,0,2,14,0.714285714286,1,0,0.285714285714,1,0.714285714286,0.833333333333,0.904761904762,0.587301587302,0.769230769231,0.790569415042,0.714285714286,20,13,7,0,20,0,13,0,7,11,20,0.181818181818,3.04338842975,3.63636363636,2,2.5,1.68954001271,0.464623503495,0.245454545455,1.16774841624,0.642261628933,0.336363636364,1.94000937205,1.06700515463,0.536363636364,1.05689877454,0.347276990411,3.54545454545,3.04338842975,1.05689877454,3.54545454545,0.499047619048,0.4,8,0.0484848484848,0.255555555556,11,11,11,1,0,0.0909090909091,0.636363636364,0.272727272727,11,0.118181818182,3.72727272727,2.36363636364,1.3,1.625,1.43336856898,0.6064251638,0.286713286713,0.603022689156,0.510249967747,0.237762237762,1.40129809949,1.18571377649,0.503496503497,2.05382127221,0.551025219373,7,3.72727272727,2.05382127221,7,0,0,0,0,0.22962962963,11,11,11,1,0,0.0909090909091,0.636363636364,0.272727272727,11,18,0.163636363636,3.11363636364,3.27272727273,1.8,2.25,1.42062726223,0.434080552347,0.227272727273,0.924416277737,0.564921058617,0.292929292929,1.68954001271,1.03249667443,0.525252525253,1.14353419474,0.367266456706,3.875,3.11363636364,1.14353419474,3.875,0.366666666667,0.266666666667,4,0.0242424242424,0.221111111111,11,11,11,1,0,0.0909090909091,0.636363636364,0.272727272727,-2,-0.0181818181818,0.0702479338843,-0.363636363636,-0.2,-0.25,-0.268912750482,-0.030542951148,-0.0181818181818,-0.243332138505,-0.0773405703161,-0.0434343434343,-0.250469359339,-0.0345084801933,-0.0111111111111,0.0866354202056,0.0199894662943,0.329545454545,0.0702479338843,0.0866354202056,0.329545454545,-0.132380952381,-0.133333333333,-4,-0.0242424242424,-0.0344444444444,0,0,0,18,0,2,90,0.9,1,0,0.1,1,0.9,0.947368421053,0.938314863257,0.9,0.9,5,7,0,0,0,0
890,WLNM_dir_neg,0.826530612245,0.549741108565,00:00:01,10,20,49,1172860598,threshold_sweep,0.8,1,0.714285714286,0.833333333333,5,0,2,14,0.714285714286,1,0,0.285714285714,1,0.714285714286,0.833333333333,0.904761904762,0.587301587302,0.769230769231,0.790569415042,0.714285714286,20,13,7,0,20,0,13,0,7,11,20,0.181818181818,3.04338842975,3.63636363636,2,2.5,1.68954001271,0.464623503495,0.245454545455,1.16774841624,0.642261628933,0.336363636364,1.94000937205,1.06700515463,0.536363636364,1.05689877454,0.347276990411,3.54545454545,3.04338842975,1.05689877454,3.54545454545,0.499047619048,0.4,8,0.0484848484848,0.255555555556,11,11,11,1,0,0.0909090909091,0.636363636364,0.272727272727,11,0.118181818182,3.72727272727,2.36363636364,1.3,1.625,1.43336856898,0.6064251638,0.286713286713,0.603022689156,0.510249967747,0.237762237762,1.40129809949,1.18571377649,0.503496503497,2.05382127221,0.551025219373,7,3.72727272727,2.05382127221,7,0,0,0,0,0.22962962963,11,11,11,1,0,0.0909090909091,0.636363636364,0.272727272727,11,18,0.163636363636,3.11363636364,3.27272727273,1.8,2.25,1.42062726223,0.434080552347,0.227272727273,0.924416277737,0.564921058617,0.292929292929,1.68954001271,1.03249667443,0.525252525253,1.14353419474,0.367266456706,3.875,3.11363636364,1.14353419474,3.875,0.366666666667,0.266666666667,4,0.0242424242424,0.221111111111,11,11,11,1,0,0.0909090909091,0.636363636364,0.272727272727,-2,-0.0181818181818,0.0702479338843,-0.363636363636,-0.2,-0.25,-0.268912750482,-0.030542951148,-0.0181818181818,-0.243332138505,-0.0773405703161,-0.0434343434343,-0.250469359339,-0.0345084801933,-0.0111111111111,0.0866354202056,0.0199894662943,0.329545454545,0.0702479338843,0.0866354202056,0.329545454545,-0.132380952381,-0.133333333333,-4,-0.0242424242424,-0.0344444444444,0,0,0,18,0,2,90,0.9,1,0,0.1,1,0.9,0.947368421053,0.938314863257,0.9,0.9,5,7,0,0,0,0
891,WLNM_dir_neg,0.826530612245,0.549741108565,00:00:01,10,20,49,1172860598,threshold_sweep,0.9,1,0.714285714286,0.833333333333,5,0,2,14,0.714285714286,1,0,0.285714285714,1,0.714285714286,0.833333333333,0.904761904762,0.587301587302,0.769230769231,0.790569415042,0.714285714286,20,13,7,0,20,0,13,0,7,11,20,0.181818181818,3.04338842975,3.63636363636,2,2.5,1.68954001271,0.464623503495,0.245454545455,1.16774841624,0.642261628933,0.336363636364,1.94000937205,1.06700515463,0.536363636364,1.05689877454,0.347276990411,3.54545454545,3.04338842975,1.05689877454,3.54545454545,0.499047619048,0.4,8,0.0484848484848,0.255555555556,11,11,11,1,0,0.0909090909091,0.636363636364,0.272727272727,11,0.118181818182,3.72727272727,2.36363636364,1.3,1.625,1.43336856898,0.6064251638,0.286713286713,0.603022689156,0.510249967747,0.237762237762,1.40129809949,1.18571377649,0.503496503497,2.05382127221,0.551025219373,7,3.72727272727,2.05382127221,7,0,0,0,0,0.22962962963,11,11,11,1,0,0.0909090909091,0.636363636364,0.272727272727,11,18,0.163636363636,3.11363636364,3.27272727273,1.8,2.25,1.42062726223,0.434080552347,0.227272727273,0.924416277737,0.564921058617,0.292929292929,1.68954001271,1.03249667443,0.525252525253,1.14353419474,0.367266456706,3.875,3.11363636364,1.14353419474,3.875,0.366666666667,0.266666666667,4,0.0242424242424,0.221111111111,11,11,11,1,0,0.0909090909091,0.636363636364,0.272727272727,-2,-0.0181818181818,0.0702479338843,-0.363636363636,-0.2,-0.25,-0.268912750482,-0.030542951148,-0.0181818181818,-0.243332138505,-0.0773405703161,-0.0434343434343,-0.250469359339,-0.0345084801933,-0.0111111111111,0.0866354202056,0.0199894662943,0.329545454545,0.0702479338843,0.0866354202056,0.329545454545,-0.132380952381,-0.133333333333,-4,-0.0242424242424,-0.0344444444444,0,0,0,18,0,2,90,0.9,1,0,0.1,1,0.9,0.947368421053,0.938314863257,0.9,0.9,5,7,0,0,0,0
892,WLNM_dir_neg,0.836734693878,0.523090903028,00:00:03,10,20,50,1172860599,threshold_sweep,0.1,0.714285714286,0.714285714286,0.714285714286,5,2,2,12,0.714285714286,0.857142857143,0.142857142857,0.285714285714,0.714285714286,0.714285714286,0.714285714286,0.809523809524,0.555555555556,0.571428571429,0.571428571429,0.571428571429,20,13,7,0,20,0,13,0,7,11,20,0.181818181818,3.04338842975,3.63636363636,2,2.5,1.68954001271,0.464623503495,0.245454545455,1.16774841624,0.642261628933,0.336363636364,1.94000937205,1.06700515463,0.536363636364,1.05689877454,0.347276990411,3.54545454545,3.04338842975,1.05689877454,3.54545454545,0.499047619048,0.4,8,0.0484848484848,0.255555555556,11,11,11,1,0,0.0909090909091,0.636363636364,0.272727272727,11,0.118181818182,3.72727272727,2.36363636364,1.3,1.625,1.43336856898,0.6064251638,0.286713286713,0.603022689156,0.510249967747,0.237762237762,1.40129809949,1.18571377649,0.503496503497,2.05382127221,0.551025219373,7,3.72727272727,2.05382127221,7,0,0,0,0,0.22962962963,11,11,11,1,0,0.0909090909091,0.636363636364,0.272727272727,11,20,0.181818181818,4.9696969697,3.63636363636,2,2,1.68954001271,0.464623503495,0.213636363636,0.981649817214,0.539907399468,0.281818181818,1.53741222957,0.845576726264,0.409090909091,1.7624646282,0.354642272748,6.20833333333,4.9696969697,1.7624646282,6.20833333333,0.366666666667,0.266666666667,4,0.0242424242424,0.21,11,11,11,1,0,0.0909090909091,0.818181818182,0.0909090909091,0,0,1.92630853994,0,0,-0.5,0,0,-0.0318181818182,-0.186098599028,-0.102354229466,-0.0545454545455,-0.402597142477,-0.221428428362,-0.127272727273,0.705565853663,0.00736528233626,2.66287878788,1.92630853994,0.705565853663,2.66287878788,-0.132380952381,-0.133333333333,-4,-0.0242424242424,-0.0455555555556,0,0.181818181818,-0.181818181818,18,2,2,88,0.9,0.977777777778,0.0222222222222,0.1,0.9,0.9,0.9,0.877777777778,0.877777777778,0.818181818182,7,7,0,0,0,0
893,WLNM_dir_neg,0.836734693878,0.523090903028,00:00:03,10,20,50,1172860599,threshold_sweep,0.2,0.714285714286,0.714285714286,0.714285714286,5,2,2,12,0.714285714286,0.857142857143,0.142857142857,0.285714285714,0.714285714286,0.714285714286,0.714285714286,0.809523809524,0.555555555556,0.571428571429,0.571428571429,0.571428571429,20,13,7,0,20,0,13,0,7,11,20,0.181818181818,3.04338842975,3.63636363636,2,2.5,1.68954001271,0.464623503495,0.245454545455,1.16774841624,0.642261628933,0.336363636364,1.94000937205,1.06700515463,0.536363636364,1.05689877454,0.347276990411,3.54545454545,3.04338842975,1.05689877454,3.54545454545,0.499047619048,0.4,8,0.0484848484848,0.255555555556,11,11,11,1,0,0.0909090909091,0.636363636364,0.272727272727,11,0.118181818182,3.72727272727,2.36363636364,1.3,1.625,1.43336856898,0.6064251638,0.286713286713,0.603022689156,0.510249967747,0.237762237762,1.40129809949,1.18571377649,0.503496503497,2.05382127221,0.551025219373,7,3.72727272727,2.05382127221,7,0,0,0,0,0.22962962963,11,11,11,1,0,0.0909090909091,0.636363636364,0.272727272727,11,20,0.181818181818,4.9696969697,3.63636363636,2,2,1.68954001271,0.464623503495,0.213636363636,0.981649817214,0.539907399468,0.281818181818,1.53741222957,0.845576726264,0.409090909091,1.7624646282,0.354642272748,6.20833333333,4.9696969697,1.7624646282,6.20833333333,0.366666666667,0.266666666667,4,0.0242424242424,0.21,11,11,11,1,0,0.0909090909091,0.818181818182,0.0909090909091,0,0,1.92630853994,0,0,-0.5,0,0,-0.0318181818182,-0.186098599028,-0.102354229466,-0.0545454545455,-0.402597142477,-0.221428428362,-0.127272727273,0.705565853663,0.00736528233626,2.66287878788,1.92630853994,0.705565853663,2.66287878788,-0.132380952381,-0.133333333333,-4,-0.0242424242424,-0.0455555555556,0,0.181818181818,-0.181818181818,18,2,2,88,0.9,0.977777777778,0.0222222222222,0.1,0.9,0.9,0.9,0.877777777778,0.877777777778,0.818181818182,7,7,0,0,0,0
894,WLNM_dir_neg,0.836734693878,0.523090903028,00:00:03,10,20,50,1172860599,threshold_sweep,0.3,0.714285714286,0.714285714286,0.714285714286,5,2,2,12,0.714285714286,0.857142857143,0.142857142857,0.285714285714,0.714285714286,0.714285714286,0.714285714286,0.809523809524,0.555555555556,0.571428571429,0.571428571429,0.571428571429,20,13,7,0,20,0,13,0,7,11,20,0.181818181818,3.04338842975,3.63636363636,2,2.5,1.68954001271,0.464623503495,0.245454545455,1.16774841624,0.642261628933,0.336363636364,1.94000937205,1.06700515463,0.536363636364,1.05689877454,0.347276990411,3.54545454545,3.04338842975,1.05689877454,3.54545454545,0.499047619048,0.4,8,0.0484848484848,0.255555555556,11,11,11,1,0,0.0909090909091,0.636363636364,0.272727272727,11,0.118181818182,3.72727272727,2.36363636364,1.3,1.625,1.43336856898,0.6064251638,0.286713286713,0.603022689156,0.510249967747,0.237762237762,1.40129809949,1.18571377649,0.503496503497,2.05382127221,0.551025219373,7,3.72727272727,2.05382127221,7,0,0,0,0,0.22962962963,11,11,11,1,0,0.0909090909091,0.636363636364,0.272727272727,11,20,0.181818181818,4.9696969697,3.63636363636,2,2,1.68954001271,0.464623503495,0.213636363636,0.981649817214,0.539907399468,0.281818181818,1.53741222957,0.845576726264,0.409090909091,1.7624646282,0.354642272748,6.20833333333,4.9696969697,1.7624646282,6.20833333333,0.366666666667,0.266666666667,4,0.0242424242424,0.21,11,11,11,1,0,0.0909090909091,0.818181818182,0.0909090909091,0,0,1.92630853994,0,0,-0.5,0,0,-0.0318181818182,-0.186098599028,-0.102354229466,-0.0545454545455,-0.402597142477,-0.221428428362,-0.127272727273,0.705565853663,0.00736528233626,2.66287878788,1.92630853994,0.705565853663,2.66287878788,-0.132380952381,-0.133333333333,-4,-0.0242424242424,-0.0455555555556,0,0.181818181818,-0.181818181818,18,2,2,88,0.9,0.977777777778,0.0222222222222,0.1,0.9,0.9,0.9,0.877777777778,0.877777777778,0.818181818182,7,7,0,0,0,0
895,WLNM_dir_neg,0.836734693878,0.523090903028,00:00:03,10,20,50,1172860599,threshold_sweep,0.4,0.714285714286,0.714285714286,0.714285714286,5,2,2,12,0.714285714286,0.857142857143,0.142857142857,0.285714285714,0.714285714286,0.714285714286,0.714285714286,0.809523809524,0.555555555556,0.571428571429,0.571428571429,0.571428571429,20,13,7,0,20,0,13,0,7,11,20,0.181818181818,3.04338842975,3.63636363636,2,2.5,1.68954001271,0.464623503495,0.245454545455,1.16774841624,0.642261628933,0.336363636364,1.94000937205,1.06700515463,0.536363636364,1.05689877454,0.347276990411,3.54545454545,3.04338842975,1.05689877454,3.54545454545,0.499047619048,0.4,8,0.0484848484848,0.255555555556,11,11,11,1,0,0.0909090909091,0.636363636364,0.272727272727,11,0.118181818182,3.72727272727,2.36363636364,1.3,1.625,1.43336856898,0.6064251638,0.286713286713,0.603022689156,0.510249967747,0.237762237762,1.40129809949,1.18571377649,0.503496503497,2.05382127221,0.551025219373,7,3.72727272727,2.05382127221,7,0,0,0,0,0.22962962963,11,11,11,1,0,0.0909090909091,0.636363636364,0.272727272727,11,20,0.181818181818,4.9696969697,3.63636363636,2,2,1.68954001271,0.464623503495,0.213636363636,0.981649817214,0.539907399468,0.281818181818,1.53741222957,0.845576726264,0.409090909091,1.7624646282,0.354642272748,6.20833333333,4.9696969697,1.7624646282,6.20833333333,0.366666666667,0.266666666667,4,0.0242424242424,0.21,11,11,11,1,0,0.0909090909091,0.818181818182,0.0909090909091,0,0,1.92630853994,0,0,-0.5,0,0,-0.0318181818182,-0.186098599028,-0.102354229466,-0.0545454545455,-0.402597142477,-0.221428428362,-0.127272727273,0.705565853663,0.00736528233626,2.66287878788,1.92630853994,0.705565853663,2.66287878788,-0.132380952381,-0.133333333333,-4,-0.0242424242424,-0.0455555555556,0,0.181818181818,-0.181818181818,18,2,2,88,0.9,0.977777777778,0.0222222222222,0.1,0.9,0.9,0.9,0.877777777778,0.877777777778,0.818181818182,7,7,0,0,0,0
896,WLNM_dir_neg,0.836734693878,0.523090903028,00:00:03,10,20,50,1172860599,threshold_sweep,0.5,0.714285714286,0.714285714286,0.714285714286,5,2,2,12,0.714285714286,0.857142857143,0.142857142857,0.285714285714,0.714285714286,0.714285714286,0.714285714286,0.809523809524,0.555555555556,0.571428571429,0.571428571429,0.571428571429,20,13,7,0,20,0,13,0,7,11,20,0.181818181818,3.04338842975,3.63636363636,2,2.5,1.68954001271,0.464623503495,0.245454545455,1.16774841624,0.642261628933,0.336363636364,1.94000937205,1.06700515463,0.536363636364,1.05689877454,0.347276990411,3.54545454545,3.04338842975,1.05689877454,3.54545454545,0.499047619048,0.4,8,0.0484848484848,0.255555555556,11,11,11,1,0,0.0909090909091,0.636363636364,0.272727272727,11,0.118181818182,3.72727272727,2.36363636364,1.3,1.625,1.43336856898,0.6064251638,0.286713286713,0.603022689156,0.510249967747,0.237762237762,1.40129809949,1.18571377649,0.503496503497,2.05382127221,0.551025219373,7,3.72727272727,2.05382127221,7,0,0,0,0,0.22962962963,11,11,11,1,0,0.0909090909091,0.636363636364,0.272727272727,11,20,0.181818181818,4.9696969697,3.63636363636,2,2,1.68954001271,0.464623503495,0.213636363636,0.981649817214,0.539907399468,0.281818181818,1.53741222957,0.845576726264,0.409090909091,1.7624646282,0.354642272748,6.20833333333,4.9696969697,1.7624646282,6.20833333333,0.366666666667,0.266666666667,4,0.0242424242424,0.21,11,11,11,1,0,0.0909090909091,0.818181818182,0.0909090909091,0,0,1.92630853994,0,0,-0.5,0,0,-0.0318181818182,-0.186098599028,-0.102354229466,-0.0545454545455,-0.402597142477,-0.221428428362,-0.127272727273,0.705565853663,0.00736528233626,2.66287878788,1.92630853994,0.705565853663,2.66287878788,-0.132380952381,-0.133333333333,-4,-0.0242424242424,-0.0455555555556,0,0.181818181818,-0.181818181818,18,2,2,88,0.9,0.977777777778,0.0222222222222,0.1,0.9,0.9,0.9,0.877777777778,0.877777777778,0.818181818182,7,7,0,0,0,0
897,WLNM_dir_neg,0.836734693878,0.523090903028,00:00:03,10,20,50,1172860599,threshold_sweep,0.6,0.714285714286,0.714285714286,0.714285714286,5,2,2,12,0.714285714286,0.857142857143,0.142857142857,0.285714285714,0.714285714286,0.714285714286,0.714285714286,0.809523809524,0.555555555556,0.571428571429,0.571428571429,0.571428571429,20,13,7,0,20,0,13,0,7,11,20,0.181818181818,3.04338842975,3.63636363636,2,2.5,1.68954001271,0.464623503495,0.245454545455,1.16774841624,0.642261628933,0.336363636364,1.94000937205,1.06700515463,0.536363636364,1.05689877454,0.347276990411,3.54545454545,3.04338842975,1.05689877454,3.54545454545,0.499047619048,0.4,8,0.0484848484848,0.255555555556,11,11,11,1,0,0.0909090909091,0.636363636364,0.272727272727,11,0.118181818182,3.72727272727,2.36363636364,1.3,1.625,1.43336856898,0.6064251638,0.286713286713,0.603022689156,0.510249967747,0.237762237762,1.40129809949,1.18571377649,0.503496503497,2.05382127221,0.551025219373,7,3.72727272727,2.05382127221,7,0,0,0,0,0.22962962963,11,11,11,1,0,0.0909090909091,0.636363636364,0.272727272727,11,20,0.181818181818,4.9696969697,3.63636363636,2,2,1.68954001271,0.464623503495,0.213636363636,0.981649817214,0.539907399468,0.281818181818,1.53741222957,0.845576726264,0.409090909091,1.7624646282,0.354642272748,6.20833333333,4.9696969697,1.7624646282,6.20833333333,0.366666666667,0.266666666667,4,0.0242424242424,0.21,11,11,11,1,0,0.0909090909091,0.818181818182,0.0909090909091,0,0,1.92630853994,0,0,-0.5,0,0,-0.0318181818182,-0.186098599028,-0.102354229466,-0.0545454545455,-0.402597142477,-0.221428428362,-0.127272727273,0.705565853663,0.00736528233626,2.66287878788,1.92630853994,0.705565853663,2.66287878788,-0.132380952381,-0.133333333333,-4,-0.0242424242424,-0.0455555555556,0,0.181818181818,-0.181818181818,18,2,2,88,0.9,0.977777777778,0.0222222222222,0.1,0.9,0.9,0.9,0.877777777778,0.877777777778,0.818181818182,7,7,0,0,0,0
898,WLNM_dir_neg,0.836734693878,0.523090903028,00:00:03,10,20,50,1172860599,threshold_sweep,0.7,0.714285714286,0.714285714286,0.714285714286,5,2,2,12,0.714285714286,0.857142857143,0.142857142857,0.285714285714,0.714285714286,0.714285714286,0.714285714286,0.809523809524,0.555555555556,0.571428571429,0.571428571429,0.571428571429,20,13,7,0,20,0,13,0,7,11,20,0.181818181818,3.04338842975,3.63636363636,2,2.5,1.68954001271,0.464623503495,0.245454545455,1.16774841624,0.642261628933,0.336363636364,1.94000937205,1.06700515463,0.536363636364,1.05689877454,0.347276990411,3.54545454545,3.04338842975,1.05689877454,3.54545454545,0.499047619048,0.4,8,0.0484848484848,0.255555555556,11,11,11,1,0,0.0909090909091,0.636363636364,0.272727272727,11,0.118181818182,3.72727272727,2.36363636364,1.3,1.625,1.43336856898,0.6064251638,0.286713286713,0.603022689156,0.510249967747,0.237762237762,1.40129809949,1.18571377649,0.503496503497,2.05382127221,0.551025219373,7,3.72727272727,2.05382127221,7,0,0,0,0,0.22962962963,11,11,11,1,0,0.0909090909091,0.636363636364,0.272727272727,11,20,0.181818181818,4.9696969697,3.63636363636,2,2,1.68954001271,0.464623503495,0.213636363636,0.981649817214,0.539907399468,0.281818181818,1.53741222957,0.845576726264,0.409090909091,1.7624646282,0.354642272748,6.20833333333,4.9696969697,1.7624646282,6.20833333333,0.366666666667,0.266666666667,4,0.0242424242424,0.21,11,11,11,1,0,0.0909090909091,0.818181818182,0.0909090909091,0,0,1.92630853994,0,0,-0.5,0,0,-0.0318181818182,-0.186098599028,-0.102354229466,-0.0545454545455,-0.402597142477,-0.221428428362,-0.127272727273,0.705565853663,0.00736528233626,2.66287878788,1.92630853994,0.705565853663,2.66287878788,-0.132380952381,-0.133333333333,-4,-0.0242424242424,-0.0455555555556,0,0.181818181818,-0.181818181818,18,2,2,88,0.9,0.977777777778,0.0222222222222,0.1,0.9,0.9,0.9,0.877777777778,0.877777777778,0.818181818182,7,7,0,0,0,0
899,WLNM_dir_neg,0.836734693878,0.523090903028,00:00:03,10,20,50,1172860599,threshold_sweep,0.8,0.714285714286,0.714285714286,0.714285714286,5,2,2,12,0.714285714286,0.857142857143,0.142857142857,0.285714285714,0.714285714286,0.714285714286,0.714285714286,0.809523809524,0.555555555556,0.571428571429,0.571428571429,0.571428571429,20,13,7,0,20,0,13,0,7,11,20,0.181818181818,3.04338842975,3.63636363636,2,2.5,1.68954001271,0.464623503495,0.245454545455,1.16774841624,0.642261628933,0.336363636364,1.94000937205,1.06700515463,0.536363636364,1.05689877454,0.347276990411,3.54545454545,3.04338842975,1.05689877454,3.54545454545,0.499047619048,0.4,8,0.0484848484848,0.255555555556,11,11,11,1,0,0.0909090909091,0.636363636364,0.272727272727,11,0.118181818182,3.72727272727,2.36363636364,1.3,1.625,1.43336856898,0.6064251638,0.286713286713,0.603022689156,0.510249967747,0.237762237762,1.40129809949,1.18571377649,0.503496503497,2.05382127221,0.551025219373,7,3.72727272727,2.05382127221,7,0,0,0,0,0.22962962963,11,11,11,1,0,0.0909090909091,0.636363636364,0.272727272727,11,20,0.181818181818,4.9696969697,3.63636363636,2,2,1.68954001271,0.464623503495,0.213636363636,0.981649817214,0.539907399468,0.281818181818,1.53741222957,0.845576726264,0.409090909091,1.7624646282,0.354642272748,6.20833333333,4.9696969697,1.7624646282,6.20833333333,0.366666666667,0.266666666667,4,0.0242424242424,0.21,11,11,11,1,0,0.0909090909091,0.818181818182,0.0909090909091,0,0,1.92630853994,0,0,-0.5,0,0,-0.0318181818182,-0.186098599028,-0.102354229466,-0.0545454545455,-0.402597142477,-0.221428428362,-0.127272727273,0.705565853663,0.00736528233626,2.66287878788,1.92630853994,0.705565853663,2.66287878788,-0.132380952381,-0.133333333333,-4,-0.0242424242424,-0.0455555555556,0,0.181818181818,-0.181818181818,18,2,2,88,0.9,0.977777777778,0.0222222222222,0.1,0.9,0.9,0.9,0.877777777778,0.877777777778,0.818181818182,7,7,0,0,0,0
900,WLNM_dir_neg,0.836734693878,0.523090903028,00:00:03,10,20,50,1172860599,threshold_sweep,0.9,0.666666666667,0.571428571429,0.615384615385,4,2,3,12,0.571428571429,0.857142857143,0.142857142857,0.428571428571,0.666666666667,0.571428571429,0.615384615385,0.761904761905,0.571428571429,0.444444444444,0.4472135955,0.428571428571,20,13,7,0,20,0,13,0,7,11,20,0.181818181818,3.04338842975,3.63636363636,2,2.5,1.68954001271,0.464623503495,0.245454545455,1.16774841624,0.642261628933,0.336363636364,1.94000937205,1.06700515463,0.536363636364,1.05689877454,0.347276990411,3.54545454545,3.04338842975,1.05689877454,3.54545454545,0.499047619048,0.4,8,0.0484848484848,0.255555555556,11,11,11,1,0,0.0909090909091,0.636363636364,0.272727272727,11,0.118181818182,3.72727272727,2.36363636364,1.3,1.625,1.43336856898,0.6064251638,0.286713286713,0.603022689156,0.510249967747,0.237762237762,1.40129809949,1.18571377649,0.503496503497,2.05382127221,0.551025219373,7,3.72727272727,2.05382127221,7,0,0,0,0,0.22962962963,11,11,11,1,0,0.0909090909091,0.636363636364,0.272727272727,11,19,0.172727272727,5.01515151515,3.45454545455,1.9,1.9,1.63484778274,0.473245410793,0.196172248804,0.904534033733,0.523677598477,0.267942583732,1.42062726223,0.822468414973,0.392344497608,1.82338900807,0.36357605599,6.33333333333,5.01515151515,1.82338900807,6.33333333333,0.296666666667,0.230769230769,3,0.0181818181818,0.192592592593,11,11,11,1,0,0.0909090909091,0.818181818182,0.0909090909091,-1,-0.00909090909091,1.9717630854,-0.181818181818,-0.1,-0.6,-0.05469222997,0.00862190729789,-0.0492822966507,-0.263214382509,-0.118584030456,-0.0684210526316,-0.519382109822,-0.244536739653,-0.144019138756,0.766490233532,0.0162990655783,2.78787878788,1.9717630854,0.766490233532,2.78787878788,-0.202380952381,-0.169230769231,-5,-0.030303030303,-0.062962962963,0,0.181818181818,-0.181818181818,17,2,3,88,0.85,0.977777777778,0.0222222222222,0.15,0.894736842105,0.85,0.871794871795,0.844602804616,0.827777777778,0.772727272727,6,7,0,0,0,0
901,WLNM_dir_neg,0.816326530612,0.685331632653,00:00:01,10,30,1,1173777850,threshold_sweep,0.1,1,0.714285714286,0.833333333333,5,0,2,14,0.714285714286,1,0,0.285714285714,1,0.714285714286,0.833333333333,0.904761904762,0.587301587302,0.769230769231,0.790569415042,0.714285714286,20,13,7,0,20,0,13,0,7,11,20,0.181818181818,3.04338842975,3.63636363636,2,2.5,1.68954001271,0.464623503495,0.245454545455,1.16774841624,0.642261628933,0.336363636364,1.94000937205,1.06700515463,0.536363636364,1.05689877454,0.347276990411,3.54545454545,3.04338842975,1.05689877454,3.54545454545,0.499047619048,0.4,8,0.0484848484848,0.255555555556,11,11,11,1,0,0.0909090909091,0.636363636364,0.272727272727,11,0.118181818182,3.72727272727,2.36363636364,1.3,1.625,1.43336856898,0.6064251638,0.286713286713,0.603022689156,0.510249967747,0.237762237762,1.40129809949,1.18571377649,0.503496503497,2.05382127221,0.551025219373,7,3.72727272727,2.05382127221,7,0,0,0,0,0.22962962963,11,11,11,1,0,0.0909090909091,0.636363636364,0.272727272727,11,18,0.163636363636,3.11363636364,3.27272727273,1.8,2.25,1.42062726223,0.434080552347,0.227272727273,0.924416277737,0.564921058617,0.292929292929,1.68954001271,1.03249667443,0.525252525253,1.14353419474,0.367266456706,3.875,3.11363636364,1.14353419474,3.875,0.366666666667,0.266666666667,4,0.0242424242424,0.221111111111,11,11,11,1,0,0.0909090909091,0.636363636364,0.272727272727,-2,-0.0181818181818,0.0702479338843,-0.363636363636,-0.2,-0.25,-0.268912750482,-0.030542951148,-0.0181818181818,-0.243332138505,-0.0773405703161,-0.0434343434343,-0.250469359339,-0.0345084801933,-0.0111111111111,0.0866354202056,0.0199894662943,0.329545454545,0.0702479338843,0.0866354202056,0.329545454545,-0.132380952381,-0.133333333333,-4,-0.0242424242424,-0.0344444444444,0,0,0,18,0,2,90,0.9,1,0,0.1,1,0.9,0.947368421053,0.938314863257,0.9,0.9,5,7,0,0,0,0
902,WLNM_dir_neg,0.816326530612,0.685331632653,00:00:01,10,30,1,1173777850,threshold_sweep,0.2,1,0.714285714286,0.833333333333,5,0,2,14,0.714285714286,1,0,0.285714285714,1,0.714285714286,0.833333333333,0.904761904762,0.587301587302,0.769230769231,0.790569415042,0.714285714286,20,13,7,0,20,0,13,0,7,11,20,0.181818181818,3.04338842975,3.63636363636,2,2.5,1.68954001271,0.464623503495,0.245454545455,1.16774841624,0.642261628933,0.336363636364,1.94000937205,1.06700515463,0.536363636364,1.05689877454,0.347276990411,3.54545454545,3.04338842975,1.05689877454,3.54545454545,0.499047619048,0.4,8,0.0484848484848,0.255555555556,11,11,11,1,0,0.0909090909091,0.636363636364,0.272727272727,11,0.118181818182,3.72727272727,2.36363636364,1.3,1.625,1.43336856898,0.6064251638,0.286713286713,0.603022689156,0.510249967747,0.237762237762,1.40129809949,1.18571377649,0.503496503497,2.05382127221,0.551025219373,7,3.72727272727,2.05382127221,7,0,0,0,0,0.22962962963,11,11,11,1,0,0.0909090909091,0.636363636364,0.272727272727,11,18,0.163636363636,3.11363636364,3.27272727273,1.8,2.25,1.42062726223,0.434080552347,0.227272727273,0.924416277737,0.564921058617,0.292929292929,1.68954001271,1.03249667443,0.525252525253,1.14353419474,0.367266456706,3.875,3.11363636364,1.14353419474,3.875,0.366666666667,0.266666666667,4,0.0242424242424,0.221111111111,11,11,11,1,0,0.0909090909091,0.636363636364,0.272727272727,-2,-0.0181818181818,0.0702479338843,-0.363636363636,-0.2,-0.25,-0.268912750482,-0.030542951148,-0.0181818181818,-0.243332138505,-0.0773405703161,-0.0434343434343,-0.250469359339,-0.0345084801933,-0.0111111111111,0.0866354202056,0.0199894662943,0.329545454545,0.0702479338843,0.0866354202056,0.329545454545,-0.132380952381,-0.133333333333,-4,-0.0242424242424,-0.0344444444444,0,0,0,18,0,2,90,0.9,1,0,0.1,1,0.9,0.947368421053,0.938314863257,0.9,0.9,5,7,0,0,0,0
903,WLNM_dir_neg,0.816326530612,0.685331632653,00:00:01,10,30,1,1173777850,threshold_sweep,0.3,1,0.714285714286,0.833333333333,5,0,2,14,0.714285714286,1,0,0.285714285714,1,0.714285714286,0.833333333333,0.904761904762,0.587301587302,0.769230769231,0.790569415042,0.714285714286,20,13,7,0,20,0,13,0,7,11,20,0.181818181818,3.04338842975,3.63636363636,2,2.5,1.68954001271,0.464623503495,0.245454545455,1.16774841624,0.642261628933,0.336363636364,1.94000937205,1.06700515463,0.536363636364,1.05689877454,0.347276990411,3.54545454545,3.04338842975,1.05689877454,3.54545454545,0.499047619048,0.4,8,0.0484848484848,0.255555555556,11,11,11,1,0,0.0909090909091,0.636363636364,0.272727272727,11,0.118181818182,3.72727272727,2.36363636364,1.3,1.625,1.43336856898,0.6064251638,0.286713286713,0.603022689156,0.510249967747,0.237762237762,1.40129809949,1.18571377649,0.503496503497,2.05382127221,0.551025219373,7,3.72727272727,2.05382127221,7,0,0,0,0,0.22962962963,11,11,11,1,0,0.0909090909091,0.636363636364,0.272727272727,11,18,0.163636363636,3.11363636364,3.27272727273,1.8,2.25,1.42062726223,0.434080552347,0.227272727273,0.924416277737,0.564921058617,0.292929292929,1.68954001271,1.03249667443,0.525252525253,1.14353419474,0.367266456706,3.875,3.11363636364,1.14353419474,3.875,0.366666666667,0.266666666667,4,0.0242424242424,0.221111111111,11,11,11,1,0,0.0909090909091,0.636363636364,0.272727272727,-2,-0.0181818181818,0.0702479338843,-0.363636363636,-0.2,-0.25,-0.268912750482,-0.030542951148,-0.0181818181818,-0.243332138505,-0.0773405703161,-0.0434343434343,-0.250469359339,-0.0345084801933,-0.0111111111111,0.0866354202056,0.0199894662943,0.329545454545,0.0702479338843,0.0866354202056,0.329545454545,-0.132380952381,-0.133333333333,-4,-0.0242424242424,-0.0344444444444,0,0,0,18,0,2,90,0.9,1,0,0.1,1,0.9,0.947368421053,0.938314863257,0.9,0.9,5,7,0,0,0,0
904,WLNM_dir_neg,0.816326530612,0.685331632653,00:00:01,10,30,1,1173777850,threshold_sweep,0.4,1,0.714285714286,0.833333333333,5,0,2,14,0.714285714286,1,0,0.285714285714,1,0.714285714286,0.833333333333,0.904761904762,0.587301587302,0.769230769231,0.790569415042,0.714285714286,20,13,7,0,20,0,13,0,7,11,20,0.181818181818,3.04338842975,3.63636363636,2,2.5,1.68954001271,0.464623503495,0.245454545455,1.16774841624,0.642261628933,0.336363636364,1.94000937205,1.06700515463,0.536363636364,1.05689877454,0.347276990411,3.54545454545,3.04338842975,1.05689877454,3.54545454545,0.499047619048,0.4,8,0.0484848484848,0.255555555556,11,11,11,1,0,0.0909090909091,0.636363636364,0.272727272727,11,0.118181818182,3.72727272727,2.36363636364,1.3,1.625,1.43336856898,0.6064251638,0.286713286713,0.603022689156,0.510249967747,0.237762237762,1.40129809949,1.18571377649,0.503496503497,2.05382127221,0.551025219373,7,3.72727272727,2.05382127221,7,0,0,0,0,0.22962962963,11,11,11,1,0,0.0909090909091,0.636363636364,0.272727272727,11,18,0.163636363636,3.11363636364,3.27272727273,1.8,2.25,1.42062726223,0.434080552347,0.227272727273,0.924416277737,0.564921058617,0.292929292929,1.68954001271,1.03249667443,0.525252525253,1.14353419474,0.367266456706,3.875,3.11363636364,1.14353419474,3.875,0.366666666667,0.266666666667,4,0.0242424242424,0.221111111111,11,11,11,1,0,0.0909090909091,0.636363636364,0.272727272727,-2,-0.0181818181818,0.0702479338843,-0.363636363636,-0.2,-0.25,-0.268912750482,-0.030542951148,-0.0181818181818,-0.243332138505,-0.0773405703161,-0.0434343434343,-0.250469359339,-0.0345084801933,-0.0111111111111,0.0866354202056,0.0199894662943,0.329545454545,0.0702479338843,0.0866354202056,0.329545454545,-0.132380952381,-0.133333333333,-4,-0.0242424242424,-0.0344444444444,0,0,0,18,0,2,90,0.9,1,0,0.1,1,0.9,0.947368421053,0.938314863257,0.9,0.9,5,7,0,0,0,0
905,WLNM_dir_neg,0.816326530612,0.685331632653,00:00:01,10,30,1,1173777850,threshold_sweep,0.5,1,0.714285714286,0.833333333333,5,0,2,14,0.714285714286,1,0,0.285714285714,1,0.714285714286,0.833333333333,0.904761904762,0.587301587302,0.769230769231,0.790569415042,0.714285714286,20,13,7,0,20,0,13,0,7,11,20,0.181818181818,3.04338842975,3.63636363636,2,2.5,1.68954001271,0.464623503495,0.245454545455,1.16774841624,0.642261628933,0.336363636364,1.94000937205,1.06700515463,0.536363636364,1.05689877454,0.347276990411,3.54545454545,3.04338842975,1.05689877454,3.54545454545,0.499047619048,0.4,8,0.0484848484848,0.255555555556,11,11,11,1,0,0.0909090909091,0.636363636364,0.272727272727,11,0.118181818182,3.72727272727,2.36363636364,1.3,1.625,1.43336856898,0.6064251638,0.286713286713,0.603022689156,0.510249967747,0.237762237762,1.40129809949,1.18571377649,0.503496503497,2.05382127221,0.551025219373,7,3.72727272727,2.05382127221,7,0,0,0,0,0.22962962963,11,11,11,1,0,0.0909090909091,0.636363636364,0.272727272727,11,18,0.163636363636,3.11363636364,3.27272727273,1.8,2.25,1.42062726223,0.434080552347,0.227272727273,0.924416277737,0.564921058617,0.292929292929,1.68954001271,1.03249667443,0.525252525253,1.14353419474,0.367266456706,3.875,3.11363636364,1.14353419474,3.875,0.366666666667,0.266666666667,4,0.0242424242424,0.221111111111,11,11,11,1,0,0.0909090909091,0.636363636364,0.272727272727,-2,-0.0181818181818,0.0702479338843,-0.363636363636,-0.2,-0.25,-0.268912750482,-0.030542951148,-0.0181818181818,-0.243332138505,-0.0773405703161,-0.0434343434343,-0.250469359339,-0.0345084801933,-0.0111111111111,0.0866354202056,0.0199894662943,0.329545454545,0.0702479338843,0.0866354202056,0.329545454545,-0.132380952381,-0.133333333333,-4,-0.0242424242424,-0.0344444444444,0,0,0,18,0,2,90,0.9,1,0,0.1,1,0.9,0.947368421053,0.938314863257,0.9,0.9,5,7,0,0,0,0
906,WLNM_dir_neg,0.816326530612,0.685331632653,00:00:01,10,30,1,1173777850,threshold_sweep,0.6,1,0.714285714286,0.833333333333,5,0,2,14,0.714285714286,1,0,0.285714285714,1,0.714285714286,0.833333333333,0.904761904762,0.587301587302,0.769230769231,0.790569415042,0.714285714286,20,13,7,0,20,0,13,0,7,11,20,0.181818181818,3.04338842975,3.63636363636,2,2.5,1.68954001271,0.464623503495,0.245454545455,1.16774841624,0.642261628933,0.336363636364,1.94000937205,1.06700515463,0.536363636364,1.05689877454,0.347276990411,3.54545454545,3.04338842975,1.05689877454,3.54545454545,0.499047619048,0.4,8,0.0484848484848,0.255555555556,11,11,11,1,0,0.0909090909091,0.636363636364,0.272727272727,11,0.118181818182,3.72727272727,2.36363636364,1.3,1.625,1.43336856898,0.6064251638,0.286713286713,0.603022689156,0.510249967747,0.237762237762,1.40129809949,1.18571377649,0.503496503497,2.05382127221,0.551025219373,7,3.72727272727,2.05382127221,7,0,0,0,0,0.22962962963,11,11,11,1,0,0.0909090909091,0.636363636364,0.272727272727,11,18,0.163636363636,3.11363636364,3.27272727273,1.8,2.25,1.42062726223,0.434080552347,0.227272727273,0.924416277737,0.564921058617,0.292929292929,1.68954001271,1.03249667443,0.525252525253,1.14353419474,0.367266456706,3.875,3.11363636364,1.14353419474,3.875,0.366666666667,0.266666666667,4,0.0242424242424,0.221111111111,11,11,11,1,0,0.0909090909091,0.636363636364,0.272727272727,-2,-0.0181818181818,0.0702479338843,-0.363636363636,-0.2,-0.25,-0.268912750482,-0.030542951148,-0.0181818181818,-0.243332138505,-0.0773405703161,-0.0434343434343,-0.250469359339,-0.0345084801933,-0.0111111111111,0.0866354202056,0.0199894662943,0.329545454545,0.0702479338843,0.0866354202056,0.329545454545,-0.132380952381,-0.133333333333,-4,-0.0242424242424,-0.0344444444444,0,0,0,18,0,2,90,0.9,1,0,0.1,1,0.9,0.947368421053,0.938314863257,0.9,0.9,5,7,0,0,0,0
907,WLNM_dir_neg,0.816326530612,0.685331632653,00:00:01,10,30,1,1173777850,threshold_sweep,0.7,1,0.714285714286,0.833333333333,5,0,2,14,0.714285714286,1,0,0.285714285714,1,0.714285714286,0.833333333333,0.904761904762,0.587301587302,0.769230769231,0.790569415042,0.714285714286,20,13,7,0,20,0,13,0,7,11,20,0.181818181818,3.04338842975,3.63636363636,2,2.5,1.68954001271,0.464623503495,0.245454545455,1.16774841624,0.642261628933,0.336363636364,1.94000937205,1.06700515463,0.536363636364,1.05689877454,0.347276990411,3.54545454545,3.04338842975,1.05689877454,3.54545454545,0.499047619048,0.4,8,0.0484848484848,0.255555555556,11,11,11,1,0,0.0909090909091,0.636363636364,0.272727272727,11,0.118181818182,3.72727272727,2.36363636364,1.3,1.625,1.43336856898,0.6064251638,0.286713286713,0.603022689156,0.510249967747,0.237762237762,1.40129809949,1.18571377649,0.503496503497,2.05382127221,0.551025219373,7,3.72727272727,2.05382127221,7,0,0,0,0,0.22962962963,11,11,11,1,0,0.0909090909091,0.636363636364,0.272727272727,11,18,0.163636363636,3.11363636364,3.27272727273,1.8,2.25,1.42062726223,0.434080552347,0.227272727273,0.924416277737,0.564921058617,0.292929292929,1.68954001271,1.03249667443,0.525252525253,1.14353419474,0.367266456706,3.875,3.11363636364,1.14353419474,3.875,0.366666666667,0.266666666667,4,0.0242424242424,0.221111111111,11,11,11,1,0,0.0909090909091,0.636363636364,0.272727272727,-2,-0.0181818181818,0.0702479338843,-0.363636363636,-0.2,-0.25,-0.268912750482,-0.030542951148,-0.0181818181818,-0.243332138505,-0.0773405703161,-0.0434343434343,-0.250469359339,-0.0345084801933,-0.0111111111111,0.0866354202056,0.0199894662943,0.329545454545,0.0702479338843,0.0866354202056,0.329545454545,-0.132380952381,-0.133333333333,-4,-0.0242424242424,-0.0344444444444,0,0,0,18,0,2,90,0.9,1,0,0.1,1,0.9,0.947368421053,0.938314863257,0.9,0.9,5,7,0,0,0,0
908,WLNM_dir_neg,0.816326530612,0.685331632653,00:00:01,10,30,1,1173777850,threshold_sweep,0.8,1,0.714285714286,0.833333333333,5,0,2,14,0.714285714286,1,0,0.285714285714,1,0.714285714286,0.833333333333,0.904761904762,0.587301587302,0.769230769231,0.790569415042,0.714285714286,20,13,7,0,20,0,13,0,7,11,20,0.181818181818,3.04338842975,3.63636363636,2,2.5,1.68954001271,0.464623503495,0.245454545455,1.16774841624,0.642261628933,0.336363636364,1.94000937205,1.06700515463,0.536363636364,1.05689877454,0.347276990411,3.54545454545,3.04338842975,1.05689877454,3.54545454545,0.499047619048,0.4,8,0.0484848484848,0.255555555556,11,11,11,1,0,0.0909090909091,0.636363636364,0.272727272727,11,0.118181818182,3.72727272727,2.36363636364,1.3,1.625,1.43336856898,0.6064251638,0.286713286713,0.603022689156,0.510249967747,0.237762237762,1.40129809949,1.18571377649,0.503496503497,2.05382127221,0.551025219373,7,3.72727272727,2.05382127221,7,0,0,0,0,0.22962962963,11,11,11,1,0,0.0909090909091,0.636363636364,0.272727272727,11,18,0.163636363636,3.11363636364,3.27272727273,1.8,2.25,1.42062726223,0.434080552347,0.227272727273,0.924416277737,0.564921058617,0.292929292929,1.68954001271,1.03249667443,0.525252525253,1.14353419474,0.367266456706,3.875,3.11363636364,1.14353419474,3.875,0.366666666667,0.266666666667,4,0.0242424242424,0.221111111111,11,11,11,1,0,0.0909090909091,0.636363636364,0.272727272727,-2,-0.0181818181818,0.0702479338843,-0.363636363636,-0.2,-0.25,-0.268912750482,-0.030542951148,-0.0181818181818,-0.243332138505,-0.0773405703161,-0.0434343434343,-0.250469359339,-0.0345084801933,-0.0111111111111,0.0866354202056,0.0199894662943,0.329545454545,0.0702479338843,0.0866354202056,0.329545454545,-0.132380952381,-0.133333333333,-4,-0.0242424242424,-0.0344444444444,0,0,0,18,0,2,90,0.9,1,0,0.1,1,0.9,0.947368421053,0.938314863257,0.9,0.9,5,7,0,0,0,0
909,WLNM_dir_neg,0.816326530612,0.685331632653,00:00:01,10,30,1,1173777850,threshold_sweep,0.9,1,0.714285714286,0.833333333333,5,0,2,14,0.714285714286,1,0,0.285714285714,1,0.714285714286,0.833333333333,0.904761904762,0.587301587302,0.769230769231,0.790569415042,0.714285714286,20,13,7,0,20,0,13,0,7,11,20,0.181818181818,3.04338842975,3.63636363636,2,2.5,1.68954001271,0.464623503495,0.245454545455,1.16774841624,0.642261628933,0.336363636364,1.94000937205,1.06700515463,0.536363636364,1.05689877454,0.347276990411,3.54545454545,3.04338842975,1.05689877454,3.54545454545,0.499047619048,0.4,8,0.0484848484848,0.255555555556,11,11,11,1,0,0.0909090909091,0.636363636364,0.272727272727,11,0.118181818182,3.72727272727,2.36363636364,1.3,1.625,1.43336856898,0.6064251638,0.286713286713,0.603022689156,0.510249967747,0.237762237762,1.40129809949,1.18571377649,0.503496503497,2.05382127221,0.551025219373,7,3.72727272727,2.05382127221,7,0,0,0,0,0.22962962963,11,11,11,1,0,0.0909090909091,0.636363636364,0.272727272727,11,18,0.163636363636,3.11363636364,3.27272727273,1.8,2.25,1.42062726223,0.434080552347,0.227272727273,0.924416277737,0.564921058617,0.292929292929,1.68954001271,1.03249667443,0.525252525253,1.14353419474,0.367266456706,3.875,3.11363636364,1.14353419474,3.875,0.366666666667,0.266666666667,4,0.0242424242424,0.221111111111,11,11,11,1,0,0.0909090909091,0.636363636364,0.272727272727,-2,-0.0181818181818,0.0702479338843,-0.363636363636,-0.2,-0.25,-0.268912750482,-0.030542951148,-0.0181818181818,-0.243332138505,-0.0773405703161,-0.0434343434343,-0.250469359339,-0.0345084801933,-0.0111111111111,0.0866354202056,0.0199894662943,0.329545454545,0.0702479338843,0.0866354202056,0.329545454545,-0.132380952381,-0.133333333333,-4,-0.0242424242424,-0.0344444444444,0,0,0,18,0,2,90,0.9,1,0,0.1,1,0.9,0.947368421053,0.938314863257,0.9,0.9,5,7,0,0,0,0
910,WLNM_dir_neg,0.938775510204,0.629947433519,00:00:01,10,30,2,1173777851,threshold_sweep,0.1,1,0.714285714286,0.833333333333,5,0,2,14,0.714285714286,1,0,0.285714285714,1,0.714285714286,0.833333333333,0.904761904762,0.587301587302,0.769230769231,0.790569415042,0.714285714286,20,13,7,0,20,0,13,0,7,11,20,0.181818181818,3.04338842975,3.63636363636,2,2.5,1.68954001271,0.464623503495,0.245454545455,1.16774841624,0.642261628933,0.336363636364,1.94000937205,1.06700515463,0.536363636364,1.05689877454,0.347276990411,3.54545454545,3.04338842975,1.05689877454,3.54545454545,0.499047619048,0.4,8,0.0484848484848,0.255555555556,11,11,11,1,0,0.0909090909091,0.636363636364,0.272727272727,11,0.118181818182,3.72727272727,2.36363636364,1.3,1.625,1.43336856898,0.6064251638,0.286713286713,0.603022689156,0.510249967747,0.237762237762,1.40129809949,1.18571377649,0.503496503497,2.05382127221,0.551025219373,7,3.72727272727,2.05382127221,7,0,0,0,0,0.22962962963,11,11,11,1,0,0.0909090909091,0.636363636364,0.272727272727,11,18,0.163636363636,3.11363636364,3.27272727273,1.8,2.25,1.42062726223,0.434080552347,0.227272727273,0.924416277737,0.564921058617,0.292929292929,1.68954001271,1.03249667443,0.525252525253,1.14353419474,0.367266456706,3.875,3.11363636364,1.14353419474,3.875,0.366666666667,0.266666666667,4,0.0242424242424,0.221111111111,11,11,11,1,0,0.0909090909091,0.636363636364,0.272727272727,-2,-0.0181818181818,0.0702479338843,-0.363636363636,-0.2,-0.25,-0.268912750482,-0.030542951148,-0.0181818181818,-0.243332138505,-0.0773405703161,-0.0434343434343,-0.250469359339,-0.0345084801933,-0.0111111111111,0.0866354202056,0.0199894662943,0.329545454545,0.0702479338843,0.0866354202056,0.329545454545,-0.132380952381,-0.133333333333,-4,-0.0242424242424,-0.0344444444444,0,0,0,18,0,2,90,0.9,1,0,0.1,1,0.9,0.947368421053,0.938314863257,0.9,0.9,5,7,0,0,0,0
911,WLNM_dir_neg,0.938775510204,0.629947433519,00:00:01,10,30,2,1173777851,threshold_sweep,0.2,1,0.714285714286,0.833333333333,5,0,2,14,0.714285714286,1,0,0.285714285714,1,0.714285714286,0.833333333333,0.904761904762,0.587301587302,0.769230769231,0.790569415042,0.714285714286,20,13,7,0,20,0,13,0,7,11,20,0.181818181818,3.04338842975,3.63636363636,2,2.5,1.68954001271,0.464623503495,0.245454545455,1.16774841624,0.642261628933,0.336363636364,1.94000937205,1.06700515463,0.536363636364,1.05689877454,0.347276990411,3.54545454545,3.04338842975,1.05689877454,3.54545454545,0.499047619048,0.4,8,0.0484848484848,0.255555555556,11,11,11,1,0,0.0909090909091,0.636363636364,0.272727272727,11,0.118181818182,3.72727272727,2.36363636364,1.3,1.625,1.43336856898,0.6064251638,0.286713286713,0.603022689156,0.510249967747,0.237762237762,1.40129809949,1.18571377649,0.503496503497,2.05382127221,0.551025219373,7,3.72727272727,2.05382127221,7,0,0,0,0,0.22962962963,11,11,11,1,0,0.0909090909091,0.636363636364,0.272727272727,11,18,0.163636363636,3.11363636364,3.27272727273,1.8,2.25,1.42062726223,0.434080552347,0.227272727273,0.924416277737,0.564921058617,0.292929292929,1.68954001271,1.03249667443,0.525252525253,1.14353419474,0.367266456706,3.875,3.11363636364,1.14353419474,3.875,0.366666666667,0.266666666667,4,0.0242424242424,0.221111111111,11,11,11,1,0,0.0909090909091,0.636363636364,0.272727272727,-2,-0.0181818181818,0.0702479338843,-0.363636363636,-0.2,-0.25,-0.268912750482,-0.030542951148,-0.0181818181818,-0.243332138505,-0.0773405703161,-0.0434343434343,-0.250469359339,-0.0345084801933,-0.0111111111111,0.0866354202056,0.0199894662943,0.329545454545,0.0702479338843,0.0866354202056,0.329545454545,-0.132380952381,-0.133333333333,-4,-0.0242424242424,-0.0344444444444,0,0,0,18,0,2,90,0.9,1,0,0.1,1,0.9,0.947368421053,0.938314863257,0.9,0.9,5,7,0,0,0,0
912,WLNM_dir_neg,0.938775510204,0.629947433519,00:00:01,10,30,2,1173777851,threshold_sweep,0.3,1,0.714285714286,0.833333333333,5,0,2,14,0.714285714286,1,0,0.285714285714,1,0.714285714286,0.833333333333,0.904761904762,0.587301587302,0.769230769231,0.790569415042,0.714285714286,20,13,7,0,20,0,13,0,7,11,20,0.181818181818,3.04338842975,3.63636363636,2,2.5,1.68954001271,0.464623503495,0.245454545455,1.16774841624,0.642261628933,0.336363636364,1.94000937205,1.06700515463,0.536363636364,1.05689877454,0.347276990411,3.54545454545,3.04338842975,1.05689877454,3.54545454545,0.499047619048,0.4,8,0.0484848484848,0.255555555556,11,11,11,1,0,0.0909090909091,0.636363636364,0.272727272727,11,0.118181818182,3.72727272727,2.36363636364,1.3,1.625,1.43336856898,0.6064251638,0.286713286713,0.603022689156,0.510249967747,0.237762237762,1.40129809949,1.18571377649,0.503496503497,2.05382127221,0.551025219373,7,3.72727272727,2.05382127221,7,0,0,0,0,0.22962962963,11,11,11,1,0,0.0909090909091,0.636363636364,0.272727272727,11,18,0.163636363636,3.11363636364,3.27272727273,1.8,2.25,1.42062726223,0.434080552347,0.227272727273,0.924416277737,0.564921058617,0.292929292929,1.68954001271,1.03249667443,0.525252525253,1.14353419474,0.367266456706,3.875,3.11363636364,1.14353419474,3.875,0.366666666667,0.266666666667,4,0.0242424242424,0.221111111111,11,11,11,1,0,0.0909090909091,0.636363636364,0.272727272727,-2,-0.0181818181818,0.0702479338843,-0.363636363636,-0.2,-0.25,-0.268912750482,-0.030542951148,-0.0181818181818,-0.243332138505,-0.0773405703161,-0.0434343434343,-0.250469359339,-0.0345084801933,-0.0111111111111,0.0866354202056,0.0199894662943,0.329545454545,0.0702479338843,0.0866354202056,0.329545454545,-0.132380952381,-0.133333333333,-4,-0.0242424242424,-0.0344444444444,0,0,0,18,0,2,90,0.9,1,0,0.1,1,0.9,0.947368421053,0.938314863257,0.9,0.9,5,7,0,0,0,0
913,WLNM_dir_neg,0.938775510204,0.629947433519,00:00:01,10,30,2,1173777851,threshold_sweep,0.4,1,0.714285714286,0.833333333333,5,0,2,14,0.714285714286,1,0,0.285714285714,1,0.714285714286,0.833333333333,0.904761904762,0.587301587302,0.769230769231,0.790569415042,0.714285714286,20,13,7,0,20,0,13,0,7,11,20,0.181818181818,3.04338842975,3.63636363636,2,2.5,1.68954001271,0.464623503495,0.245454545455,1.16774841624,0.642261628933,0.336363636364,1.94000937205,1.06700515463,0.536363636364,1.05689877454,0.347276990411,3.54545454545,3.04338842975,1.05689877454,3.54545454545,0.499047619048,0.4,8,0.0484848484848,0.255555555556,11,11,11,1,0,0.0909090909091,0.636363636364,0.272727272727,11,0.118181818182,3.72727272727,2.36363636364,1.3,1.625,1.43336856898,0.6064251638,0.286713286713,0.603022689156,0.510249967747,0.237762237762,1.40129809949,1.18571377649,0.503496503497,2.05382127221,0.551025219373,7,3.72727272727,2.05382127221,7,0,0,0,0,0.22962962963,11,11,11,1,0,0.0909090909091,0.636363636364,0.272727272727,11,18,0.163636363636,3.11363636364,3.27272727273,1.8,2.25,1.42062726223,0.434080552347,0.227272727273,0.924416277737,0.564921058617,0.292929292929,1.68954001271,1.03249667443,0.525252525253,1.14353419474,0.367266456706,3.875,3.11363636364,1.14353419474,3.875,0.366666666667,0.266666666667,4,0.0242424242424,0.221111111111,11,11,11,1,0,0.0909090909091,0.636363636364,0.272727272727,-2,-0.0181818181818,0.0702479338843,-0.363636363636,-0.2,-0.25,-0.268912750482,-0.030542951148,-0.0181818181818,-0.243332138505,-0.0773405703161,-0.0434343434343,-0.250469359339,-0.0345084801933,-0.0111111111111,0.0866354202056,0.0199894662943,0.329545454545,0.0702479338843,0.0866354202056,0.329545454545,-0.132380952381,-0.133333333333,-4,-0.0242424242424,-0.0344444444444,0,0,0,18,0,2,90,0.9,1,0,0.1,1,0.9,0.947368421053,0.938314863257,0.9,0.9,5,7,0,0,0,0
914,WLNM_dir_neg,0.938775510204,0.629947433519,00:00:01,10,30,2,1173777851,threshold_sweep,0.5,1,0.714285714286,0.833333333333,5,0,2,14,0.714285714286,1,0,0.285714285714,1,0.714285714286,0.833333333333,0.904761904762,0.587301587302,0.769230769231,0.790569415042,0.714285714286,20,13,7,0,20,0,13,0,7,11,20,0.181818181818,3.04338842975,3.63636363636,2,2.5,1.68954001271,0.464623503495,0.245454545455,1.16774841624,0.642261628933,0.336363636364,1.94000937205,1.06700515463,0.536363636364,1.05689877454,0.347276990411,3.54545454545,3.04338842975,1.05689877454,3.54545454545,0.499047619048,0.4,8,0.0484848484848,0.255555555556,11,11,11,1,0,0.0909090909091,0.636363636364,0.272727272727,11,0.118181818182,3.72727272727,2.36363636364,1.3,1.625,1.43336856898,0.6064251638,0.286713286713,0.603022689156,0.510249967747,0.237762237762,1.40129809949,1.18571377649,0.503496503497,2.05382127221,0.551025219373,7,3.72727272727,2.05382127221,7,0,0,0,0,0.22962962963,11,11,11,1,0,0.0909090909091,0.636363636364,0.272727272727,11,18,0.163636363636,3.11363636364,3.27272727273,1.8,2.25,1.42062726223,0.434080552347,0.227272727273,0.924416277737,0.564921058617,0.292929292929,1.68954001271,1.03249667443,0.525252525253,1.14353419474,0.367266456706,3.875,3.11363636364,1.14353419474,3.875,0.366666666667,0.266666666667,4,0.0242424242424,0.221111111111,11,11,11,1,0,0.0909090909091,0.636363636364,0.272727272727,-2,-0.0181818181818,0.0702479338843,-0.363636363636,-0.2,-0.25,-0.268912750482,-0.030542951148,-0.0181818181818,-0.243332138505,-0.0773405703161,-0.0434343434343,-0.250469359339,-0.0345084801933,-0.0111111111111,0.0866354202056,0.0199894662943,0.329545454545,0.0702479338843,0.0866354202056,0.329545454545,-0.132380952381,-0.133333333333,-4,-0.0242424242424,-0.0344444444444,0,0,0,18,0,2,90,0.9,1,0,0.1,1,0.9,0.947368421053,0.938314863257,0.9,0.9,5,7,0,0,0,0
915,WLNM_dir_neg,0.938775510204,0.629947433519,00:00:01,10,30,2,1173777851,threshold_sweep,0.6,1,0.714285714286,0.833333333333,5,0,2,14,0.714285714286,1,0,0.285714285714,1,0.714285714286,0.833333333333,0.904761904762,0.587301587302,0.769230769231,0.790569415042,0.714285714286,20,13,7,0,20,0,13,0,7,11,20,0.181818181818,3.04338842975,3.63636363636,2,2.5,1.68954001271,0.464623503495,0.245454545455,1.16774841624,0.642261628933,0.336363636364,1.94000937205,1.06700515463,0.536363636364,1.05689877454,0.347276990411,3.54545454545,3.04338842975,1.05689877454,3.54545454545,0.499047619048,0.4,8,0.0484848484848,0.255555555556,11,11,11,1,0,0.0909090909091,0.636363636364,0.272727272727,11,0.118181818182,3.72727272727,2.36363636364,1.3,1.625,1.43336856898,0.6064251638,0.286713286713,0.603022689156,0.510249967747,0.237762237762,1.40129809949,1.18571377649,0.503496503497,2.05382127221,0.551025219373,7,3.72727272727,2.05382127221,7,0,0,0,0,0.22962962963,11,11,11,1,0,0.0909090909091,0.636363636364,0.272727272727,11,18,0.163636363636,3.11363636364,3.27272727273,1.8,2.25,1.42062726223,0.434080552347,0.227272727273,0.924416277737,0.564921058617,0.292929292929,1.68954001271,1.03249667443,0.525252525253,1.14353419474,0.367266456706,3.875,3.11363636364,1.14353419474,3.875,0.366666666667,0.266666666667,4,0.0242424242424,0.221111111111,11,11,11,1,0,0.0909090909091,0.636363636364,0.272727272727,-2,-0.0181818181818,0.0702479338843,-0.363636363636,-0.2,-0.25,-0.268912750482,-0.030542951148,-0.0181818181818,-0.243332138505,-0.0773405703161,-0.0434343434343,-0.250469359339,-0.0345084801933,-0.0111111111111,0.0866354202056,0.0199894662943,0.329545454545,0.0702479338843,0.0866354202056,0.329545454545,-0.132380952381,-0.133333333333,-4,-0.0242424242424,-0.0344444444444,0,0,0,18,0,2,90,0.9,1,0,0.1,1,0.9,0.947368421053,0.938314863257,0.9,0.9,5,7,0,0,0,0
916,WLNM_dir_neg,0.938775510204,0.629947433519,00:00:01,10,30,2,1173777851,threshold_sweep,0.7,1,0.714285714286,0.833333333333,5,0,2,14,0.714285714286,1,0,0.285714285714,1,0.714285714286,0.833333333333,0.904761904762,0.587301587302,0.769230769231,0.790569415042,0.714285714286,20,13,7,0,20,0,13,0,7,11,20,0.181818181818,3.04338842975,3.63636363636,2,2.5,1.68954001271,0.464623503495,0.245454545455,1.16774841624,0.642261628933,0.336363636364,1.94000937205,1.06700515463,0.536363636364,1.05689877454,0.347276990411,3.54545454545,3.04338842975,1.05689877454,3.54545454545,0.499047619048,0.4,8,0.0484848484848,0.255555555556,11,11,11,1,0,0.0909090909091,0.636363636364,0.272727272727,11,0.118181818182,3.72727272727,2.36363636364,1.3,1.625,1.43336856898,0.6064251638,0.286713286713,0.603022689156,0.510249967747,0.237762237762,1.40129809949,1.18571377649,0.503496503497,2.05382127221,0.551025219373,7,3.72727272727,2.05382127221,7,0,0,0,0,0.22962962963,11,11,11,1,0,0.0909090909091,0.636363636364,0.272727272727,11,18,0.163636363636,3.11363636364,3.27272727273,1.8,2.25,1.42062726223,0.434080552347,0.227272727273,0.924416277737,0.564921058617,0.292929292929,1.68954001271,1.03249667443,0.525252525253,1.14353419474,0.367266456706,3.875,3.11363636364,1.14353419474,3.875,0.366666666667,0.266666666667,4,0.0242424242424,0.221111111111,11,11,11,1,0,0.0909090909091,0.636363636364,0.272727272727,-2,-0.0181818181818,0.0702479338843,-0.363636363636,-0.2,-0.25,-0.268912750482,-0.030542951148,-0.0181818181818,-0.243332138505,-0.0773405703161,-0.0434343434343,-0.250469359339,-0.0345084801933,-0.0111111111111,0.0866354202056,0.0199894662943,0.329545454545,0.0702479338843,0.0866354202056,0.329545454545,-0.132380952381,-0.133333333333,-4,-0.0242424242424,-0.0344444444444,0,0,0,18,0,2,90,0.9,1,0,0.1,1,0.9,0.947368421053,0.938314863257,0.9,0.9,5,7,0,0,0,0
917,WLNM_dir_neg,0.938775510204,0.629947433519,00:00:01,10,30,2,1173777851,threshold_sweep,0.8,1,0.714285714286,0.833333333333,5,0,2,14,0.714285714286,1,0,0.285714285714,1,0.714285714286,0.833333333333,0.904761904762,0.587301587302,0.769230769231,0.790569415042,0.714285714286,20,13,7,0,20,0,13,0,7,11,20,0.181818181818,3.04338842975,3.63636363636,2,2.5,1.68954001271,0.464623503495,0.245454545455,1.16774841624,0.642261628933,0.336363636364,1.94000937205,1.06700515463,0.536363636364,1.05689877454,0.347276990411,3.54545454545,3.04338842975,1.05689877454,3.54545454545,0.499047619048,0.4,8,0.0484848484848,0.255555555556,11,11,11,1,0,0.0909090909091,0.636363636364,0.272727272727,11,0.118181818182,3.72727272727,2.36363636364,1.3,1.625,1.43336856898,0.6064251638,0.286713286713,0.603022689156,0.510249967747,0.237762237762,1.40129809949,1.18571377649,0.503496503497,2.05382127221,0.551025219373,7,3.72727272727,2.05382127221,7,0,0,0,0,0.22962962963,11,11,11,1,0,0.0909090909091,0.636363636364,0.272727272727,11,18,0.163636363636,3.11363636364,3.27272727273,1.8,2.25,1.42062726223,0.434080552347,0.227272727273,0.924416277737,0.564921058617,0.292929292929,1.68954001271,1.03249667443,0.525252525253,1.14353419474,0.367266456706,3.875,3.11363636364,1.14353419474,3.875,0.366666666667,0.266666666667,4,0.0242424242424,0.221111111111,11,11,11,1,0,0.0909090909091,0.636363636364,0.272727272727,-2,-0.0181818181818,0.0702479338843,-0.363636363636,-0.2,-0.25,-0.268912750482,-0.030542951148,-0.0181818181818,-0.243332138505,-0.0773405703161,-0.0434343434343,-0.250469359339,-0.0345084801933,-0.0111111111111,0.0866354202056,0.0199894662943,0.329545454545,0.0702479338843,0.0866354202056,0.329545454545,-0.132380952381,-0.133333333333,-4,-0.0242424242424,-0.0344444444444,0,0,0,18,0,2,90,0.9,1,0,0.1,1,0.9,0.947368421053,0.938314863257,0.9,0.9,5,7,0,0,0,0
918,WLNM_dir_neg,0.938775510204,0.629947433519,00:00:01,10,30,2,1173777851,threshold_sweep,0.9,1,0.571428571429,0.727272727273,4,0,3,14,0.571428571429,1,0,0.428571428571,1,0.571428571429,0.727272727273,0.857142857143,0.603174603175,0.64,0.68599434057,0.571428571429,20,13,7,0,20,0,13,0,7,11,20,0.181818181818,3.04338842975,3.63636363636,2,2.5,1.68954001271,0.464623503495,0.245454545455,1.16774841624,0.642261628933,0.336363636364,1.94000937205,1.06700515463,0.536363636364,1.05689877454,0.347276990411,3.54545454545,3.04338842975,1.05689877454,3.54545454545,0.499047619048,0.4,8,0.0484848484848,0.255555555556,11,11,11,1,0,0.0909090909091,0.636363636364,0.272727272727,11,0.118181818182,3.72727272727,2.36363636364,1.3,1.625,1.43336856898,0.6064251638,0.286713286713,0.603022689156,0.510249967747,0.237762237762,1.40129809949,1.18571377649,0.503496503497,2.05382127221,0.551025219373,7,3.72727272727,2.05382127221,7,0,0,0,0,0.22962962963,11,11,11,1,0,0.0909090909091,0.636363636364,0.272727272727,11,17,0.154545454545,3.15909090909,3.09090909091,1.7,2.125,1.30034960334,0.420701342257,0.208556149733,0.820199532265,0.530717344407,0.267379679144,1.57249078621,1.01749403814,0.513368983957,1.21589847064,0.38488872452,4,3.15909090909,1.21589847064,4,0.296666666667,0.230769230769,3,0.0181818181818,0.203703703704,11,11,11,1,0,0.0909090909091,0.636363636364,0.272727272727,-3,-0.0272727272727,0.115702479339,-0.545454545455,-0.3,-0.375,-0.389190409368,-0.0439221612377,-0.0368983957219,-0.347548883978,-0.111544284527,-0.0689839572193,-0.367518585835,-0.0495111164884,-0.0229946524064,0.158999696105,0.0376117341084,0.454545454545,0.115702479339,0.158999696105,0.454545454545,-0.202380952381,-0.169230769231,-5,-0.030303030303,-0.0518518518519,0,0,0,17,0,3,90,0.85,1,0,0.15,1,0.85,0.918918918919,0.906962317388,0.85,0.85,4,7,0,0,0,0
919,WLNM_dir_neg,0.897959183673,0.732371794872,00:00:01,10,30,3,1173777852,threshold_sweep,0.1,1,0.714285714286,0.833333333333,5,0,2,14,0.714285714286,1,0,0.285714285714,1,0.714285714286,0.833333333333,0.904761904762,0.587301587302,0.769230769231,0.790569415042,0.714285714286,20,13,7,0,20,0,13,0,7,11,20,0.181818181818,3.04338842975,3.63636363636,2,2.5,1.68954001271,0.464623503495,0.245454545455,1.16774841624,0.642261628933,0.336363636364,1.94000937205,1.06700515463,0.536363636364,1.05689877454,0.347276990411,3.54545454545,3.04338842975,1.05689877454,3.54545454545,0.499047619048,0.4,8,0.0484848484848,0.255555555556,11,11,11,1,0,0.0909090909091,0.636363636364,0.272727272727,11,0.118181818182,3.72727272727,2.36363636364,1.3,1.625,1.43336856898,0.6064251638,0.286713286713,0.603022689156,0.510249967747,0.237762237762,1.40129809949,1.18571377649,0.503496503497,2.05382127221,0.551025219373,7,3.72727272727,2.05382127221,7,0,0,0,0,0.22962962963,11,11,11,1,0,0.0909090909091,0.636363636364,0.272727272727,11,18,0.163636363636,3.11363636364,3.27272727273,1.8,2.25,1.42062726223,0.434080552347,0.227272727273,0.924416277737,0.564921058617,0.292929292929,1.68954001271,1.03249667443,0.525252525253,1.14353419474,0.367266456706,3.875,3.11363636364,1.14353419474,3.875,0.366666666667,0.266666666667,4,0.0242424242424,0.221111111111,11,11,11,1,0,0.0909090909091,0.636363636364,0.272727272727,-2,-0.0181818181818,0.0702479338843,-0.363636363636,-0.2,-0.25,-0.268912750482,-0.030542951148,-0.0181818181818,-0.243332138505,-0.0773405703161,-0.0434343434343,-0.250469359339,-0.0345084801933,-0.0111111111111,0.0866354202056,0.0199894662943,0.329545454545,0.0702479338843,0.0866354202056,0.329545454545,-0.132380952381,-0.133333333333,-4,-0.0242424242424,-0.0344444444444,0,0,0,18,0,2,90,0.9,1,0,0.1,1,0.9,0.947368421053,0.938314863257,0.9,0.9,5,7,0,0,0,0
920,WLNM_dir_neg,0.897959183673,0.732371794872,00:00:01,10,30,3,1173777852,threshold_sweep,0.2,1,0.714285714286,0.833333333333,5,0,2,14,0.714285714286,1,0,0.285714285714,1,0.714285714286,0.833333333333,0.904761904762,0.587301587302,0.769230769231,0.790569415042,0.714285714286,20,13,7,0,20,0,13,0,7,11,20,0.181818181818,3.04338842975,3.63636363636,2,2.5,1.68954001271,0.464623503495,0.245454545455,1.16774841624,0.642261628933,0.336363636364,1.94000937205,1.06700515463,0.536363636364,1.05689877454,0.347276990411,3.54545454545,3.04338842975,1.05689877454,3.54545454545,0.499047619048,0.4,8,0.0484848484848,0.255555555556,11,11,11,1,0,0.0909090909091,0.636363636364,0.272727272727,11,0.118181818182,3.72727272727,2.36363636364,1.3,1.625,1.43336856898,0.6064251638,0.286713286713,0.603022689156,0.510249967747,0.237762237762,1.40129809949,1.18571377649,0.503496503497,2.05382127221,0.551025219373,7,3.72727272727,2.05382127221,7,0,0,0,0,0.22962962963,11,11,11,1,0,0.0909090909091,0.636363636364,0.272727272727,11,18,0.163636363636,3.11363636364,3.27272727273,1.8,2.25,1.42062726223,0.434080552347,0.227272727273,0.924416277737,0.564921058617,0.292929292929,1.68954001271,1.03249667443,0.525252525253,1.14353419474,0.367266456706,3.875,3.11363636364,1.14353419474,3.875,0.366666666667,0.266666666667,4,0.0242424242424,0.221111111111,11,11,11,1,0,0.0909090909091,0.636363636364,0.272727272727,-2,-0.0181818181818,0.0702479338843,-0.363636363636,-0.2,-0.25,-0.268912750482,-0.030542951148,-0.0181818181818,-0.243332138505,-0.0773405703161,-0.0434343434343,-0.250469359339,-0.0345084801933,-0.0111111111111,0.0866354202056,0.0199894662943,0.329545454545,0.0702479338843,0.0866354202056,0.329545454545,-0.132380952381,-0.133333333333,-4,-0.0242424242424,-0.0344444444444,0,0,0,18,0,2,90,0.9,1,0,0.1,1,0.9,0.947368421053,0.938314863257,0.9,0.9,5,7,0,0,0,0
921,WLNM_dir_neg,0.897959183673,0.732371794872,00:00:01,10,30,3,1173777852,threshold_sweep,0.3,1,0.714285714286,0.833333333333,5,0,2,14,0.714285714286,1,0,0.285714285714,1,0.714285714286,0.833333333333,0.904761904762,0.587301587302,0.769230769231,0.790569415042,0.714285714286,20,13,7,0,20,0,13,0,7,11,20,0.181818181818,3.04338842975,3.63636363636,2,2.5,1.68954001271,0.464623503495,0.245454545455,1.16774841624,0.642261628933,0.336363636364,1.94000937205,1.06700515463,0.536363636364,1.05689877454,0.347276990411,3.54545454545,3.04338842975,1.05689877454,3.54545454545,0.499047619048,0.4,8,0.0484848484848,0.255555555556,11,11,11,1,0,0.0909090909091,0.636363636364,0.272727272727,11,0.118181818182,3.72727272727,2.36363636364,1.3,1.625,1.43336856898,0.6064251638,0.286713286713,0.603022689156,0.510249967747,0.237762237762,1.40129809949,1.18571377649,0.503496503497,2.05382127221,0.551025219373,7,3.72727272727,2.05382127221,7,0,0,0,0,0.22962962963,11,11,11,1,0,0.0909090909091,0.636363636364,0.272727272727,11,18,0.163636363636,3.11363636364,3.27272727273,1.8,2.25,1.42062726223,0.434080552347,0.227272727273,0.924416277737,0.564921058617,0.292929292929,1.68954001271,1.03249667443,0.525252525253,1.14353419474,0.367266456706,3.875,3.11363636364,1.14353419474,3.875,0.366666666667,0.266666666667,4,0.0242424242424,0.221111111111,11,11,11,1,0,0.0909090909091,0.636363636364,0.272727272727,-2,-0.0181818181818,0.0702479338843,-0.363636363636,-0.2,-0.25,-0.268912750482,-0.030542951148,-0.0181818181818,-0.243332138505,-0.0773405703161,-0.0434343434343,-0.250469359339,-0.0345084801933,-0.0111111111111,0.0866354202056,0.0199894662943,0.329545454545,0.0702479338843,0.0866354202056,0.329545454545,-0.132380952381,-0.133333333333,-4,-0.0242424242424,-0.0344444444444,0,0,0,18,0,2,90,0.9,1,0,0.1,1,0.9,0.947368421053,0.938314863257,0.9,0.9,5,7,0,0,0,0
922,WLNM_dir_neg,0.897959183673,0.732371794872,00:00:01,10,30,3,1173777852,threshold_sweep,0.4,1,0.571428571429,0.727272727273,4,0,3,14,0.571428571429,1,0,0.428571428571,1,0.571428571429,0.727272727273,0.857142857143,0.603174603175,0.64,0.68599434057,0.571428571429,20,13,7,0,20,0,13,0,7,11,20,0.181818181818,3.04338842975,3.63636363636,2,2.5,1.68954001271,0.464623503495,0.245454545455,1.16774841624,0.642261628933,0.336363636364,1.94000937205,1.06700515463,0.536363636364,1.05689877454,0.347276990411,3.54545454545,3.04338842975,1.05689877454,3.54545454545,0.499047619048,0.4,8,0.0484848484848,0.255555555556,11,11,11,1,0,0.0909090909091,0.636363636364,0.272727272727,11,0.118181818182,3.72727272727,2.36363636364,1.3,1.625,1.43336856898,0.6064251638,0.286713286713,0.603022689156,0.510249967747,0.237762237762,1.40129809949,1.18571377649,0.503496503497,2.05382127221,0.551025219373,7,3.72727272727,2.05382127221,7,0,0,0,0,0.22962962963,11,11,11,1,0,0.0909090909091,0.636363636364,0.272727272727,11,17,0.154545454545,3.17727272727,3.09090909091,1.7,2.125,1.30034960334,0.420701342257,0.208556149733,0.820199532265,0.530717344407,0.267379679144,1.57249078621,1.01749403814,0.513368983957,1.2536673475,0.394573414091,4.4,3.17727272727,1.2536673475,4.4,0.213333333333,0.153846153846,2,0.0121212121212,0.205555555556,11,11,11,1,0,0.0909090909091,0.636363636364,0.272727272727,-3,-0.0272727272727,0.133884297521,-0.545454545455,-0.3,-0.375,-0.389190409368,-0.0439221612377,-0.0368983957219,-0.347548883978,-0.111544284527,-0.0689839572193,-0.367518585835,-0.0495111164884,-0.0229946524064,0.196768572961,0.0472964236795,0.854545454545,0.133884297521,0.196768572961,0.854545454545,-0.285714285714,-0.246153846154,-6,-0.0363636363636,-0.05,0,0,0,17,0,3,90,0.85,1,0,0.15,1,0.85,0.918918918919,0.906962317388,0.85,0.85,4,7,0,0,0,0
923,WLNM_dir_neg,0.897959183673,0.732371794872,00:00:01,10,30,3,1173777852,threshold_sweep,0.5,1,0.571428571429,0.727272727273,4,0,3,14,0.571428571429,1,0,0.428571428571,1,0.571428571429,0.727272727273,0.857142857143,0.603174603175,0.64,0.68599434057,0.571428571429,20,13,7,0,20,0,13,0,7,11,20,0.181818181818,3.04338842975,3.63636363636,2,2.5,1.68954001271,0.464623503495,0.245454545455,1.16774841624,0.642261628933,0.336363636364,1.94000937205,1.06700515463,0.536363636364,1.05689877454,0.347276990411,3.54545454545,3.04338842975,1.05689877454,3.54545454545,0.499047619048,0.4,8,0.0484848484848,0.255555555556,11,11,11,1,0,0.0909090909091,0.636363636364,0.272727272727,11,0.118181818182,3.72727272727,2.36363636364,1.3,1.625,1.43336856898,0.6064251638,0.286713286713,0.603022689156,0.510249967747,0.237762237762,1.40129809949,1.18571377649,0.503496503497,2.05382127221,0.551025219373,7,3.72727272727,2.05382127221,7,0,0,0,0,0.22962962963,11,11,11,1,0,0.0909090909091,0.636363636364,0.272727272727,11,17,0.154545454545,3.17727272727,3.09090909091,1.7,2.125,1.30034960334,0.420701342257,0.208556149733,0.820199532265,0.530717344407,0.267379679144,1.57249078621,1.01749403814,0.513368983957,1.2536673475,0.394573414091,4.4,3.17727272727,1.2536673475,4.4,0.213333333333,0.153846153846,2,0.0121212121212,0.205555555556,11,11,11,1,0,0.0909090909091,0.636363636364,0.272727272727,-3,-0.0272727272727,0.133884297521,-0.545454545455,-0.3,-0.375,-0.389190409368,-0.0439221612377,-0.0368983957219,-0.347548883978,-0.111544284527,-0.0689839572193,-0.367518585835,-0.0495111164884,-0.0229946524064,0.196768572961,0.0472964236795,0.854545454545,0.133884297521,0.196768572961,0.854545454545,-0.285714285714,-0.246153846154,-6,-0.0363636363636,-0.05,0,0,0,17,0,3,90,0.85,1,0,0.15,1,0.85,0.918918918919,0.906962317388,0.85,0.85,4,7,0,0,0,0
924,WLNM_dir_neg,0.897959183673,0.732371794872,00:00:01,10,30,3,1173777852,threshold_sweep,0.6,1,0.571428571429,0.727272727273,4,0,3,14,0.571428571429,1,0,0.428571428571,1,0.571428571429,0.727272727273,0.857142857143,0.603174603175,0.64,0.68599434057,0.571428571429,20,13,7,0,20,0,13,0,7,11,20,0.181818181818,3.04338842975,3.63636363636,2,2.5,1.68954001271,0.464623503495,0.245454545455,1.16774841624,0.642261628933,0.336363636364,1.94000937205,1.06700515463,0.536363636364,1.05689877454,0.347276990411,3.54545454545,3.04338842975,1.05689877454,3.54545454545,0.499047619048,0.4,8,0.0484848484848,0.255555555556,11,11,11,1,0,0.0909090909091,0.636363636364,0.272727272727,11,0.118181818182,3.72727272727,2.36363636364,1.3,1.625,1.43336856898,0.6064251638,0.286713286713,0.603022689156,0.510249967747,0.237762237762,1.40129809949,1.18571377649,0.503496503497,2.05382127221,0.551025219373,7,3.72727272727,2.05382127221,7,0,0,0,0,0.22962962963,11,11,11,1,0,0.0909090909091,0.636363636364,0.272727272727,11,17,0.154545454545,3.17727272727,3.09090909091,1.7,2.125,1.30034960334,0.420701342257,0.208556149733,0.820199532265,0.530717344407,0.267379679144,1.57249078621,1.01749403814,0.513368983957,1.2536673475,0.394573414091,4.4,3.17727272727,1.2536673475,4.4,0.213333333333,0.153846153846,2,0.0121212121212,0.205555555556,11,11,11,1,0,0.0909090909091,0.636363636364,0.272727272727,-3,-0.0272727272727,0.133884297521,-0.545454545455,-0.3,-0.375,-0.389190409368,-0.0439221612377,-0.0368983957219,-0.347548883978,-0.111544284527,-0.0689839572193,-0.367518585835,-0.0495111164884,-0.0229946524064,0.196768572961,0.0472964236795,0.854545454545,0.133884297521,0.196768572961,0.854545454545,-0.285714285714,-0.246153846154,-6,-0.0363636363636,-0.05,0,0,0,17,0,3,90,0.85,1,0,0.15,1,0.85,0.918918918919,0.906962317388,0.85,0.85,4,7,0,0,0,0
925,WLNM_dir_neg,0.897959183673,0.732371794872,00:00:01,10,30,3,1173777852,threshold_sweep,0.7,1,0.571428571429,0.727272727273,4,0,3,14,0.571428571429,1,0,0.428571428571,1,0.571428571429,0.727272727273,0.857142857143,0.603174603175,0.64,0.68599434057,0.571428571429,20,13,7,0,20,0,13,0,7,11,20,0.181818181818,3.04338842975,3.63636363636,2,2.5,1.68954001271,0.464623503495,0.245454545455,1.16774841624,0.642261628933,0.336363636364,1.94000937205,1.06700515463,0.536363636364,1.05689877454,0.347276990411,3.54545454545,3.04338842975,1.05689877454,3.54545454545,0.499047619048,0.4,8,0.0484848484848,0.255555555556,11,11,11,1,0,0.0909090909091,0.636363636364,0.272727272727,11,0.118181818182,3.72727272727,2.36363636364,1.3,1.625,1.43336856898,0.6064251638,0.286713286713,0.603022689156,0.510249967747,0.237762237762,1.40129809949,1.18571377649,0.503496503497,2.05382127221,0.551025219373,7,3.72727272727,2.05382127221,7,0,0,0,0,0.22962962963,11,11,11,1,0,0.0909090909091,0.636363636364,0.272727272727,11,17,0.154545454545,3.17727272727,3.09090909091,1.7,2.125,1.30034960334,0.420701342257,0.208556149733,0.820199532265,0.530717344407,0.267379679144,1.57249078621,1.01749403814,0.513368983957,1.2536673475,0.394573414091,4.4,3.17727272727,1.2536673475,4.4,0.213333333333,0.153846153846,2,0.0121212121212,0.205555555556,11,11,11,1,0,0.0909090909091,0.636363636364,0.272727272727,-3,-0.0272727272727,0.133884297521,-0.545454545455,-0.3,-0.375,-0.389190409368,-0.0439221612377,-0.0368983957219,-0.347548883978,-0.111544284527,-0.0689839572193,-0.367518585835,-0.0495111164884,-0.0229946524064,0.196768572961,0.0472964236795,0.854545454545,0.133884297521,0.196768572961,0.854545454545,-0.285714285714,-0.246153846154,-6,-0.0363636363636,-0.05,0,0,0,17,0,3,90,0.85,1,0,0.15,1,0.85,0.918918918919,0.906962317388,0.85,0.85,4,7,0,0,0,0
926,WLNM_dir_neg,0.897959183673,0.732371794872,00:00:01,10,30,3,1173777852,threshold_sweep,0.8,1,0.571428571429,0.727272727273,4,0,3,14,0.571428571429,1,0,0.428571428571,1,0.571428571429,0.727272727273,0.857142857143,0.603174603175,0.64,0.68599434057,0.571428571429,20,13,7,0,20,0,13,0,7,11,20,0.181818181818,3.04338842975,3.63636363636,2,2.5,1.68954001271,0.464623503495,0.245454545455,1.16774841624,0.642261628933,0.336363636364,1.94000937205,1.06700515463,0.536363636364,1.05689877454,0.347276990411,3.54545454545,3.04338842975,1.05689877454,3.54545454545,0.499047619048,0.4,8,0.0484848484848,0.255555555556,11,11,11,1,0,0.0909090909091,0.636363636364,0.272727272727,11,0.118181818182,3.72727272727,2.36363636364,1.3,1.625,1.43336856898,0.6064251638,0.286713286713,0.603022689156,0.510249967747,0.237762237762,1.40129809949,1.18571377649,0.503496503497,2.05382127221,0.551025219373,7,3.72727272727,2.05382127221,7,0,0,0,0,0.22962962963,11,11,11,1,0,0.0909090909091,0.636363636364,0.272727272727,11,17,0.154545454545,3.17727272727,3.09090909091,1.7,2.125,1.30034960334,0.420701342257,0.208556149733,0.820199532265,0.530717344407,0.267379679144,1.57249078621,1.01749403814,0.513368983957,1.2536673475,0.394573414091,4.4,3.17727272727,1.2536673475,4.4,0.213333333333,0.153846153846,2,0.0121212121212,0.205555555556,11,11,11,1,0,0.0909090909091,0.636363636364,0.272727272727,-3,-0.0272727272727,0.133884297521,-0.545454545455,-0.3,-0.375,-0.389190409368,-0.0439221612377,-0.0368983957219,-0.347548883978,-0.111544284527,-0.0689839572193,-0.367518585835,-0.0495111164884,-0.0229946524064,0.196768572961,0.0472964236795,0.854545454545,0.133884297521,0.196768572961,0.854545454545,-0.285714285714,-0.246153846154,-6,-0.0363636363636,-0.05,0,0,0,17,0,3,90,0.85,1,0,0.15,1,0.85,0.918918918919,0.906962317388,0.85,0.85,4,7,0,0,0,0
927,WLNM_dir_neg,0.897959183673,0.732371794872,00:00:01,10,30,3,1173777852,threshold_sweep,0.9,1,0.571428571429,0.727272727273,4,0,3,14,0.571428571429,1,0,0.428571428571,1,0.571428571429,0.727272727273,0.857142857143,0.603174603175,0.64,0.68599434057,0.571428571429,20,13,7,0,20,0,13,0,7,11,20,0.181818181818,3.04338842975,3.63636363636,2,2.5,1.68954001271,0.464623503495,0.245454545455,1.16774841624,0.642261628933,0.336363636364,1.94000937205,1.06700515463,0.536363636364,1.05689877454,0.347276990411,3.54545454545,3.04338842975,1.05689877454,3.54545454545,0.499047619048,0.4,8,0.0484848484848,0.255555555556,11,11,11,1,0,0.0909090909091,0.636363636364,0.272727272727,11,0.118181818182,3.72727272727,2.36363636364,1.3,1.625,1.43336856898,0.6064251638,0.286713286713,0.603022689156,0.510249967747,0.237762237762,1.40129809949,1.18571377649,0.503496503497,2.05382127221,0.551025219373,7,3.72727272727,2.05382127221,7,0,0,0,0,0.22962962963,11,11,11,1,0,0.0909090909091,0.636363636364,0.272727272727,11,17,0.154545454545,3.17727272727,3.09090909091,1.7,2.125,1.30034960334,0.420701342257,0.208556149733,0.820199532265,0.530717344407,0.267379679144,1.57249078621,1.01749403814,0.513368983957,1.2536673475,0.394573414091,4.4,3.17727272727,1.2536673475,4.4,0.213333333333,0.153846153846,2,0.0121212121212,0.205555555556,11,11,11,1,0,0.0909090909091,0.636363636364,0.272727272727,-3,-0.0272727272727,0.133884297521,-0.545454545455,-0.3,-0.375,-0.389190409368,-0.0439221612377,-0.0368983957219,-0.347548883978,-0.111544284527,-0.0689839572193,-0.367518585835,-0.0495111164884,-0.0229946524064,0.196768572961,0.0472964236795,0.854545454545,0.133884297521,0.196768572961,0.854545454545,-0.285714285714,-0.246153846154,-6,-0.0363636363636,-0.05,0,0,0,17,0,3,90,0.85,1,0,0.15,1,0.85,0.918918918919,0.906962317388,0.85,0.85,4,7,0,0,0,0
928,WLNM_dir_neg,0.897959183673,0.597108843537,00:00:01,10,30,4,1173777853,threshold_sweep,0.1,1,0.714285714286,0.833333333333,5,0,2,14,0.714285714286,1,0,0.285714285714,1,0.714285714286,0.833333333333,0.904761904762,0.587301587302,0.769230769231,0.790569415042,0.714285714286,20,13,7,0,20,0,13,0,7,11,20,0.181818181818,3.04338842975,3.63636363636,2,2.5,1.68954001271,0.464623503495,0.245454545455,1.16774841624,0.642261628933,0.336363636364,1.94000937205,1.06700515463,0.536363636364,1.05689877454,0.347276990411,3.54545454545,3.04338842975,1.05689877454,3.54545454545,0.499047619048,0.4,8,0.0484848484848,0.255555555556,11,11,11,1,0,0.0909090909091,0.636363636364,0.272727272727,11,0.118181818182,3.72727272727,2.36363636364,1.3,1.625,1.43336856898,0.6064251638,0.286713286713,0.603022689156,0.510249967747,0.237762237762,1.40129809949,1.18571377649,0.503496503497,2.05382127221,0.551025219373,7,3.72727272727,2.05382127221,7,0,0,0,0,0.22962962963,11,11,11,1,0,0.0909090909091,0.636363636364,0.272727272727,11,18,0.163636363636,3.11363636364,3.27272727273,1.8,2.25,1.42062726223,0.434080552347,0.227272727273,0.924416277737,0.564921058617,0.292929292929,1.68954001271,1.03249667443,0.525252525253,1.14353419474,0.367266456706,3.875,3.11363636364,1.14353419474,3.875,0.366666666667,0.266666666667,4,0.0242424242424,0.221111111111,11,11,11,1,0,0.0909090909091,0.636363636364,0.272727272727,-2,-0.0181818181818,0.0702479338843,-0.363636363636,-0.2,-0.25,-0.268912750482,-0.030542951148,-0.0181818181818,-0.243332138505,-0.0773405703161,-0.0434343434343,-0.250469359339,-0.0345084801933,-0.0111111111111,0.0866354202056,0.0199894662943,0.329545454545,0.0702479338843,0.0866354202056,0.329545454545,-0.132380952381,-0.133333333333,-4,-0.0242424242424,-0.0344444444444,0,0,0,18,0,2,90,0.9,1,0,0.1,1,0.9,0.947368421053,0.938314863257,0.9,0.9,5,7,0,0,0,0
929,WLNM_dir_neg,0.897959183673,0.597108843537,00:00:01,10,30,4,1173777853,threshold_sweep,0.2,1,0.714285714286,0.833333333333,5,0,2,14,0.714285714286,1,0,0.285714285714,1,0.714285714286,0.833333333333,0.904761904762,0.587301587302,0.769230769231,0.790569415042,0.714285714286,20,13,7,0,20,0,13,0,7,11,20,0.181818181818,3.04338842975,3.63636363636,2,2.5,1.68954001271,0.464623503495,0.245454545455,1.16774841624,0.642261628933,0.336363636364,1.94000937205,1.06700515463,0.536363636364,1.05689877454,0.347276990411,3.54545454545,3.04338842975,1.05689877454,3.54545454545,0.499047619048,0.4,8,0.0484848484848,0.255555555556,11,11,11,1,0,0.0909090909091,0.636363636364,0.272727272727,11,0.118181818182,3.72727272727,2.36363636364,1.3,1.625,1.43336856898,0.6064251638,0.286713286713,0.603022689156,0.510249967747,0.237762237762,1.40129809949,1.18571377649,0.503496503497,2.05382127221,0.551025219373,7,3.72727272727,2.05382127221,7,0,0,0,0,0.22962962963,11,11,11,1,0,0.0909090909091,0.636363636364,0.272727272727,11,18,0.163636363636,3.11363636364,3.27272727273,1.8,2.25,1.42062726223,0.434080552347,0.227272727273,0.924416277737,0.564921058617,0.292929292929,1.68954001271,1.03249667443,0.525252525253,1.14353419474,0.367266456706,3.875,3.11363636364,1.14353419474,3.875,0.366666666667,0.266666666667,4,0.0242424242424,0.221111111111,11,11,11,1,0,0.0909090909091,0.636363636364,0.272727272727,-2,-0.0181818181818,0.0702479338843,-0.363636363636,-0.2,-0.25,-0.268912750482,-0.030542951148,-0.0181818181818,-0.243332138505,-0.0773405703161,-0.0434343434343,-0.250469359339,-0.0345084801933,-0.0111111111111,0.0866354202056,0.0199894662943,0.329545454545,0.0702479338843,0.0866354202056,0.329545454545,-0.132380952381,-0.133333333333,-4,-0.0242424242424,-0.0344444444444,0,0,0,18,0,2,90,0.9,1,0,0.1,1,0.9,0.947368421053,0.938314863257,0.9,0.9,5,7,0,0,0,0
930,WLNM_dir_neg,0.897959183673,0.597108843537,00:00:01,10,30,4,1173777853,threshold_sweep,0.3,1,0.714285714286,0.833333333333,5,0,2,14,0.714285714286,1,0,0.285714285714,1,0.714285714286,0.833333333333,0.904761904762,0.587301587302,0.769230769231,0.790569415042,0.714285714286,20,13,7,0,20,0,13,0,7,11,20,0.181818181818,3.04338842975,3.63636363636,2,2.5,1.68954001271,0.464623503495,0.245454545455,1.16774841624,0.642261628933,0.336363636364,1.94000937205,1.06700515463,0.536363636364,1.05689877454,0.347276990411,3.54545454545,3.04338842975,1.05689877454,3.54545454545,0.499047619048,0.4,8,0.0484848484848,0.255555555556,11,11,11,1,0,0.0909090909091,0.636363636364,0.272727272727,11,0.118181818182,3.72727272727,2.36363636364,1.3,1.625,1.43336856898,0.6064251638,0.286713286713,0.603022689156,0.510249967747,0.237762237762,1.40129809949,1.18571377649,0.503496503497,2.05382127221,0.551025219373,7,3.72727272727,2.05382127221,7,0,0,0,0,0.22962962963,11,11,11,1,0,0.0909090909091,0.636363636364,0.272727272727,11,18,0.163636363636,3.11363636364,3.27272727273,1.8,2.25,1.42062726223,0.434080552347,0.227272727273,0.924416277737,0.564921058617,0.292929292929,1.68954001271,1.03249667443,0.525252525253,1.14353419474,0.367266456706,3.875,3.11363636364,1.14353419474,3.875,0.366666666667,0.266666666667,4,0.0242424242424,0.221111111111,11,11,11,1,0,0.0909090909091,0.636363636364,0.272727272727,-2,-0.0181818181818,0.0702479338843,-0.363636363636,-0.2,-0.25,-0.268912750482,-0.030542951148,-0.0181818181818,-0.243332138505,-0.0773405703161,-0.0434343434343,-0.250469359339,-0.0345084801933,-0.0111111111111,0.0866354202056,0.0199894662943,0.329545454545,0.0702479338843,0.0866354202056,0.329545454545,-0.132380952381,-0.133333333333,-4,-0.0242424242424,-0.0344444444444,0,0,0,18,0,2,90,0.9,1,0,0.1,1,0.9,0.947368421053,0.938314863257,0.9,0.9,5,7,0,0,0,0
931,WLNM_dir_neg,0.897959183673,0.597108843537,00:00:01,10,30,4,1173777853,threshold_sweep,0.4,1,0.714285714286,0.833333333333,5,0,2,14,0.714285714286,1,0,0.285714285714,1,0.714285714286,0.833333333333,0.904761904762,0.587301587302,0.769230769231,0.790569415042,0.714285714286,20,13,7,0,20,0,13,0,7,11,20,0.181818181818,3.04338842975,3.63636363636,2,2.5,1.68954001271,0.464623503495,0.245454545455,1.16774841624,0.642261628933,0.336363636364,1.94000937205,1.06700515463,0.536363636364,1.05689877454,0.347276990411,3.54545454545,3.04338842975,1.05689877454,3.54545454545,0.499047619048,0.4,8,0.0484848484848,0.255555555556,11,11,11,1,0,0.0909090909091,0.636363636364,0.272727272727,11,0.118181818182,3.72727272727,2.36363636364,1.3,1.625,1.43336856898,0.6064251638,0.286713286713,0.603022689156,0.510249967747,0.237762237762,1.40129809949,1.18571377649,0.503496503497,2.05382127221,0.551025219373,7,3.72727272727,2.05382127221,7,0,0,0,0,0.22962962963,11,11,11,1,0,0.0909090909091,0.636363636364,0.272727272727,11,18,0.163636363636,3.11363636364,3.27272727273,1.8,2.25,1.42062726223,0.434080552347,0.227272727273,0.924416277737,0.564921058617,0.292929292929,1.68954001271,1.03249667443,0.525252525253,1.14353419474,0.367266456706,3.875,3.11363636364,1.14353419474,3.875,0.366666666667,0.266666666667,4,0.0242424242424,0.221111111111,11,11,11,1,0,0.0909090909091,0.636363636364,0.272727272727,-2,-0.0181818181818,0.0702479338843,-0.363636363636,-0.2,-0.25,-0.268912750482,-0.030542951148,-0.0181818181818,-0.243332138505,-0.0773405703161,-0.0434343434343,-0.250469359339,-0.0345084801933,-0.0111111111111,0.0866354202056,0.0199894662943,0.329545454545,0.0702479338843,0.0866354202056,0.329545454545,-0.132380952381,-0.133333333333,-4,-0.0242424242424,-0.0344444444444,0,0,0,18,0,2,90,0.9,1,0,0.1,1,0.9,0.947368421053,0.938314863257,0.9,0.9,5,7,0,0,0,0
932,WLNM_dir_neg,0.897959183673,0.597108843537,00:00:01,10,30,4,1173777853,threshold_sweep,0.5,1,0.714285714286,0.833333333333,5,0,2,14,0.714285714286,1,0,0.285714285714,1,0.714285714286,0.833333333333,0.904761904762,0.587301587302,0.769230769231,0.790569415042,0.714285714286,20,13,7,0,20,0,13,0,7,11,20,0.181818181818,3.04338842975,3.63636363636,2,2.5,1.68954001271,0.464623503495,0.245454545455,1.16774841624,0.642261628933,0.336363636364,1.94000937205,1.06700515463,0.536363636364,1.05689877454,0.347276990411,3.54545454545,3.04338842975,1.05689877454,3.54545454545,0.499047619048,0.4,8,0.0484848484848,0.255555555556,11,11,11,1,0,0.0909090909091,0.636363636364,0.272727272727,11,0.118181818182,3.72727272727,2.36363636364,1.3,1.625,1.43336856898,0.6064251638,0.286713286713,0.603022689156,0.510249967747,0.237762237762,1.40129809949,1.18571377649,0.503496503497,2.05382127221,0.551025219373,7,3.72727272727,2.05382127221,7,0,0,0,0,0.22962962963,11,11,11,1,0,0.0909090909091,0.636363636364,0.272727272727,11,18,0.163636363636,3.11363636364,3.27272727273,1.8,2.25,1.42062726223,0.434080552347,0.227272727273,0.924416277737,0.564921058617,0.292929292929,1.68954001271,1.03249667443,0.525252525253,1.14353419474,0.367266456706,3.875,3.11363636364,1.14353419474,3.875,0.366666666667,0.266666666667,4,0.0242424242424,0.221111111111,11,11,11,1,0,0.0909090909091,0.636363636364,0.272727272727,-2,-0.0181818181818,0.0702479338843,-0.363636363636,-0.2,-0.25,-0.268912750482,-0.030542951148,-0.0181818181818,-0.243332138505,-0.0773405703161,-0.0434343434343,-0.250469359339,-0.0345084801933,-0.0111111111111,0.0866354202056,0.0199894662943,0.329545454545,0.0702479338843,0.0866354202056,0.329545454545,-0.132380952381,-0.133333333333,-4,-0.0242424242424,-0.0344444444444,0,0,0,18,0,2,90,0.9,1,0,0.1,1,0.9,0.947368421053,0.938314863257,0.9,0.9,5,7,0,0,0,0
933,WLNM_dir_neg,0.897959183673,0.597108843537,00:00:01,10,30,4,1173777853,threshold_sweep,0.6,1,0.714285714286,0.833333333333,5,0,2,14,0.714285714286,1,0,0.285714285714,1,0.714285714286,0.833333333333,0.904761904762,0.587301587302,0.769230769231,0.790569415042,0.714285714286,20,13,7,0,20,0,13,0,7,11,20,0.181818181818,3.04338842975,3.63636363636,2,2.5,1.68954001271,0.464623503495,0.245454545455,1.16774841624,0.642261628933,0.336363636364,1.94000937205,1.06700515463,0.536363636364,1.05689877454,0.347276990411,3.54545454545,3.04338842975,1.05689877454,3.54545454545,0.499047619048,0.4,8,0.0484848484848,0.255555555556,11,11,11,1,0,0.0909090909091,0.636363636364,0.272727272727,11,0.118181818182,3.72727272727,2.36363636364,1.3,1.625,1.43336856898,0.6064251638,0.286713286713,0.603022689156,0.510249967747,0.237762237762,1.40129809949,1.18571377649,0.503496503497,2.05382127221,0.551025219373,7,3.72727272727,2.05382127221,7,0,0,0,0,0.22962962963,11,11,11,1,0,0.0909090909091,0.636363636364,0.272727272727,11,18,0.163636363636,3.11363636364,3.27272727273,1.8,2.25,1.42062726223,0.434080552347,0.227272727273,0.924416277737,0.564921058617,0.292929292929,1.68954001271,1.03249667443,0.525252525253,1.14353419474,0.367266456706,3.875,3.11363636364,1.14353419474,3.875,0.366666666667,0.266666666667,4,0.0242424242424,0.221111111111,11,11,11,1,0,0.0909090909091,0.636363636364,0.272727272727,-2,-0.0181818181818,0.0702479338843,-0.363636363636,-0.2,-0.25,-0.268912750482,-0.030542951148,-0.0181818181818,-0.243332138505,-0.0773405703161,-0.0434343434343,-0.250469359339,-0.0345084801933,-0.0111111111111,0.0866354202056,0.0199894662943,0.329545454545,0.0702479338843,0.0866354202056,0.329545454545,-0.132380952381,-0.133333333333,-4,-0.0242424242424,-0.0344444444444,0,0,0,18,0,2,90,0.9,1,0,0.1,1,0.9,0.947368421053,0.938314863257,0.9,0.9,5,7,0,0,0,0
934,WLNM_dir_neg,0.897959183673,0.597108843537,00:00:01,10,30,4,1173777853,threshold_sweep,0.7,1,0.714285714286,0.833333333333,5,0,2,14,0.714285714286,1,0,0.285714285714,1,0.714285714286,0.833333333333,0.904761904762,0.587301587302,0.769230769231,0.790569415042,0.714285714286,20,13,7,0,20,0,13,0,7,11,20,0.181818181818,3.04338842975,3.63636363636,2,2.5,1.68954001271,0.464623503495,0.245454545455,1.16774841624,0.642261628933,0.336363636364,1.94000937205,1.06700515463,0.536363636364,1.05689877454,0.347276990411,3.54545454545,3.04338842975,1.05689877454,3.54545454545,0.499047619048,0.4,8,0.0484848484848,0.255555555556,11,11,11,1,0,0.0909090909091,0.636363636364,0.272727272727,11,0.118181818182,3.72727272727,2.36363636364,1.3,1.625,1.43336856898,0.6064251638,0.286713286713,0.603022689156,0.510249967747,0.237762237762,1.40129809949,1.18571377649,0.503496503497,2.05382127221,0.551025219373,7,3.72727272727,2.05382127221,7,0,0,0,0,0.22962962963,11,11,11,1,0,0.0909090909091,0.636363636364,0.272727272727,11,18,0.163636363636,3.11363636364,3.27272727273,1.8,2.25,1.42062726223,0.434080552347,0.227272727273,0.924416277737,0.564921058617,0.292929292929,1.68954001271,1.03249667443,0.525252525253,1.14353419474,0.367266456706,3.875,3.11363636364,1.14353419474,3.875,0.366666666667,0.266666666667,4,0.0242424242424,0.221111111111,11,11,11,1,0,0.0909090909091,0.636363636364,0.272727272727,-2,-0.0181818181818,0.0702479338843,-0.363636363636,-0.2,-0.25,-0.268912750482,-0.030542951148,-0.0181818181818,-0.243332138505,-0.0773405703161,-0.0434343434343,-0.250469359339,-0.0345084801933,-0.0111111111111,0.0866354202056,0.0199894662943,0.329545454545,0.0702479338843,0.0866354202056,0.329545454545,-0.132380952381,-0.133333333333,-4,-0.0242424242424,-0.0344444444444,0,0,0,18,0,2,90,0.9,1,0,0.1,1,0.9,0.947368421053,0.938314863257,0.9,0.9,5,7,0,0,0,0
935,WLNM_dir_neg,0.897959183673,0.597108843537,00:00:01,10,30,4,1173777853,threshold_sweep,0.8,1,0.714285714286,0.833333333333,5,0,2,14,0.714285714286,1,0,0.285714285714,1,0.714285714286,0.833333333333,0.904761904762,0.587301587302,0.769230769231,0.790569415042,0.714285714286,20,13,7,0,20,0,13,0,7,11,20,0.181818181818,3.04338842975,3.63636363636,2,2.5,1.68954001271,0.464623503495,0.245454545455,1.16774841624,0.642261628933,0.336363636364,1.94000937205,1.06700515463,0.536363636364,1.05689877454,0.347276990411,3.54545454545,3.04338842975,1.05689877454,3.54545454545,0.499047619048,0.4,8,0.0484848484848,0.255555555556,11,11,11,1,0,0.0909090909091,0.636363636364,0.272727272727,11,0.118181818182,3.72727272727,2.36363636364,1.3,1.625,1.43336856898,0.6064251638,0.286713286713,0.603022689156,0.510249967747,0.237762237762,1.40129809949,1.18571377649,0.503496503497,2.05382127221,0.551025219373,7,3.72727272727,2.05382127221,7,0,0,0,0,0.22962962963,11,11,11,1,0,0.0909090909091,0.636363636364,0.272727272727,11,18,0.163636363636,3.11363636364,3.27272727273,1.8,2.25,1.42062726223,0.434080552347,0.227272727273,0.924416277737,0.564921058617,0.292929292929,1.68954001271,1.03249667443,0.525252525253,1.14353419474,0.367266456706,3.875,3.11363636364,1.14353419474,3.875,0.366666666667,0.266666666667,4,0.0242424242424,0.221111111111,11,11,11,1,0,0.0909090909091,0.636363636364,0.272727272727,-2,-0.0181818181818,0.0702479338843,-0.363636363636,-0.2,-0.25,-0.268912750482,-0.030542951148,-0.0181818181818,-0.243332138505,-0.0773405703161,-0.0434343434343,-0.250469359339,-0.0345084801933,-0.0111111111111,0.0866354202056,0.0199894662943,0.329545454545,0.0702479338843,0.0866354202056,0.329545454545,-0.132380952381,-0.133333333333,-4,-0.0242424242424,-0.0344444444444,0,0,0,18,0,2,90,0.9,1,0,0.1,1,0.9,0.947368421053,0.938314863257,0.9,0.9,5,7,0,0,0,0
936,WLNM_dir_neg,0.897959183673,0.597108843537,00:00:01,10,30,4,1173777853,threshold_sweep,0.9,1,0.714285714286,0.833333333333,5,0,2,14,0.714285714286,1,0,0.285714285714,1,0.714285714286,0.833333333333,0.904761904762,0.587301587302,0.769230769231,0.790569415042,0.714285714286,20,13,7,0,20,0,13,0,7,11,20,0.181818181818,3.04338842975,3.63636363636,2,2.5,1.68954001271,0.464623503495,0.245454545455,1.16774841624,0.642261628933,0.336363636364,1.94000937205,1.06700515463,0.536363636364,1.05689877454,0.347276990411,3.54545454545,3.04338842975,1.05689877454,3.54545454545,0.499047619048,0.4,8,0.0484848484848,0.255555555556,11,11,11,1,0,0.0909090909091,0.636363636364,0.272727272727,11,0.118181818182,3.72727272727,2.36363636364,1.3,1.625,1.43336856898,0.6064251638,0.286713286713,0.603022689156,0.510249967747,0.237762237762,1.40129809949,1.18571377649,0.503496503497,2.05382127221,0.551025219373,7,3.72727272727,2.05382127221,7,0,0,0,0,0.22962962963,11,11,11,1,0,0.0909090909091,0.636363636364,0.272727272727,11,18,0.163636363636,3.11363636364,3.27272727273,1.8,2.25,1.42062726223,0.434080552347,0.227272727273,0.924416277737,0.564921058617,0.292929292929,1.68954001271,1.03249667443,0.525252525253,1.14353419474,0.367266456706,3.875,3.11363636364,1.14353419474,3.875,0.366666666667,0.266666666667,4,0.0242424242424,0.221111111111,11,11,11,1,0,0.0909090909091,0.636363636364,0.272727272727,-2,-0.0181818181818,0.0702479338843,-0.363636363636,-0.2,-0.25,-0.268912750482,-0.030542951148,-0.0181818181818,-0.243332138505,-0.0773405703161,-0.0434343434343,-0.250469359339,-0.0345084801933,-0.0111111111111,0.0866354202056,0.0199894662943,0.329545454545,0.0702479338843,0.0866354202056,0.329545454545,-0.132380952381,-0.133333333333,-4,-0.0242424242424,-0.0344444444444,0,0,0,18,0,2,90,0.9,1,0,0.1,1,0.9,0.947368421053,0.938314863257,0.9,0.9,5,7,0,0,0,0
937,WLNM_dir_neg,0.908163265306,0.744701726845,00:00:01,10,30,5,1173777854,threshold_sweep,0.1,1,0.714285714286,0.833333333333,5,0,2,14,0.714285714286,1,0,0.285714285714,1,0.714285714286,0.833333333333,0.904761904762,0.587301587302,0.769230769231,0.790569415042,0.714285714286,20,13,7,0,20,0,13,0,7,11,20,0.181818181818,3.04338842975,3.63636363636,2,2.5,1.68954001271,0.464623503495,0.245454545455,1.16774841624,0.642261628933,0.336363636364,1.94000937205,1.06700515463,0.536363636364,1.05689877454,0.347276990411,3.54545454545,3.04338842975,1.05689877454,3.54545454545,0.499047619048,0.4,8,0.0484848484848,0.255555555556,11,11,11,1,0,0.0909090909091,0.636363636364,0.272727272727,11,0.118181818182,3.72727272727,2.36363636364,1.3,1.625,1.43336856898,0.6064251638,0.286713286713,0.603022689156,0.510249967747,0.237762237762,1.40129809949,1.18571377649,0.503496503497,2.05382127221,0.551025219373,7,3.72727272727,2.05382127221,7,0,0,0,0,0.22962962963,11,11,11,1,0,0.0909090909091,0.636363636364,0.272727272727,11,18,0.163636363636,3.11363636364,3.27272727273,1.8,2.25,1.42062726223,0.434080552347,0.227272727273,0.924416277737,0.564921058617,0.292929292929,1.68954001271,1.03249667443,0.525252525253,1.14353419474,0.367266456706,3.875,3.11363636364,1.14353419474,3.875,0.366666666667,0.266666666667,4,0.0242424242424,0.221111111111,11,11,11,1,0,0.0909090909091,0.636363636364,0.272727272727,-2,-0.0181818181818,0.0702479338843,-0.363636363636,-0.2,-0.25,-0.268912750482,-0.030542951148,-0.0181818181818,-0.243332138505,-0.0773405703161,-0.0434343434343,-0.250469359339,-0.0345084801933,-0.0111111111111,0.0866354202056,0.0199894662943,0.329545454545,0.0702479338843,0.0866354202056,0.329545454545,-0.132380952381,-0.133333333333,-4,-0.0242424242424,-0.0344444444444,0,0,0,18,0,2,90,0.9,1,0,0.1,1,0.9,0.947368421053,0.938314863257,0.9,0.9,5,7,0,0,0,0
938,WLNM_dir_neg,0.908163265306,0.744701726845,00:00:01,10,30,5,1173777854,threshold_sweep,0.2,1,0.714285714286,0.833333333333,5,0,2,14,0.714285714286,1,0,0.285714285714,1,0.714285714286,0.833333333333,0.904761904762,0.587301587302,0.769230769231,0.790569415042,0.714285714286,20,13,7,0,20,0,13,0,7,11,20,0.181818181818,3.04338842975,3.63636363636,2,2.5,1.68954001271,0.464623503495,0.245454545455,1.16774841624,0.642261628933,0.336363636364,1.94000937205,1.06700515463,0.536363636364,1.05689877454,0.347276990411,3.54545454545,3.04338842975,1.05689877454,3.54545454545,0.499047619048,0.4,8,0.0484848484848,0.255555555556,11,11,11,1,0,0.0909090909091,0.636363636364,0.272727272727,11,0.118181818182,3.72727272727,2.36363636364,1.3,1.625,1.43336856898,0.6064251638,0.286713286713,0.603022689156,0.510249967747,0.237762237762,1.40129809949,1.18571377649,0.503496503497,2.05382127221,0.551025219373,7,3.72727272727,2.05382127221,7,0,0,0,0,0.22962962963,11,11,11,1,0,0.0909090909091,0.636363636364,0.272727272727,11,18,0.163636363636,3.11363636364,3.27272727273,1.8,2.25,1.42062726223,0.434080552347,0.227272727273,0.924416277737,0.564921058617,0.292929292929,1.68954001271,1.03249667443,0.525252525253,1.14353419474,0.367266456706,3.875,3.11363636364,1.14353419474,3.875,0.366666666667,0.266666666667,4,0.0242424242424,0.221111111111,11,11,11,1,0,0.0909090909091,0.636363636364,0.272727272727,-2,-0.0181818181818,0.0702479338843,-0.363636363636,-0.2,-0.25,-0.268912750482,-0.030542951148,-0.0181818181818,-0.243332138505,-0.0773405703161,-0.0434343434343,-0.250469359339,-0.0345084801933,-0.0111111111111,0.0866354202056,0.0199894662943,0.329545454545,0.0702479338843,0.0866354202056,0.329545454545,-0.132380952381,-0.133333333333,-4,-0.0242424242424,-0.0344444444444,0,0,0,18,0,2,90,0.9,1,0,0.1,1,0.9,0.947368421053,0.938314863257,0.9,0.9,5,7,0,0,0,0
939,WLNM_dir_neg,0.908163265306,0.744701726845,00:00:01,10,30,5,1173777854,threshold_sweep,0.3,1,0.714285714286,0.833333333333,5,0,2,14,0.714285714286,1,0,0.285714285714,1,0.714285714286,0.833333333333,0.904761904762,0.587301587302,0.769230769231,0.790569415042,0.714285714286,20,13,7,0,20,0,13,0,7,11,20,0.181818181818,3.04338842975,3.63636363636,2,2.5,1.68954001271,0.464623503495,0.245454545455,1.16774841624,0.642261628933,0.336363636364,1.94000937205,1.06700515463,0.536363636364,1.05689877454,0.347276990411,3.54545454545,3.04338842975,1.05689877454,3.54545454545,0.499047619048,0.4,8,0.0484848484848,0.255555555556,11,11,11,1,0,0.0909090909091,0.636363636364,0.272727272727,11,0.118181818182,3.72727272727,2.36363636364,1.3,1.625,1.43336856898,0.6064251638,0.286713286713,0.603022689156,0.510249967747,0.237762237762,1.40129809949,1.18571377649,0.503496503497,2.05382127221,0.551025219373,7,3.72727272727,2.05382127221,7,0,0,0,0,0.22962962963,11,11,11,1,0,0.0909090909091,0.636363636364,0.272727272727,11,18,0.163636363636,3.11363636364,3.27272727273,1.8,2.25,1.42062726223,0.434080552347,0.227272727273,0.924416277737,0.564921058617,0.292929292929,1.68954001271,1.03249667443,0.525252525253,1.14353419474,0.367266456706,3.875,3.11363636364,1.14353419474,3.875,0.366666666667,0.266666666667,4,0.0242424242424,0.221111111111,11,11,11,1,0,0.0909090909091,0.636363636364,0.272727272727,-2,-0.0181818181818,0.0702479338843,-0.363636363636,-0.2,-0.25,-0.268912750482,-0.030542951148,-0.0181818181818,-0.243332138505,-0.0773405703161,-0.0434343434343,-0.250469359339,-0.0345084801933,-0.0111111111111,0.0866354202056,0.0199894662943,0.329545454545,0.0702479338843,0.0866354202056,0.329545454545,-0.132380952381,-0.133333333333,-4,-0.0242424242424,-0.0344444444444,0,0,0,18,0,2,90,0.9,1,0,0.1,1,0.9,0.947368421053,0.938314863257,0.9,0.9,5,7,0,0,0,0
940,WLNM_dir_neg,0.908163265306,0.744701726845,00:00:01,10,30,5,1173777854,threshold_sweep,0.4,1,0.714285714286,0.833333333333,5,0,2,14,0.714285714286,1,0,0.285714285714,1,0.714285714286,0.833333333333,0.904761904762,0.587301587302,0.769230769231,0.790569415042,0.714285714286,20,13,7,0,20,0,13,0,7,11,20,0.181818181818,3.04338842975,3.63636363636,2,2.5,1.68954001271,0.464623503495,0.245454545455,1.16774841624,0.642261628933,0.336363636364,1.94000937205,1.06700515463,0.536363636364,1.05689877454,0.347276990411,3.54545454545,3.04338842975,1.05689877454,3.54545454545,0.499047619048,0.4,8,0.0484848484848,0.255555555556,11,11,11,1,0,0.0909090909091,0.636363636364,0.272727272727,11,0.118181818182,3.72727272727,2.36363636364,1.3,1.625,1.43336856898,0.6064251638,0.286713286713,0.603022689156,0.510249967747,0.237762237762,1.40129809949,1.18571377649,0.503496503497,2.05382127221,0.551025219373,7,3.72727272727,2.05382127221,7,0,0,0,0,0.22962962963,11,11,11,1,0,0.0909090909091,0.636363636364,0.272727272727,11,18,0.163636363636,3.11363636364,3.27272727273,1.8,2.25,1.42062726223,0.434080552347,0.227272727273,0.924416277737,0.564921058617,0.292929292929,1.68954001271,1.03249667443,0.525252525253,1.14353419474,0.367266456706,3.875,3.11363636364,1.14353419474,3.875,0.366666666667,0.266666666667,4,0.0242424242424,0.221111111111,11,11,11,1,0,0.0909090909091,0.636363636364,0.272727272727,-2,-0.0181818181818,0.0702479338843,-0.363636363636,-0.2,-0.25,-0.268912750482,-0.030542951148,-0.0181818181818,-0.243332138505,-0.0773405703161,-0.0434343434343,-0.250469359339,-0.0345084801933,-0.0111111111111,0.0866354202056,0.0199894662943,0.329545454545,0.0702479338843,0.0866354202056,0.329545454545,-0.132380952381,-0.133333333333,-4,-0.0242424242424,-0.0344444444444,0,0,0,18,0,2,90,0.9,1,0,0.1,1,0.9,0.947368421053,0.938314863257,0.9,0.9,5,7,0,0,0,0
941,WLNM_dir_neg,0.908163265306,0.744701726845,00:00:01,10,30,5,1173777854,threshold_sweep,0.5,1,0.714285714286,0.833333333333,5,0,2,14,0.714285714286,1,0,0.285714285714,1,0.714285714286,0.833333333333,0.904761904762,0.587301587302,0.769230769231,0.790569415042,0.714285714286,20,13,7,0,20,0,13,0,7,11,20,0.181818181818,3.04338842975,3.63636363636,2,2.5,1.68954001271,0.464623503495,0.245454545455,1.16774841624,0.642261628933,0.336363636364,1.94000937205,1.06700515463,0.536363636364,1.05689877454,0.347276990411,3.54545454545,3.04338842975,1.05689877454,3.54545454545,0.499047619048,0.4,8,0.0484848484848,0.255555555556,11,11,11,1,0,0.0909090909091,0.636363636364,0.272727272727,11,0.118181818182,3.72727272727,2.36363636364,1.3,1.625,1.43336856898,0.6064251638,0.286713286713,0.603022689156,0.510249967747,0.237762237762,1.40129809949,1.18571377649,0.503496503497,2.05382127221,0.551025219373,7,3.72727272727,2.05382127221,7,0,0,0,0,0.22962962963,11,11,11,1,0,0.0909090909091,0.636363636364,0.272727272727,11,18,0.163636363636,3.11363636364,3.27272727273,1.8,2.25,1.42062726223,0.434080552347,0.227272727273,0.924416277737,0.564921058617,0.292929292929,1.68954001271,1.03249667443,0.525252525253,1.14353419474,0.367266456706,3.875,3.11363636364,1.14353419474,3.875,0.366666666667,0.266666666667,4,0.0242424242424,0.221111111111,11,11,11,1,0,0.0909090909091,0.636363636364,0.272727272727,-2,-0.0181818181818,0.0702479338843,-0.363636363636,-0.2,-0.25,-0.268912750482,-0.030542951148,-0.0181818181818,-0.243332138505,-0.0773405703161,-0.0434343434343,-0.250469359339,-0.0345084801933,-0.0111111111111,0.0866354202056,0.0199894662943,0.329545454545,0.0702479338843,0.0866354202056,0.329545454545,-0.132380952381,-0.133333333333,-4,-0.0242424242424,-0.0344444444444,0,0,0,18,0,2,90,0.9,1,0,0.1,1,0.9,0.947368421053,0.938314863257,0.9,0.9,5,7,0,0,0,0
942,WLNM_dir_neg,0.908163265306,0.744701726845,00:00:01,10,30,5,1173777854,threshold_sweep,0.6,1,0.714285714286,0.833333333333,5,0,2,14,0.714285714286,1,0,0.285714285714,1,0.714285714286,0.833333333333,0.904761904762,0.587301587302,0.769230769231,0.790569415042,0.714285714286,20,13,7,0,20,0,13,0,7,11,20,0.181818181818,3.04338842975,3.63636363636,2,2.5,1.68954001271,0.464623503495,0.245454545455,1.16774841624,0.642261628933,0.336363636364,1.94000937205,1.06700515463,0.536363636364,1.05689877454,0.347276990411,3.54545454545,3.04338842975,1.05689877454,3.54545454545,0.499047619048,0.4,8,0.0484848484848,0.255555555556,11,11,11,1,0,0.0909090909091,0.636363636364,0.272727272727,11,0.118181818182,3.72727272727,2.36363636364,1.3,1.625,1.43336856898,0.6064251638,0.286713286713,0.603022689156,0.510249967747,0.237762237762,1.40129809949,1.18571377649,0.503496503497,2.05382127221,0.551025219373,7,3.72727272727,2.05382127221,7,0,0,0,0,0.22962962963,11,11,11,1,0,0.0909090909091,0.636363636364,0.272727272727,11,18,0.163636363636,3.11363636364,3.27272727273,1.8,2.25,1.42062726223,0.434080552347,0.227272727273,0.924416277737,0.564921058617,0.292929292929,1.68954001271,1.03249667443,0.525252525253,1.14353419474,0.367266456706,3.875,3.11363636364,1.14353419474,3.875,0.366666666667,0.266666666667,4,0.0242424242424,0.221111111111,11,11,11,1,0,0.0909090909091,0.636363636364,0.272727272727,-2,-0.0181818181818,0.0702479338843,-0.363636363636,-0.2,-0.25,-0.268912750482,-0.030542951148,-0.0181818181818,-0.243332138505,-0.0773405703161,-0.0434343434343,-0.250469359339,-0.0345084801933,-0.0111111111111,0.0866354202056,0.0199894662943,0.329545454545,0.0702479338843,0.0866354202056,0.329545454545,-0.132380952381,-0.133333333333,-4,-0.0242424242424,-0.0344444444444,0,0,0,18,0,2,90,0.9,1,0,0.1,1,0.9,0.947368421053,0.938314863257,0.9,0.9,5,7,0,0,0,0
943,WLNM_dir_neg,0.908163265306,0.744701726845,00:00:01,10,30,5,1173777854,threshold_sweep,0.7,1,0.714285714286,0.833333333333,5,0,2,14,0.714285714286,1,0,0.285714285714,1,0.714285714286,0.833333333333,0.904761904762,0.587301587302,0.769230769231,0.790569415042,0.714285714286,20,13,7,0,20,0,13,0,7,11,20,0.181818181818,3.04338842975,3.63636363636,2,2.5,1.68954001271,0.464623503495,0.245454545455,1.16774841624,0.642261628933,0.336363636364,1.94000937205,1.06700515463,0.536363636364,1.05689877454,0.347276990411,3.54545454545,3.04338842975,1.05689877454,3.54545454545,0.499047619048,0.4,8,0.0484848484848,0.255555555556,11,11,11,1,0,0.0909090909091,0.636363636364,0.272727272727,11,0.118181818182,3.72727272727,2.36363636364,1.3,1.625,1.43336856898,0.6064251638,0.286713286713,0.603022689156,0.510249967747,0.237762237762,1.40129809949,1.18571377649,0.503496503497,2.05382127221,0.551025219373,7,3.72727272727,2.05382127221,7,0,0,0,0,0.22962962963,11,11,11,1,0,0.0909090909091,0.636363636364,0.272727272727,11,18,0.163636363636,3.11363636364,3.27272727273,1.8,2.25,1.42062726223,0.434080552347,0.227272727273,0.924416277737,0.564921058617,0.292929292929,1.68954001271,1.03249667443,0.525252525253,1.14353419474,0.367266456706,3.875,3.11363636364,1.14353419474,3.875,0.366666666667,0.266666666667,4,0.0242424242424,0.221111111111,11,11,11,1,0,0.0909090909091,0.636363636364,0.272727272727,-2,-0.0181818181818,0.0702479338843,-0.363636363636,-0.2,-0.25,-0.268912750482,-0.030542951148,-0.0181818181818,-0.243332138505,-0.0773405703161,-0.0434343434343,-0.250469359339,-0.0345084801933,-0.0111111111111,0.0866354202056,0.0199894662943,0.329545454545,0.0702479338843,0.0866354202056,0.329545454545,-0.132380952381,-0.133333333333,-4,-0.0242424242424,-0.0344444444444,0,0,0,18,0,2,90,0.9,1,0,0.1,1,0.9,0.947368421053,0.938314863257,0.9,0.9,5,7,0,0,0,0
944,WLNM_dir_neg,0.908163265306,0.744701726845,00:00:01,10,30,5,1173777854,threshold_sweep,0.8,1,0.714285714286,0.833333333333,5,0,2,14,0.714285714286,1,0,0.285714285714,1,0.714285714286,0.833333333333,0.904761904762,0.587301587302,0.769230769231,0.790569415042,0.714285714286,20,13,7,0,20,0,13,0,7,11,20,0.181818181818,3.04338842975,3.63636363636,2,2.5,1.68954001271,0.464623503495,0.245454545455,1.16774841624,0.642261628933,0.336363636364,1.94000937205,1.06700515463,0.536363636364,1.05689877454,0.347276990411,3.54545454545,3.04338842975,1.05689877454,3.54545454545,0.499047619048,0.4,8,0.0484848484848,0.255555555556,11,11,11,1,0,0.0909090909091,0.636363636364,0.272727272727,11,0.118181818182,3.72727272727,2.36363636364,1.3,1.625,1.43336856898,0.6064251638,0.286713286713,0.603022689156,0.510249967747,0.237762237762,1.40129809949,1.18571377649,0.503496503497,2.05382127221,0.551025219373,7,3.72727272727,2.05382127221,7,0,0,0,0,0.22962962963,11,11,11,1,0,0.0909090909091,0.636363636364,0.272727272727,11,18,0.163636363636,3.11363636364,3.27272727273,1.8,2.25,1.42062726223,0.434080552347,0.227272727273,0.924416277737,0.564921058617,0.292929292929,1.68954001271,1.03249667443,0.525252525253,1.14353419474,0.367266456706,3.875,3.11363636364,1.14353419474,3.875,0.366666666667,0.266666666667,4,0.0242424242424,0.221111111111,11,11,11,1,0,0.0909090909091,0.636363636364,0.272727272727,-2,-0.0181818181818,0.0702479338843,-0.363636363636,-0.2,-0.25,-0.268912750482,-0.030542951148,-0.0181818181818,-0.243332138505,-0.0773405703161,-0.0434343434343,-0.250469359339,-0.0345084801933,-0.0111111111111,0.0866354202056,0.0199894662943,0.329545454545,0.0702479338843,0.0866354202056,0.329545454545,-0.132380952381,-0.133333333333,-4,-0.0242424242424,-0.0344444444444,0,0,0,18,0,2,90,0.9,1,0,0.1,1,0.9,0.947368421053,0.938314863257,0.9,0.9,5,7,0,0,0,0
945,WLNM_dir_neg,0.908163265306,0.744701726845,00:00:01,10,30,5,1173777854,threshold_sweep,0.9,1,0.571428571429,0.727272727273,4,0,3,14,0.571428571429,1,0,0.428571428571,1,0.571428571429,0.727272727273,0.857142857143,0.603174603175,0.64,0.68599434057,0.571428571429,20,13,7,0,20,0,13,0,7,11,20,0.181818181818,3.04338842975,3.63636363636,2,2.5,1.68954001271,0.464623503495,0.245454545455,1.16774841624,0.642261628933,0.336363636364,1.94000937205,1.06700515463,0.536363636364,1.05689877454,0.347276990411,3.54545454545,3.04338842975,1.05689877454,3.54545454545,0.499047619048,0.4,8,0.0484848484848,0.255555555556,11,11,11,1,0,0.0909090909091,0.636363636364,0.272727272727,11,0.118181818182,3.72727272727,2.36363636364,1.3,1.625,1.43336856898,0.6064251638,0.286713286713,0.603022689156,0.510249967747,0.237762237762,1.40129809949,1.18571377649,0.503496503497,2.05382127221,0.551025219373,7,3.72727272727,2.05382127221,7,0,0,0,0,0.22962962963,11,11,11,1,0,0.0909090909091,0.636363636364,0.272727272727,11,17,0.154545454545,3.17727272727,3.09090909091,1.7,2.125,1.30034960334,0.420701342257,0.208556149733,0.820199532265,0.530717344407,0.267379679144,1.57249078621,1.01749403814,0.513368983957,1.2536673475,0.394573414091,4.4,3.17727272727,1.2536673475,4.4,0.213333333333,0.153846153846,2,0.0121212121212,0.205555555556,11,11,11,1,0,0.0909090909091,0.636363636364,0.272727272727,-3,-0.0272727272727,0.133884297521,-0.545454545455,-0.3,-0.375,-0.389190409368,-0.0439221612377,-0.0368983957219,-0.347548883978,-0.111544284527,-0.0689839572193,-0.367518585835,-0.0495111164884,-0.0229946524064,0.196768572961,0.0472964236795,0.854545454545,0.133884297521,0.196768572961,0.854545454545,-0.285714285714,-0.246153846154,-6,-0.0363636363636,-0.05,0,0,0,17,0,3,90,0.85,1,0,0.15,1,0.85,0.918918918919,0.906962317388,0.85,0.85,4,7,0,0,0,0
946,WLNM_dir_neg,0.887755102041,0.72027972028,00:00:01,10,30,6,1173777855,threshold_sweep,0.1,1,0.571428571429,0.727272727273,4,0,3,14,0.571428571429,1,0,0.428571428571,1,0.571428571429,0.727272727273,0.857142857143,0.603174603175,0.64,0.68599434057,0.571428571429,20,13,7,0,20,0,13,0,7,11,20,0.181818181818,3.04338842975,3.63636363636,2,2.5,1.68954001271,0.464623503495,0.245454545455,1.16774841624,0.642261628933,0.336363636364,1.94000937205,1.06700515463,0.536363636364,1.05689877454,0.347276990411,3.54545454545,3.04338842975,1.05689877454,3.54545454545,0.499047619048,0.4,8,0.0484848484848,0.255555555556,11,11,11,1,0,0.0909090909091,0.636363636364,0.272727272727,11,0.118181818182,3.72727272727,2.36363636364,1.3,1.625,1.43336856898,0.6064251638,0.286713286713,0.603022689156,0.510249967747,0.237762237762,1.40129809949,1.18571377649,0.503496503497,2.05382127221,0.551025219373,7,3.72727272727,2.05382127221,7,0,0,0,0,0.22962962963,11,11,11,1,0,0.0909090909091,0.636363636364,0.272727272727,11,17,0.154545454545,3.17727272727,3.09090909091,1.7,2.125,1.30034960334,0.420701342257,0.208556149733,0.820199532265,0.530717344407,0.267379679144,1.57249078621,1.01749403814,0.513368983957,1.2536673475,0.394573414091,4.4,3.17727272727,1.2536673475,4.4,0.213333333333,0.153846153846,2,0.0121212121212,0.205555555556,11,11,11,1,0,0.0909090909091,0.636363636364,0.272727272727,-3,-0.0272727272727,0.133884297521,-0.545454545455,-0.3,-0.375,-0.389190409368,-0.0439221612377,-0.0368983957219,-0.347548883978,-0.111544284527,-0.0689839572193,-0.367518585835,-0.0495111164884,-0.0229946524064,0.196768572961,0.0472964236795,0.854545454545,0.133884297521,0.196768572961,0.854545454545,-0.285714285714,-0.246153846154,-6,-0.0363636363636,-0.05,0,0,0,17,0,3,90,0.85,1,0,0.15,1,0.85,0.918918918919,0.906962317388,0.85,0.85,4,7,0,0,0,0
947,WLNM_dir_neg,0.887755102041,0.72027972028,00:00:01,10,30,6,1173777855,threshold_sweep,0.2,1,0.571428571429,0.727272727273,4,0,3,14,0.571428571429,1,0,0.428571428571,1,0.571428571429,0.727272727273,0.857142857143,0.603174603175,0.64,0.68599434057,0.571428571429,20,13,7,0,20,0,13,0,7,11,20,0.181818181818,3.04338842975,3.63636363636,2,2.5,1.68954001271,0.464623503495,0.245454545455,1.16774841624,0.642261628933,0.336363636364,1.94000937205,1.06700515463,0.536363636364,1.05689877454,0.347276990411,3.54545454545,3.04338842975,1.05689877454,3.54545454545,0.499047619048,0.4,8,0.0484848484848,0.255555555556,11,11,11,1,0,0.0909090909091,0.636363636364,0.272727272727,11,0.118181818182,3.72727272727,2.36363636364,1.3,1.625,1.43336856898,0.6064251638,0.286713286713,0.603022689156,0.510249967747,0.237762237762,1.40129809949,1.18571377649,0.503496503497,2.05382127221,0.551025219373,7,3.72727272727,2.05382127221,7,0,0,0,0,0.22962962963,11,11,11,1,0,0.0909090909091,0.636363636364,0.272727272727,11,17,0.154545454545,3.17727272727,3.09090909091,1.7,2.125,1.30034960334,0.420701342257,0.208556149733,0.820199532265,0.530717344407,0.267379679144,1.57249078621,1.01749403814,0.513368983957,1.2536673475,0.394573414091,4.4,3.17727272727,1.2536673475,4.4,0.213333333333,0.153846153846,2,0.0121212121212,0.205555555556,11,11,11,1,0,0.0909090909091,0.636363636364,0.272727272727,-3,-0.0272727272727,0.133884297521,-0.545454545455,-0.3,-0.375,-0.389190409368,-0.0439221612377,-0.0368983957219,-0.347548883978,-0.111544284527,-0.0689839572193,-0.367518585835,-0.0495111164884,-0.0229946524064,0.196768572961,0.0472964236795,0.854545454545,0.133884297521,0.196768572961,0.854545454545,-0.285714285714,-0.246153846154,-6,-0.0363636363636,-0.05,0,0,0,17,0,3,90,0.85,1,0,0.15,1,0.85,0.918918918919,0.906962317388,0.85,0.85,4,7,0,0,0,0
948,WLNM_dir_neg,0.887755102041,0.72027972028,00:00:01,10,30,6,1173777855,threshold_sweep,0.3,1,0.571428571429,0.727272727273,4,0,3,14,0.571428571429,1,0,0.428571428571,1,0.571428571429,0.727272727273,0.857142857143,0.603174603175,0.64,0.68599434057,0.571428571429,20,13,7,0,20,0,13,0,7,11,20,0.181818181818,3.04338842975,3.63636363636,2,2.5,1.68954001271,0.464623503495,0.245454545455,1.16774841624,0.642261628933,0.336363636364,1.94000937205,1.06700515463,0.536363636364,1.05689877454,0.347276990411,3.54545454545,3.04338842975,1.05689877454,3.54545454545,0.499047619048,0.4,8,0.0484848484848,0.255555555556,11,11,11,1,0,0.0909090909091,0.636363636364,0.272727272727,11,0.118181818182,3.72727272727,2.36363636364,1.3,1.625,1.43336856898,0.6064251638,0.286713286713,0.603022689156,0.510249967747,0.237762237762,1.40129809949,1.18571377649,0.503496503497,2.05382127221,0.551025219373,7,3.72727272727,2.05382127221,7,0,0,0,0,0.22962962963,11,11,11,1,0,0.0909090909091,0.636363636364,0.272727272727,11,17,0.154545454545,3.17727272727,3.09090909091,1.7,2.125,1.30034960334,0.420701342257,0.208556149733,0.820199532265,0.530717344407,0.267379679144,1.57249078621,1.01749403814,0.513368983957,1.2536673475,0.394573414091,4.4,3.17727272727,1.2536673475,4.4,0.213333333333,0.153846153846,2,0.0121212121212,0.205555555556,11,11,11,1,0,0.0909090909091,0.636363636364,0.272727272727,-3,-0.0272727272727,0.133884297521,-0.545454545455,-0.3,-0.375,-0.389190409368,-0.0439221612377,-0.0368983957219,-0.347548883978,-0.111544284527,-0.0689839572193,-0.367518585835,-0.0495111164884,-0.0229946524064,0.196768572961,0.0472964236795,0.854545454545,0.133884297521,0.196768572961,0.854545454545,-0.285714285714,-0.246153846154,-6,-0.0363636363636,-0.05,0,0,0,17,0,3,90,0.85,1,0,0.15,1,0.85,0.918918918919,0.906962317388,0.85,0.85,4,7,0,0,0,0
949,WLNM_dir_neg,0.887755102041,0.72027972028,00:00:01,10,30,6,1173777855,threshold_sweep,0.4,1,0.428571428571,0.6,3,0,4,14,0.428571428571,1,0,0.571428571429,1,0.428571428571,0.6,0.809523809524,0.619047619048,0.5,0.57735026919,0.428571428571,20,13,7,0,20,0,13,0,7,11,20,0.181818181818,3.04338842975,3.63636363636,2,2.5,1.68954001271,0.464623503495,0.245454545455,1.16774841624,0.642261628933,0.336363636364,1.94000937205,1.06700515463,0.536363636364,1.05689877454,0.347276990411,3.54545454545,3.04338842975,1.05689877454,3.54545454545,0.499047619048,0.4,8,0.0484848484848,0.255555555556,11,11,11,1,0,0.0909090909091,0.636363636364,0.272727272727,11,0.118181818182,3.72727272727,2.36363636364,1.3,1.625,1.43336856898,0.6064251638,0.286713286713,0.603022689156,0.510249967747,0.237762237762,1.40129809949,1.18571377649,0.503496503497,2.05382127221,0.551025219373,7,3.72727272727,2.05382127221,7,0,0,0,0,0.22962962963,11,11,11,1,0,0.0909090909091,0.636363636364,0.272727272727,11,16,0.145454545455,3.25,2.90909090909,1.6,2,1.22102788294,0.41972833476,0.181818181818,0.687551650952,0.47269176003,0.227272727273,1.50755672289,1.03644524699,0.511363636364,1.3758835545,0.423348786001,4.66666666667,3.25,1.3758835545,4.66666666667,0.213333333333,0.176470588235,2,0.0121212121212,0.192592592593,11,11,11,1,0,0.0909090909091,0.636363636364,0.272727272727,-4,-0.0363636363636,0.206611570248,-0.727272727273,-0.4,-0.5,-0.468512129772,-0.0448951687355,-0.0636363636364,-0.48019676529,-0.169569868904,-0.109090909091,-0.43245264916,-0.0305599076407,-0.025,0.318984779967,0.07607179559,1.12121212121,0.206611570248,0.318984779967,1.12121212121,-0.285714285714,-0.223529411765,-6,-0.0363636363636,-0.062962962963,0,0,0,16,0,4,90,0.8,1,0,0.2,1,0.8,0.888888888889,0.875189948987,0.8,0.8,3,7,0,0,0,0
950,WLNM_dir_neg,0.887755102041,0.72027972028,00:00:01,10,30,6,1173777855,threshold_sweep,0.5,1,0.428571428571,0.6,3,0,4,14,0.428571428571,1,0,0.571428571429,1,0.428571428571,0.6,0.809523809524,0.619047619048,0.5,0.57735026919,0.428571428571,20,13,7,0,20,0,13,0,7,11,20,0.181818181818,3.04338842975,3.63636363636,2,2.5,1.68954001271,0.464623503495,0.245454545455,1.16774841624,0.642261628933,0.336363636364,1.94000937205,1.06700515463,0.536363636364,1.05689877454,0.347276990411,3.54545454545,3.04338842975,1.05689877454,3.54545454545,0.499047619048,0.4,8,0.0484848484848,0.255555555556,11,11,11,1,0,0.0909090909091,0.636363636364,0.272727272727,11,0.118181818182,3.72727272727,2.36363636364,1.3,1.625,1.43336856898,0.6064251638,0.286713286713,0.603022689156,0.510249967747,0.237762237762,1.40129809949,1.18571377649,0.503496503497,2.05382127221,0.551025219373,7,3.72727272727,2.05382127221,7,0,0,0,0,0.22962962963,11,11,11,1,0,0.0909090909091,0.636363636364,0.272727272727,11,16,0.145454545455,3.25,2.90909090909,1.6,2,1.22102788294,0.41972833476,0.181818181818,0.687551650952,0.47269176003,0.227272727273,1.50755672289,1.03644524699,0.511363636364,1.3758835545,0.423348786001,4.66666666667,3.25,1.3758835545,4.66666666667,0.213333333333,0.176470588235,2,0.0121212121212,0.192592592593,11,11,11,1,0,0.0909090909091,0.636363636364,0.272727272727,-4,-0.0363636363636,0.206611570248,-0.727272727273,-0.4,-0.5,-0.468512129772,-0.0448951687355,-0.0636363636364,-0.48019676529,-0.169569868904,-0.109090909091,-0.43245264916,-0.0305599076407,-0.025,0.318984779967,0.07607179559,1.12121212121,0.206611570248,0.318984779967,1.12121212121,-0.285714285714,-0.223529411765,-6,-0.0363636363636,-0.062962962963,0,0,0,16,0,4,90,0.8,1,0,0.2,1,0.8,0.888888888889,0.875189948987,0.8,0.8,3,7,0,0,0,0
951,WLNM_dir_neg,0.887755102041,0.72027972028,00:00:01,10,30,6,1173777855,threshold_sweep,0.6,1,0.428571428571,0.6,3,0,4,14,0.428571428571,1,0,0.571428571429,1,0.428571428571,0.6,0.809523809524,0.619047619048,0.5,0.57735026919,0.428571428571,20,13,7,0,20,0,13,0,7,11,20,0.181818181818,3.04338842975,3.63636363636,2,2.5,1.68954001271,0.464623503495,0.245454545455,1.16774841624,0.642261628933,0.336363636364,1.94000937205,1.06700515463,0.536363636364,1.05689877454,0.347276990411,3.54545454545,3.04338842975,1.05689877454,3.54545454545,0.499047619048,0.4,8,0.0484848484848,0.255555555556,11,11,11,1,0,0.0909090909091,0.636363636364,0.272727272727,11,0.118181818182,3.72727272727,2.36363636364,1.3,1.625,1.43336856898,0.6064251638,0.286713286713,0.603022689156,0.510249967747,0.237762237762,1.40129809949,1.18571377649,0.503496503497,2.05382127221,0.551025219373,7,3.72727272727,2.05382127221,7,0,0,0,0,0.22962962963,11,11,11,1,0,0.0909090909091,0.636363636364,0.272727272727,11,16,0.145454545455,3.25,2.90909090909,1.6,2,1.22102788294,0.41972833476,0.181818181818,0.687551650952,0.47269176003,0.227272727273,1.50755672289,1.03644524699,0.511363636364,1.3758835545,0.423348786001,4.66666666667,3.25,1.3758835545,4.66666666667,0.213333333333,0.176470588235,2,0.0121212121212,0.192592592593,11,11,11,1,0,0.0909090909091,0.636363636364,0.272727272727,-4,-0.0363636363636,0.206611570248,-0.727272727273,-0.4,-0.5,-0.468512129772,-0.0448951687355,-0.0636363636364,-0.48019676529,-0.169569868904,-0.109090909091,-0.43245264916,-0.0305599076407,-0.025,0.318984779967,0.07607179559,1.12121212121,0.206611570248,0.318984779967,1.12121212121,-0.285714285714,-0.223529411765,-6,-0.0363636363636,-0.062962962963,0,0,0,16,0,4,90,0.8,1,0,0.2,1,0.8,0.888888888889,0.875189948987,0.8,0.8,3,7,0,0,0,0
952,WLNM_dir_neg,0.887755102041,0.72027972028,00:00:01,10,30,6,1173777855,threshold_sweep,0.7,1,0.428571428571,0.6,3,0,4,14,0.428571428571,1,0,0.571428571429,1,0.428571428571,0.6,0.809523809524,0.619047619048,0.5,0.57735026919,0.428571428571,20,13,7,0,20,0,13,0,7,11,20,0.181818181818,3.04338842975,3.63636363636,2,2.5,1.68954001271,0.464623503495,0.245454545455,1.16774841624,0.642261628933,0.336363636364,1.94000937205,1.06700515463,0.536363636364,1.05689877454,0.347276990411,3.54545454545,3.04338842975,1.05689877454,3.54545454545,0.499047619048,0.4,8,0.0484848484848,0.255555555556,11,11,11,1,0,0.0909090909091,0.636363636364,0.272727272727,11,0.118181818182,3.72727272727,2.36363636364,1.3,1.625,1.43336856898,0.6064251638,0.286713286713,0.603022689156,0.510249967747,0.237762237762,1.40129809949,1.18571377649,0.503496503497,2.05382127221,0.551025219373,7,3.72727272727,2.05382127221,7,0,0,0,0,0.22962962963,11,11,11,1,0,0.0909090909091,0.636363636364,0.272727272727,11,16,0.145454545455,3.25,2.90909090909,1.6,2,1.22102788294,0.41972833476,0.181818181818,0.687551650952,0.47269176003,0.227272727273,1.50755672289,1.03644524699,0.511363636364,1.3758835545,0.423348786001,4.66666666667,3.25,1.3758835545,4.66666666667,0.213333333333,0.176470588235,2,0.0121212121212,0.192592592593,11,11,11,1,0,0.0909090909091,0.636363636364,0.272727272727,-4,-0.0363636363636,0.206611570248,-0.727272727273,-0.4,-0.5,-0.468512129772,-0.0448951687355,-0.0636363636364,-0.48019676529,-0.169569868904,-0.109090909091,-0.43245264916,-0.0305599076407,-0.025,0.318984779967,0.07607179559,1.12121212121,0.206611570248,0.318984779967,1.12121212121,-0.285714285714,-0.223529411765,-6,-0.0363636363636,-0.062962962963,0,0,0,16,0,4,90,0.8,1,0,0.2,1,0.8,0.888888888889,0.875189948987,0.8,0.8,3,7,0,0,0,0
953,WLNM_dir_neg,0.887755102041,0.72027972028,00:00:01,10,30,6,1173777855,threshold_sweep,0.8,1,0.142857142857,0.25,1,0,6,14,0.142857142857,1,0,0.857142857143,1,0.142857142857,0.25,0.714285714286,0.650793650794,0.181818181818,0.316227766017,0.142857142857,20,13,7,0,20,0,13,0,7,11,20,0.181818181818,3.04338842975,3.63636363636,2,2.5,1.68954001271,0.464623503495,0.245454545455,1.16774841624,0.642261628933,0.336363636364,1.94000937205,1.06700515463,0.536363636364,1.05689877454,0.347276990411,3.54545454545,3.04338842975,1.05689877454,3.54545454545,0.499047619048,0.4,8,0.0484848484848,0.255555555556,11,11,11,1,0,0.0909090909091,0.636363636364,0.272727272727,11,0.118181818182,3.72727272727,2.36363636364,1.3,1.625,1.43336856898,0.6064251638,0.286713286713,0.603022689156,0.510249967747,0.237762237762,1.40129809949,1.18571377649,0.503496503497,2.05382127221,0.551025219373,7,3.72727272727,2.05382127221,7,0,0,0,0,0.22962962963,11,11,11,1,0,0.0909090909091,0.636363636364,0.272727272727,11,14,0.127272727273,3.36363636364,2.54545454545,1.4,1.75,1.43969693781,0.565595225567,0.272727272727,0.646669790683,0.508097692679,0.246753246753,1.42062726223,1.11620713461,0.506493506494,1.34539994429,0.399983767222,4.66666666667,3.36363636364,1.34539994429,4.66666666667,0,0,0,0,0.237037037037,11,11,11,1,0,0.0909090909091,0.636363636364,0.272727272727,-6,-0.0545454545455,0.320247933884,-1.09090909091,-0.6,-0.75,-0.249843074903,0.100971722072,0.0272727272727,-0.521078625559,-0.134163936254,-0.0896103896104,-0.519382109822,0.04920197998,-0.0298701298701,0.288501169755,0.0527067768106,1.12121212121,0.320247933884,0.288501169755,1.12121212121,-0.499047619048,-0.4,-8,-0.0484848484848,-0.0185185185185,0,0,0,14,0,6,90,0.7,1,0,0.3,1,0.7,0.823529411765,0.810092587301,0.7,0.7,1,7,0,0,0,0
954,WLNM_dir_neg,0.887755102041,0.72027972028,00:00:01,10,30,6,1173777855,threshold_sweep,0.9,0,0,0,0,0,7,14,0,1,0,1,0,0,0,0.666666666667,0.666666666667,0,0,0,20,13,7,0,20,0,13,0,7,11,20,0.181818181818,3.04338842975,3.63636363636,2,2.5,1.68954001271,0.464623503495,0.245454545455,1.16774841624,0.642261628933,0.336363636364,1.94000937205,1.06700515463,0.536363636364,1.05689877454,0.347276990411,3.54545454545,3.04338842975,1.05689877454,3.54545454545,0.499047619048,0.4,8,0.0484848484848,0.255555555556,11,11,11,1,0,0.0909090909091,0.636363636364,0.272727272727,11,0.118181818182,3.72727272727,2.36363636364,1.3,1.625,1.43336856898,0.6064251638,0.286713286713,0.603022689156,0.510249967747,0.237762237762,1.40129809949,1.18571377649,0.503496503497,2.05382127221,0.551025219373,7,3.72727272727,2.05382127221,7,0,0,0,0,0.22962962963,11,11,11,1,0,0.0909090909091,0.636363636364,0.272727272727,11,13,0.118181818182,3.72727272727,2.36363636364,1.3,1.625,1.43336856898,0.6064251638,0.286713286713,0.603022689156,0.510249967747,0.237762237762,1.40129809949,1.18571377649,0.503496503497,2.05382127221,0.551025219373,7,3.72727272727,2.05382127221,7,0,0,0,0,0.22962962963,11,11,11,1,0,0.0909090909091,0.636363636364,0.272727272727,-7,-0.0636363636364,0.683884297521,-1.27272727273,-0.7,-0.875,-0.256171443727,0.141801660305,0.0412587412587,-0.564725727087,-0.132011661186,-0.0986013986014,-0.538711272558,0.118708621865,-0.0328671328671,0.996922497673,0.203748228962,3.45454545455,0.683884297521,0.996922497673,3.45454545455,-0.499047619048,-0.4,-8,-0.0484848484848,-0.0259259259259,0,0,0,13,0,7,90,0.65,1,0,0.35,1,0.65,0.787878787879,0.77659048636,0.65,0.65,0,7,0,0,0,0
955,WLNM_dir_neg,0.785714285714,0.652307589703,00:00:01,10,30,7,1173777856,threshold_sweep,0.1,1,0.285714285714,0.444444444444,2,0,5,14,0.285714285714,1,0,0.714285714286,1,0.285714285714,0.444444444444,0.761904761905,0.634920634921,0.347826086957,0.458831467741,0.285714285714,20,13,7,0,20,0,13,0,7,11,20,0.181818181818,3.04338842975,3.63636363636,2,2.5,1.68954001271,0.464623503495,0.245454545455,1.16774841624,0.642261628933,0.336363636364,1.94000937205,1.06700515463,0.536363636364,1.05689877454,0.347276990411,3.54545454545,3.04338842975,1.05689877454,3.54545454545,0.499047619048,0.4,8,0.0484848484848,0.255555555556,11,11,11,1,0,0.0909090909091,0.636363636364,0.272727272727,11,0.118181818182,3.72727272727,2.36363636364,1.3,1.625,1.43336856898,0.6064251638,0.286713286713,0.603022689156,0.510249967747,0.237762237762,1.40129809949,1.18571377649,0.503496503497,2.05382127221,0.551025219373,7,3.72727272727,2.05382127221,7,0,0,0,0,0.22962962963,11,11,11,1,0,0.0909090909091,0.636363636364,0.272727272727,11,15,0.136363636364,3.29090909091,2.72727272727,1.5,1.875,1.55505042304,0.570185155113,0.29696969697,0.809039834956,0.593295878968,0.290909090909,1.50151438706,1.10111055051,0.521212121212,1.22756225541,0.373016154959,4.4,3.29090909091,1.22756225541,4.4,0,0,0,0,0.25,11,11,11,1,0,0.0909090909091,0.636363636364,0.272727272727,-5,-0.0454545454545,0.247520661157,-0.909090909091,-0.5,-0.625,-0.134489589674,0.105561651618,0.0515151515152,-0.358708581286,-0.0489657499656,-0.0454545454545,-0.438494984989,0.0341053958833,-0.0151515151515,0.170663480874,0.0257391645477,0.854545454545,0.247520661157,0.170663480874,0.854545454545,-0.499047619048,-0.4,-8,-0.0484848484848,-0.00555555555556,0,0,0,15,0,5,90,0.75,1,0,0.25,1,0.75,0.857142857143,0.842927230424,0.75,0.75,2,7,0,0,0,0
956,WLNM_dir_neg,0.785714285714,0.652307589703,00:00:01,10,30,7,1173777856,threshold_sweep,0.2,1,0.285714285714,0.444444444444,2,0,5,14,0.285714285714,1,0,0.714285714286,1,0.285714285714,0.444444444444,0.761904761905,0.634920634921,0.347826086957,0.458831467741,0.285714285714,20,13,7,0,20,0,13,0,7,11,20,0.181818181818,3.04338842975,3.63636363636,2,2.5,1.68954001271,0.464623503495,0.245454545455,1.16774841624,0.642261628933,0.336363636364,1.94000937205,1.06700515463,0.536363636364,1.05689877454,0.347276990411,3.54545454545,3.04338842975,1.05689877454,3.54545454545,0.499047619048,0.4,8,0.0484848484848,0.255555555556,11,11,11,1,0,0.0909090909091,0.636363636364,0.272727272727,11,0.118181818182,3.72727272727,2.36363636364,1.3,1.625,1.43336856898,0.6064251638,0.286713286713,0.603022689156,0.510249967747,0.237762237762,1.40129809949,1.18571377649,0.503496503497,2.05382127221,0.551025219373,7,3.72727272727,2.05382127221,7,0,0,0,0,0.22962962963,11,11,11,1,0,0.0909090909091,0.636363636364,0.272727272727,11,15,0.136363636364,3.29090909091,2.72727272727,1.5,1.875,1.55505042304,0.570185155113,0.29696969697,0.809039834956,0.593295878968,0.290909090909,1.50151438706,1.10111055051,0.521212121212,1.22756225541,0.373016154959,4.4,3.29090909091,1.22756225541,4.4,0,0,0,0,0.25,11,11,11,1,0,0.0909090909091,0.636363636364,0.272727272727,-5,-0.0454545454545,0.247520661157,-0.909090909091,-0.5,-0.625,-0.134489589674,0.105561651618,0.0515151515152,-0.358708581286,-0.0489657499656,-0.0454545454545,-0.438494984989,0.0341053958833,-0.0151515151515,0.170663480874,0.0257391645477,0.854545454545,0.247520661157,0.170663480874,0.854545454545,-0.499047619048,-0.4,-8,-0.0484848484848,-0.00555555555556,0,0,0,15,0,5,90,0.75,1,0,0.25,1,0.75,0.857142857143,0.842927230424,0.75,0.75,2,7,0,0,0,0
957,WLNM_dir_neg,0.785714285714,0.652307589703,00:00:01,10,30,7,1173777856,threshold_sweep,0.3,1,0.285714285714,0.444444444444,2,0,5,14,0.285714285714,1,0,0.714285714286,1,0.285714285714,0.444444444444,0.761904761905,0.634920634921,0.347826086957,0.458831467741,0.285714285714,20,13,7,0,20,0,13,0,7,11,20,0.181818181818,3.04338842975,3.63636363636,2,2.5,1.68954001271,0.464623503495,0.245454545455,1.16774841624,0.642261628933,0.336363636364,1.94000937205,1.06700515463,0.536363636364,1.05689877454,0.347276990411,3.54545454545,3.04338842975,1.05689877454,3.54545454545,0.499047619048,0.4,8,0.0484848484848,0.255555555556,11,11,11,1,0,0.0909090909091,0.636363636364,0.272727272727,11,0.118181818182,3.72727272727,2.36363636364,1.3,1.625,1.43336856898,0.6064251638,0.286713286713,0.603022689156,0.510249967747,0.237762237762,1.40129809949,1.18571377649,0.503496503497,2.05382127221,0.551025219373,7,3.72727272727,2.05382127221,7,0,0,0,0,0.22962962963,11,11,11,1,0,0.0909090909091,0.636363636364,0.272727272727,11,15,0.136363636364,3.29090909091,2.72727272727,1.5,1.875,1.55505042304,0.570185155113,0.29696969697,0.809039834956,0.593295878968,0.290909090909,1.50151438706,1.10111055051,0.521212121212,1.22756225541,0.373016154959,4.4,3.29090909091,1.22756225541,4.4,0,0,0,0,0.25,11,11,11,1,0,0.0909090909091,0.636363636364,0.272727272727,-5,-0.0454545454545,0.247520661157,-0.909090909091,-0.5,-0.625,-0.134489589674,0.105561651618,0.0515151515152,-0.358708581286,-0.0489657499656,-0.0454545454545,-0.438494984989,0.0341053958833,-0.0151515151515,0.170663480874,0.0257391645477,0.854545454545,0.247520661157,0.170663480874,0.854545454545,-0.499047619048,-0.4,-8,-0.0484848484848,-0.00555555555556,0,0,0,15,0,5,90,0.75,1,0,0.25,1,0.75,0.857142857143,0.842927230424,0.75,0.75,2,7,0,0,0,0
958,WLNM_dir_neg,0.785714285714,0.652307589703,00:00:01,10,30,7,1173777856,threshold_sweep,0.4,1,0.142857142857,0.25,1,0,6,14,0.142857142857,1,0,0.857142857143,1,0.142857142857,0.25,0.714285714286,0.650793650794,0.181818181818,0.316227766017,0.142857142857,20,13,7,0,20,0,13,0,7,11,20,0.181818181818,3.04338842975,3.63636363636,2,2.5,1.68954001271,0.464623503495,0.245454545455,1.16774841624,0.642261628933,0.336363636364,1.94000937205,1.06700515463,0.536363636364,1.05689877454,0.347276990411,3.54545454545,3.04338842975,1.05689877454,3.54545454545,0.499047619048,0.4,8,0.0484848484848,0.255555555556,11,11,11,1,0,0.0909090909091,0.636363636364,0.272727272727,11,0.118181818182,3.72727272727,2.36363636364,1.3,1.625,1.43336856898,0.6064251638,0.286713286713,0.603022689156,0.510249967747,0.237762237762,1.40129809949,1.18571377649,0.503496503497,2.05382127221,0.551025219373,7,3.72727272727,2.05382127221,7,0,0,0,0,0.22962962963,11,11,11,1,0,0.0909090909091,0.636363636364,0.272727272727,11,14,0.127272727273,3.36363636364,2.54545454545,1.4,1.75,1.43969693781,0.565595225567,0.272727272727,0.646669790683,0.508097692679,0.246753246753,1.42062726223,1.11620713461,0.506493506494,1.34539994429,0.399983767222,4.66666666667,3.36363636364,1.34539994429,4.66666666667,0,0,0,0,0.237037037037,11,11,11,1,0,0.0909090909091,0.636363636364,0.272727272727,-6,-0.0545454545455,0.320247933884,-1.09090909091,-0.6,-0.75,-0.249843074903,0.100971722072,0.0272727272727,-0.521078625559,-0.134163936254,-0.0896103896104,-0.519382109822,0.04920197998,-0.0298701298701,0.288501169755,0.0527067768106,1.12121212121,0.320247933884,0.288501169755,1.12121212121,-0.499047619048,-0.4,-8,-0.0484848484848,-0.0185185185185,0,0,0,14,0,6,90,0.7,1,0,0.3,1,0.7,0.823529411765,0.810092587301,0.7,0.7,1,7,0,0,0,0
959,WLNM_dir_neg,0.785714285714,0.652307589703,00:00:01,10,30,7,1173777856,threshold_sweep,0.5,1,0.142857142857,0.25,1,0,6,14,0.142857142857,1,0,0.857142857143,1,0.142857142857,0.25,0.714285714286,0.650793650794,0.181818181818,0.316227766017,0.142857142857,20,13,7,0,20,0,13,0,7,11,20,0.181818181818,3.04338842975,3.63636363636,2,2.5,1.68954001271,0.464623503495,0.245454545455,1.16774841624,0.642261628933,0.336363636364,1.94000937205,1.06700515463,0.536363636364,1.05689877454,0.347276990411,3.54545454545,3.04338842975,1.05689877454,3.54545454545,0.499047619048,0.4,8,0.0484848484848,0.255555555556,11,11,11,1,0,0.0909090909091,0.636363636364,0.272727272727,11,0.118181818182,3.72727272727,2.36363636364,1.3,1.625,1.43336856898,0.6064251638,0.286713286713,0.603022689156,0.510249967747,0.237762237762,1.40129809949,1.18571377649,0.503496503497,2.05382127221,0.551025219373,7,3.72727272727,2.05382127221,7,0,0,0,0,0.22962962963,11,11,11,1,0,0.0909090909091,0.636363636364,0.272727272727,11,14,0.127272727273,3.36363636364,2.54545454545,1.4,1.75,1.43969693781,0.565595225567,0.272727272727,0.646669790683,0.508097692679,0.246753246753,1.42062726223,1.11620713461,0.506493506494,1.34539994429,0.399983767222,4.66666666667,3.36363636364,1.34539994429,4.66666666667,0,0,0,0,0.237037037037,11,11,11,1,0,0.0909090909091,0.636363636364,0.272727272727,-6,-0.0545454545455,0.320247933884,-1.09090909091,-0.6,-0.75,-0.249843074903,0.100971722072,0.0272727272727,-0.521078625559,-0.134163936254,-0.0896103896104,-0.519382109822,0.04920197998,-0.0298701298701,0.288501169755,0.0527067768106,1.12121212121,0.320247933884,0.288501169755,1.12121212121,-0.499047619048,-0.4,-8,-0.0484848484848,-0.0185185185185,0,0,0,14,0,6,90,0.7,1,0,0.3,1,0.7,0.823529411765,0.810092587301,0.7,0.7,1,7,0,0,0,0
960,WLNM_dir_neg,0.785714285714,0.652307589703,00:00:01,10,30,7,1173777856,threshold_sweep,0.6,1,0.142857142857,0.25,1,0,6,14,0.142857142857,1,0,0.857142857143,1,0.142857142857,0.25,0.714285714286,0.650793650794,0.181818181818,0.316227766017,0.142857142857,20,13,7,0,20,0,13,0,7,11,20,0.181818181818,3.04338842975,3.63636363636,2,2.5,1.68954001271,0.464623503495,0.245454545455,1.16774841624,0.642261628933,0.336363636364,1.94000937205,1.06700515463,0.536363636364,1.05689877454,0.347276990411,3.54545454545,3.04338842975,1.05689877454,3.54545454545,0.499047619048,0.4,8,0.0484848484848,0.255555555556,11,11,11,1,0,0.0909090909091,0.636363636364,0.272727272727,11,0.118181818182,3.72727272727,2.36363636364,1.3,1.625,1.43336856898,0.6064251638,0.286713286713,0.603022689156,0.510249967747,0.237762237762,1.40129809949,1.18571377649,0.503496503497,2.05382127221,0.551025219373,7,3.72727272727,2.05382127221,7,0,0,0,0,0.22962962963,11,11,11,1,0,0.0909090909091,0.636363636364,0.272727272727,11,14,0.127272727273,3.36363636364,2.54545454545,1.4,1.75,1.43969693781,0.565595225567,0.272727272727,0.646669790683,0.508097692679,0.246753246753,1.42062726223,1.11620713461,0.506493506494,1.34539994429,0.399983767222,4.66666666667,3.36363636364,1.34539994429,4.66666666667,0,0,0,0,0.237037037037,11,11,11,1,0,0.0909090909091,0.636363636364,0.272727272727,-6,-0.0545454545455,0.320247933884,-1.09090909091,-0.6,-0.75,-0.249843074903,0.100971722072,0.0272727272727,-0.521078625559,-0.134163936254,-0.0896103896104,-0.519382109822,0.04920197998,-0.0298701298701,0.288501169755,0.0527067768106,1.12121212121,0.320247933884,0.288501169755,1.12121212121,-0.499047619048,-0.4,-8,-0.0484848484848,-0.0185185185185,0,0,0,14,0,6,90,0.7,1,0,0.3,1,0.7,0.823529411765,0.810092587301,0.7,0.7,1,7,0,0,0,0
961,WLNM_dir_neg,0.785714285714,0.652307589703,00:00:01,10,30,7,1173777856,threshold_sweep,0.7,0,0,0,0,0,7,14,0,1,0,1,0,0,0,0.666666666667,0.666666666667,0,0,0,20,13,7,0,20,0,13,0,7,11,20,0.181818181818,3.04338842975,3.63636363636,2,2.5,1.68954001271,0.464623503495,0.245454545455,1.16774841624,0.642261628933,0.336363636364,1.94000937205,1.06700515463,0.536363636364,1.05689877454,0.347276990411,3.54545454545,3.04338842975,1.05689877454,3.54545454545,0.499047619048,0.4,8,0.0484848484848,0.255555555556,11,11,11,1,0,0.0909090909091,0.636363636364,0.272727272727,11,0.118181818182,3.72727272727,2.36363636364,1.3,1.625,1.43336856898,0.6064251638,0.286713286713,0.603022689156,0.510249967747,0.237762237762,1.40129809949,1.18571377649,0.503496503497,2.05382127221,0.551025219373,7,3.72727272727,2.05382127221,7,0,0,0,0,0.22962962963,11,11,11,1,0,0.0909090909091,0.636363636364,0.272727272727,11,13,0.118181818182,3.72727272727,2.36363636364,1.3,1.625,1.43336856898,0.6064251638,0.286713286713,0.603022689156,0.510249967747,0.237762237762,1.40129809949,1.18571377649,0.503496503497,2.05382127221,0.551025219373,7,3.72727272727,2.05382127221,7,0,0,0,0,0.22962962963,11,11,11,1,0,0.0909090909091,0.636363636364,0.272727272727,-7,-0.0636363636364,0.683884297521,-1.27272727273,-0.7,-0.875,-0.256171443727,0.141801660305,0.0412587412587,-0.564725727087,-0.132011661186,-0.0986013986014,-0.538711272558,0.118708621865,-0.0328671328671,0.996922497673,0.203748228962,3.45454545455,0.683884297521,0.996922497673,3.45454545455,-0.499047619048,-0.4,-8,-0.0484848484848,-0.0259259259259,0,0,0,13,0,7,90,0.65,1,0,0.35,1,0.65,0.787878787879,0.77659048636,0.65,0.65,0,7,0,0,0,0
962,WLNM_dir_neg,0.785714285714,0.652307589703,00:00:01,10,30,7,1173777856,threshold_sweep,0.8,0,0,0,0,0,7,14,0,1,0,1,0,0,0,0.666666666667,0.666666666667,0,0,0,20,13,7,0,20,0,13,0,7,11,20,0.181818181818,3.04338842975,3.63636363636,2,2.5,1.68954001271,0.464623503495,0.245454545455,1.16774841624,0.642261628933,0.336363636364,1.94000937205,1.06700515463,0.536363636364,1.05689877454,0.347276990411,3.54545454545,3.04338842975,1.05689877454,3.54545454545,0.499047619048,0.4,8,0.0484848484848,0.255555555556,11,11,11,1,0,0.0909090909091,0.636363636364,0.272727272727,11,0.118181818182,3.72727272727,2.36363636364,1.3,1.625,1.43336856898,0.6064251638,0.286713286713,0.603022689156,0.510249967747,0.237762237762,1.40129809949,1.18571377649,0.503496503497,2.05382127221,0.551025219373,7,3.72727272727,2.05382127221,7,0,0,0,0,0.22962962963,11,11,11,1,0,0.0909090909091,0.636363636364,0.272727272727,11,13,0.118181818182,3.72727272727,2.36363636364,1.3,1.625,1.43336856898,0.6064251638,0.286713286713,0.603022689156,0.510249967747,0.237762237762,1.40129809949,1.18571377649,0.503496503497,2.05382127221,0.551025219373,7,3.72727272727,2.05382127221,7,0,0,0,0,0.22962962963,11,11,11,1,0,0.0909090909091,0.636363636364,0.272727272727,-7,-0.0636363636364,0.683884297521,-1.27272727273,-0.7,-0.875,-0.256171443727,0.141801660305,0.0412587412587,-0.564725727087,-0.132011661186,-0.0986013986014,-0.538711272558,0.118708621865,-0.0328671328671,0.996922497673,0.203748228962,3.45454545455,0.683884297521,0.996922497673,3.45454545455,-0.499047619048,-0.4,-8,-0.0484848484848,-0.0259259259259,0,0,0,13,0,7,90,0.65,1,0,0.35,1,0.65,0.787878787879,0.77659048636,0.65,0.65,0,7,0,0,0,0
963,WLNM_dir_neg,0.785714285714,0.652307589703,00:00:01,10,30,7,1173777856,threshold_sweep,0.9,0,0,0,0,0,7,14,0,1,0,1,0,0,0,0.666666666667,0.666666666667,0,0,0,20,13,7,0,20,0,13,0,7,11,20,0.181818181818,3.04338842975,3.63636363636,2,2.5,1.68954001271,0.464623503495,0.245454545455,1.16774841624,0.642261628933,0.336363636364,1.94000937205,1.06700515463,0.536363636364,1.05689877454,0.347276990411,3.54545454545,3.04338842975,1.05689877454,3.54545454545,0.499047619048,0.4,8,0.0484848484848,0.255555555556,11,11,11,1,0,0.0909090909091,0.636363636364,0.272727272727,11,0.118181818182,3.72727272727,2.36363636364,1.3,1.625,1.43336856898,0.6064251638,0.286713286713,0.603022689156,0.510249967747,0.237762237762,1.40129809949,1.18571377649,0.503496503497,2.05382127221,0.551025219373,7,3.72727272727,2.05382127221,7,0,0,0,0,0.22962962963,11,11,11,1,0,0.0909090909091,0.636363636364,0.272727272727,11,13,0.118181818182,3.72727272727,2.36363636364,1.3,1.625,1.43336856898,0.6064251638,0.286713286713,0.603022689156,0.510249967747,0.237762237762,1.40129809949,1.18571377649,0.503496503497,2.05382127221,0.551025219373,7,3.72727272727,2.05382127221,7,0,0,0,0,0.22962962963,11,11,11,1,0,0.0909090909091,0.636363636364,0.272727272727,-7,-0.0636363636364,0.683884297521,-1.27272727273,-0.7,-0.875,-0.256171443727,0.141801660305,0.0412587412587,-0.564725727087,-0.132011661186,-0.0986013986014,-0.538711272558,0.118708621865,-0.0328671328671,0.996922497673,0.203748228962,3.45454545455,0.683884297521,0.996922497673,3.45454545455,-0.499047619048,-0.4,-8,-0.0484848484848,-0.0259259259259,0,0,0,13,0,7,90,0.65,1,0,0.35,1,0.65,0.787878787879,0.77659048636,0.65,0.65,0,7,0,0,0,0
964,WLNM_dir_neg,0.867346938776,0.565434565435,00:00:01,10,30,8,1173777857,threshold_sweep,0.1,1,0.714285714286,0.833333333333,5,0,2,14,0.714285714286,1,0,0.285714285714,1,0.714285714286,0.833333333333,0.904761904762,0.587301587302,0.769230769231,0.790569415042,0.714285714286,20,13,7,0,20,0,13,0,7,11,20,0.181818181818,3.04338842975,3.63636363636,2,2.5,1.68954001271,0.464623503495,0.245454545455,1.16774841624,0.642261628933,0.336363636364,1.94000937205,1.06700515463,0.536363636364,1.05689877454,0.347276990411,3.54545454545,3.04338842975,1.05689877454,3.54545454545,0.499047619048,0.4,8,0.0484848484848,0.255555555556,11,11,11,1,0,0.0909090909091,0.636363636364,0.272727272727,11,0.118181818182,3.72727272727,2.36363636364,1.3,1.625,1.43336856898,0.6064251638,0.286713286713,0.603022689156,0.510249967747,0.237762237762,1.40129809949,1.18571377649,0.503496503497,2.05382127221,0.551025219373,7,3.72727272727,2.05382127221,7,0,0,0,0,0.22962962963,11,11,11,1,0,0.0909090909091,0.636363636364,0.272727272727,11,18,0.163636363636,3.11363636364,3.27272727273,1.8,2.25,1.42062726223,0.434080552347,0.227272727273,0.924416277737,0.564921058617,0.292929292929,1.68954001271,1.03249667443,0.525252525253,1.14353419474,0.367266456706,3.875,3.11363636364,1.14353419474,3.875,0.366666666667,0.266666666667,4,0.0242424242424,0.221111111111,11,11,11,1,0,0.0909090909091,0.636363636364,0.272727272727,-2,-0.0181818181818,0.0702479338843,-0.363636363636,-0.2,-0.25,-0.268912750482,-0.030542951148,-0.0181818181818,-0.243332138505,-0.0773405703161,-0.0434343434343,-0.250469359339,-0.0345084801933,-0.0111111111111,0.0866354202056,0.0199894662943,0.329545454545,0.0702479338843,0.0866354202056,0.329545454545,-0.132380952381,-0.133333333333,-4,-0.0242424242424,-0.0344444444444,0,0,0,18,0,2,90,0.9,1,0,0.1,1,0.9,0.947368421053,0.938314863257,0.9,0.9,5,7,0,0,0,0
965,WLNM_dir_neg,0.867346938776,0.565434565435,00:00:01,10,30,8,1173777857,threshold_sweep,0.2,1,0.714285714286,0.833333333333,5,0,2,14,0.714285714286,1,0,0.285714285714,1,0.714285714286,0.833333333333,0.904761904762,0.587301587302,0.769230769231,0.790569415042,0.714285714286,20,13,7,0,20,0,13,0,7,11,20,0.181818181818,3.04338842975,3.63636363636,2,2.5,1.68954001271,0.464623503495,0.245454545455,1.16774841624,0.642261628933,0.336363636364,1.94000937205,1.06700515463,0.536363636364,1.05689877454,0.347276990411,3.54545454545,3.04338842975,1.05689877454,3.54545454545,0.499047619048,0.4,8,0.0484848484848,0.255555555556,11,11,11,1,0,0.0909090909091,0.636363636364,0.272727272727,11,0.118181818182,3.72727272727,2.36363636364,1.3,1.625,1.43336856898,0.6064251638,0.286713286713,0.603022689156,0.510249967747,0.237762237762,1.40129809949,1.18571377649,0.503496503497,2.05382127221,0.551025219373,7,3.72727272727,2.05382127221,7,0,0,0,0,0.22962962963,11,11,11,1,0,0.0909090909091,0.636363636364,0.272727272727,11,18,0.163636363636,3.11363636364,3.27272727273,1.8,2.25,1.42062726223,0.434080552347,0.227272727273,0.924416277737,0.564921058617,0.292929292929,1.68954001271,1.03249667443,0.525252525253,1.14353419474,0.367266456706,3.875,3.11363636364,1.14353419474,3.875,0.366666666667,0.266666666667,4,0.0242424242424,0.221111111111,11,11,11,1,0,0.0909090909091,0.636363636364,0.272727272727,-2,-0.0181818181818,0.0702479338843,-0.363636363636,-0.2,-0.25,-0.268912750482,-0.030542951148,-0.0181818181818,-0.243332138505,-0.0773405703161,-0.0434343434343,-0.250469359339,-0.0345084801933,-0.0111111111111,0.0866354202056,0.0199894662943,0.329545454545,0.0702479338843,0.0866354202056,0.329545454545,-0.132380952381,-0.133333333333,-4,-0.0242424242424,-0.0344444444444,0,0,0,18,0,2,90,0.9,1,0,0.1,1,0.9,0.947368421053,0.938314863257,0.9,0.9,5,7,0,0,0,0
966,WLNM_dir_neg,0.867346938776,0.565434565435,00:00:01,10,30,8,1173777857,threshold_sweep,0.3,1,0.714285714286,0.833333333333,5,0,2,14,0.714285714286,1,0,0.285714285714,1,0.714285714286,0.833333333333,0.904761904762,0.587301587302,0.769230769231,0.790569415042,0.714285714286,20,13,7,0,20,0,13,0,7,11,20,0.181818181818,3.04338842975,3.63636363636,2,2.5,1.68954001271,0.464623503495,0.245454545455,1.16774841624,0.642261628933,0.336363636364,1.94000937205,1.06700515463,0.536363636364,1.05689877454,0.347276990411,3.54545454545,3.04338842975,1.05689877454,3.54545454545,0.499047619048,0.4,8,0.0484848484848,0.255555555556,11,11,11,1,0,0.0909090909091,0.636363636364,0.272727272727,11,0.118181818182,3.72727272727,2.36363636364,1.3,1.625,1.43336856898,0.6064251638,0.286713286713,0.603022689156,0.510249967747,0.237762237762,1.40129809949,1.18571377649,0.503496503497,2.05382127221,0.551025219373,7,3.72727272727,2.05382127221,7,0,0,0,0,0.22962962963,11,11,11,1,0,0.0909090909091,0.636363636364,0.272727272727,11,18,0.163636363636,3.11363636364,3.27272727273,1.8,2.25,1.42062726223,0.434080552347,0.227272727273,0.924416277737,0.564921058617,0.292929292929,1.68954001271,1.03249667443,0.525252525253,1.14353419474,0.367266456706,3.875,3.11363636364,1.14353419474,3.875,0.366666666667,0.266666666667,4,0.0242424242424,0.221111111111,11,11,11,1,0,0.0909090909091,0.636363636364,0.272727272727,-2,-0.0181818181818,0.0702479338843,-0.363636363636,-0.2,-0.25,-0.268912750482,-0.030542951148,-0.0181818181818,-0.243332138505,-0.0773405703161,-0.0434343434343,-0.250469359339,-0.0345084801933,-0.0111111111111,0.0866354202056,0.0199894662943,0.329545454545,0.0702479338843,0.0866354202056,0.329545454545,-0.132380952381,-0.133333333333,-4,-0.0242424242424,-0.0344444444444,0,0,0,18,0,2,90,0.9,1,0,0.1,1,0.9,0.947368421053,0.938314863257,0.9,0.9,5,7,0,0,0,0
967,WLNM_dir_neg,0.867346938776,0.565434565435,00:00:01,10,30,8,1173777857,threshold_sweep,0.4,1,0.714285714286,0.833333333333,5,0,2,14,0.714285714286,1,0,0.285714285714,1,0.714285714286,0.833333333333,0.904761904762,0.587301587302,0.769230769231,0.790569415042,0.714285714286,20,13,7,0,20,0,13,0,7,11,20,0.181818181818,3.04338842975,3.63636363636,2,2.5,1.68954001271,0.464623503495,0.245454545455,1.16774841624,0.642261628933,0.336363636364,1.94000937205,1.06700515463,0.536363636364,1.05689877454,0.347276990411,3.54545454545,3.04338842975,1.05689877454,3.54545454545,0.499047619048,0.4,8,0.0484848484848,0.255555555556,11,11,11,1,0,0.0909090909091,0.636363636364,0.272727272727,11,0.118181818182,3.72727272727,2.36363636364,1.3,1.625,1.43336856898,0.6064251638,0.286713286713,0.603022689156,0.510249967747,0.237762237762,1.40129809949,1.18571377649,0.503496503497,2.05382127221,0.551025219373,7,3.72727272727,2.05382127221,7,0,0,0,0,0.22962962963,11,11,11,1,0,0.0909090909091,0.636363636364,0.272727272727,11,18,0.163636363636,3.11363636364,3.27272727273,1.8,2.25,1.42062726223,0.434080552347,0.227272727273,0.924416277737,0.564921058617,0.292929292929,1.68954001271,1.03249667443,0.525252525253,1.14353419474,0.367266456706,3.875,3.11363636364,1.14353419474,3.875,0.366666666667,0.266666666667,4,0.0242424242424,0.221111111111,11,11,11,1,0,0.0909090909091,0.636363636364,0.272727272727,-2,-0.0181818181818,0.0702479338843,-0.363636363636,-0.2,-0.25,-0.268912750482,-0.030542951148,-0.0181818181818,-0.243332138505,-0.0773405703161,-0.0434343434343,-0.250469359339,-0.0345084801933,-0.0111111111111,0.0866354202056,0.0199894662943,0.329545454545,0.0702479338843,0.0866354202056,0.329545454545,-0.132380952381,-0.133333333333,-4,-0.0242424242424,-0.0344444444444,0,0,0,18,0,2,90,0.9,1,0,0.1,1,0.9,0.947368421053,0.938314863257,0.9,0.9,5,7,0,0,0,0
968,WLNM_dir_neg,0.867346938776,0.565434565435,00:00:01,10,30,8,1173777857,threshold_sweep,0.5,1,0.714285714286,0.833333333333,5,0,2,14,0.714285714286,1,0,0.285714285714,1,0.714285714286,0.833333333333,0.904761904762,0.587301587302,0.769230769231,0.790569415042,0.714285714286,20,13,7,0,20,0,13,0,7,11,20,0.181818181818,3.04338842975,3.63636363636,2,2.5,1.68954001271,0.464623503495,0.245454545455,1.16774841624,0.642261628933,0.336363636364,1.94000937205,1.06700515463,0.536363636364,1.05689877454,0.347276990411,3.54545454545,3.04338842975,1.05689877454,3.54545454545,0.499047619048,0.4,8,0.0484848484848,0.255555555556,11,11,11,1,0,0.0909090909091,0.636363636364,0.272727272727,11,0.118181818182,3.72727272727,2.36363636364,1.3,1.625,1.43336856898,0.6064251638,0.286713286713,0.603022689156,0.510249967747,0.237762237762,1.40129809949,1.18571377649,0.503496503497,2.05382127221,0.551025219373,7,3.72727272727,2.05382127221,7,0,0,0,0,0.22962962963,11,11,11,1,0,0.0909090909091,0.636363636364,0.272727272727,11,18,0.163636363636,3.11363636364,3.27272727273,1.8,2.25,1.42062726223,0.434080552347,0.227272727273,0.924416277737,0.564921058617,0.292929292929,1.68954001271,1.03249667443,0.525252525253,1.14353419474,0.367266456706,3.875,3.11363636364,1.14353419474,3.875,0.366666666667,0.266666666667,4,0.0242424242424,0.221111111111,11,11,11,1,0,0.0909090909091,0.636363636364,0.272727272727,-2,-0.0181818181818,0.0702479338843,-0.363636363636,-0.2,-0.25,-0.268912750482,-0.030542951148,-0.0181818181818,-0.243332138505,-0.0773405703161,-0.0434343434343,-0.250469359339,-0.0345084801933,-0.0111111111111,0.0866354202056,0.0199894662943,0.329545454545,0.0702479338843,0.0866354202056,0.329545454545,-0.132380952381,-0.133333333333,-4,-0.0242424242424,-0.0344444444444,0,0,0,18,0,2,90,0.9,1,0,0.1,1,0.9,0.947368421053,0.938314863257,0.9,0.9,5,7,0,0,0,0
969,WLNM_dir_neg,0.867346938776,0.565434565435,00:00:01,10,30,8,1173777857,threshold_sweep,0.6,1,0.714285714286,0.833333333333,5,0,2,14,0.714285714286,1,0,0.285714285714,1,0.714285714286,0.833333333333,0.904761904762,0.587301587302,0.769230769231,0.790569415042,0.714285714286,20,13,7,0,20,0,13,0,7,11,20,0.181818181818,3.04338842975,3.63636363636,2,2.5,1.68954001271,0.464623503495,0.245454545455,1.16774841624,0.642261628933,0.336363636364,1.94000937205,1.06700515463,0.536363636364,1.05689877454,0.347276990411,3.54545454545,3.04338842975,1.05689877454,3.54545454545,0.499047619048,0.4,8,0.0484848484848,0.255555555556,11,11,11,1,0,0.0909090909091,0.636363636364,0.272727272727,11,0.118181818182,3.72727272727,2.36363636364,1.3,1.625,1.43336856898,0.6064251638,0.286713286713,0.603022689156,0.510249967747,0.237762237762,1.40129809949,1.18571377649,0.503496503497,2.05382127221,0.551025219373,7,3.72727272727,2.05382127221,7,0,0,0,0,0.22962962963,11,11,11,1,0,0.0909090909091,0.636363636364,0.272727272727,11,18,0.163636363636,3.11363636364,3.27272727273,1.8,2.25,1.42062726223,0.434080552347,0.227272727273,0.924416277737,0.564921058617,0.292929292929,1.68954001271,1.03249667443,0.525252525253,1.14353419474,0.367266456706,3.875,3.11363636364,1.14353419474,3.875,0.366666666667,0.266666666667,4,0.0242424242424,0.221111111111,11,11,11,1,0,0.0909090909091,0.636363636364,0.272727272727,-2,-0.0181818181818,0.0702479338843,-0.363636363636,-0.2,-0.25,-0.268912750482,-0.030542951148,-0.0181818181818,-0.243332138505,-0.0773405703161,-0.0434343434343,-0.250469359339,-0.0345084801933,-0.0111111111111,0.0866354202056,0.0199894662943,0.329545454545,0.0702479338843,0.0866354202056,0.329545454545,-0.132380952381,-0.133333333333,-4,-0.0242424242424,-0.0344444444444,0,0,0,18,0,2,90,0.9,1,0,0.1,1,0.9,0.947368421053,0.938314863257,0.9,0.9,5,7,0,0,0,0
970,WLNM_dir_neg,0.867346938776,0.565434565435,00:00:01,10,30,8,1173777857,threshold_sweep,0.7,1,0.714285714286,0.833333333333,5,0,2,14,0.714285714286,1,0,0.285714285714,1,0.714285714286,0.833333333333,0.904761904762,0.587301587302,0.769230769231,0.790569415042,0.714285714286,20,13,7,0,20,0,13,0,7,11,20,0.181818181818,3.04338842975,3.63636363636,2,2.5,1.68954001271,0.464623503495,0.245454545455,1.16774841624,0.642261628933,0.336363636364,1.94000937205,1.06700515463,0.536363636364,1.05689877454,0.347276990411,3.54545454545,3.04338842975,1.05689877454,3.54545454545,0.499047619048,0.4,8,0.0484848484848,0.255555555556,11,11,11,1,0,0.0909090909091,0.636363636364,0.272727272727,11,0.118181818182,3.72727272727,2.36363636364,1.3,1.625,1.43336856898,0.6064251638,0.286713286713,0.603022689156,0.510249967747,0.237762237762,1.40129809949,1.18571377649,0.503496503497,2.05382127221,0.551025219373,7,3.72727272727,2.05382127221,7,0,0,0,0,0.22962962963,11,11,11,1,0,0.0909090909091,0.636363636364,0.272727272727,11,18,0.163636363636,3.11363636364,3.27272727273,1.8,2.25,1.42062726223,0.434080552347,0.227272727273,0.924416277737,0.564921058617,0.292929292929,1.68954001271,1.03249667443,0.525252525253,1.14353419474,0.367266456706,3.875,3.11363636364,1.14353419474,3.875,0.366666666667,0.266666666667,4,0.0242424242424,0.221111111111,11,11,11,1,0,0.0909090909091,0.636363636364,0.272727272727,-2,-0.0181818181818,0.0702479338843,-0.363636363636,-0.2,-0.25,-0.268912750482,-0.030542951148,-0.0181818181818,-0.243332138505,-0.0773405703161,-0.0434343434343,-0.250469359339,-0.0345084801933,-0.0111111111111,0.0866354202056,0.0199894662943,0.329545454545,0.0702479338843,0.0866354202056,0.329545454545,-0.132380952381,-0.133333333333,-4,-0.0242424242424,-0.0344444444444,0,0,0,18,0,2,90,0.9,1,0,0.1,1,0.9,0.947368421053,0.938314863257,0.9,0.9,5,7,0,0,0,0
971,WLNM_dir_neg,0.867346938776,0.565434565435,00:00:01,10,30,8,1173777857,threshold_sweep,0.8,1,0.714285714286,0.833333333333,5,0,2,14,0.714285714286,1,0,0.285714285714,1,0.714285714286,0.833333333333,0.904761904762,0.587301587302,0.769230769231,0.790569415042,0.714285714286,20,13,7,0,20,0,13,0,7,11,20,0.181818181818,3.04338842975,3.63636363636,2,2.5,1.68954001271,0.464623503495,0.245454545455,1.16774841624,0.642261628933,0.336363636364,1.94000937205,1.06700515463,0.536363636364,1.05689877454,0.347276990411,3.54545454545,3.04338842975,1.05689877454,3.54545454545,0.499047619048,0.4,8,0.0484848484848,0.255555555556,11,11,11,1,0,0.0909090909091,0.636363636364,0.272727272727,11,0.118181818182,3.72727272727,2.36363636364,1.3,1.625,1.43336856898,0.6064251638,0.286713286713,0.603022689156,0.510249967747,0.237762237762,1.40129809949,1.18571377649,0.503496503497,2.05382127221,0.551025219373,7,3.72727272727,2.05382127221,7,0,0,0,0,0.22962962963,11,11,11,1,0,0.0909090909091,0.636363636364,0.272727272727,11,18,0.163636363636,3.11363636364,3.27272727273,1.8,2.25,1.42062726223,0.434080552347,0.227272727273,0.924416277737,0.564921058617,0.292929292929,1.68954001271,1.03249667443,0.525252525253,1.14353419474,0.367266456706,3.875,3.11363636364,1.14353419474,3.875,0.366666666667,0.266666666667,4,0.0242424242424,0.221111111111,11,11,11,1,0,0.0909090909091,0.636363636364,0.272727272727,-2,-0.0181818181818,0.0702479338843,-0.363636363636,-0.2,-0.25,-0.268912750482,-0.030542951148,-0.0181818181818,-0.243332138505,-0.0773405703161,-0.0434343434343,-0.250469359339,-0.0345084801933,-0.0111111111111,0.0866354202056,0.0199894662943,0.329545454545,0.0702479338843,0.0866354202056,0.329545454545,-0.132380952381,-0.133333333333,-4,-0.0242424242424,-0.0344444444444,0,0,0,18,0,2,90,0.9,1,0,0.1,1,0.9,0.947368421053,0.938314863257,0.9,0.9,5,7,0,0,0,0
972,WLNM_dir_neg,0.867346938776,0.565434565435,00:00:01,10,30,8,1173777857,threshold_sweep,0.9,1,0.714285714286,0.833333333333,5,0,2,14,0.714285714286,1,0,0.285714285714,1,0.714285714286,0.833333333333,0.904761904762,0.587301587302,0.769230769231,0.790569415042,0.714285714286,20,13,7,0,20,0,13,0,7,11,20,0.181818181818,3.04338842975,3.63636363636,2,2.5,1.68954001271,0.464623503495,0.245454545455,1.16774841624,0.642261628933,0.336363636364,1.94000937205,1.06700515463,0.536363636364,1.05689877454,0.347276990411,3.54545454545,3.04338842975,1.05689877454,3.54545454545,0.499047619048,0.4,8,0.0484848484848,0.255555555556,11,11,11,1,0,0.0909090909091,0.636363636364,0.272727272727,11,0.118181818182,3.72727272727,2.36363636364,1.3,1.625,1.43336856898,0.6064251638,0.286713286713,0.603022689156,0.510249967747,0.237762237762,1.40129809949,1.18571377649,0.503496503497,2.05382127221,0.551025219373,7,3.72727272727,2.05382127221,7,0,0,0,0,0.22962962963,11,11,11,1,0,0.0909090909091,0.636363636364,0.272727272727,11,18,0.163636363636,3.11363636364,3.27272727273,1.8,2.25,1.42062726223,0.434080552347,0.227272727273,0.924416277737,0.564921058617,0.292929292929,1.68954001271,1.03249667443,0.525252525253,1.14353419474,0.367266456706,3.875,3.11363636364,1.14353419474,3.875,0.366666666667,0.266666666667,4,0.0242424242424,0.221111111111,11,11,11,1,0,0.0909090909091,0.636363636364,0.272727272727,-2,-0.0181818181818,0.0702479338843,-0.363636363636,-0.2,-0.25,-0.268912750482,-0.030542951148,-0.0181818181818,-0.243332138505,-0.0773405703161,-0.0434343434343,-0.250469359339,-0.0345084801933,-0.0111111111111,0.0866354202056,0.0199894662943,0.329545454545,0.0702479338843,0.0866354202056,0.329545454545,-0.132380952381,-0.133333333333,-4,-0.0242424242424,-0.0344444444444,0,0,0,18,0,2,90,0.9,1,0,0.1,1,0.9,0.947368421053,0.938314863257,0.9,0.9,5,7,0,0,0,0
973,WLNM_dir_neg,0.84693877551,0.512332112332,00:00:01,10,30,9,1173777858,threshold_sweep,0.1,1,0.428571428571,0.6,3,0,4,14,0.428571428571,1,0,0.571428571429,1,0.428571428571,0.6,0.809523809524,0.619047619048,0.5,0.57735026919,0.428571428571,20,13,7,0,20,0,13,0,7,11,20,0.181818181818,3.04338842975,3.63636363636,2,2.5,1.68954001271,0.464623503495,0.245454545455,1.16774841624,0.642261628933,0.336363636364,1.94000937205,1.06700515463,0.536363636364,1.05689877454,0.347276990411,3.54545454545,3.04338842975,1.05689877454,3.54545454545,0.499047619048,0.4,8,0.0484848484848,0.255555555556,11,11,11,1,0,0.0909090909091,0.636363636364,0.272727272727,11,0.118181818182,3.72727272727,2.36363636364,1.3,1.625,1.43336856898,0.6064251638,0.286713286713,0.603022689156,0.510249967747,0.237762237762,1.40129809949,1.18571377649,0.503496503497,2.05382127221,0.551025219373,7,3.72727272727,2.05382127221,7,0,0,0,0,0.22962962963,11,11,11,1,0,0.0909090909091,0.636363636364,0.272727272727,11,16,0.145454545455,3.25,2.90909090909,1.6,2,1.22102788294,0.41972833476,0.181818181818,0.687551650952,0.47269176003,0.227272727273,1.50755672289,1.03644524699,0.511363636364,1.3758835545,0.423348786001,4.66666666667,3.25,1.3758835545,4.66666666667,0.213333333333,0.176470588235,2,0.0121212121212,0.192592592593,11,11,11,1,0,0.0909090909091,0.636363636364,0.272727272727,-4,-0.0363636363636,0.206611570248,-0.727272727273,-0.4,-0.5,-0.468512129772,-0.0448951687355,-0.0636363636364,-0.48019676529,-0.169569868904,-0.109090909091,-0.43245264916,-0.0305599076407,-0.025,0.318984779967,0.07607179559,1.12121212121,0.206611570248,0.318984779967,1.12121212121,-0.285714285714,-0.223529411765,-6,-0.0363636363636,-0.062962962963,0,0,0,16,0,4,90,0.8,1,0,0.2,1,0.8,0.888888888889,0.875189948987,0.8,0.8,3,7,0,0,0,0
974,WLNM_dir_neg,0.84693877551,0.512332112332,00:00:01,10,30,9,1173777858,threshold_sweep,0.2,1,0.428571428571,0.6,3,0,4,14,0.428571428571,1,0,0.571428571429,1,0.428571428571,0.6,0.809523809524,0.619047619048,0.5,0.57735026919,0.428571428571,20,13,7,0,20,0,13,0,7,11,20,0.181818181818,3.04338842975,3.63636363636,2,2.5,1.68954001271,0.464623503495,0.245454545455,1.16774841624,0.642261628933,0.336363636364,1.94000937205,1.06700515463,0.536363636364,1.05689877454,0.347276990411,3.54545454545,3.04338842975,1.05689877454,3.54545454545,0.499047619048,0.4,8,0.0484848484848,0.255555555556,11,11,11,1,0,0.0909090909091,0.636363636364,0.272727272727,11,0.118181818182,3.72727272727,2.36363636364,1.3,1.625,1.43336856898,0.6064251638,0.286713286713,0.603022689156,0.510249967747,0.237762237762,1.40129809949,1.18571377649,0.503496503497,2.05382127221,0.551025219373,7,3.72727272727,2.05382127221,7,0,0,0,0,0.22962962963,11,11,11,1,0,0.0909090909091,0.636363636364,0.272727272727,11,16,0.145454545455,3.25,2.90909090909,1.6,2,1.22102788294,0.41972833476,0.181818181818,0.687551650952,0.47269176003,0.227272727273,1.50755672289,1.03644524699,0.511363636364,1.3758835545,0.423348786001,4.66666666667,3.25,1.3758835545,4.66666666667,0.213333333333,0.176470588235,2,0.0121212121212,0.192592592593,11,11,11,1,0,0.0909090909091,0.636363636364,0.272727272727,-4,-0.0363636363636,0.206611570248,-0.727272727273,-0.4,-0.5,-0.468512129772,-0.0448951687355,-0.0636363636364,-0.48019676529,-0.169569868904,-0.109090909091,-0.43245264916,-0.0305599076407,-0.025,0.318984779967,0.07607179559,1.12121212121,0.206611570248,0.318984779967,1.12121212121,-0.285714285714,-0.223529411765,-6,-0.0363636363636,-0.062962962963,0,0,0,16,0,4,90,0.8,1,0,0.2,1,0.8,0.888888888889,0.875189948987,0.8,0.8,3,7,0,0,0,0
975,WLNM_dir_neg,0.84693877551,0.512332112332,00:00:01,10,30,9,1173777858,threshold_sweep,0.3,1,0.428571428571,0.6,3,0,4,14,0.428571428571,1,0,0.571428571429,1,0.428571428571,0.6,0.809523809524,0.619047619048,0.5,0.57735026919,0.428571428571,20,13,7,0,20,0,13,0,7,11,20,0.181818181818,3.04338842975,3.63636363636,2,2.5,1.68954001271,0.464623503495,0.245454545455,1.16774841624,0.642261628933,0.336363636364,1.94000937205,1.06700515463,0.536363636364,1.05689877454,0.347276990411,3.54545454545,3.04338842975,1.05689877454,3.54545454545,0.499047619048,0.4,8,0.0484848484848,0.255555555556,11,11,11,1,0,0.0909090909091,0.636363636364,0.272727272727,11,0.118181818182,3.72727272727,2.36363636364,1.3,1.625,1.43336856898,0.6064251638,0.286713286713,0.603022689156,0.510249967747,0.237762237762,1.40129809949,1.18571377649,0.503496503497,2.05382127221,0.551025219373,7,3.72727272727,2.05382127221,7,0,0,0,0,0.22962962963,11,11,11,1,0,0.0909090909091,0.636363636364,0.272727272727,11,16,0.145454545455,3.25,2.90909090909,1.6,2,1.22102788294,0.41972833476,0.181818181818,0.687551650952,0.47269176003,0.227272727273,1.50755672289,1.03644524699,0.511363636364,1.3758835545,0.423348786001,4.66666666667,3.25,1.3758835545,4.66666666667,0.213333333333,0.176470588235,2,0.0121212121212,0.192592592593,11,11,11,1,0,0.0909090909091,0.636363636364,0.272727272727,-4,-0.0363636363636,0.206611570248,-0.727272727273,-0.4,-0.5,-0.468512129772,-0.0448951687355,-0.0636363636364,-0.48019676529,-0.169569868904,-0.109090909091,-0.43245264916,-0.0305599076407,-0.025,0.318984779967,0.07607179559,1.12121212121,0.206611570248,0.318984779967,1.12121212121,-0.285714285714,-0.223529411765,-6,-0.0363636363636,-0.062962962963,0,0,0,16,0,4,90,0.8,1,0,0.2,1,0.8,0.888888888889,0.875189948987,0.8,0.8,3,7,0,0,0,0
976,WLNM_dir_neg,0.84693877551,0.512332112332,00:00:01,10,30,9,1173777858,threshold_sweep,0.4,1,0.428571428571,0.6,3,0,4,14,0.428571428571,1,0,0.571428571429,1,0.428571428571,0.6,0.809523809524,0.619047619048,0.5,0.57735026919,0.428571428571,20,13,7,0,20,0,13,0,7,11,20,0.181818181818,3.04338842975,3.63636363636,2,2.5,1.68954001271,0.464623503495,0.245454545455,1.16774841624,0.642261628933,0.336363636364,1.94000937205,1.06700515463,0.536363636364,1.05689877454,0.347276990411,3.54545454545,3.04338842975,1.05689877454,3.54545454545,0.499047619048,0.4,8,0.0484848484848,0.255555555556,11,11,11,1,0,0.0909090909091,0.636363636364,0.272727272727,11,0.118181818182,3.72727272727,2.36363636364,1.3,1.625,1.43336856898,0.6064251638,0.286713286713,0.603022689156,0.510249967747,0.237762237762,1.40129809949,1.18571377649,0.503496503497,2.05382127221,0.551025219373,7,3.72727272727,2.05382127221,7,0,0,0,0,0.22962962963,11,11,11,1,0,0.0909090909091,0.636363636364,0.272727272727,11,16,0.145454545455,3.25,2.90909090909,1.6,2,1.22102788294,0.41972833476,0.181818181818,0.687551650952,0.47269176003,0.227272727273,1.50755672289,1.03644524699,0.511363636364,1.3758835545,0.423348786001,4.66666666667,3.25,1.3758835545,4.66666666667,0.213333333333,0.176470588235,2,0.0121212121212,0.192592592593,11,11,11,1,0,0.0909090909091,0.636363636364,0.272727272727,-4,-0.0363636363636,0.206611570248,-0.727272727273,-0.4,-0.5,-0.468512129772,-0.0448951687355,-0.0636363636364,-0.48019676529,-0.169569868904,-0.109090909091,-0.43245264916,-0.0305599076407,-0.025,0.318984779967,0.07607179559,1.12121212121,0.206611570248,0.318984779967,1.12121212121,-0.285714285714,-0.223529411765,-6,-0.0363636363636,-0.062962962963,0,0,0,16,0,4,90,0.8,1,0,0.2,1,0.8,0.888888888889,0.875189948987,0.8,0.8,3,7,0,0,0,0
977,WLNM_dir_neg,0.84693877551,0.512332112332,00:00:01,10,30,9,1173777858,threshold_sweep,0.5,1,0.428571428571,0.6,3,0,4,14,0.428571428571,1,0,0.571428571429,1,0.428571428571,0.6,0.809523809524,0.619047619048,0.5,0.57735026919,0.428571428571,20,13,7,0,20,0,13,0,7,11,20,0.181818181818,3.04338842975,3.63636363636,2,2.5,1.68954001271,0.464623503495,0.245454545455,1.16774841624,0.642261628933,0.336363636364,1.94000937205,1.06700515463,0.536363636364,1.05689877454,0.347276990411,3.54545454545,3.04338842975,1.05689877454,3.54545454545,0.499047619048,0.4,8,0.0484848484848,0.255555555556,11,11,11,1,0,0.0909090909091,0.636363636364,0.272727272727,11,0.118181818182,3.72727272727,2.36363636364,1.3,1.625,1.43336856898,0.6064251638,0.286713286713,0.603022689156,0.510249967747,0.237762237762,1.40129809949,1.18571377649,0.503496503497,2.05382127221,0.551025219373,7,3.72727272727,2.05382127221,7,0,0,0,0,0.22962962963,11,11,11,1,0,0.0909090909091,0.636363636364,0.272727272727,11,16,0.145454545455,3.25,2.90909090909,1.6,2,1.22102788294,0.41972833476,0.181818181818,0.687551650952,0.47269176003,0.227272727273,1.50755672289,1.03644524699,0.511363636364,1.3758835545,0.423348786001,4.66666666667,3.25,1.3758835545,4.66666666667,0.213333333333,0.176470588235,2,0.0121212121212,0.192592592593,11,11,11,1,0,0.0909090909091,0.636363636364,0.272727272727,-4,-0.0363636363636,0.206611570248,-0.727272727273,-0.4,-0.5,-0.468512129772,-0.0448951687355,-0.0636363636364,-0.48019676529,-0.169569868904,-0.109090909091,-0.43245264916,-0.0305599076407,-0.025,0.318984779967,0.07607179559,1.12121212121,0.206611570248,0.318984779967,1.12121212121,-0.285714285714,-0.223529411765,-6,-0.0363636363636,-0.062962962963,0,0,0,16,0,4,90,0.8,1,0,0.2,1,0.8,0.888888888889,0.875189948987,0.8,0.8,3,7,0,0,0,0
978,WLNM_dir_neg,0.84693877551,0.512332112332,00:00:01,10,30,9,1173777858,threshold_sweep,0.6,1,0.428571428571,0.6,3,0,4,14,0.428571428571,1,0,0.571428571429,1,0.428571428571,0.6,0.809523809524,0.619047619048,0.5,0.57735026919,0.428571428571,20,13,7,0,20,0,13,0,7,11,20,0.181818181818,3.04338842975,3.63636363636,2,2.5,1.68954001271,0.464623503495,0.245454545455,1.16774841624,0.642261628933,0.336363636364,1.94000937205,1.06700515463,0.536363636364,1.05689877454,0.347276990411,3.54545454545,3.04338842975,1.05689877454,3.54545454545,0.499047619048,0.4,8,0.0484848484848,0.255555555556,11,11,11,1,0,0.0909090909091,0.636363636364,0.272727272727,11,0.118181818182,3.72727272727,2.36363636364,1.3,1.625,1.43336856898,0.6064251638,0.286713286713,0.603022689156,0.510249967747,0.237762237762,1.40129809949,1.18571377649,0.503496503497,2.05382127221,0.551025219373,7,3.72727272727,2.05382127221,7,0,0,0,0,0.22962962963,11,11,11,1,0,0.0909090909091,0.636363636364,0.272727272727,11,16,0.145454545455,3.25,2.90909090909,1.6,2,1.22102788294,0.41972833476,0.181818181818,0.687551650952,0.47269176003,0.227272727273,1.50755672289,1.03644524699,0.511363636364,1.3758835545,0.423348786001,4.66666666667,3.25,1.3758835545,4.66666666667,0.213333333333,0.176470588235,2,0.0121212121212,0.192592592593,11,11,11,1,0,0.0909090909091,0.636363636364,0.272727272727,-4,-0.0363636363636,0.206611570248,-0.727272727273,-0.4,-0.5,-0.468512129772,-0.0448951687355,-0.0636363636364,-0.48019676529,-0.169569868904,-0.109090909091,-0.43245264916,-0.0305599076407,-0.025,0.318984779967,0.07607179559,1.12121212121,0.206611570248,0.318984779967,1.12121212121,-0.285714285714,-0.223529411765,-6,-0.0363636363636,-0.062962962963,0,0,0,16,0,4,90,0.8,1,0,0.2,1,0.8,0.888888888889,0.875189948987,0.8,0.8,3,7,0,0,0,0
979,WLNM_dir_neg,0.84693877551,0.512332112332,00:00:01,10,30,9,1173777858,threshold_sweep,0.7,1,0.428571428571,0.6,3,0,4,14,0.428571428571,1,0,0.571428571429,1,0.428571428571,0.6,0.809523809524,0.619047619048,0.5,0.57735026919,0.428571428571,20,13,7,0,20,0,13,0,7,11,20,0.181818181818,3.04338842975,3.63636363636,2,2.5,1.68954001271,0.464623503495,0.245454545455,1.16774841624,0.642261628933,0.336363636364,1.94000937205,1.06700515463,0.536363636364,1.05689877454,0.347276990411,3.54545454545,3.04338842975,1.05689877454,3.54545454545,0.499047619048,0.4,8,0.0484848484848,0.255555555556,11,11,11,1,0,0.0909090909091,0.636363636364,0.272727272727,11,0.118181818182,3.72727272727,2.36363636364,1.3,1.625,1.43336856898,0.6064251638,0.286713286713,0.603022689156,0.510249967747,0.237762237762,1.40129809949,1.18571377649,0.503496503497,2.05382127221,0.551025219373,7,3.72727272727,2.05382127221,7,0,0,0,0,0.22962962963,11,11,11,1,0,0.0909090909091,0.636363636364,0.272727272727,11,16,0.145454545455,3.25,2.90909090909,1.6,2,1.22102788294,0.41972833476,0.181818181818,0.687551650952,0.47269176003,0.227272727273,1.50755672289,1.03644524699,0.511363636364,1.3758835545,0.423348786001,4.66666666667,3.25,1.3758835545,4.66666666667,0.213333333333,0.176470588235,2,0.0121212121212,0.192592592593,11,11,11,1,0,0.0909090909091,0.636363636364,0.272727272727,-4,-0.0363636363636,0.206611570248,-0.727272727273,-0.4,-0.5,-0.468512129772,-0.0448951687355,-0.0636363636364,-0.48019676529,-0.169569868904,-0.109090909091,-0.43245264916,-0.0305599076407,-0.025,0.318984779967,0.07607179559,1.12121212121,0.206611570248,0.318984779967,1.12121212121,-0.285714285714,-0.223529411765,-6,-0.0363636363636,-0.062962962963,0,0,0,16,0,4,90,0.8,1,0,0.2,1,0.8,0.888888888889,0.875189948987,0.8,0.8,3,7,0,0,0,0
980,WLNM_dir_neg,0.84693877551,0.512332112332,00:00:01,10,30,9,1173777858,threshold_sweep,0.8,1,0.428571428571,0.6,3,0,4,14,0.428571428571,1,0,0.571428571429,1,0.428571428571,0.6,0.809523809524,0.619047619048,0.5,0.57735026919,0.428571428571,20,13,7,0,20,0,13,0,7,11,20,0.181818181818,3.04338842975,3.63636363636,2,2.5,1.68954001271,0.464623503495,0.245454545455,1.16774841624,0.642261628933,0.336363636364,1.94000937205,1.06700515463,0.536363636364,1.05689877454,0.347276990411,3.54545454545,3.04338842975,1.05689877454,3.54545454545,0.499047619048,0.4,8,0.0484848484848,0.255555555556,11,11,11,1,0,0.0909090909091,0.636363636364,0.272727272727,11,0.118181818182,3.72727272727,2.36363636364,1.3,1.625,1.43336856898,0.6064251638,0.286713286713,0.603022689156,0.510249967747,0.237762237762,1.40129809949,1.18571377649,0.503496503497,2.05382127221,0.551025219373,7,3.72727272727,2.05382127221,7,0,0,0,0,0.22962962963,11,11,11,1,0,0.0909090909091,0.636363636364,0.272727272727,11,16,0.145454545455,3.25,2.90909090909,1.6,2,1.22102788294,0.41972833476,0.181818181818,0.687551650952,0.47269176003,0.227272727273,1.50755672289,1.03644524699,0.511363636364,1.3758835545,0.423348786001,4.66666666667,3.25,1.3758835545,4.66666666667,0.213333333333,0.176470588235,2,0.0121212121212,0.192592592593,11,11,11,1,0,0.0909090909091,0.636363636364,0.272727272727,-4,-0.0363636363636,0.206611570248,-0.727272727273,-0.4,-0.5,-0.468512129772,-0.0448951687355,-0.0636363636364,-0.48019676529,-0.169569868904,-0.109090909091,-0.43245264916,-0.0305599076407,-0.025,0.318984779967,0.07607179559,1.12121212121,0.206611570248,0.318984779967,1.12121212121,-0.285714285714,-0.223529411765,-6,-0.0363636363636,-0.062962962963,0,0,0,16,0,4,90,0.8,1,0,0.2,1,0.8,0.888888888889,0.875189948987,0.8,0.8,3,7,0,0,0,0
981,WLNM_dir_neg,0.84693877551,0.512332112332,00:00:01,10,30,9,1173777858,threshold_sweep,0.9,1,0.428571428571,0.6,3,0,4,14,0.428571428571,1,0,0.571428571429,1,0.428571428571,0.6,0.809523809524,0.619047619048,0.5,0.57735026919,0.428571428571,20,13,7,0,20,0,13,0,7,11,20,0.181818181818,3.04338842975,3.63636363636,2,2.5,1.68954001271,0.464623503495,0.245454545455,1.16774841624,0.642261628933,0.336363636364,1.94000937205,1.06700515463,0.536363636364,1.05689877454,0.347276990411,3.54545454545,3.04338842975,1.05689877454,3.54545454545,0.499047619048,0.4,8,0.0484848484848,0.255555555556,11,11,11,1,0,0.0909090909091,0.636363636364,0.272727272727,11,0.118181818182,3.72727272727,2.36363636364,1.3,1.625,1.43336856898,0.6064251638,0.286713286713,0.603022689156,0.510249967747,0.237762237762,1.40129809949,1.18571377649,0.503496503497,2.05382127221,0.551025219373,7,3.72727272727,2.05382127221,7,0,0,0,0,0.22962962963,11,11,11,1,0,0.0909090909091,0.636363636364,0.272727272727,11,16,0.145454545455,3.25,2.90909090909,1.6,2,1.22102788294,0.41972833476,0.181818181818,0.687551650952,0.47269176003,0.227272727273,1.50755672289,1.03644524699,0.511363636364,1.3758835545,0.423348786001,4.66666666667,3.25,1.3758835545,4.66666666667,0.213333333333,0.176470588235,2,0.0121212121212,0.192592592593,11,11,11,1,0,0.0909090909091,0.636363636364,0.272727272727,-4,-0.0363636363636,0.206611570248,-0.727272727273,-0.4,-0.5,-0.468512129772,-0.0448951687355,-0.0636363636364,-0.48019676529,-0.169569868904,-0.109090909091,-0.43245264916,-0.0305599076407,-0.025,0.318984779967,0.07607179559,1.12121212121,0.206611570248,0.318984779967,1.12121212121,-0.285714285714,-0.223529411765,-6,-0.0363636363636,-0.062962962963,0,0,0,16,0,4,90,0.8,1,0,0.2,1,0.8,0.888888888889,0.875189948987,0.8,0.8,3,7,0,0,0,0
982,WLNM_dir_neg,0.795918367347,0.40853610675,00:00:00,10,30,10,1173777859,threshold_sweep,0.1,0.6,0.428571428571,0.5,3,2,4,12,0.428571428571,0.857142857143,0.142857142857,0.571428571429,0.6,0.428571428571,0.5,0.714285714286,0.587301587302,0.307692307692,0.316227766017,0.285714285714,20,13,7,0,20,0,13,0,7,11,20,0.181818181818,3.04338842975,3.63636363636,2,2.5,1.68954001271,0.464623503495,0.245454545455,1.16774841624,0.642261628933,0.336363636364,1.94000937205,1.06700515463,0.536363636364,1.05689877454,0.347276990411,3.54545454545,3.04338842975,1.05689877454,3.54545454545,0.499047619048,0.4,8,0.0484848484848,0.255555555556,11,11,11,1,0,0.0909090909091,0.636363636364,0.272727272727,11,0.118181818182,3.72727272727,2.36363636364,1.3,1.625,1.43336856898,0.6064251638,0.286713286713,0.603022689156,0.510249967747,0.237762237762,1.40129809949,1.18571377649,0.503496503497,2.05382127221,0.551025219373,7,3.72727272727,2.05382127221,7,0,0,0,0,0.22962962963,11,11,11,1,0,0.0909090909091,0.636363636364,0.272727272727,11,18,0.163636363636,6.86842105263,3.27272727273,1.8,2,1.55505042304,0.475154295927,0.232323232323,0.809039834956,0.494413232473,0.242424242424,1.50151438706,0.917592125425,0.454545454545,2.5902544822,0.377125173653,9.15789473684,6.86842105263,2.5902544822,9.15789473684,0.27619047619,0.1875,3,0.0181818181818,0.196296296296,11,11,11,1,0,0.0909090909091,0.727272727273,0.181818181818,-2,-0.0181818181818,3.82503262288,-0.363636363636,-0.2,-0.5,-0.134489589674,0.0105307924324,-0.0131313131313,-0.358708581286,-0.14784839646,-0.0939393939394,-0.438494984989,-0.149413029202,-0.0818181818182,1.53335570766,0.0298481832421,5.61244019139,3.82503262288,1.53335570766,5.61244019139,-0.222857142857,-0.2125,-5,-0.030303030303,-0.0592592592593,0,0.0909090909091,-0.0909090909091,16,2,4,88,0.8,0.977777777778,0.0222222222222,0.2,0.888888888889,0.8,0.842105263158,0.810889388,0.777777777778,0.727272727273,5,7,0,0,0,0
983,WLNM_dir_neg,0.795918367347,0.40853610675,00:00:00,10,30,10,1173777859,threshold_sweep,0.2,0.6,0.428571428571,0.5,3,2,4,12,0.428571428571,0.857142857143,0.142857142857,0.571428571429,0.6,0.428571428571,0.5,0.714285714286,0.587301587302,0.307692307692,0.316227766017,0.285714285714,20,13,7,0,20,0,13,0,7,11,20,0.181818181818,3.04338842975,3.63636363636,2,2.5,1.68954001271,0.464623503495,0.245454545455,1.16774841624,0.642261628933,0.336363636364,1.94000937205,1.06700515463,0.536363636364,1.05689877454,0.347276990411,3.54545454545,3.04338842975,1.05689877454,3.54545454545,0.499047619048,0.4,8,0.0484848484848,0.255555555556,11,11,11,1,0,0.0909090909091,0.636363636364,0.272727272727,11,0.118181818182,3.72727272727,2.36363636364,1.3,1.625,1.43336856898,0.6064251638,0.286713286713,0.603022689156,0.510249967747,0.237762237762,1.40129809949,1.18571377649,0.503496503497,2.05382127221,0.551025219373,7,3.72727272727,2.05382127221,7,0,0,0,0,0.22962962963,11,11,11,1,0,0.0909090909091,0.636363636364,0.272727272727,11,18,0.163636363636,6.86842105263,3.27272727273,1.8,2,1.55505042304,0.475154295927,0.232323232323,0.809039834956,0.494413232473,0.242424242424,1.50151438706,0.917592125425,0.454545454545,2.5902544822,0.377125173653,9.15789473684,6.86842105263,2.5902544822,9.15789473684,0.27619047619,0.1875,3,0.0181818181818,0.196296296296,11,11,11,1,0,0.0909090909091,0.727272727273,0.181818181818,-2,-0.0181818181818,3.82503262288,-0.363636363636,-0.2,-0.5,-0.134489589674,0.0105307924324,-0.0131313131313,-0.358708581286,-0.14784839646,-0.0939393939394,-0.438494984989,-0.149413029202,-0.0818181818182,1.53335570766,0.0298481832421,5.61244019139,3.82503262288,1.53335570766,5.61244019139,-0.222857142857,-0.2125,-5,-0.030303030303,-0.0592592592593,0,0.0909090909091,-0.0909090909091,16,2,4,88,0.8,0.977777777778,0.0222222222222,0.2,0.888888888889,0.8,0.842105263158,0.810889388,0.777777777778,0.727272727273,5,7,0,0,0,0
984,WLNM_dir_neg,0.795918367347,0.40853610675,00:00:00,10,30,10,1173777859,threshold_sweep,0.3,0.75,0.428571428571,0.545454545455,3,1,4,13,0.428571428571,0.928571428571,0.0714285714286,0.571428571429,0.75,0.428571428571,0.545454545455,0.761904761905,0.603174603175,0.4,0.428746462856,0.357142857143,20,13,7,0,20,0,13,0,7,11,20,0.181818181818,3.04338842975,3.63636363636,2,2.5,1.68954001271,0.464623503495,0.245454545455,1.16774841624,0.642261628933,0.336363636364,1.94000937205,1.06700515463,0.536363636364,1.05689877454,0.347276990411,3.54545454545,3.04338842975,1.05689877454,3.54545454545,0.499047619048,0.4,8,0.0484848484848,0.255555555556,11,11,11,1,0,0.0909090909091,0.636363636364,0.272727272727,11,0.118181818182,3.72727272727,2.36363636364,1.3,1.625,1.43336856898,0.6064251638,0.286713286713,0.603022689156,0.510249967747,0.237762237762,1.40129809949,1.18571377649,0.503496503497,2.05382127221,0.551025219373,7,3.72727272727,2.05382127221,7,0,0,0,0,0.22962962963,11,11,11,1,0,0.0909090909091,0.636363636364,0.272727272727,11,17,0.154545454545,3.29545454545,3.09090909091,1.7,1.88888888889,1.30034960334,0.420701342257,0.208556149733,0.820199532265,0.530717344407,0.267379679144,1.50755672289,0.975477879516,0.459893048128,1.4329280611,0.434819549575,4.83333333333,3.29545454545,1.4329280611,4.83333333333,0.28,0.225,3,0.0181818181818,0.196296296296,11,11,11,1,0,0.0909090909091,0.727272727273,0.181818181818,-3,-0.0272727272727,0.252066115702,-0.545454545455,-0.3,-0.611111111111,-0.389190409368,-0.0439221612377,-0.0368983957219,-0.347548883978,-0.111544284527,-0.0689839572193,-0.43245264916,-0.0915272751104,-0.0764705882353,0.376029286561,0.0875425591633,1.28787878788,0.252066115702,0.376029286561,1.28787878788,-0.219047619048,-0.175,-5,-0.030303030303,-0.0592592592593,0,0.0909090909091,-0.0909090909091,16,1,4,89,0.8,0.988888888889,0.0111111111111,0.2,0.941176470588,0.8,0.864864864865,0.841755876268,0.788888888889,0.761904761905,4,7,0,0,0,0
985,WLNM_dir_neg,0.795918367347,0.40853610675,00:00:00,10,30,10,1173777859,threshold_sweep,0.4,0.75,0.428571428571,0.545454545455,3,1,4,13,0.428571428571,0.928571428571,0.0714285714286,0.571428571429,0.75,0.428571428571,0.545454545455,0.761904761905,0.603174603175,0.4,0.428746462856,0.357142857143,20,13,7,0,20,0,13,0,7,11,20,0.181818181818,3.04338842975,3.63636363636,2,2.5,1.68954001271,0.464623503495,0.245454545455,1.16774841624,0.642261628933,0.336363636364,1.94000937205,1.06700515463,0.536363636364,1.05689877454,0.347276990411,3.54545454545,3.04338842975,1.05689877454,3.54545454545,0.499047619048,0.4,8,0.0484848484848,0.255555555556,11,11,11,1,0,0.0909090909091,0.636363636364,0.272727272727,11,0.118181818182,3.72727272727,2.36363636364,1.3,1.625,1.43336856898,0.6064251638,0.286713286713,0.603022689156,0.510249967747,0.237762237762,1.40129809949,1.18571377649,0.503496503497,2.05382127221,0.551025219373,7,3.72727272727,2.05382127221,7,0,0,0,0,0.22962962963,11,11,11,1,0,0.0909090909091,0.636363636364,0.272727272727,11,17,0.154545454545,3.29545454545,3.09090909091,1.7,1.88888888889,1.30034960334,0.420701342257,0.208556149733,0.820199532265,0.530717344407,0.267379679144,1.50755672289,0.975477879516,0.459893048128,1.4329280611,0.434819549575,4.83333333333,3.29545454545,1.4329280611,4.83333333333,0.28,0.225,3,0.0181818181818,0.196296296296,11,11,11,1,0,0.0909090909091,0.727272727273,0.181818181818,-3,-0.0272727272727,0.252066115702,-0.545454545455,-0.3,-0.611111111111,-0.389190409368,-0.0439221612377,-0.0368983957219,-0.347548883978,-0.111544284527,-0.0689839572193,-0.43245264916,-0.0915272751104,-0.0764705882353,0.376029286561,0.0875425591633,1.28787878788,0.252066115702,0.376029286561,1.28787878788,-0.219047619048,-0.175,-5,-0.030303030303,-0.0592592592593,0,0.0909090909091,-0.0909090909091,16,1,4,89,0.8,0.988888888889,0.0111111111111,0.2,0.941176470588,0.8,0.864864864865,0.841755876268,0.788888888889,0.761904761905,4,7,0,0,0,0
986,WLNM_dir_neg,0.795918367347,0.40853610675,00:00:00,10,30,10,1173777859,threshold_sweep,0.5,0.75,0.428571428571,0.545454545455,3,1,4,13,0.428571428571,0.928571428571,0.0714285714286,0.571428571429,0.75,0.428571428571,0.545454545455,0.761904761905,0.603174603175,0.4,0.428746462856,0.357142857143,20,13,7,0,20,0,13,0,7,11,20,0.181818181818,3.04338842975,3.63636363636,2,2.5,1.68954001271,0.464623503495,0.245454545455,1.16774841624,0.642261628933,0.336363636364,1.94000937205,1.06700515463,0.536363636364,1.05689877454,0.347276990411,3.54545454545,3.04338842975,1.05689877454,3.54545454545,0.499047619048,0.4,8,0.0484848484848,0.255555555556,11,11,11,1,0,0.0909090909091,0.636363636364,0.272727272727,11,0.118181818182,3.72727272727,2.36363636364,1.3,1.625,1.43336856898,0.6064251638,0.286713286713,0.603022689156,0.510249967747,0.237762237762,1.40129809949,1.18571377649,0.503496503497,2.05382127221,0.551025219373,7,3.72727272727,2.05382127221,7,0,0,0,0,0.22962962963,11,11,11,1,0,0.0909090909091,0.636363636364,0.272727272727,11,17,0.154545454545,3.29545454545,3.09090909091,1.7,1.88888888889,1.30034960334,0.420701342257,0.208556149733,0.820199532265,0.530717344407,0.267379679144,1.50755672289,0.975477879516,0.459893048128,1.4329280611,0.434819549575,4.83333333333,3.29545454545,1.4329280611,4.83333333333,0.28,0.225,3,0.0181818181818,0.196296296296,11,11,11,1,0,0.0909090909091,0.727272727273,0.181818181818,-3,-0.0272727272727,0.252066115702,-0.545454545455,-0.3,-0.611111111111,-0.389190409368,-0.0439221612377,-0.0368983957219,-0.347548883978,-0.111544284527,-0.0689839572193,-0.43245264916,-0.0915272751104,-0.0764705882353,0.376029286561,0.0875425591633,1.28787878788,0.252066115702,0.376029286561,1.28787878788,-0.219047619048,-0.175,-5,-0.030303030303,-0.0592592592593,0,0.0909090909091,-0.0909090909091,16,1,4,89,0.8,0.988888888889,0.0111111111111,0.2,0.941176470588,0.8,0.864864864865,0.841755876268,0.788888888889,0.761904761905,4,7,0,0,0,0
987,WLNM_dir_neg,0.795918367347,0.40853610675,00:00:00,10,30,10,1173777859,threshold_sweep,0.6,0.75,0.428571428571,0.545454545455,3,1,4,13,0.428571428571,0.928571428571,0.0714285714286,0.571428571429,0.75,0.428571428571,0.545454545455,0.761904761905,0.603174603175,0.4,0.428746462856,0.357142857143,20,13,7,0,20,0,13,0,7,11,20,0.181818181818,3.04338842975,3.63636363636,2,2.5,1.68954001271,0.464623503495,0.245454545455,1.16774841624,0.642261628933,0.336363636364,1.94000937205,1.06700515463,0.536363636364,1.05689877454,0.347276990411,3.54545454545,3.04338842975,1.05689877454,3.54545454545,0.499047619048,0.4,8,0.0484848484848,0.255555555556,11,11,11,1,0,0.0909090909091,0.636363636364,0.272727272727,11,0.118181818182,3.72727272727,2.36363636364,1.3,1.625,1.43336856898,0.6064251638,0.286713286713,0.603022689156,0.510249967747,0.237762237762,1.40129809949,1.18571377649,0.503496503497,2.05382127221,0.551025219373,7,3.72727272727,2.05382127221,7,0,0,0,0,0.22962962963,11,11,11,1,0,0.0909090909091,0.636363636364,0.272727272727,11,17,0.154545454545,3.29545454545,3.09090909091,1.7,1.88888888889,1.30034960334,0.420701342257,0.208556149733,0.820199532265,0.530717344407,0.267379679144,1.50755672289,0.975477879516,0.459893048128,1.4329280611,0.434819549575,4.83333333333,3.29545454545,1.4329280611,4.83333333333,0.28,0.225,3,0.0181818181818,0.196296296296,11,11,11,1,0,0.0909090909091,0.727272727273,0.181818181818,-3,-0.0272727272727,0.252066115702,-0.545454545455,-0.3,-0.611111111111,-0.389190409368,-0.0439221612377,-0.0368983957219,-0.347548883978,-0.111544284527,-0.0689839572193,-0.43245264916,-0.0915272751104,-0.0764705882353,0.376029286561,0.0875425591633,1.28787878788,0.252066115702,0.376029286561,1.28787878788,-0.219047619048,-0.175,-5,-0.030303030303,-0.0592592592593,0,0.0909090909091,-0.0909090909091,16,1,4,89,0.8,0.988888888889,0.0111111111111,0.2,0.941176470588,0.8,0.864864864865,0.841755876268,0.788888888889,0.761904761905,4,7,0,0,0,0
988,WLNM_dir_neg,0.795918367347,0.40853610675,00:00:00,10,30,10,1173777859,threshold_sweep,0.7,0.75,0.428571428571,0.545454545455,3,1,4,13,0.428571428571,0.928571428571,0.0714285714286,0.571428571429,0.75,0.428571428571,0.545454545455,0.761904761905,0.603174603175,0.4,0.428746462856,0.357142857143,20,13,7,0,20,0,13,0,7,11,20,0.181818181818,3.04338842975,3.63636363636,2,2.5,1.68954001271,0.464623503495,0.245454545455,1.16774841624,0.642261628933,0.336363636364,1.94000937205,1.06700515463,0.536363636364,1.05689877454,0.347276990411,3.54545454545,3.04338842975,1.05689877454,3.54545454545,0.499047619048,0.4,8,0.0484848484848,0.255555555556,11,11,11,1,0,0.0909090909091,0.636363636364,0.272727272727,11,0.118181818182,3.72727272727,2.36363636364,1.3,1.625,1.43336856898,0.6064251638,0.286713286713,0.603022689156,0.510249967747,0.237762237762,1.40129809949,1.18571377649,0.503496503497,2.05382127221,0.551025219373,7,3.72727272727,2.05382127221,7,0,0,0,0,0.22962962963,11,11,11,1,0,0.0909090909091,0.636363636364,0.272727272727,11,17,0.154545454545,3.29545454545,3.09090909091,1.7,1.88888888889,1.30034960334,0.420701342257,0.208556149733,0.820199532265,0.530717344407,0.267379679144,1.50755672289,0.975477879516,0.459893048128,1.4329280611,0.434819549575,4.83333333333,3.29545454545,1.4329280611,4.83333333333,0.28,0.225,3,0.0181818181818,0.196296296296,11,11,11,1,0,0.0909090909091,0.727272727273,0.181818181818,-3,-0.0272727272727,0.252066115702,-0.545454545455,-0.3,-0.611111111111,-0.389190409368,-0.0439221612377,-0.0368983957219,-0.347548883978,-0.111544284527,-0.0689839572193,-0.43245264916,-0.0915272751104,-0.0764705882353,0.376029286561,0.0875425591633,1.28787878788,0.252066115702,0.376029286561,1.28787878788,-0.219047619048,-0.175,-5,-0.030303030303,-0.0592592592593,0,0.0909090909091,-0.0909090909091,16,1,4,89,0.8,0.988888888889,0.0111111111111,0.2,0.941176470588,0.8,0.864864864865,0.841755876268,0.788888888889,0.761904761905,4,7,0,0,0,0
989,WLNM_dir_neg,0.795918367347,0.40853610675,00:00:00,10,30,10,1173777859,threshold_sweep,0.8,0.75,0.428571428571,0.545454545455,3,1,4,13,0.428571428571,0.928571428571,0.0714285714286,0.571428571429,0.75,0.428571428571,0.545454545455,0.761904761905,0.603174603175,0.4,0.428746462856,0.357142857143,20,13,7,0,20,0,13,0,7,11,20,0.181818181818,3.04338842975,3.63636363636,2,2.5,1.68954001271,0.464623503495,0.245454545455,1.16774841624,0.642261628933,0.336363636364,1.94000937205,1.06700515463,0.536363636364,1.05689877454,0.347276990411,3.54545454545,3.04338842975,1.05689877454,3.54545454545,0.499047619048,0.4,8,0.0484848484848,0.255555555556,11,11,11,1,0,0.0909090909091,0.636363636364,0.272727272727,11,0.118181818182,3.72727272727,2.36363636364,1.3,1.625,1.43336856898,0.6064251638,0.286713286713,0.603022689156,0.510249967747,0.237762237762,1.40129809949,1.18571377649,0.503496503497,2.05382127221,0.551025219373,7,3.72727272727,2.05382127221,7,0,0,0,0,0.22962962963,11,11,11,1,0,0.0909090909091,0.636363636364,0.272727272727,11,17,0.154545454545,3.29545454545,3.09090909091,1.7,1.88888888889,1.30034960334,0.420701342257,0.208556149733,0.820199532265,0.530717344407,0.267379679144,1.50755672289,0.975477879516,0.459893048128,1.4329280611,0.434819549575,4.83333333333,3.29545454545,1.4329280611,4.83333333333,0.28,0.225,3,0.0181818181818,0.196296296296,11,11,11,1,0,0.0909090909091,0.727272727273,0.181818181818,-3,-0.0272727272727,0.252066115702,-0.545454545455,-0.3,-0.611111111111,-0.389190409368,-0.0439221612377,-0.0368983957219,-0.347548883978,-0.111544284527,-0.0689839572193,-0.43245264916,-0.0915272751104,-0.0764705882353,0.376029286561,0.0875425591633,1.28787878788,0.252066115702,0.376029286561,1.28787878788,-0.219047619048,-0.175,-5,-0.030303030303,-0.0592592592593,0,0.0909090909091,-0.0909090909091,16,1,4,89,0.8,0.988888888889,0.0111111111111,0.2,0.941176470588,0.8,0.864864864865,0.841755876268,0.788888888889,0.761904761905,4,7,0,0,0,0
990,WLNM_dir_neg,0.795918367347,0.40853610675,00:00:00,10,30,10,1173777859,threshold_sweep,0.9,0.75,0.428571428571,0.545454545455,3,1,4,13,0.428571428571,0.928571428571,0.0714285714286,0.571428571429,0.75,0.428571428571,0.545454545455,0.761904761905,0.603174603175,0.4,0.428746462856,0.357142857143,20,13,7,0,20,0,13,0,7,11,20,0.181818181818,3.04338842975,3.63636363636,2,2.5,1.68954001271,0.464623503495,0.245454545455,1.16774841624,0.642261628933,0.336363636364,1.94000937205,1.06700515463,0.536363636364,1.05689877454,0.347276990411,3.54545454545,3.04338842975,1.05689877454,3.54545454545,0.499047619048,0.4,8,0.0484848484848,0.255555555556,11,11,11,1,0,0.0909090909091,0.636363636364,0.272727272727,11,0.118181818182,3.72727272727,2.36363636364,1.3,1.625,1.43336856898,0.6064251638,0.286713286713,0.603022689156,0.510249967747,0.237762237762,1.40129809949,1.18571377649,0.503496503497,2.05382127221,0.551025219373,7,3.72727272727,2.05382127221,7,0,0,0,0,0.22962962963,11,11,11,1,0,0.0909090909091,0.636363636364,0.272727272727,11,17,0.154545454545,3.29545454545,3.09090909091,1.7,1.88888888889,1.30034960334,0.420701342257,0.208556149733,0.820199532265,0.530717344407,0.267379679144,1.50755672289,0.975477879516,0.459893048128,1.4329280611,0.434819549575,4.83333333333,3.29545454545,1.4329280611,4.83333333333,0.28,0.225,3,0.0181818181818,0.196296296296,11,11,11,1,0,0.0909090909091,0.727272727273,0.181818181818,-3,-0.0272727272727,0.252066115702,-0.545454545455,-0.3,-0.611111111111,-0.389190409368,-0.0439221612377,-0.0368983957219,-0.347548883978,-0.111544284527,-0.0689839572193,-0.43245264916,-0.0915272751104,-0.0764705882353,0.376029286561,0.0875425591633,1.28787878788,0.252066115702,0.376029286561,1.28787878788,-0.219047619048,-0.175,-5,-0.030303030303,-0.0592592592593,0,0.0909090909091,-0.0909090909091,16,1,4,89,0.8,0.988888888889,0.0111111111111,0.2,0.941176470588,0.8,0.864864864865,0.841755876268,0.788888888889,0.761904761905,4,7,0,0,0,0
991,WLNM_dir_neg,0.908163265306,0.591738816739,00:00:01,10,30,11,1173777860,threshold_sweep,0.1,1,0.714285714286,0.833333333333,5,0,2,14,0.714285714286,1,0,0.285714285714,1,0.714285714286,0.833333333333,0.904761904762,0.587301587302,0.769230769231,0.790569415042,0.714285714286,20,13,7,0,20,0,13,0,7,11,20,0.181818181818,3.04338842975,3.63636363636,2,2.5,1.68954001271,0.464623503495,0.245454545455,1.16774841624,0.642261628933,0.336363636364,1.94000937205,1.06700515463,0.536363636364,1.05689877454,0.347276990411,3.54545454545,3.04338842975,1.05689877454,3.54545454545,0.499047619048,0.4,8,0.0484848484848,0.255555555556,11,11,11,1,0,0.0909090909091,0.636363636364,0.272727272727,11,0.118181818182,3.72727272727,2.36363636364,1.3,1.625,1.43336856898,0.6064251638,0.286713286713,0.603022689156,0.510249967747,0.237762237762,1.40129809949,1.18571377649,0.503496503497,2.05382127221,0.551025219373,7,3.72727272727,2.05382127221,7,0,0,0,0,0.22962962963,11,11,11,1,0,0.0909090909091,0.636363636364,0.272727272727,11,18,0.163636363636,3.11363636364,3.27272727273,1.8,2.25,1.42062726223,0.434080552347,0.227272727273,0.924416277737,0.564921058617,0.292929292929,1.68954001271,1.03249667443,0.525252525253,1.14353419474,0.367266456706,3.875,3.11363636364,1.14353419474,3.875,0.366666666667,0.266666666667,4,0.0242424242424,0.221111111111,11,11,11,1,0,0.0909090909091,0.636363636364,0.272727272727,-2,-0.0181818181818,0.0702479338843,-0.363636363636,-0.2,-0.25,-0.268912750482,-0.030542951148,-0.0181818181818,-0.243332138505,-0.0773405703161,-0.0434343434343,-0.250469359339,-0.0345084801933,-0.0111111111111,0.0866354202056,0.0199894662943,0.329545454545,0.0702479338843,0.0866354202056,0.329545454545,-0.132380952381,-0.133333333333,-4,-0.0242424242424,-0.0344444444444,0,0,0,18,0,2,90,0.9,1,0,0.1,1,0.9,0.947368421053,0.938314863257,0.9,0.9,5,7,0,0,0,0
992,WLNM_dir_neg,0.908163265306,0.591738816739,00:00:01,10,30,11,1173777860,threshold_sweep,0.2,1,0.714285714286,0.833333333333,5,0,2,14,0.714285714286,1,0,0.285714285714,1,0.714285714286,0.833333333333,0.904761904762,0.587301587302,0.769230769231,0.790569415042,0.714285714286,20,13,7,0,20,0,13,0,7,11,20,0.181818181818,3.04338842975,3.63636363636,2,2.5,1.68954001271,0.464623503495,0.245454545455,1.16774841624,0.642261628933,0.336363636364,1.94000937205,1.06700515463,0.536363636364,1.05689877454,0.347276990411,3.54545454545,3.04338842975,1.05689877454,3.54545454545,0.499047619048,0.4,8,0.0484848484848,0.255555555556,11,11,11,1,0,0.0909090909091,0.636363636364,0.272727272727,11,0.118181818182,3.72727272727,2.36363636364,1.3,1.625,1.43336856898,0.6064251638,0.286713286713,0.603022689156,0.510249967747,0.237762237762,1.40129809949,1.18571377649,0.503496503497,2.05382127221,0.551025219373,7,3.72727272727,2.05382127221,7,0,0,0,0,0.22962962963,11,11,11,1,0,0.0909090909091,0.636363636364,0.272727272727,11,18,0.163636363636,3.11363636364,3.27272727273,1.8,2.25,1.42062726223,0.434080552347,0.227272727273,0.924416277737,0.564921058617,0.292929292929,1.68954001271,1.03249667443,0.525252525253,1.14353419474,0.367266456706,3.875,3.11363636364,1.14353419474,3.875,0.366666666667,0.266666666667,4,0.0242424242424,0.221111111111,11,11,11,1,0,0.0909090909091,0.636363636364,0.272727272727,-2,-0.0181818181818,0.0702479338843,-0.363636363636,-0.2,-0.25,-0.268912750482,-0.030542951148,-0.0181818181818,-0.243332138505,-0.0773405703161,-0.0434343434343,-0.250469359339,-0.0345084801933,-0.0111111111111,0.0866354202056,0.0199894662943,0.329545454545,0.0702479338843,0.0866354202056,0.329545454545,-0.132380952381,-0.133333333333,-4,-0.0242424242424,-0.0344444444444,0,0,0,18,0,2,90,0.9,1,0,0.1,1,0.9,0.947368421053,0.938314863257,0.9,0.9,5,7,0,0,0,0
993,WLNM_dir_neg,0.908163265306,0.591738816739,00:00:01,10,30,11,1173777860,threshold_sweep,0.3,1,0.714285714286,0.833333333333,5,0,2,14,0.714285714286,1,0,0.285714285714,1,0.714285714286,0.833333333333,0.904761904762,0.587301587302,0.769230769231,0.790569415042,0.714285714286,20,13,7,0,20,0,13,0,7,11,20,0.181818181818,3.04338842975,3.63636363636,2,2.5,1.68954001271,0.464623503495,0.245454545455,1.16774841624,0.642261628933,0.336363636364,1.94000937205,1.06700515463,0.536363636364,1.05689877454,0.347276990411,3.54545454545,3.04338842975,1.05689877454,3.54545454545,0.499047619048,0.4,8,0.0484848484848,0.255555555556,11,11,11,1,0,0.0909090909091,0.636363636364,0.272727272727,11,0.118181818182,3.72727272727,2.36363636364,1.3,1.625,1.43336856898,0.6064251638,0.286713286713,0.603022689156,0.510249967747,0.237762237762,1.40129809949,1.18571377649,0.503496503497,2.05382127221,0.551025219373,7,3.72727272727,2.05382127221,7,0,0,0,0,0.22962962963,11,11,11,1,0,0.0909090909091,0.636363636364,0.272727272727,11,18,0.163636363636,3.11363636364,3.27272727273,1.8,2.25,1.42062726223,0.434080552347,0.227272727273,0.924416277737,0.564921058617,0.292929292929,1.68954001271,1.03249667443,0.525252525253,1.14353419474,0.367266456706,3.875,3.11363636364,1.14353419474,3.875,0.366666666667,0.266666666667,4,0.0242424242424,0.221111111111,11,11,11,1,0,0.0909090909091,0.636363636364,0.272727272727,-2,-0.0181818181818,0.0702479338843,-0.363636363636,-0.2,-0.25,-0.268912750482,-0.030542951148,-0.0181818181818,-0.243332138505,-0.0773405703161,-0.0434343434343,-0.250469359339,-0.0345084801933,-0.0111111111111,0.0866354202056,0.0199894662943,0.329545454545,0.0702479338843,0.0866354202056,0.329545454545,-0.132380952381,-0.133333333333,-4,-0.0242424242424,-0.0344444444444,0,0,0,18,0,2,90,0.9,1,0,0.1,1,0.9,0.947368421053,0.938314863257,0.9,0.9,5,7,0,0,0,0
994,WLNM_dir_neg,0.908163265306,0.591738816739,00:00:01,10,30,11,1173777860,threshold_sweep,0.4,1,0.714285714286,0.833333333333,5,0,2,14,0.714285714286,1,0,0.285714285714,1,0.714285714286,0.833333333333,0.904761904762,0.587301587302,0.769230769231,0.790569415042,0.714285714286,20,13,7,0,20,0,13,0,7,11,20,0.181818181818,3.04338842975,3.63636363636,2,2.5,1.68954001271,0.464623503495,0.245454545455,1.16774841624,0.642261628933,0.336363636364,1.94000937205,1.06700515463,0.536363636364,1.05689877454,0.347276990411,3.54545454545,3.04338842975,1.05689877454,3.54545454545,0.499047619048,0.4,8,0.0484848484848,0.255555555556,11,11,11,1,0,0.0909090909091,0.636363636364,0.272727272727,11,0.118181818182,3.72727272727,2.36363636364,1.3,1.625,1.43336856898,0.6064251638,0.286713286713,0.603022689156,0.510249967747,0.237762237762,1.40129809949,1.18571377649,0.503496503497,2.05382127221,0.551025219373,7,3.72727272727,2.05382127221,7,0,0,0,0,0.22962962963,11,11,11,1,0,0.0909090909091,0.636363636364,0.272727272727,11,18,0.163636363636,3.11363636364,3.27272727273,1.8,2.25,1.42062726223,0.434080552347,0.227272727273,0.924416277737,0.564921058617,0.292929292929,1.68954001271,1.03249667443,0.525252525253,1.14353419474,0.367266456706,3.875,3.11363636364,1.14353419474,3.875,0.366666666667,0.266666666667,4,0.0242424242424,0.221111111111,11,11,11,1,0,0.0909090909091,0.636363636364,0.272727272727,-2,-0.0181818181818,0.0702479338843,-0.363636363636,-0.2,-0.25,-0.268912750482,-0.030542951148,-0.0181818181818,-0.243332138505,-0.0773405703161,-0.0434343434343,-0.250469359339,-0.0345084801933,-0.0111111111111,0.0866354202056,0.0199894662943,0.329545454545,0.0702479338843,0.0866354202056,0.329545454545,-0.132380952381,-0.133333333333,-4,-0.0242424242424,-0.0344444444444,0,0,0,18,0,2,90,0.9,1,0,0.1,1,0.9,0.947368421053,0.938314863257,0.9,0.9,5,7,0,0,0,0
995,WLNM_dir_neg,0.908163265306,0.591738816739,00:00:01,10,30,11,1173777860,threshold_sweep,0.5,1,0.714285714286,0.833333333333,5,0,2,14,0.714285714286,1,0,0.285714285714,1,0.714285714286,0.833333333333,0.904761904762,0.587301587302,0.769230769231,0.790569415042,0.714285714286,20,13,7,0,20,0,13,0,7,11,20,0.181818181818,3.04338842975,3.63636363636,2,2.5,1.68954001271,0.464623503495,0.245454545455,1.16774841624,0.642261628933,0.336363636364,1.94000937205,1.06700515463,0.536363636364,1.05689877454,0.347276990411,3.54545454545,3.04338842975,1.05689877454,3.54545454545,0.499047619048,0.4,8,0.0484848484848,0.255555555556,11,11,11,1,0,0.0909090909091,0.636363636364,0.272727272727,11,0.118181818182,3.72727272727,2.36363636364,1.3,1.625,1.43336856898,0.6064251638,0.286713286713,0.603022689156,0.510249967747,0.237762237762,1.40129809949,1.18571377649,0.503496503497,2.05382127221,0.551025219373,7,3.72727272727,2.05382127221,7,0,0,0,0,0.22962962963,11,11,11,1,0,0.0909090909091,0.636363636364,0.272727272727,11,18,0.163636363636,3.11363636364,3.27272727273,1.8,2.25,1.42062726223,0.434080552347,0.227272727273,0.924416277737,0.564921058617,0.292929292929,1.68954001271,1.03249667443,0.525252525253,1.14353419474,0.367266456706,3.875,3.11363636364,1.14353419474,3.875,0.366666666667,0.266666666667,4,0.0242424242424,0.221111111111,11,11,11,1,0,0.0909090909091,0.636363636364,0.272727272727,-2,-0.0181818181818,0.0702479338843,-0.363636363636,-0.2,-0.25,-0.268912750482,-0.030542951148,-0.0181818181818,-0.243332138505,-0.0773405703161,-0.0434343434343,-0.250469359339,-0.0345084801933,-0.0111111111111,0.0866354202056,0.0199894662943,0.329545454545,0.0702479338843,0.0866354202056,0.329545454545,-0.132380952381,-0.133333333333,-4,-0.0242424242424,-0.0344444444444,0,0,0,18,0,2,90,0.9,1,0,0.1,1,0.9,0.947368421053,0.938314863257,0.9,0.9,5,7,0,0,0,0
996,WLNM_dir_neg,0.908163265306,0.591738816739,00:00:01,10,30,11,1173777860,threshold_sweep,0.6,1,0.714285714286,0.833333333333,5,0,2,14,0.714285714286,1,0,0.285714285714,1,0.714285714286,0.833333333333,0.904761904762,0.587301587302,0.769230769231,0.790569415042,0.714285714286,20,13,7,0,20,0,13,0,7,11,20,0.181818181818,3.04338842975,3.63636363636,2,2.5,1.68954001271,0.464623503495,0.245454545455,1.16774841624,0.642261628933,0.336363636364,1.94000937205,1.06700515463,0.536363636364,1.05689877454,0.347276990411,3.54545454545,3.04338842975,1.05689877454,3.54545454545,0.499047619048,0.4,8,0.0484848484848,0.255555555556,11,11,11,1,0,0.0909090909091,0.636363636364,0.272727272727,11,0.118181818182,3.72727272727,2.36363636364,1.3,1.625,1.43336856898,0.6064251638,0.286713286713,0.603022689156,0.510249967747,0.237762237762,1.40129809949,1.18571377649,0.503496503497,2.05382127221,0.551025219373,7,3.72727272727,2.05382127221,7,0,0,0,0,0.22962962963,11,11,11,1,0,0.0909090909091,0.636363636364,0.272727272727,11,18,0.163636363636,3.11363636364,3.27272727273,1.8,2.25,1.42062726223,0.434080552347,0.227272727273,0.924416277737,0.564921058617,0.292929292929,1.68954001271,1.03249667443,0.525252525253,1.14353419474,0.367266456706,3.875,3.11363636364,1.14353419474,3.875,0.366666666667,0.266666666667,4,0.0242424242424,0.221111111111,11,11,11,1,0,0.0909090909091,0.636363636364,0.272727272727,-2,-0.0181818181818,0.0702479338843,-0.363636363636,-0.2,-0.25,-0.268912750482,-0.030542951148,-0.0181818181818,-0.243332138505,-0.0773405703161,-0.0434343434343,-0.250469359339,-0.0345084801933,-0.0111111111111,0.0866354202056,0.0199894662943,0.329545454545,0.0702479338843,0.0866354202056,0.329545454545,-0.132380952381,-0.133333333333,-4,-0.0242424242424,-0.0344444444444,0,0,0,18,0,2,90,0.9,1,0,0.1,1,0.9,0.947368421053,0.938314863257,0.9,0.9,5,7,0,0,0,0
997,WLNM_dir_neg,0.908163265306,0.591738816739,00:00:01,10,30,11,1173777860,threshold_sweep,0.7,1,0.714285714286,0.833333333333,5,0,2,14,0.714285714286,1,0,0.285714285714,1,0.714285714286,0.833333333333,0.904761904762,0.587301587302,0.769230769231,0.790569415042,0.714285714286,20,13,7,0,20,0,13,0,7,11,20,0.181818181818,3.04338842975,3.63636363636,2,2.5,1.68954001271,0.464623503495,0.245454545455,1.16774841624,0.642261628933,0.336363636364,1.94000937205,1.06700515463,0.536363636364,1.05689877454,0.347276990411,3.54545454545,3.04338842975,1.05689877454,3.54545454545,0.499047619048,0.4,8,0.0484848484848,0.255555555556,11,11,11,1,0,0.0909090909091,0.636363636364,0.272727272727,11,0.118181818182,3.72727272727,2.36363636364,1.3,1.625,1.43336856898,0.6064251638,0.286713286713,0.603022689156,0.510249967747,0.237762237762,1.40129809949,1.18571377649,0.503496503497,2.05382127221,0.551025219373,7,3.72727272727,2.05382127221,7,0,0,0,0,0.22962962963,11,11,11,1,0,0.0909090909091,0.636363636364,0.272727272727,11,18,0.163636363636,3.11363636364,3.27272727273,1.8,2.25,1.42062726223,0.434080552347,0.227272727273,0.924416277737,0.564921058617,0.292929292929,1.68954001271,1.03249667443,0.525252525253,1.14353419474,0.367266456706,3.875,3.11363636364,1.14353419474,3.875,0.366666666667,0.266666666667,4,0.0242424242424,0.221111111111,11,11,11,1,0,0.0909090909091,0.636363636364,0.272727272727,-2,-0.0181818181818,0.0702479338843,-0.363636363636,-0.2,-0.25,-0.268912750482,-0.030542951148,-0.0181818181818,-0.243332138505,-0.0773405703161,-0.0434343434343,-0.250469359339,-0.0345084801933,-0.0111111111111,0.0866354202056,0.0199894662943,0.329545454545,0.0702479338843,0.0866354202056,0.329545454545,-0.132380952381,-0.133333333333,-4,-0.0242424242424,-0.0344444444444,0,0,0,18,0,2,90,0.9,1,0,0.1,1,0.9,0.947368421053,0.938314863257,0.9,0.9,5,7,0,0,0,0
998,WLNM_dir_neg,0.908163265306,0.591738816739,00:00:01,10,30,11,1173777860,threshold_sweep,0.8,1,0.714285714286,0.833333333333,5,0,2,14,0.714285714286,1,0,0.285714285714,1,0.714285714286,0.833333333333,0.904761904762,0.587301587302,0.769230769231,0.790569415042,0.714285714286,20,13,7,0,20,0,13,0,7,11,20,0.181818181818,3.04338842975,3.63636363636,2,2.5,1.68954001271,0.464623503495,0.245454545455,1.16774841624,0.642261628933,0.336363636364,1.94000937205,1.06700515463,0.536363636364,1.05689877454,0.347276990411,3.54545454545,3.04338842975,1.05689877454,3.54545454545,0.499047619048,0.4,8,0.0484848484848,0.255555555556,11,11,11,1,0,0.0909090909091,0.636363636364,0.272727272727,11,0.118181818182,3.72727272727,2.36363636364,1.3,1.625,1.43336856898,0.6064251638,0.286713286713,0.603022689156,0.510249967747,0.237762237762,1.40129809949,1.18571377649,0.503496503497,2.05382127221,0.551025219373,7,3.72727272727,2.05382127221,7,0,0,0,0,0.22962962963,11,11,11,1,0,0.0909090909091,0.636363636364,0.272727272727,11,18,0.163636363636,3.11363636364,3.27272727273,1.8,2.25,1.42062726223,0.434080552347,0.227272727273,0.924416277737,0.564921058617,0.292929292929,1.68954001271,1.03249667443,0.525252525253,1.14353419474,0.367266456706,3.875,3.11363636364,1.14353419474,3.875,0.366666666667,0.266666666667,4,0.0242424242424,0.221111111111,11,11,11,1,0,0.0909090909091,0.636363636364,0.272727272727,-2,-0.0181818181818,0.0702479338843,-0.363636363636,-0.2,-0.25,-0.268912750482,-0.030542951148,-0.0181818181818,-0.243332138505,-0.0773405703161,-0.0434343434343,-0.250469359339,-0.0345084801933,-0.0111111111111,0.0866354202056,0.0199894662943,0.329545454545,0.0702479338843,0.0866354202056,0.329545454545,-0.132380952381,-0.133333333333,-4,-0.0242424242424,-0.0344444444444,0,0,0,18,0,2,90,0.9,1,0,0.1,1,0.9,0.947368421053,0.938314863257,0.9,0.9,5,7,0,0,0,0
999,WLNM_dir_neg,0.908163265306,0.591738816739,00:00:01,10,30,11,1173777860,threshold_sweep,0.9,1,0.714285714286,0.833333333333,5,0,2,14,0.714285714286,1,0,0.285714285714,1,0.714285714286,0.833333333333,0.904761904762,0.587301587302,0.769230769231,0.790569415042,0.714285714286,20,13,7,0,20,0,13,0,7,11,20,0.181818181818,3.04338842975,3.63636363636,2,2.5,1.68954001271,0.464623503495,0.245454545455,1.16774841624,0.642261628933,0.336363636364,1.94000937205,1.06700515463,0.536363636364,1.05689877454,0.347276990411,3.54545454545,3.04338842975,1.05689877454,3.54545454545,0.499047619048,0.4,8,0.0484848484848,0.255555555556,11,11,11,1,0,0.0909090909091,0.636363636364,0.272727272727,11,0.118181818182,3.72727272727,2.36363636364,1.3,1.625,1.43336856898,0.6064251638,0.286713286713,0.603022689156,0.510249967747,0.237762237762,1.40129809949,1.18571377649,0.503496503497,2.05382127221,0.551025219373,7,3.72727272727,2.05382127221,7,0,0,0,0,0.22962962963,11,11,11,1,0,0.0909090909091,0.636363636364,0.272727272727,11,18,0.163636363636,3.11363636364,3.27272727273,1.8,2.25,1.42062726223,0.434080552347,0.227272727273,0.924416277737,0.564921058617,0.292929292929,1.68954001271,1.03249667443,0.525252525253,1.14353419474,0.367266456706,3.875,3.11363636364,1.14353419474,3.875,0.366666666667,0.266666666667,4,0.0242424242424,0.221111111111,11,11,11,1,0,0.0909090909091,0.636363636364,0.272727272727,-2,-0.0181818181818,0.0702479338843,-0.363636363636,-0.2,-0.25,-0.268912750482,-0.030542951148,-0.0181818181818,-0.243332138505,-0.0773405703161,-0.0434343434343,-0.250469359339,-0.0345084801933,-0.0111111111111,0.0866354202056,0.0199894662943,0.329545454545,0.0702479338843,0.0866354202056,0.329545454545,-0.132380952381,-0.133333333333,-4,-0.0242424242424,-0.0344444444444,0,0,0,18,0,2,90,0.9,1,0,0.1,1,0.9,0.947368421053,0.938314863257,0.9,0.9,5,7,0,0,0,0
1000,WLNM_dir_neg,0.897959183673,0.551747062461,00:00:01,10,30,12,1173777861,threshold_sweep,0.1,1,0.428571428571,0.6,3,0,4,14,0.428571428571,1,0,0.571428571429,1,0.428571428571,0.6,0.809523809524,0.619047619048,0.5,0.57735026919,0.428571428571,20,13,7,0,20,0,13,0,7,11,20,0.181818181818,3.04338842975,3.63636363636,2,2.5,1.68954001271,0.464623503495,0.245454545455,1.16774841624,0.642261628933,0.336363636364,1.94000937205,1.06700515463,0.536363636364,1.05689877454,0.347276990411,3.54545454545,3.04338842975,1.05689877454,3.54545454545,0.499047619048,0.4,8,0.0484848484848,0.255555555556,11,11,11,1,0,0.0909090909091,0.636363636364,0.272727272727,11,0.118181818182,3.72727272727,2.36363636364,1.3,1.625,1.43336856898,0.6064251638,0.286713286713,0.603022689156,0.510249967747,0.237762237762,1.40129809949,1.18571377649,0.503496503497,2.05382127221,0.551025219373,7,3.72727272727,2.05382127221,7,0,0,0,0,0.22962962963,11,11,11,1,0,0.0909090909091,0.636363636364,0.272727272727,11,16,0.145454545455,3.25,2.90909090909,1.6,2,1.22102788294,0.41972833476,0.181818181818,0.687551650952,0.47269176003,0.227272727273,1.50755672289,1.03644524699,0.511363636364,1.3758835545,0.423348786001,4.66666666667,3.25,1.3758835545,4.66666666667,0.213333333333,0.176470588235,2,0.0121212121212,0.192592592593,11,11,11,1,0,0.0909090909091,0.636363636364,0.272727272727,-4,-0.0363636363636,0.206611570248,-0.727272727273,-0.4,-0.5,-0.468512129772,-0.0448951687355,-0.0636363636364,-0.48019676529,-0.169569868904,-0.109090909091,-0.43245264916,-0.0305599076407,-0.025,0.318984779967,0.07607179559,1.12121212121,0.206611570248,0.318984779967,1.12121212121,-0.285714285714,-0.223529411765,-6,-0.0363636363636,-0.062962962963,0,0,0,16,0,4,90,0.8,1,0,0.2,1,0.8,0.888888888889,0.875189948987,0.8,0.8,3,7,0,0,0,0
1001,WLNM_dir_neg,0.897959183673,0.551747062461,00:00:01,10,30,12,1173777861,threshold_sweep,0.2,1,0.428571428571,0.6,3,0,4,14,0.428571428571,1,0,0.571428571429,1,0.428571428571,0.6,0.809523809524,0.619047619048,0.5,0.57735026919,0.428571428571,20,13,7,0,20,0,13,0,7,11,20,0.181818181818,3.04338842975,3.63636363636,2,2.5,1.68954001271,0.464623503495,0.245454545455,1.16774841624,0.642261628933,0.336363636364,1.94000937205,1.06700515463,0.536363636364,1.05689877454,0.347276990411,3.54545454545,3.04338842975,1.05689877454,3.54545454545,0.499047619048,0.4,8,0.0484848484848,0.255555555556,11,11,11,1,0,0.0909090909091,0.636363636364,0.272727272727,11,0.118181818182,3.72727272727,2.36363636364,1.3,1.625,1.43336856898,0.6064251638,0.286713286713,0.603022689156,0.510249967747,0.237762237762,1.40129809949,1.18571377649,0.503496503497,2.05382127221,0.551025219373,7,3.72727272727,2.05382127221,7,0,0,0,0,0.22962962963,11,11,11,1,0,0.0909090909091,0.636363636364,0.272727272727,11,16,0.145454545455,3.25,2.90909090909,1.6,2,1.22102788294,0.41972833476,0.181818181818,0.687551650952,0.47269176003,0.227272727273,1.50755672289,1.03644524699,0.511363636364,1.3758835545,0.423348786001,4.66666666667,3.25,1.3758835545,4.66666666667,0.213333333333,0.176470588235,2,0.0121212121212,0.192592592593,11,11,11,1,0,0.0909090909091,0.636363636364,0.272727272727,-4,-0.0363636363636,0.206611570248,-0.727272727273,-0.4,-0.5,-0.468512129772,-0.0448951687355,-0.0636363636364,-0.48019676529,-0.169569868904,-0.109090909091,-0.43245264916,-0.0305599076407,-0.025,0.318984779967,0.07607179559,1.12121212121,0.206611570248,0.318984779967,1.12121212121,-0.285714285714,-0.223529411765,-6,-0.0363636363636,-0.062962962963,0,0,0,16,0,4,90,0.8,1,0,0.2,1,0.8,0.888888888889,0.875189948987,0.8,0.8,3,7,0,0,0,0
1002,WLNM_dir_neg,0.897959183673,0.551747062461,00:00:01,10,30,12,1173777861,threshold_sweep,0.3,1,0.428571428571,0.6,3,0,4,14,0.428571428571,1,0,0.571428571429,1,0.428571428571,0.6,0.809523809524,0.619047619048,0.5,0.57735026919,0.428571428571,20,13,7,0,20,0,13,0,7,11,20,0.181818181818,3.04338842975,3.63636363636,2,2.5,1.68954001271,0.464623503495,0.245454545455,1.16774841624,0.642261628933,0.336363636364,1.94000937205,1.06700515463,0.536363636364,1.05689877454,0.347276990411,3.54545454545,3.04338842975,1.05689877454,3.54545454545,0.499047619048,0.4,8,0.0484848484848,0.255555555556,11,11,11,1,0,0.0909090909091,0.636363636364,0.272727272727,11,0.118181818182,3.72727272727,2.36363636364,1.3,1.625,1.43336856898,0.6064251638,0.286713286713,0.603022689156,0.510249967747,0.237762237762,1.40129809949,1.18571377649,0.503496503497,2.05382127221,0.551025219373,7,3.72727272727,2.05382127221,7,0,0,0,0,0.22962962963,11,11,11,1,0,0.0909090909091,0.636363636364,0.272727272727,11,16,0.145454545455,3.25,2.90909090909,1.6,2,1.22102788294,0.41972833476,0.181818181818,0.687551650952,0.47269176003,0.227272727273,1.50755672289,1.03644524699,0.511363636364,1.3758835545,0.423348786001,4.66666666667,3.25,1.3758835545,4.66666666667,0.213333333333,0.176470588235,2,0.0121212121212,0.192592592593,11,11,11,1,0,0.0909090909091,0.636363636364,0.272727272727,-4,-0.0363636363636,0.206611570248,-0.727272727273,-0.4,-0.5,-0.468512129772,-0.0448951687355,-0.0636363636364,-0.48019676529,-0.169569868904,-0.109090909091,-0.43245264916,-0.0305599076407,-0.025,0.318984779967,0.07607179559,1.12121212121,0.206611570248,0.318984779967,1.12121212121,-0.285714285714,-0.223529411765,-6,-0.0363636363636,-0.062962962963,0,0,0,16,0,4,90,0.8,1,0,0.2,1,0.8,0.888888888889,0.875189948987,0.8,0.8,3,7,0,0,0,0
1003,WLNM_dir_neg,0.897959183673,0.551747062461,00:00:01,10,30,12,1173777861,threshold_sweep,0.4,1,0.428571428571,0.6,3,0,4,14,0.428571428571,1,0,0.571428571429,1,0.428571428571,0.6,0.809523809524,0.619047619048,0.5,0.57735026919,0.428571428571,20,13,7,0,20,0,13,0,7,11,20,0.181818181818,3.04338842975,3.63636363636,2,2.5,1.68954001271,0.464623503495,0.245454545455,1.16774841624,0.642261628933,0.336363636364,1.94000937205,1.06700515463,0.536363636364,1.05689877454,0.347276990411,3.54545454545,3.04338842975,1.05689877454,3.54545454545,0.499047619048,0.4,8,0.0484848484848,0.255555555556,11,11,11,1,0,0.0909090909091,0.636363636364,0.272727272727,11,0.118181818182,3.72727272727,2.36363636364,1.3,1.625,1.43336856898,0.6064251638,0.286713286713,0.603022689156,0.510249967747,0.237762237762,1.40129809949,1.18571377649,0.503496503497,2.05382127221,0.551025219373,7,3.72727272727,2.05382127221,7,0,0,0,0,0.22962962963,11,11,11,1,0,0.0909090909091,0.636363636364,0.272727272727,11,16,0.145454545455,3.25,2.90909090909,1.6,2,1.22102788294,0.41972833476,0.181818181818,0.687551650952,0.47269176003,0.227272727273,1.50755672289,1.03644524699,0.511363636364,1.3758835545,0.423348786001,4.66666666667,3.25,1.3758835545,4.66666666667,0.213333333333,0.176470588235,2,0.0121212121212,0.192592592593,11,11,11,1,0,0.0909090909091,0.636363636364,0.272727272727,-4,-0.0363636363636,0.206611570248,-0.727272727273,-0.4,-0.5,-0.468512129772,-0.0448951687355,-0.0636363636364,-0.48019676529,-0.169569868904,-0.109090909091,-0.43245264916,-0.0305599076407,-0.025,0.318984779967,0.07607179559,1.12121212121,0.206611570248,0.318984779967,1.12121212121,-0.285714285714,-0.223529411765,-6,-0.0363636363636,-0.062962962963,0,0,0,16,0,4,90,0.8,1,0,0.2,1,0.8,0.888888888889,0.875189948987,0.8,0.8,3,7,0,0,0,0
1004,WLNM_dir_neg,0.897959183673,0.551747062461,00:00:01,10,30,12,1173777861,threshold_sweep,0.5,1,0.428571428571,0.6,3,0,4,14,0.428571428571,1,0,0.571428571429,1,0.428571428571,0.6,0.809523809524,0.619047619048,0.5,0.57735026919,0.428571428571,20,13,7,0,20,0,13,0,7,11,20,0.181818181818,3.04338842975,3.63636363636,2,2.5,1.68954001271,0.464623503495,0.245454545455,1.16774841624,0.642261628933,0.336363636364,1.94000937205,1.06700515463,0.536363636364,1.05689877454,0.347276990411,3.54545454545,3.04338842975,1.05689877454,3.54545454545,0.499047619048,0.4,8,0.0484848484848,0.255555555556,11,11,11,1,0,0.0909090909091,0.636363636364,0.272727272727,11,0.118181818182,3.72727272727,2.36363636364,1.3,1.625,1.43336856898,0.6064251638,0.286713286713,0.603022689156,0.510249967747,0.237762237762,1.40129809949,1.18571377649,0.503496503497,2.05382127221,0.551025219373,7,3.72727272727,2.05382127221,7,0,0,0,0,0.22962962963,11,11,11,1,0,0.0909090909091,0.636363636364,0.272727272727,11,16,0.145454545455,3.25,2.90909090909,1.6,2,1.22102788294,0.41972833476,0.181818181818,0.687551650952,0.47269176003,0.227272727273,1.50755672289,1.03644524699,0.511363636364,1.3758835545,0.423348786001,4.66666666667,3.25,1.3758835545,4.66666666667,0.213333333333,0.176470588235,2,0.0121212121212,0.192592592593,11,11,11,1,0,0.0909090909091,0.636363636364,0.272727272727,-4,-0.0363636363636,0.206611570248,-0.727272727273,-0.4,-0.5,-0.468512129772,-0.0448951687355,-0.0636363636364,-0.48019676529,-0.169569868904,-0.109090909091,-0.43245264916,-0.0305599076407,-0.025,0.318984779967,0.07607179559,1.12121212121,0.206611570248,0.318984779967,1.12121212121,-0.285714285714,-0.223529411765,-6,-0.0363636363636,-0.062962962963,0,0,0,16,0,4,90,0.8,1,0,0.2,1,0.8,0.888888888889,0.875189948987,0.8,0.8,3,7,0,0,0,0
1005,WLNM_dir_neg,0.897959183673,0.551747062461,00:00:01,10,30,12,1173777861,threshold_sweep,0.6,1,0.428571428571,0.6,3,0,4,14,0.428571428571,1,0,0.571428571429,1,0.428571428571,0.6,0.809523809524,0.619047619048,0.5,0.57735026919,0.428571428571,20,13,7,0,20,0,13,0,7,11,20,0.181818181818,3.04338842975,3.63636363636,2,2.5,1.68954001271,0.464623503495,0.245454545455,1.16774841624,0.642261628933,0.336363636364,1.94000937205,1.06700515463,0.536363636364,1.05689877454,0.347276990411,3.54545454545,3.04338842975,1.05689877454,3.54545454545,0.499047619048,0.4,8,0.0484848484848,0.255555555556,11,11,11,1,0,0.0909090909091,0.636363636364,0.272727272727,11,0.118181818182,3.72727272727,2.36363636364,1.3,1.625,1.43336856898,0.6064251638,0.286713286713,0.603022689156,0.510249967747,0.237762237762,1.40129809949,1.18571377649,0.503496503497,2.05382127221,0.551025219373,7,3.72727272727,2.05382127221,7,0,0,0,0,0.22962962963,11,11,11,1,0,0.0909090909091,0.636363636364,0.272727272727,11,16,0.145454545455,3.25,2.90909090909,1.6,2,1.22102788294,0.41972833476,0.181818181818,0.687551650952,0.47269176003,0.227272727273,1.50755672289,1.03644524699,0.511363636364,1.3758835545,0.423348786001,4.66666666667,3.25,1.3758835545,4.66666666667,0.213333333333,0.176470588235,2,0.0121212121212,0.192592592593,11,11,11,1,0,0.0909090909091,0.636363636364,0.272727272727,-4,-0.0363636363636,0.206611570248,-0.727272727273,-0.4,-0.5,-0.468512129772,-0.0448951687355,-0.0636363636364,-0.48019676529,-0.169569868904,-0.109090909091,-0.43245264916,-0.0305599076407,-0.025,0.318984779967,0.07607179559,1.12121212121,0.206611570248,0.318984779967,1.12121212121,-0.285714285714,-0.223529411765,-6,-0.0363636363636,-0.062962962963,0,0,0,16,0,4,90,0.8,1,0,0.2,1,0.8,0.888888888889,0.875189948987,0.8,0.8,3,7,0,0,0,0
1006,WLNM_dir_neg,0.897959183673,0.551747062461,00:00:01,10,30,12,1173777861,threshold_sweep,0.7,1,0.428571428571,0.6,3,0,4,14,0.428571428571,1,0,0.571428571429,1,0.428571428571,0.6,0.809523809524,0.619047619048,0.5,0.57735026919,0.428571428571,20,13,7,0,20,0,13,0,7,11,20,0.181818181818,3.04338842975,3.63636363636,2,2.5,1.68954001271,0.464623503495,0.245454545455,1.16774841624,0.642261628933,0.336363636364,1.94000937205,1.06700515463,0.536363636364,1.05689877454,0.347276990411,3.54545454545,3.04338842975,1.05689877454,3.54545454545,0.499047619048,0.4,8,0.0484848484848,0.255555555556,11,11,11,1,0,0.0909090909091,0.636363636364,0.272727272727,11,0.118181818182,3.72727272727,2.36363636364,1.3,1.625,1.43336856898,0.6064251638,0.286713286713,0.603022689156,0.510249967747,0.237762237762,1.40129809949,1.18571377649,0.503496503497,2.05382127221,0.551025219373,7,3.72727272727,2.05382127221,7,0,0,0,0,0.22962962963,11,11,11,1,0,0.0909090909091,0.636363636364,0.272727272727,11,16,0.145454545455,3.25,2.90909090909,1.6,2,1.22102788294,0.41972833476,0.181818181818,0.687551650952,0.47269176003,0.227272727273,1.50755672289,1.03644524699,0.511363636364,1.3758835545,0.423348786001,4.66666666667,3.25,1.3758835545,4.66666666667,0.213333333333,0.176470588235,2,0.0121212121212,0.192592592593,11,11,11,1,0,0.0909090909091,0.636363636364,0.272727272727,-4,-0.0363636363636,0.206611570248,-0.727272727273,-0.4,-0.5,-0.468512129772,-0.0448951687355,-0.0636363636364,-0.48019676529,-0.169569868904,-0.109090909091,-0.43245264916,-0.0305599076407,-0.025,0.318984779967,0.07607179559,1.12121212121,0.206611570248,0.318984779967,1.12121212121,-0.285714285714,-0.223529411765,-6,-0.0363636363636,-0.062962962963,0,0,0,16,0,4,90,0.8,1,0,0.2,1,0.8,0.888888888889,0.875189948987,0.8,0.8,3,7,0,0,0,0
1007,WLNM_dir_neg,0.897959183673,0.551747062461,00:00:01,10,30,12,1173777861,threshold_sweep,0.8,1,0.428571428571,0.6,3,0,4,14,0.428571428571,1,0,0.571428571429,1,0.428571428571,0.6,0.809523809524,0.619047619048,0.5,0.57735026919,0.428571428571,20,13,7,0,20,0,13,0,7,11,20,0.181818181818,3.04338842975,3.63636363636,2,2.5,1.68954001271,0.464623503495,0.245454545455,1.16774841624,0.642261628933,0.336363636364,1.94000937205,1.06700515463,0.536363636364,1.05689877454,0.347276990411,3.54545454545,3.04338842975,1.05689877454,3.54545454545,0.499047619048,0.4,8,0.0484848484848,0.255555555556,11,11,11,1,0,0.0909090909091,0.636363636364,0.272727272727,11,0.118181818182,3.72727272727,2.36363636364,1.3,1.625,1.43336856898,0.6064251638,0.286713286713,0.603022689156,0.510249967747,0.237762237762,1.40129809949,1.18571377649,0.503496503497,2.05382127221,0.551025219373,7,3.72727272727,2.05382127221,7,0,0,0,0,0.22962962963,11,11,11,1,0,0.0909090909091,0.636363636364,0.272727272727,11,16,0.145454545455,3.25,2.90909090909,1.6,2,1.22102788294,0.41972833476,0.181818181818,0.687551650952,0.47269176003,0.227272727273,1.50755672289,1.03644524699,0.511363636364,1.3758835545,0.423348786001,4.66666666667,3.25,1.3758835545,4.66666666667,0.213333333333,0.176470588235,2,0.0121212121212,0.192592592593,11,11,11,1,0,0.0909090909091,0.636363636364,0.272727272727,-4,-0.0363636363636,0.206611570248,-0.727272727273,-0.4,-0.5,-0.468512129772,-0.0448951687355,-0.0636363636364,-0.48019676529,-0.169569868904,-0.109090909091,-0.43245264916,-0.0305599076407,-0.025,0.318984779967,0.07607179559,1.12121212121,0.206611570248,0.318984779967,1.12121212121,-0.285714285714,-0.223529411765,-6,-0.0363636363636,-0.062962962963,0,0,0,16,0,4,90,0.8,1,0,0.2,1,0.8,0.888888888889,0.875189948987,0.8,0.8,3,7,0,0,0,0
1008,WLNM_dir_neg,0.897959183673,0.551747062461,00:00:01,10,30,12,1173777861,threshold_sweep,0.9,1,0.428571428571,0.6,3,0,4,14,0.428571428571,1,0,0.571428571429,1,0.428571428571,0.6,0.809523809524,0.619047619048,0.5,0.57735026919,0.428571428571,20,13,7,0,20,0,13,0,7,11,20,0.181818181818,3.04338842975,3.63636363636,2,2.5,1.68954001271,0.464623503495,0.245454545455,1.16774841624,0.642261628933,0.336363636364,1.94000937205,1.06700515463,0.536363636364,1.05689877454,0.347276990411,3.54545454545,3.04338842975,1.05689877454,3.54545454545,0.499047619048,0.4,8,0.0484848484848,0.255555555556,11,11,11,1,0,0.0909090909091,0.636363636364,0.272727272727,11,0.118181818182,3.72727272727,2.36363636364,1.3,1.625,1.43336856898,0.6064251638,0.286713286713,0.603022689156,0.510249967747,0.237762237762,1.40129809949,1.18571377649,0.503496503497,2.05382127221,0.551025219373,7,3.72727272727,2.05382127221,7,0,0,0,0,0.22962962963,11,11,11,1,0,0.0909090909091,0.636363636364,0.272727272727,11,16,0.145454545455,3.25,2.90909090909,1.6,2,1.22102788294,0.41972833476,0.181818181818,0.687551650952,0.47269176003,0.227272727273,1.50755672289,1.03644524699,0.511363636364,1.3758835545,0.423348786001,4.66666666667,3.25,1.3758835545,4.66666666667,0.213333333333,0.176470588235,2,0.0121212121212,0.192592592593,11,11,11,1,0,0.0909090909091,0.636363636364,0.272727272727,-4,-0.0363636363636,0.206611570248,-0.727272727273,-0.4,-0.5,-0.468512129772,-0.0448951687355,-0.0636363636364,-0.48019676529,-0.169569868904,-0.109090909091,-0.43245264916,-0.0305599076407,-0.025,0.318984779967,0.07607179559,1.12121212121,0.206611570248,0.318984779967,1.12121212121,-0.285714285714,-0.223529411765,-6,-0.0363636363636,-0.062962962963,0,0,0,16,0,4,90,0.8,1,0,0.2,1,0.8,0.888888888889,0.875189948987,0.8,0.8,3,7,0,0,0,0
1009,WLNM_dir_neg,0.877551020408,0.714785214785,00:00:01,10,30,13,1173777862,threshold_sweep,0.1,1,0.714285714286,0.833333333333,5,0,2,14,0.714285714286,1,0,0.285714285714,1,0.714285714286,0.833333333333,0.904761904762,0.587301587302,0.769230769231,0.790569415042,0.714285714286,20,13,7,0,20,0,13,0,7,11,20,0.181818181818,3.04338842975,3.63636363636,2,2.5,1.68954001271,0.464623503495,0.245454545455,1.16774841624,0.642261628933,0.336363636364,1.94000937205,1.06700515463,0.536363636364,1.05689877454,0.347276990411,3.54545454545,3.04338842975,1.05689877454,3.54545454545,0.499047619048,0.4,8,0.0484848484848,0.255555555556,11,11,11,1,0,0.0909090909091,0.636363636364,0.272727272727,11,0.118181818182,3.72727272727,2.36363636364,1.3,1.625,1.43336856898,0.6064251638,0.286713286713,0.603022689156,0.510249967747,0.237762237762,1.40129809949,1.18571377649,0.503496503497,2.05382127221,0.551025219373,7,3.72727272727,2.05382127221,7,0,0,0,0,0.22962962963,11,11,11,1,0,0.0909090909091,0.636363636364,0.272727272727,11,18,0.163636363636,3.11363636364,3.27272727273,1.8,2.25,1.42062726223,0.434080552347,0.227272727273,0.924416277737,0.564921058617,0.292929292929,1.68954001271,1.03249667443,0.525252525253,1.14353419474,0.367266456706,3.875,3.11363636364,1.14353419474,3.875,0.366666666667,0.266666666667,4,0.0242424242424,0.221111111111,11,11,11,1,0,0.0909090909091,0.636363636364,0.272727272727,-2,-0.0181818181818,0.0702479338843,-0.363636363636,-0.2,-0.25,-0.268912750482,-0.030542951148,-0.0181818181818,-0.243332138505,-0.0773405703161,-0.0434343434343,-0.250469359339,-0.0345084801933,-0.0111111111111,0.0866354202056,0.0199894662943,0.329545454545,0.0702479338843,0.0866354202056,0.329545454545,-0.132380952381,-0.133333333333,-4,-0.0242424242424,-0.0344444444444,0,0,0,18,0,2,90,0.9,1,0,0.1,1,0.9,0.947368421053,0.938314863257,0.9,0.9,5,7,0,0,0,0
1010,WLNM_dir_neg,0.877551020408,0.714785214785,00:00:01,10,30,13,1173777862,threshold_sweep,0.2,1,0.714285714286,0.833333333333,5,0,2,14,0.714285714286,1,0,0.285714285714,1,0.714285714286,0.833333333333,0.904761904762,0.587301587302,0.769230769231,0.790569415042,0.714285714286,20,13,7,0,20,0,13,0,7,11,20,0.181818181818,3.04338842975,3.63636363636,2,2.5,1.68954001271,0.464623503495,0.245454545455,1.16774841624,0.642261628933,0.336363636364,1.94000937205,1.06700515463,0.536363636364,1.05689877454,0.347276990411,3.54545454545,3.04338842975,1.05689877454,3.54545454545,0.499047619048,0.4,8,0.0484848484848,0.255555555556,11,11,11,1,0,0.0909090909091,0.636363636364,0.272727272727,11,0.118181818182,3.72727272727,2.36363636364,1.3,1.625,1.43336856898,0.6064251638,0.286713286713,0.603022689156,0.510249967747,0.237762237762,1.40129809949,1.18571377649,0.503496503497,2.05382127221,0.551025219373,7,3.72727272727,2.05382127221,7,0,0,0,0,0.22962962963,11,11,11,1,0,0.0909090909091,0.636363636364,0.272727272727,11,18,0.163636363636,3.11363636364,3.27272727273,1.8,2.25,1.42062726223,0.434080552347,0.227272727273,0.924416277737,0.564921058617,0.292929292929,1.68954001271,1.03249667443,0.525252525253,1.14353419474,0.367266456706,3.875,3.11363636364,1.14353419474,3.875,0.366666666667,0.266666666667,4,0.0242424242424,0.221111111111,11,11,11,1,0,0.0909090909091,0.636363636364,0.272727272727,-2,-0.0181818181818,0.0702479338843,-0.363636363636,-0.2,-0.25,-0.268912750482,-0.030542951148,-0.0181818181818,-0.243332138505,-0.0773405703161,-0.0434343434343,-0.250469359339,-0.0345084801933,-0.0111111111111,0.0866354202056,0.0199894662943,0.329545454545,0.0702479338843,0.0866354202056,0.329545454545,-0.132380952381,-0.133333333333,-4,-0.0242424242424,-0.0344444444444,0,0,0,18,0,2,90,0.9,1,0,0.1,1,0.9,0.947368421053,0.938314863257,0.9,0.9,5,7,0,0,0,0
1011,WLNM_dir_neg,0.877551020408,0.714785214785,00:00:01,10,30,13,1173777862,threshold_sweep,0.3,1,0.714285714286,0.833333333333,5,0,2,14,0.714285714286,1,0,0.285714285714,1,0.714285714286,0.833333333333,0.904761904762,0.587301587302,0.769230769231,0.790569415042,0.714285714286,20,13,7,0,20,0,13,0,7,11,20,0.181818181818,3.04338842975,3.63636363636,2,2.5,1.68954001271,0.464623503495,0.245454545455,1.16774841624,0.642261628933,0.336363636364,1.94000937205,1.06700515463,0.536363636364,1.05689877454,0.347276990411,3.54545454545,3.04338842975,1.05689877454,3.54545454545,0.499047619048,0.4,8,0.0484848484848,0.255555555556,11,11,11,1,0,0.0909090909091,0.636363636364,0.272727272727,11,0.118181818182,3.72727272727,2.36363636364,1.3,1.625,1.43336856898,0.6064251638,0.286713286713,0.603022689156,0.510249967747,0.237762237762,1.40129809949,1.18571377649,0.503496503497,2.05382127221,0.551025219373,7,3.72727272727,2.05382127221,7,0,0,0,0,0.22962962963,11,11,11,1,0,0.0909090909091,0.636363636364,0.272727272727,11,18,0.163636363636,3.11363636364,3.27272727273,1.8,2.25,1.42062726223,0.434080552347,0.227272727273,0.924416277737,0.564921058617,0.292929292929,1.68954001271,1.03249667443,0.525252525253,1.14353419474,0.367266456706,3.875,3.11363636364,1.14353419474,3.875,0.366666666667,0.266666666667,4,0.0242424242424,0.221111111111,11,11,11,1,0,0.0909090909091,0.636363636364,0.272727272727,-2,-0.0181818181818,0.0702479338843,-0.363636363636,-0.2,-0.25,-0.268912750482,-0.030542951148,-0.0181818181818,-0.243332138505,-0.0773405703161,-0.0434343434343,-0.250469359339,-0.0345084801933,-0.0111111111111,0.0866354202056,0.0199894662943,0.329545454545,0.0702479338843,0.0866354202056,0.329545454545,-0.132380952381,-0.133333333333,-4,-0.0242424242424,-0.0344444444444,0,0,0,18,0,2,90,0.9,1,0,0.1,1,0.9,0.947368421053,0.938314863257,0.9,0.9,5,7,0,0,0,0
1012,WLNM_dir_neg,0.877551020408,0.714785214785,00:00:01,10,30,13,1173777862,threshold_sweep,0.4,1,0.714285714286,0.833333333333,5,0,2,14,0.714285714286,1,0,0.285714285714,1,0.714285714286,0.833333333333,0.904761904762,0.587301587302,0.769230769231,0.790569415042,0.714285714286,20,13,7,0,20,0,13,0,7,11,20,0.181818181818,3.04338842975,3.63636363636,2,2.5,1.68954001271,0.464623503495,0.245454545455,1.16774841624,0.642261628933,0.336363636364,1.94000937205,1.06700515463,0.536363636364,1.05689877454,0.347276990411,3.54545454545,3.04338842975,1.05689877454,3.54545454545,0.499047619048,0.4,8,0.0484848484848,0.255555555556,11,11,11,1,0,0.0909090909091,0.636363636364,0.272727272727,11,0.118181818182,3.72727272727,2.36363636364,1.3,1.625,1.43336856898,0.6064251638,0.286713286713,0.603022689156,0.510249967747,0.237762237762,1.40129809949,1.18571377649,0.503496503497,2.05382127221,0.551025219373,7,3.72727272727,2.05382127221,7,0,0,0,0,0.22962962963,11,11,11,1,0,0.0909090909091,0.636363636364,0.272727272727,11,18,0.163636363636,3.11363636364,3.27272727273,1.8,2.25,1.42062726223,0.434080552347,0.227272727273,0.924416277737,0.564921058617,0.292929292929,1.68954001271,1.03249667443,0.525252525253,1.14353419474,0.367266456706,3.875,3.11363636364,1.14353419474,3.875,0.366666666667,0.266666666667,4,0.0242424242424,0.221111111111,11,11,11,1,0,0.0909090909091,0.636363636364,0.272727272727,-2,-0.0181818181818,0.0702479338843,-0.363636363636,-0.2,-0.25,-0.268912750482,-0.030542951148,-0.0181818181818,-0.243332138505,-0.0773405703161,-0.0434343434343,-0.250469359339,-0.0345084801933,-0.0111111111111,0.0866354202056,0.0199894662943,0.329545454545,0.0702479338843,0.0866354202056,0.329545454545,-0.132380952381,-0.133333333333,-4,-0.0242424242424,-0.0344444444444,0,0,0,18,0,2,90,0.9,1,0,0.1,1,0.9,0.947368421053,0.938314863257,0.9,0.9,5,7,0,0,0,0
1013,WLNM_dir_neg,0.877551020408,0.714785214785,00:00:01,10,30,13,1173777862,threshold_sweep,0.5,1,0.714285714286,0.833333333333,5,0,2,14,0.714285714286,1,0,0.285714285714,1,0.714285714286,0.833333333333,0.904761904762,0.587301587302,0.769230769231,0.790569415042,0.714285714286,20,13,7,0,20,0,13,0,7,11,20,0.181818181818,3.04338842975,3.63636363636,2,2.5,1.68954001271,0.464623503495,0.245454545455,1.16774841624,0.642261628933,0.336363636364,1.94000937205,1.06700515463,0.536363636364,1.05689877454,0.347276990411,3.54545454545,3.04338842975,1.05689877454,3.54545454545,0.499047619048,0.4,8,0.0484848484848,0.255555555556,11,11,11,1,0,0.0909090909091,0.636363636364,0.272727272727,11,0.118181818182,3.72727272727,2.36363636364,1.3,1.625,1.43336856898,0.6064251638,0.286713286713,0.603022689156,0.510249967747,0.237762237762,1.40129809949,1.18571377649,0.503496503497,2.05382127221,0.551025219373,7,3.72727272727,2.05382127221,7,0,0,0,0,0.22962962963,11,11,11,1,0,0.0909090909091,0.636363636364,0.272727272727,11,18,0.163636363636,3.11363636364,3.27272727273,1.8,2.25,1.42062726223,0.434080552347,0.227272727273,0.924416277737,0.564921058617,0.292929292929,1.68954001271,1.03249667443,0.525252525253,1.14353419474,0.367266456706,3.875,3.11363636364,1.14353419474,3.875,0.366666666667,0.266666666667,4,0.0242424242424,0.221111111111,11,11,11,1,0,0.0909090909091,0.636363636364,0.272727272727,-2,-0.0181818181818,0.0702479338843,-0.363636363636,-0.2,-0.25,-0.268912750482,-0.030542951148,-0.0181818181818,-0.243332138505,-0.0773405703161,-0.0434343434343,-0.250469359339,-0.0345084801933,-0.0111111111111,0.0866354202056,0.0199894662943,0.329545454545,0.0702479338843,0.0866354202056,0.329545454545,-0.132380952381,-0.133333333333,-4,-0.0242424242424,-0.0344444444444,0,0,0,18,0,2,90,0.9,1,0,0.1,1,0.9,0.947368421053,0.938314863257,0.9,0.9,5,7,0,0,0,0
1014,WLNM_dir_neg,0.877551020408,0.714785214785,00:00:01,10,30,13,1173777862,threshold_sweep,0.6,1,0.714285714286,0.833333333333,5,0,2,14,0.714285714286,1,0,0.285714285714,1,0.714285714286,0.833333333333,0.904761904762,0.587301587302,0.769230769231,0.790569415042,0.714285714286,20,13,7,0,20,0,13,0,7,11,20,0.181818181818,3.04338842975,3.63636363636,2,2.5,1.68954001271,0.464623503495,0.245454545455,1.16774841624,0.642261628933,0.336363636364,1.94000937205,1.06700515463,0.536363636364,1.05689877454,0.347276990411,3.54545454545,3.04338842975,1.05689877454,3.54545454545,0.499047619048,0.4,8,0.0484848484848,0.255555555556,11,11,11,1,0,0.0909090909091,0.636363636364,0.272727272727,11,0.118181818182,3.72727272727,2.36363636364,1.3,1.625,1.43336856898,0.6064251638,0.286713286713,0.603022689156,0.510249967747,0.237762237762,1.40129809949,1.18571377649,0.503496503497,2.05382127221,0.551025219373,7,3.72727272727,2.05382127221,7,0,0,0,0,0.22962962963,11,11,11,1,0,0.0909090909091,0.636363636364,0.272727272727,11,18,0.163636363636,3.11363636364,3.27272727273,1.8,2.25,1.42062726223,0.434080552347,0.227272727273,0.924416277737,0.564921058617,0.292929292929,1.68954001271,1.03249667443,0.525252525253,1.14353419474,0.367266456706,3.875,3.11363636364,1.14353419474,3.875,0.366666666667,0.266666666667,4,0.0242424242424,0.221111111111,11,11,11,1,0,0.0909090909091,0.636363636364,0.272727272727,-2,-0.0181818181818,0.0702479338843,-0.363636363636,-0.2,-0.25,-0.268912750482,-0.030542951148,-0.0181818181818,-0.243332138505,-0.0773405703161,-0.0434343434343,-0.250469359339,-0.0345084801933,-0.0111111111111,0.0866354202056,0.0199894662943,0.329545454545,0.0702479338843,0.0866354202056,0.329545454545,-0.132380952381,-0.133333333333,-4,-0.0242424242424,-0.0344444444444,0,0,0,18,0,2,90,0.9,1,0,0.1,1,0.9,0.947368421053,0.938314863257,0.9,0.9,5,7,0,0,0,0
1015,WLNM_dir_neg,0.877551020408,0.714785214785,00:00:01,10,30,13,1173777862,threshold_sweep,0.7,1,0.714285714286,0.833333333333,5,0,2,14,0.714285714286,1,0,0.285714285714,1,0.714285714286,0.833333333333,0.904761904762,0.587301587302,0.769230769231,0.790569415042,0.714285714286,20,13,7,0,20,0,13,0,7,11,20,0.181818181818,3.04338842975,3.63636363636,2,2.5,1.68954001271,0.464623503495,0.245454545455,1.16774841624,0.642261628933,0.336363636364,1.94000937205,1.06700515463,0.536363636364,1.05689877454,0.347276990411,3.54545454545,3.04338842975,1.05689877454,3.54545454545,0.499047619048,0.4,8,0.0484848484848,0.255555555556,11,11,11,1,0,0.0909090909091,0.636363636364,0.272727272727,11,0.118181818182,3.72727272727,2.36363636364,1.3,1.625,1.43336856898,0.6064251638,0.286713286713,0.603022689156,0.510249967747,0.237762237762,1.40129809949,1.18571377649,0.503496503497,2.05382127221,0.551025219373,7,3.72727272727,2.05382127221,7,0,0,0,0,0.22962962963,11,11,11,1,0,0.0909090909091,0.636363636364,0.272727272727,11,18,0.163636363636,3.11363636364,3.27272727273,1.8,2.25,1.42062726223,0.434080552347,0.227272727273,0.924416277737,0.564921058617,0.292929292929,1.68954001271,1.03249667443,0.525252525253,1.14353419474,0.367266456706,3.875,3.11363636364,1.14353419474,3.875,0.366666666667,0.266666666667,4,0.0242424242424,0.221111111111,11,11,11,1,0,0.0909090909091,0.636363636364,0.272727272727,-2,-0.0181818181818,0.0702479338843,-0.363636363636,-0.2,-0.25,-0.268912750482,-0.030542951148,-0.0181818181818,-0.243332138505,-0.0773405703161,-0.0434343434343,-0.250469359339,-0.0345084801933,-0.0111111111111,0.0866354202056,0.0199894662943,0.329545454545,0.0702479338843,0.0866354202056,0.329545454545,-0.132380952381,-0.133333333333,-4,-0.0242424242424,-0.0344444444444,0,0,0,18,0,2,90,0.9,1,0,0.1,1,0.9,0.947368421053,0.938314863257,0.9,0.9,5,7,0,0,0,0
1016,WLNM_dir_neg,0.877551020408,0.714785214785,00:00:01,10,30,13,1173777862,threshold_sweep,0.8,1,0.714285714286,0.833333333333,5,0,2,14,0.714285714286,1,0,0.285714285714,1,0.714285714286,0.833333333333,0.904761904762,0.587301587302,0.769230769231,0.790569415042,0.714285714286,20,13,7,0,20,0,13,0,7,11,20,0.181818181818,3.04338842975,3.63636363636,2,2.5,1.68954001271,0.464623503495,0.245454545455,1.16774841624,0.642261628933,0.336363636364,1.94000937205,1.06700515463,0.536363636364,1.05689877454,0.347276990411,3.54545454545,3.04338842975,1.05689877454,3.54545454545,0.499047619048,0.4,8,0.0484848484848,0.255555555556,11,11,11,1,0,0.0909090909091,0.636363636364,0.272727272727,11,0.118181818182,3.72727272727,2.36363636364,1.3,1.625,1.43336856898,0.6064251638,0.286713286713,0.603022689156,0.510249967747,0.237762237762,1.40129809949,1.18571377649,0.503496503497,2.05382127221,0.551025219373,7,3.72727272727,2.05382127221,7,0,0,0,0,0.22962962963,11,11,11,1,0,0.0909090909091,0.636363636364,0.272727272727,11,18,0.163636363636,3.11363636364,3.27272727273,1.8,2.25,1.42062726223,0.434080552347,0.227272727273,0.924416277737,0.564921058617,0.292929292929,1.68954001271,1.03249667443,0.525252525253,1.14353419474,0.367266456706,3.875,3.11363636364,1.14353419474,3.875,0.366666666667,0.266666666667,4,0.0242424242424,0.221111111111,11,11,11,1,0,0.0909090909091,0.636363636364,0.272727272727,-2,-0.0181818181818,0.0702479338843,-0.363636363636,-0.2,-0.25,-0.268912750482,-0.030542951148,-0.0181818181818,-0.243332138505,-0.0773405703161,-0.0434343434343,-0.250469359339,-0.0345084801933,-0.0111111111111,0.0866354202056,0.0199894662943,0.329545454545,0.0702479338843,0.0866354202056,0.329545454545,-0.132380952381,-0.133333333333,-4,-0.0242424242424,-0.0344444444444,0,0,0,18,0,2,90,0.9,1,0,0.1,1,0.9,0.947368421053,0.938314863257,0.9,0.9,5,7,0,0,0,0
1017,WLNM_dir_neg,0.877551020408,0.714785214785,00:00:01,10,30,13,1173777862,threshold_sweep,0.9,1,0.571428571429,0.727272727273,4,0,3,14,0.571428571429,1,0,0.428571428571,1,0.571428571429,0.727272727273,0.857142857143,0.603174603175,0.64,0.68599434057,0.571428571429,20,13,7,0,20,0,13,0,7,11,20,0.181818181818,3.04338842975,3.63636363636,2,2.5,1.68954001271,0.464623503495,0.245454545455,1.16774841624,0.642261628933,0.336363636364,1.94000937205,1.06700515463,0.536363636364,1.05689877454,0.347276990411,3.54545454545,3.04338842975,1.05689877454,3.54545454545,0.499047619048,0.4,8,0.0484848484848,0.255555555556,11,11,11,1,0,0.0909090909091,0.636363636364,0.272727272727,11,0.118181818182,3.72727272727,2.36363636364,1.3,1.625,1.43336856898,0.6064251638,0.286713286713,0.603022689156,0.510249967747,0.237762237762,1.40129809949,1.18571377649,0.503496503497,2.05382127221,0.551025219373,7,3.72727272727,2.05382127221,7,0,0,0,0,0.22962962963,11,11,11,1,0,0.0909090909091,0.636363636364,0.272727272727,11,17,0.154545454545,3.17727272727,3.09090909091,1.7,2.125,1.30034960334,0.420701342257,0.208556149733,0.820199532265,0.530717344407,0.267379679144,1.57249078621,1.01749403814,0.513368983957,1.2536673475,0.394573414091,4.4,3.17727272727,1.2536673475,4.4,0.213333333333,0.153846153846,2,0.0121212121212,0.205555555556,11,11,11,1,0,0.0909090909091,0.636363636364,0.272727272727,-3,-0.0272727272727,0.133884297521,-0.545454545455,-0.3,-0.375,-0.389190409368,-0.0439221612377,-0.0368983957219,-0.347548883978,-0.111544284527,-0.0689839572193,-0.367518585835,-0.0495111164884,-0.0229946524064,0.196768572961,0.0472964236795,0.854545454545,0.133884297521,0.196768572961,0.854545454545,-0.285714285714,-0.246153846154,-6,-0.0363636363636,-0.05,0,0,0,17,0,3,90,0.85,1,0,0.15,1,0.85,0.918918918919,0.906962317388,0.85,0.85,4,7,0,0,0,0
1018,WLNM_dir_neg,0.918367346939,0.599422799423,00:00:01,10,30,14,1173777863,threshold_sweep,0.1,1,0.714285714286,0.833333333333,5,0,2,14,0.714285714286,1,0,0.285714285714,1,0.714285714286,0.833333333333,0.904761904762,0.587301587302,0.769230769231,0.790569415042,0.714285714286,20,13,7,0,20,0,13,0,7,11,20,0.181818181818,3.04338842975,3.63636363636,2,2.5,1.68954001271,0.464623503495,0.245454545455,1.16774841624,0.642261628933,0.336363636364,1.94000937205,1.06700515463,0.536363636364,1.05689877454,0.347276990411,3.54545454545,3.04338842975,1.05689877454,3.54545454545,0.499047619048,0.4,8,0.0484848484848,0.255555555556,11,11,11,1,0,0.0909090909091,0.636363636364,0.272727272727,11,0.118181818182,3.72727272727,2.36363636364,1.3,1.625,1.43336856898,0.6064251638,0.286713286713,0.603022689156,0.510249967747,0.237762237762,1.40129809949,1.18571377649,0.503496503497,2.05382127221,0.551025219373,7,3.72727272727,2.05382127221,7,0,0,0,0,0.22962962963,11,11,11,1,0,0.0909090909091,0.636363636364,0.272727272727,11,18,0.163636363636,3.11363636364,3.27272727273,1.8,2.25,1.42062726223,0.434080552347,0.227272727273,0.924416277737,0.564921058617,0.292929292929,1.68954001271,1.03249667443,0.525252525253,1.14353419474,0.367266456706,3.875,3.11363636364,1.14353419474,3.875,0.366666666667,0.266666666667,4,0.0242424242424,0.221111111111,11,11,11,1,0,0.0909090909091,0.636363636364,0.272727272727,-2,-0.0181818181818,0.0702479338843,-0.363636363636,-0.2,-0.25,-0.268912750482,-0.030542951148,-0.0181818181818,-0.243332138505,-0.0773405703161,-0.0434343434343,-0.250469359339,-0.0345084801933,-0.0111111111111,0.0866354202056,0.0199894662943,0.329545454545,0.0702479338843,0.0866354202056,0.329545454545,-0.132380952381,-0.133333333333,-4,-0.0242424242424,-0.0344444444444,0,0,0,18,0,2,90,0.9,1,0,0.1,1,0.9,0.947368421053,0.938314863257,0.9,0.9,5,7,0,0,0,0
1019,WLNM_dir_neg,0.918367346939,0.599422799423,00:00:01,10,30,14,1173777863,threshold_sweep,0.2,1,0.714285714286,0.833333333333,5,0,2,14,0.714285714286,1,0,0.285714285714,1,0.714285714286,0.833333333333,0.904761904762,0.587301587302,0.769230769231,0.790569415042,0.714285714286,20,13,7,0,20,0,13,0,7,11,20,0.181818181818,3.04338842975,3.63636363636,2,2.5,1.68954001271,0.464623503495,0.245454545455,1.16774841624,0.642261628933,0.336363636364,1.94000937205,1.06700515463,0.536363636364,1.05689877454,0.347276990411,3.54545454545,3.04338842975,1.05689877454,3.54545454545,0.499047619048,0.4,8,0.0484848484848,0.255555555556,11,11,11,1,0,0.0909090909091,0.636363636364,0.272727272727,11,0.118181818182,3.72727272727,2.36363636364,1.3,1.625,1.43336856898,0.6064251638,0.286713286713,0.603022689156,0.510249967747,0.237762237762,1.40129809949,1.18571377649,0.503496503497,2.05382127221,0.551025219373,7,3.72727272727,2.05382127221,7,0,0,0,0,0.22962962963,11,11,11,1,0,0.0909090909091,0.636363636364,0.272727272727,11,18,0.163636363636,3.11363636364,3.27272727273,1.8,2.25,1.42062726223,0.434080552347,0.227272727273,0.924416277737,0.564921058617,0.292929292929,1.68954001271,1.03249667443,0.525252525253,1.14353419474,0.367266456706,3.875,3.11363636364,1.14353419474,3.875,0.366666666667,0.266666666667,4,0.0242424242424,0.221111111111,11,11,11,1,0,0.0909090909091,0.636363636364,0.272727272727,-2,-0.0181818181818,0.0702479338843,-0.363636363636,-0.2,-0.25,-0.268912750482,-0.030542951148,-0.0181818181818,-0.243332138505,-0.0773405703161,-0.0434343434343,-0.250469359339,-0.0345084801933,-0.0111111111111,0.0866354202056,0.0199894662943,0.329545454545,0.0702479338843,0.0866354202056,0.329545454545,-0.132380952381,-0.133333333333,-4,-0.0242424242424,-0.0344444444444,0,0,0,18,0,2,90,0.9,1,0,0.1,1,0.9,0.947368421053,0.938314863257,0.9,0.9,5,7,0,0,0,0
1020,WLNM_dir_neg,0.918367346939,0.599422799423,00:00:01,10,30,14,1173777863,threshold_sweep,0.3,1,0.714285714286,0.833333333333,5,0,2,14,0.714285714286,1,0,0.285714285714,1,0.714285714286,0.833333333333,0.904761904762,0.587301587302,0.769230769231,0.790569415042,0.714285714286,20,13,7,0,20,0,13,0,7,11,20,0.181818181818,3.04338842975,3.63636363636,2,2.5,1.68954001271,0.464623503495,0.245454545455,1.16774841624,0.642261628933,0.336363636364,1.94000937205,1.06700515463,0.536363636364,1.05689877454,0.347276990411,3.54545454545,3.04338842975,1.05689877454,3.54545454545,0.499047619048,0.4,8,0.0484848484848,0.255555555556,11,11,11,1,0,0.0909090909091,0.636363636364,0.272727272727,11,0.118181818182,3.72727272727,2.36363636364,1.3,1.625,1.43336856898,0.6064251638,0.286713286713,0.603022689156,0.510249967747,0.237762237762,1.40129809949,1.18571377649,0.503496503497,2.05382127221,0.551025219373,7,3.72727272727,2.05382127221,7,0,0,0,0,0.22962962963,11,11,11,1,0,0.0909090909091,0.636363636364,0.272727272727,11,18,0.163636363636,3.11363636364,3.27272727273,1.8,2.25,1.42062726223,0.434080552347,0.227272727273,0.924416277737,0.564921058617,0.292929292929,1.68954001271,1.03249667443,0.525252525253,1.14353419474,0.367266456706,3.875,3.11363636364,1.14353419474,3.875,0.366666666667,0.266666666667,4,0.0242424242424,0.221111111111,11,11,11,1,0,0.0909090909091,0.636363636364,0.272727272727,-2,-0.0181818181818,0.0702479338843,-0.363636363636,-0.2,-0.25,-0.268912750482,-0.030542951148,-0.0181818181818,-0.243332138505,-0.0773405703161,-0.0434343434343,-0.250469359339,-0.0345084801933,-0.0111111111111,0.0866354202056,0.0199894662943,0.329545454545,0.0702479338843,0.0866354202056,0.329545454545,-0.132380952381,-0.133333333333,-4,-0.0242424242424,-0.0344444444444,0,0,0,18,0,2,90,0.9,1,0,0.1,1,0.9,0.947368421053,0.938314863257,0.9,0.9,5,7,0,0,0,0
1021,WLNM_dir_neg,0.918367346939,0.599422799423,00:00:01,10,30,14,1173777863,threshold_sweep,0.4,1,0.714285714286,0.833333333333,5,0,2,14,0.714285714286,1,0,0.285714285714,1,0.714285714286,0.833333333333,0.904761904762,0.587301587302,0.769230769231,0.790569415042,0.714285714286,20,13,7,0,20,0,13,0,7,11,20,0.181818181818,3.04338842975,3.63636363636,2,2.5,1.68954001271,0.464623503495,0.245454545455,1.16774841624,0.642261628933,0.336363636364,1.94000937205,1.06700515463,0.536363636364,1.05689877454,0.347276990411,3.54545454545,3.04338842975,1.05689877454,3.54545454545,0.499047619048,0.4,8,0.0484848484848,0.255555555556,11,11,11,1,0,0.0909090909091,0.636363636364,0.272727272727,11,0.118181818182,3.72727272727,2.36363636364,1.3,1.625,1.43336856898,0.6064251638,0.286713286713,0.603022689156,0.510249967747,0.237762237762,1.40129809949,1.18571377649,0.503496503497,2.05382127221,0.551025219373,7,3.72727272727,2.05382127221,7,0,0,0,0,0.22962962963,11,11,11,1,0,0.0909090909091,0.636363636364,0.272727272727,11,18,0.163636363636,3.11363636364,3.27272727273,1.8,2.25,1.42062726223,0.434080552347,0.227272727273,0.924416277737,0.564921058617,0.292929292929,1.68954001271,1.03249667443,0.525252525253,1.14353419474,0.367266456706,3.875,3.11363636364,1.14353419474,3.875,0.366666666667,0.266666666667,4,0.0242424242424,0.221111111111,11,11,11,1,0,0.0909090909091,0.636363636364,0.272727272727,-2,-0.0181818181818,0.0702479338843,-0.363636363636,-0.2,-0.25,-0.268912750482,-0.030542951148,-0.0181818181818,-0.243332138505,-0.0773405703161,-0.0434343434343,-0.250469359339,-0.0345084801933,-0.0111111111111,0.0866354202056,0.0199894662943,0.329545454545,0.0702479338843,0.0866354202056,0.329545454545,-0.132380952381,-0.133333333333,-4,-0.0242424242424,-0.0344444444444,0,0,0,18,0,2,90,0.9,1,0,0.1,1,0.9,0.947368421053,0.938314863257,0.9,0.9,5,7,0,0,0,0
1022,WLNM_dir_neg,0.918367346939,0.599422799423,00:00:01,10,30,14,1173777863,threshold_sweep,0.5,1,0.714285714286,0.833333333333,5,0,2,14,0.714285714286,1,0,0.285714285714,1,0.714285714286,0.833333333333,0.904761904762,0.587301587302,0.769230769231,0.790569415042,0.714285714286,20,13,7,0,20,0,13,0,7,11,20,0.181818181818,3.04338842975,3.63636363636,2,2.5,1.68954001271,0.464623503495,0.245454545455,1.16774841624,0.642261628933,0.336363636364,1.94000937205,1.06700515463,0.536363636364,1.05689877454,0.347276990411,3.54545454545,3.04338842975,1.05689877454,3.54545454545,0.499047619048,0.4,8,0.0484848484848,0.255555555556,11,11,11,1,0,0.0909090909091,0.636363636364,0.272727272727,11,0.118181818182,3.72727272727,2.36363636364,1.3,1.625,1.43336856898,0.6064251638,0.286713286713,0.603022689156,0.510249967747,0.237762237762,1.40129809949,1.18571377649,0.503496503497,2.05382127221,0.551025219373,7,3.72727272727,2.05382127221,7,0,0,0,0,0.22962962963,11,11,11,1,0,0.0909090909091,0.636363636364,0.272727272727,11,18,0.163636363636,3.11363636364,3.27272727273,1.8,2.25,1.42062726223,0.434080552347,0.227272727273,0.924416277737,0.564921058617,0.292929292929,1.68954001271,1.03249667443,0.525252525253,1.14353419474,0.367266456706,3.875,3.11363636364,1.14353419474,3.875,0.366666666667,0.266666666667,4,0.0242424242424,0.221111111111,11,11,11,1,0,0.0909090909091,0.636363636364,0.272727272727,-2,-0.0181818181818,0.0702479338843,-0.363636363636,-0.2,-0.25,-0.268912750482,-0.030542951148,-0.0181818181818,-0.243332138505,-0.0773405703161,-0.0434343434343,-0.250469359339,-0.0345084801933,-0.0111111111111,0.0866354202056,0.0199894662943,0.329545454545,0.0702479338843,0.0866354202056,0.329545454545,-0.132380952381,-0.133333333333,-4,-0.0242424242424,-0.0344444444444,0,0,0,18,0,2,90,0.9,1,0,0.1,1,0.9,0.947368421053,0.938314863257,0.9,0.9,5,7,0,0,0,0
1023,WLNM_dir_neg,0.918367346939,0.599422799423,00:00:01,10,30,14,1173777863,threshold_sweep,0.6,1,0.714285714286,0.833333333333,5,0,2,14,0.714285714286,1,0,0.285714285714,1,0.714285714286,0.833333333333,0.904761904762,0.587301587302,0.769230769231,0.790569415042,0.714285714286,20,13,7,0,20,0,13,0,7,11,20,0.181818181818,3.04338842975,3.63636363636,2,2.5,1.68954001271,0.464623503495,0.245454545455,1.16774841624,0.642261628933,0.336363636364,1.94000937205,1.06700515463,0.536363636364,1.05689877454,0.347276990411,3.54545454545,3.04338842975,1.05689877454,3.54545454545,0.499047619048,0.4,8,0.0484848484848,0.255555555556,11,11,11,1,0,0.0909090909091,0.636363636364,0.272727272727,11,0.118181818182,3.72727272727,2.36363636364,1.3,1.625,1.43336856898,0.6064251638,0.286713286713,0.603022689156,0.510249967747,0.237762237762,1.40129809949,1.18571377649,0.503496503497,2.05382127221,0.551025219373,7,3.72727272727,2.05382127221,7,0,0,0,0,0.22962962963,11,11,11,1,0,0.0909090909091,0.636363636364,0.272727272727,11,18,0.163636363636,3.11363636364,3.27272727273,1.8,2.25,1.42062726223,0.434080552347,0.227272727273,0.924416277737,0.564921058617,0.292929292929,1.68954001271,1.03249667443,0.525252525253,1.14353419474,0.367266456706,3.875,3.11363636364,1.14353419474,3.875,0.366666666667,0.266666666667,4,0.0242424242424,0.221111111111,11,11,11,1,0,0.0909090909091,0.636363636364,0.272727272727,-2,-0.0181818181818,0.0702479338843,-0.363636363636,-0.2,-0.25,-0.268912750482,-0.030542951148,-0.0181818181818,-0.243332138505,-0.0773405703161,-0.0434343434343,-0.250469359339,-0.0345084801933,-0.0111111111111,0.0866354202056,0.0199894662943,0.329545454545,0.0702479338843,0.0866354202056,0.329545454545,-0.132380952381,-0.133333333333,-4,-0.0242424242424,-0.0344444444444,0,0,0,18,0,2,90,0.9,1,0,0.1,1,0.9,0.947368421053,0.938314863257,0.9,0.9,5,7,0,0,0,0
1024,WLNM_dir_neg,0.918367346939,0.599422799423,00:00:01,10,30,14,1173777863,threshold_sweep,0.7,1,0.714285714286,0.833333333333,5,0,2,14,0.714285714286,1,0,0.285714285714,1,0.714285714286,0.833333333333,0.904761904762,0.587301587302,0.769230769231,0.790569415042,0.714285714286,20,13,7,0,20,0,13,0,7,11,20,0.181818181818,3.04338842975,3.63636363636,2,2.5,1.68954001271,0.464623503495,0.245454545455,1.16774841624,0.642261628933,0.336363636364,1.94000937205,1.06700515463,0.536363636364,1.05689877454,0.347276990411,3.54545454545,3.04338842975,1.05689877454,3.54545454545,0.499047619048,0.4,8,0.0484848484848,0.255555555556,11,11,11,1,0,0.0909090909091,0.636363636364,0.272727272727,11,0.118181818182,3.72727272727,2.36363636364,1.3,1.625,1.43336856898,0.6064251638,0.286713286713,0.603022689156,0.510249967747,0.237762237762,1.40129809949,1.18571377649,0.503496503497,2.05382127221,0.551025219373,7,3.72727272727,2.05382127221,7,0,0,0,0,0.22962962963,11,11,11,1,0,0.0909090909091,0.636363636364,0.272727272727,11,18,0.163636363636,3.11363636364,3.27272727273,1.8,2.25,1.42062726223,0.434080552347,0.227272727273,0.924416277737,0.564921058617,0.292929292929,1.68954001271,1.03249667443,0.525252525253,1.14353419474,0.367266456706,3.875,3.11363636364,1.14353419474,3.875,0.366666666667,0.266666666667,4,0.0242424242424,0.221111111111,11,11,11,1,0,0.0909090909091,0.636363636364,0.272727272727,-2,-0.0181818181818,0.0702479338843,-0.363636363636,-0.2,-0.25,-0.268912750482,-0.030542951148,-0.0181818181818,-0.243332138505,-0.0773405703161,-0.0434343434343,-0.250469359339,-0.0345084801933,-0.0111111111111,0.0866354202056,0.0199894662943,0.329545454545,0.0702479338843,0.0866354202056,0.329545454545,-0.132380952381,-0.133333333333,-4,-0.0242424242424,-0.0344444444444,0,0,0,18,0,2,90,0.9,1,0,0.1,1,0.9,0.947368421053,0.938314863257,0.9,0.9,5,7,0,0,0,0
1025,WLNM_dir_neg,0.918367346939,0.599422799423,00:00:01,10,30,14,1173777863,threshold_sweep,0.8,1,0.714285714286,0.833333333333,5,0,2,14,0.714285714286,1,0,0.285714285714,1,0.714285714286,0.833333333333,0.904761904762,0.587301587302,0.769230769231,0.790569415042,0.714285714286,20,13,7,0,20,0,13,0,7,11,20,0.181818181818,3.04338842975,3.63636363636,2,2.5,1.68954001271,0.464623503495,0.245454545455,1.16774841624,0.642261628933,0.336363636364,1.94000937205,1.06700515463,0.536363636364,1.05689877454,0.347276990411,3.54545454545,3.04338842975,1.05689877454,3.54545454545,0.499047619048,0.4,8,0.0484848484848,0.255555555556,11,11,11,1,0,0.0909090909091,0.636363636364,0.272727272727,11,0.118181818182,3.72727272727,2.36363636364,1.3,1.625,1.43336856898,0.6064251638,0.286713286713,0.603022689156,0.510249967747,0.237762237762,1.40129809949,1.18571377649,0.503496503497,2.05382127221,0.551025219373,7,3.72727272727,2.05382127221,7,0,0,0,0,0.22962962963,11,11,11,1,0,0.0909090909091,0.636363636364,0.272727272727,11,18,0.163636363636,3.11363636364,3.27272727273,1.8,2.25,1.42062726223,0.434080552347,0.227272727273,0.924416277737,0.564921058617,0.292929292929,1.68954001271,1.03249667443,0.525252525253,1.14353419474,0.367266456706,3.875,3.11363636364,1.14353419474,3.875,0.366666666667,0.266666666667,4,0.0242424242424,0.221111111111,11,11,11,1,0,0.0909090909091,0.636363636364,0.272727272727,-2,-0.0181818181818,0.0702479338843,-0.363636363636,-0.2,-0.25,-0.268912750482,-0.030542951148,-0.0181818181818,-0.243332138505,-0.0773405703161,-0.0434343434343,-0.250469359339,-0.0345084801933,-0.0111111111111,0.0866354202056,0.0199894662943,0.329545454545,0.0702479338843,0.0866354202056,0.329545454545,-0.132380952381,-0.133333333333,-4,-0.0242424242424,-0.0344444444444,0,0,0,18,0,2,90,0.9,1,0,0.1,1,0.9,0.947368421053,0.938314863257,0.9,0.9,5,7,0,0,0,0
1026,WLNM_dir_neg,0.918367346939,0.599422799423,00:00:01,10,30,14,1173777863,threshold_sweep,0.9,1,0.714285714286,0.833333333333,5,0,2,14,0.714285714286,1,0,0.285714285714,1,0.714285714286,0.833333333333,0.904761904762,0.587301587302,0.769230769231,0.790569415042,0.714285714286,20,13,7,0,20,0,13,0,7,11,20,0.181818181818,3.04338842975,3.63636363636,2,2.5,1.68954001271,0.464623503495,0.245454545455,1.16774841624,0.642261628933,0.336363636364,1.94000937205,1.06700515463,0.536363636364,1.05689877454,0.347276990411,3.54545454545,3.04338842975,1.05689877454,3.54545454545,0.499047619048,0.4,8,0.0484848484848,0.255555555556,11,11,11,1,0,0.0909090909091,0.636363636364,0.272727272727,11,0.118181818182,3.72727272727,2.36363636364,1.3,1.625,1.43336856898,0.6064251638,0.286713286713,0.603022689156,0.510249967747,0.237762237762,1.40129809949,1.18571377649,0.503496503497,2.05382127221,0.551025219373,7,3.72727272727,2.05382127221,7,0,0,0,0,0.22962962963,11,11,11,1,0,0.0909090909091,0.636363636364,0.272727272727,11,18,0.163636363636,3.11363636364,3.27272727273,1.8,2.25,1.42062726223,0.434080552347,0.227272727273,0.924416277737,0.564921058617,0.292929292929,1.68954001271,1.03249667443,0.525252525253,1.14353419474,0.367266456706,3.875,3.11363636364,1.14353419474,3.875,0.366666666667,0.266666666667,4,0.0242424242424,0.221111111111,11,11,11,1,0,0.0909090909091,0.636363636364,0.272727272727,-2,-0.0181818181818,0.0702479338843,-0.363636363636,-0.2,-0.25,-0.268912750482,-0.030542951148,-0.0181818181818,-0.243332138505,-0.0773405703161,-0.0434343434343,-0.250469359339,-0.0345084801933,-0.0111111111111,0.0866354202056,0.0199894662943,0.329545454545,0.0702479338843,0.0866354202056,0.329545454545,-0.132380952381,-0.133333333333,-4,-0.0242424242424,-0.0344444444444,0,0,0,18,0,2,90,0.9,1,0,0.1,1,0.9,0.947368421053,0.938314863257,0.9,0.9,5,7,0,0,0,0
1027,WLNM_dir_neg,0.928571428571,0.766352694924,00:00:01,10,30,15,1173777864,threshold_sweep,0.1,0.833333333333,0.714285714286,0.769230769231,5,1,2,13,0.714285714286,0.928571428571,0.0714285714286,0.285714285714,0.833333333333,0.714285714286,0.769230769231,0.857142857143,0.571428571429,0.666666666667,0.67082039325,0.642857142857,20,13,7,0,20,0,13,0,7,11,20,0.181818181818,3.04338842975,3.63636363636,2,2.5,1.68954001271,0.464623503495,0.245454545455,1.16774841624,0.642261628933,0.336363636364,1.94000937205,1.06700515463,0.536363636364,1.05689877454,0.347276990411,3.54545454545,3.04338842975,1.05689877454,3.54545454545,0.499047619048,0.4,8,0.0484848484848,0.255555555556,11,11,11,1,0,0.0909090909091,0.636363636364,0.272727272727,11,0.118181818182,3.72727272727,2.36363636364,1.3,1.625,1.43336856898,0.6064251638,0.286713286713,0.603022689156,0.510249967747,0.237762237762,1.40129809949,1.18571377649,0.503496503497,2.05382127221,0.551025219373,7,3.72727272727,2.05382127221,7,0,0,0,0,0.22962962963,11,11,11,1,0,0.0909090909091,0.636363636364,0.272727272727,11,19,0.172727272727,3.14772727273,3.45454545455,1.9,2.11111111111,1.36847625947,0.396137864583,0.205741626794,1.00904995822,0.584186817916,0.306220095694,1.61807966991,0.936782966791,0.468899521531,1.18338851637,0.375950142385,3.96875,3.14772727273,1.18338851637,3.96875,0.41,0.3,5,0.030303030303,0.214444444444,11,11,11,1,0,0.0909090909091,0.727272727273,0.181818181818,-1,-0.00909090909091,0.104338842975,-0.181818181818,-0.1,-0.388888888889,-0.321063753241,-0.0684856389122,-0.0397129186603,-0.158698458023,-0.058074811017,-0.0301435406699,-0.321929702137,-0.130222187836,-0.0674641148325,0.126489741835,0.0286731519741,0.423295454545,0.104338842975,0.126489741835,0.423295454545,-0.0890476190476,-0.1,-3,-0.0181818181818,-0.0411111111111,0,0.0909090909091,-0.0909090909091,18,1,2,89,0.9,0.988888888889,0.0111111111111,0.1,0.947368421053,0.9,0.923076923077,0.906956031802,0.888888888889,0.857142857143,6,7,0,0,0,0
1028,WLNM_dir_neg,0.928571428571,0.766352694924,00:00:01,10,30,15,1173777864,threshold_sweep,0.2,0.833333333333,0.714285714286,0.769230769231,5,1,2,13,0.714285714286,0.928571428571,0.0714285714286,0.285714285714,0.833333333333,0.714285714286,0.769230769231,0.857142857143,0.571428571429,0.666666666667,0.67082039325,0.642857142857,20,13,7,0,20,0,13,0,7,11,20,0.181818181818,3.04338842975,3.63636363636,2,2.5,1.68954001271,0.464623503495,0.245454545455,1.16774841624,0.642261628933,0.336363636364,1.94000937205,1.06700515463,0.536363636364,1.05689877454,0.347276990411,3.54545454545,3.04338842975,1.05689877454,3.54545454545,0.499047619048,0.4,8,0.0484848484848,0.255555555556,11,11,11,1,0,0.0909090909091,0.636363636364,0.272727272727,11,0.118181818182,3.72727272727,2.36363636364,1.3,1.625,1.43336856898,0.6064251638,0.286713286713,0.603022689156,0.510249967747,0.237762237762,1.40129809949,1.18571377649,0.503496503497,2.05382127221,0.551025219373,7,3.72727272727,2.05382127221,7,0,0,0,0,0.22962962963,11,11,11,1,0,0.0909090909091,0.636363636364,0.272727272727,11,19,0.172727272727,3.14772727273,3.45454545455,1.9,2.11111111111,1.36847625947,0.396137864583,0.205741626794,1.00904995822,0.584186817916,0.306220095694,1.61807966991,0.936782966791,0.468899521531,1.18338851637,0.375950142385,3.96875,3.14772727273,1.18338851637,3.96875,0.41,0.3,5,0.030303030303,0.214444444444,11,11,11,1,0,0.0909090909091,0.727272727273,0.181818181818,-1,-0.00909090909091,0.104338842975,-0.181818181818,-0.1,-0.388888888889,-0.321063753241,-0.0684856389122,-0.0397129186603,-0.158698458023,-0.058074811017,-0.0301435406699,-0.321929702137,-0.130222187836,-0.0674641148325,0.126489741835,0.0286731519741,0.423295454545,0.104338842975,0.126489741835,0.423295454545,-0.0890476190476,-0.1,-3,-0.0181818181818,-0.0411111111111,0,0.0909090909091,-0.0909090909091,18,1,2,89,0.9,0.988888888889,0.0111111111111,0.1,0.947368421053,0.9,0.923076923077,0.906956031802,0.888888888889,0.857142857143,6,7,0,0,0,0
1029,WLNM_dir_neg,0.928571428571,0.766352694924,00:00:01,10,30,15,1173777864,threshold_sweep,0.3,0.833333333333,0.714285714286,0.769230769231,5,1,2,13,0.714285714286,0.928571428571,0.0714285714286,0.285714285714,0.833333333333,0.714285714286,0.769230769231,0.857142857143,0.571428571429,0.666666666667,0.67082039325,0.642857142857,20,13,7,0,20,0,13,0,7,11,20,0.181818181818,3.04338842975,3.63636363636,2,2.5,1.68954001271,0.464623503495,0.245454545455,1.16774841624,0.642261628933,0.336363636364,1.94000937205,1.06700515463,0.536363636364,1.05689877454,0.347276990411,3.54545454545,3.04338842975,1.05689877454,3.54545454545,0.499047619048,0.4,8,0.0484848484848,0.255555555556,11,11,11,1,0,0.0909090909091,0.636363636364,0.272727272727,11,0.118181818182,3.72727272727,2.36363636364,1.3,1.625,1.43336856898,0.6064251638,0.286713286713,0.603022689156,0.510249967747,0.237762237762,1.40129809949,1.18571377649,0.503496503497,2.05382127221,0.551025219373,7,3.72727272727,2.05382127221,7,0,0,0,0,0.22962962963,11,11,11,1,0,0.0909090909091,0.636363636364,0.272727272727,11,19,0.172727272727,3.14772727273,3.45454545455,1.9,2.11111111111,1.36847625947,0.396137864583,0.205741626794,1.00904995822,0.584186817916,0.306220095694,1.61807966991,0.936782966791,0.468899521531,1.18338851637,0.375950142385,3.96875,3.14772727273,1.18338851637,3.96875,0.41,0.3,5,0.030303030303,0.214444444444,11,11,11,1,0,0.0909090909091,0.727272727273,0.181818181818,-1,-0.00909090909091,0.104338842975,-0.181818181818,-0.1,-0.388888888889,-0.321063753241,-0.0684856389122,-0.0397129186603,-0.158698458023,-0.058074811017,-0.0301435406699,-0.321929702137,-0.130222187836,-0.0674641148325,0.126489741835,0.0286731519741,0.423295454545,0.104338842975,0.126489741835,0.423295454545,-0.0890476190476,-0.1,-3,-0.0181818181818,-0.0411111111111,0,0.0909090909091,-0.0909090909091,18,1,2,89,0.9,0.988888888889,0.0111111111111,0.1,0.947368421053,0.9,0.923076923077,0.906956031802,0.888888888889,0.857142857143,6,7,0,0,0,0
1030,WLNM_dir_neg,0.928571428571,0.766352694924,00:00:01,10,30,15,1173777864,threshold_sweep,0.4,0.833333333333,0.714285714286,0.769230769231,5,1,2,13,0.714285714286,0.928571428571,0.0714285714286,0.285714285714,0.833333333333,0.714285714286,0.769230769231,0.857142857143,0.571428571429,0.666666666667,0.67082039325,0.642857142857,20,13,7,0,20,0,13,0,7,11,20,0.181818181818,3.04338842975,3.63636363636,2,2.5,1.68954001271,0.464623503495,0.245454545455,1.16774841624,0.642261628933,0.336363636364,1.94000937205,1.06700515463,0.536363636364,1.05689877454,0.347276990411,3.54545454545,3.04338842975,1.05689877454,3.54545454545,0.499047619048,0.4,8,0.0484848484848,0.255555555556,11,11,11,1,0,0.0909090909091,0.636363636364,0.272727272727,11,0.118181818182,3.72727272727,2.36363636364,1.3,1.625,1.43336856898,0.6064251638,0.286713286713,0.603022689156,0.510249967747,0.237762237762,1.40129809949,1.18571377649,0.503496503497,2.05382127221,0.551025219373,7,3.72727272727,2.05382127221,7,0,0,0,0,0.22962962963,11,11,11,1,0,0.0909090909091,0.636363636364,0.272727272727,11,19,0.172727272727,3.14772727273,3.45454545455,1.9,2.11111111111,1.36847625947,0.396137864583,0.205741626794,1.00904995822,0.584186817916,0.306220095694,1.61807966991,0.936782966791,0.468899521531,1.18338851637,0.375950142385,3.96875,3.14772727273,1.18338851637,3.96875,0.41,0.3,5,0.030303030303,0.214444444444,11,11,11,1,0,0.0909090909091,0.727272727273,0.181818181818,-1,-0.00909090909091,0.104338842975,-0.181818181818,-0.1,-0.388888888889,-0.321063753241,-0.0684856389122,-0.0397129186603,-0.158698458023,-0.058074811017,-0.0301435406699,-0.321929702137,-0.130222187836,-0.0674641148325,0.126489741835,0.0286731519741,0.423295454545,0.104338842975,0.126489741835,0.423295454545,-0.0890476190476,-0.1,-3,-0.0181818181818,-0.0411111111111,0,0.0909090909091,-0.0909090909091,18,1,2,89,0.9,0.988888888889,0.0111111111111,0.1,0.947368421053,0.9,0.923076923077,0.906956031802,0.888888888889,0.857142857143,6,7,0,0,0,0
1031,WLNM_dir_neg,0.928571428571,0.766352694924,00:00:01,10,30,15,1173777864,threshold_sweep,0.5,0.833333333333,0.714285714286,0.769230769231,5,1,2,13,0.714285714286,0.928571428571,0.0714285714286,0.285714285714,0.833333333333,0.714285714286,0.769230769231,0.857142857143,0.571428571429,0.666666666667,0.67082039325,0.642857142857,20,13,7,0,20,0,13,0,7,11,20,0.181818181818,3.04338842975,3.63636363636,2,2.5,1.68954001271,0.464623503495,0.245454545455,1.16774841624,0.642261628933,0.336363636364,1.94000937205,1.06700515463,0.536363636364,1.05689877454,0.347276990411,3.54545454545,3.04338842975,1.05689877454,3.54545454545,0.499047619048,0.4,8,0.0484848484848,0.255555555556,11,11,11,1,0,0.0909090909091,0.636363636364,0.272727272727,11,0.118181818182,3.72727272727,2.36363636364,1.3,1.625,1.43336856898,0.6064251638,0.286713286713,0.603022689156,0.510249967747,0.237762237762,1.40129809949,1.18571377649,0.503496503497,2.05382127221,0.551025219373,7,3.72727272727,2.05382127221,7,0,0,0,0,0.22962962963,11,11,11,1,0,0.0909090909091,0.636363636364,0.272727272727,11,19,0.172727272727,3.14772727273,3.45454545455,1.9,2.11111111111,1.36847625947,0.396137864583,0.205741626794,1.00904995822,0.584186817916,0.306220095694,1.61807966991,0.936782966791,0.468899521531,1.18338851637,0.375950142385,3.96875,3.14772727273,1.18338851637,3.96875,0.41,0.3,5,0.030303030303,0.214444444444,11,11,11,1,0,0.0909090909091,0.727272727273,0.181818181818,-1,-0.00909090909091,0.104338842975,-0.181818181818,-0.1,-0.388888888889,-0.321063753241,-0.0684856389122,-0.0397129186603,-0.158698458023,-0.058074811017,-0.0301435406699,-0.321929702137,-0.130222187836,-0.0674641148325,0.126489741835,0.0286731519741,0.423295454545,0.104338842975,0.126489741835,0.423295454545,-0.0890476190476,-0.1,-3,-0.0181818181818,-0.0411111111111,0,0.0909090909091,-0.0909090909091,18,1,2,89,0.9,0.988888888889,0.0111111111111,0.1,0.947368421053,0.9,0.923076923077,0.906956031802,0.888888888889,0.857142857143,6,7,0,0,0,0
1032,WLNM_dir_neg,0.928571428571,0.766352694924,00:00:01,10,30,15,1173777864,threshold_sweep,0.6,0.833333333333,0.714285714286,0.769230769231,5,1,2,13,0.714285714286,0.928571428571,0.0714285714286,0.285714285714,0.833333333333,0.714285714286,0.769230769231,0.857142857143,0.571428571429,0.666666666667,0.67082039325,0.642857142857,20,13,7,0,20,0,13,0,7,11,20,0.181818181818,3.04338842975,3.63636363636,2,2.5,1.68954001271,0.464623503495,0.245454545455,1.16774841624,0.642261628933,0.336363636364,1.94000937205,1.06700515463,0.536363636364,1.05689877454,0.347276990411,3.54545454545,3.04338842975,1.05689877454,3.54545454545,0.499047619048,0.4,8,0.0484848484848,0.255555555556,11,11,11,1,0,0.0909090909091,0.636363636364,0.272727272727,11,0.118181818182,3.72727272727,2.36363636364,1.3,1.625,1.43336856898,0.6064251638,0.286713286713,0.603022689156,0.510249967747,0.237762237762,1.40129809949,1.18571377649,0.503496503497,2.05382127221,0.551025219373,7,3.72727272727,2.05382127221,7,0,0,0,0,0.22962962963,11,11,11,1,0,0.0909090909091,0.636363636364,0.272727272727,11,19,0.172727272727,3.14772727273,3.45454545455,1.9,2.11111111111,1.36847625947,0.396137864583,0.205741626794,1.00904995822,0.584186817916,0.306220095694,1.61807966991,0.936782966791,0.468899521531,1.18338851637,0.375950142385,3.96875,3.14772727273,1.18338851637,3.96875,0.41,0.3,5,0.030303030303,0.214444444444,11,11,11,1,0,0.0909090909091,0.727272727273,0.181818181818,-1,-0.00909090909091,0.104338842975,-0.181818181818,-0.1,-0.388888888889,-0.321063753241,-0.0684856389122,-0.0397129186603,-0.158698458023,-0.058074811017,-0.0301435406699,-0.321929702137,-0.130222187836,-0.0674641148325,0.126489741835,0.0286731519741,0.423295454545,0.104338842975,0.126489741835,0.423295454545,-0.0890476190476,-0.1,-3,-0.0181818181818,-0.0411111111111,0,0.0909090909091,-0.0909090909091,18,1,2,89,0.9,0.988888888889,0.0111111111111,0.1,0.947368421053,0.9,0.923076923077,0.906956031802,0.888888888889,0.857142857143,6,7,0,0,0,0
1033,WLNM_dir_neg,0.928571428571,0.766352694924,00:00:01,10,30,15,1173777864,threshold_sweep,0.7,0.833333333333,0.714285714286,0.769230769231,5,1,2,13,0.714285714286,0.928571428571,0.0714285714286,0.285714285714,0.833333333333,0.714285714286,0.769230769231,0.857142857143,0.571428571429,0.666666666667,0.67082039325,0.642857142857,20,13,7,0,20,0,13,0,7,11,20,0.181818181818,3.04338842975,3.63636363636,2,2.5,1.68954001271,0.464623503495,0.245454545455,1.16774841624,0.642261628933,0.336363636364,1.94000937205,1.06700515463,0.536363636364,1.05689877454,0.347276990411,3.54545454545,3.04338842975,1.05689877454,3.54545454545,0.499047619048,0.4,8,0.0484848484848,0.255555555556,11,11,11,1,0,0.0909090909091,0.636363636364,0.272727272727,11,0.118181818182,3.72727272727,2.36363636364,1.3,1.625,1.43336856898,0.6064251638,0.286713286713,0.603022689156,0.510249967747,0.237762237762,1.40129809949,1.18571377649,0.503496503497,2.05382127221,0.551025219373,7,3.72727272727,2.05382127221,7,0,0,0,0,0.22962962963,11,11,11,1,0,0.0909090909091,0.636363636364,0.272727272727,11,19,0.172727272727,3.14772727273,3.45454545455,1.9,2.11111111111,1.36847625947,0.396137864583,0.205741626794,1.00904995822,0.584186817916,0.306220095694,1.61807966991,0.936782966791,0.468899521531,1.18338851637,0.375950142385,3.96875,3.14772727273,1.18338851637,3.96875,0.41,0.3,5,0.030303030303,0.214444444444,11,11,11,1,0,0.0909090909091,0.727272727273,0.181818181818,-1,-0.00909090909091,0.104338842975,-0.181818181818,-0.1,-0.388888888889,-0.321063753241,-0.0684856389122,-0.0397129186603,-0.158698458023,-0.058074811017,-0.0301435406699,-0.321929702137,-0.130222187836,-0.0674641148325,0.126489741835,0.0286731519741,0.423295454545,0.104338842975,0.126489741835,0.423295454545,-0.0890476190476,-0.1,-3,-0.0181818181818,-0.0411111111111,0,0.0909090909091,-0.0909090909091,18,1,2,89,0.9,0.988888888889,0.0111111111111,0.1,0.947368421053,0.9,0.923076923077,0.906956031802,0.888888888889,0.857142857143,6,7,0,0,0,0
1034,WLNM_dir_neg,0.928571428571,0.766352694924,00:00:01,10,30,15,1173777864,threshold_sweep,0.8,0.833333333333,0.714285714286,0.769230769231,5,1,2,13,0.714285714286,0.928571428571,0.0714285714286,0.285714285714,0.833333333333,0.714285714286,0.769230769231,0.857142857143,0.571428571429,0.666666666667,0.67082039325,0.642857142857,20,13,7,0,20,0,13,0,7,11,20,0.181818181818,3.04338842975,3.63636363636,2,2.5,1.68954001271,0.464623503495,0.245454545455,1.16774841624,0.642261628933,0.336363636364,1.94000937205,1.06700515463,0.536363636364,1.05689877454,0.347276990411,3.54545454545,3.04338842975,1.05689877454,3.54545454545,0.499047619048,0.4,8,0.0484848484848,0.255555555556,11,11,11,1,0,0.0909090909091,0.636363636364,0.272727272727,11,0.118181818182,3.72727272727,2.36363636364,1.3,1.625,1.43336856898,0.6064251638,0.286713286713,0.603022689156,0.510249967747,0.237762237762,1.40129809949,1.18571377649,0.503496503497,2.05382127221,0.551025219373,7,3.72727272727,2.05382127221,7,0,0,0,0,0.22962962963,11,11,11,1,0,0.0909090909091,0.636363636364,0.272727272727,11,19,0.172727272727,3.14772727273,3.45454545455,1.9,2.11111111111,1.36847625947,0.396137864583,0.205741626794,1.00904995822,0.584186817916,0.306220095694,1.61807966991,0.936782966791,0.468899521531,1.18338851637,0.375950142385,3.96875,3.14772727273,1.18338851637,3.96875,0.41,0.3,5,0.030303030303,0.214444444444,11,11,11,1,0,0.0909090909091,0.727272727273,0.181818181818,-1,-0.00909090909091,0.104338842975,-0.181818181818,-0.1,-0.388888888889,-0.321063753241,-0.0684856389122,-0.0397129186603,-0.158698458023,-0.058074811017,-0.0301435406699,-0.321929702137,-0.130222187836,-0.0674641148325,0.126489741835,0.0286731519741,0.423295454545,0.104338842975,0.126489741835,0.423295454545,-0.0890476190476,-0.1,-3,-0.0181818181818,-0.0411111111111,0,0.0909090909091,-0.0909090909091,18,1,2,89,0.9,0.988888888889,0.0111111111111,0.1,0.947368421053,0.9,0.923076923077,0.906956031802,0.888888888889,0.857142857143,6,7,0,0,0,0
1035,WLNM_dir_neg,0.928571428571,0.766352694924,00:00:01,10,30,15,1173777864,threshold_sweep,0.9,0.833333333333,0.714285714286,0.769230769231,5,1,2,13,0.714285714286,0.928571428571,0.0714285714286,0.285714285714,0.833333333333,0.714285714286,0.769230769231,0.857142857143,0.571428571429,0.666666666667,0.67082039325,0.642857142857,20,13,7,0,20,0,13,0,7,11,20,0.181818181818,3.04338842975,3.63636363636,2,2.5,1.68954001271,0.464623503495,0.245454545455,1.16774841624,0.642261628933,0.336363636364,1.94000937205,1.06700515463,0.536363636364,1.05689877454,0.347276990411,3.54545454545,3.04338842975,1.05689877454,3.54545454545,0.499047619048,0.4,8,0.0484848484848,0.255555555556,11,11,11,1,0,0.0909090909091,0.636363636364,0.272727272727,11,0.118181818182,3.72727272727,2.36363636364,1.3,1.625,1.43336856898,0.6064251638,0.286713286713,0.603022689156,0.510249967747,0.237762237762,1.40129809949,1.18571377649,0.503496503497,2.05382127221,0.551025219373,7,3.72727272727,2.05382127221,7,0,0,0,0,0.22962962963,11,11,11,1,0,0.0909090909091,0.636363636364,0.272727272727,11,19,0.172727272727,3.14772727273,3.45454545455,1.9,2.11111111111,1.36847625947,0.396137864583,0.205741626794,1.00904995822,0.584186817916,0.306220095694,1.61807966991,0.936782966791,0.468899521531,1.18338851637,0.375950142385,3.96875,3.14772727273,1.18338851637,3.96875,0.41,0.3,5,0.030303030303,0.214444444444,11,11,11,1,0,0.0909090909091,0.727272727273,0.181818181818,-1,-0.00909090909091,0.104338842975,-0.181818181818,-0.1,-0.388888888889,-0.321063753241,-0.0684856389122,-0.0397129186603,-0.158698458023,-0.058074811017,-0.0301435406699,-0.321929702137,-0.130222187836,-0.0674641148325,0.126489741835,0.0286731519741,0.423295454545,0.104338842975,0.126489741835,0.423295454545,-0.0890476190476,-0.1,-3,-0.0181818181818,-0.0411111111111,0,0.0909090909091,-0.0909090909091,18,1,2,89,0.9,0.988888888889,0.0111111111111,0.1,0.947368421053,0.9,0.923076923077,0.906956031802,0.888888888889,0.857142857143,6,7,0,0,0,0
1036,WLNM_dir_neg,0.908163265306,0.734595959596,00:00:01,10,30,16,1173777865,threshold_sweep,0.1,1,0.428571428571,0.6,3,0,4,14,0.428571428571,1,0,0.571428571429,1,0.428571428571,0.6,0.809523809524,0.619047619048,0.5,0.57735026919,0.428571428571,20,13,7,0,20,0,13,0,7,11,20,0.181818181818,3.04338842975,3.63636363636,2,2.5,1.68954001271,0.464623503495,0.245454545455,1.16774841624,0.642261628933,0.336363636364,1.94000937205,1.06700515463,0.536363636364,1.05689877454,0.347276990411,3.54545454545,3.04338842975,1.05689877454,3.54545454545,0.499047619048,0.4,8,0.0484848484848,0.255555555556,11,11,11,1,0,0.0909090909091,0.636363636364,0.272727272727,11,0.118181818182,3.72727272727,2.36363636364,1.3,1.625,1.43336856898,0.6064251638,0.286713286713,0.603022689156,0.510249967747,0.237762237762,1.40129809949,1.18571377649,0.503496503497,2.05382127221,0.551025219373,7,3.72727272727,2.05382127221,7,0,0,0,0,0.22962962963,11,11,11,1,0,0.0909090909091,0.636363636364,0.272727272727,11,16,0.145454545455,3.25,2.90909090909,1.6,2,1.22102788294,0.41972833476,0.181818181818,0.687551650952,0.47269176003,0.227272727273,1.50755672289,1.03644524699,0.511363636364,1.3758835545,0.423348786001,4.66666666667,3.25,1.3758835545,4.66666666667,0.213333333333,0.176470588235,2,0.0121212121212,0.192592592593,11,11,11,1,0,0.0909090909091,0.636363636364,0.272727272727,-4,-0.0363636363636,0.206611570248,-0.727272727273,-0.4,-0.5,-0.468512129772,-0.0448951687355,-0.0636363636364,-0.48019676529,-0.169569868904,-0.109090909091,-0.43245264916,-0.0305599076407,-0.025,0.318984779967,0.07607179559,1.12121212121,0.206611570248,0.318984779967,1.12121212121,-0.285714285714,-0.223529411765,-6,-0.0363636363636,-0.062962962963,0,0,0,16,0,4,90,0.8,1,0,0.2,1,0.8,0.888888888889,0.875189948987,0.8,0.8,3,7,0,0,0,0
1037,WLNM_dir_neg,0.908163265306,0.734595959596,00:00:01,10,30,16,1173777865,threshold_sweep,0.2,1,0.428571428571,0.6,3,0,4,14,0.428571428571,1,0,0.571428571429,1,0.428571428571,0.6,0.809523809524,0.619047619048,0.5,0.57735026919,0.428571428571,20,13,7,0,20,0,13,0,7,11,20,0.181818181818,3.04338842975,3.63636363636,2,2.5,1.68954001271,0.464623503495,0.245454545455,1.16774841624,0.642261628933,0.336363636364,1.94000937205,1.06700515463,0.536363636364,1.05689877454,0.347276990411,3.54545454545,3.04338842975,1.05689877454,3.54545454545,0.499047619048,0.4,8,0.0484848484848,0.255555555556,11,11,11,1,0,0.0909090909091,0.636363636364,0.272727272727,11,0.118181818182,3.72727272727,2.36363636364,1.3,1.625,1.43336856898,0.6064251638,0.286713286713,0.603022689156,0.510249967747,0.237762237762,1.40129809949,1.18571377649,0.503496503497,2.05382127221,0.551025219373,7,3.72727272727,2.05382127221,7,0,0,0,0,0.22962962963,11,11,11,1,0,0.0909090909091,0.636363636364,0.272727272727,11,16,0.145454545455,3.25,2.90909090909,1.6,2,1.22102788294,0.41972833476,0.181818181818,0.687551650952,0.47269176003,0.227272727273,1.50755672289,1.03644524699,0.511363636364,1.3758835545,0.423348786001,4.66666666667,3.25,1.3758835545,4.66666666667,0.213333333333,0.176470588235,2,0.0121212121212,0.192592592593,11,11,11,1,0,0.0909090909091,0.636363636364,0.272727272727,-4,-0.0363636363636,0.206611570248,-0.727272727273,-0.4,-0.5,-0.468512129772,-0.0448951687355,-0.0636363636364,-0.48019676529,-0.169569868904,-0.109090909091,-0.43245264916,-0.0305599076407,-0.025,0.318984779967,0.07607179559,1.12121212121,0.206611570248,0.318984779967,1.12121212121,-0.285714285714,-0.223529411765,-6,-0.0363636363636,-0.062962962963,0,0,0,16,0,4,90,0.8,1,0,0.2,1,0.8,0.888888888889,0.875189948987,0.8,0.8,3,7,0,0,0,0
1038,WLNM_dir_neg,0.908163265306,0.734595959596,00:00:01,10,30,16,1173777865,threshold_sweep,0.3,1,0.428571428571,0.6,3,0,4,14,0.428571428571,1,0,0.571428571429,1,0.428571428571,0.6,0.809523809524,0.619047619048,0.5,0.57735026919,0.428571428571,20,13,7,0,20,0,13,0,7,11,20,0.181818181818,3.04338842975,3.63636363636,2,2.5,1.68954001271,0.464623503495,0.245454545455,1.16774841624,0.642261628933,0.336363636364,1.94000937205,1.06700515463,0.536363636364,1.05689877454,0.347276990411,3.54545454545,3.04338842975,1.05689877454,3.54545454545,0.499047619048,0.4,8,0.0484848484848,0.255555555556,11,11,11,1,0,0.0909090909091,0.636363636364,0.272727272727,11,0.118181818182,3.72727272727,2.36363636364,1.3,1.625,1.43336856898,0.6064251638,0.286713286713,0.603022689156,0.510249967747,0.237762237762,1.40129809949,1.18571377649,0.503496503497,2.05382127221,0.551025219373,7,3.72727272727,2.05382127221,7,0,0,0,0,0.22962962963,11,11,11,1,0,0.0909090909091,0.636363636364,0.272727272727,11,16,0.145454545455,3.25,2.90909090909,1.6,2,1.22102788294,0.41972833476,0.181818181818,0.687551650952,0.47269176003,0.227272727273,1.50755672289,1.03644524699,0.511363636364,1.3758835545,0.423348786001,4.66666666667,3.25,1.3758835545,4.66666666667,0.213333333333,0.176470588235,2,0.0121212121212,0.192592592593,11,11,11,1,0,0.0909090909091,0.636363636364,0.272727272727,-4,-0.0363636363636,0.206611570248,-0.727272727273,-0.4,-0.5,-0.468512129772,-0.0448951687355,-0.0636363636364,-0.48019676529,-0.169569868904,-0.109090909091,-0.43245264916,-0.0305599076407,-0.025,0.318984779967,0.07607179559,1.12121212121,0.206611570248,0.318984779967,1.12121212121,-0.285714285714,-0.223529411765,-6,-0.0363636363636,-0.062962962963,0,0,0,16,0,4,90,0.8,1,0,0.2,1,0.8,0.888888888889,0.875189948987,0.8,0.8,3,7,0,0,0,0
1039,WLNM_dir_neg,0.908163265306,0.734595959596,00:00:01,10,30,16,1173777865,threshold_sweep,0.4,1,0.428571428571,0.6,3,0,4,14,0.428571428571,1,0,0.571428571429,1,0.428571428571,0.6,0.809523809524,0.619047619048,0.5,0.57735026919,0.428571428571,20,13,7,0,20,0,13,0,7,11,20,0.181818181818,3.04338842975,3.63636363636,2,2.5,1.68954001271,0.464623503495,0.245454545455,1.16774841624,0.642261628933,0.336363636364,1.94000937205,1.06700515463,0.536363636364,1.05689877454,0.347276990411,3.54545454545,3.04338842975,1.05689877454,3.54545454545,0.499047619048,0.4,8,0.0484848484848,0.255555555556,11,11,11,1,0,0.0909090909091,0.636363636364,0.272727272727,11,0.118181818182,3.72727272727,2.36363636364,1.3,1.625,1.43336856898,0.6064251638,0.286713286713,0.603022689156,0.510249967747,0.237762237762,1.40129809949,1.18571377649,0.503496503497,2.05382127221,0.551025219373,7,3.72727272727,2.05382127221,7,0,0,0,0,0.22962962963,11,11,11,1,0,0.0909090909091,0.636363636364,0.272727272727,11,16,0.145454545455,3.25,2.90909090909,1.6,2,1.22102788294,0.41972833476,0.181818181818,0.687551650952,0.47269176003,0.227272727273,1.50755672289,1.03644524699,0.511363636364,1.3758835545,0.423348786001,4.66666666667,3.25,1.3758835545,4.66666666667,0.213333333333,0.176470588235,2,0.0121212121212,0.192592592593,11,11,11,1,0,0.0909090909091,0.636363636364,0.272727272727,-4,-0.0363636363636,0.206611570248,-0.727272727273,-0.4,-0.5,-0.468512129772,-0.0448951687355,-0.0636363636364,-0.48019676529,-0.169569868904,-0.109090909091,-0.43245264916,-0.0305599076407,-0.025,0.318984779967,0.07607179559,1.12121212121,0.206611570248,0.318984779967,1.12121212121,-0.285714285714,-0.223529411765,-6,-0.0363636363636,-0.062962962963,0,0,0,16,0,4,90,0.8,1,0,0.2,1,0.8,0.888888888889,0.875189948987,0.8,0.8,3,7,0,0,0,0
1040,WLNM_dir_neg,0.908163265306,0.734595959596,00:00:01,10,30,16,1173777865,threshold_sweep,0.5,1,0.428571428571,0.6,3,0,4,14,0.428571428571,1,0,0.571428571429,1,0.428571428571,0.6,0.809523809524,0.619047619048,0.5,0.57735026919,0.428571428571,20,13,7,0,20,0,13,0,7,11,20,0.181818181818,3.04338842975,3.63636363636,2,2.5,1.68954001271,0.464623503495,0.245454545455,1.16774841624,0.642261628933,0.336363636364,1.94000937205,1.06700515463,0.536363636364,1.05689877454,0.347276990411,3.54545454545,3.04338842975,1.05689877454,3.54545454545,0.499047619048,0.4,8,0.0484848484848,0.255555555556,11,11,11,1,0,0.0909090909091,0.636363636364,0.272727272727,11,0.118181818182,3.72727272727,2.36363636364,1.3,1.625,1.43336856898,0.6064251638,0.286713286713,0.603022689156,0.510249967747,0.237762237762,1.40129809949,1.18571377649,0.503496503497,2.05382127221,0.551025219373,7,3.72727272727,2.05382127221,7,0,0,0,0,0.22962962963,11,11,11,1,0,0.0909090909091,0.636363636364,0.272727272727,11,16,0.145454545455,3.25,2.90909090909,1.6,2,1.22102788294,0.41972833476,0.181818181818,0.687551650952,0.47269176003,0.227272727273,1.50755672289,1.03644524699,0.511363636364,1.3758835545,0.423348786001,4.66666666667,3.25,1.3758835545,4.66666666667,0.213333333333,0.176470588235,2,0.0121212121212,0.192592592593,11,11,11,1,0,0.0909090909091,0.636363636364,0.272727272727,-4,-0.0363636363636,0.206611570248,-0.727272727273,-0.4,-0.5,-0.468512129772,-0.0448951687355,-0.0636363636364,-0.48019676529,-0.169569868904,-0.109090909091,-0.43245264916,-0.0305599076407,-0.025,0.318984779967,0.07607179559,1.12121212121,0.206611570248,0.318984779967,1.12121212121,-0.285714285714,-0.223529411765,-6,-0.0363636363636,-0.062962962963,0,0,0,16,0,4,90,0.8,1,0,0.2,1,0.8,0.888888888889,0.875189948987,0.8,0.8,3,7,0,0,0,0
1041,WLNM_dir_neg,0.908163265306,0.734595959596,00:00:01,10,30,16,1173777865,threshold_sweep,0.6,1,0.428571428571,0.6,3,0,4,14,0.428571428571,1,0,0.571428571429,1,0.428571428571,0.6,0.809523809524,0.619047619048,0.5,0.57735026919,0.428571428571,20,13,7,0,20,0,13,0,7,11,20,0.181818181818,3.04338842975,3.63636363636,2,2.5,1.68954001271,0.464623503495,0.245454545455,1.16774841624,0.642261628933,0.336363636364,1.94000937205,1.06700515463,0.536363636364,1.05689877454,0.347276990411,3.54545454545,3.04338842975,1.05689877454,3.54545454545,0.499047619048,0.4,8,0.0484848484848,0.255555555556,11,11,11,1,0,0.0909090909091,0.636363636364,0.272727272727,11,0.118181818182,3.72727272727,2.36363636364,1.3,1.625,1.43336856898,0.6064251638,0.286713286713,0.603022689156,0.510249967747,0.237762237762,1.40129809949,1.18571377649,0.503496503497,2.05382127221,0.551025219373,7,3.72727272727,2.05382127221,7,0,0,0,0,0.22962962963,11,11,11,1,0,0.0909090909091,0.636363636364,0.272727272727,11,16,0.145454545455,3.25,2.90909090909,1.6,2,1.22102788294,0.41972833476,0.181818181818,0.687551650952,0.47269176003,0.227272727273,1.50755672289,1.03644524699,0.511363636364,1.3758835545,0.423348786001,4.66666666667,3.25,1.3758835545,4.66666666667,0.213333333333,0.176470588235,2,0.0121212121212,0.192592592593,11,11,11,1,0,0.0909090909091,0.636363636364,0.272727272727,-4,-0.0363636363636,0.206611570248,-0.727272727273,-0.4,-0.5,-0.468512129772,-0.0448951687355,-0.0636363636364,-0.48019676529,-0.169569868904,-0.109090909091,-0.43245264916,-0.0305599076407,-0.025,0.318984779967,0.07607179559,1.12121212121,0.206611570248,0.318984779967,1.12121212121,-0.285714285714,-0.223529411765,-6,-0.0363636363636,-0.062962962963,0,0,0,16,0,4,90,0.8,1,0,0.2,1,0.8,0.888888888889,0.875189948987,0.8,0.8,3,7,0,0,0,0
1042,WLNM_dir_neg,0.908163265306,0.734595959596,00:00:01,10,30,16,1173777865,threshold_sweep,0.7,1,0.428571428571,0.6,3,0,4,14,0.428571428571,1,0,0.571428571429,1,0.428571428571,0.6,0.809523809524,0.619047619048,0.5,0.57735026919,0.428571428571,20,13,7,0,20,0,13,0,7,11,20,0.181818181818,3.04338842975,3.63636363636,2,2.5,1.68954001271,0.464623503495,0.245454545455,1.16774841624,0.642261628933,0.336363636364,1.94000937205,1.06700515463,0.536363636364,1.05689877454,0.347276990411,3.54545454545,3.04338842975,1.05689877454,3.54545454545,0.499047619048,0.4,8,0.0484848484848,0.255555555556,11,11,11,1,0,0.0909090909091,0.636363636364,0.272727272727,11,0.118181818182,3.72727272727,2.36363636364,1.3,1.625,1.43336856898,0.6064251638,0.286713286713,0.603022689156,0.510249967747,0.237762237762,1.40129809949,1.18571377649,0.503496503497,2.05382127221,0.551025219373,7,3.72727272727,2.05382127221,7,0,0,0,0,0.22962962963,11,11,11,1,0,0.0909090909091,0.636363636364,0.272727272727,11,16,0.145454545455,3.25,2.90909090909,1.6,2,1.22102788294,0.41972833476,0.181818181818,0.687551650952,0.47269176003,0.227272727273,1.50755672289,1.03644524699,0.511363636364,1.3758835545,0.423348786001,4.66666666667,3.25,1.3758835545,4.66666666667,0.213333333333,0.176470588235,2,0.0121212121212,0.192592592593,11,11,11,1,0,0.0909090909091,0.636363636364,0.272727272727,-4,-0.0363636363636,0.206611570248,-0.727272727273,-0.4,-0.5,-0.468512129772,-0.0448951687355,-0.0636363636364,-0.48019676529,-0.169569868904,-0.109090909091,-0.43245264916,-0.0305599076407,-0.025,0.318984779967,0.07607179559,1.12121212121,0.206611570248,0.318984779967,1.12121212121,-0.285714285714,-0.223529411765,-6,-0.0363636363636,-0.062962962963,0,0,0,16,0,4,90,0.8,1,0,0.2,1,0.8,0.888888888889,0.875189948987,0.8,0.8,3,7,0,0,0,0
1043,WLNM_dir_neg,0.908163265306,0.734595959596,00:00:01,10,30,16,1173777865,threshold_sweep,0.8,1,0.428571428571,0.6,3,0,4,14,0.428571428571,1,0,0.571428571429,1,0.428571428571,0.6,0.809523809524,0.619047619048,0.5,0.57735026919,0.428571428571,20,13,7,0,20,0,13,0,7,11,20,0.181818181818,3.04338842975,3.63636363636,2,2.5,1.68954001271,0.464623503495,0.245454545455,1.16774841624,0.642261628933,0.336363636364,1.94000937205,1.06700515463,0.536363636364,1.05689877454,0.347276990411,3.54545454545,3.04338842975,1.05689877454,3.54545454545,0.499047619048,0.4,8,0.0484848484848,0.255555555556,11,11,11,1,0,0.0909090909091,0.636363636364,0.272727272727,11,0.118181818182,3.72727272727,2.36363636364,1.3,1.625,1.43336856898,0.6064251638,0.286713286713,0.603022689156,0.510249967747,0.237762237762,1.40129809949,1.18571377649,0.503496503497,2.05382127221,0.551025219373,7,3.72727272727,2.05382127221,7,0,0,0,0,0.22962962963,11,11,11,1,0,0.0909090909091,0.636363636364,0.272727272727,11,16,0.145454545455,3.25,2.90909090909,1.6,2,1.22102788294,0.41972833476,0.181818181818,0.687551650952,0.47269176003,0.227272727273,1.50755672289,1.03644524699,0.511363636364,1.3758835545,0.423348786001,4.66666666667,3.25,1.3758835545,4.66666666667,0.213333333333,0.176470588235,2,0.0121212121212,0.192592592593,11,11,11,1,0,0.0909090909091,0.636363636364,0.272727272727,-4,-0.0363636363636,0.206611570248,-0.727272727273,-0.4,-0.5,-0.468512129772,-0.0448951687355,-0.0636363636364,-0.48019676529,-0.169569868904,-0.109090909091,-0.43245264916,-0.0305599076407,-0.025,0.318984779967,0.07607179559,1.12121212121,0.206611570248,0.318984779967,1.12121212121,-0.285714285714,-0.223529411765,-6,-0.0363636363636,-0.062962962963,0,0,0,16,0,4,90,0.8,1,0,0.2,1,0.8,0.888888888889,0.875189948987,0.8,0.8,3,7,0,0,0,0
1044,WLNM_dir_neg,0.908163265306,0.734595959596,00:00:01,10,30,16,1173777865,threshold_sweep,0.9,1,0.428571428571,0.6,3,0,4,14,0.428571428571,1,0,0.571428571429,1,0.428571428571,0.6,0.809523809524,0.619047619048,0.5,0.57735026919,0.428571428571,20,13,7,0,20,0,13,0,7,11,20,0.181818181818,3.04338842975,3.63636363636,2,2.5,1.68954001271,0.464623503495,0.245454545455,1.16774841624,0.642261628933,0.336363636364,1.94000937205,1.06700515463,0.536363636364,1.05689877454,0.347276990411,3.54545454545,3.04338842975,1.05689877454,3.54545454545,0.499047619048,0.4,8,0.0484848484848,0.255555555556,11,11,11,1,0,0.0909090909091,0.636363636364,0.272727272727,11,0.118181818182,3.72727272727,2.36363636364,1.3,1.625,1.43336856898,0.6064251638,0.286713286713,0.603022689156,0.510249967747,0.237762237762,1.40129809949,1.18571377649,0.503496503497,2.05382127221,0.551025219373,7,3.72727272727,2.05382127221,7,0,0,0,0,0.22962962963,11,11,11,1,0,0.0909090909091,0.636363636364,0.272727272727,11,16,0.145454545455,3.25,2.90909090909,1.6,2,1.22102788294,0.41972833476,0.181818181818,0.687551650952,0.47269176003,0.227272727273,1.50755672289,1.03644524699,0.511363636364,1.3758835545,0.423348786001,4.66666666667,3.25,1.3758835545,4.66666666667,0.213333333333,0.176470588235,2,0.0121212121212,0.192592592593,11,11,11,1,0,0.0909090909091,0.636363636364,0.272727272727,-4,-0.0363636363636,0.206611570248,-0.727272727273,-0.4,-0.5,-0.468512129772,-0.0448951687355,-0.0636363636364,-0.48019676529,-0.169569868904,-0.109090909091,-0.43245264916,-0.0305599076407,-0.025,0.318984779967,0.07607179559,1.12121212121,0.206611570248,0.318984779967,1.12121212121,-0.285714285714,-0.223529411765,-6,-0.0363636363636,-0.062962962963,0,0,0,16,0,4,90,0.8,1,0,0.2,1,0.8,0.888888888889,0.875189948987,0.8,0.8,3,7,0,0,0,0
1045,WLNM_dir_neg,0.857142857143,0.559981684982,00:00:01,10,30,17,1173777866,threshold_sweep,0.1,1,0.714285714286,0.833333333333,5,0,2,14,0.714285714286,1,0,0.285714285714,1,0.714285714286,0.833333333333,0.904761904762,0.587301587302,0.769230769231,0.790569415042,0.714285714286,20,13,7,0,20,0,13,0,7,11,20,0.181818181818,3.04338842975,3.63636363636,2,2.5,1.68954001271,0.464623503495,0.245454545455,1.16774841624,0.642261628933,0.336363636364,1.94000937205,1.06700515463,0.536363636364,1.05689877454,0.347276990411,3.54545454545,3.04338842975,1.05689877454,3.54545454545,0.499047619048,0.4,8,0.0484848484848,0.255555555556,11,11,11,1,0,0.0909090909091,0.636363636364,0.272727272727,11,0.118181818182,3.72727272727,2.36363636364,1.3,1.625,1.43336856898,0.6064251638,0.286713286713,0.603022689156,0.510249967747,0.237762237762,1.40129809949,1.18571377649,0.503496503497,2.05382127221,0.551025219373,7,3.72727272727,2.05382127221,7,0,0,0,0,0.22962962963,11,11,11,1,0,0.0909090909091,0.636363636364,0.272727272727,11,18,0.163636363636,3.11363636364,3.27272727273,1.8,2.25,1.42062726223,0.434080552347,0.227272727273,0.924416277737,0.564921058617,0.292929292929,1.68954001271,1.03249667443,0.525252525253,1.14353419474,0.367266456706,3.875,3.11363636364,1.14353419474,3.875,0.366666666667,0.266666666667,4,0.0242424242424,0.221111111111,11,11,11,1,0,0.0909090909091,0.636363636364,0.272727272727,-2,-0.0181818181818,0.0702479338843,-0.363636363636,-0.2,-0.25,-0.268912750482,-0.030542951148,-0.0181818181818,-0.243332138505,-0.0773405703161,-0.0434343434343,-0.250469359339,-0.0345084801933,-0.0111111111111,0.0866354202056,0.0199894662943,0.329545454545,0.0702479338843,0.0866354202056,0.329545454545,-0.132380952381,-0.133333333333,-4,-0.0242424242424,-0.0344444444444,0,0,0,18,0,2,90,0.9,1,0,0.1,1,0.9,0.947368421053,0.938314863257,0.9,0.9,5,7,0,0,0,0
1046,WLNM_dir_neg,0.857142857143,0.559981684982,00:00:01,10,30,17,1173777866,threshold_sweep,0.2,1,0.714285714286,0.833333333333,5,0,2,14,0.714285714286,1,0,0.285714285714,1,0.714285714286,0.833333333333,0.904761904762,0.587301587302,0.769230769231,0.790569415042,0.714285714286,20,13,7,0,20,0,13,0,7,11,20,0.181818181818,3.04338842975,3.63636363636,2,2.5,1.68954001271,0.464623503495,0.245454545455,1.16774841624,0.642261628933,0.336363636364,1.94000937205,1.06700515463,0.536363636364,1.05689877454,0.347276990411,3.54545454545,3.04338842975,1.05689877454,3.54545454545,0.499047619048,0.4,8,0.0484848484848,0.255555555556,11,11,11,1,0,0.0909090909091,0.636363636364,0.272727272727,11,0.118181818182,3.72727272727,2.36363636364,1.3,1.625,1.43336856898,0.6064251638,0.286713286713,0.603022689156,0.510249967747,0.237762237762,1.40129809949,1.18571377649,0.503496503497,2.05382127221,0.551025219373,7,3.72727272727,2.05382127221,7,0,0,0,0,0.22962962963,11,11,11,1,0,0.0909090909091,0.636363636364,0.272727272727,11,18,0.163636363636,3.11363636364,3.27272727273,1.8,2.25,1.42062726223,0.434080552347,0.227272727273,0.924416277737,0.564921058617,0.292929292929,1.68954001271,1.03249667443,0.525252525253,1.14353419474,0.367266456706,3.875,3.11363636364,1.14353419474,3.875,0.366666666667,0.266666666667,4,0.0242424242424,0.221111111111,11,11,11,1,0,0.0909090909091,0.636363636364,0.272727272727,-2,-0.0181818181818,0.0702479338843,-0.363636363636,-0.2,-0.25,-0.268912750482,-0.030542951148,-0.0181818181818,-0.243332138505,-0.0773405703161,-0.0434343434343,-0.250469359339,-0.0345084801933,-0.0111111111111,0.0866354202056,0.0199894662943,0.329545454545,0.0702479338843,0.0866354202056,0.329545454545,-0.132380952381,-0.133333333333,-4,-0.0242424242424,-0.0344444444444,0,0,0,18,0,2,90,0.9,1,0,0.1,1,0.9,0.947368421053,0.938314863257,0.9,0.9,5,7,0,0,0,0
1047,WLNM_dir_neg,0.857142857143,0.559981684982,00:00:01,10,30,17,1173777866,threshold_sweep,0.3,1,0.714285714286,0.833333333333,5,0,2,14,0.714285714286,1,0,0.285714285714,1,0.714285714286,0.833333333333,0.904761904762,0.587301587302,0.769230769231,0.790569415042,0.714285714286,20,13,7,0,20,0,13,0,7,11,20,0.181818181818,3.04338842975,3.63636363636,2,2.5,1.68954001271,0.464623503495,0.245454545455,1.16774841624,0.642261628933,0.336363636364,1.94000937205,1.06700515463,0.536363636364,1.05689877454,0.347276990411,3.54545454545,3.04338842975,1.05689877454,3.54545454545,0.499047619048,0.4,8,0.0484848484848,0.255555555556,11,11,11,1,0,0.0909090909091,0.636363636364,0.272727272727,11,0.118181818182,3.72727272727,2.36363636364,1.3,1.625,1.43336856898,0.6064251638,0.286713286713,0.603022689156,0.510249967747,0.237762237762,1.40129809949,1.18571377649,0.503496503497,2.05382127221,0.551025219373,7,3.72727272727,2.05382127221,7,0,0,0,0,0.22962962963,11,11,11,1,0,0.0909090909091,0.636363636364,0.272727272727,11,18,0.163636363636,3.11363636364,3.27272727273,1.8,2.25,1.42062726223,0.434080552347,0.227272727273,0.924416277737,0.564921058617,0.292929292929,1.68954001271,1.03249667443,0.525252525253,1.14353419474,0.367266456706,3.875,3.11363636364,1.14353419474,3.875,0.366666666667,0.266666666667,4,0.0242424242424,0.221111111111,11,11,11,1,0,0.0909090909091,0.636363636364,0.272727272727,-2,-0.0181818181818,0.0702479338843,-0.363636363636,-0.2,-0.25,-0.268912750482,-0.030542951148,-0.0181818181818,-0.243332138505,-0.0773405703161,-0.0434343434343,-0.250469359339,-0.0345084801933,-0.0111111111111,0.0866354202056,0.0199894662943,0.329545454545,0.0702479338843,0.0866354202056,0.329545454545,-0.132380952381,-0.133333333333,-4,-0.0242424242424,-0.0344444444444,0,0,0,18,0,2,90,0.9,1,0,0.1,1,0.9,0.947368421053,0.938314863257,0.9,0.9,5,7,0,0,0,0
1048,WLNM_dir_neg,0.857142857143,0.559981684982,00:00:01,10,30,17,1173777866,threshold_sweep,0.4,1,0.714285714286,0.833333333333,5,0,2,14,0.714285714286,1,0,0.285714285714,1,0.714285714286,0.833333333333,0.904761904762,0.587301587302,0.769230769231,0.790569415042,0.714285714286,20,13,7,0,20,0,13,0,7,11,20,0.181818181818,3.04338842975,3.63636363636,2,2.5,1.68954001271,0.464623503495,0.245454545455,1.16774841624,0.642261628933,0.336363636364,1.94000937205,1.06700515463,0.536363636364,1.05689877454,0.347276990411,3.54545454545,3.04338842975,1.05689877454,3.54545454545,0.499047619048,0.4,8,0.0484848484848,0.255555555556,11,11,11,1,0,0.0909090909091,0.636363636364,0.272727272727,11,0.118181818182,3.72727272727,2.36363636364,1.3,1.625,1.43336856898,0.6064251638,0.286713286713,0.603022689156,0.510249967747,0.237762237762,1.40129809949,1.18571377649,0.503496503497,2.05382127221,0.551025219373,7,3.72727272727,2.05382127221,7,0,0,0,0,0.22962962963,11,11,11,1,0,0.0909090909091,0.636363636364,0.272727272727,11,18,0.163636363636,3.11363636364,3.27272727273,1.8,2.25,1.42062726223,0.434080552347,0.227272727273,0.924416277737,0.564921058617,0.292929292929,1.68954001271,1.03249667443,0.525252525253,1.14353419474,0.367266456706,3.875,3.11363636364,1.14353419474,3.875,0.366666666667,0.266666666667,4,0.0242424242424,0.221111111111,11,11,11,1,0,0.0909090909091,0.636363636364,0.272727272727,-2,-0.0181818181818,0.0702479338843,-0.363636363636,-0.2,-0.25,-0.268912750482,-0.030542951148,-0.0181818181818,-0.243332138505,-0.0773405703161,-0.0434343434343,-0.250469359339,-0.0345084801933,-0.0111111111111,0.0866354202056,0.0199894662943,0.329545454545,0.0702479338843,0.0866354202056,0.329545454545,-0.132380952381,-0.133333333333,-4,-0.0242424242424,-0.0344444444444,0,0,0,18,0,2,90,0.9,1,0,0.1,1,0.9,0.947368421053,0.938314863257,0.9,0.9,5,7,0,0,0,0
1049,WLNM_dir_neg,0.857142857143,0.559981684982,00:00:01,10,30,17,1173777866,threshold_sweep,0.5,1,0.714285714286,0.833333333333,5,0,2,14,0.714285714286,1,0,0.285714285714,1,0.714285714286,0.833333333333,0.904761904762,0.587301587302,0.769230769231,0.790569415042,0.714285714286,20,13,7,0,20,0,13,0,7,11,20,0.181818181818,3.04338842975,3.63636363636,2,2.5,1.68954001271,0.464623503495,0.245454545455,1.16774841624,0.642261628933,0.336363636364,1.94000937205,1.06700515463,0.536363636364,1.05689877454,0.347276990411,3.54545454545,3.04338842975,1.05689877454,3.54545454545,0.499047619048,0.4,8,0.0484848484848,0.255555555556,11,11,11,1,0,0.0909090909091,0.636363636364,0.272727272727,11,0.118181818182,3.72727272727,2.36363636364,1.3,1.625,1.43336856898,0.6064251638,0.286713286713,0.603022689156,0.510249967747,0.237762237762,1.40129809949,1.18571377649,0.503496503497,2.05382127221,0.551025219373,7,3.72727272727,2.05382127221,7,0,0,0,0,0.22962962963,11,11,11,1,0,0.0909090909091,0.636363636364,0.272727272727,11,18,0.163636363636,3.11363636364,3.27272727273,1.8,2.25,1.42062726223,0.434080552347,0.227272727273,0.924416277737,0.564921058617,0.292929292929,1.68954001271,1.03249667443,0.525252525253,1.14353419474,0.367266456706,3.875,3.11363636364,1.14353419474,3.875,0.366666666667,0.266666666667,4,0.0242424242424,0.221111111111,11,11,11,1,0,0.0909090909091,0.636363636364,0.272727272727,-2,-0.0181818181818,0.0702479338843,-0.363636363636,-0.2,-0.25,-0.268912750482,-0.030542951148,-0.0181818181818,-0.243332138505,-0.0773405703161,-0.0434343434343,-0.250469359339,-0.0345084801933,-0.0111111111111,0.0866354202056,0.0199894662943,0.329545454545,0.0702479338843,0.0866354202056,0.329545454545,-0.132380952381,-0.133333333333,-4,-0.0242424242424,-0.0344444444444,0,0,0,18,0,2,90,0.9,1,0,0.1,1,0.9,0.947368421053,0.938314863257,0.9,0.9,5,7,0,0,0,0
1050,WLNM_dir_neg,0.857142857143,0.559981684982,00:00:01,10,30,17,1173777866,threshold_sweep,0.6,1,0.714285714286,0.833333333333,5,0,2,14,0.714285714286,1,0,0.285714285714,1,0.714285714286,0.833333333333,0.904761904762,0.587301587302,0.769230769231,0.790569415042,0.714285714286,20,13,7,0,20,0,13,0,7,11,20,0.181818181818,3.04338842975,3.63636363636,2,2.5,1.68954001271,0.464623503495,0.245454545455,1.16774841624,0.642261628933,0.336363636364,1.94000937205,1.06700515463,0.536363636364,1.05689877454,0.347276990411,3.54545454545,3.04338842975,1.05689877454,3.54545454545,0.499047619048,0.4,8,0.0484848484848,0.255555555556,11,11,11,1,0,0.0909090909091,0.636363636364,0.272727272727,11,0.118181818182,3.72727272727,2.36363636364,1.3,1.625,1.43336856898,0.6064251638,0.286713286713,0.603022689156,0.510249967747,0.237762237762,1.40129809949,1.18571377649,0.503496503497,2.05382127221,0.551025219373,7,3.72727272727,2.05382127221,7,0,0,0,0,0.22962962963,11,11,11,1,0,0.0909090909091,0.636363636364,0.272727272727,11,18,0.163636363636,3.11363636364,3.27272727273,1.8,2.25,1.42062726223,0.434080552347,0.227272727273,0.924416277737,0.564921058617,0.292929292929,1.68954001271,1.03249667443,0.525252525253,1.14353419474,0.367266456706,3.875,3.11363636364,1.14353419474,3.875,0.366666666667,0.266666666667,4,0.0242424242424,0.221111111111,11,11,11,1,0,0.0909090909091,0.636363636364,0.272727272727,-2,-0.0181818181818,0.0702479338843,-0.363636363636,-0.2,-0.25,-0.268912750482,-0.030542951148,-0.0181818181818,-0.243332138505,-0.0773405703161,-0.0434343434343,-0.250469359339,-0.0345084801933,-0.0111111111111,0.0866354202056,0.0199894662943,0.329545454545,0.0702479338843,0.0866354202056,0.329545454545,-0.132380952381,-0.133333333333,-4,-0.0242424242424,-0.0344444444444,0,0,0,18,0,2,90,0.9,1,0,0.1,1,0.9,0.947368421053,0.938314863257,0.9,0.9,5,7,0,0,0,0
1051,WLNM_dir_neg,0.857142857143,0.559981684982,00:00:01,10,30,17,1173777866,threshold_sweep,0.7,1,0.714285714286,0.833333333333,5,0,2,14,0.714285714286,1,0,0.285714285714,1,0.714285714286,0.833333333333,0.904761904762,0.587301587302,0.769230769231,0.790569415042,0.714285714286,20,13,7,0,20,0,13,0,7,11,20,0.181818181818,3.04338842975,3.63636363636,2,2.5,1.68954001271,0.464623503495,0.245454545455,1.16774841624,0.642261628933,0.336363636364,1.94000937205,1.06700515463,0.536363636364,1.05689877454,0.347276990411,3.54545454545,3.04338842975,1.05689877454,3.54545454545,0.499047619048,0.4,8,0.0484848484848,0.255555555556,11,11,11,1,0,0.0909090909091,0.636363636364,0.272727272727,11,0.118181818182,3.72727272727,2.36363636364,1.3,1.625,1.43336856898,0.6064251638,0.286713286713,0.603022689156,0.510249967747,0.237762237762,1.40129809949,1.18571377649,0.503496503497,2.05382127221,0.551025219373,7,3.72727272727,2.05382127221,7,0,0,0,0,0.22962962963,11,11,11,1,0,0.0909090909091,0.636363636364,0.272727272727,11,18,0.163636363636,3.11363636364,3.27272727273,1.8,2.25,1.42062726223,0.434080552347,0.227272727273,0.924416277737,0.564921058617,0.292929292929,1.68954001271,1.03249667443,0.525252525253,1.14353419474,0.367266456706,3.875,3.11363636364,1.14353419474,3.875,0.366666666667,0.266666666667,4,0.0242424242424,0.221111111111,11,11,11,1,0,0.0909090909091,0.636363636364,0.272727272727,-2,-0.0181818181818,0.0702479338843,-0.363636363636,-0.2,-0.25,-0.268912750482,-0.030542951148,-0.0181818181818,-0.243332138505,-0.0773405703161,-0.0434343434343,-0.250469359339,-0.0345084801933,-0.0111111111111,0.0866354202056,0.0199894662943,0.329545454545,0.0702479338843,0.0866354202056,0.329545454545,-0.132380952381,-0.133333333333,-4,-0.0242424242424,-0.0344444444444,0,0,0,18,0,2,90,0.9,1,0,0.1,1,0.9,0.947368421053,0.938314863257,0.9,0.9,5,7,0,0,0,0
1052,WLNM_dir_neg,0.857142857143,0.559981684982,00:00:01,10,30,17,1173777866,threshold_sweep,0.8,1,0.714285714286,0.833333333333,5,0,2,14,0.714285714286,1,0,0.285714285714,1,0.714285714286,0.833333333333,0.904761904762,0.587301587302,0.769230769231,0.790569415042,0.714285714286,20,13,7,0,20,0,13,0,7,11,20,0.181818181818,3.04338842975,3.63636363636,2,2.5,1.68954001271,0.464623503495,0.245454545455,1.16774841624,0.642261628933,0.336363636364,1.94000937205,1.06700515463,0.536363636364,1.05689877454,0.347276990411,3.54545454545,3.04338842975,1.05689877454,3.54545454545,0.499047619048,0.4,8,0.0484848484848,0.255555555556,11,11,11,1,0,0.0909090909091,0.636363636364,0.272727272727,11,0.118181818182,3.72727272727,2.36363636364,1.3,1.625,1.43336856898,0.6064251638,0.286713286713,0.603022689156,0.510249967747,0.237762237762,1.40129809949,1.18571377649,0.503496503497,2.05382127221,0.551025219373,7,3.72727272727,2.05382127221,7,0,0,0,0,0.22962962963,11,11,11,1,0,0.0909090909091,0.636363636364,0.272727272727,11,18,0.163636363636,3.11363636364,3.27272727273,1.8,2.25,1.42062726223,0.434080552347,0.227272727273,0.924416277737,0.564921058617,0.292929292929,1.68954001271,1.03249667443,0.525252525253,1.14353419474,0.367266456706,3.875,3.11363636364,1.14353419474,3.875,0.366666666667,0.266666666667,4,0.0242424242424,0.221111111111,11,11,11,1,0,0.0909090909091,0.636363636364,0.272727272727,-2,-0.0181818181818,0.0702479338843,-0.363636363636,-0.2,-0.25,-0.268912750482,-0.030542951148,-0.0181818181818,-0.243332138505,-0.0773405703161,-0.0434343434343,-0.250469359339,-0.0345084801933,-0.0111111111111,0.0866354202056,0.0199894662943,0.329545454545,0.0702479338843,0.0866354202056,0.329545454545,-0.132380952381,-0.133333333333,-4,-0.0242424242424,-0.0344444444444,0,0,0,18,0,2,90,0.9,1,0,0.1,1,0.9,0.947368421053,0.938314863257,0.9,0.9,5,7,0,0,0,0
1053,WLNM_dir_neg,0.857142857143,0.559981684982,00:00:01,10,30,17,1173777866,threshold_sweep,0.9,1,0.714285714286,0.833333333333,5,0,2,14,0.714285714286,1,0,0.285714285714,1,0.714285714286,0.833333333333,0.904761904762,0.587301587302,0.769230769231,0.790569415042,0.714285714286,20,13,7,0,20,0,13,0,7,11,20,0.181818181818,3.04338842975,3.63636363636,2,2.5,1.68954001271,0.464623503495,0.245454545455,1.16774841624,0.642261628933,0.336363636364,1.94000937205,1.06700515463,0.536363636364,1.05689877454,0.347276990411,3.54545454545,3.04338842975,1.05689877454,3.54545454545,0.499047619048,0.4,8,0.0484848484848,0.255555555556,11,11,11,1,0,0.0909090909091,0.636363636364,0.272727272727,11,0.118181818182,3.72727272727,2.36363636364,1.3,1.625,1.43336856898,0.6064251638,0.286713286713,0.603022689156,0.510249967747,0.237762237762,1.40129809949,1.18571377649,0.503496503497,2.05382127221,0.551025219373,7,3.72727272727,2.05382127221,7,0,0,0,0,0.22962962963,11,11,11,1,0,0.0909090909091,0.636363636364,0.272727272727,11,18,0.163636363636,3.11363636364,3.27272727273,1.8,2.25,1.42062726223,0.434080552347,0.227272727273,0.924416277737,0.564921058617,0.292929292929,1.68954001271,1.03249667443,0.525252525253,1.14353419474,0.367266456706,3.875,3.11363636364,1.14353419474,3.875,0.366666666667,0.266666666667,4,0.0242424242424,0.221111111111,11,11,11,1,0,0.0909090909091,0.636363636364,0.272727272727,-2,-0.0181818181818,0.0702479338843,-0.363636363636,-0.2,-0.25,-0.268912750482,-0.030542951148,-0.0181818181818,-0.243332138505,-0.0773405703161,-0.0434343434343,-0.250469359339,-0.0345084801933,-0.0111111111111,0.0866354202056,0.0199894662943,0.329545454545,0.0702479338843,0.0866354202056,0.329545454545,-0.132380952381,-0.133333333333,-4,-0.0242424242424,-0.0344444444444,0,0,0,18,0,2,90,0.9,1,0,0.1,1,0.9,0.947368421053,0.938314863257,0.9,0.9,5,7,0,0,0,0
1054,WLNM_dir_neg,0.867346938776,0.594660894661,00:00:01,10,30,18,1173777867,threshold_sweep,0.1,0.833333333333,0.714285714286,0.769230769231,5,1,2,13,0.714285714286,0.928571428571,0.0714285714286,0.285714285714,0.833333333333,0.714285714286,0.769230769231,0.857142857143,0.571428571429,0.666666666667,0.67082039325,0.642857142857,20,13,7,0,20,0,13,0,7,11,20,0.181818181818,3.04338842975,3.63636363636,2,2.5,1.68954001271,0.464623503495,0.245454545455,1.16774841624,0.642261628933,0.336363636364,1.94000937205,1.06700515463,0.536363636364,1.05689877454,0.347276990411,3.54545454545,3.04338842975,1.05689877454,3.54545454545,0.499047619048,0.4,8,0.0484848484848,0.255555555556,11,11,11,1,0,0.0909090909091,0.636363636364,0.272727272727,11,0.118181818182,3.72727272727,2.36363636364,1.3,1.625,1.43336856898,0.6064251638,0.286713286713,0.603022689156,0.510249967747,0.237762237762,1.40129809949,1.18571377649,0.503496503497,2.05382127221,0.551025219373,7,3.72727272727,2.05382127221,7,0,0,0,0,0.22962962963,11,11,11,1,0,0.0909090909091,0.636363636364,0.272727272727,11,19,0.172727272727,5.99715909091,3.45454545455,1.9,2.375,1.69491217257,0.490632471007,0.253588516746,0.904534033733,0.523677598477,0.267942583732,1.67874411933,0.971904490138,0.507177033493,2.14896661873,0.35833076731,7.5,5.99715909091,2.14896661873,7.5,0.432380952381,0.333333333333,6,0.0363636363636,0.219259259259,11,11,11,1,0,0.0909090909091,0.636363636364,0.272727272727,-1,-0.00909090909091,2.95377066116,-0.181818181818,-0.1,-0.125,0.00537215986117,0.0260089675122,0.00813397129187,-0.263214382509,-0.118584030456,-0.0684210526316,-0.26126525272,-0.0951006644889,-0.0291866028708,1.09206784419,0.0110537768992,3.95454545455,2.95377066116,1.09206784419,3.95454545455,-0.0666666666667,-0.0666666666667,-2,-0.0121212121212,-0.0362962962963,0,0,0,18,1,2,89,0.9,0.988888888889,0.0111111111111,0.1,0.947368421053,0.9,0.923076923077,0.906956031802,0.888888888889,0.857142857143,6,7,0,0,0,0
1055,WLNM_dir_neg,0.867346938776,0.594660894661,00:00:01,10,30,18,1173777867,threshold_sweep,0.2,0.833333333333,0.714285714286,0.769230769231,5,1,2,13,0.714285714286,0.928571428571,0.0714285714286,0.285714285714,0.833333333333,0.714285714286,0.769230769231,0.857142857143,0.571428571429,0.666666666667,0.67082039325,0.642857142857,20,13,7,0,20,0,13,0,7,11,20,0.181818181818,3.04338842975,3.63636363636,2,2.5,1.68954001271,0.464623503495,0.245454545455,1.16774841624,0.642261628933,0.336363636364,1.94000937205,1.06700515463,0.536363636364,1.05689877454,0.347276990411,3.54545454545,3.04338842975,1.05689877454,3.54545454545,0.499047619048,0.4,8,0.0484848484848,0.255555555556,11,11,11,1,0,0.0909090909091,0.636363636364,0.272727272727,11,0.118181818182,3.72727272727,2.36363636364,1.3,1.625,1.43336856898,0.6064251638,0.286713286713,0.603022689156,0.510249967747,0.237762237762,1.40129809949,1.18571377649,0.503496503497,2.05382127221,0.551025219373,7,3.72727272727,2.05382127221,7,0,0,0,0,0.22962962963,11,11,11,1,0,0.0909090909091,0.636363636364,0.272727272727,11,19,0.172727272727,5.99715909091,3.45454545455,1.9,2.375,1.69491217257,0.490632471007,0.253588516746,0.904534033733,0.523677598477,0.267942583732,1.67874411933,0.971904490138,0.507177033493,2.14896661873,0.35833076731,7.5,5.99715909091,2.14896661873,7.5,0.432380952381,0.333333333333,6,0.0363636363636,0.219259259259,11,11,11,1,0,0.0909090909091,0.636363636364,0.272727272727,-1,-0.00909090909091,2.95377066116,-0.181818181818,-0.1,-0.125,0.00537215986117,0.0260089675122,0.00813397129187,-0.263214382509,-0.118584030456,-0.0684210526316,-0.26126525272,-0.0951006644889,-0.0291866028708,1.09206784419,0.0110537768992,3.95454545455,2.95377066116,1.09206784419,3.95454545455,-0.0666666666667,-0.0666666666667,-2,-0.0121212121212,-0.0362962962963,0,0,0,18,1,2,89,0.9,0.988888888889,0.0111111111111,0.1,0.947368421053,0.9,0.923076923077,0.906956031802,0.888888888889,0.857142857143,6,7,0,0,0,0
1056,WLNM_dir_neg,0.867346938776,0.594660894661,00:00:01,10,30,18,1173777867,threshold_sweep,0.3,0.833333333333,0.714285714286,0.769230769231,5,1,2,13,0.714285714286,0.928571428571,0.0714285714286,0.285714285714,0.833333333333,0.714285714286,0.769230769231,0.857142857143,0.571428571429,0.666666666667,0.67082039325,0.642857142857,20,13,7,0,20,0,13,0,7,11,20,0.181818181818,3.04338842975,3.63636363636,2,2.5,1.68954001271,0.464623503495,0.245454545455,1.16774841624,0.642261628933,0.336363636364,1.94000937205,1.06700515463,0.536363636364,1.05689877454,0.347276990411,3.54545454545,3.04338842975,1.05689877454,3.54545454545,0.499047619048,0.4,8,0.0484848484848,0.255555555556,11,11,11,1,0,0.0909090909091,0.636363636364,0.272727272727,11,0.118181818182,3.72727272727,2.36363636364,1.3,1.625,1.43336856898,0.6064251638,0.286713286713,0.603022689156,0.510249967747,0.237762237762,1.40129809949,1.18571377649,0.503496503497,2.05382127221,0.551025219373,7,3.72727272727,2.05382127221,7,0,0,0,0,0.22962962963,11,11,11,1,0,0.0909090909091,0.636363636364,0.272727272727,11,19,0.172727272727,5.99715909091,3.45454545455,1.9,2.375,1.69491217257,0.490632471007,0.253588516746,0.904534033733,0.523677598477,0.267942583732,1.67874411933,0.971904490138,0.507177033493,2.14896661873,0.35833076731,7.5,5.99715909091,2.14896661873,7.5,0.432380952381,0.333333333333,6,0.0363636363636,0.219259259259,11,11,11,1,0,0.0909090909091,0.636363636364,0.272727272727,-1,-0.00909090909091,2.95377066116,-0.181818181818,-0.1,-0.125,0.00537215986117,0.0260089675122,0.00813397129187,-0.263214382509,-0.118584030456,-0.0684210526316,-0.26126525272,-0.0951006644889,-0.0291866028708,1.09206784419,0.0110537768992,3.95454545455,2.95377066116,1.09206784419,3.95454545455,-0.0666666666667,-0.0666666666667,-2,-0.0121212121212,-0.0362962962963,0,0,0,18,1,2,89,0.9,0.988888888889,0.0111111111111,0.1,0.947368421053,0.9,0.923076923077,0.906956031802,0.888888888889,0.857142857143,6,7,0,0,0,0
1057,WLNM_dir_neg,0.867346938776,0.594660894661,00:00:01,10,30,18,1173777867,threshold_sweep,0.4,0.833333333333,0.714285714286,0.769230769231,5,1,2,13,0.714285714286,0.928571428571,0.0714285714286,0.285714285714,0.833333333333,0.714285714286,0.769230769231,0.857142857143,0.571428571429,0.666666666667,0.67082039325,0.642857142857,20,13,7,0,20,0,13,0,7,11,20,0.181818181818,3.04338842975,3.63636363636,2,2.5,1.68954001271,0.464623503495,0.245454545455,1.16774841624,0.642261628933,0.336363636364,1.94000937205,1.06700515463,0.536363636364,1.05689877454,0.347276990411,3.54545454545,3.04338842975,1.05689877454,3.54545454545,0.499047619048,0.4,8,0.0484848484848,0.255555555556,11,11,11,1,0,0.0909090909091,0.636363636364,0.272727272727,11,0.118181818182,3.72727272727,2.36363636364,1.3,1.625,1.43336856898,0.6064251638,0.286713286713,0.603022689156,0.510249967747,0.237762237762,1.40129809949,1.18571377649,0.503496503497,2.05382127221,0.551025219373,7,3.72727272727,2.05382127221,7,0,0,0,0,0.22962962963,11,11,11,1,0,0.0909090909091,0.636363636364,0.272727272727,11,19,0.172727272727,5.99715909091,3.45454545455,1.9,2.375,1.69491217257,0.490632471007,0.253588516746,0.904534033733,0.523677598477,0.267942583732,1.67874411933,0.971904490138,0.507177033493,2.14896661873,0.35833076731,7.5,5.99715909091,2.14896661873,7.5,0.432380952381,0.333333333333,6,0.0363636363636,0.219259259259,11,11,11,1,0,0.0909090909091,0.636363636364,0.272727272727,-1,-0.00909090909091,2.95377066116,-0.181818181818,-0.1,-0.125,0.00537215986117,0.0260089675122,0.00813397129187,-0.263214382509,-0.118584030456,-0.0684210526316,-0.26126525272,-0.0951006644889,-0.0291866028708,1.09206784419,0.0110537768992,3.95454545455,2.95377066116,1.09206784419,3.95454545455,-0.0666666666667,-0.0666666666667,-2,-0.0121212121212,-0.0362962962963,0,0,0,18,1,2,89,0.9,0.988888888889,0.0111111111111,0.1,0.947368421053,0.9,0.923076923077,0.906956031802,0.888888888889,0.857142857143,6,7,0,0,0,0
1058,WLNM_dir_neg,0.867346938776,0.594660894661,00:00:01,10,30,18,1173777867,threshold_sweep,0.5,0.833333333333,0.714285714286,0.769230769231,5,1,2,13,0.714285714286,0.928571428571,0.0714285714286,0.285714285714,0.833333333333,0.714285714286,0.769230769231,0.857142857143,0.571428571429,0.666666666667,0.67082039325,0.642857142857,20,13,7,0,20,0,13,0,7,11,20,0.181818181818,3.04338842975,3.63636363636,2,2.5,1.68954001271,0.464623503495,0.245454545455,1.16774841624,0.642261628933,0.336363636364,1.94000937205,1.06700515463,0.536363636364,1.05689877454,0.347276990411,3.54545454545,3.04338842975,1.05689877454,3.54545454545,0.499047619048,0.4,8,0.0484848484848,0.255555555556,11,11,11,1,0,0.0909090909091,0.636363636364,0.272727272727,11,0.118181818182,3.72727272727,2.36363636364,1.3,1.625,1.43336856898,0.6064251638,0.286713286713,0.603022689156,0.510249967747,0.237762237762,1.40129809949,1.18571377649,0.503496503497,2.05382127221,0.551025219373,7,3.72727272727,2.05382127221,7,0,0,0,0,0.22962962963,11,11,11,1,0,0.0909090909091,0.636363636364,0.272727272727,11,19,0.172727272727,5.99715909091,3.45454545455,1.9,2.375,1.69491217257,0.490632471007,0.253588516746,0.904534033733,0.523677598477,0.267942583732,1.67874411933,0.971904490138,0.507177033493,2.14896661873,0.35833076731,7.5,5.99715909091,2.14896661873,7.5,0.432380952381,0.333333333333,6,0.0363636363636,0.219259259259,11,11,11,1,0,0.0909090909091,0.636363636364,0.272727272727,-1,-0.00909090909091,2.95377066116,-0.181818181818,-0.1,-0.125,0.00537215986117,0.0260089675122,0.00813397129187,-0.263214382509,-0.118584030456,-0.0684210526316,-0.26126525272,-0.0951006644889,-0.0291866028708,1.09206784419,0.0110537768992,3.95454545455,2.95377066116,1.09206784419,3.95454545455,-0.0666666666667,-0.0666666666667,-2,-0.0121212121212,-0.0362962962963,0,0,0,18,1,2,89,0.9,0.988888888889,0.0111111111111,0.1,0.947368421053,0.9,0.923076923077,0.906956031802,0.888888888889,0.857142857143,6,7,0,0,0,0
1059,WLNM_dir_neg,0.867346938776,0.594660894661,00:00:01,10,30,18,1173777867,threshold_sweep,0.6,0.833333333333,0.714285714286,0.769230769231,5,1,2,13,0.714285714286,0.928571428571,0.0714285714286,0.285714285714,0.833333333333,0.714285714286,0.769230769231,0.857142857143,0.571428571429,0.666666666667,0.67082039325,0.642857142857,20,13,7,0,20,0,13,0,7,11,20,0.181818181818,3.04338842975,3.63636363636,2,2.5,1.68954001271,0.464623503495,0.245454545455,1.16774841624,0.642261628933,0.336363636364,1.94000937205,1.06700515463,0.536363636364,1.05689877454,0.347276990411,3.54545454545,3.04338842975,1.05689877454,3.54545454545,0.499047619048,0.4,8,0.0484848484848,0.255555555556,11,11,11,1,0,0.0909090909091,0.636363636364,0.272727272727,11,0.118181818182,3.72727272727,2.36363636364,1.3,1.625,1.43336856898,0.6064251638,0.286713286713,0.603022689156,0.510249967747,0.237762237762,1.40129809949,1.18571377649,0.503496503497,2.05382127221,0.551025219373,7,3.72727272727,2.05382127221,7,0,0,0,0,0.22962962963,11,11,11,1,0,0.0909090909091,0.636363636364,0.272727272727,11,19,0.172727272727,5.99715909091,3.45454545455,1.9,2.375,1.69491217257,0.490632471007,0.253588516746,0.904534033733,0.523677598477,0.267942583732,1.67874411933,0.971904490138,0.507177033493,2.14896661873,0.35833076731,7.5,5.99715909091,2.14896661873,7.5,0.432380952381,0.333333333333,6,0.0363636363636,0.219259259259,11,11,11,1,0,0.0909090909091,0.636363636364,0.272727272727,-1,-0.00909090909091,2.95377066116,-0.181818181818,-0.1,-0.125,0.00537215986117,0.0260089675122,0.00813397129187,-0.263214382509,-0.118584030456,-0.0684210526316,-0.26126525272,-0.0951006644889,-0.0291866028708,1.09206784419,0.0110537768992,3.95454545455,2.95377066116,1.09206784419,3.95454545455,-0.0666666666667,-0.0666666666667,-2,-0.0121212121212,-0.0362962962963,0,0,0,18,1,2,89,0.9,0.988888888889,0.0111111111111,0.1,0.947368421053,0.9,0.923076923077,0.906956031802,0.888888888889,0.857142857143,6,7,0,0,0,0
1060,WLNM_dir_neg,0.867346938776,0.594660894661,00:00:01,10,30,18,1173777867,threshold_sweep,0.7,0.833333333333,0.714285714286,0.769230769231,5,1,2,13,0.714285714286,0.928571428571,0.0714285714286,0.285714285714,0.833333333333,0.714285714286,0.769230769231,0.857142857143,0.571428571429,0.666666666667,0.67082039325,0.642857142857,20,13,7,0,20,0,13,0,7,11,20,0.181818181818,3.04338842975,3.63636363636,2,2.5,1.68954001271,0.464623503495,0.245454545455,1.16774841624,0.642261628933,0.336363636364,1.94000937205,1.06700515463,0.536363636364,1.05689877454,0.347276990411,3.54545454545,3.04338842975,1.05689877454,3.54545454545,0.499047619048,0.4,8,0.0484848484848,0.255555555556,11,11,11,1,0,0.0909090909091,0.636363636364,0.272727272727,11,0.118181818182,3.72727272727,2.36363636364,1.3,1.625,1.43336856898,0.6064251638,0.286713286713,0.603022689156,0.510249967747,0.237762237762,1.40129809949,1.18571377649,0.503496503497,2.05382127221,0.551025219373,7,3.72727272727,2.05382127221,7,0,0,0,0,0.22962962963,11,11,11,1,0,0.0909090909091,0.636363636364,0.272727272727,11,19,0.172727272727,5.99715909091,3.45454545455,1.9,2.375,1.69491217257,0.490632471007,0.253588516746,0.904534033733,0.523677598477,0.267942583732,1.67874411933,0.971904490138,0.507177033493,2.14896661873,0.35833076731,7.5,5.99715909091,2.14896661873,7.5,0.432380952381,0.333333333333,6,0.0363636363636,0.219259259259,11,11,11,1,0,0.0909090909091,0.636363636364,0.272727272727,-1,-0.00909090909091,2.95377066116,-0.181818181818,-0.1,-0.125,0.00537215986117,0.0260089675122,0.00813397129187,-0.263214382509,-0.118584030456,-0.0684210526316,-0.26126525272,-0.0951006644889,-0.0291866028708,1.09206784419,0.0110537768992,3.95454545455,2.95377066116,1.09206784419,3.95454545455,-0.0666666666667,-0.0666666666667,-2,-0.0121212121212,-0.0362962962963,0,0,0,18,1,2,89,0.9,0.988888888889,0.0111111111111,0.1,0.947368421053,0.9,0.923076923077,0.906956031802,0.888888888889,0.857142857143,6,7,0,0,0,0
1061,WLNM_dir_neg,0.867346938776,0.594660894661,00:00:01,10,30,18,1173777867,threshold_sweep,0.8,0.833333333333,0.714285714286,0.769230769231,5,1,2,13,0.714285714286,0.928571428571,0.0714285714286,0.285714285714,0.833333333333,0.714285714286,0.769230769231,0.857142857143,0.571428571429,0.666666666667,0.67082039325,0.642857142857,20,13,7,0,20,0,13,0,7,11,20,0.181818181818,3.04338842975,3.63636363636,2,2.5,1.68954001271,0.464623503495,0.245454545455,1.16774841624,0.642261628933,0.336363636364,1.94000937205,1.06700515463,0.536363636364,1.05689877454,0.347276990411,3.54545454545,3.04338842975,1.05689877454,3.54545454545,0.499047619048,0.4,8,0.0484848484848,0.255555555556,11,11,11,1,0,0.0909090909091,0.636363636364,0.272727272727,11,0.118181818182,3.72727272727,2.36363636364,1.3,1.625,1.43336856898,0.6064251638,0.286713286713,0.603022689156,0.510249967747,0.237762237762,1.40129809949,1.18571377649,0.503496503497,2.05382127221,0.551025219373,7,3.72727272727,2.05382127221,7,0,0,0,0,0.22962962963,11,11,11,1,0,0.0909090909091,0.636363636364,0.272727272727,11,19,0.172727272727,5.99715909091,3.45454545455,1.9,2.375,1.69491217257,0.490632471007,0.253588516746,0.904534033733,0.523677598477,0.267942583732,1.67874411933,0.971904490138,0.507177033493,2.14896661873,0.35833076731,7.5,5.99715909091,2.14896661873,7.5,0.432380952381,0.333333333333,6,0.0363636363636,0.219259259259,11,11,11,1,0,0.0909090909091,0.636363636364,0.272727272727,-1,-0.00909090909091,2.95377066116,-0.181818181818,-0.1,-0.125,0.00537215986117,0.0260089675122,0.00813397129187,-0.263214382509,-0.118584030456,-0.0684210526316,-0.26126525272,-0.0951006644889,-0.0291866028708,1.09206784419,0.0110537768992,3.95454545455,2.95377066116,1.09206784419,3.95454545455,-0.0666666666667,-0.0666666666667,-2,-0.0121212121212,-0.0362962962963,0,0,0,18,1,2,89,0.9,0.988888888889,0.0111111111111,0.1,0.947368421053,0.9,0.923076923077,0.906956031802,0.888888888889,0.857142857143,6,7,0,0,0,0
1062,WLNM_dir_neg,0.867346938776,0.594660894661,00:00:01,10,30,18,1173777867,threshold_sweep,0.9,0.833333333333,0.714285714286,0.769230769231,5,1,2,13,0.714285714286,0.928571428571,0.0714285714286,0.285714285714,0.833333333333,0.714285714286,0.769230769231,0.857142857143,0.571428571429,0.666666666667,0.67082039325,0.642857142857,20,13,7,0,20,0,13,0,7,11,20,0.181818181818,3.04338842975,3.63636363636,2,2.5,1.68954001271,0.464623503495,0.245454545455,1.16774841624,0.642261628933,0.336363636364,1.94000937205,1.06700515463,0.536363636364,1.05689877454,0.347276990411,3.54545454545,3.04338842975,1.05689877454,3.54545454545,0.499047619048,0.4,8,0.0484848484848,0.255555555556,11,11,11,1,0,0.0909090909091,0.636363636364,0.272727272727,11,0.118181818182,3.72727272727,2.36363636364,1.3,1.625,1.43336856898,0.6064251638,0.286713286713,0.603022689156,0.510249967747,0.237762237762,1.40129809949,1.18571377649,0.503496503497,2.05382127221,0.551025219373,7,3.72727272727,2.05382127221,7,0,0,0,0,0.22962962963,11,11,11,1,0,0.0909090909091,0.636363636364,0.272727272727,11,19,0.172727272727,5.99715909091,3.45454545455,1.9,2.375,1.69491217257,0.490632471007,0.253588516746,0.904534033733,0.523677598477,0.267942583732,1.67874411933,0.971904490138,0.507177033493,2.14896661873,0.35833076731,7.5,5.99715909091,2.14896661873,7.5,0.432380952381,0.333333333333,6,0.0363636363636,0.219259259259,11,11,11,1,0,0.0909090909091,0.636363636364,0.272727272727,-1,-0.00909090909091,2.95377066116,-0.181818181818,-0.1,-0.125,0.00537215986117,0.0260089675122,0.00813397129187,-0.263214382509,-0.118584030456,-0.0684210526316,-0.26126525272,-0.0951006644889,-0.0291866028708,1.09206784419,0.0110537768992,3.95454545455,2.95377066116,1.09206784419,3.95454545455,-0.0666666666667,-0.0666666666667,-2,-0.0121212121212,-0.0362962962963,0,0,0,18,1,2,89,0.9,0.988888888889,0.0111111111111,0.1,0.947368421053,0.9,0.923076923077,0.906956031802,0.888888888889,0.857142857143,6,7,0,0,0,0
1063,WLNM_dir_neg,0.877551020408,0.570929070929,00:00:01,10,30,19,1173777868,threshold_sweep,0.1,1,0.714285714286,0.833333333333,5,0,2,14,0.714285714286,1,0,0.285714285714,1,0.714285714286,0.833333333333,0.904761904762,0.587301587302,0.769230769231,0.790569415042,0.714285714286,20,13,7,0,20,0,13,0,7,11,20,0.181818181818,3.04338842975,3.63636363636,2,2.5,1.68954001271,0.464623503495,0.245454545455,1.16774841624,0.642261628933,0.336363636364,1.94000937205,1.06700515463,0.536363636364,1.05689877454,0.347276990411,3.54545454545,3.04338842975,1.05689877454,3.54545454545,0.499047619048,0.4,8,0.0484848484848,0.255555555556,11,11,11,1,0,0.0909090909091,0.636363636364,0.272727272727,11,0.118181818182,3.72727272727,2.36363636364,1.3,1.625,1.43336856898,0.6064251638,0.286713286713,0.603022689156,0.510249967747,0.237762237762,1.40129809949,1.18571377649,0.503496503497,2.05382127221,0.551025219373,7,3.72727272727,2.05382127221,7,0,0,0,0,0.22962962963,11,11,11,1,0,0.0909090909091,0.636363636364,0.272727272727,11,18,0.163636363636,3.11363636364,3.27272727273,1.8,2.25,1.42062726223,0.434080552347,0.227272727273,0.924416277737,0.564921058617,0.292929292929,1.68954001271,1.03249667443,0.525252525253,1.14353419474,0.367266456706,3.875,3.11363636364,1.14353419474,3.875,0.366666666667,0.266666666667,4,0.0242424242424,0.221111111111,11,11,11,1,0,0.0909090909091,0.636363636364,0.272727272727,-2,-0.0181818181818,0.0702479338843,-0.363636363636,-0.2,-0.25,-0.268912750482,-0.030542951148,-0.0181818181818,-0.243332138505,-0.0773405703161,-0.0434343434343,-0.250469359339,-0.0345084801933,-0.0111111111111,0.0866354202056,0.0199894662943,0.329545454545,0.0702479338843,0.0866354202056,0.329545454545,-0.132380952381,-0.133333333333,-4,-0.0242424242424,-0.0344444444444,0,0,0,18,0,2,90,0.9,1,0,0.1,1,0.9,0.947368421053,0.938314863257,0.9,0.9,5,7,0,0,0,0
1064,WLNM_dir_neg,0.877551020408,0.570929070929,00:00:01,10,30,19,1173777868,threshold_sweep,0.2,1,0.571428571429,0.727272727273,4,0,3,14,0.571428571429,1,0,0.428571428571,1,0.571428571429,0.727272727273,0.857142857143,0.603174603175,0.64,0.68599434057,0.571428571429,20,13,7,0,20,0,13,0,7,11,20,0.181818181818,3.04338842975,3.63636363636,2,2.5,1.68954001271,0.464623503495,0.245454545455,1.16774841624,0.642261628933,0.336363636364,1.94000937205,1.06700515463,0.536363636364,1.05689877454,0.347276990411,3.54545454545,3.04338842975,1.05689877454,3.54545454545,0.499047619048,0.4,8,0.0484848484848,0.255555555556,11,11,11,1,0,0.0909090909091,0.636363636364,0.272727272727,11,0.118181818182,3.72727272727,2.36363636364,1.3,1.625,1.43336856898,0.6064251638,0.286713286713,0.603022689156,0.510249967747,0.237762237762,1.40129809949,1.18571377649,0.503496503497,2.05382127221,0.551025219373,7,3.72727272727,2.05382127221,7,0,0,0,0,0.22962962963,11,11,11,1,0,0.0909090909091,0.636363636364,0.272727272727,11,17,0.154545454545,3.17727272727,3.09090909091,1.7,2.125,1.30034960334,0.420701342257,0.208556149733,0.820199532265,0.530717344407,0.267379679144,1.57249078621,1.01749403814,0.513368983957,1.2536673475,0.394573414091,4.4,3.17727272727,1.2536673475,4.4,0.213333333333,0.153846153846,2,0.0121212121212,0.205555555556,11,11,11,1,0,0.0909090909091,0.636363636364,0.272727272727,-3,-0.0272727272727,0.133884297521,-0.545454545455,-0.3,-0.375,-0.389190409368,-0.0439221612377,-0.0368983957219,-0.347548883978,-0.111544284527,-0.0689839572193,-0.367518585835,-0.0495111164884,-0.0229946524064,0.196768572961,0.0472964236795,0.854545454545,0.133884297521,0.196768572961,0.854545454545,-0.285714285714,-0.246153846154,-6,-0.0363636363636,-0.05,0,0,0,17,0,3,90,0.85,1,0,0.15,1,0.85,0.918918918919,0.906962317388,0.85,0.85,4,7,0,0,0,0
1065,WLNM_dir_neg,0.877551020408,0.570929070929,00:00:01,10,30,19,1173777868,threshold_sweep,0.3,1,0.571428571429,0.727272727273,4,0,3,14,0.571428571429,1,0,0.428571428571,1,0.571428571429,0.727272727273,0.857142857143,0.603174603175,0.64,0.68599434057,0.571428571429,20,13,7,0,20,0,13,0,7,11,20,0.181818181818,3.04338842975,3.63636363636,2,2.5,1.68954001271,0.464623503495,0.245454545455,1.16774841624,0.642261628933,0.336363636364,1.94000937205,1.06700515463,0.536363636364,1.05689877454,0.347276990411,3.54545454545,3.04338842975,1.05689877454,3.54545454545,0.499047619048,0.4,8,0.0484848484848,0.255555555556,11,11,11,1,0,0.0909090909091,0.636363636364,0.272727272727,11,0.118181818182,3.72727272727,2.36363636364,1.3,1.625,1.43336856898,0.6064251638,0.286713286713,0.603022689156,0.510249967747,0.237762237762,1.40129809949,1.18571377649,0.503496503497,2.05382127221,0.551025219373,7,3.72727272727,2.05382127221,7,0,0,0,0,0.22962962963,11,11,11,1,0,0.0909090909091,0.636363636364,0.272727272727,11,17,0.154545454545,3.17727272727,3.09090909091,1.7,2.125,1.30034960334,0.420701342257,0.208556149733,0.820199532265,0.530717344407,0.267379679144,1.57249078621,1.01749403814,0.513368983957,1.2536673475,0.394573414091,4.4,3.17727272727,1.2536673475,4.4,0.213333333333,0.153846153846,2,0.0121212121212,0.205555555556,11,11,11,1,0,0.0909090909091,0.636363636364,0.272727272727,-3,-0.0272727272727,0.133884297521,-0.545454545455,-0.3,-0.375,-0.389190409368,-0.0439221612377,-0.0368983957219,-0.347548883978,-0.111544284527,-0.0689839572193,-0.367518585835,-0.0495111164884,-0.0229946524064,0.196768572961,0.0472964236795,0.854545454545,0.133884297521,0.196768572961,0.854545454545,-0.285714285714,-0.246153846154,-6,-0.0363636363636,-0.05,0,0,0,17,0,3,90,0.85,1,0,0.15,1,0.85,0.918918918919,0.906962317388,0.85,0.85,4,7,0,0,0,0
1066,WLNM_dir_neg,0.877551020408,0.570929070929,00:00:01,10,30,19,1173777868,threshold_sweep,0.4,1,0.571428571429,0.727272727273,4,0,3,14,0.571428571429,1,0,0.428571428571,1,0.571428571429,0.727272727273,0.857142857143,0.603174603175,0.64,0.68599434057,0.571428571429,20,13,7,0,20,0,13,0,7,11,20,0.181818181818,3.04338842975,3.63636363636,2,2.5,1.68954001271,0.464623503495,0.245454545455,1.16774841624,0.642261628933,0.336363636364,1.94000937205,1.06700515463,0.536363636364,1.05689877454,0.347276990411,3.54545454545,3.04338842975,1.05689877454,3.54545454545,0.499047619048,0.4,8,0.0484848484848,0.255555555556,11,11,11,1,0,0.0909090909091,0.636363636364,0.272727272727,11,0.118181818182,3.72727272727,2.36363636364,1.3,1.625,1.43336856898,0.6064251638,0.286713286713,0.603022689156,0.510249967747,0.237762237762,1.40129809949,1.18571377649,0.503496503497,2.05382127221,0.551025219373,7,3.72727272727,2.05382127221,7,0,0,0,0,0.22962962963,11,11,11,1,0,0.0909090909091,0.636363636364,0.272727272727,11,17,0.154545454545,3.17727272727,3.09090909091,1.7,2.125,1.30034960334,0.420701342257,0.208556149733,0.820199532265,0.530717344407,0.267379679144,1.57249078621,1.01749403814,0.513368983957,1.2536673475,0.394573414091,4.4,3.17727272727,1.2536673475,4.4,0.213333333333,0.153846153846,2,0.0121212121212,0.205555555556,11,11,11,1,0,0.0909090909091,0.636363636364,0.272727272727,-3,-0.0272727272727,0.133884297521,-0.545454545455,-0.3,-0.375,-0.389190409368,-0.0439221612377,-0.0368983957219,-0.347548883978,-0.111544284527,-0.0689839572193,-0.367518585835,-0.0495111164884,-0.0229946524064,0.196768572961,0.0472964236795,0.854545454545,0.133884297521,0.196768572961,0.854545454545,-0.285714285714,-0.246153846154,-6,-0.0363636363636,-0.05,0,0,0,17,0,3,90,0.85,1,0,0.15,1,0.85,0.918918918919,0.906962317388,0.85,0.85,4,7,0,0,0,0
1067,WLNM_dir_neg,0.877551020408,0.570929070929,00:00:01,10,30,19,1173777868,threshold_sweep,0.5,1,0.571428571429,0.727272727273,4,0,3,14,0.571428571429,1,0,0.428571428571,1,0.571428571429,0.727272727273,0.857142857143,0.603174603175,0.64,0.68599434057,0.571428571429,20,13,7,0,20,0,13,0,7,11,20,0.181818181818,3.04338842975,3.63636363636,2,2.5,1.68954001271,0.464623503495,0.245454545455,1.16774841624,0.642261628933,0.336363636364,1.94000937205,1.06700515463,0.536363636364,1.05689877454,0.347276990411,3.54545454545,3.04338842975,1.05689877454,3.54545454545,0.499047619048,0.4,8,0.0484848484848,0.255555555556,11,11,11,1,0,0.0909090909091,0.636363636364,0.272727272727,11,0.118181818182,3.72727272727,2.36363636364,1.3,1.625,1.43336856898,0.6064251638,0.286713286713,0.603022689156,0.510249967747,0.237762237762,1.40129809949,1.18571377649,0.503496503497,2.05382127221,0.551025219373,7,3.72727272727,2.05382127221,7,0,0,0,0,0.22962962963,11,11,11,1,0,0.0909090909091,0.636363636364,0.272727272727,11,17,0.154545454545,3.17727272727,3.09090909091,1.7,2.125,1.30034960334,0.420701342257,0.208556149733,0.820199532265,0.530717344407,0.267379679144,1.57249078621,1.01749403814,0.513368983957,1.2536673475,0.394573414091,4.4,3.17727272727,1.2536673475,4.4,0.213333333333,0.153846153846,2,0.0121212121212,0.205555555556,11,11,11,1,0,0.0909090909091,0.636363636364,0.272727272727,-3,-0.0272727272727,0.133884297521,-0.545454545455,-0.3,-0.375,-0.389190409368,-0.0439221612377,-0.0368983957219,-0.347548883978,-0.111544284527,-0.0689839572193,-0.367518585835,-0.0495111164884,-0.0229946524064,0.196768572961,0.0472964236795,0.854545454545,0.133884297521,0.196768572961,0.854545454545,-0.285714285714,-0.246153846154,-6,-0.0363636363636,-0.05,0,0,0,17,0,3,90,0.85,1,0,0.15,1,0.85,0.918918918919,0.906962317388,0.85,0.85,4,7,0,0,0,0
1068,WLNM_dir_neg,0.877551020408,0.570929070929,00:00:01,10,30,19,1173777868,threshold_sweep,0.6,1,0.571428571429,0.727272727273,4,0,3,14,0.571428571429,1,0,0.428571428571,1,0.571428571429,0.727272727273,0.857142857143,0.603174603175,0.64,0.68599434057,0.571428571429,20,13,7,0,20,0,13,0,7,11,20,0.181818181818,3.04338842975,3.63636363636,2,2.5,1.68954001271,0.464623503495,0.245454545455,1.16774841624,0.642261628933,0.336363636364,1.94000937205,1.06700515463,0.536363636364,1.05689877454,0.347276990411,3.54545454545,3.04338842975,1.05689877454,3.54545454545,0.499047619048,0.4,8,0.0484848484848,0.255555555556,11,11,11,1,0,0.0909090909091,0.636363636364,0.272727272727,11,0.118181818182,3.72727272727,2.36363636364,1.3,1.625,1.43336856898,0.6064251638,0.286713286713,0.603022689156,0.510249967747,0.237762237762,1.40129809949,1.18571377649,0.503496503497,2.05382127221,0.551025219373,7,3.72727272727,2.05382127221,7,0,0,0,0,0.22962962963,11,11,11,1,0,0.0909090909091,0.636363636364,0.272727272727,11,17,0.154545454545,3.17727272727,3.09090909091,1.7,2.125,1.30034960334,0.420701342257,0.208556149733,0.820199532265,0.530717344407,0.267379679144,1.57249078621,1.01749403814,0.513368983957,1.2536673475,0.394573414091,4.4,3.17727272727,1.2536673475,4.4,0.213333333333,0.153846153846,2,0.0121212121212,0.205555555556,11,11,11,1,0,0.0909090909091,0.636363636364,0.272727272727,-3,-0.0272727272727,0.133884297521,-0.545454545455,-0.3,-0.375,-0.389190409368,-0.0439221612377,-0.0368983957219,-0.347548883978,-0.111544284527,-0.0689839572193,-0.367518585835,-0.0495111164884,-0.0229946524064,0.196768572961,0.0472964236795,0.854545454545,0.133884297521,0.196768572961,0.854545454545,-0.285714285714,-0.246153846154,-6,-0.0363636363636,-0.05,0,0,0,17,0,3,90,0.85,1,0,0.15,1,0.85,0.918918918919,0.906962317388,0.85,0.85,4,7,0,0,0,0
1069,WLNM_dir_neg,0.877551020408,0.570929070929,00:00:01,10,30,19,1173777868,threshold_sweep,0.7,1,0.571428571429,0.727272727273,4,0,3,14,0.571428571429,1,0,0.428571428571,1,0.571428571429,0.727272727273,0.857142857143,0.603174603175,0.64,0.68599434057,0.571428571429,20,13,7,0,20,0,13,0,7,11,20,0.181818181818,3.04338842975,3.63636363636,2,2.5,1.68954001271,0.464623503495,0.245454545455,1.16774841624,0.642261628933,0.336363636364,1.94000937205,1.06700515463,0.536363636364,1.05689877454,0.347276990411,3.54545454545,3.04338842975,1.05689877454,3.54545454545,0.499047619048,0.4,8,0.0484848484848,0.255555555556,11,11,11,1,0,0.0909090909091,0.636363636364,0.272727272727,11,0.118181818182,3.72727272727,2.36363636364,1.3,1.625,1.43336856898,0.6064251638,0.286713286713,0.603022689156,0.510249967747,0.237762237762,1.40129809949,1.18571377649,0.503496503497,2.05382127221,0.551025219373,7,3.72727272727,2.05382127221,7,0,0,0,0,0.22962962963,11,11,11,1,0,0.0909090909091,0.636363636364,0.272727272727,11,17,0.154545454545,3.17727272727,3.09090909091,1.7,2.125,1.30034960334,0.420701342257,0.208556149733,0.820199532265,0.530717344407,0.267379679144,1.57249078621,1.01749403814,0.513368983957,1.2536673475,0.394573414091,4.4,3.17727272727,1.2536673475,4.4,0.213333333333,0.153846153846,2,0.0121212121212,0.205555555556,11,11,11,1,0,0.0909090909091,0.636363636364,0.272727272727,-3,-0.0272727272727,0.133884297521,-0.545454545455,-0.3,-0.375,-0.389190409368,-0.0439221612377,-0.0368983957219,-0.347548883978,-0.111544284527,-0.0689839572193,-0.367518585835,-0.0495111164884,-0.0229946524064,0.196768572961,0.0472964236795,0.854545454545,0.133884297521,0.196768572961,0.854545454545,-0.285714285714,-0.246153846154,-6,-0.0363636363636,-0.05,0,0,0,17,0,3,90,0.85,1,0,0.15,1,0.85,0.918918918919,0.906962317388,0.85,0.85,4,7,0,0,0,0
1070,WLNM_dir_neg,0.877551020408,0.570929070929,00:00:01,10,30,19,1173777868,threshold_sweep,0.8,1,0.571428571429,0.727272727273,4,0,3,14,0.571428571429,1,0,0.428571428571,1,0.571428571429,0.727272727273,0.857142857143,0.603174603175,0.64,0.68599434057,0.571428571429,20,13,7,0,20,0,13,0,7,11,20,0.181818181818,3.04338842975,3.63636363636,2,2.5,1.68954001271,0.464623503495,0.245454545455,1.16774841624,0.642261628933,0.336363636364,1.94000937205,1.06700515463,0.536363636364,1.05689877454,0.347276990411,3.54545454545,3.04338842975,1.05689877454,3.54545454545,0.499047619048,0.4,8,0.0484848484848,0.255555555556,11,11,11,1,0,0.0909090909091,0.636363636364,0.272727272727,11,0.118181818182,3.72727272727,2.36363636364,1.3,1.625,1.43336856898,0.6064251638,0.286713286713,0.603022689156,0.510249967747,0.237762237762,1.40129809949,1.18571377649,0.503496503497,2.05382127221,0.551025219373,7,3.72727272727,2.05382127221,7,0,0,0,0,0.22962962963,11,11,11,1,0,0.0909090909091,0.636363636364,0.272727272727,11,17,0.154545454545,3.17727272727,3.09090909091,1.7,2.125,1.30034960334,0.420701342257,0.208556149733,0.820199532265,0.530717344407,0.267379679144,1.57249078621,1.01749403814,0.513368983957,1.2536673475,0.394573414091,4.4,3.17727272727,1.2536673475,4.4,0.213333333333,0.153846153846,2,0.0121212121212,0.205555555556,11,11,11,1,0,0.0909090909091,0.636363636364,0.272727272727,-3,-0.0272727272727,0.133884297521,-0.545454545455,-0.3,-0.375,-0.389190409368,-0.0439221612377,-0.0368983957219,-0.347548883978,-0.111544284527,-0.0689839572193,-0.367518585835,-0.0495111164884,-0.0229946524064,0.196768572961,0.0472964236795,0.854545454545,0.133884297521,0.196768572961,0.854545454545,-0.285714285714,-0.246153846154,-6,-0.0363636363636,-0.05,0,0,0,17,0,3,90,0.85,1,0,0.15,1,0.85,0.918918918919,0.906962317388,0.85,0.85,4,7,0,0,0,0
1071,WLNM_dir_neg,0.877551020408,0.570929070929,00:00:01,10,30,19,1173777868,threshold_sweep,0.9,1,0.571428571429,0.727272727273,4,0,3,14,0.571428571429,1,0,0.428571428571,1,0.571428571429,0.727272727273,0.857142857143,0.603174603175,0.64,0.68599434057,0.571428571429,20,13,7,0,20,0,13,0,7,11,20,0.181818181818,3.04338842975,3.63636363636,2,2.5,1.68954001271,0.464623503495,0.245454545455,1.16774841624,0.642261628933,0.336363636364,1.94000937205,1.06700515463,0.536363636364,1.05689877454,0.347276990411,3.54545454545,3.04338842975,1.05689877454,3.54545454545,0.499047619048,0.4,8,0.0484848484848,0.255555555556,11,11,11,1,0,0.0909090909091,0.636363636364,0.272727272727,11,0.118181818182,3.72727272727,2.36363636364,1.3,1.625,1.43336856898,0.6064251638,0.286713286713,0.603022689156,0.510249967747,0.237762237762,1.40129809949,1.18571377649,0.503496503497,2.05382127221,0.551025219373,7,3.72727272727,2.05382127221,7,0,0,0,0,0.22962962963,11,11,11,1,0,0.0909090909091,0.636363636364,0.272727272727,11,17,0.154545454545,3.17727272727,3.09090909091,1.7,2.125,1.30034960334,0.420701342257,0.208556149733,0.820199532265,0.530717344407,0.267379679144,1.57249078621,1.01749403814,0.513368983957,1.2536673475,0.394573414091,4.4,3.17727272727,1.2536673475,4.4,0.213333333333,0.153846153846,2,0.0121212121212,0.205555555556,11,11,11,1,0,0.0909090909091,0.636363636364,0.272727272727,-3,-0.0272727272727,0.133884297521,-0.545454545455,-0.3,-0.375,-0.389190409368,-0.0439221612377,-0.0368983957219,-0.347548883978,-0.111544284527,-0.0689839572193,-0.367518585835,-0.0495111164884,-0.0229946524064,0.196768572961,0.0472964236795,0.854545454545,0.133884297521,0.196768572961,0.854545454545,-0.285714285714,-0.246153846154,-6,-0.0363636363636,-0.05,0,0,0,17,0,3,90,0.85,1,0,0.15,1,0.85,0.918918918919,0.906962317388,0.85,0.85,4,7,0,0,0,0
1072,WLNM_dir_neg,0.918367346939,0.74227994228,00:00:01,10,30,20,1173777869,threshold_sweep,0.1,1,0.714285714286,0.833333333333,5,0,2,14,0.714285714286,1,0,0.285714285714,1,0.714285714286,0.833333333333,0.904761904762,0.587301587302,0.769230769231,0.790569415042,0.714285714286,20,13,7,0,20,0,13,0,7,11,20,0.181818181818,3.04338842975,3.63636363636,2,2.5,1.68954001271,0.464623503495,0.245454545455,1.16774841624,0.642261628933,0.336363636364,1.94000937205,1.06700515463,0.536363636364,1.05689877454,0.347276990411,3.54545454545,3.04338842975,1.05689877454,3.54545454545,0.499047619048,0.4,8,0.0484848484848,0.255555555556,11,11,11,1,0,0.0909090909091,0.636363636364,0.272727272727,11,0.118181818182,3.72727272727,2.36363636364,1.3,1.625,1.43336856898,0.6064251638,0.286713286713,0.603022689156,0.510249967747,0.237762237762,1.40129809949,1.18571377649,0.503496503497,2.05382127221,0.551025219373,7,3.72727272727,2.05382127221,7,0,0,0,0,0.22962962963,11,11,11,1,0,0.0909090909091,0.636363636364,0.272727272727,11,18,0.163636363636,3.11363636364,3.27272727273,1.8,2.25,1.42062726223,0.434080552347,0.227272727273,0.924416277737,0.564921058617,0.292929292929,1.68954001271,1.03249667443,0.525252525253,1.14353419474,0.367266456706,3.875,3.11363636364,1.14353419474,3.875,0.366666666667,0.266666666667,4,0.0242424242424,0.221111111111,11,11,11,1,0,0.0909090909091,0.636363636364,0.272727272727,-2,-0.0181818181818,0.0702479338843,-0.363636363636,-0.2,-0.25,-0.268912750482,-0.030542951148,-0.0181818181818,-0.243332138505,-0.0773405703161,-0.0434343434343,-0.250469359339,-0.0345084801933,-0.0111111111111,0.0866354202056,0.0199894662943,0.329545454545,0.0702479338843,0.0866354202056,0.329545454545,-0.132380952381,-0.133333333333,-4,-0.0242424242424,-0.0344444444444,0,0,0,18,0,2,90,0.9,1,0,0.1,1,0.9,0.947368421053,0.938314863257,0.9,0.9,5,7,0,0,0,0
1073,WLNM_dir_neg,0.918367346939,0.74227994228,00:00:01,10,30,20,1173777869,threshold_sweep,0.2,1,0.714285714286,0.833333333333,5,0,2,14,0.714285714286,1,0,0.285714285714,1,0.714285714286,0.833333333333,0.904761904762,0.587301587302,0.769230769231,0.790569415042,0.714285714286,20,13,7,0,20,0,13,0,7,11,20,0.181818181818,3.04338842975,3.63636363636,2,2.5,1.68954001271,0.464623503495,0.245454545455,1.16774841624,0.642261628933,0.336363636364,1.94000937205,1.06700515463,0.536363636364,1.05689877454,0.347276990411,3.54545454545,3.04338842975,1.05689877454,3.54545454545,0.499047619048,0.4,8,0.0484848484848,0.255555555556,11,11,11,1,0,0.0909090909091,0.636363636364,0.272727272727,11,0.118181818182,3.72727272727,2.36363636364,1.3,1.625,1.43336856898,0.6064251638,0.286713286713,0.603022689156,0.510249967747,0.237762237762,1.40129809949,1.18571377649,0.503496503497,2.05382127221,0.551025219373,7,3.72727272727,2.05382127221,7,0,0,0,0,0.22962962963,11,11,11,1,0,0.0909090909091,0.636363636364,0.272727272727,11,18,0.163636363636,3.11363636364,3.27272727273,1.8,2.25,1.42062726223,0.434080552347,0.227272727273,0.924416277737,0.564921058617,0.292929292929,1.68954001271,1.03249667443,0.525252525253,1.14353419474,0.367266456706,3.875,3.11363636364,1.14353419474,3.875,0.366666666667,0.266666666667,4,0.0242424242424,0.221111111111,11,11,11,1,0,0.0909090909091,0.636363636364,0.272727272727,-2,-0.0181818181818,0.0702479338843,-0.363636363636,-0.2,-0.25,-0.268912750482,-0.030542951148,-0.0181818181818,-0.243332138505,-0.0773405703161,-0.0434343434343,-0.250469359339,-0.0345084801933,-0.0111111111111,0.0866354202056,0.0199894662943,0.329545454545,0.0702479338843,0.0866354202056,0.329545454545,-0.132380952381,-0.133333333333,-4,-0.0242424242424,-0.0344444444444,0,0,0,18,0,2,90,0.9,1,0,0.1,1,0.9,0.947368421053,0.938314863257,0.9,0.9,5,7,0,0,0,0
1074,WLNM_dir_neg,0.918367346939,0.74227994228,00:00:01,10,30,20,1173777869,threshold_sweep,0.3,1,0.714285714286,0.833333333333,5,0,2,14,0.714285714286,1,0,0.285714285714,1,0.714285714286,0.833333333333,0.904761904762,0.587301587302,0.769230769231,0.790569415042,0.714285714286,20,13,7,0,20,0,13,0,7,11,20,0.181818181818,3.04338842975,3.63636363636,2,2.5,1.68954001271,0.464623503495,0.245454545455,1.16774841624,0.642261628933,0.336363636364,1.94000937205,1.06700515463,0.536363636364,1.05689877454,0.347276990411,3.54545454545,3.04338842975,1.05689877454,3.54545454545,0.499047619048,0.4,8,0.0484848484848,0.255555555556,11,11,11,1,0,0.0909090909091,0.636363636364,0.272727272727,11,0.118181818182,3.72727272727,2.36363636364,1.3,1.625,1.43336856898,0.6064251638,0.286713286713,0.603022689156,0.510249967747,0.237762237762,1.40129809949,1.18571377649,0.503496503497,2.05382127221,0.551025219373,7,3.72727272727,2.05382127221,7,0,0,0,0,0.22962962963,11,11,11,1,0,0.0909090909091,0.636363636364,0.272727272727,11,18,0.163636363636,3.11363636364,3.27272727273,1.8,2.25,1.42062726223,0.434080552347,0.227272727273,0.924416277737,0.564921058617,0.292929292929,1.68954001271,1.03249667443,0.525252525253,1.14353419474,0.367266456706,3.875,3.11363636364,1.14353419474,3.875,0.366666666667,0.266666666667,4,0.0242424242424,0.221111111111,11,11,11,1,0,0.0909090909091,0.636363636364,0.272727272727,-2,-0.0181818181818,0.0702479338843,-0.363636363636,-0.2,-0.25,-0.268912750482,-0.030542951148,-0.0181818181818,-0.243332138505,-0.0773405703161,-0.0434343434343,-0.250469359339,-0.0345084801933,-0.0111111111111,0.0866354202056,0.0199894662943,0.329545454545,0.0702479338843,0.0866354202056,0.329545454545,-0.132380952381,-0.133333333333,-4,-0.0242424242424,-0.0344444444444,0,0,0,18,0,2,90,0.9,1,0,0.1,1,0.9,0.947368421053,0.938314863257,0.9,0.9,5,7,0,0,0,0
1075,WLNM_dir_neg,0.918367346939,0.74227994228,00:00:01,10,30,20,1173777869,threshold_sweep,0.4,1,0.714285714286,0.833333333333,5,0,2,14,0.714285714286,1,0,0.285714285714,1,0.714285714286,0.833333333333,0.904761904762,0.587301587302,0.769230769231,0.790569415042,0.714285714286,20,13,7,0,20,0,13,0,7,11,20,0.181818181818,3.04338842975,3.63636363636,2,2.5,1.68954001271,0.464623503495,0.245454545455,1.16774841624,0.642261628933,0.336363636364,1.94000937205,1.06700515463,0.536363636364,1.05689877454,0.347276990411,3.54545454545,3.04338842975,1.05689877454,3.54545454545,0.499047619048,0.4,8,0.0484848484848,0.255555555556,11,11,11,1,0,0.0909090909091,0.636363636364,0.272727272727,11,0.118181818182,3.72727272727,2.36363636364,1.3,1.625,1.43336856898,0.6064251638,0.286713286713,0.603022689156,0.510249967747,0.237762237762,1.40129809949,1.18571377649,0.503496503497,2.05382127221,0.551025219373,7,3.72727272727,2.05382127221,7,0,0,0,0,0.22962962963,11,11,11,1,0,0.0909090909091,0.636363636364,0.272727272727,11,18,0.163636363636,3.11363636364,3.27272727273,1.8,2.25,1.42062726223,0.434080552347,0.227272727273,0.924416277737,0.564921058617,0.292929292929,1.68954001271,1.03249667443,0.525252525253,1.14353419474,0.367266456706,3.875,3.11363636364,1.14353419474,3.875,0.366666666667,0.266666666667,4,0.0242424242424,0.221111111111,11,11,11,1,0,0.0909090909091,0.636363636364,0.272727272727,-2,-0.0181818181818,0.0702479338843,-0.363636363636,-0.2,-0.25,-0.268912750482,-0.030542951148,-0.0181818181818,-0.243332138505,-0.0773405703161,-0.0434343434343,-0.250469359339,-0.0345084801933,-0.0111111111111,0.0866354202056,0.0199894662943,0.329545454545,0.0702479338843,0.0866354202056,0.329545454545,-0.132380952381,-0.133333333333,-4,-0.0242424242424,-0.0344444444444,0,0,0,18,0,2,90,0.9,1,0,0.1,1,0.9,0.947368421053,0.938314863257,0.9,0.9,5,7,0,0,0,0
1076,WLNM_dir_neg,0.918367346939,0.74227994228,00:00:01,10,30,20,1173777869,threshold_sweep,0.5,1,0.714285714286,0.833333333333,5,0,2,14,0.714285714286,1,0,0.285714285714,1,0.714285714286,0.833333333333,0.904761904762,0.587301587302,0.769230769231,0.790569415042,0.714285714286,20,13,7,0,20,0,13,0,7,11,20,0.181818181818,3.04338842975,3.63636363636,2,2.5,1.68954001271,0.464623503495,0.245454545455,1.16774841624,0.642261628933,0.336363636364,1.94000937205,1.06700515463,0.536363636364,1.05689877454,0.347276990411,3.54545454545,3.04338842975,1.05689877454,3.54545454545,0.499047619048,0.4,8,0.0484848484848,0.255555555556,11,11,11,1,0,0.0909090909091,0.636363636364,0.272727272727,11,0.118181818182,3.72727272727,2.36363636364,1.3,1.625,1.43336856898,0.6064251638,0.286713286713,0.603022689156,0.510249967747,0.237762237762,1.40129809949,1.18571377649,0.503496503497,2.05382127221,0.551025219373,7,3.72727272727,2.05382127221,7,0,0,0,0,0.22962962963,11,11,11,1,0,0.0909090909091,0.636363636364,0.272727272727,11,18,0.163636363636,3.11363636364,3.27272727273,1.8,2.25,1.42062726223,0.434080552347,0.227272727273,0.924416277737,0.564921058617,0.292929292929,1.68954001271,1.03249667443,0.525252525253,1.14353419474,0.367266456706,3.875,3.11363636364,1.14353419474,3.875,0.366666666667,0.266666666667,4,0.0242424242424,0.221111111111,11,11,11,1,0,0.0909090909091,0.636363636364,0.272727272727,-2,-0.0181818181818,0.0702479338843,-0.363636363636,-0.2,-0.25,-0.268912750482,-0.030542951148,-0.0181818181818,-0.243332138505,-0.0773405703161,-0.0434343434343,-0.250469359339,-0.0345084801933,-0.0111111111111,0.0866354202056,0.0199894662943,0.329545454545,0.0702479338843,0.0866354202056,0.329545454545,-0.132380952381,-0.133333333333,-4,-0.0242424242424,-0.0344444444444,0,0,0,18,0,2,90,0.9,1,0,0.1,1,0.9,0.947368421053,0.938314863257,0.9,0.9,5,7,0,0,0,0
1077,WLNM_dir_neg,0.918367346939,0.74227994228,00:00:01,10,30,20,1173777869,threshold_sweep,0.6,1,0.714285714286,0.833333333333,5,0,2,14,0.714285714286,1,0,0.285714285714,1,0.714285714286,0.833333333333,0.904761904762,0.587301587302,0.769230769231,0.790569415042,0.714285714286,20,13,7,0,20,0,13,0,7,11,20,0.181818181818,3.04338842975,3.63636363636,2,2.5,1.68954001271,0.464623503495,0.245454545455,1.16774841624,0.642261628933,0.336363636364,1.94000937205,1.06700515463,0.536363636364,1.05689877454,0.347276990411,3.54545454545,3.04338842975,1.05689877454,3.54545454545,0.499047619048,0.4,8,0.0484848484848,0.255555555556,11,11,11,1,0,0.0909090909091,0.636363636364,0.272727272727,11,0.118181818182,3.72727272727,2.36363636364,1.3,1.625,1.43336856898,0.6064251638,0.286713286713,0.603022689156,0.510249967747,0.237762237762,1.40129809949,1.18571377649,0.503496503497,2.05382127221,0.551025219373,7,3.72727272727,2.05382127221,7,0,0,0,0,0.22962962963,11,11,11,1,0,0.0909090909091,0.636363636364,0.272727272727,11,18,0.163636363636,3.11363636364,3.27272727273,1.8,2.25,1.42062726223,0.434080552347,0.227272727273,0.924416277737,0.564921058617,0.292929292929,1.68954001271,1.03249667443,0.525252525253,1.14353419474,0.367266456706,3.875,3.11363636364,1.14353419474,3.875,0.366666666667,0.266666666667,4,0.0242424242424,0.221111111111,11,11,11,1,0,0.0909090909091,0.636363636364,0.272727272727,-2,-0.0181818181818,0.0702479338843,-0.363636363636,-0.2,-0.25,-0.268912750482,-0.030542951148,-0.0181818181818,-0.243332138505,-0.0773405703161,-0.0434343434343,-0.250469359339,-0.0345084801933,-0.0111111111111,0.0866354202056,0.0199894662943,0.329545454545,0.0702479338843,0.0866354202056,0.329545454545,-0.132380952381,-0.133333333333,-4,-0.0242424242424,-0.0344444444444,0,0,0,18,0,2,90,0.9,1,0,0.1,1,0.9,0.947368421053,0.938314863257,0.9,0.9,5,7,0,0,0,0
1078,WLNM_dir_neg,0.918367346939,0.74227994228,00:00:01,10,30,20,1173777869,threshold_sweep,0.7,1,0.714285714286,0.833333333333,5,0,2,14,0.714285714286,1,0,0.285714285714,1,0.714285714286,0.833333333333,0.904761904762,0.587301587302,0.769230769231,0.790569415042,0.714285714286,20,13,7,0,20,0,13,0,7,11,20,0.181818181818,3.04338842975,3.63636363636,2,2.5,1.68954001271,0.464623503495,0.245454545455,1.16774841624,0.642261628933,0.336363636364,1.94000937205,1.06700515463,0.536363636364,1.05689877454,0.347276990411,3.54545454545,3.04338842975,1.05689877454,3.54545454545,0.499047619048,0.4,8,0.0484848484848,0.255555555556,11,11,11,1,0,0.0909090909091,0.636363636364,0.272727272727,11,0.118181818182,3.72727272727,2.36363636364,1.3,1.625,1.43336856898,0.6064251638,0.286713286713,0.603022689156,0.510249967747,0.237762237762,1.40129809949,1.18571377649,0.503496503497,2.05382127221,0.551025219373,7,3.72727272727,2.05382127221,7,0,0,0,0,0.22962962963,11,11,11,1,0,0.0909090909091,0.636363636364,0.272727272727,11,18,0.163636363636,3.11363636364,3.27272727273,1.8,2.25,1.42062726223,0.434080552347,0.227272727273,0.924416277737,0.564921058617,0.292929292929,1.68954001271,1.03249667443,0.525252525253,1.14353419474,0.367266456706,3.875,3.11363636364,1.14353419474,3.875,0.366666666667,0.266666666667,4,0.0242424242424,0.221111111111,11,11,11,1,0,0.0909090909091,0.636363636364,0.272727272727,-2,-0.0181818181818,0.0702479338843,-0.363636363636,-0.2,-0.25,-0.268912750482,-0.030542951148,-0.0181818181818,-0.243332138505,-0.0773405703161,-0.0434343434343,-0.250469359339,-0.0345084801933,-0.0111111111111,0.0866354202056,0.0199894662943,0.329545454545,0.0702479338843,0.0866354202056,0.329545454545,-0.132380952381,-0.133333333333,-4,-0.0242424242424,-0.0344444444444,0,0,0,18,0,2,90,0.9,1,0,0.1,1,0.9,0.947368421053,0.938314863257,0.9,0.9,5,7,0,0,0,0
1079,WLNM_dir_neg,0.918367346939,0.74227994228,00:00:01,10,30,20,1173777869,threshold_sweep,0.8,1,0.714285714286,0.833333333333,5,0,2,14,0.714285714286,1,0,0.285714285714,1,0.714285714286,0.833333333333,0.904761904762,0.587301587302,0.769230769231,0.790569415042,0.714285714286,20,13,7,0,20,0,13,0,7,11,20,0.181818181818,3.04338842975,3.63636363636,2,2.5,1.68954001271,0.464623503495,0.245454545455,1.16774841624,0.642261628933,0.336363636364,1.94000937205,1.06700515463,0.536363636364,1.05689877454,0.347276990411,3.54545454545,3.04338842975,1.05689877454,3.54545454545,0.499047619048,0.4,8,0.0484848484848,0.255555555556,11,11,11,1,0,0.0909090909091,0.636363636364,0.272727272727,11,0.118181818182,3.72727272727,2.36363636364,1.3,1.625,1.43336856898,0.6064251638,0.286713286713,0.603022689156,0.510249967747,0.237762237762,1.40129809949,1.18571377649,0.503496503497,2.05382127221,0.551025219373,7,3.72727272727,2.05382127221,7,0,0,0,0,0.22962962963,11,11,11,1,0,0.0909090909091,0.636363636364,0.272727272727,11,18,0.163636363636,3.11363636364,3.27272727273,1.8,2.25,1.42062726223,0.434080552347,0.227272727273,0.924416277737,0.564921058617,0.292929292929,1.68954001271,1.03249667443,0.525252525253,1.14353419474,0.367266456706,3.875,3.11363636364,1.14353419474,3.875,0.366666666667,0.266666666667,4,0.0242424242424,0.221111111111,11,11,11,1,0,0.0909090909091,0.636363636364,0.272727272727,-2,-0.0181818181818,0.0702479338843,-0.363636363636,-0.2,-0.25,-0.268912750482,-0.030542951148,-0.0181818181818,-0.243332138505,-0.0773405703161,-0.0434343434343,-0.250469359339,-0.0345084801933,-0.0111111111111,0.0866354202056,0.0199894662943,0.329545454545,0.0702479338843,0.0866354202056,0.329545454545,-0.132380952381,-0.133333333333,-4,-0.0242424242424,-0.0344444444444,0,0,0,18,0,2,90,0.9,1,0,0.1,1,0.9,0.947368421053,0.938314863257,0.9,0.9,5,7,0,0,0,0
1080,WLNM_dir_neg,0.918367346939,0.74227994228,00:00:01,10,30,20,1173777869,threshold_sweep,0.9,1,0.714285714286,0.833333333333,5,0,2,14,0.714285714286,1,0,0.285714285714,1,0.714285714286,0.833333333333,0.904761904762,0.587301587302,0.769230769231,0.790569415042,0.714285714286,20,13,7,0,20,0,13,0,7,11,20,0.181818181818,3.04338842975,3.63636363636,2,2.5,1.68954001271,0.464623503495,0.245454545455,1.16774841624,0.642261628933,0.336363636364,1.94000937205,1.06700515463,0.536363636364,1.05689877454,0.347276990411,3.54545454545,3.04338842975,1.05689877454,3.54545454545,0.499047619048,0.4,8,0.0484848484848,0.255555555556,11,11,11,1,0,0.0909090909091,0.636363636364,0.272727272727,11,0.118181818182,3.72727272727,2.36363636364,1.3,1.625,1.43336856898,0.6064251638,0.286713286713,0.603022689156,0.510249967747,0.237762237762,1.40129809949,1.18571377649,0.503496503497,2.05382127221,0.551025219373,7,3.72727272727,2.05382127221,7,0,0,0,0,0.22962962963,11,11,11,1,0,0.0909090909091,0.636363636364,0.272727272727,11,18,0.163636363636,3.11363636364,3.27272727273,1.8,2.25,1.42062726223,0.434080552347,0.227272727273,0.924416277737,0.564921058617,0.292929292929,1.68954001271,1.03249667443,0.525252525253,1.14353419474,0.367266456706,3.875,3.11363636364,1.14353419474,3.875,0.366666666667,0.266666666667,4,0.0242424242424,0.221111111111,11,11,11,1,0,0.0909090909091,0.636363636364,0.272727272727,-2,-0.0181818181818,0.0702479338843,-0.363636363636,-0.2,-0.25,-0.268912750482,-0.030542951148,-0.0181818181818,-0.243332138505,-0.0773405703161,-0.0434343434343,-0.250469359339,-0.0345084801933,-0.0111111111111,0.0866354202056,0.0199894662943,0.329545454545,0.0702479338843,0.0866354202056,0.329545454545,-0.132380952381,-0.133333333333,-4,-0.0242424242424,-0.0344444444444,0,0,0,18,0,2,90,0.9,1,0,0.1,1,0.9,0.947368421053,0.938314863257,0.9,0.9,5,7,0,0,0,0
1081,WLNM_dir_neg,0.877551020408,0.713786213786,00:00:01,10,30,21,1173777870,threshold_sweep,0.1,1,0.714285714286,0.833333333333,5,0,2,14,0.714285714286,1,0,0.285714285714,1,0.714285714286,0.833333333333,0.904761904762,0.587301587302,0.769230769231,0.790569415042,0.714285714286,20,13,7,0,20,0,13,0,7,11,20,0.181818181818,3.04338842975,3.63636363636,2,2.5,1.68954001271,0.464623503495,0.245454545455,1.16774841624,0.642261628933,0.336363636364,1.94000937205,1.06700515463,0.536363636364,1.05689877454,0.347276990411,3.54545454545,3.04338842975,1.05689877454,3.54545454545,0.499047619048,0.4,8,0.0484848484848,0.255555555556,11,11,11,1,0,0.0909090909091,0.636363636364,0.272727272727,11,0.118181818182,3.72727272727,2.36363636364,1.3,1.625,1.43336856898,0.6064251638,0.286713286713,0.603022689156,0.510249967747,0.237762237762,1.40129809949,1.18571377649,0.503496503497,2.05382127221,0.551025219373,7,3.72727272727,2.05382127221,7,0,0,0,0,0.22962962963,11,11,11,1,0,0.0909090909091,0.636363636364,0.272727272727,11,18,0.163636363636,3.11363636364,3.27272727273,1.8,2.25,1.42062726223,0.434080552347,0.227272727273,0.924416277737,0.564921058617,0.292929292929,1.68954001271,1.03249667443,0.525252525253,1.14353419474,0.367266456706,3.875,3.11363636364,1.14353419474,3.875,0.366666666667,0.266666666667,4,0.0242424242424,0.221111111111,11,11,11,1,0,0.0909090909091,0.636363636364,0.272727272727,-2,-0.0181818181818,0.0702479338843,-0.363636363636,-0.2,-0.25,-0.268912750482,-0.030542951148,-0.0181818181818,-0.243332138505,-0.0773405703161,-0.0434343434343,-0.250469359339,-0.0345084801933,-0.0111111111111,0.0866354202056,0.0199894662943,0.329545454545,0.0702479338843,0.0866354202056,0.329545454545,-0.132380952381,-0.133333333333,-4,-0.0242424242424,-0.0344444444444,0,0,0,18,0,2,90,0.9,1,0,0.1,1,0.9,0.947368421053,0.938314863257,0.9,0.9,5,7,0,0,0,0
1082,WLNM_dir_neg,0.877551020408,0.713786213786,00:00:01,10,30,21,1173777870,threshold_sweep,0.2,1,0.571428571429,0.727272727273,4,0,3,14,0.571428571429,1,0,0.428571428571,1,0.571428571429,0.727272727273,0.857142857143,0.603174603175,0.64,0.68599434057,0.571428571429,20,13,7,0,20,0,13,0,7,11,20,0.181818181818,3.04338842975,3.63636363636,2,2.5,1.68954001271,0.464623503495,0.245454545455,1.16774841624,0.642261628933,0.336363636364,1.94000937205,1.06700515463,0.536363636364,1.05689877454,0.347276990411,3.54545454545,3.04338842975,1.05689877454,3.54545454545,0.499047619048,0.4,8,0.0484848484848,0.255555555556,11,11,11,1,0,0.0909090909091,0.636363636364,0.272727272727,11,0.118181818182,3.72727272727,2.36363636364,1.3,1.625,1.43336856898,0.6064251638,0.286713286713,0.603022689156,0.510249967747,0.237762237762,1.40129809949,1.18571377649,0.503496503497,2.05382127221,0.551025219373,7,3.72727272727,2.05382127221,7,0,0,0,0,0.22962962963,11,11,11,1,0,0.0909090909091,0.636363636364,0.272727272727,11,17,0.154545454545,3.17727272727,3.09090909091,1.7,2.125,1.30034960334,0.420701342257,0.208556149733,0.820199532265,0.530717344407,0.267379679144,1.57249078621,1.01749403814,0.513368983957,1.2536673475,0.394573414091,4.4,3.17727272727,1.2536673475,4.4,0.213333333333,0.153846153846,2,0.0121212121212,0.205555555556,11,11,11,1,0,0.0909090909091,0.636363636364,0.272727272727,-3,-0.0272727272727,0.133884297521,-0.545454545455,-0.3,-0.375,-0.389190409368,-0.0439221612377,-0.0368983957219,-0.347548883978,-0.111544284527,-0.0689839572193,-0.367518585835,-0.0495111164884,-0.0229946524064,0.196768572961,0.0472964236795,0.854545454545,0.133884297521,0.196768572961,0.854545454545,-0.285714285714,-0.246153846154,-6,-0.0363636363636,-0.05,0,0,0,17,0,3,90,0.85,1,0,0.15,1,0.85,0.918918918919,0.906962317388,0.85,0.85,4,7,0,0,0,0
1083,WLNM_dir_neg,0.877551020408,0.713786213786,00:00:01,10,30,21,1173777870,threshold_sweep,0.3,1,0.571428571429,0.727272727273,4,0,3,14,0.571428571429,1,0,0.428571428571,1,0.571428571429,0.727272727273,0.857142857143,0.603174603175,0.64,0.68599434057,0.571428571429,20,13,7,0,20,0,13,0,7,11,20,0.181818181818,3.04338842975,3.63636363636,2,2.5,1.68954001271,0.464623503495,0.245454545455,1.16774841624,0.642261628933,0.336363636364,1.94000937205,1.06700515463,0.536363636364,1.05689877454,0.347276990411,3.54545454545,3.04338842975,1.05689877454,3.54545454545,0.499047619048,0.4,8,0.0484848484848,0.255555555556,11,11,11,1,0,0.0909090909091,0.636363636364,0.272727272727,11,0.118181818182,3.72727272727,2.36363636364,1.3,1.625,1.43336856898,0.6064251638,0.286713286713,0.603022689156,0.510249967747,0.237762237762,1.40129809949,1.18571377649,0.503496503497,2.05382127221,0.551025219373,7,3.72727272727,2.05382127221,7,0,0,0,0,0.22962962963,11,11,11,1,0,0.0909090909091,0.636363636364,0.272727272727,11,17,0.154545454545,3.17727272727,3.09090909091,1.7,2.125,1.30034960334,0.420701342257,0.208556149733,0.820199532265,0.530717344407,0.267379679144,1.57249078621,1.01749403814,0.513368983957,1.2536673475,0.394573414091,4.4,3.17727272727,1.2536673475,4.4,0.213333333333,0.153846153846,2,0.0121212121212,0.205555555556,11,11,11,1,0,0.0909090909091,0.636363636364,0.272727272727,-3,-0.0272727272727,0.133884297521,-0.545454545455,-0.3,-0.375,-0.389190409368,-0.0439221612377,-0.0368983957219,-0.347548883978,-0.111544284527,-0.0689839572193,-0.367518585835,-0.0495111164884,-0.0229946524064,0.196768572961,0.0472964236795,0.854545454545,0.133884297521,0.196768572961,0.854545454545,-0.285714285714,-0.246153846154,-6,-0.0363636363636,-0.05,0,0,0,17,0,3,90,0.85,1,0,0.15,1,0.85,0.918918918919,0.906962317388,0.85,0.85,4,7,0,0,0,0
1084,WLNM_dir_neg,0.877551020408,0.713786213786,00:00:01,10,30,21,1173777870,threshold_sweep,0.4,1,0.571428571429,0.727272727273,4,0,3,14,0.571428571429,1,0,0.428571428571,1,0.571428571429,0.727272727273,0.857142857143,0.603174603175,0.64,0.68599434057,0.571428571429,20,13,7,0,20,0,13,0,7,11,20,0.181818181818,3.04338842975,3.63636363636,2,2.5,1.68954001271,0.464623503495,0.245454545455,1.16774841624,0.642261628933,0.336363636364,1.94000937205,1.06700515463,0.536363636364,1.05689877454,0.347276990411,3.54545454545,3.04338842975,1.05689877454,3.54545454545,0.499047619048,0.4,8,0.0484848484848,0.255555555556,11,11,11,1,0,0.0909090909091,0.636363636364,0.272727272727,11,0.118181818182,3.72727272727,2.36363636364,1.3,1.625,1.43336856898,0.6064251638,0.286713286713,0.603022689156,0.510249967747,0.237762237762,1.40129809949,1.18571377649,0.503496503497,2.05382127221,0.551025219373,7,3.72727272727,2.05382127221,7,0,0,0,0,0.22962962963,11,11,11,1,0,0.0909090909091,0.636363636364,0.272727272727,11,17,0.154545454545,3.17727272727,3.09090909091,1.7,2.125,1.30034960334,0.420701342257,0.208556149733,0.820199532265,0.530717344407,0.267379679144,1.57249078621,1.01749403814,0.513368983957,1.2536673475,0.394573414091,4.4,3.17727272727,1.2536673475,4.4,0.213333333333,0.153846153846,2,0.0121212121212,0.205555555556,11,11,11,1,0,0.0909090909091,0.636363636364,0.272727272727,-3,-0.0272727272727,0.133884297521,-0.545454545455,-0.3,-0.375,-0.389190409368,-0.0439221612377,-0.0368983957219,-0.347548883978,-0.111544284527,-0.0689839572193,-0.367518585835,-0.0495111164884,-0.0229946524064,0.196768572961,0.0472964236795,0.854545454545,0.133884297521,0.196768572961,0.854545454545,-0.285714285714,-0.246153846154,-6,-0.0363636363636,-0.05,0,0,0,17,0,3,90,0.85,1,0,0.15,1,0.85,0.918918918919,0.906962317388,0.85,0.85,4,7,0,0,0,0
1085,WLNM_dir_neg,0.877551020408,0.713786213786,00:00:01,10,30,21,1173777870,threshold_sweep,0.5,1,0.571428571429,0.727272727273,4,0,3,14,0.571428571429,1,0,0.428571428571,1,0.571428571429,0.727272727273,0.857142857143,0.603174603175,0.64,0.68599434057,0.571428571429,20,13,7,0,20,0,13,0,7,11,20,0.181818181818,3.04338842975,3.63636363636,2,2.5,1.68954001271,0.464623503495,0.245454545455,1.16774841624,0.642261628933,0.336363636364,1.94000937205,1.06700515463,0.536363636364,1.05689877454,0.347276990411,3.54545454545,3.04338842975,1.05689877454,3.54545454545,0.499047619048,0.4,8,0.0484848484848,0.255555555556,11,11,11,1,0,0.0909090909091,0.636363636364,0.272727272727,11,0.118181818182,3.72727272727,2.36363636364,1.3,1.625,1.43336856898,0.6064251638,0.286713286713,0.603022689156,0.510249967747,0.237762237762,1.40129809949,1.18571377649,0.503496503497,2.05382127221,0.551025219373,7,3.72727272727,2.05382127221,7,0,0,0,0,0.22962962963,11,11,11,1,0,0.0909090909091,0.636363636364,0.272727272727,11,17,0.154545454545,3.17727272727,3.09090909091,1.7,2.125,1.30034960334,0.420701342257,0.208556149733,0.820199532265,0.530717344407,0.267379679144,1.57249078621,1.01749403814,0.513368983957,1.2536673475,0.394573414091,4.4,3.17727272727,1.2536673475,4.4,0.213333333333,0.153846153846,2,0.0121212121212,0.205555555556,11,11,11,1,0,0.0909090909091,0.636363636364,0.272727272727,-3,-0.0272727272727,0.133884297521,-0.545454545455,-0.3,-0.375,-0.389190409368,-0.0439221612377,-0.0368983957219,-0.347548883978,-0.111544284527,-0.0689839572193,-0.367518585835,-0.0495111164884,-0.0229946524064,0.196768572961,0.0472964236795,0.854545454545,0.133884297521,0.196768572961,0.854545454545,-0.285714285714,-0.246153846154,-6,-0.0363636363636,-0.05,0,0,0,17,0,3,90,0.85,1,0,0.15,1,0.85,0.918918918919,0.906962317388,0.85,0.85,4,7,0,0,0,0
1086,WLNM_dir_neg,0.877551020408,0.713786213786,00:00:01,10,30,21,1173777870,threshold_sweep,0.6,1,0.571428571429,0.727272727273,4,0,3,14,0.571428571429,1,0,0.428571428571,1,0.571428571429,0.727272727273,0.857142857143,0.603174603175,0.64,0.68599434057,0.571428571429,20,13,7,0,20,0,13,0,7,11,20,0.181818181818,3.04338842975,3.63636363636,2,2.5,1.68954001271,0.464623503495,0.245454545455,1.16774841624,0.642261628933,0.336363636364,1.94000937205,1.06700515463,0.536363636364,1.05689877454,0.347276990411,3.54545454545,3.04338842975,1.05689877454,3.54545454545,0.499047619048,0.4,8,0.0484848484848,0.255555555556,11,11,11,1,0,0.0909090909091,0.636363636364,0.272727272727,11,0.118181818182,3.72727272727,2.36363636364,1.3,1.625,1.43336856898,0.6064251638,0.286713286713,0.603022689156,0.510249967747,0.237762237762,1.40129809949,1.18571377649,0.503496503497,2.05382127221,0.551025219373,7,3.72727272727,2.05382127221,7,0,0,0,0,0.22962962963,11,11,11,1,0,0.0909090909091,0.636363636364,0.272727272727,11,17,0.154545454545,3.17727272727,3.09090909091,1.7,2.125,1.30034960334,0.420701342257,0.208556149733,0.820199532265,0.530717344407,0.267379679144,1.57249078621,1.01749403814,0.513368983957,1.2536673475,0.394573414091,4.4,3.17727272727,1.2536673475,4.4,0.213333333333,0.153846153846,2,0.0121212121212,0.205555555556,11,11,11,1,0,0.0909090909091,0.636363636364,0.272727272727,-3,-0.0272727272727,0.133884297521,-0.545454545455,-0.3,-0.375,-0.389190409368,-0.0439221612377,-0.0368983957219,-0.347548883978,-0.111544284527,-0.0689839572193,-0.367518585835,-0.0495111164884,-0.0229946524064,0.196768572961,0.0472964236795,0.854545454545,0.133884297521,0.196768572961,0.854545454545,-0.285714285714,-0.246153846154,-6,-0.0363636363636,-0.05,0,0,0,17,0,3,90,0.85,1,0,0.15,1,0.85,0.918918918919,0.906962317388,0.85,0.85,4,7,0,0,0,0
1087,WLNM_dir_neg,0.877551020408,0.713786213786,00:00:01,10,30,21,1173777870,threshold_sweep,0.7,1,0.571428571429,0.727272727273,4,0,3,14,0.571428571429,1,0,0.428571428571,1,0.571428571429,0.727272727273,0.857142857143,0.603174603175,0.64,0.68599434057,0.571428571429,20,13,7,0,20,0,13,0,7,11,20,0.181818181818,3.04338842975,3.63636363636,2,2.5,1.68954001271,0.464623503495,0.245454545455,1.16774841624,0.642261628933,0.336363636364,1.94000937205,1.06700515463,0.536363636364,1.05689877454,0.347276990411,3.54545454545,3.04338842975,1.05689877454,3.54545454545,0.499047619048,0.4,8,0.0484848484848,0.255555555556,11,11,11,1,0,0.0909090909091,0.636363636364,0.272727272727,11,0.118181818182,3.72727272727,2.36363636364,1.3,1.625,1.43336856898,0.6064251638,0.286713286713,0.603022689156,0.510249967747,0.237762237762,1.40129809949,1.18571377649,0.503496503497,2.05382127221,0.551025219373,7,3.72727272727,2.05382127221,7,0,0,0,0,0.22962962963,11,11,11,1,0,0.0909090909091,0.636363636364,0.272727272727,11,17,0.154545454545,3.17727272727,3.09090909091,1.7,2.125,1.30034960334,0.420701342257,0.208556149733,0.820199532265,0.530717344407,0.267379679144,1.57249078621,1.01749403814,0.513368983957,1.2536673475,0.394573414091,4.4,3.17727272727,1.2536673475,4.4,0.213333333333,0.153846153846,2,0.0121212121212,0.205555555556,11,11,11,1,0,0.0909090909091,0.636363636364,0.272727272727,-3,-0.0272727272727,0.133884297521,-0.545454545455,-0.3,-0.375,-0.389190409368,-0.0439221612377,-0.0368983957219,-0.347548883978,-0.111544284527,-0.0689839572193,-0.367518585835,-0.0495111164884,-0.0229946524064,0.196768572961,0.0472964236795,0.854545454545,0.133884297521,0.196768572961,0.854545454545,-0.285714285714,-0.246153846154,-6,-0.0363636363636,-0.05,0,0,0,17,0,3,90,0.85,1,0,0.15,1,0.85,0.918918918919,0.906962317388,0.85,0.85,4,7,0,0,0,0
1088,WLNM_dir_neg,0.877551020408,0.713786213786,00:00:01,10,30,21,1173777870,threshold_sweep,0.8,1,0.571428571429,0.727272727273,4,0,3,14,0.571428571429,1,0,0.428571428571,1,0.571428571429,0.727272727273,0.857142857143,0.603174603175,0.64,0.68599434057,0.571428571429,20,13,7,0,20,0,13,0,7,11,20,0.181818181818,3.04338842975,3.63636363636,2,2.5,1.68954001271,0.464623503495,0.245454545455,1.16774841624,0.642261628933,0.336363636364,1.94000937205,1.06700515463,0.536363636364,1.05689877454,0.347276990411,3.54545454545,3.04338842975,1.05689877454,3.54545454545,0.499047619048,0.4,8,0.0484848484848,0.255555555556,11,11,11,1,0,0.0909090909091,0.636363636364,0.272727272727,11,0.118181818182,3.72727272727,2.36363636364,1.3,1.625,1.43336856898,0.6064251638,0.286713286713,0.603022689156,0.510249967747,0.237762237762,1.40129809949,1.18571377649,0.503496503497,2.05382127221,0.551025219373,7,3.72727272727,2.05382127221,7,0,0,0,0,0.22962962963,11,11,11,1,0,0.0909090909091,0.636363636364,0.272727272727,11,17,0.154545454545,3.17727272727,3.09090909091,1.7,2.125,1.30034960334,0.420701342257,0.208556149733,0.820199532265,0.530717344407,0.267379679144,1.57249078621,1.01749403814,0.513368983957,1.2536673475,0.394573414091,4.4,3.17727272727,1.2536673475,4.4,0.213333333333,0.153846153846,2,0.0121212121212,0.205555555556,11,11,11,1,0,0.0909090909091,0.636363636364,0.272727272727,-3,-0.0272727272727,0.133884297521,-0.545454545455,-0.3,-0.375,-0.389190409368,-0.0439221612377,-0.0368983957219,-0.347548883978,-0.111544284527,-0.0689839572193,-0.367518585835,-0.0495111164884,-0.0229946524064,0.196768572961,0.0472964236795,0.854545454545,0.133884297521,0.196768572961,0.854545454545,-0.285714285714,-0.246153846154,-6,-0.0363636363636,-0.05,0,0,0,17,0,3,90,0.85,1,0,0.15,1,0.85,0.918918918919,0.906962317388,0.85,0.85,4,7,0,0,0,0
1089,WLNM_dir_neg,0.877551020408,0.713786213786,00:00:01,10,30,21,1173777870,threshold_sweep,0.9,1,0.571428571429,0.727272727273,4,0,3,14,0.571428571429,1,0,0.428571428571,1,0.571428571429,0.727272727273,0.857142857143,0.603174603175,0.64,0.68599434057,0.571428571429,20,13,7,0,20,0,13,0,7,11,20,0.181818181818,3.04338842975,3.63636363636,2,2.5,1.68954001271,0.464623503495,0.245454545455,1.16774841624,0.642261628933,0.336363636364,1.94000937205,1.06700515463,0.536363636364,1.05689877454,0.347276990411,3.54545454545,3.04338842975,1.05689877454,3.54545454545,0.499047619048,0.4,8,0.0484848484848,0.255555555556,11,11,11,1,0,0.0909090909091,0.636363636364,0.272727272727,11,0.118181818182,3.72727272727,2.36363636364,1.3,1.625,1.43336856898,0.6064251638,0.286713286713,0.603022689156,0.510249967747,0.237762237762,1.40129809949,1.18571377649,0.503496503497,2.05382127221,0.551025219373,7,3.72727272727,2.05382127221,7,0,0,0,0,0.22962962963,11,11,11,1,0,0.0909090909091,0.636363636364,0.272727272727,11,17,0.154545454545,3.17727272727,3.09090909091,1.7,2.125,1.30034960334,0.420701342257,0.208556149733,0.820199532265,0.530717344407,0.267379679144,1.57249078621,1.01749403814,0.513368983957,1.2536673475,0.394573414091,4.4,3.17727272727,1.2536673475,4.4,0.213333333333,0.153846153846,2,0.0121212121212,0.205555555556,11,11,11,1,0,0.0909090909091,0.636363636364,0.272727272727,-3,-0.0272727272727,0.133884297521,-0.545454545455,-0.3,-0.375,-0.389190409368,-0.0439221612377,-0.0368983957219,-0.347548883978,-0.111544284527,-0.0689839572193,-0.367518585835,-0.0495111164884,-0.0229946524064,0.196768572961,0.0472964236795,0.854545454545,0.133884297521,0.196768572961,0.854545454545,-0.285714285714,-0.246153846154,-6,-0.0363636363636,-0.05,0,0,0,17,0,3,90,0.85,1,0,0.15,1,0.85,0.918918918919,0.906962317388,0.85,0.85,4,7,0,0,0,0
1090,WLNM_dir_neg,0.795918367347,0.551812770563,00:00:01,10,30,22,1173777871,threshold_sweep,0.1,0.833333333333,0.714285714286,0.769230769231,5,1,2,13,0.714285714286,0.928571428571,0.0714285714286,0.285714285714,0.833333333333,0.714285714286,0.769230769231,0.857142857143,0.571428571429,0.666666666667,0.67082039325,0.642857142857,20,13,7,0,20,0,13,0,7,11,20,0.181818181818,3.04338842975,3.63636363636,2,2.5,1.68954001271,0.464623503495,0.245454545455,1.16774841624,0.642261628933,0.336363636364,1.94000937205,1.06700515463,0.536363636364,1.05689877454,0.347276990411,3.54545454545,3.04338842975,1.05689877454,3.54545454545,0.499047619048,0.4,8,0.0484848484848,0.255555555556,11,11,11,1,0,0.0909090909091,0.636363636364,0.272727272727,11,0.118181818182,3.72727272727,2.36363636364,1.3,1.625,1.43336856898,0.6064251638,0.286713286713,0.603022689156,0.510249967747,0.237762237762,1.40129809949,1.18571377649,0.503496503497,2.05382127221,0.551025219373,7,3.72727272727,2.05382127221,7,0,0,0,0,0.22962962963,11,11,11,1,0,0.0909090909091,0.636363636364,0.272727272727,11,19,0.172727272727,5.99715909091,3.45454545455,1.9,2.375,1.69491217257,0.490632471007,0.253588516746,0.904534033733,0.523677598477,0.267942583732,1.67874411933,0.971904490138,0.507177033493,2.14896661873,0.35833076731,7.5,5.99715909091,2.14896661873,7.5,0.432380952381,0.333333333333,6,0.0363636363636,0.219259259259,11,11,11,1,0,0.0909090909091,0.636363636364,0.272727272727,-1,-0.00909090909091,2.95377066116,-0.181818181818,-0.1,-0.125,0.00537215986117,0.0260089675122,0.00813397129187,-0.263214382509,-0.118584030456,-0.0684210526316,-0.26126525272,-0.0951006644889,-0.0291866028708,1.09206784419,0.0110537768992,3.95454545455,2.95377066116,1.09206784419,3.95454545455,-0.0666666666667,-0.0666666666667,-2,-0.0121212121212,-0.0362962962963,0,0,0,18,1,2,89,0.9,0.988888888889,0.0111111111111,0.1,0.947368421053,0.9,0.923076923077,0.906956031802,0.888888888889,0.857142857143,6,7,0,0,0,0
1091,WLNM_dir_neg,0.795918367347,0.551812770563,00:00:01,10,30,22,1173777871,threshold_sweep,0.2,0.833333333333,0.714285714286,0.769230769231,5,1,2,13,0.714285714286,0.928571428571,0.0714285714286,0.285714285714,0.833333333333,0.714285714286,0.769230769231,0.857142857143,0.571428571429,0.666666666667,0.67082039325,0.642857142857,20,13,7,0,20,0,13,0,7,11,20,0.181818181818,3.04338842975,3.63636363636,2,2.5,1.68954001271,0.464623503495,0.245454545455,1.16774841624,0.642261628933,0.336363636364,1.94000937205,1.06700515463,0.536363636364,1.05689877454,0.347276990411,3.54545454545,3.04338842975,1.05689877454,3.54545454545,0.499047619048,0.4,8,0.0484848484848,0.255555555556,11,11,11,1,0,0.0909090909091,0.636363636364,0.272727272727,11,0.118181818182,3.72727272727,2.36363636364,1.3,1.625,1.43336856898,0.6064251638,0.286713286713,0.603022689156,0.510249967747,0.237762237762,1.40129809949,1.18571377649,0.503496503497,2.05382127221,0.551025219373,7,3.72727272727,2.05382127221,7,0,0,0,0,0.22962962963,11,11,11,1,0,0.0909090909091,0.636363636364,0.272727272727,11,19,0.172727272727,5.99715909091,3.45454545455,1.9,2.375,1.69491217257,0.490632471007,0.253588516746,0.904534033733,0.523677598477,0.267942583732,1.67874411933,0.971904490138,0.507177033493,2.14896661873,0.35833076731,7.5,5.99715909091,2.14896661873,7.5,0.432380952381,0.333333333333,6,0.0363636363636,0.219259259259,11,11,11,1,0,0.0909090909091,0.636363636364,0.272727272727,-1,-0.00909090909091,2.95377066116,-0.181818181818,-0.1,-0.125,0.00537215986117,0.0260089675122,0.00813397129187,-0.263214382509,-0.118584030456,-0.0684210526316,-0.26126525272,-0.0951006644889,-0.0291866028708,1.09206784419,0.0110537768992,3.95454545455,2.95377066116,1.09206784419,3.95454545455,-0.0666666666667,-0.0666666666667,-2,-0.0121212121212,-0.0362962962963,0,0,0,18,1,2,89,0.9,0.988888888889,0.0111111111111,0.1,0.947368421053,0.9,0.923076923077,0.906956031802,0.888888888889,0.857142857143,6,7,0,0,0,0
1092,WLNM_dir_neg,0.795918367347,0.551812770563,00:00:01,10,30,22,1173777871,threshold_sweep,0.3,0.833333333333,0.714285714286,0.769230769231,5,1,2,13,0.714285714286,0.928571428571,0.0714285714286,0.285714285714,0.833333333333,0.714285714286,0.769230769231,0.857142857143,0.571428571429,0.666666666667,0.67082039325,0.642857142857,20,13,7,0,20,0,13,0,7,11,20,0.181818181818,3.04338842975,3.63636363636,2,2.5,1.68954001271,0.464623503495,0.245454545455,1.16774841624,0.642261628933,0.336363636364,1.94000937205,1.06700515463,0.536363636364,1.05689877454,0.347276990411,3.54545454545,3.04338842975,1.05689877454,3.54545454545,0.499047619048,0.4,8,0.0484848484848,0.255555555556,11,11,11,1,0,0.0909090909091,0.636363636364,0.272727272727,11,0.118181818182,3.72727272727,2.36363636364,1.3,1.625,1.43336856898,0.6064251638,0.286713286713,0.603022689156,0.510249967747,0.237762237762,1.40129809949,1.18571377649,0.503496503497,2.05382127221,0.551025219373,7,3.72727272727,2.05382127221,7,0,0,0,0,0.22962962963,11,11,11,1,0,0.0909090909091,0.636363636364,0.272727272727,11,19,0.172727272727,5.99715909091,3.45454545455,1.9,2.375,1.69491217257,0.490632471007,0.253588516746,0.904534033733,0.523677598477,0.267942583732,1.67874411933,0.971904490138,0.507177033493,2.14896661873,0.35833076731,7.5,5.99715909091,2.14896661873,7.5,0.432380952381,0.333333333333,6,0.0363636363636,0.219259259259,11,11,11,1,0,0.0909090909091,0.636363636364,0.272727272727,-1,-0.00909090909091,2.95377066116,-0.181818181818,-0.1,-0.125,0.00537215986117,0.0260089675122,0.00813397129187,-0.263214382509,-0.118584030456,-0.0684210526316,-0.26126525272,-0.0951006644889,-0.0291866028708,1.09206784419,0.0110537768992,3.95454545455,2.95377066116,1.09206784419,3.95454545455,-0.0666666666667,-0.0666666666667,-2,-0.0121212121212,-0.0362962962963,0,0,0,18,1,2,89,0.9,0.988888888889,0.0111111111111,0.1,0.947368421053,0.9,0.923076923077,0.906956031802,0.888888888889,0.857142857143,6,7,0,0,0,0
1093,WLNM_dir_neg,0.795918367347,0.551812770563,00:00:01,10,30,22,1173777871,threshold_sweep,0.4,0.833333333333,0.714285714286,0.769230769231,5,1,2,13,0.714285714286,0.928571428571,0.0714285714286,0.285714285714,0.833333333333,0.714285714286,0.769230769231,0.857142857143,0.571428571429,0.666666666667,0.67082039325,0.642857142857,20,13,7,0,20,0,13,0,7,11,20,0.181818181818,3.04338842975,3.63636363636,2,2.5,1.68954001271,0.464623503495,0.245454545455,1.16774841624,0.642261628933,0.336363636364,1.94000937205,1.06700515463,0.536363636364,1.05689877454,0.347276990411,3.54545454545,3.04338842975,1.05689877454,3.54545454545,0.499047619048,0.4,8,0.0484848484848,0.255555555556,11,11,11,1,0,0.0909090909091,0.636363636364,0.272727272727,11,0.118181818182,3.72727272727,2.36363636364,1.3,1.625,1.43336856898,0.6064251638,0.286713286713,0.603022689156,0.510249967747,0.237762237762,1.40129809949,1.18571377649,0.503496503497,2.05382127221,0.551025219373,7,3.72727272727,2.05382127221,7,0,0,0,0,0.22962962963,11,11,11,1,0,0.0909090909091,0.636363636364,0.272727272727,11,19,0.172727272727,5.99715909091,3.45454545455,1.9,2.375,1.69491217257,0.490632471007,0.253588516746,0.904534033733,0.523677598477,0.267942583732,1.67874411933,0.971904490138,0.507177033493,2.14896661873,0.35833076731,7.5,5.99715909091,2.14896661873,7.5,0.432380952381,0.333333333333,6,0.0363636363636,0.219259259259,11,11,11,1,0,0.0909090909091,0.636363636364,0.272727272727,-1,-0.00909090909091,2.95377066116,-0.181818181818,-0.1,-0.125,0.00537215986117,0.0260089675122,0.00813397129187,-0.263214382509,-0.118584030456,-0.0684210526316,-0.26126525272,-0.0951006644889,-0.0291866028708,1.09206784419,0.0110537768992,3.95454545455,2.95377066116,1.09206784419,3.95454545455,-0.0666666666667,-0.0666666666667,-2,-0.0121212121212,-0.0362962962963,0,0,0,18,1,2,89,0.9,0.988888888889,0.0111111111111,0.1,0.947368421053,0.9,0.923076923077,0.906956031802,0.888888888889,0.857142857143,6,7,0,0,0,0
1094,WLNM_dir_neg,0.795918367347,0.551812770563,00:00:01,10,30,22,1173777871,threshold_sweep,0.5,0.833333333333,0.714285714286,0.769230769231,5,1,2,13,0.714285714286,0.928571428571,0.0714285714286,0.285714285714,0.833333333333,0.714285714286,0.769230769231,0.857142857143,0.571428571429,0.666666666667,0.67082039325,0.642857142857,20,13,7,0,20,0,13,0,7,11,20,0.181818181818,3.04338842975,3.63636363636,2,2.5,1.68954001271,0.464623503495,0.245454545455,1.16774841624,0.642261628933,0.336363636364,1.94000937205,1.06700515463,0.536363636364,1.05689877454,0.347276990411,3.54545454545,3.04338842975,1.05689877454,3.54545454545,0.499047619048,0.4,8,0.0484848484848,0.255555555556,11,11,11,1,0,0.0909090909091,0.636363636364,0.272727272727,11,0.118181818182,3.72727272727,2.36363636364,1.3,1.625,1.43336856898,0.6064251638,0.286713286713,0.603022689156,0.510249967747,0.237762237762,1.40129809949,1.18571377649,0.503496503497,2.05382127221,0.551025219373,7,3.72727272727,2.05382127221,7,0,0,0,0,0.22962962963,11,11,11,1,0,0.0909090909091,0.636363636364,0.272727272727,11,19,0.172727272727,5.99715909091,3.45454545455,1.9,2.375,1.69491217257,0.490632471007,0.253588516746,0.904534033733,0.523677598477,0.267942583732,1.67874411933,0.971904490138,0.507177033493,2.14896661873,0.35833076731,7.5,5.99715909091,2.14896661873,7.5,0.432380952381,0.333333333333,6,0.0363636363636,0.219259259259,11,11,11,1,0,0.0909090909091,0.636363636364,0.272727272727,-1,-0.00909090909091,2.95377066116,-0.181818181818,-0.1,-0.125,0.00537215986117,0.0260089675122,0.00813397129187,-0.263214382509,-0.118584030456,-0.0684210526316,-0.26126525272,-0.0951006644889,-0.0291866028708,1.09206784419,0.0110537768992,3.95454545455,2.95377066116,1.09206784419,3.95454545455,-0.0666666666667,-0.0666666666667,-2,-0.0121212121212,-0.0362962962963,0,0,0,18,1,2,89,0.9,0.988888888889,0.0111111111111,0.1,0.947368421053,0.9,0.923076923077,0.906956031802,0.888888888889,0.857142857143,6,7,0,0,0,0
1095,WLNM_dir_neg,0.795918367347,0.551812770563,00:00:01,10,30,22,1173777871,threshold_sweep,0.6,0.833333333333,0.714285714286,0.769230769231,5,1,2,13,0.714285714286,0.928571428571,0.0714285714286,0.285714285714,0.833333333333,0.714285714286,0.769230769231,0.857142857143,0.571428571429,0.666666666667,0.67082039325,0.642857142857,20,13,7,0,20,0,13,0,7,11,20,0.181818181818,3.04338842975,3.63636363636,2,2.5,1.68954001271,0.464623503495,0.245454545455,1.16774841624,0.642261628933,0.336363636364,1.94000937205,1.06700515463,0.536363636364,1.05689877454,0.347276990411,3.54545454545,3.04338842975,1.05689877454,3.54545454545,0.499047619048,0.4,8,0.0484848484848,0.255555555556,11,11,11,1,0,0.0909090909091,0.636363636364,0.272727272727,11,0.118181818182,3.72727272727,2.36363636364,1.3,1.625,1.43336856898,0.6064251638,0.286713286713,0.603022689156,0.510249967747,0.237762237762,1.40129809949,1.18571377649,0.503496503497,2.05382127221,0.551025219373,7,3.72727272727,2.05382127221,7,0,0,0,0,0.22962962963,11,11,11,1,0,0.0909090909091,0.636363636364,0.272727272727,11,19,0.172727272727,5.99715909091,3.45454545455,1.9,2.375,1.69491217257,0.490632471007,0.253588516746,0.904534033733,0.523677598477,0.267942583732,1.67874411933,0.971904490138,0.507177033493,2.14896661873,0.35833076731,7.5,5.99715909091,2.14896661873,7.5,0.432380952381,0.333333333333,6,0.0363636363636,0.219259259259,11,11,11,1,0,0.0909090909091,0.636363636364,0.272727272727,-1,-0.00909090909091,2.95377066116,-0.181818181818,-0.1,-0.125,0.00537215986117,0.0260089675122,0.00813397129187,-0.263214382509,-0.118584030456,-0.0684210526316,-0.26126525272,-0.0951006644889,-0.0291866028708,1.09206784419,0.0110537768992,3.95454545455,2.95377066116,1.09206784419,3.95454545455,-0.0666666666667,-0.0666666666667,-2,-0.0121212121212,-0.0362962962963,0,0,0,18,1,2,89,0.9,0.988888888889,0.0111111111111,0.1,0.947368421053,0.9,0.923076923077,0.906956031802,0.888888888889,0.857142857143,6,7,0,0,0,0
1096,WLNM_dir_neg,0.795918367347,0.551812770563,00:00:01,10,30,22,1173777871,threshold_sweep,0.7,0.833333333333,0.714285714286,0.769230769231,5,1,2,13,0.714285714286,0.928571428571,0.0714285714286,0.285714285714,0.833333333333,0.714285714286,0.769230769231,0.857142857143,0.571428571429,0.666666666667,0.67082039325,0.642857142857,20,13,7,0,20,0,13,0,7,11,20,0.181818181818,3.04338842975,3.63636363636,2,2.5,1.68954001271,0.464623503495,0.245454545455,1.16774841624,0.642261628933,0.336363636364,1.94000937205,1.06700515463,0.536363636364,1.05689877454,0.347276990411,3.54545454545,3.04338842975,1.05689877454,3.54545454545,0.499047619048,0.4,8,0.0484848484848,0.255555555556,11,11,11,1,0,0.0909090909091,0.636363636364,0.272727272727,11,0.118181818182,3.72727272727,2.36363636364,1.3,1.625,1.43336856898,0.6064251638,0.286713286713,0.603022689156,0.510249967747,0.237762237762,1.40129809949,1.18571377649,0.503496503497,2.05382127221,0.551025219373,7,3.72727272727,2.05382127221,7,0,0,0,0,0.22962962963,11,11,11,1,0,0.0909090909091,0.636363636364,0.272727272727,11,19,0.172727272727,5.99715909091,3.45454545455,1.9,2.375,1.69491217257,0.490632471007,0.253588516746,0.904534033733,0.523677598477,0.267942583732,1.67874411933,0.971904490138,0.507177033493,2.14896661873,0.35833076731,7.5,5.99715909091,2.14896661873,7.5,0.432380952381,0.333333333333,6,0.0363636363636,0.219259259259,11,11,11,1,0,0.0909090909091,0.636363636364,0.272727272727,-1,-0.00909090909091,2.95377066116,-0.181818181818,-0.1,-0.125,0.00537215986117,0.0260089675122,0.00813397129187,-0.263214382509,-0.118584030456,-0.0684210526316,-0.26126525272,-0.0951006644889,-0.0291866028708,1.09206784419,0.0110537768992,3.95454545455,2.95377066116,1.09206784419,3.95454545455,-0.0666666666667,-0.0666666666667,-2,-0.0121212121212,-0.0362962962963,0,0,0,18,1,2,89,0.9,0.988888888889,0.0111111111111,0.1,0.947368421053,0.9,0.923076923077,0.906956031802,0.888888888889,0.857142857143,6,7,0,0,0,0
1097,WLNM_dir_neg,0.795918367347,0.551812770563,00:00:01,10,30,22,1173777871,threshold_sweep,0.8,0.833333333333,0.714285714286,0.769230769231,5,1,2,13,0.714285714286,0.928571428571,0.0714285714286,0.285714285714,0.833333333333,0.714285714286,0.769230769231,0.857142857143,0.571428571429,0.666666666667,0.67082039325,0.642857142857,20,13,7,0,20,0,13,0,7,11,20,0.181818181818,3.04338842975,3.63636363636,2,2.5,1.68954001271,0.464623503495,0.245454545455,1.16774841624,0.642261628933,0.336363636364,1.94000937205,1.06700515463,0.536363636364,1.05689877454,0.347276990411,3.54545454545,3.04338842975,1.05689877454,3.54545454545,0.499047619048,0.4,8,0.0484848484848,0.255555555556,11,11,11,1,0,0.0909090909091,0.636363636364,0.272727272727,11,0.118181818182,3.72727272727,2.36363636364,1.3,1.625,1.43336856898,0.6064251638,0.286713286713,0.603022689156,0.510249967747,0.237762237762,1.40129809949,1.18571377649,0.503496503497,2.05382127221,0.551025219373,7,3.72727272727,2.05382127221,7,0,0,0,0,0.22962962963,11,11,11,1,0,0.0909090909091,0.636363636364,0.272727272727,11,19,0.172727272727,5.99715909091,3.45454545455,1.9,2.375,1.69491217257,0.490632471007,0.253588516746,0.904534033733,0.523677598477,0.267942583732,1.67874411933,0.971904490138,0.507177033493,2.14896661873,0.35833076731,7.5,5.99715909091,2.14896661873,7.5,0.432380952381,0.333333333333,6,0.0363636363636,0.219259259259,11,11,11,1,0,0.0909090909091,0.636363636364,0.272727272727,-1,-0.00909090909091,2.95377066116,-0.181818181818,-0.1,-0.125,0.00537215986117,0.0260089675122,0.00813397129187,-0.263214382509,-0.118584030456,-0.0684210526316,-0.26126525272,-0.0951006644889,-0.0291866028708,1.09206784419,0.0110537768992,3.95454545455,2.95377066116,1.09206784419,3.95454545455,-0.0666666666667,-0.0666666666667,-2,-0.0121212121212,-0.0362962962963,0,0,0,18,1,2,89,0.9,0.988888888889,0.0111111111111,0.1,0.947368421053,0.9,0.923076923077,0.906956031802,0.888888888889,0.857142857143,6,7,0,0,0,0
1098,WLNM_dir_neg,0.795918367347,0.551812770563,00:00:01,10,30,22,1173777871,threshold_sweep,0.9,0.8,0.571428571429,0.666666666667,4,1,3,13,0.571428571429,0.928571428571,0.0714285714286,0.428571428571,0.8,0.571428571429,0.666666666667,0.809523809524,0.587301587302,0.538461538462,0.553398590529,0.5,20,13,7,0,20,0,13,0,7,11,20,0.181818181818,3.04338842975,3.63636363636,2,2.5,1.68954001271,0.464623503495,0.245454545455,1.16774841624,0.642261628933,0.336363636364,1.94000937205,1.06700515463,0.536363636364,1.05689877454,0.347276990411,3.54545454545,3.04338842975,1.05689877454,3.54545454545,0.499047619048,0.4,8,0.0484848484848,0.255555555556,11,11,11,1,0,0.0909090909091,0.636363636364,0.272727272727,11,0.118181818182,3.72727272727,2.36363636364,1.3,1.625,1.43336856898,0.6064251638,0.286713286713,0.603022689156,0.510249967747,0.237762237762,1.40129809949,1.18571377649,0.503496503497,2.05382127221,0.551025219373,7,3.72727272727,2.05382127221,7,0,0,0,0,0.22962962963,11,11,11,1,0,0.0909090909091,0.636363636364,0.272727272727,11,18,0.163636363636,6.2,3.27272727273,1.8,2.25,1.61807966991,0.494413232473,0.242424242424,0.809039834956,0.494413232473,0.242424242424,1.5666989036,0.957427107756,0.494949494949,2.28560714035,0.368646312959,8.2,6.2,2.28560714035,8.2,0.302380952381,0.25,4,0.0242424242424,0.205555555556,11,11,11,1,0,0.0909090909091,0.636363636364,0.272727272727,-2,-0.0181818181818,3.15661157025,-0.363636363636,-0.2,-0.25,-0.0714603427974,0.029789728978,-0.0030303030303,-0.358708581286,-0.14784839646,-0.0939393939394,-0.373310468447,-0.10957804687,-0.0414141414141,1.22870836581,0.0213693225477,4.65454545455,3.15661157025,1.22870836581,4.65454545455,-0.196666666667,-0.15,-4,-0.0242424242424,-0.05,0,0,0,17,1,3,89,0.85,0.988888888889,0.0111111111111,0.15,0.944444444444,0.85,0.894736842105,0.874602125628,0.838888888889,0.809523809524,5,7,0,0,0,0
1099,WLNM_dir_neg,0.897959183673,0.726731601732,00:00:00,10,30,23,1173777872,threshold_sweep,0.1,1,0.714285714286,0.833333333333,5,0,2,14,0.714285714286,1,0,0.285714285714,1,0.714285714286,0.833333333333,0.904761904762,0.587301587302,0.769230769231,0.790569415042,0.714285714286,20,13,7,0,20,0,13,0,7,11,20,0.181818181818,3.04338842975,3.63636363636,2,2.5,1.68954001271,0.464623503495,0.245454545455,1.16774841624,0.642261628933,0.336363636364,1.94000937205,1.06700515463,0.536363636364,1.05689877454,0.347276990411,3.54545454545,3.04338842975,1.05689877454,3.54545454545,0.499047619048,0.4,8,0.0484848484848,0.255555555556,11,11,11,1,0,0.0909090909091,0.636363636364,0.272727272727,11,0.118181818182,3.72727272727,2.36363636364,1.3,1.625,1.43336856898,0.6064251638,0.286713286713,0.603022689156,0.510249967747,0.237762237762,1.40129809949,1.18571377649,0.503496503497,2.05382127221,0.551025219373,7,3.72727272727,2.05382127221,7,0,0,0,0,0.22962962963,11,11,11,1,0,0.0909090909091,0.636363636364,0.272727272727,11,18,0.163636363636,3.11363636364,3.27272727273,1.8,2.25,1.42062726223,0.434080552347,0.227272727273,0.924416277737,0.564921058617,0.292929292929,1.68954001271,1.03249667443,0.525252525253,1.14353419474,0.367266456706,3.875,3.11363636364,1.14353419474,3.875,0.366666666667,0.266666666667,4,0.0242424242424,0.221111111111,11,11,11,1,0,0.0909090909091,0.636363636364,0.272727272727,-2,-0.0181818181818,0.0702479338843,-0.363636363636,-0.2,-0.25,-0.268912750482,-0.030542951148,-0.0181818181818,-0.243332138505,-0.0773405703161,-0.0434343434343,-0.250469359339,-0.0345084801933,-0.0111111111111,0.0866354202056,0.0199894662943,0.329545454545,0.0702479338843,0.0866354202056,0.329545454545,-0.132380952381,-0.133333333333,-4,-0.0242424242424,-0.0344444444444,0,0,0,18,0,2,90,0.9,1,0,0.1,1,0.9,0.947368421053,0.938314863257,0.9,0.9,5,7,0,0,0,0
1100,WLNM_dir_neg,0.897959183673,0.726731601732,00:00:00,10,30,23,1173777872,threshold_sweep,0.2,1,0.714285714286,0.833333333333,5,0,2,14,0.714285714286,1,0,0.285714285714,1,0.714285714286,0.833333333333,0.904761904762,0.587301587302,0.769230769231,0.790569415042,0.714285714286,20,13,7,0,20,0,13,0,7,11,20,0.181818181818,3.04338842975,3.63636363636,2,2.5,1.68954001271,0.464623503495,0.245454545455,1.16774841624,0.642261628933,0.336363636364,1.94000937205,1.06700515463,0.536363636364,1.05689877454,0.347276990411,3.54545454545,3.04338842975,1.05689877454,3.54545454545,0.499047619048,0.4,8,0.0484848484848,0.255555555556,11,11,11,1,0,0.0909090909091,0.636363636364,0.272727272727,11,0.118181818182,3.72727272727,2.36363636364,1.3,1.625,1.43336856898,0.6064251638,0.286713286713,0.603022689156,0.510249967747,0.237762237762,1.40129809949,1.18571377649,0.503496503497,2.05382127221,0.551025219373,7,3.72727272727,2.05382127221,7,0,0,0,0,0.22962962963,11,11,11,1,0,0.0909090909091,0.636363636364,0.272727272727,11,18,0.163636363636,3.11363636364,3.27272727273,1.8,2.25,1.42062726223,0.434080552347,0.227272727273,0.924416277737,0.564921058617,0.292929292929,1.68954001271,1.03249667443,0.525252525253,1.14353419474,0.367266456706,3.875,3.11363636364,1.14353419474,3.875,0.366666666667,0.266666666667,4,0.0242424242424,0.221111111111,11,11,11,1,0,0.0909090909091,0.636363636364,0.272727272727,-2,-0.0181818181818,0.0702479338843,-0.363636363636,-0.2,-0.25,-0.268912750482,-0.030542951148,-0.0181818181818,-0.243332138505,-0.0773405703161,-0.0434343434343,-0.250469359339,-0.0345084801933,-0.0111111111111,0.0866354202056,0.0199894662943,0.329545454545,0.0702479338843,0.0866354202056,0.329545454545,-0.132380952381,-0.133333333333,-4,-0.0242424242424,-0.0344444444444,0,0,0,18,0,2,90,0.9,1,0,0.1,1,0.9,0.947368421053,0.938314863257,0.9,0.9,5,7,0,0,0,0
1101,WLNM_dir_neg,0.897959183673,0.726731601732,00:00:00,10,30,23,1173777872,threshold_sweep,0.3,1,0.714285714286,0.833333333333,5,0,2,14,0.714285714286,1,0,0.285714285714,1,0.714285714286,0.833333333333,0.904761904762,0.587301587302,0.769230769231,0.790569415042,0.714285714286,20,13,7,0,20,0,13,0,7,11,20,0.181818181818,3.04338842975,3.63636363636,2,2.5,1.68954001271,0.464623503495,0.245454545455,1.16774841624,0.642261628933,0.336363636364,1.94000937205,1.06700515463,0.536363636364,1.05689877454,0.347276990411,3.54545454545,3.04338842975,1.05689877454,3.54545454545,0.499047619048,0.4,8,0.0484848484848,0.255555555556,11,11,11,1,0,0.0909090909091,0.636363636364,0.272727272727,11,0.118181818182,3.72727272727,2.36363636364,1.3,1.625,1.43336856898,0.6064251638,0.286713286713,0.603022689156,0.510249967747,0.237762237762,1.40129809949,1.18571377649,0.503496503497,2.05382127221,0.551025219373,7,3.72727272727,2.05382127221,7,0,0,0,0,0.22962962963,11,11,11,1,0,0.0909090909091,0.636363636364,0.272727272727,11,18,0.163636363636,3.11363636364,3.27272727273,1.8,2.25,1.42062726223,0.434080552347,0.227272727273,0.924416277737,0.564921058617,0.292929292929,1.68954001271,1.03249667443,0.525252525253,1.14353419474,0.367266456706,3.875,3.11363636364,1.14353419474,3.875,0.366666666667,0.266666666667,4,0.0242424242424,0.221111111111,11,11,11,1,0,0.0909090909091,0.636363636364,0.272727272727,-2,-0.0181818181818,0.0702479338843,-0.363636363636,-0.2,-0.25,-0.268912750482,-0.030542951148,-0.0181818181818,-0.243332138505,-0.0773405703161,-0.0434343434343,-0.250469359339,-0.0345084801933,-0.0111111111111,0.0866354202056,0.0199894662943,0.329545454545,0.0702479338843,0.0866354202056,0.329545454545,-0.132380952381,-0.133333333333,-4,-0.0242424242424,-0.0344444444444,0,0,0,18,0,2,90,0.9,1,0,0.1,1,0.9,0.947368421053,0.938314863257,0.9,0.9,5,7,0,0,0,0
1102,WLNM_dir_neg,0.897959183673,0.726731601732,00:00:00,10,30,23,1173777872,threshold_sweep,0.4,1,0.714285714286,0.833333333333,5,0,2,14,0.714285714286,1,0,0.285714285714,1,0.714285714286,0.833333333333,0.904761904762,0.587301587302,0.769230769231,0.790569415042,0.714285714286,20,13,7,0,20,0,13,0,7,11,20,0.181818181818,3.04338842975,3.63636363636,2,2.5,1.68954001271,0.464623503495,0.245454545455,1.16774841624,0.642261628933,0.336363636364,1.94000937205,1.06700515463,0.536363636364,1.05689877454,0.347276990411,3.54545454545,3.04338842975,1.05689877454,3.54545454545,0.499047619048,0.4,8,0.0484848484848,0.255555555556,11,11,11,1,0,0.0909090909091,0.636363636364,0.272727272727,11,0.118181818182,3.72727272727,2.36363636364,1.3,1.625,1.43336856898,0.6064251638,0.286713286713,0.603022689156,0.510249967747,0.237762237762,1.40129809949,1.18571377649,0.503496503497,2.05382127221,0.551025219373,7,3.72727272727,2.05382127221,7,0,0,0,0,0.22962962963,11,11,11,1,0,0.0909090909091,0.636363636364,0.272727272727,11,18,0.163636363636,3.11363636364,3.27272727273,1.8,2.25,1.42062726223,0.434080552347,0.227272727273,0.924416277737,0.564921058617,0.292929292929,1.68954001271,1.03249667443,0.525252525253,1.14353419474,0.367266456706,3.875,3.11363636364,1.14353419474,3.875,0.366666666667,0.266666666667,4,0.0242424242424,0.221111111111,11,11,11,1,0,0.0909090909091,0.636363636364,0.272727272727,-2,-0.0181818181818,0.0702479338843,-0.363636363636,-0.2,-0.25,-0.268912750482,-0.030542951148,-0.0181818181818,-0.243332138505,-0.0773405703161,-0.0434343434343,-0.250469359339,-0.0345084801933,-0.0111111111111,0.0866354202056,0.0199894662943,0.329545454545,0.0702479338843,0.0866354202056,0.329545454545,-0.132380952381,-0.133333333333,-4,-0.0242424242424,-0.0344444444444,0,0,0,18,0,2,90,0.9,1,0,0.1,1,0.9,0.947368421053,0.938314863257,0.9,0.9,5,7,0,0,0,0
1103,WLNM_dir_neg,0.897959183673,0.726731601732,00:00:00,10,30,23,1173777872,threshold_sweep,0.5,1,0.714285714286,0.833333333333,5,0,2,14,0.714285714286,1,0,0.285714285714,1,0.714285714286,0.833333333333,0.904761904762,0.587301587302,0.769230769231,0.790569415042,0.714285714286,20,13,7,0,20,0,13,0,7,11,20,0.181818181818,3.04338842975,3.63636363636,2,2.5,1.68954001271,0.464623503495,0.245454545455,1.16774841624,0.642261628933,0.336363636364,1.94000937205,1.06700515463,0.536363636364,1.05689877454,0.347276990411,3.54545454545,3.04338842975,1.05689877454,3.54545454545,0.499047619048,0.4,8,0.0484848484848,0.255555555556,11,11,11,1,0,0.0909090909091,0.636363636364,0.272727272727,11,0.118181818182,3.72727272727,2.36363636364,1.3,1.625,1.43336856898,0.6064251638,0.286713286713,0.603022689156,0.510249967747,0.237762237762,1.40129809949,1.18571377649,0.503496503497,2.05382127221,0.551025219373,7,3.72727272727,2.05382127221,7,0,0,0,0,0.22962962963,11,11,11,1,0,0.0909090909091,0.636363636364,0.272727272727,11,18,0.163636363636,3.11363636364,3.27272727273,1.8,2.25,1.42062726223,0.434080552347,0.227272727273,0.924416277737,0.564921058617,0.292929292929,1.68954001271,1.03249667443,0.525252525253,1.14353419474,0.367266456706,3.875,3.11363636364,1.14353419474,3.875,0.366666666667,0.266666666667,4,0.0242424242424,0.221111111111,11,11,11,1,0,0.0909090909091,0.636363636364,0.272727272727,-2,-0.0181818181818,0.0702479338843,-0.363636363636,-0.2,-0.25,-0.268912750482,-0.030542951148,-0.0181818181818,-0.243332138505,-0.0773405703161,-0.0434343434343,-0.250469359339,-0.0345084801933,-0.0111111111111,0.0866354202056,0.0199894662943,0.329545454545,0.0702479338843,0.0866354202056,0.329545454545,-0.132380952381,-0.133333333333,-4,-0.0242424242424,-0.0344444444444,0,0,0,18,0,2,90,0.9,1,0,0.1,1,0.9,0.947368421053,0.938314863257,0.9,0.9,5,7,0,0,0,0
1104,WLNM_dir_neg,0.897959183673,0.726731601732,00:00:00,10,30,23,1173777872,threshold_sweep,0.6,1,0.714285714286,0.833333333333,5,0,2,14,0.714285714286,1,0,0.285714285714,1,0.714285714286,0.833333333333,0.904761904762,0.587301587302,0.769230769231,0.790569415042,0.714285714286,20,13,7,0,20,0,13,0,7,11,20,0.181818181818,3.04338842975,3.63636363636,2,2.5,1.68954001271,0.464623503495,0.245454545455,1.16774841624,0.642261628933,0.336363636364,1.94000937205,1.06700515463,0.536363636364,1.05689877454,0.347276990411,3.54545454545,3.04338842975,1.05689877454,3.54545454545,0.499047619048,0.4,8,0.0484848484848,0.255555555556,11,11,11,1,0,0.0909090909091,0.636363636364,0.272727272727,11,0.118181818182,3.72727272727,2.36363636364,1.3,1.625,1.43336856898,0.6064251638,0.286713286713,0.603022689156,0.510249967747,0.237762237762,1.40129809949,1.18571377649,0.503496503497,2.05382127221,0.551025219373,7,3.72727272727,2.05382127221,7,0,0,0,0,0.22962962963,11,11,11,1,0,0.0909090909091,0.636363636364,0.272727272727,11,18,0.163636363636,3.11363636364,3.27272727273,1.8,2.25,1.42062726223,0.434080552347,0.227272727273,0.924416277737,0.564921058617,0.292929292929,1.68954001271,1.03249667443,0.525252525253,1.14353419474,0.367266456706,3.875,3.11363636364,1.14353419474,3.875,0.366666666667,0.266666666667,4,0.0242424242424,0.221111111111,11,11,11,1,0,0.0909090909091,0.636363636364,0.272727272727,-2,-0.0181818181818,0.0702479338843,-0.363636363636,-0.2,-0.25,-0.268912750482,-0.030542951148,-0.0181818181818,-0.243332138505,-0.0773405703161,-0.0434343434343,-0.250469359339,-0.0345084801933,-0.0111111111111,0.0866354202056,0.0199894662943,0.329545454545,0.0702479338843,0.0866354202056,0.329545454545,-0.132380952381,-0.133333333333,-4,-0.0242424242424,-0.0344444444444,0,0,0,18,0,2,90,0.9,1,0,0.1,1,0.9,0.947368421053,0.938314863257,0.9,0.9,5,7,0,0,0,0
1105,WLNM_dir_neg,0.897959183673,0.726731601732,00:00:00,10,30,23,1173777872,threshold_sweep,0.7,1,0.714285714286,0.833333333333,5,0,2,14,0.714285714286,1,0,0.285714285714,1,0.714285714286,0.833333333333,0.904761904762,0.587301587302,0.769230769231,0.790569415042,0.714285714286,20,13,7,0,20,0,13,0,7,11,20,0.181818181818,3.04338842975,3.63636363636,2,2.5,1.68954001271,0.464623503495,0.245454545455,1.16774841624,0.642261628933,0.336363636364,1.94000937205,1.06700515463,0.536363636364,1.05689877454,0.347276990411,3.54545454545,3.04338842975,1.05689877454,3.54545454545,0.499047619048,0.4,8,0.0484848484848,0.255555555556,11,11,11,1,0,0.0909090909091,0.636363636364,0.272727272727,11,0.118181818182,3.72727272727,2.36363636364,1.3,1.625,1.43336856898,0.6064251638,0.286713286713,0.603022689156,0.510249967747,0.237762237762,1.40129809949,1.18571377649,0.503496503497,2.05382127221,0.551025219373,7,3.72727272727,2.05382127221,7,0,0,0,0,0.22962962963,11,11,11,1,0,0.0909090909091,0.636363636364,0.272727272727,11,18,0.163636363636,3.11363636364,3.27272727273,1.8,2.25,1.42062726223,0.434080552347,0.227272727273,0.924416277737,0.564921058617,0.292929292929,1.68954001271,1.03249667443,0.525252525253,1.14353419474,0.367266456706,3.875,3.11363636364,1.14353419474,3.875,0.366666666667,0.266666666667,4,0.0242424242424,0.221111111111,11,11,11,1,0,0.0909090909091,0.636363636364,0.272727272727,-2,-0.0181818181818,0.0702479338843,-0.363636363636,-0.2,-0.25,-0.268912750482,-0.030542951148,-0.0181818181818,-0.243332138505,-0.0773405703161,-0.0434343434343,-0.250469359339,-0.0345084801933,-0.0111111111111,0.0866354202056,0.0199894662943,0.329545454545,0.0702479338843,0.0866354202056,0.329545454545,-0.132380952381,-0.133333333333,-4,-0.0242424242424,-0.0344444444444,0,0,0,18,0,2,90,0.9,1,0,0.1,1,0.9,0.947368421053,0.938314863257,0.9,0.9,5,7,0,0,0,0
1106,WLNM_dir_neg,0.897959183673,0.726731601732,00:00:00,10,30,23,1173777872,threshold_sweep,0.8,1,0.714285714286,0.833333333333,5,0,2,14,0.714285714286,1,0,0.285714285714,1,0.714285714286,0.833333333333,0.904761904762,0.587301587302,0.769230769231,0.790569415042,0.714285714286,20,13,7,0,20,0,13,0,7,11,20,0.181818181818,3.04338842975,3.63636363636,2,2.5,1.68954001271,0.464623503495,0.245454545455,1.16774841624,0.642261628933,0.336363636364,1.94000937205,1.06700515463,0.536363636364,1.05689877454,0.347276990411,3.54545454545,3.04338842975,1.05689877454,3.54545454545,0.499047619048,0.4,8,0.0484848484848,0.255555555556,11,11,11,1,0,0.0909090909091,0.636363636364,0.272727272727,11,0.118181818182,3.72727272727,2.36363636364,1.3,1.625,1.43336856898,0.6064251638,0.286713286713,0.603022689156,0.510249967747,0.237762237762,1.40129809949,1.18571377649,0.503496503497,2.05382127221,0.551025219373,7,3.72727272727,2.05382127221,7,0,0,0,0,0.22962962963,11,11,11,1,0,0.0909090909091,0.636363636364,0.272727272727,11,18,0.163636363636,3.11363636364,3.27272727273,1.8,2.25,1.42062726223,0.434080552347,0.227272727273,0.924416277737,0.564921058617,0.292929292929,1.68954001271,1.03249667443,0.525252525253,1.14353419474,0.367266456706,3.875,3.11363636364,1.14353419474,3.875,0.366666666667,0.266666666667,4,0.0242424242424,0.221111111111,11,11,11,1,0,0.0909090909091,0.636363636364,0.272727272727,-2,-0.0181818181818,0.0702479338843,-0.363636363636,-0.2,-0.25,-0.268912750482,-0.030542951148,-0.0181818181818,-0.243332138505,-0.0773405703161,-0.0434343434343,-0.250469359339,-0.0345084801933,-0.0111111111111,0.0866354202056,0.0199894662943,0.329545454545,0.0702479338843,0.0866354202056,0.329545454545,-0.132380952381,-0.133333333333,-4,-0.0242424242424,-0.0344444444444,0,0,0,18,0,2,90,0.9,1,0,0.1,1,0.9,0.947368421053,0.938314863257,0.9,0.9,5,7,0,0,0,0
1107,WLNM_dir_neg,0.897959183673,0.726731601732,00:00:00,10,30,23,1173777872,threshold_sweep,0.9,1,0.714285714286,0.833333333333,5,0,2,14,0.714285714286,1,0,0.285714285714,1,0.714285714286,0.833333333333,0.904761904762,0.587301587302,0.769230769231,0.790569415042,0.714285714286,20,13,7,0,20,0,13,0,7,11,20,0.181818181818,3.04338842975,3.63636363636,2,2.5,1.68954001271,0.464623503495,0.245454545455,1.16774841624,0.642261628933,0.336363636364,1.94000937205,1.06700515463,0.536363636364,1.05689877454,0.347276990411,3.54545454545,3.04338842975,1.05689877454,3.54545454545,0.499047619048,0.4,8,0.0484848484848,0.255555555556,11,11,11,1,0,0.0909090909091,0.636363636364,0.272727272727,11,0.118181818182,3.72727272727,2.36363636364,1.3,1.625,1.43336856898,0.6064251638,0.286713286713,0.603022689156,0.510249967747,0.237762237762,1.40129809949,1.18571377649,0.503496503497,2.05382127221,0.551025219373,7,3.72727272727,2.05382127221,7,0,0,0,0,0.22962962963,11,11,11,1,0,0.0909090909091,0.636363636364,0.272727272727,11,18,0.163636363636,3.11363636364,3.27272727273,1.8,2.25,1.42062726223,0.434080552347,0.227272727273,0.924416277737,0.564921058617,0.292929292929,1.68954001271,1.03249667443,0.525252525253,1.14353419474,0.367266456706,3.875,3.11363636364,1.14353419474,3.875,0.366666666667,0.266666666667,4,0.0242424242424,0.221111111111,11,11,11,1,0,0.0909090909091,0.636363636364,0.272727272727,-2,-0.0181818181818,0.0702479338843,-0.363636363636,-0.2,-0.25,-0.268912750482,-0.030542951148,-0.0181818181818,-0.243332138505,-0.0773405703161,-0.0434343434343,-0.250469359339,-0.0345084801933,-0.0111111111111,0.0866354202056,0.0199894662943,0.329545454545,0.0702479338843,0.0866354202056,0.329545454545,-0.132380952381,-0.133333333333,-4,-0.0242424242424,-0.0344444444444,0,0,0,18,0,2,90,0.9,1,0,0.1,1,0.9,0.947368421053,0.938314863257,0.9,0.9,5,7,0,0,0,0
1108,WLNM_dir_neg,0.785714285714,0.444288228112,00:00:00,10,30,24,1173777873,threshold_sweep,0.1,0.833333333333,0.714285714286,0.769230769231,5,1,2,13,0.714285714286,0.928571428571,0.0714285714286,0.285714285714,0.833333333333,0.714285714286,0.769230769231,0.857142857143,0.571428571429,0.666666666667,0.67082039325,0.642857142857,20,13,7,0,20,0,13,0,7,11,20,0.181818181818,3.04338842975,3.63636363636,2,2.5,1.68954001271,0.464623503495,0.245454545455,1.16774841624,0.642261628933,0.336363636364,1.94000937205,1.06700515463,0.536363636364,1.05689877454,0.347276990411,3.54545454545,3.04338842975,1.05689877454,3.54545454545,0.499047619048,0.4,8,0.0484848484848,0.255555555556,11,11,11,1,0,0.0909090909091,0.636363636364,0.272727272727,11,0.118181818182,3.72727272727,2.36363636364,1.3,1.625,1.43336856898,0.6064251638,0.286713286713,0.603022689156,0.510249967747,0.237762237762,1.40129809949,1.18571377649,0.503496503497,2.05382127221,0.551025219373,7,3.72727272727,2.05382127221,7,0,0,0,0,0.22962962963,11,11,11,1,0,0.0909090909091,0.636363636364,0.272727272727,11,19,0.172727272727,3.17803030303,3.45454545455,1.9,2.375,1.43969693781,0.416754376733,0.215311004785,1.00904995822,0.584186817916,0.306220095694,1.67874411933,0.971904490138,0.507177033493,1.20143012424,0.378042375208,3.875,3.17803030303,1.20143012424,3.875,0.393333333333,0.3,5,0.030303030303,0.223703703704,11,11,11,1,0,0.0909090909091,0.636363636364,0.272727272727,-1,-0.00909090909091,0.134641873278,-0.181818181818,-0.1,-0.125,-0.249843074903,-0.0478691267618,-0.0301435406699,-0.158698458023,-0.058074811017,-0.0301435406699,-0.26126525272,-0.0951006644889,-0.0291866028708,0.144531349704,0.0307653847969,0.329545454545,0.134641873278,0.144531349704,0.329545454545,-0.105714285714,-0.1,-3,-0.0181818181818,-0.0318518518519,0,0,0,18,1,2,89,0.9,0.988888888889,0.0111111111111,0.1,0.947368421053,0.9,0.923076923077,0.906956031802,0.888888888889,0.857142857143,6,7,0,0,0,0
1109,WLNM_dir_neg,0.785714285714,0.444288228112,00:00:00,10,30,24,1173777873,threshold_sweep,0.2,0.833333333333,0.714285714286,0.769230769231,5,1,2,13,0.714285714286,0.928571428571,0.0714285714286,0.285714285714,0.833333333333,0.714285714286,0.769230769231,0.857142857143,0.571428571429,0.666666666667,0.67082039325,0.642857142857,20,13,7,0,20,0,13,0,7,11,20,0.181818181818,3.04338842975,3.63636363636,2,2.5,1.68954001271,0.464623503495,0.245454545455,1.16774841624,0.642261628933,0.336363636364,1.94000937205,1.06700515463,0.536363636364,1.05689877454,0.347276990411,3.54545454545,3.04338842975,1.05689877454,3.54545454545,0.499047619048,0.4,8,0.0484848484848,0.255555555556,11,11,11,1,0,0.0909090909091,0.636363636364,0.272727272727,11,0.118181818182,3.72727272727,2.36363636364,1.3,1.625,1.43336856898,0.6064251638,0.286713286713,0.603022689156,0.510249967747,0.237762237762,1.40129809949,1.18571377649,0.503496503497,2.05382127221,0.551025219373,7,3.72727272727,2.05382127221,7,0,0,0,0,0.22962962963,11,11,11,1,0,0.0909090909091,0.636363636364,0.272727272727,11,19,0.172727272727,3.17803030303,3.45454545455,1.9,2.375,1.43969693781,0.416754376733,0.215311004785,1.00904995822,0.584186817916,0.306220095694,1.67874411933,0.971904490138,0.507177033493,1.20143012424,0.378042375208,3.875,3.17803030303,1.20143012424,3.875,0.393333333333,0.3,5,0.030303030303,0.223703703704,11,11,11,1,0,0.0909090909091,0.636363636364,0.272727272727,-1,-0.00909090909091,0.134641873278,-0.181818181818,-0.1,-0.125,-0.249843074903,-0.0478691267618,-0.0301435406699,-0.158698458023,-0.058074811017,-0.0301435406699,-0.26126525272,-0.0951006644889,-0.0291866028708,0.144531349704,0.0307653847969,0.329545454545,0.134641873278,0.144531349704,0.329545454545,-0.105714285714,-0.1,-3,-0.0181818181818,-0.0318518518519,0,0,0,18,1,2,89,0.9,0.988888888889,0.0111111111111,0.1,0.947368421053,0.9,0.923076923077,0.906956031802,0.888888888889,0.857142857143,6,7,0,0,0,0
1110,WLNM_dir_neg,0.785714285714,0.444288228112,00:00:00,10,30,24,1173777873,threshold_sweep,0.3,0.833333333333,0.714285714286,0.769230769231,5,1,2,13,0.714285714286,0.928571428571,0.0714285714286,0.285714285714,0.833333333333,0.714285714286,0.769230769231,0.857142857143,0.571428571429,0.666666666667,0.67082039325,0.642857142857,20,13,7,0,20,0,13,0,7,11,20,0.181818181818,3.04338842975,3.63636363636,2,2.5,1.68954001271,0.464623503495,0.245454545455,1.16774841624,0.642261628933,0.336363636364,1.94000937205,1.06700515463,0.536363636364,1.05689877454,0.347276990411,3.54545454545,3.04338842975,1.05689877454,3.54545454545,0.499047619048,0.4,8,0.0484848484848,0.255555555556,11,11,11,1,0,0.0909090909091,0.636363636364,0.272727272727,11,0.118181818182,3.72727272727,2.36363636364,1.3,1.625,1.43336856898,0.6064251638,0.286713286713,0.603022689156,0.510249967747,0.237762237762,1.40129809949,1.18571377649,0.503496503497,2.05382127221,0.551025219373,7,3.72727272727,2.05382127221,7,0,0,0,0,0.22962962963,11,11,11,1,0,0.0909090909091,0.636363636364,0.272727272727,11,19,0.172727272727,3.17803030303,3.45454545455,1.9,2.375,1.43969693781,0.416754376733,0.215311004785,1.00904995822,0.584186817916,0.306220095694,1.67874411933,0.971904490138,0.507177033493,1.20143012424,0.378042375208,3.875,3.17803030303,1.20143012424,3.875,0.393333333333,0.3,5,0.030303030303,0.223703703704,11,11,11,1,0,0.0909090909091,0.636363636364,0.272727272727,-1,-0.00909090909091,0.134641873278,-0.181818181818,-0.1,-0.125,-0.249843074903,-0.0478691267618,-0.0301435406699,-0.158698458023,-0.058074811017,-0.0301435406699,-0.26126525272,-0.0951006644889,-0.0291866028708,0.144531349704,0.0307653847969,0.329545454545,0.134641873278,0.144531349704,0.329545454545,-0.105714285714,-0.1,-3,-0.0181818181818,-0.0318518518519,0,0,0,18,1,2,89,0.9,0.988888888889,0.0111111111111,0.1,0.947368421053,0.9,0.923076923077,0.906956031802,0.888888888889,0.857142857143,6,7,0,0,0,0
1111,WLNM_dir_neg,0.785714285714,0.444288228112,00:00:00,10,30,24,1173777873,threshold_sweep,0.4,0.833333333333,0.714285714286,0.769230769231,5,1,2,13,0.714285714286,0.928571428571,0.0714285714286,0.285714285714,0.833333333333,0.714285714286,0.769230769231,0.857142857143,0.571428571429,0.666666666667,0.67082039325,0.642857142857,20,13,7,0,20,0,13,0,7,11,20,0.181818181818,3.04338842975,3.63636363636,2,2.5,1.68954001271,0.464623503495,0.245454545455,1.16774841624,0.642261628933,0.336363636364,1.94000937205,1.06700515463,0.536363636364,1.05689877454,0.347276990411,3.54545454545,3.04338842975,1.05689877454,3.54545454545,0.499047619048,0.4,8,0.0484848484848,0.255555555556,11,11,11,1,0,0.0909090909091,0.636363636364,0.272727272727,11,0.118181818182,3.72727272727,2.36363636364,1.3,1.625,1.43336856898,0.6064251638,0.286713286713,0.603022689156,0.510249967747,0.237762237762,1.40129809949,1.18571377649,0.503496503497,2.05382127221,0.551025219373,7,3.72727272727,2.05382127221,7,0,0,0,0,0.22962962963,11,11,11,1,0,0.0909090909091,0.636363636364,0.272727272727,11,19,0.172727272727,3.17803030303,3.45454545455,1.9,2.375,1.43969693781,0.416754376733,0.215311004785,1.00904995822,0.584186817916,0.306220095694,1.67874411933,0.971904490138,0.507177033493,1.20143012424,0.378042375208,3.875,3.17803030303,1.20143012424,3.875,0.393333333333,0.3,5,0.030303030303,0.223703703704,11,11,11,1,0,0.0909090909091,0.636363636364,0.272727272727,-1,-0.00909090909091,0.134641873278,-0.181818181818,-0.1,-0.125,-0.249843074903,-0.0478691267618,-0.0301435406699,-0.158698458023,-0.058074811017,-0.0301435406699,-0.26126525272,-0.0951006644889,-0.0291866028708,0.144531349704,0.0307653847969,0.329545454545,0.134641873278,0.144531349704,0.329545454545,-0.105714285714,-0.1,-3,-0.0181818181818,-0.0318518518519,0,0,0,18,1,2,89,0.9,0.988888888889,0.0111111111111,0.1,0.947368421053,0.9,0.923076923077,0.906956031802,0.888888888889,0.857142857143,6,7,0,0,0,0
1112,WLNM_dir_neg,0.785714285714,0.444288228112,00:00:00,10,30,24,1173777873,threshold_sweep,0.5,0.833333333333,0.714285714286,0.769230769231,5,1,2,13,0.714285714286,0.928571428571,0.0714285714286,0.285714285714,0.833333333333,0.714285714286,0.769230769231,0.857142857143,0.571428571429,0.666666666667,0.67082039325,0.642857142857,20,13,7,0,20,0,13,0,7,11,20,0.181818181818,3.04338842975,3.63636363636,2,2.5,1.68954001271,0.464623503495,0.245454545455,1.16774841624,0.642261628933,0.336363636364,1.94000937205,1.06700515463,0.536363636364,1.05689877454,0.347276990411,3.54545454545,3.04338842975,1.05689877454,3.54545454545,0.499047619048,0.4,8,0.0484848484848,0.255555555556,11,11,11,1,0,0.0909090909091,0.636363636364,0.272727272727,11,0.118181818182,3.72727272727,2.36363636364,1.3,1.625,1.43336856898,0.6064251638,0.286713286713,0.603022689156,0.510249967747,0.237762237762,1.40129809949,1.18571377649,0.503496503497,2.05382127221,0.551025219373,7,3.72727272727,2.05382127221,7,0,0,0,0,0.22962962963,11,11,11,1,0,0.0909090909091,0.636363636364,0.272727272727,11,19,0.172727272727,3.17803030303,3.45454545455,1.9,2.375,1.43969693781,0.416754376733,0.215311004785,1.00904995822,0.584186817916,0.306220095694,1.67874411933,0.971904490138,0.507177033493,1.20143012424,0.378042375208,3.875,3.17803030303,1.20143012424,3.875,0.393333333333,0.3,5,0.030303030303,0.223703703704,11,11,11,1,0,0.0909090909091,0.636363636364,0.272727272727,-1,-0.00909090909091,0.134641873278,-0.181818181818,-0.1,-0.125,-0.249843074903,-0.0478691267618,-0.0301435406699,-0.158698458023,-0.058074811017,-0.0301435406699,-0.26126525272,-0.0951006644889,-0.0291866028708,0.144531349704,0.0307653847969,0.329545454545,0.134641873278,0.144531349704,0.329545454545,-0.105714285714,-0.1,-3,-0.0181818181818,-0.0318518518519,0,0,0,18,1,2,89,0.9,0.988888888889,0.0111111111111,0.1,0.947368421053,0.9,0.923076923077,0.906956031802,0.888888888889,0.857142857143,6,7,0,0,0,0
1113,WLNM_dir_neg,0.785714285714,0.444288228112,00:00:00,10,30,24,1173777873,threshold_sweep,0.6,0.833333333333,0.714285714286,0.769230769231,5,1,2,13,0.714285714286,0.928571428571,0.0714285714286,0.285714285714,0.833333333333,0.714285714286,0.769230769231,0.857142857143,0.571428571429,0.666666666667,0.67082039325,0.642857142857,20,13,7,0,20,0,13,0,7,11,20,0.181818181818,3.04338842975,3.63636363636,2,2.5,1.68954001271,0.464623503495,0.245454545455,1.16774841624,0.642261628933,0.336363636364,1.94000937205,1.06700515463,0.536363636364,1.05689877454,0.347276990411,3.54545454545,3.04338842975,1.05689877454,3.54545454545,0.499047619048,0.4,8,0.0484848484848,0.255555555556,11,11,11,1,0,0.0909090909091,0.636363636364,0.272727272727,11,0.118181818182,3.72727272727,2.36363636364,1.3,1.625,1.43336856898,0.6064251638,0.286713286713,0.603022689156,0.510249967747,0.237762237762,1.40129809949,1.18571377649,0.503496503497,2.05382127221,0.551025219373,7,3.72727272727,2.05382127221,7,0,0,0,0,0.22962962963,11,11,11,1,0,0.0909090909091,0.636363636364,0.272727272727,11,19,0.172727272727,3.17803030303,3.45454545455,1.9,2.375,1.43969693781,0.416754376733,0.215311004785,1.00904995822,0.584186817916,0.306220095694,1.67874411933,0.971904490138,0.507177033493,1.20143012424,0.378042375208,3.875,3.17803030303,1.20143012424,3.875,0.393333333333,0.3,5,0.030303030303,0.223703703704,11,11,11,1,0,0.0909090909091,0.636363636364,0.272727272727,-1,-0.00909090909091,0.134641873278,-0.181818181818,-0.1,-0.125,-0.249843074903,-0.0478691267618,-0.0301435406699,-0.158698458023,-0.058074811017,-0.0301435406699,-0.26126525272,-0.0951006644889,-0.0291866028708,0.144531349704,0.0307653847969,0.329545454545,0.134641873278,0.144531349704,0.329545454545,-0.105714285714,-0.1,-3,-0.0181818181818,-0.0318518518519,0,0,0,18,1,2,89,0.9,0.988888888889,0.0111111111111,0.1,0.947368421053,0.9,0.923076923077,0.906956031802,0.888888888889,0.857142857143,6,7,0,0,0,0
1114,WLNM_dir_neg,0.785714285714,0.444288228112,00:00:00,10,30,24,1173777873,threshold_sweep,0.7,0.833333333333,0.714285714286,0.769230769231,5,1,2,13,0.714285714286,0.928571428571,0.0714285714286,0.285714285714,0.833333333333,0.714285714286,0.769230769231,0.857142857143,0.571428571429,0.666666666667,0.67082039325,0.642857142857,20,13,7,0,20,0,13,0,7,11,20,0.181818181818,3.04338842975,3.63636363636,2,2.5,1.68954001271,0.464623503495,0.245454545455,1.16774841624,0.642261628933,0.336363636364,1.94000937205,1.06700515463,0.536363636364,1.05689877454,0.347276990411,3.54545454545,3.04338842975,1.05689877454,3.54545454545,0.499047619048,0.4,8,0.0484848484848,0.255555555556,11,11,11,1,0,0.0909090909091,0.636363636364,0.272727272727,11,0.118181818182,3.72727272727,2.36363636364,1.3,1.625,1.43336856898,0.6064251638,0.286713286713,0.603022689156,0.510249967747,0.237762237762,1.40129809949,1.18571377649,0.503496503497,2.05382127221,0.551025219373,7,3.72727272727,2.05382127221,7,0,0,0,0,0.22962962963,11,11,11,1,0,0.0909090909091,0.636363636364,0.272727272727,11,19,0.172727272727,3.17803030303,3.45454545455,1.9,2.375,1.43969693781,0.416754376733,0.215311004785,1.00904995822,0.584186817916,0.306220095694,1.67874411933,0.971904490138,0.507177033493,1.20143012424,0.378042375208,3.875,3.17803030303,1.20143012424,3.875,0.393333333333,0.3,5,0.030303030303,0.223703703704,11,11,11,1,0,0.0909090909091,0.636363636364,0.272727272727,-1,-0.00909090909091,0.134641873278,-0.181818181818,-0.1,-0.125,-0.249843074903,-0.0478691267618,-0.0301435406699,-0.158698458023,-0.058074811017,-0.0301435406699,-0.26126525272,-0.0951006644889,-0.0291866028708,0.144531349704,0.0307653847969,0.329545454545,0.134641873278,0.144531349704,0.329545454545,-0.105714285714,-0.1,-3,-0.0181818181818,-0.0318518518519,0,0,0,18,1,2,89,0.9,0.988888888889,0.0111111111111,0.1,0.947368421053,0.9,0.923076923077,0.906956031802,0.888888888889,0.857142857143,6,7,0,0,0,0
1115,WLNM_dir_neg,0.785714285714,0.444288228112,00:00:00,10,30,24,1173777873,threshold_sweep,0.8,0.833333333333,0.714285714286,0.769230769231,5,1,2,13,0.714285714286,0.928571428571,0.0714285714286,0.285714285714,0.833333333333,0.714285714286,0.769230769231,0.857142857143,0.571428571429,0.666666666667,0.67082039325,0.642857142857,20,13,7,0,20,0,13,0,7,11,20,0.181818181818,3.04338842975,3.63636363636,2,2.5,1.68954001271,0.464623503495,0.245454545455,1.16774841624,0.642261628933,0.336363636364,1.94000937205,1.06700515463,0.536363636364,1.05689877454,0.347276990411,3.54545454545,3.04338842975,1.05689877454,3.54545454545,0.499047619048,0.4,8,0.0484848484848,0.255555555556,11,11,11,1,0,0.0909090909091,0.636363636364,0.272727272727,11,0.118181818182,3.72727272727,2.36363636364,1.3,1.625,1.43336856898,0.6064251638,0.286713286713,0.603022689156,0.510249967747,0.237762237762,1.40129809949,1.18571377649,0.503496503497,2.05382127221,0.551025219373,7,3.72727272727,2.05382127221,7,0,0,0,0,0.22962962963,11,11,11,1,0,0.0909090909091,0.636363636364,0.272727272727,11,19,0.172727272727,3.17803030303,3.45454545455,1.9,2.375,1.43969693781,0.416754376733,0.215311004785,1.00904995822,0.584186817916,0.306220095694,1.67874411933,0.971904490138,0.507177033493,1.20143012424,0.378042375208,3.875,3.17803030303,1.20143012424,3.875,0.393333333333,0.3,5,0.030303030303,0.223703703704,11,11,11,1,0,0.0909090909091,0.636363636364,0.272727272727,-1,-0.00909090909091,0.134641873278,-0.181818181818,-0.1,-0.125,-0.249843074903,-0.0478691267618,-0.0301435406699,-0.158698458023,-0.058074811017,-0.0301435406699,-0.26126525272,-0.0951006644889,-0.0291866028708,0.144531349704,0.0307653847969,0.329545454545,0.134641873278,0.144531349704,0.329545454545,-0.105714285714,-0.1,-3,-0.0181818181818,-0.0318518518519,0,0,0,18,1,2,89,0.9,0.988888888889,0.0111111111111,0.1,0.947368421053,0.9,0.923076923077,0.906956031802,0.888888888889,0.857142857143,6,7,0,0,0,0
1116,WLNM_dir_neg,0.785714285714,0.444288228112,00:00:00,10,30,24,1173777873,threshold_sweep,0.9,0.833333333333,0.714285714286,0.769230769231,5,1,2,13,0.714285714286,0.928571428571,0.0714285714286,0.285714285714,0.833333333333,0.714285714286,0.769230769231,0.857142857143,0.571428571429,0.666666666667,0.67082039325,0.642857142857,20,13,7,0,20,0,13,0,7,11,20,0.181818181818,3.04338842975,3.63636363636,2,2.5,1.68954001271,0.464623503495,0.245454545455,1.16774841624,0.642261628933,0.336363636364,1.94000937205,1.06700515463,0.536363636364,1.05689877454,0.347276990411,3.54545454545,3.04338842975,1.05689877454,3.54545454545,0.499047619048,0.4,8,0.0484848484848,0.255555555556,11,11,11,1,0,0.0909090909091,0.636363636364,0.272727272727,11,0.118181818182,3.72727272727,2.36363636364,1.3,1.625,1.43336856898,0.6064251638,0.286713286713,0.603022689156,0.510249967747,0.237762237762,1.40129809949,1.18571377649,0.503496503497,2.05382127221,0.551025219373,7,3.72727272727,2.05382127221,7,0,0,0,0,0.22962962963,11,11,11,1,0,0.0909090909091,0.636363636364,0.272727272727,11,19,0.172727272727,3.17803030303,3.45454545455,1.9,2.375,1.43969693781,0.416754376733,0.215311004785,1.00904995822,0.584186817916,0.306220095694,1.67874411933,0.971904490138,0.507177033493,1.20143012424,0.378042375208,3.875,3.17803030303,1.20143012424,3.875,0.393333333333,0.3,5,0.030303030303,0.223703703704,11,11,11,1,0,0.0909090909091,0.636363636364,0.272727272727,-1,-0.00909090909091,0.134641873278,-0.181818181818,-0.1,-0.125,-0.249843074903,-0.0478691267618,-0.0301435406699,-0.158698458023,-0.058074811017,-0.0301435406699,-0.26126525272,-0.0951006644889,-0.0291866028708,0.144531349704,0.0307653847969,0.329545454545,0.134641873278,0.144531349704,0.329545454545,-0.105714285714,-0.1,-3,-0.0181818181818,-0.0318518518519,0,0,0,18,1,2,89,0.9,0.988888888889,0.0111111111111,0.1,0.947368421053,0.9,0.923076923077,0.906956031802,0.888888888889,0.857142857143,6,7,0,0,0,0
1117,WLNM_dir_neg,0.887755102041,0.577422577423,00:00:00,10,30,25,1173777874,threshold_sweep,0.1,1,0.714285714286,0.833333333333,5,0,2,14,0.714285714286,1,0,0.285714285714,1,0.714285714286,0.833333333333,0.904761904762,0.587301587302,0.769230769231,0.790569415042,0.714285714286,20,13,7,0,20,0,13,0,7,11,20,0.181818181818,3.04338842975,3.63636363636,2,2.5,1.68954001271,0.464623503495,0.245454545455,1.16774841624,0.642261628933,0.336363636364,1.94000937205,1.06700515463,0.536363636364,1.05689877454,0.347276990411,3.54545454545,3.04338842975,1.05689877454,3.54545454545,0.499047619048,0.4,8,0.0484848484848,0.255555555556,11,11,11,1,0,0.0909090909091,0.636363636364,0.272727272727,11,0.118181818182,3.72727272727,2.36363636364,1.3,1.625,1.43336856898,0.6064251638,0.286713286713,0.603022689156,0.510249967747,0.237762237762,1.40129809949,1.18571377649,0.503496503497,2.05382127221,0.551025219373,7,3.72727272727,2.05382127221,7,0,0,0,0,0.22962962963,11,11,11,1,0,0.0909090909091,0.636363636364,0.272727272727,11,18,0.163636363636,3.11363636364,3.27272727273,1.8,2.25,1.42062726223,0.434080552347,0.227272727273,0.924416277737,0.564921058617,0.292929292929,1.68954001271,1.03249667443,0.525252525253,1.14353419474,0.367266456706,3.875,3.11363636364,1.14353419474,3.875,0.366666666667,0.266666666667,4,0.0242424242424,0.221111111111,11,11,11,1,0,0.0909090909091,0.636363636364,0.272727272727,-2,-0.0181818181818,0.0702479338843,-0.363636363636,-0.2,-0.25,-0.268912750482,-0.030542951148,-0.0181818181818,-0.243332138505,-0.0773405703161,-0.0434343434343,-0.250469359339,-0.0345084801933,-0.0111111111111,0.0866354202056,0.0199894662943,0.329545454545,0.0702479338843,0.0866354202056,0.329545454545,-0.132380952381,-0.133333333333,-4,-0.0242424242424,-0.0344444444444,0,0,0,18,0,2,90,0.9,1,0,0.1,1,0.9,0.947368421053,0.938314863257,0.9,0.9,5,7,0,0,0,0
1118,WLNM_dir_neg,0.887755102041,0.577422577423,00:00:00,10,30,25,1173777874,threshold_sweep,0.2,1,0.714285714286,0.833333333333,5,0,2,14,0.714285714286,1,0,0.285714285714,1,0.714285714286,0.833333333333,0.904761904762,0.587301587302,0.769230769231,0.790569415042,0.714285714286,20,13,7,0,20,0,13,0,7,11,20,0.181818181818,3.04338842975,3.63636363636,2,2.5,1.68954001271,0.464623503495,0.245454545455,1.16774841624,0.642261628933,0.336363636364,1.94000937205,1.06700515463,0.536363636364,1.05689877454,0.347276990411,3.54545454545,3.04338842975,1.05689877454,3.54545454545,0.499047619048,0.4,8,0.0484848484848,0.255555555556,11,11,11,1,0,0.0909090909091,0.636363636364,0.272727272727,11,0.118181818182,3.72727272727,2.36363636364,1.3,1.625,1.43336856898,0.6064251638,0.286713286713,0.603022689156,0.510249967747,0.237762237762,1.40129809949,1.18571377649,0.503496503497,2.05382127221,0.551025219373,7,3.72727272727,2.05382127221,7,0,0,0,0,0.22962962963,11,11,11,1,0,0.0909090909091,0.636363636364,0.272727272727,11,18,0.163636363636,3.11363636364,3.27272727273,1.8,2.25,1.42062726223,0.434080552347,0.227272727273,0.924416277737,0.564921058617,0.292929292929,1.68954001271,1.03249667443,0.525252525253,1.14353419474,0.367266456706,3.875,3.11363636364,1.14353419474,3.875,0.366666666667,0.266666666667,4,0.0242424242424,0.221111111111,11,11,11,1,0,0.0909090909091,0.636363636364,0.272727272727,-2,-0.0181818181818,0.0702479338843,-0.363636363636,-0.2,-0.25,-0.268912750482,-0.030542951148,-0.0181818181818,-0.243332138505,-0.0773405703161,-0.0434343434343,-0.250469359339,-0.0345084801933,-0.0111111111111,0.0866354202056,0.0199894662943,0.329545454545,0.0702479338843,0.0866354202056,0.329545454545,-0.132380952381,-0.133333333333,-4,-0.0242424242424,-0.0344444444444,0,0,0,18,0,2,90,0.9,1,0,0.1,1,0.9,0.947368421053,0.938314863257,0.9,0.9,5,7,0,0,0,0
1119,WLNM_dir_neg,0.887755102041,0.577422577423,00:00:00,10,30,25,1173777874,threshold_sweep,0.3,1,0.714285714286,0.833333333333,5,0,2,14,0.714285714286,1,0,0.285714285714,1,0.714285714286,0.833333333333,0.904761904762,0.587301587302,0.769230769231,0.790569415042,0.714285714286,20,13,7,0,20,0,13,0,7,11,20,0.181818181818,3.04338842975,3.63636363636,2,2.5,1.68954001271,0.464623503495,0.245454545455,1.16774841624,0.642261628933,0.336363636364,1.94000937205,1.06700515463,0.536363636364,1.05689877454,0.347276990411,3.54545454545,3.04338842975,1.05689877454,3.54545454545,0.499047619048,0.4,8,0.0484848484848,0.255555555556,11,11,11,1,0,0.0909090909091,0.636363636364,0.272727272727,11,0.118181818182,3.72727272727,2.36363636364,1.3,1.625,1.43336856898,0.6064251638,0.286713286713,0.603022689156,0.510249967747,0.237762237762,1.40129809949,1.18571377649,0.503496503497,2.05382127221,0.551025219373,7,3.72727272727,2.05382127221,7,0,0,0,0,0.22962962963,11,11,11,1,0,0.0909090909091,0.636363636364,0.272727272727,11,18,0.163636363636,3.11363636364,3.27272727273,1.8,2.25,1.42062726223,0.434080552347,0.227272727273,0.924416277737,0.564921058617,0.292929292929,1.68954001271,1.03249667443,0.525252525253,1.14353419474,0.367266456706,3.875,3.11363636364,1.14353419474,3.875,0.366666666667,0.266666666667,4,0.0242424242424,0.221111111111,11,11,11,1,0,0.0909090909091,0.636363636364,0.272727272727,-2,-0.0181818181818,0.0702479338843,-0.363636363636,-0.2,-0.25,-0.268912750482,-0.030542951148,-0.0181818181818,-0.243332138505,-0.0773405703161,-0.0434343434343,-0.250469359339,-0.0345084801933,-0.0111111111111,0.0866354202056,0.0199894662943,0.329545454545,0.0702479338843,0.0866354202056,0.329545454545,-0.132380952381,-0.133333333333,-4,-0.0242424242424,-0.0344444444444,0,0,0,18,0,2,90,0.9,1,0,0.1,1,0.9,0.947368421053,0.938314863257,0.9,0.9,5,7,0,0,0,0
1120,WLNM_dir_neg,0.887755102041,0.577422577423,00:00:00,10,30,25,1173777874,threshold_sweep,0.4,1,0.571428571429,0.727272727273,4,0,3,14,0.571428571429,1,0,0.428571428571,1,0.571428571429,0.727272727273,0.857142857143,0.603174603175,0.64,0.68599434057,0.571428571429,20,13,7,0,20,0,13,0,7,11,20,0.181818181818,3.04338842975,3.63636363636,2,2.5,1.68954001271,0.464623503495,0.245454545455,1.16774841624,0.642261628933,0.336363636364,1.94000937205,1.06700515463,0.536363636364,1.05689877454,0.347276990411,3.54545454545,3.04338842975,1.05689877454,3.54545454545,0.499047619048,0.4,8,0.0484848484848,0.255555555556,11,11,11,1,0,0.0909090909091,0.636363636364,0.272727272727,11,0.118181818182,3.72727272727,2.36363636364,1.3,1.625,1.43336856898,0.6064251638,0.286713286713,0.603022689156,0.510249967747,0.237762237762,1.40129809949,1.18571377649,0.503496503497,2.05382127221,0.551025219373,7,3.72727272727,2.05382127221,7,0,0,0,0,0.22962962963,11,11,11,1,0,0.0909090909091,0.636363636364,0.272727272727,11,17,0.154545454545,3.17727272727,3.09090909091,1.7,2.125,1.30034960334,0.420701342257,0.208556149733,0.820199532265,0.530717344407,0.267379679144,1.57249078621,1.01749403814,0.513368983957,1.2536673475,0.394573414091,4.4,3.17727272727,1.2536673475,4.4,0.213333333333,0.153846153846,2,0.0121212121212,0.205555555556,11,11,11,1,0,0.0909090909091,0.636363636364,0.272727272727,-3,-0.0272727272727,0.133884297521,-0.545454545455,-0.3,-0.375,-0.389190409368,-0.0439221612377,-0.0368983957219,-0.347548883978,-0.111544284527,-0.0689839572193,-0.367518585835,-0.0495111164884,-0.0229946524064,0.196768572961,0.0472964236795,0.854545454545,0.133884297521,0.196768572961,0.854545454545,-0.285714285714,-0.246153846154,-6,-0.0363636363636,-0.05,0,0,0,17,0,3,90,0.85,1,0,0.15,1,0.85,0.918918918919,0.906962317388,0.85,0.85,4,7,0,0,0,0
1121,WLNM_dir_neg,0.887755102041,0.577422577423,00:00:00,10,30,25,1173777874,threshold_sweep,0.5,1,0.571428571429,0.727272727273,4,0,3,14,0.571428571429,1,0,0.428571428571,1,0.571428571429,0.727272727273,0.857142857143,0.603174603175,0.64,0.68599434057,0.571428571429,20,13,7,0,20,0,13,0,7,11,20,0.181818181818,3.04338842975,3.63636363636,2,2.5,1.68954001271,0.464623503495,0.245454545455,1.16774841624,0.642261628933,0.336363636364,1.94000937205,1.06700515463,0.536363636364,1.05689877454,0.347276990411,3.54545454545,3.04338842975,1.05689877454,3.54545454545,0.499047619048,0.4,8,0.0484848484848,0.255555555556,11,11,11,1,0,0.0909090909091,0.636363636364,0.272727272727,11,0.118181818182,3.72727272727,2.36363636364,1.3,1.625,1.43336856898,0.6064251638,0.286713286713,0.603022689156,0.510249967747,0.237762237762,1.40129809949,1.18571377649,0.503496503497,2.05382127221,0.551025219373,7,3.72727272727,2.05382127221,7,0,0,0,0,0.22962962963,11,11,11,1,0,0.0909090909091,0.636363636364,0.272727272727,11,17,0.154545454545,3.17727272727,3.09090909091,1.7,2.125,1.30034960334,0.420701342257,0.208556149733,0.820199532265,0.530717344407,0.267379679144,1.57249078621,1.01749403814,0.513368983957,1.2536673475,0.394573414091,4.4,3.17727272727,1.2536673475,4.4,0.213333333333,0.153846153846,2,0.0121212121212,0.205555555556,11,11,11,1,0,0.0909090909091,0.636363636364,0.272727272727,-3,-0.0272727272727,0.133884297521,-0.545454545455,-0.3,-0.375,-0.389190409368,-0.0439221612377,-0.0368983957219,-0.347548883978,-0.111544284527,-0.0689839572193,-0.367518585835,-0.0495111164884,-0.0229946524064,0.196768572961,0.0472964236795,0.854545454545,0.133884297521,0.196768572961,0.854545454545,-0.285714285714,-0.246153846154,-6,-0.0363636363636,-0.05,0,0,0,17,0,3,90,0.85,1,0,0.15,1,0.85,0.918918918919,0.906962317388,0.85,0.85,4,7,0,0,0,0
1122,WLNM_dir_neg,0.887755102041,0.577422577423,00:00:00,10,30,25,1173777874,threshold_sweep,0.6,1,0.571428571429,0.727272727273,4,0,3,14,0.571428571429,1,0,0.428571428571,1,0.571428571429,0.727272727273,0.857142857143,0.603174603175,0.64,0.68599434057,0.571428571429,20,13,7,0,20,0,13,0,7,11,20,0.181818181818,3.04338842975,3.63636363636,2,2.5,1.68954001271,0.464623503495,0.245454545455,1.16774841624,0.642261628933,0.336363636364,1.94000937205,1.06700515463,0.536363636364,1.05689877454,0.347276990411,3.54545454545,3.04338842975,1.05689877454,3.54545454545,0.499047619048,0.4,8,0.0484848484848,0.255555555556,11,11,11,1,0,0.0909090909091,0.636363636364,0.272727272727,11,0.118181818182,3.72727272727,2.36363636364,1.3,1.625,1.43336856898,0.6064251638,0.286713286713,0.603022689156,0.510249967747,0.237762237762,1.40129809949,1.18571377649,0.503496503497,2.05382127221,0.551025219373,7,3.72727272727,2.05382127221,7,0,0,0,0,0.22962962963,11,11,11,1,0,0.0909090909091,0.636363636364,0.272727272727,11,17,0.154545454545,3.17727272727,3.09090909091,1.7,2.125,1.30034960334,0.420701342257,0.208556149733,0.820199532265,0.530717344407,0.267379679144,1.57249078621,1.01749403814,0.513368983957,1.2536673475,0.394573414091,4.4,3.17727272727,1.2536673475,4.4,0.213333333333,0.153846153846,2,0.0121212121212,0.205555555556,11,11,11,1,0,0.0909090909091,0.636363636364,0.272727272727,-3,-0.0272727272727,0.133884297521,-0.545454545455,-0.3,-0.375,-0.389190409368,-0.0439221612377,-0.0368983957219,-0.347548883978,-0.111544284527,-0.0689839572193,-0.367518585835,-0.0495111164884,-0.0229946524064,0.196768572961,0.0472964236795,0.854545454545,0.133884297521,0.196768572961,0.854545454545,-0.285714285714,-0.246153846154,-6,-0.0363636363636,-0.05,0,0,0,17,0,3,90,0.85,1,0,0.15,1,0.85,0.918918918919,0.906962317388,0.85,0.85,4,7,0,0,0,0
1123,WLNM_dir_neg,0.887755102041,0.577422577423,00:00:00,10,30,25,1173777874,threshold_sweep,0.7,1,0.571428571429,0.727272727273,4,0,3,14,0.571428571429,1,0,0.428571428571,1,0.571428571429,0.727272727273,0.857142857143,0.603174603175,0.64,0.68599434057,0.571428571429,20,13,7,0,20,0,13,0,7,11,20,0.181818181818,3.04338842975,3.63636363636,2,2.5,1.68954001271,0.464623503495,0.245454545455,1.16774841624,0.642261628933,0.336363636364,1.94000937205,1.06700515463,0.536363636364,1.05689877454,0.347276990411,3.54545454545,3.04338842975,1.05689877454,3.54545454545,0.499047619048,0.4,8,0.0484848484848,0.255555555556,11,11,11,1,0,0.0909090909091,0.636363636364,0.272727272727,11,0.118181818182,3.72727272727,2.36363636364,1.3,1.625,1.43336856898,0.6064251638,0.286713286713,0.603022689156,0.510249967747,0.237762237762,1.40129809949,1.18571377649,0.503496503497,2.05382127221,0.551025219373,7,3.72727272727,2.05382127221,7,0,0,0,0,0.22962962963,11,11,11,1,0,0.0909090909091,0.636363636364,0.272727272727,11,17,0.154545454545,3.17727272727,3.09090909091,1.7,2.125,1.30034960334,0.420701342257,0.208556149733,0.820199532265,0.530717344407,0.267379679144,1.57249078621,1.01749403814,0.513368983957,1.2536673475,0.394573414091,4.4,3.17727272727,1.2536673475,4.4,0.213333333333,0.153846153846,2,0.0121212121212,0.205555555556,11,11,11,1,0,0.0909090909091,0.636363636364,0.272727272727,-3,-0.0272727272727,0.133884297521,-0.545454545455,-0.3,-0.375,-0.389190409368,-0.0439221612377,-0.0368983957219,-0.347548883978,-0.111544284527,-0.0689839572193,-0.367518585835,-0.0495111164884,-0.0229946524064,0.196768572961,0.0472964236795,0.854545454545,0.133884297521,0.196768572961,0.854545454545,-0.285714285714,-0.246153846154,-6,-0.0363636363636,-0.05,0,0,0,17,0,3,90,0.85,1,0,0.15,1,0.85,0.918918918919,0.906962317388,0.85,0.85,4,7,0,0,0,0
1124,WLNM_dir_neg,0.887755102041,0.577422577423,00:00:00,10,30,25,1173777874,threshold_sweep,0.8,1,0.428571428571,0.6,3,0,4,14,0.428571428571,1,0,0.571428571429,1,0.428571428571,0.6,0.809523809524,0.619047619048,0.5,0.57735026919,0.428571428571,20,13,7,0,20,0,13,0,7,11,20,0.181818181818,3.04338842975,3.63636363636,2,2.5,1.68954001271,0.464623503495,0.245454545455,1.16774841624,0.642261628933,0.336363636364,1.94000937205,1.06700515463,0.536363636364,1.05689877454,0.347276990411,3.54545454545,3.04338842975,1.05689877454,3.54545454545,0.499047619048,0.4,8,0.0484848484848,0.255555555556,11,11,11,1,0,0.0909090909091,0.636363636364,0.272727272727,11,0.118181818182,3.72727272727,2.36363636364,1.3,1.625,1.43336856898,0.6064251638,0.286713286713,0.603022689156,0.510249967747,0.237762237762,1.40129809949,1.18571377649,0.503496503497,2.05382127221,0.551025219373,7,3.72727272727,2.05382127221,7,0,0,0,0,0.22962962963,11,11,11,1,0,0.0909090909091,0.636363636364,0.272727272727,11,16,0.145454545455,3.25,2.90909090909,1.6,2,1.22102788294,0.41972833476,0.181818181818,0.687551650952,0.47269176003,0.227272727273,1.50755672289,1.03644524699,0.511363636364,1.3758835545,0.423348786001,4.66666666667,3.25,1.3758835545,4.66666666667,0.213333333333,0.176470588235,2,0.0121212121212,0.192592592593,11,11,11,1,0,0.0909090909091,0.636363636364,0.272727272727,-4,-0.0363636363636,0.206611570248,-0.727272727273,-0.4,-0.5,-0.468512129772,-0.0448951687355,-0.0636363636364,-0.48019676529,-0.169569868904,-0.109090909091,-0.43245264916,-0.0305599076407,-0.025,0.318984779967,0.07607179559,1.12121212121,0.206611570248,0.318984779967,1.12121212121,-0.285714285714,-0.223529411765,-6,-0.0363636363636,-0.062962962963,0,0,0,16,0,4,90,0.8,1,0,0.2,1,0.8,0.888888888889,0.875189948987,0.8,0.8,3,7,0,0,0,0
1125,WLNM_dir_neg,0.887755102041,0.577422577423,00:00:00,10,30,25,1173777874,threshold_sweep,0.9,1,0.428571428571,0.6,3,0,4,14,0.428571428571,1,0,0.571428571429,1,0.428571428571,0.6,0.809523809524,0.619047619048,0.5,0.57735026919,0.428571428571,20,13,7,0,20,0,13,0,7,11,20,0.181818181818,3.04338842975,3.63636363636,2,2.5,1.68954001271,0.464623503495,0.245454545455,1.16774841624,0.642261628933,0.336363636364,1.94000937205,1.06700515463,0.536363636364,1.05689877454,0.347276990411,3.54545454545,3.04338842975,1.05689877454,3.54545454545,0.499047619048,0.4,8,0.0484848484848,0.255555555556,11,11,11,1,0,0.0909090909091,0.636363636364,0.272727272727,11,0.118181818182,3.72727272727,2.36363636364,1.3,1.625,1.43336856898,0.6064251638,0.286713286713,0.603022689156,0.510249967747,0.237762237762,1.40129809949,1.18571377649,0.503496503497,2.05382127221,0.551025219373,7,3.72727272727,2.05382127221,7,0,0,0,0,0.22962962963,11,11,11,1,0,0.0909090909091,0.636363636364,0.272727272727,11,16,0.145454545455,3.25,2.90909090909,1.6,2,1.22102788294,0.41972833476,0.181818181818,0.687551650952,0.47269176003,0.227272727273,1.50755672289,1.03644524699,0.511363636364,1.3758835545,0.423348786001,4.66666666667,3.25,1.3758835545,4.66666666667,0.213333333333,0.176470588235,2,0.0121212121212,0.192592592593,11,11,11,1,0,0.0909090909091,0.636363636364,0.272727272727,-4,-0.0363636363636,0.206611570248,-0.727272727273,-0.4,-0.5,-0.468512129772,-0.0448951687355,-0.0636363636364,-0.48019676529,-0.169569868904,-0.109090909091,-0.43245264916,-0.0305599076407,-0.025,0.318984779967,0.07607179559,1.12121212121,0.206611570248,0.318984779967,1.12121212121,-0.285714285714,-0.223529411765,-6,-0.0363636363636,-0.062962962963,0,0,0,16,0,4,90,0.8,1,0,0.2,1,0.8,0.888888888889,0.875189948987,0.8,0.8,3,7,0,0,0,0
1126,WLNM_dir_neg,0.857142857143,0.527710384853,00:00:01,10,30,26,1173777875,threshold_sweep,0.1,0.8,0.571428571429,0.666666666667,4,1,3,13,0.571428571429,0.928571428571,0.0714285714286,0.428571428571,0.8,0.571428571429,0.666666666667,0.809523809524,0.587301587302,0.538461538462,0.553398590529,0.5,20,13,7,0,20,0,13,0,7,11,20,0.181818181818,3.04338842975,3.63636363636,2,2.5,1.68954001271,0.464623503495,0.245454545455,1.16774841624,0.642261628933,0.336363636364,1.94000937205,1.06700515463,0.536363636364,1.05689877454,0.347276990411,3.54545454545,3.04338842975,1.05689877454,3.54545454545,0.499047619048,0.4,8,0.0484848484848,0.255555555556,11,11,11,1,0,0.0909090909091,0.636363636364,0.272727272727,11,0.118181818182,3.72727272727,2.36363636364,1.3,1.625,1.43336856898,0.6064251638,0.286713286713,0.603022689156,0.510249967747,0.237762237762,1.40129809949,1.18571377649,0.503496503497,2.05382127221,0.551025219373,7,3.72727272727,2.05382127221,7,0,0,0,0,0.22962962963,11,11,11,1,0,0.0909090909091,0.636363636364,0.272727272727,11,18,0.163636363636,NaN,3.27272727273,1.63636363636,2.25,1.34839972493,0.412011027061,0.212121212121,0.674199862463,0.412011027061,0.20202020202,1.5666989036,0.957427107756,0.494949494949,NaN,NaN,NaN,NaN,NaN,NaN,0.18,0.136363636364,2,0.0121212121212,0.174242424242,11,11,0,1,2,0,0.727272727273,0.272727272727,-2,-0.0181818181818,NaN,-0.363636363636,-0.363636363636,-0.25,-0.341140287783,-0.0526124764342,-0.0333333333333,-0.493548553779,-0.230250601872,-0.134343434343,-0.373310468447,-0.10957804687,-0.0414141414141,NaN,NaN,NaN,NaN,NaN,NaN,-0.319047619048,-0.263636363636,-6,-0.0363636363636,-0.0813131313131,-0.0909090909091,0.0909090909091,0,17,1,3,89,0.85,0.988888888889,0.0111111111111,0.15,0.944444444444,0.85,0.894736842105,0.874602125628,0.838888888889,0.809523809524,5,7,0,0,0,0
1127,WLNM_dir_neg,0.857142857143,0.527710384853,00:00:01,10,30,26,1173777875,threshold_sweep,0.2,1,0.571428571429,0.727272727273,4,0,3,14,0.571428571429,1,0,0.428571428571,1,0.571428571429,0.727272727273,0.857142857143,0.603174603175,0.64,0.68599434057,0.571428571429,20,13,7,0,20,0,13,0,7,11,20,0.181818181818,3.04338842975,3.63636363636,2,2.5,1.68954001271,0.464623503495,0.245454545455,1.16774841624,0.642261628933,0.336363636364,1.94000937205,1.06700515463,0.536363636364,1.05689877454,0.347276990411,3.54545454545,3.04338842975,1.05689877454,3.54545454545,0.499047619048,0.4,8,0.0484848484848,0.255555555556,11,11,11,1,0,0.0909090909091,0.636363636364,0.272727272727,11,0.118181818182,3.72727272727,2.36363636364,1.3,1.625,1.43336856898,0.6064251638,0.286713286713,0.603022689156,0.510249967747,0.237762237762,1.40129809949,1.18571377649,0.503496503497,2.05382127221,0.551025219373,7,3.72727272727,2.05382127221,7,0,0,0,0,0.22962962963,11,11,11,1,0,0.0909090909091,0.636363636364,0.272727272727,11,17,0.154545454545,3.17727272727,3.09090909091,1.7,2.125,1.30034960334,0.420701342257,0.208556149733,0.820199532265,0.530717344407,0.267379679144,1.57249078621,1.01749403814,0.513368983957,1.2536673475,0.394573414091,4.4,3.17727272727,1.2536673475,4.4,0.213333333333,0.153846153846,2,0.0121212121212,0.205555555556,11,11,11,1,0,0.0909090909091,0.636363636364,0.272727272727,-3,-0.0272727272727,0.133884297521,-0.545454545455,-0.3,-0.375,-0.389190409368,-0.0439221612377,-0.0368983957219,-0.347548883978,-0.111544284527,-0.0689839572193,-0.367518585835,-0.0495111164884,-0.0229946524064,0.196768572961,0.0472964236795,0.854545454545,0.133884297521,0.196768572961,0.854545454545,-0.285714285714,-0.246153846154,-6,-0.0363636363636,-0.05,0,0,0,17,0,3,90,0.85,1,0,0.15,1,0.85,0.918918918919,0.906962317388,0.85,0.85,4,7,0,0,0,0
1128,WLNM_dir_neg,0.857142857143,0.527710384853,00:00:01,10,30,26,1173777875,threshold_sweep,0.3,1,0.571428571429,0.727272727273,4,0,3,14,0.571428571429,1,0,0.428571428571,1,0.571428571429,0.727272727273,0.857142857143,0.603174603175,0.64,0.68599434057,0.571428571429,20,13,7,0,20,0,13,0,7,11,20,0.181818181818,3.04338842975,3.63636363636,2,2.5,1.68954001271,0.464623503495,0.245454545455,1.16774841624,0.642261628933,0.336363636364,1.94000937205,1.06700515463,0.536363636364,1.05689877454,0.347276990411,3.54545454545,3.04338842975,1.05689877454,3.54545454545,0.499047619048,0.4,8,0.0484848484848,0.255555555556,11,11,11,1,0,0.0909090909091,0.636363636364,0.272727272727,11,0.118181818182,3.72727272727,2.36363636364,1.3,1.625,1.43336856898,0.6064251638,0.286713286713,0.603022689156,0.510249967747,0.237762237762,1.40129809949,1.18571377649,0.503496503497,2.05382127221,0.551025219373,7,3.72727272727,2.05382127221,7,0,0,0,0,0.22962962963,11,11,11,1,0,0.0909090909091,0.636363636364,0.272727272727,11,17,0.154545454545,3.17727272727,3.09090909091,1.7,2.125,1.30034960334,0.420701342257,0.208556149733,0.820199532265,0.530717344407,0.267379679144,1.57249078621,1.01749403814,0.513368983957,1.2536673475,0.394573414091,4.4,3.17727272727,1.2536673475,4.4,0.213333333333,0.153846153846,2,0.0121212121212,0.205555555556,11,11,11,1,0,0.0909090909091,0.636363636364,0.272727272727,-3,-0.0272727272727,0.133884297521,-0.545454545455,-0.3,-0.375,-0.389190409368,-0.0439221612377,-0.0368983957219,-0.347548883978,-0.111544284527,-0.0689839572193,-0.367518585835,-0.0495111164884,-0.0229946524064,0.196768572961,0.0472964236795,0.854545454545,0.133884297521,0.196768572961,0.854545454545,-0.285714285714,-0.246153846154,-6,-0.0363636363636,-0.05,0,0,0,17,0,3,90,0.85,1,0,0.15,1,0.85,0.918918918919,0.906962317388,0.85,0.85,4,7,0,0,0,0
1129,WLNM_dir_neg,0.857142857143,0.527710384853,00:00:01,10,30,26,1173777875,threshold_sweep,0.4,1,0.571428571429,0.727272727273,4,0,3,14,0.571428571429,1,0,0.428571428571,1,0.571428571429,0.727272727273,0.857142857143,0.603174603175,0.64,0.68599434057,0.571428571429,20,13,7,0,20,0,13,0,7,11,20,0.181818181818,3.04338842975,3.63636363636,2,2.5,1.68954001271,0.464623503495,0.245454545455,1.16774841624,0.642261628933,0.336363636364,1.94000937205,1.06700515463,0.536363636364,1.05689877454,0.347276990411,3.54545454545,3.04338842975,1.05689877454,3.54545454545,0.499047619048,0.4,8,0.0484848484848,0.255555555556,11,11,11,1,0,0.0909090909091,0.636363636364,0.272727272727,11,0.118181818182,3.72727272727,2.36363636364,1.3,1.625,1.43336856898,0.6064251638,0.286713286713,0.603022689156,0.510249967747,0.237762237762,1.40129809949,1.18571377649,0.503496503497,2.05382127221,0.551025219373,7,3.72727272727,2.05382127221,7,0,0,0,0,0.22962962963,11,11,11,1,0,0.0909090909091,0.636363636364,0.272727272727,11,17,0.154545454545,3.17727272727,3.09090909091,1.7,2.125,1.30034960334,0.420701342257,0.208556149733,0.820199532265,0.530717344407,0.267379679144,1.57249078621,1.01749403814,0.513368983957,1.2536673475,0.394573414091,4.4,3.17727272727,1.2536673475,4.4,0.213333333333,0.153846153846,2,0.0121212121212,0.205555555556,11,11,11,1,0,0.0909090909091,0.636363636364,0.272727272727,-3,-0.0272727272727,0.133884297521,-0.545454545455,-0.3,-0.375,-0.389190409368,-0.0439221612377,-0.0368983957219,-0.347548883978,-0.111544284527,-0.0689839572193,-0.367518585835,-0.0495111164884,-0.0229946524064,0.196768572961,0.0472964236795,0.854545454545,0.133884297521,0.196768572961,0.854545454545,-0.285714285714,-0.246153846154,-6,-0.0363636363636,-0.05,0,0,0,17,0,3,90,0.85,1,0,0.15,1,0.85,0.918918918919,0.906962317388,0.85,0.85,4,7,0,0,0,0
1130,WLNM_dir_neg,0.857142857143,0.527710384853,00:00:01,10,30,26,1173777875,threshold_sweep,0.5,1,0.571428571429,0.727272727273,4,0,3,14,0.571428571429,1,0,0.428571428571,1,0.571428571429,0.727272727273,0.857142857143,0.603174603175,0.64,0.68599434057,0.571428571429,20,13,7,0,20,0,13,0,7,11,20,0.181818181818,3.04338842975,3.63636363636,2,2.5,1.68954001271,0.464623503495,0.245454545455,1.16774841624,0.642261628933,0.336363636364,1.94000937205,1.06700515463,0.536363636364,1.05689877454,0.347276990411,3.54545454545,3.04338842975,1.05689877454,3.54545454545,0.499047619048,0.4,8,0.0484848484848,0.255555555556,11,11,11,1,0,0.0909090909091,0.636363636364,0.272727272727,11,0.118181818182,3.72727272727,2.36363636364,1.3,1.625,1.43336856898,0.6064251638,0.286713286713,0.603022689156,0.510249967747,0.237762237762,1.40129809949,1.18571377649,0.503496503497,2.05382127221,0.551025219373,7,3.72727272727,2.05382127221,7,0,0,0,0,0.22962962963,11,11,11,1,0,0.0909090909091,0.636363636364,0.272727272727,11,17,0.154545454545,3.17727272727,3.09090909091,1.7,2.125,1.30034960334,0.420701342257,0.208556149733,0.820199532265,0.530717344407,0.267379679144,1.57249078621,1.01749403814,0.513368983957,1.2536673475,0.394573414091,4.4,3.17727272727,1.2536673475,4.4,0.213333333333,0.153846153846,2,0.0121212121212,0.205555555556,11,11,11,1,0,0.0909090909091,0.636363636364,0.272727272727,-3,-0.0272727272727,0.133884297521,-0.545454545455,-0.3,-0.375,-0.389190409368,-0.0439221612377,-0.0368983957219,-0.347548883978,-0.111544284527,-0.0689839572193,-0.367518585835,-0.0495111164884,-0.0229946524064,0.196768572961,0.0472964236795,0.854545454545,0.133884297521,0.196768572961,0.854545454545,-0.285714285714,-0.246153846154,-6,-0.0363636363636,-0.05,0,0,0,17,0,3,90,0.85,1,0,0.15,1,0.85,0.918918918919,0.906962317388,0.85,0.85,4,7,0,0,0,0
1131,WLNM_dir_neg,0.857142857143,0.527710384853,00:00:01,10,30,26,1173777875,threshold_sweep,0.6,1,0.571428571429,0.727272727273,4,0,3,14,0.571428571429,1,0,0.428571428571,1,0.571428571429,0.727272727273,0.857142857143,0.603174603175,0.64,0.68599434057,0.571428571429,20,13,7,0,20,0,13,0,7,11,20,0.181818181818,3.04338842975,3.63636363636,2,2.5,1.68954001271,0.464623503495,0.245454545455,1.16774841624,0.642261628933,0.336363636364,1.94000937205,1.06700515463,0.536363636364,1.05689877454,0.347276990411,3.54545454545,3.04338842975,1.05689877454,3.54545454545,0.499047619048,0.4,8,0.0484848484848,0.255555555556,11,11,11,1,0,0.0909090909091,0.636363636364,0.272727272727,11,0.118181818182,3.72727272727,2.36363636364,1.3,1.625,1.43336856898,0.6064251638,0.286713286713,0.603022689156,0.510249967747,0.237762237762,1.40129809949,1.18571377649,0.503496503497,2.05382127221,0.551025219373,7,3.72727272727,2.05382127221,7,0,0,0,0,0.22962962963,11,11,11,1,0,0.0909090909091,0.636363636364,0.272727272727,11,17,0.154545454545,3.17727272727,3.09090909091,1.7,2.125,1.30034960334,0.420701342257,0.208556149733,0.820199532265,0.530717344407,0.267379679144,1.57249078621,1.01749403814,0.513368983957,1.2536673475,0.394573414091,4.4,3.17727272727,1.2536673475,4.4,0.213333333333,0.153846153846,2,0.0121212121212,0.205555555556,11,11,11,1,0,0.0909090909091,0.636363636364,0.272727272727,-3,-0.0272727272727,0.133884297521,-0.545454545455,-0.3,-0.375,-0.389190409368,-0.0439221612377,-0.0368983957219,-0.347548883978,-0.111544284527,-0.0689839572193,-0.367518585835,-0.0495111164884,-0.0229946524064,0.196768572961,0.0472964236795,0.854545454545,0.133884297521,0.196768572961,0.854545454545,-0.285714285714,-0.246153846154,-6,-0.0363636363636,-0.05,0,0,0,17,0,3,90,0.85,1,0,0.15,1,0.85,0.918918918919,0.906962317388,0.85,0.85,4,7,0,0,0,0
1132,WLNM_dir_neg,0.857142857143,0.527710384853,00:00:01,10,30,26,1173777875,threshold_sweep,0.7,1,0.571428571429,0.727272727273,4,0,3,14,0.571428571429,1,0,0.428571428571,1,0.571428571429,0.727272727273,0.857142857143,0.603174603175,0.64,0.68599434057,0.571428571429,20,13,7,0,20,0,13,0,7,11,20,0.181818181818,3.04338842975,3.63636363636,2,2.5,1.68954001271,0.464623503495,0.245454545455,1.16774841624,0.642261628933,0.336363636364,1.94000937205,1.06700515463,0.536363636364,1.05689877454,0.347276990411,3.54545454545,3.04338842975,1.05689877454,3.54545454545,0.499047619048,0.4,8,0.0484848484848,0.255555555556,11,11,11,1,0,0.0909090909091,0.636363636364,0.272727272727,11,0.118181818182,3.72727272727,2.36363636364,1.3,1.625,1.43336856898,0.6064251638,0.286713286713,0.603022689156,0.510249967747,0.237762237762,1.40129809949,1.18571377649,0.503496503497,2.05382127221,0.551025219373,7,3.72727272727,2.05382127221,7,0,0,0,0,0.22962962963,11,11,11,1,0,0.0909090909091,0.636363636364,0.272727272727,11,17,0.154545454545,3.17727272727,3.09090909091,1.7,2.125,1.30034960334,0.420701342257,0.208556149733,0.820199532265,0.530717344407,0.267379679144,1.57249078621,1.01749403814,0.513368983957,1.2536673475,0.394573414091,4.4,3.17727272727,1.2536673475,4.4,0.213333333333,0.153846153846,2,0.0121212121212,0.205555555556,11,11,11,1,0,0.0909090909091,0.636363636364,0.272727272727,-3,-0.0272727272727,0.133884297521,-0.545454545455,-0.3,-0.375,-0.389190409368,-0.0439221612377,-0.0368983957219,-0.347548883978,-0.111544284527,-0.0689839572193,-0.367518585835,-0.0495111164884,-0.0229946524064,0.196768572961,0.0472964236795,0.854545454545,0.133884297521,0.196768572961,0.854545454545,-0.285714285714,-0.246153846154,-6,-0.0363636363636,-0.05,0,0,0,17,0,3,90,0.85,1,0,0.15,1,0.85,0.918918918919,0.906962317388,0.85,0.85,4,7,0,0,0,0
1133,WLNM_dir_neg,0.857142857143,0.527710384853,00:00:01,10,30,26,1173777875,threshold_sweep,0.8,1,0.571428571429,0.727272727273,4,0,3,14,0.571428571429,1,0,0.428571428571,1,0.571428571429,0.727272727273,0.857142857143,0.603174603175,0.64,0.68599434057,0.571428571429,20,13,7,0,20,0,13,0,7,11,20,0.181818181818,3.04338842975,3.63636363636,2,2.5,1.68954001271,0.464623503495,0.245454545455,1.16774841624,0.642261628933,0.336363636364,1.94000937205,1.06700515463,0.536363636364,1.05689877454,0.347276990411,3.54545454545,3.04338842975,1.05689877454,3.54545454545,0.499047619048,0.4,8,0.0484848484848,0.255555555556,11,11,11,1,0,0.0909090909091,0.636363636364,0.272727272727,11,0.118181818182,3.72727272727,2.36363636364,1.3,1.625,1.43336856898,0.6064251638,0.286713286713,0.603022689156,0.510249967747,0.237762237762,1.40129809949,1.18571377649,0.503496503497,2.05382127221,0.551025219373,7,3.72727272727,2.05382127221,7,0,0,0,0,0.22962962963,11,11,11,1,0,0.0909090909091,0.636363636364,0.272727272727,11,17,0.154545454545,3.17727272727,3.09090909091,1.7,2.125,1.30034960334,0.420701342257,0.208556149733,0.820199532265,0.530717344407,0.267379679144,1.57249078621,1.01749403814,0.513368983957,1.2536673475,0.394573414091,4.4,3.17727272727,1.2536673475,4.4,0.213333333333,0.153846153846,2,0.0121212121212,0.205555555556,11,11,11,1,0,0.0909090909091,0.636363636364,0.272727272727,-3,-0.0272727272727,0.133884297521,-0.545454545455,-0.3,-0.375,-0.389190409368,-0.0439221612377,-0.0368983957219,-0.347548883978,-0.111544284527,-0.0689839572193,-0.367518585835,-0.0495111164884,-0.0229946524064,0.196768572961,0.0472964236795,0.854545454545,0.133884297521,0.196768572961,0.854545454545,-0.285714285714,-0.246153846154,-6,-0.0363636363636,-0.05,0,0,0,17,0,3,90,0.85,1,0,0.15,1,0.85,0.918918918919,0.906962317388,0.85,0.85,4,7,0,0,0,0
1134,WLNM_dir_neg,0.857142857143,0.527710384853,00:00:01,10,30,26,1173777875,threshold_sweep,0.9,1,0.571428571429,0.727272727273,4,0,3,14,0.571428571429,1,0,0.428571428571,1,0.571428571429,0.727272727273,0.857142857143,0.603174603175,0.64,0.68599434057,0.571428571429,20,13,7,0,20,0,13,0,7,11,20,0.181818181818,3.04338842975,3.63636363636,2,2.5,1.68954001271,0.464623503495,0.245454545455,1.16774841624,0.642261628933,0.336363636364,1.94000937205,1.06700515463,0.536363636364,1.05689877454,0.347276990411,3.54545454545,3.04338842975,1.05689877454,3.54545454545,0.499047619048,0.4,8,0.0484848484848,0.255555555556,11,11,11,1,0,0.0909090909091,0.636363636364,0.272727272727,11,0.118181818182,3.72727272727,2.36363636364,1.3,1.625,1.43336856898,0.6064251638,0.286713286713,0.603022689156,0.510249967747,0.237762237762,1.40129809949,1.18571377649,0.503496503497,2.05382127221,0.551025219373,7,3.72727272727,2.05382127221,7,0,0,0,0,0.22962962963,11,11,11,1,0,0.0909090909091,0.636363636364,0.272727272727,11,17,0.154545454545,3.17727272727,3.09090909091,1.7,2.125,1.30034960334,0.420701342257,0.208556149733,0.820199532265,0.530717344407,0.267379679144,1.57249078621,1.01749403814,0.513368983957,1.2536673475,0.394573414091,4.4,3.17727272727,1.2536673475,4.4,0.213333333333,0.153846153846,2,0.0121212121212,0.205555555556,11,11,11,1,0,0.0909090909091,0.636363636364,0.272727272727,-3,-0.0272727272727,0.133884297521,-0.545454545455,-0.3,-0.375,-0.389190409368,-0.0439221612377,-0.0368983957219,-0.347548883978,-0.111544284527,-0.0689839572193,-0.367518585835,-0.0495111164884,-0.0229946524064,0.196768572961,0.0472964236795,0.854545454545,0.133884297521,0.196768572961,0.854545454545,-0.285714285714,-0.246153846154,-6,-0.0363636363636,-0.05,0,0,0,17,0,3,90,0.85,1,0,0.15,1,0.85,0.918918918919,0.906962317388,0.85,0.85,4,7,0,0,0,0
1135,WLNM_dir_neg,0.938775510204,0.76130952381,00:00:00,10,30,27,1173777876,threshold_sweep,0.1,0.833333333333,0.714285714286,0.769230769231,5,1,2,13,0.714285714286,0.928571428571,0.0714285714286,0.285714285714,0.833333333333,0.714285714286,0.769230769231,0.857142857143,0.571428571429,0.666666666667,0.67082039325,0.642857142857,20,13,7,0,20,0,13,0,7,11,20,0.181818181818,3.04338842975,3.63636363636,2,2.5,1.68954001271,0.464623503495,0.245454545455,1.16774841624,0.642261628933,0.336363636364,1.94000937205,1.06700515463,0.536363636364,1.05689877454,0.347276990411,3.54545454545,3.04338842975,1.05689877454,3.54545454545,0.499047619048,0.4,8,0.0484848484848,0.255555555556,11,11,11,1,0,0.0909090909091,0.636363636364,0.272727272727,11,0.118181818182,3.72727272727,2.36363636364,1.3,1.625,1.43336856898,0.6064251638,0.286713286713,0.603022689156,0.510249967747,0.237762237762,1.40129809949,1.18571377649,0.503496503497,2.05382127221,0.551025219373,7,3.72727272727,2.05382127221,7,0,0,0,0,0.22962962963,11,11,11,1,0,0.0909090909091,0.636363636364,0.272727272727,11,19,0.172727272727,3.17045454545,3.45454545455,1.9,2.375,1.43969693781,0.416754376733,0.215311004785,1.00904995822,0.584186817916,0.306220095694,1.67874411933,0.971904490138,0.507177033493,1.19278131807,0.376217763404,3.875,3.17045454545,1.19278131807,3.875,0.41,0.3,5,0.030303030303,0.223703703704,11,11,11,1,0,0.0909090909091,0.636363636364,0.272727272727,-1,-0.00909090909091,0.127066115702,-0.181818181818,-0.1,-0.125,-0.249843074903,-0.0478691267618,-0.0301435406699,-0.158698458023,-0.058074811017,-0.0301435406699,-0.26126525272,-0.0951006644889,-0.0291866028708,0.135882543529,0.028940772993,0.329545454545,0.127066115702,0.135882543529,0.329545454545,-0.0890476190476,-0.1,-3,-0.0181818181818,-0.0318518518519,0,0,0,18,1,2,89,0.9,0.988888888889,0.0111111111111,0.1,0.947368421053,0.9,0.923076923077,0.906956031802,0.888888888889,0.857142857143,6,7,0,0,0,0
1136,WLNM_dir_neg,0.938775510204,0.76130952381,00:00:00,10,30,27,1173777876,threshold_sweep,0.2,0.833333333333,0.714285714286,0.769230769231,5,1,2,13,0.714285714286,0.928571428571,0.0714285714286,0.285714285714,0.833333333333,0.714285714286,0.769230769231,0.857142857143,0.571428571429,0.666666666667,0.67082039325,0.642857142857,20,13,7,0,20,0,13,0,7,11,20,0.181818181818,3.04338842975,3.63636363636,2,2.5,1.68954001271,0.464623503495,0.245454545455,1.16774841624,0.642261628933,0.336363636364,1.94000937205,1.06700515463,0.536363636364,1.05689877454,0.347276990411,3.54545454545,3.04338842975,1.05689877454,3.54545454545,0.499047619048,0.4,8,0.0484848484848,0.255555555556,11,11,11,1,0,0.0909090909091,0.636363636364,0.272727272727,11,0.118181818182,3.72727272727,2.36363636364,1.3,1.625,1.43336856898,0.6064251638,0.286713286713,0.603022689156,0.510249967747,0.237762237762,1.40129809949,1.18571377649,0.503496503497,2.05382127221,0.551025219373,7,3.72727272727,2.05382127221,7,0,0,0,0,0.22962962963,11,11,11,1,0,0.0909090909091,0.636363636364,0.272727272727,11,19,0.172727272727,3.17045454545,3.45454545455,1.9,2.375,1.43969693781,0.416754376733,0.215311004785,1.00904995822,0.584186817916,0.306220095694,1.67874411933,0.971904490138,0.507177033493,1.19278131807,0.376217763404,3.875,3.17045454545,1.19278131807,3.875,0.41,0.3,5,0.030303030303,0.223703703704,11,11,11,1,0,0.0909090909091,0.636363636364,0.272727272727,-1,-0.00909090909091,0.127066115702,-0.181818181818,-0.1,-0.125,-0.249843074903,-0.0478691267618,-0.0301435406699,-0.158698458023,-0.058074811017,-0.0301435406699,-0.26126525272,-0.0951006644889,-0.0291866028708,0.135882543529,0.028940772993,0.329545454545,0.127066115702,0.135882543529,0.329545454545,-0.0890476190476,-0.1,-3,-0.0181818181818,-0.0318518518519,0,0,0,18,1,2,89,0.9,0.988888888889,0.0111111111111,0.1,0.947368421053,0.9,0.923076923077,0.906956031802,0.888888888889,0.857142857143,6,7,0,0,0,0
1137,WLNM_dir_neg,0.938775510204,0.76130952381,00:00:00,10,30,27,1173777876,threshold_sweep,0.3,0.833333333333,0.714285714286,0.769230769231,5,1,2,13,0.714285714286,0.928571428571,0.0714285714286,0.285714285714,0.833333333333,0.714285714286,0.769230769231,0.857142857143,0.571428571429,0.666666666667,0.67082039325,0.642857142857,20,13,7,0,20,0,13,0,7,11,20,0.181818181818,3.04338842975,3.63636363636,2,2.5,1.68954001271,0.464623503495,0.245454545455,1.16774841624,0.642261628933,0.336363636364,1.94000937205,1.06700515463,0.536363636364,1.05689877454,0.347276990411,3.54545454545,3.04338842975,1.05689877454,3.54545454545,0.499047619048,0.4,8,0.0484848484848,0.255555555556,11,11,11,1,0,0.0909090909091,0.636363636364,0.272727272727,11,0.118181818182,3.72727272727,2.36363636364,1.3,1.625,1.43336856898,0.6064251638,0.286713286713,0.603022689156,0.510249967747,0.237762237762,1.40129809949,1.18571377649,0.503496503497,2.05382127221,0.551025219373,7,3.72727272727,2.05382127221,7,0,0,0,0,0.22962962963,11,11,11,1,0,0.0909090909091,0.636363636364,0.272727272727,11,19,0.172727272727,3.17045454545,3.45454545455,1.9,2.375,1.43969693781,0.416754376733,0.215311004785,1.00904995822,0.584186817916,0.306220095694,1.67874411933,0.971904490138,0.507177033493,1.19278131807,0.376217763404,3.875,3.17045454545,1.19278131807,3.875,0.41,0.3,5,0.030303030303,0.223703703704,11,11,11,1,0,0.0909090909091,0.636363636364,0.272727272727,-1,-0.00909090909091,0.127066115702,-0.181818181818,-0.1,-0.125,-0.249843074903,-0.0478691267618,-0.0301435406699,-0.158698458023,-0.058074811017,-0.0301435406699,-0.26126525272,-0.0951006644889,-0.0291866028708,0.135882543529,0.028940772993,0.329545454545,0.127066115702,0.135882543529,0.329545454545,-0.0890476190476,-0.1,-3,-0.0181818181818,-0.0318518518519,0,0,0,18,1,2,89,0.9,0.988888888889,0.0111111111111,0.1,0.947368421053,0.9,0.923076923077,0.906956031802,0.888888888889,0.857142857143,6,7,0,0,0,0
1138,WLNM_dir_neg,0.938775510204,0.76130952381,00:00:00,10,30,27,1173777876,threshold_sweep,0.4,0.833333333333,0.714285714286,0.769230769231,5,1,2,13,0.714285714286,0.928571428571,0.0714285714286,0.285714285714,0.833333333333,0.714285714286,0.769230769231,0.857142857143,0.571428571429,0.666666666667,0.67082039325,0.642857142857,20,13,7,0,20,0,13,0,7,11,20,0.181818181818,3.04338842975,3.63636363636,2,2.5,1.68954001271,0.464623503495,0.245454545455,1.16774841624,0.642261628933,0.336363636364,1.94000937205,1.06700515463,0.536363636364,1.05689877454,0.347276990411,3.54545454545,3.04338842975,1.05689877454,3.54545454545,0.499047619048,0.4,8,0.0484848484848,0.255555555556,11,11,11,1,0,0.0909090909091,0.636363636364,0.272727272727,11,0.118181818182,3.72727272727,2.36363636364,1.3,1.625,1.43336856898,0.6064251638,0.286713286713,0.603022689156,0.510249967747,0.237762237762,1.40129809949,1.18571377649,0.503496503497,2.05382127221,0.551025219373,7,3.72727272727,2.05382127221,7,0,0,0,0,0.22962962963,11,11,11,1,0,0.0909090909091,0.636363636364,0.272727272727,11,19,0.172727272727,3.17045454545,3.45454545455,1.9,2.375,1.43969693781,0.416754376733,0.215311004785,1.00904995822,0.584186817916,0.306220095694,1.67874411933,0.971904490138,0.507177033493,1.19278131807,0.376217763404,3.875,3.17045454545,1.19278131807,3.875,0.41,0.3,5,0.030303030303,0.223703703704,11,11,11,1,0,0.0909090909091,0.636363636364,0.272727272727,-1,-0.00909090909091,0.127066115702,-0.181818181818,-0.1,-0.125,-0.249843074903,-0.0478691267618,-0.0301435406699,-0.158698458023,-0.058074811017,-0.0301435406699,-0.26126525272,-0.0951006644889,-0.0291866028708,0.135882543529,0.028940772993,0.329545454545,0.127066115702,0.135882543529,0.329545454545,-0.0890476190476,-0.1,-3,-0.0181818181818,-0.0318518518519,0,0,0,18,1,2,89,0.9,0.988888888889,0.0111111111111,0.1,0.947368421053,0.9,0.923076923077,0.906956031802,0.888888888889,0.857142857143,6,7,0,0,0,0
1139,WLNM_dir_neg,0.938775510204,0.76130952381,00:00:00,10,30,27,1173777876,threshold_sweep,0.5,0.833333333333,0.714285714286,0.769230769231,5,1,2,13,0.714285714286,0.928571428571,0.0714285714286,0.285714285714,0.833333333333,0.714285714286,0.769230769231,0.857142857143,0.571428571429,0.666666666667,0.67082039325,0.642857142857,20,13,7,0,20,0,13,0,7,11,20,0.181818181818,3.04338842975,3.63636363636,2,2.5,1.68954001271,0.464623503495,0.245454545455,1.16774841624,0.642261628933,0.336363636364,1.94000937205,1.06700515463,0.536363636364,1.05689877454,0.347276990411,3.54545454545,3.04338842975,1.05689877454,3.54545454545,0.499047619048,0.4,8,0.0484848484848,0.255555555556,11,11,11,1,0,0.0909090909091,0.636363636364,0.272727272727,11,0.118181818182,3.72727272727,2.36363636364,1.3,1.625,1.43336856898,0.6064251638,0.286713286713,0.603022689156,0.510249967747,0.237762237762,1.40129809949,1.18571377649,0.503496503497,2.05382127221,0.551025219373,7,3.72727272727,2.05382127221,7,0,0,0,0,0.22962962963,11,11,11,1,0,0.0909090909091,0.636363636364,0.272727272727,11,19,0.172727272727,3.17045454545,3.45454545455,1.9,2.375,1.43969693781,0.416754376733,0.215311004785,1.00904995822,0.584186817916,0.306220095694,1.67874411933,0.971904490138,0.507177033493,1.19278131807,0.376217763404,3.875,3.17045454545,1.19278131807,3.875,0.41,0.3,5,0.030303030303,0.223703703704,11,11,11,1,0,0.0909090909091,0.636363636364,0.272727272727,-1,-0.00909090909091,0.127066115702,-0.181818181818,-0.1,-0.125,-0.249843074903,-0.0478691267618,-0.0301435406699,-0.158698458023,-0.058074811017,-0.0301435406699,-0.26126525272,-0.0951006644889,-0.0291866028708,0.135882543529,0.028940772993,0.329545454545,0.127066115702,0.135882543529,0.329545454545,-0.0890476190476,-0.1,-3,-0.0181818181818,-0.0318518518519,0,0,0,18,1,2,89,0.9,0.988888888889,0.0111111111111,0.1,0.947368421053,0.9,0.923076923077,0.906956031802,0.888888888889,0.857142857143,6,7,0,0,0,0
1140,WLNM_dir_neg,0.938775510204,0.76130952381,00:00:00,10,30,27,1173777876,threshold_sweep,0.6,0.833333333333,0.714285714286,0.769230769231,5,1,2,13,0.714285714286,0.928571428571,0.0714285714286,0.285714285714,0.833333333333,0.714285714286,0.769230769231,0.857142857143,0.571428571429,0.666666666667,0.67082039325,0.642857142857,20,13,7,0,20,0,13,0,7,11,20,0.181818181818,3.04338842975,3.63636363636,2,2.5,1.68954001271,0.464623503495,0.245454545455,1.16774841624,0.642261628933,0.336363636364,1.94000937205,1.06700515463,0.536363636364,1.05689877454,0.347276990411,3.54545454545,3.04338842975,1.05689877454,3.54545454545,0.499047619048,0.4,8,0.0484848484848,0.255555555556,11,11,11,1,0,0.0909090909091,0.636363636364,0.272727272727,11,0.118181818182,3.72727272727,2.36363636364,1.3,1.625,1.43336856898,0.6064251638,0.286713286713,0.603022689156,0.510249967747,0.237762237762,1.40129809949,1.18571377649,0.503496503497,2.05382127221,0.551025219373,7,3.72727272727,2.05382127221,7,0,0,0,0,0.22962962963,11,11,11,1,0,0.0909090909091,0.636363636364,0.272727272727,11,19,0.172727272727,3.17045454545,3.45454545455,1.9,2.375,1.43969693781,0.416754376733,0.215311004785,1.00904995822,0.584186817916,0.306220095694,1.67874411933,0.971904490138,0.507177033493,1.19278131807,0.376217763404,3.875,3.17045454545,1.19278131807,3.875,0.41,0.3,5,0.030303030303,0.223703703704,11,11,11,1,0,0.0909090909091,0.636363636364,0.272727272727,-1,-0.00909090909091,0.127066115702,-0.181818181818,-0.1,-0.125,-0.249843074903,-0.0478691267618,-0.0301435406699,-0.158698458023,-0.058074811017,-0.0301435406699,-0.26126525272,-0.0951006644889,-0.0291866028708,0.135882543529,0.028940772993,0.329545454545,0.127066115702,0.135882543529,0.329545454545,-0.0890476190476,-0.1,-3,-0.0181818181818,-0.0318518518519,0,0,0,18,1,2,89,0.9,0.988888888889,0.0111111111111,0.1,0.947368421053,0.9,0.923076923077,0.906956031802,0.888888888889,0.857142857143,6,7,0,0,0,0
1141,WLNM_dir_neg,0.938775510204,0.76130952381,00:00:00,10,30,27,1173777876,threshold_sweep,0.7,0.833333333333,0.714285714286,0.769230769231,5,1,2,13,0.714285714286,0.928571428571,0.0714285714286,0.285714285714,0.833333333333,0.714285714286,0.769230769231,0.857142857143,0.571428571429,0.666666666667,0.67082039325,0.642857142857,20,13,7,0,20,0,13,0,7,11,20,0.181818181818,3.04338842975,3.63636363636,2,2.5,1.68954001271,0.464623503495,0.245454545455,1.16774841624,0.642261628933,0.336363636364,1.94000937205,1.06700515463,0.536363636364,1.05689877454,0.347276990411,3.54545454545,3.04338842975,1.05689877454,3.54545454545,0.499047619048,0.4,8,0.0484848484848,0.255555555556,11,11,11,1,0,0.0909090909091,0.636363636364,0.272727272727,11,0.118181818182,3.72727272727,2.36363636364,1.3,1.625,1.43336856898,0.6064251638,0.286713286713,0.603022689156,0.510249967747,0.237762237762,1.40129809949,1.18571377649,0.503496503497,2.05382127221,0.551025219373,7,3.72727272727,2.05382127221,7,0,0,0,0,0.22962962963,11,11,11,1,0,0.0909090909091,0.636363636364,0.272727272727,11,19,0.172727272727,3.17045454545,3.45454545455,1.9,2.375,1.43969693781,0.416754376733,0.215311004785,1.00904995822,0.584186817916,0.306220095694,1.67874411933,0.971904490138,0.507177033493,1.19278131807,0.376217763404,3.875,3.17045454545,1.19278131807,3.875,0.41,0.3,5,0.030303030303,0.223703703704,11,11,11,1,0,0.0909090909091,0.636363636364,0.272727272727,-1,-0.00909090909091,0.127066115702,-0.181818181818,-0.1,-0.125,-0.249843074903,-0.0478691267618,-0.0301435406699,-0.158698458023,-0.058074811017,-0.0301435406699,-0.26126525272,-0.0951006644889,-0.0291866028708,0.135882543529,0.028940772993,0.329545454545,0.127066115702,0.135882543529,0.329545454545,-0.0890476190476,-0.1,-3,-0.0181818181818,-0.0318518518519,0,0,0,18,1,2,89,0.9,0.988888888889,0.0111111111111,0.1,0.947368421053,0.9,0.923076923077,0.906956031802,0.888888888889,0.857142857143,6,7,0,0,0,0
1142,WLNM_dir_neg,0.938775510204,0.76130952381,00:00:00,10,30,27,1173777876,threshold_sweep,0.8,0.833333333333,0.714285714286,0.769230769231,5,1,2,13,0.714285714286,0.928571428571,0.0714285714286,0.285714285714,0.833333333333,0.714285714286,0.769230769231,0.857142857143,0.571428571429,0.666666666667,0.67082039325,0.642857142857,20,13,7,0,20,0,13,0,7,11,20,0.181818181818,3.04338842975,3.63636363636,2,2.5,1.68954001271,0.464623503495,0.245454545455,1.16774841624,0.642261628933,0.336363636364,1.94000937205,1.06700515463,0.536363636364,1.05689877454,0.347276990411,3.54545454545,3.04338842975,1.05689877454,3.54545454545,0.499047619048,0.4,8,0.0484848484848,0.255555555556,11,11,11,1,0,0.0909090909091,0.636363636364,0.272727272727,11,0.118181818182,3.72727272727,2.36363636364,1.3,1.625,1.43336856898,0.6064251638,0.286713286713,0.603022689156,0.510249967747,0.237762237762,1.40129809949,1.18571377649,0.503496503497,2.05382127221,0.551025219373,7,3.72727272727,2.05382127221,7,0,0,0,0,0.22962962963,11,11,11,1,0,0.0909090909091,0.636363636364,0.272727272727,11,19,0.172727272727,3.17045454545,3.45454545455,1.9,2.375,1.43969693781,0.416754376733,0.215311004785,1.00904995822,0.584186817916,0.306220095694,1.67874411933,0.971904490138,0.507177033493,1.19278131807,0.376217763404,3.875,3.17045454545,1.19278131807,3.875,0.41,0.3,5,0.030303030303,0.223703703704,11,11,11,1,0,0.0909090909091,0.636363636364,0.272727272727,-1,-0.00909090909091,0.127066115702,-0.181818181818,-0.1,-0.125,-0.249843074903,-0.0478691267618,-0.0301435406699,-0.158698458023,-0.058074811017,-0.0301435406699,-0.26126525272,-0.0951006644889,-0.0291866028708,0.135882543529,0.028940772993,0.329545454545,0.127066115702,0.135882543529,0.329545454545,-0.0890476190476,-0.1,-3,-0.0181818181818,-0.0318518518519,0,0,0,18,1,2,89,0.9,0.988888888889,0.0111111111111,0.1,0.947368421053,0.9,0.923076923077,0.906956031802,0.888888888889,0.857142857143,6,7,0,0,0,0
1143,WLNM_dir_neg,0.938775510204,0.76130952381,00:00:00,10,30,27,1173777876,threshold_sweep,0.9,0.833333333333,0.714285714286,0.769230769231,5,1,2,13,0.714285714286,0.928571428571,0.0714285714286,0.285714285714,0.833333333333,0.714285714286,0.769230769231,0.857142857143,0.571428571429,0.666666666667,0.67082039325,0.642857142857,20,13,7,0,20,0,13,0,7,11,20,0.181818181818,3.04338842975,3.63636363636,2,2.5,1.68954001271,0.464623503495,0.245454545455,1.16774841624,0.642261628933,0.336363636364,1.94000937205,1.06700515463,0.536363636364,1.05689877454,0.347276990411,3.54545454545,3.04338842975,1.05689877454,3.54545454545,0.499047619048,0.4,8,0.0484848484848,0.255555555556,11,11,11,1,0,0.0909090909091,0.636363636364,0.272727272727,11,0.118181818182,3.72727272727,2.36363636364,1.3,1.625,1.43336856898,0.6064251638,0.286713286713,0.603022689156,0.510249967747,0.237762237762,1.40129809949,1.18571377649,0.503496503497,2.05382127221,0.551025219373,7,3.72727272727,2.05382127221,7,0,0,0,0,0.22962962963,11,11,11,1,0,0.0909090909091,0.636363636364,0.272727272727,11,19,0.172727272727,3.17045454545,3.45454545455,1.9,2.375,1.43969693781,0.416754376733,0.215311004785,1.00904995822,0.584186817916,0.306220095694,1.67874411933,0.971904490138,0.507177033493,1.19278131807,0.376217763404,3.875,3.17045454545,1.19278131807,3.875,0.41,0.3,5,0.030303030303,0.223703703704,11,11,11,1,0,0.0909090909091,0.636363636364,0.272727272727,-1,-0.00909090909091,0.127066115702,-0.181818181818,-0.1,-0.125,-0.249843074903,-0.0478691267618,-0.0301435406699,-0.158698458023,-0.058074811017,-0.0301435406699,-0.26126525272,-0.0951006644889,-0.0291866028708,0.135882543529,0.028940772993,0.329545454545,0.127066115702,0.135882543529,0.329545454545,-0.0890476190476,-0.1,-3,-0.0181818181818,-0.0318518518519,0,0,0,18,1,2,89,0.9,0.988888888889,0.0111111111111,0.1,0.947368421053,0.9,0.923076923077,0.906956031802,0.888888888889,0.857142857143,6,7,0,0,0,0
1144,WLNM_dir_neg,0.816326530612,0.548139955283,00:00:01,10,30,28,1173777877,threshold_sweep,0.1,0.8,0.571428571429,0.666666666667,4,1,3,13,0.571428571429,0.928571428571,0.0714285714286,0.428571428571,0.8,0.571428571429,0.666666666667,0.809523809524,0.587301587302,0.538461538462,0.553398590529,0.5,20,13,7,0,20,0,13,0,7,11,20,0.181818181818,3.04338842975,3.63636363636,2,2.5,1.68954001271,0.464623503495,0.245454545455,1.16774841624,0.642261628933,0.336363636364,1.94000937205,1.06700515463,0.536363636364,1.05689877454,0.347276990411,3.54545454545,3.04338842975,1.05689877454,3.54545454545,0.499047619048,0.4,8,0.0484848484848,0.255555555556,11,11,11,1,0,0.0909090909091,0.636363636364,0.272727272727,11,0.118181818182,3.72727272727,2.36363636364,1.3,1.625,1.43336856898,0.6064251638,0.286713286713,0.603022689156,0.510249967747,0.237762237762,1.40129809949,1.18571377649,0.503496503497,2.05382127221,0.551025219373,7,3.72727272727,2.05382127221,7,0,0,0,0,0.22962962963,11,11,11,1,0,0.0909090909091,0.636363636364,0.272727272727,11,18,0.163636363636,6.2,3.27272727273,1.8,2.25,1.61807966991,0.494413232473,0.242424242424,0.809039834956,0.494413232473,0.242424242424,1.5666989036,0.957427107756,0.494949494949,2.28560714035,0.368646312959,8.2,6.2,2.28560714035,8.2,0.302380952381,0.25,4,0.0242424242424,0.205555555556,11,11,11,1,0,0.0909090909091,0.636363636364,0.272727272727,-2,-0.0181818181818,3.15661157025,-0.363636363636,-0.2,-0.25,-0.0714603427974,0.029789728978,-0.0030303030303,-0.358708581286,-0.14784839646,-0.0939393939394,-0.373310468447,-0.10957804687,-0.0414141414141,1.22870836581,0.0213693225477,4.65454545455,3.15661157025,1.22870836581,4.65454545455,-0.196666666667,-0.15,-4,-0.0242424242424,-0.05,0,0,0,17,1,3,89,0.85,0.988888888889,0.0111111111111,0.15,0.944444444444,0.85,0.894736842105,0.874602125628,0.838888888889,0.809523809524,5,7,0,0,0,0
1145,WLNM_dir_neg,0.816326530612,0.548139955283,00:00:01,10,30,28,1173777877,threshold_sweep,0.2,0.8,0.571428571429,0.666666666667,4,1,3,13,0.571428571429,0.928571428571,0.0714285714286,0.428571428571,0.8,0.571428571429,0.666666666667,0.809523809524,0.587301587302,0.538461538462,0.553398590529,0.5,20,13,7,0,20,0,13,0,7,11,20,0.181818181818,3.04338842975,3.63636363636,2,2.5,1.68954001271,0.464623503495,0.245454545455,1.16774841624,0.642261628933,0.336363636364,1.94000937205,1.06700515463,0.536363636364,1.05689877454,0.347276990411,3.54545454545,3.04338842975,1.05689877454,3.54545454545,0.499047619048,0.4,8,0.0484848484848,0.255555555556,11,11,11,1,0,0.0909090909091,0.636363636364,0.272727272727,11,0.118181818182,3.72727272727,2.36363636364,1.3,1.625,1.43336856898,0.6064251638,0.286713286713,0.603022689156,0.510249967747,0.237762237762,1.40129809949,1.18571377649,0.503496503497,2.05382127221,0.551025219373,7,3.72727272727,2.05382127221,7,0,0,0,0,0.22962962963,11,11,11,1,0,0.0909090909091,0.636363636364,0.272727272727,11,18,0.163636363636,6.2,3.27272727273,1.8,2.25,1.61807966991,0.494413232473,0.242424242424,0.809039834956,0.494413232473,0.242424242424,1.5666989036,0.957427107756,0.494949494949,2.28560714035,0.368646312959,8.2,6.2,2.28560714035,8.2,0.302380952381,0.25,4,0.0242424242424,0.205555555556,11,11,11,1,0,0.0909090909091,0.636363636364,0.272727272727,-2,-0.0181818181818,3.15661157025,-0.363636363636,-0.2,-0.25,-0.0714603427974,0.029789728978,-0.0030303030303,-0.358708581286,-0.14784839646,-0.0939393939394,-0.373310468447,-0.10957804687,-0.0414141414141,1.22870836581,0.0213693225477,4.65454545455,3.15661157025,1.22870836581,4.65454545455,-0.196666666667,-0.15,-4,-0.0242424242424,-0.05,0,0,0,17,1,3,89,0.85,0.988888888889,0.0111111111111,0.15,0.944444444444,0.85,0.894736842105,0.874602125628,0.838888888889,0.809523809524,5,7,0,0,0,0
1146,WLNM_dir_neg,0.816326530612,0.548139955283,00:00:01,10,30,28,1173777877,threshold_sweep,0.3,0.8,0.571428571429,0.666666666667,4,1,3,13,0.571428571429,0.928571428571,0.0714285714286,0.428571428571,0.8,0.571428571429,0.666666666667,0.809523809524,0.587301587302,0.538461538462,0.553398590529,0.5,20,13,7,0,20,0,13,0,7,11,20,0.181818181818,3.04338842975,3.63636363636,2,2.5,1.68954001271,0.464623503495,0.245454545455,1.16774841624,0.642261628933,0.336363636364,1.94000937205,1.06700515463,0.536363636364,1.05689877454,0.347276990411,3.54545454545,3.04338842975,1.05689877454,3.54545454545,0.499047619048,0.4,8,0.0484848484848,0.255555555556,11,11,11,1,0,0.0909090909091,0.636363636364,0.272727272727,11,0.118181818182,3.72727272727,2.36363636364,1.3,1.625,1.43336856898,0.6064251638,0.286713286713,0.603022689156,0.510249967747,0.237762237762,1.40129809949,1.18571377649,0.503496503497,2.05382127221,0.551025219373,7,3.72727272727,2.05382127221,7,0,0,0,0,0.22962962963,11,11,11,1,0,0.0909090909091,0.636363636364,0.272727272727,11,18,0.163636363636,6.2,3.27272727273,1.8,2.25,1.61807966991,0.494413232473,0.242424242424,0.809039834956,0.494413232473,0.242424242424,1.5666989036,0.957427107756,0.494949494949,2.28560714035,0.368646312959,8.2,6.2,2.28560714035,8.2,0.302380952381,0.25,4,0.0242424242424,0.205555555556,11,11,11,1,0,0.0909090909091,0.636363636364,0.272727272727,-2,-0.0181818181818,3.15661157025,-0.363636363636,-0.2,-0.25,-0.0714603427974,0.029789728978,-0.0030303030303,-0.358708581286,-0.14784839646,-0.0939393939394,-0.373310468447,-0.10957804687,-0.0414141414141,1.22870836581,0.0213693225477,4.65454545455,3.15661157025,1.22870836581,4.65454545455,-0.196666666667,-0.15,-4,-0.0242424242424,-0.05,0,0,0,17,1,3,89,0.85,0.988888888889,0.0111111111111,0.15,0.944444444444,0.85,0.894736842105,0.874602125628,0.838888888889,0.809523809524,5,7,0,0,0,0
1147,WLNM_dir_neg,0.816326530612,0.548139955283,00:00:01,10,30,28,1173777877,threshold_sweep,0.4,0.8,0.571428571429,0.666666666667,4,1,3,13,0.571428571429,0.928571428571,0.0714285714286,0.428571428571,0.8,0.571428571429,0.666666666667,0.809523809524,0.587301587302,0.538461538462,0.553398590529,0.5,20,13,7,0,20,0,13,0,7,11,20,0.181818181818,3.04338842975,3.63636363636,2,2.5,1.68954001271,0.464623503495,0.245454545455,1.16774841624,0.642261628933,0.336363636364,1.94000937205,1.06700515463,0.536363636364,1.05689877454,0.347276990411,3.54545454545,3.04338842975,1.05689877454,3.54545454545,0.499047619048,0.4,8,0.0484848484848,0.255555555556,11,11,11,1,0,0.0909090909091,0.636363636364,0.272727272727,11,0.118181818182,3.72727272727,2.36363636364,1.3,1.625,1.43336856898,0.6064251638,0.286713286713,0.603022689156,0.510249967747,0.237762237762,1.40129809949,1.18571377649,0.503496503497,2.05382127221,0.551025219373,7,3.72727272727,2.05382127221,7,0,0,0,0,0.22962962963,11,11,11,1,0,0.0909090909091,0.636363636364,0.272727272727,11,18,0.163636363636,6.2,3.27272727273,1.8,2.25,1.61807966991,0.494413232473,0.242424242424,0.809039834956,0.494413232473,0.242424242424,1.5666989036,0.957427107756,0.494949494949,2.28560714035,0.368646312959,8.2,6.2,2.28560714035,8.2,0.302380952381,0.25,4,0.0242424242424,0.205555555556,11,11,11,1,0,0.0909090909091,0.636363636364,0.272727272727,-2,-0.0181818181818,3.15661157025,-0.363636363636,-0.2,-0.25,-0.0714603427974,0.029789728978,-0.0030303030303,-0.358708581286,-0.14784839646,-0.0939393939394,-0.373310468447,-0.10957804687,-0.0414141414141,1.22870836581,0.0213693225477,4.65454545455,3.15661157025,1.22870836581,4.65454545455,-0.196666666667,-0.15,-4,-0.0242424242424,-0.05,0,0,0,17,1,3,89,0.85,0.988888888889,0.0111111111111,0.15,0.944444444444,0.85,0.894736842105,0.874602125628,0.838888888889,0.809523809524,5,7,0,0,0,0
1148,WLNM_dir_neg,0.816326530612,0.548139955283,00:00:01,10,30,28,1173777877,threshold_sweep,0.5,0.8,0.571428571429,0.666666666667,4,1,3,13,0.571428571429,0.928571428571,0.0714285714286,0.428571428571,0.8,0.571428571429,0.666666666667,0.809523809524,0.587301587302,0.538461538462,0.553398590529,0.5,20,13,7,0,20,0,13,0,7,11,20,0.181818181818,3.04338842975,3.63636363636,2,2.5,1.68954001271,0.464623503495,0.245454545455,1.16774841624,0.642261628933,0.336363636364,1.94000937205,1.06700515463,0.536363636364,1.05689877454,0.347276990411,3.54545454545,3.04338842975,1.05689877454,3.54545454545,0.499047619048,0.4,8,0.0484848484848,0.255555555556,11,11,11,1,0,0.0909090909091,0.636363636364,0.272727272727,11,0.118181818182,3.72727272727,2.36363636364,1.3,1.625,1.43336856898,0.6064251638,0.286713286713,0.603022689156,0.510249967747,0.237762237762,1.40129809949,1.18571377649,0.503496503497,2.05382127221,0.551025219373,7,3.72727272727,2.05382127221,7,0,0,0,0,0.22962962963,11,11,11,1,0,0.0909090909091,0.636363636364,0.272727272727,11,18,0.163636363636,6.2,3.27272727273,1.8,2.25,1.61807966991,0.494413232473,0.242424242424,0.809039834956,0.494413232473,0.242424242424,1.5666989036,0.957427107756,0.494949494949,2.28560714035,0.368646312959,8.2,6.2,2.28560714035,8.2,0.302380952381,0.25,4,0.0242424242424,0.205555555556,11,11,11,1,0,0.0909090909091,0.636363636364,0.272727272727,-2,-0.0181818181818,3.15661157025,-0.363636363636,-0.2,-0.25,-0.0714603427974,0.029789728978,-0.0030303030303,-0.358708581286,-0.14784839646,-0.0939393939394,-0.373310468447,-0.10957804687,-0.0414141414141,1.22870836581,0.0213693225477,4.65454545455,3.15661157025,1.22870836581,4.65454545455,-0.196666666667,-0.15,-4,-0.0242424242424,-0.05,0,0,0,17,1,3,89,0.85,0.988888888889,0.0111111111111,0.15,0.944444444444,0.85,0.894736842105,0.874602125628,0.838888888889,0.809523809524,5,7,0,0,0,0
1149,WLNM_dir_neg,0.816326530612,0.548139955283,00:00:01,10,30,28,1173777877,threshold_sweep,0.6,0.75,0.428571428571,0.545454545455,3,1,4,13,0.428571428571,0.928571428571,0.0714285714286,0.571428571429,0.75,0.428571428571,0.545454545455,0.761904761905,0.603174603175,0.4,0.428746462856,0.357142857143,20,13,7,0,20,0,13,0,7,11,20,0.181818181818,3.04338842975,3.63636363636,2,2.5,1.68954001271,0.464623503495,0.245454545455,1.16774841624,0.642261628933,0.336363636364,1.94000937205,1.06700515463,0.536363636364,1.05689877454,0.347276990411,3.54545454545,3.04338842975,1.05689877454,3.54545454545,0.499047619048,0.4,8,0.0484848484848,0.255555555556,11,11,11,1,0,0.0909090909091,0.636363636364,0.272727272727,11,0.118181818182,3.72727272727,2.36363636364,1.3,1.625,1.43336856898,0.6064251638,0.286713286713,0.603022689156,0.510249967747,0.237762237762,1.40129809949,1.18571377649,0.503496503497,2.05382127221,0.551025219373,7,3.72727272727,2.05382127221,7,0,0,0,0,0.22962962963,11,11,11,1,0,0.0909090909091,0.636363636364,0.272727272727,11,17,0.154545454545,6.69696969697,3.09090909091,1.7,2.125,1.51357493733,0.489686009136,0.219251336898,0.687551650952,0.444886362381,0.20320855615,1.50755672289,0.975477879516,0.491978609626,2.54057974772,0.379362586764,9,6.69696969697,2.54057974772,9,0.280952380952,0.214285714286,3,0.0181818181818,0.192592592593,11,11,11,1,0,0.0909090909091,0.636363636364,0.272727272727,-3,-0.0272727272727,3.65358126722,-0.545454545455,-0.3,-0.375,-0.175965075381,0.0250625056407,-0.0262032085561,-0.48019676529,-0.197375266552,-0.133155080214,-0.43245264916,-0.0915272751104,-0.044385026738,1.48368097319,0.0320855963529,5.45454545455,3.65358126722,1.48368097319,5.45454545455,-0.218095238095,-0.185714285714,-5,-0.030303030303,-0.062962962963,0,0,0,16,1,4,89,0.8,0.988888888889,0.0111111111111,0.2,0.941176470588,0.8,0.864864864865,0.841755876268,0.788888888889,0.761904761905,4,7,0,0,0,0
1150,WLNM_dir_neg,0.816326530612,0.548139955283,00:00:01,10,30,28,1173777877,threshold_sweep,0.7,0.75,0.428571428571,0.545454545455,3,1,4,13,0.428571428571,0.928571428571,0.0714285714286,0.571428571429,0.75,0.428571428571,0.545454545455,0.761904761905,0.603174603175,0.4,0.428746462856,0.357142857143,20,13,7,0,20,0,13,0,7,11,20,0.181818181818,3.04338842975,3.63636363636,2,2.5,1.68954001271,0.464623503495,0.245454545455,1.16774841624,0.642261628933,0.336363636364,1.94000937205,1.06700515463,0.536363636364,1.05689877454,0.347276990411,3.54545454545,3.04338842975,1.05689877454,3.54545454545,0.499047619048,0.4,8,0.0484848484848,0.255555555556,11,11,11,1,0,0.0909090909091,0.636363636364,0.272727272727,11,0.118181818182,3.72727272727,2.36363636364,1.3,1.625,1.43336856898,0.6064251638,0.286713286713,0.603022689156,0.510249967747,0.237762237762,1.40129809949,1.18571377649,0.503496503497,2.05382127221,0.551025219373,7,3.72727272727,2.05382127221,7,0,0,0,0,0.22962962963,11,11,11,1,0,0.0909090909091,0.636363636364,0.272727272727,11,17,0.154545454545,6.69696969697,3.09090909091,1.7,2.125,1.51357493733,0.489686009136,0.219251336898,0.687551650952,0.444886362381,0.20320855615,1.50755672289,0.975477879516,0.491978609626,2.54057974772,0.379362586764,9,6.69696969697,2.54057974772,9,0.280952380952,0.214285714286,3,0.0181818181818,0.192592592593,11,11,11,1,0,0.0909090909091,0.636363636364,0.272727272727,-3,-0.0272727272727,3.65358126722,-0.545454545455,-0.3,-0.375,-0.175965075381,0.0250625056407,-0.0262032085561,-0.48019676529,-0.197375266552,-0.133155080214,-0.43245264916,-0.0915272751104,-0.044385026738,1.48368097319,0.0320855963529,5.45454545455,3.65358126722,1.48368097319,5.45454545455,-0.218095238095,-0.185714285714,-5,-0.030303030303,-0.062962962963,0,0,0,16,1,4,89,0.8,0.988888888889,0.0111111111111,0.2,0.941176470588,0.8,0.864864864865,0.841755876268,0.788888888889,0.761904761905,4,7,0,0,0,0
1151,WLNM_dir_neg,0.816326530612,0.548139955283,00:00:01,10,30,28,1173777877,threshold_sweep,0.8,0.75,0.428571428571,0.545454545455,3,1,4,13,0.428571428571,0.928571428571,0.0714285714286,0.571428571429,0.75,0.428571428571,0.545454545455,0.761904761905,0.603174603175,0.4,0.428746462856,0.357142857143,20,13,7,0,20,0,13,0,7,11,20,0.181818181818,3.04338842975,3.63636363636,2,2.5,1.68954001271,0.464623503495,0.245454545455,1.16774841624,0.642261628933,0.336363636364,1.94000937205,1.06700515463,0.536363636364,1.05689877454,0.347276990411,3.54545454545,3.04338842975,1.05689877454,3.54545454545,0.499047619048,0.4,8,0.0484848484848,0.255555555556,11,11,11,1,0,0.0909090909091,0.636363636364,0.272727272727,11,0.118181818182,3.72727272727,2.36363636364,1.3,1.625,1.43336856898,0.6064251638,0.286713286713,0.603022689156,0.510249967747,0.237762237762,1.40129809949,1.18571377649,0.503496503497,2.05382127221,0.551025219373,7,3.72727272727,2.05382127221,7,0,0,0,0,0.22962962963,11,11,11,1,0,0.0909090909091,0.636363636364,0.272727272727,11,17,0.154545454545,6.69696969697,3.09090909091,1.7,2.125,1.51357493733,0.489686009136,0.219251336898,0.687551650952,0.444886362381,0.20320855615,1.50755672289,0.975477879516,0.491978609626,2.54057974772,0.379362586764,9,6.69696969697,2.54057974772,9,0.280952380952,0.214285714286,3,0.0181818181818,0.192592592593,11,11,11,1,0,0.0909090909091,0.636363636364,0.272727272727,-3,-0.0272727272727,3.65358126722,-0.545454545455,-0.3,-0.375,-0.175965075381,0.0250625056407,-0.0262032085561,-0.48019676529,-0.197375266552,-0.133155080214,-0.43245264916,-0.0915272751104,-0.044385026738,1.48368097319,0.0320855963529,5.45454545455,3.65358126722,1.48368097319,5.45454545455,-0.218095238095,-0.185714285714,-5,-0.030303030303,-0.062962962963,0,0,0,16,1,4,89,0.8,0.988888888889,0.0111111111111,0.2,0.941176470588,0.8,0.864864864865,0.841755876268,0.788888888889,0.761904761905,4,7,0,0,0,0
1152,WLNM_dir_neg,0.816326530612,0.548139955283,00:00:01,10,30,28,1173777877,threshold_sweep,0.9,0.75,0.428571428571,0.545454545455,3,1,4,13,0.428571428571,0.928571428571,0.0714285714286,0.571428571429,0.75,0.428571428571,0.545454545455,0.761904761905,0.603174603175,0.4,0.428746462856,0.357142857143,20,13,7,0,20,0,13,0,7,11,20,0.181818181818,3.04338842975,3.63636363636,2,2.5,1.68954001271,0.464623503495,0.245454545455,1.16774841624,0.642261628933,0.336363636364,1.94000937205,1.06700515463,0.536363636364,1.05689877454,0.347276990411,3.54545454545,3.04338842975,1.05689877454,3.54545454545,0.499047619048,0.4,8,0.0484848484848,0.255555555556,11,11,11,1,0,0.0909090909091,0.636363636364,0.272727272727,11,0.118181818182,3.72727272727,2.36363636364,1.3,1.625,1.43336856898,0.6064251638,0.286713286713,0.603022689156,0.510249967747,0.237762237762,1.40129809949,1.18571377649,0.503496503497,2.05382127221,0.551025219373,7,3.72727272727,2.05382127221,7,0,0,0,0,0.22962962963,11,11,11,1,0,0.0909090909091,0.636363636364,0.272727272727,11,17,0.154545454545,6.69696969697,3.09090909091,1.7,2.125,1.51357493733,0.489686009136,0.219251336898,0.687551650952,0.444886362381,0.20320855615,1.50755672289,0.975477879516,0.491978609626,2.54057974772,0.379362586764,9,6.69696969697,2.54057974772,9,0.280952380952,0.214285714286,3,0.0181818181818,0.192592592593,11,11,11,1,0,0.0909090909091,0.636363636364,0.272727272727,-3,-0.0272727272727,3.65358126722,-0.545454545455,-0.3,-0.375,-0.175965075381,0.0250625056407,-0.0262032085561,-0.48019676529,-0.197375266552,-0.133155080214,-0.43245264916,-0.0915272751104,-0.044385026738,1.48368097319,0.0320855963529,5.45454545455,3.65358126722,1.48368097319,5.45454545455,-0.218095238095,-0.185714285714,-5,-0.030303030303,-0.062962962963,0,0,0,16,1,4,89,0.8,0.988888888889,0.0111111111111,0.2,0.941176470588,0.8,0.864864864865,0.841755876268,0.788888888889,0.761904761905,4,7,0,0,0,0
1153,WLNM_dir_neg,0.908163265306,0.595009157509,00:00:00,10,30,29,1173777878,threshold_sweep,0.1,1,0.714285714286,0.833333333333,5,0,2,14,0.714285714286,1,0,0.285714285714,1,0.714285714286,0.833333333333,0.904761904762,0.587301587302,0.769230769231,0.790569415042,0.714285714286,20,13,7,0,20,0,13,0,7,11,20,0.181818181818,3.04338842975,3.63636363636,2,2.5,1.68954001271,0.464623503495,0.245454545455,1.16774841624,0.642261628933,0.336363636364,1.94000937205,1.06700515463,0.536363636364,1.05689877454,0.347276990411,3.54545454545,3.04338842975,1.05689877454,3.54545454545,0.499047619048,0.4,8,0.0484848484848,0.255555555556,11,11,11,1,0,0.0909090909091,0.636363636364,0.272727272727,11,0.118181818182,3.72727272727,2.36363636364,1.3,1.625,1.43336856898,0.6064251638,0.286713286713,0.603022689156,0.510249967747,0.237762237762,1.40129809949,1.18571377649,0.503496503497,2.05382127221,0.551025219373,7,3.72727272727,2.05382127221,7,0,0,0,0,0.22962962963,11,11,11,1,0,0.0909090909091,0.636363636364,0.272727272727,11,18,0.163636363636,3.11363636364,3.27272727273,1.8,2.25,1.42062726223,0.434080552347,0.227272727273,0.924416277737,0.564921058617,0.292929292929,1.68954001271,1.03249667443,0.525252525253,1.14353419474,0.367266456706,3.875,3.11363636364,1.14353419474,3.875,0.366666666667,0.266666666667,4,0.0242424242424,0.221111111111,11,11,11,1,0,0.0909090909091,0.636363636364,0.272727272727,-2,-0.0181818181818,0.0702479338843,-0.363636363636,-0.2,-0.25,-0.268912750482,-0.030542951148,-0.0181818181818,-0.243332138505,-0.0773405703161,-0.0434343434343,-0.250469359339,-0.0345084801933,-0.0111111111111,0.0866354202056,0.0199894662943,0.329545454545,0.0702479338843,0.0866354202056,0.329545454545,-0.132380952381,-0.133333333333,-4,-0.0242424242424,-0.0344444444444,0,0,0,18,0,2,90,0.9,1,0,0.1,1,0.9,0.947368421053,0.938314863257,0.9,0.9,5,7,0,0,0,0
1154,WLNM_dir_neg,0.908163265306,0.595009157509,00:00:00,10,30,29,1173777878,threshold_sweep,0.2,1,0.714285714286,0.833333333333,5,0,2,14,0.714285714286,1,0,0.285714285714,1,0.714285714286,0.833333333333,0.904761904762,0.587301587302,0.769230769231,0.790569415042,0.714285714286,20,13,7,0,20,0,13,0,7,11,20,0.181818181818,3.04338842975,3.63636363636,2,2.5,1.68954001271,0.464623503495,0.245454545455,1.16774841624,0.642261628933,0.336363636364,1.94000937205,1.06700515463,0.536363636364,1.05689877454,0.347276990411,3.54545454545,3.04338842975,1.05689877454,3.54545454545,0.499047619048,0.4,8,0.0484848484848,0.255555555556,11,11,11,1,0,0.0909090909091,0.636363636364,0.272727272727,11,0.118181818182,3.72727272727,2.36363636364,1.3,1.625,1.43336856898,0.6064251638,0.286713286713,0.603022689156,0.510249967747,0.237762237762,1.40129809949,1.18571377649,0.503496503497,2.05382127221,0.551025219373,7,3.72727272727,2.05382127221,7,0,0,0,0,0.22962962963,11,11,11,1,0,0.0909090909091,0.636363636364,0.272727272727,11,18,0.163636363636,3.11363636364,3.27272727273,1.8,2.25,1.42062726223,0.434080552347,0.227272727273,0.924416277737,0.564921058617,0.292929292929,1.68954001271,1.03249667443,0.525252525253,1.14353419474,0.367266456706,3.875,3.11363636364,1.14353419474,3.875,0.366666666667,0.266666666667,4,0.0242424242424,0.221111111111,11,11,11,1,0,0.0909090909091,0.636363636364,0.272727272727,-2,-0.0181818181818,0.0702479338843,-0.363636363636,-0.2,-0.25,-0.268912750482,-0.030542951148,-0.0181818181818,-0.243332138505,-0.0773405703161,-0.0434343434343,-0.250469359339,-0.0345084801933,-0.0111111111111,0.0866354202056,0.0199894662943,0.329545454545,0.0702479338843,0.0866354202056,0.329545454545,-0.132380952381,-0.133333333333,-4,-0.0242424242424,-0.0344444444444,0,0,0,18,0,2,90,0.9,1,0,0.1,1,0.9,0.947368421053,0.938314863257,0.9,0.9,5,7,0,0,0,0
1155,WLNM_dir_neg,0.908163265306,0.595009157509,00:00:00,10,30,29,1173777878,threshold_sweep,0.3,1,0.714285714286,0.833333333333,5,0,2,14,0.714285714286,1,0,0.285714285714,1,0.714285714286,0.833333333333,0.904761904762,0.587301587302,0.769230769231,0.790569415042,0.714285714286,20,13,7,0,20,0,13,0,7,11,20,0.181818181818,3.04338842975,3.63636363636,2,2.5,1.68954001271,0.464623503495,0.245454545455,1.16774841624,0.642261628933,0.336363636364,1.94000937205,1.06700515463,0.536363636364,1.05689877454,0.347276990411,3.54545454545,3.04338842975,1.05689877454,3.54545454545,0.499047619048,0.4,8,0.0484848484848,0.255555555556,11,11,11,1,0,0.0909090909091,0.636363636364,0.272727272727,11,0.118181818182,3.72727272727,2.36363636364,1.3,1.625,1.43336856898,0.6064251638,0.286713286713,0.603022689156,0.510249967747,0.237762237762,1.40129809949,1.18571377649,0.503496503497,2.05382127221,0.551025219373,7,3.72727272727,2.05382127221,7,0,0,0,0,0.22962962963,11,11,11,1,0,0.0909090909091,0.636363636364,0.272727272727,11,18,0.163636363636,3.11363636364,3.27272727273,1.8,2.25,1.42062726223,0.434080552347,0.227272727273,0.924416277737,0.564921058617,0.292929292929,1.68954001271,1.03249667443,0.525252525253,1.14353419474,0.367266456706,3.875,3.11363636364,1.14353419474,3.875,0.366666666667,0.266666666667,4,0.0242424242424,0.221111111111,11,11,11,1,0,0.0909090909091,0.636363636364,0.272727272727,-2,-0.0181818181818,0.0702479338843,-0.363636363636,-0.2,-0.25,-0.268912750482,-0.030542951148,-0.0181818181818,-0.243332138505,-0.0773405703161,-0.0434343434343,-0.250469359339,-0.0345084801933,-0.0111111111111,0.0866354202056,0.0199894662943,0.329545454545,0.0702479338843,0.0866354202056,0.329545454545,-0.132380952381,-0.133333333333,-4,-0.0242424242424,-0.0344444444444,0,0,0,18,0,2,90,0.9,1,0,0.1,1,0.9,0.947368421053,0.938314863257,0.9,0.9,5,7,0,0,0,0
1156,WLNM_dir_neg,0.908163265306,0.595009157509,00:00:00,10,30,29,1173777878,threshold_sweep,0.4,1,0.714285714286,0.833333333333,5,0,2,14,0.714285714286,1,0,0.285714285714,1,0.714285714286,0.833333333333,0.904761904762,0.587301587302,0.769230769231,0.790569415042,0.714285714286,20,13,7,0,20,0,13,0,7,11,20,0.181818181818,3.04338842975,3.63636363636,2,2.5,1.68954001271,0.464623503495,0.245454545455,1.16774841624,0.642261628933,0.336363636364,1.94000937205,1.06700515463,0.536363636364,1.05689877454,0.347276990411,3.54545454545,3.04338842975,1.05689877454,3.54545454545,0.499047619048,0.4,8,0.0484848484848,0.255555555556,11,11,11,1,0,0.0909090909091,0.636363636364,0.272727272727,11,0.118181818182,3.72727272727,2.36363636364,1.3,1.625,1.43336856898,0.6064251638,0.286713286713,0.603022689156,0.510249967747,0.237762237762,1.40129809949,1.18571377649,0.503496503497,2.05382127221,0.551025219373,7,3.72727272727,2.05382127221,7,0,0,0,0,0.22962962963,11,11,11,1,0,0.0909090909091,0.636363636364,0.272727272727,11,18,0.163636363636,3.11363636364,3.27272727273,1.8,2.25,1.42062726223,0.434080552347,0.227272727273,0.924416277737,0.564921058617,0.292929292929,1.68954001271,1.03249667443,0.525252525253,1.14353419474,0.367266456706,3.875,3.11363636364,1.14353419474,3.875,0.366666666667,0.266666666667,4,0.0242424242424,0.221111111111,11,11,11,1,0,0.0909090909091,0.636363636364,0.272727272727,-2,-0.0181818181818,0.0702479338843,-0.363636363636,-0.2,-0.25,-0.268912750482,-0.030542951148,-0.0181818181818,-0.243332138505,-0.0773405703161,-0.0434343434343,-0.250469359339,-0.0345084801933,-0.0111111111111,0.0866354202056,0.0199894662943,0.329545454545,0.0702479338843,0.0866354202056,0.329545454545,-0.132380952381,-0.133333333333,-4,-0.0242424242424,-0.0344444444444,0,0,0,18,0,2,90,0.9,1,0,0.1,1,0.9,0.947368421053,0.938314863257,0.9,0.9,5,7,0,0,0,0
1157,WLNM_dir_neg,0.908163265306,0.595009157509,00:00:00,10,30,29,1173777878,threshold_sweep,0.5,1,0.714285714286,0.833333333333,5,0,2,14,0.714285714286,1,0,0.285714285714,1,0.714285714286,0.833333333333,0.904761904762,0.587301587302,0.769230769231,0.790569415042,0.714285714286,20,13,7,0,20,0,13,0,7,11,20,0.181818181818,3.04338842975,3.63636363636,2,2.5,1.68954001271,0.464623503495,0.245454545455,1.16774841624,0.642261628933,0.336363636364,1.94000937205,1.06700515463,0.536363636364,1.05689877454,0.347276990411,3.54545454545,3.04338842975,1.05689877454,3.54545454545,0.499047619048,0.4,8,0.0484848484848,0.255555555556,11,11,11,1,0,0.0909090909091,0.636363636364,0.272727272727,11,0.118181818182,3.72727272727,2.36363636364,1.3,1.625,1.43336856898,0.6064251638,0.286713286713,0.603022689156,0.510249967747,0.237762237762,1.40129809949,1.18571377649,0.503496503497,2.05382127221,0.551025219373,7,3.72727272727,2.05382127221,7,0,0,0,0,0.22962962963,11,11,11,1,0,0.0909090909091,0.636363636364,0.272727272727,11,18,0.163636363636,3.11363636364,3.27272727273,1.8,2.25,1.42062726223,0.434080552347,0.227272727273,0.924416277737,0.564921058617,0.292929292929,1.68954001271,1.03249667443,0.525252525253,1.14353419474,0.367266456706,3.875,3.11363636364,1.14353419474,3.875,0.366666666667,0.266666666667,4,0.0242424242424,0.221111111111,11,11,11,1,0,0.0909090909091,0.636363636364,0.272727272727,-2,-0.0181818181818,0.0702479338843,-0.363636363636,-0.2,-0.25,-0.268912750482,-0.030542951148,-0.0181818181818,-0.243332138505,-0.0773405703161,-0.0434343434343,-0.250469359339,-0.0345084801933,-0.0111111111111,0.0866354202056,0.0199894662943,0.329545454545,0.0702479338843,0.0866354202056,0.329545454545,-0.132380952381,-0.133333333333,-4,-0.0242424242424,-0.0344444444444,0,0,0,18,0,2,90,0.9,1,0,0.1,1,0.9,0.947368421053,0.938314863257,0.9,0.9,5,7,0,0,0,0
1158,WLNM_dir_neg,0.908163265306,0.595009157509,00:00:00,10,30,29,1173777878,threshold_sweep,0.6,1,0.714285714286,0.833333333333,5,0,2,14,0.714285714286,1,0,0.285714285714,1,0.714285714286,0.833333333333,0.904761904762,0.587301587302,0.769230769231,0.790569415042,0.714285714286,20,13,7,0,20,0,13,0,7,11,20,0.181818181818,3.04338842975,3.63636363636,2,2.5,1.68954001271,0.464623503495,0.245454545455,1.16774841624,0.642261628933,0.336363636364,1.94000937205,1.06700515463,0.536363636364,1.05689877454,0.347276990411,3.54545454545,3.04338842975,1.05689877454,3.54545454545,0.499047619048,0.4,8,0.0484848484848,0.255555555556,11,11,11,1,0,0.0909090909091,0.636363636364,0.272727272727,11,0.118181818182,3.72727272727,2.36363636364,1.3,1.625,1.43336856898,0.6064251638,0.286713286713,0.603022689156,0.510249967747,0.237762237762,1.40129809949,1.18571377649,0.503496503497,2.05382127221,0.551025219373,7,3.72727272727,2.05382127221,7,0,0,0,0,0.22962962963,11,11,11,1,0,0.0909090909091,0.636363636364,0.272727272727,11,18,0.163636363636,3.11363636364,3.27272727273,1.8,2.25,1.42062726223,0.434080552347,0.227272727273,0.924416277737,0.564921058617,0.292929292929,1.68954001271,1.03249667443,0.525252525253,1.14353419474,0.367266456706,3.875,3.11363636364,1.14353419474,3.875,0.366666666667,0.266666666667,4,0.0242424242424,0.221111111111,11,11,11,1,0,0.0909090909091,0.636363636364,0.272727272727,-2,-0.0181818181818,0.0702479338843,-0.363636363636,-0.2,-0.25,-0.268912750482,-0.030542951148,-0.0181818181818,-0.243332138505,-0.0773405703161,-0.0434343434343,-0.250469359339,-0.0345084801933,-0.0111111111111,0.0866354202056,0.0199894662943,0.329545454545,0.0702479338843,0.0866354202056,0.329545454545,-0.132380952381,-0.133333333333,-4,-0.0242424242424,-0.0344444444444,0,0,0,18,0,2,90,0.9,1,0,0.1,1,0.9,0.947368421053,0.938314863257,0.9,0.9,5,7,0,0,0,0
1159,WLNM_dir_neg,0.908163265306,0.595009157509,00:00:00,10,30,29,1173777878,threshold_sweep,0.7,1,0.714285714286,0.833333333333,5,0,2,14,0.714285714286,1,0,0.285714285714,1,0.714285714286,0.833333333333,0.904761904762,0.587301587302,0.769230769231,0.790569415042,0.714285714286,20,13,7,0,20,0,13,0,7,11,20,0.181818181818,3.04338842975,3.63636363636,2,2.5,1.68954001271,0.464623503495,0.245454545455,1.16774841624,0.642261628933,0.336363636364,1.94000937205,1.06700515463,0.536363636364,1.05689877454,0.347276990411,3.54545454545,3.04338842975,1.05689877454,3.54545454545,0.499047619048,0.4,8,0.0484848484848,0.255555555556,11,11,11,1,0,0.0909090909091,0.636363636364,0.272727272727,11,0.118181818182,3.72727272727,2.36363636364,1.3,1.625,1.43336856898,0.6064251638,0.286713286713,0.603022689156,0.510249967747,0.237762237762,1.40129809949,1.18571377649,0.503496503497,2.05382127221,0.551025219373,7,3.72727272727,2.05382127221,7,0,0,0,0,0.22962962963,11,11,11,1,0,0.0909090909091,0.636363636364,0.272727272727,11,18,0.163636363636,3.11363636364,3.27272727273,1.8,2.25,1.42062726223,0.434080552347,0.227272727273,0.924416277737,0.564921058617,0.292929292929,1.68954001271,1.03249667443,0.525252525253,1.14353419474,0.367266456706,3.875,3.11363636364,1.14353419474,3.875,0.366666666667,0.266666666667,4,0.0242424242424,0.221111111111,11,11,11,1,0,0.0909090909091,0.636363636364,0.272727272727,-2,-0.0181818181818,0.0702479338843,-0.363636363636,-0.2,-0.25,-0.268912750482,-0.030542951148,-0.0181818181818,-0.243332138505,-0.0773405703161,-0.0434343434343,-0.250469359339,-0.0345084801933,-0.0111111111111,0.0866354202056,0.0199894662943,0.329545454545,0.0702479338843,0.0866354202056,0.329545454545,-0.132380952381,-0.133333333333,-4,-0.0242424242424,-0.0344444444444,0,0,0,18,0,2,90,0.9,1,0,0.1,1,0.9,0.947368421053,0.938314863257,0.9,0.9,5,7,0,0,0,0
1160,WLNM_dir_neg,0.908163265306,0.595009157509,00:00:00,10,30,29,1173777878,threshold_sweep,0.8,1,0.714285714286,0.833333333333,5,0,2,14,0.714285714286,1,0,0.285714285714,1,0.714285714286,0.833333333333,0.904761904762,0.587301587302,0.769230769231,0.790569415042,0.714285714286,20,13,7,0,20,0,13,0,7,11,20,0.181818181818,3.04338842975,3.63636363636,2,2.5,1.68954001271,0.464623503495,0.245454545455,1.16774841624,0.642261628933,0.336363636364,1.94000937205,1.06700515463,0.536363636364,1.05689877454,0.347276990411,3.54545454545,3.04338842975,1.05689877454,3.54545454545,0.499047619048,0.4,8,0.0484848484848,0.255555555556,11,11,11,1,0,0.0909090909091,0.636363636364,0.272727272727,11,0.118181818182,3.72727272727,2.36363636364,1.3,1.625,1.43336856898,0.6064251638,0.286713286713,0.603022689156,0.510249967747,0.237762237762,1.40129809949,1.18571377649,0.503496503497,2.05382127221,0.551025219373,7,3.72727272727,2.05382127221,7,0,0,0,0,0.22962962963,11,11,11,1,0,0.0909090909091,0.636363636364,0.272727272727,11,18,0.163636363636,3.11363636364,3.27272727273,1.8,2.25,1.42062726223,0.434080552347,0.227272727273,0.924416277737,0.564921058617,0.292929292929,1.68954001271,1.03249667443,0.525252525253,1.14353419474,0.367266456706,3.875,3.11363636364,1.14353419474,3.875,0.366666666667,0.266666666667,4,0.0242424242424,0.221111111111,11,11,11,1,0,0.0909090909091,0.636363636364,0.272727272727,-2,-0.0181818181818,0.0702479338843,-0.363636363636,-0.2,-0.25,-0.268912750482,-0.030542951148,-0.0181818181818,-0.243332138505,-0.0773405703161,-0.0434343434343,-0.250469359339,-0.0345084801933,-0.0111111111111,0.0866354202056,0.0199894662943,0.329545454545,0.0702479338843,0.0866354202056,0.329545454545,-0.132380952381,-0.133333333333,-4,-0.0242424242424,-0.0344444444444,0,0,0,18,0,2,90,0.9,1,0,0.1,1,0.9,0.947368421053,0.938314863257,0.9,0.9,5,7,0,0,0,0
1161,WLNM_dir_neg,0.908163265306,0.595009157509,00:00:00,10,30,29,1173777878,threshold_sweep,0.9,1,0.714285714286,0.833333333333,5,0,2,14,0.714285714286,1,0,0.285714285714,1,0.714285714286,0.833333333333,0.904761904762,0.587301587302,0.769230769231,0.790569415042,0.714285714286,20,13,7,0,20,0,13,0,7,11,20,0.181818181818,3.04338842975,3.63636363636,2,2.5,1.68954001271,0.464623503495,0.245454545455,1.16774841624,0.642261628933,0.336363636364,1.94000937205,1.06700515463,0.536363636364,1.05689877454,0.347276990411,3.54545454545,3.04338842975,1.05689877454,3.54545454545,0.499047619048,0.4,8,0.0484848484848,0.255555555556,11,11,11,1,0,0.0909090909091,0.636363636364,0.272727272727,11,0.118181818182,3.72727272727,2.36363636364,1.3,1.625,1.43336856898,0.6064251638,0.286713286713,0.603022689156,0.510249967747,0.237762237762,1.40129809949,1.18571377649,0.503496503497,2.05382127221,0.551025219373,7,3.72727272727,2.05382127221,7,0,0,0,0,0.22962962963,11,11,11,1,0,0.0909090909091,0.636363636364,0.272727272727,11,18,0.163636363636,3.11363636364,3.27272727273,1.8,2.25,1.42062726223,0.434080552347,0.227272727273,0.924416277737,0.564921058617,0.292929292929,1.68954001271,1.03249667443,0.525252525253,1.14353419474,0.367266456706,3.875,3.11363636364,1.14353419474,3.875,0.366666666667,0.266666666667,4,0.0242424242424,0.221111111111,11,11,11,1,0,0.0909090909091,0.636363636364,0.272727272727,-2,-0.0181818181818,0.0702479338843,-0.363636363636,-0.2,-0.25,-0.268912750482,-0.030542951148,-0.0181818181818,-0.243332138505,-0.0773405703161,-0.0434343434343,-0.250469359339,-0.0345084801933,-0.0111111111111,0.0866354202056,0.0199894662943,0.329545454545,0.0702479338843,0.0866354202056,0.329545454545,-0.132380952381,-0.133333333333,-4,-0.0242424242424,-0.0344444444444,0,0,0,18,0,2,90,0.9,1,0,0.1,1,0.9,0.947368421053,0.938314863257,0.9,0.9,5,7,0,0,0,0
1162,WLNM_dir_neg,0.795918367347,0.482302618017,00:00:01,10,30,30,1173777879,threshold_sweep,0.1,0.571428571429,0.571428571429,0.571428571429,4,3,3,11,0.571428571429,0.785714285714,0.214285714286,0.428571428571,0.571428571429,0.571428571429,0.571428571429,0.714285714286,0.555555555556,0.357142857143,0.357142857143,0.357142857143,20,13,7,0,20,0,13,0,7,11,20,0.181818181818,3.04338842975,3.63636363636,2,2.5,1.68954001271,0.464623503495,0.245454545455,1.16774841624,0.642261628933,0.336363636364,1.94000937205,1.06700515463,0.536363636364,1.05689877454,0.347276990411,3.54545454545,3.04338842975,1.05689877454,3.54545454545,0.499047619048,0.4,8,0.0484848484848,0.255555555556,11,11,11,1,0,0.0909090909091,0.636363636364,0.272727272727,11,0.118181818182,3.72727272727,2.36363636364,1.3,1.625,1.43336856898,0.6064251638,0.286713286713,0.603022689156,0.510249967747,0.237762237762,1.40129809949,1.18571377649,0.503496503497,2.05382127221,0.551025219373,7,3.72727272727,2.05382127221,7,0,0,0,0,0.22962962963,11,11,11,1,0,0.0909090909091,0.636363636364,0.272727272727,11,20,0.181818181818,NaN,3.63636363636,1.81818181818,2,1.36181696808,0.374499666221,0.190909090909,1.16774841624,0.642261628933,0.272727272727,1.40129809949,0.77071395472,0.381818181818,NaN,NaN,NaN,NaN,NaN,NaN,0.10303030303,0.111111111111,2,0.0121212121212,0.165454545455,11,11,0,1,2,0,0.909090909091,0.0909090909091,0,0,NaN,0,-0.181818181818,-0.5,-0.327723044631,-0.0901238372736,-0.0545454545455,0,0,-0.0636363636364,-0.538711272558,-0.296291199907,-0.154545454545,NaN,NaN,NaN,NaN,NaN,NaN,-0.396017316017,-0.288888888889,-6,-0.0363636363636,-0.090101010101,-0.0909090909091,0.272727272727,-0.181818181818,17,3,3,87,0.85,0.966666666667,0.0333333333333,0.15,0.85,0.85,0.85,0.816666666667,0.816666666667,0.739130434783,7,7,0,0,0,0
1163,WLNM_dir_neg,0.795918367347,0.482302618017,00:00:01,10,30,30,1173777879,threshold_sweep,0.2,0.5,0.428571428571,0.461538461538,3,3,4,11,0.428571428571,0.785714285714,0.214285714286,0.571428571429,0.5,0.428571428571,0.461538461538,0.666666666667,0.571428571429,0.222222222222,0.22360679775,0.214285714286,20,13,7,0,20,0,13,0,7,11,20,0.181818181818,3.04338842975,3.63636363636,2,2.5,1.68954001271,0.464623503495,0.245454545455,1.16774841624,0.642261628933,0.336363636364,1.94000937205,1.06700515463,0.536363636364,1.05689877454,0.347276990411,3.54545454545,3.04338842975,1.05689877454,3.54545454545,0.499047619048,0.4,8,0.0484848484848,0.255555555556,11,11,11,1,0,0.0909090909091,0.636363636364,0.272727272727,11,0.118181818182,3.72727272727,2.36363636364,1.3,1.625,1.43336856898,0.6064251638,0.286713286713,0.603022689156,0.510249967747,0.237762237762,1.40129809949,1.18571377649,0.503496503497,2.05382127221,0.551025219373,7,3.72727272727,2.05382127221,7,0,0,0,0,0.22962962963,11,11,11,1,0,0.0909090909091,0.636363636364,0.272727272727,11,19,0.172727272727,NaN,3.45454545455,1.72727272727,1.9,1.21355975243,0.351293612547,0.177033492823,0.904534033733,0.523677598477,0.239234449761,1.34839972493,0.780652472326,0.373205741627,NaN,NaN,NaN,NaN,NaN,NaN,0.10303030303,0.127659574468,2,0.0121212121212,0.159696969697,11,11,0,1,2,0,0.909090909091,0.0909090909091,-1,-0.00909090909091,NaN,-0.181818181818,-0.272727272727,-0.6,-0.475980260275,-0.113329890948,-0.0684210526316,-0.263214382509,-0.118584030456,-0.0971291866029,-0.591609647122,-0.286352682301,-0.163157894737,NaN,NaN,NaN,NaN,NaN,NaN,-0.396017316017,-0.272340425532,-6,-0.0363636363636,-0.0958585858586,-0.0909090909091,0.272727272727,-0.181818181818,16,3,4,87,0.8,0.966666666667,0.0333333333333,0.2,0.842105263158,0.8,0.820512820513,0.782249577429,0.766666666667,0.695652173913,6,7,0,0,0,0
1164,WLNM_dir_neg,0.795918367347,0.482302618017,00:00:01,10,30,30,1173777879,threshold_sweep,0.3,0.666666666667,0.285714285714,0.4,2,1,5,13,0.285714285714,0.928571428571,0.0714285714286,0.714285714286,0.666666666667,0.285714285714,0.4,0.714285714286,0.619047619048,0.25,0.288675134595,0.214285714286,20,13,7,0,20,0,13,0,7,11,20,0.181818181818,3.04338842975,3.63636363636,2,2.5,1.68954001271,0.464623503495,0.245454545455,1.16774841624,0.642261628933,0.336363636364,1.94000937205,1.06700515463,0.536363636364,1.05689877454,0.347276990411,3.54545454545,3.04338842975,1.05689877454,3.54545454545,0.499047619048,0.4,8,0.0484848484848,0.255555555556,11,11,11,1,0,0.0909090909091,0.636363636364,0.272727272727,11,0.118181818182,3.72727272727,2.36363636364,1.3,1.625,1.43336856898,0.6064251638,0.286713286713,0.603022689156,0.510249967747,0.237762237762,1.40129809949,1.18571377649,0.503496503497,2.05382127221,0.551025219373,7,3.72727272727,2.05382127221,7,0,0,0,0,0.22962962963,11,11,11,1,0,0.0909090909091,0.636363636364,0.272727272727,11,16,0.145454545455,NaN,2.90909090909,1.45454545455,2,1.3751033019,0.47269176003,0.238636363636,0.522232967867,0.359035165409,0.170454545455,1.50755672289,1.03644524699,0.511363636364,NaN,NaN,NaN,NaN,NaN,NaN,0.2,0.166666666667,2,0.0121212121212,0.169696969697,11,11,0,1,2,0,0.727272727273,0.272727272727,-4,-0.0363636363636,NaN,-0.727272727273,-0.545454545455,-0.5,-0.314436710805,0.00806825653469,-0.00681818181818,-0.645515448375,-0.283226463525,-0.165909090909,-0.43245264916,-0.0305599076407,-0.025,NaN,NaN,NaN,NaN,NaN,NaN,-0.299047619048,-0.233333333333,-6,-0.0363636363636,-0.0858585858586,-0.0909090909091,0.0909090909091,0,15,1,5,89,0.75,0.988888888889,0.0111111111111,0.25,0.9375,0.75,0.833333333333,0.808335161217,0.738888888889,0.714285714286,3,7,0,0,0,0
1165,WLNM_dir_neg,0.795918367347,0.482302618017,00:00:01,10,30,30,1173777879,threshold_sweep,0.4,0.666666666667,0.285714285714,0.4,2,1,5,13,0.285714285714,0.928571428571,0.0714285714286,0.714285714286,0.666666666667,0.285714285714,0.4,0.714285714286,0.619047619048,0.25,0.288675134595,0.214285714286,20,13,7,0,20,0,13,0,7,11,20,0.181818181818,3.04338842975,3.63636363636,2,2.5,1.68954001271,0.464623503495,0.245454545455,1.16774841624,0.642261628933,0.336363636364,1.94000937205,1.06700515463,0.536363636364,1.05689877454,0.347276990411,3.54545454545,3.04338842975,1.05689877454,3.54545454545,0.499047619048,0.4,8,0.0484848484848,0.255555555556,11,11,11,1,0,0.0909090909091,0.636363636364,0.272727272727,11,0.118181818182,3.72727272727,2.36363636364,1.3,1.625,1.43336856898,0.6064251638,0.286713286713,0.603022689156,0.510249967747,0.237762237762,1.40129809949,1.18571377649,0.503496503497,2.05382127221,0.551025219373,7,3.72727272727,2.05382127221,7,0,0,0,0,0.22962962963,11,11,11,1,0,0.0909090909091,0.636363636364,0.272727272727,11,16,0.145454545455,NaN,2.90909090909,1.45454545455,2,1.3751033019,0.47269176003,0.238636363636,0.522232967867,0.359035165409,0.170454545455,1.50755672289,1.03644524699,0.511363636364,NaN,NaN,NaN,NaN,NaN,NaN,0.2,0.166666666667,2,0.0121212121212,0.169696969697,11,11,0,1,2,0,0.727272727273,0.272727272727,-4,-0.0363636363636,NaN,-0.727272727273,-0.545454545455,-0.5,-0.314436710805,0.00806825653469,-0.00681818181818,-0.645515448375,-0.283226463525,-0.165909090909,-0.43245264916,-0.0305599076407,-0.025,NaN,NaN,NaN,NaN,NaN,NaN,-0.299047619048,-0.233333333333,-6,-0.0363636363636,-0.0858585858586,-0.0909090909091,0.0909090909091,0,15,1,5,89,0.75,0.988888888889,0.0111111111111,0.25,0.9375,0.75,0.833333333333,0.808335161217,0.738888888889,0.714285714286,3,7,0,0,0,0
1166,WLNM_dir_neg,0.795918367347,0.482302618017,00:00:01,10,30,30,1173777879,threshold_sweep,0.5,0.666666666667,0.285714285714,0.4,2,1,5,13,0.285714285714,0.928571428571,0.0714285714286,0.714285714286,0.666666666667,0.285714285714,0.4,0.714285714286,0.619047619048,0.25,0.288675134595,0.214285714286,20,13,7,0,20,0,13,0,7,11,20,0.181818181818,3.04338842975,3.63636363636,2,2.5,1.68954001271,0.464623503495,0.245454545455,1.16774841624,0.642261628933,0.336363636364,1.94000937205,1.06700515463,0.536363636364,1.05689877454,0.347276990411,3.54545454545,3.04338842975,1.05689877454,3.54545454545,0.499047619048,0.4,8,0.0484848484848,0.255555555556,11,11,11,1,0,0.0909090909091,0.636363636364,0.272727272727,11,0.118181818182,3.72727272727,2.36363636364,1.3,1.625,1.43336856898,0.6064251638,0.286713286713,0.603022689156,0.510249967747,0.237762237762,1.40129809949,1.18571377649,0.503496503497,2.05382127221,0.551025219373,7,3.72727272727,2.05382127221,7,0,0,0,0,0.22962962963,11,11,11,1,0,0.0909090909091,0.636363636364,0.272727272727,11,16,0.145454545455,NaN,2.90909090909,1.45454545455,2,1.3751033019,0.47269176003,0.238636363636,0.522232967867,0.359035165409,0.170454545455,1.50755672289,1.03644524699,0.511363636364,NaN,NaN,NaN,NaN,NaN,NaN,0.2,0.166666666667,2,0.0121212121212,0.169696969697,11,11,0,1,2,0,0.727272727273,0.272727272727,-4,-0.0363636363636,NaN,-0.727272727273,-0.545454545455,-0.5,-0.314436710805,0.00806825653469,-0.00681818181818,-0.645515448375,-0.283226463525,-0.165909090909,-0.43245264916,-0.0305599076407,-0.025,NaN,NaN,NaN,NaN,NaN,NaN,-0.299047619048,-0.233333333333,-6,-0.0363636363636,-0.0858585858586,-0.0909090909091,0.0909090909091,0,15,1,5,89,0.75,0.988888888889,0.0111111111111,0.25,0.9375,0.75,0.833333333333,0.808335161217,0.738888888889,0.714285714286,3,7,0,0,0,0
1167,WLNM_dir_neg,0.795918367347,0.482302618017,00:00:01,10,30,30,1173777879,threshold_sweep,0.6,0.666666666667,0.285714285714,0.4,2,1,5,13,0.285714285714,0.928571428571,0.0714285714286,0.714285714286,0.666666666667,0.285714285714,0.4,0.714285714286,0.619047619048,0.25,0.288675134595,0.214285714286,20,13,7,0,20,0,13,0,7,11,20,0.181818181818,3.04338842975,3.63636363636,2,2.5,1.68954001271,0.464623503495,0.245454545455,1.16774841624,0.642261628933,0.336363636364,1.94000937205,1.06700515463,0.536363636364,1.05689877454,0.347276990411,3.54545454545,3.04338842975,1.05689877454,3.54545454545,0.499047619048,0.4,8,0.0484848484848,0.255555555556,11,11,11,1,0,0.0909090909091,0.636363636364,0.272727272727,11,0.118181818182,3.72727272727,2.36363636364,1.3,1.625,1.43336856898,0.6064251638,0.286713286713,0.603022689156,0.510249967747,0.237762237762,1.40129809949,1.18571377649,0.503496503497,2.05382127221,0.551025219373,7,3.72727272727,2.05382127221,7,0,0,0,0,0.22962962963,11,11,11,1,0,0.0909090909091,0.636363636364,0.272727272727,11,16,0.145454545455,NaN,2.90909090909,1.45454545455,2,1.3751033019,0.47269176003,0.238636363636,0.522232967867,0.359035165409,0.170454545455,1.50755672289,1.03644524699,0.511363636364,NaN,NaN,NaN,NaN,NaN,NaN,0.2,0.166666666667,2,0.0121212121212,0.169696969697,11,11,0,1,2,0,0.727272727273,0.272727272727,-4,-0.0363636363636,NaN,-0.727272727273,-0.545454545455,-0.5,-0.314436710805,0.00806825653469,-0.00681818181818,-0.645515448375,-0.283226463525,-0.165909090909,-0.43245264916,-0.0305599076407,-0.025,NaN,NaN,NaN,NaN,NaN,NaN,-0.299047619048,-0.233333333333,-6,-0.0363636363636,-0.0858585858586,-0.0909090909091,0.0909090909091,0,15,1,5,89,0.75,0.988888888889,0.0111111111111,0.25,0.9375,0.75,0.833333333333,0.808335161217,0.738888888889,0.714285714286,3,7,0,0,0,0
1168,WLNM_dir_neg,0.795918367347,0.482302618017,00:00:01,10,30,30,1173777879,threshold_sweep,0.7,0.666666666667,0.285714285714,0.4,2,1,5,13,0.285714285714,0.928571428571,0.0714285714286,0.714285714286,0.666666666667,0.285714285714,0.4,0.714285714286,0.619047619048,0.25,0.288675134595,0.214285714286,20,13,7,0,20,0,13,0,7,11,20,0.181818181818,3.04338842975,3.63636363636,2,2.5,1.68954001271,0.464623503495,0.245454545455,1.16774841624,0.642261628933,0.336363636364,1.94000937205,1.06700515463,0.536363636364,1.05689877454,0.347276990411,3.54545454545,3.04338842975,1.05689877454,3.54545454545,0.499047619048,0.4,8,0.0484848484848,0.255555555556,11,11,11,1,0,0.0909090909091,0.636363636364,0.272727272727,11,0.118181818182,3.72727272727,2.36363636364,1.3,1.625,1.43336856898,0.6064251638,0.286713286713,0.603022689156,0.510249967747,0.237762237762,1.40129809949,1.18571377649,0.503496503497,2.05382127221,0.551025219373,7,3.72727272727,2.05382127221,7,0,0,0,0,0.22962962963,11,11,11,1,0,0.0909090909091,0.636363636364,0.272727272727,11,16,0.145454545455,NaN,2.90909090909,1.45454545455,2,1.3751033019,0.47269176003,0.238636363636,0.522232967867,0.359035165409,0.170454545455,1.50755672289,1.03644524699,0.511363636364,NaN,NaN,NaN,NaN,NaN,NaN,0.2,0.166666666667,2,0.0121212121212,0.169696969697,11,11,0,1,2,0,0.727272727273,0.272727272727,-4,-0.0363636363636,NaN,-0.727272727273,-0.545454545455,-0.5,-0.314436710805,0.00806825653469,-0.00681818181818,-0.645515448375,-0.283226463525,-0.165909090909,-0.43245264916,-0.0305599076407,-0.025,NaN,NaN,NaN,NaN,NaN,NaN,-0.299047619048,-0.233333333333,-6,-0.0363636363636,-0.0858585858586,-0.0909090909091,0.0909090909091,0,15,1,5,89,0.75,0.988888888889,0.0111111111111,0.25,0.9375,0.75,0.833333333333,0.808335161217,0.738888888889,0.714285714286,3,7,0,0,0,0
1169,WLNM_dir_neg,0.795918367347,0.482302618017,00:00:01,10,30,30,1173777879,threshold_sweep,0.8,0,0,0,0,1,7,13,0,0.928571428571,0.0714285714286,1,0,0,0,0.619047619048,0.650793650794,-0.0909090909091,-0.158113883008,-0.0714285714286,20,13,7,0,20,0,13,0,7,11,20,0.181818181818,3.04338842975,3.63636363636,2,2.5,1.68954001271,0.464623503495,0.245454545455,1.16774841624,0.642261628933,0.336363636364,1.94000937205,1.06700515463,0.536363636364,1.05689877454,0.347276990411,3.54545454545,3.04338842975,1.05689877454,3.54545454545,0.499047619048,0.4,8,0.0484848484848,0.255555555556,11,11,11,1,0,0.0909090909091,0.636363636364,0.272727272727,11,0.118181818182,3.72727272727,2.36363636364,1.3,1.625,1.43336856898,0.6064251638,0.286713286713,0.603022689156,0.510249967747,0.237762237762,1.40129809949,1.18571377649,0.503496503497,2.05382127221,0.551025219373,7,3.72727272727,2.05382127221,7,0,0,0,0,0.22962962963,11,11,11,1,0,0.0909090909091,0.636363636364,0.272727272727,11,14,0.127272727273,NaN,2.54545454545,1.27272727273,1.75,1.43969693781,0.565595225567,0.272727272727,0.467099366497,0.367006645105,0.155844155844,1.42062726223,1.11620713461,0.506493506494,NaN,NaN,NaN,NaN,NaN,NaN,0,0,0,0,0.206060606061,11,11,0,1,2,0,0.727272727273,0.272727272727,-6,-0.0545454545455,NaN,-1.09090909091,-0.727272727273,-0.75,-0.249843074903,0.100971722072,0.0272727272727,-0.700649049745,-0.275254983829,-0.180519480519,-0.519382109822,0.04920197998,-0.0298701298701,NaN,NaN,NaN,NaN,NaN,NaN,-0.499047619048,-0.4,-8,-0.0484848484848,-0.0494949494949,-0.0909090909091,0.0909090909091,0,13,1,7,89,0.65,0.988888888889,0.0111111111111,0.35,0.928571428571,0.65,0.764705882353,0.739370218568,0.638888888889,0.619047619048,1,7,0,0,0,0
1170,WLNM_dir_neg,0.795918367347,0.482302618017,00:00:01,10,30,30,1173777879,threshold_sweep,0.9,0,0,0,0,1,7,13,0,0.928571428571,0.0714285714286,1,0,0,0,0.619047619048,0.650793650794,-0.0909090909091,-0.158113883008,-0.0714285714286,20,13,7,0,20,0,13,0,7,11,20,0.181818181818,3.04338842975,3.63636363636,2,2.5,1.68954001271,0.464623503495,0.245454545455,1.16774841624,0.642261628933,0.336363636364,1.94000937205,1.06700515463,0.536363636364,1.05689877454,0.347276990411,3.54545454545,3.04338842975,1.05689877454,3.54545454545,0.499047619048,0.4,8,0.0484848484848,0.255555555556,11,11,11,1,0,0.0909090909091,0.636363636364,0.272727272727,11,0.118181818182,3.72727272727,2.36363636364,1.3,1.625,1.43336856898,0.6064251638,0.286713286713,0.603022689156,0.510249967747,0.237762237762,1.40129809949,1.18571377649,0.503496503497,2.05382127221,0.551025219373,7,3.72727272727,2.05382127221,7,0,0,0,0,0.22962962963,11,11,11,1,0,0.0909090909091,0.636363636364,0.272727272727,11,14,0.127272727273,NaN,2.54545454545,1.27272727273,1.75,1.43969693781,0.565595225567,0.272727272727,0.467099366497,0.367006645105,0.155844155844,1.42062726223,1.11620713461,0.506493506494,NaN,NaN,NaN,NaN,NaN,NaN,0,0,0,0,0.206060606061,11,11,0,1,2,0,0.727272727273,0.272727272727,-6,-0.0545454545455,NaN,-1.09090909091,-0.727272727273,-0.75,-0.249843074903,0.100971722072,0.0272727272727,-0.700649049745,-0.275254983829,-0.180519480519,-0.519382109822,0.04920197998,-0.0298701298701,NaN,NaN,NaN,NaN,NaN,NaN,-0.499047619048,-0.4,-8,-0.0484848484848,-0.0494949494949,-0.0909090909091,0.0909090909091,0,13,1,7,89,0.65,0.988888888889,0.0111111111111,0.35,0.928571428571,0.65,0.764705882353,0.739370218568,0.638888888889,0.619047619048,1,7,0,0,0,0
1171,WLNM_dir_neg,0.826530612245,0.505670222635,00:00:00,10,30,31,1173777880,threshold_sweep,0.1,1,0.571428571429,0.727272727273,4,0,3,14,0.571428571429,1,0,0.428571428571,1,0.571428571429,0.727272727273,0.857142857143,0.603174603175,0.64,0.68599434057,0.571428571429,20,13,7,0,20,0,13,0,7,11,20,0.181818181818,3.04338842975,3.63636363636,2,2.5,1.68954001271,0.464623503495,0.245454545455,1.16774841624,0.642261628933,0.336363636364,1.94000937205,1.06700515463,0.536363636364,1.05689877454,0.347276990411,3.54545454545,3.04338842975,1.05689877454,3.54545454545,0.499047619048,0.4,8,0.0484848484848,0.255555555556,11,11,11,1,0,0.0909090909091,0.636363636364,0.272727272727,11,0.118181818182,3.72727272727,2.36363636364,1.3,1.625,1.43336856898,0.6064251638,0.286713286713,0.603022689156,0.510249967747,0.237762237762,1.40129809949,1.18571377649,0.503496503497,2.05382127221,0.551025219373,7,3.72727272727,2.05382127221,7,0,0,0,0,0.22962962963,11,11,11,1,0,0.0909090909091,0.636363636364,0.272727272727,11,17,0.154545454545,3.15909090909,3.09090909091,1.7,2.125,1.30034960334,0.420701342257,0.208556149733,0.820199532265,0.530717344407,0.267379679144,1.57249078621,1.01749403814,0.513368983957,1.21589847064,0.38488872452,4,3.15909090909,1.21589847064,4,0.296666666667,0.230769230769,3,0.0181818181818,0.203703703704,11,11,11,1,0,0.0909090909091,0.636363636364,0.272727272727,-3,-0.0272727272727,0.115702479339,-0.545454545455,-0.3,-0.375,-0.389190409368,-0.0439221612377,-0.0368983957219,-0.347548883978,-0.111544284527,-0.0689839572193,-0.367518585835,-0.0495111164884,-0.0229946524064,0.158999696105,0.0376117341084,0.454545454545,0.115702479339,0.158999696105,0.454545454545,-0.202380952381,-0.169230769231,-5,-0.030303030303,-0.0518518518519,0,0,0,17,0,3,90,0.85,1,0,0.15,1,0.85,0.918918918919,0.906962317388,0.85,0.85,4,7,0,0,0,0
1172,WLNM_dir_neg,0.826530612245,0.505670222635,00:00:00,10,30,31,1173777880,threshold_sweep,0.2,1,0.571428571429,0.727272727273,4,0,3,14,0.571428571429,1,0,0.428571428571,1,0.571428571429,0.727272727273,0.857142857143,0.603174603175,0.64,0.68599434057,0.571428571429,20,13,7,0,20,0,13,0,7,11,20,0.181818181818,3.04338842975,3.63636363636,2,2.5,1.68954001271,0.464623503495,0.245454545455,1.16774841624,0.642261628933,0.336363636364,1.94000937205,1.06700515463,0.536363636364,1.05689877454,0.347276990411,3.54545454545,3.04338842975,1.05689877454,3.54545454545,0.499047619048,0.4,8,0.0484848484848,0.255555555556,11,11,11,1,0,0.0909090909091,0.636363636364,0.272727272727,11,0.118181818182,3.72727272727,2.36363636364,1.3,1.625,1.43336856898,0.6064251638,0.286713286713,0.603022689156,0.510249967747,0.237762237762,1.40129809949,1.18571377649,0.503496503497,2.05382127221,0.551025219373,7,3.72727272727,2.05382127221,7,0,0,0,0,0.22962962963,11,11,11,1,0,0.0909090909091,0.636363636364,0.272727272727,11,17,0.154545454545,3.15909090909,3.09090909091,1.7,2.125,1.30034960334,0.420701342257,0.208556149733,0.820199532265,0.530717344407,0.267379679144,1.57249078621,1.01749403814,0.513368983957,1.21589847064,0.38488872452,4,3.15909090909,1.21589847064,4,0.296666666667,0.230769230769,3,0.0181818181818,0.203703703704,11,11,11,1,0,0.0909090909091,0.636363636364,0.272727272727,-3,-0.0272727272727,0.115702479339,-0.545454545455,-0.3,-0.375,-0.389190409368,-0.0439221612377,-0.0368983957219,-0.347548883978,-0.111544284527,-0.0689839572193,-0.367518585835,-0.0495111164884,-0.0229946524064,0.158999696105,0.0376117341084,0.454545454545,0.115702479339,0.158999696105,0.454545454545,-0.202380952381,-0.169230769231,-5,-0.030303030303,-0.0518518518519,0,0,0,17,0,3,90,0.85,1,0,0.15,1,0.85,0.918918918919,0.906962317388,0.85,0.85,4,7,0,0,0,0
1173,WLNM_dir_neg,0.826530612245,0.505670222635,00:00:00,10,30,31,1173777880,threshold_sweep,0.3,1,0.428571428571,0.6,3,0,4,14,0.428571428571,1,0,0.571428571429,1,0.428571428571,0.6,0.809523809524,0.619047619048,0.5,0.57735026919,0.428571428571,20,13,7,0,20,0,13,0,7,11,20,0.181818181818,3.04338842975,3.63636363636,2,2.5,1.68954001271,0.464623503495,0.245454545455,1.16774841624,0.642261628933,0.336363636364,1.94000937205,1.06700515463,0.536363636364,1.05689877454,0.347276990411,3.54545454545,3.04338842975,1.05689877454,3.54545454545,0.499047619048,0.4,8,0.0484848484848,0.255555555556,11,11,11,1,0,0.0909090909091,0.636363636364,0.272727272727,11,0.118181818182,3.72727272727,2.36363636364,1.3,1.625,1.43336856898,0.6064251638,0.286713286713,0.603022689156,0.510249967747,0.237762237762,1.40129809949,1.18571377649,0.503496503497,2.05382127221,0.551025219373,7,3.72727272727,2.05382127221,7,0,0,0,0,0.22962962963,11,11,11,1,0,0.0909090909091,0.636363636364,0.272727272727,11,16,0.145454545455,3.34090909091,2.90909090909,1.6,2,1.3751033019,0.47269176003,0.238636363636,0.820199532265,0.563887178432,0.284090909091,1.57249078621,1.08108741552,0.522727272727,1.55833535894,0.4664405156,5.5,3.34090909091,1.55833535894,5.5,0.32962962963,0.25,3,0.0181818181818,0.196296296296,11,11,11,1,0,0.0909090909091,0.636363636364,0.272727272727,-4,-0.0363636363636,0.297520661157,-0.727272727273,-0.4,-0.5,-0.314436710805,0.00806825653469,-0.00681818181818,-0.347548883978,-0.0783744505013,-0.0522727272727,-0.367518585835,0.0140822608953,-0.0136363636364,0.501436584399,0.119163525188,1.95454545455,0.297520661157,0.501436584399,1.95454545455,-0.169417989418,-0.15,-5,-0.030303030303,-0.0592592592593,0,0,0,16,0,4,90,0.8,1,0,0.2,1,0.8,0.888888888889,0.875189948987,0.8,0.8,3,7,0,0,0,0
1174,WLNM_dir_neg,0.826530612245,0.505670222635,00:00:00,10,30,31,1173777880,threshold_sweep,0.4,1,0.428571428571,0.6,3,0,4,14,0.428571428571,1,0,0.571428571429,1,0.428571428571,0.6,0.809523809524,0.619047619048,0.5,0.57735026919,0.428571428571,20,13,7,0,20,0,13,0,7,11,20,0.181818181818,3.04338842975,3.63636363636,2,2.5,1.68954001271,0.464623503495,0.245454545455,1.16774841624,0.642261628933,0.336363636364,1.94000937205,1.06700515463,0.536363636364,1.05689877454,0.347276990411,3.54545454545,3.04338842975,1.05689877454,3.54545454545,0.499047619048,0.4,8,0.0484848484848,0.255555555556,11,11,11,1,0,0.0909090909091,0.636363636364,0.272727272727,11,0.118181818182,3.72727272727,2.36363636364,1.3,1.625,1.43336856898,0.6064251638,0.286713286713,0.603022689156,0.510249967747,0.237762237762,1.40129809949,1.18571377649,0.503496503497,2.05382127221,0.551025219373,7,3.72727272727,2.05382127221,7,0,0,0,0,0.22962962963,11,11,11,1,0,0.0909090909091,0.636363636364,0.272727272727,11,16,0.145454545455,3.34090909091,2.90909090909,1.6,2,1.3751033019,0.47269176003,0.238636363636,0.820199532265,0.563887178432,0.284090909091,1.57249078621,1.08108741552,0.522727272727,1.55833535894,0.4664405156,5.5,3.34090909091,1.55833535894,5.5,0.32962962963,0.25,3,0.0181818181818,0.196296296296,11,11,11,1,0,0.0909090909091,0.636363636364,0.272727272727,-4,-0.0363636363636,0.297520661157,-0.727272727273,-0.4,-0.5,-0.314436710805,0.00806825653469,-0.00681818181818,-0.347548883978,-0.0783744505013,-0.0522727272727,-0.367518585835,0.0140822608953,-0.0136363636364,0.501436584399,0.119163525188,1.95454545455,0.297520661157,0.501436584399,1.95454545455,-0.169417989418,-0.15,-5,-0.030303030303,-0.0592592592593,0,0,0,16,0,4,90,0.8,1,0,0.2,1,0.8,0.888888888889,0.875189948987,0.8,0.8,3,7,0,0,0,0
1175,WLNM_dir_neg,0.826530612245,0.505670222635,00:00:00,10,30,31,1173777880,threshold_sweep,0.5,1,0.428571428571,0.6,3,0,4,14,0.428571428571,1,0,0.571428571429,1,0.428571428571,0.6,0.809523809524,0.619047619048,0.5,0.57735026919,0.428571428571,20,13,7,0,20,0,13,0,7,11,20,0.181818181818,3.04338842975,3.63636363636,2,2.5,1.68954001271,0.464623503495,0.245454545455,1.16774841624,0.642261628933,0.336363636364,1.94000937205,1.06700515463,0.536363636364,1.05689877454,0.347276990411,3.54545454545,3.04338842975,1.05689877454,3.54545454545,0.499047619048,0.4,8,0.0484848484848,0.255555555556,11,11,11,1,0,0.0909090909091,0.636363636364,0.272727272727,11,0.118181818182,3.72727272727,2.36363636364,1.3,1.625,1.43336856898,0.6064251638,0.286713286713,0.603022689156,0.510249967747,0.237762237762,1.40129809949,1.18571377649,0.503496503497,2.05382127221,0.551025219373,7,3.72727272727,2.05382127221,7,0,0,0,0,0.22962962963,11,11,11,1,0,0.0909090909091,0.636363636364,0.272727272727,11,16,0.145454545455,3.34090909091,2.90909090909,1.6,2,1.3751033019,0.47269176003,0.238636363636,0.820199532265,0.563887178432,0.284090909091,1.57249078621,1.08108741552,0.522727272727,1.55833535894,0.4664405156,5.5,3.34090909091,1.55833535894,5.5,0.32962962963,0.25,3,0.0181818181818,0.196296296296,11,11,11,1,0,0.0909090909091,0.636363636364,0.272727272727,-4,-0.0363636363636,0.297520661157,-0.727272727273,-0.4,-0.5,-0.314436710805,0.00806825653469,-0.00681818181818,-0.347548883978,-0.0783744505013,-0.0522727272727,-0.367518585835,0.0140822608953,-0.0136363636364,0.501436584399,0.119163525188,1.95454545455,0.297520661157,0.501436584399,1.95454545455,-0.169417989418,-0.15,-5,-0.030303030303,-0.0592592592593,0,0,0,16,0,4,90,0.8,1,0,0.2,1,0.8,0.888888888889,0.875189948987,0.8,0.8,3,7,0,0,0,0
1176,WLNM_dir_neg,0.826530612245,0.505670222635,00:00:00,10,30,31,1173777880,threshold_sweep,0.6,1,0.428571428571,0.6,3,0,4,14,0.428571428571,1,0,0.571428571429,1,0.428571428571,0.6,0.809523809524,0.619047619048,0.5,0.57735026919,0.428571428571,20,13,7,0,20,0,13,0,7,11,20,0.181818181818,3.04338842975,3.63636363636,2,2.5,1.68954001271,0.464623503495,0.245454545455,1.16774841624,0.642261628933,0.336363636364,1.94000937205,1.06700515463,0.536363636364,1.05689877454,0.347276990411,3.54545454545,3.04338842975,1.05689877454,3.54545454545,0.499047619048,0.4,8,0.0484848484848,0.255555555556,11,11,11,1,0,0.0909090909091,0.636363636364,0.272727272727,11,0.118181818182,3.72727272727,2.36363636364,1.3,1.625,1.43336856898,0.6064251638,0.286713286713,0.603022689156,0.510249967747,0.237762237762,1.40129809949,1.18571377649,0.503496503497,2.05382127221,0.551025219373,7,3.72727272727,2.05382127221,7,0,0,0,0,0.22962962963,11,11,11,1,0,0.0909090909091,0.636363636364,0.272727272727,11,16,0.145454545455,3.34090909091,2.90909090909,1.6,2,1.3751033019,0.47269176003,0.238636363636,0.820199532265,0.563887178432,0.284090909091,1.57249078621,1.08108741552,0.522727272727,1.55833535894,0.4664405156,5.5,3.34090909091,1.55833535894,5.5,0.32962962963,0.25,3,0.0181818181818,0.196296296296,11,11,11,1,0,0.0909090909091,0.636363636364,0.272727272727,-4,-0.0363636363636,0.297520661157,-0.727272727273,-0.4,-0.5,-0.314436710805,0.00806825653469,-0.00681818181818,-0.347548883978,-0.0783744505013,-0.0522727272727,-0.367518585835,0.0140822608953,-0.0136363636364,0.501436584399,0.119163525188,1.95454545455,0.297520661157,0.501436584399,1.95454545455,-0.169417989418,-0.15,-5,-0.030303030303,-0.0592592592593,0,0,0,16,0,4,90,0.8,1,0,0.2,1,0.8,0.888888888889,0.875189948987,0.8,0.8,3,7,0,0,0,0
1177,WLNM_dir_neg,0.826530612245,0.505670222635,00:00:00,10,30,31,1173777880,threshold_sweep,0.7,1,0.285714285714,0.444444444444,2,0,5,14,0.285714285714,1,0,0.714285714286,1,0.285714285714,0.444444444444,0.761904761905,0.634920634921,0.347826086957,0.458831467741,0.285714285714,20,13,7,0,20,0,13,0,7,11,20,0.181818181818,3.04338842975,3.63636363636,2,2.5,1.68954001271,0.464623503495,0.245454545455,1.16774841624,0.642261628933,0.336363636364,1.94000937205,1.06700515463,0.536363636364,1.05689877454,0.347276990411,3.54545454545,3.04338842975,1.05689877454,3.54545454545,0.499047619048,0.4,8,0.0484848484848,0.255555555556,11,11,11,1,0,0.0909090909091,0.636363636364,0.272727272727,11,0.118181818182,3.72727272727,2.36363636364,1.3,1.625,1.43336856898,0.6064251638,0.286713286713,0.603022689156,0.510249967747,0.237762237762,1.40129809949,1.18571377649,0.503496503497,2.05382127221,0.551025219373,7,3.72727272727,2.05382127221,7,0,0,0,0,0.22962962963,11,11,11,1,0,0.0909090909091,0.636363636364,0.272727272727,11,15,0.136363636364,3.61363636364,2.72727272727,1.5,1.875,1.27207775634,0.466428510659,0.212121212121,0.674199862463,0.494413232473,0.242424242424,1.50151438706,1.10111055051,0.521212121212,2.09572074823,0.579947880012,7,3.61363636364,2.09572074823,7,0.237037037037,0.193548387097,2,0.0121212121212,0.185185185185,11,11,11,1,0,0.0909090909091,0.636363636364,0.272727272727,-5,-0.0454545454545,0.570247933884,-0.909090909091,-0.5,-0.625,-0.417462256367,0.00180500716395,-0.0333333333333,-0.493548553779,-0.14784839646,-0.0939393939394,-0.438494984989,0.0341053958833,-0.0151515151515,1.03882197369,0.232670889601,3.45454545455,0.570247933884,1.03882197369,3.45454545455,-0.262010582011,-0.206451612903,-6,-0.0363636363636,-0.0703703703704,0,0,0,15,0,5,90,0.75,1,0,0.25,1,0.75,0.857142857143,0.842927230424,0.75,0.75,2,7,0,0,0,0
1178,WLNM_dir_neg,0.826530612245,0.505670222635,00:00:00,10,30,31,1173777880,threshold_sweep,0.8,1,0.285714285714,0.444444444444,2,0,5,14,0.285714285714,1,0,0.714285714286,1,0.285714285714,0.444444444444,0.761904761905,0.634920634921,0.347826086957,0.458831467741,0.285714285714,20,13,7,0,20,0,13,0,7,11,20,0.181818181818,3.04338842975,3.63636363636,2,2.5,1.68954001271,0.464623503495,0.245454545455,1.16774841624,0.642261628933,0.336363636364,1.94000937205,1.06700515463,0.536363636364,1.05689877454,0.347276990411,3.54545454545,3.04338842975,1.05689877454,3.54545454545,0.499047619048,0.4,8,0.0484848484848,0.255555555556,11,11,11,1,0,0.0909090909091,0.636363636364,0.272727272727,11,0.118181818182,3.72727272727,2.36363636364,1.3,1.625,1.43336856898,0.6064251638,0.286713286713,0.603022689156,0.510249967747,0.237762237762,1.40129809949,1.18571377649,0.503496503497,2.05382127221,0.551025219373,7,3.72727272727,2.05382127221,7,0,0,0,0,0.22962962963,11,11,11,1,0,0.0909090909091,0.636363636364,0.272727272727,11,15,0.136363636364,3.61363636364,2.72727272727,1.5,1.875,1.27207775634,0.466428510659,0.212121212121,0.674199862463,0.494413232473,0.242424242424,1.50151438706,1.10111055051,0.521212121212,2.09572074823,0.579947880012,7,3.61363636364,2.09572074823,7,0.237037037037,0.193548387097,2,0.0121212121212,0.185185185185,11,11,11,1,0,0.0909090909091,0.636363636364,0.272727272727,-5,-0.0454545454545,0.570247933884,-0.909090909091,-0.5,-0.625,-0.417462256367,0.00180500716395,-0.0333333333333,-0.493548553779,-0.14784839646,-0.0939393939394,-0.438494984989,0.0341053958833,-0.0151515151515,1.03882197369,0.232670889601,3.45454545455,0.570247933884,1.03882197369,3.45454545455,-0.262010582011,-0.206451612903,-6,-0.0363636363636,-0.0703703703704,0,0,0,15,0,5,90,0.75,1,0,0.25,1,0.75,0.857142857143,0.842927230424,0.75,0.75,2,7,0,0,0,0
1179,WLNM_dir_neg,0.826530612245,0.505670222635,00:00:00,10,30,31,1173777880,threshold_sweep,0.9,1,0.285714285714,0.444444444444,2,0,5,14,0.285714285714,1,0,0.714285714286,1,0.285714285714,0.444444444444,0.761904761905,0.634920634921,0.347826086957,0.458831467741,0.285714285714,20,13,7,0,20,0,13,0,7,11,20,0.181818181818,3.04338842975,3.63636363636,2,2.5,1.68954001271,0.464623503495,0.245454545455,1.16774841624,0.642261628933,0.336363636364,1.94000937205,1.06700515463,0.536363636364,1.05689877454,0.347276990411,3.54545454545,3.04338842975,1.05689877454,3.54545454545,0.499047619048,0.4,8,0.0484848484848,0.255555555556,11,11,11,1,0,0.0909090909091,0.636363636364,0.272727272727,11,0.118181818182,3.72727272727,2.36363636364,1.3,1.625,1.43336856898,0.6064251638,0.286713286713,0.603022689156,0.510249967747,0.237762237762,1.40129809949,1.18571377649,0.503496503497,2.05382127221,0.551025219373,7,3.72727272727,2.05382127221,7,0,0,0,0,0.22962962963,11,11,11,1,0,0.0909090909091,0.636363636364,0.272727272727,11,15,0.136363636364,3.61363636364,2.72727272727,1.5,1.875,1.27207775634,0.466428510659,0.212121212121,0.674199862463,0.494413232473,0.242424242424,1.50151438706,1.10111055051,0.521212121212,2.09572074823,0.579947880012,7,3.61363636364,2.09572074823,7,0.237037037037,0.193548387097,2,0.0121212121212,0.185185185185,11,11,11,1,0,0.0909090909091,0.636363636364,0.272727272727,-5,-0.0454545454545,0.570247933884,-0.909090909091,-0.5,-0.625,-0.417462256367,0.00180500716395,-0.0333333333333,-0.493548553779,-0.14784839646,-0.0939393939394,-0.438494984989,0.0341053958833,-0.0151515151515,1.03882197369,0.232670889601,3.45454545455,0.570247933884,1.03882197369,3.45454545455,-0.262010582011,-0.206451612903,-6,-0.0363636363636,-0.0703703703704,0,0,0,15,0,5,90,0.75,1,0,0.25,1,0.75,0.857142857143,0.842927230424,0.75,0.75,2,7,0,0,0,0
1180,WLNM_dir_neg,0.84693877551,0.507101232101,00:00:01,10,30,32,1173777881,threshold_sweep,0.1,0.833333333333,0.714285714286,0.769230769231,5,1,2,13,0.714285714286,0.928571428571,0.0714285714286,0.285714285714,0.833333333333,0.714285714286,0.769230769231,0.857142857143,0.571428571429,0.666666666667,0.67082039325,0.642857142857,20,13,7,0,20,0,13,0,7,11,20,0.181818181818,3.04338842975,3.63636363636,2,2.5,1.68954001271,0.464623503495,0.245454545455,1.16774841624,0.642261628933,0.336363636364,1.94000937205,1.06700515463,0.536363636364,1.05689877454,0.347276990411,3.54545454545,3.04338842975,1.05689877454,3.54545454545,0.499047619048,0.4,8,0.0484848484848,0.255555555556,11,11,11,1,0,0.0909090909091,0.636363636364,0.272727272727,11,0.118181818182,3.72727272727,2.36363636364,1.3,1.625,1.43336856898,0.6064251638,0.286713286713,0.603022689156,0.510249967747,0.237762237762,1.40129809949,1.18571377649,0.503496503497,2.05382127221,0.551025219373,7,3.72727272727,2.05382127221,7,0,0,0,0,0.22962962963,11,11,11,1,0,0.0909090909091,0.636363636364,0.272727272727,11,19,0.172727272727,3.14772727273,3.45454545455,1.9,2.11111111111,1.36847625947,0.396137864583,0.205741626794,1.00904995822,0.584186817916,0.306220095694,1.61807966991,0.936782966791,0.468899521531,1.18338851637,0.375950142385,3.96875,3.14772727273,1.18338851637,3.96875,0.41,0.3,5,0.030303030303,0.214444444444,11,11,11,1,0,0.0909090909091,0.727272727273,0.181818181818,-1,-0.00909090909091,0.104338842975,-0.181818181818,-0.1,-0.388888888889,-0.321063753241,-0.0684856389122,-0.0397129186603,-0.158698458023,-0.058074811017,-0.0301435406699,-0.321929702137,-0.130222187836,-0.0674641148325,0.126489741835,0.0286731519741,0.423295454545,0.104338842975,0.126489741835,0.423295454545,-0.0890476190476,-0.1,-3,-0.0181818181818,-0.0411111111111,0,0.0909090909091,-0.0909090909091,18,1,2,89,0.9,0.988888888889,0.0111111111111,0.1,0.947368421053,0.9,0.923076923077,0.906956031802,0.888888888889,0.857142857143,6,7,0,0,0,0
1181,WLNM_dir_neg,0.84693877551,0.507101232101,00:00:01,10,30,32,1173777881,threshold_sweep,0.2,0.833333333333,0.714285714286,0.769230769231,5,1,2,13,0.714285714286,0.928571428571,0.0714285714286,0.285714285714,0.833333333333,0.714285714286,0.769230769231,0.857142857143,0.571428571429,0.666666666667,0.67082039325,0.642857142857,20,13,7,0,20,0,13,0,7,11,20,0.181818181818,3.04338842975,3.63636363636,2,2.5,1.68954001271,0.464623503495,0.245454545455,1.16774841624,0.642261628933,0.336363636364,1.94000937205,1.06700515463,0.536363636364,1.05689877454,0.347276990411,3.54545454545,3.04338842975,1.05689877454,3.54545454545,0.499047619048,0.4,8,0.0484848484848,0.255555555556,11,11,11,1,0,0.0909090909091,0.636363636364,0.272727272727,11,0.118181818182,3.72727272727,2.36363636364,1.3,1.625,1.43336856898,0.6064251638,0.286713286713,0.603022689156,0.510249967747,0.237762237762,1.40129809949,1.18571377649,0.503496503497,2.05382127221,0.551025219373,7,3.72727272727,2.05382127221,7,0,0,0,0,0.22962962963,11,11,11,1,0,0.0909090909091,0.636363636364,0.272727272727,11,19,0.172727272727,3.14772727273,3.45454545455,1.9,2.11111111111,1.36847625947,0.396137864583,0.205741626794,1.00904995822,0.584186817916,0.306220095694,1.61807966991,0.936782966791,0.468899521531,1.18338851637,0.375950142385,3.96875,3.14772727273,1.18338851637,3.96875,0.41,0.3,5,0.030303030303,0.214444444444,11,11,11,1,0,0.0909090909091,0.727272727273,0.181818181818,-1,-0.00909090909091,0.104338842975,-0.181818181818,-0.1,-0.388888888889,-0.321063753241,-0.0684856389122,-0.0397129186603,-0.158698458023,-0.058074811017,-0.0301435406699,-0.321929702137,-0.130222187836,-0.0674641148325,0.126489741835,0.0286731519741,0.423295454545,0.104338842975,0.126489741835,0.423295454545,-0.0890476190476,-0.1,-3,-0.0181818181818,-0.0411111111111,0,0.0909090909091,-0.0909090909091,18,1,2,89,0.9,0.988888888889,0.0111111111111,0.1,0.947368421053,0.9,0.923076923077,0.906956031802,0.888888888889,0.857142857143,6,7,0,0,0,0
1182,WLNM_dir_neg,0.84693877551,0.507101232101,00:00:01,10,30,32,1173777881,threshold_sweep,0.3,0.75,0.428571428571,0.545454545455,3,1,4,13,0.428571428571,0.928571428571,0.0714285714286,0.571428571429,0.75,0.428571428571,0.545454545455,0.761904761905,0.603174603175,0.4,0.428746462856,0.357142857143,20,13,7,0,20,0,13,0,7,11,20,0.181818181818,3.04338842975,3.63636363636,2,2.5,1.68954001271,0.464623503495,0.245454545455,1.16774841624,0.642261628933,0.336363636364,1.94000937205,1.06700515463,0.536363636364,1.05689877454,0.347276990411,3.54545454545,3.04338842975,1.05689877454,3.54545454545,0.499047619048,0.4,8,0.0484848484848,0.255555555556,11,11,11,1,0,0.0909090909091,0.636363636364,0.272727272727,11,0.118181818182,3.72727272727,2.36363636364,1.3,1.625,1.43336856898,0.6064251638,0.286713286713,0.603022689156,0.510249967747,0.237762237762,1.40129809949,1.18571377649,0.503496503497,2.05382127221,0.551025219373,7,3.72727272727,2.05382127221,7,0,0,0,0,0.22962962963,11,11,11,1,0,0.0909090909091,0.636363636364,0.272727272727,11,17,0.154545454545,3.29545454545,3.09090909091,1.7,1.88888888889,1.22102788294,0.395038432715,0.176470588235,0.820199532265,0.530717344407,0.267379679144,1.43969693781,0.931568606815,0.449197860963,1.4329280611,0.434819549575,4.83333333333,3.29545454545,1.4329280611,4.83333333333,0.296666666667,0.230769230769,3,0.0181818181818,0.188888888889,11,11,11,1,0,0.0909090909091,0.727272727273,0.181818181818,-3,-0.0272727272727,0.252066115702,-0.545454545455,-0.3,-0.611111111111,-0.468512129772,-0.0695850707802,-0.0689839572193,-0.347548883978,-0.111544284527,-0.0689839572193,-0.500312434243,-0.135436547811,-0.0871657754011,0.376029286561,0.0875425591633,1.28787878788,0.252066115702,0.376029286561,1.28787878788,-0.202380952381,-0.169230769231,-5,-0.030303030303,-0.0666666666667,0,0.0909090909091,-0.0909090909091,16,1,4,89,0.8,0.988888888889,0.0111111111111,0.2,0.941176470588,0.8,0.864864864865,0.841755876268,0.788888888889,0.761904761905,4,7,0,0,0,0
1183,WLNM_dir_neg,0.84693877551,0.507101232101,00:00:01,10,30,32,1173777881,threshold_sweep,0.4,0.75,0.428571428571,0.545454545455,3,1,4,13,0.428571428571,0.928571428571,0.0714285714286,0.571428571429,0.75,0.428571428571,0.545454545455,0.761904761905,0.603174603175,0.4,0.428746462856,0.357142857143,20,13,7,0,20,0,13,0,7,11,20,0.181818181818,3.04338842975,3.63636363636,2,2.5,1.68954001271,0.464623503495,0.245454545455,1.16774841624,0.642261628933,0.336363636364,1.94000937205,1.06700515463,0.536363636364,1.05689877454,0.347276990411,3.54545454545,3.04338842975,1.05689877454,3.54545454545,0.499047619048,0.4,8,0.0484848484848,0.255555555556,11,11,11,1,0,0.0909090909091,0.636363636364,0.272727272727,11,0.118181818182,3.72727272727,2.36363636364,1.3,1.625,1.43336856898,0.6064251638,0.286713286713,0.603022689156,0.510249967747,0.237762237762,1.40129809949,1.18571377649,0.503496503497,2.05382127221,0.551025219373,7,3.72727272727,2.05382127221,7,0,0,0,0,0.22962962963,11,11,11,1,0,0.0909090909091,0.636363636364,0.272727272727,11,17,0.154545454545,3.29545454545,3.09090909091,1.7,1.88888888889,1.22102788294,0.395038432715,0.176470588235,0.820199532265,0.530717344407,0.267379679144,1.43969693781,0.931568606815,0.449197860963,1.4329280611,0.434819549575,4.83333333333,3.29545454545,1.4329280611,4.83333333333,0.296666666667,0.230769230769,3,0.0181818181818,0.188888888889,11,11,11,1,0,0.0909090909091,0.727272727273,0.181818181818,-3,-0.0272727272727,0.252066115702,-0.545454545455,-0.3,-0.611111111111,-0.468512129772,-0.0695850707802,-0.0689839572193,-0.347548883978,-0.111544284527,-0.0689839572193,-0.500312434243,-0.135436547811,-0.0871657754011,0.376029286561,0.0875425591633,1.28787878788,0.252066115702,0.376029286561,1.28787878788,-0.202380952381,-0.169230769231,-5,-0.030303030303,-0.0666666666667,0,0.0909090909091,-0.0909090909091,16,1,4,89,0.8,0.988888888889,0.0111111111111,0.2,0.941176470588,0.8,0.864864864865,0.841755876268,0.788888888889,0.761904761905,4,7,0,0,0,0
1184,WLNM_dir_neg,0.84693877551,0.507101232101,00:00:01,10,30,32,1173777881,threshold_sweep,0.5,0.75,0.428571428571,0.545454545455,3,1,4,13,0.428571428571,0.928571428571,0.0714285714286,0.571428571429,0.75,0.428571428571,0.545454545455,0.761904761905,0.603174603175,0.4,0.428746462856,0.357142857143,20,13,7,0,20,0,13,0,7,11,20,0.181818181818,3.04338842975,3.63636363636,2,2.5,1.68954001271,0.464623503495,0.245454545455,1.16774841624,0.642261628933,0.336363636364,1.94000937205,1.06700515463,0.536363636364,1.05689877454,0.347276990411,3.54545454545,3.04338842975,1.05689877454,3.54545454545,0.499047619048,0.4,8,0.0484848484848,0.255555555556,11,11,11,1,0,0.0909090909091,0.636363636364,0.272727272727,11,0.118181818182,3.72727272727,2.36363636364,1.3,1.625,1.43336856898,0.6064251638,0.286713286713,0.603022689156,0.510249967747,0.237762237762,1.40129809949,1.18571377649,0.503496503497,2.05382127221,0.551025219373,7,3.72727272727,2.05382127221,7,0,0,0,0,0.22962962963,11,11,11,1,0,0.0909090909091,0.636363636364,0.272727272727,11,17,0.154545454545,3.29545454545,3.09090909091,1.7,1.88888888889,1.22102788294,0.395038432715,0.176470588235,0.820199532265,0.530717344407,0.267379679144,1.43969693781,0.931568606815,0.449197860963,1.4329280611,0.434819549575,4.83333333333,3.29545454545,1.4329280611,4.83333333333,0.296666666667,0.230769230769,3,0.0181818181818,0.188888888889,11,11,11,1,0,0.0909090909091,0.727272727273,0.181818181818,-3,-0.0272727272727,0.252066115702,-0.545454545455,-0.3,-0.611111111111,-0.468512129772,-0.0695850707802,-0.0689839572193,-0.347548883978,-0.111544284527,-0.0689839572193,-0.500312434243,-0.135436547811,-0.0871657754011,0.376029286561,0.0875425591633,1.28787878788,0.252066115702,0.376029286561,1.28787878788,-0.202380952381,-0.169230769231,-5,-0.030303030303,-0.0666666666667,0,0.0909090909091,-0.0909090909091,16,1,4,89,0.8,0.988888888889,0.0111111111111,0.2,0.941176470588,0.8,0.864864864865,0.841755876268,0.788888888889,0.761904761905,4,7,0,0,0,0
1185,WLNM_dir_neg,0.84693877551,0.507101232101,00:00:01,10,30,32,1173777881,threshold_sweep,0.6,0.75,0.428571428571,0.545454545455,3,1,4,13,0.428571428571,0.928571428571,0.0714285714286,0.571428571429,0.75,0.428571428571,0.545454545455,0.761904761905,0.603174603175,0.4,0.428746462856,0.357142857143,20,13,7,0,20,0,13,0,7,11,20,0.181818181818,3.04338842975,3.63636363636,2,2.5,1.68954001271,0.464623503495,0.245454545455,1.16774841624,0.642261628933,0.336363636364,1.94000937205,1.06700515463,0.536363636364,1.05689877454,0.347276990411,3.54545454545,3.04338842975,1.05689877454,3.54545454545,0.499047619048,0.4,8,0.0484848484848,0.255555555556,11,11,11,1,0,0.0909090909091,0.636363636364,0.272727272727,11,0.118181818182,3.72727272727,2.36363636364,1.3,1.625,1.43336856898,0.6064251638,0.286713286713,0.603022689156,0.510249967747,0.237762237762,1.40129809949,1.18571377649,0.503496503497,2.05382127221,0.551025219373,7,3.72727272727,2.05382127221,7,0,0,0,0,0.22962962963,11,11,11,1,0,0.0909090909091,0.636363636364,0.272727272727,11,17,0.154545454545,3.29545454545,3.09090909091,1.7,1.88888888889,1.22102788294,0.395038432715,0.176470588235,0.820199532265,0.530717344407,0.267379679144,1.43969693781,0.931568606815,0.449197860963,1.4329280611,0.434819549575,4.83333333333,3.29545454545,1.4329280611,4.83333333333,0.296666666667,0.230769230769,3,0.0181818181818,0.188888888889,11,11,11,1,0,0.0909090909091,0.727272727273,0.181818181818,-3,-0.0272727272727,0.252066115702,-0.545454545455,-0.3,-0.611111111111,-0.468512129772,-0.0695850707802,-0.0689839572193,-0.347548883978,-0.111544284527,-0.0689839572193,-0.500312434243,-0.135436547811,-0.0871657754011,0.376029286561,0.0875425591633,1.28787878788,0.252066115702,0.376029286561,1.28787878788,-0.202380952381,-0.169230769231,-5,-0.030303030303,-0.0666666666667,0,0.0909090909091,-0.0909090909091,16,1,4,89,0.8,0.988888888889,0.0111111111111,0.2,0.941176470588,0.8,0.864864864865,0.841755876268,0.788888888889,0.761904761905,4,7,0,0,0,0
1186,WLNM_dir_neg,0.84693877551,0.507101232101,00:00:01,10,30,32,1173777881,threshold_sweep,0.7,0.75,0.428571428571,0.545454545455,3,1,4,13,0.428571428571,0.928571428571,0.0714285714286,0.571428571429,0.75,0.428571428571,0.545454545455,0.761904761905,0.603174603175,0.4,0.428746462856,0.357142857143,20,13,7,0,20,0,13,0,7,11,20,0.181818181818,3.04338842975,3.63636363636,2,2.5,1.68954001271,0.464623503495,0.245454545455,1.16774841624,0.642261628933,0.336363636364,1.94000937205,1.06700515463,0.536363636364,1.05689877454,0.347276990411,3.54545454545,3.04338842975,1.05689877454,3.54545454545,0.499047619048,0.4,8,0.0484848484848,0.255555555556,11,11,11,1,0,0.0909090909091,0.636363636364,0.272727272727,11,0.118181818182,3.72727272727,2.36363636364,1.3,1.625,1.43336856898,0.6064251638,0.286713286713,0.603022689156,0.510249967747,0.237762237762,1.40129809949,1.18571377649,0.503496503497,2.05382127221,0.551025219373,7,3.72727272727,2.05382127221,7,0,0,0,0,0.22962962963,11,11,11,1,0,0.0909090909091,0.636363636364,0.272727272727,11,17,0.154545454545,3.29545454545,3.09090909091,1.7,1.88888888889,1.22102788294,0.395038432715,0.176470588235,0.820199532265,0.530717344407,0.267379679144,1.43969693781,0.931568606815,0.449197860963,1.4329280611,0.434819549575,4.83333333333,3.29545454545,1.4329280611,4.83333333333,0.296666666667,0.230769230769,3,0.0181818181818,0.188888888889,11,11,11,1,0,0.0909090909091,0.727272727273,0.181818181818,-3,-0.0272727272727,0.252066115702,-0.545454545455,-0.3,-0.611111111111,-0.468512129772,-0.0695850707802,-0.0689839572193,-0.347548883978,-0.111544284527,-0.0689839572193,-0.500312434243,-0.135436547811,-0.0871657754011,0.376029286561,0.0875425591633,1.28787878788,0.252066115702,0.376029286561,1.28787878788,-0.202380952381,-0.169230769231,-5,-0.030303030303,-0.0666666666667,0,0.0909090909091,-0.0909090909091,16,1,4,89,0.8,0.988888888889,0.0111111111111,0.2,0.941176470588,0.8,0.864864864865,0.841755876268,0.788888888889,0.761904761905,4,7,0,0,0,0
1187,WLNM_dir_neg,0.84693877551,0.507101232101,00:00:01,10,30,32,1173777881,threshold_sweep,0.8,0.75,0.428571428571,0.545454545455,3,1,4,13,0.428571428571,0.928571428571,0.0714285714286,0.571428571429,0.75,0.428571428571,0.545454545455,0.761904761905,0.603174603175,0.4,0.428746462856,0.357142857143,20,13,7,0,20,0,13,0,7,11,20,0.181818181818,3.04338842975,3.63636363636,2,2.5,1.68954001271,0.464623503495,0.245454545455,1.16774841624,0.642261628933,0.336363636364,1.94000937205,1.06700515463,0.536363636364,1.05689877454,0.347276990411,3.54545454545,3.04338842975,1.05689877454,3.54545454545,0.499047619048,0.4,8,0.0484848484848,0.255555555556,11,11,11,1,0,0.0909090909091,0.636363636364,0.272727272727,11,0.118181818182,3.72727272727,2.36363636364,1.3,1.625,1.43336856898,0.6064251638,0.286713286713,0.603022689156,0.510249967747,0.237762237762,1.40129809949,1.18571377649,0.503496503497,2.05382127221,0.551025219373,7,3.72727272727,2.05382127221,7,0,0,0,0,0.22962962963,11,11,11,1,0,0.0909090909091,0.636363636364,0.272727272727,11,17,0.154545454545,3.29545454545,3.09090909091,1.7,1.88888888889,1.22102788294,0.395038432715,0.176470588235,0.820199532265,0.530717344407,0.267379679144,1.43969693781,0.931568606815,0.449197860963,1.4329280611,0.434819549575,4.83333333333,3.29545454545,1.4329280611,4.83333333333,0.296666666667,0.230769230769,3,0.0181818181818,0.188888888889,11,11,11,1,0,0.0909090909091,0.727272727273,0.181818181818,-3,-0.0272727272727,0.252066115702,-0.545454545455,-0.3,-0.611111111111,-0.468512129772,-0.0695850707802,-0.0689839572193,-0.347548883978,-0.111544284527,-0.0689839572193,-0.500312434243,-0.135436547811,-0.0871657754011,0.376029286561,0.0875425591633,1.28787878788,0.252066115702,0.376029286561,1.28787878788,-0.202380952381,-0.169230769231,-5,-0.030303030303,-0.0666666666667,0,0.0909090909091,-0.0909090909091,16,1,4,89,0.8,0.988888888889,0.0111111111111,0.2,0.941176470588,0.8,0.864864864865,0.841755876268,0.788888888889,0.761904761905,4,7,0,0,0,0
1188,WLNM_dir_neg,0.84693877551,0.507101232101,00:00:01,10,30,32,1173777881,threshold_sweep,0.9,0.75,0.428571428571,0.545454545455,3,1,4,13,0.428571428571,0.928571428571,0.0714285714286,0.571428571429,0.75,0.428571428571,0.545454545455,0.761904761905,0.603174603175,0.4,0.428746462856,0.357142857143,20,13,7,0,20,0,13,0,7,11,20,0.181818181818,3.04338842975,3.63636363636,2,2.5,1.68954001271,0.464623503495,0.245454545455,1.16774841624,0.642261628933,0.336363636364,1.94000937205,1.06700515463,0.536363636364,1.05689877454,0.347276990411,3.54545454545,3.04338842975,1.05689877454,3.54545454545,0.499047619048,0.4,8,0.0484848484848,0.255555555556,11,11,11,1,0,0.0909090909091,0.636363636364,0.272727272727,11,0.118181818182,3.72727272727,2.36363636364,1.3,1.625,1.43336856898,0.6064251638,0.286713286713,0.603022689156,0.510249967747,0.237762237762,1.40129809949,1.18571377649,0.503496503497,2.05382127221,0.551025219373,7,3.72727272727,2.05382127221,7,0,0,0,0,0.22962962963,11,11,11,1,0,0.0909090909091,0.636363636364,0.272727272727,11,17,0.154545454545,3.29545454545,3.09090909091,1.7,1.88888888889,1.22102788294,0.395038432715,0.176470588235,0.820199532265,0.530717344407,0.267379679144,1.43969693781,0.931568606815,0.449197860963,1.4329280611,0.434819549575,4.83333333333,3.29545454545,1.4329280611,4.83333333333,0.296666666667,0.230769230769,3,0.0181818181818,0.188888888889,11,11,11,1,0,0.0909090909091,0.727272727273,0.181818181818,-3,-0.0272727272727,0.252066115702,-0.545454545455,-0.3,-0.611111111111,-0.468512129772,-0.0695850707802,-0.0689839572193,-0.347548883978,-0.111544284527,-0.0689839572193,-0.500312434243,-0.135436547811,-0.0871657754011,0.376029286561,0.0875425591633,1.28787878788,0.252066115702,0.376029286561,1.28787878788,-0.202380952381,-0.169230769231,-5,-0.030303030303,-0.0666666666667,0,0.0909090909091,-0.0909090909091,16,1,4,89,0.8,0.988888888889,0.0111111111111,0.2,0.941176470588,0.8,0.864864864865,0.841755876268,0.788888888889,0.761904761905,4,7,0,0,0,0
1189,WLNM_dir_neg,0.857142857143,0.702838827839,00:00:01,10,30,33,1173777882,threshold_sweep,0.1,1,0.714285714286,0.833333333333,5,0,2,14,0.714285714286,1,0,0.285714285714,1,0.714285714286,0.833333333333,0.904761904762,0.587301587302,0.769230769231,0.790569415042,0.714285714286,20,13,7,0,20,0,13,0,7,11,20,0.181818181818,3.04338842975,3.63636363636,2,2.5,1.68954001271,0.464623503495,0.245454545455,1.16774841624,0.642261628933,0.336363636364,1.94000937205,1.06700515463,0.536363636364,1.05689877454,0.347276990411,3.54545454545,3.04338842975,1.05689877454,3.54545454545,0.499047619048,0.4,8,0.0484848484848,0.255555555556,11,11,11,1,0,0.0909090909091,0.636363636364,0.272727272727,11,0.118181818182,3.72727272727,2.36363636364,1.3,1.625,1.43336856898,0.6064251638,0.286713286713,0.603022689156,0.510249967747,0.237762237762,1.40129809949,1.18571377649,0.503496503497,2.05382127221,0.551025219373,7,3.72727272727,2.05382127221,7,0,0,0,0,0.22962962963,11,11,11,1,0,0.0909090909091,0.636363636364,0.272727272727,11,18,0.163636363636,3.11363636364,3.27272727273,1.8,2.25,1.42062726223,0.434080552347,0.227272727273,0.924416277737,0.564921058617,0.292929292929,1.68954001271,1.03249667443,0.525252525253,1.14353419474,0.367266456706,3.875,3.11363636364,1.14353419474,3.875,0.366666666667,0.266666666667,4,0.0242424242424,0.221111111111,11,11,11,1,0,0.0909090909091,0.636363636364,0.272727272727,-2,-0.0181818181818,0.0702479338843,-0.363636363636,-0.2,-0.25,-0.268912750482,-0.030542951148,-0.0181818181818,-0.243332138505,-0.0773405703161,-0.0434343434343,-0.250469359339,-0.0345084801933,-0.0111111111111,0.0866354202056,0.0199894662943,0.329545454545,0.0702479338843,0.0866354202056,0.329545454545,-0.132380952381,-0.133333333333,-4,-0.0242424242424,-0.0344444444444,0,0,0,18,0,2,90,0.9,1,0,0.1,1,0.9,0.947368421053,0.938314863257,0.9,0.9,5,7,0,0,0,0
1190,WLNM_dir_neg,0.857142857143,0.702838827839,00:00:01,10,30,33,1173777882,threshold_sweep,0.2,1,0.714285714286,0.833333333333,5,0,2,14,0.714285714286,1,0,0.285714285714,1,0.714285714286,0.833333333333,0.904761904762,0.587301587302,0.769230769231,0.790569415042,0.714285714286,20,13,7,0,20,0,13,0,7,11,20,0.181818181818,3.04338842975,3.63636363636,2,2.5,1.68954001271,0.464623503495,0.245454545455,1.16774841624,0.642261628933,0.336363636364,1.94000937205,1.06700515463,0.536363636364,1.05689877454,0.347276990411,3.54545454545,3.04338842975,1.05689877454,3.54545454545,0.499047619048,0.4,8,0.0484848484848,0.255555555556,11,11,11,1,0,0.0909090909091,0.636363636364,0.272727272727,11,0.118181818182,3.72727272727,2.36363636364,1.3,1.625,1.43336856898,0.6064251638,0.286713286713,0.603022689156,0.510249967747,0.237762237762,1.40129809949,1.18571377649,0.503496503497,2.05382127221,0.551025219373,7,3.72727272727,2.05382127221,7,0,0,0,0,0.22962962963,11,11,11,1,0,0.0909090909091,0.636363636364,0.272727272727,11,18,0.163636363636,3.11363636364,3.27272727273,1.8,2.25,1.42062726223,0.434080552347,0.227272727273,0.924416277737,0.564921058617,0.292929292929,1.68954001271,1.03249667443,0.525252525253,1.14353419474,0.367266456706,3.875,3.11363636364,1.14353419474,3.875,0.366666666667,0.266666666667,4,0.0242424242424,0.221111111111,11,11,11,1,0,0.0909090909091,0.636363636364,0.272727272727,-2,-0.0181818181818,0.0702479338843,-0.363636363636,-0.2,-0.25,-0.268912750482,-0.030542951148,-0.0181818181818,-0.243332138505,-0.0773405703161,-0.0434343434343,-0.250469359339,-0.0345084801933,-0.0111111111111,0.0866354202056,0.0199894662943,0.329545454545,0.0702479338843,0.0866354202056,0.329545454545,-0.132380952381,-0.133333333333,-4,-0.0242424242424,-0.0344444444444,0,0,0,18,0,2,90,0.9,1,0,0.1,1,0.9,0.947368421053,0.938314863257,0.9,0.9,5,7,0,0,0,0
1191,WLNM_dir_neg,0.857142857143,0.702838827839,00:00:01,10,30,33,1173777882,threshold_sweep,0.3,1,0.714285714286,0.833333333333,5,0,2,14,0.714285714286,1,0,0.285714285714,1,0.714285714286,0.833333333333,0.904761904762,0.587301587302,0.769230769231,0.790569415042,0.714285714286,20,13,7,0,20,0,13,0,7,11,20,0.181818181818,3.04338842975,3.63636363636,2,2.5,1.68954001271,0.464623503495,0.245454545455,1.16774841624,0.642261628933,0.336363636364,1.94000937205,1.06700515463,0.536363636364,1.05689877454,0.347276990411,3.54545454545,3.04338842975,1.05689877454,3.54545454545,0.499047619048,0.4,8,0.0484848484848,0.255555555556,11,11,11,1,0,0.0909090909091,0.636363636364,0.272727272727,11,0.118181818182,3.72727272727,2.36363636364,1.3,1.625,1.43336856898,0.6064251638,0.286713286713,0.603022689156,0.510249967747,0.237762237762,1.40129809949,1.18571377649,0.503496503497,2.05382127221,0.551025219373,7,3.72727272727,2.05382127221,7,0,0,0,0,0.22962962963,11,11,11,1,0,0.0909090909091,0.636363636364,0.272727272727,11,18,0.163636363636,3.11363636364,3.27272727273,1.8,2.25,1.42062726223,0.434080552347,0.227272727273,0.924416277737,0.564921058617,0.292929292929,1.68954001271,1.03249667443,0.525252525253,1.14353419474,0.367266456706,3.875,3.11363636364,1.14353419474,3.875,0.366666666667,0.266666666667,4,0.0242424242424,0.221111111111,11,11,11,1,0,0.0909090909091,0.636363636364,0.272727272727,-2,-0.0181818181818,0.0702479338843,-0.363636363636,-0.2,-0.25,-0.268912750482,-0.030542951148,-0.0181818181818,-0.243332138505,-0.0773405703161,-0.0434343434343,-0.250469359339,-0.0345084801933,-0.0111111111111,0.0866354202056,0.0199894662943,0.329545454545,0.0702479338843,0.0866354202056,0.329545454545,-0.132380952381,-0.133333333333,-4,-0.0242424242424,-0.0344444444444,0,0,0,18,0,2,90,0.9,1,0,0.1,1,0.9,0.947368421053,0.938314863257,0.9,0.9,5,7,0,0,0,0
1192,WLNM_dir_neg,0.857142857143,0.702838827839,00:00:01,10,30,33,1173777882,threshold_sweep,0.4,1,0.714285714286,0.833333333333,5,0,2,14,0.714285714286,1,0,0.285714285714,1,0.714285714286,0.833333333333,0.904761904762,0.587301587302,0.769230769231,0.790569415042,0.714285714286,20,13,7,0,20,0,13,0,7,11,20,0.181818181818,3.04338842975,3.63636363636,2,2.5,1.68954001271,0.464623503495,0.245454545455,1.16774841624,0.642261628933,0.336363636364,1.94000937205,1.06700515463,0.536363636364,1.05689877454,0.347276990411,3.54545454545,3.04338842975,1.05689877454,3.54545454545,0.499047619048,0.4,8,0.0484848484848,0.255555555556,11,11,11,1,0,0.0909090909091,0.636363636364,0.272727272727,11,0.118181818182,3.72727272727,2.36363636364,1.3,1.625,1.43336856898,0.6064251638,0.286713286713,0.603022689156,0.510249967747,0.237762237762,1.40129809949,1.18571377649,0.503496503497,2.05382127221,0.551025219373,7,3.72727272727,2.05382127221,7,0,0,0,0,0.22962962963,11,11,11,1,0,0.0909090909091,0.636363636364,0.272727272727,11,18,0.163636363636,3.11363636364,3.27272727273,1.8,2.25,1.42062726223,0.434080552347,0.227272727273,0.924416277737,0.564921058617,0.292929292929,1.68954001271,1.03249667443,0.525252525253,1.14353419474,0.367266456706,3.875,3.11363636364,1.14353419474,3.875,0.366666666667,0.266666666667,4,0.0242424242424,0.221111111111,11,11,11,1,0,0.0909090909091,0.636363636364,0.272727272727,-2,-0.0181818181818,0.0702479338843,-0.363636363636,-0.2,-0.25,-0.268912750482,-0.030542951148,-0.0181818181818,-0.243332138505,-0.0773405703161,-0.0434343434343,-0.250469359339,-0.0345084801933,-0.0111111111111,0.0866354202056,0.0199894662943,0.329545454545,0.0702479338843,0.0866354202056,0.329545454545,-0.132380952381,-0.133333333333,-4,-0.0242424242424,-0.0344444444444,0,0,0,18,0,2,90,0.9,1,0,0.1,1,0.9,0.947368421053,0.938314863257,0.9,0.9,5,7,0,0,0,0
1193,WLNM_dir_neg,0.857142857143,0.702838827839,00:00:01,10,30,33,1173777882,threshold_sweep,0.5,1,0.714285714286,0.833333333333,5,0,2,14,0.714285714286,1,0,0.285714285714,1,0.714285714286,0.833333333333,0.904761904762,0.587301587302,0.769230769231,0.790569415042,0.714285714286,20,13,7,0,20,0,13,0,7,11,20,0.181818181818,3.04338842975,3.63636363636,2,2.5,1.68954001271,0.464623503495,0.245454545455,1.16774841624,0.642261628933,0.336363636364,1.94000937205,1.06700515463,0.536363636364,1.05689877454,0.347276990411,3.54545454545,3.04338842975,1.05689877454,3.54545454545,0.499047619048,0.4,8,0.0484848484848,0.255555555556,11,11,11,1,0,0.0909090909091,0.636363636364,0.272727272727,11,0.118181818182,3.72727272727,2.36363636364,1.3,1.625,1.43336856898,0.6064251638,0.286713286713,0.603022689156,0.510249967747,0.237762237762,1.40129809949,1.18571377649,0.503496503497,2.05382127221,0.551025219373,7,3.72727272727,2.05382127221,7,0,0,0,0,0.22962962963,11,11,11,1,0,0.0909090909091,0.636363636364,0.272727272727,11,18,0.163636363636,3.11363636364,3.27272727273,1.8,2.25,1.42062726223,0.434080552347,0.227272727273,0.924416277737,0.564921058617,0.292929292929,1.68954001271,1.03249667443,0.525252525253,1.14353419474,0.367266456706,3.875,3.11363636364,1.14353419474,3.875,0.366666666667,0.266666666667,4,0.0242424242424,0.221111111111,11,11,11,1,0,0.0909090909091,0.636363636364,0.272727272727,-2,-0.0181818181818,0.0702479338843,-0.363636363636,-0.2,-0.25,-0.268912750482,-0.030542951148,-0.0181818181818,-0.243332138505,-0.0773405703161,-0.0434343434343,-0.250469359339,-0.0345084801933,-0.0111111111111,0.0866354202056,0.0199894662943,0.329545454545,0.0702479338843,0.0866354202056,0.329545454545,-0.132380952381,-0.133333333333,-4,-0.0242424242424,-0.0344444444444,0,0,0,18,0,2,90,0.9,1,0,0.1,1,0.9,0.947368421053,0.938314863257,0.9,0.9,5,7,0,0,0,0
1194,WLNM_dir_neg,0.857142857143,0.702838827839,00:00:01,10,30,33,1173777882,threshold_sweep,0.6,1,0.714285714286,0.833333333333,5,0,2,14,0.714285714286,1,0,0.285714285714,1,0.714285714286,0.833333333333,0.904761904762,0.587301587302,0.769230769231,0.790569415042,0.714285714286,20,13,7,0,20,0,13,0,7,11,20,0.181818181818,3.04338842975,3.63636363636,2,2.5,1.68954001271,0.464623503495,0.245454545455,1.16774841624,0.642261628933,0.336363636364,1.94000937205,1.06700515463,0.536363636364,1.05689877454,0.347276990411,3.54545454545,3.04338842975,1.05689877454,3.54545454545,0.499047619048,0.4,8,0.0484848484848,0.255555555556,11,11,11,1,0,0.0909090909091,0.636363636364,0.272727272727,11,0.118181818182,3.72727272727,2.36363636364,1.3,1.625,1.43336856898,0.6064251638,0.286713286713,0.603022689156,0.510249967747,0.237762237762,1.40129809949,1.18571377649,0.503496503497,2.05382127221,0.551025219373,7,3.72727272727,2.05382127221,7,0,0,0,0,0.22962962963,11,11,11,1,0,0.0909090909091,0.636363636364,0.272727272727,11,18,0.163636363636,3.11363636364,3.27272727273,1.8,2.25,1.42062726223,0.434080552347,0.227272727273,0.924416277737,0.564921058617,0.292929292929,1.68954001271,1.03249667443,0.525252525253,1.14353419474,0.367266456706,3.875,3.11363636364,1.14353419474,3.875,0.366666666667,0.266666666667,4,0.0242424242424,0.221111111111,11,11,11,1,0,0.0909090909091,0.636363636364,0.272727272727,-2,-0.0181818181818,0.0702479338843,-0.363636363636,-0.2,-0.25,-0.268912750482,-0.030542951148,-0.0181818181818,-0.243332138505,-0.0773405703161,-0.0434343434343,-0.250469359339,-0.0345084801933,-0.0111111111111,0.0866354202056,0.0199894662943,0.329545454545,0.0702479338843,0.0866354202056,0.329545454545,-0.132380952381,-0.133333333333,-4,-0.0242424242424,-0.0344444444444,0,0,0,18,0,2,90,0.9,1,0,0.1,1,0.9,0.947368421053,0.938314863257,0.9,0.9,5,7,0,0,0,0
1195,WLNM_dir_neg,0.857142857143,0.702838827839,00:00:01,10,30,33,1173777882,threshold_sweep,0.7,1,0.714285714286,0.833333333333,5,0,2,14,0.714285714286,1,0,0.285714285714,1,0.714285714286,0.833333333333,0.904761904762,0.587301587302,0.769230769231,0.790569415042,0.714285714286,20,13,7,0,20,0,13,0,7,11,20,0.181818181818,3.04338842975,3.63636363636,2,2.5,1.68954001271,0.464623503495,0.245454545455,1.16774841624,0.642261628933,0.336363636364,1.94000937205,1.06700515463,0.536363636364,1.05689877454,0.347276990411,3.54545454545,3.04338842975,1.05689877454,3.54545454545,0.499047619048,0.4,8,0.0484848484848,0.255555555556,11,11,11,1,0,0.0909090909091,0.636363636364,0.272727272727,11,0.118181818182,3.72727272727,2.36363636364,1.3,1.625,1.43336856898,0.6064251638,0.286713286713,0.603022689156,0.510249967747,0.237762237762,1.40129809949,1.18571377649,0.503496503497,2.05382127221,0.551025219373,7,3.72727272727,2.05382127221,7,0,0,0,0,0.22962962963,11,11,11,1,0,0.0909090909091,0.636363636364,0.272727272727,11,18,0.163636363636,3.11363636364,3.27272727273,1.8,2.25,1.42062726223,0.434080552347,0.227272727273,0.924416277737,0.564921058617,0.292929292929,1.68954001271,1.03249667443,0.525252525253,1.14353419474,0.367266456706,3.875,3.11363636364,1.14353419474,3.875,0.366666666667,0.266666666667,4,0.0242424242424,0.221111111111,11,11,11,1,0,0.0909090909091,0.636363636364,0.272727272727,-2,-0.0181818181818,0.0702479338843,-0.363636363636,-0.2,-0.25,-0.268912750482,-0.030542951148,-0.0181818181818,-0.243332138505,-0.0773405703161,-0.0434343434343,-0.250469359339,-0.0345084801933,-0.0111111111111,0.0866354202056,0.0199894662943,0.329545454545,0.0702479338843,0.0866354202056,0.329545454545,-0.132380952381,-0.133333333333,-4,-0.0242424242424,-0.0344444444444,0,0,0,18,0,2,90,0.9,1,0,0.1,1,0.9,0.947368421053,0.938314863257,0.9,0.9,5,7,0,0,0,0
1196,WLNM_dir_neg,0.857142857143,0.702838827839,00:00:01,10,30,33,1173777882,threshold_sweep,0.8,1,0.714285714286,0.833333333333,5,0,2,14,0.714285714286,1,0,0.285714285714,1,0.714285714286,0.833333333333,0.904761904762,0.587301587302,0.769230769231,0.790569415042,0.714285714286,20,13,7,0,20,0,13,0,7,11,20,0.181818181818,3.04338842975,3.63636363636,2,2.5,1.68954001271,0.464623503495,0.245454545455,1.16774841624,0.642261628933,0.336363636364,1.94000937205,1.06700515463,0.536363636364,1.05689877454,0.347276990411,3.54545454545,3.04338842975,1.05689877454,3.54545454545,0.499047619048,0.4,8,0.0484848484848,0.255555555556,11,11,11,1,0,0.0909090909091,0.636363636364,0.272727272727,11,0.118181818182,3.72727272727,2.36363636364,1.3,1.625,1.43336856898,0.6064251638,0.286713286713,0.603022689156,0.510249967747,0.237762237762,1.40129809949,1.18571377649,0.503496503497,2.05382127221,0.551025219373,7,3.72727272727,2.05382127221,7,0,0,0,0,0.22962962963,11,11,11,1,0,0.0909090909091,0.636363636364,0.272727272727,11,18,0.163636363636,3.11363636364,3.27272727273,1.8,2.25,1.42062726223,0.434080552347,0.227272727273,0.924416277737,0.564921058617,0.292929292929,1.68954001271,1.03249667443,0.525252525253,1.14353419474,0.367266456706,3.875,3.11363636364,1.14353419474,3.875,0.366666666667,0.266666666667,4,0.0242424242424,0.221111111111,11,11,11,1,0,0.0909090909091,0.636363636364,0.272727272727,-2,-0.0181818181818,0.0702479338843,-0.363636363636,-0.2,-0.25,-0.268912750482,-0.030542951148,-0.0181818181818,-0.243332138505,-0.0773405703161,-0.0434343434343,-0.250469359339,-0.0345084801933,-0.0111111111111,0.0866354202056,0.0199894662943,0.329545454545,0.0702479338843,0.0866354202056,0.329545454545,-0.132380952381,-0.133333333333,-4,-0.0242424242424,-0.0344444444444,0,0,0,18,0,2,90,0.9,1,0,0.1,1,0.9,0.947368421053,0.938314863257,0.9,0.9,5,7,0,0,0,0
1197,WLNM_dir_neg,0.857142857143,0.702838827839,00:00:01,10,30,33,1173777882,threshold_sweep,0.9,1,0.714285714286,0.833333333333,5,0,2,14,0.714285714286,1,0,0.285714285714,1,0.714285714286,0.833333333333,0.904761904762,0.587301587302,0.769230769231,0.790569415042,0.714285714286,20,13,7,0,20,0,13,0,7,11,20,0.181818181818,3.04338842975,3.63636363636,2,2.5,1.68954001271,0.464623503495,0.245454545455,1.16774841624,0.642261628933,0.336363636364,1.94000937205,1.06700515463,0.536363636364,1.05689877454,0.347276990411,3.54545454545,3.04338842975,1.05689877454,3.54545454545,0.499047619048,0.4,8,0.0484848484848,0.255555555556,11,11,11,1,0,0.0909090909091,0.636363636364,0.272727272727,11,0.118181818182,3.72727272727,2.36363636364,1.3,1.625,1.43336856898,0.6064251638,0.286713286713,0.603022689156,0.510249967747,0.237762237762,1.40129809949,1.18571377649,0.503496503497,2.05382127221,0.551025219373,7,3.72727272727,2.05382127221,7,0,0,0,0,0.22962962963,11,11,11,1,0,0.0909090909091,0.636363636364,0.272727272727,11,18,0.163636363636,3.11363636364,3.27272727273,1.8,2.25,1.42062726223,0.434080552347,0.227272727273,0.924416277737,0.564921058617,0.292929292929,1.68954001271,1.03249667443,0.525252525253,1.14353419474,0.367266456706,3.875,3.11363636364,1.14353419474,3.875,0.366666666667,0.266666666667,4,0.0242424242424,0.221111111111,11,11,11,1,0,0.0909090909091,0.636363636364,0.272727272727,-2,-0.0181818181818,0.0702479338843,-0.363636363636,-0.2,-0.25,-0.268912750482,-0.030542951148,-0.0181818181818,-0.243332138505,-0.0773405703161,-0.0434343434343,-0.250469359339,-0.0345084801933,-0.0111111111111,0.0866354202056,0.0199894662943,0.329545454545,0.0702479338843,0.0866354202056,0.329545454545,-0.132380952381,-0.133333333333,-4,-0.0242424242424,-0.0344444444444,0,0,0,18,0,2,90,0.9,1,0,0.1,1,0.9,0.947368421053,0.938314863257,0.9,0.9,5,7,0,0,0,0
1198,WLNM_dir_neg,0.816326530612,0.687145370969,00:00:00,10,30,34,1173777883,threshold_sweep,0.1,0.714285714286,0.714285714286,0.714285714286,5,2,2,12,0.714285714286,0.857142857143,0.142857142857,0.285714285714,0.714285714286,0.714285714286,0.714285714286,0.809523809524,0.555555555556,0.571428571429,0.571428571429,0.571428571429,20,13,7,0,20,0,13,0,7,11,20,0.181818181818,3.04338842975,3.63636363636,2,2.5,1.68954001271,0.464623503495,0.245454545455,1.16774841624,0.642261628933,0.336363636364,1.94000937205,1.06700515463,0.536363636364,1.05689877454,0.347276990411,3.54545454545,3.04338842975,1.05689877454,3.54545454545,0.499047619048,0.4,8,0.0484848484848,0.255555555556,11,11,11,1,0,0.0909090909091,0.636363636364,0.272727272727,11,0.118181818182,3.72727272727,2.36363636364,1.3,1.625,1.43336856898,0.6064251638,0.286713286713,0.603022689156,0.510249967747,0.237762237762,1.40129809949,1.18571377649,0.503496503497,2.05382127221,0.551025219373,7,3.72727272727,2.05382127221,7,0,0,0,0,0.22962962963,11,11,11,1,0,0.0909090909091,0.636363636364,0.272727272727,11,20,0.181818181818,6.69664031621,3.63636363636,2,2.5,1.96329963443,0.539907399468,0.277272727273,0.873862897505,0.480624593628,0.236363636364,1.83402190926,1.00871205009,0.518181818182,2.65954275027,0.397145826069,8.95652173913,6.69664031621,2.65954275027,8.95652173913,0.366666666667,0.266666666667,4,0.0242424242424,0.215555555556,11,11,11,1,0,0.0909090909091,0.636363636364,0.272727272727,0,0,3.65325188645,0,0,0,0.273759621719,0.0752838959727,0.0318181818182,-0.293885518737,-0.161637035305,-0.1,-0.105987462791,-0.0582931045351,-0.0181818181818,1.60264397573,0.0498688356575,5.41106719368,3.65325188645,1.60264397573,5.41106719368,-0.132380952381,-0.133333333333,-4,-0.0242424242424,-0.04,0,0,0,18,2,2,88,0.9,0.977777777778,0.0222222222222,0.1,0.9,0.9,0.9,0.877777777778,0.877777777778,0.818181818182,7,7,0,0,0,0
1199,WLNM_dir_neg,0.816326530612,0.687145370969,00:00:00,10,30,34,1173777883,threshold_sweep,0.2,0.714285714286,0.714285714286,0.714285714286,5,2,2,12,0.714285714286,0.857142857143,0.142857142857,0.285714285714,0.714285714286,0.714285714286,0.714285714286,0.809523809524,0.555555555556,0.571428571429,0.571428571429,0.571428571429,20,13,7,0,20,0,13,0,7,11,20,0.181818181818,3.04338842975,3.63636363636,2,2.5,1.68954001271,0.464623503495,0.245454545455,1.16774841624,0.642261628933,0.336363636364,1.94000937205,1.06700515463,0.536363636364,1.05689877454,0.347276990411,3.54545454545,3.04338842975,1.05689877454,3.54545454545,0.499047619048,0.4,8,0.0484848484848,0.255555555556,11,11,11,1,0,0.0909090909091,0.636363636364,0.272727272727,11,0.118181818182,3.72727272727,2.36363636364,1.3,1.625,1.43336856898,0.6064251638,0.286713286713,0.603022689156,0.510249967747,0.237762237762,1.40129809949,1.18571377649,0.503496503497,2.05382127221,0.551025219373,7,3.72727272727,2.05382127221,7,0,0,0,0,0.22962962963,11,11,11,1,0,0.0909090909091,0.636363636364,0.272727272727,11,20,0.181818181818,6.69664031621,3.63636363636,2,2.5,1.96329963443,0.539907399468,0.277272727273,0.873862897505,0.480624593628,0.236363636364,1.83402190926,1.00871205009,0.518181818182,2.65954275027,0.397145826069,8.95652173913,6.69664031621,2.65954275027,8.95652173913,0.366666666667,0.266666666667,4,0.0242424242424,0.215555555556,11,11,11,1,0,0.0909090909091,0.636363636364,0.272727272727,0,0,3.65325188645,0,0,0,0.273759621719,0.0752838959727,0.0318181818182,-0.293885518737,-0.161637035305,-0.1,-0.105987462791,-0.0582931045351,-0.0181818181818,1.60264397573,0.0498688356575,5.41106719368,3.65325188645,1.60264397573,5.41106719368,-0.132380952381,-0.133333333333,-4,-0.0242424242424,-0.04,0,0,0,18,2,2,88,0.9,0.977777777778,0.0222222222222,0.1,0.9,0.9,0.9,0.877777777778,0.877777777778,0.818181818182,7,7,0,0,0,0
1200,WLNM_dir_neg,0.816326530612,0.687145370969,00:00:00,10,30,34,1173777883,threshold_sweep,0.3,0.714285714286,0.714285714286,0.714285714286,5,2,2,12,0.714285714286,0.857142857143,0.142857142857,0.285714285714,0.714285714286,0.714285714286,0.714285714286,0.809523809524,0.555555555556,0.571428571429,0.571428571429,0.571428571429,20,13,7,0,20,0,13,0,7,11,20,0.181818181818,3.04338842975,3.63636363636,2,2.5,1.68954001271,0.464623503495,0.245454545455,1.16774841624,0.642261628933,0.336363636364,1.94000937205,1.06700515463,0.536363636364,1.05689877454,0.347276990411,3.54545454545,3.04338842975,1.05689877454,3.54545454545,0.499047619048,0.4,8,0.0484848484848,0.255555555556,11,11,11,1,0,0.0909090909091,0.636363636364,0.272727272727,11,0.118181818182,3.72727272727,2.36363636364,1.3,1.625,1.43336856898,0.6064251638,0.286713286713,0.603022689156,0.510249967747,0.237762237762,1.40129809949,1.18571377649,0.503496503497,2.05382127221,0.551025219373,7,3.72727272727,2.05382127221,7,0,0,0,0,0.22962962963,11,11,11,1,0,0.0909090909091,0.636363636364,0.272727272727,11,20,0.181818181818,6.69664031621,3.63636363636,2,2.5,1.96329963443,0.539907399468,0.277272727273,0.873862897505,0.480624593628,0.236363636364,1.83402190926,1.00871205009,0.518181818182,2.65954275027,0.397145826069,8.95652173913,6.69664031621,2.65954275027,8.95652173913,0.366666666667,0.266666666667,4,0.0242424242424,0.215555555556,11,11,11,1,0,0.0909090909091,0.636363636364,0.272727272727,0,0,3.65325188645,0,0,0,0.273759621719,0.0752838959727,0.0318181818182,-0.293885518737,-0.161637035305,-0.1,-0.105987462791,-0.0582931045351,-0.0181818181818,1.60264397573,0.0498688356575,5.41106719368,3.65325188645,1.60264397573,5.41106719368,-0.132380952381,-0.133333333333,-4,-0.0242424242424,-0.04,0,0,0,18,2,2,88,0.9,0.977777777778,0.0222222222222,0.1,0.9,0.9,0.9,0.877777777778,0.877777777778,0.818181818182,7,7,0,0,0,0
1201,WLNM_dir_neg,0.816326530612,0.687145370969,00:00:00,10,30,34,1173777883,threshold_sweep,0.4,0.714285714286,0.714285714286,0.714285714286,5,2,2,12,0.714285714286,0.857142857143,0.142857142857,0.285714285714,0.714285714286,0.714285714286,0.714285714286,0.809523809524,0.555555555556,0.571428571429,0.571428571429,0.571428571429,20,13,7,0,20,0,13,0,7,11,20,0.181818181818,3.04338842975,3.63636363636,2,2.5,1.68954001271,0.464623503495,0.245454545455,1.16774841624,0.642261628933,0.336363636364,1.94000937205,1.06700515463,0.536363636364,1.05689877454,0.347276990411,3.54545454545,3.04338842975,1.05689877454,3.54545454545,0.499047619048,0.4,8,0.0484848484848,0.255555555556,11,11,11,1,0,0.0909090909091,0.636363636364,0.272727272727,11,0.118181818182,3.72727272727,2.36363636364,1.3,1.625,1.43336856898,0.6064251638,0.286713286713,0.603022689156,0.510249967747,0.237762237762,1.40129809949,1.18571377649,0.503496503497,2.05382127221,0.551025219373,7,3.72727272727,2.05382127221,7,0,0,0,0,0.22962962963,11,11,11,1,0,0.0909090909091,0.636363636364,0.272727272727,11,20,0.181818181818,6.69664031621,3.63636363636,2,2.5,1.96329963443,0.539907399468,0.277272727273,0.873862897505,0.480624593628,0.236363636364,1.83402190926,1.00871205009,0.518181818182,2.65954275027,0.397145826069,8.95652173913,6.69664031621,2.65954275027,8.95652173913,0.366666666667,0.266666666667,4,0.0242424242424,0.215555555556,11,11,11,1,0,0.0909090909091,0.636363636364,0.272727272727,0,0,3.65325188645,0,0,0,0.273759621719,0.0752838959727,0.0318181818182,-0.293885518737,-0.161637035305,-0.1,-0.105987462791,-0.0582931045351,-0.0181818181818,1.60264397573,0.0498688356575,5.41106719368,3.65325188645,1.60264397573,5.41106719368,-0.132380952381,-0.133333333333,-4,-0.0242424242424,-0.04,0,0,0,18,2,2,88,0.9,0.977777777778,0.0222222222222,0.1,0.9,0.9,0.9,0.877777777778,0.877777777778,0.818181818182,7,7,0,0,0,0
1202,WLNM_dir_neg,0.816326530612,0.687145370969,00:00:00,10,30,34,1173777883,threshold_sweep,0.5,0.714285714286,0.714285714286,0.714285714286,5,2,2,12,0.714285714286,0.857142857143,0.142857142857,0.285714285714,0.714285714286,0.714285714286,0.714285714286,0.809523809524,0.555555555556,0.571428571429,0.571428571429,0.571428571429,20,13,7,0,20,0,13,0,7,11,20,0.181818181818,3.04338842975,3.63636363636,2,2.5,1.68954001271,0.464623503495,0.245454545455,1.16774841624,0.642261628933,0.336363636364,1.94000937205,1.06700515463,0.536363636364,1.05689877454,0.347276990411,3.54545454545,3.04338842975,1.05689877454,3.54545454545,0.499047619048,0.4,8,0.0484848484848,0.255555555556,11,11,11,1,0,0.0909090909091,0.636363636364,0.272727272727,11,0.118181818182,3.72727272727,2.36363636364,1.3,1.625,1.43336856898,0.6064251638,0.286713286713,0.603022689156,0.510249967747,0.237762237762,1.40129809949,1.18571377649,0.503496503497,2.05382127221,0.551025219373,7,3.72727272727,2.05382127221,7,0,0,0,0,0.22962962963,11,11,11,1,0,0.0909090909091,0.636363636364,0.272727272727,11,20,0.181818181818,6.69664031621,3.63636363636,2,2.5,1.96329963443,0.539907399468,0.277272727273,0.873862897505,0.480624593628,0.236363636364,1.83402190926,1.00871205009,0.518181818182,2.65954275027,0.397145826069,8.95652173913,6.69664031621,2.65954275027,8.95652173913,0.366666666667,0.266666666667,4,0.0242424242424,0.215555555556,11,11,11,1,0,0.0909090909091,0.636363636364,0.272727272727,0,0,3.65325188645,0,0,0,0.273759621719,0.0752838959727,0.0318181818182,-0.293885518737,-0.161637035305,-0.1,-0.105987462791,-0.0582931045351,-0.0181818181818,1.60264397573,0.0498688356575,5.41106719368,3.65325188645,1.60264397573,5.41106719368,-0.132380952381,-0.133333333333,-4,-0.0242424242424,-0.04,0,0,0,18,2,2,88,0.9,0.977777777778,0.0222222222222,0.1,0.9,0.9,0.9,0.877777777778,0.877777777778,0.818181818182,7,7,0,0,0,0
1203,WLNM_dir_neg,0.816326530612,0.687145370969,00:00:00,10,30,34,1173777883,threshold_sweep,0.6,0.714285714286,0.714285714286,0.714285714286,5,2,2,12,0.714285714286,0.857142857143,0.142857142857,0.285714285714,0.714285714286,0.714285714286,0.714285714286,0.809523809524,0.555555555556,0.571428571429,0.571428571429,0.571428571429,20,13,7,0,20,0,13,0,7,11,20,0.181818181818,3.04338842975,3.63636363636,2,2.5,1.68954001271,0.464623503495,0.245454545455,1.16774841624,0.642261628933,0.336363636364,1.94000937205,1.06700515463,0.536363636364,1.05689877454,0.347276990411,3.54545454545,3.04338842975,1.05689877454,3.54545454545,0.499047619048,0.4,8,0.0484848484848,0.255555555556,11,11,11,1,0,0.0909090909091,0.636363636364,0.272727272727,11,0.118181818182,3.72727272727,2.36363636364,1.3,1.625,1.43336856898,0.6064251638,0.286713286713,0.603022689156,0.510249967747,0.237762237762,1.40129809949,1.18571377649,0.503496503497,2.05382127221,0.551025219373,7,3.72727272727,2.05382127221,7,0,0,0,0,0.22962962963,11,11,11,1,0,0.0909090909091,0.636363636364,0.272727272727,11,20,0.181818181818,6.69664031621,3.63636363636,2,2.5,1.96329963443,0.539907399468,0.277272727273,0.873862897505,0.480624593628,0.236363636364,1.83402190926,1.00871205009,0.518181818182,2.65954275027,0.397145826069,8.95652173913,6.69664031621,2.65954275027,8.95652173913,0.366666666667,0.266666666667,4,0.0242424242424,0.215555555556,11,11,11,1,0,0.0909090909091,0.636363636364,0.272727272727,0,0,3.65325188645,0,0,0,0.273759621719,0.0752838959727,0.0318181818182,-0.293885518737,-0.161637035305,-0.1,-0.105987462791,-0.0582931045351,-0.0181818181818,1.60264397573,0.0498688356575,5.41106719368,3.65325188645,1.60264397573,5.41106719368,-0.132380952381,-0.133333333333,-4,-0.0242424242424,-0.04,0,0,0,18,2,2,88,0.9,0.977777777778,0.0222222222222,0.1,0.9,0.9,0.9,0.877777777778,0.877777777778,0.818181818182,7,7,0,0,0,0
1204,WLNM_dir_neg,0.816326530612,0.687145370969,00:00:00,10,30,34,1173777883,threshold_sweep,0.7,0.714285714286,0.714285714286,0.714285714286,5,2,2,12,0.714285714286,0.857142857143,0.142857142857,0.285714285714,0.714285714286,0.714285714286,0.714285714286,0.809523809524,0.555555555556,0.571428571429,0.571428571429,0.571428571429,20,13,7,0,20,0,13,0,7,11,20,0.181818181818,3.04338842975,3.63636363636,2,2.5,1.68954001271,0.464623503495,0.245454545455,1.16774841624,0.642261628933,0.336363636364,1.94000937205,1.06700515463,0.536363636364,1.05689877454,0.347276990411,3.54545454545,3.04338842975,1.05689877454,3.54545454545,0.499047619048,0.4,8,0.0484848484848,0.255555555556,11,11,11,1,0,0.0909090909091,0.636363636364,0.272727272727,11,0.118181818182,3.72727272727,2.36363636364,1.3,1.625,1.43336856898,0.6064251638,0.286713286713,0.603022689156,0.510249967747,0.237762237762,1.40129809949,1.18571377649,0.503496503497,2.05382127221,0.551025219373,7,3.72727272727,2.05382127221,7,0,0,0,0,0.22962962963,11,11,11,1,0,0.0909090909091,0.636363636364,0.272727272727,11,20,0.181818181818,6.69664031621,3.63636363636,2,2.5,1.96329963443,0.539907399468,0.277272727273,0.873862897505,0.480624593628,0.236363636364,1.83402190926,1.00871205009,0.518181818182,2.65954275027,0.397145826069,8.95652173913,6.69664031621,2.65954275027,8.95652173913,0.366666666667,0.266666666667,4,0.0242424242424,0.215555555556,11,11,11,1,0,0.0909090909091,0.636363636364,0.272727272727,0,0,3.65325188645,0,0,0,0.273759621719,0.0752838959727,0.0318181818182,-0.293885518737,-0.161637035305,-0.1,-0.105987462791,-0.0582931045351,-0.0181818181818,1.60264397573,0.0498688356575,5.41106719368,3.65325188645,1.60264397573,5.41106719368,-0.132380952381,-0.133333333333,-4,-0.0242424242424,-0.04,0,0,0,18,2,2,88,0.9,0.977777777778,0.0222222222222,0.1,0.9,0.9,0.9,0.877777777778,0.877777777778,0.818181818182,7,7,0,0,0,0
1205,WLNM_dir_neg,0.816326530612,0.687145370969,00:00:00,10,30,34,1173777883,threshold_sweep,0.8,0.714285714286,0.714285714286,0.714285714286,5,2,2,12,0.714285714286,0.857142857143,0.142857142857,0.285714285714,0.714285714286,0.714285714286,0.714285714286,0.809523809524,0.555555555556,0.571428571429,0.571428571429,0.571428571429,20,13,7,0,20,0,13,0,7,11,20,0.181818181818,3.04338842975,3.63636363636,2,2.5,1.68954001271,0.464623503495,0.245454545455,1.16774841624,0.642261628933,0.336363636364,1.94000937205,1.06700515463,0.536363636364,1.05689877454,0.347276990411,3.54545454545,3.04338842975,1.05689877454,3.54545454545,0.499047619048,0.4,8,0.0484848484848,0.255555555556,11,11,11,1,0,0.0909090909091,0.636363636364,0.272727272727,11,0.118181818182,3.72727272727,2.36363636364,1.3,1.625,1.43336856898,0.6064251638,0.286713286713,0.603022689156,0.510249967747,0.237762237762,1.40129809949,1.18571377649,0.503496503497,2.05382127221,0.551025219373,7,3.72727272727,2.05382127221,7,0,0,0,0,0.22962962963,11,11,11,1,0,0.0909090909091,0.636363636364,0.272727272727,11,20,0.181818181818,6.69664031621,3.63636363636,2,2.5,1.96329963443,0.539907399468,0.277272727273,0.873862897505,0.480624593628,0.236363636364,1.83402190926,1.00871205009,0.518181818182,2.65954275027,0.397145826069,8.95652173913,6.69664031621,2.65954275027,8.95652173913,0.366666666667,0.266666666667,4,0.0242424242424,0.215555555556,11,11,11,1,0,0.0909090909091,0.636363636364,0.272727272727,0,0,3.65325188645,0,0,0,0.273759621719,0.0752838959727,0.0318181818182,-0.293885518737,-0.161637035305,-0.1,-0.105987462791,-0.0582931045351,-0.0181818181818,1.60264397573,0.0498688356575,5.41106719368,3.65325188645,1.60264397573,5.41106719368,-0.132380952381,-0.133333333333,-4,-0.0242424242424,-0.04,0,0,0,18,2,2,88,0.9,0.977777777778,0.0222222222222,0.1,0.9,0.9,0.9,0.877777777778,0.877777777778,0.818181818182,7,7,0,0,0,0
1206,WLNM_dir_neg,0.816326530612,0.687145370969,00:00:00,10,30,34,1173777883,threshold_sweep,0.9,0.833333333333,0.714285714286,0.769230769231,5,1,2,13,0.714285714286,0.928571428571,0.0714285714286,0.285714285714,0.833333333333,0.714285714286,0.769230769231,0.857142857143,0.571428571429,0.666666666667,0.67082039325,0.642857142857,20,13,7,0,20,0,13,0,7,11,20,0.181818181818,3.04338842975,3.63636363636,2,2.5,1.68954001271,0.464623503495,0.245454545455,1.16774841624,0.642261628933,0.336363636364,1.94000937205,1.06700515463,0.536363636364,1.05689877454,0.347276990411,3.54545454545,3.04338842975,1.05689877454,3.54545454545,0.499047619048,0.4,8,0.0484848484848,0.255555555556,11,11,11,1,0,0.0909090909091,0.636363636364,0.272727272727,11,0.118181818182,3.72727272727,2.36363636364,1.3,1.625,1.43336856898,0.6064251638,0.286713286713,0.603022689156,0.510249967747,0.237762237762,1.40129809949,1.18571377649,0.503496503497,2.05382127221,0.551025219373,7,3.72727272727,2.05382127221,7,0,0,0,0,0.22962962963,11,11,11,1,0,0.0909090909091,0.636363636364,0.272727272727,11,19,0.172727272727,4.70454545455,3.45454545455,1.9,2.375,1.7529196424,0.507424107012,0.258373205742,0.904534033733,0.523677598477,0.267942583732,1.84883255547,1.07037674264,0.535885167464,1.66608891501,0.354144503674,5.875,4.70454545455,1.66608891501,5.875,0.366666666667,0.266666666667,4,0.0242424242424,0.23962962963,11,11,11,1,0,0.0909090909091,0.636363636364,0.272727272727,-1,-0.00909090909091,1.66115702479,-0.181818181818,-0.1,-0.125,0.0633796296952,0.0428006035168,0.0129186602871,-0.263214382509,-0.118584030456,-0.0684210526316,-0.0911768165742,0.00337158801632,-0.000478468899521,0.609190140475,0.00686751326282,2.32954545455,1.66115702479,0.609190140475,2.32954545455,-0.132380952381,-0.133333333333,-4,-0.0242424242424,-0.0159259259259,0,0,0,18,1,2,89,0.9,0.988888888889,0.0111111111111,0.1,0.947368421053,0.9,0.923076923077,0.906956031802,0.888888888889,0.857142857143,6,7,0,0,0,0
1207,WLNM_dir_neg,0.918367346939,0.607339089482,00:00:01,10,30,35,1173777884,threshold_sweep,0.1,1,0.571428571429,0.727272727273,4,0,3,14,0.571428571429,1,0,0.428571428571,1,0.571428571429,0.727272727273,0.857142857143,0.603174603175,0.64,0.68599434057,0.571428571429,20,13,7,0,20,0,13,0,7,11,20,0.181818181818,3.04338842975,3.63636363636,2,2.5,1.68954001271,0.464623503495,0.245454545455,1.16774841624,0.642261628933,0.336363636364,1.94000937205,1.06700515463,0.536363636364,1.05689877454,0.347276990411,3.54545454545,3.04338842975,1.05689877454,3.54545454545,0.499047619048,0.4,8,0.0484848484848,0.255555555556,11,11,11,1,0,0.0909090909091,0.636363636364,0.272727272727,11,0.118181818182,3.72727272727,2.36363636364,1.3,1.625,1.43336856898,0.6064251638,0.286713286713,0.603022689156,0.510249967747,0.237762237762,1.40129809949,1.18571377649,0.503496503497,2.05382127221,0.551025219373,7,3.72727272727,2.05382127221,7,0,0,0,0,0.22962962963,11,11,11,1,0,0.0909090909091,0.636363636364,0.272727272727,11,17,0.154545454545,3.15909090909,3.09090909091,1.7,2.125,1.30034960334,0.420701342257,0.208556149733,0.820199532265,0.530717344407,0.267379679144,1.57249078621,1.01749403814,0.513368983957,1.21589847064,0.38488872452,4,3.15909090909,1.21589847064,4,0.296666666667,0.230769230769,3,0.0181818181818,0.203703703704,11,11,11,1,0,0.0909090909091,0.636363636364,0.272727272727,-3,-0.0272727272727,0.115702479339,-0.545454545455,-0.3,-0.375,-0.389190409368,-0.0439221612377,-0.0368983957219,-0.347548883978,-0.111544284527,-0.0689839572193,-0.367518585835,-0.0495111164884,-0.0229946524064,0.158999696105,0.0376117341084,0.454545454545,0.115702479339,0.158999696105,0.454545454545,-0.202380952381,-0.169230769231,-5,-0.030303030303,-0.0518518518519,0,0,0,17,0,3,90,0.85,1,0,0.15,1,0.85,0.918918918919,0.906962317388,0.85,0.85,4,7,0,0,0,0
1208,WLNM_dir_neg,0.918367346939,0.607339089482,00:00:01,10,30,35,1173777884,threshold_sweep,0.2,1,0.428571428571,0.6,3,0,4,14,0.428571428571,1,0,0.571428571429,1,0.428571428571,0.6,0.809523809524,0.619047619048,0.5,0.57735026919,0.428571428571,20,13,7,0,20,0,13,0,7,11,20,0.181818181818,3.04338842975,3.63636363636,2,2.5,1.68954001271,0.464623503495,0.245454545455,1.16774841624,0.642261628933,0.336363636364,1.94000937205,1.06700515463,0.536363636364,1.05689877454,0.347276990411,3.54545454545,3.04338842975,1.05689877454,3.54545454545,0.499047619048,0.4,8,0.0484848484848,0.255555555556,11,11,11,1,0,0.0909090909091,0.636363636364,0.272727272727,11,0.118181818182,3.72727272727,2.36363636364,1.3,1.625,1.43336856898,0.6064251638,0.286713286713,0.603022689156,0.510249967747,0.237762237762,1.40129809949,1.18571377649,0.503496503497,2.05382127221,0.551025219373,7,3.72727272727,2.05382127221,7,0,0,0,0,0.22962962963,11,11,11,1,0,0.0909090909091,0.636363636364,0.272727272727,11,16,0.145454545455,3.25,2.90909090909,1.6,2,1.22102788294,0.41972833476,0.181818181818,0.687551650952,0.47269176003,0.227272727273,1.50755672289,1.03644524699,0.511363636364,1.3758835545,0.423348786001,4.66666666667,3.25,1.3758835545,4.66666666667,0.213333333333,0.176470588235,2,0.0121212121212,0.192592592593,11,11,11,1,0,0.0909090909091,0.636363636364,0.272727272727,-4,-0.0363636363636,0.206611570248,-0.727272727273,-0.4,-0.5,-0.468512129772,-0.0448951687355,-0.0636363636364,-0.48019676529,-0.169569868904,-0.109090909091,-0.43245264916,-0.0305599076407,-0.025,0.318984779967,0.07607179559,1.12121212121,0.206611570248,0.318984779967,1.12121212121,-0.285714285714,-0.223529411765,-6,-0.0363636363636,-0.062962962963,0,0,0,16,0,4,90,0.8,1,0,0.2,1,0.8,0.888888888889,0.875189948987,0.8,0.8,3,7,0,0,0,0
1209,WLNM_dir_neg,0.918367346939,0.607339089482,00:00:01,10,30,35,1173777884,threshold_sweep,0.3,1,0.428571428571,0.6,3,0,4,14,0.428571428571,1,0,0.571428571429,1,0.428571428571,0.6,0.809523809524,0.619047619048,0.5,0.57735026919,0.428571428571,20,13,7,0,20,0,13,0,7,11,20,0.181818181818,3.04338842975,3.63636363636,2,2.5,1.68954001271,0.464623503495,0.245454545455,1.16774841624,0.642261628933,0.336363636364,1.94000937205,1.06700515463,0.536363636364,1.05689877454,0.347276990411,3.54545454545,3.04338842975,1.05689877454,3.54545454545,0.499047619048,0.4,8,0.0484848484848,0.255555555556,11,11,11,1,0,0.0909090909091,0.636363636364,0.272727272727,11,0.118181818182,3.72727272727,2.36363636364,1.3,1.625,1.43336856898,0.6064251638,0.286713286713,0.603022689156,0.510249967747,0.237762237762,1.40129809949,1.18571377649,0.503496503497,2.05382127221,0.551025219373,7,3.72727272727,2.05382127221,7,0,0,0,0,0.22962962963,11,11,11,1,0,0.0909090909091,0.636363636364,0.272727272727,11,16,0.145454545455,3.25,2.90909090909,1.6,2,1.22102788294,0.41972833476,0.181818181818,0.687551650952,0.47269176003,0.227272727273,1.50755672289,1.03644524699,0.511363636364,1.3758835545,0.423348786001,4.66666666667,3.25,1.3758835545,4.66666666667,0.213333333333,0.176470588235,2,0.0121212121212,0.192592592593,11,11,11,1,0,0.0909090909091,0.636363636364,0.272727272727,-4,-0.0363636363636,0.206611570248,-0.727272727273,-0.4,-0.5,-0.468512129772,-0.0448951687355,-0.0636363636364,-0.48019676529,-0.169569868904,-0.109090909091,-0.43245264916,-0.0305599076407,-0.025,0.318984779967,0.07607179559,1.12121212121,0.206611570248,0.318984779967,1.12121212121,-0.285714285714,-0.223529411765,-6,-0.0363636363636,-0.062962962963,0,0,0,16,0,4,90,0.8,1,0,0.2,1,0.8,0.888888888889,0.875189948987,0.8,0.8,3,7,0,0,0,0
1210,WLNM_dir_neg,0.918367346939,0.607339089482,00:00:01,10,30,35,1173777884,threshold_sweep,0.4,1,0.428571428571,0.6,3,0,4,14,0.428571428571,1,0,0.571428571429,1,0.428571428571,0.6,0.809523809524,0.619047619048,0.5,0.57735026919,0.428571428571,20,13,7,0,20,0,13,0,7,11,20,0.181818181818,3.04338842975,3.63636363636,2,2.5,1.68954001271,0.464623503495,0.245454545455,1.16774841624,0.642261628933,0.336363636364,1.94000937205,1.06700515463,0.536363636364,1.05689877454,0.347276990411,3.54545454545,3.04338842975,1.05689877454,3.54545454545,0.499047619048,0.4,8,0.0484848484848,0.255555555556,11,11,11,1,0,0.0909090909091,0.636363636364,0.272727272727,11,0.118181818182,3.72727272727,2.36363636364,1.3,1.625,1.43336856898,0.6064251638,0.286713286713,0.603022689156,0.510249967747,0.237762237762,1.40129809949,1.18571377649,0.503496503497,2.05382127221,0.551025219373,7,3.72727272727,2.05382127221,7,0,0,0,0,0.22962962963,11,11,11,1,0,0.0909090909091,0.636363636364,0.272727272727,11,16,0.145454545455,3.25,2.90909090909,1.6,2,1.22102788294,0.41972833476,0.181818181818,0.687551650952,0.47269176003,0.227272727273,1.50755672289,1.03644524699,0.511363636364,1.3758835545,0.423348786001,4.66666666667,3.25,1.3758835545,4.66666666667,0.213333333333,0.176470588235,2,0.0121212121212,0.192592592593,11,11,11,1,0,0.0909090909091,0.636363636364,0.272727272727,-4,-0.0363636363636,0.206611570248,-0.727272727273,-0.4,-0.5,-0.468512129772,-0.0448951687355,-0.0636363636364,-0.48019676529,-0.169569868904,-0.109090909091,-0.43245264916,-0.0305599076407,-0.025,0.318984779967,0.07607179559,1.12121212121,0.206611570248,0.318984779967,1.12121212121,-0.285714285714,-0.223529411765,-6,-0.0363636363636,-0.062962962963,0,0,0,16,0,4,90,0.8,1,0,0.2,1,0.8,0.888888888889,0.875189948987,0.8,0.8,3,7,0,0,0,0
1211,WLNM_dir_neg,0.918367346939,0.607339089482,00:00:01,10,30,35,1173777884,threshold_sweep,0.5,1,0.428571428571,0.6,3,0,4,14,0.428571428571,1,0,0.571428571429,1,0.428571428571,0.6,0.809523809524,0.619047619048,0.5,0.57735026919,0.428571428571,20,13,7,0,20,0,13,0,7,11,20,0.181818181818,3.04338842975,3.63636363636,2,2.5,1.68954001271,0.464623503495,0.245454545455,1.16774841624,0.642261628933,0.336363636364,1.94000937205,1.06700515463,0.536363636364,1.05689877454,0.347276990411,3.54545454545,3.04338842975,1.05689877454,3.54545454545,0.499047619048,0.4,8,0.0484848484848,0.255555555556,11,11,11,1,0,0.0909090909091,0.636363636364,0.272727272727,11,0.118181818182,3.72727272727,2.36363636364,1.3,1.625,1.43336856898,0.6064251638,0.286713286713,0.603022689156,0.510249967747,0.237762237762,1.40129809949,1.18571377649,0.503496503497,2.05382127221,0.551025219373,7,3.72727272727,2.05382127221,7,0,0,0,0,0.22962962963,11,11,11,1,0,0.0909090909091,0.636363636364,0.272727272727,11,16,0.145454545455,3.25,2.90909090909,1.6,2,1.22102788294,0.41972833476,0.181818181818,0.687551650952,0.47269176003,0.227272727273,1.50755672289,1.03644524699,0.511363636364,1.3758835545,0.423348786001,4.66666666667,3.25,1.3758835545,4.66666666667,0.213333333333,0.176470588235,2,0.0121212121212,0.192592592593,11,11,11,1,0,0.0909090909091,0.636363636364,0.272727272727,-4,-0.0363636363636,0.206611570248,-0.727272727273,-0.4,-0.5,-0.468512129772,-0.0448951687355,-0.0636363636364,-0.48019676529,-0.169569868904,-0.109090909091,-0.43245264916,-0.0305599076407,-0.025,0.318984779967,0.07607179559,1.12121212121,0.206611570248,0.318984779967,1.12121212121,-0.285714285714,-0.223529411765,-6,-0.0363636363636,-0.062962962963,0,0,0,16,0,4,90,0.8,1,0,0.2,1,0.8,0.888888888889,0.875189948987,0.8,0.8,3,7,0,0,0,0
1212,WLNM_dir_neg,0.918367346939,0.607339089482,00:00:01,10,30,35,1173777884,threshold_sweep,0.6,1,0.428571428571,0.6,3,0,4,14,0.428571428571,1,0,0.571428571429,1,0.428571428571,0.6,0.809523809524,0.619047619048,0.5,0.57735026919,0.428571428571,20,13,7,0,20,0,13,0,7,11,20,0.181818181818,3.04338842975,3.63636363636,2,2.5,1.68954001271,0.464623503495,0.245454545455,1.16774841624,0.642261628933,0.336363636364,1.94000937205,1.06700515463,0.536363636364,1.05689877454,0.347276990411,3.54545454545,3.04338842975,1.05689877454,3.54545454545,0.499047619048,0.4,8,0.0484848484848,0.255555555556,11,11,11,1,0,0.0909090909091,0.636363636364,0.272727272727,11,0.118181818182,3.72727272727,2.36363636364,1.3,1.625,1.43336856898,0.6064251638,0.286713286713,0.603022689156,0.510249967747,0.237762237762,1.40129809949,1.18571377649,0.503496503497,2.05382127221,0.551025219373,7,3.72727272727,2.05382127221,7,0,0,0,0,0.22962962963,11,11,11,1,0,0.0909090909091,0.636363636364,0.272727272727,11,16,0.145454545455,3.25,2.90909090909,1.6,2,1.22102788294,0.41972833476,0.181818181818,0.687551650952,0.47269176003,0.227272727273,1.50755672289,1.03644524699,0.511363636364,1.3758835545,0.423348786001,4.66666666667,3.25,1.3758835545,4.66666666667,0.213333333333,0.176470588235,2,0.0121212121212,0.192592592593,11,11,11,1,0,0.0909090909091,0.636363636364,0.272727272727,-4,-0.0363636363636,0.206611570248,-0.727272727273,-0.4,-0.5,-0.468512129772,-0.0448951687355,-0.0636363636364,-0.48019676529,-0.169569868904,-0.109090909091,-0.43245264916,-0.0305599076407,-0.025,0.318984779967,0.07607179559,1.12121212121,0.206611570248,0.318984779967,1.12121212121,-0.285714285714,-0.223529411765,-6,-0.0363636363636,-0.062962962963,0,0,0,16,0,4,90,0.8,1,0,0.2,1,0.8,0.888888888889,0.875189948987,0.8,0.8,3,7,0,0,0,0
1213,WLNM_dir_neg,0.918367346939,0.607339089482,00:00:01,10,30,35,1173777884,threshold_sweep,0.7,1,0.428571428571,0.6,3,0,4,14,0.428571428571,1,0,0.571428571429,1,0.428571428571,0.6,0.809523809524,0.619047619048,0.5,0.57735026919,0.428571428571,20,13,7,0,20,0,13,0,7,11,20,0.181818181818,3.04338842975,3.63636363636,2,2.5,1.68954001271,0.464623503495,0.245454545455,1.16774841624,0.642261628933,0.336363636364,1.94000937205,1.06700515463,0.536363636364,1.05689877454,0.347276990411,3.54545454545,3.04338842975,1.05689877454,3.54545454545,0.499047619048,0.4,8,0.0484848484848,0.255555555556,11,11,11,1,0,0.0909090909091,0.636363636364,0.272727272727,11,0.118181818182,3.72727272727,2.36363636364,1.3,1.625,1.43336856898,0.6064251638,0.286713286713,0.603022689156,0.510249967747,0.237762237762,1.40129809949,1.18571377649,0.503496503497,2.05382127221,0.551025219373,7,3.72727272727,2.05382127221,7,0,0,0,0,0.22962962963,11,11,11,1,0,0.0909090909091,0.636363636364,0.272727272727,11,16,0.145454545455,3.25,2.90909090909,1.6,2,1.22102788294,0.41972833476,0.181818181818,0.687551650952,0.47269176003,0.227272727273,1.50755672289,1.03644524699,0.511363636364,1.3758835545,0.423348786001,4.66666666667,3.25,1.3758835545,4.66666666667,0.213333333333,0.176470588235,2,0.0121212121212,0.192592592593,11,11,11,1,0,0.0909090909091,0.636363636364,0.272727272727,-4,-0.0363636363636,0.206611570248,-0.727272727273,-0.4,-0.5,-0.468512129772,-0.0448951687355,-0.0636363636364,-0.48019676529,-0.169569868904,-0.109090909091,-0.43245264916,-0.0305599076407,-0.025,0.318984779967,0.07607179559,1.12121212121,0.206611570248,0.318984779967,1.12121212121,-0.285714285714,-0.223529411765,-6,-0.0363636363636,-0.062962962963,0,0,0,16,0,4,90,0.8,1,0,0.2,1,0.8,0.888888888889,0.875189948987,0.8,0.8,3,7,0,0,0,0
1214,WLNM_dir_neg,0.918367346939,0.607339089482,00:00:01,10,30,35,1173777884,threshold_sweep,0.8,1,0.428571428571,0.6,3,0,4,14,0.428571428571,1,0,0.571428571429,1,0.428571428571,0.6,0.809523809524,0.619047619048,0.5,0.57735026919,0.428571428571,20,13,7,0,20,0,13,0,7,11,20,0.181818181818,3.04338842975,3.63636363636,2,2.5,1.68954001271,0.464623503495,0.245454545455,1.16774841624,0.642261628933,0.336363636364,1.94000937205,1.06700515463,0.536363636364,1.05689877454,0.347276990411,3.54545454545,3.04338842975,1.05689877454,3.54545454545,0.499047619048,0.4,8,0.0484848484848,0.255555555556,11,11,11,1,0,0.0909090909091,0.636363636364,0.272727272727,11,0.118181818182,3.72727272727,2.36363636364,1.3,1.625,1.43336856898,0.6064251638,0.286713286713,0.603022689156,0.510249967747,0.237762237762,1.40129809949,1.18571377649,0.503496503497,2.05382127221,0.551025219373,7,3.72727272727,2.05382127221,7,0,0,0,0,0.22962962963,11,11,11,1,0,0.0909090909091,0.636363636364,0.272727272727,11,16,0.145454545455,3.25,2.90909090909,1.6,2,1.22102788294,0.41972833476,0.181818181818,0.687551650952,0.47269176003,0.227272727273,1.50755672289,1.03644524699,0.511363636364,1.3758835545,0.423348786001,4.66666666667,3.25,1.3758835545,4.66666666667,0.213333333333,0.176470588235,2,0.0121212121212,0.192592592593,11,11,11,1,0,0.0909090909091,0.636363636364,0.272727272727,-4,-0.0363636363636,0.206611570248,-0.727272727273,-0.4,-0.5,-0.468512129772,-0.0448951687355,-0.0636363636364,-0.48019676529,-0.169569868904,-0.109090909091,-0.43245264916,-0.0305599076407,-0.025,0.318984779967,0.07607179559,1.12121212121,0.206611570248,0.318984779967,1.12121212121,-0.285714285714,-0.223529411765,-6,-0.0363636363636,-0.062962962963,0,0,0,16,0,4,90,0.8,1,0,0.2,1,0.8,0.888888888889,0.875189948987,0.8,0.8,3,7,0,0,0,0
1215,WLNM_dir_neg,0.918367346939,0.607339089482,00:00:01,10,30,35,1173777884,threshold_sweep,0.9,1,0.428571428571,0.6,3,0,4,14,0.428571428571,1,0,0.571428571429,1,0.428571428571,0.6,0.809523809524,0.619047619048,0.5,0.57735026919,0.428571428571,20,13,7,0,20,0,13,0,7,11,20,0.181818181818,3.04338842975,3.63636363636,2,2.5,1.68954001271,0.464623503495,0.245454545455,1.16774841624,0.642261628933,0.336363636364,1.94000937205,1.06700515463,0.536363636364,1.05689877454,0.347276990411,3.54545454545,3.04338842975,1.05689877454,3.54545454545,0.499047619048,0.4,8,0.0484848484848,0.255555555556,11,11,11,1,0,0.0909090909091,0.636363636364,0.272727272727,11,0.118181818182,3.72727272727,2.36363636364,1.3,1.625,1.43336856898,0.6064251638,0.286713286713,0.603022689156,0.510249967747,0.237762237762,1.40129809949,1.18571377649,0.503496503497,2.05382127221,0.551025219373,7,3.72727272727,2.05382127221,7,0,0,0,0,0.22962962963,11,11,11,1,0,0.0909090909091,0.636363636364,0.272727272727,11,16,0.145454545455,3.25,2.90909090909,1.6,2,1.22102788294,0.41972833476,0.181818181818,0.687551650952,0.47269176003,0.227272727273,1.50755672289,1.03644524699,0.511363636364,1.3758835545,0.423348786001,4.66666666667,3.25,1.3758835545,4.66666666667,0.213333333333,0.176470588235,2,0.0121212121212,0.192592592593,11,11,11,1,0,0.0909090909091,0.636363636364,0.272727272727,-4,-0.0363636363636,0.206611570248,-0.727272727273,-0.4,-0.5,-0.468512129772,-0.0448951687355,-0.0636363636364,-0.48019676529,-0.169569868904,-0.109090909091,-0.43245264916,-0.0305599076407,-0.025,0.318984779967,0.07607179559,1.12121212121,0.206611570248,0.318984779967,1.12121212121,-0.285714285714,-0.223529411765,-6,-0.0363636363636,-0.062962962963,0,0,0,16,0,4,90,0.8,1,0,0.2,1,0.8,0.888888888889,0.875189948987,0.8,0.8,3,7,0,0,0,0
1216,WLNM_dir_neg,0.80612244898,0.681707683073,00:00:01,10,30,36,1173777885,threshold_sweep,0.1,0.625,0.714285714286,0.666666666667,5,3,2,11,0.714285714286,0.785714285714,0.214285714286,0.285714285714,0.625,0.714285714286,0.666666666667,0.761904761905,0.539682539683,0.48275862069,0.485362671697,0.5,20,13,7,0,20,0,13,0,7,11,20,0.181818181818,3.04338842975,3.63636363636,2,2.5,1.68954001271,0.464623503495,0.245454545455,1.16774841624,0.642261628933,0.336363636364,1.94000937205,1.06700515463,0.536363636364,1.05689877454,0.347276990411,3.54545454545,3.04338842975,1.05689877454,3.54545454545,0.499047619048,0.4,8,0.0484848484848,0.255555555556,11,11,11,1,0,0.0909090909091,0.636363636364,0.272727272727,11,0.118181818182,3.72727272727,2.36363636364,1.3,1.625,1.43336856898,0.6064251638,0.286713286713,0.603022689156,0.510249967747,0.237762237762,1.40129809949,1.18571377649,0.503496503497,2.05382127221,0.551025219373,7,3.72727272727,2.05382127221,7,0,0,0,0,0.22962962963,11,11,11,1,0,0.0909090909091,0.636363636364,0.272727272727,11,21,0.190909090909,4.8851010101,3.81818181818,2.1,2.625,1.72152152575,0.450874685317,0.238095238095,1.04446593573,0.547101204432,0.285714285714,1.86839746599,0.978684386946,0.510822510823,1.69331805582,0.346629077335,5.875,4.8851010101,1.69331805582,5.875,0.416666666667,0.321428571429,6,0.0363636363636,0.23,11,11,11,1,0,0.0909090909091,0.636363636364,0.272727272727,1,0.00909090909091,1.84171258035,0.181818181818,0.1,0.125,0.0319815130454,-0.0137488181784,-0.00735930735931,-0.123282480508,-0.0951604245011,-0.0506493506494,-0.0716119060609,-0.0883207676808,-0.0255411255411,0.636419281281,-0.000647913076638,2.32954545455,1.84171258035,0.636419281281,2.32954545455,-0.082380952381,-0.0785714285714,-2,-0.0121212121212,-0.0255555555556,0,0,0,18,3,2,87,0.9,0.966666666667,0.0333333333333,0.1,0.857142857143,0.9,0.878048780488,0.850518363956,0.866666666667,0.782608695652,8,7,0,0,0,0
1217,WLNM_dir_neg,0.80612244898,0.681707683073,00:00:01,10,30,36,1173777885,threshold_sweep,0.2,0.625,0.714285714286,0.666666666667,5,3,2,11,0.714285714286,0.785714285714,0.214285714286,0.285714285714,0.625,0.714285714286,0.666666666667,0.761904761905,0.539682539683,0.48275862069,0.485362671697,0.5,20,13,7,0,20,0,13,0,7,11,20,0.181818181818,3.04338842975,3.63636363636,2,2.5,1.68954001271,0.464623503495,0.245454545455,1.16774841624,0.642261628933,0.336363636364,1.94000937205,1.06700515463,0.536363636364,1.05689877454,0.347276990411,3.54545454545,3.04338842975,1.05689877454,3.54545454545,0.499047619048,0.4,8,0.0484848484848,0.255555555556,11,11,11,1,0,0.0909090909091,0.636363636364,0.272727272727,11,0.118181818182,3.72727272727,2.36363636364,1.3,1.625,1.43336856898,0.6064251638,0.286713286713,0.603022689156,0.510249967747,0.237762237762,1.40129809949,1.18571377649,0.503496503497,2.05382127221,0.551025219373,7,3.72727272727,2.05382127221,7,0,0,0,0,0.22962962963,11,11,11,1,0,0.0909090909091,0.636363636364,0.272727272727,11,21,0.190909090909,4.8851010101,3.81818181818,2.1,2.625,1.72152152575,0.450874685317,0.238095238095,1.04446593573,0.547101204432,0.285714285714,1.86839746599,0.978684386946,0.510822510823,1.69331805582,0.346629077335,5.875,4.8851010101,1.69331805582,5.875,0.416666666667,0.321428571429,6,0.0363636363636,0.23,11,11,11,1,0,0.0909090909091,0.636363636364,0.272727272727,1,0.00909090909091,1.84171258035,0.181818181818,0.1,0.125,0.0319815130454,-0.0137488181784,-0.00735930735931,-0.123282480508,-0.0951604245011,-0.0506493506494,-0.0716119060609,-0.0883207676808,-0.0255411255411,0.636419281281,-0.000647913076638,2.32954545455,1.84171258035,0.636419281281,2.32954545455,-0.082380952381,-0.0785714285714,-2,-0.0121212121212,-0.0255555555556,0,0,0,18,3,2,87,0.9,0.966666666667,0.0333333333333,0.1,0.857142857143,0.9,0.878048780488,0.850518363956,0.866666666667,0.782608695652,8,7,0,0,0,0
1218,WLNM_dir_neg,0.80612244898,0.681707683073,00:00:01,10,30,36,1173777885,threshold_sweep,0.3,0.625,0.714285714286,0.666666666667,5,3,2,11,0.714285714286,0.785714285714,0.214285714286,0.285714285714,0.625,0.714285714286,0.666666666667,0.761904761905,0.539682539683,0.48275862069,0.485362671697,0.5,20,13,7,0,20,0,13,0,7,11,20,0.181818181818,3.04338842975,3.63636363636,2,2.5,1.68954001271,0.464623503495,0.245454545455,1.16774841624,0.642261628933,0.336363636364,1.94000937205,1.06700515463,0.536363636364,1.05689877454,0.347276990411,3.54545454545,3.04338842975,1.05689877454,3.54545454545,0.499047619048,0.4,8,0.0484848484848,0.255555555556,11,11,11,1,0,0.0909090909091,0.636363636364,0.272727272727,11,0.118181818182,3.72727272727,2.36363636364,1.3,1.625,1.43336856898,0.6064251638,0.286713286713,0.603022689156,0.510249967747,0.237762237762,1.40129809949,1.18571377649,0.503496503497,2.05382127221,0.551025219373,7,3.72727272727,2.05382127221,7,0,0,0,0,0.22962962963,11,11,11,1,0,0.0909090909091,0.636363636364,0.272727272727,11,21,0.190909090909,4.8851010101,3.81818181818,2.1,2.625,1.72152152575,0.450874685317,0.238095238095,1.04446593573,0.547101204432,0.285714285714,1.86839746599,0.978684386946,0.510822510823,1.69331805582,0.346629077335,5.875,4.8851010101,1.69331805582,5.875,0.416666666667,0.321428571429,6,0.0363636363636,0.23,11,11,11,1,0,0.0909090909091,0.636363636364,0.272727272727,1,0.00909090909091,1.84171258035,0.181818181818,0.1,0.125,0.0319815130454,-0.0137488181784,-0.00735930735931,-0.123282480508,-0.0951604245011,-0.0506493506494,-0.0716119060609,-0.0883207676808,-0.0255411255411,0.636419281281,-0.000647913076638,2.32954545455,1.84171258035,0.636419281281,2.32954545455,-0.082380952381,-0.0785714285714,-2,-0.0121212121212,-0.0255555555556,0,0,0,18,3,2,87,0.9,0.966666666667,0.0333333333333,0.1,0.857142857143,0.9,0.878048780488,0.850518363956,0.866666666667,0.782608695652,8,7,0,0,0,0
1219,WLNM_dir_neg,0.80612244898,0.681707683073,00:00:01,10,30,36,1173777885,threshold_sweep,0.4,0.625,0.714285714286,0.666666666667,5,3,2,11,0.714285714286,0.785714285714,0.214285714286,0.285714285714,0.625,0.714285714286,0.666666666667,0.761904761905,0.539682539683,0.48275862069,0.485362671697,0.5,20,13,7,0,20,0,13,0,7,11,20,0.181818181818,3.04338842975,3.63636363636,2,2.5,1.68954001271,0.464623503495,0.245454545455,1.16774841624,0.642261628933,0.336363636364,1.94000937205,1.06700515463,0.536363636364,1.05689877454,0.347276990411,3.54545454545,3.04338842975,1.05689877454,3.54545454545,0.499047619048,0.4,8,0.0484848484848,0.255555555556,11,11,11,1,0,0.0909090909091,0.636363636364,0.272727272727,11,0.118181818182,3.72727272727,2.36363636364,1.3,1.625,1.43336856898,0.6064251638,0.286713286713,0.603022689156,0.510249967747,0.237762237762,1.40129809949,1.18571377649,0.503496503497,2.05382127221,0.551025219373,7,3.72727272727,2.05382127221,7,0,0,0,0,0.22962962963,11,11,11,1,0,0.0909090909091,0.636363636364,0.272727272727,11,21,0.190909090909,4.8851010101,3.81818181818,2.1,2.625,1.72152152575,0.450874685317,0.238095238095,1.04446593573,0.547101204432,0.285714285714,1.86839746599,0.978684386946,0.510822510823,1.69331805582,0.346629077335,5.875,4.8851010101,1.69331805582,5.875,0.416666666667,0.321428571429,6,0.0363636363636,0.23,11,11,11,1,0,0.0909090909091,0.636363636364,0.272727272727,1,0.00909090909091,1.84171258035,0.181818181818,0.1,0.125,0.0319815130454,-0.0137488181784,-0.00735930735931,-0.123282480508,-0.0951604245011,-0.0506493506494,-0.0716119060609,-0.0883207676808,-0.0255411255411,0.636419281281,-0.000647913076638,2.32954545455,1.84171258035,0.636419281281,2.32954545455,-0.082380952381,-0.0785714285714,-2,-0.0121212121212,-0.0255555555556,0,0,0,18,3,2,87,0.9,0.966666666667,0.0333333333333,0.1,0.857142857143,0.9,0.878048780488,0.850518363956,0.866666666667,0.782608695652,8,7,0,0,0,0
1220,WLNM_dir_neg,0.80612244898,0.681707683073,00:00:01,10,30,36,1173777885,threshold_sweep,0.5,0.625,0.714285714286,0.666666666667,5,3,2,11,0.714285714286,0.785714285714,0.214285714286,0.285714285714,0.625,0.714285714286,0.666666666667,0.761904761905,0.539682539683,0.48275862069,0.485362671697,0.5,20,13,7,0,20,0,13,0,7,11,20,0.181818181818,3.04338842975,3.63636363636,2,2.5,1.68954001271,0.464623503495,0.245454545455,1.16774841624,0.642261628933,0.336363636364,1.94000937205,1.06700515463,0.536363636364,1.05689877454,0.347276990411,3.54545454545,3.04338842975,1.05689877454,3.54545454545,0.499047619048,0.4,8,0.0484848484848,0.255555555556,11,11,11,1,0,0.0909090909091,0.636363636364,0.272727272727,11,0.118181818182,3.72727272727,2.36363636364,1.3,1.625,1.43336856898,0.6064251638,0.286713286713,0.603022689156,0.510249967747,0.237762237762,1.40129809949,1.18571377649,0.503496503497,2.05382127221,0.551025219373,7,3.72727272727,2.05382127221,7,0,0,0,0,0.22962962963,11,11,11,1,0,0.0909090909091,0.636363636364,0.272727272727,11,21,0.190909090909,4.8851010101,3.81818181818,2.1,2.625,1.72152152575,0.450874685317,0.238095238095,1.04446593573,0.547101204432,0.285714285714,1.86839746599,0.978684386946,0.510822510823,1.69331805582,0.346629077335,5.875,4.8851010101,1.69331805582,5.875,0.416666666667,0.321428571429,6,0.0363636363636,0.23,11,11,11,1,0,0.0909090909091,0.636363636364,0.272727272727,1,0.00909090909091,1.84171258035,0.181818181818,0.1,0.125,0.0319815130454,-0.0137488181784,-0.00735930735931,-0.123282480508,-0.0951604245011,-0.0506493506494,-0.0716119060609,-0.0883207676808,-0.0255411255411,0.636419281281,-0.000647913076638,2.32954545455,1.84171258035,0.636419281281,2.32954545455,-0.082380952381,-0.0785714285714,-2,-0.0121212121212,-0.0255555555556,0,0,0,18,3,2,87,0.9,0.966666666667,0.0333333333333,0.1,0.857142857143,0.9,0.878048780488,0.850518363956,0.866666666667,0.782608695652,8,7,0,0,0,0
1221,WLNM_dir_neg,0.80612244898,0.681707683073,00:00:01,10,30,36,1173777885,threshold_sweep,0.6,0.625,0.714285714286,0.666666666667,5,3,2,11,0.714285714286,0.785714285714,0.214285714286,0.285714285714,0.625,0.714285714286,0.666666666667,0.761904761905,0.539682539683,0.48275862069,0.485362671697,0.5,20,13,7,0,20,0,13,0,7,11,20,0.181818181818,3.04338842975,3.63636363636,2,2.5,1.68954001271,0.464623503495,0.245454545455,1.16774841624,0.642261628933,0.336363636364,1.94000937205,1.06700515463,0.536363636364,1.05689877454,0.347276990411,3.54545454545,3.04338842975,1.05689877454,3.54545454545,0.499047619048,0.4,8,0.0484848484848,0.255555555556,11,11,11,1,0,0.0909090909091,0.636363636364,0.272727272727,11,0.118181818182,3.72727272727,2.36363636364,1.3,1.625,1.43336856898,0.6064251638,0.286713286713,0.603022689156,0.510249967747,0.237762237762,1.40129809949,1.18571377649,0.503496503497,2.05382127221,0.551025219373,7,3.72727272727,2.05382127221,7,0,0,0,0,0.22962962963,11,11,11,1,0,0.0909090909091,0.636363636364,0.272727272727,11,21,0.190909090909,4.8851010101,3.81818181818,2.1,2.625,1.72152152575,0.450874685317,0.238095238095,1.04446593573,0.547101204432,0.285714285714,1.86839746599,0.978684386946,0.510822510823,1.69331805582,0.346629077335,5.875,4.8851010101,1.69331805582,5.875,0.416666666667,0.321428571429,6,0.0363636363636,0.23,11,11,11,1,0,0.0909090909091,0.636363636364,0.272727272727,1,0.00909090909091,1.84171258035,0.181818181818,0.1,0.125,0.0319815130454,-0.0137488181784,-0.00735930735931,-0.123282480508,-0.0951604245011,-0.0506493506494,-0.0716119060609,-0.0883207676808,-0.0255411255411,0.636419281281,-0.000647913076638,2.32954545455,1.84171258035,0.636419281281,2.32954545455,-0.082380952381,-0.0785714285714,-2,-0.0121212121212,-0.0255555555556,0,0,0,18,3,2,87,0.9,0.966666666667,0.0333333333333,0.1,0.857142857143,0.9,0.878048780488,0.850518363956,0.866666666667,0.782608695652,8,7,0,0,0,0
1222,WLNM_dir_neg,0.80612244898,0.681707683073,00:00:01,10,30,36,1173777885,threshold_sweep,0.7,0.625,0.714285714286,0.666666666667,5,3,2,11,0.714285714286,0.785714285714,0.214285714286,0.285714285714,0.625,0.714285714286,0.666666666667,0.761904761905,0.539682539683,0.48275862069,0.485362671697,0.5,20,13,7,0,20,0,13,0,7,11,20,0.181818181818,3.04338842975,3.63636363636,2,2.5,1.68954001271,0.464623503495,0.245454545455,1.16774841624,0.642261628933,0.336363636364,1.94000937205,1.06700515463,0.536363636364,1.05689877454,0.347276990411,3.54545454545,3.04338842975,1.05689877454,3.54545454545,0.499047619048,0.4,8,0.0484848484848,0.255555555556,11,11,11,1,0,0.0909090909091,0.636363636364,0.272727272727,11,0.118181818182,3.72727272727,2.36363636364,1.3,1.625,1.43336856898,0.6064251638,0.286713286713,0.603022689156,0.510249967747,0.237762237762,1.40129809949,1.18571377649,0.503496503497,2.05382127221,0.551025219373,7,3.72727272727,2.05382127221,7,0,0,0,0,0.22962962963,11,11,11,1,0,0.0909090909091,0.636363636364,0.272727272727,11,21,0.190909090909,4.8851010101,3.81818181818,2.1,2.625,1.72152152575,0.450874685317,0.238095238095,1.04446593573,0.547101204432,0.285714285714,1.86839746599,0.978684386946,0.510822510823,1.69331805582,0.346629077335,5.875,4.8851010101,1.69331805582,5.875,0.416666666667,0.321428571429,6,0.0363636363636,0.23,11,11,11,1,0,0.0909090909091,0.636363636364,0.272727272727,1,0.00909090909091,1.84171258035,0.181818181818,0.1,0.125,0.0319815130454,-0.0137488181784,-0.00735930735931,-0.123282480508,-0.0951604245011,-0.0506493506494,-0.0716119060609,-0.0883207676808,-0.0255411255411,0.636419281281,-0.000647913076638,2.32954545455,1.84171258035,0.636419281281,2.32954545455,-0.082380952381,-0.0785714285714,-2,-0.0121212121212,-0.0255555555556,0,0,0,18,3,2,87,0.9,0.966666666667,0.0333333333333,0.1,0.857142857143,0.9,0.878048780488,0.850518363956,0.866666666667,0.782608695652,8,7,0,0,0,0
1223,WLNM_dir_neg,0.80612244898,0.681707683073,00:00:01,10,30,36,1173777885,threshold_sweep,0.8,0.625,0.714285714286,0.666666666667,5,3,2,11,0.714285714286,0.785714285714,0.214285714286,0.285714285714,0.625,0.714285714286,0.666666666667,0.761904761905,0.539682539683,0.48275862069,0.485362671697,0.5,20,13,7,0,20,0,13,0,7,11,20,0.181818181818,3.04338842975,3.63636363636,2,2.5,1.68954001271,0.464623503495,0.245454545455,1.16774841624,0.642261628933,0.336363636364,1.94000937205,1.06700515463,0.536363636364,1.05689877454,0.347276990411,3.54545454545,3.04338842975,1.05689877454,3.54545454545,0.499047619048,0.4,8,0.0484848484848,0.255555555556,11,11,11,1,0,0.0909090909091,0.636363636364,0.272727272727,11,0.118181818182,3.72727272727,2.36363636364,1.3,1.625,1.43336856898,0.6064251638,0.286713286713,0.603022689156,0.510249967747,0.237762237762,1.40129809949,1.18571377649,0.503496503497,2.05382127221,0.551025219373,7,3.72727272727,2.05382127221,7,0,0,0,0,0.22962962963,11,11,11,1,0,0.0909090909091,0.636363636364,0.272727272727,11,21,0.190909090909,4.8851010101,3.81818181818,2.1,2.625,1.72152152575,0.450874685317,0.238095238095,1.04446593573,0.547101204432,0.285714285714,1.86839746599,0.978684386946,0.510822510823,1.69331805582,0.346629077335,5.875,4.8851010101,1.69331805582,5.875,0.416666666667,0.321428571429,6,0.0363636363636,0.23,11,11,11,1,0,0.0909090909091,0.636363636364,0.272727272727,1,0.00909090909091,1.84171258035,0.181818181818,0.1,0.125,0.0319815130454,-0.0137488181784,-0.00735930735931,-0.123282480508,-0.0951604245011,-0.0506493506494,-0.0716119060609,-0.0883207676808,-0.0255411255411,0.636419281281,-0.000647913076638,2.32954545455,1.84171258035,0.636419281281,2.32954545455,-0.082380952381,-0.0785714285714,-2,-0.0121212121212,-0.0255555555556,0,0,0,18,3,2,87,0.9,0.966666666667,0.0333333333333,0.1,0.857142857143,0.9,0.878048780488,0.850518363956,0.866666666667,0.782608695652,8,7,0,0,0,0
1224,WLNM_dir_neg,0.80612244898,0.681707683073,00:00:01,10,30,36,1173777885,threshold_sweep,0.9,0.714285714286,0.714285714286,0.714285714286,5,2,2,12,0.714285714286,0.857142857143,0.142857142857,0.285714285714,0.714285714286,0.714285714286,0.714285714286,0.809523809524,0.555555555556,0.571428571429,0.571428571429,0.571428571429,20,13,7,0,20,0,13,0,7,11,20,0.181818181818,3.04338842975,3.63636363636,2,2.5,1.68954001271,0.464623503495,0.245454545455,1.16774841624,0.642261628933,0.336363636364,1.94000937205,1.06700515463,0.536363636364,1.05689877454,0.347276990411,3.54545454545,3.04338842975,1.05689877454,3.54545454545,0.499047619048,0.4,8,0.0484848484848,0.255555555556,11,11,11,1,0,0.0909090909091,0.636363636364,0.272727272727,11,0.118181818182,3.72727272727,2.36363636364,1.3,1.625,1.43336856898,0.6064251638,0.286713286713,0.603022689156,0.510249967747,0.237762237762,1.40129809949,1.18571377649,0.503496503497,2.05382127221,0.551025219373,7,3.72727272727,2.05382127221,7,0,0,0,0,0.22962962963,11,11,11,1,0,0.0909090909091,0.636363636364,0.272727272727,11,20,0.181818181818,4.81818181818,3.63636363636,2,2.5,1.74772579501,0.480624593628,0.25,0.981649817214,0.539907399468,0.281818181818,1.8877596149,1.03826778819,0.527272727273,1.64108203711,0.34060193223,5.875,4.81818181818,1.64108203711,5.875,0.39,0.294117647059,5,0.030303030303,0.229259259259,11,11,11,1,0,0.0909090909091,0.636363636364,0.272727272727,0,0,1.77479338843,0,0,0,0.0581857823014,0.0160010901329,0.00454545454545,-0.186098599028,-0.102354229466,-0.0545454545455,-0.0522497571515,-0.0287373664333,-0.00909090909091,0.584183262573,-0.00667505818093,2.32954545455,1.77479338843,0.584183262573,2.32954545455,-0.109047619048,-0.105882352941,-3,-0.0181818181818,-0.0262962962963,0,0,0,18,2,2,88,0.9,0.977777777778,0.0222222222222,0.1,0.9,0.9,0.9,0.877777777778,0.877777777778,0.818181818182,7,7,0,0,0,0
1225,WLNM_dir_neg,0.80612244898,0.68250120561,00:00:01,10,30,37,1173777886,threshold_sweep,0.1,1,0.714285714286,0.833333333333,5,0,2,14,0.714285714286,1,0,0.285714285714,1,0.714285714286,0.833333333333,0.904761904762,0.587301587302,0.769230769231,0.790569415042,0.714285714286,20,13,7,0,20,0,13,0,7,11,20,0.181818181818,3.04338842975,3.63636363636,2,2.5,1.68954001271,0.464623503495,0.245454545455,1.16774841624,0.642261628933,0.336363636364,1.94000937205,1.06700515463,0.536363636364,1.05689877454,0.347276990411,3.54545454545,3.04338842975,1.05689877454,3.54545454545,0.499047619048,0.4,8,0.0484848484848,0.255555555556,11,11,11,1,0,0.0909090909091,0.636363636364,0.272727272727,11,0.118181818182,3.72727272727,2.36363636364,1.3,1.625,1.43336856898,0.6064251638,0.286713286713,0.603022689156,0.510249967747,0.237762237762,1.40129809949,1.18571377649,0.503496503497,2.05382127221,0.551025219373,7,3.72727272727,2.05382127221,7,0,0,0,0,0.22962962963,11,11,11,1,0,0.0909090909091,0.636363636364,0.272727272727,11,18,0.163636363636,3.11363636364,3.27272727273,1.8,2.25,1.42062726223,0.434080552347,0.227272727273,0.924416277737,0.564921058617,0.292929292929,1.68954001271,1.03249667443,0.525252525253,1.14353419474,0.367266456706,3.875,3.11363636364,1.14353419474,3.875,0.366666666667,0.266666666667,4,0.0242424242424,0.221111111111,11,11,11,1,0,0.0909090909091,0.636363636364,0.272727272727,-2,-0.0181818181818,0.0702479338843,-0.363636363636,-0.2,-0.25,-0.268912750482,-0.030542951148,-0.0181818181818,-0.243332138505,-0.0773405703161,-0.0434343434343,-0.250469359339,-0.0345084801933,-0.0111111111111,0.0866354202056,0.0199894662943,0.329545454545,0.0702479338843,0.0866354202056,0.329545454545,-0.132380952381,-0.133333333333,-4,-0.0242424242424,-0.0344444444444,0,0,0,18,0,2,90,0.9,1,0,0.1,1,0.9,0.947368421053,0.938314863257,0.9,0.9,5,7,0,0,0,0
1226,WLNM_dir_neg,0.80612244898,0.68250120561,00:00:01,10,30,37,1173777886,threshold_sweep,0.2,1,0.714285714286,0.833333333333,5,0,2,14,0.714285714286,1,0,0.285714285714,1,0.714285714286,0.833333333333,0.904761904762,0.587301587302,0.769230769231,0.790569415042,0.714285714286,20,13,7,0,20,0,13,0,7,11,20,0.181818181818,3.04338842975,3.63636363636,2,2.5,1.68954001271,0.464623503495,0.245454545455,1.16774841624,0.642261628933,0.336363636364,1.94000937205,1.06700515463,0.536363636364,1.05689877454,0.347276990411,3.54545454545,3.04338842975,1.05689877454,3.54545454545,0.499047619048,0.4,8,0.0484848484848,0.255555555556,11,11,11,1,0,0.0909090909091,0.636363636364,0.272727272727,11,0.118181818182,3.72727272727,2.36363636364,1.3,1.625,1.43336856898,0.6064251638,0.286713286713,0.603022689156,0.510249967747,0.237762237762,1.40129809949,1.18571377649,0.503496503497,2.05382127221,0.551025219373,7,3.72727272727,2.05382127221,7,0,0,0,0,0.22962962963,11,11,11,1,0,0.0909090909091,0.636363636364,0.272727272727,11,18,0.163636363636,3.11363636364,3.27272727273,1.8,2.25,1.42062726223,0.434080552347,0.227272727273,0.924416277737,0.564921058617,0.292929292929,1.68954001271,1.03249667443,0.525252525253,1.14353419474,0.367266456706,3.875,3.11363636364,1.14353419474,3.875,0.366666666667,0.266666666667,4,0.0242424242424,0.221111111111,11,11,11,1,0,0.0909090909091,0.636363636364,0.272727272727,-2,-0.0181818181818,0.0702479338843,-0.363636363636,-0.2,-0.25,-0.268912750482,-0.030542951148,-0.0181818181818,-0.243332138505,-0.0773405703161,-0.0434343434343,-0.250469359339,-0.0345084801933,-0.0111111111111,0.0866354202056,0.0199894662943,0.329545454545,0.0702479338843,0.0866354202056,0.329545454545,-0.132380952381,-0.133333333333,-4,-0.0242424242424,-0.0344444444444,0,0,0,18,0,2,90,0.9,1,0,0.1,1,0.9,0.947368421053,0.938314863257,0.9,0.9,5,7,0,0,0,0
1227,WLNM_dir_neg,0.80612244898,0.68250120561,00:00:01,10,30,37,1173777886,threshold_sweep,0.3,1,0.714285714286,0.833333333333,5,0,2,14,0.714285714286,1,0,0.285714285714,1,0.714285714286,0.833333333333,0.904761904762,0.587301587302,0.769230769231,0.790569415042,0.714285714286,20,13,7,0,20,0,13,0,7,11,20,0.181818181818,3.04338842975,3.63636363636,2,2.5,1.68954001271,0.464623503495,0.245454545455,1.16774841624,0.642261628933,0.336363636364,1.94000937205,1.06700515463,0.536363636364,1.05689877454,0.347276990411,3.54545454545,3.04338842975,1.05689877454,3.54545454545,0.499047619048,0.4,8,0.0484848484848,0.255555555556,11,11,11,1,0,0.0909090909091,0.636363636364,0.272727272727,11,0.118181818182,3.72727272727,2.36363636364,1.3,1.625,1.43336856898,0.6064251638,0.286713286713,0.603022689156,0.510249967747,0.237762237762,1.40129809949,1.18571377649,0.503496503497,2.05382127221,0.551025219373,7,3.72727272727,2.05382127221,7,0,0,0,0,0.22962962963,11,11,11,1,0,0.0909090909091,0.636363636364,0.272727272727,11,18,0.163636363636,3.11363636364,3.27272727273,1.8,2.25,1.42062726223,0.434080552347,0.227272727273,0.924416277737,0.564921058617,0.292929292929,1.68954001271,1.03249667443,0.525252525253,1.14353419474,0.367266456706,3.875,3.11363636364,1.14353419474,3.875,0.366666666667,0.266666666667,4,0.0242424242424,0.221111111111,11,11,11,1,0,0.0909090909091,0.636363636364,0.272727272727,-2,-0.0181818181818,0.0702479338843,-0.363636363636,-0.2,-0.25,-0.268912750482,-0.030542951148,-0.0181818181818,-0.243332138505,-0.0773405703161,-0.0434343434343,-0.250469359339,-0.0345084801933,-0.0111111111111,0.0866354202056,0.0199894662943,0.329545454545,0.0702479338843,0.0866354202056,0.329545454545,-0.132380952381,-0.133333333333,-4,-0.0242424242424,-0.0344444444444,0,0,0,18,0,2,90,0.9,1,0,0.1,1,0.9,0.947368421053,0.938314863257,0.9,0.9,5,7,0,0,0,0
1228,WLNM_dir_neg,0.80612244898,0.68250120561,00:00:01,10,30,37,1173777886,threshold_sweep,0.4,1,0.714285714286,0.833333333333,5,0,2,14,0.714285714286,1,0,0.285714285714,1,0.714285714286,0.833333333333,0.904761904762,0.587301587302,0.769230769231,0.790569415042,0.714285714286,20,13,7,0,20,0,13,0,7,11,20,0.181818181818,3.04338842975,3.63636363636,2,2.5,1.68954001271,0.464623503495,0.245454545455,1.16774841624,0.642261628933,0.336363636364,1.94000937205,1.06700515463,0.536363636364,1.05689877454,0.347276990411,3.54545454545,3.04338842975,1.05689877454,3.54545454545,0.499047619048,0.4,8,0.0484848484848,0.255555555556,11,11,11,1,0,0.0909090909091,0.636363636364,0.272727272727,11,0.118181818182,3.72727272727,2.36363636364,1.3,1.625,1.43336856898,0.6064251638,0.286713286713,0.603022689156,0.510249967747,0.237762237762,1.40129809949,1.18571377649,0.503496503497,2.05382127221,0.551025219373,7,3.72727272727,2.05382127221,7,0,0,0,0,0.22962962963,11,11,11,1,0,0.0909090909091,0.636363636364,0.272727272727,11,18,0.163636363636,3.11363636364,3.27272727273,1.8,2.25,1.42062726223,0.434080552347,0.227272727273,0.924416277737,0.564921058617,0.292929292929,1.68954001271,1.03249667443,0.525252525253,1.14353419474,0.367266456706,3.875,3.11363636364,1.14353419474,3.875,0.366666666667,0.266666666667,4,0.0242424242424,0.221111111111,11,11,11,1,0,0.0909090909091,0.636363636364,0.272727272727,-2,-0.0181818181818,0.0702479338843,-0.363636363636,-0.2,-0.25,-0.268912750482,-0.030542951148,-0.0181818181818,-0.243332138505,-0.0773405703161,-0.0434343434343,-0.250469359339,-0.0345084801933,-0.0111111111111,0.0866354202056,0.0199894662943,0.329545454545,0.0702479338843,0.0866354202056,0.329545454545,-0.132380952381,-0.133333333333,-4,-0.0242424242424,-0.0344444444444,0,0,0,18,0,2,90,0.9,1,0,0.1,1,0.9,0.947368421053,0.938314863257,0.9,0.9,5,7,0,0,0,0
1229,WLNM_dir_neg,0.80612244898,0.68250120561,00:00:01,10,30,37,1173777886,threshold_sweep,0.5,1,0.714285714286,0.833333333333,5,0,2,14,0.714285714286,1,0,0.285714285714,1,0.714285714286,0.833333333333,0.904761904762,0.587301587302,0.769230769231,0.790569415042,0.714285714286,20,13,7,0,20,0,13,0,7,11,20,0.181818181818,3.04338842975,3.63636363636,2,2.5,1.68954001271,0.464623503495,0.245454545455,1.16774841624,0.642261628933,0.336363636364,1.94000937205,1.06700515463,0.536363636364,1.05689877454,0.347276990411,3.54545454545,3.04338842975,1.05689877454,3.54545454545,0.499047619048,0.4,8,0.0484848484848,0.255555555556,11,11,11,1,0,0.0909090909091,0.636363636364,0.272727272727,11,0.118181818182,3.72727272727,2.36363636364,1.3,1.625,1.43336856898,0.6064251638,0.286713286713,0.603022689156,0.510249967747,0.237762237762,1.40129809949,1.18571377649,0.503496503497,2.05382127221,0.551025219373,7,3.72727272727,2.05382127221,7,0,0,0,0,0.22962962963,11,11,11,1,0,0.0909090909091,0.636363636364,0.272727272727,11,18,0.163636363636,3.11363636364,3.27272727273,1.8,2.25,1.42062726223,0.434080552347,0.227272727273,0.924416277737,0.564921058617,0.292929292929,1.68954001271,1.03249667443,0.525252525253,1.14353419474,0.367266456706,3.875,3.11363636364,1.14353419474,3.875,0.366666666667,0.266666666667,4,0.0242424242424,0.221111111111,11,11,11,1,0,0.0909090909091,0.636363636364,0.272727272727,-2,-0.0181818181818,0.0702479338843,-0.363636363636,-0.2,-0.25,-0.268912750482,-0.030542951148,-0.0181818181818,-0.243332138505,-0.0773405703161,-0.0434343434343,-0.250469359339,-0.0345084801933,-0.0111111111111,0.0866354202056,0.0199894662943,0.329545454545,0.0702479338843,0.0866354202056,0.329545454545,-0.132380952381,-0.133333333333,-4,-0.0242424242424,-0.0344444444444,0,0,0,18,0,2,90,0.9,1,0,0.1,1,0.9,0.947368421053,0.938314863257,0.9,0.9,5,7,0,0,0,0
1230,WLNM_dir_neg,0.80612244898,0.68250120561,00:00:01,10,30,37,1173777886,threshold_sweep,0.6,1,0.714285714286,0.833333333333,5,0,2,14,0.714285714286,1,0,0.285714285714,1,0.714285714286,0.833333333333,0.904761904762,0.587301587302,0.769230769231,0.790569415042,0.714285714286,20,13,7,0,20,0,13,0,7,11,20,0.181818181818,3.04338842975,3.63636363636,2,2.5,1.68954001271,0.464623503495,0.245454545455,1.16774841624,0.642261628933,0.336363636364,1.94000937205,1.06700515463,0.536363636364,1.05689877454,0.347276990411,3.54545454545,3.04338842975,1.05689877454,3.54545454545,0.499047619048,0.4,8,0.0484848484848,0.255555555556,11,11,11,1,0,0.0909090909091,0.636363636364,0.272727272727,11,0.118181818182,3.72727272727,2.36363636364,1.3,1.625,1.43336856898,0.6064251638,0.286713286713,0.603022689156,0.510249967747,0.237762237762,1.40129809949,1.18571377649,0.503496503497,2.05382127221,0.551025219373,7,3.72727272727,2.05382127221,7,0,0,0,0,0.22962962963,11,11,11,1,0,0.0909090909091,0.636363636364,0.272727272727,11,18,0.163636363636,3.11363636364,3.27272727273,1.8,2.25,1.42062726223,0.434080552347,0.227272727273,0.924416277737,0.564921058617,0.292929292929,1.68954001271,1.03249667443,0.525252525253,1.14353419474,0.367266456706,3.875,3.11363636364,1.14353419474,3.875,0.366666666667,0.266666666667,4,0.0242424242424,0.221111111111,11,11,11,1,0,0.0909090909091,0.636363636364,0.272727272727,-2,-0.0181818181818,0.0702479338843,-0.363636363636,-0.2,-0.25,-0.268912750482,-0.030542951148,-0.0181818181818,-0.243332138505,-0.0773405703161,-0.0434343434343,-0.250469359339,-0.0345084801933,-0.0111111111111,0.0866354202056,0.0199894662943,0.329545454545,0.0702479338843,0.0866354202056,0.329545454545,-0.132380952381,-0.133333333333,-4,-0.0242424242424,-0.0344444444444,0,0,0,18,0,2,90,0.9,1,0,0.1,1,0.9,0.947368421053,0.938314863257,0.9,0.9,5,7,0,0,0,0
1231,WLNM_dir_neg,0.80612244898,0.68250120561,00:00:01,10,30,37,1173777886,threshold_sweep,0.7,1,0.714285714286,0.833333333333,5,0,2,14,0.714285714286,1,0,0.285714285714,1,0.714285714286,0.833333333333,0.904761904762,0.587301587302,0.769230769231,0.790569415042,0.714285714286,20,13,7,0,20,0,13,0,7,11,20,0.181818181818,3.04338842975,3.63636363636,2,2.5,1.68954001271,0.464623503495,0.245454545455,1.16774841624,0.642261628933,0.336363636364,1.94000937205,1.06700515463,0.536363636364,1.05689877454,0.347276990411,3.54545454545,3.04338842975,1.05689877454,3.54545454545,0.499047619048,0.4,8,0.0484848484848,0.255555555556,11,11,11,1,0,0.0909090909091,0.636363636364,0.272727272727,11,0.118181818182,3.72727272727,2.36363636364,1.3,1.625,1.43336856898,0.6064251638,0.286713286713,0.603022689156,0.510249967747,0.237762237762,1.40129809949,1.18571377649,0.503496503497,2.05382127221,0.551025219373,7,3.72727272727,2.05382127221,7,0,0,0,0,0.22962962963,11,11,11,1,0,0.0909090909091,0.636363636364,0.272727272727,11,18,0.163636363636,3.11363636364,3.27272727273,1.8,2.25,1.42062726223,0.434080552347,0.227272727273,0.924416277737,0.564921058617,0.292929292929,1.68954001271,1.03249667443,0.525252525253,1.14353419474,0.367266456706,3.875,3.11363636364,1.14353419474,3.875,0.366666666667,0.266666666667,4,0.0242424242424,0.221111111111,11,11,11,1,0,0.0909090909091,0.636363636364,0.272727272727,-2,-0.0181818181818,0.0702479338843,-0.363636363636,-0.2,-0.25,-0.268912750482,-0.030542951148,-0.0181818181818,-0.243332138505,-0.0773405703161,-0.0434343434343,-0.250469359339,-0.0345084801933,-0.0111111111111,0.0866354202056,0.0199894662943,0.329545454545,0.0702479338843,0.0866354202056,0.329545454545,-0.132380952381,-0.133333333333,-4,-0.0242424242424,-0.0344444444444,0,0,0,18,0,2,90,0.9,1,0,0.1,1,0.9,0.947368421053,0.938314863257,0.9,0.9,5,7,0,0,0,0
1232,WLNM_dir_neg,0.80612244898,0.68250120561,00:00:01,10,30,37,1173777886,threshold_sweep,0.8,1,0.714285714286,0.833333333333,5,0,2,14,0.714285714286,1,0,0.285714285714,1,0.714285714286,0.833333333333,0.904761904762,0.587301587302,0.769230769231,0.790569415042,0.714285714286,20,13,7,0,20,0,13,0,7,11,20,0.181818181818,3.04338842975,3.63636363636,2,2.5,1.68954001271,0.464623503495,0.245454545455,1.16774841624,0.642261628933,0.336363636364,1.94000937205,1.06700515463,0.536363636364,1.05689877454,0.347276990411,3.54545454545,3.04338842975,1.05689877454,3.54545454545,0.499047619048,0.4,8,0.0484848484848,0.255555555556,11,11,11,1,0,0.0909090909091,0.636363636364,0.272727272727,11,0.118181818182,3.72727272727,2.36363636364,1.3,1.625,1.43336856898,0.6064251638,0.286713286713,0.603022689156,0.510249967747,0.237762237762,1.40129809949,1.18571377649,0.503496503497,2.05382127221,0.551025219373,7,3.72727272727,2.05382127221,7,0,0,0,0,0.22962962963,11,11,11,1,0,0.0909090909091,0.636363636364,0.272727272727,11,18,0.163636363636,3.11363636364,3.27272727273,1.8,2.25,1.42062726223,0.434080552347,0.227272727273,0.924416277737,0.564921058617,0.292929292929,1.68954001271,1.03249667443,0.525252525253,1.14353419474,0.367266456706,3.875,3.11363636364,1.14353419474,3.875,0.366666666667,0.266666666667,4,0.0242424242424,0.221111111111,11,11,11,1,0,0.0909090909091,0.636363636364,0.272727272727,-2,-0.0181818181818,0.0702479338843,-0.363636363636,-0.2,-0.25,-0.268912750482,-0.030542951148,-0.0181818181818,-0.243332138505,-0.0773405703161,-0.0434343434343,-0.250469359339,-0.0345084801933,-0.0111111111111,0.0866354202056,0.0199894662943,0.329545454545,0.0702479338843,0.0866354202056,0.329545454545,-0.132380952381,-0.133333333333,-4,-0.0242424242424,-0.0344444444444,0,0,0,18,0,2,90,0.9,1,0,0.1,1,0.9,0.947368421053,0.938314863257,0.9,0.9,5,7,0,0,0,0
1233,WLNM_dir_neg,0.80612244898,0.68250120561,00:00:01,10,30,37,1173777886,threshold_sweep,0.9,1,0.714285714286,0.833333333333,5,0,2,14,0.714285714286,1,0,0.285714285714,1,0.714285714286,0.833333333333,0.904761904762,0.587301587302,0.769230769231,0.790569415042,0.714285714286,20,13,7,0,20,0,13,0,7,11,20,0.181818181818,3.04338842975,3.63636363636,2,2.5,1.68954001271,0.464623503495,0.245454545455,1.16774841624,0.642261628933,0.336363636364,1.94000937205,1.06700515463,0.536363636364,1.05689877454,0.347276990411,3.54545454545,3.04338842975,1.05689877454,3.54545454545,0.499047619048,0.4,8,0.0484848484848,0.255555555556,11,11,11,1,0,0.0909090909091,0.636363636364,0.272727272727,11,0.118181818182,3.72727272727,2.36363636364,1.3,1.625,1.43336856898,0.6064251638,0.286713286713,0.603022689156,0.510249967747,0.237762237762,1.40129809949,1.18571377649,0.503496503497,2.05382127221,0.551025219373,7,3.72727272727,2.05382127221,7,0,0,0,0,0.22962962963,11,11,11,1,0,0.0909090909091,0.636363636364,0.272727272727,11,18,0.163636363636,3.11363636364,3.27272727273,1.8,2.25,1.42062726223,0.434080552347,0.227272727273,0.924416277737,0.564921058617,0.292929292929,1.68954001271,1.03249667443,0.525252525253,1.14353419474,0.367266456706,3.875,3.11363636364,1.14353419474,3.875,0.366666666667,0.266666666667,4,0.0242424242424,0.221111111111,11,11,11,1,0,0.0909090909091,0.636363636364,0.272727272727,-2,-0.0181818181818,0.0702479338843,-0.363636363636,-0.2,-0.25,-0.268912750482,-0.030542951148,-0.0181818181818,-0.243332138505,-0.0773405703161,-0.0434343434343,-0.250469359339,-0.0345084801933,-0.0111111111111,0.0866354202056,0.0199894662943,0.329545454545,0.0702479338843,0.0866354202056,0.329545454545,-0.132380952381,-0.133333333333,-4,-0.0242424242424,-0.0344444444444,0,0,0,18,0,2,90,0.9,1,0,0.1,1,0.9,0.947368421053,0.938314863257,0.9,0.9,5,7,0,0,0,0
1234,WLNM_dir_neg,0.795918367347,0.440857555143,00:00:01,10,30,38,1173777887,threshold_sweep,0.1,0.5,0.571428571429,0.533333333333,4,4,3,10,0.571428571429,0.714285714286,0.285714285714,0.428571428571,0.5,0.571428571429,0.533333333333,0.666666666667,0.539682539683,0.275862068966,0.277350098113,0.285714285714,20,13,7,0,20,0,13,0,7,11,20,0.181818181818,3.04338842975,3.63636363636,2,2.5,1.68954001271,0.464623503495,0.245454545455,1.16774841624,0.642261628933,0.336363636364,1.94000937205,1.06700515463,0.536363636364,1.05689877454,0.347276990411,3.54545454545,3.04338842975,1.05689877454,3.54545454545,0.499047619048,0.4,8,0.0484848484848,0.255555555556,11,11,11,1,0,0.0909090909091,0.636363636364,0.272727272727,11,0.118181818182,3.72727272727,2.36363636364,1.3,1.625,1.43336856898,0.6064251638,0.286713286713,0.603022689156,0.510249967747,0.237762237762,1.40129809949,1.18571377649,0.503496503497,2.05382127221,0.551025219373,7,3.72727272727,2.05382127221,7,0,0,0,0,0.22962962963,11,11,11,1,0,0.0909090909091,0.636363636364,0.272727272727,11,21,0.190909090909,4.89393939394,3.81818181818,2.1,2.1,1.60113596038,0.419345132482,0.190476190476,1.13618180363,0.595142849523,0.311688311688,1.3751033019,0.72029220576,0.363636363636,1.67377272995,0.342009288472,6,4.89393939394,1.67377272995,6,0.209090909091,0.191489361702,3,0.0181818181818,0.198518518519,11,11,11,1,0,0.0909090909091,0.818181818182,0.0909090909091,1,0.00909090909091,1.85055096419,0.181818181818,0.1,-0.4,-0.0884040523247,-0.0452783710134,-0.0549783549784,-0.0315666126082,-0.0471187794107,-0.0246753246753,-0.564906070144,-0.346712948867,-0.172727272727,0.61687395541,-0.00526770193912,2.45454545455,1.85055096419,0.61687395541,2.45454545455,-0.289956709957,-0.208510638298,-5,-0.030303030303,-0.057037037037,0,0.181818181818,-0.181818181818,17,4,3,86,0.85,0.955555555556,0.0444444444444,0.15,0.809523809524,0.85,0.829268292683,0.790545915216,0.805555555556,0.708333333333,8,7,0,0,0,0
1235,WLNM_dir_neg,0.795918367347,0.440857555143,00:00:01,10,30,38,1173777887,threshold_sweep,0.2,0.5,0.571428571429,0.533333333333,4,4,3,10,0.571428571429,0.714285714286,0.285714285714,0.428571428571,0.5,0.571428571429,0.533333333333,0.666666666667,0.539682539683,0.275862068966,0.277350098113,0.285714285714,20,13,7,0,20,0,13,0,7,11,20,0.181818181818,3.04338842975,3.63636363636,2,2.5,1.68954001271,0.464623503495,0.245454545455,1.16774841624,0.642261628933,0.336363636364,1.94000937205,1.06700515463,0.536363636364,1.05689877454,0.347276990411,3.54545454545,3.04338842975,1.05689877454,3.54545454545,0.499047619048,0.4,8,0.0484848484848,0.255555555556,11,11,11,1,0,0.0909090909091,0.636363636364,0.272727272727,11,0.118181818182,3.72727272727,2.36363636364,1.3,1.625,1.43336856898,0.6064251638,0.286713286713,0.603022689156,0.510249967747,0.237762237762,1.40129809949,1.18571377649,0.503496503497,2.05382127221,0.551025219373,7,3.72727272727,2.05382127221,7,0,0,0,0,0.22962962963,11,11,11,1,0,0.0909090909091,0.636363636364,0.272727272727,11,21,0.190909090909,4.89393939394,3.81818181818,2.1,2.1,1.60113596038,0.419345132482,0.190476190476,1.13618180363,0.595142849523,0.311688311688,1.3751033019,0.72029220576,0.363636363636,1.67377272995,0.342009288472,6,4.89393939394,1.67377272995,6,0.209090909091,0.191489361702,3,0.0181818181818,0.198518518519,11,11,11,1,0,0.0909090909091,0.818181818182,0.0909090909091,1,0.00909090909091,1.85055096419,0.181818181818,0.1,-0.4,-0.0884040523247,-0.0452783710134,-0.0549783549784,-0.0315666126082,-0.0471187794107,-0.0246753246753,-0.564906070144,-0.346712948867,-0.172727272727,0.61687395541,-0.00526770193912,2.45454545455,1.85055096419,0.61687395541,2.45454545455,-0.289956709957,-0.208510638298,-5,-0.030303030303,-0.057037037037,0,0.181818181818,-0.181818181818,17,4,3,86,0.85,0.955555555556,0.0444444444444,0.15,0.809523809524,0.85,0.829268292683,0.790545915216,0.805555555556,0.708333333333,8,7,0,0,0,0
1236,WLNM_dir_neg,0.795918367347,0.440857555143,00:00:01,10,30,38,1173777887,threshold_sweep,0.3,0.5,0.571428571429,0.533333333333,4,4,3,10,0.571428571429,0.714285714286,0.285714285714,0.428571428571,0.5,0.571428571429,0.533333333333,0.666666666667,0.539682539683,0.275862068966,0.277350098113,0.285714285714,20,13,7,0,20,0,13,0,7,11,20,0.181818181818,3.04338842975,3.63636363636,2,2.5,1.68954001271,0.464623503495,0.245454545455,1.16774841624,0.642261628933,0.336363636364,1.94000937205,1.06700515463,0.536363636364,1.05689877454,0.347276990411,3.54545454545,3.04338842975,1.05689877454,3.54545454545,0.499047619048,0.4,8,0.0484848484848,0.255555555556,11,11,11,1,0,0.0909090909091,0.636363636364,0.272727272727,11,0.118181818182,3.72727272727,2.36363636364,1.3,1.625,1.43336856898,0.6064251638,0.286713286713,0.603022689156,0.510249967747,0.237762237762,1.40129809949,1.18571377649,0.503496503497,2.05382127221,0.551025219373,7,3.72727272727,2.05382127221,7,0,0,0,0,0.22962962963,11,11,11,1,0,0.0909090909091,0.636363636364,0.272727272727,11,21,0.190909090909,4.89393939394,3.81818181818,2.1,2.1,1.60113596038,0.419345132482,0.190476190476,1.13618180363,0.595142849523,0.311688311688,1.3751033019,0.72029220576,0.363636363636,1.67377272995,0.342009288472,6,4.89393939394,1.67377272995,6,0.209090909091,0.191489361702,3,0.0181818181818,0.198518518519,11,11,11,1,0,0.0909090909091,0.818181818182,0.0909090909091,1,0.00909090909091,1.85055096419,0.181818181818,0.1,-0.4,-0.0884040523247,-0.0452783710134,-0.0549783549784,-0.0315666126082,-0.0471187794107,-0.0246753246753,-0.564906070144,-0.346712948867,-0.172727272727,0.61687395541,-0.00526770193912,2.45454545455,1.85055096419,0.61687395541,2.45454545455,-0.289956709957,-0.208510638298,-5,-0.030303030303,-0.057037037037,0,0.181818181818,-0.181818181818,17,4,3,86,0.85,0.955555555556,0.0444444444444,0.15,0.809523809524,0.85,0.829268292683,0.790545915216,0.805555555556,0.708333333333,8,7,0,0,0,0
1237,WLNM_dir_neg,0.795918367347,0.440857555143,00:00:01,10,30,38,1173777887,threshold_sweep,0.4,0.5,0.571428571429,0.533333333333,4,4,3,10,0.571428571429,0.714285714286,0.285714285714,0.428571428571,0.5,0.571428571429,0.533333333333,0.666666666667,0.539682539683,0.275862068966,0.277350098113,0.285714285714,20,13,7,0,20,0,13,0,7,11,20,0.181818181818,3.04338842975,3.63636363636,2,2.5,1.68954001271,0.464623503495,0.245454545455,1.16774841624,0.642261628933,0.336363636364,1.94000937205,1.06700515463,0.536363636364,1.05689877454,0.347276990411,3.54545454545,3.04338842975,1.05689877454,3.54545454545,0.499047619048,0.4,8,0.0484848484848,0.255555555556,11,11,11,1,0,0.0909090909091,0.636363636364,0.272727272727,11,0.118181818182,3.72727272727,2.36363636364,1.3,1.625,1.43336856898,0.6064251638,0.286713286713,0.603022689156,0.510249967747,0.237762237762,1.40129809949,1.18571377649,0.503496503497,2.05382127221,0.551025219373,7,3.72727272727,2.05382127221,7,0,0,0,0,0.22962962963,11,11,11,1,0,0.0909090909091,0.636363636364,0.272727272727,11,21,0.190909090909,4.89393939394,3.81818181818,2.1,2.1,1.60113596038,0.419345132482,0.190476190476,1.13618180363,0.595142849523,0.311688311688,1.3751033019,0.72029220576,0.363636363636,1.67377272995,0.342009288472,6,4.89393939394,1.67377272995,6,0.209090909091,0.191489361702,3,0.0181818181818,0.198518518519,11,11,11,1,0,0.0909090909091,0.818181818182,0.0909090909091,1,0.00909090909091,1.85055096419,0.181818181818,0.1,-0.4,-0.0884040523247,-0.0452783710134,-0.0549783549784,-0.0315666126082,-0.0471187794107,-0.0246753246753,-0.564906070144,-0.346712948867,-0.172727272727,0.61687395541,-0.00526770193912,2.45454545455,1.85055096419,0.61687395541,2.45454545455,-0.289956709957,-0.208510638298,-5,-0.030303030303,-0.057037037037,0,0.181818181818,-0.181818181818,17,4,3,86,0.85,0.955555555556,0.0444444444444,0.15,0.809523809524,0.85,0.829268292683,0.790545915216,0.805555555556,0.708333333333,8,7,0,0,0,0
1238,WLNM_dir_neg,0.795918367347,0.440857555143,00:00:01,10,30,38,1173777887,threshold_sweep,0.5,0.5,0.571428571429,0.533333333333,4,4,3,10,0.571428571429,0.714285714286,0.285714285714,0.428571428571,0.5,0.571428571429,0.533333333333,0.666666666667,0.539682539683,0.275862068966,0.277350098113,0.285714285714,20,13,7,0,20,0,13,0,7,11,20,0.181818181818,3.04338842975,3.63636363636,2,2.5,1.68954001271,0.464623503495,0.245454545455,1.16774841624,0.642261628933,0.336363636364,1.94000937205,1.06700515463,0.536363636364,1.05689877454,0.347276990411,3.54545454545,3.04338842975,1.05689877454,3.54545454545,0.499047619048,0.4,8,0.0484848484848,0.255555555556,11,11,11,1,0,0.0909090909091,0.636363636364,0.272727272727,11,0.118181818182,3.72727272727,2.36363636364,1.3,1.625,1.43336856898,0.6064251638,0.286713286713,0.603022689156,0.510249967747,0.237762237762,1.40129809949,1.18571377649,0.503496503497,2.05382127221,0.551025219373,7,3.72727272727,2.05382127221,7,0,0,0,0,0.22962962963,11,11,11,1,0,0.0909090909091,0.636363636364,0.272727272727,11,21,0.190909090909,4.89393939394,3.81818181818,2.1,2.1,1.60113596038,0.419345132482,0.190476190476,1.13618180363,0.595142849523,0.311688311688,1.3751033019,0.72029220576,0.363636363636,1.67377272995,0.342009288472,6,4.89393939394,1.67377272995,6,0.209090909091,0.191489361702,3,0.0181818181818,0.198518518519,11,11,11,1,0,0.0909090909091,0.818181818182,0.0909090909091,1,0.00909090909091,1.85055096419,0.181818181818,0.1,-0.4,-0.0884040523247,-0.0452783710134,-0.0549783549784,-0.0315666126082,-0.0471187794107,-0.0246753246753,-0.564906070144,-0.346712948867,-0.172727272727,0.61687395541,-0.00526770193912,2.45454545455,1.85055096419,0.61687395541,2.45454545455,-0.289956709957,-0.208510638298,-5,-0.030303030303,-0.057037037037,0,0.181818181818,-0.181818181818,17,4,3,86,0.85,0.955555555556,0.0444444444444,0.15,0.809523809524,0.85,0.829268292683,0.790545915216,0.805555555556,0.708333333333,8,7,0,0,0,0
1239,WLNM_dir_neg,0.795918367347,0.440857555143,00:00:01,10,30,38,1173777887,threshold_sweep,0.6,0.5,0.571428571429,0.533333333333,4,4,3,10,0.571428571429,0.714285714286,0.285714285714,0.428571428571,0.5,0.571428571429,0.533333333333,0.666666666667,0.539682539683,0.275862068966,0.277350098113,0.285714285714,20,13,7,0,20,0,13,0,7,11,20,0.181818181818,3.04338842975,3.63636363636,2,2.5,1.68954001271,0.464623503495,0.245454545455,1.16774841624,0.642261628933,0.336363636364,1.94000937205,1.06700515463,0.536363636364,1.05689877454,0.347276990411,3.54545454545,3.04338842975,1.05689877454,3.54545454545,0.499047619048,0.4,8,0.0484848484848,0.255555555556,11,11,11,1,0,0.0909090909091,0.636363636364,0.272727272727,11,0.118181818182,3.72727272727,2.36363636364,1.3,1.625,1.43336856898,0.6064251638,0.286713286713,0.603022689156,0.510249967747,0.237762237762,1.40129809949,1.18571377649,0.503496503497,2.05382127221,0.551025219373,7,3.72727272727,2.05382127221,7,0,0,0,0,0.22962962963,11,11,11,1,0,0.0909090909091,0.636363636364,0.272727272727,11,21,0.190909090909,4.89393939394,3.81818181818,2.1,2.1,1.60113596038,0.419345132482,0.190476190476,1.13618180363,0.595142849523,0.311688311688,1.3751033019,0.72029220576,0.363636363636,1.67377272995,0.342009288472,6,4.89393939394,1.67377272995,6,0.209090909091,0.191489361702,3,0.0181818181818,0.198518518519,11,11,11,1,0,0.0909090909091,0.818181818182,0.0909090909091,1,0.00909090909091,1.85055096419,0.181818181818,0.1,-0.4,-0.0884040523247,-0.0452783710134,-0.0549783549784,-0.0315666126082,-0.0471187794107,-0.0246753246753,-0.564906070144,-0.346712948867,-0.172727272727,0.61687395541,-0.00526770193912,2.45454545455,1.85055096419,0.61687395541,2.45454545455,-0.289956709957,-0.208510638298,-5,-0.030303030303,-0.057037037037,0,0.181818181818,-0.181818181818,17,4,3,86,0.85,0.955555555556,0.0444444444444,0.15,0.809523809524,0.85,0.829268292683,0.790545915216,0.805555555556,0.708333333333,8,7,0,0,0,0
1240,WLNM_dir_neg,0.795918367347,0.440857555143,00:00:01,10,30,38,1173777887,threshold_sweep,0.7,0.5,0.571428571429,0.533333333333,4,4,3,10,0.571428571429,0.714285714286,0.285714285714,0.428571428571,0.5,0.571428571429,0.533333333333,0.666666666667,0.539682539683,0.275862068966,0.277350098113,0.285714285714,20,13,7,0,20,0,13,0,7,11,20,0.181818181818,3.04338842975,3.63636363636,2,2.5,1.68954001271,0.464623503495,0.245454545455,1.16774841624,0.642261628933,0.336363636364,1.94000937205,1.06700515463,0.536363636364,1.05689877454,0.347276990411,3.54545454545,3.04338842975,1.05689877454,3.54545454545,0.499047619048,0.4,8,0.0484848484848,0.255555555556,11,11,11,1,0,0.0909090909091,0.636363636364,0.272727272727,11,0.118181818182,3.72727272727,2.36363636364,1.3,1.625,1.43336856898,0.6064251638,0.286713286713,0.603022689156,0.510249967747,0.237762237762,1.40129809949,1.18571377649,0.503496503497,2.05382127221,0.551025219373,7,3.72727272727,2.05382127221,7,0,0,0,0,0.22962962963,11,11,11,1,0,0.0909090909091,0.636363636364,0.272727272727,11,21,0.190909090909,4.89393939394,3.81818181818,2.1,2.1,1.60113596038,0.419345132482,0.190476190476,1.13618180363,0.595142849523,0.311688311688,1.3751033019,0.72029220576,0.363636363636,1.67377272995,0.342009288472,6,4.89393939394,1.67377272995,6,0.209090909091,0.191489361702,3,0.0181818181818,0.198518518519,11,11,11,1,0,0.0909090909091,0.818181818182,0.0909090909091,1,0.00909090909091,1.85055096419,0.181818181818,0.1,-0.4,-0.0884040523247,-0.0452783710134,-0.0549783549784,-0.0315666126082,-0.0471187794107,-0.0246753246753,-0.564906070144,-0.346712948867,-0.172727272727,0.61687395541,-0.00526770193912,2.45454545455,1.85055096419,0.61687395541,2.45454545455,-0.289956709957,-0.208510638298,-5,-0.030303030303,-0.057037037037,0,0.181818181818,-0.181818181818,17,4,3,86,0.85,0.955555555556,0.0444444444444,0.15,0.809523809524,0.85,0.829268292683,0.790545915216,0.805555555556,0.708333333333,8,7,0,0,0,0
1241,WLNM_dir_neg,0.795918367347,0.440857555143,00:00:01,10,30,38,1173777887,threshold_sweep,0.8,0.5,0.571428571429,0.533333333333,4,4,3,10,0.571428571429,0.714285714286,0.285714285714,0.428571428571,0.5,0.571428571429,0.533333333333,0.666666666667,0.539682539683,0.275862068966,0.277350098113,0.285714285714,20,13,7,0,20,0,13,0,7,11,20,0.181818181818,3.04338842975,3.63636363636,2,2.5,1.68954001271,0.464623503495,0.245454545455,1.16774841624,0.642261628933,0.336363636364,1.94000937205,1.06700515463,0.536363636364,1.05689877454,0.347276990411,3.54545454545,3.04338842975,1.05689877454,3.54545454545,0.499047619048,0.4,8,0.0484848484848,0.255555555556,11,11,11,1,0,0.0909090909091,0.636363636364,0.272727272727,11,0.118181818182,3.72727272727,2.36363636364,1.3,1.625,1.43336856898,0.6064251638,0.286713286713,0.603022689156,0.510249967747,0.237762237762,1.40129809949,1.18571377649,0.503496503497,2.05382127221,0.551025219373,7,3.72727272727,2.05382127221,7,0,0,0,0,0.22962962963,11,11,11,1,0,0.0909090909091,0.636363636364,0.272727272727,11,21,0.190909090909,4.89393939394,3.81818181818,2.1,2.1,1.60113596038,0.419345132482,0.190476190476,1.13618180363,0.595142849523,0.311688311688,1.3751033019,0.72029220576,0.363636363636,1.67377272995,0.342009288472,6,4.89393939394,1.67377272995,6,0.209090909091,0.191489361702,3,0.0181818181818,0.198518518519,11,11,11,1,0,0.0909090909091,0.818181818182,0.0909090909091,1,0.00909090909091,1.85055096419,0.181818181818,0.1,-0.4,-0.0884040523247,-0.0452783710134,-0.0549783549784,-0.0315666126082,-0.0471187794107,-0.0246753246753,-0.564906070144,-0.346712948867,-0.172727272727,0.61687395541,-0.00526770193912,2.45454545455,1.85055096419,0.61687395541,2.45454545455,-0.289956709957,-0.208510638298,-5,-0.030303030303,-0.057037037037,0,0.181818181818,-0.181818181818,17,4,3,86,0.85,0.955555555556,0.0444444444444,0.15,0.809523809524,0.85,0.829268292683,0.790545915216,0.805555555556,0.708333333333,8,7,0,0,0,0
1242,WLNM_dir_neg,0.795918367347,0.440857555143,00:00:01,10,30,38,1173777887,threshold_sweep,0.9,0.666666666667,0.571428571429,0.615384615385,4,2,3,12,0.571428571429,0.857142857143,0.142857142857,0.428571428571,0.666666666667,0.571428571429,0.615384615385,0.761904761905,0.571428571429,0.444444444444,0.4472135955,0.428571428571,20,13,7,0,20,0,13,0,7,11,20,0.181818181818,3.04338842975,3.63636363636,2,2.5,1.68954001271,0.464623503495,0.245454545455,1.16774841624,0.642261628933,0.336363636364,1.94000937205,1.06700515463,0.536363636364,1.05689877454,0.347276990411,3.54545454545,3.04338842975,1.05689877454,3.54545454545,0.499047619048,0.4,8,0.0484848484848,0.255555555556,11,11,11,1,0,0.0909090909091,0.636363636364,0.272727272727,11,0.118181818182,3.72727272727,2.36363636364,1.3,1.625,1.43336856898,0.6064251638,0.286713286713,0.603022689156,0.510249967747,0.237762237762,1.40129809949,1.18571377649,0.503496503497,2.05382127221,0.551025219373,7,3.72727272727,2.05382127221,7,0,0,0,0,0.22962962963,11,11,11,1,0,0.0909090909091,0.636363636364,0.272727272727,11,19,0.172727272727,5.01515151515,3.45454545455,1.9,1.9,1.63484778274,0.473245410793,0.196172248804,0.904534033733,0.523677598477,0.267942583732,1.42062726223,0.822468414973,0.392344497608,1.82338900807,0.36357605599,6.33333333333,5.01515151515,1.82338900807,6.33333333333,0.296666666667,0.230769230769,3,0.0181818181818,0.192592592593,11,11,11,1,0,0.0909090909091,0.818181818182,0.0909090909091,-1,-0.00909090909091,1.9717630854,-0.181818181818,-0.1,-0.6,-0.05469222997,0.00862190729789,-0.0492822966507,-0.263214382509,-0.118584030456,-0.0684210526316,-0.519382109822,-0.244536739653,-0.144019138756,0.766490233532,0.0162990655783,2.78787878788,1.9717630854,0.766490233532,2.78787878788,-0.202380952381,-0.169230769231,-5,-0.030303030303,-0.062962962963,0,0.181818181818,-0.181818181818,17,2,3,88,0.85,0.977777777778,0.0222222222222,0.15,0.894736842105,0.85,0.871794871795,0.844602804616,0.827777777778,0.772727272727,6,7,0,0,0,0
1243,WLNM_dir_neg,0.928571428571,0.609145021645,00:00:01,10,30,39,1173777888,threshold_sweep,0.1,1,0.714285714286,0.833333333333,5,0,2,14,0.714285714286,1,0,0.285714285714,1,0.714285714286,0.833333333333,0.904761904762,0.587301587302,0.769230769231,0.790569415042,0.714285714286,20,13,7,0,20,0,13,0,7,11,20,0.181818181818,3.04338842975,3.63636363636,2,2.5,1.68954001271,0.464623503495,0.245454545455,1.16774841624,0.642261628933,0.336363636364,1.94000937205,1.06700515463,0.536363636364,1.05689877454,0.347276990411,3.54545454545,3.04338842975,1.05689877454,3.54545454545,0.499047619048,0.4,8,0.0484848484848,0.255555555556,11,11,11,1,0,0.0909090909091,0.636363636364,0.272727272727,11,0.118181818182,3.72727272727,2.36363636364,1.3,1.625,1.43336856898,0.6064251638,0.286713286713,0.603022689156,0.510249967747,0.237762237762,1.40129809949,1.18571377649,0.503496503497,2.05382127221,0.551025219373,7,3.72727272727,2.05382127221,7,0,0,0,0,0.22962962963,11,11,11,1,0,0.0909090909091,0.636363636364,0.272727272727,11,18,0.163636363636,3.11363636364,3.27272727273,1.8,2.25,1.42062726223,0.434080552347,0.227272727273,0.924416277737,0.564921058617,0.292929292929,1.68954001271,1.03249667443,0.525252525253,1.14353419474,0.367266456706,3.875,3.11363636364,1.14353419474,3.875,0.366666666667,0.266666666667,4,0.0242424242424,0.221111111111,11,11,11,1,0,0.0909090909091,0.636363636364,0.272727272727,-2,-0.0181818181818,0.0702479338843,-0.363636363636,-0.2,-0.25,-0.268912750482,-0.030542951148,-0.0181818181818,-0.243332138505,-0.0773405703161,-0.0434343434343,-0.250469359339,-0.0345084801933,-0.0111111111111,0.0866354202056,0.0199894662943,0.329545454545,0.0702479338843,0.0866354202056,0.329545454545,-0.132380952381,-0.133333333333,-4,-0.0242424242424,-0.0344444444444,0,0,0,18,0,2,90,0.9,1,0,0.1,1,0.9,0.947368421053,0.938314863257,0.9,0.9,5,7,0,0,0,0
1244,WLNM_dir_neg,0.928571428571,0.609145021645,00:00:01,10,30,39,1173777888,threshold_sweep,0.2,1,0.714285714286,0.833333333333,5,0,2,14,0.714285714286,1,0,0.285714285714,1,0.714285714286,0.833333333333,0.904761904762,0.587301587302,0.769230769231,0.790569415042,0.714285714286,20,13,7,0,20,0,13,0,7,11,20,0.181818181818,3.04338842975,3.63636363636,2,2.5,1.68954001271,0.464623503495,0.245454545455,1.16774841624,0.642261628933,0.336363636364,1.94000937205,1.06700515463,0.536363636364,1.05689877454,0.347276990411,3.54545454545,3.04338842975,1.05689877454,3.54545454545,0.499047619048,0.4,8,0.0484848484848,0.255555555556,11,11,11,1,0,0.0909090909091,0.636363636364,0.272727272727,11,0.118181818182,3.72727272727,2.36363636364,1.3,1.625,1.43336856898,0.6064251638,0.286713286713,0.603022689156,0.510249967747,0.237762237762,1.40129809949,1.18571377649,0.503496503497,2.05382127221,0.551025219373,7,3.72727272727,2.05382127221,7,0,0,0,0,0.22962962963,11,11,11,1,0,0.0909090909091,0.636363636364,0.272727272727,11,18,0.163636363636,3.11363636364,3.27272727273,1.8,2.25,1.42062726223,0.434080552347,0.227272727273,0.924416277737,0.564921058617,0.292929292929,1.68954001271,1.03249667443,0.525252525253,1.14353419474,0.367266456706,3.875,3.11363636364,1.14353419474,3.875,0.366666666667,0.266666666667,4,0.0242424242424,0.221111111111,11,11,11,1,0,0.0909090909091,0.636363636364,0.272727272727,-2,-0.0181818181818,0.0702479338843,-0.363636363636,-0.2,-0.25,-0.268912750482,-0.030542951148,-0.0181818181818,-0.243332138505,-0.0773405703161,-0.0434343434343,-0.250469359339,-0.0345084801933,-0.0111111111111,0.0866354202056,0.0199894662943,0.329545454545,0.0702479338843,0.0866354202056,0.329545454545,-0.132380952381,-0.133333333333,-4,-0.0242424242424,-0.0344444444444,0,0,0,18,0,2,90,0.9,1,0,0.1,1,0.9,0.947368421053,0.938314863257,0.9,0.9,5,7,0,0,0,0
1245,WLNM_dir_neg,0.928571428571,0.609145021645,00:00:01,10,30,39,1173777888,threshold_sweep,0.3,1,0.714285714286,0.833333333333,5,0,2,14,0.714285714286,1,0,0.285714285714,1,0.714285714286,0.833333333333,0.904761904762,0.587301587302,0.769230769231,0.790569415042,0.714285714286,20,13,7,0,20,0,13,0,7,11,20,0.181818181818,3.04338842975,3.63636363636,2,2.5,1.68954001271,0.464623503495,0.245454545455,1.16774841624,0.642261628933,0.336363636364,1.94000937205,1.06700515463,0.536363636364,1.05689877454,0.347276990411,3.54545454545,3.04338842975,1.05689877454,3.54545454545,0.499047619048,0.4,8,0.0484848484848,0.255555555556,11,11,11,1,0,0.0909090909091,0.636363636364,0.272727272727,11,0.118181818182,3.72727272727,2.36363636364,1.3,1.625,1.43336856898,0.6064251638,0.286713286713,0.603022689156,0.510249967747,0.237762237762,1.40129809949,1.18571377649,0.503496503497,2.05382127221,0.551025219373,7,3.72727272727,2.05382127221,7,0,0,0,0,0.22962962963,11,11,11,1,0,0.0909090909091,0.636363636364,0.272727272727,11,18,0.163636363636,3.11363636364,3.27272727273,1.8,2.25,1.42062726223,0.434080552347,0.227272727273,0.924416277737,0.564921058617,0.292929292929,1.68954001271,1.03249667443,0.525252525253,1.14353419474,0.367266456706,3.875,3.11363636364,1.14353419474,3.875,0.366666666667,0.266666666667,4,0.0242424242424,0.221111111111,11,11,11,1,0,0.0909090909091,0.636363636364,0.272727272727,-2,-0.0181818181818,0.0702479338843,-0.363636363636,-0.2,-0.25,-0.268912750482,-0.030542951148,-0.0181818181818,-0.243332138505,-0.0773405703161,-0.0434343434343,-0.250469359339,-0.0345084801933,-0.0111111111111,0.0866354202056,0.0199894662943,0.329545454545,0.0702479338843,0.0866354202056,0.329545454545,-0.132380952381,-0.133333333333,-4,-0.0242424242424,-0.0344444444444,0,0,0,18,0,2,90,0.9,1,0,0.1,1,0.9,0.947368421053,0.938314863257,0.9,0.9,5,7,0,0,0,0
1246,WLNM_dir_neg,0.928571428571,0.609145021645,00:00:01,10,30,39,1173777888,threshold_sweep,0.4,1,0.714285714286,0.833333333333,5,0,2,14,0.714285714286,1,0,0.285714285714,1,0.714285714286,0.833333333333,0.904761904762,0.587301587302,0.769230769231,0.790569415042,0.714285714286,20,13,7,0,20,0,13,0,7,11,20,0.181818181818,3.04338842975,3.63636363636,2,2.5,1.68954001271,0.464623503495,0.245454545455,1.16774841624,0.642261628933,0.336363636364,1.94000937205,1.06700515463,0.536363636364,1.05689877454,0.347276990411,3.54545454545,3.04338842975,1.05689877454,3.54545454545,0.499047619048,0.4,8,0.0484848484848,0.255555555556,11,11,11,1,0,0.0909090909091,0.636363636364,0.272727272727,11,0.118181818182,3.72727272727,2.36363636364,1.3,1.625,1.43336856898,0.6064251638,0.286713286713,0.603022689156,0.510249967747,0.237762237762,1.40129809949,1.18571377649,0.503496503497,2.05382127221,0.551025219373,7,3.72727272727,2.05382127221,7,0,0,0,0,0.22962962963,11,11,11,1,0,0.0909090909091,0.636363636364,0.272727272727,11,18,0.163636363636,3.11363636364,3.27272727273,1.8,2.25,1.42062726223,0.434080552347,0.227272727273,0.924416277737,0.564921058617,0.292929292929,1.68954001271,1.03249667443,0.525252525253,1.14353419474,0.367266456706,3.875,3.11363636364,1.14353419474,3.875,0.366666666667,0.266666666667,4,0.0242424242424,0.221111111111,11,11,11,1,0,0.0909090909091,0.636363636364,0.272727272727,-2,-0.0181818181818,0.0702479338843,-0.363636363636,-0.2,-0.25,-0.268912750482,-0.030542951148,-0.0181818181818,-0.243332138505,-0.0773405703161,-0.0434343434343,-0.250469359339,-0.0345084801933,-0.0111111111111,0.0866354202056,0.0199894662943,0.329545454545,0.0702479338843,0.0866354202056,0.329545454545,-0.132380952381,-0.133333333333,-4,-0.0242424242424,-0.0344444444444,0,0,0,18,0,2,90,0.9,1,0,0.1,1,0.9,0.947368421053,0.938314863257,0.9,0.9,5,7,0,0,0,0
1247,WLNM_dir_neg,0.928571428571,0.609145021645,00:00:01,10,30,39,1173777888,threshold_sweep,0.5,1,0.714285714286,0.833333333333,5,0,2,14,0.714285714286,1,0,0.285714285714,1,0.714285714286,0.833333333333,0.904761904762,0.587301587302,0.769230769231,0.790569415042,0.714285714286,20,13,7,0,20,0,13,0,7,11,20,0.181818181818,3.04338842975,3.63636363636,2,2.5,1.68954001271,0.464623503495,0.245454545455,1.16774841624,0.642261628933,0.336363636364,1.94000937205,1.06700515463,0.536363636364,1.05689877454,0.347276990411,3.54545454545,3.04338842975,1.05689877454,3.54545454545,0.499047619048,0.4,8,0.0484848484848,0.255555555556,11,11,11,1,0,0.0909090909091,0.636363636364,0.272727272727,11,0.118181818182,3.72727272727,2.36363636364,1.3,1.625,1.43336856898,0.6064251638,0.286713286713,0.603022689156,0.510249967747,0.237762237762,1.40129809949,1.18571377649,0.503496503497,2.05382127221,0.551025219373,7,3.72727272727,2.05382127221,7,0,0,0,0,0.22962962963,11,11,11,1,0,0.0909090909091,0.636363636364,0.272727272727,11,18,0.163636363636,3.11363636364,3.27272727273,1.8,2.25,1.42062726223,0.434080552347,0.227272727273,0.924416277737,0.564921058617,0.292929292929,1.68954001271,1.03249667443,0.525252525253,1.14353419474,0.367266456706,3.875,3.11363636364,1.14353419474,3.875,0.366666666667,0.266666666667,4,0.0242424242424,0.221111111111,11,11,11,1,0,0.0909090909091,0.636363636364,0.272727272727,-2,-0.0181818181818,0.0702479338843,-0.363636363636,-0.2,-0.25,-0.268912750482,-0.030542951148,-0.0181818181818,-0.243332138505,-0.0773405703161,-0.0434343434343,-0.250469359339,-0.0345084801933,-0.0111111111111,0.0866354202056,0.0199894662943,0.329545454545,0.0702479338843,0.0866354202056,0.329545454545,-0.132380952381,-0.133333333333,-4,-0.0242424242424,-0.0344444444444,0,0,0,18,0,2,90,0.9,1,0,0.1,1,0.9,0.947368421053,0.938314863257,0.9,0.9,5,7,0,0,0,0
1248,WLNM_dir_neg,0.928571428571,0.609145021645,00:00:01,10,30,39,1173777888,threshold_sweep,0.6,1,0.714285714286,0.833333333333,5,0,2,14,0.714285714286,1,0,0.285714285714,1,0.714285714286,0.833333333333,0.904761904762,0.587301587302,0.769230769231,0.790569415042,0.714285714286,20,13,7,0,20,0,13,0,7,11,20,0.181818181818,3.04338842975,3.63636363636,2,2.5,1.68954001271,0.464623503495,0.245454545455,1.16774841624,0.642261628933,0.336363636364,1.94000937205,1.06700515463,0.536363636364,1.05689877454,0.347276990411,3.54545454545,3.04338842975,1.05689877454,3.54545454545,0.499047619048,0.4,8,0.0484848484848,0.255555555556,11,11,11,1,0,0.0909090909091,0.636363636364,0.272727272727,11,0.118181818182,3.72727272727,2.36363636364,1.3,1.625,1.43336856898,0.6064251638,0.286713286713,0.603022689156,0.510249967747,0.237762237762,1.40129809949,1.18571377649,0.503496503497,2.05382127221,0.551025219373,7,3.72727272727,2.05382127221,7,0,0,0,0,0.22962962963,11,11,11,1,0,0.0909090909091,0.636363636364,0.272727272727,11,18,0.163636363636,3.11363636364,3.27272727273,1.8,2.25,1.42062726223,0.434080552347,0.227272727273,0.924416277737,0.564921058617,0.292929292929,1.68954001271,1.03249667443,0.525252525253,1.14353419474,0.367266456706,3.875,3.11363636364,1.14353419474,3.875,0.366666666667,0.266666666667,4,0.0242424242424,0.221111111111,11,11,11,1,0,0.0909090909091,0.636363636364,0.272727272727,-2,-0.0181818181818,0.0702479338843,-0.363636363636,-0.2,-0.25,-0.268912750482,-0.030542951148,-0.0181818181818,-0.243332138505,-0.0773405703161,-0.0434343434343,-0.250469359339,-0.0345084801933,-0.0111111111111,0.0866354202056,0.0199894662943,0.329545454545,0.0702479338843,0.0866354202056,0.329545454545,-0.132380952381,-0.133333333333,-4,-0.0242424242424,-0.0344444444444,0,0,0,18,0,2,90,0.9,1,0,0.1,1,0.9,0.947368421053,0.938314863257,0.9,0.9,5,7,0,0,0,0
1249,WLNM_dir_neg,0.928571428571,0.609145021645,00:00:01,10,30,39,1173777888,threshold_sweep,0.7,1,0.714285714286,0.833333333333,5,0,2,14,0.714285714286,1,0,0.285714285714,1,0.714285714286,0.833333333333,0.904761904762,0.587301587302,0.769230769231,0.790569415042,0.714285714286,20,13,7,0,20,0,13,0,7,11,20,0.181818181818,3.04338842975,3.63636363636,2,2.5,1.68954001271,0.464623503495,0.245454545455,1.16774841624,0.642261628933,0.336363636364,1.94000937205,1.06700515463,0.536363636364,1.05689877454,0.347276990411,3.54545454545,3.04338842975,1.05689877454,3.54545454545,0.499047619048,0.4,8,0.0484848484848,0.255555555556,11,11,11,1,0,0.0909090909091,0.636363636364,0.272727272727,11,0.118181818182,3.72727272727,2.36363636364,1.3,1.625,1.43336856898,0.6064251638,0.286713286713,0.603022689156,0.510249967747,0.237762237762,1.40129809949,1.18571377649,0.503496503497,2.05382127221,0.551025219373,7,3.72727272727,2.05382127221,7,0,0,0,0,0.22962962963,11,11,11,1,0,0.0909090909091,0.636363636364,0.272727272727,11,18,0.163636363636,3.11363636364,3.27272727273,1.8,2.25,1.42062726223,0.434080552347,0.227272727273,0.924416277737,0.564921058617,0.292929292929,1.68954001271,1.03249667443,0.525252525253,1.14353419474,0.367266456706,3.875,3.11363636364,1.14353419474,3.875,0.366666666667,0.266666666667,4,0.0242424242424,0.221111111111,11,11,11,1,0,0.0909090909091,0.636363636364,0.272727272727,-2,-0.0181818181818,0.0702479338843,-0.363636363636,-0.2,-0.25,-0.268912750482,-0.030542951148,-0.0181818181818,-0.243332138505,-0.0773405703161,-0.0434343434343,-0.250469359339,-0.0345084801933,-0.0111111111111,0.0866354202056,0.0199894662943,0.329545454545,0.0702479338843,0.0866354202056,0.329545454545,-0.132380952381,-0.133333333333,-4,-0.0242424242424,-0.0344444444444,0,0,0,18,0,2,90,0.9,1,0,0.1,1,0.9,0.947368421053,0.938314863257,0.9,0.9,5,7,0,0,0,0
1250,WLNM_dir_neg,0.928571428571,0.609145021645,00:00:01,10,30,39,1173777888,threshold_sweep,0.8,1,0.714285714286,0.833333333333,5,0,2,14,0.714285714286,1,0,0.285714285714,1,0.714285714286,0.833333333333,0.904761904762,0.587301587302,0.769230769231,0.790569415042,0.714285714286,20,13,7,0,20,0,13,0,7,11,20,0.181818181818,3.04338842975,3.63636363636,2,2.5,1.68954001271,0.464623503495,0.245454545455,1.16774841624,0.642261628933,0.336363636364,1.94000937205,1.06700515463,0.536363636364,1.05689877454,0.347276990411,3.54545454545,3.04338842975,1.05689877454,3.54545454545,0.499047619048,0.4,8,0.0484848484848,0.255555555556,11,11,11,1,0,0.0909090909091,0.636363636364,0.272727272727,11,0.118181818182,3.72727272727,2.36363636364,1.3,1.625,1.43336856898,0.6064251638,0.286713286713,0.603022689156,0.510249967747,0.237762237762,1.40129809949,1.18571377649,0.503496503497,2.05382127221,0.551025219373,7,3.72727272727,2.05382127221,7,0,0,0,0,0.22962962963,11,11,11,1,0,0.0909090909091,0.636363636364,0.272727272727,11,18,0.163636363636,3.11363636364,3.27272727273,1.8,2.25,1.42062726223,0.434080552347,0.227272727273,0.924416277737,0.564921058617,0.292929292929,1.68954001271,1.03249667443,0.525252525253,1.14353419474,0.367266456706,3.875,3.11363636364,1.14353419474,3.875,0.366666666667,0.266666666667,4,0.0242424242424,0.221111111111,11,11,11,1,0,0.0909090909091,0.636363636364,0.272727272727,-2,-0.0181818181818,0.0702479338843,-0.363636363636,-0.2,-0.25,-0.268912750482,-0.030542951148,-0.0181818181818,-0.243332138505,-0.0773405703161,-0.0434343434343,-0.250469359339,-0.0345084801933,-0.0111111111111,0.0866354202056,0.0199894662943,0.329545454545,0.0702479338843,0.0866354202056,0.329545454545,-0.132380952381,-0.133333333333,-4,-0.0242424242424,-0.0344444444444,0,0,0,18,0,2,90,0.9,1,0,0.1,1,0.9,0.947368421053,0.938314863257,0.9,0.9,5,7,0,0,0,0
1251,WLNM_dir_neg,0.928571428571,0.609145021645,00:00:01,10,30,39,1173777888,threshold_sweep,0.9,1,0.714285714286,0.833333333333,5,0,2,14,0.714285714286,1,0,0.285714285714,1,0.714285714286,0.833333333333,0.904761904762,0.587301587302,0.769230769231,0.790569415042,0.714285714286,20,13,7,0,20,0,13,0,7,11,20,0.181818181818,3.04338842975,3.63636363636,2,2.5,1.68954001271,0.464623503495,0.245454545455,1.16774841624,0.642261628933,0.336363636364,1.94000937205,1.06700515463,0.536363636364,1.05689877454,0.347276990411,3.54545454545,3.04338842975,1.05689877454,3.54545454545,0.499047619048,0.4,8,0.0484848484848,0.255555555556,11,11,11,1,0,0.0909090909091,0.636363636364,0.272727272727,11,0.118181818182,3.72727272727,2.36363636364,1.3,1.625,1.43336856898,0.6064251638,0.286713286713,0.603022689156,0.510249967747,0.237762237762,1.40129809949,1.18571377649,0.503496503497,2.05382127221,0.551025219373,7,3.72727272727,2.05382127221,7,0,0,0,0,0.22962962963,11,11,11,1,0,0.0909090909091,0.636363636364,0.272727272727,11,18,0.163636363636,3.11363636364,3.27272727273,1.8,2.25,1.42062726223,0.434080552347,0.227272727273,0.924416277737,0.564921058617,0.292929292929,1.68954001271,1.03249667443,0.525252525253,1.14353419474,0.367266456706,3.875,3.11363636364,1.14353419474,3.875,0.366666666667,0.266666666667,4,0.0242424242424,0.221111111111,11,11,11,1,0,0.0909090909091,0.636363636364,0.272727272727,-2,-0.0181818181818,0.0702479338843,-0.363636363636,-0.2,-0.25,-0.268912750482,-0.030542951148,-0.0181818181818,-0.243332138505,-0.0773405703161,-0.0434343434343,-0.250469359339,-0.0345084801933,-0.0111111111111,0.0866354202056,0.0199894662943,0.329545454545,0.0702479338843,0.0866354202056,0.329545454545,-0.132380952381,-0.133333333333,-4,-0.0242424242424,-0.0344444444444,0,0,0,18,0,2,90,0.9,1,0,0.1,1,0.9,0.947368421053,0.938314863257,0.9,0.9,5,7,0,0,0,0
1252,WLNM_dir_neg,0.877551020408,0.714785214785,00:00:01,10,30,40,1173777889,threshold_sweep,0.1,1,0.714285714286,0.833333333333,5,0,2,14,0.714285714286,1,0,0.285714285714,1,0.714285714286,0.833333333333,0.904761904762,0.587301587302,0.769230769231,0.790569415042,0.714285714286,20,13,7,0,20,0,13,0,7,11,20,0.181818181818,3.04338842975,3.63636363636,2,2.5,1.68954001271,0.464623503495,0.245454545455,1.16774841624,0.642261628933,0.336363636364,1.94000937205,1.06700515463,0.536363636364,1.05689877454,0.347276990411,3.54545454545,3.04338842975,1.05689877454,3.54545454545,0.499047619048,0.4,8,0.0484848484848,0.255555555556,11,11,11,1,0,0.0909090909091,0.636363636364,0.272727272727,11,0.118181818182,3.72727272727,2.36363636364,1.3,1.625,1.43336856898,0.6064251638,0.286713286713,0.603022689156,0.510249967747,0.237762237762,1.40129809949,1.18571377649,0.503496503497,2.05382127221,0.551025219373,7,3.72727272727,2.05382127221,7,0,0,0,0,0.22962962963,11,11,11,1,0,0.0909090909091,0.636363636364,0.272727272727,11,18,0.163636363636,3.11363636364,3.27272727273,1.8,2.25,1.42062726223,0.434080552347,0.227272727273,0.924416277737,0.564921058617,0.292929292929,1.68954001271,1.03249667443,0.525252525253,1.14353419474,0.367266456706,3.875,3.11363636364,1.14353419474,3.875,0.366666666667,0.266666666667,4,0.0242424242424,0.221111111111,11,11,11,1,0,0.0909090909091,0.636363636364,0.272727272727,-2,-0.0181818181818,0.0702479338843,-0.363636363636,-0.2,-0.25,-0.268912750482,-0.030542951148,-0.0181818181818,-0.243332138505,-0.0773405703161,-0.0434343434343,-0.250469359339,-0.0345084801933,-0.0111111111111,0.0866354202056,0.0199894662943,0.329545454545,0.0702479338843,0.0866354202056,0.329545454545,-0.132380952381,-0.133333333333,-4,-0.0242424242424,-0.0344444444444,0,0,0,18,0,2,90,0.9,1,0,0.1,1,0.9,0.947368421053,0.938314863257,0.9,0.9,5,7,0,0,0,0
1253,WLNM_dir_neg,0.877551020408,0.714785214785,00:00:01,10,30,40,1173777889,threshold_sweep,0.2,1,0.714285714286,0.833333333333,5,0,2,14,0.714285714286,1,0,0.285714285714,1,0.714285714286,0.833333333333,0.904761904762,0.587301587302,0.769230769231,0.790569415042,0.714285714286,20,13,7,0,20,0,13,0,7,11,20,0.181818181818,3.04338842975,3.63636363636,2,2.5,1.68954001271,0.464623503495,0.245454545455,1.16774841624,0.642261628933,0.336363636364,1.94000937205,1.06700515463,0.536363636364,1.05689877454,0.347276990411,3.54545454545,3.04338842975,1.05689877454,3.54545454545,0.499047619048,0.4,8,0.0484848484848,0.255555555556,11,11,11,1,0,0.0909090909091,0.636363636364,0.272727272727,11,0.118181818182,3.72727272727,2.36363636364,1.3,1.625,1.43336856898,0.6064251638,0.286713286713,0.603022689156,0.510249967747,0.237762237762,1.40129809949,1.18571377649,0.503496503497,2.05382127221,0.551025219373,7,3.72727272727,2.05382127221,7,0,0,0,0,0.22962962963,11,11,11,1,0,0.0909090909091,0.636363636364,0.272727272727,11,18,0.163636363636,3.11363636364,3.27272727273,1.8,2.25,1.42062726223,0.434080552347,0.227272727273,0.924416277737,0.564921058617,0.292929292929,1.68954001271,1.03249667443,0.525252525253,1.14353419474,0.367266456706,3.875,3.11363636364,1.14353419474,3.875,0.366666666667,0.266666666667,4,0.0242424242424,0.221111111111,11,11,11,1,0,0.0909090909091,0.636363636364,0.272727272727,-2,-0.0181818181818,0.0702479338843,-0.363636363636,-0.2,-0.25,-0.268912750482,-0.030542951148,-0.0181818181818,-0.243332138505,-0.0773405703161,-0.0434343434343,-0.250469359339,-0.0345084801933,-0.0111111111111,0.0866354202056,0.0199894662943,0.329545454545,0.0702479338843,0.0866354202056,0.329545454545,-0.132380952381,-0.133333333333,-4,-0.0242424242424,-0.0344444444444,0,0,0,18,0,2,90,0.9,1,0,0.1,1,0.9,0.947368421053,0.938314863257,0.9,0.9,5,7,0,0,0,0
1254,WLNM_dir_neg,0.877551020408,0.714785214785,00:00:01,10,30,40,1173777889,threshold_sweep,0.3,1,0.714285714286,0.833333333333,5,0,2,14,0.714285714286,1,0,0.285714285714,1,0.714285714286,0.833333333333,0.904761904762,0.587301587302,0.769230769231,0.790569415042,0.714285714286,20,13,7,0,20,0,13,0,7,11,20,0.181818181818,3.04338842975,3.63636363636,2,2.5,1.68954001271,0.464623503495,0.245454545455,1.16774841624,0.642261628933,0.336363636364,1.94000937205,1.06700515463,0.536363636364,1.05689877454,0.347276990411,3.54545454545,3.04338842975,1.05689877454,3.54545454545,0.499047619048,0.4,8,0.0484848484848,0.255555555556,11,11,11,1,0,0.0909090909091,0.636363636364,0.272727272727,11,0.118181818182,3.72727272727,2.36363636364,1.3,1.625,1.43336856898,0.6064251638,0.286713286713,0.603022689156,0.510249967747,0.237762237762,1.40129809949,1.18571377649,0.503496503497,2.05382127221,0.551025219373,7,3.72727272727,2.05382127221,7,0,0,0,0,0.22962962963,11,11,11,1,0,0.0909090909091,0.636363636364,0.272727272727,11,18,0.163636363636,3.11363636364,3.27272727273,1.8,2.25,1.42062726223,0.434080552347,0.227272727273,0.924416277737,0.564921058617,0.292929292929,1.68954001271,1.03249667443,0.525252525253,1.14353419474,0.367266456706,3.875,3.11363636364,1.14353419474,3.875,0.366666666667,0.266666666667,4,0.0242424242424,0.221111111111,11,11,11,1,0,0.0909090909091,0.636363636364,0.272727272727,-2,-0.0181818181818,0.0702479338843,-0.363636363636,-0.2,-0.25,-0.268912750482,-0.030542951148,-0.0181818181818,-0.243332138505,-0.0773405703161,-0.0434343434343,-0.250469359339,-0.0345084801933,-0.0111111111111,0.0866354202056,0.0199894662943,0.329545454545,0.0702479338843,0.0866354202056,0.329545454545,-0.132380952381,-0.133333333333,-4,-0.0242424242424,-0.0344444444444,0,0,0,18,0,2,90,0.9,1,0,0.1,1,0.9,0.947368421053,0.938314863257,0.9,0.9,5,7,0,0,0,0
1255,WLNM_dir_neg,0.877551020408,0.714785214785,00:00:01,10,30,40,1173777889,threshold_sweep,0.4,1,0.714285714286,0.833333333333,5,0,2,14,0.714285714286,1,0,0.285714285714,1,0.714285714286,0.833333333333,0.904761904762,0.587301587302,0.769230769231,0.790569415042,0.714285714286,20,13,7,0,20,0,13,0,7,11,20,0.181818181818,3.04338842975,3.63636363636,2,2.5,1.68954001271,0.464623503495,0.245454545455,1.16774841624,0.642261628933,0.336363636364,1.94000937205,1.06700515463,0.536363636364,1.05689877454,0.347276990411,3.54545454545,3.04338842975,1.05689877454,3.54545454545,0.499047619048,0.4,8,0.0484848484848,0.255555555556,11,11,11,1,0,0.0909090909091,0.636363636364,0.272727272727,11,0.118181818182,3.72727272727,2.36363636364,1.3,1.625,1.43336856898,0.6064251638,0.286713286713,0.603022689156,0.510249967747,0.237762237762,1.40129809949,1.18571377649,0.503496503497,2.05382127221,0.551025219373,7,3.72727272727,2.05382127221,7,0,0,0,0,0.22962962963,11,11,11,1,0,0.0909090909091,0.636363636364,0.272727272727,11,18,0.163636363636,3.11363636364,3.27272727273,1.8,2.25,1.42062726223,0.434080552347,0.227272727273,0.924416277737,0.564921058617,0.292929292929,1.68954001271,1.03249667443,0.525252525253,1.14353419474,0.367266456706,3.875,3.11363636364,1.14353419474,3.875,0.366666666667,0.266666666667,4,0.0242424242424,0.221111111111,11,11,11,1,0,0.0909090909091,0.636363636364,0.272727272727,-2,-0.0181818181818,0.0702479338843,-0.363636363636,-0.2,-0.25,-0.268912750482,-0.030542951148,-0.0181818181818,-0.243332138505,-0.0773405703161,-0.0434343434343,-0.250469359339,-0.0345084801933,-0.0111111111111,0.0866354202056,0.0199894662943,0.329545454545,0.0702479338843,0.0866354202056,0.329545454545,-0.132380952381,-0.133333333333,-4,-0.0242424242424,-0.0344444444444,0,0,0,18,0,2,90,0.9,1,0,0.1,1,0.9,0.947368421053,0.938314863257,0.9,0.9,5,7,0,0,0,0
1256,WLNM_dir_neg,0.877551020408,0.714785214785,00:00:01,10,30,40,1173777889,threshold_sweep,0.5,1,0.714285714286,0.833333333333,5,0,2,14,0.714285714286,1,0,0.285714285714,1,0.714285714286,0.833333333333,0.904761904762,0.587301587302,0.769230769231,0.790569415042,0.714285714286,20,13,7,0,20,0,13,0,7,11,20,0.181818181818,3.04338842975,3.63636363636,2,2.5,1.68954001271,0.464623503495,0.245454545455,1.16774841624,0.642261628933,0.336363636364,1.94000937205,1.06700515463,0.536363636364,1.05689877454,0.347276990411,3.54545454545,3.04338842975,1.05689877454,3.54545454545,0.499047619048,0.4,8,0.0484848484848,0.255555555556,11,11,11,1,0,0.0909090909091,0.636363636364,0.272727272727,11,0.118181818182,3.72727272727,2.36363636364,1.3,1.625,1.43336856898,0.6064251638,0.286713286713,0.603022689156,0.510249967747,0.237762237762,1.40129809949,1.18571377649,0.503496503497,2.05382127221,0.551025219373,7,3.72727272727,2.05382127221,7,0,0,0,0,0.22962962963,11,11,11,1,0,0.0909090909091,0.636363636364,0.272727272727,11,18,0.163636363636,3.11363636364,3.27272727273,1.8,2.25,1.42062726223,0.434080552347,0.227272727273,0.924416277737,0.564921058617,0.292929292929,1.68954001271,1.03249667443,0.525252525253,1.14353419474,0.367266456706,3.875,3.11363636364,1.14353419474,3.875,0.366666666667,0.266666666667,4,0.0242424242424,0.221111111111,11,11,11,1,0,0.0909090909091,0.636363636364,0.272727272727,-2,-0.0181818181818,0.0702479338843,-0.363636363636,-0.2,-0.25,-0.268912750482,-0.030542951148,-0.0181818181818,-0.243332138505,-0.0773405703161,-0.0434343434343,-0.250469359339,-0.0345084801933,-0.0111111111111,0.0866354202056,0.0199894662943,0.329545454545,0.0702479338843,0.0866354202056,0.329545454545,-0.132380952381,-0.133333333333,-4,-0.0242424242424,-0.0344444444444,0,0,0,18,0,2,90,0.9,1,0,0.1,1,0.9,0.947368421053,0.938314863257,0.9,0.9,5,7,0,0,0,0
1257,WLNM_dir_neg,0.877551020408,0.714785214785,00:00:01,10,30,40,1173777889,threshold_sweep,0.6,1,0.714285714286,0.833333333333,5,0,2,14,0.714285714286,1,0,0.285714285714,1,0.714285714286,0.833333333333,0.904761904762,0.587301587302,0.769230769231,0.790569415042,0.714285714286,20,13,7,0,20,0,13,0,7,11,20,0.181818181818,3.04338842975,3.63636363636,2,2.5,1.68954001271,0.464623503495,0.245454545455,1.16774841624,0.642261628933,0.336363636364,1.94000937205,1.06700515463,0.536363636364,1.05689877454,0.347276990411,3.54545454545,3.04338842975,1.05689877454,3.54545454545,0.499047619048,0.4,8,0.0484848484848,0.255555555556,11,11,11,1,0,0.0909090909091,0.636363636364,0.272727272727,11,0.118181818182,3.72727272727,2.36363636364,1.3,1.625,1.43336856898,0.6064251638,0.286713286713,0.603022689156,0.510249967747,0.237762237762,1.40129809949,1.18571377649,0.503496503497,2.05382127221,0.551025219373,7,3.72727272727,2.05382127221,7,0,0,0,0,0.22962962963,11,11,11,1,0,0.0909090909091,0.636363636364,0.272727272727,11,18,0.163636363636,3.11363636364,3.27272727273,1.8,2.25,1.42062726223,0.434080552347,0.227272727273,0.924416277737,0.564921058617,0.292929292929,1.68954001271,1.03249667443,0.525252525253,1.14353419474,0.367266456706,3.875,3.11363636364,1.14353419474,3.875,0.366666666667,0.266666666667,4,0.0242424242424,0.221111111111,11,11,11,1,0,0.0909090909091,0.636363636364,0.272727272727,-2,-0.0181818181818,0.0702479338843,-0.363636363636,-0.2,-0.25,-0.268912750482,-0.030542951148,-0.0181818181818,-0.243332138505,-0.0773405703161,-0.0434343434343,-0.250469359339,-0.0345084801933,-0.0111111111111,0.0866354202056,0.0199894662943,0.329545454545,0.0702479338843,0.0866354202056,0.329545454545,-0.132380952381,-0.133333333333,-4,-0.0242424242424,-0.0344444444444,0,0,0,18,0,2,90,0.9,1,0,0.1,1,0.9,0.947368421053,0.938314863257,0.9,0.9,5,7,0,0,0,0
1258,WLNM_dir_neg,0.877551020408,0.714785214785,00:00:01,10,30,40,1173777889,threshold_sweep,0.7,1,0.714285714286,0.833333333333,5,0,2,14,0.714285714286,1,0,0.285714285714,1,0.714285714286,0.833333333333,0.904761904762,0.587301587302,0.769230769231,0.790569415042,0.714285714286,20,13,7,0,20,0,13,0,7,11,20,0.181818181818,3.04338842975,3.63636363636,2,2.5,1.68954001271,0.464623503495,0.245454545455,1.16774841624,0.642261628933,0.336363636364,1.94000937205,1.06700515463,0.536363636364,1.05689877454,0.347276990411,3.54545454545,3.04338842975,1.05689877454,3.54545454545,0.499047619048,0.4,8,0.0484848484848,0.255555555556,11,11,11,1,0,0.0909090909091,0.636363636364,0.272727272727,11,0.118181818182,3.72727272727,2.36363636364,1.3,1.625,1.43336856898,0.6064251638,0.286713286713,0.603022689156,0.510249967747,0.237762237762,1.40129809949,1.18571377649,0.503496503497,2.05382127221,0.551025219373,7,3.72727272727,2.05382127221,7,0,0,0,0,0.22962962963,11,11,11,1,0,0.0909090909091,0.636363636364,0.272727272727,11,18,0.163636363636,3.11363636364,3.27272727273,1.8,2.25,1.42062726223,0.434080552347,0.227272727273,0.924416277737,0.564921058617,0.292929292929,1.68954001271,1.03249667443,0.525252525253,1.14353419474,0.367266456706,3.875,3.11363636364,1.14353419474,3.875,0.366666666667,0.266666666667,4,0.0242424242424,0.221111111111,11,11,11,1,0,0.0909090909091,0.636363636364,0.272727272727,-2,-0.0181818181818,0.0702479338843,-0.363636363636,-0.2,-0.25,-0.268912750482,-0.030542951148,-0.0181818181818,-0.243332138505,-0.0773405703161,-0.0434343434343,-0.250469359339,-0.0345084801933,-0.0111111111111,0.0866354202056,0.0199894662943,0.329545454545,0.0702479338843,0.0866354202056,0.329545454545,-0.132380952381,-0.133333333333,-4,-0.0242424242424,-0.0344444444444,0,0,0,18,0,2,90,0.9,1,0,0.1,1,0.9,0.947368421053,0.938314863257,0.9,0.9,5,7,0,0,0,0
1259,WLNM_dir_neg,0.877551020408,0.714785214785,00:00:01,10,30,40,1173777889,threshold_sweep,0.8,1,0.714285714286,0.833333333333,5,0,2,14,0.714285714286,1,0,0.285714285714,1,0.714285714286,0.833333333333,0.904761904762,0.587301587302,0.769230769231,0.790569415042,0.714285714286,20,13,7,0,20,0,13,0,7,11,20,0.181818181818,3.04338842975,3.63636363636,2,2.5,1.68954001271,0.464623503495,0.245454545455,1.16774841624,0.642261628933,0.336363636364,1.94000937205,1.06700515463,0.536363636364,1.05689877454,0.347276990411,3.54545454545,3.04338842975,1.05689877454,3.54545454545,0.499047619048,0.4,8,0.0484848484848,0.255555555556,11,11,11,1,0,0.0909090909091,0.636363636364,0.272727272727,11,0.118181818182,3.72727272727,2.36363636364,1.3,1.625,1.43336856898,0.6064251638,0.286713286713,0.603022689156,0.510249967747,0.237762237762,1.40129809949,1.18571377649,0.503496503497,2.05382127221,0.551025219373,7,3.72727272727,2.05382127221,7,0,0,0,0,0.22962962963,11,11,11,1,0,0.0909090909091,0.636363636364,0.272727272727,11,18,0.163636363636,3.11363636364,3.27272727273,1.8,2.25,1.42062726223,0.434080552347,0.227272727273,0.924416277737,0.564921058617,0.292929292929,1.68954001271,1.03249667443,0.525252525253,1.14353419474,0.367266456706,3.875,3.11363636364,1.14353419474,3.875,0.366666666667,0.266666666667,4,0.0242424242424,0.221111111111,11,11,11,1,0,0.0909090909091,0.636363636364,0.272727272727,-2,-0.0181818181818,0.0702479338843,-0.363636363636,-0.2,-0.25,-0.268912750482,-0.030542951148,-0.0181818181818,-0.243332138505,-0.0773405703161,-0.0434343434343,-0.250469359339,-0.0345084801933,-0.0111111111111,0.0866354202056,0.0199894662943,0.329545454545,0.0702479338843,0.0866354202056,0.329545454545,-0.132380952381,-0.133333333333,-4,-0.0242424242424,-0.0344444444444,0,0,0,18,0,2,90,0.9,1,0,0.1,1,0.9,0.947368421053,0.938314863257,0.9,0.9,5,7,0,0,0,0
1260,WLNM_dir_neg,0.877551020408,0.714785214785,00:00:01,10,30,40,1173777889,threshold_sweep,0.9,1,0.714285714286,0.833333333333,5,0,2,14,0.714285714286,1,0,0.285714285714,1,0.714285714286,0.833333333333,0.904761904762,0.587301587302,0.769230769231,0.790569415042,0.714285714286,20,13,7,0,20,0,13,0,7,11,20,0.181818181818,3.04338842975,3.63636363636,2,2.5,1.68954001271,0.464623503495,0.245454545455,1.16774841624,0.642261628933,0.336363636364,1.94000937205,1.06700515463,0.536363636364,1.05689877454,0.347276990411,3.54545454545,3.04338842975,1.05689877454,3.54545454545,0.499047619048,0.4,8,0.0484848484848,0.255555555556,11,11,11,1,0,0.0909090909091,0.636363636364,0.272727272727,11,0.118181818182,3.72727272727,2.36363636364,1.3,1.625,1.43336856898,0.6064251638,0.286713286713,0.603022689156,0.510249967747,0.237762237762,1.40129809949,1.18571377649,0.503496503497,2.05382127221,0.551025219373,7,3.72727272727,2.05382127221,7,0,0,0,0,0.22962962963,11,11,11,1,0,0.0909090909091,0.636363636364,0.272727272727,11,18,0.163636363636,3.11363636364,3.27272727273,1.8,2.25,1.42062726223,0.434080552347,0.227272727273,0.924416277737,0.564921058617,0.292929292929,1.68954001271,1.03249667443,0.525252525253,1.14353419474,0.367266456706,3.875,3.11363636364,1.14353419474,3.875,0.366666666667,0.266666666667,4,0.0242424242424,0.221111111111,11,11,11,1,0,0.0909090909091,0.636363636364,0.272727272727,-2,-0.0181818181818,0.0702479338843,-0.363636363636,-0.2,-0.25,-0.268912750482,-0.030542951148,-0.0181818181818,-0.243332138505,-0.0773405703161,-0.0434343434343,-0.250469359339,-0.0345084801933,-0.0111111111111,0.0866354202056,0.0199894662943,0.329545454545,0.0702479338843,0.0866354202056,0.329545454545,-0.132380952381,-0.133333333333,-4,-0.0242424242424,-0.0344444444444,0,0,0,18,0,2,90,0.9,1,0,0.1,1,0.9,0.947368421053,0.938314863257,0.9,0.9,5,7,0,0,0,0
1261,WLNM_dir_neg,0.84693877551,0.533791208791,00:00:01,10,30,41,1173777890,threshold_sweep,0.1,1,0.571428571429,0.727272727273,4,0,3,14,0.571428571429,1,0,0.428571428571,1,0.571428571429,0.727272727273,0.857142857143,0.603174603175,0.64,0.68599434057,0.571428571429,20,13,7,0,20,0,13,0,7,11,20,0.181818181818,3.04338842975,3.63636363636,2,2.5,1.68954001271,0.464623503495,0.245454545455,1.16774841624,0.642261628933,0.336363636364,1.94000937205,1.06700515463,0.536363636364,1.05689877454,0.347276990411,3.54545454545,3.04338842975,1.05689877454,3.54545454545,0.499047619048,0.4,8,0.0484848484848,0.255555555556,11,11,11,1,0,0.0909090909091,0.636363636364,0.272727272727,11,0.118181818182,3.72727272727,2.36363636364,1.3,1.625,1.43336856898,0.6064251638,0.286713286713,0.603022689156,0.510249967747,0.237762237762,1.40129809949,1.18571377649,0.503496503497,2.05382127221,0.551025219373,7,3.72727272727,2.05382127221,7,0,0,0,0,0.22962962963,11,11,11,1,0,0.0909090909091,0.636363636364,0.272727272727,11,17,0.154545454545,3.17727272727,3.09090909091,1.7,2.125,1.30034960334,0.420701342257,0.208556149733,0.820199532265,0.530717344407,0.267379679144,1.57249078621,1.01749403814,0.513368983957,1.2536673475,0.394573414091,4.4,3.17727272727,1.2536673475,4.4,0.213333333333,0.153846153846,2,0.0121212121212,0.205555555556,11,11,11,1,0,0.0909090909091,0.636363636364,0.272727272727,-3,-0.0272727272727,0.133884297521,-0.545454545455,-0.3,-0.375,-0.389190409368,-0.0439221612377,-0.0368983957219,-0.347548883978,-0.111544284527,-0.0689839572193,-0.367518585835,-0.0495111164884,-0.0229946524064,0.196768572961,0.0472964236795,0.854545454545,0.133884297521,0.196768572961,0.854545454545,-0.285714285714,-0.246153846154,-6,-0.0363636363636,-0.05,0,0,0,17,0,3,90,0.85,1,0,0.15,1,0.85,0.918918918919,0.906962317388,0.85,0.85,4,7,0,0,0,0
1262,WLNM_dir_neg,0.84693877551,0.533791208791,00:00:01,10,30,41,1173777890,threshold_sweep,0.2,1,0.571428571429,0.727272727273,4,0,3,14,0.571428571429,1,0,0.428571428571,1,0.571428571429,0.727272727273,0.857142857143,0.603174603175,0.64,0.68599434057,0.571428571429,20,13,7,0,20,0,13,0,7,11,20,0.181818181818,3.04338842975,3.63636363636,2,2.5,1.68954001271,0.464623503495,0.245454545455,1.16774841624,0.642261628933,0.336363636364,1.94000937205,1.06700515463,0.536363636364,1.05689877454,0.347276990411,3.54545454545,3.04338842975,1.05689877454,3.54545454545,0.499047619048,0.4,8,0.0484848484848,0.255555555556,11,11,11,1,0,0.0909090909091,0.636363636364,0.272727272727,11,0.118181818182,3.72727272727,2.36363636364,1.3,1.625,1.43336856898,0.6064251638,0.286713286713,0.603022689156,0.510249967747,0.237762237762,1.40129809949,1.18571377649,0.503496503497,2.05382127221,0.551025219373,7,3.72727272727,2.05382127221,7,0,0,0,0,0.22962962963,11,11,11,1,0,0.0909090909091,0.636363636364,0.272727272727,11,17,0.154545454545,3.17727272727,3.09090909091,1.7,2.125,1.30034960334,0.420701342257,0.208556149733,0.820199532265,0.530717344407,0.267379679144,1.57249078621,1.01749403814,0.513368983957,1.2536673475,0.394573414091,4.4,3.17727272727,1.2536673475,4.4,0.213333333333,0.153846153846,2,0.0121212121212,0.205555555556,11,11,11,1,0,0.0909090909091,0.636363636364,0.272727272727,-3,-0.0272727272727,0.133884297521,-0.545454545455,-0.3,-0.375,-0.389190409368,-0.0439221612377,-0.0368983957219,-0.347548883978,-0.111544284527,-0.0689839572193,-0.367518585835,-0.0495111164884,-0.0229946524064,0.196768572961,0.0472964236795,0.854545454545,0.133884297521,0.196768572961,0.854545454545,-0.285714285714,-0.246153846154,-6,-0.0363636363636,-0.05,0,0,0,17,0,3,90,0.85,1,0,0.15,1,0.85,0.918918918919,0.906962317388,0.85,0.85,4,7,0,0,0,0
1263,WLNM_dir_neg,0.84693877551,0.533791208791,00:00:01,10,30,41,1173777890,threshold_sweep,0.3,1,0.571428571429,0.727272727273,4,0,3,14,0.571428571429,1,0,0.428571428571,1,0.571428571429,0.727272727273,0.857142857143,0.603174603175,0.64,0.68599434057,0.571428571429,20,13,7,0,20,0,13,0,7,11,20,0.181818181818,3.04338842975,3.63636363636,2,2.5,1.68954001271,0.464623503495,0.245454545455,1.16774841624,0.642261628933,0.336363636364,1.94000937205,1.06700515463,0.536363636364,1.05689877454,0.347276990411,3.54545454545,3.04338842975,1.05689877454,3.54545454545,0.499047619048,0.4,8,0.0484848484848,0.255555555556,11,11,11,1,0,0.0909090909091,0.636363636364,0.272727272727,11,0.118181818182,3.72727272727,2.36363636364,1.3,1.625,1.43336856898,0.6064251638,0.286713286713,0.603022689156,0.510249967747,0.237762237762,1.40129809949,1.18571377649,0.503496503497,2.05382127221,0.551025219373,7,3.72727272727,2.05382127221,7,0,0,0,0,0.22962962963,11,11,11,1,0,0.0909090909091,0.636363636364,0.272727272727,11,17,0.154545454545,3.17727272727,3.09090909091,1.7,2.125,1.30034960334,0.420701342257,0.208556149733,0.820199532265,0.530717344407,0.267379679144,1.57249078621,1.01749403814,0.513368983957,1.2536673475,0.394573414091,4.4,3.17727272727,1.2536673475,4.4,0.213333333333,0.153846153846,2,0.0121212121212,0.205555555556,11,11,11,1,0,0.0909090909091,0.636363636364,0.272727272727,-3,-0.0272727272727,0.133884297521,-0.545454545455,-0.3,-0.375,-0.389190409368,-0.0439221612377,-0.0368983957219,-0.347548883978,-0.111544284527,-0.0689839572193,-0.367518585835,-0.0495111164884,-0.0229946524064,0.196768572961,0.0472964236795,0.854545454545,0.133884297521,0.196768572961,0.854545454545,-0.285714285714,-0.246153846154,-6,-0.0363636363636,-0.05,0,0,0,17,0,3,90,0.85,1,0,0.15,1,0.85,0.918918918919,0.906962317388,0.85,0.85,4,7,0,0,0,0
1264,WLNM_dir_neg,0.84693877551,0.533791208791,00:00:01,10,30,41,1173777890,threshold_sweep,0.4,1,0.571428571429,0.727272727273,4,0,3,14,0.571428571429,1,0,0.428571428571,1,0.571428571429,0.727272727273,0.857142857143,0.603174603175,0.64,0.68599434057,0.571428571429,20,13,7,0,20,0,13,0,7,11,20,0.181818181818,3.04338842975,3.63636363636,2,2.5,1.68954001271,0.464623503495,0.245454545455,1.16774841624,0.642261628933,0.336363636364,1.94000937205,1.06700515463,0.536363636364,1.05689877454,0.347276990411,3.54545454545,3.04338842975,1.05689877454,3.54545454545,0.499047619048,0.4,8,0.0484848484848,0.255555555556,11,11,11,1,0,0.0909090909091,0.636363636364,0.272727272727,11,0.118181818182,3.72727272727,2.36363636364,1.3,1.625,1.43336856898,0.6064251638,0.286713286713,0.603022689156,0.510249967747,0.237762237762,1.40129809949,1.18571377649,0.503496503497,2.05382127221,0.551025219373,7,3.72727272727,2.05382127221,7,0,0,0,0,0.22962962963,11,11,11,1,0,0.0909090909091,0.636363636364,0.272727272727,11,17,0.154545454545,3.17727272727,3.09090909091,1.7,2.125,1.30034960334,0.420701342257,0.208556149733,0.820199532265,0.530717344407,0.267379679144,1.57249078621,1.01749403814,0.513368983957,1.2536673475,0.394573414091,4.4,3.17727272727,1.2536673475,4.4,0.213333333333,0.153846153846,2,0.0121212121212,0.205555555556,11,11,11,1,0,0.0909090909091,0.636363636364,0.272727272727,-3,-0.0272727272727,0.133884297521,-0.545454545455,-0.3,-0.375,-0.389190409368,-0.0439221612377,-0.0368983957219,-0.347548883978,-0.111544284527,-0.0689839572193,-0.367518585835,-0.0495111164884,-0.0229946524064,0.196768572961,0.0472964236795,0.854545454545,0.133884297521,0.196768572961,0.854545454545,-0.285714285714,-0.246153846154,-6,-0.0363636363636,-0.05,0,0,0,17,0,3,90,0.85,1,0,0.15,1,0.85,0.918918918919,0.906962317388,0.85,0.85,4,7,0,0,0,0
1265,WLNM_dir_neg,0.84693877551,0.533791208791,00:00:01,10,30,41,1173777890,threshold_sweep,0.5,1,0.571428571429,0.727272727273,4,0,3,14,0.571428571429,1,0,0.428571428571,1,0.571428571429,0.727272727273,0.857142857143,0.603174603175,0.64,0.68599434057,0.571428571429,20,13,7,0,20,0,13,0,7,11,20,0.181818181818,3.04338842975,3.63636363636,2,2.5,1.68954001271,0.464623503495,0.245454545455,1.16774841624,0.642261628933,0.336363636364,1.94000937205,1.06700515463,0.536363636364,1.05689877454,0.347276990411,3.54545454545,3.04338842975,1.05689877454,3.54545454545,0.499047619048,0.4,8,0.0484848484848,0.255555555556,11,11,11,1,0,0.0909090909091,0.636363636364,0.272727272727,11,0.118181818182,3.72727272727,2.36363636364,1.3,1.625,1.43336856898,0.6064251638,0.286713286713,0.603022689156,0.510249967747,0.237762237762,1.40129809949,1.18571377649,0.503496503497,2.05382127221,0.551025219373,7,3.72727272727,2.05382127221,7,0,0,0,0,0.22962962963,11,11,11,1,0,0.0909090909091,0.636363636364,0.272727272727,11,17,0.154545454545,3.17727272727,3.09090909091,1.7,2.125,1.30034960334,0.420701342257,0.208556149733,0.820199532265,0.530717344407,0.267379679144,1.57249078621,1.01749403814,0.513368983957,1.2536673475,0.394573414091,4.4,3.17727272727,1.2536673475,4.4,0.213333333333,0.153846153846,2,0.0121212121212,0.205555555556,11,11,11,1,0,0.0909090909091,0.636363636364,0.272727272727,-3,-0.0272727272727,0.133884297521,-0.545454545455,-0.3,-0.375,-0.389190409368,-0.0439221612377,-0.0368983957219,-0.347548883978,-0.111544284527,-0.0689839572193,-0.367518585835,-0.0495111164884,-0.0229946524064,0.196768572961,0.0472964236795,0.854545454545,0.133884297521,0.196768572961,0.854545454545,-0.285714285714,-0.246153846154,-6,-0.0363636363636,-0.05,0,0,0,17,0,3,90,0.85,1,0,0.15,1,0.85,0.918918918919,0.906962317388,0.85,0.85,4,7,0,0,0,0
1266,WLNM_dir_neg,0.84693877551,0.533791208791,00:00:01,10,30,41,1173777890,threshold_sweep,0.6,1,0.571428571429,0.727272727273,4,0,3,14,0.571428571429,1,0,0.428571428571,1,0.571428571429,0.727272727273,0.857142857143,0.603174603175,0.64,0.68599434057,0.571428571429,20,13,7,0,20,0,13,0,7,11,20,0.181818181818,3.04338842975,3.63636363636,2,2.5,1.68954001271,0.464623503495,0.245454545455,1.16774841624,0.642261628933,0.336363636364,1.94000937205,1.06700515463,0.536363636364,1.05689877454,0.347276990411,3.54545454545,3.04338842975,1.05689877454,3.54545454545,0.499047619048,0.4,8,0.0484848484848,0.255555555556,11,11,11,1,0,0.0909090909091,0.636363636364,0.272727272727,11,0.118181818182,3.72727272727,2.36363636364,1.3,1.625,1.43336856898,0.6064251638,0.286713286713,0.603022689156,0.510249967747,0.237762237762,1.40129809949,1.18571377649,0.503496503497,2.05382127221,0.551025219373,7,3.72727272727,2.05382127221,7,0,0,0,0,0.22962962963,11,11,11,1,0,0.0909090909091,0.636363636364,0.272727272727,11,17,0.154545454545,3.17727272727,3.09090909091,1.7,2.125,1.30034960334,0.420701342257,0.208556149733,0.820199532265,0.530717344407,0.267379679144,1.57249078621,1.01749403814,0.513368983957,1.2536673475,0.394573414091,4.4,3.17727272727,1.2536673475,4.4,0.213333333333,0.153846153846,2,0.0121212121212,0.205555555556,11,11,11,1,0,0.0909090909091,0.636363636364,0.272727272727,-3,-0.0272727272727,0.133884297521,-0.545454545455,-0.3,-0.375,-0.389190409368,-0.0439221612377,-0.0368983957219,-0.347548883978,-0.111544284527,-0.0689839572193,-0.367518585835,-0.0495111164884,-0.0229946524064,0.196768572961,0.0472964236795,0.854545454545,0.133884297521,0.196768572961,0.854545454545,-0.285714285714,-0.246153846154,-6,-0.0363636363636,-0.05,0,0,0,17,0,3,90,0.85,1,0,0.15,1,0.85,0.918918918919,0.906962317388,0.85,0.85,4,7,0,0,0,0
1267,WLNM_dir_neg,0.84693877551,0.533791208791,00:00:01,10,30,41,1173777890,threshold_sweep,0.7,1,0.571428571429,0.727272727273,4,0,3,14,0.571428571429,1,0,0.428571428571,1,0.571428571429,0.727272727273,0.857142857143,0.603174603175,0.64,0.68599434057,0.571428571429,20,13,7,0,20,0,13,0,7,11,20,0.181818181818,3.04338842975,3.63636363636,2,2.5,1.68954001271,0.464623503495,0.245454545455,1.16774841624,0.642261628933,0.336363636364,1.94000937205,1.06700515463,0.536363636364,1.05689877454,0.347276990411,3.54545454545,3.04338842975,1.05689877454,3.54545454545,0.499047619048,0.4,8,0.0484848484848,0.255555555556,11,11,11,1,0,0.0909090909091,0.636363636364,0.272727272727,11,0.118181818182,3.72727272727,2.36363636364,1.3,1.625,1.43336856898,0.6064251638,0.286713286713,0.603022689156,0.510249967747,0.237762237762,1.40129809949,1.18571377649,0.503496503497,2.05382127221,0.551025219373,7,3.72727272727,2.05382127221,7,0,0,0,0,0.22962962963,11,11,11,1,0,0.0909090909091,0.636363636364,0.272727272727,11,17,0.154545454545,3.17727272727,3.09090909091,1.7,2.125,1.30034960334,0.420701342257,0.208556149733,0.820199532265,0.530717344407,0.267379679144,1.57249078621,1.01749403814,0.513368983957,1.2536673475,0.394573414091,4.4,3.17727272727,1.2536673475,4.4,0.213333333333,0.153846153846,2,0.0121212121212,0.205555555556,11,11,11,1,0,0.0909090909091,0.636363636364,0.272727272727,-3,-0.0272727272727,0.133884297521,-0.545454545455,-0.3,-0.375,-0.389190409368,-0.0439221612377,-0.0368983957219,-0.347548883978,-0.111544284527,-0.0689839572193,-0.367518585835,-0.0495111164884,-0.0229946524064,0.196768572961,0.0472964236795,0.854545454545,0.133884297521,0.196768572961,0.854545454545,-0.285714285714,-0.246153846154,-6,-0.0363636363636,-0.05,0,0,0,17,0,3,90,0.85,1,0,0.15,1,0.85,0.918918918919,0.906962317388,0.85,0.85,4,7,0,0,0,0
1268,WLNM_dir_neg,0.84693877551,0.533791208791,00:00:01,10,30,41,1173777890,threshold_sweep,0.8,1,0.571428571429,0.727272727273,4,0,3,14,0.571428571429,1,0,0.428571428571,1,0.571428571429,0.727272727273,0.857142857143,0.603174603175,0.64,0.68599434057,0.571428571429,20,13,7,0,20,0,13,0,7,11,20,0.181818181818,3.04338842975,3.63636363636,2,2.5,1.68954001271,0.464623503495,0.245454545455,1.16774841624,0.642261628933,0.336363636364,1.94000937205,1.06700515463,0.536363636364,1.05689877454,0.347276990411,3.54545454545,3.04338842975,1.05689877454,3.54545454545,0.499047619048,0.4,8,0.0484848484848,0.255555555556,11,11,11,1,0,0.0909090909091,0.636363636364,0.272727272727,11,0.118181818182,3.72727272727,2.36363636364,1.3,1.625,1.43336856898,0.6064251638,0.286713286713,0.603022689156,0.510249967747,0.237762237762,1.40129809949,1.18571377649,0.503496503497,2.05382127221,0.551025219373,7,3.72727272727,2.05382127221,7,0,0,0,0,0.22962962963,11,11,11,1,0,0.0909090909091,0.636363636364,0.272727272727,11,17,0.154545454545,3.17727272727,3.09090909091,1.7,2.125,1.30034960334,0.420701342257,0.208556149733,0.820199532265,0.530717344407,0.267379679144,1.57249078621,1.01749403814,0.513368983957,1.2536673475,0.394573414091,4.4,3.17727272727,1.2536673475,4.4,0.213333333333,0.153846153846,2,0.0121212121212,0.205555555556,11,11,11,1,0,0.0909090909091,0.636363636364,0.272727272727,-3,-0.0272727272727,0.133884297521,-0.545454545455,-0.3,-0.375,-0.389190409368,-0.0439221612377,-0.0368983957219,-0.347548883978,-0.111544284527,-0.0689839572193,-0.367518585835,-0.0495111164884,-0.0229946524064,0.196768572961,0.0472964236795,0.854545454545,0.133884297521,0.196768572961,0.854545454545,-0.285714285714,-0.246153846154,-6,-0.0363636363636,-0.05,0,0,0,17,0,3,90,0.85,1,0,0.15,1,0.85,0.918918918919,0.906962317388,0.85,0.85,4,7,0,0,0,0
1269,WLNM_dir_neg,0.84693877551,0.533791208791,00:00:01,10,30,41,1173777890,threshold_sweep,0.9,1,0.571428571429,0.727272727273,4,0,3,14,0.571428571429,1,0,0.428571428571,1,0.571428571429,0.727272727273,0.857142857143,0.603174603175,0.64,0.68599434057,0.571428571429,20,13,7,0,20,0,13,0,7,11,20,0.181818181818,3.04338842975,3.63636363636,2,2.5,1.68954001271,0.464623503495,0.245454545455,1.16774841624,0.642261628933,0.336363636364,1.94000937205,1.06700515463,0.536363636364,1.05689877454,0.347276990411,3.54545454545,3.04338842975,1.05689877454,3.54545454545,0.499047619048,0.4,8,0.0484848484848,0.255555555556,11,11,11,1,0,0.0909090909091,0.636363636364,0.272727272727,11,0.118181818182,3.72727272727,2.36363636364,1.3,1.625,1.43336856898,0.6064251638,0.286713286713,0.603022689156,0.510249967747,0.237762237762,1.40129809949,1.18571377649,0.503496503497,2.05382127221,0.551025219373,7,3.72727272727,2.05382127221,7,0,0,0,0,0.22962962963,11,11,11,1,0,0.0909090909091,0.636363636364,0.272727272727,11,17,0.154545454545,3.17727272727,3.09090909091,1.7,2.125,1.30034960334,0.420701342257,0.208556149733,0.820199532265,0.530717344407,0.267379679144,1.57249078621,1.01749403814,0.513368983957,1.2536673475,0.394573414091,4.4,3.17727272727,1.2536673475,4.4,0.213333333333,0.153846153846,2,0.0121212121212,0.205555555556,11,11,11,1,0,0.0909090909091,0.636363636364,0.272727272727,-3,-0.0272727272727,0.133884297521,-0.545454545455,-0.3,-0.375,-0.389190409368,-0.0439221612377,-0.0368983957219,-0.347548883978,-0.111544284527,-0.0689839572193,-0.367518585835,-0.0495111164884,-0.0229946524064,0.196768572961,0.0472964236795,0.854545454545,0.133884297521,0.196768572961,0.854545454545,-0.285714285714,-0.246153846154,-6,-0.0363636363636,-0.05,0,0,0,17,0,3,90,0.85,1,0,0.15,1,0.85,0.918918918919,0.906962317388,0.85,0.85,4,7,0,0,0,0
1270,WLNM_dir_neg,0.836734693878,0.695807868602,00:00:01,10,30,42,1173777891,threshold_sweep,0.1,1,0.571428571429,0.727272727273,4,0,3,14,0.571428571429,1,0,0.428571428571,1,0.571428571429,0.727272727273,0.857142857143,0.603174603175,0.64,0.68599434057,0.571428571429,20,13,7,0,20,0,13,0,7,11,20,0.181818181818,3.04338842975,3.63636363636,2,2.5,1.68954001271,0.464623503495,0.245454545455,1.16774841624,0.642261628933,0.336363636364,1.94000937205,1.06700515463,0.536363636364,1.05689877454,0.347276990411,3.54545454545,3.04338842975,1.05689877454,3.54545454545,0.499047619048,0.4,8,0.0484848484848,0.255555555556,11,11,11,1,0,0.0909090909091,0.636363636364,0.272727272727,11,0.118181818182,3.72727272727,2.36363636364,1.3,1.625,1.43336856898,0.6064251638,0.286713286713,0.603022689156,0.510249967747,0.237762237762,1.40129809949,1.18571377649,0.503496503497,2.05382127221,0.551025219373,7,3.72727272727,2.05382127221,7,0,0,0,0,0.22962962963,11,11,11,1,0,0.0909090909091,0.636363636364,0.272727272727,11,17,0.154545454545,3.17727272727,3.09090909091,1.7,2.125,1.30034960334,0.420701342257,0.208556149733,0.820199532265,0.530717344407,0.267379679144,1.57249078621,1.01749403814,0.513368983957,1.2536673475,0.394573414091,4.4,3.17727272727,1.2536673475,4.4,0.213333333333,0.153846153846,2,0.0121212121212,0.205555555556,11,11,11,1,0,0.0909090909091,0.636363636364,0.272727272727,-3,-0.0272727272727,0.133884297521,-0.545454545455,-0.3,-0.375,-0.389190409368,-0.0439221612377,-0.0368983957219,-0.347548883978,-0.111544284527,-0.0689839572193,-0.367518585835,-0.0495111164884,-0.0229946524064,0.196768572961,0.0472964236795,0.854545454545,0.133884297521,0.196768572961,0.854545454545,-0.285714285714,-0.246153846154,-6,-0.0363636363636,-0.05,0,0,0,17,0,3,90,0.85,1,0,0.15,1,0.85,0.918918918919,0.906962317388,0.85,0.85,4,7,0,0,0,0
1271,WLNM_dir_neg,0.836734693878,0.695807868602,00:00:01,10,30,42,1173777891,threshold_sweep,0.2,1,0.571428571429,0.727272727273,4,0,3,14,0.571428571429,1,0,0.428571428571,1,0.571428571429,0.727272727273,0.857142857143,0.603174603175,0.64,0.68599434057,0.571428571429,20,13,7,0,20,0,13,0,7,11,20,0.181818181818,3.04338842975,3.63636363636,2,2.5,1.68954001271,0.464623503495,0.245454545455,1.16774841624,0.642261628933,0.336363636364,1.94000937205,1.06700515463,0.536363636364,1.05689877454,0.347276990411,3.54545454545,3.04338842975,1.05689877454,3.54545454545,0.499047619048,0.4,8,0.0484848484848,0.255555555556,11,11,11,1,0,0.0909090909091,0.636363636364,0.272727272727,11,0.118181818182,3.72727272727,2.36363636364,1.3,1.625,1.43336856898,0.6064251638,0.286713286713,0.603022689156,0.510249967747,0.237762237762,1.40129809949,1.18571377649,0.503496503497,2.05382127221,0.551025219373,7,3.72727272727,2.05382127221,7,0,0,0,0,0.22962962963,11,11,11,1,0,0.0909090909091,0.636363636364,0.272727272727,11,17,0.154545454545,3.17727272727,3.09090909091,1.7,2.125,1.30034960334,0.420701342257,0.208556149733,0.820199532265,0.530717344407,0.267379679144,1.57249078621,1.01749403814,0.513368983957,1.2536673475,0.394573414091,4.4,3.17727272727,1.2536673475,4.4,0.213333333333,0.153846153846,2,0.0121212121212,0.205555555556,11,11,11,1,0,0.0909090909091,0.636363636364,0.272727272727,-3,-0.0272727272727,0.133884297521,-0.545454545455,-0.3,-0.375,-0.389190409368,-0.0439221612377,-0.0368983957219,-0.347548883978,-0.111544284527,-0.0689839572193,-0.367518585835,-0.0495111164884,-0.0229946524064,0.196768572961,0.0472964236795,0.854545454545,0.133884297521,0.196768572961,0.854545454545,-0.285714285714,-0.246153846154,-6,-0.0363636363636,-0.05,0,0,0,17,0,3,90,0.85,1,0,0.15,1,0.85,0.918918918919,0.906962317388,0.85,0.85,4,7,0,0,0,0
1272,WLNM_dir_neg,0.836734693878,0.695807868602,00:00:01,10,30,42,1173777891,threshold_sweep,0.3,1,0.571428571429,0.727272727273,4,0,3,14,0.571428571429,1,0,0.428571428571,1,0.571428571429,0.727272727273,0.857142857143,0.603174603175,0.64,0.68599434057,0.571428571429,20,13,7,0,20,0,13,0,7,11,20,0.181818181818,3.04338842975,3.63636363636,2,2.5,1.68954001271,0.464623503495,0.245454545455,1.16774841624,0.642261628933,0.336363636364,1.94000937205,1.06700515463,0.536363636364,1.05689877454,0.347276990411,3.54545454545,3.04338842975,1.05689877454,3.54545454545,0.499047619048,0.4,8,0.0484848484848,0.255555555556,11,11,11,1,0,0.0909090909091,0.636363636364,0.272727272727,11,0.118181818182,3.72727272727,2.36363636364,1.3,1.625,1.43336856898,0.6064251638,0.286713286713,0.603022689156,0.510249967747,0.237762237762,1.40129809949,1.18571377649,0.503496503497,2.05382127221,0.551025219373,7,3.72727272727,2.05382127221,7,0,0,0,0,0.22962962963,11,11,11,1,0,0.0909090909091,0.636363636364,0.272727272727,11,17,0.154545454545,3.17727272727,3.09090909091,1.7,2.125,1.30034960334,0.420701342257,0.208556149733,0.820199532265,0.530717344407,0.267379679144,1.57249078621,1.01749403814,0.513368983957,1.2536673475,0.394573414091,4.4,3.17727272727,1.2536673475,4.4,0.213333333333,0.153846153846,2,0.0121212121212,0.205555555556,11,11,11,1,0,0.0909090909091,0.636363636364,0.272727272727,-3,-0.0272727272727,0.133884297521,-0.545454545455,-0.3,-0.375,-0.389190409368,-0.0439221612377,-0.0368983957219,-0.347548883978,-0.111544284527,-0.0689839572193,-0.367518585835,-0.0495111164884,-0.0229946524064,0.196768572961,0.0472964236795,0.854545454545,0.133884297521,0.196768572961,0.854545454545,-0.285714285714,-0.246153846154,-6,-0.0363636363636,-0.05,0,0,0,17,0,3,90,0.85,1,0,0.15,1,0.85,0.918918918919,0.906962317388,0.85,0.85,4,7,0,0,0,0
1273,WLNM_dir_neg,0.836734693878,0.695807868602,00:00:01,10,30,42,1173777891,threshold_sweep,0.4,1,0.571428571429,0.727272727273,4,0,3,14,0.571428571429,1,0,0.428571428571,1,0.571428571429,0.727272727273,0.857142857143,0.603174603175,0.64,0.68599434057,0.571428571429,20,13,7,0,20,0,13,0,7,11,20,0.181818181818,3.04338842975,3.63636363636,2,2.5,1.68954001271,0.464623503495,0.245454545455,1.16774841624,0.642261628933,0.336363636364,1.94000937205,1.06700515463,0.536363636364,1.05689877454,0.347276990411,3.54545454545,3.04338842975,1.05689877454,3.54545454545,0.499047619048,0.4,8,0.0484848484848,0.255555555556,11,11,11,1,0,0.0909090909091,0.636363636364,0.272727272727,11,0.118181818182,3.72727272727,2.36363636364,1.3,1.625,1.43336856898,0.6064251638,0.286713286713,0.603022689156,0.510249967747,0.237762237762,1.40129809949,1.18571377649,0.503496503497,2.05382127221,0.551025219373,7,3.72727272727,2.05382127221,7,0,0,0,0,0.22962962963,11,11,11,1,0,0.0909090909091,0.636363636364,0.272727272727,11,17,0.154545454545,3.17727272727,3.09090909091,1.7,2.125,1.30034960334,0.420701342257,0.208556149733,0.820199532265,0.530717344407,0.267379679144,1.57249078621,1.01749403814,0.513368983957,1.2536673475,0.394573414091,4.4,3.17727272727,1.2536673475,4.4,0.213333333333,0.153846153846,2,0.0121212121212,0.205555555556,11,11,11,1,0,0.0909090909091,0.636363636364,0.272727272727,-3,-0.0272727272727,0.133884297521,-0.545454545455,-0.3,-0.375,-0.389190409368,-0.0439221612377,-0.0368983957219,-0.347548883978,-0.111544284527,-0.0689839572193,-0.367518585835,-0.0495111164884,-0.0229946524064,0.196768572961,0.0472964236795,0.854545454545,0.133884297521,0.196768572961,0.854545454545,-0.285714285714,-0.246153846154,-6,-0.0363636363636,-0.05,0,0,0,17,0,3,90,0.85,1,0,0.15,1,0.85,0.918918918919,0.906962317388,0.85,0.85,4,7,0,0,0,0
1274,WLNM_dir_neg,0.836734693878,0.695807868602,00:00:01,10,30,42,1173777891,threshold_sweep,0.5,1,0.571428571429,0.727272727273,4,0,3,14,0.571428571429,1,0,0.428571428571,1,0.571428571429,0.727272727273,0.857142857143,0.603174603175,0.64,0.68599434057,0.571428571429,20,13,7,0,20,0,13,0,7,11,20,0.181818181818,3.04338842975,3.63636363636,2,2.5,1.68954001271,0.464623503495,0.245454545455,1.16774841624,0.642261628933,0.336363636364,1.94000937205,1.06700515463,0.536363636364,1.05689877454,0.347276990411,3.54545454545,3.04338842975,1.05689877454,3.54545454545,0.499047619048,0.4,8,0.0484848484848,0.255555555556,11,11,11,1,0,0.0909090909091,0.636363636364,0.272727272727,11,0.118181818182,3.72727272727,2.36363636364,1.3,1.625,1.43336856898,0.6064251638,0.286713286713,0.603022689156,0.510249967747,0.237762237762,1.40129809949,1.18571377649,0.503496503497,2.05382127221,0.551025219373,7,3.72727272727,2.05382127221,7,0,0,0,0,0.22962962963,11,11,11,1,0,0.0909090909091,0.636363636364,0.272727272727,11,17,0.154545454545,3.17727272727,3.09090909091,1.7,2.125,1.30034960334,0.420701342257,0.208556149733,0.820199532265,0.530717344407,0.267379679144,1.57249078621,1.01749403814,0.513368983957,1.2536673475,0.394573414091,4.4,3.17727272727,1.2536673475,4.4,0.213333333333,0.153846153846,2,0.0121212121212,0.205555555556,11,11,11,1,0,0.0909090909091,0.636363636364,0.272727272727,-3,-0.0272727272727,0.133884297521,-0.545454545455,-0.3,-0.375,-0.389190409368,-0.0439221612377,-0.0368983957219,-0.347548883978,-0.111544284527,-0.0689839572193,-0.367518585835,-0.0495111164884,-0.0229946524064,0.196768572961,0.0472964236795,0.854545454545,0.133884297521,0.196768572961,0.854545454545,-0.285714285714,-0.246153846154,-6,-0.0363636363636,-0.05,0,0,0,17,0,3,90,0.85,1,0,0.15,1,0.85,0.918918918919,0.906962317388,0.85,0.85,4,7,0,0,0,0
1275,WLNM_dir_neg,0.836734693878,0.695807868602,00:00:01,10,30,42,1173777891,threshold_sweep,0.6,1,0.571428571429,0.727272727273,4,0,3,14,0.571428571429,1,0,0.428571428571,1,0.571428571429,0.727272727273,0.857142857143,0.603174603175,0.64,0.68599434057,0.571428571429,20,13,7,0,20,0,13,0,7,11,20,0.181818181818,3.04338842975,3.63636363636,2,2.5,1.68954001271,0.464623503495,0.245454545455,1.16774841624,0.642261628933,0.336363636364,1.94000937205,1.06700515463,0.536363636364,1.05689877454,0.347276990411,3.54545454545,3.04338842975,1.05689877454,3.54545454545,0.499047619048,0.4,8,0.0484848484848,0.255555555556,11,11,11,1,0,0.0909090909091,0.636363636364,0.272727272727,11,0.118181818182,3.72727272727,2.36363636364,1.3,1.625,1.43336856898,0.6064251638,0.286713286713,0.603022689156,0.510249967747,0.237762237762,1.40129809949,1.18571377649,0.503496503497,2.05382127221,0.551025219373,7,3.72727272727,2.05382127221,7,0,0,0,0,0.22962962963,11,11,11,1,0,0.0909090909091,0.636363636364,0.272727272727,11,17,0.154545454545,3.17727272727,3.09090909091,1.7,2.125,1.30034960334,0.420701342257,0.208556149733,0.820199532265,0.530717344407,0.267379679144,1.57249078621,1.01749403814,0.513368983957,1.2536673475,0.394573414091,4.4,3.17727272727,1.2536673475,4.4,0.213333333333,0.153846153846,2,0.0121212121212,0.205555555556,11,11,11,1,0,0.0909090909091,0.636363636364,0.272727272727,-3,-0.0272727272727,0.133884297521,-0.545454545455,-0.3,-0.375,-0.389190409368,-0.0439221612377,-0.0368983957219,-0.347548883978,-0.111544284527,-0.0689839572193,-0.367518585835,-0.0495111164884,-0.0229946524064,0.196768572961,0.0472964236795,0.854545454545,0.133884297521,0.196768572961,0.854545454545,-0.285714285714,-0.246153846154,-6,-0.0363636363636,-0.05,0,0,0,17,0,3,90,0.85,1,0,0.15,1,0.85,0.918918918919,0.906962317388,0.85,0.85,4,7,0,0,0,0
1276,WLNM_dir_neg,0.836734693878,0.695807868602,00:00:01,10,30,42,1173777891,threshold_sweep,0.7,1,0.571428571429,0.727272727273,4,0,3,14,0.571428571429,1,0,0.428571428571,1,0.571428571429,0.727272727273,0.857142857143,0.603174603175,0.64,0.68599434057,0.571428571429,20,13,7,0,20,0,13,0,7,11,20,0.181818181818,3.04338842975,3.63636363636,2,2.5,1.68954001271,0.464623503495,0.245454545455,1.16774841624,0.642261628933,0.336363636364,1.94000937205,1.06700515463,0.536363636364,1.05689877454,0.347276990411,3.54545454545,3.04338842975,1.05689877454,3.54545454545,0.499047619048,0.4,8,0.0484848484848,0.255555555556,11,11,11,1,0,0.0909090909091,0.636363636364,0.272727272727,11,0.118181818182,3.72727272727,2.36363636364,1.3,1.625,1.43336856898,0.6064251638,0.286713286713,0.603022689156,0.510249967747,0.237762237762,1.40129809949,1.18571377649,0.503496503497,2.05382127221,0.551025219373,7,3.72727272727,2.05382127221,7,0,0,0,0,0.22962962963,11,11,11,1,0,0.0909090909091,0.636363636364,0.272727272727,11,17,0.154545454545,3.17727272727,3.09090909091,1.7,2.125,1.30034960334,0.420701342257,0.208556149733,0.820199532265,0.530717344407,0.267379679144,1.57249078621,1.01749403814,0.513368983957,1.2536673475,0.394573414091,4.4,3.17727272727,1.2536673475,4.4,0.213333333333,0.153846153846,2,0.0121212121212,0.205555555556,11,11,11,1,0,0.0909090909091,0.636363636364,0.272727272727,-3,-0.0272727272727,0.133884297521,-0.545454545455,-0.3,-0.375,-0.389190409368,-0.0439221612377,-0.0368983957219,-0.347548883978,-0.111544284527,-0.0689839572193,-0.367518585835,-0.0495111164884,-0.0229946524064,0.196768572961,0.0472964236795,0.854545454545,0.133884297521,0.196768572961,0.854545454545,-0.285714285714,-0.246153846154,-6,-0.0363636363636,-0.05,0,0,0,17,0,3,90,0.85,1,0,0.15,1,0.85,0.918918918919,0.906962317388,0.85,0.85,4,7,0,0,0,0
1277,WLNM_dir_neg,0.836734693878,0.695807868602,00:00:01,10,30,42,1173777891,threshold_sweep,0.8,1,0.571428571429,0.727272727273,4,0,3,14,0.571428571429,1,0,0.428571428571,1,0.571428571429,0.727272727273,0.857142857143,0.603174603175,0.64,0.68599434057,0.571428571429,20,13,7,0,20,0,13,0,7,11,20,0.181818181818,3.04338842975,3.63636363636,2,2.5,1.68954001271,0.464623503495,0.245454545455,1.16774841624,0.642261628933,0.336363636364,1.94000937205,1.06700515463,0.536363636364,1.05689877454,0.347276990411,3.54545454545,3.04338842975,1.05689877454,3.54545454545,0.499047619048,0.4,8,0.0484848484848,0.255555555556,11,11,11,1,0,0.0909090909091,0.636363636364,0.272727272727,11,0.118181818182,3.72727272727,2.36363636364,1.3,1.625,1.43336856898,0.6064251638,0.286713286713,0.603022689156,0.510249967747,0.237762237762,1.40129809949,1.18571377649,0.503496503497,2.05382127221,0.551025219373,7,3.72727272727,2.05382127221,7,0,0,0,0,0.22962962963,11,11,11,1,0,0.0909090909091,0.636363636364,0.272727272727,11,17,0.154545454545,3.17727272727,3.09090909091,1.7,2.125,1.30034960334,0.420701342257,0.208556149733,0.820199532265,0.530717344407,0.267379679144,1.57249078621,1.01749403814,0.513368983957,1.2536673475,0.394573414091,4.4,3.17727272727,1.2536673475,4.4,0.213333333333,0.153846153846,2,0.0121212121212,0.205555555556,11,11,11,1,0,0.0909090909091,0.636363636364,0.272727272727,-3,-0.0272727272727,0.133884297521,-0.545454545455,-0.3,-0.375,-0.389190409368,-0.0439221612377,-0.0368983957219,-0.347548883978,-0.111544284527,-0.0689839572193,-0.367518585835,-0.0495111164884,-0.0229946524064,0.196768572961,0.0472964236795,0.854545454545,0.133884297521,0.196768572961,0.854545454545,-0.285714285714,-0.246153846154,-6,-0.0363636363636,-0.05,0,0,0,17,0,3,90,0.85,1,0,0.15,1,0.85,0.918918918919,0.906962317388,0.85,0.85,4,7,0,0,0,0
1278,WLNM_dir_neg,0.836734693878,0.695807868602,00:00:01,10,30,42,1173777891,threshold_sweep,0.9,1,0.571428571429,0.727272727273,4,0,3,14,0.571428571429,1,0,0.428571428571,1,0.571428571429,0.727272727273,0.857142857143,0.603174603175,0.64,0.68599434057,0.571428571429,20,13,7,0,20,0,13,0,7,11,20,0.181818181818,3.04338842975,3.63636363636,2,2.5,1.68954001271,0.464623503495,0.245454545455,1.16774841624,0.642261628933,0.336363636364,1.94000937205,1.06700515463,0.536363636364,1.05689877454,0.347276990411,3.54545454545,3.04338842975,1.05689877454,3.54545454545,0.499047619048,0.4,8,0.0484848484848,0.255555555556,11,11,11,1,0,0.0909090909091,0.636363636364,0.272727272727,11,0.118181818182,3.72727272727,2.36363636364,1.3,1.625,1.43336856898,0.6064251638,0.286713286713,0.603022689156,0.510249967747,0.237762237762,1.40129809949,1.18571377649,0.503496503497,2.05382127221,0.551025219373,7,3.72727272727,2.05382127221,7,0,0,0,0,0.22962962963,11,11,11,1,0,0.0909090909091,0.636363636364,0.272727272727,11,17,0.154545454545,3.17727272727,3.09090909091,1.7,2.125,1.30034960334,0.420701342257,0.208556149733,0.820199532265,0.530717344407,0.267379679144,1.57249078621,1.01749403814,0.513368983957,1.2536673475,0.394573414091,4.4,3.17727272727,1.2536673475,4.4,0.213333333333,0.153846153846,2,0.0121212121212,0.205555555556,11,11,11,1,0,0.0909090909091,0.636363636364,0.272727272727,-3,-0.0272727272727,0.133884297521,-0.545454545455,-0.3,-0.375,-0.389190409368,-0.0439221612377,-0.0368983957219,-0.347548883978,-0.111544284527,-0.0689839572193,-0.367518585835,-0.0495111164884,-0.0229946524064,0.196768572961,0.0472964236795,0.854545454545,0.133884297521,0.196768572961,0.854545454545,-0.285714285714,-0.246153846154,-6,-0.0363636363636,-0.05,0,0,0,17,0,3,90,0.85,1,0,0.15,1,0.85,0.918918918919,0.906962317388,0.85,0.85,4,7,0,0,0,0
1279,WLNM_dir_neg,0.867346938776,0.565434565435,00:00:01,10,30,43,1173777892,threshold_sweep,0.1,1,0.714285714286,0.833333333333,5,0,2,14,0.714285714286,1,0,0.285714285714,1,0.714285714286,0.833333333333,0.904761904762,0.587301587302,0.769230769231,0.790569415042,0.714285714286,20,13,7,0,20,0,13,0,7,11,20,0.181818181818,3.04338842975,3.63636363636,2,2.5,1.68954001271,0.464623503495,0.245454545455,1.16774841624,0.642261628933,0.336363636364,1.94000937205,1.06700515463,0.536363636364,1.05689877454,0.347276990411,3.54545454545,3.04338842975,1.05689877454,3.54545454545,0.499047619048,0.4,8,0.0484848484848,0.255555555556,11,11,11,1,0,0.0909090909091,0.636363636364,0.272727272727,11,0.118181818182,3.72727272727,2.36363636364,1.3,1.625,1.43336856898,0.6064251638,0.286713286713,0.603022689156,0.510249967747,0.237762237762,1.40129809949,1.18571377649,0.503496503497,2.05382127221,0.551025219373,7,3.72727272727,2.05382127221,7,0,0,0,0,0.22962962963,11,11,11,1,0,0.0909090909091,0.636363636364,0.272727272727,11,18,0.163636363636,3.11363636364,3.27272727273,1.8,2.25,1.42062726223,0.434080552347,0.227272727273,0.924416277737,0.564921058617,0.292929292929,1.68954001271,1.03249667443,0.525252525253,1.14353419474,0.367266456706,3.875,3.11363636364,1.14353419474,3.875,0.366666666667,0.266666666667,4,0.0242424242424,0.221111111111,11,11,11,1,0,0.0909090909091,0.636363636364,0.272727272727,-2,-0.0181818181818,0.0702479338843,-0.363636363636,-0.2,-0.25,-0.268912750482,-0.030542951148,-0.0181818181818,-0.243332138505,-0.0773405703161,-0.0434343434343,-0.250469359339,-0.0345084801933,-0.0111111111111,0.0866354202056,0.0199894662943,0.329545454545,0.0702479338843,0.0866354202056,0.329545454545,-0.132380952381,-0.133333333333,-4,-0.0242424242424,-0.0344444444444,0,0,0,18,0,2,90,0.9,1,0,0.1,1,0.9,0.947368421053,0.938314863257,0.9,0.9,5,7,0,0,0,0
1280,WLNM_dir_neg,0.867346938776,0.565434565435,00:00:01,10,30,43,1173777892,threshold_sweep,0.2,1,0.714285714286,0.833333333333,5,0,2,14,0.714285714286,1,0,0.285714285714,1,0.714285714286,0.833333333333,0.904761904762,0.587301587302,0.769230769231,0.790569415042,0.714285714286,20,13,7,0,20,0,13,0,7,11,20,0.181818181818,3.04338842975,3.63636363636,2,2.5,1.68954001271,0.464623503495,0.245454545455,1.16774841624,0.642261628933,0.336363636364,1.94000937205,1.06700515463,0.536363636364,1.05689877454,0.347276990411,3.54545454545,3.04338842975,1.05689877454,3.54545454545,0.499047619048,0.4,8,0.0484848484848,0.255555555556,11,11,11,1,0,0.0909090909091,0.636363636364,0.272727272727,11,0.118181818182,3.72727272727,2.36363636364,1.3,1.625,1.43336856898,0.6064251638,0.286713286713,0.603022689156,0.510249967747,0.237762237762,1.40129809949,1.18571377649,0.503496503497,2.05382127221,0.551025219373,7,3.72727272727,2.05382127221,7,0,0,0,0,0.22962962963,11,11,11,1,0,0.0909090909091,0.636363636364,0.272727272727,11,18,0.163636363636,3.11363636364,3.27272727273,1.8,2.25,1.42062726223,0.434080552347,0.227272727273,0.924416277737,0.564921058617,0.292929292929,1.68954001271,1.03249667443,0.525252525253,1.14353419474,0.367266456706,3.875,3.11363636364,1.14353419474,3.875,0.366666666667,0.266666666667,4,0.0242424242424,0.221111111111,11,11,11,1,0,0.0909090909091,0.636363636364,0.272727272727,-2,-0.0181818181818,0.0702479338843,-0.363636363636,-0.2,-0.25,-0.268912750482,-0.030542951148,-0.0181818181818,-0.243332138505,-0.0773405703161,-0.0434343434343,-0.250469359339,-0.0345084801933,-0.0111111111111,0.0866354202056,0.0199894662943,0.329545454545,0.0702479338843,0.0866354202056,0.329545454545,-0.132380952381,-0.133333333333,-4,-0.0242424242424,-0.0344444444444,0,0,0,18,0,2,90,0.9,1,0,0.1,1,0.9,0.947368421053,0.938314863257,0.9,0.9,5,7,0,0,0,0
1281,WLNM_dir_neg,0.867346938776,0.565434565435,00:00:01,10,30,43,1173777892,threshold_sweep,0.3,1,0.714285714286,0.833333333333,5,0,2,14,0.714285714286,1,0,0.285714285714,1,0.714285714286,0.833333333333,0.904761904762,0.587301587302,0.769230769231,0.790569415042,0.714285714286,20,13,7,0,20,0,13,0,7,11,20,0.181818181818,3.04338842975,3.63636363636,2,2.5,1.68954001271,0.464623503495,0.245454545455,1.16774841624,0.642261628933,0.336363636364,1.94000937205,1.06700515463,0.536363636364,1.05689877454,0.347276990411,3.54545454545,3.04338842975,1.05689877454,3.54545454545,0.499047619048,0.4,8,0.0484848484848,0.255555555556,11,11,11,1,0,0.0909090909091,0.636363636364,0.272727272727,11,0.118181818182,3.72727272727,2.36363636364,1.3,1.625,1.43336856898,0.6064251638,0.286713286713,0.603022689156,0.510249967747,0.237762237762,1.40129809949,1.18571377649,0.503496503497,2.05382127221,0.551025219373,7,3.72727272727,2.05382127221,7,0,0,0,0,0.22962962963,11,11,11,1,0,0.0909090909091,0.636363636364,0.272727272727,11,18,0.163636363636,3.11363636364,3.27272727273,1.8,2.25,1.42062726223,0.434080552347,0.227272727273,0.924416277737,0.564921058617,0.292929292929,1.68954001271,1.03249667443,0.525252525253,1.14353419474,0.367266456706,3.875,3.11363636364,1.14353419474,3.875,0.366666666667,0.266666666667,4,0.0242424242424,0.221111111111,11,11,11,1,0,0.0909090909091,0.636363636364,0.272727272727,-2,-0.0181818181818,0.0702479338843,-0.363636363636,-0.2,-0.25,-0.268912750482,-0.030542951148,-0.0181818181818,-0.243332138505,-0.0773405703161,-0.0434343434343,-0.250469359339,-0.0345084801933,-0.0111111111111,0.0866354202056,0.0199894662943,0.329545454545,0.0702479338843,0.0866354202056,0.329545454545,-0.132380952381,-0.133333333333,-4,-0.0242424242424,-0.0344444444444,0,0,0,18,0,2,90,0.9,1,0,0.1,1,0.9,0.947368421053,0.938314863257,0.9,0.9,5,7,0,0,0,0
1282,WLNM_dir_neg,0.867346938776,0.565434565435,00:00:01,10,30,43,1173777892,threshold_sweep,0.4,1,0.714285714286,0.833333333333,5,0,2,14,0.714285714286,1,0,0.285714285714,1,0.714285714286,0.833333333333,0.904761904762,0.587301587302,0.769230769231,0.790569415042,0.714285714286,20,13,7,0,20,0,13,0,7,11,20,0.181818181818,3.04338842975,3.63636363636,2,2.5,1.68954001271,0.464623503495,0.245454545455,1.16774841624,0.642261628933,0.336363636364,1.94000937205,1.06700515463,0.536363636364,1.05689877454,0.347276990411,3.54545454545,3.04338842975,1.05689877454,3.54545454545,0.499047619048,0.4,8,0.0484848484848,0.255555555556,11,11,11,1,0,0.0909090909091,0.636363636364,0.272727272727,11,0.118181818182,3.72727272727,2.36363636364,1.3,1.625,1.43336856898,0.6064251638,0.286713286713,0.603022689156,0.510249967747,0.237762237762,1.40129809949,1.18571377649,0.503496503497,2.05382127221,0.551025219373,7,3.72727272727,2.05382127221,7,0,0,0,0,0.22962962963,11,11,11,1,0,0.0909090909091,0.636363636364,0.272727272727,11,18,0.163636363636,3.11363636364,3.27272727273,1.8,2.25,1.42062726223,0.434080552347,0.227272727273,0.924416277737,0.564921058617,0.292929292929,1.68954001271,1.03249667443,0.525252525253,1.14353419474,0.367266456706,3.875,3.11363636364,1.14353419474,3.875,0.366666666667,0.266666666667,4,0.0242424242424,0.221111111111,11,11,11,1,0,0.0909090909091,0.636363636364,0.272727272727,-2,-0.0181818181818,0.0702479338843,-0.363636363636,-0.2,-0.25,-0.268912750482,-0.030542951148,-0.0181818181818,-0.243332138505,-0.0773405703161,-0.0434343434343,-0.250469359339,-0.0345084801933,-0.0111111111111,0.0866354202056,0.0199894662943,0.329545454545,0.0702479338843,0.0866354202056,0.329545454545,-0.132380952381,-0.133333333333,-4,-0.0242424242424,-0.0344444444444,0,0,0,18,0,2,90,0.9,1,0,0.1,1,0.9,0.947368421053,0.938314863257,0.9,0.9,5,7,0,0,0,0
1283,WLNM_dir_neg,0.867346938776,0.565434565435,00:00:01,10,30,43,1173777892,threshold_sweep,0.5,1,0.714285714286,0.833333333333,5,0,2,14,0.714285714286,1,0,0.285714285714,1,0.714285714286,0.833333333333,0.904761904762,0.587301587302,0.769230769231,0.790569415042,0.714285714286,20,13,7,0,20,0,13,0,7,11,20,0.181818181818,3.04338842975,3.63636363636,2,2.5,1.68954001271,0.464623503495,0.245454545455,1.16774841624,0.642261628933,0.336363636364,1.94000937205,1.06700515463,0.536363636364,1.05689877454,0.347276990411,3.54545454545,3.04338842975,1.05689877454,3.54545454545,0.499047619048,0.4,8,0.0484848484848,0.255555555556,11,11,11,1,0,0.0909090909091,0.636363636364,0.272727272727,11,0.118181818182,3.72727272727,2.36363636364,1.3,1.625,1.43336856898,0.6064251638,0.286713286713,0.603022689156,0.510249967747,0.237762237762,1.40129809949,1.18571377649,0.503496503497,2.05382127221,0.551025219373,7,3.72727272727,2.05382127221,7,0,0,0,0,0.22962962963,11,11,11,1,0,0.0909090909091,0.636363636364,0.272727272727,11,18,0.163636363636,3.11363636364,3.27272727273,1.8,2.25,1.42062726223,0.434080552347,0.227272727273,0.924416277737,0.564921058617,0.292929292929,1.68954001271,1.03249667443,0.525252525253,1.14353419474,0.367266456706,3.875,3.11363636364,1.14353419474,3.875,0.366666666667,0.266666666667,4,0.0242424242424,0.221111111111,11,11,11,1,0,0.0909090909091,0.636363636364,0.272727272727,-2,-0.0181818181818,0.0702479338843,-0.363636363636,-0.2,-0.25,-0.268912750482,-0.030542951148,-0.0181818181818,-0.243332138505,-0.0773405703161,-0.0434343434343,-0.250469359339,-0.0345084801933,-0.0111111111111,0.0866354202056,0.0199894662943,0.329545454545,0.0702479338843,0.0866354202056,0.329545454545,-0.132380952381,-0.133333333333,-4,-0.0242424242424,-0.0344444444444,0,0,0,18,0,2,90,0.9,1,0,0.1,1,0.9,0.947368421053,0.938314863257,0.9,0.9,5,7,0,0,0,0
1284,WLNM_dir_neg,0.867346938776,0.565434565435,00:00:01,10,30,43,1173777892,threshold_sweep,0.6,1,0.714285714286,0.833333333333,5,0,2,14,0.714285714286,1,0,0.285714285714,1,0.714285714286,0.833333333333,0.904761904762,0.587301587302,0.769230769231,0.790569415042,0.714285714286,20,13,7,0,20,0,13,0,7,11,20,0.181818181818,3.04338842975,3.63636363636,2,2.5,1.68954001271,0.464623503495,0.245454545455,1.16774841624,0.642261628933,0.336363636364,1.94000937205,1.06700515463,0.536363636364,1.05689877454,0.347276990411,3.54545454545,3.04338842975,1.05689877454,3.54545454545,0.499047619048,0.4,8,0.0484848484848,0.255555555556,11,11,11,1,0,0.0909090909091,0.636363636364,0.272727272727,11,0.118181818182,3.72727272727,2.36363636364,1.3,1.625,1.43336856898,0.6064251638,0.286713286713,0.603022689156,0.510249967747,0.237762237762,1.40129809949,1.18571377649,0.503496503497,2.05382127221,0.551025219373,7,3.72727272727,2.05382127221,7,0,0,0,0,0.22962962963,11,11,11,1,0,0.0909090909091,0.636363636364,0.272727272727,11,18,0.163636363636,3.11363636364,3.27272727273,1.8,2.25,1.42062726223,0.434080552347,0.227272727273,0.924416277737,0.564921058617,0.292929292929,1.68954001271,1.03249667443,0.525252525253,1.14353419474,0.367266456706,3.875,3.11363636364,1.14353419474,3.875,0.366666666667,0.266666666667,4,0.0242424242424,0.221111111111,11,11,11,1,0,0.0909090909091,0.636363636364,0.272727272727,-2,-0.0181818181818,0.0702479338843,-0.363636363636,-0.2,-0.25,-0.268912750482,-0.030542951148,-0.0181818181818,-0.243332138505,-0.0773405703161,-0.0434343434343,-0.250469359339,-0.0345084801933,-0.0111111111111,0.0866354202056,0.0199894662943,0.329545454545,0.0702479338843,0.0866354202056,0.329545454545,-0.132380952381,-0.133333333333,-4,-0.0242424242424,-0.0344444444444,0,0,0,18,0,2,90,0.9,1,0,0.1,1,0.9,0.947368421053,0.938314863257,0.9,0.9,5,7,0,0,0,0
1285,WLNM_dir_neg,0.867346938776,0.565434565435,00:00:01,10,30,43,1173777892,threshold_sweep,0.7,1,0.714285714286,0.833333333333,5,0,2,14,0.714285714286,1,0,0.285714285714,1,0.714285714286,0.833333333333,0.904761904762,0.587301587302,0.769230769231,0.790569415042,0.714285714286,20,13,7,0,20,0,13,0,7,11,20,0.181818181818,3.04338842975,3.63636363636,2,2.5,1.68954001271,0.464623503495,0.245454545455,1.16774841624,0.642261628933,0.336363636364,1.94000937205,1.06700515463,0.536363636364,1.05689877454,0.347276990411,3.54545454545,3.04338842975,1.05689877454,3.54545454545,0.499047619048,0.4,8,0.0484848484848,0.255555555556,11,11,11,1,0,0.0909090909091,0.636363636364,0.272727272727,11,0.118181818182,3.72727272727,2.36363636364,1.3,1.625,1.43336856898,0.6064251638,0.286713286713,0.603022689156,0.510249967747,0.237762237762,1.40129809949,1.18571377649,0.503496503497,2.05382127221,0.551025219373,7,3.72727272727,2.05382127221,7,0,0,0,0,0.22962962963,11,11,11,1,0,0.0909090909091,0.636363636364,0.272727272727,11,18,0.163636363636,3.11363636364,3.27272727273,1.8,2.25,1.42062726223,0.434080552347,0.227272727273,0.924416277737,0.564921058617,0.292929292929,1.68954001271,1.03249667443,0.525252525253,1.14353419474,0.367266456706,3.875,3.11363636364,1.14353419474,3.875,0.366666666667,0.266666666667,4,0.0242424242424,0.221111111111,11,11,11,1,0,0.0909090909091,0.636363636364,0.272727272727,-2,-0.0181818181818,0.0702479338843,-0.363636363636,-0.2,-0.25,-0.268912750482,-0.030542951148,-0.0181818181818,-0.243332138505,-0.0773405703161,-0.0434343434343,-0.250469359339,-0.0345084801933,-0.0111111111111,0.0866354202056,0.0199894662943,0.329545454545,0.0702479338843,0.0866354202056,0.329545454545,-0.132380952381,-0.133333333333,-4,-0.0242424242424,-0.0344444444444,0,0,0,18,0,2,90,0.9,1,0,0.1,1,0.9,0.947368421053,0.938314863257,0.9,0.9,5,7,0,0,0,0
1286,WLNM_dir_neg,0.867346938776,0.565434565435,00:00:01,10,30,43,1173777892,threshold_sweep,0.8,1,0.714285714286,0.833333333333,5,0,2,14,0.714285714286,1,0,0.285714285714,1,0.714285714286,0.833333333333,0.904761904762,0.587301587302,0.769230769231,0.790569415042,0.714285714286,20,13,7,0,20,0,13,0,7,11,20,0.181818181818,3.04338842975,3.63636363636,2,2.5,1.68954001271,0.464623503495,0.245454545455,1.16774841624,0.642261628933,0.336363636364,1.94000937205,1.06700515463,0.536363636364,1.05689877454,0.347276990411,3.54545454545,3.04338842975,1.05689877454,3.54545454545,0.499047619048,0.4,8,0.0484848484848,0.255555555556,11,11,11,1,0,0.0909090909091,0.636363636364,0.272727272727,11,0.118181818182,3.72727272727,2.36363636364,1.3,1.625,1.43336856898,0.6064251638,0.286713286713,0.603022689156,0.510249967747,0.237762237762,1.40129809949,1.18571377649,0.503496503497,2.05382127221,0.551025219373,7,3.72727272727,2.05382127221,7,0,0,0,0,0.22962962963,11,11,11,1,0,0.0909090909091,0.636363636364,0.272727272727,11,18,0.163636363636,3.11363636364,3.27272727273,1.8,2.25,1.42062726223,0.434080552347,0.227272727273,0.924416277737,0.564921058617,0.292929292929,1.68954001271,1.03249667443,0.525252525253,1.14353419474,0.367266456706,3.875,3.11363636364,1.14353419474,3.875,0.366666666667,0.266666666667,4,0.0242424242424,0.221111111111,11,11,11,1,0,0.0909090909091,0.636363636364,0.272727272727,-2,-0.0181818181818,0.0702479338843,-0.363636363636,-0.2,-0.25,-0.268912750482,-0.030542951148,-0.0181818181818,-0.243332138505,-0.0773405703161,-0.0434343434343,-0.250469359339,-0.0345084801933,-0.0111111111111,0.0866354202056,0.0199894662943,0.329545454545,0.0702479338843,0.0866354202056,0.329545454545,-0.132380952381,-0.133333333333,-4,-0.0242424242424,-0.0344444444444,0,0,0,18,0,2,90,0.9,1,0,0.1,1,0.9,0.947368421053,0.938314863257,0.9,0.9,5,7,0,0,0,0
1287,WLNM_dir_neg,0.867346938776,0.565434565435,00:00:01,10,30,43,1173777892,threshold_sweep,0.9,1,0.714285714286,0.833333333333,5,0,2,14,0.714285714286,1,0,0.285714285714,1,0.714285714286,0.833333333333,0.904761904762,0.587301587302,0.769230769231,0.790569415042,0.714285714286,20,13,7,0,20,0,13,0,7,11,20,0.181818181818,3.04338842975,3.63636363636,2,2.5,1.68954001271,0.464623503495,0.245454545455,1.16774841624,0.642261628933,0.336363636364,1.94000937205,1.06700515463,0.536363636364,1.05689877454,0.347276990411,3.54545454545,3.04338842975,1.05689877454,3.54545454545,0.499047619048,0.4,8,0.0484848484848,0.255555555556,11,11,11,1,0,0.0909090909091,0.636363636364,0.272727272727,11,0.118181818182,3.72727272727,2.36363636364,1.3,1.625,1.43336856898,0.6064251638,0.286713286713,0.603022689156,0.510249967747,0.237762237762,1.40129809949,1.18571377649,0.503496503497,2.05382127221,0.551025219373,7,3.72727272727,2.05382127221,7,0,0,0,0,0.22962962963,11,11,11,1,0,0.0909090909091,0.636363636364,0.272727272727,11,18,0.163636363636,3.11363636364,3.27272727273,1.8,2.25,1.42062726223,0.434080552347,0.227272727273,0.924416277737,0.564921058617,0.292929292929,1.68954001271,1.03249667443,0.525252525253,1.14353419474,0.367266456706,3.875,3.11363636364,1.14353419474,3.875,0.366666666667,0.266666666667,4,0.0242424242424,0.221111111111,11,11,11,1,0,0.0909090909091,0.636363636364,0.272727272727,-2,-0.0181818181818,0.0702479338843,-0.363636363636,-0.2,-0.25,-0.268912750482,-0.030542951148,-0.0181818181818,-0.243332138505,-0.0773405703161,-0.0434343434343,-0.250469359339,-0.0345084801933,-0.0111111111111,0.0866354202056,0.0199894662943,0.329545454545,0.0702479338843,0.0866354202056,0.329545454545,-0.132380952381,-0.133333333333,-4,-0.0242424242424,-0.0344444444444,0,0,0,18,0,2,90,0.9,1,0,0.1,1,0.9,0.947368421053,0.938314863257,0.9,0.9,5,7,0,0,0,0
1288,WLNM_dir_neg,0.816326530612,0.685331632653,00:00:01,10,30,44,1173777893,threshold_sweep,0.1,1,0.714285714286,0.833333333333,5,0,2,14,0.714285714286,1,0,0.285714285714,1,0.714285714286,0.833333333333,0.904761904762,0.587301587302,0.769230769231,0.790569415042,0.714285714286,20,13,7,0,20,0,13,0,7,11,20,0.181818181818,3.04338842975,3.63636363636,2,2.5,1.68954001271,0.464623503495,0.245454545455,1.16774841624,0.642261628933,0.336363636364,1.94000937205,1.06700515463,0.536363636364,1.05689877454,0.347276990411,3.54545454545,3.04338842975,1.05689877454,3.54545454545,0.499047619048,0.4,8,0.0484848484848,0.255555555556,11,11,11,1,0,0.0909090909091,0.636363636364,0.272727272727,11,0.118181818182,3.72727272727,2.36363636364,1.3,1.625,1.43336856898,0.6064251638,0.286713286713,0.603022689156,0.510249967747,0.237762237762,1.40129809949,1.18571377649,0.503496503497,2.05382127221,0.551025219373,7,3.72727272727,2.05382127221,7,0,0,0,0,0.22962962963,11,11,11,1,0,0.0909090909091,0.636363636364,0.272727272727,11,18,0.163636363636,3.11363636364,3.27272727273,1.8,2.25,1.42062726223,0.434080552347,0.227272727273,0.924416277737,0.564921058617,0.292929292929,1.68954001271,1.03249667443,0.525252525253,1.14353419474,0.367266456706,3.875,3.11363636364,1.14353419474,3.875,0.366666666667,0.266666666667,4,0.0242424242424,0.221111111111,11,11,11,1,0,0.0909090909091,0.636363636364,0.272727272727,-2,-0.0181818181818,0.0702479338843,-0.363636363636,-0.2,-0.25,-0.268912750482,-0.030542951148,-0.0181818181818,-0.243332138505,-0.0773405703161,-0.0434343434343,-0.250469359339,-0.0345084801933,-0.0111111111111,0.0866354202056,0.0199894662943,0.329545454545,0.0702479338843,0.0866354202056,0.329545454545,-0.132380952381,-0.133333333333,-4,-0.0242424242424,-0.0344444444444,0,0,0,18,0,2,90,0.9,1,0,0.1,1,0.9,0.947368421053,0.938314863257,0.9,0.9,5,7,0,0,0,0
1289,WLNM_dir_neg,0.816326530612,0.685331632653,00:00:01,10,30,44,1173777893,threshold_sweep,0.2,1,0.714285714286,0.833333333333,5,0,2,14,0.714285714286,1,0,0.285714285714,1,0.714285714286,0.833333333333,0.904761904762,0.587301587302,0.769230769231,0.790569415042,0.714285714286,20,13,7,0,20,0,13,0,7,11,20,0.181818181818,3.04338842975,3.63636363636,2,2.5,1.68954001271,0.464623503495,0.245454545455,1.16774841624,0.642261628933,0.336363636364,1.94000937205,1.06700515463,0.536363636364,1.05689877454,0.347276990411,3.54545454545,3.04338842975,1.05689877454,3.54545454545,0.499047619048,0.4,8,0.0484848484848,0.255555555556,11,11,11,1,0,0.0909090909091,0.636363636364,0.272727272727,11,0.118181818182,3.72727272727,2.36363636364,1.3,1.625,1.43336856898,0.6064251638,0.286713286713,0.603022689156,0.510249967747,0.237762237762,1.40129809949,1.18571377649,0.503496503497,2.05382127221,0.551025219373,7,3.72727272727,2.05382127221,7,0,0,0,0,0.22962962963,11,11,11,1,0,0.0909090909091,0.636363636364,0.272727272727,11,18,0.163636363636,3.11363636364,3.27272727273,1.8,2.25,1.42062726223,0.434080552347,0.227272727273,0.924416277737,0.564921058617,0.292929292929,1.68954001271,1.03249667443,0.525252525253,1.14353419474,0.367266456706,3.875,3.11363636364,1.14353419474,3.875,0.366666666667,0.266666666667,4,0.0242424242424,0.221111111111,11,11,11,1,0,0.0909090909091,0.636363636364,0.272727272727,-2,-0.0181818181818,0.0702479338843,-0.363636363636,-0.2,-0.25,-0.268912750482,-0.030542951148,-0.0181818181818,-0.243332138505,-0.0773405703161,-0.0434343434343,-0.250469359339,-0.0345084801933,-0.0111111111111,0.0866354202056,0.0199894662943,0.329545454545,0.0702479338843,0.0866354202056,0.329545454545,-0.132380952381,-0.133333333333,-4,-0.0242424242424,-0.0344444444444,0,0,0,18,0,2,90,0.9,1,0,0.1,1,0.9,0.947368421053,0.938314863257,0.9,0.9,5,7,0,0,0,0
1290,WLNM_dir_neg,0.816326530612,0.685331632653,00:00:01,10,30,44,1173777893,threshold_sweep,0.3,1,0.714285714286,0.833333333333,5,0,2,14,0.714285714286,1,0,0.285714285714,1,0.714285714286,0.833333333333,0.904761904762,0.587301587302,0.769230769231,0.790569415042,0.714285714286,20,13,7,0,20,0,13,0,7,11,20,0.181818181818,3.04338842975,3.63636363636,2,2.5,1.68954001271,0.464623503495,0.245454545455,1.16774841624,0.642261628933,0.336363636364,1.94000937205,1.06700515463,0.536363636364,1.05689877454,0.347276990411,3.54545454545,3.04338842975,1.05689877454,3.54545454545,0.499047619048,0.4,8,0.0484848484848,0.255555555556,11,11,11,1,0,0.0909090909091,0.636363636364,0.272727272727,11,0.118181818182,3.72727272727,2.36363636364,1.3,1.625,1.43336856898,0.6064251638,0.286713286713,0.603022689156,0.510249967747,0.237762237762,1.40129809949,1.18571377649,0.503496503497,2.05382127221,0.551025219373,7,3.72727272727,2.05382127221,7,0,0,0,0,0.22962962963,11,11,11,1,0,0.0909090909091,0.636363636364,0.272727272727,11,18,0.163636363636,3.11363636364,3.27272727273,1.8,2.25,1.42062726223,0.434080552347,0.227272727273,0.924416277737,0.564921058617,0.292929292929,1.68954001271,1.03249667443,0.525252525253,1.14353419474,0.367266456706,3.875,3.11363636364,1.14353419474,3.875,0.366666666667,0.266666666667,4,0.0242424242424,0.221111111111,11,11,11,1,0,0.0909090909091,0.636363636364,0.272727272727,-2,-0.0181818181818,0.0702479338843,-0.363636363636,-0.2,-0.25,-0.268912750482,-0.030542951148,-0.0181818181818,-0.243332138505,-0.0773405703161,-0.0434343434343,-0.250469359339,-0.0345084801933,-0.0111111111111,0.0866354202056,0.0199894662943,0.329545454545,0.0702479338843,0.0866354202056,0.329545454545,-0.132380952381,-0.133333333333,-4,-0.0242424242424,-0.0344444444444,0,0,0,18,0,2,90,0.9,1,0,0.1,1,0.9,0.947368421053,0.938314863257,0.9,0.9,5,7,0,0,0,0
1291,WLNM_dir_neg,0.816326530612,0.685331632653,00:00:01,10,30,44,1173777893,threshold_sweep,0.4,1,0.714285714286,0.833333333333,5,0,2,14,0.714285714286,1,0,0.285714285714,1,0.714285714286,0.833333333333,0.904761904762,0.587301587302,0.769230769231,0.790569415042,0.714285714286,20,13,7,0,20,0,13,0,7,11,20,0.181818181818,3.04338842975,3.63636363636,2,2.5,1.68954001271,0.464623503495,0.245454545455,1.16774841624,0.642261628933,0.336363636364,1.94000937205,1.06700515463,0.536363636364,1.05689877454,0.347276990411,3.54545454545,3.04338842975,1.05689877454,3.54545454545,0.499047619048,0.4,8,0.0484848484848,0.255555555556,11,11,11,1,0,0.0909090909091,0.636363636364,0.272727272727,11,0.118181818182,3.72727272727,2.36363636364,1.3,1.625,1.43336856898,0.6064251638,0.286713286713,0.603022689156,0.510249967747,0.237762237762,1.40129809949,1.18571377649,0.503496503497,2.05382127221,0.551025219373,7,3.72727272727,2.05382127221,7,0,0,0,0,0.22962962963,11,11,11,1,0,0.0909090909091,0.636363636364,0.272727272727,11,18,0.163636363636,3.11363636364,3.27272727273,1.8,2.25,1.42062726223,0.434080552347,0.227272727273,0.924416277737,0.564921058617,0.292929292929,1.68954001271,1.03249667443,0.525252525253,1.14353419474,0.367266456706,3.875,3.11363636364,1.14353419474,3.875,0.366666666667,0.266666666667,4,0.0242424242424,0.221111111111,11,11,11,1,0,0.0909090909091,0.636363636364,0.272727272727,-2,-0.0181818181818,0.0702479338843,-0.363636363636,-0.2,-0.25,-0.268912750482,-0.030542951148,-0.0181818181818,-0.243332138505,-0.0773405703161,-0.0434343434343,-0.250469359339,-0.0345084801933,-0.0111111111111,0.0866354202056,0.0199894662943,0.329545454545,0.0702479338843,0.0866354202056,0.329545454545,-0.132380952381,-0.133333333333,-4,-0.0242424242424,-0.0344444444444,0,0,0,18,0,2,90,0.9,1,0,0.1,1,0.9,0.947368421053,0.938314863257,0.9,0.9,5,7,0,0,0,0
1292,WLNM_dir_neg,0.816326530612,0.685331632653,00:00:01,10,30,44,1173777893,threshold_sweep,0.5,1,0.714285714286,0.833333333333,5,0,2,14,0.714285714286,1,0,0.285714285714,1,0.714285714286,0.833333333333,0.904761904762,0.587301587302,0.769230769231,0.790569415042,0.714285714286,20,13,7,0,20,0,13,0,7,11,20,0.181818181818,3.04338842975,3.63636363636,2,2.5,1.68954001271,0.464623503495,0.245454545455,1.16774841624,0.642261628933,0.336363636364,1.94000937205,1.06700515463,0.536363636364,1.05689877454,0.347276990411,3.54545454545,3.04338842975,1.05689877454,3.54545454545,0.499047619048,0.4,8,0.0484848484848,0.255555555556,11,11,11,1,0,0.0909090909091,0.636363636364,0.272727272727,11,0.118181818182,3.72727272727,2.36363636364,1.3,1.625,1.43336856898,0.6064251638,0.286713286713,0.603022689156,0.510249967747,0.237762237762,1.40129809949,1.18571377649,0.503496503497,2.05382127221,0.551025219373,7,3.72727272727,2.05382127221,7,0,0,0,0,0.22962962963,11,11,11,1,0,0.0909090909091,0.636363636364,0.272727272727,11,18,0.163636363636,3.11363636364,3.27272727273,1.8,2.25,1.42062726223,0.434080552347,0.227272727273,0.924416277737,0.564921058617,0.292929292929,1.68954001271,1.03249667443,0.525252525253,1.14353419474,0.367266456706,3.875,3.11363636364,1.14353419474,3.875,0.366666666667,0.266666666667,4,0.0242424242424,0.221111111111,11,11,11,1,0,0.0909090909091,0.636363636364,0.272727272727,-2,-0.0181818181818,0.0702479338843,-0.363636363636,-0.2,-0.25,-0.268912750482,-0.030542951148,-0.0181818181818,-0.243332138505,-0.0773405703161,-0.0434343434343,-0.250469359339,-0.0345084801933,-0.0111111111111,0.0866354202056,0.0199894662943,0.329545454545,0.0702479338843,0.0866354202056,0.329545454545,-0.132380952381,-0.133333333333,-4,-0.0242424242424,-0.0344444444444,0,0,0,18,0,2,90,0.9,1,0,0.1,1,0.9,0.947368421053,0.938314863257,0.9,0.9,5,7,0,0,0,0
1293,WLNM_dir_neg,0.816326530612,0.685331632653,00:00:01,10,30,44,1173777893,threshold_sweep,0.6,1,0.571428571429,0.727272727273,4,0,3,14,0.571428571429,1,0,0.428571428571,1,0.571428571429,0.727272727273,0.857142857143,0.603174603175,0.64,0.68599434057,0.571428571429,20,13,7,0,20,0,13,0,7,11,20,0.181818181818,3.04338842975,3.63636363636,2,2.5,1.68954001271,0.464623503495,0.245454545455,1.16774841624,0.642261628933,0.336363636364,1.94000937205,1.06700515463,0.536363636364,1.05689877454,0.347276990411,3.54545454545,3.04338842975,1.05689877454,3.54545454545,0.499047619048,0.4,8,0.0484848484848,0.255555555556,11,11,11,1,0,0.0909090909091,0.636363636364,0.272727272727,11,0.118181818182,3.72727272727,2.36363636364,1.3,1.625,1.43336856898,0.6064251638,0.286713286713,0.603022689156,0.510249967747,0.237762237762,1.40129809949,1.18571377649,0.503496503497,2.05382127221,0.551025219373,7,3.72727272727,2.05382127221,7,0,0,0,0,0.22962962963,11,11,11,1,0,0.0909090909091,0.636363636364,0.272727272727,11,17,0.154545454545,3.15909090909,3.09090909091,1.7,2.125,1.44599761096,0.467822756488,0.24064171123,0.820199532265,0.530717344407,0.267379679144,1.69491217257,1.09670787637,0.534759358289,1.21589847064,0.38488872452,4,3.15909090909,1.21589847064,4,0.433333333333,0.292682926829,4,0.0242424242424,0.216666666667,11,11,11,1,0,0.0909090909091,0.636363636364,0.272727272727,-3,-0.0272727272727,0.115702479339,-0.545454545455,-0.3,-0.375,-0.243542401747,0.00319925299281,-0.0048128342246,-0.347548883978,-0.111544284527,-0.0689839572193,-0.245097199478,0.0297027217424,-0.00160427807487,0.158999696105,0.0376117341084,0.454545454545,0.115702479339,0.158999696105,0.454545454545,-0.0657142857143,-0.107317073171,-4,-0.0242424242424,-0.0388888888889,0,0,0,17,0,3,90,0.85,1,0,0.15,1,0.85,0.918918918919,0.906962317388,0.85,0.85,4,7,0,0,0,0
1294,WLNM_dir_neg,0.816326530612,0.685331632653,00:00:01,10,30,44,1173777893,threshold_sweep,0.7,1,0.571428571429,0.727272727273,4,0,3,14,0.571428571429,1,0,0.428571428571,1,0.571428571429,0.727272727273,0.857142857143,0.603174603175,0.64,0.68599434057,0.571428571429,20,13,7,0,20,0,13,0,7,11,20,0.181818181818,3.04338842975,3.63636363636,2,2.5,1.68954001271,0.464623503495,0.245454545455,1.16774841624,0.642261628933,0.336363636364,1.94000937205,1.06700515463,0.536363636364,1.05689877454,0.347276990411,3.54545454545,3.04338842975,1.05689877454,3.54545454545,0.499047619048,0.4,8,0.0484848484848,0.255555555556,11,11,11,1,0,0.0909090909091,0.636363636364,0.272727272727,11,0.118181818182,3.72727272727,2.36363636364,1.3,1.625,1.43336856898,0.6064251638,0.286713286713,0.603022689156,0.510249967747,0.237762237762,1.40129809949,1.18571377649,0.503496503497,2.05382127221,0.551025219373,7,3.72727272727,2.05382127221,7,0,0,0,0,0.22962962963,11,11,11,1,0,0.0909090909091,0.636363636364,0.272727272727,11,17,0.154545454545,3.15909090909,3.09090909091,1.7,2.125,1.44599761096,0.467822756488,0.24064171123,0.820199532265,0.530717344407,0.267379679144,1.69491217257,1.09670787637,0.534759358289,1.21589847064,0.38488872452,4,3.15909090909,1.21589847064,4,0.433333333333,0.292682926829,4,0.0242424242424,0.216666666667,11,11,11,1,0,0.0909090909091,0.636363636364,0.272727272727,-3,-0.0272727272727,0.115702479339,-0.545454545455,-0.3,-0.375,-0.243542401747,0.00319925299281,-0.0048128342246,-0.347548883978,-0.111544284527,-0.0689839572193,-0.245097199478,0.0297027217424,-0.00160427807487,0.158999696105,0.0376117341084,0.454545454545,0.115702479339,0.158999696105,0.454545454545,-0.0657142857143,-0.107317073171,-4,-0.0242424242424,-0.0388888888889,0,0,0,17,0,3,90,0.85,1,0,0.15,1,0.85,0.918918918919,0.906962317388,0.85,0.85,4,7,0,0,0,0
1295,WLNM_dir_neg,0.816326530612,0.685331632653,00:00:01,10,30,44,1173777893,threshold_sweep,0.8,1,0.571428571429,0.727272727273,4,0,3,14,0.571428571429,1,0,0.428571428571,1,0.571428571429,0.727272727273,0.857142857143,0.603174603175,0.64,0.68599434057,0.571428571429,20,13,7,0,20,0,13,0,7,11,20,0.181818181818,3.04338842975,3.63636363636,2,2.5,1.68954001271,0.464623503495,0.245454545455,1.16774841624,0.642261628933,0.336363636364,1.94000937205,1.06700515463,0.536363636364,1.05689877454,0.347276990411,3.54545454545,3.04338842975,1.05689877454,3.54545454545,0.499047619048,0.4,8,0.0484848484848,0.255555555556,11,11,11,1,0,0.0909090909091,0.636363636364,0.272727272727,11,0.118181818182,3.72727272727,2.36363636364,1.3,1.625,1.43336856898,0.6064251638,0.286713286713,0.603022689156,0.510249967747,0.237762237762,1.40129809949,1.18571377649,0.503496503497,2.05382127221,0.551025219373,7,3.72727272727,2.05382127221,7,0,0,0,0,0.22962962963,11,11,11,1,0,0.0909090909091,0.636363636364,0.272727272727,11,17,0.154545454545,3.15909090909,3.09090909091,1.7,2.125,1.44599761096,0.467822756488,0.24064171123,0.820199532265,0.530717344407,0.267379679144,1.69491217257,1.09670787637,0.534759358289,1.21589847064,0.38488872452,4,3.15909090909,1.21589847064,4,0.433333333333,0.292682926829,4,0.0242424242424,0.216666666667,11,11,11,1,0,0.0909090909091,0.636363636364,0.272727272727,-3,-0.0272727272727,0.115702479339,-0.545454545455,-0.3,-0.375,-0.243542401747,0.00319925299281,-0.0048128342246,-0.347548883978,-0.111544284527,-0.0689839572193,-0.245097199478,0.0297027217424,-0.00160427807487,0.158999696105,0.0376117341084,0.454545454545,0.115702479339,0.158999696105,0.454545454545,-0.0657142857143,-0.107317073171,-4,-0.0242424242424,-0.0388888888889,0,0,0,17,0,3,90,0.85,1,0,0.15,1,0.85,0.918918918919,0.906962317388,0.85,0.85,4,7,0,0,0,0
1296,WLNM_dir_neg,0.816326530612,0.685331632653,00:00:01,10,30,44,1173777893,threshold_sweep,0.9,1,0.142857142857,0.25,1,0,6,14,0.142857142857,1,0,0.857142857143,1,0.142857142857,0.25,0.714285714286,0.650793650794,0.181818181818,0.316227766017,0.142857142857,20,13,7,0,20,0,13,0,7,11,20,0.181818181818,3.04338842975,3.63636363636,2,2.5,1.68954001271,0.464623503495,0.245454545455,1.16774841624,0.642261628933,0.336363636364,1.94000937205,1.06700515463,0.536363636364,1.05689877454,0.347276990411,3.54545454545,3.04338842975,1.05689877454,3.54545454545,0.499047619048,0.4,8,0.0484848484848,0.255555555556,11,11,11,1,0,0.0909090909091,0.636363636364,0.272727272727,11,0.118181818182,3.72727272727,2.36363636364,1.3,1.625,1.43336856898,0.6064251638,0.286713286713,0.603022689156,0.510249967747,0.237762237762,1.40129809949,1.18571377649,0.503496503497,2.05382127221,0.551025219373,7,3.72727272727,2.05382127221,7,0,0,0,0,0.22962962963,11,11,11,1,0,0.0909090909091,0.636363636364,0.272727272727,11,14,0.127272727273,3.36363636364,2.54545454545,1.4,1.75,1.50755672289,0.592254426849,0.298701298701,0.646669790683,0.508097692679,0.246753246753,1.48935617573,1.17020842379,0.519480519481,1.34539994429,0.399983767222,4.66666666667,3.36363636364,1.34539994429,4.66666666667,0,0,0,0,0.244444444444,11,11,11,1,0,0.0909090909091,0.636363636364,0.272727272727,-6,-0.0545454545455,0.320247933884,-1.09090909091,-0.6,-0.75,-0.18198328982,0.127630923354,0.0532467532468,-0.521078625559,-0.134163936254,-0.0896103896104,-0.45065319632,0.10320326916,-0.0168831168831,0.288501169755,0.0527067768106,1.12121212121,0.320247933884,0.288501169755,1.12121212121,-0.499047619048,-0.4,-8,-0.0484848484848,-0.0111111111111,0,0,0,14,0,6,90,0.7,1,0,0.3,1,0.7,0.823529411765,0.810092587301,0.7,0.7,1,7,0,0,0,0
1297,WLNM_dir_neg,0.836734693878,0.551121794872,00:00:01,10,30,45,1173777894,threshold_sweep,0.1,1,0.714285714286,0.833333333333,5,0,2,14,0.714285714286,1,0,0.285714285714,1,0.714285714286,0.833333333333,0.904761904762,0.587301587302,0.769230769231,0.790569415042,0.714285714286,20,13,7,0,20,0,13,0,7,11,20,0.181818181818,3.04338842975,3.63636363636,2,2.5,1.68954001271,0.464623503495,0.245454545455,1.16774841624,0.642261628933,0.336363636364,1.94000937205,1.06700515463,0.536363636364,1.05689877454,0.347276990411,3.54545454545,3.04338842975,1.05689877454,3.54545454545,0.499047619048,0.4,8,0.0484848484848,0.255555555556,11,11,11,1,0,0.0909090909091,0.636363636364,0.272727272727,11,0.118181818182,3.72727272727,2.36363636364,1.3,1.625,1.43336856898,0.6064251638,0.286713286713,0.603022689156,0.510249967747,0.237762237762,1.40129809949,1.18571377649,0.503496503497,2.05382127221,0.551025219373,7,3.72727272727,2.05382127221,7,0,0,0,0,0.22962962963,11,11,11,1,0,0.0909090909091,0.636363636364,0.272727272727,11,18,0.163636363636,3.11363636364,3.27272727273,1.8,2.25,1.42062726223,0.434080552347,0.227272727273,0.924416277737,0.564921058617,0.292929292929,1.68954001271,1.03249667443,0.525252525253,1.14353419474,0.367266456706,3.875,3.11363636364,1.14353419474,3.875,0.366666666667,0.266666666667,4,0.0242424242424,0.221111111111,11,11,11,1,0,0.0909090909091,0.636363636364,0.272727272727,-2,-0.0181818181818,0.0702479338843,-0.363636363636,-0.2,-0.25,-0.268912750482,-0.030542951148,-0.0181818181818,-0.243332138505,-0.0773405703161,-0.0434343434343,-0.250469359339,-0.0345084801933,-0.0111111111111,0.0866354202056,0.0199894662943,0.329545454545,0.0702479338843,0.0866354202056,0.329545454545,-0.132380952381,-0.133333333333,-4,-0.0242424242424,-0.0344444444444,0,0,0,18,0,2,90,0.9,1,0,0.1,1,0.9,0.947368421053,0.938314863257,0.9,0.9,5,7,0,0,0,0
1298,WLNM_dir_neg,0.836734693878,0.551121794872,00:00:01,10,30,45,1173777894,threshold_sweep,0.2,1,0.714285714286,0.833333333333,5,0,2,14,0.714285714286,1,0,0.285714285714,1,0.714285714286,0.833333333333,0.904761904762,0.587301587302,0.769230769231,0.790569415042,0.714285714286,20,13,7,0,20,0,13,0,7,11,20,0.181818181818,3.04338842975,3.63636363636,2,2.5,1.68954001271,0.464623503495,0.245454545455,1.16774841624,0.642261628933,0.336363636364,1.94000937205,1.06700515463,0.536363636364,1.05689877454,0.347276990411,3.54545454545,3.04338842975,1.05689877454,3.54545454545,0.499047619048,0.4,8,0.0484848484848,0.255555555556,11,11,11,1,0,0.0909090909091,0.636363636364,0.272727272727,11,0.118181818182,3.72727272727,2.36363636364,1.3,1.625,1.43336856898,0.6064251638,0.286713286713,0.603022689156,0.510249967747,0.237762237762,1.40129809949,1.18571377649,0.503496503497,2.05382127221,0.551025219373,7,3.72727272727,2.05382127221,7,0,0,0,0,0.22962962963,11,11,11,1,0,0.0909090909091,0.636363636364,0.272727272727,11,18,0.163636363636,3.11363636364,3.27272727273,1.8,2.25,1.42062726223,0.434080552347,0.227272727273,0.924416277737,0.564921058617,0.292929292929,1.68954001271,1.03249667443,0.525252525253,1.14353419474,0.367266456706,3.875,3.11363636364,1.14353419474,3.875,0.366666666667,0.266666666667,4,0.0242424242424,0.221111111111,11,11,11,1,0,0.0909090909091,0.636363636364,0.272727272727,-2,-0.0181818181818,0.0702479338843,-0.363636363636,-0.2,-0.25,-0.268912750482,-0.030542951148,-0.0181818181818,-0.243332138505,-0.0773405703161,-0.0434343434343,-0.250469359339,-0.0345084801933,-0.0111111111111,0.0866354202056,0.0199894662943,0.329545454545,0.0702479338843,0.0866354202056,0.329545454545,-0.132380952381,-0.133333333333,-4,-0.0242424242424,-0.0344444444444,0,0,0,18,0,2,90,0.9,1,0,0.1,1,0.9,0.947368421053,0.938314863257,0.9,0.9,5,7,0,0,0,0
1299,WLNM_dir_neg,0.836734693878,0.551121794872,00:00:01,10,30,45,1173777894,threshold_sweep,0.3,1,0.714285714286,0.833333333333,5,0,2,14,0.714285714286,1,0,0.285714285714,1,0.714285714286,0.833333333333,0.904761904762,0.587301587302,0.769230769231,0.790569415042,0.714285714286,20,13,7,0,20,0,13,0,7,11,20,0.181818181818,3.04338842975,3.63636363636,2,2.5,1.68954001271,0.464623503495,0.245454545455,1.16774841624,0.642261628933,0.336363636364,1.94000937205,1.06700515463,0.536363636364,1.05689877454,0.347276990411,3.54545454545,3.04338842975,1.05689877454,3.54545454545,0.499047619048,0.4,8,0.0484848484848,0.255555555556,11,11,11,1,0,0.0909090909091,0.636363636364,0.272727272727,11,0.118181818182,3.72727272727,2.36363636364,1.3,1.625,1.43336856898,0.6064251638,0.286713286713,0.603022689156,0.510249967747,0.237762237762,1.40129809949,1.18571377649,0.503496503497,2.05382127221,0.551025219373,7,3.72727272727,2.05382127221,7,0,0,0,0,0.22962962963,11,11,11,1,0,0.0909090909091,0.636363636364,0.272727272727,11,18,0.163636363636,3.11363636364,3.27272727273,1.8,2.25,1.42062726223,0.434080552347,0.227272727273,0.924416277737,0.564921058617,0.292929292929,1.68954001271,1.03249667443,0.525252525253,1.14353419474,0.367266456706,3.875,3.11363636364,1.14353419474,3.875,0.366666666667,0.266666666667,4,0.0242424242424,0.221111111111,11,11,11,1,0,0.0909090909091,0.636363636364,0.272727272727,-2,-0.0181818181818,0.0702479338843,-0.363636363636,-0.2,-0.25,-0.268912750482,-0.030542951148,-0.0181818181818,-0.243332138505,-0.0773405703161,-0.0434343434343,-0.250469359339,-0.0345084801933,-0.0111111111111,0.0866354202056,0.0199894662943,0.329545454545,0.0702479338843,0.0866354202056,0.329545454545,-0.132380952381,-0.133333333333,-4,-0.0242424242424,-0.0344444444444,0,0,0,18,0,2,90,0.9,1,0,0.1,1,0.9,0.947368421053,0.938314863257,0.9,0.9,5,7,0,0,0,0
1300,WLNM_dir_neg,0.836734693878,0.551121794872,00:00:01,10,30,45,1173777894,threshold_sweep,0.4,1,0.714285714286,0.833333333333,5,0,2,14,0.714285714286,1,0,0.285714285714,1,0.714285714286,0.833333333333,0.904761904762,0.587301587302,0.769230769231,0.790569415042,0.714285714286,20,13,7,0,20,0,13,0,7,11,20,0.181818181818,3.04338842975,3.63636363636,2,2.5,1.68954001271,0.464623503495,0.245454545455,1.16774841624,0.642261628933,0.336363636364,1.94000937205,1.06700515463,0.536363636364,1.05689877454,0.347276990411,3.54545454545,3.04338842975,1.05689877454,3.54545454545,0.499047619048,0.4,8,0.0484848484848,0.255555555556,11,11,11,1,0,0.0909090909091,0.636363636364,0.272727272727,11,0.118181818182,3.72727272727,2.36363636364,1.3,1.625,1.43336856898,0.6064251638,0.286713286713,0.603022689156,0.510249967747,0.237762237762,1.40129809949,1.18571377649,0.503496503497,2.05382127221,0.551025219373,7,3.72727272727,2.05382127221,7,0,0,0,0,0.22962962963,11,11,11,1,0,0.0909090909091,0.636363636364,0.272727272727,11,18,0.163636363636,3.11363636364,3.27272727273,1.8,2.25,1.42062726223,0.434080552347,0.227272727273,0.924416277737,0.564921058617,0.292929292929,1.68954001271,1.03249667443,0.525252525253,1.14353419474,0.367266456706,3.875,3.11363636364,1.14353419474,3.875,0.366666666667,0.266666666667,4,0.0242424242424,0.221111111111,11,11,11,1,0,0.0909090909091,0.636363636364,0.272727272727,-2,-0.0181818181818,0.0702479338843,-0.363636363636,-0.2,-0.25,-0.268912750482,-0.030542951148,-0.0181818181818,-0.243332138505,-0.0773405703161,-0.0434343434343,-0.250469359339,-0.0345084801933,-0.0111111111111,0.0866354202056,0.0199894662943,0.329545454545,0.0702479338843,0.0866354202056,0.329545454545,-0.132380952381,-0.133333333333,-4,-0.0242424242424,-0.0344444444444,0,0,0,18,0,2,90,0.9,1,0,0.1,1,0.9,0.947368421053,0.938314863257,0.9,0.9,5,7,0,0,0,0
1301,WLNM_dir_neg,0.836734693878,0.551121794872,00:00:01,10,30,45,1173777894,threshold_sweep,0.5,1,0.714285714286,0.833333333333,5,0,2,14,0.714285714286,1,0,0.285714285714,1,0.714285714286,0.833333333333,0.904761904762,0.587301587302,0.769230769231,0.790569415042,0.714285714286,20,13,7,0,20,0,13,0,7,11,20,0.181818181818,3.04338842975,3.63636363636,2,2.5,1.68954001271,0.464623503495,0.245454545455,1.16774841624,0.642261628933,0.336363636364,1.94000937205,1.06700515463,0.536363636364,1.05689877454,0.347276990411,3.54545454545,3.04338842975,1.05689877454,3.54545454545,0.499047619048,0.4,8,0.0484848484848,0.255555555556,11,11,11,1,0,0.0909090909091,0.636363636364,0.272727272727,11,0.118181818182,3.72727272727,2.36363636364,1.3,1.625,1.43336856898,0.6064251638,0.286713286713,0.603022689156,0.510249967747,0.237762237762,1.40129809949,1.18571377649,0.503496503497,2.05382127221,0.551025219373,7,3.72727272727,2.05382127221,7,0,0,0,0,0.22962962963,11,11,11,1,0,0.0909090909091,0.636363636364,0.272727272727,11,18,0.163636363636,3.11363636364,3.27272727273,1.8,2.25,1.42062726223,0.434080552347,0.227272727273,0.924416277737,0.564921058617,0.292929292929,1.68954001271,1.03249667443,0.525252525253,1.14353419474,0.367266456706,3.875,3.11363636364,1.14353419474,3.875,0.366666666667,0.266666666667,4,0.0242424242424,0.221111111111,11,11,11,1,0,0.0909090909091,0.636363636364,0.272727272727,-2,-0.0181818181818,0.0702479338843,-0.363636363636,-0.2,-0.25,-0.268912750482,-0.030542951148,-0.0181818181818,-0.243332138505,-0.0773405703161,-0.0434343434343,-0.250469359339,-0.0345084801933,-0.0111111111111,0.0866354202056,0.0199894662943,0.329545454545,0.0702479338843,0.0866354202056,0.329545454545,-0.132380952381,-0.133333333333,-4,-0.0242424242424,-0.0344444444444,0,0,0,18,0,2,90,0.9,1,0,0.1,1,0.9,0.947368421053,0.938314863257,0.9,0.9,5,7,0,0,0,0
1302,WLNM_dir_neg,0.836734693878,0.551121794872,00:00:01,10,30,45,1173777894,threshold_sweep,0.6,1,0.714285714286,0.833333333333,5,0,2,14,0.714285714286,1,0,0.285714285714,1,0.714285714286,0.833333333333,0.904761904762,0.587301587302,0.769230769231,0.790569415042,0.714285714286,20,13,7,0,20,0,13,0,7,11,20,0.181818181818,3.04338842975,3.63636363636,2,2.5,1.68954001271,0.464623503495,0.245454545455,1.16774841624,0.642261628933,0.336363636364,1.94000937205,1.06700515463,0.536363636364,1.05689877454,0.347276990411,3.54545454545,3.04338842975,1.05689877454,3.54545454545,0.499047619048,0.4,8,0.0484848484848,0.255555555556,11,11,11,1,0,0.0909090909091,0.636363636364,0.272727272727,11,0.118181818182,3.72727272727,2.36363636364,1.3,1.625,1.43336856898,0.6064251638,0.286713286713,0.603022689156,0.510249967747,0.237762237762,1.40129809949,1.18571377649,0.503496503497,2.05382127221,0.551025219373,7,3.72727272727,2.05382127221,7,0,0,0,0,0.22962962963,11,11,11,1,0,0.0909090909091,0.636363636364,0.272727272727,11,18,0.163636363636,3.11363636364,3.27272727273,1.8,2.25,1.42062726223,0.434080552347,0.227272727273,0.924416277737,0.564921058617,0.292929292929,1.68954001271,1.03249667443,0.525252525253,1.14353419474,0.367266456706,3.875,3.11363636364,1.14353419474,3.875,0.366666666667,0.266666666667,4,0.0242424242424,0.221111111111,11,11,11,1,0,0.0909090909091,0.636363636364,0.272727272727,-2,-0.0181818181818,0.0702479338843,-0.363636363636,-0.2,-0.25,-0.268912750482,-0.030542951148,-0.0181818181818,-0.243332138505,-0.0773405703161,-0.0434343434343,-0.250469359339,-0.0345084801933,-0.0111111111111,0.0866354202056,0.0199894662943,0.329545454545,0.0702479338843,0.0866354202056,0.329545454545,-0.132380952381,-0.133333333333,-4,-0.0242424242424,-0.0344444444444,0,0,0,18,0,2,90,0.9,1,0,0.1,1,0.9,0.947368421053,0.938314863257,0.9,0.9,5,7,0,0,0,0
1303,WLNM_dir_neg,0.836734693878,0.551121794872,00:00:01,10,30,45,1173777894,threshold_sweep,0.7,1,0.714285714286,0.833333333333,5,0,2,14,0.714285714286,1,0,0.285714285714,1,0.714285714286,0.833333333333,0.904761904762,0.587301587302,0.769230769231,0.790569415042,0.714285714286,20,13,7,0,20,0,13,0,7,11,20,0.181818181818,3.04338842975,3.63636363636,2,2.5,1.68954001271,0.464623503495,0.245454545455,1.16774841624,0.642261628933,0.336363636364,1.94000937205,1.06700515463,0.536363636364,1.05689877454,0.347276990411,3.54545454545,3.04338842975,1.05689877454,3.54545454545,0.499047619048,0.4,8,0.0484848484848,0.255555555556,11,11,11,1,0,0.0909090909091,0.636363636364,0.272727272727,11,0.118181818182,3.72727272727,2.36363636364,1.3,1.625,1.43336856898,0.6064251638,0.286713286713,0.603022689156,0.510249967747,0.237762237762,1.40129809949,1.18571377649,0.503496503497,2.05382127221,0.551025219373,7,3.72727272727,2.05382127221,7,0,0,0,0,0.22962962963,11,11,11,1,0,0.0909090909091,0.636363636364,0.272727272727,11,18,0.163636363636,3.11363636364,3.27272727273,1.8,2.25,1.42062726223,0.434080552347,0.227272727273,0.924416277737,0.564921058617,0.292929292929,1.68954001271,1.03249667443,0.525252525253,1.14353419474,0.367266456706,3.875,3.11363636364,1.14353419474,3.875,0.366666666667,0.266666666667,4,0.0242424242424,0.221111111111,11,11,11,1,0,0.0909090909091,0.636363636364,0.272727272727,-2,-0.0181818181818,0.0702479338843,-0.363636363636,-0.2,-0.25,-0.268912750482,-0.030542951148,-0.0181818181818,-0.243332138505,-0.0773405703161,-0.0434343434343,-0.250469359339,-0.0345084801933,-0.0111111111111,0.0866354202056,0.0199894662943,0.329545454545,0.0702479338843,0.0866354202056,0.329545454545,-0.132380952381,-0.133333333333,-4,-0.0242424242424,-0.0344444444444,0,0,0,18,0,2,90,0.9,1,0,0.1,1,0.9,0.947368421053,0.938314863257,0.9,0.9,5,7,0,0,0,0
1304,WLNM_dir_neg,0.836734693878,0.551121794872,00:00:01,10,30,45,1173777894,threshold_sweep,0.8,1,0.714285714286,0.833333333333,5,0,2,14,0.714285714286,1,0,0.285714285714,1,0.714285714286,0.833333333333,0.904761904762,0.587301587302,0.769230769231,0.790569415042,0.714285714286,20,13,7,0,20,0,13,0,7,11,20,0.181818181818,3.04338842975,3.63636363636,2,2.5,1.68954001271,0.464623503495,0.245454545455,1.16774841624,0.642261628933,0.336363636364,1.94000937205,1.06700515463,0.536363636364,1.05689877454,0.347276990411,3.54545454545,3.04338842975,1.05689877454,3.54545454545,0.499047619048,0.4,8,0.0484848484848,0.255555555556,11,11,11,1,0,0.0909090909091,0.636363636364,0.272727272727,11,0.118181818182,3.72727272727,2.36363636364,1.3,1.625,1.43336856898,0.6064251638,0.286713286713,0.603022689156,0.510249967747,0.237762237762,1.40129809949,1.18571377649,0.503496503497,2.05382127221,0.551025219373,7,3.72727272727,2.05382127221,7,0,0,0,0,0.22962962963,11,11,11,1,0,0.0909090909091,0.636363636364,0.272727272727,11,18,0.163636363636,3.11363636364,3.27272727273,1.8,2.25,1.42062726223,0.434080552347,0.227272727273,0.924416277737,0.564921058617,0.292929292929,1.68954001271,1.03249667443,0.525252525253,1.14353419474,0.367266456706,3.875,3.11363636364,1.14353419474,3.875,0.366666666667,0.266666666667,4,0.0242424242424,0.221111111111,11,11,11,1,0,0.0909090909091,0.636363636364,0.272727272727,-2,-0.0181818181818,0.0702479338843,-0.363636363636,-0.2,-0.25,-0.268912750482,-0.030542951148,-0.0181818181818,-0.243332138505,-0.0773405703161,-0.0434343434343,-0.250469359339,-0.0345084801933,-0.0111111111111,0.0866354202056,0.0199894662943,0.329545454545,0.0702479338843,0.0866354202056,0.329545454545,-0.132380952381,-0.133333333333,-4,-0.0242424242424,-0.0344444444444,0,0,0,18,0,2,90,0.9,1,0,0.1,1,0.9,0.947368421053,0.938314863257,0.9,0.9,5,7,0,0,0,0
1305,WLNM_dir_neg,0.836734693878,0.551121794872,00:00:01,10,30,45,1173777894,threshold_sweep,0.9,1,0.714285714286,0.833333333333,5,0,2,14,0.714285714286,1,0,0.285714285714,1,0.714285714286,0.833333333333,0.904761904762,0.587301587302,0.769230769231,0.790569415042,0.714285714286,20,13,7,0,20,0,13,0,7,11,20,0.181818181818,3.04338842975,3.63636363636,2,2.5,1.68954001271,0.464623503495,0.245454545455,1.16774841624,0.642261628933,0.336363636364,1.94000937205,1.06700515463,0.536363636364,1.05689877454,0.347276990411,3.54545454545,3.04338842975,1.05689877454,3.54545454545,0.499047619048,0.4,8,0.0484848484848,0.255555555556,11,11,11,1,0,0.0909090909091,0.636363636364,0.272727272727,11,0.118181818182,3.72727272727,2.36363636364,1.3,1.625,1.43336856898,0.6064251638,0.286713286713,0.603022689156,0.510249967747,0.237762237762,1.40129809949,1.18571377649,0.503496503497,2.05382127221,0.551025219373,7,3.72727272727,2.05382127221,7,0,0,0,0,0.22962962963,11,11,11,1,0,0.0909090909091,0.636363636364,0.272727272727,11,18,0.163636363636,3.11363636364,3.27272727273,1.8,2.25,1.42062726223,0.434080552347,0.227272727273,0.924416277737,0.564921058617,0.292929292929,1.68954001271,1.03249667443,0.525252525253,1.14353419474,0.367266456706,3.875,3.11363636364,1.14353419474,3.875,0.366666666667,0.266666666667,4,0.0242424242424,0.221111111111,11,11,11,1,0,0.0909090909091,0.636363636364,0.272727272727,-2,-0.0181818181818,0.0702479338843,-0.363636363636,-0.2,-0.25,-0.268912750482,-0.030542951148,-0.0181818181818,-0.243332138505,-0.0773405703161,-0.0434343434343,-0.250469359339,-0.0345084801933,-0.0111111111111,0.0866354202056,0.0199894662943,0.329545454545,0.0702479338843,0.0866354202056,0.329545454545,-0.132380952381,-0.133333333333,-4,-0.0242424242424,-0.0344444444444,0,0,0,18,0,2,90,0.9,1,0,0.1,1,0.9,0.947368421053,0.938314863257,0.9,0.9,5,7,0,0,0,0
1306,WLNM_dir_neg,0.897959183673,0.583874458874,00:00:01,10,30,46,1173777895,threshold_sweep,0.1,0.833333333333,0.714285714286,0.769230769231,5,1,2,13,0.714285714286,0.928571428571,0.0714285714286,0.285714285714,0.833333333333,0.714285714286,0.769230769231,0.857142857143,0.571428571429,0.666666666667,0.67082039325,0.642857142857,20,13,7,0,20,0,13,0,7,11,20,0.181818181818,3.04338842975,3.63636363636,2,2.5,1.68954001271,0.464623503495,0.245454545455,1.16774841624,0.642261628933,0.336363636364,1.94000937205,1.06700515463,0.536363636364,1.05689877454,0.347276990411,3.54545454545,3.04338842975,1.05689877454,3.54545454545,0.499047619048,0.4,8,0.0484848484848,0.255555555556,11,11,11,1,0,0.0909090909091,0.636363636364,0.272727272727,11,0.118181818182,3.72727272727,2.36363636364,1.3,1.625,1.43336856898,0.6064251638,0.286713286713,0.603022689156,0.510249967747,0.237762237762,1.40129809949,1.18571377649,0.503496503497,2.05382127221,0.551025219373,7,3.72727272727,2.05382127221,7,0,0,0,0,0.22962962963,11,11,11,1,0,0.0909090909091,0.636363636364,0.272727272727,11,19,0.172727272727,4.70454545455,3.45454545455,1.9,2.375,1.7529196424,0.507424107012,0.258373205742,0.904534033733,0.523677598477,0.267942583732,1.84883255547,1.07037674264,0.535885167464,1.66608891501,0.354144503674,5.875,4.70454545455,1.66608891501,5.875,0.366666666667,0.266666666667,4,0.0242424242424,0.23962962963,11,11,11,1,0,0.0909090909091,0.636363636364,0.272727272727,-1,-0.00909090909091,1.66115702479,-0.181818181818,-0.1,-0.125,0.0633796296952,0.0428006035168,0.0129186602871,-0.263214382509,-0.118584030456,-0.0684210526316,-0.0911768165742,0.00337158801632,-0.000478468899521,0.609190140475,0.00686751326282,2.32954545455,1.66115702479,0.609190140475,2.32954545455,-0.132380952381,-0.133333333333,-4,-0.0242424242424,-0.0159259259259,0,0,0,18,1,2,89,0.9,0.988888888889,0.0111111111111,0.1,0.947368421053,0.9,0.923076923077,0.906956031802,0.888888888889,0.857142857143,6,7,0,0,0,0
1307,WLNM_dir_neg,0.897959183673,0.583874458874,00:00:01,10,30,46,1173777895,threshold_sweep,0.2,1,0.714285714286,0.833333333333,5,0,2,14,0.714285714286,1,0,0.285714285714,1,0.714285714286,0.833333333333,0.904761904762,0.587301587302,0.769230769231,0.790569415042,0.714285714286,20,13,7,0,20,0,13,0,7,11,20,0.181818181818,3.04338842975,3.63636363636,2,2.5,1.68954001271,0.464623503495,0.245454545455,1.16774841624,0.642261628933,0.336363636364,1.94000937205,1.06700515463,0.536363636364,1.05689877454,0.347276990411,3.54545454545,3.04338842975,1.05689877454,3.54545454545,0.499047619048,0.4,8,0.0484848484848,0.255555555556,11,11,11,1,0,0.0909090909091,0.636363636364,0.272727272727,11,0.118181818182,3.72727272727,2.36363636364,1.3,1.625,1.43336856898,0.6064251638,0.286713286713,0.603022689156,0.510249967747,0.237762237762,1.40129809949,1.18571377649,0.503496503497,2.05382127221,0.551025219373,7,3.72727272727,2.05382127221,7,0,0,0,0,0.22962962963,11,11,11,1,0,0.0909090909091,0.636363636364,0.272727272727,11,18,0.163636363636,3.11363636364,3.27272727273,1.8,2.25,1.42062726223,0.434080552347,0.227272727273,0.924416277737,0.564921058617,0.292929292929,1.68954001271,1.03249667443,0.525252525253,1.14353419474,0.367266456706,3.875,3.11363636364,1.14353419474,3.875,0.366666666667,0.266666666667,4,0.0242424242424,0.221111111111,11,11,11,1,0,0.0909090909091,0.636363636364,0.272727272727,-2,-0.0181818181818,0.0702479338843,-0.363636363636,-0.2,-0.25,-0.268912750482,-0.030542951148,-0.0181818181818,-0.243332138505,-0.0773405703161,-0.0434343434343,-0.250469359339,-0.0345084801933,-0.0111111111111,0.0866354202056,0.0199894662943,0.329545454545,0.0702479338843,0.0866354202056,0.329545454545,-0.132380952381,-0.133333333333,-4,-0.0242424242424,-0.0344444444444,0,0,0,18,0,2,90,0.9,1,0,0.1,1,0.9,0.947368421053,0.938314863257,0.9,0.9,5,7,0,0,0,0
1308,WLNM_dir_neg,0.897959183673,0.583874458874,00:00:01,10,30,46,1173777895,threshold_sweep,0.3,1,0.571428571429,0.727272727273,4,0,3,14,0.571428571429,1,0,0.428571428571,1,0.571428571429,0.727272727273,0.857142857143,0.603174603175,0.64,0.68599434057,0.571428571429,20,13,7,0,20,0,13,0,7,11,20,0.181818181818,3.04338842975,3.63636363636,2,2.5,1.68954001271,0.464623503495,0.245454545455,1.16774841624,0.642261628933,0.336363636364,1.94000937205,1.06700515463,0.536363636364,1.05689877454,0.347276990411,3.54545454545,3.04338842975,1.05689877454,3.54545454545,0.499047619048,0.4,8,0.0484848484848,0.255555555556,11,11,11,1,0,0.0909090909091,0.636363636364,0.272727272727,11,0.118181818182,3.72727272727,2.36363636364,1.3,1.625,1.43336856898,0.6064251638,0.286713286713,0.603022689156,0.510249967747,0.237762237762,1.40129809949,1.18571377649,0.503496503497,2.05382127221,0.551025219373,7,3.72727272727,2.05382127221,7,0,0,0,0,0.22962962963,11,11,11,1,0,0.0909090909091,0.636363636364,0.272727272727,11,17,0.154545454545,3.17727272727,3.09090909091,1.7,2.125,1.30034960334,0.420701342257,0.208556149733,0.820199532265,0.530717344407,0.267379679144,1.57249078621,1.01749403814,0.513368983957,1.2536673475,0.394573414091,4.4,3.17727272727,1.2536673475,4.4,0.213333333333,0.153846153846,2,0.0121212121212,0.205555555556,11,11,11,1,0,0.0909090909091,0.636363636364,0.272727272727,-3,-0.0272727272727,0.133884297521,-0.545454545455,-0.3,-0.375,-0.389190409368,-0.0439221612377,-0.0368983957219,-0.347548883978,-0.111544284527,-0.0689839572193,-0.367518585835,-0.0495111164884,-0.0229946524064,0.196768572961,0.0472964236795,0.854545454545,0.133884297521,0.196768572961,0.854545454545,-0.285714285714,-0.246153846154,-6,-0.0363636363636,-0.05,0,0,0,17,0,3,90,0.85,1,0,0.15,1,0.85,0.918918918919,0.906962317388,0.85,0.85,4,7,0,0,0,0
1309,WLNM_dir_neg,0.897959183673,0.583874458874,00:00:01,10,30,46,1173777895,threshold_sweep,0.4,1,0.571428571429,0.727272727273,4,0,3,14,0.571428571429,1,0,0.428571428571,1,0.571428571429,0.727272727273,0.857142857143,0.603174603175,0.64,0.68599434057,0.571428571429,20,13,7,0,20,0,13,0,7,11,20,0.181818181818,3.04338842975,3.63636363636,2,2.5,1.68954001271,0.464623503495,0.245454545455,1.16774841624,0.642261628933,0.336363636364,1.94000937205,1.06700515463,0.536363636364,1.05689877454,0.347276990411,3.54545454545,3.04338842975,1.05689877454,3.54545454545,0.499047619048,0.4,8,0.0484848484848,0.255555555556,11,11,11,1,0,0.0909090909091,0.636363636364,0.272727272727,11,0.118181818182,3.72727272727,2.36363636364,1.3,1.625,1.43336856898,0.6064251638,0.286713286713,0.603022689156,0.510249967747,0.237762237762,1.40129809949,1.18571377649,0.503496503497,2.05382127221,0.551025219373,7,3.72727272727,2.05382127221,7,0,0,0,0,0.22962962963,11,11,11,1,0,0.0909090909091,0.636363636364,0.272727272727,11,17,0.154545454545,3.17727272727,3.09090909091,1.7,2.125,1.30034960334,0.420701342257,0.208556149733,0.820199532265,0.530717344407,0.267379679144,1.57249078621,1.01749403814,0.513368983957,1.2536673475,0.394573414091,4.4,3.17727272727,1.2536673475,4.4,0.213333333333,0.153846153846,2,0.0121212121212,0.205555555556,11,11,11,1,0,0.0909090909091,0.636363636364,0.272727272727,-3,-0.0272727272727,0.133884297521,-0.545454545455,-0.3,-0.375,-0.389190409368,-0.0439221612377,-0.0368983957219,-0.347548883978,-0.111544284527,-0.0689839572193,-0.367518585835,-0.0495111164884,-0.0229946524064,0.196768572961,0.0472964236795,0.854545454545,0.133884297521,0.196768572961,0.854545454545,-0.285714285714,-0.246153846154,-6,-0.0363636363636,-0.05,0,0,0,17,0,3,90,0.85,1,0,0.15,1,0.85,0.918918918919,0.906962317388,0.85,0.85,4,7,0,0,0,0
1310,WLNM_dir_neg,0.897959183673,0.583874458874,00:00:01,10,30,46,1173777895,threshold_sweep,0.5,1,0.571428571429,0.727272727273,4,0,3,14,0.571428571429,1,0,0.428571428571,1,0.571428571429,0.727272727273,0.857142857143,0.603174603175,0.64,0.68599434057,0.571428571429,20,13,7,0,20,0,13,0,7,11,20,0.181818181818,3.04338842975,3.63636363636,2,2.5,1.68954001271,0.464623503495,0.245454545455,1.16774841624,0.642261628933,0.336363636364,1.94000937205,1.06700515463,0.536363636364,1.05689877454,0.347276990411,3.54545454545,3.04338842975,1.05689877454,3.54545454545,0.499047619048,0.4,8,0.0484848484848,0.255555555556,11,11,11,1,0,0.0909090909091,0.636363636364,0.272727272727,11,0.118181818182,3.72727272727,2.36363636364,1.3,1.625,1.43336856898,0.6064251638,0.286713286713,0.603022689156,0.510249967747,0.237762237762,1.40129809949,1.18571377649,0.503496503497,2.05382127221,0.551025219373,7,3.72727272727,2.05382127221,7,0,0,0,0,0.22962962963,11,11,11,1,0,0.0909090909091,0.636363636364,0.272727272727,11,17,0.154545454545,3.17727272727,3.09090909091,1.7,2.125,1.30034960334,0.420701342257,0.208556149733,0.820199532265,0.530717344407,0.267379679144,1.57249078621,1.01749403814,0.513368983957,1.2536673475,0.394573414091,4.4,3.17727272727,1.2536673475,4.4,0.213333333333,0.153846153846,2,0.0121212121212,0.205555555556,11,11,11,1,0,0.0909090909091,0.636363636364,0.272727272727,-3,-0.0272727272727,0.133884297521,-0.545454545455,-0.3,-0.375,-0.389190409368,-0.0439221612377,-0.0368983957219,-0.347548883978,-0.111544284527,-0.0689839572193,-0.367518585835,-0.0495111164884,-0.0229946524064,0.196768572961,0.0472964236795,0.854545454545,0.133884297521,0.196768572961,0.854545454545,-0.285714285714,-0.246153846154,-6,-0.0363636363636,-0.05,0,0,0,17,0,3,90,0.85,1,0,0.15,1,0.85,0.918918918919,0.906962317388,0.85,0.85,4,7,0,0,0,0
1311,WLNM_dir_neg,0.897959183673,0.583874458874,00:00:01,10,30,46,1173777895,threshold_sweep,0.6,1,0.571428571429,0.727272727273,4,0,3,14,0.571428571429,1,0,0.428571428571,1,0.571428571429,0.727272727273,0.857142857143,0.603174603175,0.64,0.68599434057,0.571428571429,20,13,7,0,20,0,13,0,7,11,20,0.181818181818,3.04338842975,3.63636363636,2,2.5,1.68954001271,0.464623503495,0.245454545455,1.16774841624,0.642261628933,0.336363636364,1.94000937205,1.06700515463,0.536363636364,1.05689877454,0.347276990411,3.54545454545,3.04338842975,1.05689877454,3.54545454545,0.499047619048,0.4,8,0.0484848484848,0.255555555556,11,11,11,1,0,0.0909090909091,0.636363636364,0.272727272727,11,0.118181818182,3.72727272727,2.36363636364,1.3,1.625,1.43336856898,0.6064251638,0.286713286713,0.603022689156,0.510249967747,0.237762237762,1.40129809949,1.18571377649,0.503496503497,2.05382127221,0.551025219373,7,3.72727272727,2.05382127221,7,0,0,0,0,0.22962962963,11,11,11,1,0,0.0909090909091,0.636363636364,0.272727272727,11,17,0.154545454545,3.17727272727,3.09090909091,1.7,2.125,1.30034960334,0.420701342257,0.208556149733,0.820199532265,0.530717344407,0.267379679144,1.57249078621,1.01749403814,0.513368983957,1.2536673475,0.394573414091,4.4,3.17727272727,1.2536673475,4.4,0.213333333333,0.153846153846,2,0.0121212121212,0.205555555556,11,11,11,1,0,0.0909090909091,0.636363636364,0.272727272727,-3,-0.0272727272727,0.133884297521,-0.545454545455,-0.3,-0.375,-0.389190409368,-0.0439221612377,-0.0368983957219,-0.347548883978,-0.111544284527,-0.0689839572193,-0.367518585835,-0.0495111164884,-0.0229946524064,0.196768572961,0.0472964236795,0.854545454545,0.133884297521,0.196768572961,0.854545454545,-0.285714285714,-0.246153846154,-6,-0.0363636363636,-0.05,0,0,0,17,0,3,90,0.85,1,0,0.15,1,0.85,0.918918918919,0.906962317388,0.85,0.85,4,7,0,0,0,0
1312,WLNM_dir_neg,0.897959183673,0.583874458874,00:00:01,10,30,46,1173777895,threshold_sweep,0.7,1,0.571428571429,0.727272727273,4,0,3,14,0.571428571429,1,0,0.428571428571,1,0.571428571429,0.727272727273,0.857142857143,0.603174603175,0.64,0.68599434057,0.571428571429,20,13,7,0,20,0,13,0,7,11,20,0.181818181818,3.04338842975,3.63636363636,2,2.5,1.68954001271,0.464623503495,0.245454545455,1.16774841624,0.642261628933,0.336363636364,1.94000937205,1.06700515463,0.536363636364,1.05689877454,0.347276990411,3.54545454545,3.04338842975,1.05689877454,3.54545454545,0.499047619048,0.4,8,0.0484848484848,0.255555555556,11,11,11,1,0,0.0909090909091,0.636363636364,0.272727272727,11,0.118181818182,3.72727272727,2.36363636364,1.3,1.625,1.43336856898,0.6064251638,0.286713286713,0.603022689156,0.510249967747,0.237762237762,1.40129809949,1.18571377649,0.503496503497,2.05382127221,0.551025219373,7,3.72727272727,2.05382127221,7,0,0,0,0,0.22962962963,11,11,11,1,0,0.0909090909091,0.636363636364,0.272727272727,11,17,0.154545454545,3.17727272727,3.09090909091,1.7,2.125,1.30034960334,0.420701342257,0.208556149733,0.820199532265,0.530717344407,0.267379679144,1.57249078621,1.01749403814,0.513368983957,1.2536673475,0.394573414091,4.4,3.17727272727,1.2536673475,4.4,0.213333333333,0.153846153846,2,0.0121212121212,0.205555555556,11,11,11,1,0,0.0909090909091,0.636363636364,0.272727272727,-3,-0.0272727272727,0.133884297521,-0.545454545455,-0.3,-0.375,-0.389190409368,-0.0439221612377,-0.0368983957219,-0.347548883978,-0.111544284527,-0.0689839572193,-0.367518585835,-0.0495111164884,-0.0229946524064,0.196768572961,0.0472964236795,0.854545454545,0.133884297521,0.196768572961,0.854545454545,-0.285714285714,-0.246153846154,-6,-0.0363636363636,-0.05,0,0,0,17,0,3,90,0.85,1,0,0.15,1,0.85,0.918918918919,0.906962317388,0.85,0.85,4,7,0,0,0,0
1313,WLNM_dir_neg,0.897959183673,0.583874458874,00:00:01,10,30,46,1173777895,threshold_sweep,0.8,1,0.571428571429,0.727272727273,4,0,3,14,0.571428571429,1,0,0.428571428571,1,0.571428571429,0.727272727273,0.857142857143,0.603174603175,0.64,0.68599434057,0.571428571429,20,13,7,0,20,0,13,0,7,11,20,0.181818181818,3.04338842975,3.63636363636,2,2.5,1.68954001271,0.464623503495,0.245454545455,1.16774841624,0.642261628933,0.336363636364,1.94000937205,1.06700515463,0.536363636364,1.05689877454,0.347276990411,3.54545454545,3.04338842975,1.05689877454,3.54545454545,0.499047619048,0.4,8,0.0484848484848,0.255555555556,11,11,11,1,0,0.0909090909091,0.636363636364,0.272727272727,11,0.118181818182,3.72727272727,2.36363636364,1.3,1.625,1.43336856898,0.6064251638,0.286713286713,0.603022689156,0.510249967747,0.237762237762,1.40129809949,1.18571377649,0.503496503497,2.05382127221,0.551025219373,7,3.72727272727,2.05382127221,7,0,0,0,0,0.22962962963,11,11,11,1,0,0.0909090909091,0.636363636364,0.272727272727,11,17,0.154545454545,3.17727272727,3.09090909091,1.7,2.125,1.30034960334,0.420701342257,0.208556149733,0.820199532265,0.530717344407,0.267379679144,1.57249078621,1.01749403814,0.513368983957,1.2536673475,0.394573414091,4.4,3.17727272727,1.2536673475,4.4,0.213333333333,0.153846153846,2,0.0121212121212,0.205555555556,11,11,11,1,0,0.0909090909091,0.636363636364,0.272727272727,-3,-0.0272727272727,0.133884297521,-0.545454545455,-0.3,-0.375,-0.389190409368,-0.0439221612377,-0.0368983957219,-0.347548883978,-0.111544284527,-0.0689839572193,-0.367518585835,-0.0495111164884,-0.0229946524064,0.196768572961,0.0472964236795,0.854545454545,0.133884297521,0.196768572961,0.854545454545,-0.285714285714,-0.246153846154,-6,-0.0363636363636,-0.05,0,0,0,17,0,3,90,0.85,1,0,0.15,1,0.85,0.918918918919,0.906962317388,0.85,0.85,4,7,0,0,0,0
1314,WLNM_dir_neg,0.897959183673,0.583874458874,00:00:01,10,30,46,1173777895,threshold_sweep,0.9,1,0.571428571429,0.727272727273,4,0,3,14,0.571428571429,1,0,0.428571428571,1,0.571428571429,0.727272727273,0.857142857143,0.603174603175,0.64,0.68599434057,0.571428571429,20,13,7,0,20,0,13,0,7,11,20,0.181818181818,3.04338842975,3.63636363636,2,2.5,1.68954001271,0.464623503495,0.245454545455,1.16774841624,0.642261628933,0.336363636364,1.94000937205,1.06700515463,0.536363636364,1.05689877454,0.347276990411,3.54545454545,3.04338842975,1.05689877454,3.54545454545,0.499047619048,0.4,8,0.0484848484848,0.255555555556,11,11,11,1,0,0.0909090909091,0.636363636364,0.272727272727,11,0.118181818182,3.72727272727,2.36363636364,1.3,1.625,1.43336856898,0.6064251638,0.286713286713,0.603022689156,0.510249967747,0.237762237762,1.40129809949,1.18571377649,0.503496503497,2.05382127221,0.551025219373,7,3.72727272727,2.05382127221,7,0,0,0,0,0.22962962963,11,11,11,1,0,0.0909090909091,0.636363636364,0.272727272727,11,17,0.154545454545,3.17727272727,3.09090909091,1.7,2.125,1.30034960334,0.420701342257,0.208556149733,0.820199532265,0.530717344407,0.267379679144,1.57249078621,1.01749403814,0.513368983957,1.2536673475,0.394573414091,4.4,3.17727272727,1.2536673475,4.4,0.213333333333,0.153846153846,2,0.0121212121212,0.205555555556,11,11,11,1,0,0.0909090909091,0.636363636364,0.272727272727,-3,-0.0272727272727,0.133884297521,-0.545454545455,-0.3,-0.375,-0.389190409368,-0.0439221612377,-0.0368983957219,-0.347548883978,-0.111544284527,-0.0689839572193,-0.367518585835,-0.0495111164884,-0.0229946524064,0.196768572961,0.0472964236795,0.854545454545,0.133884297521,0.196768572961,0.854545454545,-0.285714285714,-0.246153846154,-6,-0.0363636363636,-0.05,0,0,0,17,0,3,90,0.85,1,0,0.15,1,0.85,0.918918918919,0.906962317388,0.85,0.85,4,7,0,0,0,0
1315,WLNM_dir_neg,0.897959183673,0.726731601732,00:00:01,10,30,47,1173777896,threshold_sweep,0.1,1,0.714285714286,0.833333333333,5,0,2,14,0.714285714286,1,0,0.285714285714,1,0.714285714286,0.833333333333,0.904761904762,0.587301587302,0.769230769231,0.790569415042,0.714285714286,20,13,7,0,20,0,13,0,7,11,20,0.181818181818,3.04338842975,3.63636363636,2,2.5,1.68954001271,0.464623503495,0.245454545455,1.16774841624,0.642261628933,0.336363636364,1.94000937205,1.06700515463,0.536363636364,1.05689877454,0.347276990411,3.54545454545,3.04338842975,1.05689877454,3.54545454545,0.499047619048,0.4,8,0.0484848484848,0.255555555556,11,11,11,1,0,0.0909090909091,0.636363636364,0.272727272727,11,0.118181818182,3.72727272727,2.36363636364,1.3,1.625,1.43336856898,0.6064251638,0.286713286713,0.603022689156,0.510249967747,0.237762237762,1.40129809949,1.18571377649,0.503496503497,2.05382127221,0.551025219373,7,3.72727272727,2.05382127221,7,0,0,0,0,0.22962962963,11,11,11,1,0,0.0909090909091,0.636363636364,0.272727272727,11,18,0.163636363636,3.11363636364,3.27272727273,1.8,2.25,1.42062726223,0.434080552347,0.227272727273,0.924416277737,0.564921058617,0.292929292929,1.68954001271,1.03249667443,0.525252525253,1.14353419474,0.367266456706,3.875,3.11363636364,1.14353419474,3.875,0.366666666667,0.266666666667,4,0.0242424242424,0.221111111111,11,11,11,1,0,0.0909090909091,0.636363636364,0.272727272727,-2,-0.0181818181818,0.0702479338843,-0.363636363636,-0.2,-0.25,-0.268912750482,-0.030542951148,-0.0181818181818,-0.243332138505,-0.0773405703161,-0.0434343434343,-0.250469359339,-0.0345084801933,-0.0111111111111,0.0866354202056,0.0199894662943,0.329545454545,0.0702479338843,0.0866354202056,0.329545454545,-0.132380952381,-0.133333333333,-4,-0.0242424242424,-0.0344444444444,0,0,0,18,0,2,90,0.9,1,0,0.1,1,0.9,0.947368421053,0.938314863257,0.9,0.9,5,7,0,0,0,0
1316,WLNM_dir_neg,0.897959183673,0.726731601732,00:00:01,10,30,47,1173777896,threshold_sweep,0.2,1,0.714285714286,0.833333333333,5,0,2,14,0.714285714286,1,0,0.285714285714,1,0.714285714286,0.833333333333,0.904761904762,0.587301587302,0.769230769231,0.790569415042,0.714285714286,20,13,7,0,20,0,13,0,7,11,20,0.181818181818,3.04338842975,3.63636363636,2,2.5,1.68954001271,0.464623503495,0.245454545455,1.16774841624,0.642261628933,0.336363636364,1.94000937205,1.06700515463,0.536363636364,1.05689877454,0.347276990411,3.54545454545,3.04338842975,1.05689877454,3.54545454545,0.499047619048,0.4,8,0.0484848484848,0.255555555556,11,11,11,1,0,0.0909090909091,0.636363636364,0.272727272727,11,0.118181818182,3.72727272727,2.36363636364,1.3,1.625,1.43336856898,0.6064251638,0.286713286713,0.603022689156,0.510249967747,0.237762237762,1.40129809949,1.18571377649,0.503496503497,2.05382127221,0.551025219373,7,3.72727272727,2.05382127221,7,0,0,0,0,0.22962962963,11,11,11,1,0,0.0909090909091,0.636363636364,0.272727272727,11,18,0.163636363636,3.11363636364,3.27272727273,1.8,2.25,1.42062726223,0.434080552347,0.227272727273,0.924416277737,0.564921058617,0.292929292929,1.68954001271,1.03249667443,0.525252525253,1.14353419474,0.367266456706,3.875,3.11363636364,1.14353419474,3.875,0.366666666667,0.266666666667,4,0.0242424242424,0.221111111111,11,11,11,1,0,0.0909090909091,0.636363636364,0.272727272727,-2,-0.0181818181818,0.0702479338843,-0.363636363636,-0.2,-0.25,-0.268912750482,-0.030542951148,-0.0181818181818,-0.243332138505,-0.0773405703161,-0.0434343434343,-0.250469359339,-0.0345084801933,-0.0111111111111,0.0866354202056,0.0199894662943,0.329545454545,0.0702479338843,0.0866354202056,0.329545454545,-0.132380952381,-0.133333333333,-4,-0.0242424242424,-0.0344444444444,0,0,0,18,0,2,90,0.9,1,0,0.1,1,0.9,0.947368421053,0.938314863257,0.9,0.9,5,7,0,0,0,0
1317,WLNM_dir_neg,0.897959183673,0.726731601732,00:00:01,10,30,47,1173777896,threshold_sweep,0.3,1,0.714285714286,0.833333333333,5,0,2,14,0.714285714286,1,0,0.285714285714,1,0.714285714286,0.833333333333,0.904761904762,0.587301587302,0.769230769231,0.790569415042,0.714285714286,20,13,7,0,20,0,13,0,7,11,20,0.181818181818,3.04338842975,3.63636363636,2,2.5,1.68954001271,0.464623503495,0.245454545455,1.16774841624,0.642261628933,0.336363636364,1.94000937205,1.06700515463,0.536363636364,1.05689877454,0.347276990411,3.54545454545,3.04338842975,1.05689877454,3.54545454545,0.499047619048,0.4,8,0.0484848484848,0.255555555556,11,11,11,1,0,0.0909090909091,0.636363636364,0.272727272727,11,0.118181818182,3.72727272727,2.36363636364,1.3,1.625,1.43336856898,0.6064251638,0.286713286713,0.603022689156,0.510249967747,0.237762237762,1.40129809949,1.18571377649,0.503496503497,2.05382127221,0.551025219373,7,3.72727272727,2.05382127221,7,0,0,0,0,0.22962962963,11,11,11,1,0,0.0909090909091,0.636363636364,0.272727272727,11,18,0.163636363636,3.11363636364,3.27272727273,1.8,2.25,1.42062726223,0.434080552347,0.227272727273,0.924416277737,0.564921058617,0.292929292929,1.68954001271,1.03249667443,0.525252525253,1.14353419474,0.367266456706,3.875,3.11363636364,1.14353419474,3.875,0.366666666667,0.266666666667,4,0.0242424242424,0.221111111111,11,11,11,1,0,0.0909090909091,0.636363636364,0.272727272727,-2,-0.0181818181818,0.0702479338843,-0.363636363636,-0.2,-0.25,-0.268912750482,-0.030542951148,-0.0181818181818,-0.243332138505,-0.0773405703161,-0.0434343434343,-0.250469359339,-0.0345084801933,-0.0111111111111,0.0866354202056,0.0199894662943,0.329545454545,0.0702479338843,0.0866354202056,0.329545454545,-0.132380952381,-0.133333333333,-4,-0.0242424242424,-0.0344444444444,0,0,0,18,0,2,90,0.9,1,0,0.1,1,0.9,0.947368421053,0.938314863257,0.9,0.9,5,7,0,0,0,0
1318,WLNM_dir_neg,0.897959183673,0.726731601732,00:00:01,10,30,47,1173777896,threshold_sweep,0.4,1,0.714285714286,0.833333333333,5,0,2,14,0.714285714286,1,0,0.285714285714,1,0.714285714286,0.833333333333,0.904761904762,0.587301587302,0.769230769231,0.790569415042,0.714285714286,20,13,7,0,20,0,13,0,7,11,20,0.181818181818,3.04338842975,3.63636363636,2,2.5,1.68954001271,0.464623503495,0.245454545455,1.16774841624,0.642261628933,0.336363636364,1.94000937205,1.06700515463,0.536363636364,1.05689877454,0.347276990411,3.54545454545,3.04338842975,1.05689877454,3.54545454545,0.499047619048,0.4,8,0.0484848484848,0.255555555556,11,11,11,1,0,0.0909090909091,0.636363636364,0.272727272727,11,0.118181818182,3.72727272727,2.36363636364,1.3,1.625,1.43336856898,0.6064251638,0.286713286713,0.603022689156,0.510249967747,0.237762237762,1.40129809949,1.18571377649,0.503496503497,2.05382127221,0.551025219373,7,3.72727272727,2.05382127221,7,0,0,0,0,0.22962962963,11,11,11,1,0,0.0909090909091,0.636363636364,0.272727272727,11,18,0.163636363636,3.11363636364,3.27272727273,1.8,2.25,1.42062726223,0.434080552347,0.227272727273,0.924416277737,0.564921058617,0.292929292929,1.68954001271,1.03249667443,0.525252525253,1.14353419474,0.367266456706,3.875,3.11363636364,1.14353419474,3.875,0.366666666667,0.266666666667,4,0.0242424242424,0.221111111111,11,11,11,1,0,0.0909090909091,0.636363636364,0.272727272727,-2,-0.0181818181818,0.0702479338843,-0.363636363636,-0.2,-0.25,-0.268912750482,-0.030542951148,-0.0181818181818,-0.243332138505,-0.0773405703161,-0.0434343434343,-0.250469359339,-0.0345084801933,-0.0111111111111,0.0866354202056,0.0199894662943,0.329545454545,0.0702479338843,0.0866354202056,0.329545454545,-0.132380952381,-0.133333333333,-4,-0.0242424242424,-0.0344444444444,0,0,0,18,0,2,90,0.9,1,0,0.1,1,0.9,0.947368421053,0.938314863257,0.9,0.9,5,7,0,0,0,0
1319,WLNM_dir_neg,0.897959183673,0.726731601732,00:00:01,10,30,47,1173777896,threshold_sweep,0.5,1,0.714285714286,0.833333333333,5,0,2,14,0.714285714286,1,0,0.285714285714,1,0.714285714286,0.833333333333,0.904761904762,0.587301587302,0.769230769231,0.790569415042,0.714285714286,20,13,7,0,20,0,13,0,7,11,20,0.181818181818,3.04338842975,3.63636363636,2,2.5,1.68954001271,0.464623503495,0.245454545455,1.16774841624,0.642261628933,0.336363636364,1.94000937205,1.06700515463,0.536363636364,1.05689877454,0.347276990411,3.54545454545,3.04338842975,1.05689877454,3.54545454545,0.499047619048,0.4,8,0.0484848484848,0.255555555556,11,11,11,1,0,0.0909090909091,0.636363636364,0.272727272727,11,0.118181818182,3.72727272727,2.36363636364,1.3,1.625,1.43336856898,0.6064251638,0.286713286713,0.603022689156,0.510249967747,0.237762237762,1.40129809949,1.18571377649,0.503496503497,2.05382127221,0.551025219373,7,3.72727272727,2.05382127221,7,0,0,0,0,0.22962962963,11,11,11,1,0,0.0909090909091,0.636363636364,0.272727272727,11,18,0.163636363636,3.11363636364,3.27272727273,1.8,2.25,1.42062726223,0.434080552347,0.227272727273,0.924416277737,0.564921058617,0.292929292929,1.68954001271,1.03249667443,0.525252525253,1.14353419474,0.367266456706,3.875,3.11363636364,1.14353419474,3.875,0.366666666667,0.266666666667,4,0.0242424242424,0.221111111111,11,11,11,1,0,0.0909090909091,0.636363636364,0.272727272727,-2,-0.0181818181818,0.0702479338843,-0.363636363636,-0.2,-0.25,-0.268912750482,-0.030542951148,-0.0181818181818,-0.243332138505,-0.0773405703161,-0.0434343434343,-0.250469359339,-0.0345084801933,-0.0111111111111,0.0866354202056,0.0199894662943,0.329545454545,0.0702479338843,0.0866354202056,0.329545454545,-0.132380952381,-0.133333333333,-4,-0.0242424242424,-0.0344444444444,0,0,0,18,0,2,90,0.9,1,0,0.1,1,0.9,0.947368421053,0.938314863257,0.9,0.9,5,7,0,0,0,0
1320,WLNM_dir_neg,0.897959183673,0.726731601732,00:00:01,10,30,47,1173777896,threshold_sweep,0.6,1,0.714285714286,0.833333333333,5,0,2,14,0.714285714286,1,0,0.285714285714,1,0.714285714286,0.833333333333,0.904761904762,0.587301587302,0.769230769231,0.790569415042,0.714285714286,20,13,7,0,20,0,13,0,7,11,20,0.181818181818,3.04338842975,3.63636363636,2,2.5,1.68954001271,0.464623503495,0.245454545455,1.16774841624,0.642261628933,0.336363636364,1.94000937205,1.06700515463,0.536363636364,1.05689877454,0.347276990411,3.54545454545,3.04338842975,1.05689877454,3.54545454545,0.499047619048,0.4,8,0.0484848484848,0.255555555556,11,11,11,1,0,0.0909090909091,0.636363636364,0.272727272727,11,0.118181818182,3.72727272727,2.36363636364,1.3,1.625,1.43336856898,0.6064251638,0.286713286713,0.603022689156,0.510249967747,0.237762237762,1.40129809949,1.18571377649,0.503496503497,2.05382127221,0.551025219373,7,3.72727272727,2.05382127221,7,0,0,0,0,0.22962962963,11,11,11,1,0,0.0909090909091,0.636363636364,0.272727272727,11,18,0.163636363636,3.11363636364,3.27272727273,1.8,2.25,1.42062726223,0.434080552347,0.227272727273,0.924416277737,0.564921058617,0.292929292929,1.68954001271,1.03249667443,0.525252525253,1.14353419474,0.367266456706,3.875,3.11363636364,1.14353419474,3.875,0.366666666667,0.266666666667,4,0.0242424242424,0.221111111111,11,11,11,1,0,0.0909090909091,0.636363636364,0.272727272727,-2,-0.0181818181818,0.0702479338843,-0.363636363636,-0.2,-0.25,-0.268912750482,-0.030542951148,-0.0181818181818,-0.243332138505,-0.0773405703161,-0.0434343434343,-0.250469359339,-0.0345084801933,-0.0111111111111,0.0866354202056,0.0199894662943,0.329545454545,0.0702479338843,0.0866354202056,0.329545454545,-0.132380952381,-0.133333333333,-4,-0.0242424242424,-0.0344444444444,0,0,0,18,0,2,90,0.9,1,0,0.1,1,0.9,0.947368421053,0.938314863257,0.9,0.9,5,7,0,0,0,0
1321,WLNM_dir_neg,0.897959183673,0.726731601732,00:00:01,10,30,47,1173777896,threshold_sweep,0.7,1,0.571428571429,0.727272727273,4,0,3,14,0.571428571429,1,0,0.428571428571,1,0.571428571429,0.727272727273,0.857142857143,0.603174603175,0.64,0.68599434057,0.571428571429,20,13,7,0,20,0,13,0,7,11,20,0.181818181818,3.04338842975,3.63636363636,2,2.5,1.68954001271,0.464623503495,0.245454545455,1.16774841624,0.642261628933,0.336363636364,1.94000937205,1.06700515463,0.536363636364,1.05689877454,0.347276990411,3.54545454545,3.04338842975,1.05689877454,3.54545454545,0.499047619048,0.4,8,0.0484848484848,0.255555555556,11,11,11,1,0,0.0909090909091,0.636363636364,0.272727272727,11,0.118181818182,3.72727272727,2.36363636364,1.3,1.625,1.43336856898,0.6064251638,0.286713286713,0.603022689156,0.510249967747,0.237762237762,1.40129809949,1.18571377649,0.503496503497,2.05382127221,0.551025219373,7,3.72727272727,2.05382127221,7,0,0,0,0,0.22962962963,11,11,11,1,0,0.0909090909091,0.636363636364,0.272727272727,11,17,0.154545454545,3.15909090909,3.09090909091,1.7,2.125,1.30034960334,0.420701342257,0.208556149733,0.820199532265,0.530717344407,0.267379679144,1.57249078621,1.01749403814,0.513368983957,1.21589847064,0.38488872452,4,3.15909090909,1.21589847064,4,0.296666666667,0.230769230769,3,0.0181818181818,0.203703703704,11,11,11,1,0,0.0909090909091,0.636363636364,0.272727272727,-3,-0.0272727272727,0.115702479339,-0.545454545455,-0.3,-0.375,-0.389190409368,-0.0439221612377,-0.0368983957219,-0.347548883978,-0.111544284527,-0.0689839572193,-0.367518585835,-0.0495111164884,-0.0229946524064,0.158999696105,0.0376117341084,0.454545454545,0.115702479339,0.158999696105,0.454545454545,-0.202380952381,-0.169230769231,-5,-0.030303030303,-0.0518518518519,0,0,0,17,0,3,90,0.85,1,0,0.15,1,0.85,0.918918918919,0.906962317388,0.85,0.85,4,7,0,0,0,0
1322,WLNM_dir_neg,0.897959183673,0.726731601732,00:00:01,10,30,47,1173777896,threshold_sweep,0.8,1,0.428571428571,0.6,3,0,4,14,0.428571428571,1,0,0.571428571429,1,0.428571428571,0.6,0.809523809524,0.619047619048,0.5,0.57735026919,0.428571428571,20,13,7,0,20,0,13,0,7,11,20,0.181818181818,3.04338842975,3.63636363636,2,2.5,1.68954001271,0.464623503495,0.245454545455,1.16774841624,0.642261628933,0.336363636364,1.94000937205,1.06700515463,0.536363636364,1.05689877454,0.347276990411,3.54545454545,3.04338842975,1.05689877454,3.54545454545,0.499047619048,0.4,8,0.0484848484848,0.255555555556,11,11,11,1,0,0.0909090909091,0.636363636364,0.272727272727,11,0.118181818182,3.72727272727,2.36363636364,1.3,1.625,1.43336856898,0.6064251638,0.286713286713,0.603022689156,0.510249967747,0.237762237762,1.40129809949,1.18571377649,0.503496503497,2.05382127221,0.551025219373,7,3.72727272727,2.05382127221,7,0,0,0,0,0.22962962963,11,11,11,1,0,0.0909090909091,0.636363636364,0.272727272727,11,16,0.145454545455,3.25,2.90909090909,1.6,2,1.22102788294,0.41972833476,0.181818181818,0.687551650952,0.47269176003,0.227272727273,1.50755672289,1.03644524699,0.511363636364,1.3758835545,0.423348786001,4.66666666667,3.25,1.3758835545,4.66666666667,0.213333333333,0.176470588235,2,0.0121212121212,0.192592592593,11,11,11,1,0,0.0909090909091,0.636363636364,0.272727272727,-4,-0.0363636363636,0.206611570248,-0.727272727273,-0.4,-0.5,-0.468512129772,-0.0448951687355,-0.0636363636364,-0.48019676529,-0.169569868904,-0.109090909091,-0.43245264916,-0.0305599076407,-0.025,0.318984779967,0.07607179559,1.12121212121,0.206611570248,0.318984779967,1.12121212121,-0.285714285714,-0.223529411765,-6,-0.0363636363636,-0.062962962963,0,0,0,16,0,4,90,0.8,1,0,0.2,1,0.8,0.888888888889,0.875189948987,0.8,0.8,3,7,0,0,0,0
1323,WLNM_dir_neg,0.897959183673,0.726731601732,00:00:01,10,30,47,1173777896,threshold_sweep,0.9,1,0.428571428571,0.6,3,0,4,14,0.428571428571,1,0,0.571428571429,1,0.428571428571,0.6,0.809523809524,0.619047619048,0.5,0.57735026919,0.428571428571,20,13,7,0,20,0,13,0,7,11,20,0.181818181818,3.04338842975,3.63636363636,2,2.5,1.68954001271,0.464623503495,0.245454545455,1.16774841624,0.642261628933,0.336363636364,1.94000937205,1.06700515463,0.536363636364,1.05689877454,0.347276990411,3.54545454545,3.04338842975,1.05689877454,3.54545454545,0.499047619048,0.4,8,0.0484848484848,0.255555555556,11,11,11,1,0,0.0909090909091,0.636363636364,0.272727272727,11,0.118181818182,3.72727272727,2.36363636364,1.3,1.625,1.43336856898,0.6064251638,0.286713286713,0.603022689156,0.510249967747,0.237762237762,1.40129809949,1.18571377649,0.503496503497,2.05382127221,0.551025219373,7,3.72727272727,2.05382127221,7,0,0,0,0,0.22962962963,11,11,11,1,0,0.0909090909091,0.636363636364,0.272727272727,11,16,0.145454545455,3.25,2.90909090909,1.6,2,1.22102788294,0.41972833476,0.181818181818,0.687551650952,0.47269176003,0.227272727273,1.50755672289,1.03644524699,0.511363636364,1.3758835545,0.423348786001,4.66666666667,3.25,1.3758835545,4.66666666667,0.213333333333,0.176470588235,2,0.0121212121212,0.192592592593,11,11,11,1,0,0.0909090909091,0.636363636364,0.272727272727,-4,-0.0363636363636,0.206611570248,-0.727272727273,-0.4,-0.5,-0.468512129772,-0.0448951687355,-0.0636363636364,-0.48019676529,-0.169569868904,-0.109090909091,-0.43245264916,-0.0305599076407,-0.025,0.318984779967,0.07607179559,1.12121212121,0.206611570248,0.318984779967,1.12121212121,-0.285714285714,-0.223529411765,-6,-0.0363636363636,-0.062962962963,0,0,0,16,0,4,90,0.8,1,0,0.2,1,0.8,0.888888888889,0.875189948987,0.8,0.8,3,7,0,0,0,0
1324,WLNM_dir_neg,0.867346938776,0.594660894661,00:00:01,10,30,48,1173777897,threshold_sweep,0.1,0.625,0.714285714286,0.666666666667,5,3,2,11,0.714285714286,0.785714285714,0.214285714286,0.285714285714,0.625,0.714285714286,0.666666666667,0.761904761905,0.539682539683,0.48275862069,0.485362671697,0.5,20,13,7,0,20,0,13,0,7,11,20,0.181818181818,3.04338842975,3.63636363636,2,2.5,1.68954001271,0.464623503495,0.245454545455,1.16774841624,0.642261628933,0.336363636364,1.94000937205,1.06700515463,0.536363636364,1.05689877454,0.347276990411,3.54545454545,3.04338842975,1.05689877454,3.54545454545,0.499047619048,0.4,8,0.0484848484848,0.255555555556,11,11,11,1,0,0.0909090909091,0.636363636364,0.272727272727,11,0.118181818182,3.72727272727,2.36363636364,1.3,1.625,1.43336856898,0.6064251638,0.286713286713,0.603022689156,0.510249967747,0.237762237762,1.40129809949,1.18571377649,0.503496503497,2.05382127221,0.551025219373,7,3.72727272727,2.05382127221,7,0,0,0,0,0.22962962963,11,11,11,1,0,0.0909090909091,0.636363636364,0.272727272727,11,21,0.190909090909,7.6875,3.81818181818,2.1,2.625,2.04049904769,0.534416417253,0.268398268398,1.04446593573,0.547101204432,0.285714285714,1.86839746599,0.978684386946,0.510822510823,2.8065214234,0.365075957515,9.5,7.6875,2.8065214234,9.5,0.465714285714,0.35,7,0.0424242424242,0.244814814815,11,11,11,1,0,0.0909090909091,0.636363636364,0.272727272727,1,0.00909090909091,4.64411157025,0.181818181818,0.1,0.125,0.350959034984,0.0697929137579,0.0229437229437,-0.123282480508,-0.0951604245011,-0.0506493506494,-0.0716119060609,-0.0883207676808,-0.0255411255411,1.74962264886,0.0177989671041,5.95454545455,4.64411157025,1.74962264886,5.95454545455,-0.0333333333333,-0.05,-1,-0.00606060606061,-0.0107407407407,0,0,0,18,3,2,87,0.9,0.966666666667,0.0333333333333,0.1,0.857142857143,0.9,0.878048780488,0.850518363956,0.866666666667,0.782608695652,8,7,0,0,0,0
1325,WLNM_dir_neg,0.867346938776,0.594660894661,00:00:01,10,30,48,1173777897,threshold_sweep,0.2,0.625,0.714285714286,0.666666666667,5,3,2,11,0.714285714286,0.785714285714,0.214285714286,0.285714285714,0.625,0.714285714286,0.666666666667,0.761904761905,0.539682539683,0.48275862069,0.485362671697,0.5,20,13,7,0,20,0,13,0,7,11,20,0.181818181818,3.04338842975,3.63636363636,2,2.5,1.68954001271,0.464623503495,0.245454545455,1.16774841624,0.642261628933,0.336363636364,1.94000937205,1.06700515463,0.536363636364,1.05689877454,0.347276990411,3.54545454545,3.04338842975,1.05689877454,3.54545454545,0.499047619048,0.4,8,0.0484848484848,0.255555555556,11,11,11,1,0,0.0909090909091,0.636363636364,0.272727272727,11,0.118181818182,3.72727272727,2.36363636364,1.3,1.625,1.43336856898,0.6064251638,0.286713286713,0.603022689156,0.510249967747,0.237762237762,1.40129809949,1.18571377649,0.503496503497,2.05382127221,0.551025219373,7,3.72727272727,2.05382127221,7,0,0,0,0,0.22962962963,11,11,11,1,0,0.0909090909091,0.636363636364,0.272727272727,11,21,0.190909090909,7.6875,3.81818181818,2.1,2.625,2.04049904769,0.534416417253,0.268398268398,1.04446593573,0.547101204432,0.285714285714,1.86839746599,0.978684386946,0.510822510823,2.8065214234,0.365075957515,9.5,7.6875,2.8065214234,9.5,0.465714285714,0.35,7,0.0424242424242,0.244814814815,11,11,11,1,0,0.0909090909091,0.636363636364,0.272727272727,1,0.00909090909091,4.64411157025,0.181818181818,0.1,0.125,0.350959034984,0.0697929137579,0.0229437229437,-0.123282480508,-0.0951604245011,-0.0506493506494,-0.0716119060609,-0.0883207676808,-0.0255411255411,1.74962264886,0.0177989671041,5.95454545455,4.64411157025,1.74962264886,5.95454545455,-0.0333333333333,-0.05,-1,-0.00606060606061,-0.0107407407407,0,0,0,18,3,2,87,0.9,0.966666666667,0.0333333333333,0.1,0.857142857143,0.9,0.878048780488,0.850518363956,0.866666666667,0.782608695652,8,7,0,0,0,0
1326,WLNM_dir_neg,0.867346938776,0.594660894661,00:00:01,10,30,48,1173777897,threshold_sweep,0.3,0.714285714286,0.714285714286,0.714285714286,5,2,2,12,0.714285714286,0.857142857143,0.142857142857,0.285714285714,0.714285714286,0.714285714286,0.714285714286,0.809523809524,0.555555555556,0.571428571429,0.571428571429,0.571428571429,20,13,7,0,20,0,13,0,7,11,20,0.181818181818,3.04338842975,3.63636363636,2,2.5,1.68954001271,0.464623503495,0.245454545455,1.16774841624,0.642261628933,0.336363636364,1.94000937205,1.06700515463,0.536363636364,1.05689877454,0.347276990411,3.54545454545,3.04338842975,1.05689877454,3.54545454545,0.499047619048,0.4,8,0.0484848484848,0.255555555556,11,11,11,1,0,0.0909090909091,0.636363636364,0.272727272727,11,0.118181818182,3.72727272727,2.36363636364,1.3,1.625,1.43336856898,0.6064251638,0.286713286713,0.603022689156,0.510249967747,0.237762237762,1.40129809949,1.18571377649,0.503496503497,2.05382127221,0.551025219373,7,3.72727272727,2.05382127221,7,0,0,0,0,0.22962962963,11,11,11,1,0,0.0909090909091,0.636363636364,0.272727272727,11,20,0.181818181818,7.58806818182,3.63636363636,2,2.5,2.01359019032,0.553737302337,0.281818181818,0.981649817214,0.539907399468,0.281818181818,1.83402190926,1.00871205009,0.518181818182,2.77209934907,0.36532346345,9.5,7.58806818182,2.77209934907,9.5,0.432380952381,0.333333333333,6,0.0363636363636,0.236666666667,11,11,11,1,0,0.0909090909091,0.636363636364,0.272727272727,0,0,4.54467975207,0,0,0,0.324050177609,0.0891137988425,0.0363636363636,-0.186098599028,-0.102354229466,-0.0545454545455,-0.105987462791,-0.0582931045351,-0.0181818181818,1.71520057454,0.0180464730383,5.95454545455,4.54467975207,1.71520057454,5.95454545455,-0.0666666666667,-0.0666666666667,-2,-0.0121212121212,-0.0188888888889,0,0,0,18,2,2,88,0.9,0.977777777778,0.0222222222222,0.1,0.9,0.9,0.9,0.877777777778,0.877777777778,0.818181818182,7,7,0,0,0,0
1327,WLNM_dir_neg,0.867346938776,0.594660894661,00:00:01,10,30,48,1173777897,threshold_sweep,0.4,0.714285714286,0.714285714286,0.714285714286,5,2,2,12,0.714285714286,0.857142857143,0.142857142857,0.285714285714,0.714285714286,0.714285714286,0.714285714286,0.809523809524,0.555555555556,0.571428571429,0.571428571429,0.571428571429,20,13,7,0,20,0,13,0,7,11,20,0.181818181818,3.04338842975,3.63636363636,2,2.5,1.68954001271,0.464623503495,0.245454545455,1.16774841624,0.642261628933,0.336363636364,1.94000937205,1.06700515463,0.536363636364,1.05689877454,0.347276990411,3.54545454545,3.04338842975,1.05689877454,3.54545454545,0.499047619048,0.4,8,0.0484848484848,0.255555555556,11,11,11,1,0,0.0909090909091,0.636363636364,0.272727272727,11,0.118181818182,3.72727272727,2.36363636364,1.3,1.625,1.43336856898,0.6064251638,0.286713286713,0.603022689156,0.510249967747,0.237762237762,1.40129809949,1.18571377649,0.503496503497,2.05382127221,0.551025219373,7,3.72727272727,2.05382127221,7,0,0,0,0,0.22962962963,11,11,11,1,0,0.0909090909091,0.636363636364,0.272727272727,11,20,0.181818181818,7.58806818182,3.63636363636,2,2.5,2.01359019032,0.553737302337,0.281818181818,0.981649817214,0.539907399468,0.281818181818,1.83402190926,1.00871205009,0.518181818182,2.77209934907,0.36532346345,9.5,7.58806818182,2.77209934907,9.5,0.432380952381,0.333333333333,6,0.0363636363636,0.236666666667,11,11,11,1,0,0.0909090909091,0.636363636364,0.272727272727,0,0,4.54467975207,0,0,0,0.324050177609,0.0891137988425,0.0363636363636,-0.186098599028,-0.102354229466,-0.0545454545455,-0.105987462791,-0.0582931045351,-0.0181818181818,1.71520057454,0.0180464730383,5.95454545455,4.54467975207,1.71520057454,5.95454545455,-0.0666666666667,-0.0666666666667,-2,-0.0121212121212,-0.0188888888889,0,0,0,18,2,2,88,0.9,0.977777777778,0.0222222222222,0.1,0.9,0.9,0.9,0.877777777778,0.877777777778,0.818181818182,7,7,0,0,0,0
1328,WLNM_dir_neg,0.867346938776,0.594660894661,00:00:01,10,30,48,1173777897,threshold_sweep,0.5,0.714285714286,0.714285714286,0.714285714286,5,2,2,12,0.714285714286,0.857142857143,0.142857142857,0.285714285714,0.714285714286,0.714285714286,0.714285714286,0.809523809524,0.555555555556,0.571428571429,0.571428571429,0.571428571429,20,13,7,0,20,0,13,0,7,11,20,0.181818181818,3.04338842975,3.63636363636,2,2.5,1.68954001271,0.464623503495,0.245454545455,1.16774841624,0.642261628933,0.336363636364,1.94000937205,1.06700515463,0.536363636364,1.05689877454,0.347276990411,3.54545454545,3.04338842975,1.05689877454,3.54545454545,0.499047619048,0.4,8,0.0484848484848,0.255555555556,11,11,11,1,0,0.0909090909091,0.636363636364,0.272727272727,11,0.118181818182,3.72727272727,2.36363636364,1.3,1.625,1.43336856898,0.6064251638,0.286713286713,0.603022689156,0.510249967747,0.237762237762,1.40129809949,1.18571377649,0.503496503497,2.05382127221,0.551025219373,7,3.72727272727,2.05382127221,7,0,0,0,0,0.22962962963,11,11,11,1,0,0.0909090909091,0.636363636364,0.272727272727,11,20,0.181818181818,7.58806818182,3.63636363636,2,2.5,2.01359019032,0.553737302337,0.281818181818,0.981649817214,0.539907399468,0.281818181818,1.83402190926,1.00871205009,0.518181818182,2.77209934907,0.36532346345,9.5,7.58806818182,2.77209934907,9.5,0.432380952381,0.333333333333,6,0.0363636363636,0.236666666667,11,11,11,1,0,0.0909090909091,0.636363636364,0.272727272727,0,0,4.54467975207,0,0,0,0.324050177609,0.0891137988425,0.0363636363636,-0.186098599028,-0.102354229466,-0.0545454545455,-0.105987462791,-0.0582931045351,-0.0181818181818,1.71520057454,0.0180464730383,5.95454545455,4.54467975207,1.71520057454,5.95454545455,-0.0666666666667,-0.0666666666667,-2,-0.0121212121212,-0.0188888888889,0,0,0,18,2,2,88,0.9,0.977777777778,0.0222222222222,0.1,0.9,0.9,0.9,0.877777777778,0.877777777778,0.818181818182,7,7,0,0,0,0
1329,WLNM_dir_neg,0.867346938776,0.594660894661,00:00:01,10,30,48,1173777897,threshold_sweep,0.6,0.714285714286,0.714285714286,0.714285714286,5,2,2,12,0.714285714286,0.857142857143,0.142857142857,0.285714285714,0.714285714286,0.714285714286,0.714285714286,0.809523809524,0.555555555556,0.571428571429,0.571428571429,0.571428571429,20,13,7,0,20,0,13,0,7,11,20,0.181818181818,3.04338842975,3.63636363636,2,2.5,1.68954001271,0.464623503495,0.245454545455,1.16774841624,0.642261628933,0.336363636364,1.94000937205,1.06700515463,0.536363636364,1.05689877454,0.347276990411,3.54545454545,3.04338842975,1.05689877454,3.54545454545,0.499047619048,0.4,8,0.0484848484848,0.255555555556,11,11,11,1,0,0.0909090909091,0.636363636364,0.272727272727,11,0.118181818182,3.72727272727,2.36363636364,1.3,1.625,1.43336856898,0.6064251638,0.286713286713,0.603022689156,0.510249967747,0.237762237762,1.40129809949,1.18571377649,0.503496503497,2.05382127221,0.551025219373,7,3.72727272727,2.05382127221,7,0,0,0,0,0.22962962963,11,11,11,1,0,0.0909090909091,0.636363636364,0.272727272727,11,20,0.181818181818,7.58806818182,3.63636363636,2,2.5,2.01359019032,0.553737302337,0.281818181818,0.981649817214,0.539907399468,0.281818181818,1.83402190926,1.00871205009,0.518181818182,2.77209934907,0.36532346345,9.5,7.58806818182,2.77209934907,9.5,0.432380952381,0.333333333333,6,0.0363636363636,0.236666666667,11,11,11,1,0,0.0909090909091,0.636363636364,0.272727272727,0,0,4.54467975207,0,0,0,0.324050177609,0.0891137988425,0.0363636363636,-0.186098599028,-0.102354229466,-0.0545454545455,-0.105987462791,-0.0582931045351,-0.0181818181818,1.71520057454,0.0180464730383,5.95454545455,4.54467975207,1.71520057454,5.95454545455,-0.0666666666667,-0.0666666666667,-2,-0.0121212121212,-0.0188888888889,0,0,0,18,2,2,88,0.9,0.977777777778,0.0222222222222,0.1,0.9,0.9,0.9,0.877777777778,0.877777777778,0.818181818182,7,7,0,0,0,0
1330,WLNM_dir_neg,0.867346938776,0.594660894661,00:00:01,10,30,48,1173777897,threshold_sweep,0.7,0.714285714286,0.714285714286,0.714285714286,5,2,2,12,0.714285714286,0.857142857143,0.142857142857,0.285714285714,0.714285714286,0.714285714286,0.714285714286,0.809523809524,0.555555555556,0.571428571429,0.571428571429,0.571428571429,20,13,7,0,20,0,13,0,7,11,20,0.181818181818,3.04338842975,3.63636363636,2,2.5,1.68954001271,0.464623503495,0.245454545455,1.16774841624,0.642261628933,0.336363636364,1.94000937205,1.06700515463,0.536363636364,1.05689877454,0.347276990411,3.54545454545,3.04338842975,1.05689877454,3.54545454545,0.499047619048,0.4,8,0.0484848484848,0.255555555556,11,11,11,1,0,0.0909090909091,0.636363636364,0.272727272727,11,0.118181818182,3.72727272727,2.36363636364,1.3,1.625,1.43336856898,0.6064251638,0.286713286713,0.603022689156,0.510249967747,0.237762237762,1.40129809949,1.18571377649,0.503496503497,2.05382127221,0.551025219373,7,3.72727272727,2.05382127221,7,0,0,0,0,0.22962962963,11,11,11,1,0,0.0909090909091,0.636363636364,0.272727272727,11,20,0.181818181818,7.58806818182,3.63636363636,2,2.5,2.01359019032,0.553737302337,0.281818181818,0.981649817214,0.539907399468,0.281818181818,1.83402190926,1.00871205009,0.518181818182,2.77209934907,0.36532346345,9.5,7.58806818182,2.77209934907,9.5,0.432380952381,0.333333333333,6,0.0363636363636,0.236666666667,11,11,11,1,0,0.0909090909091,0.636363636364,0.272727272727,0,0,4.54467975207,0,0,0,0.324050177609,0.0891137988425,0.0363636363636,-0.186098599028,-0.102354229466,-0.0545454545455,-0.105987462791,-0.0582931045351,-0.0181818181818,1.71520057454,0.0180464730383,5.95454545455,4.54467975207,1.71520057454,5.95454545455,-0.0666666666667,-0.0666666666667,-2,-0.0121212121212,-0.0188888888889,0,0,0,18,2,2,88,0.9,0.977777777778,0.0222222222222,0.1,0.9,0.9,0.9,0.877777777778,0.877777777778,0.818181818182,7,7,0,0,0,0
1331,WLNM_dir_neg,0.867346938776,0.594660894661,00:00:01,10,30,48,1173777897,threshold_sweep,0.8,0.714285714286,0.714285714286,0.714285714286,5,2,2,12,0.714285714286,0.857142857143,0.142857142857,0.285714285714,0.714285714286,0.714285714286,0.714285714286,0.809523809524,0.555555555556,0.571428571429,0.571428571429,0.571428571429,20,13,7,0,20,0,13,0,7,11,20,0.181818181818,3.04338842975,3.63636363636,2,2.5,1.68954001271,0.464623503495,0.245454545455,1.16774841624,0.642261628933,0.336363636364,1.94000937205,1.06700515463,0.536363636364,1.05689877454,0.347276990411,3.54545454545,3.04338842975,1.05689877454,3.54545454545,0.499047619048,0.4,8,0.0484848484848,0.255555555556,11,11,11,1,0,0.0909090909091,0.636363636364,0.272727272727,11,0.118181818182,3.72727272727,2.36363636364,1.3,1.625,1.43336856898,0.6064251638,0.286713286713,0.603022689156,0.510249967747,0.237762237762,1.40129809949,1.18571377649,0.503496503497,2.05382127221,0.551025219373,7,3.72727272727,2.05382127221,7,0,0,0,0,0.22962962963,11,11,11,1,0,0.0909090909091,0.636363636364,0.272727272727,11,20,0.181818181818,7.58806818182,3.63636363636,2,2.5,2.01359019032,0.553737302337,0.281818181818,0.981649817214,0.539907399468,0.281818181818,1.83402190926,1.00871205009,0.518181818182,2.77209934907,0.36532346345,9.5,7.58806818182,2.77209934907,9.5,0.432380952381,0.333333333333,6,0.0363636363636,0.236666666667,11,11,11,1,0,0.0909090909091,0.636363636364,0.272727272727,0,0,4.54467975207,0,0,0,0.324050177609,0.0891137988425,0.0363636363636,-0.186098599028,-0.102354229466,-0.0545454545455,-0.105987462791,-0.0582931045351,-0.0181818181818,1.71520057454,0.0180464730383,5.95454545455,4.54467975207,1.71520057454,5.95454545455,-0.0666666666667,-0.0666666666667,-2,-0.0121212121212,-0.0188888888889,0,0,0,18,2,2,88,0.9,0.977777777778,0.0222222222222,0.1,0.9,0.9,0.9,0.877777777778,0.877777777778,0.818181818182,7,7,0,0,0,0
1332,WLNM_dir_neg,0.867346938776,0.594660894661,00:00:01,10,30,48,1173777897,threshold_sweep,0.9,0.833333333333,0.714285714286,0.769230769231,5,1,2,13,0.714285714286,0.928571428571,0.0714285714286,0.285714285714,0.833333333333,0.714285714286,0.769230769231,0.857142857143,0.571428571429,0.666666666667,0.67082039325,0.642857142857,20,13,7,0,20,0,13,0,7,11,20,0.181818181818,3.04338842975,3.63636363636,2,2.5,1.68954001271,0.464623503495,0.245454545455,1.16774841624,0.642261628933,0.336363636364,1.94000937205,1.06700515463,0.536363636364,1.05689877454,0.347276990411,3.54545454545,3.04338842975,1.05689877454,3.54545454545,0.499047619048,0.4,8,0.0484848484848,0.255555555556,11,11,11,1,0,0.0909090909091,0.636363636364,0.272727272727,11,0.118181818182,3.72727272727,2.36363636364,1.3,1.625,1.43336856898,0.6064251638,0.286713286713,0.603022689156,0.510249967747,0.237762237762,1.40129809949,1.18571377649,0.503496503497,2.05382127221,0.551025219373,7,3.72727272727,2.05382127221,7,0,0,0,0,0.22962962963,11,11,11,1,0,0.0909090909091,0.636363636364,0.272727272727,11,19,0.172727272727,5.99715909091,3.45454545455,1.9,2.375,1.69491217257,0.490632471007,0.253588516746,0.904534033733,0.523677598477,0.267942583732,1.67874411933,0.971904490138,0.507177033493,2.14896661873,0.35833076731,7.5,5.99715909091,2.14896661873,7.5,0.432380952381,0.333333333333,6,0.0363636363636,0.219259259259,11,11,11,1,0,0.0909090909091,0.636363636364,0.272727272727,-1,-0.00909090909091,2.95377066116,-0.181818181818,-0.1,-0.125,0.00537215986117,0.0260089675122,0.00813397129187,-0.263214382509,-0.118584030456,-0.0684210526316,-0.26126525272,-0.0951006644889,-0.0291866028708,1.09206784419,0.0110537768992,3.95454545455,2.95377066116,1.09206784419,3.95454545455,-0.0666666666667,-0.0666666666667,-2,-0.0121212121212,-0.0362962962963,0,0,0,18,1,2,89,0.9,0.988888888889,0.0111111111111,0.1,0.947368421053,0.9,0.923076923077,0.906956031802,0.888888888889,0.857142857143,6,7,0,0,0,0
1333,WLNM_dir_neg,0.857142857143,0.702838827839,00:00:01,10,30,49,1173777898,threshold_sweep,0.1,0.833333333333,0.714285714286,0.769230769231,5,1,2,13,0.714285714286,0.928571428571,0.0714285714286,0.285714285714,0.833333333333,0.714285714286,0.769230769231,0.857142857143,0.571428571429,0.666666666667,0.67082039325,0.642857142857,20,13,7,0,20,0,13,0,7,11,20,0.181818181818,3.04338842975,3.63636363636,2,2.5,1.68954001271,0.464623503495,0.245454545455,1.16774841624,0.642261628933,0.336363636364,1.94000937205,1.06700515463,0.536363636364,1.05689877454,0.347276990411,3.54545454545,3.04338842975,1.05689877454,3.54545454545,0.499047619048,0.4,8,0.0484848484848,0.255555555556,11,11,11,1,0,0.0909090909091,0.636363636364,0.272727272727,11,0.118181818182,3.72727272727,2.36363636364,1.3,1.625,1.43336856898,0.6064251638,0.286713286713,0.603022689156,0.510249967747,0.237762237762,1.40129809949,1.18571377649,0.503496503497,2.05382127221,0.551025219373,7,3.72727272727,2.05382127221,7,0,0,0,0,0.22962962963,11,11,11,1,0,0.0909090909091,0.636363636364,0.272727272727,11,19,0.172727272727,3.17045454545,3.45454545455,1.9,2.375,1.43969693781,0.416754376733,0.215311004785,1.00904995822,0.584186817916,0.306220095694,1.67874411933,0.971904490138,0.507177033493,1.19278131807,0.376217763404,3.875,3.17045454545,1.19278131807,3.875,0.41,0.3,5,0.030303030303,0.223703703704,11,11,11,1,0,0.0909090909091,0.636363636364,0.272727272727,-1,-0.00909090909091,0.127066115702,-0.181818181818,-0.1,-0.125,-0.249843074903,-0.0478691267618,-0.0301435406699,-0.158698458023,-0.058074811017,-0.0301435406699,-0.26126525272,-0.0951006644889,-0.0291866028708,0.135882543529,0.028940772993,0.329545454545,0.127066115702,0.135882543529,0.329545454545,-0.0890476190476,-0.1,-3,-0.0181818181818,-0.0318518518519,0,0,0,18,1,2,89,0.9,0.988888888889,0.0111111111111,0.1,0.947368421053,0.9,0.923076923077,0.906956031802,0.888888888889,0.857142857143,6,7,0,0,0,0
1334,WLNM_dir_neg,0.857142857143,0.702838827839,00:00:01,10,30,49,1173777898,threshold_sweep,0.2,0.833333333333,0.714285714286,0.769230769231,5,1,2,13,0.714285714286,0.928571428571,0.0714285714286,0.285714285714,0.833333333333,0.714285714286,0.769230769231,0.857142857143,0.571428571429,0.666666666667,0.67082039325,0.642857142857,20,13,7,0,20,0,13,0,7,11,20,0.181818181818,3.04338842975,3.63636363636,2,2.5,1.68954001271,0.464623503495,0.245454545455,1.16774841624,0.642261628933,0.336363636364,1.94000937205,1.06700515463,0.536363636364,1.05689877454,0.347276990411,3.54545454545,3.04338842975,1.05689877454,3.54545454545,0.499047619048,0.4,8,0.0484848484848,0.255555555556,11,11,11,1,0,0.0909090909091,0.636363636364,0.272727272727,11,0.118181818182,3.72727272727,2.36363636364,1.3,1.625,1.43336856898,0.6064251638,0.286713286713,0.603022689156,0.510249967747,0.237762237762,1.40129809949,1.18571377649,0.503496503497,2.05382127221,0.551025219373,7,3.72727272727,2.05382127221,7,0,0,0,0,0.22962962963,11,11,11,1,0,0.0909090909091,0.636363636364,0.272727272727,11,19,0.172727272727,3.17045454545,3.45454545455,1.9,2.375,1.43969693781,0.416754376733,0.215311004785,1.00904995822,0.584186817916,0.306220095694,1.67874411933,0.971904490138,0.507177033493,1.19278131807,0.376217763404,3.875,3.17045454545,1.19278131807,3.875,0.41,0.3,5,0.030303030303,0.223703703704,11,11,11,1,0,0.0909090909091,0.636363636364,0.272727272727,-1,-0.00909090909091,0.127066115702,-0.181818181818,-0.1,-0.125,-0.249843074903,-0.0478691267618,-0.0301435406699,-0.158698458023,-0.058074811017,-0.0301435406699,-0.26126525272,-0.0951006644889,-0.0291866028708,0.135882543529,0.028940772993,0.329545454545,0.127066115702,0.135882543529,0.329545454545,-0.0890476190476,-0.1,-3,-0.0181818181818,-0.0318518518519,0,0,0,18,1,2,89,0.9,0.988888888889,0.0111111111111,0.1,0.947368421053,0.9,0.923076923077,0.906956031802,0.888888888889,0.857142857143,6,7,0,0,0,0
1335,WLNM_dir_neg,0.857142857143,0.702838827839,00:00:01,10,30,49,1173777898,threshold_sweep,0.3,0.833333333333,0.714285714286,0.769230769231,5,1,2,13,0.714285714286,0.928571428571,0.0714285714286,0.285714285714,0.833333333333,0.714285714286,0.769230769231,0.857142857143,0.571428571429,0.666666666667,0.67082039325,0.642857142857,20,13,7,0,20,0,13,0,7,11,20,0.181818181818,3.04338842975,3.63636363636,2,2.5,1.68954001271,0.464623503495,0.245454545455,1.16774841624,0.642261628933,0.336363636364,1.94000937205,1.06700515463,0.536363636364,1.05689877454,0.347276990411,3.54545454545,3.04338842975,1.05689877454,3.54545454545,0.499047619048,0.4,8,0.0484848484848,0.255555555556,11,11,11,1,0,0.0909090909091,0.636363636364,0.272727272727,11,0.118181818182,3.72727272727,2.36363636364,1.3,1.625,1.43336856898,0.6064251638,0.286713286713,0.603022689156,0.510249967747,0.237762237762,1.40129809949,1.18571377649,0.503496503497,2.05382127221,0.551025219373,7,3.72727272727,2.05382127221,7,0,0,0,0,0.22962962963,11,11,11,1,0,0.0909090909091,0.636363636364,0.272727272727,11,19,0.172727272727,3.17045454545,3.45454545455,1.9,2.375,1.43969693781,0.416754376733,0.215311004785,1.00904995822,0.584186817916,0.306220095694,1.67874411933,0.971904490138,0.507177033493,1.19278131807,0.376217763404,3.875,3.17045454545,1.19278131807,3.875,0.41,0.3,5,0.030303030303,0.223703703704,11,11,11,1,0,0.0909090909091,0.636363636364,0.272727272727,-1,-0.00909090909091,0.127066115702,-0.181818181818,-0.1,-0.125,-0.249843074903,-0.0478691267618,-0.0301435406699,-0.158698458023,-0.058074811017,-0.0301435406699,-0.26126525272,-0.0951006644889,-0.0291866028708,0.135882543529,0.028940772993,0.329545454545,0.127066115702,0.135882543529,0.329545454545,-0.0890476190476,-0.1,-3,-0.0181818181818,-0.0318518518519,0,0,0,18,1,2,89,0.9,0.988888888889,0.0111111111111,0.1,0.947368421053,0.9,0.923076923077,0.906956031802,0.888888888889,0.857142857143,6,7,0,0,0,0
1336,WLNM_dir_neg,0.857142857143,0.702838827839,00:00:01,10,30,49,1173777898,threshold_sweep,0.4,0.833333333333,0.714285714286,0.769230769231,5,1,2,13,0.714285714286,0.928571428571,0.0714285714286,0.285714285714,0.833333333333,0.714285714286,0.769230769231,0.857142857143,0.571428571429,0.666666666667,0.67082039325,0.642857142857,20,13,7,0,20,0,13,0,7,11,20,0.181818181818,3.04338842975,3.63636363636,2,2.5,1.68954001271,0.464623503495,0.245454545455,1.16774841624,0.642261628933,0.336363636364,1.94000937205,1.06700515463,0.536363636364,1.05689877454,0.347276990411,3.54545454545,3.04338842975,1.05689877454,3.54545454545,0.499047619048,0.4,8,0.0484848484848,0.255555555556,11,11,11,1,0,0.0909090909091,0.636363636364,0.272727272727,11,0.118181818182,3.72727272727,2.36363636364,1.3,1.625,1.43336856898,0.6064251638,0.286713286713,0.603022689156,0.510249967747,0.237762237762,1.40129809949,1.18571377649,0.503496503497,2.05382127221,0.551025219373,7,3.72727272727,2.05382127221,7,0,0,0,0,0.22962962963,11,11,11,1,0,0.0909090909091,0.636363636364,0.272727272727,11,19,0.172727272727,3.17045454545,3.45454545455,1.9,2.375,1.43969693781,0.416754376733,0.215311004785,1.00904995822,0.584186817916,0.306220095694,1.67874411933,0.971904490138,0.507177033493,1.19278131807,0.376217763404,3.875,3.17045454545,1.19278131807,3.875,0.41,0.3,5,0.030303030303,0.223703703704,11,11,11,1,0,0.0909090909091,0.636363636364,0.272727272727,-1,-0.00909090909091,0.127066115702,-0.181818181818,-0.1,-0.125,-0.249843074903,-0.0478691267618,-0.0301435406699,-0.158698458023,-0.058074811017,-0.0301435406699,-0.26126525272,-0.0951006644889,-0.0291866028708,0.135882543529,0.028940772993,0.329545454545,0.127066115702,0.135882543529,0.329545454545,-0.0890476190476,-0.1,-3,-0.0181818181818,-0.0318518518519,0,0,0,18,1,2,89,0.9,0.988888888889,0.0111111111111,0.1,0.947368421053,0.9,0.923076923077,0.906956031802,0.888888888889,0.857142857143,6,7,0,0,0,0
1337,WLNM_dir_neg,0.857142857143,0.702838827839,00:00:01,10,30,49,1173777898,threshold_sweep,0.5,0.833333333333,0.714285714286,0.769230769231,5,1,2,13,0.714285714286,0.928571428571,0.0714285714286,0.285714285714,0.833333333333,0.714285714286,0.769230769231,0.857142857143,0.571428571429,0.666666666667,0.67082039325,0.642857142857,20,13,7,0,20,0,13,0,7,11,20,0.181818181818,3.04338842975,3.63636363636,2,2.5,1.68954001271,0.464623503495,0.245454545455,1.16774841624,0.642261628933,0.336363636364,1.94000937205,1.06700515463,0.536363636364,1.05689877454,0.347276990411,3.54545454545,3.04338842975,1.05689877454,3.54545454545,0.499047619048,0.4,8,0.0484848484848,0.255555555556,11,11,11,1,0,0.0909090909091,0.636363636364,0.272727272727,11,0.118181818182,3.72727272727,2.36363636364,1.3,1.625,1.43336856898,0.6064251638,0.286713286713,0.603022689156,0.510249967747,0.237762237762,1.40129809949,1.18571377649,0.503496503497,2.05382127221,0.551025219373,7,3.72727272727,2.05382127221,7,0,0,0,0,0.22962962963,11,11,11,1,0,0.0909090909091,0.636363636364,0.272727272727,11,19,0.172727272727,3.17045454545,3.45454545455,1.9,2.375,1.43969693781,0.416754376733,0.215311004785,1.00904995822,0.584186817916,0.306220095694,1.67874411933,0.971904490138,0.507177033493,1.19278131807,0.376217763404,3.875,3.17045454545,1.19278131807,3.875,0.41,0.3,5,0.030303030303,0.223703703704,11,11,11,1,0,0.0909090909091,0.636363636364,0.272727272727,-1,-0.00909090909091,0.127066115702,-0.181818181818,-0.1,-0.125,-0.249843074903,-0.0478691267618,-0.0301435406699,-0.158698458023,-0.058074811017,-0.0301435406699,-0.26126525272,-0.0951006644889,-0.0291866028708,0.135882543529,0.028940772993,0.329545454545,0.127066115702,0.135882543529,0.329545454545,-0.0890476190476,-0.1,-3,-0.0181818181818,-0.0318518518519,0,0,0,18,1,2,89,0.9,0.988888888889,0.0111111111111,0.1,0.947368421053,0.9,0.923076923077,0.906956031802,0.888888888889,0.857142857143,6,7,0,0,0,0
1338,WLNM_dir_neg,0.857142857143,0.702838827839,00:00:01,10,30,49,1173777898,threshold_sweep,0.6,0.833333333333,0.714285714286,0.769230769231,5,1,2,13,0.714285714286,0.928571428571,0.0714285714286,0.285714285714,0.833333333333,0.714285714286,0.769230769231,0.857142857143,0.571428571429,0.666666666667,0.67082039325,0.642857142857,20,13,7,0,20,0,13,0,7,11,20,0.181818181818,3.04338842975,3.63636363636,2,2.5,1.68954001271,0.464623503495,0.245454545455,1.16774841624,0.642261628933,0.336363636364,1.94000937205,1.06700515463,0.536363636364,1.05689877454,0.347276990411,3.54545454545,3.04338842975,1.05689877454,3.54545454545,0.499047619048,0.4,8,0.0484848484848,0.255555555556,11,11,11,1,0,0.0909090909091,0.636363636364,0.272727272727,11,0.118181818182,3.72727272727,2.36363636364,1.3,1.625,1.43336856898,0.6064251638,0.286713286713,0.603022689156,0.510249967747,0.237762237762,1.40129809949,1.18571377649,0.503496503497,2.05382127221,0.551025219373,7,3.72727272727,2.05382127221,7,0,0,0,0,0.22962962963,11,11,11,1,0,0.0909090909091,0.636363636364,0.272727272727,11,19,0.172727272727,3.17045454545,3.45454545455,1.9,2.375,1.43969693781,0.416754376733,0.215311004785,1.00904995822,0.584186817916,0.306220095694,1.67874411933,0.971904490138,0.507177033493,1.19278131807,0.376217763404,3.875,3.17045454545,1.19278131807,3.875,0.41,0.3,5,0.030303030303,0.223703703704,11,11,11,1,0,0.0909090909091,0.636363636364,0.272727272727,-1,-0.00909090909091,0.127066115702,-0.181818181818,-0.1,-0.125,-0.249843074903,-0.0478691267618,-0.0301435406699,-0.158698458023,-0.058074811017,-0.0301435406699,-0.26126525272,-0.0951006644889,-0.0291866028708,0.135882543529,0.028940772993,0.329545454545,0.127066115702,0.135882543529,0.329545454545,-0.0890476190476,-0.1,-3,-0.0181818181818,-0.0318518518519,0,0,0,18,1,2,89,0.9,0.988888888889,0.0111111111111,0.1,0.947368421053,0.9,0.923076923077,0.906956031802,0.888888888889,0.857142857143,6,7,0,0,0,0
1339,WLNM_dir_neg,0.857142857143,0.702838827839,00:00:01,10,30,49,1173777898,threshold_sweep,0.7,0.833333333333,0.714285714286,0.769230769231,5,1,2,13,0.714285714286,0.928571428571,0.0714285714286,0.285714285714,0.833333333333,0.714285714286,0.769230769231,0.857142857143,0.571428571429,0.666666666667,0.67082039325,0.642857142857,20,13,7,0,20,0,13,0,7,11,20,0.181818181818,3.04338842975,3.63636363636,2,2.5,1.68954001271,0.464623503495,0.245454545455,1.16774841624,0.642261628933,0.336363636364,1.94000937205,1.06700515463,0.536363636364,1.05689877454,0.347276990411,3.54545454545,3.04338842975,1.05689877454,3.54545454545,0.499047619048,0.4,8,0.0484848484848,0.255555555556,11,11,11,1,0,0.0909090909091,0.636363636364,0.272727272727,11,0.118181818182,3.72727272727,2.36363636364,1.3,1.625,1.43336856898,0.6064251638,0.286713286713,0.603022689156,0.510249967747,0.237762237762,1.40129809949,1.18571377649,0.503496503497,2.05382127221,0.551025219373,7,3.72727272727,2.05382127221,7,0,0,0,0,0.22962962963,11,11,11,1,0,0.0909090909091,0.636363636364,0.272727272727,11,19,0.172727272727,3.17045454545,3.45454545455,1.9,2.375,1.43969693781,0.416754376733,0.215311004785,1.00904995822,0.584186817916,0.306220095694,1.67874411933,0.971904490138,0.507177033493,1.19278131807,0.376217763404,3.875,3.17045454545,1.19278131807,3.875,0.41,0.3,5,0.030303030303,0.223703703704,11,11,11,1,0,0.0909090909091,0.636363636364,0.272727272727,-1,-0.00909090909091,0.127066115702,-0.181818181818,-0.1,-0.125,-0.249843074903,-0.0478691267618,-0.0301435406699,-0.158698458023,-0.058074811017,-0.0301435406699,-0.26126525272,-0.0951006644889,-0.0291866028708,0.135882543529,0.028940772993,0.329545454545,0.127066115702,0.135882543529,0.329545454545,-0.0890476190476,-0.1,-3,-0.0181818181818,-0.0318518518519,0,0,0,18,1,2,89,0.9,0.988888888889,0.0111111111111,0.1,0.947368421053,0.9,0.923076923077,0.906956031802,0.888888888889,0.857142857143,6,7,0,0,0,0
1340,WLNM_dir_neg,0.857142857143,0.702838827839,00:00:01,10,30,49,1173777898,threshold_sweep,0.8,0.833333333333,0.714285714286,0.769230769231,5,1,2,13,0.714285714286,0.928571428571,0.0714285714286,0.285714285714,0.833333333333,0.714285714286,0.769230769231,0.857142857143,0.571428571429,0.666666666667,0.67082039325,0.642857142857,20,13,7,0,20,0,13,0,7,11,20,0.181818181818,3.04338842975,3.63636363636,2,2.5,1.68954001271,0.464623503495,0.245454545455,1.16774841624,0.642261628933,0.336363636364,1.94000937205,1.06700515463,0.536363636364,1.05689877454,0.347276990411,3.54545454545,3.04338842975,1.05689877454,3.54545454545,0.499047619048,0.4,8,0.0484848484848,0.255555555556,11,11,11,1,0,0.0909090909091,0.636363636364,0.272727272727,11,0.118181818182,3.72727272727,2.36363636364,1.3,1.625,1.43336856898,0.6064251638,0.286713286713,0.603022689156,0.510249967747,0.237762237762,1.40129809949,1.18571377649,0.503496503497,2.05382127221,0.551025219373,7,3.72727272727,2.05382127221,7,0,0,0,0,0.22962962963,11,11,11,1,0,0.0909090909091,0.636363636364,0.272727272727,11,19,0.172727272727,3.17045454545,3.45454545455,1.9,2.375,1.43969693781,0.416754376733,0.215311004785,1.00904995822,0.584186817916,0.306220095694,1.67874411933,0.971904490138,0.507177033493,1.19278131807,0.376217763404,3.875,3.17045454545,1.19278131807,3.875,0.41,0.3,5,0.030303030303,0.223703703704,11,11,11,1,0,0.0909090909091,0.636363636364,0.272727272727,-1,-0.00909090909091,0.127066115702,-0.181818181818,-0.1,-0.125,-0.249843074903,-0.0478691267618,-0.0301435406699,-0.158698458023,-0.058074811017,-0.0301435406699,-0.26126525272,-0.0951006644889,-0.0291866028708,0.135882543529,0.028940772993,0.329545454545,0.127066115702,0.135882543529,0.329545454545,-0.0890476190476,-0.1,-3,-0.0181818181818,-0.0318518518519,0,0,0,18,1,2,89,0.9,0.988888888889,0.0111111111111,0.1,0.947368421053,0.9,0.923076923077,0.906956031802,0.888888888889,0.857142857143,6,7,0,0,0,0
1341,WLNM_dir_neg,0.857142857143,0.702838827839,00:00:01,10,30,49,1173777898,threshold_sweep,0.9,0.833333333333,0.714285714286,0.769230769231,5,1,2,13,0.714285714286,0.928571428571,0.0714285714286,0.285714285714,0.833333333333,0.714285714286,0.769230769231,0.857142857143,0.571428571429,0.666666666667,0.67082039325,0.642857142857,20,13,7,0,20,0,13,0,7,11,20,0.181818181818,3.04338842975,3.63636363636,2,2.5,1.68954001271,0.464623503495,0.245454545455,1.16774841624,0.642261628933,0.336363636364,1.94000937205,1.06700515463,0.536363636364,1.05689877454,0.347276990411,3.54545454545,3.04338842975,1.05689877454,3.54545454545,0.499047619048,0.4,8,0.0484848484848,0.255555555556,11,11,11,1,0,0.0909090909091,0.636363636364,0.272727272727,11,0.118181818182,3.72727272727,2.36363636364,1.3,1.625,1.43336856898,0.6064251638,0.286713286713,0.603022689156,0.510249967747,0.237762237762,1.40129809949,1.18571377649,0.503496503497,2.05382127221,0.551025219373,7,3.72727272727,2.05382127221,7,0,0,0,0,0.22962962963,11,11,11,1,0,0.0909090909091,0.636363636364,0.272727272727,11,19,0.172727272727,3.17045454545,3.45454545455,1.9,2.375,1.43969693781,0.416754376733,0.215311004785,1.00904995822,0.584186817916,0.306220095694,1.67874411933,0.971904490138,0.507177033493,1.19278131807,0.376217763404,3.875,3.17045454545,1.19278131807,3.875,0.41,0.3,5,0.030303030303,0.223703703704,11,11,11,1,0,0.0909090909091,0.636363636364,0.272727272727,-1,-0.00909090909091,0.127066115702,-0.181818181818,-0.1,-0.125,-0.249843074903,-0.0478691267618,-0.0301435406699,-0.158698458023,-0.058074811017,-0.0301435406699,-0.26126525272,-0.0951006644889,-0.0291866028708,0.135882543529,0.028940772993,0.329545454545,0.127066115702,0.135882543529,0.329545454545,-0.0890476190476,-0.1,-3,-0.0181818181818,-0.0318518518519,0,0,0,18,1,2,89,0.9,0.988888888889,0.0111111111111,0.1,0.947368421053,0.9,0.923076923077,0.906956031802,0.888888888889,0.857142857143,6,7,0,0,0,0
1342,WLNM_dir_neg,0.938775510204,0.764332096475,00:00:01,10,30,50,1173777899,threshold_sweep,0.1,1,0.571428571429,0.727272727273,4,0,3,14,0.571428571429,1,0,0.428571428571,1,0.571428571429,0.727272727273,0.857142857143,0.603174603175,0.64,0.68599434057,0.571428571429,20,13,7,0,20,0,13,0,7,11,20,0.181818181818,3.04338842975,3.63636363636,2,2.5,1.68954001271,0.464623503495,0.245454545455,1.16774841624,0.642261628933,0.336363636364,1.94000937205,1.06700515463,0.536363636364,1.05689877454,0.347276990411,3.54545454545,3.04338842975,1.05689877454,3.54545454545,0.499047619048,0.4,8,0.0484848484848,0.255555555556,11,11,11,1,0,0.0909090909091,0.636363636364,0.272727272727,11,0.118181818182,3.72727272727,2.36363636364,1.3,1.625,1.43336856898,0.6064251638,0.286713286713,0.603022689156,0.510249967747,0.237762237762,1.40129809949,1.18571377649,0.503496503497,2.05382127221,0.551025219373,7,3.72727272727,2.05382127221,7,0,0,0,0,0.22962962963,11,11,11,1,0,0.0909090909091,0.636363636364,0.272727272727,11,17,0.154545454545,3.17727272727,3.09090909091,1.7,2.125,1.30034960334,0.420701342257,0.208556149733,0.820199532265,0.530717344407,0.267379679144,1.57249078621,1.01749403814,0.513368983957,1.2536673475,0.394573414091,4.4,3.17727272727,1.2536673475,4.4,0.213333333333,0.153846153846,2,0.0121212121212,0.205555555556,11,11,11,1,0,0.0909090909091,0.636363636364,0.272727272727,-3,-0.0272727272727,0.133884297521,-0.545454545455,-0.3,-0.375,-0.389190409368,-0.0439221612377,-0.0368983957219,-0.347548883978,-0.111544284527,-0.0689839572193,-0.367518585835,-0.0495111164884,-0.0229946524064,0.196768572961,0.0472964236795,0.854545454545,0.133884297521,0.196768572961,0.854545454545,-0.285714285714,-0.246153846154,-6,-0.0363636363636,-0.05,0,0,0,17,0,3,90,0.85,1,0,0.15,1,0.85,0.918918918919,0.906962317388,0.85,0.85,4,7,0,0,0,0
1343,WLNM_dir_neg,0.938775510204,0.764332096475,00:00:01,10,30,50,1173777899,threshold_sweep,0.2,1,0.571428571429,0.727272727273,4,0,3,14,0.571428571429,1,0,0.428571428571,1,0.571428571429,0.727272727273,0.857142857143,0.603174603175,0.64,0.68599434057,0.571428571429,20,13,7,0,20,0,13,0,7,11,20,0.181818181818,3.04338842975,3.63636363636,2,2.5,1.68954001271,0.464623503495,0.245454545455,1.16774841624,0.642261628933,0.336363636364,1.94000937205,1.06700515463,0.536363636364,1.05689877454,0.347276990411,3.54545454545,3.04338842975,1.05689877454,3.54545454545,0.499047619048,0.4,8,0.0484848484848,0.255555555556,11,11,11,1,0,0.0909090909091,0.636363636364,0.272727272727,11,0.118181818182,3.72727272727,2.36363636364,1.3,1.625,1.43336856898,0.6064251638,0.286713286713,0.603022689156,0.510249967747,0.237762237762,1.40129809949,1.18571377649,0.503496503497,2.05382127221,0.551025219373,7,3.72727272727,2.05382127221,7,0,0,0,0,0.22962962963,11,11,11,1,0,0.0909090909091,0.636363636364,0.272727272727,11,17,0.154545454545,3.17727272727,3.09090909091,1.7,2.125,1.30034960334,0.420701342257,0.208556149733,0.820199532265,0.530717344407,0.267379679144,1.57249078621,1.01749403814,0.513368983957,1.2536673475,0.394573414091,4.4,3.17727272727,1.2536673475,4.4,0.213333333333,0.153846153846,2,0.0121212121212,0.205555555556,11,11,11,1,0,0.0909090909091,0.636363636364,0.272727272727,-3,-0.0272727272727,0.133884297521,-0.545454545455,-0.3,-0.375,-0.389190409368,-0.0439221612377,-0.0368983957219,-0.347548883978,-0.111544284527,-0.0689839572193,-0.367518585835,-0.0495111164884,-0.0229946524064,0.196768572961,0.0472964236795,0.854545454545,0.133884297521,0.196768572961,0.854545454545,-0.285714285714,-0.246153846154,-6,-0.0363636363636,-0.05,0,0,0,17,0,3,90,0.85,1,0,0.15,1,0.85,0.918918918919,0.906962317388,0.85,0.85,4,7,0,0,0,0
1344,WLNM_dir_neg,0.938775510204,0.764332096475,00:00:01,10,30,50,1173777899,threshold_sweep,0.3,1,0.571428571429,0.727272727273,4,0,3,14,0.571428571429,1,0,0.428571428571,1,0.571428571429,0.727272727273,0.857142857143,0.603174603175,0.64,0.68599434057,0.571428571429,20,13,7,0,20,0,13,0,7,11,20,0.181818181818,3.04338842975,3.63636363636,2,2.5,1.68954001271,0.464623503495,0.245454545455,1.16774841624,0.642261628933,0.336363636364,1.94000937205,1.06700515463,0.536363636364,1.05689877454,0.347276990411,3.54545454545,3.04338842975,1.05689877454,3.54545454545,0.499047619048,0.4,8,0.0484848484848,0.255555555556,11,11,11,1,0,0.0909090909091,0.636363636364,0.272727272727,11,0.118181818182,3.72727272727,2.36363636364,1.3,1.625,1.43336856898,0.6064251638,0.286713286713,0.603022689156,0.510249967747,0.237762237762,1.40129809949,1.18571377649,0.503496503497,2.05382127221,0.551025219373,7,3.72727272727,2.05382127221,7,0,0,0,0,0.22962962963,11,11,11,1,0,0.0909090909091,0.636363636364,0.272727272727,11,17,0.154545454545,3.17727272727,3.09090909091,1.7,2.125,1.30034960334,0.420701342257,0.208556149733,0.820199532265,0.530717344407,0.267379679144,1.57249078621,1.01749403814,0.513368983957,1.2536673475,0.394573414091,4.4,3.17727272727,1.2536673475,4.4,0.213333333333,0.153846153846,2,0.0121212121212,0.205555555556,11,11,11,1,0,0.0909090909091,0.636363636364,0.272727272727,-3,-0.0272727272727,0.133884297521,-0.545454545455,-0.3,-0.375,-0.389190409368,-0.0439221612377,-0.0368983957219,-0.347548883978,-0.111544284527,-0.0689839572193,-0.367518585835,-0.0495111164884,-0.0229946524064,0.196768572961,0.0472964236795,0.854545454545,0.133884297521,0.196768572961,0.854545454545,-0.285714285714,-0.246153846154,-6,-0.0363636363636,-0.05,0,0,0,17,0,3,90,0.85,1,0,0.15,1,0.85,0.918918918919,0.906962317388,0.85,0.85,4,7,0,0,0,0
1345,WLNM_dir_neg,0.938775510204,0.764332096475,00:00:01,10,30,50,1173777899,threshold_sweep,0.4,1,0.571428571429,0.727272727273,4,0,3,14,0.571428571429,1,0,0.428571428571,1,0.571428571429,0.727272727273,0.857142857143,0.603174603175,0.64,0.68599434057,0.571428571429,20,13,7,0,20,0,13,0,7,11,20,0.181818181818,3.04338842975,3.63636363636,2,2.5,1.68954001271,0.464623503495,0.245454545455,1.16774841624,0.642261628933,0.336363636364,1.94000937205,1.06700515463,0.536363636364,1.05689877454,0.347276990411,3.54545454545,3.04338842975,1.05689877454,3.54545454545,0.499047619048,0.4,8,0.0484848484848,0.255555555556,11,11,11,1,0,0.0909090909091,0.636363636364,0.272727272727,11,0.118181818182,3.72727272727,2.36363636364,1.3,1.625,1.43336856898,0.6064251638,0.286713286713,0.603022689156,0.510249967747,0.237762237762,1.40129809949,1.18571377649,0.503496503497,2.05382127221,0.551025219373,7,3.72727272727,2.05382127221,7,0,0,0,0,0.22962962963,11,11,11,1,0,0.0909090909091,0.636363636364,0.272727272727,11,17,0.154545454545,3.17727272727,3.09090909091,1.7,2.125,1.30034960334,0.420701342257,0.208556149733,0.820199532265,0.530717344407,0.267379679144,1.57249078621,1.01749403814,0.513368983957,1.2536673475,0.394573414091,4.4,3.17727272727,1.2536673475,4.4,0.213333333333,0.153846153846,2,0.0121212121212,0.205555555556,11,11,11,1,0,0.0909090909091,0.636363636364,0.272727272727,-3,-0.0272727272727,0.133884297521,-0.545454545455,-0.3,-0.375,-0.389190409368,-0.0439221612377,-0.0368983957219,-0.347548883978,-0.111544284527,-0.0689839572193,-0.367518585835,-0.0495111164884,-0.0229946524064,0.196768572961,0.0472964236795,0.854545454545,0.133884297521,0.196768572961,0.854545454545,-0.285714285714,-0.246153846154,-6,-0.0363636363636,-0.05,0,0,0,17,0,3,90,0.85,1,0,0.15,1,0.85,0.918918918919,0.906962317388,0.85,0.85,4,7,0,0,0,0
1346,WLNM_dir_neg,0.938775510204,0.764332096475,00:00:01,10,30,50,1173777899,threshold_sweep,0.5,1,0.571428571429,0.727272727273,4,0,3,14,0.571428571429,1,0,0.428571428571,1,0.571428571429,0.727272727273,0.857142857143,0.603174603175,0.64,0.68599434057,0.571428571429,20,13,7,0,20,0,13,0,7,11,20,0.181818181818,3.04338842975,3.63636363636,2,2.5,1.68954001271,0.464623503495,0.245454545455,1.16774841624,0.642261628933,0.336363636364,1.94000937205,1.06700515463,0.536363636364,1.05689877454,0.347276990411,3.54545454545,3.04338842975,1.05689877454,3.54545454545,0.499047619048,0.4,8,0.0484848484848,0.255555555556,11,11,11,1,0,0.0909090909091,0.636363636364,0.272727272727,11,0.118181818182,3.72727272727,2.36363636364,1.3,1.625,1.43336856898,0.6064251638,0.286713286713,0.603022689156,0.510249967747,0.237762237762,1.40129809949,1.18571377649,0.503496503497,2.05382127221,0.551025219373,7,3.72727272727,2.05382127221,7,0,0,0,0,0.22962962963,11,11,11,1,0,0.0909090909091,0.636363636364,0.272727272727,11,17,0.154545454545,3.17727272727,3.09090909091,1.7,2.125,1.30034960334,0.420701342257,0.208556149733,0.820199532265,0.530717344407,0.267379679144,1.57249078621,1.01749403814,0.513368983957,1.2536673475,0.394573414091,4.4,3.17727272727,1.2536673475,4.4,0.213333333333,0.153846153846,2,0.0121212121212,0.205555555556,11,11,11,1,0,0.0909090909091,0.636363636364,0.272727272727,-3,-0.0272727272727,0.133884297521,-0.545454545455,-0.3,-0.375,-0.389190409368,-0.0439221612377,-0.0368983957219,-0.347548883978,-0.111544284527,-0.0689839572193,-0.367518585835,-0.0495111164884,-0.0229946524064,0.196768572961,0.0472964236795,0.854545454545,0.133884297521,0.196768572961,0.854545454545,-0.285714285714,-0.246153846154,-6,-0.0363636363636,-0.05,0,0,0,17,0,3,90,0.85,1,0,0.15,1,0.85,0.918918918919,0.906962317388,0.85,0.85,4,7,0,0,0,0
1347,WLNM_dir_neg,0.938775510204,0.764332096475,00:00:01,10,30,50,1173777899,threshold_sweep,0.6,1,0.571428571429,0.727272727273,4,0,3,14,0.571428571429,1,0,0.428571428571,1,0.571428571429,0.727272727273,0.857142857143,0.603174603175,0.64,0.68599434057,0.571428571429,20,13,7,0,20,0,13,0,7,11,20,0.181818181818,3.04338842975,3.63636363636,2,2.5,1.68954001271,0.464623503495,0.245454545455,1.16774841624,0.642261628933,0.336363636364,1.94000937205,1.06700515463,0.536363636364,1.05689877454,0.347276990411,3.54545454545,3.04338842975,1.05689877454,3.54545454545,0.499047619048,0.4,8,0.0484848484848,0.255555555556,11,11,11,1,0,0.0909090909091,0.636363636364,0.272727272727,11,0.118181818182,3.72727272727,2.36363636364,1.3,1.625,1.43336856898,0.6064251638,0.286713286713,0.603022689156,0.510249967747,0.237762237762,1.40129809949,1.18571377649,0.503496503497,2.05382127221,0.551025219373,7,3.72727272727,2.05382127221,7,0,0,0,0,0.22962962963,11,11,11,1,0,0.0909090909091,0.636363636364,0.272727272727,11,17,0.154545454545,3.17727272727,3.09090909091,1.7,2.125,1.30034960334,0.420701342257,0.208556149733,0.820199532265,0.530717344407,0.267379679144,1.57249078621,1.01749403814,0.513368983957,1.2536673475,0.394573414091,4.4,3.17727272727,1.2536673475,4.4,0.213333333333,0.153846153846,2,0.0121212121212,0.205555555556,11,11,11,1,0,0.0909090909091,0.636363636364,0.272727272727,-3,-0.0272727272727,0.133884297521,-0.545454545455,-0.3,-0.375,-0.389190409368,-0.0439221612377,-0.0368983957219,-0.347548883978,-0.111544284527,-0.0689839572193,-0.367518585835,-0.0495111164884,-0.0229946524064,0.196768572961,0.0472964236795,0.854545454545,0.133884297521,0.196768572961,0.854545454545,-0.285714285714,-0.246153846154,-6,-0.0363636363636,-0.05,0,0,0,17,0,3,90,0.85,1,0,0.15,1,0.85,0.918918918919,0.906962317388,0.85,0.85,4,7,0,0,0,0
1348,WLNM_dir_neg,0.938775510204,0.764332096475,00:00:01,10,30,50,1173777899,threshold_sweep,0.7,1,0.571428571429,0.727272727273,4,0,3,14,0.571428571429,1,0,0.428571428571,1,0.571428571429,0.727272727273,0.857142857143,0.603174603175,0.64,0.68599434057,0.571428571429,20,13,7,0,20,0,13,0,7,11,20,0.181818181818,3.04338842975,3.63636363636,2,2.5,1.68954001271,0.464623503495,0.245454545455,1.16774841624,0.642261628933,0.336363636364,1.94000937205,1.06700515463,0.536363636364,1.05689877454,0.347276990411,3.54545454545,3.04338842975,1.05689877454,3.54545454545,0.499047619048,0.4,8,0.0484848484848,0.255555555556,11,11,11,1,0,0.0909090909091,0.636363636364,0.272727272727,11,0.118181818182,3.72727272727,2.36363636364,1.3,1.625,1.43336856898,0.6064251638,0.286713286713,0.603022689156,0.510249967747,0.237762237762,1.40129809949,1.18571377649,0.503496503497,2.05382127221,0.551025219373,7,3.72727272727,2.05382127221,7,0,0,0,0,0.22962962963,11,11,11,1,0,0.0909090909091,0.636363636364,0.272727272727,11,17,0.154545454545,3.17727272727,3.09090909091,1.7,2.125,1.30034960334,0.420701342257,0.208556149733,0.820199532265,0.530717344407,0.267379679144,1.57249078621,1.01749403814,0.513368983957,1.2536673475,0.394573414091,4.4,3.17727272727,1.2536673475,4.4,0.213333333333,0.153846153846,2,0.0121212121212,0.205555555556,11,11,11,1,0,0.0909090909091,0.636363636364,0.272727272727,-3,-0.0272727272727,0.133884297521,-0.545454545455,-0.3,-0.375,-0.389190409368,-0.0439221612377,-0.0368983957219,-0.347548883978,-0.111544284527,-0.0689839572193,-0.367518585835,-0.0495111164884,-0.0229946524064,0.196768572961,0.0472964236795,0.854545454545,0.133884297521,0.196768572961,0.854545454545,-0.285714285714,-0.246153846154,-6,-0.0363636363636,-0.05,0,0,0,17,0,3,90,0.85,1,0,0.15,1,0.85,0.918918918919,0.906962317388,0.85,0.85,4,7,0,0,0,0
1349,WLNM_dir_neg,0.938775510204,0.764332096475,00:00:01,10,30,50,1173777899,threshold_sweep,0.8,1,0.142857142857,0.25,1,0,6,14,0.142857142857,1,0,0.857142857143,1,0.142857142857,0.25,0.714285714286,0.650793650794,0.181818181818,0.316227766017,0.142857142857,20,13,7,0,20,0,13,0,7,11,20,0.181818181818,3.04338842975,3.63636363636,2,2.5,1.68954001271,0.464623503495,0.245454545455,1.16774841624,0.642261628933,0.336363636364,1.94000937205,1.06700515463,0.536363636364,1.05689877454,0.347276990411,3.54545454545,3.04338842975,1.05689877454,3.54545454545,0.499047619048,0.4,8,0.0484848484848,0.255555555556,11,11,11,1,0,0.0909090909091,0.636363636364,0.272727272727,11,0.118181818182,3.72727272727,2.36363636364,1.3,1.625,1.43336856898,0.6064251638,0.286713286713,0.603022689156,0.510249967747,0.237762237762,1.40129809949,1.18571377649,0.503496503497,2.05382127221,0.551025219373,7,3.72727272727,2.05382127221,7,0,0,0,0,0.22962962963,11,11,11,1,0,0.0909090909091,0.636363636364,0.272727272727,11,14,0.127272727273,3.36363636364,2.54545454545,1.4,1.75,1.50755672289,0.592254426849,0.298701298701,0.646669790683,0.508097692679,0.246753246753,1.48935617573,1.17020842379,0.519480519481,1.34539994429,0.399983767222,4.66666666667,3.36363636364,1.34539994429,4.66666666667,0,0,0,0,0.244444444444,11,11,11,1,0,0.0909090909091,0.636363636364,0.272727272727,-6,-0.0545454545455,0.320247933884,-1.09090909091,-0.6,-0.75,-0.18198328982,0.127630923354,0.0532467532468,-0.521078625559,-0.134163936254,-0.0896103896104,-0.45065319632,0.10320326916,-0.0168831168831,0.288501169755,0.0527067768106,1.12121212121,0.320247933884,0.288501169755,1.12121212121,-0.499047619048,-0.4,-8,-0.0484848484848,-0.0111111111111,0,0,0,14,0,6,90,0.7,1,0,0.3,1,0.7,0.823529411765,0.810092587301,0.7,0.7,1,7,0,0,0,0
1350,WLNM_dir_neg,0.938775510204,0.764332096475,00:00:01,10,30,50,1173777899,threshold_sweep,0.9,1,0.142857142857,0.25,1,0,6,14,0.142857142857,1,0,0.857142857143,1,0.142857142857,0.25,0.714285714286,0.650793650794,0.181818181818,0.316227766017,0.142857142857,20,13,7,0,20,0,13,0,7,11,20,0.181818181818,3.04338842975,3.63636363636,2,2.5,1.68954001271,0.464623503495,0.245454545455,1.16774841624,0.642261628933,0.336363636364,1.94000937205,1.06700515463,0.536363636364,1.05689877454,0.347276990411,3.54545454545,3.04338842975,1.05689877454,3.54545454545,0.499047619048,0.4,8,0.0484848484848,0.255555555556,11,11,11,1,0,0.0909090909091,0.636363636364,0.272727272727,11,0.118181818182,3.72727272727,2.36363636364,1.3,1.625,1.43336856898,0.6064251638,0.286713286713,0.603022689156,0.510249967747,0.237762237762,1.40129809949,1.18571377649,0.503496503497,2.05382127221,0.551025219373,7,3.72727272727,2.05382127221,7,0,0,0,0,0.22962962963,11,11,11,1,0,0.0909090909091,0.636363636364,0.272727272727,11,14,0.127272727273,3.36363636364,2.54545454545,1.4,1.75,1.50755672289,0.592254426849,0.298701298701,0.646669790683,0.508097692679,0.246753246753,1.48935617573,1.17020842379,0.519480519481,1.34539994429,0.399983767222,4.66666666667,3.36363636364,1.34539994429,4.66666666667,0,0,0,0,0.244444444444,11,11,11,1,0,0.0909090909091,0.636363636364,0.272727272727,-6,-0.0545454545455,0.320247933884,-1.09090909091,-0.6,-0.75,-0.18198328982,0.127630923354,0.0532467532468,-0.521078625559,-0.134163936254,-0.0896103896104,-0.45065319632,0.10320326916,-0.0168831168831,0.288501169755,0.0527067768106,1.12121212121,0.320247933884,0.288501169755,1.12121212121,-0.499047619048,-0.4,-8,-0.0484848484848,-0.0111111111111,0,0,0,14,0,6,90,0.7,1,0,0.3,1,0.7,0.823529411765,0.810092587301,0.7,0.7,1,7,0,0,0,0
1351,WLNM_dir_neg,0.877551020408,0.575056689342,00:00:00,10,40,1,1174695150,threshold_sweep,0.1,1,0.714285714286,0.833333333333,5,0,2,14,0.714285714286,1,0,0.285714285714,1,0.714285714286,0.833333333333,0.904761904762,0.587301587302,0.769230769231,0.790569415042,0.714285714286,20,13,7,0,20,0,13,0,7,11,20,0.181818181818,3.04338842975,3.63636363636,2,2.5,1.68954001271,0.464623503495,0.245454545455,1.16774841624,0.642261628933,0.336363636364,1.94000937205,1.06700515463,0.536363636364,1.05689877454,0.347276990411,3.54545454545,3.04338842975,1.05689877454,3.54545454545,0.499047619048,0.4,8,0.0484848484848,0.255555555556,11,11,11,1,0,0.0909090909091,0.636363636364,0.272727272727,11,0.118181818182,3.72727272727,2.36363636364,1.3,1.625,1.43336856898,0.6064251638,0.286713286713,0.603022689156,0.510249967747,0.237762237762,1.40129809949,1.18571377649,0.503496503497,2.05382127221,0.551025219373,7,3.72727272727,2.05382127221,7,0,0,0,0,0.22962962963,11,11,11,1,0,0.0909090909091,0.636363636364,0.272727272727,11,18,0.163636363636,3.11363636364,3.27272727273,1.8,2.25,1.42062726223,0.434080552347,0.227272727273,0.924416277737,0.564921058617,0.292929292929,1.68954001271,1.03249667443,0.525252525253,1.14353419474,0.367266456706,3.875,3.11363636364,1.14353419474,3.875,0.366666666667,0.266666666667,4,0.0242424242424,0.221111111111,11,11,11,1,0,0.0909090909091,0.636363636364,0.272727272727,-2,-0.0181818181818,0.0702479338843,-0.363636363636,-0.2,-0.25,-0.268912750482,-0.030542951148,-0.0181818181818,-0.243332138505,-0.0773405703161,-0.0434343434343,-0.250469359339,-0.0345084801933,-0.0111111111111,0.0866354202056,0.0199894662943,0.329545454545,0.0702479338843,0.0866354202056,0.329545454545,-0.132380952381,-0.133333333333,-4,-0.0242424242424,-0.0344444444444,0,0,0,18,0,2,90,0.9,1,0,0.1,1,0.9,0.947368421053,0.938314863257,0.9,0.9,5,7,0,0,0,0
1352,WLNM_dir_neg,0.877551020408,0.575056689342,00:00:00,10,40,1,1174695150,threshold_sweep,0.2,1,0.714285714286,0.833333333333,5,0,2,14,0.714285714286,1,0,0.285714285714,1,0.714285714286,0.833333333333,0.904761904762,0.587301587302,0.769230769231,0.790569415042,0.714285714286,20,13,7,0,20,0,13,0,7,11,20,0.181818181818,3.04338842975,3.63636363636,2,2.5,1.68954001271,0.464623503495,0.245454545455,1.16774841624,0.642261628933,0.336363636364,1.94000937205,1.06700515463,0.536363636364,1.05689877454,0.347276990411,3.54545454545,3.04338842975,1.05689877454,3.54545454545,0.499047619048,0.4,8,0.0484848484848,0.255555555556,11,11,11,1,0,0.0909090909091,0.636363636364,0.272727272727,11,0.118181818182,3.72727272727,2.36363636364,1.3,1.625,1.43336856898,0.6064251638,0.286713286713,0.603022689156,0.510249967747,0.237762237762,1.40129809949,1.18571377649,0.503496503497,2.05382127221,0.551025219373,7,3.72727272727,2.05382127221,7,0,0,0,0,0.22962962963,11,11,11,1,0,0.0909090909091,0.636363636364,0.272727272727,11,18,0.163636363636,3.11363636364,3.27272727273,1.8,2.25,1.42062726223,0.434080552347,0.227272727273,0.924416277737,0.564921058617,0.292929292929,1.68954001271,1.03249667443,0.525252525253,1.14353419474,0.367266456706,3.875,3.11363636364,1.14353419474,3.875,0.366666666667,0.266666666667,4,0.0242424242424,0.221111111111,11,11,11,1,0,0.0909090909091,0.636363636364,0.272727272727,-2,-0.0181818181818,0.0702479338843,-0.363636363636,-0.2,-0.25,-0.268912750482,-0.030542951148,-0.0181818181818,-0.243332138505,-0.0773405703161,-0.0434343434343,-0.250469359339,-0.0345084801933,-0.0111111111111,0.0866354202056,0.0199894662943,0.329545454545,0.0702479338843,0.0866354202056,0.329545454545,-0.132380952381,-0.133333333333,-4,-0.0242424242424,-0.0344444444444,0,0,0,18,0,2,90,0.9,1,0,0.1,1,0.9,0.947368421053,0.938314863257,0.9,0.9,5,7,0,0,0,0
1353,WLNM_dir_neg,0.877551020408,0.575056689342,00:00:00,10,40,1,1174695150,threshold_sweep,0.3,1,0.714285714286,0.833333333333,5,0,2,14,0.714285714286,1,0,0.285714285714,1,0.714285714286,0.833333333333,0.904761904762,0.587301587302,0.769230769231,0.790569415042,0.714285714286,20,13,7,0,20,0,13,0,7,11,20,0.181818181818,3.04338842975,3.63636363636,2,2.5,1.68954001271,0.464623503495,0.245454545455,1.16774841624,0.642261628933,0.336363636364,1.94000937205,1.06700515463,0.536363636364,1.05689877454,0.347276990411,3.54545454545,3.04338842975,1.05689877454,3.54545454545,0.499047619048,0.4,8,0.0484848484848,0.255555555556,11,11,11,1,0,0.0909090909091,0.636363636364,0.272727272727,11,0.118181818182,3.72727272727,2.36363636364,1.3,1.625,1.43336856898,0.6064251638,0.286713286713,0.603022689156,0.510249967747,0.237762237762,1.40129809949,1.18571377649,0.503496503497,2.05382127221,0.551025219373,7,3.72727272727,2.05382127221,7,0,0,0,0,0.22962962963,11,11,11,1,0,0.0909090909091,0.636363636364,0.272727272727,11,18,0.163636363636,3.11363636364,3.27272727273,1.8,2.25,1.42062726223,0.434080552347,0.227272727273,0.924416277737,0.564921058617,0.292929292929,1.68954001271,1.03249667443,0.525252525253,1.14353419474,0.367266456706,3.875,3.11363636364,1.14353419474,3.875,0.366666666667,0.266666666667,4,0.0242424242424,0.221111111111,11,11,11,1,0,0.0909090909091,0.636363636364,0.272727272727,-2,-0.0181818181818,0.0702479338843,-0.363636363636,-0.2,-0.25,-0.268912750482,-0.030542951148,-0.0181818181818,-0.243332138505,-0.0773405703161,-0.0434343434343,-0.250469359339,-0.0345084801933,-0.0111111111111,0.0866354202056,0.0199894662943,0.329545454545,0.0702479338843,0.0866354202056,0.329545454545,-0.132380952381,-0.133333333333,-4,-0.0242424242424,-0.0344444444444,0,0,0,18,0,2,90,0.9,1,0,0.1,1,0.9,0.947368421053,0.938314863257,0.9,0.9,5,7,0,0,0,0
1354,WLNM_dir_neg,0.877551020408,0.575056689342,00:00:00,10,40,1,1174695150,threshold_sweep,0.4,1,0.714285714286,0.833333333333,5,0,2,14,0.714285714286,1,0,0.285714285714,1,0.714285714286,0.833333333333,0.904761904762,0.587301587302,0.769230769231,0.790569415042,0.714285714286,20,13,7,0,20,0,13,0,7,11,20,0.181818181818,3.04338842975,3.63636363636,2,2.5,1.68954001271,0.464623503495,0.245454545455,1.16774841624,0.642261628933,0.336363636364,1.94000937205,1.06700515463,0.536363636364,1.05689877454,0.347276990411,3.54545454545,3.04338842975,1.05689877454,3.54545454545,0.499047619048,0.4,8,0.0484848484848,0.255555555556,11,11,11,1,0,0.0909090909091,0.636363636364,0.272727272727,11,0.118181818182,3.72727272727,2.36363636364,1.3,1.625,1.43336856898,0.6064251638,0.286713286713,0.603022689156,0.510249967747,0.237762237762,1.40129809949,1.18571377649,0.503496503497,2.05382127221,0.551025219373,7,3.72727272727,2.05382127221,7,0,0,0,0,0.22962962963,11,11,11,1,0,0.0909090909091,0.636363636364,0.272727272727,11,18,0.163636363636,3.11363636364,3.27272727273,1.8,2.25,1.42062726223,0.434080552347,0.227272727273,0.924416277737,0.564921058617,0.292929292929,1.68954001271,1.03249667443,0.525252525253,1.14353419474,0.367266456706,3.875,3.11363636364,1.14353419474,3.875,0.366666666667,0.266666666667,4,0.0242424242424,0.221111111111,11,11,11,1,0,0.0909090909091,0.636363636364,0.272727272727,-2,-0.0181818181818,0.0702479338843,-0.363636363636,-0.2,-0.25,-0.268912750482,-0.030542951148,-0.0181818181818,-0.243332138505,-0.0773405703161,-0.0434343434343,-0.250469359339,-0.0345084801933,-0.0111111111111,0.0866354202056,0.0199894662943,0.329545454545,0.0702479338843,0.0866354202056,0.329545454545,-0.132380952381,-0.133333333333,-4,-0.0242424242424,-0.0344444444444,0,0,0,18,0,2,90,0.9,1,0,0.1,1,0.9,0.947368421053,0.938314863257,0.9,0.9,5,7,0,0,0,0
1355,WLNM_dir_neg,0.877551020408,0.575056689342,00:00:00,10,40,1,1174695150,threshold_sweep,0.5,1,0.714285714286,0.833333333333,5,0,2,14,0.714285714286,1,0,0.285714285714,1,0.714285714286,0.833333333333,0.904761904762,0.587301587302,0.769230769231,0.790569415042,0.714285714286,20,13,7,0,20,0,13,0,7,11,20,0.181818181818,3.04338842975,3.63636363636,2,2.5,1.68954001271,0.464623503495,0.245454545455,1.16774841624,0.642261628933,0.336363636364,1.94000937205,1.06700515463,0.536363636364,1.05689877454,0.347276990411,3.54545454545,3.04338842975,1.05689877454,3.54545454545,0.499047619048,0.4,8,0.0484848484848,0.255555555556,11,11,11,1,0,0.0909090909091,0.636363636364,0.272727272727,11,0.118181818182,3.72727272727,2.36363636364,1.3,1.625,1.43336856898,0.6064251638,0.286713286713,0.603022689156,0.510249967747,0.237762237762,1.40129809949,1.18571377649,0.503496503497,2.05382127221,0.551025219373,7,3.72727272727,2.05382127221,7,0,0,0,0,0.22962962963,11,11,11,1,0,0.0909090909091,0.636363636364,0.272727272727,11,18,0.163636363636,3.11363636364,3.27272727273,1.8,2.25,1.42062726223,0.434080552347,0.227272727273,0.924416277737,0.564921058617,0.292929292929,1.68954001271,1.03249667443,0.525252525253,1.14353419474,0.367266456706,3.875,3.11363636364,1.14353419474,3.875,0.366666666667,0.266666666667,4,0.0242424242424,0.221111111111,11,11,11,1,0,0.0909090909091,0.636363636364,0.272727272727,-2,-0.0181818181818,0.0702479338843,-0.363636363636,-0.2,-0.25,-0.268912750482,-0.030542951148,-0.0181818181818,-0.243332138505,-0.0773405703161,-0.0434343434343,-0.250469359339,-0.0345084801933,-0.0111111111111,0.0866354202056,0.0199894662943,0.329545454545,0.0702479338843,0.0866354202056,0.329545454545,-0.132380952381,-0.133333333333,-4,-0.0242424242424,-0.0344444444444,0,0,0,18,0,2,90,0.9,1,0,0.1,1,0.9,0.947368421053,0.938314863257,0.9,0.9,5,7,0,0,0,0
1356,WLNM_dir_neg,0.877551020408,0.575056689342,00:00:00,10,40,1,1174695150,threshold_sweep,0.6,1,0.714285714286,0.833333333333,5,0,2,14,0.714285714286,1,0,0.285714285714,1,0.714285714286,0.833333333333,0.904761904762,0.587301587302,0.769230769231,0.790569415042,0.714285714286,20,13,7,0,20,0,13,0,7,11,20,0.181818181818,3.04338842975,3.63636363636,2,2.5,1.68954001271,0.464623503495,0.245454545455,1.16774841624,0.642261628933,0.336363636364,1.94000937205,1.06700515463,0.536363636364,1.05689877454,0.347276990411,3.54545454545,3.04338842975,1.05689877454,3.54545454545,0.499047619048,0.4,8,0.0484848484848,0.255555555556,11,11,11,1,0,0.0909090909091,0.636363636364,0.272727272727,11,0.118181818182,3.72727272727,2.36363636364,1.3,1.625,1.43336856898,0.6064251638,0.286713286713,0.603022689156,0.510249967747,0.237762237762,1.40129809949,1.18571377649,0.503496503497,2.05382127221,0.551025219373,7,3.72727272727,2.05382127221,7,0,0,0,0,0.22962962963,11,11,11,1,0,0.0909090909091,0.636363636364,0.272727272727,11,18,0.163636363636,3.11363636364,3.27272727273,1.8,2.25,1.42062726223,0.434080552347,0.227272727273,0.924416277737,0.564921058617,0.292929292929,1.68954001271,1.03249667443,0.525252525253,1.14353419474,0.367266456706,3.875,3.11363636364,1.14353419474,3.875,0.366666666667,0.266666666667,4,0.0242424242424,0.221111111111,11,11,11,1,0,0.0909090909091,0.636363636364,0.272727272727,-2,-0.0181818181818,0.0702479338843,-0.363636363636,-0.2,-0.25,-0.268912750482,-0.030542951148,-0.0181818181818,-0.243332138505,-0.0773405703161,-0.0434343434343,-0.250469359339,-0.0345084801933,-0.0111111111111,0.0866354202056,0.0199894662943,0.329545454545,0.0702479338843,0.0866354202056,0.329545454545,-0.132380952381,-0.133333333333,-4,-0.0242424242424,-0.0344444444444,0,0,0,18,0,2,90,0.9,1,0,0.1,1,0.9,0.947368421053,0.938314863257,0.9,0.9,5,7,0,0,0,0
1357,WLNM_dir_neg,0.877551020408,0.575056689342,00:00:00,10,40,1,1174695150,threshold_sweep,0.7,1,0.714285714286,0.833333333333,5,0,2,14,0.714285714286,1,0,0.285714285714,1,0.714285714286,0.833333333333,0.904761904762,0.587301587302,0.769230769231,0.790569415042,0.714285714286,20,13,7,0,20,0,13,0,7,11,20,0.181818181818,3.04338842975,3.63636363636,2,2.5,1.68954001271,0.464623503495,0.245454545455,1.16774841624,0.642261628933,0.336363636364,1.94000937205,1.06700515463,0.536363636364,1.05689877454,0.347276990411,3.54545454545,3.04338842975,1.05689877454,3.54545454545,0.499047619048,0.4,8,0.0484848484848,0.255555555556,11,11,11,1,0,0.0909090909091,0.636363636364,0.272727272727,11,0.118181818182,3.72727272727,2.36363636364,1.3,1.625,1.43336856898,0.6064251638,0.286713286713,0.603022689156,0.510249967747,0.237762237762,1.40129809949,1.18571377649,0.503496503497,2.05382127221,0.551025219373,7,3.72727272727,2.05382127221,7,0,0,0,0,0.22962962963,11,11,11,1,0,0.0909090909091,0.636363636364,0.272727272727,11,18,0.163636363636,3.11363636364,3.27272727273,1.8,2.25,1.42062726223,0.434080552347,0.227272727273,0.924416277737,0.564921058617,0.292929292929,1.68954001271,1.03249667443,0.525252525253,1.14353419474,0.367266456706,3.875,3.11363636364,1.14353419474,3.875,0.366666666667,0.266666666667,4,0.0242424242424,0.221111111111,11,11,11,1,0,0.0909090909091,0.636363636364,0.272727272727,-2,-0.0181818181818,0.0702479338843,-0.363636363636,-0.2,-0.25,-0.268912750482,-0.030542951148,-0.0181818181818,-0.243332138505,-0.0773405703161,-0.0434343434343,-0.250469359339,-0.0345084801933,-0.0111111111111,0.0866354202056,0.0199894662943,0.329545454545,0.0702479338843,0.0866354202056,0.329545454545,-0.132380952381,-0.133333333333,-4,-0.0242424242424,-0.0344444444444,0,0,0,18,0,2,90,0.9,1,0,0.1,1,0.9,0.947368421053,0.938314863257,0.9,0.9,5,7,0,0,0,0
1358,WLNM_dir_neg,0.877551020408,0.575056689342,00:00:00,10,40,1,1174695150,threshold_sweep,0.8,1,0.714285714286,0.833333333333,5,0,2,14,0.714285714286,1,0,0.285714285714,1,0.714285714286,0.833333333333,0.904761904762,0.587301587302,0.769230769231,0.790569415042,0.714285714286,20,13,7,0,20,0,13,0,7,11,20,0.181818181818,3.04338842975,3.63636363636,2,2.5,1.68954001271,0.464623503495,0.245454545455,1.16774841624,0.642261628933,0.336363636364,1.94000937205,1.06700515463,0.536363636364,1.05689877454,0.347276990411,3.54545454545,3.04338842975,1.05689877454,3.54545454545,0.499047619048,0.4,8,0.0484848484848,0.255555555556,11,11,11,1,0,0.0909090909091,0.636363636364,0.272727272727,11,0.118181818182,3.72727272727,2.36363636364,1.3,1.625,1.43336856898,0.6064251638,0.286713286713,0.603022689156,0.510249967747,0.237762237762,1.40129809949,1.18571377649,0.503496503497,2.05382127221,0.551025219373,7,3.72727272727,2.05382127221,7,0,0,0,0,0.22962962963,11,11,11,1,0,0.0909090909091,0.636363636364,0.272727272727,11,18,0.163636363636,3.11363636364,3.27272727273,1.8,2.25,1.42062726223,0.434080552347,0.227272727273,0.924416277737,0.564921058617,0.292929292929,1.68954001271,1.03249667443,0.525252525253,1.14353419474,0.367266456706,3.875,3.11363636364,1.14353419474,3.875,0.366666666667,0.266666666667,4,0.0242424242424,0.221111111111,11,11,11,1,0,0.0909090909091,0.636363636364,0.272727272727,-2,-0.0181818181818,0.0702479338843,-0.363636363636,-0.2,-0.25,-0.268912750482,-0.030542951148,-0.0181818181818,-0.243332138505,-0.0773405703161,-0.0434343434343,-0.250469359339,-0.0345084801933,-0.0111111111111,0.0866354202056,0.0199894662943,0.329545454545,0.0702479338843,0.0866354202056,0.329545454545,-0.132380952381,-0.133333333333,-4,-0.0242424242424,-0.0344444444444,0,0,0,18,0,2,90,0.9,1,0,0.1,1,0.9,0.947368421053,0.938314863257,0.9,0.9,5,7,0,0,0,0
1359,WLNM_dir_neg,0.877551020408,0.575056689342,00:00:00,10,40,1,1174695150,threshold_sweep,0.9,1,0.714285714286,0.833333333333,5,0,2,14,0.714285714286,1,0,0.285714285714,1,0.714285714286,0.833333333333,0.904761904762,0.587301587302,0.769230769231,0.790569415042,0.714285714286,20,13,7,0,20,0,13,0,7,11,20,0.181818181818,3.04338842975,3.63636363636,2,2.5,1.68954001271,0.464623503495,0.245454545455,1.16774841624,0.642261628933,0.336363636364,1.94000937205,1.06700515463,0.536363636364,1.05689877454,0.347276990411,3.54545454545,3.04338842975,1.05689877454,3.54545454545,0.499047619048,0.4,8,0.0484848484848,0.255555555556,11,11,11,1,0,0.0909090909091,0.636363636364,0.272727272727,11,0.118181818182,3.72727272727,2.36363636364,1.3,1.625,1.43336856898,0.6064251638,0.286713286713,0.603022689156,0.510249967747,0.237762237762,1.40129809949,1.18571377649,0.503496503497,2.05382127221,0.551025219373,7,3.72727272727,2.05382127221,7,0,0,0,0,0.22962962963,11,11,11,1,0,0.0909090909091,0.636363636364,0.272727272727,11,18,0.163636363636,3.11363636364,3.27272727273,1.8,2.25,1.42062726223,0.434080552347,0.227272727273,0.924416277737,0.564921058617,0.292929292929,1.68954001271,1.03249667443,0.525252525253,1.14353419474,0.367266456706,3.875,3.11363636364,1.14353419474,3.875,0.366666666667,0.266666666667,4,0.0242424242424,0.221111111111,11,11,11,1,0,0.0909090909091,0.636363636364,0.272727272727,-2,-0.0181818181818,0.0702479338843,-0.363636363636,-0.2,-0.25,-0.268912750482,-0.030542951148,-0.0181818181818,-0.243332138505,-0.0773405703161,-0.0434343434343,-0.250469359339,-0.0345084801933,-0.0111111111111,0.0866354202056,0.0199894662943,0.329545454545,0.0702479338843,0.0866354202056,0.329545454545,-0.132380952381,-0.133333333333,-4,-0.0242424242424,-0.0344444444444,0,0,0,18,0,2,90,0.9,1,0,0.1,1,0.9,0.947368421053,0.938314863257,0.9,0.9,5,7,0,0,0,0
1360,WLNM_dir_neg,0.938775510204,0.788461538462,00:00:00,10,40,2,1174695151,threshold_sweep,0.1,1,0.714285714286,0.833333333333,5,0,2,14,0.714285714286,1,0,0.285714285714,1,0.714285714286,0.833333333333,0.904761904762,0.587301587302,0.769230769231,0.790569415042,0.714285714286,20,13,7,0,20,0,13,0,7,11,20,0.181818181818,3.04338842975,3.63636363636,2,2.5,1.68954001271,0.464623503495,0.245454545455,1.16774841624,0.642261628933,0.336363636364,1.94000937205,1.06700515463,0.536363636364,1.05689877454,0.347276990411,3.54545454545,3.04338842975,1.05689877454,3.54545454545,0.499047619048,0.4,8,0.0484848484848,0.255555555556,11,11,11,1,0,0.0909090909091,0.636363636364,0.272727272727,11,0.118181818182,3.72727272727,2.36363636364,1.3,1.625,1.43336856898,0.6064251638,0.286713286713,0.603022689156,0.510249967747,0.237762237762,1.40129809949,1.18571377649,0.503496503497,2.05382127221,0.551025219373,7,3.72727272727,2.05382127221,7,0,0,0,0,0.22962962963,11,11,11,1,0,0.0909090909091,0.636363636364,0.272727272727,11,18,0.163636363636,3.11363636364,3.27272727273,1.8,2.25,1.42062726223,0.434080552347,0.227272727273,0.924416277737,0.564921058617,0.292929292929,1.68954001271,1.03249667443,0.525252525253,1.14353419474,0.367266456706,3.875,3.11363636364,1.14353419474,3.875,0.366666666667,0.266666666667,4,0.0242424242424,0.221111111111,11,11,11,1,0,0.0909090909091,0.636363636364,0.272727272727,-2,-0.0181818181818,0.0702479338843,-0.363636363636,-0.2,-0.25,-0.268912750482,-0.030542951148,-0.0181818181818,-0.243332138505,-0.0773405703161,-0.0434343434343,-0.250469359339,-0.0345084801933,-0.0111111111111,0.0866354202056,0.0199894662943,0.329545454545,0.0702479338843,0.0866354202056,0.329545454545,-0.132380952381,-0.133333333333,-4,-0.0242424242424,-0.0344444444444,0,0,0,18,0,2,90,0.9,1,0,0.1,1,0.9,0.947368421053,0.938314863257,0.9,0.9,5,7,0,0,0,0
1361,WLNM_dir_neg,0.938775510204,0.788461538462,00:00:00,10,40,2,1174695151,threshold_sweep,0.2,1,0.714285714286,0.833333333333,5,0,2,14,0.714285714286,1,0,0.285714285714,1,0.714285714286,0.833333333333,0.904761904762,0.587301587302,0.769230769231,0.790569415042,0.714285714286,20,13,7,0,20,0,13,0,7,11,20,0.181818181818,3.04338842975,3.63636363636,2,2.5,1.68954001271,0.464623503495,0.245454545455,1.16774841624,0.642261628933,0.336363636364,1.94000937205,1.06700515463,0.536363636364,1.05689877454,0.347276990411,3.54545454545,3.04338842975,1.05689877454,3.54545454545,0.499047619048,0.4,8,0.0484848484848,0.255555555556,11,11,11,1,0,0.0909090909091,0.636363636364,0.272727272727,11,0.118181818182,3.72727272727,2.36363636364,1.3,1.625,1.43336856898,0.6064251638,0.286713286713,0.603022689156,0.510249967747,0.237762237762,1.40129809949,1.18571377649,0.503496503497,2.05382127221,0.551025219373,7,3.72727272727,2.05382127221,7,0,0,0,0,0.22962962963,11,11,11,1,0,0.0909090909091,0.636363636364,0.272727272727,11,18,0.163636363636,3.11363636364,3.27272727273,1.8,2.25,1.42062726223,0.434080552347,0.227272727273,0.924416277737,0.564921058617,0.292929292929,1.68954001271,1.03249667443,0.525252525253,1.14353419474,0.367266456706,3.875,3.11363636364,1.14353419474,3.875,0.366666666667,0.266666666667,4,0.0242424242424,0.221111111111,11,11,11,1,0,0.0909090909091,0.636363636364,0.272727272727,-2,-0.0181818181818,0.0702479338843,-0.363636363636,-0.2,-0.25,-0.268912750482,-0.030542951148,-0.0181818181818,-0.243332138505,-0.0773405703161,-0.0434343434343,-0.250469359339,-0.0345084801933,-0.0111111111111,0.0866354202056,0.0199894662943,0.329545454545,0.0702479338843,0.0866354202056,0.329545454545,-0.132380952381,-0.133333333333,-4,-0.0242424242424,-0.0344444444444,0,0,0,18,0,2,90,0.9,1,0,0.1,1,0.9,0.947368421053,0.938314863257,0.9,0.9,5,7,0,0,0,0
1362,WLNM_dir_neg,0.938775510204,0.788461538462,00:00:00,10,40,2,1174695151,threshold_sweep,0.3,1,0.714285714286,0.833333333333,5,0,2,14,0.714285714286,1,0,0.285714285714,1,0.714285714286,0.833333333333,0.904761904762,0.587301587302,0.769230769231,0.790569415042,0.714285714286,20,13,7,0,20,0,13,0,7,11,20,0.181818181818,3.04338842975,3.63636363636,2,2.5,1.68954001271,0.464623503495,0.245454545455,1.16774841624,0.642261628933,0.336363636364,1.94000937205,1.06700515463,0.536363636364,1.05689877454,0.347276990411,3.54545454545,3.04338842975,1.05689877454,3.54545454545,0.499047619048,0.4,8,0.0484848484848,0.255555555556,11,11,11,1,0,0.0909090909091,0.636363636364,0.272727272727,11,0.118181818182,3.72727272727,2.36363636364,1.3,1.625,1.43336856898,0.6064251638,0.286713286713,0.603022689156,0.510249967747,0.237762237762,1.40129809949,1.18571377649,0.503496503497,2.05382127221,0.551025219373,7,3.72727272727,2.05382127221,7,0,0,0,0,0.22962962963,11,11,11,1,0,0.0909090909091,0.636363636364,0.272727272727,11,18,0.163636363636,3.11363636364,3.27272727273,1.8,2.25,1.42062726223,0.434080552347,0.227272727273,0.924416277737,0.564921058617,0.292929292929,1.68954001271,1.03249667443,0.525252525253,1.14353419474,0.367266456706,3.875,3.11363636364,1.14353419474,3.875,0.366666666667,0.266666666667,4,0.0242424242424,0.221111111111,11,11,11,1,0,0.0909090909091,0.636363636364,0.272727272727,-2,-0.0181818181818,0.0702479338843,-0.363636363636,-0.2,-0.25,-0.268912750482,-0.030542951148,-0.0181818181818,-0.243332138505,-0.0773405703161,-0.0434343434343,-0.250469359339,-0.0345084801933,-0.0111111111111,0.0866354202056,0.0199894662943,0.329545454545,0.0702479338843,0.0866354202056,0.329545454545,-0.132380952381,-0.133333333333,-4,-0.0242424242424,-0.0344444444444,0,0,0,18,0,2,90,0.9,1,0,0.1,1,0.9,0.947368421053,0.938314863257,0.9,0.9,5,7,0,0,0,0
1363,WLNM_dir_neg,0.938775510204,0.788461538462,00:00:00,10,40,2,1174695151,threshold_sweep,0.4,1,0.714285714286,0.833333333333,5,0,2,14,0.714285714286,1,0,0.285714285714,1,0.714285714286,0.833333333333,0.904761904762,0.587301587302,0.769230769231,0.790569415042,0.714285714286,20,13,7,0,20,0,13,0,7,11,20,0.181818181818,3.04338842975,3.63636363636,2,2.5,1.68954001271,0.464623503495,0.245454545455,1.16774841624,0.642261628933,0.336363636364,1.94000937205,1.06700515463,0.536363636364,1.05689877454,0.347276990411,3.54545454545,3.04338842975,1.05689877454,3.54545454545,0.499047619048,0.4,8,0.0484848484848,0.255555555556,11,11,11,1,0,0.0909090909091,0.636363636364,0.272727272727,11,0.118181818182,3.72727272727,2.36363636364,1.3,1.625,1.43336856898,0.6064251638,0.286713286713,0.603022689156,0.510249967747,0.237762237762,1.40129809949,1.18571377649,0.503496503497,2.05382127221,0.551025219373,7,3.72727272727,2.05382127221,7,0,0,0,0,0.22962962963,11,11,11,1,0,0.0909090909091,0.636363636364,0.272727272727,11,18,0.163636363636,3.11363636364,3.27272727273,1.8,2.25,1.42062726223,0.434080552347,0.227272727273,0.924416277737,0.564921058617,0.292929292929,1.68954001271,1.03249667443,0.525252525253,1.14353419474,0.367266456706,3.875,3.11363636364,1.14353419474,3.875,0.366666666667,0.266666666667,4,0.0242424242424,0.221111111111,11,11,11,1,0,0.0909090909091,0.636363636364,0.272727272727,-2,-0.0181818181818,0.0702479338843,-0.363636363636,-0.2,-0.25,-0.268912750482,-0.030542951148,-0.0181818181818,-0.243332138505,-0.0773405703161,-0.0434343434343,-0.250469359339,-0.0345084801933,-0.0111111111111,0.0866354202056,0.0199894662943,0.329545454545,0.0702479338843,0.0866354202056,0.329545454545,-0.132380952381,-0.133333333333,-4,-0.0242424242424,-0.0344444444444,0,0,0,18,0,2,90,0.9,1,0,0.1,1,0.9,0.947368421053,0.938314863257,0.9,0.9,5,7,0,0,0,0
1364,WLNM_dir_neg,0.938775510204,0.788461538462,00:00:00,10,40,2,1174695151,threshold_sweep,0.5,1,0.714285714286,0.833333333333,5,0,2,14,0.714285714286,1,0,0.285714285714,1,0.714285714286,0.833333333333,0.904761904762,0.587301587302,0.769230769231,0.790569415042,0.714285714286,20,13,7,0,20,0,13,0,7,11,20,0.181818181818,3.04338842975,3.63636363636,2,2.5,1.68954001271,0.464623503495,0.245454545455,1.16774841624,0.642261628933,0.336363636364,1.94000937205,1.06700515463,0.536363636364,1.05689877454,0.347276990411,3.54545454545,3.04338842975,1.05689877454,3.54545454545,0.499047619048,0.4,8,0.0484848484848,0.255555555556,11,11,11,1,0,0.0909090909091,0.636363636364,0.272727272727,11,0.118181818182,3.72727272727,2.36363636364,1.3,1.625,1.43336856898,0.6064251638,0.286713286713,0.603022689156,0.510249967747,0.237762237762,1.40129809949,1.18571377649,0.503496503497,2.05382127221,0.551025219373,7,3.72727272727,2.05382127221,7,0,0,0,0,0.22962962963,11,11,11,1,0,0.0909090909091,0.636363636364,0.272727272727,11,18,0.163636363636,3.11363636364,3.27272727273,1.8,2.25,1.42062726223,0.434080552347,0.227272727273,0.924416277737,0.564921058617,0.292929292929,1.68954001271,1.03249667443,0.525252525253,1.14353419474,0.367266456706,3.875,3.11363636364,1.14353419474,3.875,0.366666666667,0.266666666667,4,0.0242424242424,0.221111111111,11,11,11,1,0,0.0909090909091,0.636363636364,0.272727272727,-2,-0.0181818181818,0.0702479338843,-0.363636363636,-0.2,-0.25,-0.268912750482,-0.030542951148,-0.0181818181818,-0.243332138505,-0.0773405703161,-0.0434343434343,-0.250469359339,-0.0345084801933,-0.0111111111111,0.0866354202056,0.0199894662943,0.329545454545,0.0702479338843,0.0866354202056,0.329545454545,-0.132380952381,-0.133333333333,-4,-0.0242424242424,-0.0344444444444,0,0,0,18,0,2,90,0.9,1,0,0.1,1,0.9,0.947368421053,0.938314863257,0.9,0.9,5,7,0,0,0,0
1365,WLNM_dir_neg,0.938775510204,0.788461538462,00:00:00,10,40,2,1174695151,threshold_sweep,0.6,1,0.714285714286,0.833333333333,5,0,2,14,0.714285714286,1,0,0.285714285714,1,0.714285714286,0.833333333333,0.904761904762,0.587301587302,0.769230769231,0.790569415042,0.714285714286,20,13,7,0,20,0,13,0,7,11,20,0.181818181818,3.04338842975,3.63636363636,2,2.5,1.68954001271,0.464623503495,0.245454545455,1.16774841624,0.642261628933,0.336363636364,1.94000937205,1.06700515463,0.536363636364,1.05689877454,0.347276990411,3.54545454545,3.04338842975,1.05689877454,3.54545454545,0.499047619048,0.4,8,0.0484848484848,0.255555555556,11,11,11,1,0,0.0909090909091,0.636363636364,0.272727272727,11,0.118181818182,3.72727272727,2.36363636364,1.3,1.625,1.43336856898,0.6064251638,0.286713286713,0.603022689156,0.510249967747,0.237762237762,1.40129809949,1.18571377649,0.503496503497,2.05382127221,0.551025219373,7,3.72727272727,2.05382127221,7,0,0,0,0,0.22962962963,11,11,11,1,0,0.0909090909091,0.636363636364,0.272727272727,11,18,0.163636363636,3.11363636364,3.27272727273,1.8,2.25,1.42062726223,0.434080552347,0.227272727273,0.924416277737,0.564921058617,0.292929292929,1.68954001271,1.03249667443,0.525252525253,1.14353419474,0.367266456706,3.875,3.11363636364,1.14353419474,3.875,0.366666666667,0.266666666667,4,0.0242424242424,0.221111111111,11,11,11,1,0,0.0909090909091,0.636363636364,0.272727272727,-2,-0.0181818181818,0.0702479338843,-0.363636363636,-0.2,-0.25,-0.268912750482,-0.030542951148,-0.0181818181818,-0.243332138505,-0.0773405703161,-0.0434343434343,-0.250469359339,-0.0345084801933,-0.0111111111111,0.0866354202056,0.0199894662943,0.329545454545,0.0702479338843,0.0866354202056,0.329545454545,-0.132380952381,-0.133333333333,-4,-0.0242424242424,-0.0344444444444,0,0,0,18,0,2,90,0.9,1,0,0.1,1,0.9,0.947368421053,0.938314863257,0.9,0.9,5,7,0,0,0,0
1366,WLNM_dir_neg,0.938775510204,0.788461538462,00:00:00,10,40,2,1174695151,threshold_sweep,0.7,1,0.714285714286,0.833333333333,5,0,2,14,0.714285714286,1,0,0.285714285714,1,0.714285714286,0.833333333333,0.904761904762,0.587301587302,0.769230769231,0.790569415042,0.714285714286,20,13,7,0,20,0,13,0,7,11,20,0.181818181818,3.04338842975,3.63636363636,2,2.5,1.68954001271,0.464623503495,0.245454545455,1.16774841624,0.642261628933,0.336363636364,1.94000937205,1.06700515463,0.536363636364,1.05689877454,0.347276990411,3.54545454545,3.04338842975,1.05689877454,3.54545454545,0.499047619048,0.4,8,0.0484848484848,0.255555555556,11,11,11,1,0,0.0909090909091,0.636363636364,0.272727272727,11,0.118181818182,3.72727272727,2.36363636364,1.3,1.625,1.43336856898,0.6064251638,0.286713286713,0.603022689156,0.510249967747,0.237762237762,1.40129809949,1.18571377649,0.503496503497,2.05382127221,0.551025219373,7,3.72727272727,2.05382127221,7,0,0,0,0,0.22962962963,11,11,11,1,0,0.0909090909091,0.636363636364,0.272727272727,11,18,0.163636363636,3.11363636364,3.27272727273,1.8,2.25,1.42062726223,0.434080552347,0.227272727273,0.924416277737,0.564921058617,0.292929292929,1.68954001271,1.03249667443,0.525252525253,1.14353419474,0.367266456706,3.875,3.11363636364,1.14353419474,3.875,0.366666666667,0.266666666667,4,0.0242424242424,0.221111111111,11,11,11,1,0,0.0909090909091,0.636363636364,0.272727272727,-2,-0.0181818181818,0.0702479338843,-0.363636363636,-0.2,-0.25,-0.268912750482,-0.030542951148,-0.0181818181818,-0.243332138505,-0.0773405703161,-0.0434343434343,-0.250469359339,-0.0345084801933,-0.0111111111111,0.0866354202056,0.0199894662943,0.329545454545,0.0702479338843,0.0866354202056,0.329545454545,-0.132380952381,-0.133333333333,-4,-0.0242424242424,-0.0344444444444,0,0,0,18,0,2,90,0.9,1,0,0.1,1,0.9,0.947368421053,0.938314863257,0.9,0.9,5,7,0,0,0,0
1367,WLNM_dir_neg,0.938775510204,0.788461538462,00:00:00,10,40,2,1174695151,threshold_sweep,0.8,1,0.714285714286,0.833333333333,5,0,2,14,0.714285714286,1,0,0.285714285714,1,0.714285714286,0.833333333333,0.904761904762,0.587301587302,0.769230769231,0.790569415042,0.714285714286,20,13,7,0,20,0,13,0,7,11,20,0.181818181818,3.04338842975,3.63636363636,2,2.5,1.68954001271,0.464623503495,0.245454545455,1.16774841624,0.642261628933,0.336363636364,1.94000937205,1.06700515463,0.536363636364,1.05689877454,0.347276990411,3.54545454545,3.04338842975,1.05689877454,3.54545454545,0.499047619048,0.4,8,0.0484848484848,0.255555555556,11,11,11,1,0,0.0909090909091,0.636363636364,0.272727272727,11,0.118181818182,3.72727272727,2.36363636364,1.3,1.625,1.43336856898,0.6064251638,0.286713286713,0.603022689156,0.510249967747,0.237762237762,1.40129809949,1.18571377649,0.503496503497,2.05382127221,0.551025219373,7,3.72727272727,2.05382127221,7,0,0,0,0,0.22962962963,11,11,11,1,0,0.0909090909091,0.636363636364,0.272727272727,11,18,0.163636363636,3.11363636364,3.27272727273,1.8,2.25,1.42062726223,0.434080552347,0.227272727273,0.924416277737,0.564921058617,0.292929292929,1.68954001271,1.03249667443,0.525252525253,1.14353419474,0.367266456706,3.875,3.11363636364,1.14353419474,3.875,0.366666666667,0.266666666667,4,0.0242424242424,0.221111111111,11,11,11,1,0,0.0909090909091,0.636363636364,0.272727272727,-2,-0.0181818181818,0.0702479338843,-0.363636363636,-0.2,-0.25,-0.268912750482,-0.030542951148,-0.0181818181818,-0.243332138505,-0.0773405703161,-0.0434343434343,-0.250469359339,-0.0345084801933,-0.0111111111111,0.0866354202056,0.0199894662943,0.329545454545,0.0702479338843,0.0866354202056,0.329545454545,-0.132380952381,-0.133333333333,-4,-0.0242424242424,-0.0344444444444,0,0,0,18,0,2,90,0.9,1,0,0.1,1,0.9,0.947368421053,0.938314863257,0.9,0.9,5,7,0,0,0,0
1368,WLNM_dir_neg,0.938775510204,0.788461538462,00:00:00,10,40,2,1174695151,threshold_sweep,0.9,1,0.714285714286,0.833333333333,5,0,2,14,0.714285714286,1,0,0.285714285714,1,0.714285714286,0.833333333333,0.904761904762,0.587301587302,0.769230769231,0.790569415042,0.714285714286,20,13,7,0,20,0,13,0,7,11,20,0.181818181818,3.04338842975,3.63636363636,2,2.5,1.68954001271,0.464623503495,0.245454545455,1.16774841624,0.642261628933,0.336363636364,1.94000937205,1.06700515463,0.536363636364,1.05689877454,0.347276990411,3.54545454545,3.04338842975,1.05689877454,3.54545454545,0.499047619048,0.4,8,0.0484848484848,0.255555555556,11,11,11,1,0,0.0909090909091,0.636363636364,0.272727272727,11,0.118181818182,3.72727272727,2.36363636364,1.3,1.625,1.43336856898,0.6064251638,0.286713286713,0.603022689156,0.510249967747,0.237762237762,1.40129809949,1.18571377649,0.503496503497,2.05382127221,0.551025219373,7,3.72727272727,2.05382127221,7,0,0,0,0,0.22962962963,11,11,11,1,0,0.0909090909091,0.636363636364,0.272727272727,11,18,0.163636363636,3.11363636364,3.27272727273,1.8,2.25,1.42062726223,0.434080552347,0.227272727273,0.924416277737,0.564921058617,0.292929292929,1.68954001271,1.03249667443,0.525252525253,1.14353419474,0.367266456706,3.875,3.11363636364,1.14353419474,3.875,0.366666666667,0.266666666667,4,0.0242424242424,0.221111111111,11,11,11,1,0,0.0909090909091,0.636363636364,0.272727272727,-2,-0.0181818181818,0.0702479338843,-0.363636363636,-0.2,-0.25,-0.268912750482,-0.030542951148,-0.0181818181818,-0.243332138505,-0.0773405703161,-0.0434343434343,-0.250469359339,-0.0345084801933,-0.0111111111111,0.0866354202056,0.0199894662943,0.329545454545,0.0702479338843,0.0866354202056,0.329545454545,-0.132380952381,-0.133333333333,-4,-0.0242424242424,-0.0344444444444,0,0,0,18,0,2,90,0.9,1,0,0.1,1,0.9,0.947368421053,0.938314863257,0.9,0.9,5,7,0,0,0,0
1369,WLNM_dir_neg,0.836734693878,0.551121794872,00:00:00,10,40,3,1174695152,threshold_sweep,0.1,1,0.714285714286,0.833333333333,5,0,2,14,0.714285714286,1,0,0.285714285714,1,0.714285714286,0.833333333333,0.904761904762,0.587301587302,0.769230769231,0.790569415042,0.714285714286,20,13,7,0,20,0,13,0,7,11,20,0.181818181818,3.04338842975,3.63636363636,2,2.5,1.68954001271,0.464623503495,0.245454545455,1.16774841624,0.642261628933,0.336363636364,1.94000937205,1.06700515463,0.536363636364,1.05689877454,0.347276990411,3.54545454545,3.04338842975,1.05689877454,3.54545454545,0.499047619048,0.4,8,0.0484848484848,0.255555555556,11,11,11,1,0,0.0909090909091,0.636363636364,0.272727272727,11,0.118181818182,3.72727272727,2.36363636364,1.3,1.625,1.43336856898,0.6064251638,0.286713286713,0.603022689156,0.510249967747,0.237762237762,1.40129809949,1.18571377649,0.503496503497,2.05382127221,0.551025219373,7,3.72727272727,2.05382127221,7,0,0,0,0,0.22962962963,11,11,11,1,0,0.0909090909091,0.636363636364,0.272727272727,11,18,0.163636363636,3.11363636364,3.27272727273,1.8,2.25,1.42062726223,0.434080552347,0.227272727273,0.924416277737,0.564921058617,0.292929292929,1.68954001271,1.03249667443,0.525252525253,1.14353419474,0.367266456706,3.875,3.11363636364,1.14353419474,3.875,0.366666666667,0.266666666667,4,0.0242424242424,0.221111111111,11,11,11,1,0,0.0909090909091,0.636363636364,0.272727272727,-2,-0.0181818181818,0.0702479338843,-0.363636363636,-0.2,-0.25,-0.268912750482,-0.030542951148,-0.0181818181818,-0.243332138505,-0.0773405703161,-0.0434343434343,-0.250469359339,-0.0345084801933,-0.0111111111111,0.0866354202056,0.0199894662943,0.329545454545,0.0702479338843,0.0866354202056,0.329545454545,-0.132380952381,-0.133333333333,-4,-0.0242424242424,-0.0344444444444,0,0,0,18,0,2,90,0.9,1,0,0.1,1,0.9,0.947368421053,0.938314863257,0.9,0.9,5,7,0,0,0,0
1370,WLNM_dir_neg,0.836734693878,0.551121794872,00:00:00,10,40,3,1174695152,threshold_sweep,0.2,1,0.714285714286,0.833333333333,5,0,2,14,0.714285714286,1,0,0.285714285714,1,0.714285714286,0.833333333333,0.904761904762,0.587301587302,0.769230769231,0.790569415042,0.714285714286,20,13,7,0,20,0,13,0,7,11,20,0.181818181818,3.04338842975,3.63636363636,2,2.5,1.68954001271,0.464623503495,0.245454545455,1.16774841624,0.642261628933,0.336363636364,1.94000937205,1.06700515463,0.536363636364,1.05689877454,0.347276990411,3.54545454545,3.04338842975,1.05689877454,3.54545454545,0.499047619048,0.4,8,0.0484848484848,0.255555555556,11,11,11,1,0,0.0909090909091,0.636363636364,0.272727272727,11,0.118181818182,3.72727272727,2.36363636364,1.3,1.625,1.43336856898,0.6064251638,0.286713286713,0.603022689156,0.510249967747,0.237762237762,1.40129809949,1.18571377649,0.503496503497,2.05382127221,0.551025219373,7,3.72727272727,2.05382127221,7,0,0,0,0,0.22962962963,11,11,11,1,0,0.0909090909091,0.636363636364,0.272727272727,11,18,0.163636363636,3.11363636364,3.27272727273,1.8,2.25,1.42062726223,0.434080552347,0.227272727273,0.924416277737,0.564921058617,0.292929292929,1.68954001271,1.03249667443,0.525252525253,1.14353419474,0.367266456706,3.875,3.11363636364,1.14353419474,3.875,0.366666666667,0.266666666667,4,0.0242424242424,0.221111111111,11,11,11,1,0,0.0909090909091,0.636363636364,0.272727272727,-2,-0.0181818181818,0.0702479338843,-0.363636363636,-0.2,-0.25,-0.268912750482,-0.030542951148,-0.0181818181818,-0.243332138505,-0.0773405703161,-0.0434343434343,-0.250469359339,-0.0345084801933,-0.0111111111111,0.0866354202056,0.0199894662943,0.329545454545,0.0702479338843,0.0866354202056,0.329545454545,-0.132380952381,-0.133333333333,-4,-0.0242424242424,-0.0344444444444,0,0,0,18,0,2,90,0.9,1,0,0.1,1,0.9,0.947368421053,0.938314863257,0.9,0.9,5,7,0,0,0,0
1371,WLNM_dir_neg,0.836734693878,0.551121794872,00:00:00,10,40,3,1174695152,threshold_sweep,0.3,1,0.714285714286,0.833333333333,5,0,2,14,0.714285714286,1,0,0.285714285714,1,0.714285714286,0.833333333333,0.904761904762,0.587301587302,0.769230769231,0.790569415042,0.714285714286,20,13,7,0,20,0,13,0,7,11,20,0.181818181818,3.04338842975,3.63636363636,2,2.5,1.68954001271,0.464623503495,0.245454545455,1.16774841624,0.642261628933,0.336363636364,1.94000937205,1.06700515463,0.536363636364,1.05689877454,0.347276990411,3.54545454545,3.04338842975,1.05689877454,3.54545454545,0.499047619048,0.4,8,0.0484848484848,0.255555555556,11,11,11,1,0,0.0909090909091,0.636363636364,0.272727272727,11,0.118181818182,3.72727272727,2.36363636364,1.3,1.625,1.43336856898,0.6064251638,0.286713286713,0.603022689156,0.510249967747,0.237762237762,1.40129809949,1.18571377649,0.503496503497,2.05382127221,0.551025219373,7,3.72727272727,2.05382127221,7,0,0,0,0,0.22962962963,11,11,11,1,0,0.0909090909091,0.636363636364,0.272727272727,11,18,0.163636363636,3.11363636364,3.27272727273,1.8,2.25,1.42062726223,0.434080552347,0.227272727273,0.924416277737,0.564921058617,0.292929292929,1.68954001271,1.03249667443,0.525252525253,1.14353419474,0.367266456706,3.875,3.11363636364,1.14353419474,3.875,0.366666666667,0.266666666667,4,0.0242424242424,0.221111111111,11,11,11,1,0,0.0909090909091,0.636363636364,0.272727272727,-2,-0.0181818181818,0.0702479338843,-0.363636363636,-0.2,-0.25,-0.268912750482,-0.030542951148,-0.0181818181818,-0.243332138505,-0.0773405703161,-0.0434343434343,-0.250469359339,-0.0345084801933,-0.0111111111111,0.0866354202056,0.0199894662943,0.329545454545,0.0702479338843,0.0866354202056,0.329545454545,-0.132380952381,-0.133333333333,-4,-0.0242424242424,-0.0344444444444,0,0,0,18,0,2,90,0.9,1,0,0.1,1,0.9,0.947368421053,0.938314863257,0.9,0.9,5,7,0,0,0,0
1372,WLNM_dir_neg,0.836734693878,0.551121794872,00:00:00,10,40,3,1174695152,threshold_sweep,0.4,1,0.714285714286,0.833333333333,5,0,2,14,0.714285714286,1,0,0.285714285714,1,0.714285714286,0.833333333333,0.904761904762,0.587301587302,0.769230769231,0.790569415042,0.714285714286,20,13,7,0,20,0,13,0,7,11,20,0.181818181818,3.04338842975,3.63636363636,2,2.5,1.68954001271,0.464623503495,0.245454545455,1.16774841624,0.642261628933,0.336363636364,1.94000937205,1.06700515463,0.536363636364,1.05689877454,0.347276990411,3.54545454545,3.04338842975,1.05689877454,3.54545454545,0.499047619048,0.4,8,0.0484848484848,0.255555555556,11,11,11,1,0,0.0909090909091,0.636363636364,0.272727272727,11,0.118181818182,3.72727272727,2.36363636364,1.3,1.625,1.43336856898,0.6064251638,0.286713286713,0.603022689156,0.510249967747,0.237762237762,1.40129809949,1.18571377649,0.503496503497,2.05382127221,0.551025219373,7,3.72727272727,2.05382127221,7,0,0,0,0,0.22962962963,11,11,11,1,0,0.0909090909091,0.636363636364,0.272727272727,11,18,0.163636363636,3.11363636364,3.27272727273,1.8,2.25,1.42062726223,0.434080552347,0.227272727273,0.924416277737,0.564921058617,0.292929292929,1.68954001271,1.03249667443,0.525252525253,1.14353419474,0.367266456706,3.875,3.11363636364,1.14353419474,3.875,0.366666666667,0.266666666667,4,0.0242424242424,0.221111111111,11,11,11,1,0,0.0909090909091,0.636363636364,0.272727272727,-2,-0.0181818181818,0.0702479338843,-0.363636363636,-0.2,-0.25,-0.268912750482,-0.030542951148,-0.0181818181818,-0.243332138505,-0.0773405703161,-0.0434343434343,-0.250469359339,-0.0345084801933,-0.0111111111111,0.0866354202056,0.0199894662943,0.329545454545,0.0702479338843,0.0866354202056,0.329545454545,-0.132380952381,-0.133333333333,-4,-0.0242424242424,-0.0344444444444,0,0,0,18,0,2,90,0.9,1,0,0.1,1,0.9,0.947368421053,0.938314863257,0.9,0.9,5,7,0,0,0,0
1373,WLNM_dir_neg,0.836734693878,0.551121794872,00:00:00,10,40,3,1174695152,threshold_sweep,0.5,1,0.714285714286,0.833333333333,5,0,2,14,0.714285714286,1,0,0.285714285714,1,0.714285714286,0.833333333333,0.904761904762,0.587301587302,0.769230769231,0.790569415042,0.714285714286,20,13,7,0,20,0,13,0,7,11,20,0.181818181818,3.04338842975,3.63636363636,2,2.5,1.68954001271,0.464623503495,0.245454545455,1.16774841624,0.642261628933,0.336363636364,1.94000937205,1.06700515463,0.536363636364,1.05689877454,0.347276990411,3.54545454545,3.04338842975,1.05689877454,3.54545454545,0.499047619048,0.4,8,0.0484848484848,0.255555555556,11,11,11,1,0,0.0909090909091,0.636363636364,0.272727272727,11,0.118181818182,3.72727272727,2.36363636364,1.3,1.625,1.43336856898,0.6064251638,0.286713286713,0.603022689156,0.510249967747,0.237762237762,1.40129809949,1.18571377649,0.503496503497,2.05382127221,0.551025219373,7,3.72727272727,2.05382127221,7,0,0,0,0,0.22962962963,11,11,11,1,0,0.0909090909091,0.636363636364,0.272727272727,11,18,0.163636363636,3.11363636364,3.27272727273,1.8,2.25,1.42062726223,0.434080552347,0.227272727273,0.924416277737,0.564921058617,0.292929292929,1.68954001271,1.03249667443,0.525252525253,1.14353419474,0.367266456706,3.875,3.11363636364,1.14353419474,3.875,0.366666666667,0.266666666667,4,0.0242424242424,0.221111111111,11,11,11,1,0,0.0909090909091,0.636363636364,0.272727272727,-2,-0.0181818181818,0.0702479338843,-0.363636363636,-0.2,-0.25,-0.268912750482,-0.030542951148,-0.0181818181818,-0.243332138505,-0.0773405703161,-0.0434343434343,-0.250469359339,-0.0345084801933,-0.0111111111111,0.0866354202056,0.0199894662943,0.329545454545,0.0702479338843,0.0866354202056,0.329545454545,-0.132380952381,-0.133333333333,-4,-0.0242424242424,-0.0344444444444,0,0,0,18,0,2,90,0.9,1,0,0.1,1,0.9,0.947368421053,0.938314863257,0.9,0.9,5,7,0,0,0,0
1374,WLNM_dir_neg,0.836734693878,0.551121794872,00:00:00,10,40,3,1174695152,threshold_sweep,0.6,1,0.714285714286,0.833333333333,5,0,2,14,0.714285714286,1,0,0.285714285714,1,0.714285714286,0.833333333333,0.904761904762,0.587301587302,0.769230769231,0.790569415042,0.714285714286,20,13,7,0,20,0,13,0,7,11,20,0.181818181818,3.04338842975,3.63636363636,2,2.5,1.68954001271,0.464623503495,0.245454545455,1.16774841624,0.642261628933,0.336363636364,1.94000937205,1.06700515463,0.536363636364,1.05689877454,0.347276990411,3.54545454545,3.04338842975,1.05689877454,3.54545454545,0.499047619048,0.4,8,0.0484848484848,0.255555555556,11,11,11,1,0,0.0909090909091,0.636363636364,0.272727272727,11,0.118181818182,3.72727272727,2.36363636364,1.3,1.625,1.43336856898,0.6064251638,0.286713286713,0.603022689156,0.510249967747,0.237762237762,1.40129809949,1.18571377649,0.503496503497,2.05382127221,0.551025219373,7,3.72727272727,2.05382127221,7,0,0,0,0,0.22962962963,11,11,11,1,0,0.0909090909091,0.636363636364,0.272727272727,11,18,0.163636363636,3.11363636364,3.27272727273,1.8,2.25,1.42062726223,0.434080552347,0.227272727273,0.924416277737,0.564921058617,0.292929292929,1.68954001271,1.03249667443,0.525252525253,1.14353419474,0.367266456706,3.875,3.11363636364,1.14353419474,3.875,0.366666666667,0.266666666667,4,0.0242424242424,0.221111111111,11,11,11,1,0,0.0909090909091,0.636363636364,0.272727272727,-2,-0.0181818181818,0.0702479338843,-0.363636363636,-0.2,-0.25,-0.268912750482,-0.030542951148,-0.0181818181818,-0.243332138505,-0.0773405703161,-0.0434343434343,-0.250469359339,-0.0345084801933,-0.0111111111111,0.0866354202056,0.0199894662943,0.329545454545,0.0702479338843,0.0866354202056,0.329545454545,-0.132380952381,-0.133333333333,-4,-0.0242424242424,-0.0344444444444,0,0,0,18,0,2,90,0.9,1,0,0.1,1,0.9,0.947368421053,0.938314863257,0.9,0.9,5,7,0,0,0,0
1375,WLNM_dir_neg,0.836734693878,0.551121794872,00:00:00,10,40,3,1174695152,threshold_sweep,0.7,1,0.714285714286,0.833333333333,5,0,2,14,0.714285714286,1,0,0.285714285714,1,0.714285714286,0.833333333333,0.904761904762,0.587301587302,0.769230769231,0.790569415042,0.714285714286,20,13,7,0,20,0,13,0,7,11,20,0.181818181818,3.04338842975,3.63636363636,2,2.5,1.68954001271,0.464623503495,0.245454545455,1.16774841624,0.642261628933,0.336363636364,1.94000937205,1.06700515463,0.536363636364,1.05689877454,0.347276990411,3.54545454545,3.04338842975,1.05689877454,3.54545454545,0.499047619048,0.4,8,0.0484848484848,0.255555555556,11,11,11,1,0,0.0909090909091,0.636363636364,0.272727272727,11,0.118181818182,3.72727272727,2.36363636364,1.3,1.625,1.43336856898,0.6064251638,0.286713286713,0.603022689156,0.510249967747,0.237762237762,1.40129809949,1.18571377649,0.503496503497,2.05382127221,0.551025219373,7,3.72727272727,2.05382127221,7,0,0,0,0,0.22962962963,11,11,11,1,0,0.0909090909091,0.636363636364,0.272727272727,11,18,0.163636363636,3.11363636364,3.27272727273,1.8,2.25,1.42062726223,0.434080552347,0.227272727273,0.924416277737,0.564921058617,0.292929292929,1.68954001271,1.03249667443,0.525252525253,1.14353419474,0.367266456706,3.875,3.11363636364,1.14353419474,3.875,0.366666666667,0.266666666667,4,0.0242424242424,0.221111111111,11,11,11,1,0,0.0909090909091,0.636363636364,0.272727272727,-2,-0.0181818181818,0.0702479338843,-0.363636363636,-0.2,-0.25,-0.268912750482,-0.030542951148,-0.0181818181818,-0.243332138505,-0.0773405703161,-0.0434343434343,-0.250469359339,-0.0345084801933,-0.0111111111111,0.0866354202056,0.0199894662943,0.329545454545,0.0702479338843,0.0866354202056,0.329545454545,-0.132380952381,-0.133333333333,-4,-0.0242424242424,-0.0344444444444,0,0,0,18,0,2,90,0.9,1,0,0.1,1,0.9,0.947368421053,0.938314863257,0.9,0.9,5,7,0,0,0,0
1376,WLNM_dir_neg,0.836734693878,0.551121794872,00:00:00,10,40,3,1174695152,threshold_sweep,0.8,1,0.714285714286,0.833333333333,5,0,2,14,0.714285714286,1,0,0.285714285714,1,0.714285714286,0.833333333333,0.904761904762,0.587301587302,0.769230769231,0.790569415042,0.714285714286,20,13,7,0,20,0,13,0,7,11,20,0.181818181818,3.04338842975,3.63636363636,2,2.5,1.68954001271,0.464623503495,0.245454545455,1.16774841624,0.642261628933,0.336363636364,1.94000937205,1.06700515463,0.536363636364,1.05689877454,0.347276990411,3.54545454545,3.04338842975,1.05689877454,3.54545454545,0.499047619048,0.4,8,0.0484848484848,0.255555555556,11,11,11,1,0,0.0909090909091,0.636363636364,0.272727272727,11,0.118181818182,3.72727272727,2.36363636364,1.3,1.625,1.43336856898,0.6064251638,0.286713286713,0.603022689156,0.510249967747,0.237762237762,1.40129809949,1.18571377649,0.503496503497,2.05382127221,0.551025219373,7,3.72727272727,2.05382127221,7,0,0,0,0,0.22962962963,11,11,11,1,0,0.0909090909091,0.636363636364,0.272727272727,11,18,0.163636363636,3.11363636364,3.27272727273,1.8,2.25,1.42062726223,0.434080552347,0.227272727273,0.924416277737,0.564921058617,0.292929292929,1.68954001271,1.03249667443,0.525252525253,1.14353419474,0.367266456706,3.875,3.11363636364,1.14353419474,3.875,0.366666666667,0.266666666667,4,0.0242424242424,0.221111111111,11,11,11,1,0,0.0909090909091,0.636363636364,0.272727272727,-2,-0.0181818181818,0.0702479338843,-0.363636363636,-0.2,-0.25,-0.268912750482,-0.030542951148,-0.0181818181818,-0.243332138505,-0.0773405703161,-0.0434343434343,-0.250469359339,-0.0345084801933,-0.0111111111111,0.0866354202056,0.0199894662943,0.329545454545,0.0702479338843,0.0866354202056,0.329545454545,-0.132380952381,-0.133333333333,-4,-0.0242424242424,-0.0344444444444,0,0,0,18,0,2,90,0.9,1,0,0.1,1,0.9,0.947368421053,0.938314863257,0.9,0.9,5,7,0,0,0,0
1377,WLNM_dir_neg,0.836734693878,0.551121794872,00:00:00,10,40,3,1174695152,threshold_sweep,0.9,1,0.714285714286,0.833333333333,5,0,2,14,0.714285714286,1,0,0.285714285714,1,0.714285714286,0.833333333333,0.904761904762,0.587301587302,0.769230769231,0.790569415042,0.714285714286,20,13,7,0,20,0,13,0,7,11,20,0.181818181818,3.04338842975,3.63636363636,2,2.5,1.68954001271,0.464623503495,0.245454545455,1.16774841624,0.642261628933,0.336363636364,1.94000937205,1.06700515463,0.536363636364,1.05689877454,0.347276990411,3.54545454545,3.04338842975,1.05689877454,3.54545454545,0.499047619048,0.4,8,0.0484848484848,0.255555555556,11,11,11,1,0,0.0909090909091,0.636363636364,0.272727272727,11,0.118181818182,3.72727272727,2.36363636364,1.3,1.625,1.43336856898,0.6064251638,0.286713286713,0.603022689156,0.510249967747,0.237762237762,1.40129809949,1.18571377649,0.503496503497,2.05382127221,0.551025219373,7,3.72727272727,2.05382127221,7,0,0,0,0,0.22962962963,11,11,11,1,0,0.0909090909091,0.636363636364,0.272727272727,11,18,0.163636363636,3.11363636364,3.27272727273,1.8,2.25,1.42062726223,0.434080552347,0.227272727273,0.924416277737,0.564921058617,0.292929292929,1.68954001271,1.03249667443,0.525252525253,1.14353419474,0.367266456706,3.875,3.11363636364,1.14353419474,3.875,0.366666666667,0.266666666667,4,0.0242424242424,0.221111111111,11,11,11,1,0,0.0909090909091,0.636363636364,0.272727272727,-2,-0.0181818181818,0.0702479338843,-0.363636363636,-0.2,-0.25,-0.268912750482,-0.030542951148,-0.0181818181818,-0.243332138505,-0.0773405703161,-0.0434343434343,-0.250469359339,-0.0345084801933,-0.0111111111111,0.0866354202056,0.0199894662943,0.329545454545,0.0702479338843,0.0866354202056,0.329545454545,-0.132380952381,-0.133333333333,-4,-0.0242424242424,-0.0344444444444,0,0,0,18,0,2,90,0.9,1,0,0.1,1,0.9,0.947368421053,0.938314863257,0.9,0.9,5,7,0,0,0,0
1378,WLNM_dir_neg,0.877551020408,0.578841991342,00:00:00,10,40,4,1174695153,threshold_sweep,0.1,0.714285714286,0.714285714286,0.714285714286,5,2,2,12,0.714285714286,0.857142857143,0.142857142857,0.285714285714,0.714285714286,0.714285714286,0.714285714286,0.809523809524,0.555555555556,0.571428571429,0.571428571429,0.571428571429,20,13,7,0,20,0,13,0,7,11,20,0.181818181818,3.04338842975,3.63636363636,2,2.5,1.68954001271,0.464623503495,0.245454545455,1.16774841624,0.642261628933,0.336363636364,1.94000937205,1.06700515463,0.536363636364,1.05689877454,0.347276990411,3.54545454545,3.04338842975,1.05689877454,3.54545454545,0.499047619048,0.4,8,0.0484848484848,0.255555555556,11,11,11,1,0,0.0909090909091,0.636363636364,0.272727272727,11,0.118181818182,3.72727272727,2.36363636364,1.3,1.625,1.43336856898,0.6064251638,0.286713286713,0.603022689156,0.510249967747,0.237762237762,1.40129809949,1.18571377649,0.503496503497,2.05382127221,0.551025219373,7,3.72727272727,2.05382127221,7,0,0,0,0,0.22962962963,11,11,11,1,0,0.0909090909091,0.636363636364,0.272727272727,11,20,0.181818181818,6.1652892562,3.63636363636,2,2.22222222222,1.62927758671,0.448051336344,0.231818181818,0.981649817214,0.539907399468,0.281818181818,1.60113596038,0.880624778211,0.454545454545,2.20820774967,0.35816774492,7.69696969697,6.1652892562,2.20820774967,7.69696969697,0.404285714286,0.305084745763,6,0.0363636363636,0.212592592593,11,11,11,1,0,0.0909090909091,0.727272727273,0.181818181818,0,0,3.12190082645,0,0,-0.277777777778,-0.0602624260023,-0.0165721671506,-0.0136363636364,-0.186098599028,-0.102354229466,-0.0545454545455,-0.338873411664,-0.186380376415,-0.0818181818182,1.15130897514,0.0108907545087,4.15151515152,3.12190082645,1.15130897514,4.15151515152,-0.0947619047619,-0.0949152542373,-2,-0.0121212121212,-0.042962962963,0,0.0909090909091,-0.0909090909091,18,2,2,88,0.9,0.977777777778,0.0222222222222,0.1,0.9,0.9,0.9,0.877777777778,0.877777777778,0.818181818182,7,7,0,0,0,0
1379,WLNM_dir_neg,0.877551020408,0.578841991342,00:00:00,10,40,4,1174695153,threshold_sweep,0.2,0.833333333333,0.714285714286,0.769230769231,5,1,2,13,0.714285714286,0.928571428571,0.0714285714286,0.285714285714,0.833333333333,0.714285714286,0.769230769231,0.857142857143,0.571428571429,0.666666666667,0.67082039325,0.642857142857,20,13,7,0,20,0,13,0,7,11,20,0.181818181818,3.04338842975,3.63636363636,2,2.5,1.68954001271,0.464623503495,0.245454545455,1.16774841624,0.642261628933,0.336363636364,1.94000937205,1.06700515463,0.536363636364,1.05689877454,0.347276990411,3.54545454545,3.04338842975,1.05689877454,3.54545454545,0.499047619048,0.4,8,0.0484848484848,0.255555555556,11,11,11,1,0,0.0909090909091,0.636363636364,0.272727272727,11,0.118181818182,3.72727272727,2.36363636364,1.3,1.625,1.43336856898,0.6064251638,0.286713286713,0.603022689156,0.510249967747,0.237762237762,1.40129809949,1.18571377649,0.503496503497,2.05382127221,0.551025219373,7,3.72727272727,2.05382127221,7,0,0,0,0,0.22962962963,11,11,11,1,0,0.0909090909091,0.636363636364,0.272727272727,11,19,0.172727272727,3.14772727273,3.45454545455,1.9,2.11111111111,1.36847625947,0.396137864583,0.205741626794,1.00904995822,0.584186817916,0.306220095694,1.61807966991,0.936782966791,0.468899521531,1.18338851637,0.375950142385,3.96875,3.14772727273,1.18338851637,3.96875,0.41,0.3,5,0.030303030303,0.214444444444,11,11,11,1,0,0.0909090909091,0.727272727273,0.181818181818,-1,-0.00909090909091,0.104338842975,-0.181818181818,-0.1,-0.388888888889,-0.321063753241,-0.0684856389122,-0.0397129186603,-0.158698458023,-0.058074811017,-0.0301435406699,-0.321929702137,-0.130222187836,-0.0674641148325,0.126489741835,0.0286731519741,0.423295454545,0.104338842975,0.126489741835,0.423295454545,-0.0890476190476,-0.1,-3,-0.0181818181818,-0.0411111111111,0,0.0909090909091,-0.0909090909091,18,1,2,89,0.9,0.988888888889,0.0111111111111,0.1,0.947368421053,0.9,0.923076923077,0.906956031802,0.888888888889,0.857142857143,6,7,0,0,0,0
1380,WLNM_dir_neg,0.877551020408,0.578841991342,00:00:00,10,40,4,1174695153,threshold_sweep,0.3,0.833333333333,0.714285714286,0.769230769231,5,1,2,13,0.714285714286,0.928571428571,0.0714285714286,0.285714285714,0.833333333333,0.714285714286,0.769230769231,0.857142857143,0.571428571429,0.666666666667,0.67082039325,0.642857142857,20,13,7,0,20,0,13,0,7,11,20,0.181818181818,3.04338842975,3.63636363636,2,2.5,1.68954001271,0.464623503495,0.245454545455,1.16774841624,0.642261628933,0.336363636364,1.94000937205,1.06700515463,0.536363636364,1.05689877454,0.347276990411,3.54545454545,3.04338842975,1.05689877454,3.54545454545,0.499047619048,0.4,8,0.0484848484848,0.255555555556,11,11,11,1,0,0.0909090909091,0.636363636364,0.272727272727,11,0.118181818182,3.72727272727,2.36363636364,1.3,1.625,1.43336856898,0.6064251638,0.286713286713,0.603022689156,0.510249967747,0.237762237762,1.40129809949,1.18571377649,0.503496503497,2.05382127221,0.551025219373,7,3.72727272727,2.05382127221,7,0,0,0,0,0.22962962963,11,11,11,1,0,0.0909090909091,0.636363636364,0.272727272727,11,19,0.172727272727,3.14772727273,3.45454545455,1.9,2.11111111111,1.36847625947,0.396137864583,0.205741626794,1.00904995822,0.584186817916,0.306220095694,1.61807966991,0.936782966791,0.468899521531,1.18338851637,0.375950142385,3.96875,3.14772727273,1.18338851637,3.96875,0.41,0.3,5,0.030303030303,0.214444444444,11,11,11,1,0,0.0909090909091,0.727272727273,0.181818181818,-1,-0.00909090909091,0.104338842975,-0.181818181818,-0.1,-0.388888888889,-0.321063753241,-0.0684856389122,-0.0397129186603,-0.158698458023,-0.058074811017,-0.0301435406699,-0.321929702137,-0.130222187836,-0.0674641148325,0.126489741835,0.0286731519741,0.423295454545,0.104338842975,0.126489741835,0.423295454545,-0.0890476190476,-0.1,-3,-0.0181818181818,-0.0411111111111,0,0.0909090909091,-0.0909090909091,18,1,2,89,0.9,0.988888888889,0.0111111111111,0.1,0.947368421053,0.9,0.923076923077,0.906956031802,0.888888888889,0.857142857143,6,7,0,0,0,0
1381,WLNM_dir_neg,0.877551020408,0.578841991342,00:00:00,10,40,4,1174695153,threshold_sweep,0.4,0.833333333333,0.714285714286,0.769230769231,5,1,2,13,0.714285714286,0.928571428571,0.0714285714286,0.285714285714,0.833333333333,0.714285714286,0.769230769231,0.857142857143,0.571428571429,0.666666666667,0.67082039325,0.642857142857,20,13,7,0,20,0,13,0,7,11,20,0.181818181818,3.04338842975,3.63636363636,2,2.5,1.68954001271,0.464623503495,0.245454545455,1.16774841624,0.642261628933,0.336363636364,1.94000937205,1.06700515463,0.536363636364,1.05689877454,0.347276990411,3.54545454545,3.04338842975,1.05689877454,3.54545454545,0.499047619048,0.4,8,0.0484848484848,0.255555555556,11,11,11,1,0,0.0909090909091,0.636363636364,0.272727272727,11,0.118181818182,3.72727272727,2.36363636364,1.3,1.625,1.43336856898,0.6064251638,0.286713286713,0.603022689156,0.510249967747,0.237762237762,1.40129809949,1.18571377649,0.503496503497,2.05382127221,0.551025219373,7,3.72727272727,2.05382127221,7,0,0,0,0,0.22962962963,11,11,11,1,0,0.0909090909091,0.636363636364,0.272727272727,11,19,0.172727272727,3.14772727273,3.45454545455,1.9,2.11111111111,1.36847625947,0.396137864583,0.205741626794,1.00904995822,0.584186817916,0.306220095694,1.61807966991,0.936782966791,0.468899521531,1.18338851637,0.375950142385,3.96875,3.14772727273,1.18338851637,3.96875,0.41,0.3,5,0.030303030303,0.214444444444,11,11,11,1,0,0.0909090909091,0.727272727273,0.181818181818,-1,-0.00909090909091,0.104338842975,-0.181818181818,-0.1,-0.388888888889,-0.321063753241,-0.0684856389122,-0.0397129186603,-0.158698458023,-0.058074811017,-0.0301435406699,-0.321929702137,-0.130222187836,-0.0674641148325,0.126489741835,0.0286731519741,0.423295454545,0.104338842975,0.126489741835,0.423295454545,-0.0890476190476,-0.1,-3,-0.0181818181818,-0.0411111111111,0,0.0909090909091,-0.0909090909091,18,1,2,89,0.9,0.988888888889,0.0111111111111,0.1,0.947368421053,0.9,0.923076923077,0.906956031802,0.888888888889,0.857142857143,6,7,0,0,0,0
1382,WLNM_dir_neg,0.877551020408,0.578841991342,00:00:00,10,40,4,1174695153,threshold_sweep,0.5,0.833333333333,0.714285714286,0.769230769231,5,1,2,13,0.714285714286,0.928571428571,0.0714285714286,0.285714285714,0.833333333333,0.714285714286,0.769230769231,0.857142857143,0.571428571429,0.666666666667,0.67082039325,0.642857142857,20,13,7,0,20,0,13,0,7,11,20,0.181818181818,3.04338842975,3.63636363636,2,2.5,1.68954001271,0.464623503495,0.245454545455,1.16774841624,0.642261628933,0.336363636364,1.94000937205,1.06700515463,0.536363636364,1.05689877454,0.347276990411,3.54545454545,3.04338842975,1.05689877454,3.54545454545,0.499047619048,0.4,8,0.0484848484848,0.255555555556,11,11,11,1,0,0.0909090909091,0.636363636364,0.272727272727,11,0.118181818182,3.72727272727,2.36363636364,1.3,1.625,1.43336856898,0.6064251638,0.286713286713,0.603022689156,0.510249967747,0.237762237762,1.40129809949,1.18571377649,0.503496503497,2.05382127221,0.551025219373,7,3.72727272727,2.05382127221,7,0,0,0,0,0.22962962963,11,11,11,1,0,0.0909090909091,0.636363636364,0.272727272727,11,19,0.172727272727,3.14772727273,3.45454545455,1.9,2.11111111111,1.36847625947,0.396137864583,0.205741626794,1.00904995822,0.584186817916,0.306220095694,1.61807966991,0.936782966791,0.468899521531,1.18338851637,0.375950142385,3.96875,3.14772727273,1.18338851637,3.96875,0.41,0.3,5,0.030303030303,0.214444444444,11,11,11,1,0,0.0909090909091,0.727272727273,0.181818181818,-1,-0.00909090909091,0.104338842975,-0.181818181818,-0.1,-0.388888888889,-0.321063753241,-0.0684856389122,-0.0397129186603,-0.158698458023,-0.058074811017,-0.0301435406699,-0.321929702137,-0.130222187836,-0.0674641148325,0.126489741835,0.0286731519741,0.423295454545,0.104338842975,0.126489741835,0.423295454545,-0.0890476190476,-0.1,-3,-0.0181818181818,-0.0411111111111,0,0.0909090909091,-0.0909090909091,18,1,2,89,0.9,0.988888888889,0.0111111111111,0.1,0.947368421053,0.9,0.923076923077,0.906956031802,0.888888888889,0.857142857143,6,7,0,0,0,0
1383,WLNM_dir_neg,0.877551020408,0.578841991342,00:00:00,10,40,4,1174695153,threshold_sweep,0.6,0.833333333333,0.714285714286,0.769230769231,5,1,2,13,0.714285714286,0.928571428571,0.0714285714286,0.285714285714,0.833333333333,0.714285714286,0.769230769231,0.857142857143,0.571428571429,0.666666666667,0.67082039325,0.642857142857,20,13,7,0,20,0,13,0,7,11,20,0.181818181818,3.04338842975,3.63636363636,2,2.5,1.68954001271,0.464623503495,0.245454545455,1.16774841624,0.642261628933,0.336363636364,1.94000937205,1.06700515463,0.536363636364,1.05689877454,0.347276990411,3.54545454545,3.04338842975,1.05689877454,3.54545454545,0.499047619048,0.4,8,0.0484848484848,0.255555555556,11,11,11,1,0,0.0909090909091,0.636363636364,0.272727272727,11,0.118181818182,3.72727272727,2.36363636364,1.3,1.625,1.43336856898,0.6064251638,0.286713286713,0.603022689156,0.510249967747,0.237762237762,1.40129809949,1.18571377649,0.503496503497,2.05382127221,0.551025219373,7,3.72727272727,2.05382127221,7,0,0,0,0,0.22962962963,11,11,11,1,0,0.0909090909091,0.636363636364,0.272727272727,11,19,0.172727272727,3.14772727273,3.45454545455,1.9,2.11111111111,1.36847625947,0.396137864583,0.205741626794,1.00904995822,0.584186817916,0.306220095694,1.61807966991,0.936782966791,0.468899521531,1.18338851637,0.375950142385,3.96875,3.14772727273,1.18338851637,3.96875,0.41,0.3,5,0.030303030303,0.214444444444,11,11,11,1,0,0.0909090909091,0.727272727273,0.181818181818,-1,-0.00909090909091,0.104338842975,-0.181818181818,-0.1,-0.388888888889,-0.321063753241,-0.0684856389122,-0.0397129186603,-0.158698458023,-0.058074811017,-0.0301435406699,-0.321929702137,-0.130222187836,-0.0674641148325,0.126489741835,0.0286731519741,0.423295454545,0.104338842975,0.126489741835,0.423295454545,-0.0890476190476,-0.1,-3,-0.0181818181818,-0.0411111111111,0,0.0909090909091,-0.0909090909091,18,1,2,89,0.9,0.988888888889,0.0111111111111,0.1,0.947368421053,0.9,0.923076923077,0.906956031802,0.888888888889,0.857142857143,6,7,0,0,0,0
1384,WLNM_dir_neg,0.877551020408,0.578841991342,00:00:00,10,40,4,1174695153,threshold_sweep,0.7,0.8,0.571428571429,0.666666666667,4,1,3,13,0.571428571429,0.928571428571,0.0714285714286,0.428571428571,0.8,0.571428571429,0.666666666667,0.809523809524,0.587301587302,0.538461538462,0.553398590529,0.5,20,13,7,0,20,0,13,0,7,11,20,0.181818181818,3.04338842975,3.63636363636,2,2.5,1.68954001271,0.464623503495,0.245454545455,1.16774841624,0.642261628933,0.336363636364,1.94000937205,1.06700515463,0.536363636364,1.05689877454,0.347276990411,3.54545454545,3.04338842975,1.05689877454,3.54545454545,0.499047619048,0.4,8,0.0484848484848,0.255555555556,11,11,11,1,0,0.0909090909091,0.636363636364,0.272727272727,11,0.118181818182,3.72727272727,2.36363636364,1.3,1.625,1.43336856898,0.6064251638,0.286713286713,0.603022689156,0.510249967747,0.237762237762,1.40129809949,1.18571377649,0.503496503497,2.05382127221,0.551025219373,7,3.72727272727,2.05382127221,7,0,0,0,0,0.22962962963,11,11,11,1,0,0.0909090909091,0.636363636364,0.272727272727,11,18,0.163636363636,3.21818181818,3.27272727273,1.8,2,1.27207775634,0.388690425549,0.191919191919,0.924416277737,0.564921058617,0.292929292929,1.50151438706,0.917592125425,0.454545454545,1.30485108868,0.405462202698,4.55,3.21818181818,1.30485108868,4.55,0.28,0.204545454545,3,0.0181818181818,0.2,11,11,11,1,0,0.0909090909091,0.727272727273,0.181818181818,-2,-0.0181818181818,0.17479338843,-0.363636363636,-0.2,-0.5,-0.417462256367,-0.0759330779459,-0.0535353535354,-0.243332138505,-0.0773405703161,-0.0434343434343,-0.438494984989,-0.149413029202,-0.0818181818182,0.247952314146,0.0581852122867,1.00454545455,0.17479338843,0.247952314146,1.00454545455,-0.219047619048,-0.195454545455,-5,-0.030303030303,-0.0555555555556,0,0.0909090909091,-0.0909090909091,17,1,3,89,0.85,0.988888888889,0.0111111111111,0.15,0.944444444444,0.85,0.894736842105,0.874602125628,0.838888888889,0.809523809524,5,7,0,0,0,0
1385,WLNM_dir_neg,0.877551020408,0.578841991342,00:00:00,10,40,4,1174695153,threshold_sweep,0.8,0.8,0.571428571429,0.666666666667,4,1,3,13,0.571428571429,0.928571428571,0.0714285714286,0.428571428571,0.8,0.571428571429,0.666666666667,0.809523809524,0.587301587302,0.538461538462,0.553398590529,0.5,20,13,7,0,20,0,13,0,7,11,20,0.181818181818,3.04338842975,3.63636363636,2,2.5,1.68954001271,0.464623503495,0.245454545455,1.16774841624,0.642261628933,0.336363636364,1.94000937205,1.06700515463,0.536363636364,1.05689877454,0.347276990411,3.54545454545,3.04338842975,1.05689877454,3.54545454545,0.499047619048,0.4,8,0.0484848484848,0.255555555556,11,11,11,1,0,0.0909090909091,0.636363636364,0.272727272727,11,0.118181818182,3.72727272727,2.36363636364,1.3,1.625,1.43336856898,0.6064251638,0.286713286713,0.603022689156,0.510249967747,0.237762237762,1.40129809949,1.18571377649,0.503496503497,2.05382127221,0.551025219373,7,3.72727272727,2.05382127221,7,0,0,0,0,0.22962962963,11,11,11,1,0,0.0909090909091,0.636363636364,0.272727272727,11,18,0.163636363636,3.21818181818,3.27272727273,1.8,2,1.27207775634,0.388690425549,0.191919191919,0.924416277737,0.564921058617,0.292929292929,1.50151438706,0.917592125425,0.454545454545,1.30485108868,0.405462202698,4.55,3.21818181818,1.30485108868,4.55,0.28,0.204545454545,3,0.0181818181818,0.2,11,11,11,1,0,0.0909090909091,0.727272727273,0.181818181818,-2,-0.0181818181818,0.17479338843,-0.363636363636,-0.2,-0.5,-0.417462256367,-0.0759330779459,-0.0535353535354,-0.243332138505,-0.0773405703161,-0.0434343434343,-0.438494984989,-0.149413029202,-0.0818181818182,0.247952314146,0.0581852122867,1.00454545455,0.17479338843,0.247952314146,1.00454545455,-0.219047619048,-0.195454545455,-5,-0.030303030303,-0.0555555555556,0,0.0909090909091,-0.0909090909091,17,1,3,89,0.85,0.988888888889,0.0111111111111,0.15,0.944444444444,0.85,0.894736842105,0.874602125628,0.838888888889,0.809523809524,5,7,0,0,0,0
1386,WLNM_dir_neg,0.877551020408,0.578841991342,00:00:00,10,40,4,1174695153,threshold_sweep,0.9,0.8,0.571428571429,0.666666666667,4,1,3,13,0.571428571429,0.928571428571,0.0714285714286,0.428571428571,0.8,0.571428571429,0.666666666667,0.809523809524,0.587301587302,0.538461538462,0.553398590529,0.5,20,13,7,0,20,0,13,0,7,11,20,0.181818181818,3.04338842975,3.63636363636,2,2.5,1.68954001271,0.464623503495,0.245454545455,1.16774841624,0.642261628933,0.336363636364,1.94000937205,1.06700515463,0.536363636364,1.05689877454,0.347276990411,3.54545454545,3.04338842975,1.05689877454,3.54545454545,0.499047619048,0.4,8,0.0484848484848,0.255555555556,11,11,11,1,0,0.0909090909091,0.636363636364,0.272727272727,11,0.118181818182,3.72727272727,2.36363636364,1.3,1.625,1.43336856898,0.6064251638,0.286713286713,0.603022689156,0.510249967747,0.237762237762,1.40129809949,1.18571377649,0.503496503497,2.05382127221,0.551025219373,7,3.72727272727,2.05382127221,7,0,0,0,0,0.22962962963,11,11,11,1,0,0.0909090909091,0.636363636364,0.272727272727,11,18,0.163636363636,3.21818181818,3.27272727273,1.8,2,1.27207775634,0.388690425549,0.191919191919,0.924416277737,0.564921058617,0.292929292929,1.50151438706,0.917592125425,0.454545454545,1.30485108868,0.405462202698,4.55,3.21818181818,1.30485108868,4.55,0.28,0.204545454545,3,0.0181818181818,0.2,11,11,11,1,0,0.0909090909091,0.727272727273,0.181818181818,-2,-0.0181818181818,0.17479338843,-0.363636363636,-0.2,-0.5,-0.417462256367,-0.0759330779459,-0.0535353535354,-0.243332138505,-0.0773405703161,-0.0434343434343,-0.438494984989,-0.149413029202,-0.0818181818182,0.247952314146,0.0581852122867,1.00454545455,0.17479338843,0.247952314146,1.00454545455,-0.219047619048,-0.195454545455,-5,-0.030303030303,-0.0555555555556,0,0.0909090909091,-0.0909090909091,17,1,3,89,0.85,0.988888888889,0.0111111111111,0.15,0.944444444444,0.85,0.894736842105,0.874602125628,0.838888888889,0.809523809524,5,7,0,0,0,0
1387,WLNM_dir_neg,0.775510204082,0.52929197995,00:00:00,10,40,5,1174695154,threshold_sweep,0.1,1,0.714285714286,0.833333333333,5,0,2,14,0.714285714286,1,0,0.285714285714,1,0.714285714286,0.833333333333,0.904761904762,0.587301587302,0.769230769231,0.790569415042,0.714285714286,20,13,7,0,20,0,13,0,7,11,20,0.181818181818,3.04338842975,3.63636363636,2,2.5,1.68954001271,0.464623503495,0.245454545455,1.16774841624,0.642261628933,0.336363636364,1.94000937205,1.06700515463,0.536363636364,1.05689877454,0.347276990411,3.54545454545,3.04338842975,1.05689877454,3.54545454545,0.499047619048,0.4,8,0.0484848484848,0.255555555556,11,11,11,1,0,0.0909090909091,0.636363636364,0.272727272727,11,0.118181818182,3.72727272727,2.36363636364,1.3,1.625,1.43336856898,0.6064251638,0.286713286713,0.603022689156,0.510249967747,0.237762237762,1.40129809949,1.18571377649,0.503496503497,2.05382127221,0.551025219373,7,3.72727272727,2.05382127221,7,0,0,0,0,0.22962962963,11,11,11,1,0,0.0909090909091,0.636363636364,0.272727272727,11,18,0.163636363636,3.11363636364,3.27272727273,1.8,2.25,1.42062726223,0.434080552347,0.227272727273,0.924416277737,0.564921058617,0.292929292929,1.68954001271,1.03249667443,0.525252525253,1.14353419474,0.367266456706,3.875,3.11363636364,1.14353419474,3.875,0.366666666667,0.266666666667,4,0.0242424242424,0.221111111111,11,11,11,1,0,0.0909090909091,0.636363636364,0.272727272727,-2,-0.0181818181818,0.0702479338843,-0.363636363636,-0.2,-0.25,-0.268912750482,-0.030542951148,-0.0181818181818,-0.243332138505,-0.0773405703161,-0.0434343434343,-0.250469359339,-0.0345084801933,-0.0111111111111,0.0866354202056,0.0199894662943,0.329545454545,0.0702479338843,0.0866354202056,0.329545454545,-0.132380952381,-0.133333333333,-4,-0.0242424242424,-0.0344444444444,0,0,0,18,0,2,90,0.9,1,0,0.1,1,0.9,0.947368421053,0.938314863257,0.9,0.9,5,7,0,0,0,0
1388,WLNM_dir_neg,0.775510204082,0.52929197995,00:00:00,10,40,5,1174695154,threshold_sweep,0.2,1,0.714285714286,0.833333333333,5,0,2,14,0.714285714286,1,0,0.285714285714,1,0.714285714286,0.833333333333,0.904761904762,0.587301587302,0.769230769231,0.790569415042,0.714285714286,20,13,7,0,20,0,13,0,7,11,20,0.181818181818,3.04338842975,3.63636363636,2,2.5,1.68954001271,0.464623503495,0.245454545455,1.16774841624,0.642261628933,0.336363636364,1.94000937205,1.06700515463,0.536363636364,1.05689877454,0.347276990411,3.54545454545,3.04338842975,1.05689877454,3.54545454545,0.499047619048,0.4,8,0.0484848484848,0.255555555556,11,11,11,1,0,0.0909090909091,0.636363636364,0.272727272727,11,0.118181818182,3.72727272727,2.36363636364,1.3,1.625,1.43336856898,0.6064251638,0.286713286713,0.603022689156,0.510249967747,0.237762237762,1.40129809949,1.18571377649,0.503496503497,2.05382127221,0.551025219373,7,3.72727272727,2.05382127221,7,0,0,0,0,0.22962962963,11,11,11,1,0,0.0909090909091,0.636363636364,0.272727272727,11,18,0.163636363636,3.11363636364,3.27272727273,1.8,2.25,1.42062726223,0.434080552347,0.227272727273,0.924416277737,0.564921058617,0.292929292929,1.68954001271,1.03249667443,0.525252525253,1.14353419474,0.367266456706,3.875,3.11363636364,1.14353419474,3.875,0.366666666667,0.266666666667,4,0.0242424242424,0.221111111111,11,11,11,1,0,0.0909090909091,0.636363636364,0.272727272727,-2,-0.0181818181818,0.0702479338843,-0.363636363636,-0.2,-0.25,-0.268912750482,-0.030542951148,-0.0181818181818,-0.243332138505,-0.0773405703161,-0.0434343434343,-0.250469359339,-0.0345084801933,-0.0111111111111,0.0866354202056,0.0199894662943,0.329545454545,0.0702479338843,0.0866354202056,0.329545454545,-0.132380952381,-0.133333333333,-4,-0.0242424242424,-0.0344444444444,0,0,0,18,0,2,90,0.9,1,0,0.1,1,0.9,0.947368421053,0.938314863257,0.9,0.9,5,7,0,0,0,0
1389,WLNM_dir_neg,0.775510204082,0.52929197995,00:00:00,10,40,5,1174695154,threshold_sweep,0.3,1,0.714285714286,0.833333333333,5,0,2,14,0.714285714286,1,0,0.285714285714,1,0.714285714286,0.833333333333,0.904761904762,0.587301587302,0.769230769231,0.790569415042,0.714285714286,20,13,7,0,20,0,13,0,7,11,20,0.181818181818,3.04338842975,3.63636363636,2,2.5,1.68954001271,0.464623503495,0.245454545455,1.16774841624,0.642261628933,0.336363636364,1.94000937205,1.06700515463,0.536363636364,1.05689877454,0.347276990411,3.54545454545,3.04338842975,1.05689877454,3.54545454545,0.499047619048,0.4,8,0.0484848484848,0.255555555556,11,11,11,1,0,0.0909090909091,0.636363636364,0.272727272727,11,0.118181818182,3.72727272727,2.36363636364,1.3,1.625,1.43336856898,0.6064251638,0.286713286713,0.603022689156,0.510249967747,0.237762237762,1.40129809949,1.18571377649,0.503496503497,2.05382127221,0.551025219373,7,3.72727272727,2.05382127221,7,0,0,0,0,0.22962962963,11,11,11,1,0,0.0909090909091,0.636363636364,0.272727272727,11,18,0.163636363636,3.11363636364,3.27272727273,1.8,2.25,1.42062726223,0.434080552347,0.227272727273,0.924416277737,0.564921058617,0.292929292929,1.68954001271,1.03249667443,0.525252525253,1.14353419474,0.367266456706,3.875,3.11363636364,1.14353419474,3.875,0.366666666667,0.266666666667,4,0.0242424242424,0.221111111111,11,11,11,1,0,0.0909090909091,0.636363636364,0.272727272727,-2,-0.0181818181818,0.0702479338843,-0.363636363636,-0.2,-0.25,-0.268912750482,-0.030542951148,-0.0181818181818,-0.243332138505,-0.0773405703161,-0.0434343434343,-0.250469359339,-0.0345084801933,-0.0111111111111,0.0866354202056,0.0199894662943,0.329545454545,0.0702479338843,0.0866354202056,0.329545454545,-0.132380952381,-0.133333333333,-4,-0.0242424242424,-0.0344444444444,0,0,0,18,0,2,90,0.9,1,0,0.1,1,0.9,0.947368421053,0.938314863257,0.9,0.9,5,7,0,0,0,0
1390,WLNM_dir_neg,0.775510204082,0.52929197995,00:00:00,10,40,5,1174695154,threshold_sweep,0.4,1,0.714285714286,0.833333333333,5,0,2,14,0.714285714286,1,0,0.285714285714,1,0.714285714286,0.833333333333,0.904761904762,0.587301587302,0.769230769231,0.790569415042,0.714285714286,20,13,7,0,20,0,13,0,7,11,20,0.181818181818,3.04338842975,3.63636363636,2,2.5,1.68954001271,0.464623503495,0.245454545455,1.16774841624,0.642261628933,0.336363636364,1.94000937205,1.06700515463,0.536363636364,1.05689877454,0.347276990411,3.54545454545,3.04338842975,1.05689877454,3.54545454545,0.499047619048,0.4,8,0.0484848484848,0.255555555556,11,11,11,1,0,0.0909090909091,0.636363636364,0.272727272727,11,0.118181818182,3.72727272727,2.36363636364,1.3,1.625,1.43336856898,0.6064251638,0.286713286713,0.603022689156,0.510249967747,0.237762237762,1.40129809949,1.18571377649,0.503496503497,2.05382127221,0.551025219373,7,3.72727272727,2.05382127221,7,0,0,0,0,0.22962962963,11,11,11,1,0,0.0909090909091,0.636363636364,0.272727272727,11,18,0.163636363636,3.11363636364,3.27272727273,1.8,2.25,1.42062726223,0.434080552347,0.227272727273,0.924416277737,0.564921058617,0.292929292929,1.68954001271,1.03249667443,0.525252525253,1.14353419474,0.367266456706,3.875,3.11363636364,1.14353419474,3.875,0.366666666667,0.266666666667,4,0.0242424242424,0.221111111111,11,11,11,1,0,0.0909090909091,0.636363636364,0.272727272727,-2,-0.0181818181818,0.0702479338843,-0.363636363636,-0.2,-0.25,-0.268912750482,-0.030542951148,-0.0181818181818,-0.243332138505,-0.0773405703161,-0.0434343434343,-0.250469359339,-0.0345084801933,-0.0111111111111,0.0866354202056,0.0199894662943,0.329545454545,0.0702479338843,0.0866354202056,0.329545454545,-0.132380952381,-0.133333333333,-4,-0.0242424242424,-0.0344444444444,0,0,0,18,0,2,90,0.9,1,0,0.1,1,0.9,0.947368421053,0.938314863257,0.9,0.9,5,7,0,0,0,0
1391,WLNM_dir_neg,0.775510204082,0.52929197995,00:00:00,10,40,5,1174695154,threshold_sweep,0.5,1,0.714285714286,0.833333333333,5,0,2,14,0.714285714286,1,0,0.285714285714,1,0.714285714286,0.833333333333,0.904761904762,0.587301587302,0.769230769231,0.790569415042,0.714285714286,20,13,7,0,20,0,13,0,7,11,20,0.181818181818,3.04338842975,3.63636363636,2,2.5,1.68954001271,0.464623503495,0.245454545455,1.16774841624,0.642261628933,0.336363636364,1.94000937205,1.06700515463,0.536363636364,1.05689877454,0.347276990411,3.54545454545,3.04338842975,1.05689877454,3.54545454545,0.499047619048,0.4,8,0.0484848484848,0.255555555556,11,11,11,1,0,0.0909090909091,0.636363636364,0.272727272727,11,0.118181818182,3.72727272727,2.36363636364,1.3,1.625,1.43336856898,0.6064251638,0.286713286713,0.603022689156,0.510249967747,0.237762237762,1.40129809949,1.18571377649,0.503496503497,2.05382127221,0.551025219373,7,3.72727272727,2.05382127221,7,0,0,0,0,0.22962962963,11,11,11,1,0,0.0909090909091,0.636363636364,0.272727272727,11,18,0.163636363636,3.11363636364,3.27272727273,1.8,2.25,1.42062726223,0.434080552347,0.227272727273,0.924416277737,0.564921058617,0.292929292929,1.68954001271,1.03249667443,0.525252525253,1.14353419474,0.367266456706,3.875,3.11363636364,1.14353419474,3.875,0.366666666667,0.266666666667,4,0.0242424242424,0.221111111111,11,11,11,1,0,0.0909090909091,0.636363636364,0.272727272727,-2,-0.0181818181818,0.0702479338843,-0.363636363636,-0.2,-0.25,-0.268912750482,-0.030542951148,-0.0181818181818,-0.243332138505,-0.0773405703161,-0.0434343434343,-0.250469359339,-0.0345084801933,-0.0111111111111,0.0866354202056,0.0199894662943,0.329545454545,0.0702479338843,0.0866354202056,0.329545454545,-0.132380952381,-0.133333333333,-4,-0.0242424242424,-0.0344444444444,0,0,0,18,0,2,90,0.9,1,0,0.1,1,0.9,0.947368421053,0.938314863257,0.9,0.9,5,7,0,0,0,0
1392,WLNM_dir_neg,0.775510204082,0.52929197995,00:00:00,10,40,5,1174695154,threshold_sweep,0.6,1,0.714285714286,0.833333333333,5,0,2,14,0.714285714286,1,0,0.285714285714,1,0.714285714286,0.833333333333,0.904761904762,0.587301587302,0.769230769231,0.790569415042,0.714285714286,20,13,7,0,20,0,13,0,7,11,20,0.181818181818,3.04338842975,3.63636363636,2,2.5,1.68954001271,0.464623503495,0.245454545455,1.16774841624,0.642261628933,0.336363636364,1.94000937205,1.06700515463,0.536363636364,1.05689877454,0.347276990411,3.54545454545,3.04338842975,1.05689877454,3.54545454545,0.499047619048,0.4,8,0.0484848484848,0.255555555556,11,11,11,1,0,0.0909090909091,0.636363636364,0.272727272727,11,0.118181818182,3.72727272727,2.36363636364,1.3,1.625,1.43336856898,0.6064251638,0.286713286713,0.603022689156,0.510249967747,0.237762237762,1.40129809949,1.18571377649,0.503496503497,2.05382127221,0.551025219373,7,3.72727272727,2.05382127221,7,0,0,0,0,0.22962962963,11,11,11,1,0,0.0909090909091,0.636363636364,0.272727272727,11,18,0.163636363636,3.11363636364,3.27272727273,1.8,2.25,1.42062726223,0.434080552347,0.227272727273,0.924416277737,0.564921058617,0.292929292929,1.68954001271,1.03249667443,0.525252525253,1.14353419474,0.367266456706,3.875,3.11363636364,1.14353419474,3.875,0.366666666667,0.266666666667,4,0.0242424242424,0.221111111111,11,11,11,1,0,0.0909090909091,0.636363636364,0.272727272727,-2,-0.0181818181818,0.0702479338843,-0.363636363636,-0.2,-0.25,-0.268912750482,-0.030542951148,-0.0181818181818,-0.243332138505,-0.0773405703161,-0.0434343434343,-0.250469359339,-0.0345084801933,-0.0111111111111,0.0866354202056,0.0199894662943,0.329545454545,0.0702479338843,0.0866354202056,0.329545454545,-0.132380952381,-0.133333333333,-4,-0.0242424242424,-0.0344444444444,0,0,0,18,0,2,90,0.9,1,0,0.1,1,0.9,0.947368421053,0.938314863257,0.9,0.9,5,7,0,0,0,0
1393,WLNM_dir_neg,0.775510204082,0.52929197995,00:00:00,10,40,5,1174695154,threshold_sweep,0.7,1,0.714285714286,0.833333333333,5,0,2,14,0.714285714286,1,0,0.285714285714,1,0.714285714286,0.833333333333,0.904761904762,0.587301587302,0.769230769231,0.790569415042,0.714285714286,20,13,7,0,20,0,13,0,7,11,20,0.181818181818,3.04338842975,3.63636363636,2,2.5,1.68954001271,0.464623503495,0.245454545455,1.16774841624,0.642261628933,0.336363636364,1.94000937205,1.06700515463,0.536363636364,1.05689877454,0.347276990411,3.54545454545,3.04338842975,1.05689877454,3.54545454545,0.499047619048,0.4,8,0.0484848484848,0.255555555556,11,11,11,1,0,0.0909090909091,0.636363636364,0.272727272727,11,0.118181818182,3.72727272727,2.36363636364,1.3,1.625,1.43336856898,0.6064251638,0.286713286713,0.603022689156,0.510249967747,0.237762237762,1.40129809949,1.18571377649,0.503496503497,2.05382127221,0.551025219373,7,3.72727272727,2.05382127221,7,0,0,0,0,0.22962962963,11,11,11,1,0,0.0909090909091,0.636363636364,0.272727272727,11,18,0.163636363636,3.11363636364,3.27272727273,1.8,2.25,1.42062726223,0.434080552347,0.227272727273,0.924416277737,0.564921058617,0.292929292929,1.68954001271,1.03249667443,0.525252525253,1.14353419474,0.367266456706,3.875,3.11363636364,1.14353419474,3.875,0.366666666667,0.266666666667,4,0.0242424242424,0.221111111111,11,11,11,1,0,0.0909090909091,0.636363636364,0.272727272727,-2,-0.0181818181818,0.0702479338843,-0.363636363636,-0.2,-0.25,-0.268912750482,-0.030542951148,-0.0181818181818,-0.243332138505,-0.0773405703161,-0.0434343434343,-0.250469359339,-0.0345084801933,-0.0111111111111,0.0866354202056,0.0199894662943,0.329545454545,0.0702479338843,0.0866354202056,0.329545454545,-0.132380952381,-0.133333333333,-4,-0.0242424242424,-0.0344444444444,0,0,0,18,0,2,90,0.9,1,0,0.1,1,0.9,0.947368421053,0.938314863257,0.9,0.9,5,7,0,0,0,0
1394,WLNM_dir_neg,0.775510204082,0.52929197995,00:00:00,10,40,5,1174695154,threshold_sweep,0.8,1,0.714285714286,0.833333333333,5,0,2,14,0.714285714286,1,0,0.285714285714,1,0.714285714286,0.833333333333,0.904761904762,0.587301587302,0.769230769231,0.790569415042,0.714285714286,20,13,7,0,20,0,13,0,7,11,20,0.181818181818,3.04338842975,3.63636363636,2,2.5,1.68954001271,0.464623503495,0.245454545455,1.16774841624,0.642261628933,0.336363636364,1.94000937205,1.06700515463,0.536363636364,1.05689877454,0.347276990411,3.54545454545,3.04338842975,1.05689877454,3.54545454545,0.499047619048,0.4,8,0.0484848484848,0.255555555556,11,11,11,1,0,0.0909090909091,0.636363636364,0.272727272727,11,0.118181818182,3.72727272727,2.36363636364,1.3,1.625,1.43336856898,0.6064251638,0.286713286713,0.603022689156,0.510249967747,0.237762237762,1.40129809949,1.18571377649,0.503496503497,2.05382127221,0.551025219373,7,3.72727272727,2.05382127221,7,0,0,0,0,0.22962962963,11,11,11,1,0,0.0909090909091,0.636363636364,0.272727272727,11,18,0.163636363636,3.11363636364,3.27272727273,1.8,2.25,1.42062726223,0.434080552347,0.227272727273,0.924416277737,0.564921058617,0.292929292929,1.68954001271,1.03249667443,0.525252525253,1.14353419474,0.367266456706,3.875,3.11363636364,1.14353419474,3.875,0.366666666667,0.266666666667,4,0.0242424242424,0.221111111111,11,11,11,1,0,0.0909090909091,0.636363636364,0.272727272727,-2,-0.0181818181818,0.0702479338843,-0.363636363636,-0.2,-0.25,-0.268912750482,-0.030542951148,-0.0181818181818,-0.243332138505,-0.0773405703161,-0.0434343434343,-0.250469359339,-0.0345084801933,-0.0111111111111,0.0866354202056,0.0199894662943,0.329545454545,0.0702479338843,0.0866354202056,0.329545454545,-0.132380952381,-0.133333333333,-4,-0.0242424242424,-0.0344444444444,0,0,0,18,0,2,90,0.9,1,0,0.1,1,0.9,0.947368421053,0.938314863257,0.9,0.9,5,7,0,0,0,0
1395,WLNM_dir_neg,0.775510204082,0.52929197995,00:00:00,10,40,5,1174695154,threshold_sweep,0.9,1,0.714285714286,0.833333333333,5,0,2,14,0.714285714286,1,0,0.285714285714,1,0.714285714286,0.833333333333,0.904761904762,0.587301587302,0.769230769231,0.790569415042,0.714285714286,20,13,7,0,20,0,13,0,7,11,20,0.181818181818,3.04338842975,3.63636363636,2,2.5,1.68954001271,0.464623503495,0.245454545455,1.16774841624,0.642261628933,0.336363636364,1.94000937205,1.06700515463,0.536363636364,1.05689877454,0.347276990411,3.54545454545,3.04338842975,1.05689877454,3.54545454545,0.499047619048,0.4,8,0.0484848484848,0.255555555556,11,11,11,1,0,0.0909090909091,0.636363636364,0.272727272727,11,0.118181818182,3.72727272727,2.36363636364,1.3,1.625,1.43336856898,0.6064251638,0.286713286713,0.603022689156,0.510249967747,0.237762237762,1.40129809949,1.18571377649,0.503496503497,2.05382127221,0.551025219373,7,3.72727272727,2.05382127221,7,0,0,0,0,0.22962962963,11,11,11,1,0,0.0909090909091,0.636363636364,0.272727272727,11,18,0.163636363636,3.11363636364,3.27272727273,1.8,2.25,1.42062726223,0.434080552347,0.227272727273,0.924416277737,0.564921058617,0.292929292929,1.68954001271,1.03249667443,0.525252525253,1.14353419474,0.367266456706,3.875,3.11363636364,1.14353419474,3.875,0.366666666667,0.266666666667,4,0.0242424242424,0.221111111111,11,11,11,1,0,0.0909090909091,0.636363636364,0.272727272727,-2,-0.0181818181818,0.0702479338843,-0.363636363636,-0.2,-0.25,-0.268912750482,-0.030542951148,-0.0181818181818,-0.243332138505,-0.0773405703161,-0.0434343434343,-0.250469359339,-0.0345084801933,-0.0111111111111,0.0866354202056,0.0199894662943,0.329545454545,0.0702479338843,0.0866354202056,0.329545454545,-0.132380952381,-0.133333333333,-4,-0.0242424242424,-0.0344444444444,0,0,0,18,0,2,90,0.9,1,0,0.1,1,0.9,0.947368421053,0.938314863257,0.9,0.9,5,7,0,0,0,0
1396,WLNM_dir_neg,0.918367346939,0.74227994228,00:00:00,10,40,6,1174695155,threshold_sweep,0.1,0.714285714286,0.714285714286,0.714285714286,5,2,2,12,0.714285714286,0.857142857143,0.142857142857,0.285714285714,0.714285714286,0.714285714286,0.714285714286,0.809523809524,0.555555555556,0.571428571429,0.571428571429,0.571428571429,20,13,7,0,20,0,13,0,7,11,20,0.181818181818,3.04338842975,3.63636363636,2,2.5,1.68954001271,0.464623503495,0.245454545455,1.16774841624,0.642261628933,0.336363636364,1.94000937205,1.06700515463,0.536363636364,1.05689877454,0.347276990411,3.54545454545,3.04338842975,1.05689877454,3.54545454545,0.499047619048,0.4,8,0.0484848484848,0.255555555556,11,11,11,1,0,0.0909090909091,0.636363636364,0.272727272727,11,0.118181818182,3.72727272727,2.36363636364,1.3,1.625,1.43336856898,0.6064251638,0.286713286713,0.603022689156,0.510249967747,0.237762237762,1.40129809949,1.18571377649,0.503496503497,2.05382127221,0.551025219373,7,3.72727272727,2.05382127221,7,0,0,0,0,0.22962962963,11,11,11,1,0,0.0909090909091,0.636363636364,0.272727272727,11,20,0.181818181818,4.77651515152,3.63636363636,2,2.5,1.74772579501,0.480624593628,0.245454545455,0.981649817214,0.539907399468,0.281818181818,1.83402190926,1.00871205009,0.518181818182,1.70856428594,0.357701008317,5.875,4.77651515152,1.70856428594,5.875,0.41,0.3,5,0.030303030303,0.24037037037,11,11,11,1,0,0.0909090909091,0.636363636364,0.272727272727,0,0,1.73312672176,0,0,0,0.0581857823014,0.0160010901329,0,-0.186098599028,-0.102354229466,-0.0545454545455,-0.105987462791,-0.0582931045351,-0.0181818181818,0.651665511404,0.0104240179062,2.32954545455,1.73312672176,0.651665511404,2.32954545455,-0.0890476190476,-0.1,-3,-0.0181818181818,-0.0151851851852,0,0,0,18,2,2,88,0.9,0.977777777778,0.0222222222222,0.1,0.9,0.9,0.9,0.877777777778,0.877777777778,0.818181818182,7,7,0,0,0,0
1397,WLNM_dir_neg,0.918367346939,0.74227994228,00:00:00,10,40,6,1174695155,threshold_sweep,0.2,0.714285714286,0.714285714286,0.714285714286,5,2,2,12,0.714285714286,0.857142857143,0.142857142857,0.285714285714,0.714285714286,0.714285714286,0.714285714286,0.809523809524,0.555555555556,0.571428571429,0.571428571429,0.571428571429,20,13,7,0,20,0,13,0,7,11,20,0.181818181818,3.04338842975,3.63636363636,2,2.5,1.68954001271,0.464623503495,0.245454545455,1.16774841624,0.642261628933,0.336363636364,1.94000937205,1.06700515463,0.536363636364,1.05689877454,0.347276990411,3.54545454545,3.04338842975,1.05689877454,3.54545454545,0.499047619048,0.4,8,0.0484848484848,0.255555555556,11,11,11,1,0,0.0909090909091,0.636363636364,0.272727272727,11,0.118181818182,3.72727272727,2.36363636364,1.3,1.625,1.43336856898,0.6064251638,0.286713286713,0.603022689156,0.510249967747,0.237762237762,1.40129809949,1.18571377649,0.503496503497,2.05382127221,0.551025219373,7,3.72727272727,2.05382127221,7,0,0,0,0,0.22962962963,11,11,11,1,0,0.0909090909091,0.636363636364,0.272727272727,11,20,0.181818181818,4.77651515152,3.63636363636,2,2.5,1.74772579501,0.480624593628,0.245454545455,0.981649817214,0.539907399468,0.281818181818,1.83402190926,1.00871205009,0.518181818182,1.70856428594,0.357701008317,5.875,4.77651515152,1.70856428594,5.875,0.41,0.3,5,0.030303030303,0.24037037037,11,11,11,1,0,0.0909090909091,0.636363636364,0.272727272727,0,0,1.73312672176,0,0,0,0.0581857823014,0.0160010901329,0,-0.186098599028,-0.102354229466,-0.0545454545455,-0.105987462791,-0.0582931045351,-0.0181818181818,0.651665511404,0.0104240179062,2.32954545455,1.73312672176,0.651665511404,2.32954545455,-0.0890476190476,-0.1,-3,-0.0181818181818,-0.0151851851852,0,0,0,18,2,2,88,0.9,0.977777777778,0.0222222222222,0.1,0.9,0.9,0.9,0.877777777778,0.877777777778,0.818181818182,7,7,0,0,0,0
1398,WLNM_dir_neg,0.918367346939,0.74227994228,00:00:00,10,40,6,1174695155,threshold_sweep,0.3,0.714285714286,0.714285714286,0.714285714286,5,2,2,12,0.714285714286,0.857142857143,0.142857142857,0.285714285714,0.714285714286,0.714285714286,0.714285714286,0.809523809524,0.555555555556,0.571428571429,0.571428571429,0.571428571429,20,13,7,0,20,0,13,0,7,11,20,0.181818181818,3.04338842975,3.63636363636,2,2.5,1.68954001271,0.464623503495,0.245454545455,1.16774841624,0.642261628933,0.336363636364,1.94000937205,1.06700515463,0.536363636364,1.05689877454,0.347276990411,3.54545454545,3.04338842975,1.05689877454,3.54545454545,0.499047619048,0.4,8,0.0484848484848,0.255555555556,11,11,11,1,0,0.0909090909091,0.636363636364,0.272727272727,11,0.118181818182,3.72727272727,2.36363636364,1.3,1.625,1.43336856898,0.6064251638,0.286713286713,0.603022689156,0.510249967747,0.237762237762,1.40129809949,1.18571377649,0.503496503497,2.05382127221,0.551025219373,7,3.72727272727,2.05382127221,7,0,0,0,0,0.22962962963,11,11,11,1,0,0.0909090909091,0.636363636364,0.272727272727,11,20,0.181818181818,4.77651515152,3.63636363636,2,2.5,1.74772579501,0.480624593628,0.245454545455,0.981649817214,0.539907399468,0.281818181818,1.83402190926,1.00871205009,0.518181818182,1.70856428594,0.357701008317,5.875,4.77651515152,1.70856428594,5.875,0.41,0.3,5,0.030303030303,0.24037037037,11,11,11,1,0,0.0909090909091,0.636363636364,0.272727272727,0,0,1.73312672176,0,0,0,0.0581857823014,0.0160010901329,0,-0.186098599028,-0.102354229466,-0.0545454545455,-0.105987462791,-0.0582931045351,-0.0181818181818,0.651665511404,0.0104240179062,2.32954545455,1.73312672176,0.651665511404,2.32954545455,-0.0890476190476,-0.1,-3,-0.0181818181818,-0.0151851851852,0,0,0,18,2,2,88,0.9,0.977777777778,0.0222222222222,0.1,0.9,0.9,0.9,0.877777777778,0.877777777778,0.818181818182,7,7,0,0,0,0
1399,WLNM_dir_neg,0.918367346939,0.74227994228,00:00:00,10,40,6,1174695155,threshold_sweep,0.4,0.833333333333,0.714285714286,0.769230769231,5,1,2,13,0.714285714286,0.928571428571,0.0714285714286,0.285714285714,0.833333333333,0.714285714286,0.769230769231,0.857142857143,0.571428571429,0.666666666667,0.67082039325,0.642857142857,20,13,7,0,20,0,13,0,7,11,20,0.181818181818,3.04338842975,3.63636363636,2,2.5,1.68954001271,0.464623503495,0.245454545455,1.16774841624,0.642261628933,0.336363636364,1.94000937205,1.06700515463,0.536363636364,1.05689877454,0.347276990411,3.54545454545,3.04338842975,1.05689877454,3.54545454545,0.499047619048,0.4,8,0.0484848484848,0.255555555556,11,11,11,1,0,0.0909090909091,0.636363636364,0.272727272727,11,0.118181818182,3.72727272727,2.36363636364,1.3,1.625,1.43336856898,0.6064251638,0.286713286713,0.603022689156,0.510249967747,0.237762237762,1.40129809949,1.18571377649,0.503496503497,2.05382127221,0.551025219373,7,3.72727272727,2.05382127221,7,0,0,0,0,0.22962962963,11,11,11,1,0,0.0909090909091,0.636363636364,0.272727272727,11,19,0.172727272727,3.17045454545,3.45454545455,1.9,2.375,1.43969693781,0.416754376733,0.215311004785,1.00904995822,0.584186817916,0.306220095694,1.67874411933,0.971904490138,0.507177033493,1.19278131807,0.376217763404,3.875,3.17045454545,1.19278131807,3.875,0.41,0.3,5,0.030303030303,0.223703703704,11,11,11,1,0,0.0909090909091,0.636363636364,0.272727272727,-1,-0.00909090909091,0.127066115702,-0.181818181818,-0.1,-0.125,-0.249843074903,-0.0478691267618,-0.0301435406699,-0.158698458023,-0.058074811017,-0.0301435406699,-0.26126525272,-0.0951006644889,-0.0291866028708,0.135882543529,0.028940772993,0.329545454545,0.127066115702,0.135882543529,0.329545454545,-0.0890476190476,-0.1,-3,-0.0181818181818,-0.0318518518519,0,0,0,18,1,2,89,0.9,0.988888888889,0.0111111111111,0.1,0.947368421053,0.9,0.923076923077,0.906956031802,0.888888888889,0.857142857143,6,7,0,0,0,0
1400,WLNM_dir_neg,0.918367346939,0.74227994228,00:00:00,10,40,6,1174695155,threshold_sweep,0.5,1,0.714285714286,0.833333333333,5,0,2,14,0.714285714286,1,0,0.285714285714,1,0.714285714286,0.833333333333,0.904761904762,0.587301587302,0.769230769231,0.790569415042,0.714285714286,20,13,7,0,20,0,13,0,7,11,20,0.181818181818,3.04338842975,3.63636363636,2,2.5,1.68954001271,0.464623503495,0.245454545455,1.16774841624,0.642261628933,0.336363636364,1.94000937205,1.06700515463,0.536363636364,1.05689877454,0.347276990411,3.54545454545,3.04338842975,1.05689877454,3.54545454545,0.499047619048,0.4,8,0.0484848484848,0.255555555556,11,11,11,1,0,0.0909090909091,0.636363636364,0.272727272727,11,0.118181818182,3.72727272727,2.36363636364,1.3,1.625,1.43336856898,0.6064251638,0.286713286713,0.603022689156,0.510249967747,0.237762237762,1.40129809949,1.18571377649,0.503496503497,2.05382127221,0.551025219373,7,3.72727272727,2.05382127221,7,0,0,0,0,0.22962962963,11,11,11,1,0,0.0909090909091,0.636363636364,0.272727272727,11,18,0.163636363636,3.11363636364,3.27272727273,1.8,2.25,1.42062726223,0.434080552347,0.227272727273,0.924416277737,0.564921058617,0.292929292929,1.68954001271,1.03249667443,0.525252525253,1.14353419474,0.367266456706,3.875,3.11363636364,1.14353419474,3.875,0.366666666667,0.266666666667,4,0.0242424242424,0.221111111111,11,11,11,1,0,0.0909090909091,0.636363636364,0.272727272727,-2,-0.0181818181818,0.0702479338843,-0.363636363636,-0.2,-0.25,-0.268912750482,-0.030542951148,-0.0181818181818,-0.243332138505,-0.0773405703161,-0.0434343434343,-0.250469359339,-0.0345084801933,-0.0111111111111,0.0866354202056,0.0199894662943,0.329545454545,0.0702479338843,0.0866354202056,0.329545454545,-0.132380952381,-0.133333333333,-4,-0.0242424242424,-0.0344444444444,0,0,0,18,0,2,90,0.9,1,0,0.1,1,0.9,0.947368421053,0.938314863257,0.9,0.9,5,7,0,0,0,0
1401,WLNM_dir_neg,0.918367346939,0.74227994228,00:00:00,10,40,6,1174695155,threshold_sweep,0.6,1,0.571428571429,0.727272727273,4,0,3,14,0.571428571429,1,0,0.428571428571,1,0.571428571429,0.727272727273,0.857142857143,0.603174603175,0.64,0.68599434057,0.571428571429,20,13,7,0,20,0,13,0,7,11,20,0.181818181818,3.04338842975,3.63636363636,2,2.5,1.68954001271,0.464623503495,0.245454545455,1.16774841624,0.642261628933,0.336363636364,1.94000937205,1.06700515463,0.536363636364,1.05689877454,0.347276990411,3.54545454545,3.04338842975,1.05689877454,3.54545454545,0.499047619048,0.4,8,0.0484848484848,0.255555555556,11,11,11,1,0,0.0909090909091,0.636363636364,0.272727272727,11,0.118181818182,3.72727272727,2.36363636364,1.3,1.625,1.43336856898,0.6064251638,0.286713286713,0.603022689156,0.510249967747,0.237762237762,1.40129809949,1.18571377649,0.503496503497,2.05382127221,0.551025219373,7,3.72727272727,2.05382127221,7,0,0,0,0,0.22962962963,11,11,11,1,0,0.0909090909091,0.636363636364,0.272727272727,11,17,0.154545454545,3.17727272727,3.09090909091,1.7,2.125,1.30034960334,0.420701342257,0.208556149733,0.820199532265,0.530717344407,0.267379679144,1.57249078621,1.01749403814,0.513368983957,1.2536673475,0.394573414091,4.4,3.17727272727,1.2536673475,4.4,0.213333333333,0.153846153846,2,0.0121212121212,0.205555555556,11,11,11,1,0,0.0909090909091,0.636363636364,0.272727272727,-3,-0.0272727272727,0.133884297521,-0.545454545455,-0.3,-0.375,-0.389190409368,-0.0439221612377,-0.0368983957219,-0.347548883978,-0.111544284527,-0.0689839572193,-0.367518585835,-0.0495111164884,-0.0229946524064,0.196768572961,0.0472964236795,0.854545454545,0.133884297521,0.196768572961,0.854545454545,-0.285714285714,-0.246153846154,-6,-0.0363636363636,-0.05,0,0,0,17,0,3,90,0.85,1,0,0.15,1,0.85,0.918918918919,0.906962317388,0.85,0.85,4,7,0,0,0,0
1402,WLNM_dir_neg,0.918367346939,0.74227994228,00:00:00,10,40,6,1174695155,threshold_sweep,0.7,1,0.571428571429,0.727272727273,4,0,3,14,0.571428571429,1,0,0.428571428571,1,0.571428571429,0.727272727273,0.857142857143,0.603174603175,0.64,0.68599434057,0.571428571429,20,13,7,0,20,0,13,0,7,11,20,0.181818181818,3.04338842975,3.63636363636,2,2.5,1.68954001271,0.464623503495,0.245454545455,1.16774841624,0.642261628933,0.336363636364,1.94000937205,1.06700515463,0.536363636364,1.05689877454,0.347276990411,3.54545454545,3.04338842975,1.05689877454,3.54545454545,0.499047619048,0.4,8,0.0484848484848,0.255555555556,11,11,11,1,0,0.0909090909091,0.636363636364,0.272727272727,11,0.118181818182,3.72727272727,2.36363636364,1.3,1.625,1.43336856898,0.6064251638,0.286713286713,0.603022689156,0.510249967747,0.237762237762,1.40129809949,1.18571377649,0.503496503497,2.05382127221,0.551025219373,7,3.72727272727,2.05382127221,7,0,0,0,0,0.22962962963,11,11,11,1,0,0.0909090909091,0.636363636364,0.272727272727,11,17,0.154545454545,3.17727272727,3.09090909091,1.7,2.125,1.30034960334,0.420701342257,0.208556149733,0.820199532265,0.530717344407,0.267379679144,1.57249078621,1.01749403814,0.513368983957,1.2536673475,0.394573414091,4.4,3.17727272727,1.2536673475,4.4,0.213333333333,0.153846153846,2,0.0121212121212,0.205555555556,11,11,11,1,0,0.0909090909091,0.636363636364,0.272727272727,-3,-0.0272727272727,0.133884297521,-0.545454545455,-0.3,-0.375,-0.389190409368,-0.0439221612377,-0.0368983957219,-0.347548883978,-0.111544284527,-0.0689839572193,-0.367518585835,-0.0495111164884,-0.0229946524064,0.196768572961,0.0472964236795,0.854545454545,0.133884297521,0.196768572961,0.854545454545,-0.285714285714,-0.246153846154,-6,-0.0363636363636,-0.05,0,0,0,17,0,3,90,0.85,1,0,0.15,1,0.85,0.918918918919,0.906962317388,0.85,0.85,4,7,0,0,0,0
1403,WLNM_dir_neg,0.918367346939,0.74227994228,00:00:00,10,40,6,1174695155,threshold_sweep,0.8,1,0.571428571429,0.727272727273,4,0,3,14,0.571428571429,1,0,0.428571428571,1,0.571428571429,0.727272727273,0.857142857143,0.603174603175,0.64,0.68599434057,0.571428571429,20,13,7,0,20,0,13,0,7,11,20,0.181818181818,3.04338842975,3.63636363636,2,2.5,1.68954001271,0.464623503495,0.245454545455,1.16774841624,0.642261628933,0.336363636364,1.94000937205,1.06700515463,0.536363636364,1.05689877454,0.347276990411,3.54545454545,3.04338842975,1.05689877454,3.54545454545,0.499047619048,0.4,8,0.0484848484848,0.255555555556,11,11,11,1,0,0.0909090909091,0.636363636364,0.272727272727,11,0.118181818182,3.72727272727,2.36363636364,1.3,1.625,1.43336856898,0.6064251638,0.286713286713,0.603022689156,0.510249967747,0.237762237762,1.40129809949,1.18571377649,0.503496503497,2.05382127221,0.551025219373,7,3.72727272727,2.05382127221,7,0,0,0,0,0.22962962963,11,11,11,1,0,0.0909090909091,0.636363636364,0.272727272727,11,17,0.154545454545,3.17727272727,3.09090909091,1.7,2.125,1.30034960334,0.420701342257,0.208556149733,0.820199532265,0.530717344407,0.267379679144,1.57249078621,1.01749403814,0.513368983957,1.2536673475,0.394573414091,4.4,3.17727272727,1.2536673475,4.4,0.213333333333,0.153846153846,2,0.0121212121212,0.205555555556,11,11,11,1,0,0.0909090909091,0.636363636364,0.272727272727,-3,-0.0272727272727,0.133884297521,-0.545454545455,-0.3,-0.375,-0.389190409368,-0.0439221612377,-0.0368983957219,-0.347548883978,-0.111544284527,-0.0689839572193,-0.367518585835,-0.0495111164884,-0.0229946524064,0.196768572961,0.0472964236795,0.854545454545,0.133884297521,0.196768572961,0.854545454545,-0.285714285714,-0.246153846154,-6,-0.0363636363636,-0.05,0,0,0,17,0,3,90,0.85,1,0,0.15,1,0.85,0.918918918919,0.906962317388,0.85,0.85,4,7,0,0,0,0
1404,WLNM_dir_neg,0.918367346939,0.74227994228,00:00:00,10,40,6,1174695155,threshold_sweep,0.9,1,0.571428571429,0.727272727273,4,0,3,14,0.571428571429,1,0,0.428571428571,1,0.571428571429,0.727272727273,0.857142857143,0.603174603175,0.64,0.68599434057,0.571428571429,20,13,7,0,20,0,13,0,7,11,20,0.181818181818,3.04338842975,3.63636363636,2,2.5,1.68954001271,0.464623503495,0.245454545455,1.16774841624,0.642261628933,0.336363636364,1.94000937205,1.06700515463,0.536363636364,1.05689877454,0.347276990411,3.54545454545,3.04338842975,1.05689877454,3.54545454545,0.499047619048,0.4,8,0.0484848484848,0.255555555556,11,11,11,1,0,0.0909090909091,0.636363636364,0.272727272727,11,0.118181818182,3.72727272727,2.36363636364,1.3,1.625,1.43336856898,0.6064251638,0.286713286713,0.603022689156,0.510249967747,0.237762237762,1.40129809949,1.18571377649,0.503496503497,2.05382127221,0.551025219373,7,3.72727272727,2.05382127221,7,0,0,0,0,0.22962962963,11,11,11,1,0,0.0909090909091,0.636363636364,0.272727272727,11,17,0.154545454545,3.17727272727,3.09090909091,1.7,2.125,1.30034960334,0.420701342257,0.208556149733,0.820199532265,0.530717344407,0.267379679144,1.57249078621,1.01749403814,0.513368983957,1.2536673475,0.394573414091,4.4,3.17727272727,1.2536673475,4.4,0.213333333333,0.153846153846,2,0.0121212121212,0.205555555556,11,11,11,1,0,0.0909090909091,0.636363636364,0.272727272727,-3,-0.0272727272727,0.133884297521,-0.545454545455,-0.3,-0.375,-0.389190409368,-0.0439221612377,-0.0368983957219,-0.347548883978,-0.111544284527,-0.0689839572193,-0.367518585835,-0.0495111164884,-0.0229946524064,0.196768572961,0.0472964236795,0.854545454545,0.133884297521,0.196768572961,0.854545454545,-0.285714285714,-0.246153846154,-6,-0.0363636363636,-0.05,0,0,0,17,0,3,90,0.85,1,0,0.15,1,0.85,0.918918918919,0.906962317388,0.85,0.85,4,7,0,0,0,0
1405,WLNM_dir_neg,0.867346938776,0.710049474335,00:00:00,10,40,7,1174695156,threshold_sweep,0.1,1,0.714285714286,0.833333333333,5,0,2,14,0.714285714286,1,0,0.285714285714,1,0.714285714286,0.833333333333,0.904761904762,0.587301587302,0.769230769231,0.790569415042,0.714285714286,20,13,7,0,20,0,13,0,7,11,20,0.181818181818,3.04338842975,3.63636363636,2,2.5,1.68954001271,0.464623503495,0.245454545455,1.16774841624,0.642261628933,0.336363636364,1.94000937205,1.06700515463,0.536363636364,1.05689877454,0.347276990411,3.54545454545,3.04338842975,1.05689877454,3.54545454545,0.499047619048,0.4,8,0.0484848484848,0.255555555556,11,11,11,1,0,0.0909090909091,0.636363636364,0.272727272727,11,0.118181818182,3.72727272727,2.36363636364,1.3,1.625,1.43336856898,0.6064251638,0.286713286713,0.603022689156,0.510249967747,0.237762237762,1.40129809949,1.18571377649,0.503496503497,2.05382127221,0.551025219373,7,3.72727272727,2.05382127221,7,0,0,0,0,0.22962962963,11,11,11,1,0,0.0909090909091,0.636363636364,0.272727272727,11,18,0.163636363636,3.11363636364,3.27272727273,1.8,2.25,1.42062726223,0.434080552347,0.227272727273,0.924416277737,0.564921058617,0.292929292929,1.68954001271,1.03249667443,0.525252525253,1.14353419474,0.367266456706,3.875,3.11363636364,1.14353419474,3.875,0.366666666667,0.266666666667,4,0.0242424242424,0.221111111111,11,11,11,1,0,0.0909090909091,0.636363636364,0.272727272727,-2,-0.0181818181818,0.0702479338843,-0.363636363636,-0.2,-0.25,-0.268912750482,-0.030542951148,-0.0181818181818,-0.243332138505,-0.0773405703161,-0.0434343434343,-0.250469359339,-0.0345084801933,-0.0111111111111,0.0866354202056,0.0199894662943,0.329545454545,0.0702479338843,0.0866354202056,0.329545454545,-0.132380952381,-0.133333333333,-4,-0.0242424242424,-0.0344444444444,0,0,0,18,0,2,90,0.9,1,0,0.1,1,0.9,0.947368421053,0.938314863257,0.9,0.9,5,7,0,0,0,0
1406,WLNM_dir_neg,0.867346938776,0.710049474335,00:00:00,10,40,7,1174695156,threshold_sweep,0.2,1,0.714285714286,0.833333333333,5,0,2,14,0.714285714286,1,0,0.285714285714,1,0.714285714286,0.833333333333,0.904761904762,0.587301587302,0.769230769231,0.790569415042,0.714285714286,20,13,7,0,20,0,13,0,7,11,20,0.181818181818,3.04338842975,3.63636363636,2,2.5,1.68954001271,0.464623503495,0.245454545455,1.16774841624,0.642261628933,0.336363636364,1.94000937205,1.06700515463,0.536363636364,1.05689877454,0.347276990411,3.54545454545,3.04338842975,1.05689877454,3.54545454545,0.499047619048,0.4,8,0.0484848484848,0.255555555556,11,11,11,1,0,0.0909090909091,0.636363636364,0.272727272727,11,0.118181818182,3.72727272727,2.36363636364,1.3,1.625,1.43336856898,0.6064251638,0.286713286713,0.603022689156,0.510249967747,0.237762237762,1.40129809949,1.18571377649,0.503496503497,2.05382127221,0.551025219373,7,3.72727272727,2.05382127221,7,0,0,0,0,0.22962962963,11,11,11,1,0,0.0909090909091,0.636363636364,0.272727272727,11,18,0.163636363636,3.11363636364,3.27272727273,1.8,2.25,1.42062726223,0.434080552347,0.227272727273,0.924416277737,0.564921058617,0.292929292929,1.68954001271,1.03249667443,0.525252525253,1.14353419474,0.367266456706,3.875,3.11363636364,1.14353419474,3.875,0.366666666667,0.266666666667,4,0.0242424242424,0.221111111111,11,11,11,1,0,0.0909090909091,0.636363636364,0.272727272727,-2,-0.0181818181818,0.0702479338843,-0.363636363636,-0.2,-0.25,-0.268912750482,-0.030542951148,-0.0181818181818,-0.243332138505,-0.0773405703161,-0.0434343434343,-0.250469359339,-0.0345084801933,-0.0111111111111,0.0866354202056,0.0199894662943,0.329545454545,0.0702479338843,0.0866354202056,0.329545454545,-0.132380952381,-0.133333333333,-4,-0.0242424242424,-0.0344444444444,0,0,0,18,0,2,90,0.9,1,0,0.1,1,0.9,0.947368421053,0.938314863257,0.9,0.9,5,7,0,0,0,0
1407,WLNM_dir_neg,0.867346938776,0.710049474335,00:00:00,10,40,7,1174695156,threshold_sweep,0.3,1,0.714285714286,0.833333333333,5,0,2,14,0.714285714286,1,0,0.285714285714,1,0.714285714286,0.833333333333,0.904761904762,0.587301587302,0.769230769231,0.790569415042,0.714285714286,20,13,7,0,20,0,13,0,7,11,20,0.181818181818,3.04338842975,3.63636363636,2,2.5,1.68954001271,0.464623503495,0.245454545455,1.16774841624,0.642261628933,0.336363636364,1.94000937205,1.06700515463,0.536363636364,1.05689877454,0.347276990411,3.54545454545,3.04338842975,1.05689877454,3.54545454545,0.499047619048,0.4,8,0.0484848484848,0.255555555556,11,11,11,1,0,0.0909090909091,0.636363636364,0.272727272727,11,0.118181818182,3.72727272727,2.36363636364,1.3,1.625,1.43336856898,0.6064251638,0.286713286713,0.603022689156,0.510249967747,0.237762237762,1.40129809949,1.18571377649,0.503496503497,2.05382127221,0.551025219373,7,3.72727272727,2.05382127221,7,0,0,0,0,0.22962962963,11,11,11,1,0,0.0909090909091,0.636363636364,0.272727272727,11,18,0.163636363636,3.11363636364,3.27272727273,1.8,2.25,1.42062726223,0.434080552347,0.227272727273,0.924416277737,0.564921058617,0.292929292929,1.68954001271,1.03249667443,0.525252525253,1.14353419474,0.367266456706,3.875,3.11363636364,1.14353419474,3.875,0.366666666667,0.266666666667,4,0.0242424242424,0.221111111111,11,11,11,1,0,0.0909090909091,0.636363636364,0.272727272727,-2,-0.0181818181818,0.0702479338843,-0.363636363636,-0.2,-0.25,-0.268912750482,-0.030542951148,-0.0181818181818,-0.243332138505,-0.0773405703161,-0.0434343434343,-0.250469359339,-0.0345084801933,-0.0111111111111,0.0866354202056,0.0199894662943,0.329545454545,0.0702479338843,0.0866354202056,0.329545454545,-0.132380952381,-0.133333333333,-4,-0.0242424242424,-0.0344444444444,0,0,0,18,0,2,90,0.9,1,0,0.1,1,0.9,0.947368421053,0.938314863257,0.9,0.9,5,7,0,0,0,0
1408,WLNM_dir_neg,0.867346938776,0.710049474335,00:00:00,10,40,7,1174695156,threshold_sweep,0.4,1,0.714285714286,0.833333333333,5,0,2,14,0.714285714286,1,0,0.285714285714,1,0.714285714286,0.833333333333,0.904761904762,0.587301587302,0.769230769231,0.790569415042,0.714285714286,20,13,7,0,20,0,13,0,7,11,20,0.181818181818,3.04338842975,3.63636363636,2,2.5,1.68954001271,0.464623503495,0.245454545455,1.16774841624,0.642261628933,0.336363636364,1.94000937205,1.06700515463,0.536363636364,1.05689877454,0.347276990411,3.54545454545,3.04338842975,1.05689877454,3.54545454545,0.499047619048,0.4,8,0.0484848484848,0.255555555556,11,11,11,1,0,0.0909090909091,0.636363636364,0.272727272727,11,0.118181818182,3.72727272727,2.36363636364,1.3,1.625,1.43336856898,0.6064251638,0.286713286713,0.603022689156,0.510249967747,0.237762237762,1.40129809949,1.18571377649,0.503496503497,2.05382127221,0.551025219373,7,3.72727272727,2.05382127221,7,0,0,0,0,0.22962962963,11,11,11,1,0,0.0909090909091,0.636363636364,0.272727272727,11,18,0.163636363636,3.11363636364,3.27272727273,1.8,2.25,1.42062726223,0.434080552347,0.227272727273,0.924416277737,0.564921058617,0.292929292929,1.68954001271,1.03249667443,0.525252525253,1.14353419474,0.367266456706,3.875,3.11363636364,1.14353419474,3.875,0.366666666667,0.266666666667,4,0.0242424242424,0.221111111111,11,11,11,1,0,0.0909090909091,0.636363636364,0.272727272727,-2,-0.0181818181818,0.0702479338843,-0.363636363636,-0.2,-0.25,-0.268912750482,-0.030542951148,-0.0181818181818,-0.243332138505,-0.0773405703161,-0.0434343434343,-0.250469359339,-0.0345084801933,-0.0111111111111,0.0866354202056,0.0199894662943,0.329545454545,0.0702479338843,0.0866354202056,0.329545454545,-0.132380952381,-0.133333333333,-4,-0.0242424242424,-0.0344444444444,0,0,0,18,0,2,90,0.9,1,0,0.1,1,0.9,0.947368421053,0.938314863257,0.9,0.9,5,7,0,0,0,0
1409,WLNM_dir_neg,0.867346938776,0.710049474335,00:00:00,10,40,7,1174695156,threshold_sweep,0.5,1,0.714285714286,0.833333333333,5,0,2,14,0.714285714286,1,0,0.285714285714,1,0.714285714286,0.833333333333,0.904761904762,0.587301587302,0.769230769231,0.790569415042,0.714285714286,20,13,7,0,20,0,13,0,7,11,20,0.181818181818,3.04338842975,3.63636363636,2,2.5,1.68954001271,0.464623503495,0.245454545455,1.16774841624,0.642261628933,0.336363636364,1.94000937205,1.06700515463,0.536363636364,1.05689877454,0.347276990411,3.54545454545,3.04338842975,1.05689877454,3.54545454545,0.499047619048,0.4,8,0.0484848484848,0.255555555556,11,11,11,1,0,0.0909090909091,0.636363636364,0.272727272727,11,0.118181818182,3.72727272727,2.36363636364,1.3,1.625,1.43336856898,0.6064251638,0.286713286713,0.603022689156,0.510249967747,0.237762237762,1.40129809949,1.18571377649,0.503496503497,2.05382127221,0.551025219373,7,3.72727272727,2.05382127221,7,0,0,0,0,0.22962962963,11,11,11,1,0,0.0909090909091,0.636363636364,0.272727272727,11,18,0.163636363636,3.11363636364,3.27272727273,1.8,2.25,1.42062726223,0.434080552347,0.227272727273,0.924416277737,0.564921058617,0.292929292929,1.68954001271,1.03249667443,0.525252525253,1.14353419474,0.367266456706,3.875,3.11363636364,1.14353419474,3.875,0.366666666667,0.266666666667,4,0.0242424242424,0.221111111111,11,11,11,1,0,0.0909090909091,0.636363636364,0.272727272727,-2,-0.0181818181818,0.0702479338843,-0.363636363636,-0.2,-0.25,-0.268912750482,-0.030542951148,-0.0181818181818,-0.243332138505,-0.0773405703161,-0.0434343434343,-0.250469359339,-0.0345084801933,-0.0111111111111,0.0866354202056,0.0199894662943,0.329545454545,0.0702479338843,0.0866354202056,0.329545454545,-0.132380952381,-0.133333333333,-4,-0.0242424242424,-0.0344444444444,0,0,0,18,0,2,90,0.9,1,0,0.1,1,0.9,0.947368421053,0.938314863257,0.9,0.9,5,7,0,0,0,0
1410,WLNM_dir_neg,0.867346938776,0.710049474335,00:00:00,10,40,7,1174695156,threshold_sweep,0.6,1,0.714285714286,0.833333333333,5,0,2,14,0.714285714286,1,0,0.285714285714,1,0.714285714286,0.833333333333,0.904761904762,0.587301587302,0.769230769231,0.790569415042,0.714285714286,20,13,7,0,20,0,13,0,7,11,20,0.181818181818,3.04338842975,3.63636363636,2,2.5,1.68954001271,0.464623503495,0.245454545455,1.16774841624,0.642261628933,0.336363636364,1.94000937205,1.06700515463,0.536363636364,1.05689877454,0.347276990411,3.54545454545,3.04338842975,1.05689877454,3.54545454545,0.499047619048,0.4,8,0.0484848484848,0.255555555556,11,11,11,1,0,0.0909090909091,0.636363636364,0.272727272727,11,0.118181818182,3.72727272727,2.36363636364,1.3,1.625,1.43336856898,0.6064251638,0.286713286713,0.603022689156,0.510249967747,0.237762237762,1.40129809949,1.18571377649,0.503496503497,2.05382127221,0.551025219373,7,3.72727272727,2.05382127221,7,0,0,0,0,0.22962962963,11,11,11,1,0,0.0909090909091,0.636363636364,0.272727272727,11,18,0.163636363636,3.11363636364,3.27272727273,1.8,2.25,1.42062726223,0.434080552347,0.227272727273,0.924416277737,0.564921058617,0.292929292929,1.68954001271,1.03249667443,0.525252525253,1.14353419474,0.367266456706,3.875,3.11363636364,1.14353419474,3.875,0.366666666667,0.266666666667,4,0.0242424242424,0.221111111111,11,11,11,1,0,0.0909090909091,0.636363636364,0.272727272727,-2,-0.0181818181818,0.0702479338843,-0.363636363636,-0.2,-0.25,-0.268912750482,-0.030542951148,-0.0181818181818,-0.243332138505,-0.0773405703161,-0.0434343434343,-0.250469359339,-0.0345084801933,-0.0111111111111,0.0866354202056,0.0199894662943,0.329545454545,0.0702479338843,0.0866354202056,0.329545454545,-0.132380952381,-0.133333333333,-4,-0.0242424242424,-0.0344444444444,0,0,0,18,0,2,90,0.9,1,0,0.1,1,0.9,0.947368421053,0.938314863257,0.9,0.9,5,7,0,0,0,0
1411,WLNM_dir_neg,0.867346938776,0.710049474335,00:00:00,10,40,7,1174695156,threshold_sweep,0.7,1,0.714285714286,0.833333333333,5,0,2,14,0.714285714286,1,0,0.285714285714,1,0.714285714286,0.833333333333,0.904761904762,0.587301587302,0.769230769231,0.790569415042,0.714285714286,20,13,7,0,20,0,13,0,7,11,20,0.181818181818,3.04338842975,3.63636363636,2,2.5,1.68954001271,0.464623503495,0.245454545455,1.16774841624,0.642261628933,0.336363636364,1.94000937205,1.06700515463,0.536363636364,1.05689877454,0.347276990411,3.54545454545,3.04338842975,1.05689877454,3.54545454545,0.499047619048,0.4,8,0.0484848484848,0.255555555556,11,11,11,1,0,0.0909090909091,0.636363636364,0.272727272727,11,0.118181818182,3.72727272727,2.36363636364,1.3,1.625,1.43336856898,0.6064251638,0.286713286713,0.603022689156,0.510249967747,0.237762237762,1.40129809949,1.18571377649,0.503496503497,2.05382127221,0.551025219373,7,3.72727272727,2.05382127221,7,0,0,0,0,0.22962962963,11,11,11,1,0,0.0909090909091,0.636363636364,0.272727272727,11,18,0.163636363636,3.11363636364,3.27272727273,1.8,2.25,1.42062726223,0.434080552347,0.227272727273,0.924416277737,0.564921058617,0.292929292929,1.68954001271,1.03249667443,0.525252525253,1.14353419474,0.367266456706,3.875,3.11363636364,1.14353419474,3.875,0.366666666667,0.266666666667,4,0.0242424242424,0.221111111111,11,11,11,1,0,0.0909090909091,0.636363636364,0.272727272727,-2,-0.0181818181818,0.0702479338843,-0.363636363636,-0.2,-0.25,-0.268912750482,-0.030542951148,-0.0181818181818,-0.243332138505,-0.0773405703161,-0.0434343434343,-0.250469359339,-0.0345084801933,-0.0111111111111,0.0866354202056,0.0199894662943,0.329545454545,0.0702479338843,0.0866354202056,0.329545454545,-0.132380952381,-0.133333333333,-4,-0.0242424242424,-0.0344444444444,0,0,0,18,0,2,90,0.9,1,0,0.1,1,0.9,0.947368421053,0.938314863257,0.9,0.9,5,7,0,0,0,0
1412,WLNM_dir_neg,0.867346938776,0.710049474335,00:00:00,10,40,7,1174695156,threshold_sweep,0.8,1,0.714285714286,0.833333333333,5,0,2,14,0.714285714286,1,0,0.285714285714,1,0.714285714286,0.833333333333,0.904761904762,0.587301587302,0.769230769231,0.790569415042,0.714285714286,20,13,7,0,20,0,13,0,7,11,20,0.181818181818,3.04338842975,3.63636363636,2,2.5,1.68954001271,0.464623503495,0.245454545455,1.16774841624,0.642261628933,0.336363636364,1.94000937205,1.06700515463,0.536363636364,1.05689877454,0.347276990411,3.54545454545,3.04338842975,1.05689877454,3.54545454545,0.499047619048,0.4,8,0.0484848484848,0.255555555556,11,11,11,1,0,0.0909090909091,0.636363636364,0.272727272727,11,0.118181818182,3.72727272727,2.36363636364,1.3,1.625,1.43336856898,0.6064251638,0.286713286713,0.603022689156,0.510249967747,0.237762237762,1.40129809949,1.18571377649,0.503496503497,2.05382127221,0.551025219373,7,3.72727272727,2.05382127221,7,0,0,0,0,0.22962962963,11,11,11,1,0,0.0909090909091,0.636363636364,0.272727272727,11,18,0.163636363636,3.11363636364,3.27272727273,1.8,2.25,1.42062726223,0.434080552347,0.227272727273,0.924416277737,0.564921058617,0.292929292929,1.68954001271,1.03249667443,0.525252525253,1.14353419474,0.367266456706,3.875,3.11363636364,1.14353419474,3.875,0.366666666667,0.266666666667,4,0.0242424242424,0.221111111111,11,11,11,1,0,0.0909090909091,0.636363636364,0.272727272727,-2,-0.0181818181818,0.0702479338843,-0.363636363636,-0.2,-0.25,-0.268912750482,-0.030542951148,-0.0181818181818,-0.243332138505,-0.0773405703161,-0.0434343434343,-0.250469359339,-0.0345084801933,-0.0111111111111,0.0866354202056,0.0199894662943,0.329545454545,0.0702479338843,0.0866354202056,0.329545454545,-0.132380952381,-0.133333333333,-4,-0.0242424242424,-0.0344444444444,0,0,0,18,0,2,90,0.9,1,0,0.1,1,0.9,0.947368421053,0.938314863257,0.9,0.9,5,7,0,0,0,0
1413,WLNM_dir_neg,0.867346938776,0.710049474335,00:00:00,10,40,7,1174695156,threshold_sweep,0.9,1,0.571428571429,0.727272727273,4,0,3,14,0.571428571429,1,0,0.428571428571,1,0.571428571429,0.727272727273,0.857142857143,0.603174603175,0.64,0.68599434057,0.571428571429,20,13,7,0,20,0,13,0,7,11,20,0.181818181818,3.04338842975,3.63636363636,2,2.5,1.68954001271,0.464623503495,0.245454545455,1.16774841624,0.642261628933,0.336363636364,1.94000937205,1.06700515463,0.536363636364,1.05689877454,0.347276990411,3.54545454545,3.04338842975,1.05689877454,3.54545454545,0.499047619048,0.4,8,0.0484848484848,0.255555555556,11,11,11,1,0,0.0909090909091,0.636363636364,0.272727272727,11,0.118181818182,3.72727272727,2.36363636364,1.3,1.625,1.43336856898,0.6064251638,0.286713286713,0.603022689156,0.510249967747,0.237762237762,1.40129809949,1.18571377649,0.503496503497,2.05382127221,0.551025219373,7,3.72727272727,2.05382127221,7,0,0,0,0,0.22962962963,11,11,11,1,0,0.0909090909091,0.636363636364,0.272727272727,11,17,0.154545454545,3.17727272727,3.09090909091,1.7,2.125,1.30034960334,0.420701342257,0.208556149733,0.820199532265,0.530717344407,0.267379679144,1.57249078621,1.01749403814,0.513368983957,1.2536673475,0.394573414091,4.4,3.17727272727,1.2536673475,4.4,0.213333333333,0.153846153846,2,0.0121212121212,0.205555555556,11,11,11,1,0,0.0909090909091,0.636363636364,0.272727272727,-3,-0.0272727272727,0.133884297521,-0.545454545455,-0.3,-0.375,-0.389190409368,-0.0439221612377,-0.0368983957219,-0.347548883978,-0.111544284527,-0.0689839572193,-0.367518585835,-0.0495111164884,-0.0229946524064,0.196768572961,0.0472964236795,0.854545454545,0.133884297521,0.196768572961,0.854545454545,-0.285714285714,-0.246153846154,-6,-0.0363636363636,-0.05,0,0,0,17,0,3,90,0.85,1,0,0.15,1,0.85,0.918918918919,0.906962317388,0.85,0.85,4,7,0,0,0,0
1414,WLNM_dir_neg,0.908163265306,0.724005756149,00:00:00,10,40,8,1174695157,threshold_sweep,0.1,0.8,0.571428571429,0.666666666667,4,1,3,13,0.571428571429,0.928571428571,0.0714285714286,0.428571428571,0.8,0.571428571429,0.666666666667,0.809523809524,0.587301587302,0.538461538462,0.553398590529,0.5,20,13,7,0,20,0,13,0,7,11,20,0.181818181818,3.04338842975,3.63636363636,2,2.5,1.68954001271,0.464623503495,0.245454545455,1.16774841624,0.642261628933,0.336363636364,1.94000937205,1.06700515463,0.536363636364,1.05689877454,0.347276990411,3.54545454545,3.04338842975,1.05689877454,3.54545454545,0.499047619048,0.4,8,0.0484848484848,0.255555555556,11,11,11,1,0,0.0909090909091,0.636363636364,0.272727272727,11,0.118181818182,3.72727272727,2.36363636364,1.3,1.625,1.43336856898,0.6064251638,0.286713286713,0.603022689156,0.510249967747,0.237762237762,1.40129809949,1.18571377649,0.503496503497,2.05382127221,0.551025219373,7,3.72727272727,2.05382127221,7,0,0,0,0,0.22962962963,11,11,11,1,0,0.0909090909091,0.636363636364,0.272727272727,11,18,0.163636363636,4.76818181818,3.27272727273,1.8,2.25,1.61807966991,0.494413232473,0.242424242424,0.809039834956,0.494413232473,0.242424242424,1.68954001271,1.03249667443,0.525252525253,1.75986828019,0.369085816628,6.4,4.76818181818,1.75986828019,6.4,0.213333333333,0.153846153846,2,0.0121212121212,0.218518518519,11,11,11,1,0,0.0909090909091,0.636363636364,0.272727272727,-2,-0.0181818181818,1.72479338843,-0.363636363636,-0.2,-0.25,-0.0714603427974,0.029789728978,-0.0030303030303,-0.358708581286,-0.14784839646,-0.0939393939394,-0.250469359339,-0.0345084801933,-0.0111111111111,0.702969505658,0.0218088262168,2.85454545455,1.72479338843,0.702969505658,2.85454545455,-0.285714285714,-0.246153846154,-6,-0.0363636363636,-0.037037037037,0,0,0,17,1,3,89,0.85,0.988888888889,0.0111111111111,0.15,0.944444444444,0.85,0.894736842105,0.874602125628,0.838888888889,0.809523809524,5,7,0,0,0,0
1415,WLNM_dir_neg,0.908163265306,0.724005756149,00:00:00,10,40,8,1174695157,threshold_sweep,0.2,0.8,0.571428571429,0.666666666667,4,1,3,13,0.571428571429,0.928571428571,0.0714285714286,0.428571428571,0.8,0.571428571429,0.666666666667,0.809523809524,0.587301587302,0.538461538462,0.553398590529,0.5,20,13,7,0,20,0,13,0,7,11,20,0.181818181818,3.04338842975,3.63636363636,2,2.5,1.68954001271,0.464623503495,0.245454545455,1.16774841624,0.642261628933,0.336363636364,1.94000937205,1.06700515463,0.536363636364,1.05689877454,0.347276990411,3.54545454545,3.04338842975,1.05689877454,3.54545454545,0.499047619048,0.4,8,0.0484848484848,0.255555555556,11,11,11,1,0,0.0909090909091,0.636363636364,0.272727272727,11,0.118181818182,3.72727272727,2.36363636364,1.3,1.625,1.43336856898,0.6064251638,0.286713286713,0.603022689156,0.510249967747,0.237762237762,1.40129809949,1.18571377649,0.503496503497,2.05382127221,0.551025219373,7,3.72727272727,2.05382127221,7,0,0,0,0,0.22962962963,11,11,11,1,0,0.0909090909091,0.636363636364,0.272727272727,11,18,0.163636363636,4.76818181818,3.27272727273,1.8,2.25,1.61807966991,0.494413232473,0.242424242424,0.809039834956,0.494413232473,0.242424242424,1.68954001271,1.03249667443,0.525252525253,1.75986828019,0.369085816628,6.4,4.76818181818,1.75986828019,6.4,0.213333333333,0.153846153846,2,0.0121212121212,0.218518518519,11,11,11,1,0,0.0909090909091,0.636363636364,0.272727272727,-2,-0.0181818181818,1.72479338843,-0.363636363636,-0.2,-0.25,-0.0714603427974,0.029789728978,-0.0030303030303,-0.358708581286,-0.14784839646,-0.0939393939394,-0.250469359339,-0.0345084801933,-0.0111111111111,0.702969505658,0.0218088262168,2.85454545455,1.72479338843,0.702969505658,2.85454545455,-0.285714285714,-0.246153846154,-6,-0.0363636363636,-0.037037037037,0,0,0,17,1,3,89,0.85,0.988888888889,0.0111111111111,0.15,0.944444444444,0.85,0.894736842105,0.874602125628,0.838888888889,0.809523809524,5,7,0,0,0,0
1416,WLNM_dir_neg,0.908163265306,0.724005756149,00:00:00,10,40,8,1174695157,threshold_sweep,0.3,0.8,0.571428571429,0.666666666667,4,1,3,13,0.571428571429,0.928571428571,0.0714285714286,0.428571428571,0.8,0.571428571429,0.666666666667,0.809523809524,0.587301587302,0.538461538462,0.553398590529,0.5,20,13,7,0,20,0,13,0,7,11,20,0.181818181818,3.04338842975,3.63636363636,2,2.5,1.68954001271,0.464623503495,0.245454545455,1.16774841624,0.642261628933,0.336363636364,1.94000937205,1.06700515463,0.536363636364,1.05689877454,0.347276990411,3.54545454545,3.04338842975,1.05689877454,3.54545454545,0.499047619048,0.4,8,0.0484848484848,0.255555555556,11,11,11,1,0,0.0909090909091,0.636363636364,0.272727272727,11,0.118181818182,3.72727272727,2.36363636364,1.3,1.625,1.43336856898,0.6064251638,0.286713286713,0.603022689156,0.510249967747,0.237762237762,1.40129809949,1.18571377649,0.503496503497,2.05382127221,0.551025219373,7,3.72727272727,2.05382127221,7,0,0,0,0,0.22962962963,11,11,11,1,0,0.0909090909091,0.636363636364,0.272727272727,11,18,0.163636363636,4.76818181818,3.27272727273,1.8,2.25,1.61807966991,0.494413232473,0.242424242424,0.809039834956,0.494413232473,0.242424242424,1.68954001271,1.03249667443,0.525252525253,1.75986828019,0.369085816628,6.4,4.76818181818,1.75986828019,6.4,0.213333333333,0.153846153846,2,0.0121212121212,0.218518518519,11,11,11,1,0,0.0909090909091,0.636363636364,0.272727272727,-2,-0.0181818181818,1.72479338843,-0.363636363636,-0.2,-0.25,-0.0714603427974,0.029789728978,-0.0030303030303,-0.358708581286,-0.14784839646,-0.0939393939394,-0.250469359339,-0.0345084801933,-0.0111111111111,0.702969505658,0.0218088262168,2.85454545455,1.72479338843,0.702969505658,2.85454545455,-0.285714285714,-0.246153846154,-6,-0.0363636363636,-0.037037037037,0,0,0,17,1,3,89,0.85,0.988888888889,0.0111111111111,0.15,0.944444444444,0.85,0.894736842105,0.874602125628,0.838888888889,0.809523809524,5,7,0,0,0,0
1417,WLNM_dir_neg,0.908163265306,0.724005756149,00:00:00,10,40,8,1174695157,threshold_sweep,0.4,0.8,0.571428571429,0.666666666667,4,1,3,13,0.571428571429,0.928571428571,0.0714285714286,0.428571428571,0.8,0.571428571429,0.666666666667,0.809523809524,0.587301587302,0.538461538462,0.553398590529,0.5,20,13,7,0,20,0,13,0,7,11,20,0.181818181818,3.04338842975,3.63636363636,2,2.5,1.68954001271,0.464623503495,0.245454545455,1.16774841624,0.642261628933,0.336363636364,1.94000937205,1.06700515463,0.536363636364,1.05689877454,0.347276990411,3.54545454545,3.04338842975,1.05689877454,3.54545454545,0.499047619048,0.4,8,0.0484848484848,0.255555555556,11,11,11,1,0,0.0909090909091,0.636363636364,0.272727272727,11,0.118181818182,3.72727272727,2.36363636364,1.3,1.625,1.43336856898,0.6064251638,0.286713286713,0.603022689156,0.510249967747,0.237762237762,1.40129809949,1.18571377649,0.503496503497,2.05382127221,0.551025219373,7,3.72727272727,2.05382127221,7,0,0,0,0,0.22962962963,11,11,11,1,0,0.0909090909091,0.636363636364,0.272727272727,11,18,0.163636363636,4.76818181818,3.27272727273,1.8,2.25,1.61807966991,0.494413232473,0.242424242424,0.809039834956,0.494413232473,0.242424242424,1.68954001271,1.03249667443,0.525252525253,1.75986828019,0.369085816628,6.4,4.76818181818,1.75986828019,6.4,0.213333333333,0.153846153846,2,0.0121212121212,0.218518518519,11,11,11,1,0,0.0909090909091,0.636363636364,0.272727272727,-2,-0.0181818181818,1.72479338843,-0.363636363636,-0.2,-0.25,-0.0714603427974,0.029789728978,-0.0030303030303,-0.358708581286,-0.14784839646,-0.0939393939394,-0.250469359339,-0.0345084801933,-0.0111111111111,0.702969505658,0.0218088262168,2.85454545455,1.72479338843,0.702969505658,2.85454545455,-0.285714285714,-0.246153846154,-6,-0.0363636363636,-0.037037037037,0,0,0,17,1,3,89,0.85,0.988888888889,0.0111111111111,0.15,0.944444444444,0.85,0.894736842105,0.874602125628,0.838888888889,0.809523809524,5,7,0,0,0,0
1418,WLNM_dir_neg,0.908163265306,0.724005756149,00:00:00,10,40,8,1174695157,threshold_sweep,0.5,0.8,0.571428571429,0.666666666667,4,1,3,13,0.571428571429,0.928571428571,0.0714285714286,0.428571428571,0.8,0.571428571429,0.666666666667,0.809523809524,0.587301587302,0.538461538462,0.553398590529,0.5,20,13,7,0,20,0,13,0,7,11,20,0.181818181818,3.04338842975,3.63636363636,2,2.5,1.68954001271,0.464623503495,0.245454545455,1.16774841624,0.642261628933,0.336363636364,1.94000937205,1.06700515463,0.536363636364,1.05689877454,0.347276990411,3.54545454545,3.04338842975,1.05689877454,3.54545454545,0.499047619048,0.4,8,0.0484848484848,0.255555555556,11,11,11,1,0,0.0909090909091,0.636363636364,0.272727272727,11,0.118181818182,3.72727272727,2.36363636364,1.3,1.625,1.43336856898,0.6064251638,0.286713286713,0.603022689156,0.510249967747,0.237762237762,1.40129809949,1.18571377649,0.503496503497,2.05382127221,0.551025219373,7,3.72727272727,2.05382127221,7,0,0,0,0,0.22962962963,11,11,11,1,0,0.0909090909091,0.636363636364,0.272727272727,11,18,0.163636363636,4.76818181818,3.27272727273,1.8,2.25,1.61807966991,0.494413232473,0.242424242424,0.809039834956,0.494413232473,0.242424242424,1.68954001271,1.03249667443,0.525252525253,1.75986828019,0.369085816628,6.4,4.76818181818,1.75986828019,6.4,0.213333333333,0.153846153846,2,0.0121212121212,0.218518518519,11,11,11,1,0,0.0909090909091,0.636363636364,0.272727272727,-2,-0.0181818181818,1.72479338843,-0.363636363636,-0.2,-0.25,-0.0714603427974,0.029789728978,-0.0030303030303,-0.358708581286,-0.14784839646,-0.0939393939394,-0.250469359339,-0.0345084801933,-0.0111111111111,0.702969505658,0.0218088262168,2.85454545455,1.72479338843,0.702969505658,2.85454545455,-0.285714285714,-0.246153846154,-6,-0.0363636363636,-0.037037037037,0,0,0,17,1,3,89,0.85,0.988888888889,0.0111111111111,0.15,0.944444444444,0.85,0.894736842105,0.874602125628,0.838888888889,0.809523809524,5,7,0,0,0,0
1419,WLNM_dir_neg,0.908163265306,0.724005756149,00:00:00,10,40,8,1174695157,threshold_sweep,0.6,0.8,0.571428571429,0.666666666667,4,1,3,13,0.571428571429,0.928571428571,0.0714285714286,0.428571428571,0.8,0.571428571429,0.666666666667,0.809523809524,0.587301587302,0.538461538462,0.553398590529,0.5,20,13,7,0,20,0,13,0,7,11,20,0.181818181818,3.04338842975,3.63636363636,2,2.5,1.68954001271,0.464623503495,0.245454545455,1.16774841624,0.642261628933,0.336363636364,1.94000937205,1.06700515463,0.536363636364,1.05689877454,0.347276990411,3.54545454545,3.04338842975,1.05689877454,3.54545454545,0.499047619048,0.4,8,0.0484848484848,0.255555555556,11,11,11,1,0,0.0909090909091,0.636363636364,0.272727272727,11,0.118181818182,3.72727272727,2.36363636364,1.3,1.625,1.43336856898,0.6064251638,0.286713286713,0.603022689156,0.510249967747,0.237762237762,1.40129809949,1.18571377649,0.503496503497,2.05382127221,0.551025219373,7,3.72727272727,2.05382127221,7,0,0,0,0,0.22962962963,11,11,11,1,0,0.0909090909091,0.636363636364,0.272727272727,11,18,0.163636363636,4.76818181818,3.27272727273,1.8,2.25,1.61807966991,0.494413232473,0.242424242424,0.809039834956,0.494413232473,0.242424242424,1.68954001271,1.03249667443,0.525252525253,1.75986828019,0.369085816628,6.4,4.76818181818,1.75986828019,6.4,0.213333333333,0.153846153846,2,0.0121212121212,0.218518518519,11,11,11,1,0,0.0909090909091,0.636363636364,0.272727272727,-2,-0.0181818181818,1.72479338843,-0.363636363636,-0.2,-0.25,-0.0714603427974,0.029789728978,-0.0030303030303,-0.358708581286,-0.14784839646,-0.0939393939394,-0.250469359339,-0.0345084801933,-0.0111111111111,0.702969505658,0.0218088262168,2.85454545455,1.72479338843,0.702969505658,2.85454545455,-0.285714285714,-0.246153846154,-6,-0.0363636363636,-0.037037037037,0,0,0,17,1,3,89,0.85,0.988888888889,0.0111111111111,0.15,0.944444444444,0.85,0.894736842105,0.874602125628,0.838888888889,0.809523809524,5,7,0,0,0,0
1420,WLNM_dir_neg,0.908163265306,0.724005756149,00:00:00,10,40,8,1174695157,threshold_sweep,0.7,0.8,0.571428571429,0.666666666667,4,1,3,13,0.571428571429,0.928571428571,0.0714285714286,0.428571428571,0.8,0.571428571429,0.666666666667,0.809523809524,0.587301587302,0.538461538462,0.553398590529,0.5,20,13,7,0,20,0,13,0,7,11,20,0.181818181818,3.04338842975,3.63636363636,2,2.5,1.68954001271,0.464623503495,0.245454545455,1.16774841624,0.642261628933,0.336363636364,1.94000937205,1.06700515463,0.536363636364,1.05689877454,0.347276990411,3.54545454545,3.04338842975,1.05689877454,3.54545454545,0.499047619048,0.4,8,0.0484848484848,0.255555555556,11,11,11,1,0,0.0909090909091,0.636363636364,0.272727272727,11,0.118181818182,3.72727272727,2.36363636364,1.3,1.625,1.43336856898,0.6064251638,0.286713286713,0.603022689156,0.510249967747,0.237762237762,1.40129809949,1.18571377649,0.503496503497,2.05382127221,0.551025219373,7,3.72727272727,2.05382127221,7,0,0,0,0,0.22962962963,11,11,11,1,0,0.0909090909091,0.636363636364,0.272727272727,11,18,0.163636363636,4.76818181818,3.27272727273,1.8,2.25,1.61807966991,0.494413232473,0.242424242424,0.809039834956,0.494413232473,0.242424242424,1.68954001271,1.03249667443,0.525252525253,1.75986828019,0.369085816628,6.4,4.76818181818,1.75986828019,6.4,0.213333333333,0.153846153846,2,0.0121212121212,0.218518518519,11,11,11,1,0,0.0909090909091,0.636363636364,0.272727272727,-2,-0.0181818181818,1.72479338843,-0.363636363636,-0.2,-0.25,-0.0714603427974,0.029789728978,-0.0030303030303,-0.358708581286,-0.14784839646,-0.0939393939394,-0.250469359339,-0.0345084801933,-0.0111111111111,0.702969505658,0.0218088262168,2.85454545455,1.72479338843,0.702969505658,2.85454545455,-0.285714285714,-0.246153846154,-6,-0.0363636363636,-0.037037037037,0,0,0,17,1,3,89,0.85,0.988888888889,0.0111111111111,0.15,0.944444444444,0.85,0.894736842105,0.874602125628,0.838888888889,0.809523809524,5,7,0,0,0,0
1421,WLNM_dir_neg,0.908163265306,0.724005756149,00:00:00,10,40,8,1174695157,threshold_sweep,0.8,0.8,0.571428571429,0.666666666667,4,1,3,13,0.571428571429,0.928571428571,0.0714285714286,0.428571428571,0.8,0.571428571429,0.666666666667,0.809523809524,0.587301587302,0.538461538462,0.553398590529,0.5,20,13,7,0,20,0,13,0,7,11,20,0.181818181818,3.04338842975,3.63636363636,2,2.5,1.68954001271,0.464623503495,0.245454545455,1.16774841624,0.642261628933,0.336363636364,1.94000937205,1.06700515463,0.536363636364,1.05689877454,0.347276990411,3.54545454545,3.04338842975,1.05689877454,3.54545454545,0.499047619048,0.4,8,0.0484848484848,0.255555555556,11,11,11,1,0,0.0909090909091,0.636363636364,0.272727272727,11,0.118181818182,3.72727272727,2.36363636364,1.3,1.625,1.43336856898,0.6064251638,0.286713286713,0.603022689156,0.510249967747,0.237762237762,1.40129809949,1.18571377649,0.503496503497,2.05382127221,0.551025219373,7,3.72727272727,2.05382127221,7,0,0,0,0,0.22962962963,11,11,11,1,0,0.0909090909091,0.636363636364,0.272727272727,11,18,0.163636363636,4.76818181818,3.27272727273,1.8,2.25,1.61807966991,0.494413232473,0.242424242424,0.809039834956,0.494413232473,0.242424242424,1.68954001271,1.03249667443,0.525252525253,1.75986828019,0.369085816628,6.4,4.76818181818,1.75986828019,6.4,0.213333333333,0.153846153846,2,0.0121212121212,0.218518518519,11,11,11,1,0,0.0909090909091,0.636363636364,0.272727272727,-2,-0.0181818181818,1.72479338843,-0.363636363636,-0.2,-0.25,-0.0714603427974,0.029789728978,-0.0030303030303,-0.358708581286,-0.14784839646,-0.0939393939394,-0.250469359339,-0.0345084801933,-0.0111111111111,0.702969505658,0.0218088262168,2.85454545455,1.72479338843,0.702969505658,2.85454545455,-0.285714285714,-0.246153846154,-6,-0.0363636363636,-0.037037037037,0,0,0,17,1,3,89,0.85,0.988888888889,0.0111111111111,0.15,0.944444444444,0.85,0.894736842105,0.874602125628,0.838888888889,0.809523809524,5,7,0,0,0,0
1422,WLNM_dir_neg,0.908163265306,0.724005756149,00:00:00,10,40,8,1174695157,threshold_sweep,0.9,0.8,0.571428571429,0.666666666667,4,1,3,13,0.571428571429,0.928571428571,0.0714285714286,0.428571428571,0.8,0.571428571429,0.666666666667,0.809523809524,0.587301587302,0.538461538462,0.553398590529,0.5,20,13,7,0,20,0,13,0,7,11,20,0.181818181818,3.04338842975,3.63636363636,2,2.5,1.68954001271,0.464623503495,0.245454545455,1.16774841624,0.642261628933,0.336363636364,1.94000937205,1.06700515463,0.536363636364,1.05689877454,0.347276990411,3.54545454545,3.04338842975,1.05689877454,3.54545454545,0.499047619048,0.4,8,0.0484848484848,0.255555555556,11,11,11,1,0,0.0909090909091,0.636363636364,0.272727272727,11,0.118181818182,3.72727272727,2.36363636364,1.3,1.625,1.43336856898,0.6064251638,0.286713286713,0.603022689156,0.510249967747,0.237762237762,1.40129809949,1.18571377649,0.503496503497,2.05382127221,0.551025219373,7,3.72727272727,2.05382127221,7,0,0,0,0,0.22962962963,11,11,11,1,0,0.0909090909091,0.636363636364,0.272727272727,11,18,0.163636363636,4.76818181818,3.27272727273,1.8,2.25,1.61807966991,0.494413232473,0.242424242424,0.809039834956,0.494413232473,0.242424242424,1.68954001271,1.03249667443,0.525252525253,1.75986828019,0.369085816628,6.4,4.76818181818,1.75986828019,6.4,0.213333333333,0.153846153846,2,0.0121212121212,0.218518518519,11,11,11,1,0,0.0909090909091,0.636363636364,0.272727272727,-2,-0.0181818181818,1.72479338843,-0.363636363636,-0.2,-0.25,-0.0714603427974,0.029789728978,-0.0030303030303,-0.358708581286,-0.14784839646,-0.0939393939394,-0.250469359339,-0.0345084801933,-0.0111111111111,0.702969505658,0.0218088262168,2.85454545455,1.72479338843,0.702969505658,2.85454545455,-0.285714285714,-0.246153846154,-6,-0.0363636363636,-0.037037037037,0,0,0,17,1,3,89,0.85,0.988888888889,0.0111111111111,0.15,0.944444444444,0.85,0.894736842105,0.874602125628,0.838888888889,0.809523809524,5,7,0,0,0,0
1423,WLNM_dir_neg,0.918367346939,0.618001046572,00:00:00,10,40,9,1174695158,threshold_sweep,0.1,0.833333333333,0.714285714286,0.769230769231,5,1,2,13,0.714285714286,0.928571428571,0.0714285714286,0.285714285714,0.833333333333,0.714285714286,0.769230769231,0.857142857143,0.571428571429,0.666666666667,0.67082039325,0.642857142857,20,13,7,0,20,0,13,0,7,11,20,0.181818181818,3.04338842975,3.63636363636,2,2.5,1.68954001271,0.464623503495,0.245454545455,1.16774841624,0.642261628933,0.336363636364,1.94000937205,1.06700515463,0.536363636364,1.05689877454,0.347276990411,3.54545454545,3.04338842975,1.05689877454,3.54545454545,0.499047619048,0.4,8,0.0484848484848,0.255555555556,11,11,11,1,0,0.0909090909091,0.636363636364,0.272727272727,11,0.118181818182,3.72727272727,2.36363636364,1.3,1.625,1.43336856898,0.6064251638,0.286713286713,0.603022689156,0.510249967747,0.237762237762,1.40129809949,1.18571377649,0.503496503497,2.05382127221,0.551025219373,7,3.72727272727,2.05382127221,7,0,0,0,0,0.22962962963,11,11,11,1,0,0.0909090909091,0.636363636364,0.272727272727,11,19,0.172727272727,4.70454545455,3.45454545455,1.9,2.375,1.7529196424,0.507424107012,0.258373205742,0.904534033733,0.523677598477,0.267942583732,1.84883255547,1.07037674264,0.535885167464,1.66608891501,0.354144503674,5.875,4.70454545455,1.66608891501,5.875,0.366666666667,0.266666666667,4,0.0242424242424,0.23962962963,11,11,11,1,0,0.0909090909091,0.636363636364,0.272727272727,-1,-0.00909090909091,1.66115702479,-0.181818181818,-0.1,-0.125,0.0633796296952,0.0428006035168,0.0129186602871,-0.263214382509,-0.118584030456,-0.0684210526316,-0.0911768165742,0.00337158801632,-0.000478468899521,0.609190140475,0.00686751326282,2.32954545455,1.66115702479,0.609190140475,2.32954545455,-0.132380952381,-0.133333333333,-4,-0.0242424242424,-0.0159259259259,0,0,0,18,1,2,89,0.9,0.988888888889,0.0111111111111,0.1,0.947368421053,0.9,0.923076923077,0.906956031802,0.888888888889,0.857142857143,6,7,0,0,0,0
1424,WLNM_dir_neg,0.918367346939,0.618001046572,00:00:00,10,40,9,1174695158,threshold_sweep,0.2,0.833333333333,0.714285714286,0.769230769231,5,1,2,13,0.714285714286,0.928571428571,0.0714285714286,0.285714285714,0.833333333333,0.714285714286,0.769230769231,0.857142857143,0.571428571429,0.666666666667,0.67082039325,0.642857142857,20,13,7,0,20,0,13,0,7,11,20,0.181818181818,3.04338842975,3.63636363636,2,2.5,1.68954001271,0.464623503495,0.245454545455,1.16774841624,0.642261628933,0.336363636364,1.94000937205,1.06700515463,0.536363636364,1.05689877454,0.347276990411,3.54545454545,3.04338842975,1.05689877454,3.54545454545,0.499047619048,0.4,8,0.0484848484848,0.255555555556,11,11,11,1,0,0.0909090909091,0.636363636364,0.272727272727,11,0.118181818182,3.72727272727,2.36363636364,1.3,1.625,1.43336856898,0.6064251638,0.286713286713,0.603022689156,0.510249967747,0.237762237762,1.40129809949,1.18571377649,0.503496503497,2.05382127221,0.551025219373,7,3.72727272727,2.05382127221,7,0,0,0,0,0.22962962963,11,11,11,1,0,0.0909090909091,0.636363636364,0.272727272727,11,19,0.172727272727,4.70454545455,3.45454545455,1.9,2.375,1.7529196424,0.507424107012,0.258373205742,0.904534033733,0.523677598477,0.267942583732,1.84883255547,1.07037674264,0.535885167464,1.66608891501,0.354144503674,5.875,4.70454545455,1.66608891501,5.875,0.366666666667,0.266666666667,4,0.0242424242424,0.23962962963,11,11,11,1,0,0.0909090909091,0.636363636364,0.272727272727,-1,-0.00909090909091,1.66115702479,-0.181818181818,-0.1,-0.125,0.0633796296952,0.0428006035168,0.0129186602871,-0.263214382509,-0.118584030456,-0.0684210526316,-0.0911768165742,0.00337158801632,-0.000478468899521,0.609190140475,0.00686751326282,2.32954545455,1.66115702479,0.609190140475,2.32954545455,-0.132380952381,-0.133333333333,-4,-0.0242424242424,-0.0159259259259,0,0,0,18,1,2,89,0.9,0.988888888889,0.0111111111111,0.1,0.947368421053,0.9,0.923076923077,0.906956031802,0.888888888889,0.857142857143,6,7,0,0,0,0
1425,WLNM_dir_neg,0.918367346939,0.618001046572,00:00:00,10,40,9,1174695158,threshold_sweep,0.3,0.833333333333,0.714285714286,0.769230769231,5,1,2,13,0.714285714286,0.928571428571,0.0714285714286,0.285714285714,0.833333333333,0.714285714286,0.769230769231,0.857142857143,0.571428571429,0.666666666667,0.67082039325,0.642857142857,20,13,7,0,20,0,13,0,7,11,20,0.181818181818,3.04338842975,3.63636363636,2,2.5,1.68954001271,0.464623503495,0.245454545455,1.16774841624,0.642261628933,0.336363636364,1.94000937205,1.06700515463,0.536363636364,1.05689877454,0.347276990411,3.54545454545,3.04338842975,1.05689877454,3.54545454545,0.499047619048,0.4,8,0.0484848484848,0.255555555556,11,11,11,1,0,0.0909090909091,0.636363636364,0.272727272727,11,0.118181818182,3.72727272727,2.36363636364,1.3,1.625,1.43336856898,0.6064251638,0.286713286713,0.603022689156,0.510249967747,0.237762237762,1.40129809949,1.18571377649,0.503496503497,2.05382127221,0.551025219373,7,3.72727272727,2.05382127221,7,0,0,0,0,0.22962962963,11,11,11,1,0,0.0909090909091,0.636363636364,0.272727272727,11,19,0.172727272727,4.70454545455,3.45454545455,1.9,2.375,1.7529196424,0.507424107012,0.258373205742,0.904534033733,0.523677598477,0.267942583732,1.84883255547,1.07037674264,0.535885167464,1.66608891501,0.354144503674,5.875,4.70454545455,1.66608891501,5.875,0.366666666667,0.266666666667,4,0.0242424242424,0.23962962963,11,11,11,1,0,0.0909090909091,0.636363636364,0.272727272727,-1,-0.00909090909091,1.66115702479,-0.181818181818,-0.1,-0.125,0.0633796296952,0.0428006035168,0.0129186602871,-0.263214382509,-0.118584030456,-0.0684210526316,-0.0911768165742,0.00337158801632,-0.000478468899521,0.609190140475,0.00686751326282,2.32954545455,1.66115702479,0.609190140475,2.32954545455,-0.132380952381,-0.133333333333,-4,-0.0242424242424,-0.0159259259259,0,0,0,18,1,2,89,0.9,0.988888888889,0.0111111111111,0.1,0.947368421053,0.9,0.923076923077,0.906956031802,0.888888888889,0.857142857143,6,7,0,0,0,0
1426,WLNM_dir_neg,0.918367346939,0.618001046572,00:00:00,10,40,9,1174695158,threshold_sweep,0.4,0.833333333333,0.714285714286,0.769230769231,5,1,2,13,0.714285714286,0.928571428571,0.0714285714286,0.285714285714,0.833333333333,0.714285714286,0.769230769231,0.857142857143,0.571428571429,0.666666666667,0.67082039325,0.642857142857,20,13,7,0,20,0,13,0,7,11,20,0.181818181818,3.04338842975,3.63636363636,2,2.5,1.68954001271,0.464623503495,0.245454545455,1.16774841624,0.642261628933,0.336363636364,1.94000937205,1.06700515463,0.536363636364,1.05689877454,0.347276990411,3.54545454545,3.04338842975,1.05689877454,3.54545454545,0.499047619048,0.4,8,0.0484848484848,0.255555555556,11,11,11,1,0,0.0909090909091,0.636363636364,0.272727272727,11,0.118181818182,3.72727272727,2.36363636364,1.3,1.625,1.43336856898,0.6064251638,0.286713286713,0.603022689156,0.510249967747,0.237762237762,1.40129809949,1.18571377649,0.503496503497,2.05382127221,0.551025219373,7,3.72727272727,2.05382127221,7,0,0,0,0,0.22962962963,11,11,11,1,0,0.0909090909091,0.636363636364,0.272727272727,11,19,0.172727272727,4.70454545455,3.45454545455,1.9,2.375,1.7529196424,0.507424107012,0.258373205742,0.904534033733,0.523677598477,0.267942583732,1.84883255547,1.07037674264,0.535885167464,1.66608891501,0.354144503674,5.875,4.70454545455,1.66608891501,5.875,0.366666666667,0.266666666667,4,0.0242424242424,0.23962962963,11,11,11,1,0,0.0909090909091,0.636363636364,0.272727272727,-1,-0.00909090909091,1.66115702479,-0.181818181818,-0.1,-0.125,0.0633796296952,0.0428006035168,0.0129186602871,-0.263214382509,-0.118584030456,-0.0684210526316,-0.0911768165742,0.00337158801632,-0.000478468899521,0.609190140475,0.00686751326282,2.32954545455,1.66115702479,0.609190140475,2.32954545455,-0.132380952381,-0.133333333333,-4,-0.0242424242424,-0.0159259259259,0,0,0,18,1,2,89,0.9,0.988888888889,0.0111111111111,0.1,0.947368421053,0.9,0.923076923077,0.906956031802,0.888888888889,0.857142857143,6,7,0,0,0,0
1427,WLNM_dir_neg,0.918367346939,0.618001046572,00:00:00,10,40,9,1174695158,threshold_sweep,0.5,0.833333333333,0.714285714286,0.769230769231,5,1,2,13,0.714285714286,0.928571428571,0.0714285714286,0.285714285714,0.833333333333,0.714285714286,0.769230769231,0.857142857143,0.571428571429,0.666666666667,0.67082039325,0.642857142857,20,13,7,0,20,0,13,0,7,11,20,0.181818181818,3.04338842975,3.63636363636,2,2.5,1.68954001271,0.464623503495,0.245454545455,1.16774841624,0.642261628933,0.336363636364,1.94000937205,1.06700515463,0.536363636364,1.05689877454,0.347276990411,3.54545454545,3.04338842975,1.05689877454,3.54545454545,0.499047619048,0.4,8,0.0484848484848,0.255555555556,11,11,11,1,0,0.0909090909091,0.636363636364,0.272727272727,11,0.118181818182,3.72727272727,2.36363636364,1.3,1.625,1.43336856898,0.6064251638,0.286713286713,0.603022689156,0.510249967747,0.237762237762,1.40129809949,1.18571377649,0.503496503497,2.05382127221,0.551025219373,7,3.72727272727,2.05382127221,7,0,0,0,0,0.22962962963,11,11,11,1,0,0.0909090909091,0.636363636364,0.272727272727,11,19,0.172727272727,4.70454545455,3.45454545455,1.9,2.375,1.7529196424,0.507424107012,0.258373205742,0.904534033733,0.523677598477,0.267942583732,1.84883255547,1.07037674264,0.535885167464,1.66608891501,0.354144503674,5.875,4.70454545455,1.66608891501,5.875,0.366666666667,0.266666666667,4,0.0242424242424,0.23962962963,11,11,11,1,0,0.0909090909091,0.636363636364,0.272727272727,-1,-0.00909090909091,1.66115702479,-0.181818181818,-0.1,-0.125,0.0633796296952,0.0428006035168,0.0129186602871,-0.263214382509,-0.118584030456,-0.0684210526316,-0.0911768165742,0.00337158801632,-0.000478468899521,0.609190140475,0.00686751326282,2.32954545455,1.66115702479,0.609190140475,2.32954545455,-0.132380952381,-0.133333333333,-4,-0.0242424242424,-0.0159259259259,0,0,0,18,1,2,89,0.9,0.988888888889,0.0111111111111,0.1,0.947368421053,0.9,0.923076923077,0.906956031802,0.888888888889,0.857142857143,6,7,0,0,0,0
1428,WLNM_dir_neg,0.918367346939,0.618001046572,00:00:00,10,40,9,1174695158,threshold_sweep,0.6,0.833333333333,0.714285714286,0.769230769231,5,1,2,13,0.714285714286,0.928571428571,0.0714285714286,0.285714285714,0.833333333333,0.714285714286,0.769230769231,0.857142857143,0.571428571429,0.666666666667,0.67082039325,0.642857142857,20,13,7,0,20,0,13,0,7,11,20,0.181818181818,3.04338842975,3.63636363636,2,2.5,1.68954001271,0.464623503495,0.245454545455,1.16774841624,0.642261628933,0.336363636364,1.94000937205,1.06700515463,0.536363636364,1.05689877454,0.347276990411,3.54545454545,3.04338842975,1.05689877454,3.54545454545,0.499047619048,0.4,8,0.0484848484848,0.255555555556,11,11,11,1,0,0.0909090909091,0.636363636364,0.272727272727,11,0.118181818182,3.72727272727,2.36363636364,1.3,1.625,1.43336856898,0.6064251638,0.286713286713,0.603022689156,0.510249967747,0.237762237762,1.40129809949,1.18571377649,0.503496503497,2.05382127221,0.551025219373,7,3.72727272727,2.05382127221,7,0,0,0,0,0.22962962963,11,11,11,1,0,0.0909090909091,0.636363636364,0.272727272727,11,19,0.172727272727,4.70454545455,3.45454545455,1.9,2.375,1.7529196424,0.507424107012,0.258373205742,0.904534033733,0.523677598477,0.267942583732,1.84883255547,1.07037674264,0.535885167464,1.66608891501,0.354144503674,5.875,4.70454545455,1.66608891501,5.875,0.366666666667,0.266666666667,4,0.0242424242424,0.23962962963,11,11,11,1,0,0.0909090909091,0.636363636364,0.272727272727,-1,-0.00909090909091,1.66115702479,-0.181818181818,-0.1,-0.125,0.0633796296952,0.0428006035168,0.0129186602871,-0.263214382509,-0.118584030456,-0.0684210526316,-0.0911768165742,0.00337158801632,-0.000478468899521,0.609190140475,0.00686751326282,2.32954545455,1.66115702479,0.609190140475,2.32954545455,-0.132380952381,-0.133333333333,-4,-0.0242424242424,-0.0159259259259,0,0,0,18,1,2,89,0.9,0.988888888889,0.0111111111111,0.1,0.947368421053,0.9,0.923076923077,0.906956031802,0.888888888889,0.857142857143,6,7,0,0,0,0
1429,WLNM_dir_neg,0.918367346939,0.618001046572,00:00:00,10,40,9,1174695158,threshold_sweep,0.7,1,0.714285714286,0.833333333333,5,0,2,14,0.714285714286,1,0,0.285714285714,1,0.714285714286,0.833333333333,0.904761904762,0.587301587302,0.769230769231,0.790569415042,0.714285714286,20,13,7,0,20,0,13,0,7,11,20,0.181818181818,3.04338842975,3.63636363636,2,2.5,1.68954001271,0.464623503495,0.245454545455,1.16774841624,0.642261628933,0.336363636364,1.94000937205,1.06700515463,0.536363636364,1.05689877454,0.347276990411,3.54545454545,3.04338842975,1.05689877454,3.54545454545,0.499047619048,0.4,8,0.0484848484848,0.255555555556,11,11,11,1,0,0.0909090909091,0.636363636364,0.272727272727,11,0.118181818182,3.72727272727,2.36363636364,1.3,1.625,1.43336856898,0.6064251638,0.286713286713,0.603022689156,0.510249967747,0.237762237762,1.40129809949,1.18571377649,0.503496503497,2.05382127221,0.551025219373,7,3.72727272727,2.05382127221,7,0,0,0,0,0.22962962963,11,11,11,1,0,0.0909090909091,0.636363636364,0.272727272727,11,18,0.163636363636,3.11363636364,3.27272727273,1.8,2.25,1.42062726223,0.434080552347,0.227272727273,0.924416277737,0.564921058617,0.292929292929,1.68954001271,1.03249667443,0.525252525253,1.14353419474,0.367266456706,3.875,3.11363636364,1.14353419474,3.875,0.366666666667,0.266666666667,4,0.0242424242424,0.221111111111,11,11,11,1,0,0.0909090909091,0.636363636364,0.272727272727,-2,-0.0181818181818,0.0702479338843,-0.363636363636,-0.2,-0.25,-0.268912750482,-0.030542951148,-0.0181818181818,-0.243332138505,-0.0773405703161,-0.0434343434343,-0.250469359339,-0.0345084801933,-0.0111111111111,0.0866354202056,0.0199894662943,0.329545454545,0.0702479338843,0.0866354202056,0.329545454545,-0.132380952381,-0.133333333333,-4,-0.0242424242424,-0.0344444444444,0,0,0,18,0,2,90,0.9,1,0,0.1,1,0.9,0.947368421053,0.938314863257,0.9,0.9,5,7,0,0,0,0
1430,WLNM_dir_neg,0.918367346939,0.618001046572,00:00:00,10,40,9,1174695158,threshold_sweep,0.8,1,0.714285714286,0.833333333333,5,0,2,14,0.714285714286,1,0,0.285714285714,1,0.714285714286,0.833333333333,0.904761904762,0.587301587302,0.769230769231,0.790569415042,0.714285714286,20,13,7,0,20,0,13,0,7,11,20,0.181818181818,3.04338842975,3.63636363636,2,2.5,1.68954001271,0.464623503495,0.245454545455,1.16774841624,0.642261628933,0.336363636364,1.94000937205,1.06700515463,0.536363636364,1.05689877454,0.347276990411,3.54545454545,3.04338842975,1.05689877454,3.54545454545,0.499047619048,0.4,8,0.0484848484848,0.255555555556,11,11,11,1,0,0.0909090909091,0.636363636364,0.272727272727,11,0.118181818182,3.72727272727,2.36363636364,1.3,1.625,1.43336856898,0.6064251638,0.286713286713,0.603022689156,0.510249967747,0.237762237762,1.40129809949,1.18571377649,0.503496503497,2.05382127221,0.551025219373,7,3.72727272727,2.05382127221,7,0,0,0,0,0.22962962963,11,11,11,1,0,0.0909090909091,0.636363636364,0.272727272727,11,18,0.163636363636,3.11363636364,3.27272727273,1.8,2.25,1.42062726223,0.434080552347,0.227272727273,0.924416277737,0.564921058617,0.292929292929,1.68954001271,1.03249667443,0.525252525253,1.14353419474,0.367266456706,3.875,3.11363636364,1.14353419474,3.875,0.366666666667,0.266666666667,4,0.0242424242424,0.221111111111,11,11,11,1,0,0.0909090909091,0.636363636364,0.272727272727,-2,-0.0181818181818,0.0702479338843,-0.363636363636,-0.2,-0.25,-0.268912750482,-0.030542951148,-0.0181818181818,-0.243332138505,-0.0773405703161,-0.0434343434343,-0.250469359339,-0.0345084801933,-0.0111111111111,0.0866354202056,0.0199894662943,0.329545454545,0.0702479338843,0.0866354202056,0.329545454545,-0.132380952381,-0.133333333333,-4,-0.0242424242424,-0.0344444444444,0,0,0,18,0,2,90,0.9,1,0,0.1,1,0.9,0.947368421053,0.938314863257,0.9,0.9,5,7,0,0,0,0
1431,WLNM_dir_neg,0.918367346939,0.618001046572,00:00:00,10,40,9,1174695158,threshold_sweep,0.9,1,0.714285714286,0.833333333333,5,0,2,14,0.714285714286,1,0,0.285714285714,1,0.714285714286,0.833333333333,0.904761904762,0.587301587302,0.769230769231,0.790569415042,0.714285714286,20,13,7,0,20,0,13,0,7,11,20,0.181818181818,3.04338842975,3.63636363636,2,2.5,1.68954001271,0.464623503495,0.245454545455,1.16774841624,0.642261628933,0.336363636364,1.94000937205,1.06700515463,0.536363636364,1.05689877454,0.347276990411,3.54545454545,3.04338842975,1.05689877454,3.54545454545,0.499047619048,0.4,8,0.0484848484848,0.255555555556,11,11,11,1,0,0.0909090909091,0.636363636364,0.272727272727,11,0.118181818182,3.72727272727,2.36363636364,1.3,1.625,1.43336856898,0.6064251638,0.286713286713,0.603022689156,0.510249967747,0.237762237762,1.40129809949,1.18571377649,0.503496503497,2.05382127221,0.551025219373,7,3.72727272727,2.05382127221,7,0,0,0,0,0.22962962963,11,11,11,1,0,0.0909090909091,0.636363636364,0.272727272727,11,18,0.163636363636,3.11363636364,3.27272727273,1.8,2.25,1.42062726223,0.434080552347,0.227272727273,0.924416277737,0.564921058617,0.292929292929,1.68954001271,1.03249667443,0.525252525253,1.14353419474,0.367266456706,3.875,3.11363636364,1.14353419474,3.875,0.366666666667,0.266666666667,4,0.0242424242424,0.221111111111,11,11,11,1,0,0.0909090909091,0.636363636364,0.272727272727,-2,-0.0181818181818,0.0702479338843,-0.363636363636,-0.2,-0.25,-0.268912750482,-0.030542951148,-0.0181818181818,-0.243332138505,-0.0773405703161,-0.0434343434343,-0.250469359339,-0.0345084801933,-0.0111111111111,0.0866354202056,0.0199894662943,0.329545454545,0.0702479338843,0.0866354202056,0.329545454545,-0.132380952381,-0.133333333333,-4,-0.0242424242424,-0.0344444444444,0,0,0,18,0,2,90,0.9,1,0,0.1,1,0.9,0.947368421053,0.938314863257,0.9,0.9,5,7,0,0,0,0
1432,WLNM_dir_neg,0.826530612245,0.436152736153,00:00:00,10,40,10,1174695159,threshold_sweep,0.1,0.666666666667,0.285714285714,0.4,2,1,5,13,0.285714285714,0.928571428571,0.0714285714286,0.714285714286,0.666666666667,0.285714285714,0.4,0.714285714286,0.619047619048,0.25,0.288675134595,0.214285714286,20,13,7,0,20,0,13,0,7,11,20,0.181818181818,3.04338842975,3.63636363636,2,2.5,1.68954001271,0.464623503495,0.245454545455,1.16774841624,0.642261628933,0.336363636364,1.94000937205,1.06700515463,0.536363636364,1.05689877454,0.347276990411,3.54545454545,3.04338842975,1.05689877454,3.54545454545,0.499047619048,0.4,8,0.0484848484848,0.255555555556,11,11,11,1,0,0.0909090909091,0.636363636364,0.272727272727,11,0.118181818182,3.72727272727,2.36363636364,1.3,1.625,1.43336856898,0.6064251638,0.286713286713,0.603022689156,0.510249967747,0.237762237762,1.40129809949,1.18571377649,0.503496503497,2.05382127221,0.551025219373,7,3.72727272727,2.05382127221,7,0,0,0,0,0.22962962963,11,11,11,1,0,0.0909090909091,0.636363636364,0.272727272727,11,16,0.145454545455,3.68181818182,2.90909090909,1.6,1.77777777778,1.30034960334,0.446995176148,0.215909090909,0.820199532265,0.563887178432,0.284090909091,1.43969693781,0.989791644741,0.454545454545,2.19400008287,0.595901257076,7.25,3.68181818182,2.19400008287,7.25,0.32962962963,0.25,3,0.0181818181818,0.183333333333,11,11,11,1,0,0.0909090909091,0.727272727273,0.181818181818,-4,-0.0363636363636,0.638429752066,-0.727272727273,-0.4,-0.722222222222,-0.389190409368,-0.0176283273466,-0.0295454545455,-0.347548883978,-0.0783744505013,-0.0522727272727,-0.500312434243,-0.0772135098853,-0.0818181818182,1.13710130833,0.248624266665,3.70454545455,0.638429752066,1.13710130833,3.70454545455,-0.169417989418,-0.15,-5,-0.030303030303,-0.0722222222222,0,0.0909090909091,-0.0909090909091,15,1,5,89,0.75,0.988888888889,0.0111111111111,0.25,0.9375,0.75,0.833333333333,0.808335161217,0.738888888889,0.714285714286,3,7,0,0,0,0
1433,WLNM_dir_neg,0.826530612245,0.436152736153,00:00:00,10,40,10,1174695159,threshold_sweep,0.2,0.666666666667,0.285714285714,0.4,2,1,5,13,0.285714285714,0.928571428571,0.0714285714286,0.714285714286,0.666666666667,0.285714285714,0.4,0.714285714286,0.619047619048,0.25,0.288675134595,0.214285714286,20,13,7,0,20,0,13,0,7,11,20,0.181818181818,3.04338842975,3.63636363636,2,2.5,1.68954001271,0.464623503495,0.245454545455,1.16774841624,0.642261628933,0.336363636364,1.94000937205,1.06700515463,0.536363636364,1.05689877454,0.347276990411,3.54545454545,3.04338842975,1.05689877454,3.54545454545,0.499047619048,0.4,8,0.0484848484848,0.255555555556,11,11,11,1,0,0.0909090909091,0.636363636364,0.272727272727,11,0.118181818182,3.72727272727,2.36363636364,1.3,1.625,1.43336856898,0.6064251638,0.286713286713,0.603022689156,0.510249967747,0.237762237762,1.40129809949,1.18571377649,0.503496503497,2.05382127221,0.551025219373,7,3.72727272727,2.05382127221,7,0,0,0,0,0.22962962963,11,11,11,1,0,0.0909090909091,0.636363636364,0.272727272727,11,16,0.145454545455,3.68181818182,2.90909090909,1.6,1.77777777778,1.30034960334,0.446995176148,0.215909090909,0.820199532265,0.563887178432,0.284090909091,1.43969693781,0.989791644741,0.454545454545,2.19400008287,0.595901257076,7.25,3.68181818182,2.19400008287,7.25,0.32962962963,0.25,3,0.0181818181818,0.183333333333,11,11,11,1,0,0.0909090909091,0.727272727273,0.181818181818,-4,-0.0363636363636,0.638429752066,-0.727272727273,-0.4,-0.722222222222,-0.389190409368,-0.0176283273466,-0.0295454545455,-0.347548883978,-0.0783744505013,-0.0522727272727,-0.500312434243,-0.0772135098853,-0.0818181818182,1.13710130833,0.248624266665,3.70454545455,0.638429752066,1.13710130833,3.70454545455,-0.169417989418,-0.15,-5,-0.030303030303,-0.0722222222222,0,0.0909090909091,-0.0909090909091,15,1,5,89,0.75,0.988888888889,0.0111111111111,0.25,0.9375,0.75,0.833333333333,0.808335161217,0.738888888889,0.714285714286,3,7,0,0,0,0
1434,WLNM_dir_neg,0.826530612245,0.436152736153,00:00:00,10,40,10,1174695159,threshold_sweep,0.3,0.666666666667,0.285714285714,0.4,2,1,5,13,0.285714285714,0.928571428571,0.0714285714286,0.714285714286,0.666666666667,0.285714285714,0.4,0.714285714286,0.619047619048,0.25,0.288675134595,0.214285714286,20,13,7,0,20,0,13,0,7,11,20,0.181818181818,3.04338842975,3.63636363636,2,2.5,1.68954001271,0.464623503495,0.245454545455,1.16774841624,0.642261628933,0.336363636364,1.94000937205,1.06700515463,0.536363636364,1.05689877454,0.347276990411,3.54545454545,3.04338842975,1.05689877454,3.54545454545,0.499047619048,0.4,8,0.0484848484848,0.255555555556,11,11,11,1,0,0.0909090909091,0.636363636364,0.272727272727,11,0.118181818182,3.72727272727,2.36363636364,1.3,1.625,1.43336856898,0.6064251638,0.286713286713,0.603022689156,0.510249967747,0.237762237762,1.40129809949,1.18571377649,0.503496503497,2.05382127221,0.551025219373,7,3.72727272727,2.05382127221,7,0,0,0,0,0.22962962963,11,11,11,1,0,0.0909090909091,0.636363636364,0.272727272727,11,16,0.145454545455,3.68181818182,2.90909090909,1.6,1.77777777778,1.30034960334,0.446995176148,0.215909090909,0.820199532265,0.563887178432,0.284090909091,1.43969693781,0.989791644741,0.454545454545,2.19400008287,0.595901257076,7.25,3.68181818182,2.19400008287,7.25,0.32962962963,0.25,3,0.0181818181818,0.183333333333,11,11,11,1,0,0.0909090909091,0.727272727273,0.181818181818,-4,-0.0363636363636,0.638429752066,-0.727272727273,-0.4,-0.722222222222,-0.389190409368,-0.0176283273466,-0.0295454545455,-0.347548883978,-0.0783744505013,-0.0522727272727,-0.500312434243,-0.0772135098853,-0.0818181818182,1.13710130833,0.248624266665,3.70454545455,0.638429752066,1.13710130833,3.70454545455,-0.169417989418,-0.15,-5,-0.030303030303,-0.0722222222222,0,0.0909090909091,-0.0909090909091,15,1,5,89,0.75,0.988888888889,0.0111111111111,0.25,0.9375,0.75,0.833333333333,0.808335161217,0.738888888889,0.714285714286,3,7,0,0,0,0
1435,WLNM_dir_neg,0.826530612245,0.436152736153,00:00:00,10,40,10,1174695159,threshold_sweep,0.4,0.666666666667,0.285714285714,0.4,2,1,5,13,0.285714285714,0.928571428571,0.0714285714286,0.714285714286,0.666666666667,0.285714285714,0.4,0.714285714286,0.619047619048,0.25,0.288675134595,0.214285714286,20,13,7,0,20,0,13,0,7,11,20,0.181818181818,3.04338842975,3.63636363636,2,2.5,1.68954001271,0.464623503495,0.245454545455,1.16774841624,0.642261628933,0.336363636364,1.94000937205,1.06700515463,0.536363636364,1.05689877454,0.347276990411,3.54545454545,3.04338842975,1.05689877454,3.54545454545,0.499047619048,0.4,8,0.0484848484848,0.255555555556,11,11,11,1,0,0.0909090909091,0.636363636364,0.272727272727,11,0.118181818182,3.72727272727,2.36363636364,1.3,1.625,1.43336856898,0.6064251638,0.286713286713,0.603022689156,0.510249967747,0.237762237762,1.40129809949,1.18571377649,0.503496503497,2.05382127221,0.551025219373,7,3.72727272727,2.05382127221,7,0,0,0,0,0.22962962963,11,11,11,1,0,0.0909090909091,0.636363636364,0.272727272727,11,16,0.145454545455,3.68181818182,2.90909090909,1.6,1.77777777778,1.30034960334,0.446995176148,0.215909090909,0.820199532265,0.563887178432,0.284090909091,1.43969693781,0.989791644741,0.454545454545,2.19400008287,0.595901257076,7.25,3.68181818182,2.19400008287,7.25,0.32962962963,0.25,3,0.0181818181818,0.183333333333,11,11,11,1,0,0.0909090909091,0.727272727273,0.181818181818,-4,-0.0363636363636,0.638429752066,-0.727272727273,-0.4,-0.722222222222,-0.389190409368,-0.0176283273466,-0.0295454545455,-0.347548883978,-0.0783744505013,-0.0522727272727,-0.500312434243,-0.0772135098853,-0.0818181818182,1.13710130833,0.248624266665,3.70454545455,0.638429752066,1.13710130833,3.70454545455,-0.169417989418,-0.15,-5,-0.030303030303,-0.0722222222222,0,0.0909090909091,-0.0909090909091,15,1,5,89,0.75,0.988888888889,0.0111111111111,0.25,0.9375,0.75,0.833333333333,0.808335161217,0.738888888889,0.714285714286,3,7,0,0,0,0
1436,WLNM_dir_neg,0.826530612245,0.436152736153,00:00:00,10,40,10,1174695159,threshold_sweep,0.5,0.666666666667,0.285714285714,0.4,2,1,5,13,0.285714285714,0.928571428571,0.0714285714286,0.714285714286,0.666666666667,0.285714285714,0.4,0.714285714286,0.619047619048,0.25,0.288675134595,0.214285714286,20,13,7,0,20,0,13,0,7,11,20,0.181818181818,3.04338842975,3.63636363636,2,2.5,1.68954001271,0.464623503495,0.245454545455,1.16774841624,0.642261628933,0.336363636364,1.94000937205,1.06700515463,0.536363636364,1.05689877454,0.347276990411,3.54545454545,3.04338842975,1.05689877454,3.54545454545,0.499047619048,0.4,8,0.0484848484848,0.255555555556,11,11,11,1,0,0.0909090909091,0.636363636364,0.272727272727,11,0.118181818182,3.72727272727,2.36363636364,1.3,1.625,1.43336856898,0.6064251638,0.286713286713,0.603022689156,0.510249967747,0.237762237762,1.40129809949,1.18571377649,0.503496503497,2.05382127221,0.551025219373,7,3.72727272727,2.05382127221,7,0,0,0,0,0.22962962963,11,11,11,1,0,0.0909090909091,0.636363636364,0.272727272727,11,16,0.145454545455,3.68181818182,2.90909090909,1.6,1.77777777778,1.30034960334,0.446995176148,0.215909090909,0.820199532265,0.563887178432,0.284090909091,1.43969693781,0.989791644741,0.454545454545,2.19400008287,0.595901257076,7.25,3.68181818182,2.19400008287,7.25,0.32962962963,0.25,3,0.0181818181818,0.183333333333,11,11,11,1,0,0.0909090909091,0.727272727273,0.181818181818,-4,-0.0363636363636,0.638429752066,-0.727272727273,-0.4,-0.722222222222,-0.389190409368,-0.0176283273466,-0.0295454545455,-0.347548883978,-0.0783744505013,-0.0522727272727,-0.500312434243,-0.0772135098853,-0.0818181818182,1.13710130833,0.248624266665,3.70454545455,0.638429752066,1.13710130833,3.70454545455,-0.169417989418,-0.15,-5,-0.030303030303,-0.0722222222222,0,0.0909090909091,-0.0909090909091,15,1,5,89,0.75,0.988888888889,0.0111111111111,0.25,0.9375,0.75,0.833333333333,0.808335161217,0.738888888889,0.714285714286,3,7,0,0,0,0
1437,WLNM_dir_neg,0.826530612245,0.436152736153,00:00:00,10,40,10,1174695159,threshold_sweep,0.6,0.666666666667,0.285714285714,0.4,2,1,5,13,0.285714285714,0.928571428571,0.0714285714286,0.714285714286,0.666666666667,0.285714285714,0.4,0.714285714286,0.619047619048,0.25,0.288675134595,0.214285714286,20,13,7,0,20,0,13,0,7,11,20,0.181818181818,3.04338842975,3.63636363636,2,2.5,1.68954001271,0.464623503495,0.245454545455,1.16774841624,0.642261628933,0.336363636364,1.94000937205,1.06700515463,0.536363636364,1.05689877454,0.347276990411,3.54545454545,3.04338842975,1.05689877454,3.54545454545,0.499047619048,0.4,8,0.0484848484848,0.255555555556,11,11,11,1,0,0.0909090909091,0.636363636364,0.272727272727,11,0.118181818182,3.72727272727,2.36363636364,1.3,1.625,1.43336856898,0.6064251638,0.286713286713,0.603022689156,0.510249967747,0.237762237762,1.40129809949,1.18571377649,0.503496503497,2.05382127221,0.551025219373,7,3.72727272727,2.05382127221,7,0,0,0,0,0.22962962963,11,11,11,1,0,0.0909090909091,0.636363636364,0.272727272727,11,16,0.145454545455,3.68181818182,2.90909090909,1.6,1.77777777778,1.30034960334,0.446995176148,0.215909090909,0.820199532265,0.563887178432,0.284090909091,1.43969693781,0.989791644741,0.454545454545,2.19400008287,0.595901257076,7.25,3.68181818182,2.19400008287,7.25,0.32962962963,0.25,3,0.0181818181818,0.183333333333,11,11,11,1,0,0.0909090909091,0.727272727273,0.181818181818,-4,-0.0363636363636,0.638429752066,-0.727272727273,-0.4,-0.722222222222,-0.389190409368,-0.0176283273466,-0.0295454545455,-0.347548883978,-0.0783744505013,-0.0522727272727,-0.500312434243,-0.0772135098853,-0.0818181818182,1.13710130833,0.248624266665,3.70454545455,0.638429752066,1.13710130833,3.70454545455,-0.169417989418,-0.15,-5,-0.030303030303,-0.0722222222222,0,0.0909090909091,-0.0909090909091,15,1,5,89,0.75,0.988888888889,0.0111111111111,0.25,0.9375,0.75,0.833333333333,0.808335161217,0.738888888889,0.714285714286,3,7,0,0,0,0
1438,WLNM_dir_neg,0.826530612245,0.436152736153,00:00:00,10,40,10,1174695159,threshold_sweep,0.7,0.666666666667,0.285714285714,0.4,2,1,5,13,0.285714285714,0.928571428571,0.0714285714286,0.714285714286,0.666666666667,0.285714285714,0.4,0.714285714286,0.619047619048,0.25,0.288675134595,0.214285714286,20,13,7,0,20,0,13,0,7,11,20,0.181818181818,3.04338842975,3.63636363636,2,2.5,1.68954001271,0.464623503495,0.245454545455,1.16774841624,0.642261628933,0.336363636364,1.94000937205,1.06700515463,0.536363636364,1.05689877454,0.347276990411,3.54545454545,3.04338842975,1.05689877454,3.54545454545,0.499047619048,0.4,8,0.0484848484848,0.255555555556,11,11,11,1,0,0.0909090909091,0.636363636364,0.272727272727,11,0.118181818182,3.72727272727,2.36363636364,1.3,1.625,1.43336856898,0.6064251638,0.286713286713,0.603022689156,0.510249967747,0.237762237762,1.40129809949,1.18571377649,0.503496503497,2.05382127221,0.551025219373,7,3.72727272727,2.05382127221,7,0,0,0,0,0.22962962963,11,11,11,1,0,0.0909090909091,0.636363636364,0.272727272727,11,16,0.145454545455,3.68181818182,2.90909090909,1.6,1.77777777778,1.30034960334,0.446995176148,0.215909090909,0.820199532265,0.563887178432,0.284090909091,1.43969693781,0.989791644741,0.454545454545,2.19400008287,0.595901257076,7.25,3.68181818182,2.19400008287,7.25,0.32962962963,0.25,3,0.0181818181818,0.183333333333,11,11,11,1,0,0.0909090909091,0.727272727273,0.181818181818,-4,-0.0363636363636,0.638429752066,-0.727272727273,-0.4,-0.722222222222,-0.389190409368,-0.0176283273466,-0.0295454545455,-0.347548883978,-0.0783744505013,-0.0522727272727,-0.500312434243,-0.0772135098853,-0.0818181818182,1.13710130833,0.248624266665,3.70454545455,0.638429752066,1.13710130833,3.70454545455,-0.169417989418,-0.15,-5,-0.030303030303,-0.0722222222222,0,0.0909090909091,-0.0909090909091,15,1,5,89,0.75,0.988888888889,0.0111111111111,0.25,0.9375,0.75,0.833333333333,0.808335161217,0.738888888889,0.714285714286,3,7,0,0,0,0
1439,WLNM_dir_neg,0.826530612245,0.436152736153,00:00:00,10,40,10,1174695159,threshold_sweep,0.8,0.666666666667,0.285714285714,0.4,2,1,5,13,0.285714285714,0.928571428571,0.0714285714286,0.714285714286,0.666666666667,0.285714285714,0.4,0.714285714286,0.619047619048,0.25,0.288675134595,0.214285714286,20,13,7,0,20,0,13,0,7,11,20,0.181818181818,3.04338842975,3.63636363636,2,2.5,1.68954001271,0.464623503495,0.245454545455,1.16774841624,0.642261628933,0.336363636364,1.94000937205,1.06700515463,0.536363636364,1.05689877454,0.347276990411,3.54545454545,3.04338842975,1.05689877454,3.54545454545,0.499047619048,0.4,8,0.0484848484848,0.255555555556,11,11,11,1,0,0.0909090909091,0.636363636364,0.272727272727,11,0.118181818182,3.72727272727,2.36363636364,1.3,1.625,1.43336856898,0.6064251638,0.286713286713,0.603022689156,0.510249967747,0.237762237762,1.40129809949,1.18571377649,0.503496503497,2.05382127221,0.551025219373,7,3.72727272727,2.05382127221,7,0,0,0,0,0.22962962963,11,11,11,1,0,0.0909090909091,0.636363636364,0.272727272727,11,16,0.145454545455,3.68181818182,2.90909090909,1.6,1.77777777778,1.30034960334,0.446995176148,0.215909090909,0.820199532265,0.563887178432,0.284090909091,1.43969693781,0.989791644741,0.454545454545,2.19400008287,0.595901257076,7.25,3.68181818182,2.19400008287,7.25,0.32962962963,0.25,3,0.0181818181818,0.183333333333,11,11,11,1,0,0.0909090909091,0.727272727273,0.181818181818,-4,-0.0363636363636,0.638429752066,-0.727272727273,-0.4,-0.722222222222,-0.389190409368,-0.0176283273466,-0.0295454545455,-0.347548883978,-0.0783744505013,-0.0522727272727,-0.500312434243,-0.0772135098853,-0.0818181818182,1.13710130833,0.248624266665,3.70454545455,0.638429752066,1.13710130833,3.70454545455,-0.169417989418,-0.15,-5,-0.030303030303,-0.0722222222222,0,0.0909090909091,-0.0909090909091,15,1,5,89,0.75,0.988888888889,0.0111111111111,0.25,0.9375,0.75,0.833333333333,0.808335161217,0.738888888889,0.714285714286,3,7,0,0,0,0
1440,WLNM_dir_neg,0.826530612245,0.436152736153,00:00:00,10,40,10,1174695159,threshold_sweep,0.9,0.666666666667,0.285714285714,0.4,2,1,5,13,0.285714285714,0.928571428571,0.0714285714286,0.714285714286,0.666666666667,0.285714285714,0.4,0.714285714286,0.619047619048,0.25,0.288675134595,0.214285714286,20,13,7,0,20,0,13,0,7,11,20,0.181818181818,3.04338842975,3.63636363636,2,2.5,1.68954001271,0.464623503495,0.245454545455,1.16774841624,0.642261628933,0.336363636364,1.94000937205,1.06700515463,0.536363636364,1.05689877454,0.347276990411,3.54545454545,3.04338842975,1.05689877454,3.54545454545,0.499047619048,0.4,8,0.0484848484848,0.255555555556,11,11,11,1,0,0.0909090909091,0.636363636364,0.272727272727,11,0.118181818182,3.72727272727,2.36363636364,1.3,1.625,1.43336856898,0.6064251638,0.286713286713,0.603022689156,0.510249967747,0.237762237762,1.40129809949,1.18571377649,0.503496503497,2.05382127221,0.551025219373,7,3.72727272727,2.05382127221,7,0,0,0,0,0.22962962963,11,11,11,1,0,0.0909090909091,0.636363636364,0.272727272727,11,16,0.145454545455,3.68181818182,2.90909090909,1.6,1.77777777778,1.30034960334,0.446995176148,0.215909090909,0.820199532265,0.563887178432,0.284090909091,1.43969693781,0.989791644741,0.454545454545,2.19400008287,0.595901257076,7.25,3.68181818182,2.19400008287,7.25,0.32962962963,0.25,3,0.0181818181818,0.183333333333,11,11,11,1,0,0.0909090909091,0.727272727273,0.181818181818,-4,-0.0363636363636,0.638429752066,-0.727272727273,-0.4,-0.722222222222,-0.389190409368,-0.0176283273466,-0.0295454545455,-0.347548883978,-0.0783744505013,-0.0522727272727,-0.500312434243,-0.0772135098853,-0.0818181818182,1.13710130833,0.248624266665,3.70454545455,0.638429752066,1.13710130833,3.70454545455,-0.169417989418,-0.15,-5,-0.030303030303,-0.0722222222222,0,0.0909090909091,-0.0909090909091,15,1,5,89,0.75,0.988888888889,0.0111111111111,0.25,0.9375,0.75,0.833333333333,0.808335161217,0.738888888889,0.714285714286,3,7,0,0,0,0
1441,WLNM_dir_neg,0.84693877551,0.556574675325,00:00:00,10,40,11,1174695160,threshold_sweep,0.1,1,0.714285714286,0.833333333333,5,0,2,14,0.714285714286,1,0,0.285714285714,1,0.714285714286,0.833333333333,0.904761904762,0.587301587302,0.769230769231,0.790569415042,0.714285714286,20,13,7,0,20,0,13,0,7,11,20,0.181818181818,3.04338842975,3.63636363636,2,2.5,1.68954001271,0.464623503495,0.245454545455,1.16774841624,0.642261628933,0.336363636364,1.94000937205,1.06700515463,0.536363636364,1.05689877454,0.347276990411,3.54545454545,3.04338842975,1.05689877454,3.54545454545,0.499047619048,0.4,8,0.0484848484848,0.255555555556,11,11,11,1,0,0.0909090909091,0.636363636364,0.272727272727,11,0.118181818182,3.72727272727,2.36363636364,1.3,1.625,1.43336856898,0.6064251638,0.286713286713,0.603022689156,0.510249967747,0.237762237762,1.40129809949,1.18571377649,0.503496503497,2.05382127221,0.551025219373,7,3.72727272727,2.05382127221,7,0,0,0,0,0.22962962963,11,11,11,1,0,0.0909090909091,0.636363636364,0.272727272727,11,18,0.163636363636,3.11363636364,3.27272727273,1.8,2.25,1.42062726223,0.434080552347,0.227272727273,0.924416277737,0.564921058617,0.292929292929,1.68954001271,1.03249667443,0.525252525253,1.14353419474,0.367266456706,3.875,3.11363636364,1.14353419474,3.875,0.366666666667,0.266666666667,4,0.0242424242424,0.221111111111,11,11,11,1,0,0.0909090909091,0.636363636364,0.272727272727,-2,-0.0181818181818,0.0702479338843,-0.363636363636,-0.2,-0.25,-0.268912750482,-0.030542951148,-0.0181818181818,-0.243332138505,-0.0773405703161,-0.0434343434343,-0.250469359339,-0.0345084801933,-0.0111111111111,0.0866354202056,0.0199894662943,0.329545454545,0.0702479338843,0.0866354202056,0.329545454545,-0.132380952381,-0.133333333333,-4,-0.0242424242424,-0.0344444444444,0,0,0,18,0,2,90,0.9,1,0,0.1,1,0.9,0.947368421053,0.938314863257,0.9,0.9,5,7,0,0,0,0
1442,WLNM_dir_neg,0.84693877551,0.556574675325,00:00:00,10,40,11,1174695160,threshold_sweep,0.2,1,0.571428571429,0.727272727273,4,0,3,14,0.571428571429,1,0,0.428571428571,1,0.571428571429,0.727272727273,0.857142857143,0.603174603175,0.64,0.68599434057,0.571428571429,20,13,7,0,20,0,13,0,7,11,20,0.181818181818,3.04338842975,3.63636363636,2,2.5,1.68954001271,0.464623503495,0.245454545455,1.16774841624,0.642261628933,0.336363636364,1.94000937205,1.06700515463,0.536363636364,1.05689877454,0.347276990411,3.54545454545,3.04338842975,1.05689877454,3.54545454545,0.499047619048,0.4,8,0.0484848484848,0.255555555556,11,11,11,1,0,0.0909090909091,0.636363636364,0.272727272727,11,0.118181818182,3.72727272727,2.36363636364,1.3,1.625,1.43336856898,0.6064251638,0.286713286713,0.603022689156,0.510249967747,0.237762237762,1.40129809949,1.18571377649,0.503496503497,2.05382127221,0.551025219373,7,3.72727272727,2.05382127221,7,0,0,0,0,0.22962962963,11,11,11,1,0,0.0909090909091,0.636363636364,0.272727272727,11,17,0.154545454545,3.17727272727,3.09090909091,1.7,2.125,1.30034960334,0.420701342257,0.208556149733,0.820199532265,0.530717344407,0.267379679144,1.57249078621,1.01749403814,0.513368983957,1.2536673475,0.394573414091,4.4,3.17727272727,1.2536673475,4.4,0.213333333333,0.153846153846,2,0.0121212121212,0.205555555556,11,11,11,1,0,0.0909090909091,0.636363636364,0.272727272727,-3,-0.0272727272727,0.133884297521,-0.545454545455,-0.3,-0.375,-0.389190409368,-0.0439221612377,-0.0368983957219,-0.347548883978,-0.111544284527,-0.0689839572193,-0.367518585835,-0.0495111164884,-0.0229946524064,0.196768572961,0.0472964236795,0.854545454545,0.133884297521,0.196768572961,0.854545454545,-0.285714285714,-0.246153846154,-6,-0.0363636363636,-0.05,0,0,0,17,0,3,90,0.85,1,0,0.15,1,0.85,0.918918918919,0.906962317388,0.85,0.85,4,7,0,0,0,0
1443,WLNM_dir_neg,0.84693877551,0.556574675325,00:00:00,10,40,11,1174695160,threshold_sweep,0.3,1,0.571428571429,0.727272727273,4,0,3,14,0.571428571429,1,0,0.428571428571,1,0.571428571429,0.727272727273,0.857142857143,0.603174603175,0.64,0.68599434057,0.571428571429,20,13,7,0,20,0,13,0,7,11,20,0.181818181818,3.04338842975,3.63636363636,2,2.5,1.68954001271,0.464623503495,0.245454545455,1.16774841624,0.642261628933,0.336363636364,1.94000937205,1.06700515463,0.536363636364,1.05689877454,0.347276990411,3.54545454545,3.04338842975,1.05689877454,3.54545454545,0.499047619048,0.4,8,0.0484848484848,0.255555555556,11,11,11,1,0,0.0909090909091,0.636363636364,0.272727272727,11,0.118181818182,3.72727272727,2.36363636364,1.3,1.625,1.43336856898,0.6064251638,0.286713286713,0.603022689156,0.510249967747,0.237762237762,1.40129809949,1.18571377649,0.503496503497,2.05382127221,0.551025219373,7,3.72727272727,2.05382127221,7,0,0,0,0,0.22962962963,11,11,11,1,0,0.0909090909091,0.636363636364,0.272727272727,11,17,0.154545454545,3.17727272727,3.09090909091,1.7,2.125,1.30034960334,0.420701342257,0.208556149733,0.820199532265,0.530717344407,0.267379679144,1.57249078621,1.01749403814,0.513368983957,1.2536673475,0.394573414091,4.4,3.17727272727,1.2536673475,4.4,0.213333333333,0.153846153846,2,0.0121212121212,0.205555555556,11,11,11,1,0,0.0909090909091,0.636363636364,0.272727272727,-3,-0.0272727272727,0.133884297521,-0.545454545455,-0.3,-0.375,-0.389190409368,-0.0439221612377,-0.0368983957219,-0.347548883978,-0.111544284527,-0.0689839572193,-0.367518585835,-0.0495111164884,-0.0229946524064,0.196768572961,0.0472964236795,0.854545454545,0.133884297521,0.196768572961,0.854545454545,-0.285714285714,-0.246153846154,-6,-0.0363636363636,-0.05,0,0,0,17,0,3,90,0.85,1,0,0.15,1,0.85,0.918918918919,0.906962317388,0.85,0.85,4,7,0,0,0,0
1444,WLNM_dir_neg,0.84693877551,0.556574675325,00:00:00,10,40,11,1174695160,threshold_sweep,0.4,1,0.571428571429,0.727272727273,4,0,3,14,0.571428571429,1,0,0.428571428571,1,0.571428571429,0.727272727273,0.857142857143,0.603174603175,0.64,0.68599434057,0.571428571429,20,13,7,0,20,0,13,0,7,11,20,0.181818181818,3.04338842975,3.63636363636,2,2.5,1.68954001271,0.464623503495,0.245454545455,1.16774841624,0.642261628933,0.336363636364,1.94000937205,1.06700515463,0.536363636364,1.05689877454,0.347276990411,3.54545454545,3.04338842975,1.05689877454,3.54545454545,0.499047619048,0.4,8,0.0484848484848,0.255555555556,11,11,11,1,0,0.0909090909091,0.636363636364,0.272727272727,11,0.118181818182,3.72727272727,2.36363636364,1.3,1.625,1.43336856898,0.6064251638,0.286713286713,0.603022689156,0.510249967747,0.237762237762,1.40129809949,1.18571377649,0.503496503497,2.05382127221,0.551025219373,7,3.72727272727,2.05382127221,7,0,0,0,0,0.22962962963,11,11,11,1,0,0.0909090909091,0.636363636364,0.272727272727,11,17,0.154545454545,3.17727272727,3.09090909091,1.7,2.125,1.30034960334,0.420701342257,0.208556149733,0.820199532265,0.530717344407,0.267379679144,1.57249078621,1.01749403814,0.513368983957,1.2536673475,0.394573414091,4.4,3.17727272727,1.2536673475,4.4,0.213333333333,0.153846153846,2,0.0121212121212,0.205555555556,11,11,11,1,0,0.0909090909091,0.636363636364,0.272727272727,-3,-0.0272727272727,0.133884297521,-0.545454545455,-0.3,-0.375,-0.389190409368,-0.0439221612377,-0.0368983957219,-0.347548883978,-0.111544284527,-0.0689839572193,-0.367518585835,-0.0495111164884,-0.0229946524064,0.196768572961,0.0472964236795,0.854545454545,0.133884297521,0.196768572961,0.854545454545,-0.285714285714,-0.246153846154,-6,-0.0363636363636,-0.05,0,0,0,17,0,3,90,0.85,1,0,0.15,1,0.85,0.918918918919,0.906962317388,0.85,0.85,4,7,0,0,0,0
1445,WLNM_dir_neg,0.84693877551,0.556574675325,00:00:00,10,40,11,1174695160,threshold_sweep,0.5,1,0.428571428571,0.6,3,0,4,14,0.428571428571,1,0,0.571428571429,1,0.428571428571,0.6,0.809523809524,0.619047619048,0.5,0.57735026919,0.428571428571,20,13,7,0,20,0,13,0,7,11,20,0.181818181818,3.04338842975,3.63636363636,2,2.5,1.68954001271,0.464623503495,0.245454545455,1.16774841624,0.642261628933,0.336363636364,1.94000937205,1.06700515463,0.536363636364,1.05689877454,0.347276990411,3.54545454545,3.04338842975,1.05689877454,3.54545454545,0.499047619048,0.4,8,0.0484848484848,0.255555555556,11,11,11,1,0,0.0909090909091,0.636363636364,0.272727272727,11,0.118181818182,3.72727272727,2.36363636364,1.3,1.625,1.43336856898,0.6064251638,0.286713286713,0.603022689156,0.510249967747,0.237762237762,1.40129809949,1.18571377649,0.503496503497,2.05382127221,0.551025219373,7,3.72727272727,2.05382127221,7,0,0,0,0,0.22962962963,11,11,11,1,0,0.0909090909091,0.636363636364,0.272727272727,11,16,0.145454545455,3.25,2.90909090909,1.6,2,1.22102788294,0.41972833476,0.181818181818,0.687551650952,0.47269176003,0.227272727273,1.50755672289,1.03644524699,0.511363636364,1.3758835545,0.423348786001,4.66666666667,3.25,1.3758835545,4.66666666667,0.213333333333,0.176470588235,2,0.0121212121212,0.192592592593,11,11,11,1,0,0.0909090909091,0.636363636364,0.272727272727,-4,-0.0363636363636,0.206611570248,-0.727272727273,-0.4,-0.5,-0.468512129772,-0.0448951687355,-0.0636363636364,-0.48019676529,-0.169569868904,-0.109090909091,-0.43245264916,-0.0305599076407,-0.025,0.318984779967,0.07607179559,1.12121212121,0.206611570248,0.318984779967,1.12121212121,-0.285714285714,-0.223529411765,-6,-0.0363636363636,-0.062962962963,0,0,0,16,0,4,90,0.8,1,0,0.2,1,0.8,0.888888888889,0.875189948987,0.8,0.8,3,7,0,0,0,0
1446,WLNM_dir_neg,0.84693877551,0.556574675325,00:00:00,10,40,11,1174695160,threshold_sweep,0.6,1,0.428571428571,0.6,3,0,4,14,0.428571428571,1,0,0.571428571429,1,0.428571428571,0.6,0.809523809524,0.619047619048,0.5,0.57735026919,0.428571428571,20,13,7,0,20,0,13,0,7,11,20,0.181818181818,3.04338842975,3.63636363636,2,2.5,1.68954001271,0.464623503495,0.245454545455,1.16774841624,0.642261628933,0.336363636364,1.94000937205,1.06700515463,0.536363636364,1.05689877454,0.347276990411,3.54545454545,3.04338842975,1.05689877454,3.54545454545,0.499047619048,0.4,8,0.0484848484848,0.255555555556,11,11,11,1,0,0.0909090909091,0.636363636364,0.272727272727,11,0.118181818182,3.72727272727,2.36363636364,1.3,1.625,1.43336856898,0.6064251638,0.286713286713,0.603022689156,0.510249967747,0.237762237762,1.40129809949,1.18571377649,0.503496503497,2.05382127221,0.551025219373,7,3.72727272727,2.05382127221,7,0,0,0,0,0.22962962963,11,11,11,1,0,0.0909090909091,0.636363636364,0.272727272727,11,16,0.145454545455,3.25,2.90909090909,1.6,2,1.22102788294,0.41972833476,0.181818181818,0.687551650952,0.47269176003,0.227272727273,1.50755672289,1.03644524699,0.511363636364,1.3758835545,0.423348786001,4.66666666667,3.25,1.3758835545,4.66666666667,0.213333333333,0.176470588235,2,0.0121212121212,0.192592592593,11,11,11,1,0,0.0909090909091,0.636363636364,0.272727272727,-4,-0.0363636363636,0.206611570248,-0.727272727273,-0.4,-0.5,-0.468512129772,-0.0448951687355,-0.0636363636364,-0.48019676529,-0.169569868904,-0.109090909091,-0.43245264916,-0.0305599076407,-0.025,0.318984779967,0.07607179559,1.12121212121,0.206611570248,0.318984779967,1.12121212121,-0.285714285714,-0.223529411765,-6,-0.0363636363636,-0.062962962963,0,0,0,16,0,4,90,0.8,1,0,0.2,1,0.8,0.888888888889,0.875189948987,0.8,0.8,3,7,0,0,0,0
1447,WLNM_dir_neg,0.84693877551,0.556574675325,00:00:00,10,40,11,1174695160,threshold_sweep,0.7,1,0.428571428571,0.6,3,0,4,14,0.428571428571,1,0,0.571428571429,1,0.428571428571,0.6,0.809523809524,0.619047619048,0.5,0.57735026919,0.428571428571,20,13,7,0,20,0,13,0,7,11,20,0.181818181818,3.04338842975,3.63636363636,2,2.5,1.68954001271,0.464623503495,0.245454545455,1.16774841624,0.642261628933,0.336363636364,1.94000937205,1.06700515463,0.536363636364,1.05689877454,0.347276990411,3.54545454545,3.04338842975,1.05689877454,3.54545454545,0.499047619048,0.4,8,0.0484848484848,0.255555555556,11,11,11,1,0,0.0909090909091,0.636363636364,0.272727272727,11,0.118181818182,3.72727272727,2.36363636364,1.3,1.625,1.43336856898,0.6064251638,0.286713286713,0.603022689156,0.510249967747,0.237762237762,1.40129809949,1.18571377649,0.503496503497,2.05382127221,0.551025219373,7,3.72727272727,2.05382127221,7,0,0,0,0,0.22962962963,11,11,11,1,0,0.0909090909091,0.636363636364,0.272727272727,11,16,0.145454545455,3.25,2.90909090909,1.6,2,1.22102788294,0.41972833476,0.181818181818,0.687551650952,0.47269176003,0.227272727273,1.50755672289,1.03644524699,0.511363636364,1.3758835545,0.423348786001,4.66666666667,3.25,1.3758835545,4.66666666667,0.213333333333,0.176470588235,2,0.0121212121212,0.192592592593,11,11,11,1,0,0.0909090909091,0.636363636364,0.272727272727,-4,-0.0363636363636,0.206611570248,-0.727272727273,-0.4,-0.5,-0.468512129772,-0.0448951687355,-0.0636363636364,-0.48019676529,-0.169569868904,-0.109090909091,-0.43245264916,-0.0305599076407,-0.025,0.318984779967,0.07607179559,1.12121212121,0.206611570248,0.318984779967,1.12121212121,-0.285714285714,-0.223529411765,-6,-0.0363636363636,-0.062962962963,0,0,0,16,0,4,90,0.8,1,0,0.2,1,0.8,0.888888888889,0.875189948987,0.8,0.8,3,7,0,0,0,0
1448,WLNM_dir_neg,0.84693877551,0.556574675325,00:00:00,10,40,11,1174695160,threshold_sweep,0.8,1,0.428571428571,0.6,3,0,4,14,0.428571428571,1,0,0.571428571429,1,0.428571428571,0.6,0.809523809524,0.619047619048,0.5,0.57735026919,0.428571428571,20,13,7,0,20,0,13,0,7,11,20,0.181818181818,3.04338842975,3.63636363636,2,2.5,1.68954001271,0.464623503495,0.245454545455,1.16774841624,0.642261628933,0.336363636364,1.94000937205,1.06700515463,0.536363636364,1.05689877454,0.347276990411,3.54545454545,3.04338842975,1.05689877454,3.54545454545,0.499047619048,0.4,8,0.0484848484848,0.255555555556,11,11,11,1,0,0.0909090909091,0.636363636364,0.272727272727,11,0.118181818182,3.72727272727,2.36363636364,1.3,1.625,1.43336856898,0.6064251638,0.286713286713,0.603022689156,0.510249967747,0.237762237762,1.40129809949,1.18571377649,0.503496503497,2.05382127221,0.551025219373,7,3.72727272727,2.05382127221,7,0,0,0,0,0.22962962963,11,11,11,1,0,0.0909090909091,0.636363636364,0.272727272727,11,16,0.145454545455,3.25,2.90909090909,1.6,2,1.22102788294,0.41972833476,0.181818181818,0.687551650952,0.47269176003,0.227272727273,1.50755672289,1.03644524699,0.511363636364,1.3758835545,0.423348786001,4.66666666667,3.25,1.3758835545,4.66666666667,0.213333333333,0.176470588235,2,0.0121212121212,0.192592592593,11,11,11,1,0,0.0909090909091,0.636363636364,0.272727272727,-4,-0.0363636363636,0.206611570248,-0.727272727273,-0.4,-0.5,-0.468512129772,-0.0448951687355,-0.0636363636364,-0.48019676529,-0.169569868904,-0.109090909091,-0.43245264916,-0.0305599076407,-0.025,0.318984779967,0.07607179559,1.12121212121,0.206611570248,0.318984779967,1.12121212121,-0.285714285714,-0.223529411765,-6,-0.0363636363636,-0.062962962963,0,0,0,16,0,4,90,0.8,1,0,0.2,1,0.8,0.888888888889,0.875189948987,0.8,0.8,3,7,0,0,0,0
1449,WLNM_dir_neg,0.84693877551,0.556574675325,00:00:00,10,40,11,1174695160,threshold_sweep,0.9,1,0.428571428571,0.6,3,0,4,14,0.428571428571,1,0,0.571428571429,1,0.428571428571,0.6,0.809523809524,0.619047619048,0.5,0.57735026919,0.428571428571,20,13,7,0,20,0,13,0,7,11,20,0.181818181818,3.04338842975,3.63636363636,2,2.5,1.68954001271,0.464623503495,0.245454545455,1.16774841624,0.642261628933,0.336363636364,1.94000937205,1.06700515463,0.536363636364,1.05689877454,0.347276990411,3.54545454545,3.04338842975,1.05689877454,3.54545454545,0.499047619048,0.4,8,0.0484848484848,0.255555555556,11,11,11,1,0,0.0909090909091,0.636363636364,0.272727272727,11,0.118181818182,3.72727272727,2.36363636364,1.3,1.625,1.43336856898,0.6064251638,0.286713286713,0.603022689156,0.510249967747,0.237762237762,1.40129809949,1.18571377649,0.503496503497,2.05382127221,0.551025219373,7,3.72727272727,2.05382127221,7,0,0,0,0,0.22962962963,11,11,11,1,0,0.0909090909091,0.636363636364,0.272727272727,11,16,0.145454545455,3.25,2.90909090909,1.6,2,1.22102788294,0.41972833476,0.181818181818,0.687551650952,0.47269176003,0.227272727273,1.50755672289,1.03644524699,0.511363636364,1.3758835545,0.423348786001,4.66666666667,3.25,1.3758835545,4.66666666667,0.213333333333,0.176470588235,2,0.0121212121212,0.192592592593,11,11,11,1,0,0.0909090909091,0.636363636364,0.272727272727,-4,-0.0363636363636,0.206611570248,-0.727272727273,-0.4,-0.5,-0.468512129772,-0.0448951687355,-0.0636363636364,-0.48019676529,-0.169569868904,-0.109090909091,-0.43245264916,-0.0305599076407,-0.025,0.318984779967,0.07607179559,1.12121212121,0.206611570248,0.318984779967,1.12121212121,-0.285714285714,-0.223529411765,-6,-0.0363636363636,-0.062962962963,0,0,0,16,0,4,90,0.8,1,0,0.2,1,0.8,0.888888888889,0.875189948987,0.8,0.8,3,7,0,0,0,0
1450,WLNM_dir_neg,0.80612244898,0.68250120561,00:00:00,10,40,12,1174695161,threshold_sweep,0.1,0.833333333333,0.714285714286,0.769230769231,5,1,2,13,0.714285714286,0.928571428571,0.0714285714286,0.285714285714,0.833333333333,0.714285714286,0.769230769231,0.857142857143,0.571428571429,0.666666666667,0.67082039325,0.642857142857,20,13,7,0,20,0,13,0,7,11,20,0.181818181818,3.04338842975,3.63636363636,2,2.5,1.68954001271,0.464623503495,0.245454545455,1.16774841624,0.642261628933,0.336363636364,1.94000937205,1.06700515463,0.536363636364,1.05689877454,0.347276990411,3.54545454545,3.04338842975,1.05689877454,3.54545454545,0.499047619048,0.4,8,0.0484848484848,0.255555555556,11,11,11,1,0,0.0909090909091,0.636363636364,0.272727272727,11,0.118181818182,3.72727272727,2.36363636364,1.3,1.625,1.43336856898,0.6064251638,0.286713286713,0.603022689156,0.510249967747,0.237762237762,1.40129809949,1.18571377649,0.503496503497,2.05382127221,0.551025219373,7,3.72727272727,2.05382127221,7,0,0,0,0,0.22962962963,11,11,11,1,0,0.0909090909091,0.636363636364,0.272727272727,11,19,0.172727272727,NaN,3.45454545455,1.72727272727,2.375,1.57249078621,0.455194701272,0.239234449761,0.786245393107,0.455194701272,0.22966507177,1.84883255547,1.07037674264,0.535885167464,NaN,NaN,NaN,NaN,NaN,NaN,0.356666666667,0.283018867925,5,0.030303030303,0.211212121212,11,11,0,1,2,0,0.727272727273,0.272727272727,-1,-0.00909090909091,NaN,-0.181818181818,-0.272727272727,-0.125,-0.117049226495,-0.00942880222262,-0.00622009569378,-0.381503023135,-0.187066927661,-0.106698564593,-0.0911768165742,0.00337158801632,-0.000478468899521,NaN,NaN,NaN,NaN,NaN,NaN,-0.142380952381,-0.116981132075,-3,-0.0181818181818,-0.0443434343434,-0.0909090909091,0.0909090909091,0,18,1,2,89,0.9,0.988888888889,0.0111111111111,0.1,0.947368421053,0.9,0.923076923077,0.906956031802,0.888888888889,0.857142857143,6,7,0,0,0,0
1451,WLNM_dir_neg,0.80612244898,0.68250120561,00:00:00,10,40,12,1174695161,threshold_sweep,0.2,0.833333333333,0.714285714286,0.769230769231,5,1,2,13,0.714285714286,0.928571428571,0.0714285714286,0.285714285714,0.833333333333,0.714285714286,0.769230769231,0.857142857143,0.571428571429,0.666666666667,0.67082039325,0.642857142857,20,13,7,0,20,0,13,0,7,11,20,0.181818181818,3.04338842975,3.63636363636,2,2.5,1.68954001271,0.464623503495,0.245454545455,1.16774841624,0.642261628933,0.336363636364,1.94000937205,1.06700515463,0.536363636364,1.05689877454,0.347276990411,3.54545454545,3.04338842975,1.05689877454,3.54545454545,0.499047619048,0.4,8,0.0484848484848,0.255555555556,11,11,11,1,0,0.0909090909091,0.636363636364,0.272727272727,11,0.118181818182,3.72727272727,2.36363636364,1.3,1.625,1.43336856898,0.6064251638,0.286713286713,0.603022689156,0.510249967747,0.237762237762,1.40129809949,1.18571377649,0.503496503497,2.05382127221,0.551025219373,7,3.72727272727,2.05382127221,7,0,0,0,0,0.22962962963,11,11,11,1,0,0.0909090909091,0.636363636364,0.272727272727,11,19,0.172727272727,NaN,3.45454545455,1.72727272727,2.375,1.57249078621,0.455194701272,0.239234449761,0.786245393107,0.455194701272,0.22966507177,1.84883255547,1.07037674264,0.535885167464,NaN,NaN,NaN,NaN,NaN,NaN,0.356666666667,0.283018867925,5,0.030303030303,0.211212121212,11,11,0,1,2,0,0.727272727273,0.272727272727,-1,-0.00909090909091,NaN,-0.181818181818,-0.272727272727,-0.125,-0.117049226495,-0.00942880222262,-0.00622009569378,-0.381503023135,-0.187066927661,-0.106698564593,-0.0911768165742,0.00337158801632,-0.000478468899521,NaN,NaN,NaN,NaN,NaN,NaN,-0.142380952381,-0.116981132075,-3,-0.0181818181818,-0.0443434343434,-0.0909090909091,0.0909090909091,0,18,1,2,89,0.9,0.988888888889,0.0111111111111,0.1,0.947368421053,0.9,0.923076923077,0.906956031802,0.888888888889,0.857142857143,6,7,0,0,0,0
1452,WLNM_dir_neg,0.80612244898,0.68250120561,00:00:00,10,40,12,1174695161,threshold_sweep,0.3,0.833333333333,0.714285714286,0.769230769231,5,1,2,13,0.714285714286,0.928571428571,0.0714285714286,0.285714285714,0.833333333333,0.714285714286,0.769230769231,0.857142857143,0.571428571429,0.666666666667,0.67082039325,0.642857142857,20,13,7,0,20,0,13,0,7,11,20,0.181818181818,3.04338842975,3.63636363636,2,2.5,1.68954001271,0.464623503495,0.245454545455,1.16774841624,0.642261628933,0.336363636364,1.94000937205,1.06700515463,0.536363636364,1.05689877454,0.347276990411,3.54545454545,3.04338842975,1.05689877454,3.54545454545,0.499047619048,0.4,8,0.0484848484848,0.255555555556,11,11,11,1,0,0.0909090909091,0.636363636364,0.272727272727,11,0.118181818182,3.72727272727,2.36363636364,1.3,1.625,1.43336856898,0.6064251638,0.286713286713,0.603022689156,0.510249967747,0.237762237762,1.40129809949,1.18571377649,0.503496503497,2.05382127221,0.551025219373,7,3.72727272727,2.05382127221,7,0,0,0,0,0.22962962963,11,11,11,1,0,0.0909090909091,0.636363636364,0.272727272727,11,19,0.172727272727,NaN,3.45454545455,1.72727272727,2.375,1.57249078621,0.455194701272,0.239234449761,0.786245393107,0.455194701272,0.22966507177,1.84883255547,1.07037674264,0.535885167464,NaN,NaN,NaN,NaN,NaN,NaN,0.356666666667,0.283018867925,5,0.030303030303,0.211212121212,11,11,0,1,2,0,0.727272727273,0.272727272727,-1,-0.00909090909091,NaN,-0.181818181818,-0.272727272727,-0.125,-0.117049226495,-0.00942880222262,-0.00622009569378,-0.381503023135,-0.187066927661,-0.106698564593,-0.0911768165742,0.00337158801632,-0.000478468899521,NaN,NaN,NaN,NaN,NaN,NaN,-0.142380952381,-0.116981132075,-3,-0.0181818181818,-0.0443434343434,-0.0909090909091,0.0909090909091,0,18,1,2,89,0.9,0.988888888889,0.0111111111111,0.1,0.947368421053,0.9,0.923076923077,0.906956031802,0.888888888889,0.857142857143,6,7,0,0,0,0
1453,WLNM_dir_neg,0.80612244898,0.68250120561,00:00:00,10,40,12,1174695161,threshold_sweep,0.4,1,0.714285714286,0.833333333333,5,0,2,14,0.714285714286,1,0,0.285714285714,1,0.714285714286,0.833333333333,0.904761904762,0.587301587302,0.769230769231,0.790569415042,0.714285714286,20,13,7,0,20,0,13,0,7,11,20,0.181818181818,3.04338842975,3.63636363636,2,2.5,1.68954001271,0.464623503495,0.245454545455,1.16774841624,0.642261628933,0.336363636364,1.94000937205,1.06700515463,0.536363636364,1.05689877454,0.347276990411,3.54545454545,3.04338842975,1.05689877454,3.54545454545,0.499047619048,0.4,8,0.0484848484848,0.255555555556,11,11,11,1,0,0.0909090909091,0.636363636364,0.272727272727,11,0.118181818182,3.72727272727,2.36363636364,1.3,1.625,1.43336856898,0.6064251638,0.286713286713,0.603022689156,0.510249967747,0.237762237762,1.40129809949,1.18571377649,0.503496503497,2.05382127221,0.551025219373,7,3.72727272727,2.05382127221,7,0,0,0,0,0.22962962963,11,11,11,1,0,0.0909090909091,0.636363636364,0.272727272727,11,18,0.163636363636,3.11363636364,3.27272727273,1.8,2.25,1.42062726223,0.434080552347,0.227272727273,0.924416277737,0.564921058617,0.292929292929,1.68954001271,1.03249667443,0.525252525253,1.14353419474,0.367266456706,3.875,3.11363636364,1.14353419474,3.875,0.366666666667,0.266666666667,4,0.0242424242424,0.221111111111,11,11,11,1,0,0.0909090909091,0.636363636364,0.272727272727,-2,-0.0181818181818,0.0702479338843,-0.363636363636,-0.2,-0.25,-0.268912750482,-0.030542951148,-0.0181818181818,-0.243332138505,-0.0773405703161,-0.0434343434343,-0.250469359339,-0.0345084801933,-0.0111111111111,0.0866354202056,0.0199894662943,0.329545454545,0.0702479338843,0.0866354202056,0.329545454545,-0.132380952381,-0.133333333333,-4,-0.0242424242424,-0.0344444444444,0,0,0,18,0,2,90,0.9,1,0,0.1,1,0.9,0.947368421053,0.938314863257,0.9,0.9,5,7,0,0,0,0
1454,WLNM_dir_neg,0.80612244898,0.68250120561,00:00:00,10,40,12,1174695161,threshold_sweep,0.5,1,0.714285714286,0.833333333333,5,0,2,14,0.714285714286,1,0,0.285714285714,1,0.714285714286,0.833333333333,0.904761904762,0.587301587302,0.769230769231,0.790569415042,0.714285714286,20,13,7,0,20,0,13,0,7,11,20,0.181818181818,3.04338842975,3.63636363636,2,2.5,1.68954001271,0.464623503495,0.245454545455,1.16774841624,0.642261628933,0.336363636364,1.94000937205,1.06700515463,0.536363636364,1.05689877454,0.347276990411,3.54545454545,3.04338842975,1.05689877454,3.54545454545,0.499047619048,0.4,8,0.0484848484848,0.255555555556,11,11,11,1,0,0.0909090909091,0.636363636364,0.272727272727,11,0.118181818182,3.72727272727,2.36363636364,1.3,1.625,1.43336856898,0.6064251638,0.286713286713,0.603022689156,0.510249967747,0.237762237762,1.40129809949,1.18571377649,0.503496503497,2.05382127221,0.551025219373,7,3.72727272727,2.05382127221,7,0,0,0,0,0.22962962963,11,11,11,1,0,0.0909090909091,0.636363636364,0.272727272727,11,18,0.163636363636,3.11363636364,3.27272727273,1.8,2.25,1.42062726223,0.434080552347,0.227272727273,0.924416277737,0.564921058617,0.292929292929,1.68954001271,1.03249667443,0.525252525253,1.14353419474,0.367266456706,3.875,3.11363636364,1.14353419474,3.875,0.366666666667,0.266666666667,4,0.0242424242424,0.221111111111,11,11,11,1,0,0.0909090909091,0.636363636364,0.272727272727,-2,-0.0181818181818,0.0702479338843,-0.363636363636,-0.2,-0.25,-0.268912750482,-0.030542951148,-0.0181818181818,-0.243332138505,-0.0773405703161,-0.0434343434343,-0.250469359339,-0.0345084801933,-0.0111111111111,0.0866354202056,0.0199894662943,0.329545454545,0.0702479338843,0.0866354202056,0.329545454545,-0.132380952381,-0.133333333333,-4,-0.0242424242424,-0.0344444444444,0,0,0,18,0,2,90,0.9,1,0,0.1,1,0.9,0.947368421053,0.938314863257,0.9,0.9,5,7,0,0,0,0
1455,WLNM_dir_neg,0.80612244898,0.68250120561,00:00:00,10,40,12,1174695161,threshold_sweep,0.6,1,0.714285714286,0.833333333333,5,0,2,14,0.714285714286,1,0,0.285714285714,1,0.714285714286,0.833333333333,0.904761904762,0.587301587302,0.769230769231,0.790569415042,0.714285714286,20,13,7,0,20,0,13,0,7,11,20,0.181818181818,3.04338842975,3.63636363636,2,2.5,1.68954001271,0.464623503495,0.245454545455,1.16774841624,0.642261628933,0.336363636364,1.94000937205,1.06700515463,0.536363636364,1.05689877454,0.347276990411,3.54545454545,3.04338842975,1.05689877454,3.54545454545,0.499047619048,0.4,8,0.0484848484848,0.255555555556,11,11,11,1,0,0.0909090909091,0.636363636364,0.272727272727,11,0.118181818182,3.72727272727,2.36363636364,1.3,1.625,1.43336856898,0.6064251638,0.286713286713,0.603022689156,0.510249967747,0.237762237762,1.40129809949,1.18571377649,0.503496503497,2.05382127221,0.551025219373,7,3.72727272727,2.05382127221,7,0,0,0,0,0.22962962963,11,11,11,1,0,0.0909090909091,0.636363636364,0.272727272727,11,18,0.163636363636,3.11363636364,3.27272727273,1.8,2.25,1.42062726223,0.434080552347,0.227272727273,0.924416277737,0.564921058617,0.292929292929,1.68954001271,1.03249667443,0.525252525253,1.14353419474,0.367266456706,3.875,3.11363636364,1.14353419474,3.875,0.366666666667,0.266666666667,4,0.0242424242424,0.221111111111,11,11,11,1,0,0.0909090909091,0.636363636364,0.272727272727,-2,-0.0181818181818,0.0702479338843,-0.363636363636,-0.2,-0.25,-0.268912750482,-0.030542951148,-0.0181818181818,-0.243332138505,-0.0773405703161,-0.0434343434343,-0.250469359339,-0.0345084801933,-0.0111111111111,0.0866354202056,0.0199894662943,0.329545454545,0.0702479338843,0.0866354202056,0.329545454545,-0.132380952381,-0.133333333333,-4,-0.0242424242424,-0.0344444444444,0,0,0,18,0,2,90,0.9,1,0,0.1,1,0.9,0.947368421053,0.938314863257,0.9,0.9,5,7,0,0,0,0
1456,WLNM_dir_neg,0.80612244898,0.68250120561,00:00:00,10,40,12,1174695161,threshold_sweep,0.7,1,0.714285714286,0.833333333333,5,0,2,14,0.714285714286,1,0,0.285714285714,1,0.714285714286,0.833333333333,0.904761904762,0.587301587302,0.769230769231,0.790569415042,0.714285714286,20,13,7,0,20,0,13,0,7,11,20,0.181818181818,3.04338842975,3.63636363636,2,2.5,1.68954001271,0.464623503495,0.245454545455,1.16774841624,0.642261628933,0.336363636364,1.94000937205,1.06700515463,0.536363636364,1.05689877454,0.347276990411,3.54545454545,3.04338842975,1.05689877454,3.54545454545,0.499047619048,0.4,8,0.0484848484848,0.255555555556,11,11,11,1,0,0.0909090909091,0.636363636364,0.272727272727,11,0.118181818182,3.72727272727,2.36363636364,1.3,1.625,1.43336856898,0.6064251638,0.286713286713,0.603022689156,0.510249967747,0.237762237762,1.40129809949,1.18571377649,0.503496503497,2.05382127221,0.551025219373,7,3.72727272727,2.05382127221,7,0,0,0,0,0.22962962963,11,11,11,1,0,0.0909090909091,0.636363636364,0.272727272727,11,18,0.163636363636,3.11363636364,3.27272727273,1.8,2.25,1.42062726223,0.434080552347,0.227272727273,0.924416277737,0.564921058617,0.292929292929,1.68954001271,1.03249667443,0.525252525253,1.14353419474,0.367266456706,3.875,3.11363636364,1.14353419474,3.875,0.366666666667,0.266666666667,4,0.0242424242424,0.221111111111,11,11,11,1,0,0.0909090909091,0.636363636364,0.272727272727,-2,-0.0181818181818,0.0702479338843,-0.363636363636,-0.2,-0.25,-0.268912750482,-0.030542951148,-0.0181818181818,-0.243332138505,-0.0773405703161,-0.0434343434343,-0.250469359339,-0.0345084801933,-0.0111111111111,0.0866354202056,0.0199894662943,0.329545454545,0.0702479338843,0.0866354202056,0.329545454545,-0.132380952381,-0.133333333333,-4,-0.0242424242424,-0.0344444444444,0,0,0,18,0,2,90,0.9,1,0,0.1,1,0.9,0.947368421053,0.938314863257,0.9,0.9,5,7,0,0,0,0
1457,WLNM_dir_neg,0.80612244898,0.68250120561,00:00:00,10,40,12,1174695161,threshold_sweep,0.8,1,0.714285714286,0.833333333333,5,0,2,14,0.714285714286,1,0,0.285714285714,1,0.714285714286,0.833333333333,0.904761904762,0.587301587302,0.769230769231,0.790569415042,0.714285714286,20,13,7,0,20,0,13,0,7,11,20,0.181818181818,3.04338842975,3.63636363636,2,2.5,1.68954001271,0.464623503495,0.245454545455,1.16774841624,0.642261628933,0.336363636364,1.94000937205,1.06700515463,0.536363636364,1.05689877454,0.347276990411,3.54545454545,3.04338842975,1.05689877454,3.54545454545,0.499047619048,0.4,8,0.0484848484848,0.255555555556,11,11,11,1,0,0.0909090909091,0.636363636364,0.272727272727,11,0.118181818182,3.72727272727,2.36363636364,1.3,1.625,1.43336856898,0.6064251638,0.286713286713,0.603022689156,0.510249967747,0.237762237762,1.40129809949,1.18571377649,0.503496503497,2.05382127221,0.551025219373,7,3.72727272727,2.05382127221,7,0,0,0,0,0.22962962963,11,11,11,1,0,0.0909090909091,0.636363636364,0.272727272727,11,18,0.163636363636,3.11363636364,3.27272727273,1.8,2.25,1.42062726223,0.434080552347,0.227272727273,0.924416277737,0.564921058617,0.292929292929,1.68954001271,1.03249667443,0.525252525253,1.14353419474,0.367266456706,3.875,3.11363636364,1.14353419474,3.875,0.366666666667,0.266666666667,4,0.0242424242424,0.221111111111,11,11,11,1,0,0.0909090909091,0.636363636364,0.272727272727,-2,-0.0181818181818,0.0702479338843,-0.363636363636,-0.2,-0.25,-0.268912750482,-0.030542951148,-0.0181818181818,-0.243332138505,-0.0773405703161,-0.0434343434343,-0.250469359339,-0.0345084801933,-0.0111111111111,0.0866354202056,0.0199894662943,0.329545454545,0.0702479338843,0.0866354202056,0.329545454545,-0.132380952381,-0.133333333333,-4,-0.0242424242424,-0.0344444444444,0,0,0,18,0,2,90,0.9,1,0,0.1,1,0.9,0.947368421053,0.938314863257,0.9,0.9,5,7,0,0,0,0
1458,WLNM_dir_neg,0.80612244898,0.68250120561,00:00:00,10,40,12,1174695161,threshold_sweep,0.9,1,0.714285714286,0.833333333333,5,0,2,14,0.714285714286,1,0,0.285714285714,1,0.714285714286,0.833333333333,0.904761904762,0.587301587302,0.769230769231,0.790569415042,0.714285714286,20,13,7,0,20,0,13,0,7,11,20,0.181818181818,3.04338842975,3.63636363636,2,2.5,1.68954001271,0.464623503495,0.245454545455,1.16774841624,0.642261628933,0.336363636364,1.94000937205,1.06700515463,0.536363636364,1.05689877454,0.347276990411,3.54545454545,3.04338842975,1.05689877454,3.54545454545,0.499047619048,0.4,8,0.0484848484848,0.255555555556,11,11,11,1,0,0.0909090909091,0.636363636364,0.272727272727,11,0.118181818182,3.72727272727,2.36363636364,1.3,1.625,1.43336856898,0.6064251638,0.286713286713,0.603022689156,0.510249967747,0.237762237762,1.40129809949,1.18571377649,0.503496503497,2.05382127221,0.551025219373,7,3.72727272727,2.05382127221,7,0,0,0,0,0.22962962963,11,11,11,1,0,0.0909090909091,0.636363636364,0.272727272727,11,18,0.163636363636,3.11363636364,3.27272727273,1.8,2.25,1.42062726223,0.434080552347,0.227272727273,0.924416277737,0.564921058617,0.292929292929,1.68954001271,1.03249667443,0.525252525253,1.14353419474,0.367266456706,3.875,3.11363636364,1.14353419474,3.875,0.366666666667,0.266666666667,4,0.0242424242424,0.221111111111,11,11,11,1,0,0.0909090909091,0.636363636364,0.272727272727,-2,-0.0181818181818,0.0702479338843,-0.363636363636,-0.2,-0.25,-0.268912750482,-0.030542951148,-0.0181818181818,-0.243332138505,-0.0773405703161,-0.0434343434343,-0.250469359339,-0.0345084801933,-0.0111111111111,0.0866354202056,0.0199894662943,0.329545454545,0.0702479338843,0.0866354202056,0.329545454545,-0.132380952381,-0.133333333333,-4,-0.0242424242424,-0.0344444444444,0,0,0,18,0,2,90,0.9,1,0,0.1,1,0.9,0.947368421053,0.938314863257,0.9,0.9,5,7,0,0,0,0
1459,WLNM_dir_neg,0.84693877551,0.699431818182,00:00:00,10,40,13,1174695162,threshold_sweep,0.1,0.833333333333,0.714285714286,0.769230769231,5,1,2,13,0.714285714286,0.928571428571,0.0714285714286,0.285714285714,0.833333333333,0.714285714286,0.769230769231,0.857142857143,0.571428571429,0.666666666667,0.67082039325,0.642857142857,20,13,7,0,20,0,13,0,7,11,20,0.181818181818,3.04338842975,3.63636363636,2,2.5,1.68954001271,0.464623503495,0.245454545455,1.16774841624,0.642261628933,0.336363636364,1.94000937205,1.06700515463,0.536363636364,1.05689877454,0.347276990411,3.54545454545,3.04338842975,1.05689877454,3.54545454545,0.499047619048,0.4,8,0.0484848484848,0.255555555556,11,11,11,1,0,0.0909090909091,0.636363636364,0.272727272727,11,0.118181818182,3.72727272727,2.36363636364,1.3,1.625,1.43336856898,0.6064251638,0.286713286713,0.603022689156,0.510249967747,0.237762237762,1.40129809949,1.18571377649,0.503496503497,2.05382127221,0.551025219373,7,3.72727272727,2.05382127221,7,0,0,0,0,0.22962962963,11,11,11,1,0,0.0909090909091,0.636363636364,0.272727272727,11,19,0.172727272727,3.45727272727,3.45454545455,1.9,2.375,1.50755672289,0.436397998731,0.234449760766,0.904534033733,0.523677598477,0.267942583732,1.67874411933,0.971904490138,0.507177033493,1.45945257483,0.422139845468,4.4,3.45727272727,1.45945257483,4.4,0.366666666667,0.266666666667,4,0.0242424242424,0.197037037037,11,11,11,1,0,0.0909090909091,0.636363636364,0.272727272727,-1,-0.00909090909091,0.413884297521,-0.181818181818,-0.1,-0.125,-0.18198328982,-0.0282255047641,-0.011004784689,-0.263214382509,-0.118584030456,-0.0684210526316,-0.26126525272,-0.0951006644889,-0.0291866028708,0.402553800294,0.0748628550566,0.854545454545,0.413884297521,0.402553800294,0.854545454545,-0.132380952381,-0.133333333333,-4,-0.0242424242424,-0.0585185185185,0,0,0,18,1,2,89,0.9,0.988888888889,0.0111111111111,0.1,0.947368421053,0.9,0.923076923077,0.906956031802,0.888888888889,0.857142857143,6,7,0,0,0,0
1460,WLNM_dir_neg,0.84693877551,0.699431818182,00:00:00,10,40,13,1174695162,threshold_sweep,0.2,0.833333333333,0.714285714286,0.769230769231,5,1,2,13,0.714285714286,0.928571428571,0.0714285714286,0.285714285714,0.833333333333,0.714285714286,0.769230769231,0.857142857143,0.571428571429,0.666666666667,0.67082039325,0.642857142857,20,13,7,0,20,0,13,0,7,11,20,0.181818181818,3.04338842975,3.63636363636,2,2.5,1.68954001271,0.464623503495,0.245454545455,1.16774841624,0.642261628933,0.336363636364,1.94000937205,1.06700515463,0.536363636364,1.05689877454,0.347276990411,3.54545454545,3.04338842975,1.05689877454,3.54545454545,0.499047619048,0.4,8,0.0484848484848,0.255555555556,11,11,11,1,0,0.0909090909091,0.636363636364,0.272727272727,11,0.118181818182,3.72727272727,2.36363636364,1.3,1.625,1.43336856898,0.6064251638,0.286713286713,0.603022689156,0.510249967747,0.237762237762,1.40129809949,1.18571377649,0.503496503497,2.05382127221,0.551025219373,7,3.72727272727,2.05382127221,7,0,0,0,0,0.22962962963,11,11,11,1,0,0.0909090909091,0.636363636364,0.272727272727,11,19,0.172727272727,3.45727272727,3.45454545455,1.9,2.375,1.50755672289,0.436397998731,0.234449760766,0.904534033733,0.523677598477,0.267942583732,1.67874411933,0.971904490138,0.507177033493,1.45945257483,0.422139845468,4.4,3.45727272727,1.45945257483,4.4,0.366666666667,0.266666666667,4,0.0242424242424,0.197037037037,11,11,11,1,0,0.0909090909091,0.636363636364,0.272727272727,-1,-0.00909090909091,0.413884297521,-0.181818181818,-0.1,-0.125,-0.18198328982,-0.0282255047641,-0.011004784689,-0.263214382509,-0.118584030456,-0.0684210526316,-0.26126525272,-0.0951006644889,-0.0291866028708,0.402553800294,0.0748628550566,0.854545454545,0.413884297521,0.402553800294,0.854545454545,-0.132380952381,-0.133333333333,-4,-0.0242424242424,-0.0585185185185,0,0,0,18,1,2,89,0.9,0.988888888889,0.0111111111111,0.1,0.947368421053,0.9,0.923076923077,0.906956031802,0.888888888889,0.857142857143,6,7,0,0,0,0
1461,WLNM_dir_neg,0.84693877551,0.699431818182,00:00:00,10,40,13,1174695162,threshold_sweep,0.3,0.833333333333,0.714285714286,0.769230769231,5,1,2,13,0.714285714286,0.928571428571,0.0714285714286,0.285714285714,0.833333333333,0.714285714286,0.769230769231,0.857142857143,0.571428571429,0.666666666667,0.67082039325,0.642857142857,20,13,7,0,20,0,13,0,7,11,20,0.181818181818,3.04338842975,3.63636363636,2,2.5,1.68954001271,0.464623503495,0.245454545455,1.16774841624,0.642261628933,0.336363636364,1.94000937205,1.06700515463,0.536363636364,1.05689877454,0.347276990411,3.54545454545,3.04338842975,1.05689877454,3.54545454545,0.499047619048,0.4,8,0.0484848484848,0.255555555556,11,11,11,1,0,0.0909090909091,0.636363636364,0.272727272727,11,0.118181818182,3.72727272727,2.36363636364,1.3,1.625,1.43336856898,0.6064251638,0.286713286713,0.603022689156,0.510249967747,0.237762237762,1.40129809949,1.18571377649,0.503496503497,2.05382127221,0.551025219373,7,3.72727272727,2.05382127221,7,0,0,0,0,0.22962962963,11,11,11,1,0,0.0909090909091,0.636363636364,0.272727272727,11,19,0.172727272727,3.45727272727,3.45454545455,1.9,2.375,1.50755672289,0.436397998731,0.234449760766,0.904534033733,0.523677598477,0.267942583732,1.67874411933,0.971904490138,0.507177033493,1.45945257483,0.422139845468,4.4,3.45727272727,1.45945257483,4.4,0.366666666667,0.266666666667,4,0.0242424242424,0.197037037037,11,11,11,1,0,0.0909090909091,0.636363636364,0.272727272727,-1,-0.00909090909091,0.413884297521,-0.181818181818,-0.1,-0.125,-0.18198328982,-0.0282255047641,-0.011004784689,-0.263214382509,-0.118584030456,-0.0684210526316,-0.26126525272,-0.0951006644889,-0.0291866028708,0.402553800294,0.0748628550566,0.854545454545,0.413884297521,0.402553800294,0.854545454545,-0.132380952381,-0.133333333333,-4,-0.0242424242424,-0.0585185185185,0,0,0,18,1,2,89,0.9,0.988888888889,0.0111111111111,0.1,0.947368421053,0.9,0.923076923077,0.906956031802,0.888888888889,0.857142857143,6,7,0,0,0,0
1462,WLNM_dir_neg,0.84693877551,0.699431818182,00:00:00,10,40,13,1174695162,threshold_sweep,0.4,0.833333333333,0.714285714286,0.769230769231,5,1,2,13,0.714285714286,0.928571428571,0.0714285714286,0.285714285714,0.833333333333,0.714285714286,0.769230769231,0.857142857143,0.571428571429,0.666666666667,0.67082039325,0.642857142857,20,13,7,0,20,0,13,0,7,11,20,0.181818181818,3.04338842975,3.63636363636,2,2.5,1.68954001271,0.464623503495,0.245454545455,1.16774841624,0.642261628933,0.336363636364,1.94000937205,1.06700515463,0.536363636364,1.05689877454,0.347276990411,3.54545454545,3.04338842975,1.05689877454,3.54545454545,0.499047619048,0.4,8,0.0484848484848,0.255555555556,11,11,11,1,0,0.0909090909091,0.636363636364,0.272727272727,11,0.118181818182,3.72727272727,2.36363636364,1.3,1.625,1.43336856898,0.6064251638,0.286713286713,0.603022689156,0.510249967747,0.237762237762,1.40129809949,1.18571377649,0.503496503497,2.05382127221,0.551025219373,7,3.72727272727,2.05382127221,7,0,0,0,0,0.22962962963,11,11,11,1,0,0.0909090909091,0.636363636364,0.272727272727,11,19,0.172727272727,3.45727272727,3.45454545455,1.9,2.375,1.50755672289,0.436397998731,0.234449760766,0.904534033733,0.523677598477,0.267942583732,1.67874411933,0.971904490138,0.507177033493,1.45945257483,0.422139845468,4.4,3.45727272727,1.45945257483,4.4,0.366666666667,0.266666666667,4,0.0242424242424,0.197037037037,11,11,11,1,0,0.0909090909091,0.636363636364,0.272727272727,-1,-0.00909090909091,0.413884297521,-0.181818181818,-0.1,-0.125,-0.18198328982,-0.0282255047641,-0.011004784689,-0.263214382509,-0.118584030456,-0.0684210526316,-0.26126525272,-0.0951006644889,-0.0291866028708,0.402553800294,0.0748628550566,0.854545454545,0.413884297521,0.402553800294,0.854545454545,-0.132380952381,-0.133333333333,-4,-0.0242424242424,-0.0585185185185,0,0,0,18,1,2,89,0.9,0.988888888889,0.0111111111111,0.1,0.947368421053,0.9,0.923076923077,0.906956031802,0.888888888889,0.857142857143,6,7,0,0,0,0
1463,WLNM_dir_neg,0.84693877551,0.699431818182,00:00:00,10,40,13,1174695162,threshold_sweep,0.5,1,0.714285714286,0.833333333333,5,0,2,14,0.714285714286,1,0,0.285714285714,1,0.714285714286,0.833333333333,0.904761904762,0.587301587302,0.769230769231,0.790569415042,0.714285714286,20,13,7,0,20,0,13,0,7,11,20,0.181818181818,3.04338842975,3.63636363636,2,2.5,1.68954001271,0.464623503495,0.245454545455,1.16774841624,0.642261628933,0.336363636364,1.94000937205,1.06700515463,0.536363636364,1.05689877454,0.347276990411,3.54545454545,3.04338842975,1.05689877454,3.54545454545,0.499047619048,0.4,8,0.0484848484848,0.255555555556,11,11,11,1,0,0.0909090909091,0.636363636364,0.272727272727,11,0.118181818182,3.72727272727,2.36363636364,1.3,1.625,1.43336856898,0.6064251638,0.286713286713,0.603022689156,0.510249967747,0.237762237762,1.40129809949,1.18571377649,0.503496503497,2.05382127221,0.551025219373,7,3.72727272727,2.05382127221,7,0,0,0,0,0.22962962963,11,11,11,1,0,0.0909090909091,0.636363636364,0.272727272727,11,18,0.163636363636,3.11363636364,3.27272727273,1.8,2.25,1.42062726223,0.434080552347,0.227272727273,0.924416277737,0.564921058617,0.292929292929,1.68954001271,1.03249667443,0.525252525253,1.14353419474,0.367266456706,3.875,3.11363636364,1.14353419474,3.875,0.366666666667,0.266666666667,4,0.0242424242424,0.221111111111,11,11,11,1,0,0.0909090909091,0.636363636364,0.272727272727,-2,-0.0181818181818,0.0702479338843,-0.363636363636,-0.2,-0.25,-0.268912750482,-0.030542951148,-0.0181818181818,-0.243332138505,-0.0773405703161,-0.0434343434343,-0.250469359339,-0.0345084801933,-0.0111111111111,0.0866354202056,0.0199894662943,0.329545454545,0.0702479338843,0.0866354202056,0.329545454545,-0.132380952381,-0.133333333333,-4,-0.0242424242424,-0.0344444444444,0,0,0,18,0,2,90,0.9,1,0,0.1,1,0.9,0.947368421053,0.938314863257,0.9,0.9,5,7,0,0,0,0
1464,WLNM_dir_neg,0.84693877551,0.699431818182,00:00:00,10,40,13,1174695162,threshold_sweep,0.6,1,0.714285714286,0.833333333333,5,0,2,14,0.714285714286,1,0,0.285714285714,1,0.714285714286,0.833333333333,0.904761904762,0.587301587302,0.769230769231,0.790569415042,0.714285714286,20,13,7,0,20,0,13,0,7,11,20,0.181818181818,3.04338842975,3.63636363636,2,2.5,1.68954001271,0.464623503495,0.245454545455,1.16774841624,0.642261628933,0.336363636364,1.94000937205,1.06700515463,0.536363636364,1.05689877454,0.347276990411,3.54545454545,3.04338842975,1.05689877454,3.54545454545,0.499047619048,0.4,8,0.0484848484848,0.255555555556,11,11,11,1,0,0.0909090909091,0.636363636364,0.272727272727,11,0.118181818182,3.72727272727,2.36363636364,1.3,1.625,1.43336856898,0.6064251638,0.286713286713,0.603022689156,0.510249967747,0.237762237762,1.40129809949,1.18571377649,0.503496503497,2.05382127221,0.551025219373,7,3.72727272727,2.05382127221,7,0,0,0,0,0.22962962963,11,11,11,1,0,0.0909090909091,0.636363636364,0.272727272727,11,18,0.163636363636,3.11363636364,3.27272727273,1.8,2.25,1.42062726223,0.434080552347,0.227272727273,0.924416277737,0.564921058617,0.292929292929,1.68954001271,1.03249667443,0.525252525253,1.14353419474,0.367266456706,3.875,3.11363636364,1.14353419474,3.875,0.366666666667,0.266666666667,4,0.0242424242424,0.221111111111,11,11,11,1,0,0.0909090909091,0.636363636364,0.272727272727,-2,-0.0181818181818,0.0702479338843,-0.363636363636,-0.2,-0.25,-0.268912750482,-0.030542951148,-0.0181818181818,-0.243332138505,-0.0773405703161,-0.0434343434343,-0.250469359339,-0.0345084801933,-0.0111111111111,0.0866354202056,0.0199894662943,0.329545454545,0.0702479338843,0.0866354202056,0.329545454545,-0.132380952381,-0.133333333333,-4,-0.0242424242424,-0.0344444444444,0,0,0,18,0,2,90,0.9,1,0,0.1,1,0.9,0.947368421053,0.938314863257,0.9,0.9,5,7,0,0,0,0
1465,WLNM_dir_neg,0.84693877551,0.699431818182,00:00:00,10,40,13,1174695162,threshold_sweep,0.7,1,0.714285714286,0.833333333333,5,0,2,14,0.714285714286,1,0,0.285714285714,1,0.714285714286,0.833333333333,0.904761904762,0.587301587302,0.769230769231,0.790569415042,0.714285714286,20,13,7,0,20,0,13,0,7,11,20,0.181818181818,3.04338842975,3.63636363636,2,2.5,1.68954001271,0.464623503495,0.245454545455,1.16774841624,0.642261628933,0.336363636364,1.94000937205,1.06700515463,0.536363636364,1.05689877454,0.347276990411,3.54545454545,3.04338842975,1.05689877454,3.54545454545,0.499047619048,0.4,8,0.0484848484848,0.255555555556,11,11,11,1,0,0.0909090909091,0.636363636364,0.272727272727,11,0.118181818182,3.72727272727,2.36363636364,1.3,1.625,1.43336856898,0.6064251638,0.286713286713,0.603022689156,0.510249967747,0.237762237762,1.40129809949,1.18571377649,0.503496503497,2.05382127221,0.551025219373,7,3.72727272727,2.05382127221,7,0,0,0,0,0.22962962963,11,11,11,1,0,0.0909090909091,0.636363636364,0.272727272727,11,18,0.163636363636,3.11363636364,3.27272727273,1.8,2.25,1.42062726223,0.434080552347,0.227272727273,0.924416277737,0.564921058617,0.292929292929,1.68954001271,1.03249667443,0.525252525253,1.14353419474,0.367266456706,3.875,3.11363636364,1.14353419474,3.875,0.366666666667,0.266666666667,4,0.0242424242424,0.221111111111,11,11,11,1,0,0.0909090909091,0.636363636364,0.272727272727,-2,-0.0181818181818,0.0702479338843,-0.363636363636,-0.2,-0.25,-0.268912750482,-0.030542951148,-0.0181818181818,-0.243332138505,-0.0773405703161,-0.0434343434343,-0.250469359339,-0.0345084801933,-0.0111111111111,0.0866354202056,0.0199894662943,0.329545454545,0.0702479338843,0.0866354202056,0.329545454545,-0.132380952381,-0.133333333333,-4,-0.0242424242424,-0.0344444444444,0,0,0,18,0,2,90,0.9,1,0,0.1,1,0.9,0.947368421053,0.938314863257,0.9,0.9,5,7,0,0,0,0
1466,WLNM_dir_neg,0.84693877551,0.699431818182,00:00:00,10,40,13,1174695162,threshold_sweep,0.8,1,0.714285714286,0.833333333333,5,0,2,14,0.714285714286,1,0,0.285714285714,1,0.714285714286,0.833333333333,0.904761904762,0.587301587302,0.769230769231,0.790569415042,0.714285714286,20,13,7,0,20,0,13,0,7,11,20,0.181818181818,3.04338842975,3.63636363636,2,2.5,1.68954001271,0.464623503495,0.245454545455,1.16774841624,0.642261628933,0.336363636364,1.94000937205,1.06700515463,0.536363636364,1.05689877454,0.347276990411,3.54545454545,3.04338842975,1.05689877454,3.54545454545,0.499047619048,0.4,8,0.0484848484848,0.255555555556,11,11,11,1,0,0.0909090909091,0.636363636364,0.272727272727,11,0.118181818182,3.72727272727,2.36363636364,1.3,1.625,1.43336856898,0.6064251638,0.286713286713,0.603022689156,0.510249967747,0.237762237762,1.40129809949,1.18571377649,0.503496503497,2.05382127221,0.551025219373,7,3.72727272727,2.05382127221,7,0,0,0,0,0.22962962963,11,11,11,1,0,0.0909090909091,0.636363636364,0.272727272727,11,18,0.163636363636,3.11363636364,3.27272727273,1.8,2.25,1.42062726223,0.434080552347,0.227272727273,0.924416277737,0.564921058617,0.292929292929,1.68954001271,1.03249667443,0.525252525253,1.14353419474,0.367266456706,3.875,3.11363636364,1.14353419474,3.875,0.366666666667,0.266666666667,4,0.0242424242424,0.221111111111,11,11,11,1,0,0.0909090909091,0.636363636364,0.272727272727,-2,-0.0181818181818,0.0702479338843,-0.363636363636,-0.2,-0.25,-0.268912750482,-0.030542951148,-0.0181818181818,-0.243332138505,-0.0773405703161,-0.0434343434343,-0.250469359339,-0.0345084801933,-0.0111111111111,0.0866354202056,0.0199894662943,0.329545454545,0.0702479338843,0.0866354202056,0.329545454545,-0.132380952381,-0.133333333333,-4,-0.0242424242424,-0.0344444444444,0,0,0,18,0,2,90,0.9,1,0,0.1,1,0.9,0.947368421053,0.938314863257,0.9,0.9,5,7,0,0,0,0
1467,WLNM_dir_neg,0.84693877551,0.699431818182,00:00:00,10,40,13,1174695162,threshold_sweep,0.9,1,0.714285714286,0.833333333333,5,0,2,14,0.714285714286,1,0,0.285714285714,1,0.714285714286,0.833333333333,0.904761904762,0.587301587302,0.769230769231,0.790569415042,0.714285714286,20,13,7,0,20,0,13,0,7,11,20,0.181818181818,3.04338842975,3.63636363636,2,2.5,1.68954001271,0.464623503495,0.245454545455,1.16774841624,0.642261628933,0.336363636364,1.94000937205,1.06700515463,0.536363636364,1.05689877454,0.347276990411,3.54545454545,3.04338842975,1.05689877454,3.54545454545,0.499047619048,0.4,8,0.0484848484848,0.255555555556,11,11,11,1,0,0.0909090909091,0.636363636364,0.272727272727,11,0.118181818182,3.72727272727,2.36363636364,1.3,1.625,1.43336856898,0.6064251638,0.286713286713,0.603022689156,0.510249967747,0.237762237762,1.40129809949,1.18571377649,0.503496503497,2.05382127221,0.551025219373,7,3.72727272727,2.05382127221,7,0,0,0,0,0.22962962963,11,11,11,1,0,0.0909090909091,0.636363636364,0.272727272727,11,18,0.163636363636,3.11363636364,3.27272727273,1.8,2.25,1.42062726223,0.434080552347,0.227272727273,0.924416277737,0.564921058617,0.292929292929,1.68954001271,1.03249667443,0.525252525253,1.14353419474,0.367266456706,3.875,3.11363636364,1.14353419474,3.875,0.366666666667,0.266666666667,4,0.0242424242424,0.221111111111,11,11,11,1,0,0.0909090909091,0.636363636364,0.272727272727,-2,-0.0181818181818,0.0702479338843,-0.363636363636,-0.2,-0.25,-0.268912750482,-0.030542951148,-0.0181818181818,-0.243332138505,-0.0773405703161,-0.0434343434343,-0.250469359339,-0.0345084801933,-0.0111111111111,0.0866354202056,0.0199894662943,0.329545454545,0.0702479338843,0.0866354202056,0.329545454545,-0.132380952381,-0.133333333333,-4,-0.0242424242424,-0.0344444444444,0,0,0,18,0,2,90,0.9,1,0,0.1,1,0.9,0.947368421053,0.938314863257,0.9,0.9,5,7,0,0,0,0
1468,WLNM_dir_neg,0.80612244898,0.531390831391,00:00:00,10,40,14,1174695163,threshold_sweep,0.1,0.666666666667,0.571428571429,0.615384615385,4,2,3,12,0.571428571429,0.857142857143,0.142857142857,0.428571428571,0.666666666667,0.571428571429,0.615384615385,0.761904761905,0.571428571429,0.444444444444,0.4472135955,0.428571428571,20,13,7,0,20,0,13,0,7,11,20,0.181818181818,3.04338842975,3.63636363636,2,2.5,1.68954001271,0.464623503495,0.245454545455,1.16774841624,0.642261628933,0.336363636364,1.94000937205,1.06700515463,0.536363636364,1.05689877454,0.347276990411,3.54545454545,3.04338842975,1.05689877454,3.54545454545,0.499047619048,0.4,8,0.0484848484848,0.255555555556,11,11,11,1,0,0.0909090909091,0.636363636364,0.272727272727,11,0.118181818182,3.72727272727,2.36363636364,1.3,1.625,1.43336856898,0.6064251638,0.286713286713,0.603022689156,0.510249967747,0.237762237762,1.40129809949,1.18571377649,0.503496503497,2.05382127221,0.551025219373,7,3.72727272727,2.05382127221,7,0,0,0,0,0.22962962963,11,11,11,1,0,0.0909090909091,0.636363636364,0.272727272727,11,19,0.172727272727,8.72727272727,3.45454545455,1.9,2.375,1.80906806747,0.523677598477,0.248803827751,0.904534033733,0.523677598477,0.267942583732,1.55505042304,0.900292350178,0.468899521531,3.25855517341,0.37337611362,11,8.72727272727,3.25855517341,11,0.434523809524,0.315789473684,6,0.0363636363636,0.203703703704,11,11,11,1,0,0.0909090909091,0.636363636364,0.272727272727,-1,-0.00909090909091,5.68388429752,-0.181818181818,-0.1,-0.125,0.119528054757,0.0590540949821,0.00334928229665,-0.263214382509,-0.118584030456,-0.0684210526316,-0.384958949013,-0.166712804448,-0.0674641148325,2.20165639888,0.026099123209,7.45454545455,5.68388429752,2.20165639888,7.45454545455,-0.0645238095238,-0.0842105263158,-2,-0.0121212121212,-0.0518518518519,0,0,0,17,2,3,88,0.85,0.977777777778,0.0222222222222,0.15,0.894736842105,0.85,0.871794871795,0.844602804616,0.827777777778,0.772727272727,6,7,0,0,0,0
1469,WLNM_dir_neg,0.80612244898,0.531390831391,00:00:00,10,40,14,1174695163,threshold_sweep,0.2,0.666666666667,0.571428571429,0.615384615385,4,2,3,12,0.571428571429,0.857142857143,0.142857142857,0.428571428571,0.666666666667,0.571428571429,0.615384615385,0.761904761905,0.571428571429,0.444444444444,0.4472135955,0.428571428571,20,13,7,0,20,0,13,0,7,11,20,0.181818181818,3.04338842975,3.63636363636,2,2.5,1.68954001271,0.464623503495,0.245454545455,1.16774841624,0.642261628933,0.336363636364,1.94000937205,1.06700515463,0.536363636364,1.05689877454,0.347276990411,3.54545454545,3.04338842975,1.05689877454,3.54545454545,0.499047619048,0.4,8,0.0484848484848,0.255555555556,11,11,11,1,0,0.0909090909091,0.636363636364,0.272727272727,11,0.118181818182,3.72727272727,2.36363636364,1.3,1.625,1.43336856898,0.6064251638,0.286713286713,0.603022689156,0.510249967747,0.237762237762,1.40129809949,1.18571377649,0.503496503497,2.05382127221,0.551025219373,7,3.72727272727,2.05382127221,7,0,0,0,0,0.22962962963,11,11,11,1,0,0.0909090909091,0.636363636364,0.272727272727,11,19,0.172727272727,8.72727272727,3.45454545455,1.9,2.375,1.80906806747,0.523677598477,0.248803827751,0.904534033733,0.523677598477,0.267942583732,1.55505042304,0.900292350178,0.468899521531,3.25855517341,0.37337611362,11,8.72727272727,3.25855517341,11,0.434523809524,0.315789473684,6,0.0363636363636,0.203703703704,11,11,11,1,0,0.0909090909091,0.636363636364,0.272727272727,-1,-0.00909090909091,5.68388429752,-0.181818181818,-0.1,-0.125,0.119528054757,0.0590540949821,0.00334928229665,-0.263214382509,-0.118584030456,-0.0684210526316,-0.384958949013,-0.166712804448,-0.0674641148325,2.20165639888,0.026099123209,7.45454545455,5.68388429752,2.20165639888,7.45454545455,-0.0645238095238,-0.0842105263158,-2,-0.0121212121212,-0.0518518518519,0,0,0,17,2,3,88,0.85,0.977777777778,0.0222222222222,0.15,0.894736842105,0.85,0.871794871795,0.844602804616,0.827777777778,0.772727272727,6,7,0,0,0,0
1470,WLNM_dir_neg,0.80612244898,0.531390831391,00:00:00,10,40,14,1174695163,threshold_sweep,0.3,0.8,0.571428571429,0.666666666667,4,1,3,13,0.571428571429,0.928571428571,0.0714285714286,0.428571428571,0.8,0.571428571429,0.666666666667,0.809523809524,0.587301587302,0.538461538462,0.553398590529,0.5,20,13,7,0,20,0,13,0,7,11,20,0.181818181818,3.04338842975,3.63636363636,2,2.5,1.68954001271,0.464623503495,0.245454545455,1.16774841624,0.642261628933,0.336363636364,1.94000937205,1.06700515463,0.536363636364,1.05689877454,0.347276990411,3.54545454545,3.04338842975,1.05689877454,3.54545454545,0.499047619048,0.4,8,0.0484848484848,0.255555555556,11,11,11,1,0,0.0909090909091,0.636363636364,0.272727272727,11,0.118181818182,3.72727272727,2.36363636364,1.3,1.625,1.43336856898,0.6064251638,0.286713286713,0.603022689156,0.510249967747,0.237762237762,1.40129809949,1.18571377649,0.503496503497,2.05382127221,0.551025219373,7,3.72727272727,2.05382127221,7,0,0,0,0,0.22962962963,11,11,11,1,0,0.0909090909091,0.636363636364,0.272727272727,11,18,0.163636363636,6.34090909091,3.27272727273,1.8,2.25,1.55505042304,0.475154295927,0.232323232323,0.809039834956,0.494413232473,0.242424242424,1.5666989036,0.957427107756,0.494949494949,2.31913973079,0.365742466504,8,6.34090909091,2.31913973079,8,0.364285714286,0.255319148936,4,0.0242424242424,0.201851851852,11,11,11,1,0,0.0909090909091,0.636363636364,0.272727272727,-2,-0.0181818181818,3.29752066116,-0.363636363636,-0.2,-0.25,-0.134489589674,0.0105307924324,-0.0131313131313,-0.358708581286,-0.14784839646,-0.0939393939394,-0.373310468447,-0.10957804687,-0.0414141414141,1.26224095625,0.0184654760925,4.45454545455,3.29752066116,1.26224095625,4.45454545455,-0.134761904762,-0.144680851064,-4,-0.0242424242424,-0.0537037037037,0,0,0,17,1,3,89,0.85,0.988888888889,0.0111111111111,0.15,0.944444444444,0.85,0.894736842105,0.874602125628,0.838888888889,0.809523809524,5,7,0,0,0,0
1471,WLNM_dir_neg,0.80612244898,0.531390831391,00:00:00,10,40,14,1174695163,threshold_sweep,0.4,0.8,0.571428571429,0.666666666667,4,1,3,13,0.571428571429,0.928571428571,0.0714285714286,0.428571428571,0.8,0.571428571429,0.666666666667,0.809523809524,0.587301587302,0.538461538462,0.553398590529,0.5,20,13,7,0,20,0,13,0,7,11,20,0.181818181818,3.04338842975,3.63636363636,2,2.5,1.68954001271,0.464623503495,0.245454545455,1.16774841624,0.642261628933,0.336363636364,1.94000937205,1.06700515463,0.536363636364,1.05689877454,0.347276990411,3.54545454545,3.04338842975,1.05689877454,3.54545454545,0.499047619048,0.4,8,0.0484848484848,0.255555555556,11,11,11,1,0,0.0909090909091,0.636363636364,0.272727272727,11,0.118181818182,3.72727272727,2.36363636364,1.3,1.625,1.43336856898,0.6064251638,0.286713286713,0.603022689156,0.510249967747,0.237762237762,1.40129809949,1.18571377649,0.503496503497,2.05382127221,0.551025219373,7,3.72727272727,2.05382127221,7,0,0,0,0,0.22962962963,11,11,11,1,0,0.0909090909091,0.636363636364,0.272727272727,11,18,0.163636363636,6.34090909091,3.27272727273,1.8,2.25,1.55505042304,0.475154295927,0.232323232323,0.809039834956,0.494413232473,0.242424242424,1.5666989036,0.957427107756,0.494949494949,2.31913973079,0.365742466504,8,6.34090909091,2.31913973079,8,0.364285714286,0.255319148936,4,0.0242424242424,0.201851851852,11,11,11,1,0,0.0909090909091,0.636363636364,0.272727272727,-2,-0.0181818181818,3.29752066116,-0.363636363636,-0.2,-0.25,-0.134489589674,0.0105307924324,-0.0131313131313,-0.358708581286,-0.14784839646,-0.0939393939394,-0.373310468447,-0.10957804687,-0.0414141414141,1.26224095625,0.0184654760925,4.45454545455,3.29752066116,1.26224095625,4.45454545455,-0.134761904762,-0.144680851064,-4,-0.0242424242424,-0.0537037037037,0,0,0,17,1,3,89,0.85,0.988888888889,0.0111111111111,0.15,0.944444444444,0.85,0.894736842105,0.874602125628,0.838888888889,0.809523809524,5,7,0,0,0,0
1472,WLNM_dir_neg,0.80612244898,0.531390831391,00:00:00,10,40,14,1174695163,threshold_sweep,0.5,0.75,0.428571428571,0.545454545455,3,1,4,13,0.428571428571,0.928571428571,0.0714285714286,0.571428571429,0.75,0.428571428571,0.545454545455,0.761904761905,0.603174603175,0.4,0.428746462856,0.357142857143,20,13,7,0,20,0,13,0,7,11,20,0.181818181818,3.04338842975,3.63636363636,2,2.5,1.68954001271,0.464623503495,0.245454545455,1.16774841624,0.642261628933,0.336363636364,1.94000937205,1.06700515463,0.536363636364,1.05689877454,0.347276990411,3.54545454545,3.04338842975,1.05689877454,3.54545454545,0.499047619048,0.4,8,0.0484848484848,0.255555555556,11,11,11,1,0,0.0909090909091,0.636363636364,0.272727272727,11,0.118181818182,3.72727272727,2.36363636364,1.3,1.625,1.43336856898,0.6064251638,0.286713286713,0.603022689156,0.510249967747,0.237762237762,1.40129809949,1.18571377649,0.503496503497,2.05382127221,0.551025219373,7,3.72727272727,2.05382127221,7,0,0,0,0,0.22962962963,11,11,11,1,0,0.0909090909091,0.636363636364,0.272727272727,11,17,0.154545454545,6.69696969697,3.09090909091,1.7,2.125,1.51357493733,0.489686009136,0.219251336898,0.687551650952,0.444886362381,0.20320855615,1.50755672289,0.975477879516,0.491978609626,2.54057974772,0.379362586764,9,6.69696969697,2.54057974772,9,0.280952380952,0.214285714286,3,0.0181818181818,0.192592592593,11,11,11,1,0,0.0909090909091,0.636363636364,0.272727272727,-3,-0.0272727272727,3.65358126722,-0.545454545455,-0.3,-0.375,-0.175965075381,0.0250625056407,-0.0262032085561,-0.48019676529,-0.197375266552,-0.133155080214,-0.43245264916,-0.0915272751104,-0.044385026738,1.48368097319,0.0320855963529,5.45454545455,3.65358126722,1.48368097319,5.45454545455,-0.218095238095,-0.185714285714,-5,-0.030303030303,-0.062962962963,0,0,0,16,1,4,89,0.8,0.988888888889,0.0111111111111,0.2,0.941176470588,0.8,0.864864864865,0.841755876268,0.788888888889,0.761904761905,4,7,0,0,0,0
1473,WLNM_dir_neg,0.80612244898,0.531390831391,00:00:00,10,40,14,1174695163,threshold_sweep,0.6,0.75,0.428571428571,0.545454545455,3,1,4,13,0.428571428571,0.928571428571,0.0714285714286,0.571428571429,0.75,0.428571428571,0.545454545455,0.761904761905,0.603174603175,0.4,0.428746462856,0.357142857143,20,13,7,0,20,0,13,0,7,11,20,0.181818181818,3.04338842975,3.63636363636,2,2.5,1.68954001271,0.464623503495,0.245454545455,1.16774841624,0.642261628933,0.336363636364,1.94000937205,1.06700515463,0.536363636364,1.05689877454,0.347276990411,3.54545454545,3.04338842975,1.05689877454,3.54545454545,0.499047619048,0.4,8,0.0484848484848,0.255555555556,11,11,11,1,0,0.0909090909091,0.636363636364,0.272727272727,11,0.118181818182,3.72727272727,2.36363636364,1.3,1.625,1.43336856898,0.6064251638,0.286713286713,0.603022689156,0.510249967747,0.237762237762,1.40129809949,1.18571377649,0.503496503497,2.05382127221,0.551025219373,7,3.72727272727,2.05382127221,7,0,0,0,0,0.22962962963,11,11,11,1,0,0.0909090909091,0.636363636364,0.272727272727,11,17,0.154545454545,6.69696969697,3.09090909091,1.7,2.125,1.51357493733,0.489686009136,0.219251336898,0.687551650952,0.444886362381,0.20320855615,1.50755672289,0.975477879516,0.491978609626,2.54057974772,0.379362586764,9,6.69696969697,2.54057974772,9,0.280952380952,0.214285714286,3,0.0181818181818,0.192592592593,11,11,11,1,0,0.0909090909091,0.636363636364,0.272727272727,-3,-0.0272727272727,3.65358126722,-0.545454545455,-0.3,-0.375,-0.175965075381,0.0250625056407,-0.0262032085561,-0.48019676529,-0.197375266552,-0.133155080214,-0.43245264916,-0.0915272751104,-0.044385026738,1.48368097319,0.0320855963529,5.45454545455,3.65358126722,1.48368097319,5.45454545455,-0.218095238095,-0.185714285714,-5,-0.030303030303,-0.062962962963,0,0,0,16,1,4,89,0.8,0.988888888889,0.0111111111111,0.2,0.941176470588,0.8,0.864864864865,0.841755876268,0.788888888889,0.761904761905,4,7,0,0,0,0
1474,WLNM_dir_neg,0.80612244898,0.531390831391,00:00:00,10,40,14,1174695163,threshold_sweep,0.7,0.75,0.428571428571,0.545454545455,3,1,4,13,0.428571428571,0.928571428571,0.0714285714286,0.571428571429,0.75,0.428571428571,0.545454545455,0.761904761905,0.603174603175,0.4,0.428746462856,0.357142857143,20,13,7,0,20,0,13,0,7,11,20,0.181818181818,3.04338842975,3.63636363636,2,2.5,1.68954001271,0.464623503495,0.245454545455,1.16774841624,0.642261628933,0.336363636364,1.94000937205,1.06700515463,0.536363636364,1.05689877454,0.347276990411,3.54545454545,3.04338842975,1.05689877454,3.54545454545,0.499047619048,0.4,8,0.0484848484848,0.255555555556,11,11,11,1,0,0.0909090909091,0.636363636364,0.272727272727,11,0.118181818182,3.72727272727,2.36363636364,1.3,1.625,1.43336856898,0.6064251638,0.286713286713,0.603022689156,0.510249967747,0.237762237762,1.40129809949,1.18571377649,0.503496503497,2.05382127221,0.551025219373,7,3.72727272727,2.05382127221,7,0,0,0,0,0.22962962963,11,11,11,1,0,0.0909090909091,0.636363636364,0.272727272727,11,17,0.154545454545,6.69696969697,3.09090909091,1.7,2.125,1.51357493733,0.489686009136,0.219251336898,0.687551650952,0.444886362381,0.20320855615,1.50755672289,0.975477879516,0.491978609626,2.54057974772,0.379362586764,9,6.69696969697,2.54057974772,9,0.280952380952,0.214285714286,3,0.0181818181818,0.192592592593,11,11,11,1,0,0.0909090909091,0.636363636364,0.272727272727,-3,-0.0272727272727,3.65358126722,-0.545454545455,-0.3,-0.375,-0.175965075381,0.0250625056407,-0.0262032085561,-0.48019676529,-0.197375266552,-0.133155080214,-0.43245264916,-0.0915272751104,-0.044385026738,1.48368097319,0.0320855963529,5.45454545455,3.65358126722,1.48368097319,5.45454545455,-0.218095238095,-0.185714285714,-5,-0.030303030303,-0.062962962963,0,0,0,16,1,4,89,0.8,0.988888888889,0.0111111111111,0.2,0.941176470588,0.8,0.864864864865,0.841755876268,0.788888888889,0.761904761905,4,7,0,0,0,0
1475,WLNM_dir_neg,0.80612244898,0.531390831391,00:00:00,10,40,14,1174695163,threshold_sweep,0.8,0.75,0.428571428571,0.545454545455,3,1,4,13,0.428571428571,0.928571428571,0.0714285714286,0.571428571429,0.75,0.428571428571,0.545454545455,0.761904761905,0.603174603175,0.4,0.428746462856,0.357142857143,20,13,7,0,20,0,13,0,7,11,20,0.181818181818,3.04338842975,3.63636363636,2,2.5,1.68954001271,0.464623503495,0.245454545455,1.16774841624,0.642261628933,0.336363636364,1.94000937205,1.06700515463,0.536363636364,1.05689877454,0.347276990411,3.54545454545,3.04338842975,1.05689877454,3.54545454545,0.499047619048,0.4,8,0.0484848484848,0.255555555556,11,11,11,1,0,0.0909090909091,0.636363636364,0.272727272727,11,0.118181818182,3.72727272727,2.36363636364,1.3,1.625,1.43336856898,0.6064251638,0.286713286713,0.603022689156,0.510249967747,0.237762237762,1.40129809949,1.18571377649,0.503496503497,2.05382127221,0.551025219373,7,3.72727272727,2.05382127221,7,0,0,0,0,0.22962962963,11,11,11,1,0,0.0909090909091,0.636363636364,0.272727272727,11,17,0.154545454545,6.69696969697,3.09090909091,1.7,2.125,1.51357493733,0.489686009136,0.219251336898,0.687551650952,0.444886362381,0.20320855615,1.50755672289,0.975477879516,0.491978609626,2.54057974772,0.379362586764,9,6.69696969697,2.54057974772,9,0.280952380952,0.214285714286,3,0.0181818181818,0.192592592593,11,11,11,1,0,0.0909090909091,0.636363636364,0.272727272727,-3,-0.0272727272727,3.65358126722,-0.545454545455,-0.3,-0.375,-0.175965075381,0.0250625056407,-0.0262032085561,-0.48019676529,-0.197375266552,-0.133155080214,-0.43245264916,-0.0915272751104,-0.044385026738,1.48368097319,0.0320855963529,5.45454545455,3.65358126722,1.48368097319,5.45454545455,-0.218095238095,-0.185714285714,-5,-0.030303030303,-0.062962962963,0,0,0,16,1,4,89,0.8,0.988888888889,0.0111111111111,0.2,0.941176470588,0.8,0.864864864865,0.841755876268,0.788888888889,0.761904761905,4,7,0,0,0,0
1476,WLNM_dir_neg,0.80612244898,0.531390831391,00:00:00,10,40,14,1174695163,threshold_sweep,0.9,0.75,0.428571428571,0.545454545455,3,1,4,13,0.428571428571,0.928571428571,0.0714285714286,0.571428571429,0.75,0.428571428571,0.545454545455,0.761904761905,0.603174603175,0.4,0.428746462856,0.357142857143,20,13,7,0,20,0,13,0,7,11,20,0.181818181818,3.04338842975,3.63636363636,2,2.5,1.68954001271,0.464623503495,0.245454545455,1.16774841624,0.642261628933,0.336363636364,1.94000937205,1.06700515463,0.536363636364,1.05689877454,0.347276990411,3.54545454545,3.04338842975,1.05689877454,3.54545454545,0.499047619048,0.4,8,0.0484848484848,0.255555555556,11,11,11,1,0,0.0909090909091,0.636363636364,0.272727272727,11,0.118181818182,3.72727272727,2.36363636364,1.3,1.625,1.43336856898,0.6064251638,0.286713286713,0.603022689156,0.510249967747,0.237762237762,1.40129809949,1.18571377649,0.503496503497,2.05382127221,0.551025219373,7,3.72727272727,2.05382127221,7,0,0,0,0,0.22962962963,11,11,11,1,0,0.0909090909091,0.636363636364,0.272727272727,11,17,0.154545454545,6.69696969697,3.09090909091,1.7,2.125,1.51357493733,0.489686009136,0.219251336898,0.687551650952,0.444886362381,0.20320855615,1.50755672289,0.975477879516,0.491978609626,2.54057974772,0.379362586764,9,6.69696969697,2.54057974772,9,0.280952380952,0.214285714286,3,0.0181818181818,0.192592592593,11,11,11,1,0,0.0909090909091,0.636363636364,0.272727272727,-3,-0.0272727272727,3.65358126722,-0.545454545455,-0.3,-0.375,-0.175965075381,0.0250625056407,-0.0262032085561,-0.48019676529,-0.197375266552,-0.133155080214,-0.43245264916,-0.0915272751104,-0.044385026738,1.48368097319,0.0320855963529,5.45454545455,3.65358126722,1.48368097319,5.45454545455,-0.218095238095,-0.185714285714,-5,-0.030303030303,-0.062962962963,0,0,0,16,1,4,89,0.8,0.988888888889,0.0111111111111,0.2,0.941176470588,0.8,0.864864864865,0.841755876268,0.788888888889,0.761904761905,4,7,0,0,0,0
1477,WLNM_dir_neg,0.908163265306,0.613265306122,00:00:00,10,40,15,1174695164,threshold_sweep,0.1,1,0.571428571429,0.727272727273,4,0,3,14,0.571428571429,1,0,0.428571428571,1,0.571428571429,0.727272727273,0.857142857143,0.603174603175,0.64,0.68599434057,0.571428571429,20,13,7,0,20,0,13,0,7,11,20,0.181818181818,3.04338842975,3.63636363636,2,2.5,1.68954001271,0.464623503495,0.245454545455,1.16774841624,0.642261628933,0.336363636364,1.94000937205,1.06700515463,0.536363636364,1.05689877454,0.347276990411,3.54545454545,3.04338842975,1.05689877454,3.54545454545,0.499047619048,0.4,8,0.0484848484848,0.255555555556,11,11,11,1,0,0.0909090909091,0.636363636364,0.272727272727,11,0.118181818182,3.72727272727,2.36363636364,1.3,1.625,1.43336856898,0.6064251638,0.286713286713,0.603022689156,0.510249967747,0.237762237762,1.40129809949,1.18571377649,0.503496503497,2.05382127221,0.551025219373,7,3.72727272727,2.05382127221,7,0,0,0,0,0.22962962963,11,11,11,1,0,0.0909090909091,0.636363636364,0.272727272727,11,17,0.154545454545,3.17727272727,3.09090909091,1.7,2.125,1.30034960334,0.420701342257,0.208556149733,0.820199532265,0.530717344407,0.267379679144,1.57249078621,1.01749403814,0.513368983957,1.2536673475,0.394573414091,4.4,3.17727272727,1.2536673475,4.4,0.213333333333,0.153846153846,2,0.0121212121212,0.205555555556,11,11,11,1,0,0.0909090909091,0.636363636364,0.272727272727,-3,-0.0272727272727,0.133884297521,-0.545454545455,-0.3,-0.375,-0.389190409368,-0.0439221612377,-0.0368983957219,-0.347548883978,-0.111544284527,-0.0689839572193,-0.367518585835,-0.0495111164884,-0.0229946524064,0.196768572961,0.0472964236795,0.854545454545,0.133884297521,0.196768572961,0.854545454545,-0.285714285714,-0.246153846154,-6,-0.0363636363636,-0.05,0,0,0,17,0,3,90,0.85,1,0,0.15,1,0.85,0.918918918919,0.906962317388,0.85,0.85,4,7,0,0,0,0
1478,WLNM_dir_neg,0.908163265306,0.613265306122,00:00:00,10,40,15,1174695164,threshold_sweep,0.2,1,0.571428571429,0.727272727273,4,0,3,14,0.571428571429,1,0,0.428571428571,1,0.571428571429,0.727272727273,0.857142857143,0.603174603175,0.64,0.68599434057,0.571428571429,20,13,7,0,20,0,13,0,7,11,20,0.181818181818,3.04338842975,3.63636363636,2,2.5,1.68954001271,0.464623503495,0.245454545455,1.16774841624,0.642261628933,0.336363636364,1.94000937205,1.06700515463,0.536363636364,1.05689877454,0.347276990411,3.54545454545,3.04338842975,1.05689877454,3.54545454545,0.499047619048,0.4,8,0.0484848484848,0.255555555556,11,11,11,1,0,0.0909090909091,0.636363636364,0.272727272727,11,0.118181818182,3.72727272727,2.36363636364,1.3,1.625,1.43336856898,0.6064251638,0.286713286713,0.603022689156,0.510249967747,0.237762237762,1.40129809949,1.18571377649,0.503496503497,2.05382127221,0.551025219373,7,3.72727272727,2.05382127221,7,0,0,0,0,0.22962962963,11,11,11,1,0,0.0909090909091,0.636363636364,0.272727272727,11,17,0.154545454545,3.17727272727,3.09090909091,1.7,2.125,1.30034960334,0.420701342257,0.208556149733,0.820199532265,0.530717344407,0.267379679144,1.57249078621,1.01749403814,0.513368983957,1.2536673475,0.394573414091,4.4,3.17727272727,1.2536673475,4.4,0.213333333333,0.153846153846,2,0.0121212121212,0.205555555556,11,11,11,1,0,0.0909090909091,0.636363636364,0.272727272727,-3,-0.0272727272727,0.133884297521,-0.545454545455,-0.3,-0.375,-0.389190409368,-0.0439221612377,-0.0368983957219,-0.347548883978,-0.111544284527,-0.0689839572193,-0.367518585835,-0.0495111164884,-0.0229946524064,0.196768572961,0.0472964236795,0.854545454545,0.133884297521,0.196768572961,0.854545454545,-0.285714285714,-0.246153846154,-6,-0.0363636363636,-0.05,0,0,0,17,0,3,90,0.85,1,0,0.15,1,0.85,0.918918918919,0.906962317388,0.85,0.85,4,7,0,0,0,0
1479,WLNM_dir_neg,0.908163265306,0.613265306122,00:00:00,10,40,15,1174695164,threshold_sweep,0.3,1,0.571428571429,0.727272727273,4,0,3,14,0.571428571429,1,0,0.428571428571,1,0.571428571429,0.727272727273,0.857142857143,0.603174603175,0.64,0.68599434057,0.571428571429,20,13,7,0,20,0,13,0,7,11,20,0.181818181818,3.04338842975,3.63636363636,2,2.5,1.68954001271,0.464623503495,0.245454545455,1.16774841624,0.642261628933,0.336363636364,1.94000937205,1.06700515463,0.536363636364,1.05689877454,0.347276990411,3.54545454545,3.04338842975,1.05689877454,3.54545454545,0.499047619048,0.4,8,0.0484848484848,0.255555555556,11,11,11,1,0,0.0909090909091,0.636363636364,0.272727272727,11,0.118181818182,3.72727272727,2.36363636364,1.3,1.625,1.43336856898,0.6064251638,0.286713286713,0.603022689156,0.510249967747,0.237762237762,1.40129809949,1.18571377649,0.503496503497,2.05382127221,0.551025219373,7,3.72727272727,2.05382127221,7,0,0,0,0,0.22962962963,11,11,11,1,0,0.0909090909091,0.636363636364,0.272727272727,11,17,0.154545454545,3.17727272727,3.09090909091,1.7,2.125,1.30034960334,0.420701342257,0.208556149733,0.820199532265,0.530717344407,0.267379679144,1.57249078621,1.01749403814,0.513368983957,1.2536673475,0.394573414091,4.4,3.17727272727,1.2536673475,4.4,0.213333333333,0.153846153846,2,0.0121212121212,0.205555555556,11,11,11,1,0,0.0909090909091,0.636363636364,0.272727272727,-3,-0.0272727272727,0.133884297521,-0.545454545455,-0.3,-0.375,-0.389190409368,-0.0439221612377,-0.0368983957219,-0.347548883978,-0.111544284527,-0.0689839572193,-0.367518585835,-0.0495111164884,-0.0229946524064,0.196768572961,0.0472964236795,0.854545454545,0.133884297521,0.196768572961,0.854545454545,-0.285714285714,-0.246153846154,-6,-0.0363636363636,-0.05,0,0,0,17,0,3,90,0.85,1,0,0.15,1,0.85,0.918918918919,0.906962317388,0.85,0.85,4,7,0,0,0,0
1480,WLNM_dir_neg,0.908163265306,0.613265306122,00:00:00,10,40,15,1174695164,threshold_sweep,0.4,1,0.571428571429,0.727272727273,4,0,3,14,0.571428571429,1,0,0.428571428571,1,0.571428571429,0.727272727273,0.857142857143,0.603174603175,0.64,0.68599434057,0.571428571429,20,13,7,0,20,0,13,0,7,11,20,0.181818181818,3.04338842975,3.63636363636,2,2.5,1.68954001271,0.464623503495,0.245454545455,1.16774841624,0.642261628933,0.336363636364,1.94000937205,1.06700515463,0.536363636364,1.05689877454,0.347276990411,3.54545454545,3.04338842975,1.05689877454,3.54545454545,0.499047619048,0.4,8,0.0484848484848,0.255555555556,11,11,11,1,0,0.0909090909091,0.636363636364,0.272727272727,11,0.118181818182,3.72727272727,2.36363636364,1.3,1.625,1.43336856898,0.6064251638,0.286713286713,0.603022689156,0.510249967747,0.237762237762,1.40129809949,1.18571377649,0.503496503497,2.05382127221,0.551025219373,7,3.72727272727,2.05382127221,7,0,0,0,0,0.22962962963,11,11,11,1,0,0.0909090909091,0.636363636364,0.272727272727,11,17,0.154545454545,3.17727272727,3.09090909091,1.7,2.125,1.30034960334,0.420701342257,0.208556149733,0.820199532265,0.530717344407,0.267379679144,1.57249078621,1.01749403814,0.513368983957,1.2536673475,0.394573414091,4.4,3.17727272727,1.2536673475,4.4,0.213333333333,0.153846153846,2,0.0121212121212,0.205555555556,11,11,11,1,0,0.0909090909091,0.636363636364,0.272727272727,-3,-0.0272727272727,0.133884297521,-0.545454545455,-0.3,-0.375,-0.389190409368,-0.0439221612377,-0.0368983957219,-0.347548883978,-0.111544284527,-0.0689839572193,-0.367518585835,-0.0495111164884,-0.0229946524064,0.196768572961,0.0472964236795,0.854545454545,0.133884297521,0.196768572961,0.854545454545,-0.285714285714,-0.246153846154,-6,-0.0363636363636,-0.05,0,0,0,17,0,3,90,0.85,1,0,0.15,1,0.85,0.918918918919,0.906962317388,0.85,0.85,4,7,0,0,0,0
1481,WLNM_dir_neg,0.908163265306,0.613265306122,00:00:00,10,40,15,1174695164,threshold_sweep,0.5,1,0.571428571429,0.727272727273,4,0,3,14,0.571428571429,1,0,0.428571428571,1,0.571428571429,0.727272727273,0.857142857143,0.603174603175,0.64,0.68599434057,0.571428571429,20,13,7,0,20,0,13,0,7,11,20,0.181818181818,3.04338842975,3.63636363636,2,2.5,1.68954001271,0.464623503495,0.245454545455,1.16774841624,0.642261628933,0.336363636364,1.94000937205,1.06700515463,0.536363636364,1.05689877454,0.347276990411,3.54545454545,3.04338842975,1.05689877454,3.54545454545,0.499047619048,0.4,8,0.0484848484848,0.255555555556,11,11,11,1,0,0.0909090909091,0.636363636364,0.272727272727,11,0.118181818182,3.72727272727,2.36363636364,1.3,1.625,1.43336856898,0.6064251638,0.286713286713,0.603022689156,0.510249967747,0.237762237762,1.40129809949,1.18571377649,0.503496503497,2.05382127221,0.551025219373,7,3.72727272727,2.05382127221,7,0,0,0,0,0.22962962963,11,11,11,1,0,0.0909090909091,0.636363636364,0.272727272727,11,17,0.154545454545,3.17727272727,3.09090909091,1.7,2.125,1.30034960334,0.420701342257,0.208556149733,0.820199532265,0.530717344407,0.267379679144,1.57249078621,1.01749403814,0.513368983957,1.2536673475,0.394573414091,4.4,3.17727272727,1.2536673475,4.4,0.213333333333,0.153846153846,2,0.0121212121212,0.205555555556,11,11,11,1,0,0.0909090909091,0.636363636364,0.272727272727,-3,-0.0272727272727,0.133884297521,-0.545454545455,-0.3,-0.375,-0.389190409368,-0.0439221612377,-0.0368983957219,-0.347548883978,-0.111544284527,-0.0689839572193,-0.367518585835,-0.0495111164884,-0.0229946524064,0.196768572961,0.0472964236795,0.854545454545,0.133884297521,0.196768572961,0.854545454545,-0.285714285714,-0.246153846154,-6,-0.0363636363636,-0.05,0,0,0,17,0,3,90,0.85,1,0,0.15,1,0.85,0.918918918919,0.906962317388,0.85,0.85,4,7,0,0,0,0
1482,WLNM_dir_neg,0.908163265306,0.613265306122,00:00:00,10,40,15,1174695164,threshold_sweep,0.6,1,0.571428571429,0.727272727273,4,0,3,14,0.571428571429,1,0,0.428571428571,1,0.571428571429,0.727272727273,0.857142857143,0.603174603175,0.64,0.68599434057,0.571428571429,20,13,7,0,20,0,13,0,7,11,20,0.181818181818,3.04338842975,3.63636363636,2,2.5,1.68954001271,0.464623503495,0.245454545455,1.16774841624,0.642261628933,0.336363636364,1.94000937205,1.06700515463,0.536363636364,1.05689877454,0.347276990411,3.54545454545,3.04338842975,1.05689877454,3.54545454545,0.499047619048,0.4,8,0.0484848484848,0.255555555556,11,11,11,1,0,0.0909090909091,0.636363636364,0.272727272727,11,0.118181818182,3.72727272727,2.36363636364,1.3,1.625,1.43336856898,0.6064251638,0.286713286713,0.603022689156,0.510249967747,0.237762237762,1.40129809949,1.18571377649,0.503496503497,2.05382127221,0.551025219373,7,3.72727272727,2.05382127221,7,0,0,0,0,0.22962962963,11,11,11,1,0,0.0909090909091,0.636363636364,0.272727272727,11,17,0.154545454545,3.17727272727,3.09090909091,1.7,2.125,1.30034960334,0.420701342257,0.208556149733,0.820199532265,0.530717344407,0.267379679144,1.57249078621,1.01749403814,0.513368983957,1.2536673475,0.394573414091,4.4,3.17727272727,1.2536673475,4.4,0.213333333333,0.153846153846,2,0.0121212121212,0.205555555556,11,11,11,1,0,0.0909090909091,0.636363636364,0.272727272727,-3,-0.0272727272727,0.133884297521,-0.545454545455,-0.3,-0.375,-0.389190409368,-0.0439221612377,-0.0368983957219,-0.347548883978,-0.111544284527,-0.0689839572193,-0.367518585835,-0.0495111164884,-0.0229946524064,0.196768572961,0.0472964236795,0.854545454545,0.133884297521,0.196768572961,0.854545454545,-0.285714285714,-0.246153846154,-6,-0.0363636363636,-0.05,0,0,0,17,0,3,90,0.85,1,0,0.15,1,0.85,0.918918918919,0.906962317388,0.85,0.85,4,7,0,0,0,0
1483,WLNM_dir_neg,0.908163265306,0.613265306122,00:00:00,10,40,15,1174695164,threshold_sweep,0.7,1,0.571428571429,0.727272727273,4,0,3,14,0.571428571429,1,0,0.428571428571,1,0.571428571429,0.727272727273,0.857142857143,0.603174603175,0.64,0.68599434057,0.571428571429,20,13,7,0,20,0,13,0,7,11,20,0.181818181818,3.04338842975,3.63636363636,2,2.5,1.68954001271,0.464623503495,0.245454545455,1.16774841624,0.642261628933,0.336363636364,1.94000937205,1.06700515463,0.536363636364,1.05689877454,0.347276990411,3.54545454545,3.04338842975,1.05689877454,3.54545454545,0.499047619048,0.4,8,0.0484848484848,0.255555555556,11,11,11,1,0,0.0909090909091,0.636363636364,0.272727272727,11,0.118181818182,3.72727272727,2.36363636364,1.3,1.625,1.43336856898,0.6064251638,0.286713286713,0.603022689156,0.510249967747,0.237762237762,1.40129809949,1.18571377649,0.503496503497,2.05382127221,0.551025219373,7,3.72727272727,2.05382127221,7,0,0,0,0,0.22962962963,11,11,11,1,0,0.0909090909091,0.636363636364,0.272727272727,11,17,0.154545454545,3.17727272727,3.09090909091,1.7,2.125,1.30034960334,0.420701342257,0.208556149733,0.820199532265,0.530717344407,0.267379679144,1.57249078621,1.01749403814,0.513368983957,1.2536673475,0.394573414091,4.4,3.17727272727,1.2536673475,4.4,0.213333333333,0.153846153846,2,0.0121212121212,0.205555555556,11,11,11,1,0,0.0909090909091,0.636363636364,0.272727272727,-3,-0.0272727272727,0.133884297521,-0.545454545455,-0.3,-0.375,-0.389190409368,-0.0439221612377,-0.0368983957219,-0.347548883978,-0.111544284527,-0.0689839572193,-0.367518585835,-0.0495111164884,-0.0229946524064,0.196768572961,0.0472964236795,0.854545454545,0.133884297521,0.196768572961,0.854545454545,-0.285714285714,-0.246153846154,-6,-0.0363636363636,-0.05,0,0,0,17,0,3,90,0.85,1,0,0.15,1,0.85,0.918918918919,0.906962317388,0.85,0.85,4,7,0,0,0,0
1484,WLNM_dir_neg,0.908163265306,0.613265306122,00:00:00,10,40,15,1174695164,threshold_sweep,0.8,1,0.571428571429,0.727272727273,4,0,3,14,0.571428571429,1,0,0.428571428571,1,0.571428571429,0.727272727273,0.857142857143,0.603174603175,0.64,0.68599434057,0.571428571429,20,13,7,0,20,0,13,0,7,11,20,0.181818181818,3.04338842975,3.63636363636,2,2.5,1.68954001271,0.464623503495,0.245454545455,1.16774841624,0.642261628933,0.336363636364,1.94000937205,1.06700515463,0.536363636364,1.05689877454,0.347276990411,3.54545454545,3.04338842975,1.05689877454,3.54545454545,0.499047619048,0.4,8,0.0484848484848,0.255555555556,11,11,11,1,0,0.0909090909091,0.636363636364,0.272727272727,11,0.118181818182,3.72727272727,2.36363636364,1.3,1.625,1.43336856898,0.6064251638,0.286713286713,0.603022689156,0.510249967747,0.237762237762,1.40129809949,1.18571377649,0.503496503497,2.05382127221,0.551025219373,7,3.72727272727,2.05382127221,7,0,0,0,0,0.22962962963,11,11,11,1,0,0.0909090909091,0.636363636364,0.272727272727,11,17,0.154545454545,3.17727272727,3.09090909091,1.7,2.125,1.30034960334,0.420701342257,0.208556149733,0.820199532265,0.530717344407,0.267379679144,1.57249078621,1.01749403814,0.513368983957,1.2536673475,0.394573414091,4.4,3.17727272727,1.2536673475,4.4,0.213333333333,0.153846153846,2,0.0121212121212,0.205555555556,11,11,11,1,0,0.0909090909091,0.636363636364,0.272727272727,-3,-0.0272727272727,0.133884297521,-0.545454545455,-0.3,-0.375,-0.389190409368,-0.0439221612377,-0.0368983957219,-0.347548883978,-0.111544284527,-0.0689839572193,-0.367518585835,-0.0495111164884,-0.0229946524064,0.196768572961,0.0472964236795,0.854545454545,0.133884297521,0.196768572961,0.854545454545,-0.285714285714,-0.246153846154,-6,-0.0363636363636,-0.05,0,0,0,17,0,3,90,0.85,1,0,0.15,1,0.85,0.918918918919,0.906962317388,0.85,0.85,4,7,0,0,0,0
1485,WLNM_dir_neg,0.908163265306,0.613265306122,00:00:00,10,40,15,1174695164,threshold_sweep,0.9,1,0.428571428571,0.6,3,0,4,14,0.428571428571,1,0,0.571428571429,1,0.428571428571,0.6,0.809523809524,0.619047619048,0.5,0.57735026919,0.428571428571,20,13,7,0,20,0,13,0,7,11,20,0.181818181818,3.04338842975,3.63636363636,2,2.5,1.68954001271,0.464623503495,0.245454545455,1.16774841624,0.642261628933,0.336363636364,1.94000937205,1.06700515463,0.536363636364,1.05689877454,0.347276990411,3.54545454545,3.04338842975,1.05689877454,3.54545454545,0.499047619048,0.4,8,0.0484848484848,0.255555555556,11,11,11,1,0,0.0909090909091,0.636363636364,0.272727272727,11,0.118181818182,3.72727272727,2.36363636364,1.3,1.625,1.43336856898,0.6064251638,0.286713286713,0.603022689156,0.510249967747,0.237762237762,1.40129809949,1.18571377649,0.503496503497,2.05382127221,0.551025219373,7,3.72727272727,2.05382127221,7,0,0,0,0,0.22962962963,11,11,11,1,0,0.0909090909091,0.636363636364,0.272727272727,11,16,0.145454545455,3.25,2.90909090909,1.6,2,1.22102788294,0.41972833476,0.181818181818,0.687551650952,0.47269176003,0.227272727273,1.50755672289,1.03644524699,0.511363636364,1.3758835545,0.423348786001,4.66666666667,3.25,1.3758835545,4.66666666667,0.213333333333,0.176470588235,2,0.0121212121212,0.192592592593,11,11,11,1,0,0.0909090909091,0.636363636364,0.272727272727,-4,-0.0363636363636,0.206611570248,-0.727272727273,-0.4,-0.5,-0.468512129772,-0.0448951687355,-0.0636363636364,-0.48019676529,-0.169569868904,-0.109090909091,-0.43245264916,-0.0305599076407,-0.025,0.318984779967,0.07607179559,1.12121212121,0.206611570248,0.318984779967,1.12121212121,-0.285714285714,-0.223529411765,-6,-0.0363636363636,-0.062962962963,0,0,0,16,0,4,90,0.8,1,0,0.2,1,0.8,0.888888888889,0.875189948987,0.8,0.8,3,7,0,0,0,0
1486,WLNM_dir_neg,0.918367346939,0.587600494743,00:00:00,10,40,16,1174695165,threshold_sweep,0.1,1,0.571428571429,0.727272727273,4,0,3,14,0.571428571429,1,0,0.428571428571,1,0.571428571429,0.727272727273,0.857142857143,0.603174603175,0.64,0.68599434057,0.571428571429,20,13,7,0,20,0,13,0,7,11,20,0.181818181818,3.04338842975,3.63636363636,2,2.5,1.68954001271,0.464623503495,0.245454545455,1.16774841624,0.642261628933,0.336363636364,1.94000937205,1.06700515463,0.536363636364,1.05689877454,0.347276990411,3.54545454545,3.04338842975,1.05689877454,3.54545454545,0.499047619048,0.4,8,0.0484848484848,0.255555555556,11,11,11,1,0,0.0909090909091,0.636363636364,0.272727272727,11,0.118181818182,3.72727272727,2.36363636364,1.3,1.625,1.43336856898,0.6064251638,0.286713286713,0.603022689156,0.510249967747,0.237762237762,1.40129809949,1.18571377649,0.503496503497,2.05382127221,0.551025219373,7,3.72727272727,2.05382127221,7,0,0,0,0,0.22962962963,11,11,11,1,0,0.0909090909091,0.636363636364,0.272727272727,11,17,0.154545454545,3.15909090909,3.09090909091,1.7,2.125,1.30034960334,0.420701342257,0.208556149733,0.820199532265,0.530717344407,0.267379679144,1.57249078621,1.01749403814,0.513368983957,1.21589847064,0.38488872452,4,3.15909090909,1.21589847064,4,0.296666666667,0.230769230769,3,0.0181818181818,0.203703703704,11,11,11,1,0,0.0909090909091,0.636363636364,0.272727272727,-3,-0.0272727272727,0.115702479339,-0.545454545455,-0.3,-0.375,-0.389190409368,-0.0439221612377,-0.0368983957219,-0.347548883978,-0.111544284527,-0.0689839572193,-0.367518585835,-0.0495111164884,-0.0229946524064,0.158999696105,0.0376117341084,0.454545454545,0.115702479339,0.158999696105,0.454545454545,-0.202380952381,-0.169230769231,-5,-0.030303030303,-0.0518518518519,0,0,0,17,0,3,90,0.85,1,0,0.15,1,0.85,0.918918918919,0.906962317388,0.85,0.85,4,7,0,0,0,0
1487,WLNM_dir_neg,0.918367346939,0.587600494743,00:00:00,10,40,16,1174695165,threshold_sweep,0.2,1,0.571428571429,0.727272727273,4,0,3,14,0.571428571429,1,0,0.428571428571,1,0.571428571429,0.727272727273,0.857142857143,0.603174603175,0.64,0.68599434057,0.571428571429,20,13,7,0,20,0,13,0,7,11,20,0.181818181818,3.04338842975,3.63636363636,2,2.5,1.68954001271,0.464623503495,0.245454545455,1.16774841624,0.642261628933,0.336363636364,1.94000937205,1.06700515463,0.536363636364,1.05689877454,0.347276990411,3.54545454545,3.04338842975,1.05689877454,3.54545454545,0.499047619048,0.4,8,0.0484848484848,0.255555555556,11,11,11,1,0,0.0909090909091,0.636363636364,0.272727272727,11,0.118181818182,3.72727272727,2.36363636364,1.3,1.625,1.43336856898,0.6064251638,0.286713286713,0.603022689156,0.510249967747,0.237762237762,1.40129809949,1.18571377649,0.503496503497,2.05382127221,0.551025219373,7,3.72727272727,2.05382127221,7,0,0,0,0,0.22962962963,11,11,11,1,0,0.0909090909091,0.636363636364,0.272727272727,11,17,0.154545454545,3.15909090909,3.09090909091,1.7,2.125,1.30034960334,0.420701342257,0.208556149733,0.820199532265,0.530717344407,0.267379679144,1.57249078621,1.01749403814,0.513368983957,1.21589847064,0.38488872452,4,3.15909090909,1.21589847064,4,0.296666666667,0.230769230769,3,0.0181818181818,0.203703703704,11,11,11,1,0,0.0909090909091,0.636363636364,0.272727272727,-3,-0.0272727272727,0.115702479339,-0.545454545455,-0.3,-0.375,-0.389190409368,-0.0439221612377,-0.0368983957219,-0.347548883978,-0.111544284527,-0.0689839572193,-0.367518585835,-0.0495111164884,-0.0229946524064,0.158999696105,0.0376117341084,0.454545454545,0.115702479339,0.158999696105,0.454545454545,-0.202380952381,-0.169230769231,-5,-0.030303030303,-0.0518518518519,0,0,0,17,0,3,90,0.85,1,0,0.15,1,0.85,0.918918918919,0.906962317388,0.85,0.85,4,7,0,0,0,0
1488,WLNM_dir_neg,0.918367346939,0.587600494743,00:00:00,10,40,16,1174695165,threshold_sweep,0.3,1,0.571428571429,0.727272727273,4,0,3,14,0.571428571429,1,0,0.428571428571,1,0.571428571429,0.727272727273,0.857142857143,0.603174603175,0.64,0.68599434057,0.571428571429,20,13,7,0,20,0,13,0,7,11,20,0.181818181818,3.04338842975,3.63636363636,2,2.5,1.68954001271,0.464623503495,0.245454545455,1.16774841624,0.642261628933,0.336363636364,1.94000937205,1.06700515463,0.536363636364,1.05689877454,0.347276990411,3.54545454545,3.04338842975,1.05689877454,3.54545454545,0.499047619048,0.4,8,0.0484848484848,0.255555555556,11,11,11,1,0,0.0909090909091,0.636363636364,0.272727272727,11,0.118181818182,3.72727272727,2.36363636364,1.3,1.625,1.43336856898,0.6064251638,0.286713286713,0.603022689156,0.510249967747,0.237762237762,1.40129809949,1.18571377649,0.503496503497,2.05382127221,0.551025219373,7,3.72727272727,2.05382127221,7,0,0,0,0,0.22962962963,11,11,11,1,0,0.0909090909091,0.636363636364,0.272727272727,11,17,0.154545454545,3.15909090909,3.09090909091,1.7,2.125,1.30034960334,0.420701342257,0.208556149733,0.820199532265,0.530717344407,0.267379679144,1.57249078621,1.01749403814,0.513368983957,1.21589847064,0.38488872452,4,3.15909090909,1.21589847064,4,0.296666666667,0.230769230769,3,0.0181818181818,0.203703703704,11,11,11,1,0,0.0909090909091,0.636363636364,0.272727272727,-3,-0.0272727272727,0.115702479339,-0.545454545455,-0.3,-0.375,-0.389190409368,-0.0439221612377,-0.0368983957219,-0.347548883978,-0.111544284527,-0.0689839572193,-0.367518585835,-0.0495111164884,-0.0229946524064,0.158999696105,0.0376117341084,0.454545454545,0.115702479339,0.158999696105,0.454545454545,-0.202380952381,-0.169230769231,-5,-0.030303030303,-0.0518518518519,0,0,0,17,0,3,90,0.85,1,0,0.15,1,0.85,0.918918918919,0.906962317388,0.85,0.85,4,7,0,0,0,0
1489,WLNM_dir_neg,0.918367346939,0.587600494743,00:00:00,10,40,16,1174695165,threshold_sweep,0.4,1,0.571428571429,0.727272727273,4,0,3,14,0.571428571429,1,0,0.428571428571,1,0.571428571429,0.727272727273,0.857142857143,0.603174603175,0.64,0.68599434057,0.571428571429,20,13,7,0,20,0,13,0,7,11,20,0.181818181818,3.04338842975,3.63636363636,2,2.5,1.68954001271,0.464623503495,0.245454545455,1.16774841624,0.642261628933,0.336363636364,1.94000937205,1.06700515463,0.536363636364,1.05689877454,0.347276990411,3.54545454545,3.04338842975,1.05689877454,3.54545454545,0.499047619048,0.4,8,0.0484848484848,0.255555555556,11,11,11,1,0,0.0909090909091,0.636363636364,0.272727272727,11,0.118181818182,3.72727272727,2.36363636364,1.3,1.625,1.43336856898,0.6064251638,0.286713286713,0.603022689156,0.510249967747,0.237762237762,1.40129809949,1.18571377649,0.503496503497,2.05382127221,0.551025219373,7,3.72727272727,2.05382127221,7,0,0,0,0,0.22962962963,11,11,11,1,0,0.0909090909091,0.636363636364,0.272727272727,11,17,0.154545454545,3.15909090909,3.09090909091,1.7,2.125,1.30034960334,0.420701342257,0.208556149733,0.820199532265,0.530717344407,0.267379679144,1.57249078621,1.01749403814,0.513368983957,1.21589847064,0.38488872452,4,3.15909090909,1.21589847064,4,0.296666666667,0.230769230769,3,0.0181818181818,0.203703703704,11,11,11,1,0,0.0909090909091,0.636363636364,0.272727272727,-3,-0.0272727272727,0.115702479339,-0.545454545455,-0.3,-0.375,-0.389190409368,-0.0439221612377,-0.0368983957219,-0.347548883978,-0.111544284527,-0.0689839572193,-0.367518585835,-0.0495111164884,-0.0229946524064,0.158999696105,0.0376117341084,0.454545454545,0.115702479339,0.158999696105,0.454545454545,-0.202380952381,-0.169230769231,-5,-0.030303030303,-0.0518518518519,0,0,0,17,0,3,90,0.85,1,0,0.15,1,0.85,0.918918918919,0.906962317388,0.85,0.85,4,7,0,0,0,0
1490,WLNM_dir_neg,0.918367346939,0.587600494743,00:00:00,10,40,16,1174695165,threshold_sweep,0.5,1,0.571428571429,0.727272727273,4,0,3,14,0.571428571429,1,0,0.428571428571,1,0.571428571429,0.727272727273,0.857142857143,0.603174603175,0.64,0.68599434057,0.571428571429,20,13,7,0,20,0,13,0,7,11,20,0.181818181818,3.04338842975,3.63636363636,2,2.5,1.68954001271,0.464623503495,0.245454545455,1.16774841624,0.642261628933,0.336363636364,1.94000937205,1.06700515463,0.536363636364,1.05689877454,0.347276990411,3.54545454545,3.04338842975,1.05689877454,3.54545454545,0.499047619048,0.4,8,0.0484848484848,0.255555555556,11,11,11,1,0,0.0909090909091,0.636363636364,0.272727272727,11,0.118181818182,3.72727272727,2.36363636364,1.3,1.625,1.43336856898,0.6064251638,0.286713286713,0.603022689156,0.510249967747,0.237762237762,1.40129809949,1.18571377649,0.503496503497,2.05382127221,0.551025219373,7,3.72727272727,2.05382127221,7,0,0,0,0,0.22962962963,11,11,11,1,0,0.0909090909091,0.636363636364,0.272727272727,11,17,0.154545454545,3.15909090909,3.09090909091,1.7,2.125,1.30034960334,0.420701342257,0.208556149733,0.820199532265,0.530717344407,0.267379679144,1.57249078621,1.01749403814,0.513368983957,1.21589847064,0.38488872452,4,3.15909090909,1.21589847064,4,0.296666666667,0.230769230769,3,0.0181818181818,0.203703703704,11,11,11,1,0,0.0909090909091,0.636363636364,0.272727272727,-3,-0.0272727272727,0.115702479339,-0.545454545455,-0.3,-0.375,-0.389190409368,-0.0439221612377,-0.0368983957219,-0.347548883978,-0.111544284527,-0.0689839572193,-0.367518585835,-0.0495111164884,-0.0229946524064,0.158999696105,0.0376117341084,0.454545454545,0.115702479339,0.158999696105,0.454545454545,-0.202380952381,-0.169230769231,-5,-0.030303030303,-0.0518518518519,0,0,0,17,0,3,90,0.85,1,0,0.15,1,0.85,0.918918918919,0.906962317388,0.85,0.85,4,7,0,0,0,0
1491,WLNM_dir_neg,0.918367346939,0.587600494743,00:00:00,10,40,16,1174695165,threshold_sweep,0.6,1,0.571428571429,0.727272727273,4,0,3,14,0.571428571429,1,0,0.428571428571,1,0.571428571429,0.727272727273,0.857142857143,0.603174603175,0.64,0.68599434057,0.571428571429,20,13,7,0,20,0,13,0,7,11,20,0.181818181818,3.04338842975,3.63636363636,2,2.5,1.68954001271,0.464623503495,0.245454545455,1.16774841624,0.642261628933,0.336363636364,1.94000937205,1.06700515463,0.536363636364,1.05689877454,0.347276990411,3.54545454545,3.04338842975,1.05689877454,3.54545454545,0.499047619048,0.4,8,0.0484848484848,0.255555555556,11,11,11,1,0,0.0909090909091,0.636363636364,0.272727272727,11,0.118181818182,3.72727272727,2.36363636364,1.3,1.625,1.43336856898,0.6064251638,0.286713286713,0.603022689156,0.510249967747,0.237762237762,1.40129809949,1.18571377649,0.503496503497,2.05382127221,0.551025219373,7,3.72727272727,2.05382127221,7,0,0,0,0,0.22962962963,11,11,11,1,0,0.0909090909091,0.636363636364,0.272727272727,11,17,0.154545454545,3.15909090909,3.09090909091,1.7,2.125,1.30034960334,0.420701342257,0.208556149733,0.820199532265,0.530717344407,0.267379679144,1.57249078621,1.01749403814,0.513368983957,1.21589847064,0.38488872452,4,3.15909090909,1.21589847064,4,0.296666666667,0.230769230769,3,0.0181818181818,0.203703703704,11,11,11,1,0,0.0909090909091,0.636363636364,0.272727272727,-3,-0.0272727272727,0.115702479339,-0.545454545455,-0.3,-0.375,-0.389190409368,-0.0439221612377,-0.0368983957219,-0.347548883978,-0.111544284527,-0.0689839572193,-0.367518585835,-0.0495111164884,-0.0229946524064,0.158999696105,0.0376117341084,0.454545454545,0.115702479339,0.158999696105,0.454545454545,-0.202380952381,-0.169230769231,-5,-0.030303030303,-0.0518518518519,0,0,0,17,0,3,90,0.85,1,0,0.15,1,0.85,0.918918918919,0.906962317388,0.85,0.85,4,7,0,0,0,0
1492,WLNM_dir_neg,0.918367346939,0.587600494743,00:00:00,10,40,16,1174695165,threshold_sweep,0.7,1,0.571428571429,0.727272727273,4,0,3,14,0.571428571429,1,0,0.428571428571,1,0.571428571429,0.727272727273,0.857142857143,0.603174603175,0.64,0.68599434057,0.571428571429,20,13,7,0,20,0,13,0,7,11,20,0.181818181818,3.04338842975,3.63636363636,2,2.5,1.68954001271,0.464623503495,0.245454545455,1.16774841624,0.642261628933,0.336363636364,1.94000937205,1.06700515463,0.536363636364,1.05689877454,0.347276990411,3.54545454545,3.04338842975,1.05689877454,3.54545454545,0.499047619048,0.4,8,0.0484848484848,0.255555555556,11,11,11,1,0,0.0909090909091,0.636363636364,0.272727272727,11,0.118181818182,3.72727272727,2.36363636364,1.3,1.625,1.43336856898,0.6064251638,0.286713286713,0.603022689156,0.510249967747,0.237762237762,1.40129809949,1.18571377649,0.503496503497,2.05382127221,0.551025219373,7,3.72727272727,2.05382127221,7,0,0,0,0,0.22962962963,11,11,11,1,0,0.0909090909091,0.636363636364,0.272727272727,11,17,0.154545454545,3.15909090909,3.09090909091,1.7,2.125,1.30034960334,0.420701342257,0.208556149733,0.820199532265,0.530717344407,0.267379679144,1.57249078621,1.01749403814,0.513368983957,1.21589847064,0.38488872452,4,3.15909090909,1.21589847064,4,0.296666666667,0.230769230769,3,0.0181818181818,0.203703703704,11,11,11,1,0,0.0909090909091,0.636363636364,0.272727272727,-3,-0.0272727272727,0.115702479339,-0.545454545455,-0.3,-0.375,-0.389190409368,-0.0439221612377,-0.0368983957219,-0.347548883978,-0.111544284527,-0.0689839572193,-0.367518585835,-0.0495111164884,-0.0229946524064,0.158999696105,0.0376117341084,0.454545454545,0.115702479339,0.158999696105,0.454545454545,-0.202380952381,-0.169230769231,-5,-0.030303030303,-0.0518518518519,0,0,0,17,0,3,90,0.85,1,0,0.15,1,0.85,0.918918918919,0.906962317388,0.85,0.85,4,7,0,0,0,0
1493,WLNM_dir_neg,0.918367346939,0.587600494743,00:00:00,10,40,16,1174695165,threshold_sweep,0.8,1,0.571428571429,0.727272727273,4,0,3,14,0.571428571429,1,0,0.428571428571,1,0.571428571429,0.727272727273,0.857142857143,0.603174603175,0.64,0.68599434057,0.571428571429,20,13,7,0,20,0,13,0,7,11,20,0.181818181818,3.04338842975,3.63636363636,2,2.5,1.68954001271,0.464623503495,0.245454545455,1.16774841624,0.642261628933,0.336363636364,1.94000937205,1.06700515463,0.536363636364,1.05689877454,0.347276990411,3.54545454545,3.04338842975,1.05689877454,3.54545454545,0.499047619048,0.4,8,0.0484848484848,0.255555555556,11,11,11,1,0,0.0909090909091,0.636363636364,0.272727272727,11,0.118181818182,3.72727272727,2.36363636364,1.3,1.625,1.43336856898,0.6064251638,0.286713286713,0.603022689156,0.510249967747,0.237762237762,1.40129809949,1.18571377649,0.503496503497,2.05382127221,0.551025219373,7,3.72727272727,2.05382127221,7,0,0,0,0,0.22962962963,11,11,11,1,0,0.0909090909091,0.636363636364,0.272727272727,11,17,0.154545454545,3.15909090909,3.09090909091,1.7,2.125,1.30034960334,0.420701342257,0.208556149733,0.820199532265,0.530717344407,0.267379679144,1.57249078621,1.01749403814,0.513368983957,1.21589847064,0.38488872452,4,3.15909090909,1.21589847064,4,0.296666666667,0.230769230769,3,0.0181818181818,0.203703703704,11,11,11,1,0,0.0909090909091,0.636363636364,0.272727272727,-3,-0.0272727272727,0.115702479339,-0.545454545455,-0.3,-0.375,-0.389190409368,-0.0439221612377,-0.0368983957219,-0.347548883978,-0.111544284527,-0.0689839572193,-0.367518585835,-0.0495111164884,-0.0229946524064,0.158999696105,0.0376117341084,0.454545454545,0.115702479339,0.158999696105,0.454545454545,-0.202380952381,-0.169230769231,-5,-0.030303030303,-0.0518518518519,0,0,0,17,0,3,90,0.85,1,0,0.15,1,0.85,0.918918918919,0.906962317388,0.85,0.85,4,7,0,0,0,0
1494,WLNM_dir_neg,0.918367346939,0.587600494743,00:00:00,10,40,16,1174695165,threshold_sweep,0.9,1,0.571428571429,0.727272727273,4,0,3,14,0.571428571429,1,0,0.428571428571,1,0.571428571429,0.727272727273,0.857142857143,0.603174603175,0.64,0.68599434057,0.571428571429,20,13,7,0,20,0,13,0,7,11,20,0.181818181818,3.04338842975,3.63636363636,2,2.5,1.68954001271,0.464623503495,0.245454545455,1.16774841624,0.642261628933,0.336363636364,1.94000937205,1.06700515463,0.536363636364,1.05689877454,0.347276990411,3.54545454545,3.04338842975,1.05689877454,3.54545454545,0.499047619048,0.4,8,0.0484848484848,0.255555555556,11,11,11,1,0,0.0909090909091,0.636363636364,0.272727272727,11,0.118181818182,3.72727272727,2.36363636364,1.3,1.625,1.43336856898,0.6064251638,0.286713286713,0.603022689156,0.510249967747,0.237762237762,1.40129809949,1.18571377649,0.503496503497,2.05382127221,0.551025219373,7,3.72727272727,2.05382127221,7,0,0,0,0,0.22962962963,11,11,11,1,0,0.0909090909091,0.636363636364,0.272727272727,11,17,0.154545454545,3.15909090909,3.09090909091,1.7,2.125,1.30034960334,0.420701342257,0.208556149733,0.820199532265,0.530717344407,0.267379679144,1.57249078621,1.01749403814,0.513368983957,1.21589847064,0.38488872452,4,3.15909090909,1.21589847064,4,0.296666666667,0.230769230769,3,0.0181818181818,0.203703703704,11,11,11,1,0,0.0909090909091,0.636363636364,0.272727272727,-3,-0.0272727272727,0.115702479339,-0.545454545455,-0.3,-0.375,-0.389190409368,-0.0439221612377,-0.0368983957219,-0.347548883978,-0.111544284527,-0.0689839572193,-0.367518585835,-0.0495111164884,-0.0229946524064,0.158999696105,0.0376117341084,0.454545454545,0.115702479339,0.158999696105,0.454545454545,-0.202380952381,-0.169230769231,-5,-0.030303030303,-0.0518518518519,0,0,0,17,0,3,90,0.85,1,0,0.15,1,0.85,0.918918918919,0.906962317388,0.85,0.85,4,7,0,0,0,0
1495,WLNM_dir_neg,0.938775510204,0.76130952381,00:00:00,10,40,17,1174695166,threshold_sweep,0.1,1,0.428571428571,0.6,3,0,4,14,0.428571428571,1,0,0.571428571429,1,0.428571428571,0.6,0.809523809524,0.619047619048,0.5,0.57735026919,0.428571428571,20,13,7,0,20,0,13,0,7,11,20,0.181818181818,3.04338842975,3.63636363636,2,2.5,1.68954001271,0.464623503495,0.245454545455,1.16774841624,0.642261628933,0.336363636364,1.94000937205,1.06700515463,0.536363636364,1.05689877454,0.347276990411,3.54545454545,3.04338842975,1.05689877454,3.54545454545,0.499047619048,0.4,8,0.0484848484848,0.255555555556,11,11,11,1,0,0.0909090909091,0.636363636364,0.272727272727,11,0.118181818182,3.72727272727,2.36363636364,1.3,1.625,1.43336856898,0.6064251638,0.286713286713,0.603022689156,0.510249967747,0.237762237762,1.40129809949,1.18571377649,0.503496503497,2.05382127221,0.551025219373,7,3.72727272727,2.05382127221,7,0,0,0,0,0.22962962963,11,11,11,1,0,0.0909090909091,0.636363636364,0.272727272727,11,16,0.145454545455,3.25,2.90909090909,1.6,2,1.30034960334,0.446995176148,0.215909090909,0.687551650952,0.47269176003,0.227272727273,1.57249078621,1.08108741552,0.522727272727,1.3758835545,0.423348786001,4.66666666667,3.25,1.3758835545,4.66666666667,0.213333333333,0.171428571429,2,0.0121212121212,0.2,11,11,11,1,0,0.0909090909091,0.636363636364,0.272727272727,-4,-0.0363636363636,0.206611570248,-0.727272727273,-0.4,-0.5,-0.389190409368,-0.0176283273466,-0.0295454545455,-0.48019676529,-0.169569868904,-0.109090909091,-0.367518585835,0.0140822608953,-0.0136363636364,0.318984779967,0.07607179559,1.12121212121,0.206611570248,0.318984779967,1.12121212121,-0.285714285714,-0.228571428571,-6,-0.0363636363636,-0.0555555555556,0,0,0,16,0,4,90,0.8,1,0,0.2,1,0.8,0.888888888889,0.875189948987,0.8,0.8,3,7,0,0,0,0
1496,WLNM_dir_neg,0.938775510204,0.76130952381,00:00:00,10,40,17,1174695166,threshold_sweep,0.2,1,0.428571428571,0.6,3,0,4,14,0.428571428571,1,0,0.571428571429,1,0.428571428571,0.6,0.809523809524,0.619047619048,0.5,0.57735026919,0.428571428571,20,13,7,0,20,0,13,0,7,11,20,0.181818181818,3.04338842975,3.63636363636,2,2.5,1.68954001271,0.464623503495,0.245454545455,1.16774841624,0.642261628933,0.336363636364,1.94000937205,1.06700515463,0.536363636364,1.05689877454,0.347276990411,3.54545454545,3.04338842975,1.05689877454,3.54545454545,0.499047619048,0.4,8,0.0484848484848,0.255555555556,11,11,11,1,0,0.0909090909091,0.636363636364,0.272727272727,11,0.118181818182,3.72727272727,2.36363636364,1.3,1.625,1.43336856898,0.6064251638,0.286713286713,0.603022689156,0.510249967747,0.237762237762,1.40129809949,1.18571377649,0.503496503497,2.05382127221,0.551025219373,7,3.72727272727,2.05382127221,7,0,0,0,0,0.22962962963,11,11,11,1,0,0.0909090909091,0.636363636364,0.272727272727,11,16,0.145454545455,3.25,2.90909090909,1.6,2,1.30034960334,0.446995176148,0.215909090909,0.687551650952,0.47269176003,0.227272727273,1.57249078621,1.08108741552,0.522727272727,1.3758835545,0.423348786001,4.66666666667,3.25,1.3758835545,4.66666666667,0.213333333333,0.171428571429,2,0.0121212121212,0.2,11,11,11,1,0,0.0909090909091,0.636363636364,0.272727272727,-4,-0.0363636363636,0.206611570248,-0.727272727273,-0.4,-0.5,-0.389190409368,-0.0176283273466,-0.0295454545455,-0.48019676529,-0.169569868904,-0.109090909091,-0.367518585835,0.0140822608953,-0.0136363636364,0.318984779967,0.07607179559,1.12121212121,0.206611570248,0.318984779967,1.12121212121,-0.285714285714,-0.228571428571,-6,-0.0363636363636,-0.0555555555556,0,0,0,16,0,4,90,0.8,1,0,0.2,1,0.8,0.888888888889,0.875189948987,0.8,0.8,3,7,0,0,0,0
1497,WLNM_dir_neg,0.938775510204,0.76130952381,00:00:00,10,40,17,1174695166,threshold_sweep,0.3,1,0.428571428571,0.6,3,0,4,14,0.428571428571,1,0,0.571428571429,1,0.428571428571,0.6,0.809523809524,0.619047619048,0.5,0.57735026919,0.428571428571,20,13,7,0,20,0,13,0,7,11,20,0.181818181818,3.04338842975,3.63636363636,2,2.5,1.68954001271,0.464623503495,0.245454545455,1.16774841624,0.642261628933,0.336363636364,1.94000937205,1.06700515463,0.536363636364,1.05689877454,0.347276990411,3.54545454545,3.04338842975,1.05689877454,3.54545454545,0.499047619048,0.4,8,0.0484848484848,0.255555555556,11,11,11,1,0,0.0909090909091,0.636363636364,0.272727272727,11,0.118181818182,3.72727272727,2.36363636364,1.3,1.625,1.43336856898,0.6064251638,0.286713286713,0.603022689156,0.510249967747,0.237762237762,1.40129809949,1.18571377649,0.503496503497,2.05382127221,0.551025219373,7,3.72727272727,2.05382127221,7,0,0,0,0,0.22962962963,11,11,11,1,0,0.0909090909091,0.636363636364,0.272727272727,11,16,0.145454545455,3.25,2.90909090909,1.6,2,1.30034960334,0.446995176148,0.215909090909,0.687551650952,0.47269176003,0.227272727273,1.57249078621,1.08108741552,0.522727272727,1.3758835545,0.423348786001,4.66666666667,3.25,1.3758835545,4.66666666667,0.213333333333,0.171428571429,2,0.0121212121212,0.2,11,11,11,1,0,0.0909090909091,0.636363636364,0.272727272727,-4,-0.0363636363636,0.206611570248,-0.727272727273,-0.4,-0.5,-0.389190409368,-0.0176283273466,-0.0295454545455,-0.48019676529,-0.169569868904,-0.109090909091,-0.367518585835,0.0140822608953,-0.0136363636364,0.318984779967,0.07607179559,1.12121212121,0.206611570248,0.318984779967,1.12121212121,-0.285714285714,-0.228571428571,-6,-0.0363636363636,-0.0555555555556,0,0,0,16,0,4,90,0.8,1,0,0.2,1,0.8,0.888888888889,0.875189948987,0.8,0.8,3,7,0,0,0,0
1498,WLNM_dir_neg,0.938775510204,0.76130952381,00:00:00,10,40,17,1174695166,threshold_sweep,0.4,1,0.428571428571,0.6,3,0,4,14,0.428571428571,1,0,0.571428571429,1,0.428571428571,0.6,0.809523809524,0.619047619048,0.5,0.57735026919,0.428571428571,20,13,7,0,20,0,13,0,7,11,20,0.181818181818,3.04338842975,3.63636363636,2,2.5,1.68954001271,0.464623503495,0.245454545455,1.16774841624,0.642261628933,0.336363636364,1.94000937205,1.06700515463,0.536363636364,1.05689877454,0.347276990411,3.54545454545,3.04338842975,1.05689877454,3.54545454545,0.499047619048,0.4,8,0.0484848484848,0.255555555556,11,11,11,1,0,0.0909090909091,0.636363636364,0.272727272727,11,0.118181818182,3.72727272727,2.36363636364,1.3,1.625,1.43336856898,0.6064251638,0.286713286713,0.603022689156,0.510249967747,0.237762237762,1.40129809949,1.18571377649,0.503496503497,2.05382127221,0.551025219373,7,3.72727272727,2.05382127221,7,0,0,0,0,0.22962962963,11,11,11,1,0,0.0909090909091,0.636363636364,0.272727272727,11,16,0.145454545455,3.25,2.90909090909,1.6,2,1.30034960334,0.446995176148,0.215909090909,0.687551650952,0.47269176003,0.227272727273,1.57249078621,1.08108741552,0.522727272727,1.3758835545,0.423348786001,4.66666666667,3.25,1.3758835545,4.66666666667,0.213333333333,0.171428571429,2,0.0121212121212,0.2,11,11,11,1,0,0.0909090909091,0.636363636364,0.272727272727,-4,-0.0363636363636,0.206611570248,-0.727272727273,-0.4,-0.5,-0.389190409368,-0.0176283273466,-0.0295454545455,-0.48019676529,-0.169569868904,-0.109090909091,-0.367518585835,0.0140822608953,-0.0136363636364,0.318984779967,0.07607179559,1.12121212121,0.206611570248,0.318984779967,1.12121212121,-0.285714285714,-0.228571428571,-6,-0.0363636363636,-0.0555555555556,0,0,0,16,0,4,90,0.8,1,0,0.2,1,0.8,0.888888888889,0.875189948987,0.8,0.8,3,7,0,0,0,0
1499,WLNM_dir_neg,0.938775510204,0.76130952381,00:00:00,10,40,17,1174695166,threshold_sweep,0.5,1,0.428571428571,0.6,3,0,4,14,0.428571428571,1,0,0.571428571429,1,0.428571428571,0.6,0.809523809524,0.619047619048,0.5,0.57735026919,0.428571428571,20,13,7,0,20,0,13,0,7,11,20,0.181818181818,3.04338842975,3.63636363636,2,2.5,1.68954001271,0.464623503495,0.245454545455,1.16774841624,0.642261628933,0.336363636364,1.94000937205,1.06700515463,0.536363636364,1.05689877454,0.347276990411,3.54545454545,3.04338842975,1.05689877454,3.54545454545,0.499047619048,0.4,8,0.0484848484848,0.255555555556,11,11,11,1,0,0.0909090909091,0.636363636364,0.272727272727,11,0.118181818182,3.72727272727,2.36363636364,1.3,1.625,1.43336856898,0.6064251638,0.286713286713,0.603022689156,0.510249967747,0.237762237762,1.40129809949,1.18571377649,0.503496503497,2.05382127221,0.551025219373,7,3.72727272727,2.05382127221,7,0,0,0,0,0.22962962963,11,11,11,1,0,0.0909090909091,0.636363636364,0.272727272727,11,16,0.145454545455,3.25,2.90909090909,1.6,2,1.30034960334,0.446995176148,0.215909090909,0.687551650952,0.47269176003,0.227272727273,1.57249078621,1.08108741552,0.522727272727,1.3758835545,0.423348786001,4.66666666667,3.25,1.3758835545,4.66666666667,0.213333333333,0.171428571429,2,0.0121212121212,0.2,11,11,11,1,0,0.0909090909091,0.636363636364,0.272727272727,-4,-0.0363636363636,0.206611570248,-0.727272727273,-0.4,-0.5,-0.389190409368,-0.0176283273466,-0.0295454545455,-0.48019676529,-0.169569868904,-0.109090909091,-0.367518585835,0.0140822608953,-0.0136363636364,0.318984779967,0.07607179559,1.12121212121,0.206611570248,0.318984779967,1.12121212121,-0.285714285714,-0.228571428571,-6,-0.0363636363636,-0.0555555555556,0,0,0,16,0,4,90,0.8,1,0,0.2,1,0.8,0.888888888889,0.875189948987,0.8,0.8,3,7,0,0,0,0
1500,WLNM_dir_neg,0.938775510204,0.76130952381,00:00:00,10,40,17,1174695166,threshold_sweep,0.6,1,0.428571428571,0.6,3,0,4,14,0.428571428571,1,0,0.571428571429,1,0.428571428571,0.6,0.809523809524,0.619047619048,0.5,0.57735026919,0.428571428571,20,13,7,0,20,0,13,0,7,11,20,0.181818181818,3.04338842975,3.63636363636,2,2.5,1.68954001271,0.464623503495,0.245454545455,1.16774841624,0.642261628933,0.336363636364,1.94000937205,1.06700515463,0.536363636364,1.05689877454,0.347276990411,3.54545454545,3.04338842975,1.05689877454,3.54545454545,0.499047619048,0.4,8,0.0484848484848,0.255555555556,11,11,11,1,0,0.0909090909091,0.636363636364,0.272727272727,11,0.118181818182,3.72727272727,2.36363636364,1.3,1.625,1.43336856898,0.6064251638,0.286713286713,0.603022689156,0.510249967747,0.237762237762,1.40129809949,1.18571377649,0.503496503497,2.05382127221,0.551025219373,7,3.72727272727,2.05382127221,7,0,0,0,0,0.22962962963,11,11,11,1,0,0.0909090909091,0.636363636364,0.272727272727,11,16,0.145454545455,3.25,2.90909090909,1.6,2,1.30034960334,0.446995176148,0.215909090909,0.687551650952,0.47269176003,0.227272727273,1.57249078621,1.08108741552,0.522727272727,1.3758835545,0.423348786001,4.66666666667,3.25,1.3758835545,4.66666666667,0.213333333333,0.171428571429,2,0.0121212121212,0.2,11,11,11,1,0,0.0909090909091,0.636363636364,0.272727272727,-4,-0.0363636363636,0.206611570248,-0.727272727273,-0.4,-0.5,-0.389190409368,-0.0176283273466,-0.0295454545455,-0.48019676529,-0.169569868904,-0.109090909091,-0.367518585835,0.0140822608953,-0.0136363636364,0.318984779967,0.07607179559,1.12121212121,0.206611570248,0.318984779967,1.12121212121,-0.285714285714,-0.228571428571,-6,-0.0363636363636,-0.0555555555556,0,0,0,16,0,4,90,0.8,1,0,0.2,1,0.8,0.888888888889,0.875189948987,0.8,0.8,3,7,0,0,0,0
1501,WLNM_dir_neg,0.938775510204,0.76130952381,00:00:00,10,40,17,1174695166,threshold_sweep,0.7,1,0.428571428571,0.6,3,0,4,14,0.428571428571,1,0,0.571428571429,1,0.428571428571,0.6,0.809523809524,0.619047619048,0.5,0.57735026919,0.428571428571,20,13,7,0,20,0,13,0,7,11,20,0.181818181818,3.04338842975,3.63636363636,2,2.5,1.68954001271,0.464623503495,0.245454545455,1.16774841624,0.642261628933,0.336363636364,1.94000937205,1.06700515463,0.536363636364,1.05689877454,0.347276990411,3.54545454545,3.04338842975,1.05689877454,3.54545454545,0.499047619048,0.4,8,0.0484848484848,0.255555555556,11,11,11,1,0,0.0909090909091,0.636363636364,0.272727272727,11,0.118181818182,3.72727272727,2.36363636364,1.3,1.625,1.43336856898,0.6064251638,0.286713286713,0.603022689156,0.510249967747,0.237762237762,1.40129809949,1.18571377649,0.503496503497,2.05382127221,0.551025219373,7,3.72727272727,2.05382127221,7,0,0,0,0,0.22962962963,11,11,11,1,0,0.0909090909091,0.636363636364,0.272727272727,11,16,0.145454545455,3.25,2.90909090909,1.6,2,1.30034960334,0.446995176148,0.215909090909,0.687551650952,0.47269176003,0.227272727273,1.57249078621,1.08108741552,0.522727272727,1.3758835545,0.423348786001,4.66666666667,3.25,1.3758835545,4.66666666667,0.213333333333,0.171428571429,2,0.0121212121212,0.2,11,11,11,1,0,0.0909090909091,0.636363636364,0.272727272727,-4,-0.0363636363636,0.206611570248,-0.727272727273,-0.4,-0.5,-0.389190409368,-0.0176283273466,-0.0295454545455,-0.48019676529,-0.169569868904,-0.109090909091,-0.367518585835,0.0140822608953,-0.0136363636364,0.318984779967,0.07607179559,1.12121212121,0.206611570248,0.318984779967,1.12121212121,-0.285714285714,-0.228571428571,-6,-0.0363636363636,-0.0555555555556,0,0,0,16,0,4,90,0.8,1,0,0.2,1,0.8,0.888888888889,0.875189948987,0.8,0.8,3,7,0,0,0,0
1502,WLNM_dir_neg,0.938775510204,0.76130952381,00:00:00,10,40,17,1174695166,threshold_sweep,0.8,1,0.428571428571,0.6,3,0,4,14,0.428571428571,1,0,0.571428571429,1,0.428571428571,0.6,0.809523809524,0.619047619048,0.5,0.57735026919,0.428571428571,20,13,7,0,20,0,13,0,7,11,20,0.181818181818,3.04338842975,3.63636363636,2,2.5,1.68954001271,0.464623503495,0.245454545455,1.16774841624,0.642261628933,0.336363636364,1.94000937205,1.06700515463,0.536363636364,1.05689877454,0.347276990411,3.54545454545,3.04338842975,1.05689877454,3.54545454545,0.499047619048,0.4,8,0.0484848484848,0.255555555556,11,11,11,1,0,0.0909090909091,0.636363636364,0.272727272727,11,0.118181818182,3.72727272727,2.36363636364,1.3,1.625,1.43336856898,0.6064251638,0.286713286713,0.603022689156,0.510249967747,0.237762237762,1.40129809949,1.18571377649,0.503496503497,2.05382127221,0.551025219373,7,3.72727272727,2.05382127221,7,0,0,0,0,0.22962962963,11,11,11,1,0,0.0909090909091,0.636363636364,0.272727272727,11,16,0.145454545455,3.25,2.90909090909,1.6,2,1.30034960334,0.446995176148,0.215909090909,0.687551650952,0.47269176003,0.227272727273,1.57249078621,1.08108741552,0.522727272727,1.3758835545,0.423348786001,4.66666666667,3.25,1.3758835545,4.66666666667,0.213333333333,0.171428571429,2,0.0121212121212,0.2,11,11,11,1,0,0.0909090909091,0.636363636364,0.272727272727,-4,-0.0363636363636,0.206611570248,-0.727272727273,-0.4,-0.5,-0.389190409368,-0.0176283273466,-0.0295454545455,-0.48019676529,-0.169569868904,-0.109090909091,-0.367518585835,0.0140822608953,-0.0136363636364,0.318984779967,0.07607179559,1.12121212121,0.206611570248,0.318984779967,1.12121212121,-0.285714285714,-0.228571428571,-6,-0.0363636363636,-0.0555555555556,0,0,0,16,0,4,90,0.8,1,0,0.2,1,0.8,0.888888888889,0.875189948987,0.8,0.8,3,7,0,0,0,0
1503,WLNM_dir_neg,0.938775510204,0.76130952381,00:00:00,10,40,17,1174695166,threshold_sweep,0.9,1,0.428571428571,0.6,3,0,4,14,0.428571428571,1,0,0.571428571429,1,0.428571428571,0.6,0.809523809524,0.619047619048,0.5,0.57735026919,0.428571428571,20,13,7,0,20,0,13,0,7,11,20,0.181818181818,3.04338842975,3.63636363636,2,2.5,1.68954001271,0.464623503495,0.245454545455,1.16774841624,0.642261628933,0.336363636364,1.94000937205,1.06700515463,0.536363636364,1.05689877454,0.347276990411,3.54545454545,3.04338842975,1.05689877454,3.54545454545,0.499047619048,0.4,8,0.0484848484848,0.255555555556,11,11,11,1,0,0.0909090909091,0.636363636364,0.272727272727,11,0.118181818182,3.72727272727,2.36363636364,1.3,1.625,1.43336856898,0.6064251638,0.286713286713,0.603022689156,0.510249967747,0.237762237762,1.40129809949,1.18571377649,0.503496503497,2.05382127221,0.551025219373,7,3.72727272727,2.05382127221,7,0,0,0,0,0.22962962963,11,11,11,1,0,0.0909090909091,0.636363636364,0.272727272727,11,16,0.145454545455,3.25,2.90909090909,1.6,2,1.30034960334,0.446995176148,0.215909090909,0.687551650952,0.47269176003,0.227272727273,1.57249078621,1.08108741552,0.522727272727,1.3758835545,0.423348786001,4.66666666667,3.25,1.3758835545,4.66666666667,0.213333333333,0.171428571429,2,0.0121212121212,0.2,11,11,11,1,0,0.0909090909091,0.636363636364,0.272727272727,-4,-0.0363636363636,0.206611570248,-0.727272727273,-0.4,-0.5,-0.389190409368,-0.0176283273466,-0.0295454545455,-0.48019676529,-0.169569868904,-0.109090909091,-0.367518585835,0.0140822608953,-0.0136363636364,0.318984779967,0.07607179559,1.12121212121,0.206611570248,0.318984779967,1.12121212121,-0.285714285714,-0.228571428571,-6,-0.0363636363636,-0.0555555555556,0,0,0,16,0,4,90,0.8,1,0,0.2,1,0.8,0.888888888889,0.875189948987,0.8,0.8,3,7,0,0,0,0
1504,WLNM_dir_neg,0.867346938776,0.565434565435,00:00:00,10,40,18,1174695167,threshold_sweep,0.1,1,0.714285714286,0.833333333333,5,0,2,14,0.714285714286,1,0,0.285714285714,1,0.714285714286,0.833333333333,0.904761904762,0.587301587302,0.769230769231,0.790569415042,0.714285714286,20,13,7,0,20,0,13,0,7,11,20,0.181818181818,3.04338842975,3.63636363636,2,2.5,1.68954001271,0.464623503495,0.245454545455,1.16774841624,0.642261628933,0.336363636364,1.94000937205,1.06700515463,0.536363636364,1.05689877454,0.347276990411,3.54545454545,3.04338842975,1.05689877454,3.54545454545,0.499047619048,0.4,8,0.0484848484848,0.255555555556,11,11,11,1,0,0.0909090909091,0.636363636364,0.272727272727,11,0.118181818182,3.72727272727,2.36363636364,1.3,1.625,1.43336856898,0.6064251638,0.286713286713,0.603022689156,0.510249967747,0.237762237762,1.40129809949,1.18571377649,0.503496503497,2.05382127221,0.551025219373,7,3.72727272727,2.05382127221,7,0,0,0,0,0.22962962963,11,11,11,1,0,0.0909090909091,0.636363636364,0.272727272727,11,18,0.163636363636,3.11363636364,3.27272727273,1.8,2.25,1.42062726223,0.434080552347,0.227272727273,0.924416277737,0.564921058617,0.292929292929,1.68954001271,1.03249667443,0.525252525253,1.14353419474,0.367266456706,3.875,3.11363636364,1.14353419474,3.875,0.366666666667,0.266666666667,4,0.0242424242424,0.221111111111,11,11,11,1,0,0.0909090909091,0.636363636364,0.272727272727,-2,-0.0181818181818,0.0702479338843,-0.363636363636,-0.2,-0.25,-0.268912750482,-0.030542951148,-0.0181818181818,-0.243332138505,-0.0773405703161,-0.0434343434343,-0.250469359339,-0.0345084801933,-0.0111111111111,0.0866354202056,0.0199894662943,0.329545454545,0.0702479338843,0.0866354202056,0.329545454545,-0.132380952381,-0.133333333333,-4,-0.0242424242424,-0.0344444444444,0,0,0,18,0,2,90,0.9,1,0,0.1,1,0.9,0.947368421053,0.938314863257,0.9,0.9,5,7,0,0,0,0
1505,WLNM_dir_neg,0.867346938776,0.565434565435,00:00:00,10,40,18,1174695167,threshold_sweep,0.2,1,0.714285714286,0.833333333333,5,0,2,14,0.714285714286,1,0,0.285714285714,1,0.714285714286,0.833333333333,0.904761904762,0.587301587302,0.769230769231,0.790569415042,0.714285714286,20,13,7,0,20,0,13,0,7,11,20,0.181818181818,3.04338842975,3.63636363636,2,2.5,1.68954001271,0.464623503495,0.245454545455,1.16774841624,0.642261628933,0.336363636364,1.94000937205,1.06700515463,0.536363636364,1.05689877454,0.347276990411,3.54545454545,3.04338842975,1.05689877454,3.54545454545,0.499047619048,0.4,8,0.0484848484848,0.255555555556,11,11,11,1,0,0.0909090909091,0.636363636364,0.272727272727,11,0.118181818182,3.72727272727,2.36363636364,1.3,1.625,1.43336856898,0.6064251638,0.286713286713,0.603022689156,0.510249967747,0.237762237762,1.40129809949,1.18571377649,0.503496503497,2.05382127221,0.551025219373,7,3.72727272727,2.05382127221,7,0,0,0,0,0.22962962963,11,11,11,1,0,0.0909090909091,0.636363636364,0.272727272727,11,18,0.163636363636,3.11363636364,3.27272727273,1.8,2.25,1.42062726223,0.434080552347,0.227272727273,0.924416277737,0.564921058617,0.292929292929,1.68954001271,1.03249667443,0.525252525253,1.14353419474,0.367266456706,3.875,3.11363636364,1.14353419474,3.875,0.366666666667,0.266666666667,4,0.0242424242424,0.221111111111,11,11,11,1,0,0.0909090909091,0.636363636364,0.272727272727,-2,-0.0181818181818,0.0702479338843,-0.363636363636,-0.2,-0.25,-0.268912750482,-0.030542951148,-0.0181818181818,-0.243332138505,-0.0773405703161,-0.0434343434343,-0.250469359339,-0.0345084801933,-0.0111111111111,0.0866354202056,0.0199894662943,0.329545454545,0.0702479338843,0.0866354202056,0.329545454545,-0.132380952381,-0.133333333333,-4,-0.0242424242424,-0.0344444444444,0,0,0,18,0,2,90,0.9,1,0,0.1,1,0.9,0.947368421053,0.938314863257,0.9,0.9,5,7,0,0,0,0
1506,WLNM_dir_neg,0.867346938776,0.565434565435,00:00:00,10,40,18,1174695167,threshold_sweep,0.3,1,0.714285714286,0.833333333333,5,0,2,14,0.714285714286,1,0,0.285714285714,1,0.714285714286,0.833333333333,0.904761904762,0.587301587302,0.769230769231,0.790569415042,0.714285714286,20,13,7,0,20,0,13,0,7,11,20,0.181818181818,3.04338842975,3.63636363636,2,2.5,1.68954001271,0.464623503495,0.245454545455,1.16774841624,0.642261628933,0.336363636364,1.94000937205,1.06700515463,0.536363636364,1.05689877454,0.347276990411,3.54545454545,3.04338842975,1.05689877454,3.54545454545,0.499047619048,0.4,8,0.0484848484848,0.255555555556,11,11,11,1,0,0.0909090909091,0.636363636364,0.272727272727,11,0.118181818182,3.72727272727,2.36363636364,1.3,1.625,1.43336856898,0.6064251638,0.286713286713,0.603022689156,0.510249967747,0.237762237762,1.40129809949,1.18571377649,0.503496503497,2.05382127221,0.551025219373,7,3.72727272727,2.05382127221,7,0,0,0,0,0.22962962963,11,11,11,1,0,0.0909090909091,0.636363636364,0.272727272727,11,18,0.163636363636,3.11363636364,3.27272727273,1.8,2.25,1.42062726223,0.434080552347,0.227272727273,0.924416277737,0.564921058617,0.292929292929,1.68954001271,1.03249667443,0.525252525253,1.14353419474,0.367266456706,3.875,3.11363636364,1.14353419474,3.875,0.366666666667,0.266666666667,4,0.0242424242424,0.221111111111,11,11,11,1,0,0.0909090909091,0.636363636364,0.272727272727,-2,-0.0181818181818,0.0702479338843,-0.363636363636,-0.2,-0.25,-0.268912750482,-0.030542951148,-0.0181818181818,-0.243332138505,-0.0773405703161,-0.0434343434343,-0.250469359339,-0.0345084801933,-0.0111111111111,0.0866354202056,0.0199894662943,0.329545454545,0.0702479338843,0.0866354202056,0.329545454545,-0.132380952381,-0.133333333333,-4,-0.0242424242424,-0.0344444444444,0,0,0,18,0,2,90,0.9,1,0,0.1,1,0.9,0.947368421053,0.938314863257,0.9,0.9,5,7,0,0,0,0
1507,WLNM_dir_neg,0.867346938776,0.565434565435,00:00:00,10,40,18,1174695167,threshold_sweep,0.4,1,0.714285714286,0.833333333333,5,0,2,14,0.714285714286,1,0,0.285714285714,1,0.714285714286,0.833333333333,0.904761904762,0.587301587302,0.769230769231,0.790569415042,0.714285714286,20,13,7,0,20,0,13,0,7,11,20,0.181818181818,3.04338842975,3.63636363636,2,2.5,1.68954001271,0.464623503495,0.245454545455,1.16774841624,0.642261628933,0.336363636364,1.94000937205,1.06700515463,0.536363636364,1.05689877454,0.347276990411,3.54545454545,3.04338842975,1.05689877454,3.54545454545,0.499047619048,0.4,8,0.0484848484848,0.255555555556,11,11,11,1,0,0.0909090909091,0.636363636364,0.272727272727,11,0.118181818182,3.72727272727,2.36363636364,1.3,1.625,1.43336856898,0.6064251638,0.286713286713,0.603022689156,0.510249967747,0.237762237762,1.40129809949,1.18571377649,0.503496503497,2.05382127221,0.551025219373,7,3.72727272727,2.05382127221,7,0,0,0,0,0.22962962963,11,11,11,1,0,0.0909090909091,0.636363636364,0.272727272727,11,18,0.163636363636,3.11363636364,3.27272727273,1.8,2.25,1.42062726223,0.434080552347,0.227272727273,0.924416277737,0.564921058617,0.292929292929,1.68954001271,1.03249667443,0.525252525253,1.14353419474,0.367266456706,3.875,3.11363636364,1.14353419474,3.875,0.366666666667,0.266666666667,4,0.0242424242424,0.221111111111,11,11,11,1,0,0.0909090909091,0.636363636364,0.272727272727,-2,-0.0181818181818,0.0702479338843,-0.363636363636,-0.2,-0.25,-0.268912750482,-0.030542951148,-0.0181818181818,-0.243332138505,-0.0773405703161,-0.0434343434343,-0.250469359339,-0.0345084801933,-0.0111111111111,0.0866354202056,0.0199894662943,0.329545454545,0.0702479338843,0.0866354202056,0.329545454545,-0.132380952381,-0.133333333333,-4,-0.0242424242424,-0.0344444444444,0,0,0,18,0,2,90,0.9,1,0,0.1,1,0.9,0.947368421053,0.938314863257,0.9,0.9,5,7,0,0,0,0
1508,WLNM_dir_neg,0.867346938776,0.565434565435,00:00:00,10,40,18,1174695167,threshold_sweep,0.5,1,0.714285714286,0.833333333333,5,0,2,14,0.714285714286,1,0,0.285714285714,1,0.714285714286,0.833333333333,0.904761904762,0.587301587302,0.769230769231,0.790569415042,0.714285714286,20,13,7,0,20,0,13,0,7,11,20,0.181818181818,3.04338842975,3.63636363636,2,2.5,1.68954001271,0.464623503495,0.245454545455,1.16774841624,0.642261628933,0.336363636364,1.94000937205,1.06700515463,0.536363636364,1.05689877454,0.347276990411,3.54545454545,3.04338842975,1.05689877454,3.54545454545,0.499047619048,0.4,8,0.0484848484848,0.255555555556,11,11,11,1,0,0.0909090909091,0.636363636364,0.272727272727,11,0.118181818182,3.72727272727,2.36363636364,1.3,1.625,1.43336856898,0.6064251638,0.286713286713,0.603022689156,0.510249967747,0.237762237762,1.40129809949,1.18571377649,0.503496503497,2.05382127221,0.551025219373,7,3.72727272727,2.05382127221,7,0,0,0,0,0.22962962963,11,11,11,1,0,0.0909090909091,0.636363636364,0.272727272727,11,18,0.163636363636,3.11363636364,3.27272727273,1.8,2.25,1.42062726223,0.434080552347,0.227272727273,0.924416277737,0.564921058617,0.292929292929,1.68954001271,1.03249667443,0.525252525253,1.14353419474,0.367266456706,3.875,3.11363636364,1.14353419474,3.875,0.366666666667,0.266666666667,4,0.0242424242424,0.221111111111,11,11,11,1,0,0.0909090909091,0.636363636364,0.272727272727,-2,-0.0181818181818,0.0702479338843,-0.363636363636,-0.2,-0.25,-0.268912750482,-0.030542951148,-0.0181818181818,-0.243332138505,-0.0773405703161,-0.0434343434343,-0.250469359339,-0.0345084801933,-0.0111111111111,0.0866354202056,0.0199894662943,0.329545454545,0.0702479338843,0.0866354202056,0.329545454545,-0.132380952381,-0.133333333333,-4,-0.0242424242424,-0.0344444444444,0,0,0,18,0,2,90,0.9,1,0,0.1,1,0.9,0.947368421053,0.938314863257,0.9,0.9,5,7,0,0,0,0
1509,WLNM_dir_neg,0.867346938776,0.565434565435,00:00:00,10,40,18,1174695167,threshold_sweep,0.6,1,0.714285714286,0.833333333333,5,0,2,14,0.714285714286,1,0,0.285714285714,1,0.714285714286,0.833333333333,0.904761904762,0.587301587302,0.769230769231,0.790569415042,0.714285714286,20,13,7,0,20,0,13,0,7,11,20,0.181818181818,3.04338842975,3.63636363636,2,2.5,1.68954001271,0.464623503495,0.245454545455,1.16774841624,0.642261628933,0.336363636364,1.94000937205,1.06700515463,0.536363636364,1.05689877454,0.347276990411,3.54545454545,3.04338842975,1.05689877454,3.54545454545,0.499047619048,0.4,8,0.0484848484848,0.255555555556,11,11,11,1,0,0.0909090909091,0.636363636364,0.272727272727,11,0.118181818182,3.72727272727,2.36363636364,1.3,1.625,1.43336856898,0.6064251638,0.286713286713,0.603022689156,0.510249967747,0.237762237762,1.40129809949,1.18571377649,0.503496503497,2.05382127221,0.551025219373,7,3.72727272727,2.05382127221,7,0,0,0,0,0.22962962963,11,11,11,1,0,0.0909090909091,0.636363636364,0.272727272727,11,18,0.163636363636,3.11363636364,3.27272727273,1.8,2.25,1.42062726223,0.434080552347,0.227272727273,0.924416277737,0.564921058617,0.292929292929,1.68954001271,1.03249667443,0.525252525253,1.14353419474,0.367266456706,3.875,3.11363636364,1.14353419474,3.875,0.366666666667,0.266666666667,4,0.0242424242424,0.221111111111,11,11,11,1,0,0.0909090909091,0.636363636364,0.272727272727,-2,-0.0181818181818,0.0702479338843,-0.363636363636,-0.2,-0.25,-0.268912750482,-0.030542951148,-0.0181818181818,-0.243332138505,-0.0773405703161,-0.0434343434343,-0.250469359339,-0.0345084801933,-0.0111111111111,0.0866354202056,0.0199894662943,0.329545454545,0.0702479338843,0.0866354202056,0.329545454545,-0.132380952381,-0.133333333333,-4,-0.0242424242424,-0.0344444444444,0,0,0,18,0,2,90,0.9,1,0,0.1,1,0.9,0.947368421053,0.938314863257,0.9,0.9,5,7,0,0,0,0
1510,WLNM_dir_neg,0.867346938776,0.565434565435,00:00:00,10,40,18,1174695167,threshold_sweep,0.7,1,0.714285714286,0.833333333333,5,0,2,14,0.714285714286,1,0,0.285714285714,1,0.714285714286,0.833333333333,0.904761904762,0.587301587302,0.769230769231,0.790569415042,0.714285714286,20,13,7,0,20,0,13,0,7,11,20,0.181818181818,3.04338842975,3.63636363636,2,2.5,1.68954001271,0.464623503495,0.245454545455,1.16774841624,0.642261628933,0.336363636364,1.94000937205,1.06700515463,0.536363636364,1.05689877454,0.347276990411,3.54545454545,3.04338842975,1.05689877454,3.54545454545,0.499047619048,0.4,8,0.0484848484848,0.255555555556,11,11,11,1,0,0.0909090909091,0.636363636364,0.272727272727,11,0.118181818182,3.72727272727,2.36363636364,1.3,1.625,1.43336856898,0.6064251638,0.286713286713,0.603022689156,0.510249967747,0.237762237762,1.40129809949,1.18571377649,0.503496503497,2.05382127221,0.551025219373,7,3.72727272727,2.05382127221,7,0,0,0,0,0.22962962963,11,11,11,1,0,0.0909090909091,0.636363636364,0.272727272727,11,18,0.163636363636,3.11363636364,3.27272727273,1.8,2.25,1.42062726223,0.434080552347,0.227272727273,0.924416277737,0.564921058617,0.292929292929,1.68954001271,1.03249667443,0.525252525253,1.14353419474,0.367266456706,3.875,3.11363636364,1.14353419474,3.875,0.366666666667,0.266666666667,4,0.0242424242424,0.221111111111,11,11,11,1,0,0.0909090909091,0.636363636364,0.272727272727,-2,-0.0181818181818,0.0702479338843,-0.363636363636,-0.2,-0.25,-0.268912750482,-0.030542951148,-0.0181818181818,-0.243332138505,-0.0773405703161,-0.0434343434343,-0.250469359339,-0.0345084801933,-0.0111111111111,0.0866354202056,0.0199894662943,0.329545454545,0.0702479338843,0.0866354202056,0.329545454545,-0.132380952381,-0.133333333333,-4,-0.0242424242424,-0.0344444444444,0,0,0,18,0,2,90,0.9,1,0,0.1,1,0.9,0.947368421053,0.938314863257,0.9,0.9,5,7,0,0,0,0
1511,WLNM_dir_neg,0.867346938776,0.565434565435,00:00:00,10,40,18,1174695167,threshold_sweep,0.8,1,0.714285714286,0.833333333333,5,0,2,14,0.714285714286,1,0,0.285714285714,1,0.714285714286,0.833333333333,0.904761904762,0.587301587302,0.769230769231,0.790569415042,0.714285714286,20,13,7,0,20,0,13,0,7,11,20,0.181818181818,3.04338842975,3.63636363636,2,2.5,1.68954001271,0.464623503495,0.245454545455,1.16774841624,0.642261628933,0.336363636364,1.94000937205,1.06700515463,0.536363636364,1.05689877454,0.347276990411,3.54545454545,3.04338842975,1.05689877454,3.54545454545,0.499047619048,0.4,8,0.0484848484848,0.255555555556,11,11,11,1,0,0.0909090909091,0.636363636364,0.272727272727,11,0.118181818182,3.72727272727,2.36363636364,1.3,1.625,1.43336856898,0.6064251638,0.286713286713,0.603022689156,0.510249967747,0.237762237762,1.40129809949,1.18571377649,0.503496503497,2.05382127221,0.551025219373,7,3.72727272727,2.05382127221,7,0,0,0,0,0.22962962963,11,11,11,1,0,0.0909090909091,0.636363636364,0.272727272727,11,18,0.163636363636,3.11363636364,3.27272727273,1.8,2.25,1.42062726223,0.434080552347,0.227272727273,0.924416277737,0.564921058617,0.292929292929,1.68954001271,1.03249667443,0.525252525253,1.14353419474,0.367266456706,3.875,3.11363636364,1.14353419474,3.875,0.366666666667,0.266666666667,4,0.0242424242424,0.221111111111,11,11,11,1,0,0.0909090909091,0.636363636364,0.272727272727,-2,-0.0181818181818,0.0702479338843,-0.363636363636,-0.2,-0.25,-0.268912750482,-0.030542951148,-0.0181818181818,-0.243332138505,-0.0773405703161,-0.0434343434343,-0.250469359339,-0.0345084801933,-0.0111111111111,0.0866354202056,0.0199894662943,0.329545454545,0.0702479338843,0.0866354202056,0.329545454545,-0.132380952381,-0.133333333333,-4,-0.0242424242424,-0.0344444444444,0,0,0,18,0,2,90,0.9,1,0,0.1,1,0.9,0.947368421053,0.938314863257,0.9,0.9,5,7,0,0,0,0
1512,WLNM_dir_neg,0.867346938776,0.565434565435,00:00:00,10,40,18,1174695167,threshold_sweep,0.9,1,0.714285714286,0.833333333333,5,0,2,14,0.714285714286,1,0,0.285714285714,1,0.714285714286,0.833333333333,0.904761904762,0.587301587302,0.769230769231,0.790569415042,0.714285714286,20,13,7,0,20,0,13,0,7,11,20,0.181818181818,3.04338842975,3.63636363636,2,2.5,1.68954001271,0.464623503495,0.245454545455,1.16774841624,0.642261628933,0.336363636364,1.94000937205,1.06700515463,0.536363636364,1.05689877454,0.347276990411,3.54545454545,3.04338842975,1.05689877454,3.54545454545,0.499047619048,0.4,8,0.0484848484848,0.255555555556,11,11,11,1,0,0.0909090909091,0.636363636364,0.272727272727,11,0.118181818182,3.72727272727,2.36363636364,1.3,1.625,1.43336856898,0.6064251638,0.286713286713,0.603022689156,0.510249967747,0.237762237762,1.40129809949,1.18571377649,0.503496503497,2.05382127221,0.551025219373,7,3.72727272727,2.05382127221,7,0,0,0,0,0.22962962963,11,11,11,1,0,0.0909090909091,0.636363636364,0.272727272727,11,18,0.163636363636,3.11363636364,3.27272727273,1.8,2.25,1.42062726223,0.434080552347,0.227272727273,0.924416277737,0.564921058617,0.292929292929,1.68954001271,1.03249667443,0.525252525253,1.14353419474,0.367266456706,3.875,3.11363636364,1.14353419474,3.875,0.366666666667,0.266666666667,4,0.0242424242424,0.221111111111,11,11,11,1,0,0.0909090909091,0.636363636364,0.272727272727,-2,-0.0181818181818,0.0702479338843,-0.363636363636,-0.2,-0.25,-0.268912750482,-0.030542951148,-0.0181818181818,-0.243332138505,-0.0773405703161,-0.0434343434343,-0.250469359339,-0.0345084801933,-0.0111111111111,0.0866354202056,0.0199894662943,0.329545454545,0.0702479338843,0.0866354202056,0.329545454545,-0.132380952381,-0.133333333333,-4,-0.0242424242424,-0.0344444444444,0,0,0,18,0,2,90,0.9,1,0,0.1,1,0.9,0.947368421053,0.938314863257,0.9,0.9,5,7,0,0,0,0
1513,WLNM_dir_neg,0.84693877551,0.702301375095,00:00:00,10,40,19,1174695168,threshold_sweep,0.1,1,0.714285714286,0.833333333333,5,0,2,14,0.714285714286,1,0,0.285714285714,1,0.714285714286,0.833333333333,0.904761904762,0.587301587302,0.769230769231,0.790569415042,0.714285714286,20,13,7,0,20,0,13,0,7,11,20,0.181818181818,3.04338842975,3.63636363636,2,2.5,1.68954001271,0.464623503495,0.245454545455,1.16774841624,0.642261628933,0.336363636364,1.94000937205,1.06700515463,0.536363636364,1.05689877454,0.347276990411,3.54545454545,3.04338842975,1.05689877454,3.54545454545,0.499047619048,0.4,8,0.0484848484848,0.255555555556,11,11,11,1,0,0.0909090909091,0.636363636364,0.272727272727,11,0.118181818182,3.72727272727,2.36363636364,1.3,1.625,1.43336856898,0.6064251638,0.286713286713,0.603022689156,0.510249967747,0.237762237762,1.40129809949,1.18571377649,0.503496503497,2.05382127221,0.551025219373,7,3.72727272727,2.05382127221,7,0,0,0,0,0.22962962963,11,11,11,1,0,0.0909090909091,0.636363636364,0.272727272727,11,18,0.163636363636,3.11363636364,3.27272727273,1.8,2.25,1.42062726223,0.434080552347,0.227272727273,0.924416277737,0.564921058617,0.292929292929,1.68954001271,1.03249667443,0.525252525253,1.14353419474,0.367266456706,3.875,3.11363636364,1.14353419474,3.875,0.366666666667,0.266666666667,4,0.0242424242424,0.221111111111,11,11,11,1,0,0.0909090909091,0.636363636364,0.272727272727,-2,-0.0181818181818,0.0702479338843,-0.363636363636,-0.2,-0.25,-0.268912750482,-0.030542951148,-0.0181818181818,-0.243332138505,-0.0773405703161,-0.0434343434343,-0.250469359339,-0.0345084801933,-0.0111111111111,0.0866354202056,0.0199894662943,0.329545454545,0.0702479338843,0.0866354202056,0.329545454545,-0.132380952381,-0.133333333333,-4,-0.0242424242424,-0.0344444444444,0,0,0,18,0,2,90,0.9,1,0,0.1,1,0.9,0.947368421053,0.938314863257,0.9,0.9,5,7,0,0,0,0
1514,WLNM_dir_neg,0.84693877551,0.702301375095,00:00:00,10,40,19,1174695168,threshold_sweep,0.2,1,0.714285714286,0.833333333333,5,0,2,14,0.714285714286,1,0,0.285714285714,1,0.714285714286,0.833333333333,0.904761904762,0.587301587302,0.769230769231,0.790569415042,0.714285714286,20,13,7,0,20,0,13,0,7,11,20,0.181818181818,3.04338842975,3.63636363636,2,2.5,1.68954001271,0.464623503495,0.245454545455,1.16774841624,0.642261628933,0.336363636364,1.94000937205,1.06700515463,0.536363636364,1.05689877454,0.347276990411,3.54545454545,3.04338842975,1.05689877454,3.54545454545,0.499047619048,0.4,8,0.0484848484848,0.255555555556,11,11,11,1,0,0.0909090909091,0.636363636364,0.272727272727,11,0.118181818182,3.72727272727,2.36363636364,1.3,1.625,1.43336856898,0.6064251638,0.286713286713,0.603022689156,0.510249967747,0.237762237762,1.40129809949,1.18571377649,0.503496503497,2.05382127221,0.551025219373,7,3.72727272727,2.05382127221,7,0,0,0,0,0.22962962963,11,11,11,1,0,0.0909090909091,0.636363636364,0.272727272727,11,18,0.163636363636,3.11363636364,3.27272727273,1.8,2.25,1.42062726223,0.434080552347,0.227272727273,0.924416277737,0.564921058617,0.292929292929,1.68954001271,1.03249667443,0.525252525253,1.14353419474,0.367266456706,3.875,3.11363636364,1.14353419474,3.875,0.366666666667,0.266666666667,4,0.0242424242424,0.221111111111,11,11,11,1,0,0.0909090909091,0.636363636364,0.272727272727,-2,-0.0181818181818,0.0702479338843,-0.363636363636,-0.2,-0.25,-0.268912750482,-0.030542951148,-0.0181818181818,-0.243332138505,-0.0773405703161,-0.0434343434343,-0.250469359339,-0.0345084801933,-0.0111111111111,0.0866354202056,0.0199894662943,0.329545454545,0.0702479338843,0.0866354202056,0.329545454545,-0.132380952381,-0.133333333333,-4,-0.0242424242424,-0.0344444444444,0,0,0,18,0,2,90,0.9,1,0,0.1,1,0.9,0.947368421053,0.938314863257,0.9,0.9,5,7,0,0,0,0
1515,WLNM_dir_neg,0.84693877551,0.702301375095,00:00:00,10,40,19,1174695168,threshold_sweep,0.3,1,0.714285714286,0.833333333333,5,0,2,14,0.714285714286,1,0,0.285714285714,1,0.714285714286,0.833333333333,0.904761904762,0.587301587302,0.769230769231,0.790569415042,0.714285714286,20,13,7,0,20,0,13,0,7,11,20,0.181818181818,3.04338842975,3.63636363636,2,2.5,1.68954001271,0.464623503495,0.245454545455,1.16774841624,0.642261628933,0.336363636364,1.94000937205,1.06700515463,0.536363636364,1.05689877454,0.347276990411,3.54545454545,3.04338842975,1.05689877454,3.54545454545,0.499047619048,0.4,8,0.0484848484848,0.255555555556,11,11,11,1,0,0.0909090909091,0.636363636364,0.272727272727,11,0.118181818182,3.72727272727,2.36363636364,1.3,1.625,1.43336856898,0.6064251638,0.286713286713,0.603022689156,0.510249967747,0.237762237762,1.40129809949,1.18571377649,0.503496503497,2.05382127221,0.551025219373,7,3.72727272727,2.05382127221,7,0,0,0,0,0.22962962963,11,11,11,1,0,0.0909090909091,0.636363636364,0.272727272727,11,18,0.163636363636,3.11363636364,3.27272727273,1.8,2.25,1.42062726223,0.434080552347,0.227272727273,0.924416277737,0.564921058617,0.292929292929,1.68954001271,1.03249667443,0.525252525253,1.14353419474,0.367266456706,3.875,3.11363636364,1.14353419474,3.875,0.366666666667,0.266666666667,4,0.0242424242424,0.221111111111,11,11,11,1,0,0.0909090909091,0.636363636364,0.272727272727,-2,-0.0181818181818,0.0702479338843,-0.363636363636,-0.2,-0.25,-0.268912750482,-0.030542951148,-0.0181818181818,-0.243332138505,-0.0773405703161,-0.0434343434343,-0.250469359339,-0.0345084801933,-0.0111111111111,0.0866354202056,0.0199894662943,0.329545454545,0.0702479338843,0.0866354202056,0.329545454545,-0.132380952381,-0.133333333333,-4,-0.0242424242424,-0.0344444444444,0,0,0,18,0,2,90,0.9,1,0,0.1,1,0.9,0.947368421053,0.938314863257,0.9,0.9,5,7,0,0,0,0
1516,WLNM_dir_neg,0.84693877551,0.702301375095,00:00:00,10,40,19,1174695168,threshold_sweep,0.4,1,0.714285714286,0.833333333333,5,0,2,14,0.714285714286,1,0,0.285714285714,1,0.714285714286,0.833333333333,0.904761904762,0.587301587302,0.769230769231,0.790569415042,0.714285714286,20,13,7,0,20,0,13,0,7,11,20,0.181818181818,3.04338842975,3.63636363636,2,2.5,1.68954001271,0.464623503495,0.245454545455,1.16774841624,0.642261628933,0.336363636364,1.94000937205,1.06700515463,0.536363636364,1.05689877454,0.347276990411,3.54545454545,3.04338842975,1.05689877454,3.54545454545,0.499047619048,0.4,8,0.0484848484848,0.255555555556,11,11,11,1,0,0.0909090909091,0.636363636364,0.272727272727,11,0.118181818182,3.72727272727,2.36363636364,1.3,1.625,1.43336856898,0.6064251638,0.286713286713,0.603022689156,0.510249967747,0.237762237762,1.40129809949,1.18571377649,0.503496503497,2.05382127221,0.551025219373,7,3.72727272727,2.05382127221,7,0,0,0,0,0.22962962963,11,11,11,1,0,0.0909090909091,0.636363636364,0.272727272727,11,18,0.163636363636,3.11363636364,3.27272727273,1.8,2.25,1.42062726223,0.434080552347,0.227272727273,0.924416277737,0.564921058617,0.292929292929,1.68954001271,1.03249667443,0.525252525253,1.14353419474,0.367266456706,3.875,3.11363636364,1.14353419474,3.875,0.366666666667,0.266666666667,4,0.0242424242424,0.221111111111,11,11,11,1,0,0.0909090909091,0.636363636364,0.272727272727,-2,-0.0181818181818,0.0702479338843,-0.363636363636,-0.2,-0.25,-0.268912750482,-0.030542951148,-0.0181818181818,-0.243332138505,-0.0773405703161,-0.0434343434343,-0.250469359339,-0.0345084801933,-0.0111111111111,0.0866354202056,0.0199894662943,0.329545454545,0.0702479338843,0.0866354202056,0.329545454545,-0.132380952381,-0.133333333333,-4,-0.0242424242424,-0.0344444444444,0,0,0,18,0,2,90,0.9,1,0,0.1,1,0.9,0.947368421053,0.938314863257,0.9,0.9,5,7,0,0,0,0
1517,WLNM_dir_neg,0.84693877551,0.702301375095,00:00:00,10,40,19,1174695168,threshold_sweep,0.5,1,0.714285714286,0.833333333333,5,0,2,14,0.714285714286,1,0,0.285714285714,1,0.714285714286,0.833333333333,0.904761904762,0.587301587302,0.769230769231,0.790569415042,0.714285714286,20,13,7,0,20,0,13,0,7,11,20,0.181818181818,3.04338842975,3.63636363636,2,2.5,1.68954001271,0.464623503495,0.245454545455,1.16774841624,0.642261628933,0.336363636364,1.94000937205,1.06700515463,0.536363636364,1.05689877454,0.347276990411,3.54545454545,3.04338842975,1.05689877454,3.54545454545,0.499047619048,0.4,8,0.0484848484848,0.255555555556,11,11,11,1,0,0.0909090909091,0.636363636364,0.272727272727,11,0.118181818182,3.72727272727,2.36363636364,1.3,1.625,1.43336856898,0.6064251638,0.286713286713,0.603022689156,0.510249967747,0.237762237762,1.40129809949,1.18571377649,0.503496503497,2.05382127221,0.551025219373,7,3.72727272727,2.05382127221,7,0,0,0,0,0.22962962963,11,11,11,1,0,0.0909090909091,0.636363636364,0.272727272727,11,18,0.163636363636,3.11363636364,3.27272727273,1.8,2.25,1.42062726223,0.434080552347,0.227272727273,0.924416277737,0.564921058617,0.292929292929,1.68954001271,1.03249667443,0.525252525253,1.14353419474,0.367266456706,3.875,3.11363636364,1.14353419474,3.875,0.366666666667,0.266666666667,4,0.0242424242424,0.221111111111,11,11,11,1,0,0.0909090909091,0.636363636364,0.272727272727,-2,-0.0181818181818,0.0702479338843,-0.363636363636,-0.2,-0.25,-0.268912750482,-0.030542951148,-0.0181818181818,-0.243332138505,-0.0773405703161,-0.0434343434343,-0.250469359339,-0.0345084801933,-0.0111111111111,0.0866354202056,0.0199894662943,0.329545454545,0.0702479338843,0.0866354202056,0.329545454545,-0.132380952381,-0.133333333333,-4,-0.0242424242424,-0.0344444444444,0,0,0,18,0,2,90,0.9,1,0,0.1,1,0.9,0.947368421053,0.938314863257,0.9,0.9,5,7,0,0,0,0
1518,WLNM_dir_neg,0.84693877551,0.702301375095,00:00:00,10,40,19,1174695168,threshold_sweep,0.6,1,0.714285714286,0.833333333333,5,0,2,14,0.714285714286,1,0,0.285714285714,1,0.714285714286,0.833333333333,0.904761904762,0.587301587302,0.769230769231,0.790569415042,0.714285714286,20,13,7,0,20,0,13,0,7,11,20,0.181818181818,3.04338842975,3.63636363636,2,2.5,1.68954001271,0.464623503495,0.245454545455,1.16774841624,0.642261628933,0.336363636364,1.94000937205,1.06700515463,0.536363636364,1.05689877454,0.347276990411,3.54545454545,3.04338842975,1.05689877454,3.54545454545,0.499047619048,0.4,8,0.0484848484848,0.255555555556,11,11,11,1,0,0.0909090909091,0.636363636364,0.272727272727,11,0.118181818182,3.72727272727,2.36363636364,1.3,1.625,1.43336856898,0.6064251638,0.286713286713,0.603022689156,0.510249967747,0.237762237762,1.40129809949,1.18571377649,0.503496503497,2.05382127221,0.551025219373,7,3.72727272727,2.05382127221,7,0,0,0,0,0.22962962963,11,11,11,1,0,0.0909090909091,0.636363636364,0.272727272727,11,18,0.163636363636,3.11363636364,3.27272727273,1.8,2.25,1.42062726223,0.434080552347,0.227272727273,0.924416277737,0.564921058617,0.292929292929,1.68954001271,1.03249667443,0.525252525253,1.14353419474,0.367266456706,3.875,3.11363636364,1.14353419474,3.875,0.366666666667,0.266666666667,4,0.0242424242424,0.221111111111,11,11,11,1,0,0.0909090909091,0.636363636364,0.272727272727,-2,-0.0181818181818,0.0702479338843,-0.363636363636,-0.2,-0.25,-0.268912750482,-0.030542951148,-0.0181818181818,-0.243332138505,-0.0773405703161,-0.0434343434343,-0.250469359339,-0.0345084801933,-0.0111111111111,0.0866354202056,0.0199894662943,0.329545454545,0.0702479338843,0.0866354202056,0.329545454545,-0.132380952381,-0.133333333333,-4,-0.0242424242424,-0.0344444444444,0,0,0,18,0,2,90,0.9,1,0,0.1,1,0.9,0.947368421053,0.938314863257,0.9,0.9,5,7,0,0,0,0
1519,WLNM_dir_neg,0.84693877551,0.702301375095,00:00:00,10,40,19,1174695168,threshold_sweep,0.7,1,0.714285714286,0.833333333333,5,0,2,14,0.714285714286,1,0,0.285714285714,1,0.714285714286,0.833333333333,0.904761904762,0.587301587302,0.769230769231,0.790569415042,0.714285714286,20,13,7,0,20,0,13,0,7,11,20,0.181818181818,3.04338842975,3.63636363636,2,2.5,1.68954001271,0.464623503495,0.245454545455,1.16774841624,0.642261628933,0.336363636364,1.94000937205,1.06700515463,0.536363636364,1.05689877454,0.347276990411,3.54545454545,3.04338842975,1.05689877454,3.54545454545,0.499047619048,0.4,8,0.0484848484848,0.255555555556,11,11,11,1,0,0.0909090909091,0.636363636364,0.272727272727,11,0.118181818182,3.72727272727,2.36363636364,1.3,1.625,1.43336856898,0.6064251638,0.286713286713,0.603022689156,0.510249967747,0.237762237762,1.40129809949,1.18571377649,0.503496503497,2.05382127221,0.551025219373,7,3.72727272727,2.05382127221,7,0,0,0,0,0.22962962963,11,11,11,1,0,0.0909090909091,0.636363636364,0.272727272727,11,18,0.163636363636,3.11363636364,3.27272727273,1.8,2.25,1.42062726223,0.434080552347,0.227272727273,0.924416277737,0.564921058617,0.292929292929,1.68954001271,1.03249667443,0.525252525253,1.14353419474,0.367266456706,3.875,3.11363636364,1.14353419474,3.875,0.366666666667,0.266666666667,4,0.0242424242424,0.221111111111,11,11,11,1,0,0.0909090909091,0.636363636364,0.272727272727,-2,-0.0181818181818,0.0702479338843,-0.363636363636,-0.2,-0.25,-0.268912750482,-0.030542951148,-0.0181818181818,-0.243332138505,-0.0773405703161,-0.0434343434343,-0.250469359339,-0.0345084801933,-0.0111111111111,0.0866354202056,0.0199894662943,0.329545454545,0.0702479338843,0.0866354202056,0.329545454545,-0.132380952381,-0.133333333333,-4,-0.0242424242424,-0.0344444444444,0,0,0,18,0,2,90,0.9,1,0,0.1,1,0.9,0.947368421053,0.938314863257,0.9,0.9,5,7,0,0,0,0
1520,WLNM_dir_neg,0.84693877551,0.702301375095,00:00:00,10,40,19,1174695168,threshold_sweep,0.8,1,0.714285714286,0.833333333333,5,0,2,14,0.714285714286,1,0,0.285714285714,1,0.714285714286,0.833333333333,0.904761904762,0.587301587302,0.769230769231,0.790569415042,0.714285714286,20,13,7,0,20,0,13,0,7,11,20,0.181818181818,3.04338842975,3.63636363636,2,2.5,1.68954001271,0.464623503495,0.245454545455,1.16774841624,0.642261628933,0.336363636364,1.94000937205,1.06700515463,0.536363636364,1.05689877454,0.347276990411,3.54545454545,3.04338842975,1.05689877454,3.54545454545,0.499047619048,0.4,8,0.0484848484848,0.255555555556,11,11,11,1,0,0.0909090909091,0.636363636364,0.272727272727,11,0.118181818182,3.72727272727,2.36363636364,1.3,1.625,1.43336856898,0.6064251638,0.286713286713,0.603022689156,0.510249967747,0.237762237762,1.40129809949,1.18571377649,0.503496503497,2.05382127221,0.551025219373,7,3.72727272727,2.05382127221,7,0,0,0,0,0.22962962963,11,11,11,1,0,0.0909090909091,0.636363636364,0.272727272727,11,18,0.163636363636,3.11363636364,3.27272727273,1.8,2.25,1.42062726223,0.434080552347,0.227272727273,0.924416277737,0.564921058617,0.292929292929,1.68954001271,1.03249667443,0.525252525253,1.14353419474,0.367266456706,3.875,3.11363636364,1.14353419474,3.875,0.366666666667,0.266666666667,4,0.0242424242424,0.221111111111,11,11,11,1,0,0.0909090909091,0.636363636364,0.272727272727,-2,-0.0181818181818,0.0702479338843,-0.363636363636,-0.2,-0.25,-0.268912750482,-0.030542951148,-0.0181818181818,-0.243332138505,-0.0773405703161,-0.0434343434343,-0.250469359339,-0.0345084801933,-0.0111111111111,0.0866354202056,0.0199894662943,0.329545454545,0.0702479338843,0.0866354202056,0.329545454545,-0.132380952381,-0.133333333333,-4,-0.0242424242424,-0.0344444444444,0,0,0,18,0,2,90,0.9,1,0,0.1,1,0.9,0.947368421053,0.938314863257,0.9,0.9,5,7,0,0,0,0
1521,WLNM_dir_neg,0.84693877551,0.702301375095,00:00:00,10,40,19,1174695168,threshold_sweep,0.9,1,0.714285714286,0.833333333333,5,0,2,14,0.714285714286,1,0,0.285714285714,1,0.714285714286,0.833333333333,0.904761904762,0.587301587302,0.769230769231,0.790569415042,0.714285714286,20,13,7,0,20,0,13,0,7,11,20,0.181818181818,3.04338842975,3.63636363636,2,2.5,1.68954001271,0.464623503495,0.245454545455,1.16774841624,0.642261628933,0.336363636364,1.94000937205,1.06700515463,0.536363636364,1.05689877454,0.347276990411,3.54545454545,3.04338842975,1.05689877454,3.54545454545,0.499047619048,0.4,8,0.0484848484848,0.255555555556,11,11,11,1,0,0.0909090909091,0.636363636364,0.272727272727,11,0.118181818182,3.72727272727,2.36363636364,1.3,1.625,1.43336856898,0.6064251638,0.286713286713,0.603022689156,0.510249967747,0.237762237762,1.40129809949,1.18571377649,0.503496503497,2.05382127221,0.551025219373,7,3.72727272727,2.05382127221,7,0,0,0,0,0.22962962963,11,11,11,1,0,0.0909090909091,0.636363636364,0.272727272727,11,18,0.163636363636,3.11363636364,3.27272727273,1.8,2.25,1.42062726223,0.434080552347,0.227272727273,0.924416277737,0.564921058617,0.292929292929,1.68954001271,1.03249667443,0.525252525253,1.14353419474,0.367266456706,3.875,3.11363636364,1.14353419474,3.875,0.366666666667,0.266666666667,4,0.0242424242424,0.221111111111,11,11,11,1,0,0.0909090909091,0.636363636364,0.272727272727,-2,-0.0181818181818,0.0702479338843,-0.363636363636,-0.2,-0.25,-0.268912750482,-0.030542951148,-0.0181818181818,-0.243332138505,-0.0773405703161,-0.0434343434343,-0.250469359339,-0.0345084801933,-0.0111111111111,0.0866354202056,0.0199894662943,0.329545454545,0.0702479338843,0.0866354202056,0.329545454545,-0.132380952381,-0.133333333333,-4,-0.0242424242424,-0.0344444444444,0,0,0,18,0,2,90,0.9,1,0,0.1,1,0.9,0.947368421053,0.938314863257,0.9,0.9,5,7,0,0,0,0
1522,WLNM_dir_neg,0.948979591837,0.630782312925,00:00:00,10,40,20,1174695169,threshold_sweep,0.1,1,0.714285714286,0.833333333333,5,0,2,14,0.714285714286,1,0,0.285714285714,1,0.714285714286,0.833333333333,0.904761904762,0.587301587302,0.769230769231,0.790569415042,0.714285714286,20,13,7,0,20,0,13,0,7,11,20,0.181818181818,3.04338842975,3.63636363636,2,2.5,1.68954001271,0.464623503495,0.245454545455,1.16774841624,0.642261628933,0.336363636364,1.94000937205,1.06700515463,0.536363636364,1.05689877454,0.347276990411,3.54545454545,3.04338842975,1.05689877454,3.54545454545,0.499047619048,0.4,8,0.0484848484848,0.255555555556,11,11,11,1,0,0.0909090909091,0.636363636364,0.272727272727,11,0.118181818182,3.72727272727,2.36363636364,1.3,1.625,1.43336856898,0.6064251638,0.286713286713,0.603022689156,0.510249967747,0.237762237762,1.40129809949,1.18571377649,0.503496503497,2.05382127221,0.551025219373,7,3.72727272727,2.05382127221,7,0,0,0,0,0.22962962963,11,11,11,1,0,0.0909090909091,0.636363636364,0.272727272727,11,18,0.163636363636,3.11363636364,3.27272727273,1.8,2.25,1.42062726223,0.434080552347,0.227272727273,0.924416277737,0.564921058617,0.292929292929,1.68954001271,1.03249667443,0.525252525253,1.14353419474,0.367266456706,3.875,3.11363636364,1.14353419474,3.875,0.366666666667,0.266666666667,4,0.0242424242424,0.221111111111,11,11,11,1,0,0.0909090909091,0.636363636364,0.272727272727,-2,-0.0181818181818,0.0702479338843,-0.363636363636,-0.2,-0.25,-0.268912750482,-0.030542951148,-0.0181818181818,-0.243332138505,-0.0773405703161,-0.0434343434343,-0.250469359339,-0.0345084801933,-0.0111111111111,0.0866354202056,0.0199894662943,0.329545454545,0.0702479338843,0.0866354202056,0.329545454545,-0.132380952381,-0.133333333333,-4,-0.0242424242424,-0.0344444444444,0,0,0,18,0,2,90,0.9,1,0,0.1,1,0.9,0.947368421053,0.938314863257,0.9,0.9,5,7,0,0,0,0
1523,WLNM_dir_neg,0.948979591837,0.630782312925,00:00:00,10,40,20,1174695169,threshold_sweep,0.2,1,0.714285714286,0.833333333333,5,0,2,14,0.714285714286,1,0,0.285714285714,1,0.714285714286,0.833333333333,0.904761904762,0.587301587302,0.769230769231,0.790569415042,0.714285714286,20,13,7,0,20,0,13,0,7,11,20,0.181818181818,3.04338842975,3.63636363636,2,2.5,1.68954001271,0.464623503495,0.245454545455,1.16774841624,0.642261628933,0.336363636364,1.94000937205,1.06700515463,0.536363636364,1.05689877454,0.347276990411,3.54545454545,3.04338842975,1.05689877454,3.54545454545,0.499047619048,0.4,8,0.0484848484848,0.255555555556,11,11,11,1,0,0.0909090909091,0.636363636364,0.272727272727,11,0.118181818182,3.72727272727,2.36363636364,1.3,1.625,1.43336856898,0.6064251638,0.286713286713,0.603022689156,0.510249967747,0.237762237762,1.40129809949,1.18571377649,0.503496503497,2.05382127221,0.551025219373,7,3.72727272727,2.05382127221,7,0,0,0,0,0.22962962963,11,11,11,1,0,0.0909090909091,0.636363636364,0.272727272727,11,18,0.163636363636,3.11363636364,3.27272727273,1.8,2.25,1.42062726223,0.434080552347,0.227272727273,0.924416277737,0.564921058617,0.292929292929,1.68954001271,1.03249667443,0.525252525253,1.14353419474,0.367266456706,3.875,3.11363636364,1.14353419474,3.875,0.366666666667,0.266666666667,4,0.0242424242424,0.221111111111,11,11,11,1,0,0.0909090909091,0.636363636364,0.272727272727,-2,-0.0181818181818,0.0702479338843,-0.363636363636,-0.2,-0.25,-0.268912750482,-0.030542951148,-0.0181818181818,-0.243332138505,-0.0773405703161,-0.0434343434343,-0.250469359339,-0.0345084801933,-0.0111111111111,0.0866354202056,0.0199894662943,0.329545454545,0.0702479338843,0.0866354202056,0.329545454545,-0.132380952381,-0.133333333333,-4,-0.0242424242424,-0.0344444444444,0,0,0,18,0,2,90,0.9,1,0,0.1,1,0.9,0.947368421053,0.938314863257,0.9,0.9,5,7,0,0,0,0
1524,WLNM_dir_neg,0.948979591837,0.630782312925,00:00:00,10,40,20,1174695169,threshold_sweep,0.3,1,0.714285714286,0.833333333333,5,0,2,14,0.714285714286,1,0,0.285714285714,1,0.714285714286,0.833333333333,0.904761904762,0.587301587302,0.769230769231,0.790569415042,0.714285714286,20,13,7,0,20,0,13,0,7,11,20,0.181818181818,3.04338842975,3.63636363636,2,2.5,1.68954001271,0.464623503495,0.245454545455,1.16774841624,0.642261628933,0.336363636364,1.94000937205,1.06700515463,0.536363636364,1.05689877454,0.347276990411,3.54545454545,3.04338842975,1.05689877454,3.54545454545,0.499047619048,0.4,8,0.0484848484848,0.255555555556,11,11,11,1,0,0.0909090909091,0.636363636364,0.272727272727,11,0.118181818182,3.72727272727,2.36363636364,1.3,1.625,1.43336856898,0.6064251638,0.286713286713,0.603022689156,0.510249967747,0.237762237762,1.40129809949,1.18571377649,0.503496503497,2.05382127221,0.551025219373,7,3.72727272727,2.05382127221,7,0,0,0,0,0.22962962963,11,11,11,1,0,0.0909090909091,0.636363636364,0.272727272727,11,18,0.163636363636,3.11363636364,3.27272727273,1.8,2.25,1.42062726223,0.434080552347,0.227272727273,0.924416277737,0.564921058617,0.292929292929,1.68954001271,1.03249667443,0.525252525253,1.14353419474,0.367266456706,3.875,3.11363636364,1.14353419474,3.875,0.366666666667,0.266666666667,4,0.0242424242424,0.221111111111,11,11,11,1,0,0.0909090909091,0.636363636364,0.272727272727,-2,-0.0181818181818,0.0702479338843,-0.363636363636,-0.2,-0.25,-0.268912750482,-0.030542951148,-0.0181818181818,-0.243332138505,-0.0773405703161,-0.0434343434343,-0.250469359339,-0.0345084801933,-0.0111111111111,0.0866354202056,0.0199894662943,0.329545454545,0.0702479338843,0.0866354202056,0.329545454545,-0.132380952381,-0.133333333333,-4,-0.0242424242424,-0.0344444444444,0,0,0,18,0,2,90,0.9,1,0,0.1,1,0.9,0.947368421053,0.938314863257,0.9,0.9,5,7,0,0,0,0
1525,WLNM_dir_neg,0.948979591837,0.630782312925,00:00:00,10,40,20,1174695169,threshold_sweep,0.4,1,0.714285714286,0.833333333333,5,0,2,14,0.714285714286,1,0,0.285714285714,1,0.714285714286,0.833333333333,0.904761904762,0.587301587302,0.769230769231,0.790569415042,0.714285714286,20,13,7,0,20,0,13,0,7,11,20,0.181818181818,3.04338842975,3.63636363636,2,2.5,1.68954001271,0.464623503495,0.245454545455,1.16774841624,0.642261628933,0.336363636364,1.94000937205,1.06700515463,0.536363636364,1.05689877454,0.347276990411,3.54545454545,3.04338842975,1.05689877454,3.54545454545,0.499047619048,0.4,8,0.0484848484848,0.255555555556,11,11,11,1,0,0.0909090909091,0.636363636364,0.272727272727,11,0.118181818182,3.72727272727,2.36363636364,1.3,1.625,1.43336856898,0.6064251638,0.286713286713,0.603022689156,0.510249967747,0.237762237762,1.40129809949,1.18571377649,0.503496503497,2.05382127221,0.551025219373,7,3.72727272727,2.05382127221,7,0,0,0,0,0.22962962963,11,11,11,1,0,0.0909090909091,0.636363636364,0.272727272727,11,18,0.163636363636,3.11363636364,3.27272727273,1.8,2.25,1.42062726223,0.434080552347,0.227272727273,0.924416277737,0.564921058617,0.292929292929,1.68954001271,1.03249667443,0.525252525253,1.14353419474,0.367266456706,3.875,3.11363636364,1.14353419474,3.875,0.366666666667,0.266666666667,4,0.0242424242424,0.221111111111,11,11,11,1,0,0.0909090909091,0.636363636364,0.272727272727,-2,-0.0181818181818,0.0702479338843,-0.363636363636,-0.2,-0.25,-0.268912750482,-0.030542951148,-0.0181818181818,-0.243332138505,-0.0773405703161,-0.0434343434343,-0.250469359339,-0.0345084801933,-0.0111111111111,0.0866354202056,0.0199894662943,0.329545454545,0.0702479338843,0.0866354202056,0.329545454545,-0.132380952381,-0.133333333333,-4,-0.0242424242424,-0.0344444444444,0,0,0,18,0,2,90,0.9,1,0,0.1,1,0.9,0.947368421053,0.938314863257,0.9,0.9,5,7,0,0,0,0
1526,WLNM_dir_neg,0.948979591837,0.630782312925,00:00:00,10,40,20,1174695169,threshold_sweep,0.5,1,0.714285714286,0.833333333333,5,0,2,14,0.714285714286,1,0,0.285714285714,1,0.714285714286,0.833333333333,0.904761904762,0.587301587302,0.769230769231,0.790569415042,0.714285714286,20,13,7,0,20,0,13,0,7,11,20,0.181818181818,3.04338842975,3.63636363636,2,2.5,1.68954001271,0.464623503495,0.245454545455,1.16774841624,0.642261628933,0.336363636364,1.94000937205,1.06700515463,0.536363636364,1.05689877454,0.347276990411,3.54545454545,3.04338842975,1.05689877454,3.54545454545,0.499047619048,0.4,8,0.0484848484848,0.255555555556,11,11,11,1,0,0.0909090909091,0.636363636364,0.272727272727,11,0.118181818182,3.72727272727,2.36363636364,1.3,1.625,1.43336856898,0.6064251638,0.286713286713,0.603022689156,0.510249967747,0.237762237762,1.40129809949,1.18571377649,0.503496503497,2.05382127221,0.551025219373,7,3.72727272727,2.05382127221,7,0,0,0,0,0.22962962963,11,11,11,1,0,0.0909090909091,0.636363636364,0.272727272727,11,18,0.163636363636,3.11363636364,3.27272727273,1.8,2.25,1.42062726223,0.434080552347,0.227272727273,0.924416277737,0.564921058617,0.292929292929,1.68954001271,1.03249667443,0.525252525253,1.14353419474,0.367266456706,3.875,3.11363636364,1.14353419474,3.875,0.366666666667,0.266666666667,4,0.0242424242424,0.221111111111,11,11,11,1,0,0.0909090909091,0.636363636364,0.272727272727,-2,-0.0181818181818,0.0702479338843,-0.363636363636,-0.2,-0.25,-0.268912750482,-0.030542951148,-0.0181818181818,-0.243332138505,-0.0773405703161,-0.0434343434343,-0.250469359339,-0.0345084801933,-0.0111111111111,0.0866354202056,0.0199894662943,0.329545454545,0.0702479338843,0.0866354202056,0.329545454545,-0.132380952381,-0.133333333333,-4,-0.0242424242424,-0.0344444444444,0,0,0,18,0,2,90,0.9,1,0,0.1,1,0.9,0.947368421053,0.938314863257,0.9,0.9,5,7,0,0,0,0
1527,WLNM_dir_neg,0.948979591837,0.630782312925,00:00:00,10,40,20,1174695169,threshold_sweep,0.6,1,0.714285714286,0.833333333333,5,0,2,14,0.714285714286,1,0,0.285714285714,1,0.714285714286,0.833333333333,0.904761904762,0.587301587302,0.769230769231,0.790569415042,0.714285714286,20,13,7,0,20,0,13,0,7,11,20,0.181818181818,3.04338842975,3.63636363636,2,2.5,1.68954001271,0.464623503495,0.245454545455,1.16774841624,0.642261628933,0.336363636364,1.94000937205,1.06700515463,0.536363636364,1.05689877454,0.347276990411,3.54545454545,3.04338842975,1.05689877454,3.54545454545,0.499047619048,0.4,8,0.0484848484848,0.255555555556,11,11,11,1,0,0.0909090909091,0.636363636364,0.272727272727,11,0.118181818182,3.72727272727,2.36363636364,1.3,1.625,1.43336856898,0.6064251638,0.286713286713,0.603022689156,0.510249967747,0.237762237762,1.40129809949,1.18571377649,0.503496503497,2.05382127221,0.551025219373,7,3.72727272727,2.05382127221,7,0,0,0,0,0.22962962963,11,11,11,1,0,0.0909090909091,0.636363636364,0.272727272727,11,18,0.163636363636,3.11363636364,3.27272727273,1.8,2.25,1.42062726223,0.434080552347,0.227272727273,0.924416277737,0.564921058617,0.292929292929,1.68954001271,1.03249667443,0.525252525253,1.14353419474,0.367266456706,3.875,3.11363636364,1.14353419474,3.875,0.366666666667,0.266666666667,4,0.0242424242424,0.221111111111,11,11,11,1,0,0.0909090909091,0.636363636364,0.272727272727,-2,-0.0181818181818,0.0702479338843,-0.363636363636,-0.2,-0.25,-0.268912750482,-0.030542951148,-0.0181818181818,-0.243332138505,-0.0773405703161,-0.0434343434343,-0.250469359339,-0.0345084801933,-0.0111111111111,0.0866354202056,0.0199894662943,0.329545454545,0.0702479338843,0.0866354202056,0.329545454545,-0.132380952381,-0.133333333333,-4,-0.0242424242424,-0.0344444444444,0,0,0,18,0,2,90,0.9,1,0,0.1,1,0.9,0.947368421053,0.938314863257,0.9,0.9,5,7,0,0,0,0
1528,WLNM_dir_neg,0.948979591837,0.630782312925,00:00:00,10,40,20,1174695169,threshold_sweep,0.7,1,0.714285714286,0.833333333333,5,0,2,14,0.714285714286,1,0,0.285714285714,1,0.714285714286,0.833333333333,0.904761904762,0.587301587302,0.769230769231,0.790569415042,0.714285714286,20,13,7,0,20,0,13,0,7,11,20,0.181818181818,3.04338842975,3.63636363636,2,2.5,1.68954001271,0.464623503495,0.245454545455,1.16774841624,0.642261628933,0.336363636364,1.94000937205,1.06700515463,0.536363636364,1.05689877454,0.347276990411,3.54545454545,3.04338842975,1.05689877454,3.54545454545,0.499047619048,0.4,8,0.0484848484848,0.255555555556,11,11,11,1,0,0.0909090909091,0.636363636364,0.272727272727,11,0.118181818182,3.72727272727,2.36363636364,1.3,1.625,1.43336856898,0.6064251638,0.286713286713,0.603022689156,0.510249967747,0.237762237762,1.40129809949,1.18571377649,0.503496503497,2.05382127221,0.551025219373,7,3.72727272727,2.05382127221,7,0,0,0,0,0.22962962963,11,11,11,1,0,0.0909090909091,0.636363636364,0.272727272727,11,18,0.163636363636,3.11363636364,3.27272727273,1.8,2.25,1.42062726223,0.434080552347,0.227272727273,0.924416277737,0.564921058617,0.292929292929,1.68954001271,1.03249667443,0.525252525253,1.14353419474,0.367266456706,3.875,3.11363636364,1.14353419474,3.875,0.366666666667,0.266666666667,4,0.0242424242424,0.221111111111,11,11,11,1,0,0.0909090909091,0.636363636364,0.272727272727,-2,-0.0181818181818,0.0702479338843,-0.363636363636,-0.2,-0.25,-0.268912750482,-0.030542951148,-0.0181818181818,-0.243332138505,-0.0773405703161,-0.0434343434343,-0.250469359339,-0.0345084801933,-0.0111111111111,0.0866354202056,0.0199894662943,0.329545454545,0.0702479338843,0.0866354202056,0.329545454545,-0.132380952381,-0.133333333333,-4,-0.0242424242424,-0.0344444444444,0,0,0,18,0,2,90,0.9,1,0,0.1,1,0.9,0.947368421053,0.938314863257,0.9,0.9,5,7,0,0,0,0
1529,WLNM_dir_neg,0.948979591837,0.630782312925,00:00:00,10,40,20,1174695169,threshold_sweep,0.8,1,0.714285714286,0.833333333333,5,0,2,14,0.714285714286,1,0,0.285714285714,1,0.714285714286,0.833333333333,0.904761904762,0.587301587302,0.769230769231,0.790569415042,0.714285714286,20,13,7,0,20,0,13,0,7,11,20,0.181818181818,3.04338842975,3.63636363636,2,2.5,1.68954001271,0.464623503495,0.245454545455,1.16774841624,0.642261628933,0.336363636364,1.94000937205,1.06700515463,0.536363636364,1.05689877454,0.347276990411,3.54545454545,3.04338842975,1.05689877454,3.54545454545,0.499047619048,0.4,8,0.0484848484848,0.255555555556,11,11,11,1,0,0.0909090909091,0.636363636364,0.272727272727,11,0.118181818182,3.72727272727,2.36363636364,1.3,1.625,1.43336856898,0.6064251638,0.286713286713,0.603022689156,0.510249967747,0.237762237762,1.40129809949,1.18571377649,0.503496503497,2.05382127221,0.551025219373,7,3.72727272727,2.05382127221,7,0,0,0,0,0.22962962963,11,11,11,1,0,0.0909090909091,0.636363636364,0.272727272727,11,18,0.163636363636,3.11363636364,3.27272727273,1.8,2.25,1.42062726223,0.434080552347,0.227272727273,0.924416277737,0.564921058617,0.292929292929,1.68954001271,1.03249667443,0.525252525253,1.14353419474,0.367266456706,3.875,3.11363636364,1.14353419474,3.875,0.366666666667,0.266666666667,4,0.0242424242424,0.221111111111,11,11,11,1,0,0.0909090909091,0.636363636364,0.272727272727,-2,-0.0181818181818,0.0702479338843,-0.363636363636,-0.2,-0.25,-0.268912750482,-0.030542951148,-0.0181818181818,-0.243332138505,-0.0773405703161,-0.0434343434343,-0.250469359339,-0.0345084801933,-0.0111111111111,0.0866354202056,0.0199894662943,0.329545454545,0.0702479338843,0.0866354202056,0.329545454545,-0.132380952381,-0.133333333333,-4,-0.0242424242424,-0.0344444444444,0,0,0,18,0,2,90,0.9,1,0,0.1,1,0.9,0.947368421053,0.938314863257,0.9,0.9,5,7,0,0,0,0
1530,WLNM_dir_neg,0.948979591837,0.630782312925,00:00:00,10,40,20,1174695169,threshold_sweep,0.9,1,0.714285714286,0.833333333333,5,0,2,14,0.714285714286,1,0,0.285714285714,1,0.714285714286,0.833333333333,0.904761904762,0.587301587302,0.769230769231,0.790569415042,0.714285714286,20,13,7,0,20,0,13,0,7,11,20,0.181818181818,3.04338842975,3.63636363636,2,2.5,1.68954001271,0.464623503495,0.245454545455,1.16774841624,0.642261628933,0.336363636364,1.94000937205,1.06700515463,0.536363636364,1.05689877454,0.347276990411,3.54545454545,3.04338842975,1.05689877454,3.54545454545,0.499047619048,0.4,8,0.0484848484848,0.255555555556,11,11,11,1,0,0.0909090909091,0.636363636364,0.272727272727,11,0.118181818182,3.72727272727,2.36363636364,1.3,1.625,1.43336856898,0.6064251638,0.286713286713,0.603022689156,0.510249967747,0.237762237762,1.40129809949,1.18571377649,0.503496503497,2.05382127221,0.551025219373,7,3.72727272727,2.05382127221,7,0,0,0,0,0.22962962963,11,11,11,1,0,0.0909090909091,0.636363636364,0.272727272727,11,18,0.163636363636,3.11363636364,3.27272727273,1.8,2.25,1.42062726223,0.434080552347,0.227272727273,0.924416277737,0.564921058617,0.292929292929,1.68954001271,1.03249667443,0.525252525253,1.14353419474,0.367266456706,3.875,3.11363636364,1.14353419474,3.875,0.366666666667,0.266666666667,4,0.0242424242424,0.221111111111,11,11,11,1,0,0.0909090909091,0.636363636364,0.272727272727,-2,-0.0181818181818,0.0702479338843,-0.363636363636,-0.2,-0.25,-0.268912750482,-0.030542951148,-0.0181818181818,-0.243332138505,-0.0773405703161,-0.0434343434343,-0.250469359339,-0.0345084801933,-0.0111111111111,0.0866354202056,0.0199894662943,0.329545454545,0.0702479338843,0.0866354202056,0.329545454545,-0.132380952381,-0.133333333333,-4,-0.0242424242424,-0.0344444444444,0,0,0,18,0,2,90,0.9,1,0,0.1,1,0.9,0.947368421053,0.938314863257,0.9,0.9,5,7,0,0,0,0
1531,WLNM_dir_neg,0.795918367347,0.532074175824,00:00:00,10,40,21,1174695170,threshold_sweep,0.1,0.833333333333,0.714285714286,0.769230769231,5,1,2,13,0.714285714286,0.928571428571,0.0714285714286,0.285714285714,0.833333333333,0.714285714286,0.769230769231,0.857142857143,0.571428571429,0.666666666667,0.67082039325,0.642857142857,20,13,7,0,20,0,13,0,7,11,20,0.181818181818,3.04338842975,3.63636363636,2,2.5,1.68954001271,0.464623503495,0.245454545455,1.16774841624,0.642261628933,0.336363636364,1.94000937205,1.06700515463,0.536363636364,1.05689877454,0.347276990411,3.54545454545,3.04338842975,1.05689877454,3.54545454545,0.499047619048,0.4,8,0.0484848484848,0.255555555556,11,11,11,1,0,0.0909090909091,0.636363636364,0.272727272727,11,0.118181818182,3.72727272727,2.36363636364,1.3,1.625,1.43336856898,0.6064251638,0.286713286713,0.603022689156,0.510249967747,0.237762237762,1.40129809949,1.18571377649,0.503496503497,2.05382127221,0.551025219373,7,3.72727272727,2.05382127221,7,0,0,0,0,0.22962962963,11,11,11,1,0,0.0909090909091,0.636363636364,0.272727272727,11,19,0.172727272727,3.65316205534,3.45454545455,1.9,2.375,1.63484778274,0.473245410793,0.248803827751,0.904534033733,0.523677598477,0.267942583732,1.67874411933,0.971904490138,0.507177033493,1.65532062001,0.453119953328,5.13043478261,3.65316205534,1.65532062001,5.13043478261,0.366666666667,0.266666666667,4,0.0242424242424,0.197037037037,11,11,11,1,0,0.0909090909091,0.636363636364,0.272727272727,-1,-0.00909090909091,0.609773625584,-0.181818181818,-0.1,-0.125,-0.05469222997,0.00862190729789,0.00334928229665,-0.263214382509,-0.118584030456,-0.0684210526316,-0.26126525272,-0.0951006644889,-0.0291866028708,0.598421845477,0.105842962917,1.58498023715,0.609773625584,0.598421845477,1.58498023715,-0.132380952381,-0.133333333333,-4,-0.0242424242424,-0.0585185185185,0,0,0,18,1,2,89,0.9,0.988888888889,0.0111111111111,0.1,0.947368421053,0.9,0.923076923077,0.906956031802,0.888888888889,0.857142857143,6,7,0,0,0,0
1532,WLNM_dir_neg,0.795918367347,0.532074175824,00:00:00,10,40,21,1174695170,threshold_sweep,0.2,0.833333333333,0.714285714286,0.769230769231,5,1,2,13,0.714285714286,0.928571428571,0.0714285714286,0.285714285714,0.833333333333,0.714285714286,0.769230769231,0.857142857143,0.571428571429,0.666666666667,0.67082039325,0.642857142857,20,13,7,0,20,0,13,0,7,11,20,0.181818181818,3.04338842975,3.63636363636,2,2.5,1.68954001271,0.464623503495,0.245454545455,1.16774841624,0.642261628933,0.336363636364,1.94000937205,1.06700515463,0.536363636364,1.05689877454,0.347276990411,3.54545454545,3.04338842975,1.05689877454,3.54545454545,0.499047619048,0.4,8,0.0484848484848,0.255555555556,11,11,11,1,0,0.0909090909091,0.636363636364,0.272727272727,11,0.118181818182,3.72727272727,2.36363636364,1.3,1.625,1.43336856898,0.6064251638,0.286713286713,0.603022689156,0.510249967747,0.237762237762,1.40129809949,1.18571377649,0.503496503497,2.05382127221,0.551025219373,7,3.72727272727,2.05382127221,7,0,0,0,0,0.22962962963,11,11,11,1,0,0.0909090909091,0.636363636364,0.272727272727,11,19,0.172727272727,3.65316205534,3.45454545455,1.9,2.375,1.63484778274,0.473245410793,0.248803827751,0.904534033733,0.523677598477,0.267942583732,1.67874411933,0.971904490138,0.507177033493,1.65532062001,0.453119953328,5.13043478261,3.65316205534,1.65532062001,5.13043478261,0.366666666667,0.266666666667,4,0.0242424242424,0.197037037037,11,11,11,1,0,0.0909090909091,0.636363636364,0.272727272727,-1,-0.00909090909091,0.609773625584,-0.181818181818,-0.1,-0.125,-0.05469222997,0.00862190729789,0.00334928229665,-0.263214382509,-0.118584030456,-0.0684210526316,-0.26126525272,-0.0951006644889,-0.0291866028708,0.598421845477,0.105842962917,1.58498023715,0.609773625584,0.598421845477,1.58498023715,-0.132380952381,-0.133333333333,-4,-0.0242424242424,-0.0585185185185,0,0,0,18,1,2,89,0.9,0.988888888889,0.0111111111111,0.1,0.947368421053,0.9,0.923076923077,0.906956031802,0.888888888889,0.857142857143,6,7,0,0,0,0
1533,WLNM_dir_neg,0.795918367347,0.532074175824,00:00:00,10,40,21,1174695170,threshold_sweep,0.3,0.833333333333,0.714285714286,0.769230769231,5,1,2,13,0.714285714286,0.928571428571,0.0714285714286,0.285714285714,0.833333333333,0.714285714286,0.769230769231,0.857142857143,0.571428571429,0.666666666667,0.67082039325,0.642857142857,20,13,7,0,20,0,13,0,7,11,20,0.181818181818,3.04338842975,3.63636363636,2,2.5,1.68954001271,0.464623503495,0.245454545455,1.16774841624,0.642261628933,0.336363636364,1.94000937205,1.06700515463,0.536363636364,1.05689877454,0.347276990411,3.54545454545,3.04338842975,1.05689877454,3.54545454545,0.499047619048,0.4,8,0.0484848484848,0.255555555556,11,11,11,1,0,0.0909090909091,0.636363636364,0.272727272727,11,0.118181818182,3.72727272727,2.36363636364,1.3,1.625,1.43336856898,0.6064251638,0.286713286713,0.603022689156,0.510249967747,0.237762237762,1.40129809949,1.18571377649,0.503496503497,2.05382127221,0.551025219373,7,3.72727272727,2.05382127221,7,0,0,0,0,0.22962962963,11,11,11,1,0,0.0909090909091,0.636363636364,0.272727272727,11,19,0.172727272727,3.65316205534,3.45454545455,1.9,2.375,1.63484778274,0.473245410793,0.248803827751,0.904534033733,0.523677598477,0.267942583732,1.67874411933,0.971904490138,0.507177033493,1.65532062001,0.453119953328,5.13043478261,3.65316205534,1.65532062001,5.13043478261,0.366666666667,0.266666666667,4,0.0242424242424,0.197037037037,11,11,11,1,0,0.0909090909091,0.636363636364,0.272727272727,-1,-0.00909090909091,0.609773625584,-0.181818181818,-0.1,-0.125,-0.05469222997,0.00862190729789,0.00334928229665,-0.263214382509,-0.118584030456,-0.0684210526316,-0.26126525272,-0.0951006644889,-0.0291866028708,0.598421845477,0.105842962917,1.58498023715,0.609773625584,0.598421845477,1.58498023715,-0.132380952381,-0.133333333333,-4,-0.0242424242424,-0.0585185185185,0,0,0,18,1,2,89,0.9,0.988888888889,0.0111111111111,0.1,0.947368421053,0.9,0.923076923077,0.906956031802,0.888888888889,0.857142857143,6,7,0,0,0,0
1534,WLNM_dir_neg,0.795918367347,0.532074175824,00:00:00,10,40,21,1174695170,threshold_sweep,0.4,0.833333333333,0.714285714286,0.769230769231,5,1,2,13,0.714285714286,0.928571428571,0.0714285714286,0.285714285714,0.833333333333,0.714285714286,0.769230769231,0.857142857143,0.571428571429,0.666666666667,0.67082039325,0.642857142857,20,13,7,0,20,0,13,0,7,11,20,0.181818181818,3.04338842975,3.63636363636,2,2.5,1.68954001271,0.464623503495,0.245454545455,1.16774841624,0.642261628933,0.336363636364,1.94000937205,1.06700515463,0.536363636364,1.05689877454,0.347276990411,3.54545454545,3.04338842975,1.05689877454,3.54545454545,0.499047619048,0.4,8,0.0484848484848,0.255555555556,11,11,11,1,0,0.0909090909091,0.636363636364,0.272727272727,11,0.118181818182,3.72727272727,2.36363636364,1.3,1.625,1.43336856898,0.6064251638,0.286713286713,0.603022689156,0.510249967747,0.237762237762,1.40129809949,1.18571377649,0.503496503497,2.05382127221,0.551025219373,7,3.72727272727,2.05382127221,7,0,0,0,0,0.22962962963,11,11,11,1,0,0.0909090909091,0.636363636364,0.272727272727,11,19,0.172727272727,3.65316205534,3.45454545455,1.9,2.375,1.63484778274,0.473245410793,0.248803827751,0.904534033733,0.523677598477,0.267942583732,1.67874411933,0.971904490138,0.507177033493,1.65532062001,0.453119953328,5.13043478261,3.65316205534,1.65532062001,5.13043478261,0.366666666667,0.266666666667,4,0.0242424242424,0.197037037037,11,11,11,1,0,0.0909090909091,0.636363636364,0.272727272727,-1,-0.00909090909091,0.609773625584,-0.181818181818,-0.1,-0.125,-0.05469222997,0.00862190729789,0.00334928229665,-0.263214382509,-0.118584030456,-0.0684210526316,-0.26126525272,-0.0951006644889,-0.0291866028708,0.598421845477,0.105842962917,1.58498023715,0.609773625584,0.598421845477,1.58498023715,-0.132380952381,-0.133333333333,-4,-0.0242424242424,-0.0585185185185,0,0,0,18,1,2,89,0.9,0.988888888889,0.0111111111111,0.1,0.947368421053,0.9,0.923076923077,0.906956031802,0.888888888889,0.857142857143,6,7,0,0,0,0
1535,WLNM_dir_neg,0.795918367347,0.532074175824,00:00:00,10,40,21,1174695170,threshold_sweep,0.5,0.833333333333,0.714285714286,0.769230769231,5,1,2,13,0.714285714286,0.928571428571,0.0714285714286,0.285714285714,0.833333333333,0.714285714286,0.769230769231,0.857142857143,0.571428571429,0.666666666667,0.67082039325,0.642857142857,20,13,7,0,20,0,13,0,7,11,20,0.181818181818,3.04338842975,3.63636363636,2,2.5,1.68954001271,0.464623503495,0.245454545455,1.16774841624,0.642261628933,0.336363636364,1.94000937205,1.06700515463,0.536363636364,1.05689877454,0.347276990411,3.54545454545,3.04338842975,1.05689877454,3.54545454545,0.499047619048,0.4,8,0.0484848484848,0.255555555556,11,11,11,1,0,0.0909090909091,0.636363636364,0.272727272727,11,0.118181818182,3.72727272727,2.36363636364,1.3,1.625,1.43336856898,0.6064251638,0.286713286713,0.603022689156,0.510249967747,0.237762237762,1.40129809949,1.18571377649,0.503496503497,2.05382127221,0.551025219373,7,3.72727272727,2.05382127221,7,0,0,0,0,0.22962962963,11,11,11,1,0,0.0909090909091,0.636363636364,0.272727272727,11,19,0.172727272727,3.65316205534,3.45454545455,1.9,2.375,1.63484778274,0.473245410793,0.248803827751,0.904534033733,0.523677598477,0.267942583732,1.67874411933,0.971904490138,0.507177033493,1.65532062001,0.453119953328,5.13043478261,3.65316205534,1.65532062001,5.13043478261,0.366666666667,0.266666666667,4,0.0242424242424,0.197037037037,11,11,11,1,0,0.0909090909091,0.636363636364,0.272727272727,-1,-0.00909090909091,0.609773625584,-0.181818181818,-0.1,-0.125,-0.05469222997,0.00862190729789,0.00334928229665,-0.263214382509,-0.118584030456,-0.0684210526316,-0.26126525272,-0.0951006644889,-0.0291866028708,0.598421845477,0.105842962917,1.58498023715,0.609773625584,0.598421845477,1.58498023715,-0.132380952381,-0.133333333333,-4,-0.0242424242424,-0.0585185185185,0,0,0,18,1,2,89,0.9,0.988888888889,0.0111111111111,0.1,0.947368421053,0.9,0.923076923077,0.906956031802,0.888888888889,0.857142857143,6,7,0,0,0,0
1536,WLNM_dir_neg,0.795918367347,0.532074175824,00:00:00,10,40,21,1174695170,threshold_sweep,0.6,0.833333333333,0.714285714286,0.769230769231,5,1,2,13,0.714285714286,0.928571428571,0.0714285714286,0.285714285714,0.833333333333,0.714285714286,0.769230769231,0.857142857143,0.571428571429,0.666666666667,0.67082039325,0.642857142857,20,13,7,0,20,0,13,0,7,11,20,0.181818181818,3.04338842975,3.63636363636,2,2.5,1.68954001271,0.464623503495,0.245454545455,1.16774841624,0.642261628933,0.336363636364,1.94000937205,1.06700515463,0.536363636364,1.05689877454,0.347276990411,3.54545454545,3.04338842975,1.05689877454,3.54545454545,0.499047619048,0.4,8,0.0484848484848,0.255555555556,11,11,11,1,0,0.0909090909091,0.636363636364,0.272727272727,11,0.118181818182,3.72727272727,2.36363636364,1.3,1.625,1.43336856898,0.6064251638,0.286713286713,0.603022689156,0.510249967747,0.237762237762,1.40129809949,1.18571377649,0.503496503497,2.05382127221,0.551025219373,7,3.72727272727,2.05382127221,7,0,0,0,0,0.22962962963,11,11,11,1,0,0.0909090909091,0.636363636364,0.272727272727,11,19,0.172727272727,3.65316205534,3.45454545455,1.9,2.375,1.63484778274,0.473245410793,0.248803827751,0.904534033733,0.523677598477,0.267942583732,1.67874411933,0.971904490138,0.507177033493,1.65532062001,0.453119953328,5.13043478261,3.65316205534,1.65532062001,5.13043478261,0.366666666667,0.266666666667,4,0.0242424242424,0.197037037037,11,11,11,1,0,0.0909090909091,0.636363636364,0.272727272727,-1,-0.00909090909091,0.609773625584,-0.181818181818,-0.1,-0.125,-0.05469222997,0.00862190729789,0.00334928229665,-0.263214382509,-0.118584030456,-0.0684210526316,-0.26126525272,-0.0951006644889,-0.0291866028708,0.598421845477,0.105842962917,1.58498023715,0.609773625584,0.598421845477,1.58498023715,-0.132380952381,-0.133333333333,-4,-0.0242424242424,-0.0585185185185,0,0,0,18,1,2,89,0.9,0.988888888889,0.0111111111111,0.1,0.947368421053,0.9,0.923076923077,0.906956031802,0.888888888889,0.857142857143,6,7,0,0,0,0
1537,WLNM_dir_neg,0.795918367347,0.532074175824,00:00:00,10,40,21,1174695170,threshold_sweep,0.7,0.833333333333,0.714285714286,0.769230769231,5,1,2,13,0.714285714286,0.928571428571,0.0714285714286,0.285714285714,0.833333333333,0.714285714286,0.769230769231,0.857142857143,0.571428571429,0.666666666667,0.67082039325,0.642857142857,20,13,7,0,20,0,13,0,7,11,20,0.181818181818,3.04338842975,3.63636363636,2,2.5,1.68954001271,0.464623503495,0.245454545455,1.16774841624,0.642261628933,0.336363636364,1.94000937205,1.06700515463,0.536363636364,1.05689877454,0.347276990411,3.54545454545,3.04338842975,1.05689877454,3.54545454545,0.499047619048,0.4,8,0.0484848484848,0.255555555556,11,11,11,1,0,0.0909090909091,0.636363636364,0.272727272727,11,0.118181818182,3.72727272727,2.36363636364,1.3,1.625,1.43336856898,0.6064251638,0.286713286713,0.603022689156,0.510249967747,0.237762237762,1.40129809949,1.18571377649,0.503496503497,2.05382127221,0.551025219373,7,3.72727272727,2.05382127221,7,0,0,0,0,0.22962962963,11,11,11,1,0,0.0909090909091,0.636363636364,0.272727272727,11,19,0.172727272727,3.65316205534,3.45454545455,1.9,2.375,1.63484778274,0.473245410793,0.248803827751,0.904534033733,0.523677598477,0.267942583732,1.67874411933,0.971904490138,0.507177033493,1.65532062001,0.453119953328,5.13043478261,3.65316205534,1.65532062001,5.13043478261,0.366666666667,0.266666666667,4,0.0242424242424,0.197037037037,11,11,11,1,0,0.0909090909091,0.636363636364,0.272727272727,-1,-0.00909090909091,0.609773625584,-0.181818181818,-0.1,-0.125,-0.05469222997,0.00862190729789,0.00334928229665,-0.263214382509,-0.118584030456,-0.0684210526316,-0.26126525272,-0.0951006644889,-0.0291866028708,0.598421845477,0.105842962917,1.58498023715,0.609773625584,0.598421845477,1.58498023715,-0.132380952381,-0.133333333333,-4,-0.0242424242424,-0.0585185185185,0,0,0,18,1,2,89,0.9,0.988888888889,0.0111111111111,0.1,0.947368421053,0.9,0.923076923077,0.906956031802,0.888888888889,0.857142857143,6,7,0,0,0,0
1538,WLNM_dir_neg,0.795918367347,0.532074175824,00:00:00,10,40,21,1174695170,threshold_sweep,0.8,0.833333333333,0.714285714286,0.769230769231,5,1,2,13,0.714285714286,0.928571428571,0.0714285714286,0.285714285714,0.833333333333,0.714285714286,0.769230769231,0.857142857143,0.571428571429,0.666666666667,0.67082039325,0.642857142857,20,13,7,0,20,0,13,0,7,11,20,0.181818181818,3.04338842975,3.63636363636,2,2.5,1.68954001271,0.464623503495,0.245454545455,1.16774841624,0.642261628933,0.336363636364,1.94000937205,1.06700515463,0.536363636364,1.05689877454,0.347276990411,3.54545454545,3.04338842975,1.05689877454,3.54545454545,0.499047619048,0.4,8,0.0484848484848,0.255555555556,11,11,11,1,0,0.0909090909091,0.636363636364,0.272727272727,11,0.118181818182,3.72727272727,2.36363636364,1.3,1.625,1.43336856898,0.6064251638,0.286713286713,0.603022689156,0.510249967747,0.237762237762,1.40129809949,1.18571377649,0.503496503497,2.05382127221,0.551025219373,7,3.72727272727,2.05382127221,7,0,0,0,0,0.22962962963,11,11,11,1,0,0.0909090909091,0.636363636364,0.272727272727,11,19,0.172727272727,3.65316205534,3.45454545455,1.9,2.375,1.63484778274,0.473245410793,0.248803827751,0.904534033733,0.523677598477,0.267942583732,1.67874411933,0.971904490138,0.507177033493,1.65532062001,0.453119953328,5.13043478261,3.65316205534,1.65532062001,5.13043478261,0.366666666667,0.266666666667,4,0.0242424242424,0.197037037037,11,11,11,1,0,0.0909090909091,0.636363636364,0.272727272727,-1,-0.00909090909091,0.609773625584,-0.181818181818,-0.1,-0.125,-0.05469222997,0.00862190729789,0.00334928229665,-0.263214382509,-0.118584030456,-0.0684210526316,-0.26126525272,-0.0951006644889,-0.0291866028708,0.598421845477,0.105842962917,1.58498023715,0.609773625584,0.598421845477,1.58498023715,-0.132380952381,-0.133333333333,-4,-0.0242424242424,-0.0585185185185,0,0,0,18,1,2,89,0.9,0.988888888889,0.0111111111111,0.1,0.947368421053,0.9,0.923076923077,0.906956031802,0.888888888889,0.857142857143,6,7,0,0,0,0
1539,WLNM_dir_neg,0.795918367347,0.532074175824,00:00:00,10,40,21,1174695170,threshold_sweep,0.9,0.833333333333,0.714285714286,0.769230769231,5,1,2,13,0.714285714286,0.928571428571,0.0714285714286,0.285714285714,0.833333333333,0.714285714286,0.769230769231,0.857142857143,0.571428571429,0.666666666667,0.67082039325,0.642857142857,20,13,7,0,20,0,13,0,7,11,20,0.181818181818,3.04338842975,3.63636363636,2,2.5,1.68954001271,0.464623503495,0.245454545455,1.16774841624,0.642261628933,0.336363636364,1.94000937205,1.06700515463,0.536363636364,1.05689877454,0.347276990411,3.54545454545,3.04338842975,1.05689877454,3.54545454545,0.499047619048,0.4,8,0.0484848484848,0.255555555556,11,11,11,1,0,0.0909090909091,0.636363636364,0.272727272727,11,0.118181818182,3.72727272727,2.36363636364,1.3,1.625,1.43336856898,0.6064251638,0.286713286713,0.603022689156,0.510249967747,0.237762237762,1.40129809949,1.18571377649,0.503496503497,2.05382127221,0.551025219373,7,3.72727272727,2.05382127221,7,0,0,0,0,0.22962962963,11,11,11,1,0,0.0909090909091,0.636363636364,0.272727272727,11,19,0.172727272727,3.65316205534,3.45454545455,1.9,2.375,1.63484778274,0.473245410793,0.248803827751,0.904534033733,0.523677598477,0.267942583732,1.67874411933,0.971904490138,0.507177033493,1.65532062001,0.453119953328,5.13043478261,3.65316205534,1.65532062001,5.13043478261,0.366666666667,0.266666666667,4,0.0242424242424,0.197037037037,11,11,11,1,0,0.0909090909091,0.636363636364,0.272727272727,-1,-0.00909090909091,0.609773625584,-0.181818181818,-0.1,-0.125,-0.05469222997,0.00862190729789,0.00334928229665,-0.263214382509,-0.118584030456,-0.0684210526316,-0.26126525272,-0.0951006644889,-0.0291866028708,0.598421845477,0.105842962917,1.58498023715,0.609773625584,0.598421845477,1.58498023715,-0.132380952381,-0.133333333333,-4,-0.0242424242424,-0.0585185185185,0,0,0,18,1,2,89,0.9,0.988888888889,0.0111111111111,0.1,0.947368421053,0.9,0.923076923077,0.906956031802,0.888888888889,0.857142857143,6,7,0,0,0,0
1540,WLNM_dir_neg,0.857142857143,0.46584724799,00:00:00,10,40,22,1174695171,threshold_sweep,0.1,0.8,0.571428571429,0.666666666667,4,1,3,13,0.571428571429,0.928571428571,0.0714285714286,0.428571428571,0.8,0.571428571429,0.666666666667,0.809523809524,0.587301587302,0.538461538462,0.553398590529,0.5,20,13,7,0,20,0,13,0,7,11,20,0.181818181818,3.04338842975,3.63636363636,2,2.5,1.68954001271,0.464623503495,0.245454545455,1.16774841624,0.642261628933,0.336363636364,1.94000937205,1.06700515463,0.536363636364,1.05689877454,0.347276990411,3.54545454545,3.04338842975,1.05689877454,3.54545454545,0.499047619048,0.4,8,0.0484848484848,0.255555555556,11,11,11,1,0,0.0909090909091,0.636363636364,0.272727272727,11,0.118181818182,3.72727272727,2.36363636364,1.3,1.625,1.43336856898,0.6064251638,0.286713286713,0.603022689156,0.510249967747,0.237762237762,1.40129809949,1.18571377649,0.503496503497,2.05382127221,0.551025219373,7,3.72727272727,2.05382127221,7,0,0,0,0,0.22962962963,11,11,11,1,0,0.0909090909091,0.636363636364,0.272727272727,11,18,0.163636363636,6.2,3.27272727273,1.8,2.25,1.61807966991,0.494413232473,0.242424242424,0.809039834956,0.494413232473,0.242424242424,1.5666989036,0.957427107756,0.494949494949,2.28560714035,0.368646312959,8.2,6.2,2.28560714035,8.2,0.302380952381,0.25,4,0.0242424242424,0.205555555556,11,11,11,1,0,0.0909090909091,0.636363636364,0.272727272727,-2,-0.0181818181818,3.15661157025,-0.363636363636,-0.2,-0.25,-0.0714603427974,0.029789728978,-0.0030303030303,-0.358708581286,-0.14784839646,-0.0939393939394,-0.373310468447,-0.10957804687,-0.0414141414141,1.22870836581,0.0213693225477,4.65454545455,3.15661157025,1.22870836581,4.65454545455,-0.196666666667,-0.15,-4,-0.0242424242424,-0.05,0,0,0,17,1,3,89,0.85,0.988888888889,0.0111111111111,0.15,0.944444444444,0.85,0.894736842105,0.874602125628,0.838888888889,0.809523809524,5,7,0,0,0,0
1541,WLNM_dir_neg,0.857142857143,0.46584724799,00:00:00,10,40,22,1174695171,threshold_sweep,0.2,0.8,0.571428571429,0.666666666667,4,1,3,13,0.571428571429,0.928571428571,0.0714285714286,0.428571428571,0.8,0.571428571429,0.666666666667,0.809523809524,0.587301587302,0.538461538462,0.553398590529,0.5,20,13,7,0,20,0,13,0,7,11,20,0.181818181818,3.04338842975,3.63636363636,2,2.5,1.68954001271,0.464623503495,0.245454545455,1.16774841624,0.642261628933,0.336363636364,1.94000937205,1.06700515463,0.536363636364,1.05689877454,0.347276990411,3.54545454545,3.04338842975,1.05689877454,3.54545454545,0.499047619048,0.4,8,0.0484848484848,0.255555555556,11,11,11,1,0,0.0909090909091,0.636363636364,0.272727272727,11,0.118181818182,3.72727272727,2.36363636364,1.3,1.625,1.43336856898,0.6064251638,0.286713286713,0.603022689156,0.510249967747,0.237762237762,1.40129809949,1.18571377649,0.503496503497,2.05382127221,0.551025219373,7,3.72727272727,2.05382127221,7,0,0,0,0,0.22962962963,11,11,11,1,0,0.0909090909091,0.636363636364,0.272727272727,11,18,0.163636363636,6.2,3.27272727273,1.8,2.25,1.61807966991,0.494413232473,0.242424242424,0.809039834956,0.494413232473,0.242424242424,1.5666989036,0.957427107756,0.494949494949,2.28560714035,0.368646312959,8.2,6.2,2.28560714035,8.2,0.302380952381,0.25,4,0.0242424242424,0.205555555556,11,11,11,1,0,0.0909090909091,0.636363636364,0.272727272727,-2,-0.0181818181818,3.15661157025,-0.363636363636,-0.2,-0.25,-0.0714603427974,0.029789728978,-0.0030303030303,-0.358708581286,-0.14784839646,-0.0939393939394,-0.373310468447,-0.10957804687,-0.0414141414141,1.22870836581,0.0213693225477,4.65454545455,3.15661157025,1.22870836581,4.65454545455,-0.196666666667,-0.15,-4,-0.0242424242424,-0.05,0,0,0,17,1,3,89,0.85,0.988888888889,0.0111111111111,0.15,0.944444444444,0.85,0.894736842105,0.874602125628,0.838888888889,0.809523809524,5,7,0,0,0,0
1542,WLNM_dir_neg,0.857142857143,0.46584724799,00:00:00,10,40,22,1174695171,threshold_sweep,0.3,0.8,0.571428571429,0.666666666667,4,1,3,13,0.571428571429,0.928571428571,0.0714285714286,0.428571428571,0.8,0.571428571429,0.666666666667,0.809523809524,0.587301587302,0.538461538462,0.553398590529,0.5,20,13,7,0,20,0,13,0,7,11,20,0.181818181818,3.04338842975,3.63636363636,2,2.5,1.68954001271,0.464623503495,0.245454545455,1.16774841624,0.642261628933,0.336363636364,1.94000937205,1.06700515463,0.536363636364,1.05689877454,0.347276990411,3.54545454545,3.04338842975,1.05689877454,3.54545454545,0.499047619048,0.4,8,0.0484848484848,0.255555555556,11,11,11,1,0,0.0909090909091,0.636363636364,0.272727272727,11,0.118181818182,3.72727272727,2.36363636364,1.3,1.625,1.43336856898,0.6064251638,0.286713286713,0.603022689156,0.510249967747,0.237762237762,1.40129809949,1.18571377649,0.503496503497,2.05382127221,0.551025219373,7,3.72727272727,2.05382127221,7,0,0,0,0,0.22962962963,11,11,11,1,0,0.0909090909091,0.636363636364,0.272727272727,11,18,0.163636363636,6.2,3.27272727273,1.8,2.25,1.61807966991,0.494413232473,0.242424242424,0.809039834956,0.494413232473,0.242424242424,1.5666989036,0.957427107756,0.494949494949,2.28560714035,0.368646312959,8.2,6.2,2.28560714035,8.2,0.302380952381,0.25,4,0.0242424242424,0.205555555556,11,11,11,1,0,0.0909090909091,0.636363636364,0.272727272727,-2,-0.0181818181818,3.15661157025,-0.363636363636,-0.2,-0.25,-0.0714603427974,0.029789728978,-0.0030303030303,-0.358708581286,-0.14784839646,-0.0939393939394,-0.373310468447,-0.10957804687,-0.0414141414141,1.22870836581,0.0213693225477,4.65454545455,3.15661157025,1.22870836581,4.65454545455,-0.196666666667,-0.15,-4,-0.0242424242424,-0.05,0,0,0,17,1,3,89,0.85,0.988888888889,0.0111111111111,0.15,0.944444444444,0.85,0.894736842105,0.874602125628,0.838888888889,0.809523809524,5,7,0,0,0,0
1543,WLNM_dir_neg,0.857142857143,0.46584724799,00:00:00,10,40,22,1174695171,threshold_sweep,0.4,0.8,0.571428571429,0.666666666667,4,1,3,13,0.571428571429,0.928571428571,0.0714285714286,0.428571428571,0.8,0.571428571429,0.666666666667,0.809523809524,0.587301587302,0.538461538462,0.553398590529,0.5,20,13,7,0,20,0,13,0,7,11,20,0.181818181818,3.04338842975,3.63636363636,2,2.5,1.68954001271,0.464623503495,0.245454545455,1.16774841624,0.642261628933,0.336363636364,1.94000937205,1.06700515463,0.536363636364,1.05689877454,0.347276990411,3.54545454545,3.04338842975,1.05689877454,3.54545454545,0.499047619048,0.4,8,0.0484848484848,0.255555555556,11,11,11,1,0,0.0909090909091,0.636363636364,0.272727272727,11,0.118181818182,3.72727272727,2.36363636364,1.3,1.625,1.43336856898,0.6064251638,0.286713286713,0.603022689156,0.510249967747,0.237762237762,1.40129809949,1.18571377649,0.503496503497,2.05382127221,0.551025219373,7,3.72727272727,2.05382127221,7,0,0,0,0,0.22962962963,11,11,11,1,0,0.0909090909091,0.636363636364,0.272727272727,11,18,0.163636363636,6.2,3.27272727273,1.8,2.25,1.61807966991,0.494413232473,0.242424242424,0.809039834956,0.494413232473,0.242424242424,1.5666989036,0.957427107756,0.494949494949,2.28560714035,0.368646312959,8.2,6.2,2.28560714035,8.2,0.302380952381,0.25,4,0.0242424242424,0.205555555556,11,11,11,1,0,0.0909090909091,0.636363636364,0.272727272727,-2,-0.0181818181818,3.15661157025,-0.363636363636,-0.2,-0.25,-0.0714603427974,0.029789728978,-0.0030303030303,-0.358708581286,-0.14784839646,-0.0939393939394,-0.373310468447,-0.10957804687,-0.0414141414141,1.22870836581,0.0213693225477,4.65454545455,3.15661157025,1.22870836581,4.65454545455,-0.196666666667,-0.15,-4,-0.0242424242424,-0.05,0,0,0,17,1,3,89,0.85,0.988888888889,0.0111111111111,0.15,0.944444444444,0.85,0.894736842105,0.874602125628,0.838888888889,0.809523809524,5,7,0,0,0,0
1544,WLNM_dir_neg,0.857142857143,0.46584724799,00:00:00,10,40,22,1174695171,threshold_sweep,0.5,0.8,0.571428571429,0.666666666667,4,1,3,13,0.571428571429,0.928571428571,0.0714285714286,0.428571428571,0.8,0.571428571429,0.666666666667,0.809523809524,0.587301587302,0.538461538462,0.553398590529,0.5,20,13,7,0,20,0,13,0,7,11,20,0.181818181818,3.04338842975,3.63636363636,2,2.5,1.68954001271,0.464623503495,0.245454545455,1.16774841624,0.642261628933,0.336363636364,1.94000937205,1.06700515463,0.536363636364,1.05689877454,0.347276990411,3.54545454545,3.04338842975,1.05689877454,3.54545454545,0.499047619048,0.4,8,0.0484848484848,0.255555555556,11,11,11,1,0,0.0909090909091,0.636363636364,0.272727272727,11,0.118181818182,3.72727272727,2.36363636364,1.3,1.625,1.43336856898,0.6064251638,0.286713286713,0.603022689156,0.510249967747,0.237762237762,1.40129809949,1.18571377649,0.503496503497,2.05382127221,0.551025219373,7,3.72727272727,2.05382127221,7,0,0,0,0,0.22962962963,11,11,11,1,0,0.0909090909091,0.636363636364,0.272727272727,11,18,0.163636363636,6.2,3.27272727273,1.8,2.25,1.61807966991,0.494413232473,0.242424242424,0.809039834956,0.494413232473,0.242424242424,1.5666989036,0.957427107756,0.494949494949,2.28560714035,0.368646312959,8.2,6.2,2.28560714035,8.2,0.302380952381,0.25,4,0.0242424242424,0.205555555556,11,11,11,1,0,0.0909090909091,0.636363636364,0.272727272727,-2,-0.0181818181818,3.15661157025,-0.363636363636,-0.2,-0.25,-0.0714603427974,0.029789728978,-0.0030303030303,-0.358708581286,-0.14784839646,-0.0939393939394,-0.373310468447,-0.10957804687,-0.0414141414141,1.22870836581,0.0213693225477,4.65454545455,3.15661157025,1.22870836581,4.65454545455,-0.196666666667,-0.15,-4,-0.0242424242424,-0.05,0,0,0,17,1,3,89,0.85,0.988888888889,0.0111111111111,0.15,0.944444444444,0.85,0.894736842105,0.874602125628,0.838888888889,0.809523809524,5,7,0,0,0,0
1545,WLNM_dir_neg,0.857142857143,0.46584724799,00:00:00,10,40,22,1174695171,threshold_sweep,0.6,0.8,0.571428571429,0.666666666667,4,1,3,13,0.571428571429,0.928571428571,0.0714285714286,0.428571428571,0.8,0.571428571429,0.666666666667,0.809523809524,0.587301587302,0.538461538462,0.553398590529,0.5,20,13,7,0,20,0,13,0,7,11,20,0.181818181818,3.04338842975,3.63636363636,2,2.5,1.68954001271,0.464623503495,0.245454545455,1.16774841624,0.642261628933,0.336363636364,1.94000937205,1.06700515463,0.536363636364,1.05689877454,0.347276990411,3.54545454545,3.04338842975,1.05689877454,3.54545454545,0.499047619048,0.4,8,0.0484848484848,0.255555555556,11,11,11,1,0,0.0909090909091,0.636363636364,0.272727272727,11,0.118181818182,3.72727272727,2.36363636364,1.3,1.625,1.43336856898,0.6064251638,0.286713286713,0.603022689156,0.510249967747,0.237762237762,1.40129809949,1.18571377649,0.503496503497,2.05382127221,0.551025219373,7,3.72727272727,2.05382127221,7,0,0,0,0,0.22962962963,11,11,11,1,0,0.0909090909091,0.636363636364,0.272727272727,11,18,0.163636363636,6.2,3.27272727273,1.8,2.25,1.61807966991,0.494413232473,0.242424242424,0.809039834956,0.494413232473,0.242424242424,1.5666989036,0.957427107756,0.494949494949,2.28560714035,0.368646312959,8.2,6.2,2.28560714035,8.2,0.302380952381,0.25,4,0.0242424242424,0.205555555556,11,11,11,1,0,0.0909090909091,0.636363636364,0.272727272727,-2,-0.0181818181818,3.15661157025,-0.363636363636,-0.2,-0.25,-0.0714603427974,0.029789728978,-0.0030303030303,-0.358708581286,-0.14784839646,-0.0939393939394,-0.373310468447,-0.10957804687,-0.0414141414141,1.22870836581,0.0213693225477,4.65454545455,3.15661157025,1.22870836581,4.65454545455,-0.196666666667,-0.15,-4,-0.0242424242424,-0.05,0,0,0,17,1,3,89,0.85,0.988888888889,0.0111111111111,0.15,0.944444444444,0.85,0.894736842105,0.874602125628,0.838888888889,0.809523809524,5,7,0,0,0,0
1546,WLNM_dir_neg,0.857142857143,0.46584724799,00:00:00,10,40,22,1174695171,threshold_sweep,0.7,0.8,0.571428571429,0.666666666667,4,1,3,13,0.571428571429,0.928571428571,0.0714285714286,0.428571428571,0.8,0.571428571429,0.666666666667,0.809523809524,0.587301587302,0.538461538462,0.553398590529,0.5,20,13,7,0,20,0,13,0,7,11,20,0.181818181818,3.04338842975,3.63636363636,2,2.5,1.68954001271,0.464623503495,0.245454545455,1.16774841624,0.642261628933,0.336363636364,1.94000937205,1.06700515463,0.536363636364,1.05689877454,0.347276990411,3.54545454545,3.04338842975,1.05689877454,3.54545454545,0.499047619048,0.4,8,0.0484848484848,0.255555555556,11,11,11,1,0,0.0909090909091,0.636363636364,0.272727272727,11,0.118181818182,3.72727272727,2.36363636364,1.3,1.625,1.43336856898,0.6064251638,0.286713286713,0.603022689156,0.510249967747,0.237762237762,1.40129809949,1.18571377649,0.503496503497,2.05382127221,0.551025219373,7,3.72727272727,2.05382127221,7,0,0,0,0,0.22962962963,11,11,11,1,0,0.0909090909091,0.636363636364,0.272727272727,11,18,0.163636363636,6.2,3.27272727273,1.8,2.25,1.61807966991,0.494413232473,0.242424242424,0.809039834956,0.494413232473,0.242424242424,1.5666989036,0.957427107756,0.494949494949,2.28560714035,0.368646312959,8.2,6.2,2.28560714035,8.2,0.302380952381,0.25,4,0.0242424242424,0.205555555556,11,11,11,1,0,0.0909090909091,0.636363636364,0.272727272727,-2,-0.0181818181818,3.15661157025,-0.363636363636,-0.2,-0.25,-0.0714603427974,0.029789728978,-0.0030303030303,-0.358708581286,-0.14784839646,-0.0939393939394,-0.373310468447,-0.10957804687,-0.0414141414141,1.22870836581,0.0213693225477,4.65454545455,3.15661157025,1.22870836581,4.65454545455,-0.196666666667,-0.15,-4,-0.0242424242424,-0.05,0,0,0,17,1,3,89,0.85,0.988888888889,0.0111111111111,0.15,0.944444444444,0.85,0.894736842105,0.874602125628,0.838888888889,0.809523809524,5,7,0,0,0,0
1547,WLNM_dir_neg,0.857142857143,0.46584724799,00:00:00,10,40,22,1174695171,threshold_sweep,0.8,0.75,0.428571428571,0.545454545455,3,1,4,13,0.428571428571,0.928571428571,0.0714285714286,0.571428571429,0.75,0.428571428571,0.545454545455,0.761904761905,0.603174603175,0.4,0.428746462856,0.357142857143,20,13,7,0,20,0,13,0,7,11,20,0.181818181818,3.04338842975,3.63636363636,2,2.5,1.68954001271,0.464623503495,0.245454545455,1.16774841624,0.642261628933,0.336363636364,1.94000937205,1.06700515463,0.536363636364,1.05689877454,0.347276990411,3.54545454545,3.04338842975,1.05689877454,3.54545454545,0.499047619048,0.4,8,0.0484848484848,0.255555555556,11,11,11,1,0,0.0909090909091,0.636363636364,0.272727272727,11,0.118181818182,3.72727272727,2.36363636364,1.3,1.625,1.43336856898,0.6064251638,0.286713286713,0.603022689156,0.510249967747,0.237762237762,1.40129809949,1.18571377649,0.503496503497,2.05382127221,0.551025219373,7,3.72727272727,2.05382127221,7,0,0,0,0,0.22962962963,11,11,11,1,0,0.0909090909091,0.636363636364,0.272727272727,11,17,0.154545454545,6.69696969697,3.09090909091,1.7,2.125,1.51357493733,0.489686009136,0.219251336898,0.687551650952,0.444886362381,0.20320855615,1.50755672289,0.975477879516,0.491978609626,2.54057974772,0.379362586764,9,6.69696969697,2.54057974772,9,0.280952380952,0.214285714286,3,0.0181818181818,0.192592592593,11,11,11,1,0,0.0909090909091,0.636363636364,0.272727272727,-3,-0.0272727272727,3.65358126722,-0.545454545455,-0.3,-0.375,-0.175965075381,0.0250625056407,-0.0262032085561,-0.48019676529,-0.197375266552,-0.133155080214,-0.43245264916,-0.0915272751104,-0.044385026738,1.48368097319,0.0320855963529,5.45454545455,3.65358126722,1.48368097319,5.45454545455,-0.218095238095,-0.185714285714,-5,-0.030303030303,-0.062962962963,0,0,0,16,1,4,89,0.8,0.988888888889,0.0111111111111,0.2,0.941176470588,0.8,0.864864864865,0.841755876268,0.788888888889,0.761904761905,4,7,0,0,0,0
1548,WLNM_dir_neg,0.857142857143,0.46584724799,00:00:00,10,40,22,1174695171,threshold_sweep,0.9,0.75,0.428571428571,0.545454545455,3,1,4,13,0.428571428571,0.928571428571,0.0714285714286,0.571428571429,0.75,0.428571428571,0.545454545455,0.761904761905,0.603174603175,0.4,0.428746462856,0.357142857143,20,13,7,0,20,0,13,0,7,11,20,0.181818181818,3.04338842975,3.63636363636,2,2.5,1.68954001271,0.464623503495,0.245454545455,1.16774841624,0.642261628933,0.336363636364,1.94000937205,1.06700515463,0.536363636364,1.05689877454,0.347276990411,3.54545454545,3.04338842975,1.05689877454,3.54545454545,0.499047619048,0.4,8,0.0484848484848,0.255555555556,11,11,11,1,0,0.0909090909091,0.636363636364,0.272727272727,11,0.118181818182,3.72727272727,2.36363636364,1.3,1.625,1.43336856898,0.6064251638,0.286713286713,0.603022689156,0.510249967747,0.237762237762,1.40129809949,1.18571377649,0.503496503497,2.05382127221,0.551025219373,7,3.72727272727,2.05382127221,7,0,0,0,0,0.22962962963,11,11,11,1,0,0.0909090909091,0.636363636364,0.272727272727,11,17,0.154545454545,6.69696969697,3.09090909091,1.7,2.125,1.51357493733,0.489686009136,0.219251336898,0.687551650952,0.444886362381,0.20320855615,1.50755672289,0.975477879516,0.491978609626,2.54057974772,0.379362586764,9,6.69696969697,2.54057974772,9,0.280952380952,0.214285714286,3,0.0181818181818,0.192592592593,11,11,11,1,0,0.0909090909091,0.636363636364,0.272727272727,-3,-0.0272727272727,3.65358126722,-0.545454545455,-0.3,-0.375,-0.175965075381,0.0250625056407,-0.0262032085561,-0.48019676529,-0.197375266552,-0.133155080214,-0.43245264916,-0.0915272751104,-0.044385026738,1.48368097319,0.0320855963529,5.45454545455,3.65358126722,1.48368097319,5.45454545455,-0.218095238095,-0.185714285714,-5,-0.030303030303,-0.062962962963,0,0,0,16,1,4,89,0.8,0.988888888889,0.0111111111111,0.2,0.941176470588,0.8,0.864864864865,0.841755876268,0.788888888889,0.761904761905,4,7,0,0,0,0
1549,WLNM_dir_neg,0.857142857143,0.702838827839,00:00:00,10,40,23,1174695172,threshold_sweep,0.1,0.833333333333,0.714285714286,0.769230769231,5,1,2,13,0.714285714286,0.928571428571,0.0714285714286,0.285714285714,0.833333333333,0.714285714286,0.769230769231,0.857142857143,0.571428571429,0.666666666667,0.67082039325,0.642857142857,20,13,7,0,20,0,13,0,7,11,20,0.181818181818,3.04338842975,3.63636363636,2,2.5,1.68954001271,0.464623503495,0.245454545455,1.16774841624,0.642261628933,0.336363636364,1.94000937205,1.06700515463,0.536363636364,1.05689877454,0.347276990411,3.54545454545,3.04338842975,1.05689877454,3.54545454545,0.499047619048,0.4,8,0.0484848484848,0.255555555556,11,11,11,1,0,0.0909090909091,0.636363636364,0.272727272727,11,0.118181818182,3.72727272727,2.36363636364,1.3,1.625,1.43336856898,0.6064251638,0.286713286713,0.603022689156,0.510249967747,0.237762237762,1.40129809949,1.18571377649,0.503496503497,2.05382127221,0.551025219373,7,3.72727272727,2.05382127221,7,0,0,0,0,0.22962962963,11,11,11,1,0,0.0909090909091,0.636363636364,0.272727272727,11,19,0.172727272727,NaN,3.45454545455,1.72727272727,2.375,1.57249078621,0.455194701272,0.239234449761,0.786245393107,0.455194701272,0.22966507177,1.84883255547,1.07037674264,0.535885167464,NaN,NaN,NaN,NaN,NaN,NaN,0.356666666667,0.283018867925,5,0.030303030303,0.211212121212,11,11,0,1,2,0,0.727272727273,0.272727272727,-1,-0.00909090909091,NaN,-0.181818181818,-0.272727272727,-0.125,-0.117049226495,-0.00942880222262,-0.00622009569378,-0.381503023135,-0.187066927661,-0.106698564593,-0.0911768165742,0.00337158801632,-0.000478468899521,NaN,NaN,NaN,NaN,NaN,NaN,-0.142380952381,-0.116981132075,-3,-0.0181818181818,-0.0443434343434,-0.0909090909091,0.0909090909091,0,18,1,2,89,0.9,0.988888888889,0.0111111111111,0.1,0.947368421053,0.9,0.923076923077,0.906956031802,0.888888888889,0.857142857143,6,7,0,0,0,0
1550,WLNM_dir_neg,0.857142857143,0.702838827839,00:00:00,10,40,23,1174695172,threshold_sweep,0.2,0.833333333333,0.714285714286,0.769230769231,5,1,2,13,0.714285714286,0.928571428571,0.0714285714286,0.285714285714,0.833333333333,0.714285714286,0.769230769231,0.857142857143,0.571428571429,0.666666666667,0.67082039325,0.642857142857,20,13,7,0,20,0,13,0,7,11,20,0.181818181818,3.04338842975,3.63636363636,2,2.5,1.68954001271,0.464623503495,0.245454545455,1.16774841624,0.642261628933,0.336363636364,1.94000937205,1.06700515463,0.536363636364,1.05689877454,0.347276990411,3.54545454545,3.04338842975,1.05689877454,3.54545454545,0.499047619048,0.4,8,0.0484848484848,0.255555555556,11,11,11,1,0,0.0909090909091,0.636363636364,0.272727272727,11,0.118181818182,3.72727272727,2.36363636364,1.3,1.625,1.43336856898,0.6064251638,0.286713286713,0.603022689156,0.510249967747,0.237762237762,1.40129809949,1.18571377649,0.503496503497,2.05382127221,0.551025219373,7,3.72727272727,2.05382127221,7,0,0,0,0,0.22962962963,11,11,11,1,0,0.0909090909091,0.636363636364,0.272727272727,11,19,0.172727272727,NaN,3.45454545455,1.72727272727,2.375,1.57249078621,0.455194701272,0.239234449761,0.786245393107,0.455194701272,0.22966507177,1.84883255547,1.07037674264,0.535885167464,NaN,NaN,NaN,NaN,NaN,NaN,0.356666666667,0.283018867925,5,0.030303030303,0.211212121212,11,11,0,1,2,0,0.727272727273,0.272727272727,-1,-0.00909090909091,NaN,-0.181818181818,-0.272727272727,-0.125,-0.117049226495,-0.00942880222262,-0.00622009569378,-0.381503023135,-0.187066927661,-0.106698564593,-0.0911768165742,0.00337158801632,-0.000478468899521,NaN,NaN,NaN,NaN,NaN,NaN,-0.142380952381,-0.116981132075,-3,-0.0181818181818,-0.0443434343434,-0.0909090909091,0.0909090909091,0,18,1,2,89,0.9,0.988888888889,0.0111111111111,0.1,0.947368421053,0.9,0.923076923077,0.906956031802,0.888888888889,0.857142857143,6,7,0,0,0,0
1551,WLNM_dir_neg,0.857142857143,0.702838827839,00:00:00,10,40,23,1174695172,threshold_sweep,0.3,0.833333333333,0.714285714286,0.769230769231,5,1,2,13,0.714285714286,0.928571428571,0.0714285714286,0.285714285714,0.833333333333,0.714285714286,0.769230769231,0.857142857143,0.571428571429,0.666666666667,0.67082039325,0.642857142857,20,13,7,0,20,0,13,0,7,11,20,0.181818181818,3.04338842975,3.63636363636,2,2.5,1.68954001271,0.464623503495,0.245454545455,1.16774841624,0.642261628933,0.336363636364,1.94000937205,1.06700515463,0.536363636364,1.05689877454,0.347276990411,3.54545454545,3.04338842975,1.05689877454,3.54545454545,0.499047619048,0.4,8,0.0484848484848,0.255555555556,11,11,11,1,0,0.0909090909091,0.636363636364,0.272727272727,11,0.118181818182,3.72727272727,2.36363636364,1.3,1.625,1.43336856898,0.6064251638,0.286713286713,0.603022689156,0.510249967747,0.237762237762,1.40129809949,1.18571377649,0.503496503497,2.05382127221,0.551025219373,7,3.72727272727,2.05382127221,7,0,0,0,0,0.22962962963,11,11,11,1,0,0.0909090909091,0.636363636364,0.272727272727,11,19,0.172727272727,NaN,3.45454545455,1.72727272727,2.375,1.57249078621,0.455194701272,0.239234449761,0.786245393107,0.455194701272,0.22966507177,1.84883255547,1.07037674264,0.535885167464,NaN,NaN,NaN,NaN,NaN,NaN,0.356666666667,0.283018867925,5,0.030303030303,0.211212121212,11,11,0,1,2,0,0.727272727273,0.272727272727,-1,-0.00909090909091,NaN,-0.181818181818,-0.272727272727,-0.125,-0.117049226495,-0.00942880222262,-0.00622009569378,-0.381503023135,-0.187066927661,-0.106698564593,-0.0911768165742,0.00337158801632,-0.000478468899521,NaN,NaN,NaN,NaN,NaN,NaN,-0.142380952381,-0.116981132075,-3,-0.0181818181818,-0.0443434343434,-0.0909090909091,0.0909090909091,0,18,1,2,89,0.9,0.988888888889,0.0111111111111,0.1,0.947368421053,0.9,0.923076923077,0.906956031802,0.888888888889,0.857142857143,6,7,0,0,0,0
1552,WLNM_dir_neg,0.857142857143,0.702838827839,00:00:00,10,40,23,1174695172,threshold_sweep,0.4,0.833333333333,0.714285714286,0.769230769231,5,1,2,13,0.714285714286,0.928571428571,0.0714285714286,0.285714285714,0.833333333333,0.714285714286,0.769230769231,0.857142857143,0.571428571429,0.666666666667,0.67082039325,0.642857142857,20,13,7,0,20,0,13,0,7,11,20,0.181818181818,3.04338842975,3.63636363636,2,2.5,1.68954001271,0.464623503495,0.245454545455,1.16774841624,0.642261628933,0.336363636364,1.94000937205,1.06700515463,0.536363636364,1.05689877454,0.347276990411,3.54545454545,3.04338842975,1.05689877454,3.54545454545,0.499047619048,0.4,8,0.0484848484848,0.255555555556,11,11,11,1,0,0.0909090909091,0.636363636364,0.272727272727,11,0.118181818182,3.72727272727,2.36363636364,1.3,1.625,1.43336856898,0.6064251638,0.286713286713,0.603022689156,0.510249967747,0.237762237762,1.40129809949,1.18571377649,0.503496503497,2.05382127221,0.551025219373,7,3.72727272727,2.05382127221,7,0,0,0,0,0.22962962963,11,11,11,1,0,0.0909090909091,0.636363636364,0.272727272727,11,19,0.172727272727,NaN,3.45454545455,1.72727272727,2.375,1.57249078621,0.455194701272,0.239234449761,0.786245393107,0.455194701272,0.22966507177,1.84883255547,1.07037674264,0.535885167464,NaN,NaN,NaN,NaN,NaN,NaN,0.356666666667,0.283018867925,5,0.030303030303,0.211212121212,11,11,0,1,2,0,0.727272727273,0.272727272727,-1,-0.00909090909091,NaN,-0.181818181818,-0.272727272727,-0.125,-0.117049226495,-0.00942880222262,-0.00622009569378,-0.381503023135,-0.187066927661,-0.106698564593,-0.0911768165742,0.00337158801632,-0.000478468899521,NaN,NaN,NaN,NaN,NaN,NaN,-0.142380952381,-0.116981132075,-3,-0.0181818181818,-0.0443434343434,-0.0909090909091,0.0909090909091,0,18,1,2,89,0.9,0.988888888889,0.0111111111111,0.1,0.947368421053,0.9,0.923076923077,0.906956031802,0.888888888889,0.857142857143,6,7,0,0,0,0
1553,WLNM_dir_neg,0.857142857143,0.702838827839,00:00:00,10,40,23,1174695172,threshold_sweep,0.5,0.833333333333,0.714285714286,0.769230769231,5,1,2,13,0.714285714286,0.928571428571,0.0714285714286,0.285714285714,0.833333333333,0.714285714286,0.769230769231,0.857142857143,0.571428571429,0.666666666667,0.67082039325,0.642857142857,20,13,7,0,20,0,13,0,7,11,20,0.181818181818,3.04338842975,3.63636363636,2,2.5,1.68954001271,0.464623503495,0.245454545455,1.16774841624,0.642261628933,0.336363636364,1.94000937205,1.06700515463,0.536363636364,1.05689877454,0.347276990411,3.54545454545,3.04338842975,1.05689877454,3.54545454545,0.499047619048,0.4,8,0.0484848484848,0.255555555556,11,11,11,1,0,0.0909090909091,0.636363636364,0.272727272727,11,0.118181818182,3.72727272727,2.36363636364,1.3,1.625,1.43336856898,0.6064251638,0.286713286713,0.603022689156,0.510249967747,0.237762237762,1.40129809949,1.18571377649,0.503496503497,2.05382127221,0.551025219373,7,3.72727272727,2.05382127221,7,0,0,0,0,0.22962962963,11,11,11,1,0,0.0909090909091,0.636363636364,0.272727272727,11,19,0.172727272727,NaN,3.45454545455,1.72727272727,2.375,1.57249078621,0.455194701272,0.239234449761,0.786245393107,0.455194701272,0.22966507177,1.84883255547,1.07037674264,0.535885167464,NaN,NaN,NaN,NaN,NaN,NaN,0.356666666667,0.283018867925,5,0.030303030303,0.211212121212,11,11,0,1,2,0,0.727272727273,0.272727272727,-1,-0.00909090909091,NaN,-0.181818181818,-0.272727272727,-0.125,-0.117049226495,-0.00942880222262,-0.00622009569378,-0.381503023135,-0.187066927661,-0.106698564593,-0.0911768165742,0.00337158801632,-0.000478468899521,NaN,NaN,NaN,NaN,NaN,NaN,-0.142380952381,-0.116981132075,-3,-0.0181818181818,-0.0443434343434,-0.0909090909091,0.0909090909091,0,18,1,2,89,0.9,0.988888888889,0.0111111111111,0.1,0.947368421053,0.9,0.923076923077,0.906956031802,0.888888888889,0.857142857143,6,7,0,0,0,0
1554,WLNM_dir_neg,0.857142857143,0.702838827839,00:00:00,10,40,23,1174695172,threshold_sweep,0.6,1,0.714285714286,0.833333333333,5,0,2,14,0.714285714286,1,0,0.285714285714,1,0.714285714286,0.833333333333,0.904761904762,0.587301587302,0.769230769231,0.790569415042,0.714285714286,20,13,7,0,20,0,13,0,7,11,20,0.181818181818,3.04338842975,3.63636363636,2,2.5,1.68954001271,0.464623503495,0.245454545455,1.16774841624,0.642261628933,0.336363636364,1.94000937205,1.06700515463,0.536363636364,1.05689877454,0.347276990411,3.54545454545,3.04338842975,1.05689877454,3.54545454545,0.499047619048,0.4,8,0.0484848484848,0.255555555556,11,11,11,1,0,0.0909090909091,0.636363636364,0.272727272727,11,0.118181818182,3.72727272727,2.36363636364,1.3,1.625,1.43336856898,0.6064251638,0.286713286713,0.603022689156,0.510249967747,0.237762237762,1.40129809949,1.18571377649,0.503496503497,2.05382127221,0.551025219373,7,3.72727272727,2.05382127221,7,0,0,0,0,0.22962962963,11,11,11,1,0,0.0909090909091,0.636363636364,0.272727272727,11,18,0.163636363636,3.11363636364,3.27272727273,1.8,2.25,1.42062726223,0.434080552347,0.227272727273,0.924416277737,0.564921058617,0.292929292929,1.68954001271,1.03249667443,0.525252525253,1.14353419474,0.367266456706,3.875,3.11363636364,1.14353419474,3.875,0.366666666667,0.266666666667,4,0.0242424242424,0.221111111111,11,11,11,1,0,0.0909090909091,0.636363636364,0.272727272727,-2,-0.0181818181818,0.0702479338843,-0.363636363636,-0.2,-0.25,-0.268912750482,-0.030542951148,-0.0181818181818,-0.243332138505,-0.0773405703161,-0.0434343434343,-0.250469359339,-0.0345084801933,-0.0111111111111,0.0866354202056,0.0199894662943,0.329545454545,0.0702479338843,0.0866354202056,0.329545454545,-0.132380952381,-0.133333333333,-4,-0.0242424242424,-0.0344444444444,0,0,0,18,0,2,90,0.9,1,0,0.1,1,0.9,0.947368421053,0.938314863257,0.9,0.9,5,7,0,0,0,0
1555,WLNM_dir_neg,0.857142857143,0.702838827839,00:00:00,10,40,23,1174695172,threshold_sweep,0.7,1,0.571428571429,0.727272727273,4,0,3,14,0.571428571429,1,0,0.428571428571,1,0.571428571429,0.727272727273,0.857142857143,0.603174603175,0.64,0.68599434057,0.571428571429,20,13,7,0,20,0,13,0,7,11,20,0.181818181818,3.04338842975,3.63636363636,2,2.5,1.68954001271,0.464623503495,0.245454545455,1.16774841624,0.642261628933,0.336363636364,1.94000937205,1.06700515463,0.536363636364,1.05689877454,0.347276990411,3.54545454545,3.04338842975,1.05689877454,3.54545454545,0.499047619048,0.4,8,0.0484848484848,0.255555555556,11,11,11,1,0,0.0909090909091,0.636363636364,0.272727272727,11,0.118181818182,3.72727272727,2.36363636364,1.3,1.625,1.43336856898,0.6064251638,0.286713286713,0.603022689156,0.510249967747,0.237762237762,1.40129809949,1.18571377649,0.503496503497,2.05382127221,0.551025219373,7,3.72727272727,2.05382127221,7,0,0,0,0,0.22962962963,11,11,11,1,0,0.0909090909091,0.636363636364,0.272727272727,11,17,0.154545454545,3.17727272727,3.09090909091,1.7,2.125,1.30034960334,0.420701342257,0.208556149733,0.820199532265,0.530717344407,0.267379679144,1.57249078621,1.01749403814,0.513368983957,1.2536673475,0.394573414091,4.4,3.17727272727,1.2536673475,4.4,0.213333333333,0.153846153846,2,0.0121212121212,0.205555555556,11,11,11,1,0,0.0909090909091,0.636363636364,0.272727272727,-3,-0.0272727272727,0.133884297521,-0.545454545455,-0.3,-0.375,-0.389190409368,-0.0439221612377,-0.0368983957219,-0.347548883978,-0.111544284527,-0.0689839572193,-0.367518585835,-0.0495111164884,-0.0229946524064,0.196768572961,0.0472964236795,0.854545454545,0.133884297521,0.196768572961,0.854545454545,-0.285714285714,-0.246153846154,-6,-0.0363636363636,-0.05,0,0,0,17,0,3,90,0.85,1,0,0.15,1,0.85,0.918918918919,0.906962317388,0.85,0.85,4,7,0,0,0,0
1556,WLNM_dir_neg,0.857142857143,0.702838827839,00:00:00,10,40,23,1174695172,threshold_sweep,0.8,1,0.571428571429,0.727272727273,4,0,3,14,0.571428571429,1,0,0.428571428571,1,0.571428571429,0.727272727273,0.857142857143,0.603174603175,0.64,0.68599434057,0.571428571429,20,13,7,0,20,0,13,0,7,11,20,0.181818181818,3.04338842975,3.63636363636,2,2.5,1.68954001271,0.464623503495,0.245454545455,1.16774841624,0.642261628933,0.336363636364,1.94000937205,1.06700515463,0.536363636364,1.05689877454,0.347276990411,3.54545454545,3.04338842975,1.05689877454,3.54545454545,0.499047619048,0.4,8,0.0484848484848,0.255555555556,11,11,11,1,0,0.0909090909091,0.636363636364,0.272727272727,11,0.118181818182,3.72727272727,2.36363636364,1.3,1.625,1.43336856898,0.6064251638,0.286713286713,0.603022689156,0.510249967747,0.237762237762,1.40129809949,1.18571377649,0.503496503497,2.05382127221,0.551025219373,7,3.72727272727,2.05382127221,7,0,0,0,0,0.22962962963,11,11,11,1,0,0.0909090909091,0.636363636364,0.272727272727,11,17,0.154545454545,3.17727272727,3.09090909091,1.7,2.125,1.30034960334,0.420701342257,0.208556149733,0.820199532265,0.530717344407,0.267379679144,1.57249078621,1.01749403814,0.513368983957,1.2536673475,0.394573414091,4.4,3.17727272727,1.2536673475,4.4,0.213333333333,0.153846153846,2,0.0121212121212,0.205555555556,11,11,11,1,0,0.0909090909091,0.636363636364,0.272727272727,-3,-0.0272727272727,0.133884297521,-0.545454545455,-0.3,-0.375,-0.389190409368,-0.0439221612377,-0.0368983957219,-0.347548883978,-0.111544284527,-0.0689839572193,-0.367518585835,-0.0495111164884,-0.0229946524064,0.196768572961,0.0472964236795,0.854545454545,0.133884297521,0.196768572961,0.854545454545,-0.285714285714,-0.246153846154,-6,-0.0363636363636,-0.05,0,0,0,17,0,3,90,0.85,1,0,0.15,1,0.85,0.918918918919,0.906962317388,0.85,0.85,4,7,0,0,0,0
1557,WLNM_dir_neg,0.857142857143,0.702838827839,00:00:00,10,40,23,1174695172,threshold_sweep,0.9,1,0.142857142857,0.25,1,0,6,14,0.142857142857,1,0,0.857142857143,1,0.142857142857,0.25,0.714285714286,0.650793650794,0.181818181818,0.316227766017,0.142857142857,20,13,7,0,20,0,13,0,7,11,20,0.181818181818,3.04338842975,3.63636363636,2,2.5,1.68954001271,0.464623503495,0.245454545455,1.16774841624,0.642261628933,0.336363636364,1.94000937205,1.06700515463,0.536363636364,1.05689877454,0.347276990411,3.54545454545,3.04338842975,1.05689877454,3.54545454545,0.499047619048,0.4,8,0.0484848484848,0.255555555556,11,11,11,1,0,0.0909090909091,0.636363636364,0.272727272727,11,0.118181818182,3.72727272727,2.36363636364,1.3,1.625,1.43336856898,0.6064251638,0.286713286713,0.603022689156,0.510249967747,0.237762237762,1.40129809949,1.18571377649,0.503496503497,2.05382127221,0.551025219373,7,3.72727272727,2.05382127221,7,0,0,0,0,0.22962962963,11,11,11,1,0,0.0909090909091,0.636363636364,0.272727272727,11,14,0.127272727273,3.36363636364,2.54545454545,1.4,1.75,1.50755672289,0.592254426849,0.298701298701,0.646669790683,0.508097692679,0.246753246753,1.48935617573,1.17020842379,0.519480519481,1.34539994429,0.399983767222,4.66666666667,3.36363636364,1.34539994429,4.66666666667,0,0,0,0,0.244444444444,11,11,11,1,0,0.0909090909091,0.636363636364,0.272727272727,-6,-0.0545454545455,0.320247933884,-1.09090909091,-0.6,-0.75,-0.18198328982,0.127630923354,0.0532467532468,-0.521078625559,-0.134163936254,-0.0896103896104,-0.45065319632,0.10320326916,-0.0168831168831,0.288501169755,0.0527067768106,1.12121212121,0.320247933884,0.288501169755,1.12121212121,-0.499047619048,-0.4,-8,-0.0484848484848,-0.0111111111111,0,0,0,14,0,6,90,0.7,1,0,0.3,1,0.7,0.823529411765,0.810092587301,0.7,0.7,1,7,0,0,0,0
1558,WLNM_dir_neg,0.857142857143,0.559981684982,00:00:00,10,40,24,1174695173,threshold_sweep,0.1,1,0.714285714286,0.833333333333,5,0,2,14,0.714285714286,1,0,0.285714285714,1,0.714285714286,0.833333333333,0.904761904762,0.587301587302,0.769230769231,0.790569415042,0.714285714286,20,13,7,0,20,0,13,0,7,11,20,0.181818181818,3.04338842975,3.63636363636,2,2.5,1.68954001271,0.464623503495,0.245454545455,1.16774841624,0.642261628933,0.336363636364,1.94000937205,1.06700515463,0.536363636364,1.05689877454,0.347276990411,3.54545454545,3.04338842975,1.05689877454,3.54545454545,0.499047619048,0.4,8,0.0484848484848,0.255555555556,11,11,11,1,0,0.0909090909091,0.636363636364,0.272727272727,11,0.118181818182,3.72727272727,2.36363636364,1.3,1.625,1.43336856898,0.6064251638,0.286713286713,0.603022689156,0.510249967747,0.237762237762,1.40129809949,1.18571377649,0.503496503497,2.05382127221,0.551025219373,7,3.72727272727,2.05382127221,7,0,0,0,0,0.22962962963,11,11,11,1,0,0.0909090909091,0.636363636364,0.272727272727,11,18,0.163636363636,3.11363636364,3.27272727273,1.8,2.25,1.42062726223,0.434080552347,0.227272727273,0.924416277737,0.564921058617,0.292929292929,1.68954001271,1.03249667443,0.525252525253,1.14353419474,0.367266456706,3.875,3.11363636364,1.14353419474,3.875,0.366666666667,0.266666666667,4,0.0242424242424,0.221111111111,11,11,11,1,0,0.0909090909091,0.636363636364,0.272727272727,-2,-0.0181818181818,0.0702479338843,-0.363636363636,-0.2,-0.25,-0.268912750482,-0.030542951148,-0.0181818181818,-0.243332138505,-0.0773405703161,-0.0434343434343,-0.250469359339,-0.0345084801933,-0.0111111111111,0.0866354202056,0.0199894662943,0.329545454545,0.0702479338843,0.0866354202056,0.329545454545,-0.132380952381,-0.133333333333,-4,-0.0242424242424,-0.0344444444444,0,0,0,18,0,2,90,0.9,1,0,0.1,1,0.9,0.947368421053,0.938314863257,0.9,0.9,5,7,0,0,0,0
1559,WLNM_dir_neg,0.857142857143,0.559981684982,00:00:00,10,40,24,1174695173,threshold_sweep,0.2,1,0.714285714286,0.833333333333,5,0,2,14,0.714285714286,1,0,0.285714285714,1,0.714285714286,0.833333333333,0.904761904762,0.587301587302,0.769230769231,0.790569415042,0.714285714286,20,13,7,0,20,0,13,0,7,11,20,0.181818181818,3.04338842975,3.63636363636,2,2.5,1.68954001271,0.464623503495,0.245454545455,1.16774841624,0.642261628933,0.336363636364,1.94000937205,1.06700515463,0.536363636364,1.05689877454,0.347276990411,3.54545454545,3.04338842975,1.05689877454,3.54545454545,0.499047619048,0.4,8,0.0484848484848,0.255555555556,11,11,11,1,0,0.0909090909091,0.636363636364,0.272727272727,11,0.118181818182,3.72727272727,2.36363636364,1.3,1.625,1.43336856898,0.6064251638,0.286713286713,0.603022689156,0.510249967747,0.237762237762,1.40129809949,1.18571377649,0.503496503497,2.05382127221,0.551025219373,7,3.72727272727,2.05382127221,7,0,0,0,0,0.22962962963,11,11,11,1,0,0.0909090909091,0.636363636364,0.272727272727,11,18,0.163636363636,3.11363636364,3.27272727273,1.8,2.25,1.42062726223,0.434080552347,0.227272727273,0.924416277737,0.564921058617,0.292929292929,1.68954001271,1.03249667443,0.525252525253,1.14353419474,0.367266456706,3.875,3.11363636364,1.14353419474,3.875,0.366666666667,0.266666666667,4,0.0242424242424,0.221111111111,11,11,11,1,0,0.0909090909091,0.636363636364,0.272727272727,-2,-0.0181818181818,0.0702479338843,-0.363636363636,-0.2,-0.25,-0.268912750482,-0.030542951148,-0.0181818181818,-0.243332138505,-0.0773405703161,-0.0434343434343,-0.250469359339,-0.0345084801933,-0.0111111111111,0.0866354202056,0.0199894662943,0.329545454545,0.0702479338843,0.0866354202056,0.329545454545,-0.132380952381,-0.133333333333,-4,-0.0242424242424,-0.0344444444444,0,0,0,18,0,2,90,0.9,1,0,0.1,1,0.9,0.947368421053,0.938314863257,0.9,0.9,5,7,0,0,0,0
1560,WLNM_dir_neg,0.857142857143,0.559981684982,00:00:00,10,40,24,1174695173,threshold_sweep,0.3,1,0.428571428571,0.6,3,0,4,14,0.428571428571,1,0,0.571428571429,1,0.428571428571,0.6,0.809523809524,0.619047619048,0.5,0.57735026919,0.428571428571,20,13,7,0,20,0,13,0,7,11,20,0.181818181818,3.04338842975,3.63636363636,2,2.5,1.68954001271,0.464623503495,0.245454545455,1.16774841624,0.642261628933,0.336363636364,1.94000937205,1.06700515463,0.536363636364,1.05689877454,0.347276990411,3.54545454545,3.04338842975,1.05689877454,3.54545454545,0.499047619048,0.4,8,0.0484848484848,0.255555555556,11,11,11,1,0,0.0909090909091,0.636363636364,0.272727272727,11,0.118181818182,3.72727272727,2.36363636364,1.3,1.625,1.43336856898,0.6064251638,0.286713286713,0.603022689156,0.510249967747,0.237762237762,1.40129809949,1.18571377649,0.503496503497,2.05382127221,0.551025219373,7,3.72727272727,2.05382127221,7,0,0,0,0,0.22962962963,11,11,11,1,0,0.0909090909091,0.636363636364,0.272727272727,11,16,0.145454545455,3.25,2.90909090909,1.6,2,1.22102788294,0.41972833476,0.181818181818,0.687551650952,0.47269176003,0.227272727273,1.50755672289,1.03644524699,0.511363636364,1.3758835545,0.423348786001,4.66666666667,3.25,1.3758835545,4.66666666667,0.213333333333,0.176470588235,2,0.0121212121212,0.192592592593,11,11,11,1,0,0.0909090909091,0.636363636364,0.272727272727,-4,-0.0363636363636,0.206611570248,-0.727272727273,-0.4,-0.5,-0.468512129772,-0.0448951687355,-0.0636363636364,-0.48019676529,-0.169569868904,-0.109090909091,-0.43245264916,-0.0305599076407,-0.025,0.318984779967,0.07607179559,1.12121212121,0.206611570248,0.318984779967,1.12121212121,-0.285714285714,-0.223529411765,-6,-0.0363636363636,-0.062962962963,0,0,0,16,0,4,90,0.8,1,0,0.2,1,0.8,0.888888888889,0.875189948987,0.8,0.8,3,7,0,0,0,0
1561,WLNM_dir_neg,0.857142857143,0.559981684982,00:00:00,10,40,24,1174695173,threshold_sweep,0.4,1,0.428571428571,0.6,3,0,4,14,0.428571428571,1,0,0.571428571429,1,0.428571428571,0.6,0.809523809524,0.619047619048,0.5,0.57735026919,0.428571428571,20,13,7,0,20,0,13,0,7,11,20,0.181818181818,3.04338842975,3.63636363636,2,2.5,1.68954001271,0.464623503495,0.245454545455,1.16774841624,0.642261628933,0.336363636364,1.94000937205,1.06700515463,0.536363636364,1.05689877454,0.347276990411,3.54545454545,3.04338842975,1.05689877454,3.54545454545,0.499047619048,0.4,8,0.0484848484848,0.255555555556,11,11,11,1,0,0.0909090909091,0.636363636364,0.272727272727,11,0.118181818182,3.72727272727,2.36363636364,1.3,1.625,1.43336856898,0.6064251638,0.286713286713,0.603022689156,0.510249967747,0.237762237762,1.40129809949,1.18571377649,0.503496503497,2.05382127221,0.551025219373,7,3.72727272727,2.05382127221,7,0,0,0,0,0.22962962963,11,11,11,1,0,0.0909090909091,0.636363636364,0.272727272727,11,16,0.145454545455,3.25,2.90909090909,1.6,2,1.22102788294,0.41972833476,0.181818181818,0.687551650952,0.47269176003,0.227272727273,1.50755672289,1.03644524699,0.511363636364,1.3758835545,0.423348786001,4.66666666667,3.25,1.3758835545,4.66666666667,0.213333333333,0.176470588235,2,0.0121212121212,0.192592592593,11,11,11,1,0,0.0909090909091,0.636363636364,0.272727272727,-4,-0.0363636363636,0.206611570248,-0.727272727273,-0.4,-0.5,-0.468512129772,-0.0448951687355,-0.0636363636364,-0.48019676529,-0.169569868904,-0.109090909091,-0.43245264916,-0.0305599076407,-0.025,0.318984779967,0.07607179559,1.12121212121,0.206611570248,0.318984779967,1.12121212121,-0.285714285714,-0.223529411765,-6,-0.0363636363636,-0.062962962963,0,0,0,16,0,4,90,0.8,1,0,0.2,1,0.8,0.888888888889,0.875189948987,0.8,0.8,3,7,0,0,0,0
1562,WLNM_dir_neg,0.857142857143,0.559981684982,00:00:00,10,40,24,1174695173,threshold_sweep,0.5,1,0.428571428571,0.6,3,0,4,14,0.428571428571,1,0,0.571428571429,1,0.428571428571,0.6,0.809523809524,0.619047619048,0.5,0.57735026919,0.428571428571,20,13,7,0,20,0,13,0,7,11,20,0.181818181818,3.04338842975,3.63636363636,2,2.5,1.68954001271,0.464623503495,0.245454545455,1.16774841624,0.642261628933,0.336363636364,1.94000937205,1.06700515463,0.536363636364,1.05689877454,0.347276990411,3.54545454545,3.04338842975,1.05689877454,3.54545454545,0.499047619048,0.4,8,0.0484848484848,0.255555555556,11,11,11,1,0,0.0909090909091,0.636363636364,0.272727272727,11,0.118181818182,3.72727272727,2.36363636364,1.3,1.625,1.43336856898,0.6064251638,0.286713286713,0.603022689156,0.510249967747,0.237762237762,1.40129809949,1.18571377649,0.503496503497,2.05382127221,0.551025219373,7,3.72727272727,2.05382127221,7,0,0,0,0,0.22962962963,11,11,11,1,0,0.0909090909091,0.636363636364,0.272727272727,11,16,0.145454545455,3.25,2.90909090909,1.6,2,1.22102788294,0.41972833476,0.181818181818,0.687551650952,0.47269176003,0.227272727273,1.50755672289,1.03644524699,0.511363636364,1.3758835545,0.423348786001,4.66666666667,3.25,1.3758835545,4.66666666667,0.213333333333,0.176470588235,2,0.0121212121212,0.192592592593,11,11,11,1,0,0.0909090909091,0.636363636364,0.272727272727,-4,-0.0363636363636,0.206611570248,-0.727272727273,-0.4,-0.5,-0.468512129772,-0.0448951687355,-0.0636363636364,-0.48019676529,-0.169569868904,-0.109090909091,-0.43245264916,-0.0305599076407,-0.025,0.318984779967,0.07607179559,1.12121212121,0.206611570248,0.318984779967,1.12121212121,-0.285714285714,-0.223529411765,-6,-0.0363636363636,-0.062962962963,0,0,0,16,0,4,90,0.8,1,0,0.2,1,0.8,0.888888888889,0.875189948987,0.8,0.8,3,7,0,0,0,0
1563,WLNM_dir_neg,0.857142857143,0.559981684982,00:00:00,10,40,24,1174695173,threshold_sweep,0.6,1,0.428571428571,0.6,3,0,4,14,0.428571428571,1,0,0.571428571429,1,0.428571428571,0.6,0.809523809524,0.619047619048,0.5,0.57735026919,0.428571428571,20,13,7,0,20,0,13,0,7,11,20,0.181818181818,3.04338842975,3.63636363636,2,2.5,1.68954001271,0.464623503495,0.245454545455,1.16774841624,0.642261628933,0.336363636364,1.94000937205,1.06700515463,0.536363636364,1.05689877454,0.347276990411,3.54545454545,3.04338842975,1.05689877454,3.54545454545,0.499047619048,0.4,8,0.0484848484848,0.255555555556,11,11,11,1,0,0.0909090909091,0.636363636364,0.272727272727,11,0.118181818182,3.72727272727,2.36363636364,1.3,1.625,1.43336856898,0.6064251638,0.286713286713,0.603022689156,0.510249967747,0.237762237762,1.40129809949,1.18571377649,0.503496503497,2.05382127221,0.551025219373,7,3.72727272727,2.05382127221,7,0,0,0,0,0.22962962963,11,11,11,1,0,0.0909090909091,0.636363636364,0.272727272727,11,16,0.145454545455,3.25,2.90909090909,1.6,2,1.22102788294,0.41972833476,0.181818181818,0.687551650952,0.47269176003,0.227272727273,1.50755672289,1.03644524699,0.511363636364,1.3758835545,0.423348786001,4.66666666667,3.25,1.3758835545,4.66666666667,0.213333333333,0.176470588235,2,0.0121212121212,0.192592592593,11,11,11,1,0,0.0909090909091,0.636363636364,0.272727272727,-4,-0.0363636363636,0.206611570248,-0.727272727273,-0.4,-0.5,-0.468512129772,-0.0448951687355,-0.0636363636364,-0.48019676529,-0.169569868904,-0.109090909091,-0.43245264916,-0.0305599076407,-0.025,0.318984779967,0.07607179559,1.12121212121,0.206611570248,0.318984779967,1.12121212121,-0.285714285714,-0.223529411765,-6,-0.0363636363636,-0.062962962963,0,0,0,16,0,4,90,0.8,1,0,0.2,1,0.8,0.888888888889,0.875189948987,0.8,0.8,3,7,0,0,0,0
1564,WLNM_dir_neg,0.857142857143,0.559981684982,00:00:00,10,40,24,1174695173,threshold_sweep,0.7,1,0.428571428571,0.6,3,0,4,14,0.428571428571,1,0,0.571428571429,1,0.428571428571,0.6,0.809523809524,0.619047619048,0.5,0.57735026919,0.428571428571,20,13,7,0,20,0,13,0,7,11,20,0.181818181818,3.04338842975,3.63636363636,2,2.5,1.68954001271,0.464623503495,0.245454545455,1.16774841624,0.642261628933,0.336363636364,1.94000937205,1.06700515463,0.536363636364,1.05689877454,0.347276990411,3.54545454545,3.04338842975,1.05689877454,3.54545454545,0.499047619048,0.4,8,0.0484848484848,0.255555555556,11,11,11,1,0,0.0909090909091,0.636363636364,0.272727272727,11,0.118181818182,3.72727272727,2.36363636364,1.3,1.625,1.43336856898,0.6064251638,0.286713286713,0.603022689156,0.510249967747,0.237762237762,1.40129809949,1.18571377649,0.503496503497,2.05382127221,0.551025219373,7,3.72727272727,2.05382127221,7,0,0,0,0,0.22962962963,11,11,11,1,0,0.0909090909091,0.636363636364,0.272727272727,11,16,0.145454545455,3.25,2.90909090909,1.6,2,1.22102788294,0.41972833476,0.181818181818,0.687551650952,0.47269176003,0.227272727273,1.50755672289,1.03644524699,0.511363636364,1.3758835545,0.423348786001,4.66666666667,3.25,1.3758835545,4.66666666667,0.213333333333,0.176470588235,2,0.0121212121212,0.192592592593,11,11,11,1,0,0.0909090909091,0.636363636364,0.272727272727,-4,-0.0363636363636,0.206611570248,-0.727272727273,-0.4,-0.5,-0.468512129772,-0.0448951687355,-0.0636363636364,-0.48019676529,-0.169569868904,-0.109090909091,-0.43245264916,-0.0305599076407,-0.025,0.318984779967,0.07607179559,1.12121212121,0.206611570248,0.318984779967,1.12121212121,-0.285714285714,-0.223529411765,-6,-0.0363636363636,-0.062962962963,0,0,0,16,0,4,90,0.8,1,0,0.2,1,0.8,0.888888888889,0.875189948987,0.8,0.8,3,7,0,0,0,0
1565,WLNM_dir_neg,0.857142857143,0.559981684982,00:00:00,10,40,24,1174695173,threshold_sweep,0.8,1,0.428571428571,0.6,3,0,4,14,0.428571428571,1,0,0.571428571429,1,0.428571428571,0.6,0.809523809524,0.619047619048,0.5,0.57735026919,0.428571428571,20,13,7,0,20,0,13,0,7,11,20,0.181818181818,3.04338842975,3.63636363636,2,2.5,1.68954001271,0.464623503495,0.245454545455,1.16774841624,0.642261628933,0.336363636364,1.94000937205,1.06700515463,0.536363636364,1.05689877454,0.347276990411,3.54545454545,3.04338842975,1.05689877454,3.54545454545,0.499047619048,0.4,8,0.0484848484848,0.255555555556,11,11,11,1,0,0.0909090909091,0.636363636364,0.272727272727,11,0.118181818182,3.72727272727,2.36363636364,1.3,1.625,1.43336856898,0.6064251638,0.286713286713,0.603022689156,0.510249967747,0.237762237762,1.40129809949,1.18571377649,0.503496503497,2.05382127221,0.551025219373,7,3.72727272727,2.05382127221,7,0,0,0,0,0.22962962963,11,11,11,1,0,0.0909090909091,0.636363636364,0.272727272727,11,16,0.145454545455,3.25,2.90909090909,1.6,2,1.22102788294,0.41972833476,0.181818181818,0.687551650952,0.47269176003,0.227272727273,1.50755672289,1.03644524699,0.511363636364,1.3758835545,0.423348786001,4.66666666667,3.25,1.3758835545,4.66666666667,0.213333333333,0.176470588235,2,0.0121212121212,0.192592592593,11,11,11,1,0,0.0909090909091,0.636363636364,0.272727272727,-4,-0.0363636363636,0.206611570248,-0.727272727273,-0.4,-0.5,-0.468512129772,-0.0448951687355,-0.0636363636364,-0.48019676529,-0.169569868904,-0.109090909091,-0.43245264916,-0.0305599076407,-0.025,0.318984779967,0.07607179559,1.12121212121,0.206611570248,0.318984779967,1.12121212121,-0.285714285714,-0.223529411765,-6,-0.0363636363636,-0.062962962963,0,0,0,16,0,4,90,0.8,1,0,0.2,1,0.8,0.888888888889,0.875189948987,0.8,0.8,3,7,0,0,0,0
1566,WLNM_dir_neg,0.857142857143,0.559981684982,00:00:00,10,40,24,1174695173,threshold_sweep,0.9,1,0.428571428571,0.6,3,0,4,14,0.428571428571,1,0,0.571428571429,1,0.428571428571,0.6,0.809523809524,0.619047619048,0.5,0.57735026919,0.428571428571,20,13,7,0,20,0,13,0,7,11,20,0.181818181818,3.04338842975,3.63636363636,2,2.5,1.68954001271,0.464623503495,0.245454545455,1.16774841624,0.642261628933,0.336363636364,1.94000937205,1.06700515463,0.536363636364,1.05689877454,0.347276990411,3.54545454545,3.04338842975,1.05689877454,3.54545454545,0.499047619048,0.4,8,0.0484848484848,0.255555555556,11,11,11,1,0,0.0909090909091,0.636363636364,0.272727272727,11,0.118181818182,3.72727272727,2.36363636364,1.3,1.625,1.43336856898,0.6064251638,0.286713286713,0.603022689156,0.510249967747,0.237762237762,1.40129809949,1.18571377649,0.503496503497,2.05382127221,0.551025219373,7,3.72727272727,2.05382127221,7,0,0,0,0,0.22962962963,11,11,11,1,0,0.0909090909091,0.636363636364,0.272727272727,11,16,0.145454545455,3.25,2.90909090909,1.6,2,1.22102788294,0.41972833476,0.181818181818,0.687551650952,0.47269176003,0.227272727273,1.50755672289,1.03644524699,0.511363636364,1.3758835545,0.423348786001,4.66666666667,3.25,1.3758835545,4.66666666667,0.213333333333,0.176470588235,2,0.0121212121212,0.192592592593,11,11,11,1,0,0.0909090909091,0.636363636364,0.272727272727,-4,-0.0363636363636,0.206611570248,-0.727272727273,-0.4,-0.5,-0.468512129772,-0.0448951687355,-0.0636363636364,-0.48019676529,-0.169569868904,-0.109090909091,-0.43245264916,-0.0305599076407,-0.025,0.318984779967,0.07607179559,1.12121212121,0.206611570248,0.318984779967,1.12121212121,-0.285714285714,-0.223529411765,-6,-0.0363636363636,-0.062962962963,0,0,0,16,0,4,90,0.8,1,0,0.2,1,0.8,0.888888888889,0.875189948987,0.8,0.8,3,7,0,0,0,0
1567,WLNM_dir_neg,0.836734693878,0.551121794872,00:00:00,10,40,25,1174695174,threshold_sweep,0.1,0.833333333333,0.714285714286,0.769230769231,5,1,2,13,0.714285714286,0.928571428571,0.0714285714286,0.285714285714,0.833333333333,0.714285714286,0.769230769231,0.857142857143,0.571428571429,0.666666666667,0.67082039325,0.642857142857,20,13,7,0,20,0,13,0,7,11,20,0.181818181818,3.04338842975,3.63636363636,2,2.5,1.68954001271,0.464623503495,0.245454545455,1.16774841624,0.642261628933,0.336363636364,1.94000937205,1.06700515463,0.536363636364,1.05689877454,0.347276990411,3.54545454545,3.04338842975,1.05689877454,3.54545454545,0.499047619048,0.4,8,0.0484848484848,0.255555555556,11,11,11,1,0,0.0909090909091,0.636363636364,0.272727272727,11,0.118181818182,3.72727272727,2.36363636364,1.3,1.625,1.43336856898,0.6064251638,0.286713286713,0.603022689156,0.510249967747,0.237762237762,1.40129809949,1.18571377649,0.503496503497,2.05382127221,0.551025219373,7,3.72727272727,2.05382127221,7,0,0,0,0,0.22962962963,11,11,11,1,0,0.0909090909091,0.636363636364,0.272727272727,11,19,0.172727272727,3.17803030303,3.45454545455,1.9,2.375,1.43969693781,0.416754376733,0.215311004785,1.00904995822,0.584186817916,0.306220095694,1.67874411933,0.971904490138,0.507177033493,1.20143012424,0.378042375208,3.875,3.17803030303,1.20143012424,3.875,0.393333333333,0.3,5,0.030303030303,0.223703703704,11,11,11,1,0,0.0909090909091,0.636363636364,0.272727272727,-1,-0.00909090909091,0.134641873278,-0.181818181818,-0.1,-0.125,-0.249843074903,-0.0478691267618,-0.0301435406699,-0.158698458023,-0.058074811017,-0.0301435406699,-0.26126525272,-0.0951006644889,-0.0291866028708,0.144531349704,0.0307653847969,0.329545454545,0.134641873278,0.144531349704,0.329545454545,-0.105714285714,-0.1,-3,-0.0181818181818,-0.0318518518519,0,0,0,18,1,2,89,0.9,0.988888888889,0.0111111111111,0.1,0.947368421053,0.9,0.923076923077,0.906956031802,0.888888888889,0.857142857143,6,7,0,0,0,0
1568,WLNM_dir_neg,0.836734693878,0.551121794872,00:00:00,10,40,25,1174695174,threshold_sweep,0.2,0.833333333333,0.714285714286,0.769230769231,5,1,2,13,0.714285714286,0.928571428571,0.0714285714286,0.285714285714,0.833333333333,0.714285714286,0.769230769231,0.857142857143,0.571428571429,0.666666666667,0.67082039325,0.642857142857,20,13,7,0,20,0,13,0,7,11,20,0.181818181818,3.04338842975,3.63636363636,2,2.5,1.68954001271,0.464623503495,0.245454545455,1.16774841624,0.642261628933,0.336363636364,1.94000937205,1.06700515463,0.536363636364,1.05689877454,0.347276990411,3.54545454545,3.04338842975,1.05689877454,3.54545454545,0.499047619048,0.4,8,0.0484848484848,0.255555555556,11,11,11,1,0,0.0909090909091,0.636363636364,0.272727272727,11,0.118181818182,3.72727272727,2.36363636364,1.3,1.625,1.43336856898,0.6064251638,0.286713286713,0.603022689156,0.510249967747,0.237762237762,1.40129809949,1.18571377649,0.503496503497,2.05382127221,0.551025219373,7,3.72727272727,2.05382127221,7,0,0,0,0,0.22962962963,11,11,11,1,0,0.0909090909091,0.636363636364,0.272727272727,11,19,0.172727272727,3.17803030303,3.45454545455,1.9,2.375,1.43969693781,0.416754376733,0.215311004785,1.00904995822,0.584186817916,0.306220095694,1.67874411933,0.971904490138,0.507177033493,1.20143012424,0.378042375208,3.875,3.17803030303,1.20143012424,3.875,0.393333333333,0.3,5,0.030303030303,0.223703703704,11,11,11,1,0,0.0909090909091,0.636363636364,0.272727272727,-1,-0.00909090909091,0.134641873278,-0.181818181818,-0.1,-0.125,-0.249843074903,-0.0478691267618,-0.0301435406699,-0.158698458023,-0.058074811017,-0.0301435406699,-0.26126525272,-0.0951006644889,-0.0291866028708,0.144531349704,0.0307653847969,0.329545454545,0.134641873278,0.144531349704,0.329545454545,-0.105714285714,-0.1,-3,-0.0181818181818,-0.0318518518519,0,0,0,18,1,2,89,0.9,0.988888888889,0.0111111111111,0.1,0.947368421053,0.9,0.923076923077,0.906956031802,0.888888888889,0.857142857143,6,7,0,0,0,0
1569,WLNM_dir_neg,0.836734693878,0.551121794872,00:00:00,10,40,25,1174695174,threshold_sweep,0.3,0.833333333333,0.714285714286,0.769230769231,5,1,2,13,0.714285714286,0.928571428571,0.0714285714286,0.285714285714,0.833333333333,0.714285714286,0.769230769231,0.857142857143,0.571428571429,0.666666666667,0.67082039325,0.642857142857,20,13,7,0,20,0,13,0,7,11,20,0.181818181818,3.04338842975,3.63636363636,2,2.5,1.68954001271,0.464623503495,0.245454545455,1.16774841624,0.642261628933,0.336363636364,1.94000937205,1.06700515463,0.536363636364,1.05689877454,0.347276990411,3.54545454545,3.04338842975,1.05689877454,3.54545454545,0.499047619048,0.4,8,0.0484848484848,0.255555555556,11,11,11,1,0,0.0909090909091,0.636363636364,0.272727272727,11,0.118181818182,3.72727272727,2.36363636364,1.3,1.625,1.43336856898,0.6064251638,0.286713286713,0.603022689156,0.510249967747,0.237762237762,1.40129809949,1.18571377649,0.503496503497,2.05382127221,0.551025219373,7,3.72727272727,2.05382127221,7,0,0,0,0,0.22962962963,11,11,11,1,0,0.0909090909091,0.636363636364,0.272727272727,11,19,0.172727272727,3.17803030303,3.45454545455,1.9,2.375,1.43969693781,0.416754376733,0.215311004785,1.00904995822,0.584186817916,0.306220095694,1.67874411933,0.971904490138,0.507177033493,1.20143012424,0.378042375208,3.875,3.17803030303,1.20143012424,3.875,0.393333333333,0.3,5,0.030303030303,0.223703703704,11,11,11,1,0,0.0909090909091,0.636363636364,0.272727272727,-1,-0.00909090909091,0.134641873278,-0.181818181818,-0.1,-0.125,-0.249843074903,-0.0478691267618,-0.0301435406699,-0.158698458023,-0.058074811017,-0.0301435406699,-0.26126525272,-0.0951006644889,-0.0291866028708,0.144531349704,0.0307653847969,0.329545454545,0.134641873278,0.144531349704,0.329545454545,-0.105714285714,-0.1,-3,-0.0181818181818,-0.0318518518519,0,0,0,18,1,2,89,0.9,0.988888888889,0.0111111111111,0.1,0.947368421053,0.9,0.923076923077,0.906956031802,0.888888888889,0.857142857143,6,7,0,0,0,0
1570,WLNM_dir_neg,0.836734693878,0.551121794872,00:00:00,10,40,25,1174695174,threshold_sweep,0.4,0.833333333333,0.714285714286,0.769230769231,5,1,2,13,0.714285714286,0.928571428571,0.0714285714286,0.285714285714,0.833333333333,0.714285714286,0.769230769231,0.857142857143,0.571428571429,0.666666666667,0.67082039325,0.642857142857,20,13,7,0,20,0,13,0,7,11,20,0.181818181818,3.04338842975,3.63636363636,2,2.5,1.68954001271,0.464623503495,0.245454545455,1.16774841624,0.642261628933,0.336363636364,1.94000937205,1.06700515463,0.536363636364,1.05689877454,0.347276990411,3.54545454545,3.04338842975,1.05689877454,3.54545454545,0.499047619048,0.4,8,0.0484848484848,0.255555555556,11,11,11,1,0,0.0909090909091,0.636363636364,0.272727272727,11,0.118181818182,3.72727272727,2.36363636364,1.3,1.625,1.43336856898,0.6064251638,0.286713286713,0.603022689156,0.510249967747,0.237762237762,1.40129809949,1.18571377649,0.503496503497,2.05382127221,0.551025219373,7,3.72727272727,2.05382127221,7,0,0,0,0,0.22962962963,11,11,11,1,0,0.0909090909091,0.636363636364,0.272727272727,11,19,0.172727272727,3.17803030303,3.45454545455,1.9,2.375,1.43969693781,0.416754376733,0.215311004785,1.00904995822,0.584186817916,0.306220095694,1.67874411933,0.971904490138,0.507177033493,1.20143012424,0.378042375208,3.875,3.17803030303,1.20143012424,3.875,0.393333333333,0.3,5,0.030303030303,0.223703703704,11,11,11,1,0,0.0909090909091,0.636363636364,0.272727272727,-1,-0.00909090909091,0.134641873278,-0.181818181818,-0.1,-0.125,-0.249843074903,-0.0478691267618,-0.0301435406699,-0.158698458023,-0.058074811017,-0.0301435406699,-0.26126525272,-0.0951006644889,-0.0291866028708,0.144531349704,0.0307653847969,0.329545454545,0.134641873278,0.144531349704,0.329545454545,-0.105714285714,-0.1,-3,-0.0181818181818,-0.0318518518519,0,0,0,18,1,2,89,0.9,0.988888888889,0.0111111111111,0.1,0.947368421053,0.9,0.923076923077,0.906956031802,0.888888888889,0.857142857143,6,7,0,0,0,0
1571,WLNM_dir_neg,0.836734693878,0.551121794872,00:00:00,10,40,25,1174695174,threshold_sweep,0.5,0.833333333333,0.714285714286,0.769230769231,5,1,2,13,0.714285714286,0.928571428571,0.0714285714286,0.285714285714,0.833333333333,0.714285714286,0.769230769231,0.857142857143,0.571428571429,0.666666666667,0.67082039325,0.642857142857,20,13,7,0,20,0,13,0,7,11,20,0.181818181818,3.04338842975,3.63636363636,2,2.5,1.68954001271,0.464623503495,0.245454545455,1.16774841624,0.642261628933,0.336363636364,1.94000937205,1.06700515463,0.536363636364,1.05689877454,0.347276990411,3.54545454545,3.04338842975,1.05689877454,3.54545454545,0.499047619048,0.4,8,0.0484848484848,0.255555555556,11,11,11,1,0,0.0909090909091,0.636363636364,0.272727272727,11,0.118181818182,3.72727272727,2.36363636364,1.3,1.625,1.43336856898,0.6064251638,0.286713286713,0.603022689156,0.510249967747,0.237762237762,1.40129809949,1.18571377649,0.503496503497,2.05382127221,0.551025219373,7,3.72727272727,2.05382127221,7,0,0,0,0,0.22962962963,11,11,11,1,0,0.0909090909091,0.636363636364,0.272727272727,11,19,0.172727272727,3.17803030303,3.45454545455,1.9,2.375,1.43969693781,0.416754376733,0.215311004785,1.00904995822,0.584186817916,0.306220095694,1.67874411933,0.971904490138,0.507177033493,1.20143012424,0.378042375208,3.875,3.17803030303,1.20143012424,3.875,0.393333333333,0.3,5,0.030303030303,0.223703703704,11,11,11,1,0,0.0909090909091,0.636363636364,0.272727272727,-1,-0.00909090909091,0.134641873278,-0.181818181818,-0.1,-0.125,-0.249843074903,-0.0478691267618,-0.0301435406699,-0.158698458023,-0.058074811017,-0.0301435406699,-0.26126525272,-0.0951006644889,-0.0291866028708,0.144531349704,0.0307653847969,0.329545454545,0.134641873278,0.144531349704,0.329545454545,-0.105714285714,-0.1,-3,-0.0181818181818,-0.0318518518519,0,0,0,18,1,2,89,0.9,0.988888888889,0.0111111111111,0.1,0.947368421053,0.9,0.923076923077,0.906956031802,0.888888888889,0.857142857143,6,7,0,0,0,0
1572,WLNM_dir_neg,0.836734693878,0.551121794872,00:00:00,10,40,25,1174695174,threshold_sweep,0.6,0.833333333333,0.714285714286,0.769230769231,5,1,2,13,0.714285714286,0.928571428571,0.0714285714286,0.285714285714,0.833333333333,0.714285714286,0.769230769231,0.857142857143,0.571428571429,0.666666666667,0.67082039325,0.642857142857,20,13,7,0,20,0,13,0,7,11,20,0.181818181818,3.04338842975,3.63636363636,2,2.5,1.68954001271,0.464623503495,0.245454545455,1.16774841624,0.642261628933,0.336363636364,1.94000937205,1.06700515463,0.536363636364,1.05689877454,0.347276990411,3.54545454545,3.04338842975,1.05689877454,3.54545454545,0.499047619048,0.4,8,0.0484848484848,0.255555555556,11,11,11,1,0,0.0909090909091,0.636363636364,0.272727272727,11,0.118181818182,3.72727272727,2.36363636364,1.3,1.625,1.43336856898,0.6064251638,0.286713286713,0.603022689156,0.510249967747,0.237762237762,1.40129809949,1.18571377649,0.503496503497,2.05382127221,0.551025219373,7,3.72727272727,2.05382127221,7,0,0,0,0,0.22962962963,11,11,11,1,0,0.0909090909091,0.636363636364,0.272727272727,11,19,0.172727272727,3.17803030303,3.45454545455,1.9,2.375,1.43969693781,0.416754376733,0.215311004785,1.00904995822,0.584186817916,0.306220095694,1.67874411933,0.971904490138,0.507177033493,1.20143012424,0.378042375208,3.875,3.17803030303,1.20143012424,3.875,0.393333333333,0.3,5,0.030303030303,0.223703703704,11,11,11,1,0,0.0909090909091,0.636363636364,0.272727272727,-1,-0.00909090909091,0.134641873278,-0.181818181818,-0.1,-0.125,-0.249843074903,-0.0478691267618,-0.0301435406699,-0.158698458023,-0.058074811017,-0.0301435406699,-0.26126525272,-0.0951006644889,-0.0291866028708,0.144531349704,0.0307653847969,0.329545454545,0.134641873278,0.144531349704,0.329545454545,-0.105714285714,-0.1,-3,-0.0181818181818,-0.0318518518519,0,0,0,18,1,2,89,0.9,0.988888888889,0.0111111111111,0.1,0.947368421053,0.9,0.923076923077,0.906956031802,0.888888888889,0.857142857143,6,7,0,0,0,0
1573,WLNM_dir_neg,0.836734693878,0.551121794872,00:00:00,10,40,25,1174695174,threshold_sweep,0.7,0.833333333333,0.714285714286,0.769230769231,5,1,2,13,0.714285714286,0.928571428571,0.0714285714286,0.285714285714,0.833333333333,0.714285714286,0.769230769231,0.857142857143,0.571428571429,0.666666666667,0.67082039325,0.642857142857,20,13,7,0,20,0,13,0,7,11,20,0.181818181818,3.04338842975,3.63636363636,2,2.5,1.68954001271,0.464623503495,0.245454545455,1.16774841624,0.642261628933,0.336363636364,1.94000937205,1.06700515463,0.536363636364,1.05689877454,0.347276990411,3.54545454545,3.04338842975,1.05689877454,3.54545454545,0.499047619048,0.4,8,0.0484848484848,0.255555555556,11,11,11,1,0,0.0909090909091,0.636363636364,0.272727272727,11,0.118181818182,3.72727272727,2.36363636364,1.3,1.625,1.43336856898,0.6064251638,0.286713286713,0.603022689156,0.510249967747,0.237762237762,1.40129809949,1.18571377649,0.503496503497,2.05382127221,0.551025219373,7,3.72727272727,2.05382127221,7,0,0,0,0,0.22962962963,11,11,11,1,0,0.0909090909091,0.636363636364,0.272727272727,11,19,0.172727272727,3.17803030303,3.45454545455,1.9,2.375,1.43969693781,0.416754376733,0.215311004785,1.00904995822,0.584186817916,0.306220095694,1.67874411933,0.971904490138,0.507177033493,1.20143012424,0.378042375208,3.875,3.17803030303,1.20143012424,3.875,0.393333333333,0.3,5,0.030303030303,0.223703703704,11,11,11,1,0,0.0909090909091,0.636363636364,0.272727272727,-1,-0.00909090909091,0.134641873278,-0.181818181818,-0.1,-0.125,-0.249843074903,-0.0478691267618,-0.0301435406699,-0.158698458023,-0.058074811017,-0.0301435406699,-0.26126525272,-0.0951006644889,-0.0291866028708,0.144531349704,0.0307653847969,0.329545454545,0.134641873278,0.144531349704,0.329545454545,-0.105714285714,-0.1,-3,-0.0181818181818,-0.0318518518519,0,0,0,18,1,2,89,0.9,0.988888888889,0.0111111111111,0.1,0.947368421053,0.9,0.923076923077,0.906956031802,0.888888888889,0.857142857143,6,7,0,0,0,0
1574,WLNM_dir_neg,0.836734693878,0.551121794872,00:00:00,10,40,25,1174695174,threshold_sweep,0.8,0.833333333333,0.714285714286,0.769230769231,5,1,2,13,0.714285714286,0.928571428571,0.0714285714286,0.285714285714,0.833333333333,0.714285714286,0.769230769231,0.857142857143,0.571428571429,0.666666666667,0.67082039325,0.642857142857,20,13,7,0,20,0,13,0,7,11,20,0.181818181818,3.04338842975,3.63636363636,2,2.5,1.68954001271,0.464623503495,0.245454545455,1.16774841624,0.642261628933,0.336363636364,1.94000937205,1.06700515463,0.536363636364,1.05689877454,0.347276990411,3.54545454545,3.04338842975,1.05689877454,3.54545454545,0.499047619048,0.4,8,0.0484848484848,0.255555555556,11,11,11,1,0,0.0909090909091,0.636363636364,0.272727272727,11,0.118181818182,3.72727272727,2.36363636364,1.3,1.625,1.43336856898,0.6064251638,0.286713286713,0.603022689156,0.510249967747,0.237762237762,1.40129809949,1.18571377649,0.503496503497,2.05382127221,0.551025219373,7,3.72727272727,2.05382127221,7,0,0,0,0,0.22962962963,11,11,11,1,0,0.0909090909091,0.636363636364,0.272727272727,11,19,0.172727272727,3.17803030303,3.45454545455,1.9,2.375,1.43969693781,0.416754376733,0.215311004785,1.00904995822,0.584186817916,0.306220095694,1.67874411933,0.971904490138,0.507177033493,1.20143012424,0.378042375208,3.875,3.17803030303,1.20143012424,3.875,0.393333333333,0.3,5,0.030303030303,0.223703703704,11,11,11,1,0,0.0909090909091,0.636363636364,0.272727272727,-1,-0.00909090909091,0.134641873278,-0.181818181818,-0.1,-0.125,-0.249843074903,-0.0478691267618,-0.0301435406699,-0.158698458023,-0.058074811017,-0.0301435406699,-0.26126525272,-0.0951006644889,-0.0291866028708,0.144531349704,0.0307653847969,0.329545454545,0.134641873278,0.144531349704,0.329545454545,-0.105714285714,-0.1,-3,-0.0181818181818,-0.0318518518519,0,0,0,18,1,2,89,0.9,0.988888888889,0.0111111111111,0.1,0.947368421053,0.9,0.923076923077,0.906956031802,0.888888888889,0.857142857143,6,7,0,0,0,0
1575,WLNM_dir_neg,0.836734693878,0.551121794872,00:00:00,10,40,25,1174695174,threshold_sweep,0.9,0.833333333333,0.714285714286,0.769230769231,5,1,2,13,0.714285714286,0.928571428571,0.0714285714286,0.285714285714,0.833333333333,0.714285714286,0.769230769231,0.857142857143,0.571428571429,0.666666666667,0.67082039325,0.642857142857,20,13,7,0,20,0,13,0,7,11,20,0.181818181818,3.04338842975,3.63636363636,2,2.5,1.68954001271,0.464623503495,0.245454545455,1.16774841624,0.642261628933,0.336363636364,1.94000937205,1.06700515463,0.536363636364,1.05689877454,0.347276990411,3.54545454545,3.04338842975,1.05689877454,3.54545454545,0.499047619048,0.4,8,0.0484848484848,0.255555555556,11,11,11,1,0,0.0909090909091,0.636363636364,0.272727272727,11,0.118181818182,3.72727272727,2.36363636364,1.3,1.625,1.43336856898,0.6064251638,0.286713286713,0.603022689156,0.510249967747,0.237762237762,1.40129809949,1.18571377649,0.503496503497,2.05382127221,0.551025219373,7,3.72727272727,2.05382127221,7,0,0,0,0,0.22962962963,11,11,11,1,0,0.0909090909091,0.636363636364,0.272727272727,11,19,0.172727272727,3.17803030303,3.45454545455,1.9,2.375,1.43969693781,0.416754376733,0.215311004785,1.00904995822,0.584186817916,0.306220095694,1.67874411933,0.971904490138,0.507177033493,1.20143012424,0.378042375208,3.875,3.17803030303,1.20143012424,3.875,0.393333333333,0.3,5,0.030303030303,0.223703703704,11,11,11,1,0,0.0909090909091,0.636363636364,0.272727272727,-1,-0.00909090909091,0.134641873278,-0.181818181818,-0.1,-0.125,-0.249843074903,-0.0478691267618,-0.0301435406699,-0.158698458023,-0.058074811017,-0.0301435406699,-0.26126525272,-0.0951006644889,-0.0291866028708,0.144531349704,0.0307653847969,0.329545454545,0.134641873278,0.144531349704,0.329545454545,-0.105714285714,-0.1,-3,-0.0181818181818,-0.0318518518519,0,0,0,18,1,2,89,0.9,0.988888888889,0.0111111111111,0.1,0.947368421053,0.9,0.923076923077,0.906956031802,0.888888888889,0.857142857143,6,7,0,0,0,0
1576,WLNM_dir_neg,0.816326530612,0.552267573696,00:00:00,10,40,26,1174695175,threshold_sweep,0.1,0.8,0.571428571429,0.666666666667,4,1,3,13,0.571428571429,0.928571428571,0.0714285714286,0.428571428571,0.8,0.571428571429,0.666666666667,0.809523809524,0.587301587302,0.538461538462,0.553398590529,0.5,20,13,7,0,20,0,13,0,7,11,20,0.181818181818,3.04338842975,3.63636363636,2,2.5,1.68954001271,0.464623503495,0.245454545455,1.16774841624,0.642261628933,0.336363636364,1.94000937205,1.06700515463,0.536363636364,1.05689877454,0.347276990411,3.54545454545,3.04338842975,1.05689877454,3.54545454545,0.499047619048,0.4,8,0.0484848484848,0.255555555556,11,11,11,1,0,0.0909090909091,0.636363636364,0.272727272727,11,0.118181818182,3.72727272727,2.36363636364,1.3,1.625,1.43336856898,0.6064251638,0.286713286713,0.603022689156,0.510249967747,0.237762237762,1.40129809949,1.18571377649,0.503496503497,2.05382127221,0.551025219373,7,3.72727272727,2.05382127221,7,0,0,0,0,0.22962962963,11,11,11,1,0,0.0909090909091,0.636363636364,0.272727272727,11,18,0.163636363636,6.2,3.27272727273,1.8,2.25,1.61807966991,0.494413232473,0.242424242424,0.809039834956,0.494413232473,0.242424242424,1.5666989036,0.957427107756,0.494949494949,2.28560714035,0.368646312959,8.2,6.2,2.28560714035,8.2,0.302380952381,0.25,4,0.0242424242424,0.205555555556,11,11,11,1,0,0.0909090909091,0.636363636364,0.272727272727,-2,-0.0181818181818,3.15661157025,-0.363636363636,-0.2,-0.25,-0.0714603427974,0.029789728978,-0.0030303030303,-0.358708581286,-0.14784839646,-0.0939393939394,-0.373310468447,-0.10957804687,-0.0414141414141,1.22870836581,0.0213693225477,4.65454545455,3.15661157025,1.22870836581,4.65454545455,-0.196666666667,-0.15,-4,-0.0242424242424,-0.05,0,0,0,17,1,3,89,0.85,0.988888888889,0.0111111111111,0.15,0.944444444444,0.85,0.894736842105,0.874602125628,0.838888888889,0.809523809524,5,7,0,0,0,0
1577,WLNM_dir_neg,0.816326530612,0.552267573696,00:00:00,10,40,26,1174695175,threshold_sweep,0.2,0.8,0.571428571429,0.666666666667,4,1,3,13,0.571428571429,0.928571428571,0.0714285714286,0.428571428571,0.8,0.571428571429,0.666666666667,0.809523809524,0.587301587302,0.538461538462,0.553398590529,0.5,20,13,7,0,20,0,13,0,7,11,20,0.181818181818,3.04338842975,3.63636363636,2,2.5,1.68954001271,0.464623503495,0.245454545455,1.16774841624,0.642261628933,0.336363636364,1.94000937205,1.06700515463,0.536363636364,1.05689877454,0.347276990411,3.54545454545,3.04338842975,1.05689877454,3.54545454545,0.499047619048,0.4,8,0.0484848484848,0.255555555556,11,11,11,1,0,0.0909090909091,0.636363636364,0.272727272727,11,0.118181818182,3.72727272727,2.36363636364,1.3,1.625,1.43336856898,0.6064251638,0.286713286713,0.603022689156,0.510249967747,0.237762237762,1.40129809949,1.18571377649,0.503496503497,2.05382127221,0.551025219373,7,3.72727272727,2.05382127221,7,0,0,0,0,0.22962962963,11,11,11,1,0,0.0909090909091,0.636363636364,0.272727272727,11,18,0.163636363636,6.2,3.27272727273,1.8,2.25,1.61807966991,0.494413232473,0.242424242424,0.809039834956,0.494413232473,0.242424242424,1.5666989036,0.957427107756,0.494949494949,2.28560714035,0.368646312959,8.2,6.2,2.28560714035,8.2,0.302380952381,0.25,4,0.0242424242424,0.205555555556,11,11,11,1,0,0.0909090909091,0.636363636364,0.272727272727,-2,-0.0181818181818,3.15661157025,-0.363636363636,-0.2,-0.25,-0.0714603427974,0.029789728978,-0.0030303030303,-0.358708581286,-0.14784839646,-0.0939393939394,-0.373310468447,-0.10957804687,-0.0414141414141,1.22870836581,0.0213693225477,4.65454545455,3.15661157025,1.22870836581,4.65454545455,-0.196666666667,-0.15,-4,-0.0242424242424,-0.05,0,0,0,17,1,3,89,0.85,0.988888888889,0.0111111111111,0.15,0.944444444444,0.85,0.894736842105,0.874602125628,0.838888888889,0.809523809524,5,7,0,0,0,0
1578,WLNM_dir_neg,0.816326530612,0.552267573696,00:00:00,10,40,26,1174695175,threshold_sweep,0.3,0.8,0.571428571429,0.666666666667,4,1,3,13,0.571428571429,0.928571428571,0.0714285714286,0.428571428571,0.8,0.571428571429,0.666666666667,0.809523809524,0.587301587302,0.538461538462,0.553398590529,0.5,20,13,7,0,20,0,13,0,7,11,20,0.181818181818,3.04338842975,3.63636363636,2,2.5,1.68954001271,0.464623503495,0.245454545455,1.16774841624,0.642261628933,0.336363636364,1.94000937205,1.06700515463,0.536363636364,1.05689877454,0.347276990411,3.54545454545,3.04338842975,1.05689877454,3.54545454545,0.499047619048,0.4,8,0.0484848484848,0.255555555556,11,11,11,1,0,0.0909090909091,0.636363636364,0.272727272727,11,0.118181818182,3.72727272727,2.36363636364,1.3,1.625,1.43336856898,0.6064251638,0.286713286713,0.603022689156,0.510249967747,0.237762237762,1.40129809949,1.18571377649,0.503496503497,2.05382127221,0.551025219373,7,3.72727272727,2.05382127221,7,0,0,0,0,0.22962962963,11,11,11,1,0,0.0909090909091,0.636363636364,0.272727272727,11,18,0.163636363636,6.2,3.27272727273,1.8,2.25,1.61807966991,0.494413232473,0.242424242424,0.809039834956,0.494413232473,0.242424242424,1.5666989036,0.957427107756,0.494949494949,2.28560714035,0.368646312959,8.2,6.2,2.28560714035,8.2,0.302380952381,0.25,4,0.0242424242424,0.205555555556,11,11,11,1,0,0.0909090909091,0.636363636364,0.272727272727,-2,-0.0181818181818,3.15661157025,-0.363636363636,-0.2,-0.25,-0.0714603427974,0.029789728978,-0.0030303030303,-0.358708581286,-0.14784839646,-0.0939393939394,-0.373310468447,-0.10957804687,-0.0414141414141,1.22870836581,0.0213693225477,4.65454545455,3.15661157025,1.22870836581,4.65454545455,-0.196666666667,-0.15,-4,-0.0242424242424,-0.05,0,0,0,17,1,3,89,0.85,0.988888888889,0.0111111111111,0.15,0.944444444444,0.85,0.894736842105,0.874602125628,0.838888888889,0.809523809524,5,7,0,0,0,0
1579,WLNM_dir_neg,0.816326530612,0.552267573696,00:00:00,10,40,26,1174695175,threshold_sweep,0.4,0.8,0.571428571429,0.666666666667,4,1,3,13,0.571428571429,0.928571428571,0.0714285714286,0.428571428571,0.8,0.571428571429,0.666666666667,0.809523809524,0.587301587302,0.538461538462,0.553398590529,0.5,20,13,7,0,20,0,13,0,7,11,20,0.181818181818,3.04338842975,3.63636363636,2,2.5,1.68954001271,0.464623503495,0.245454545455,1.16774841624,0.642261628933,0.336363636364,1.94000937205,1.06700515463,0.536363636364,1.05689877454,0.347276990411,3.54545454545,3.04338842975,1.05689877454,3.54545454545,0.499047619048,0.4,8,0.0484848484848,0.255555555556,11,11,11,1,0,0.0909090909091,0.636363636364,0.272727272727,11,0.118181818182,3.72727272727,2.36363636364,1.3,1.625,1.43336856898,0.6064251638,0.286713286713,0.603022689156,0.510249967747,0.237762237762,1.40129809949,1.18571377649,0.503496503497,2.05382127221,0.551025219373,7,3.72727272727,2.05382127221,7,0,0,0,0,0.22962962963,11,11,11,1,0,0.0909090909091,0.636363636364,0.272727272727,11,18,0.163636363636,6.2,3.27272727273,1.8,2.25,1.61807966991,0.494413232473,0.242424242424,0.809039834956,0.494413232473,0.242424242424,1.5666989036,0.957427107756,0.494949494949,2.28560714035,0.368646312959,8.2,6.2,2.28560714035,8.2,0.302380952381,0.25,4,0.0242424242424,0.205555555556,11,11,11,1,0,0.0909090909091,0.636363636364,0.272727272727,-2,-0.0181818181818,3.15661157025,-0.363636363636,-0.2,-0.25,-0.0714603427974,0.029789728978,-0.0030303030303,-0.358708581286,-0.14784839646,-0.0939393939394,-0.373310468447,-0.10957804687,-0.0414141414141,1.22870836581,0.0213693225477,4.65454545455,3.15661157025,1.22870836581,4.65454545455,-0.196666666667,-0.15,-4,-0.0242424242424,-0.05,0,0,0,17,1,3,89,0.85,0.988888888889,0.0111111111111,0.15,0.944444444444,0.85,0.894736842105,0.874602125628,0.838888888889,0.809523809524,5,7,0,0,0,0
1580,WLNM_dir_neg,0.816326530612,0.552267573696,00:00:00,10,40,26,1174695175,threshold_sweep,0.5,0.8,0.571428571429,0.666666666667,4,1,3,13,0.571428571429,0.928571428571,0.0714285714286,0.428571428571,0.8,0.571428571429,0.666666666667,0.809523809524,0.587301587302,0.538461538462,0.553398590529,0.5,20,13,7,0,20,0,13,0,7,11,20,0.181818181818,3.04338842975,3.63636363636,2,2.5,1.68954001271,0.464623503495,0.245454545455,1.16774841624,0.642261628933,0.336363636364,1.94000937205,1.06700515463,0.536363636364,1.05689877454,0.347276990411,3.54545454545,3.04338842975,1.05689877454,3.54545454545,0.499047619048,0.4,8,0.0484848484848,0.255555555556,11,11,11,1,0,0.0909090909091,0.636363636364,0.272727272727,11,0.118181818182,3.72727272727,2.36363636364,1.3,1.625,1.43336856898,0.6064251638,0.286713286713,0.603022689156,0.510249967747,0.237762237762,1.40129809949,1.18571377649,0.503496503497,2.05382127221,0.551025219373,7,3.72727272727,2.05382127221,7,0,0,0,0,0.22962962963,11,11,11,1,0,0.0909090909091,0.636363636364,0.272727272727,11,18,0.163636363636,6.2,3.27272727273,1.8,2.25,1.61807966991,0.494413232473,0.242424242424,0.809039834956,0.494413232473,0.242424242424,1.5666989036,0.957427107756,0.494949494949,2.28560714035,0.368646312959,8.2,6.2,2.28560714035,8.2,0.302380952381,0.25,4,0.0242424242424,0.205555555556,11,11,11,1,0,0.0909090909091,0.636363636364,0.272727272727,-2,-0.0181818181818,3.15661157025,-0.363636363636,-0.2,-0.25,-0.0714603427974,0.029789728978,-0.0030303030303,-0.358708581286,-0.14784839646,-0.0939393939394,-0.373310468447,-0.10957804687,-0.0414141414141,1.22870836581,0.0213693225477,4.65454545455,3.15661157025,1.22870836581,4.65454545455,-0.196666666667,-0.15,-4,-0.0242424242424,-0.05,0,0,0,17,1,3,89,0.85,0.988888888889,0.0111111111111,0.15,0.944444444444,0.85,0.894736842105,0.874602125628,0.838888888889,0.809523809524,5,7,0,0,0,0
1581,WLNM_dir_neg,0.816326530612,0.552267573696,00:00:00,10,40,26,1174695175,threshold_sweep,0.6,0.8,0.571428571429,0.666666666667,4,1,3,13,0.571428571429,0.928571428571,0.0714285714286,0.428571428571,0.8,0.571428571429,0.666666666667,0.809523809524,0.587301587302,0.538461538462,0.553398590529,0.5,20,13,7,0,20,0,13,0,7,11,20,0.181818181818,3.04338842975,3.63636363636,2,2.5,1.68954001271,0.464623503495,0.245454545455,1.16774841624,0.642261628933,0.336363636364,1.94000937205,1.06700515463,0.536363636364,1.05689877454,0.347276990411,3.54545454545,3.04338842975,1.05689877454,3.54545454545,0.499047619048,0.4,8,0.0484848484848,0.255555555556,11,11,11,1,0,0.0909090909091,0.636363636364,0.272727272727,11,0.118181818182,3.72727272727,2.36363636364,1.3,1.625,1.43336856898,0.6064251638,0.286713286713,0.603022689156,0.510249967747,0.237762237762,1.40129809949,1.18571377649,0.503496503497,2.05382127221,0.551025219373,7,3.72727272727,2.05382127221,7,0,0,0,0,0.22962962963,11,11,11,1,0,0.0909090909091,0.636363636364,0.272727272727,11,18,0.163636363636,6.2,3.27272727273,1.8,2.25,1.61807966991,0.494413232473,0.242424242424,0.809039834956,0.494413232473,0.242424242424,1.5666989036,0.957427107756,0.494949494949,2.28560714035,0.368646312959,8.2,6.2,2.28560714035,8.2,0.302380952381,0.25,4,0.0242424242424,0.205555555556,11,11,11,1,0,0.0909090909091,0.636363636364,0.272727272727,-2,-0.0181818181818,3.15661157025,-0.363636363636,-0.2,-0.25,-0.0714603427974,0.029789728978,-0.0030303030303,-0.358708581286,-0.14784839646,-0.0939393939394,-0.373310468447,-0.10957804687,-0.0414141414141,1.22870836581,0.0213693225477,4.65454545455,3.15661157025,1.22870836581,4.65454545455,-0.196666666667,-0.15,-4,-0.0242424242424,-0.05,0,0,0,17,1,3,89,0.85,0.988888888889,0.0111111111111,0.15,0.944444444444,0.85,0.894736842105,0.874602125628,0.838888888889,0.809523809524,5,7,0,0,0,0
1582,WLNM_dir_neg,0.816326530612,0.552267573696,00:00:00,10,40,26,1174695175,threshold_sweep,0.7,0.8,0.571428571429,0.666666666667,4,1,3,13,0.571428571429,0.928571428571,0.0714285714286,0.428571428571,0.8,0.571428571429,0.666666666667,0.809523809524,0.587301587302,0.538461538462,0.553398590529,0.5,20,13,7,0,20,0,13,0,7,11,20,0.181818181818,3.04338842975,3.63636363636,2,2.5,1.68954001271,0.464623503495,0.245454545455,1.16774841624,0.642261628933,0.336363636364,1.94000937205,1.06700515463,0.536363636364,1.05689877454,0.347276990411,3.54545454545,3.04338842975,1.05689877454,3.54545454545,0.499047619048,0.4,8,0.0484848484848,0.255555555556,11,11,11,1,0,0.0909090909091,0.636363636364,0.272727272727,11,0.118181818182,3.72727272727,2.36363636364,1.3,1.625,1.43336856898,0.6064251638,0.286713286713,0.603022689156,0.510249967747,0.237762237762,1.40129809949,1.18571377649,0.503496503497,2.05382127221,0.551025219373,7,3.72727272727,2.05382127221,7,0,0,0,0,0.22962962963,11,11,11,1,0,0.0909090909091,0.636363636364,0.272727272727,11,18,0.163636363636,6.2,3.27272727273,1.8,2.25,1.61807966991,0.494413232473,0.242424242424,0.809039834956,0.494413232473,0.242424242424,1.5666989036,0.957427107756,0.494949494949,2.28560714035,0.368646312959,8.2,6.2,2.28560714035,8.2,0.302380952381,0.25,4,0.0242424242424,0.205555555556,11,11,11,1,0,0.0909090909091,0.636363636364,0.272727272727,-2,-0.0181818181818,3.15661157025,-0.363636363636,-0.2,-0.25,-0.0714603427974,0.029789728978,-0.0030303030303,-0.358708581286,-0.14784839646,-0.0939393939394,-0.373310468447,-0.10957804687,-0.0414141414141,1.22870836581,0.0213693225477,4.65454545455,3.15661157025,1.22870836581,4.65454545455,-0.196666666667,-0.15,-4,-0.0242424242424,-0.05,0,0,0,17,1,3,89,0.85,0.988888888889,0.0111111111111,0.15,0.944444444444,0.85,0.894736842105,0.874602125628,0.838888888889,0.809523809524,5,7,0,0,0,0
1583,WLNM_dir_neg,0.816326530612,0.552267573696,00:00:00,10,40,26,1174695175,threshold_sweep,0.8,0.8,0.571428571429,0.666666666667,4,1,3,13,0.571428571429,0.928571428571,0.0714285714286,0.428571428571,0.8,0.571428571429,0.666666666667,0.809523809524,0.587301587302,0.538461538462,0.553398590529,0.5,20,13,7,0,20,0,13,0,7,11,20,0.181818181818,3.04338842975,3.63636363636,2,2.5,1.68954001271,0.464623503495,0.245454545455,1.16774841624,0.642261628933,0.336363636364,1.94000937205,1.06700515463,0.536363636364,1.05689877454,0.347276990411,3.54545454545,3.04338842975,1.05689877454,3.54545454545,0.499047619048,0.4,8,0.0484848484848,0.255555555556,11,11,11,1,0,0.0909090909091,0.636363636364,0.272727272727,11,0.118181818182,3.72727272727,2.36363636364,1.3,1.625,1.43336856898,0.6064251638,0.286713286713,0.603022689156,0.510249967747,0.237762237762,1.40129809949,1.18571377649,0.503496503497,2.05382127221,0.551025219373,7,3.72727272727,2.05382127221,7,0,0,0,0,0.22962962963,11,11,11,1,0,0.0909090909091,0.636363636364,0.272727272727,11,18,0.163636363636,6.2,3.27272727273,1.8,2.25,1.61807966991,0.494413232473,0.242424242424,0.809039834956,0.494413232473,0.242424242424,1.5666989036,0.957427107756,0.494949494949,2.28560714035,0.368646312959,8.2,6.2,2.28560714035,8.2,0.302380952381,0.25,4,0.0242424242424,0.205555555556,11,11,11,1,0,0.0909090909091,0.636363636364,0.272727272727,-2,-0.0181818181818,3.15661157025,-0.363636363636,-0.2,-0.25,-0.0714603427974,0.029789728978,-0.0030303030303,-0.358708581286,-0.14784839646,-0.0939393939394,-0.373310468447,-0.10957804687,-0.0414141414141,1.22870836581,0.0213693225477,4.65454545455,3.15661157025,1.22870836581,4.65454545455,-0.196666666667,-0.15,-4,-0.0242424242424,-0.05,0,0,0,17,1,3,89,0.85,0.988888888889,0.0111111111111,0.15,0.944444444444,0.85,0.894736842105,0.874602125628,0.838888888889,0.809523809524,5,7,0,0,0,0
1584,WLNM_dir_neg,0.816326530612,0.552267573696,00:00:00,10,40,26,1174695175,threshold_sweep,0.9,0.8,0.571428571429,0.666666666667,4,1,3,13,0.571428571429,0.928571428571,0.0714285714286,0.428571428571,0.8,0.571428571429,0.666666666667,0.809523809524,0.587301587302,0.538461538462,0.553398590529,0.5,20,13,7,0,20,0,13,0,7,11,20,0.181818181818,3.04338842975,3.63636363636,2,2.5,1.68954001271,0.464623503495,0.245454545455,1.16774841624,0.642261628933,0.336363636364,1.94000937205,1.06700515463,0.536363636364,1.05689877454,0.347276990411,3.54545454545,3.04338842975,1.05689877454,3.54545454545,0.499047619048,0.4,8,0.0484848484848,0.255555555556,11,11,11,1,0,0.0909090909091,0.636363636364,0.272727272727,11,0.118181818182,3.72727272727,2.36363636364,1.3,1.625,1.43336856898,0.6064251638,0.286713286713,0.603022689156,0.510249967747,0.237762237762,1.40129809949,1.18571377649,0.503496503497,2.05382127221,0.551025219373,7,3.72727272727,2.05382127221,7,0,0,0,0,0.22962962963,11,11,11,1,0,0.0909090909091,0.636363636364,0.272727272727,11,18,0.163636363636,6.2,3.27272727273,1.8,2.25,1.61807966991,0.494413232473,0.242424242424,0.809039834956,0.494413232473,0.242424242424,1.5666989036,0.957427107756,0.494949494949,2.28560714035,0.368646312959,8.2,6.2,2.28560714035,8.2,0.302380952381,0.25,4,0.0242424242424,0.205555555556,11,11,11,1,0,0.0909090909091,0.636363636364,0.272727272727,-2,-0.0181818181818,3.15661157025,-0.363636363636,-0.2,-0.25,-0.0714603427974,0.029789728978,-0.0030303030303,-0.358708581286,-0.14784839646,-0.0939393939394,-0.373310468447,-0.10957804687,-0.0414141414141,1.22870836581,0.0213693225477,4.65454545455,3.15661157025,1.22870836581,4.65454545455,-0.196666666667,-0.15,-4,-0.0242424242424,-0.05,0,0,0,17,1,3,89,0.85,0.988888888889,0.0111111111111,0.15,0.944444444444,0.85,0.894736842105,0.874602125628,0.838888888889,0.809523809524,5,7,0,0,0,0
1585,WLNM_dir_neg,0.918367346939,0.74227994228,00:00:00,10,40,27,1174695176,threshold_sweep,0.1,1,0.571428571429,0.727272727273,4,0,3,14,0.571428571429,1,0,0.428571428571,1,0.571428571429,0.727272727273,0.857142857143,0.603174603175,0.64,0.68599434057,0.571428571429,20,13,7,0,20,0,13,0,7,11,20,0.181818181818,3.04338842975,3.63636363636,2,2.5,1.68954001271,0.464623503495,0.245454545455,1.16774841624,0.642261628933,0.336363636364,1.94000937205,1.06700515463,0.536363636364,1.05689877454,0.347276990411,3.54545454545,3.04338842975,1.05689877454,3.54545454545,0.499047619048,0.4,8,0.0484848484848,0.255555555556,11,11,11,1,0,0.0909090909091,0.636363636364,0.272727272727,11,0.118181818182,3.72727272727,2.36363636364,1.3,1.625,1.43336856898,0.6064251638,0.286713286713,0.603022689156,0.510249967747,0.237762237762,1.40129809949,1.18571377649,0.503496503497,2.05382127221,0.551025219373,7,3.72727272727,2.05382127221,7,0,0,0,0,0.22962962963,11,11,11,1,0,0.0909090909091,0.636363636364,0.272727272727,11,17,0.154545454545,3.17727272727,3.09090909091,1.7,2.125,1.30034960334,0.420701342257,0.208556149733,0.820199532265,0.530717344407,0.267379679144,1.57249078621,1.01749403814,0.513368983957,1.2536673475,0.394573414091,4.4,3.17727272727,1.2536673475,4.4,0.213333333333,0.153846153846,2,0.0121212121212,0.205555555556,11,11,11,1,0,0.0909090909091,0.636363636364,0.272727272727,-3,-0.0272727272727,0.133884297521,-0.545454545455,-0.3,-0.375,-0.389190409368,-0.0439221612377,-0.0368983957219,-0.347548883978,-0.111544284527,-0.0689839572193,-0.367518585835,-0.0495111164884,-0.0229946524064,0.196768572961,0.0472964236795,0.854545454545,0.133884297521,0.196768572961,0.854545454545,-0.285714285714,-0.246153846154,-6,-0.0363636363636,-0.05,0,0,0,17,0,3,90,0.85,1,0,0.15,1,0.85,0.918918918919,0.906962317388,0.85,0.85,4,7,0,0,0,0
1586,WLNM_dir_neg,0.918367346939,0.74227994228,00:00:00,10,40,27,1174695176,threshold_sweep,0.2,1,0.571428571429,0.727272727273,4,0,3,14,0.571428571429,1,0,0.428571428571,1,0.571428571429,0.727272727273,0.857142857143,0.603174603175,0.64,0.68599434057,0.571428571429,20,13,7,0,20,0,13,0,7,11,20,0.181818181818,3.04338842975,3.63636363636,2,2.5,1.68954001271,0.464623503495,0.245454545455,1.16774841624,0.642261628933,0.336363636364,1.94000937205,1.06700515463,0.536363636364,1.05689877454,0.347276990411,3.54545454545,3.04338842975,1.05689877454,3.54545454545,0.499047619048,0.4,8,0.0484848484848,0.255555555556,11,11,11,1,0,0.0909090909091,0.636363636364,0.272727272727,11,0.118181818182,3.72727272727,2.36363636364,1.3,1.625,1.43336856898,0.6064251638,0.286713286713,0.603022689156,0.510249967747,0.237762237762,1.40129809949,1.18571377649,0.503496503497,2.05382127221,0.551025219373,7,3.72727272727,2.05382127221,7,0,0,0,0,0.22962962963,11,11,11,1,0,0.0909090909091,0.636363636364,0.272727272727,11,17,0.154545454545,3.17727272727,3.09090909091,1.7,2.125,1.30034960334,0.420701342257,0.208556149733,0.820199532265,0.530717344407,0.267379679144,1.57249078621,1.01749403814,0.513368983957,1.2536673475,0.394573414091,4.4,3.17727272727,1.2536673475,4.4,0.213333333333,0.153846153846,2,0.0121212121212,0.205555555556,11,11,11,1,0,0.0909090909091,0.636363636364,0.272727272727,-3,-0.0272727272727,0.133884297521,-0.545454545455,-0.3,-0.375,-0.389190409368,-0.0439221612377,-0.0368983957219,-0.347548883978,-0.111544284527,-0.0689839572193,-0.367518585835,-0.0495111164884,-0.0229946524064,0.196768572961,0.0472964236795,0.854545454545,0.133884297521,0.196768572961,0.854545454545,-0.285714285714,-0.246153846154,-6,-0.0363636363636,-0.05,0,0,0,17,0,3,90,0.85,1,0,0.15,1,0.85,0.918918918919,0.906962317388,0.85,0.85,4,7,0,0,0,0
1587,WLNM_dir_neg,0.918367346939,0.74227994228,00:00:00,10,40,27,1174695176,threshold_sweep,0.3,1,0.571428571429,0.727272727273,4,0,3,14,0.571428571429,1,0,0.428571428571,1,0.571428571429,0.727272727273,0.857142857143,0.603174603175,0.64,0.68599434057,0.571428571429,20,13,7,0,20,0,13,0,7,11,20,0.181818181818,3.04338842975,3.63636363636,2,2.5,1.68954001271,0.464623503495,0.245454545455,1.16774841624,0.642261628933,0.336363636364,1.94000937205,1.06700515463,0.536363636364,1.05689877454,0.347276990411,3.54545454545,3.04338842975,1.05689877454,3.54545454545,0.499047619048,0.4,8,0.0484848484848,0.255555555556,11,11,11,1,0,0.0909090909091,0.636363636364,0.272727272727,11,0.118181818182,3.72727272727,2.36363636364,1.3,1.625,1.43336856898,0.6064251638,0.286713286713,0.603022689156,0.510249967747,0.237762237762,1.40129809949,1.18571377649,0.503496503497,2.05382127221,0.551025219373,7,3.72727272727,2.05382127221,7,0,0,0,0,0.22962962963,11,11,11,1,0,0.0909090909091,0.636363636364,0.272727272727,11,17,0.154545454545,3.17727272727,3.09090909091,1.7,2.125,1.30034960334,0.420701342257,0.208556149733,0.820199532265,0.530717344407,0.267379679144,1.57249078621,1.01749403814,0.513368983957,1.2536673475,0.394573414091,4.4,3.17727272727,1.2536673475,4.4,0.213333333333,0.153846153846,2,0.0121212121212,0.205555555556,11,11,11,1,0,0.0909090909091,0.636363636364,0.272727272727,-3,-0.0272727272727,0.133884297521,-0.545454545455,-0.3,-0.375,-0.389190409368,-0.0439221612377,-0.0368983957219,-0.347548883978,-0.111544284527,-0.0689839572193,-0.367518585835,-0.0495111164884,-0.0229946524064,0.196768572961,0.0472964236795,0.854545454545,0.133884297521,0.196768572961,0.854545454545,-0.285714285714,-0.246153846154,-6,-0.0363636363636,-0.05,0,0,0,17,0,3,90,0.85,1,0,0.15,1,0.85,0.918918918919,0.906962317388,0.85,0.85,4,7,0,0,0,0
1588,WLNM_dir_neg,0.918367346939,0.74227994228,00:00:00,10,40,27,1174695176,threshold_sweep,0.4,1,0.571428571429,0.727272727273,4,0,3,14,0.571428571429,1,0,0.428571428571,1,0.571428571429,0.727272727273,0.857142857143,0.603174603175,0.64,0.68599434057,0.571428571429,20,13,7,0,20,0,13,0,7,11,20,0.181818181818,3.04338842975,3.63636363636,2,2.5,1.68954001271,0.464623503495,0.245454545455,1.16774841624,0.642261628933,0.336363636364,1.94000937205,1.06700515463,0.536363636364,1.05689877454,0.347276990411,3.54545454545,3.04338842975,1.05689877454,3.54545454545,0.499047619048,0.4,8,0.0484848484848,0.255555555556,11,11,11,1,0,0.0909090909091,0.636363636364,0.272727272727,11,0.118181818182,3.72727272727,2.36363636364,1.3,1.625,1.43336856898,0.6064251638,0.286713286713,0.603022689156,0.510249967747,0.237762237762,1.40129809949,1.18571377649,0.503496503497,2.05382127221,0.551025219373,7,3.72727272727,2.05382127221,7,0,0,0,0,0.22962962963,11,11,11,1,0,0.0909090909091,0.636363636364,0.272727272727,11,17,0.154545454545,3.17727272727,3.09090909091,1.7,2.125,1.30034960334,0.420701342257,0.208556149733,0.820199532265,0.530717344407,0.267379679144,1.57249078621,1.01749403814,0.513368983957,1.2536673475,0.394573414091,4.4,3.17727272727,1.2536673475,4.4,0.213333333333,0.153846153846,2,0.0121212121212,0.205555555556,11,11,11,1,0,0.0909090909091,0.636363636364,0.272727272727,-3,-0.0272727272727,0.133884297521,-0.545454545455,-0.3,-0.375,-0.389190409368,-0.0439221612377,-0.0368983957219,-0.347548883978,-0.111544284527,-0.0689839572193,-0.367518585835,-0.0495111164884,-0.0229946524064,0.196768572961,0.0472964236795,0.854545454545,0.133884297521,0.196768572961,0.854545454545,-0.285714285714,-0.246153846154,-6,-0.0363636363636,-0.05,0,0,0,17,0,3,90,0.85,1,0,0.15,1,0.85,0.918918918919,0.906962317388,0.85,0.85,4,7,0,0,0,0
1589,WLNM_dir_neg,0.918367346939,0.74227994228,00:00:00,10,40,27,1174695176,threshold_sweep,0.5,1,0.571428571429,0.727272727273,4,0,3,14,0.571428571429,1,0,0.428571428571,1,0.571428571429,0.727272727273,0.857142857143,0.603174603175,0.64,0.68599434057,0.571428571429,20,13,7,0,20,0,13,0,7,11,20,0.181818181818,3.04338842975,3.63636363636,2,2.5,1.68954001271,0.464623503495,0.245454545455,1.16774841624,0.642261628933,0.336363636364,1.94000937205,1.06700515463,0.536363636364,1.05689877454,0.347276990411,3.54545454545,3.04338842975,1.05689877454,3.54545454545,0.499047619048,0.4,8,0.0484848484848,0.255555555556,11,11,11,1,0,0.0909090909091,0.636363636364,0.272727272727,11,0.118181818182,3.72727272727,2.36363636364,1.3,1.625,1.43336856898,0.6064251638,0.286713286713,0.603022689156,0.510249967747,0.237762237762,1.40129809949,1.18571377649,0.503496503497,2.05382127221,0.551025219373,7,3.72727272727,2.05382127221,7,0,0,0,0,0.22962962963,11,11,11,1,0,0.0909090909091,0.636363636364,0.272727272727,11,17,0.154545454545,3.17727272727,3.09090909091,1.7,2.125,1.30034960334,0.420701342257,0.208556149733,0.820199532265,0.530717344407,0.267379679144,1.57249078621,1.01749403814,0.513368983957,1.2536673475,0.394573414091,4.4,3.17727272727,1.2536673475,4.4,0.213333333333,0.153846153846,2,0.0121212121212,0.205555555556,11,11,11,1,0,0.0909090909091,0.636363636364,0.272727272727,-3,-0.0272727272727,0.133884297521,-0.545454545455,-0.3,-0.375,-0.389190409368,-0.0439221612377,-0.0368983957219,-0.347548883978,-0.111544284527,-0.0689839572193,-0.367518585835,-0.0495111164884,-0.0229946524064,0.196768572961,0.0472964236795,0.854545454545,0.133884297521,0.196768572961,0.854545454545,-0.285714285714,-0.246153846154,-6,-0.0363636363636,-0.05,0,0,0,17,0,3,90,0.85,1,0,0.15,1,0.85,0.918918918919,0.906962317388,0.85,0.85,4,7,0,0,0,0
1590,WLNM_dir_neg,0.918367346939,0.74227994228,00:00:00,10,40,27,1174695176,threshold_sweep,0.6,1,0.571428571429,0.727272727273,4,0,3,14,0.571428571429,1,0,0.428571428571,1,0.571428571429,0.727272727273,0.857142857143,0.603174603175,0.64,0.68599434057,0.571428571429,20,13,7,0,20,0,13,0,7,11,20,0.181818181818,3.04338842975,3.63636363636,2,2.5,1.68954001271,0.464623503495,0.245454545455,1.16774841624,0.642261628933,0.336363636364,1.94000937205,1.06700515463,0.536363636364,1.05689877454,0.347276990411,3.54545454545,3.04338842975,1.05689877454,3.54545454545,0.499047619048,0.4,8,0.0484848484848,0.255555555556,11,11,11,1,0,0.0909090909091,0.636363636364,0.272727272727,11,0.118181818182,3.72727272727,2.36363636364,1.3,1.625,1.43336856898,0.6064251638,0.286713286713,0.603022689156,0.510249967747,0.237762237762,1.40129809949,1.18571377649,0.503496503497,2.05382127221,0.551025219373,7,3.72727272727,2.05382127221,7,0,0,0,0,0.22962962963,11,11,11,1,0,0.0909090909091,0.636363636364,0.272727272727,11,17,0.154545454545,3.17727272727,3.09090909091,1.7,2.125,1.30034960334,0.420701342257,0.208556149733,0.820199532265,0.530717344407,0.267379679144,1.57249078621,1.01749403814,0.513368983957,1.2536673475,0.394573414091,4.4,3.17727272727,1.2536673475,4.4,0.213333333333,0.153846153846,2,0.0121212121212,0.205555555556,11,11,11,1,0,0.0909090909091,0.636363636364,0.272727272727,-3,-0.0272727272727,0.133884297521,-0.545454545455,-0.3,-0.375,-0.389190409368,-0.0439221612377,-0.0368983957219,-0.347548883978,-0.111544284527,-0.0689839572193,-0.367518585835,-0.0495111164884,-0.0229946524064,0.196768572961,0.0472964236795,0.854545454545,0.133884297521,0.196768572961,0.854545454545,-0.285714285714,-0.246153846154,-6,-0.0363636363636,-0.05,0,0,0,17,0,3,90,0.85,1,0,0.15,1,0.85,0.918918918919,0.906962317388,0.85,0.85,4,7,0,0,0,0
1591,WLNM_dir_neg,0.918367346939,0.74227994228,00:00:00,10,40,27,1174695176,threshold_sweep,0.7,1,0.571428571429,0.727272727273,4,0,3,14,0.571428571429,1,0,0.428571428571,1,0.571428571429,0.727272727273,0.857142857143,0.603174603175,0.64,0.68599434057,0.571428571429,20,13,7,0,20,0,13,0,7,11,20,0.181818181818,3.04338842975,3.63636363636,2,2.5,1.68954001271,0.464623503495,0.245454545455,1.16774841624,0.642261628933,0.336363636364,1.94000937205,1.06700515463,0.536363636364,1.05689877454,0.347276990411,3.54545454545,3.04338842975,1.05689877454,3.54545454545,0.499047619048,0.4,8,0.0484848484848,0.255555555556,11,11,11,1,0,0.0909090909091,0.636363636364,0.272727272727,11,0.118181818182,3.72727272727,2.36363636364,1.3,1.625,1.43336856898,0.6064251638,0.286713286713,0.603022689156,0.510249967747,0.237762237762,1.40129809949,1.18571377649,0.503496503497,2.05382127221,0.551025219373,7,3.72727272727,2.05382127221,7,0,0,0,0,0.22962962963,11,11,11,1,0,0.0909090909091,0.636363636364,0.272727272727,11,17,0.154545454545,3.17727272727,3.09090909091,1.7,2.125,1.30034960334,0.420701342257,0.208556149733,0.820199532265,0.530717344407,0.267379679144,1.57249078621,1.01749403814,0.513368983957,1.2536673475,0.394573414091,4.4,3.17727272727,1.2536673475,4.4,0.213333333333,0.153846153846,2,0.0121212121212,0.205555555556,11,11,11,1,0,0.0909090909091,0.636363636364,0.272727272727,-3,-0.0272727272727,0.133884297521,-0.545454545455,-0.3,-0.375,-0.389190409368,-0.0439221612377,-0.0368983957219,-0.347548883978,-0.111544284527,-0.0689839572193,-0.367518585835,-0.0495111164884,-0.0229946524064,0.196768572961,0.0472964236795,0.854545454545,0.133884297521,0.196768572961,0.854545454545,-0.285714285714,-0.246153846154,-6,-0.0363636363636,-0.05,0,0,0,17,0,3,90,0.85,1,0,0.15,1,0.85,0.918918918919,0.906962317388,0.85,0.85,4,7,0,0,0,0
1592,WLNM_dir_neg,0.918367346939,0.74227994228,00:00:00,10,40,27,1174695176,threshold_sweep,0.8,1,0.571428571429,0.727272727273,4,0,3,14,0.571428571429,1,0,0.428571428571,1,0.571428571429,0.727272727273,0.857142857143,0.603174603175,0.64,0.68599434057,0.571428571429,20,13,7,0,20,0,13,0,7,11,20,0.181818181818,3.04338842975,3.63636363636,2,2.5,1.68954001271,0.464623503495,0.245454545455,1.16774841624,0.642261628933,0.336363636364,1.94000937205,1.06700515463,0.536363636364,1.05689877454,0.347276990411,3.54545454545,3.04338842975,1.05689877454,3.54545454545,0.499047619048,0.4,8,0.0484848484848,0.255555555556,11,11,11,1,0,0.0909090909091,0.636363636364,0.272727272727,11,0.118181818182,3.72727272727,2.36363636364,1.3,1.625,1.43336856898,0.6064251638,0.286713286713,0.603022689156,0.510249967747,0.237762237762,1.40129809949,1.18571377649,0.503496503497,2.05382127221,0.551025219373,7,3.72727272727,2.05382127221,7,0,0,0,0,0.22962962963,11,11,11,1,0,0.0909090909091,0.636363636364,0.272727272727,11,17,0.154545454545,3.17727272727,3.09090909091,1.7,2.125,1.30034960334,0.420701342257,0.208556149733,0.820199532265,0.530717344407,0.267379679144,1.57249078621,1.01749403814,0.513368983957,1.2536673475,0.394573414091,4.4,3.17727272727,1.2536673475,4.4,0.213333333333,0.153846153846,2,0.0121212121212,0.205555555556,11,11,11,1,0,0.0909090909091,0.636363636364,0.272727272727,-3,-0.0272727272727,0.133884297521,-0.545454545455,-0.3,-0.375,-0.389190409368,-0.0439221612377,-0.0368983957219,-0.347548883978,-0.111544284527,-0.0689839572193,-0.367518585835,-0.0495111164884,-0.0229946524064,0.196768572961,0.0472964236795,0.854545454545,0.133884297521,0.196768572961,0.854545454545,-0.285714285714,-0.246153846154,-6,-0.0363636363636,-0.05,0,0,0,17,0,3,90,0.85,1,0,0.15,1,0.85,0.918918918919,0.906962317388,0.85,0.85,4,7,0,0,0,0
1593,WLNM_dir_neg,0.918367346939,0.74227994228,00:00:00,10,40,27,1174695176,threshold_sweep,0.9,1,0.571428571429,0.727272727273,4,0,3,14,0.571428571429,1,0,0.428571428571,1,0.571428571429,0.727272727273,0.857142857143,0.603174603175,0.64,0.68599434057,0.571428571429,20,13,7,0,20,0,13,0,7,11,20,0.181818181818,3.04338842975,3.63636363636,2,2.5,1.68954001271,0.464623503495,0.245454545455,1.16774841624,0.642261628933,0.336363636364,1.94000937205,1.06700515463,0.536363636364,1.05689877454,0.347276990411,3.54545454545,3.04338842975,1.05689877454,3.54545454545,0.499047619048,0.4,8,0.0484848484848,0.255555555556,11,11,11,1,0,0.0909090909091,0.636363636364,0.272727272727,11,0.118181818182,3.72727272727,2.36363636364,1.3,1.625,1.43336856898,0.6064251638,0.286713286713,0.603022689156,0.510249967747,0.237762237762,1.40129809949,1.18571377649,0.503496503497,2.05382127221,0.551025219373,7,3.72727272727,2.05382127221,7,0,0,0,0,0.22962962963,11,11,11,1,0,0.0909090909091,0.636363636364,0.272727272727,11,17,0.154545454545,3.17727272727,3.09090909091,1.7,2.125,1.30034960334,0.420701342257,0.208556149733,0.820199532265,0.530717344407,0.267379679144,1.57249078621,1.01749403814,0.513368983957,1.2536673475,0.394573414091,4.4,3.17727272727,1.2536673475,4.4,0.213333333333,0.153846153846,2,0.0121212121212,0.205555555556,11,11,11,1,0,0.0909090909091,0.636363636364,0.272727272727,-3,-0.0272727272727,0.133884297521,-0.545454545455,-0.3,-0.375,-0.389190409368,-0.0439221612377,-0.0368983957219,-0.347548883978,-0.111544284527,-0.0689839572193,-0.367518585835,-0.0495111164884,-0.0229946524064,0.196768572961,0.0472964236795,0.854545454545,0.133884297521,0.196768572961,0.854545454545,-0.285714285714,-0.246153846154,-6,-0.0363636363636,-0.05,0,0,0,17,0,3,90,0.85,1,0,0.15,1,0.85,0.918918918919,0.906962317388,0.85,0.85,4,7,0,0,0,0
1594,WLNM_dir_neg,0.775510204082,0.443062096634,00:00:00,10,40,28,1174695177,threshold_sweep,0.1,1,0.428571428571,0.6,3,0,4,14,0.428571428571,1,0,0.571428571429,1,0.428571428571,0.6,0.809523809524,0.619047619048,0.5,0.57735026919,0.428571428571,20,13,7,0,20,0,13,0,7,11,20,0.181818181818,3.04338842975,3.63636363636,2,2.5,1.68954001271,0.464623503495,0.245454545455,1.16774841624,0.642261628933,0.336363636364,1.94000937205,1.06700515463,0.536363636364,1.05689877454,0.347276990411,3.54545454545,3.04338842975,1.05689877454,3.54545454545,0.499047619048,0.4,8,0.0484848484848,0.255555555556,11,11,11,1,0,0.0909090909091,0.636363636364,0.272727272727,11,0.118181818182,3.72727272727,2.36363636364,1.3,1.625,1.43336856898,0.6064251638,0.286713286713,0.603022689156,0.510249967747,0.237762237762,1.40129809949,1.18571377649,0.503496503497,2.05382127221,0.551025219373,7,3.72727272727,2.05382127221,7,0,0,0,0,0.22962962963,11,11,11,1,0,0.0909090909091,0.636363636364,0.272727272727,11,16,0.145454545455,3.25,2.90909090909,1.6,2,1.22102788294,0.41972833476,0.181818181818,0.687551650952,0.47269176003,0.227272727273,1.50755672289,1.03644524699,0.511363636364,1.3758835545,0.423348786001,4.66666666667,3.25,1.3758835545,4.66666666667,0.213333333333,0.176470588235,2,0.0121212121212,0.192592592593,11,11,11,1,0,0.0909090909091,0.636363636364,0.272727272727,-4,-0.0363636363636,0.206611570248,-0.727272727273,-0.4,-0.5,-0.468512129772,-0.0448951687355,-0.0636363636364,-0.48019676529,-0.169569868904,-0.109090909091,-0.43245264916,-0.0305599076407,-0.025,0.318984779967,0.07607179559,1.12121212121,0.206611570248,0.318984779967,1.12121212121,-0.285714285714,-0.223529411765,-6,-0.0363636363636,-0.062962962963,0,0,0,16,0,4,90,0.8,1,0,0.2,1,0.8,0.888888888889,0.875189948987,0.8,0.8,3,7,0,0,0,0
1595,WLNM_dir_neg,0.775510204082,0.443062096634,00:00:00,10,40,28,1174695177,threshold_sweep,0.2,1,0.428571428571,0.6,3,0,4,14,0.428571428571,1,0,0.571428571429,1,0.428571428571,0.6,0.809523809524,0.619047619048,0.5,0.57735026919,0.428571428571,20,13,7,0,20,0,13,0,7,11,20,0.181818181818,3.04338842975,3.63636363636,2,2.5,1.68954001271,0.464623503495,0.245454545455,1.16774841624,0.642261628933,0.336363636364,1.94000937205,1.06700515463,0.536363636364,1.05689877454,0.347276990411,3.54545454545,3.04338842975,1.05689877454,3.54545454545,0.499047619048,0.4,8,0.0484848484848,0.255555555556,11,11,11,1,0,0.0909090909091,0.636363636364,0.272727272727,11,0.118181818182,3.72727272727,2.36363636364,1.3,1.625,1.43336856898,0.6064251638,0.286713286713,0.603022689156,0.510249967747,0.237762237762,1.40129809949,1.18571377649,0.503496503497,2.05382127221,0.551025219373,7,3.72727272727,2.05382127221,7,0,0,0,0,0.22962962963,11,11,11,1,0,0.0909090909091,0.636363636364,0.272727272727,11,16,0.145454545455,3.25,2.90909090909,1.6,2,1.22102788294,0.41972833476,0.181818181818,0.687551650952,0.47269176003,0.227272727273,1.50755672289,1.03644524699,0.511363636364,1.3758835545,0.423348786001,4.66666666667,3.25,1.3758835545,4.66666666667,0.213333333333,0.176470588235,2,0.0121212121212,0.192592592593,11,11,11,1,0,0.0909090909091,0.636363636364,0.272727272727,-4,-0.0363636363636,0.206611570248,-0.727272727273,-0.4,-0.5,-0.468512129772,-0.0448951687355,-0.0636363636364,-0.48019676529,-0.169569868904,-0.109090909091,-0.43245264916,-0.0305599076407,-0.025,0.318984779967,0.07607179559,1.12121212121,0.206611570248,0.318984779967,1.12121212121,-0.285714285714,-0.223529411765,-6,-0.0363636363636,-0.062962962963,0,0,0,16,0,4,90,0.8,1,0,0.2,1,0.8,0.888888888889,0.875189948987,0.8,0.8,3,7,0,0,0,0
1596,WLNM_dir_neg,0.775510204082,0.443062096634,00:00:00,10,40,28,1174695177,threshold_sweep,0.3,1,0.428571428571,0.6,3,0,4,14,0.428571428571,1,0,0.571428571429,1,0.428571428571,0.6,0.809523809524,0.619047619048,0.5,0.57735026919,0.428571428571,20,13,7,0,20,0,13,0,7,11,20,0.181818181818,3.04338842975,3.63636363636,2,2.5,1.68954001271,0.464623503495,0.245454545455,1.16774841624,0.642261628933,0.336363636364,1.94000937205,1.06700515463,0.536363636364,1.05689877454,0.347276990411,3.54545454545,3.04338842975,1.05689877454,3.54545454545,0.499047619048,0.4,8,0.0484848484848,0.255555555556,11,11,11,1,0,0.0909090909091,0.636363636364,0.272727272727,11,0.118181818182,3.72727272727,2.36363636364,1.3,1.625,1.43336856898,0.6064251638,0.286713286713,0.603022689156,0.510249967747,0.237762237762,1.40129809949,1.18571377649,0.503496503497,2.05382127221,0.551025219373,7,3.72727272727,2.05382127221,7,0,0,0,0,0.22962962963,11,11,11,1,0,0.0909090909091,0.636363636364,0.272727272727,11,16,0.145454545455,3.25,2.90909090909,1.6,2,1.22102788294,0.41972833476,0.181818181818,0.687551650952,0.47269176003,0.227272727273,1.50755672289,1.03644524699,0.511363636364,1.3758835545,0.423348786001,4.66666666667,3.25,1.3758835545,4.66666666667,0.213333333333,0.176470588235,2,0.0121212121212,0.192592592593,11,11,11,1,0,0.0909090909091,0.636363636364,0.272727272727,-4,-0.0363636363636,0.206611570248,-0.727272727273,-0.4,-0.5,-0.468512129772,-0.0448951687355,-0.0636363636364,-0.48019676529,-0.169569868904,-0.109090909091,-0.43245264916,-0.0305599076407,-0.025,0.318984779967,0.07607179559,1.12121212121,0.206611570248,0.318984779967,1.12121212121,-0.285714285714,-0.223529411765,-6,-0.0363636363636,-0.062962962963,0,0,0,16,0,4,90,0.8,1,0,0.2,1,0.8,0.888888888889,0.875189948987,0.8,0.8,3,7,0,0,0,0
1597,WLNM_dir_neg,0.775510204082,0.443062096634,00:00:00,10,40,28,1174695177,threshold_sweep,0.4,1,0.428571428571,0.6,3,0,4,14,0.428571428571,1,0,0.571428571429,1,0.428571428571,0.6,0.809523809524,0.619047619048,0.5,0.57735026919,0.428571428571,20,13,7,0,20,0,13,0,7,11,20,0.181818181818,3.04338842975,3.63636363636,2,2.5,1.68954001271,0.464623503495,0.245454545455,1.16774841624,0.642261628933,0.336363636364,1.94000937205,1.06700515463,0.536363636364,1.05689877454,0.347276990411,3.54545454545,3.04338842975,1.05689877454,3.54545454545,0.499047619048,0.4,8,0.0484848484848,0.255555555556,11,11,11,1,0,0.0909090909091,0.636363636364,0.272727272727,11,0.118181818182,3.72727272727,2.36363636364,1.3,1.625,1.43336856898,0.6064251638,0.286713286713,0.603022689156,0.510249967747,0.237762237762,1.40129809949,1.18571377649,0.503496503497,2.05382127221,0.551025219373,7,3.72727272727,2.05382127221,7,0,0,0,0,0.22962962963,11,11,11,1,0,0.0909090909091,0.636363636364,0.272727272727,11,16,0.145454545455,3.25,2.90909090909,1.6,2,1.22102788294,0.41972833476,0.181818181818,0.687551650952,0.47269176003,0.227272727273,1.50755672289,1.03644524699,0.511363636364,1.3758835545,0.423348786001,4.66666666667,3.25,1.3758835545,4.66666666667,0.213333333333,0.176470588235,2,0.0121212121212,0.192592592593,11,11,11,1,0,0.0909090909091,0.636363636364,0.272727272727,-4,-0.0363636363636,0.206611570248,-0.727272727273,-0.4,-0.5,-0.468512129772,-0.0448951687355,-0.0636363636364,-0.48019676529,-0.169569868904,-0.109090909091,-0.43245264916,-0.0305599076407,-0.025,0.318984779967,0.07607179559,1.12121212121,0.206611570248,0.318984779967,1.12121212121,-0.285714285714,-0.223529411765,-6,-0.0363636363636,-0.062962962963,0,0,0,16,0,4,90,0.8,1,0,0.2,1,0.8,0.888888888889,0.875189948987,0.8,0.8,3,7,0,0,0,0
1598,WLNM_dir_neg,0.775510204082,0.443062096634,00:00:00,10,40,28,1174695177,threshold_sweep,0.5,1,0.428571428571,0.6,3,0,4,14,0.428571428571,1,0,0.571428571429,1,0.428571428571,0.6,0.809523809524,0.619047619048,0.5,0.57735026919,0.428571428571,20,13,7,0,20,0,13,0,7,11,20,0.181818181818,3.04338842975,3.63636363636,2,2.5,1.68954001271,0.464623503495,0.245454545455,1.16774841624,0.642261628933,0.336363636364,1.94000937205,1.06700515463,0.536363636364,1.05689877454,0.347276990411,3.54545454545,3.04338842975,1.05689877454,3.54545454545,0.499047619048,0.4,8,0.0484848484848,0.255555555556,11,11,11,1,0,0.0909090909091,0.636363636364,0.272727272727,11,0.118181818182,3.72727272727,2.36363636364,1.3,1.625,1.43336856898,0.6064251638,0.286713286713,0.603022689156,0.510249967747,0.237762237762,1.40129809949,1.18571377649,0.503496503497,2.05382127221,0.551025219373,7,3.72727272727,2.05382127221,7,0,0,0,0,0.22962962963,11,11,11,1,0,0.0909090909091,0.636363636364,0.272727272727,11,16,0.145454545455,3.25,2.90909090909,1.6,2,1.22102788294,0.41972833476,0.181818181818,0.687551650952,0.47269176003,0.227272727273,1.50755672289,1.03644524699,0.511363636364,1.3758835545,0.423348786001,4.66666666667,3.25,1.3758835545,4.66666666667,0.213333333333,0.176470588235,2,0.0121212121212,0.192592592593,11,11,11,1,0,0.0909090909091,0.636363636364,0.272727272727,-4,-0.0363636363636,0.206611570248,-0.727272727273,-0.4,-0.5,-0.468512129772,-0.0448951687355,-0.0636363636364,-0.48019676529,-0.169569868904,-0.109090909091,-0.43245264916,-0.0305599076407,-0.025,0.318984779967,0.07607179559,1.12121212121,0.206611570248,0.318984779967,1.12121212121,-0.285714285714,-0.223529411765,-6,-0.0363636363636,-0.062962962963,0,0,0,16,0,4,90,0.8,1,0,0.2,1,0.8,0.888888888889,0.875189948987,0.8,0.8,3,7,0,0,0,0
1599,WLNM_dir_neg,0.775510204082,0.443062096634,00:00:00,10,40,28,1174695177,threshold_sweep,0.6,1,0.428571428571,0.6,3,0,4,14,0.428571428571,1,0,0.571428571429,1,0.428571428571,0.6,0.809523809524,0.619047619048,0.5,0.57735026919,0.428571428571,20,13,7,0,20,0,13,0,7,11,20,0.181818181818,3.04338842975,3.63636363636,2,2.5,1.68954001271,0.464623503495,0.245454545455,1.16774841624,0.642261628933,0.336363636364,1.94000937205,1.06700515463,0.536363636364,1.05689877454,0.347276990411,3.54545454545,3.04338842975,1.05689877454,3.54545454545,0.499047619048,0.4,8,0.0484848484848,0.255555555556,11,11,11,1,0,0.0909090909091,0.636363636364,0.272727272727,11,0.118181818182,3.72727272727,2.36363636364,1.3,1.625,1.43336856898,0.6064251638,0.286713286713,0.603022689156,0.510249967747,0.237762237762,1.40129809949,1.18571377649,0.503496503497,2.05382127221,0.551025219373,7,3.72727272727,2.05382127221,7,0,0,0,0,0.22962962963,11,11,11,1,0,0.0909090909091,0.636363636364,0.272727272727,11,16,0.145454545455,3.25,2.90909090909,1.6,2,1.22102788294,0.41972833476,0.181818181818,0.687551650952,0.47269176003,0.227272727273,1.50755672289,1.03644524699,0.511363636364,1.3758835545,0.423348786001,4.66666666667,3.25,1.3758835545,4.66666666667,0.213333333333,0.176470588235,2,0.0121212121212,0.192592592593,11,11,11,1,0,0.0909090909091,0.636363636364,0.272727272727,-4,-0.0363636363636,0.206611570248,-0.727272727273,-0.4,-0.5,-0.468512129772,-0.0448951687355,-0.0636363636364,-0.48019676529,-0.169569868904,-0.109090909091,-0.43245264916,-0.0305599076407,-0.025,0.318984779967,0.07607179559,1.12121212121,0.206611570248,0.318984779967,1.12121212121,-0.285714285714,-0.223529411765,-6,-0.0363636363636,-0.062962962963,0,0,0,16,0,4,90,0.8,1,0,0.2,1,0.8,0.888888888889,0.875189948987,0.8,0.8,3,7,0,0,0,0
1600,WLNM_dir_neg,0.775510204082,0.443062096634,00:00:00,10,40,28,1174695177,threshold_sweep,0.7,1,0.428571428571,0.6,3,0,4,14,0.428571428571,1,0,0.571428571429,1,0.428571428571,0.6,0.809523809524,0.619047619048,0.5,0.57735026919,0.428571428571,20,13,7,0,20,0,13,0,7,11,20,0.181818181818,3.04338842975,3.63636363636,2,2.5,1.68954001271,0.464623503495,0.245454545455,1.16774841624,0.642261628933,0.336363636364,1.94000937205,1.06700515463,0.536363636364,1.05689877454,0.347276990411,3.54545454545,3.04338842975,1.05689877454,3.54545454545,0.499047619048,0.4,8,0.0484848484848,0.255555555556,11,11,11,1,0,0.0909090909091,0.636363636364,0.272727272727,11,0.118181818182,3.72727272727,2.36363636364,1.3,1.625,1.43336856898,0.6064251638,0.286713286713,0.603022689156,0.510249967747,0.237762237762,1.40129809949,1.18571377649,0.503496503497,2.05382127221,0.551025219373,7,3.72727272727,2.05382127221,7,0,0,0,0,0.22962962963,11,11,11,1,0,0.0909090909091,0.636363636364,0.272727272727,11,16,0.145454545455,3.25,2.90909090909,1.6,2,1.22102788294,0.41972833476,0.181818181818,0.687551650952,0.47269176003,0.227272727273,1.50755672289,1.03644524699,0.511363636364,1.3758835545,0.423348786001,4.66666666667,3.25,1.3758835545,4.66666666667,0.213333333333,0.176470588235,2,0.0121212121212,0.192592592593,11,11,11,1,0,0.0909090909091,0.636363636364,0.272727272727,-4,-0.0363636363636,0.206611570248,-0.727272727273,-0.4,-0.5,-0.468512129772,-0.0448951687355,-0.0636363636364,-0.48019676529,-0.169569868904,-0.109090909091,-0.43245264916,-0.0305599076407,-0.025,0.318984779967,0.07607179559,1.12121212121,0.206611570248,0.318984779967,1.12121212121,-0.285714285714,-0.223529411765,-6,-0.0363636363636,-0.062962962963,0,0,0,16,0,4,90,0.8,1,0,0.2,1,0.8,0.888888888889,0.875189948987,0.8,0.8,3,7,0,0,0,0
1601,WLNM_dir_neg,0.775510204082,0.443062096634,00:00:00,10,40,28,1174695177,threshold_sweep,0.8,1,0.428571428571,0.6,3,0,4,14,0.428571428571,1,0,0.571428571429,1,0.428571428571,0.6,0.809523809524,0.619047619048,0.5,0.57735026919,0.428571428571,20,13,7,0,20,0,13,0,7,11,20,0.181818181818,3.04338842975,3.63636363636,2,2.5,1.68954001271,0.464623503495,0.245454545455,1.16774841624,0.642261628933,0.336363636364,1.94000937205,1.06700515463,0.536363636364,1.05689877454,0.347276990411,3.54545454545,3.04338842975,1.05689877454,3.54545454545,0.499047619048,0.4,8,0.0484848484848,0.255555555556,11,11,11,1,0,0.0909090909091,0.636363636364,0.272727272727,11,0.118181818182,3.72727272727,2.36363636364,1.3,1.625,1.43336856898,0.6064251638,0.286713286713,0.603022689156,0.510249967747,0.237762237762,1.40129809949,1.18571377649,0.503496503497,2.05382127221,0.551025219373,7,3.72727272727,2.05382127221,7,0,0,0,0,0.22962962963,11,11,11,1,0,0.0909090909091,0.636363636364,0.272727272727,11,16,0.145454545455,3.25,2.90909090909,1.6,2,1.22102788294,0.41972833476,0.181818181818,0.687551650952,0.47269176003,0.227272727273,1.50755672289,1.03644524699,0.511363636364,1.3758835545,0.423348786001,4.66666666667,3.25,1.3758835545,4.66666666667,0.213333333333,0.176470588235,2,0.0121212121212,0.192592592593,11,11,11,1,0,0.0909090909091,0.636363636364,0.272727272727,-4,-0.0363636363636,0.206611570248,-0.727272727273,-0.4,-0.5,-0.468512129772,-0.0448951687355,-0.0636363636364,-0.48019676529,-0.169569868904,-0.109090909091,-0.43245264916,-0.0305599076407,-0.025,0.318984779967,0.07607179559,1.12121212121,0.206611570248,0.318984779967,1.12121212121,-0.285714285714,-0.223529411765,-6,-0.0363636363636,-0.062962962963,0,0,0,16,0,4,90,0.8,1,0,0.2,1,0.8,0.888888888889,0.875189948987,0.8,0.8,3,7,0,0,0,0
1602,WLNM_dir_neg,0.775510204082,0.443062096634,00:00:00,10,40,28,1174695177,threshold_sweep,0.9,1,0.285714285714,0.444444444444,2,0,5,14,0.285714285714,1,0,0.714285714286,1,0.285714285714,0.444444444444,0.761904761905,0.634920634921,0.347826086957,0.458831467741,0.285714285714,20,13,7,0,20,0,13,0,7,11,20,0.181818181818,3.04338842975,3.63636363636,2,2.5,1.68954001271,0.464623503495,0.245454545455,1.16774841624,0.642261628933,0.336363636364,1.94000937205,1.06700515463,0.536363636364,1.05689877454,0.347276990411,3.54545454545,3.04338842975,1.05689877454,3.54545454545,0.499047619048,0.4,8,0.0484848484848,0.255555555556,11,11,11,1,0,0.0909090909091,0.636363636364,0.272727272727,11,0.118181818182,3.72727272727,2.36363636364,1.3,1.625,1.43336856898,0.6064251638,0.286713286713,0.603022689156,0.510249967747,0.237762237762,1.40129809949,1.18571377649,0.503496503497,2.05382127221,0.551025219373,7,3.72727272727,2.05382127221,7,0,0,0,0,0.22962962963,11,11,11,1,0,0.0909090909091,0.636363636364,0.272727272727,11,15,0.136363636364,3.61363636364,2.72727272727,1.5,1.875,1.27207775634,0.466428510659,0.212121212121,0.674199862463,0.494413232473,0.242424242424,1.50151438706,1.10111055051,0.521212121212,2.09572074823,0.579947880012,7,3.61363636364,2.09572074823,7,0.237037037037,0.193548387097,2,0.0121212121212,0.185185185185,11,11,11,1,0,0.0909090909091,0.636363636364,0.272727272727,-5,-0.0454545454545,0.570247933884,-0.909090909091,-0.5,-0.625,-0.417462256367,0.00180500716395,-0.0333333333333,-0.493548553779,-0.14784839646,-0.0939393939394,-0.438494984989,0.0341053958833,-0.0151515151515,1.03882197369,0.232670889601,3.45454545455,0.570247933884,1.03882197369,3.45454545455,-0.262010582011,-0.206451612903,-6,-0.0363636363636,-0.0703703703704,0,0,0,15,0,5,90,0.75,1,0,0.25,1,0.75,0.857142857143,0.842927230424,0.75,0.75,2,7,0,0,0,0
1603,WLNM_dir_neg,0.826530612245,0.547905071119,00:00:00,10,40,29,1174695178,threshold_sweep,0.1,0.571428571429,0.571428571429,0.571428571429,4,3,3,11,0.571428571429,0.785714285714,0.214285714286,0.428571428571,0.571428571429,0.571428571429,0.571428571429,0.714285714286,0.555555555556,0.357142857143,0.357142857143,0.357142857143,20,13,7,0,20,0,13,0,7,11,20,0.181818181818,3.04338842975,3.63636363636,2,2.5,1.68954001271,0.464623503495,0.245454545455,1.16774841624,0.642261628933,0.336363636364,1.94000937205,1.06700515463,0.536363636364,1.05689877454,0.347276990411,3.54545454545,3.04338842975,1.05689877454,3.54545454545,0.499047619048,0.4,8,0.0484848484848,0.255555555556,11,11,11,1,0,0.0909090909091,0.636363636364,0.272727272727,11,0.118181818182,3.72727272727,2.36363636364,1.3,1.625,1.43336856898,0.6064251638,0.286713286713,0.603022689156,0.510249967747,0.237762237762,1.40129809949,1.18571377649,0.503496503497,2.05382127221,0.551025219373,7,3.72727272727,2.05382127221,7,0,0,0,0,0.22962962963,11,11,11,1,0,0.0909090909091,0.636363636364,0.272727272727,11,20,0.181818181818,7.84393939394,3.63636363636,2,2.5,1.62927758671,0.448051336344,0.231818181818,0.873862897505,0.480624593628,0.236363636364,1.60113596038,0.880624778211,0.463636363636,2.98351277605,0.380358978596,10.4666666667,7.84393939394,2.98351277605,10.4666666667,0.335714285714,0.310344827586,6,0.0363636363636,0.176666666667,11,11,11,1,0,0.0909090909091,0.636363636364,0.272727272727,0,0,4.80055096419,0,0,0,-0.0602624260023,-0.0165721671506,-0.0136363636364,-0.293885518737,-0.161637035305,-0.1,-0.338873411664,-0.186380376415,-0.0727272727273,1.92661400151,0.0330819881849,6.92121212121,4.80055096419,1.92661400151,6.92121212121,-0.163333333333,-0.0896551724138,-2,-0.0121212121212,-0.0788888888889,0,0,0,17,3,3,87,0.85,0.966666666667,0.0333333333333,0.15,0.85,0.85,0.85,0.816666666667,0.816666666667,0.739130434783,7,7,0,0,0,0
1604,WLNM_dir_neg,0.826530612245,0.547905071119,00:00:00,10,40,29,1174695178,threshold_sweep,0.2,0.8,0.571428571429,0.666666666667,4,1,3,13,0.571428571429,0.928571428571,0.0714285714286,0.428571428571,0.8,0.571428571429,0.666666666667,0.809523809524,0.587301587302,0.538461538462,0.553398590529,0.5,20,13,7,0,20,0,13,0,7,11,20,0.181818181818,3.04338842975,3.63636363636,2,2.5,1.68954001271,0.464623503495,0.245454545455,1.16774841624,0.642261628933,0.336363636364,1.94000937205,1.06700515463,0.536363636364,1.05689877454,0.347276990411,3.54545454545,3.04338842975,1.05689877454,3.54545454545,0.499047619048,0.4,8,0.0484848484848,0.255555555556,11,11,11,1,0,0.0909090909091,0.636363636364,0.272727272727,11,0.118181818182,3.72727272727,2.36363636364,1.3,1.625,1.43336856898,0.6064251638,0.286713286713,0.603022689156,0.510249967747,0.237762237762,1.40129809949,1.18571377649,0.503496503497,2.05382127221,0.551025219373,7,3.72727272727,2.05382127221,7,0,0,0,0,0.22962962963,11,11,11,1,0,0.0909090909091,0.636363636364,0.272727272727,11,18,0.163636363636,6.2,3.27272727273,1.8,2.25,1.61807966991,0.494413232473,0.242424242424,0.809039834956,0.494413232473,0.242424242424,1.5666989036,0.957427107756,0.494949494949,2.28560714035,0.368646312959,8.2,6.2,2.28560714035,8.2,0.302380952381,0.25,4,0.0242424242424,0.205555555556,11,11,11,1,0,0.0909090909091,0.636363636364,0.272727272727,-2,-0.0181818181818,3.15661157025,-0.363636363636,-0.2,-0.25,-0.0714603427974,0.029789728978,-0.0030303030303,-0.358708581286,-0.14784839646,-0.0939393939394,-0.373310468447,-0.10957804687,-0.0414141414141,1.22870836581,0.0213693225477,4.65454545455,3.15661157025,1.22870836581,4.65454545455,-0.196666666667,-0.15,-4,-0.0242424242424,-0.05,0,0,0,17,1,3,89,0.85,0.988888888889,0.0111111111111,0.15,0.944444444444,0.85,0.894736842105,0.874602125628,0.838888888889,0.809523809524,5,7,0,0,0,0
1605,WLNM_dir_neg,0.826530612245,0.547905071119,00:00:00,10,40,29,1174695178,threshold_sweep,0.3,0.8,0.571428571429,0.666666666667,4,1,3,13,0.571428571429,0.928571428571,0.0714285714286,0.428571428571,0.8,0.571428571429,0.666666666667,0.809523809524,0.587301587302,0.538461538462,0.553398590529,0.5,20,13,7,0,20,0,13,0,7,11,20,0.181818181818,3.04338842975,3.63636363636,2,2.5,1.68954001271,0.464623503495,0.245454545455,1.16774841624,0.642261628933,0.336363636364,1.94000937205,1.06700515463,0.536363636364,1.05689877454,0.347276990411,3.54545454545,3.04338842975,1.05689877454,3.54545454545,0.499047619048,0.4,8,0.0484848484848,0.255555555556,11,11,11,1,0,0.0909090909091,0.636363636364,0.272727272727,11,0.118181818182,3.72727272727,2.36363636364,1.3,1.625,1.43336856898,0.6064251638,0.286713286713,0.603022689156,0.510249967747,0.237762237762,1.40129809949,1.18571377649,0.503496503497,2.05382127221,0.551025219373,7,3.72727272727,2.05382127221,7,0,0,0,0,0.22962962963,11,11,11,1,0,0.0909090909091,0.636363636364,0.272727272727,11,18,0.163636363636,6.2,3.27272727273,1.8,2.25,1.61807966991,0.494413232473,0.242424242424,0.809039834956,0.494413232473,0.242424242424,1.5666989036,0.957427107756,0.494949494949,2.28560714035,0.368646312959,8.2,6.2,2.28560714035,8.2,0.302380952381,0.25,4,0.0242424242424,0.205555555556,11,11,11,1,0,0.0909090909091,0.636363636364,0.272727272727,-2,-0.0181818181818,3.15661157025,-0.363636363636,-0.2,-0.25,-0.0714603427974,0.029789728978,-0.0030303030303,-0.358708581286,-0.14784839646,-0.0939393939394,-0.373310468447,-0.10957804687,-0.0414141414141,1.22870836581,0.0213693225477,4.65454545455,3.15661157025,1.22870836581,4.65454545455,-0.196666666667,-0.15,-4,-0.0242424242424,-0.05,0,0,0,17,1,3,89,0.85,0.988888888889,0.0111111111111,0.15,0.944444444444,0.85,0.894736842105,0.874602125628,0.838888888889,0.809523809524,5,7,0,0,0,0
1606,WLNM_dir_neg,0.826530612245,0.547905071119,00:00:00,10,40,29,1174695178,threshold_sweep,0.4,0.8,0.571428571429,0.666666666667,4,1,3,13,0.571428571429,0.928571428571,0.0714285714286,0.428571428571,0.8,0.571428571429,0.666666666667,0.809523809524,0.587301587302,0.538461538462,0.553398590529,0.5,20,13,7,0,20,0,13,0,7,11,20,0.181818181818,3.04338842975,3.63636363636,2,2.5,1.68954001271,0.464623503495,0.245454545455,1.16774841624,0.642261628933,0.336363636364,1.94000937205,1.06700515463,0.536363636364,1.05689877454,0.347276990411,3.54545454545,3.04338842975,1.05689877454,3.54545454545,0.499047619048,0.4,8,0.0484848484848,0.255555555556,11,11,11,1,0,0.0909090909091,0.636363636364,0.272727272727,11,0.118181818182,3.72727272727,2.36363636364,1.3,1.625,1.43336856898,0.6064251638,0.286713286713,0.603022689156,0.510249967747,0.237762237762,1.40129809949,1.18571377649,0.503496503497,2.05382127221,0.551025219373,7,3.72727272727,2.05382127221,7,0,0,0,0,0.22962962963,11,11,11,1,0,0.0909090909091,0.636363636364,0.272727272727,11,18,0.163636363636,6.2,3.27272727273,1.8,2.25,1.61807966991,0.494413232473,0.242424242424,0.809039834956,0.494413232473,0.242424242424,1.5666989036,0.957427107756,0.494949494949,2.28560714035,0.368646312959,8.2,6.2,2.28560714035,8.2,0.302380952381,0.25,4,0.0242424242424,0.205555555556,11,11,11,1,0,0.0909090909091,0.636363636364,0.272727272727,-2,-0.0181818181818,3.15661157025,-0.363636363636,-0.2,-0.25,-0.0714603427974,0.029789728978,-0.0030303030303,-0.358708581286,-0.14784839646,-0.0939393939394,-0.373310468447,-0.10957804687,-0.0414141414141,1.22870836581,0.0213693225477,4.65454545455,3.15661157025,1.22870836581,4.65454545455,-0.196666666667,-0.15,-4,-0.0242424242424,-0.05,0,0,0,17,1,3,89,0.85,0.988888888889,0.0111111111111,0.15,0.944444444444,0.85,0.894736842105,0.874602125628,0.838888888889,0.809523809524,5,7,0,0,0,0
1607,WLNM_dir_neg,0.826530612245,0.547905071119,00:00:00,10,40,29,1174695178,threshold_sweep,0.5,0.8,0.571428571429,0.666666666667,4,1,3,13,0.571428571429,0.928571428571,0.0714285714286,0.428571428571,0.8,0.571428571429,0.666666666667,0.809523809524,0.587301587302,0.538461538462,0.553398590529,0.5,20,13,7,0,20,0,13,0,7,11,20,0.181818181818,3.04338842975,3.63636363636,2,2.5,1.68954001271,0.464623503495,0.245454545455,1.16774841624,0.642261628933,0.336363636364,1.94000937205,1.06700515463,0.536363636364,1.05689877454,0.347276990411,3.54545454545,3.04338842975,1.05689877454,3.54545454545,0.499047619048,0.4,8,0.0484848484848,0.255555555556,11,11,11,1,0,0.0909090909091,0.636363636364,0.272727272727,11,0.118181818182,3.72727272727,2.36363636364,1.3,1.625,1.43336856898,0.6064251638,0.286713286713,0.603022689156,0.510249967747,0.237762237762,1.40129809949,1.18571377649,0.503496503497,2.05382127221,0.551025219373,7,3.72727272727,2.05382127221,7,0,0,0,0,0.22962962963,11,11,11,1,0,0.0909090909091,0.636363636364,0.272727272727,11,18,0.163636363636,6.2,3.27272727273,1.8,2.25,1.61807966991,0.494413232473,0.242424242424,0.809039834956,0.494413232473,0.242424242424,1.5666989036,0.957427107756,0.494949494949,2.28560714035,0.368646312959,8.2,6.2,2.28560714035,8.2,0.302380952381,0.25,4,0.0242424242424,0.205555555556,11,11,11,1,0,0.0909090909091,0.636363636364,0.272727272727,-2,-0.0181818181818,3.15661157025,-0.363636363636,-0.2,-0.25,-0.0714603427974,0.029789728978,-0.0030303030303,-0.358708581286,-0.14784839646,-0.0939393939394,-0.373310468447,-0.10957804687,-0.0414141414141,1.22870836581,0.0213693225477,4.65454545455,3.15661157025,1.22870836581,4.65454545455,-0.196666666667,-0.15,-4,-0.0242424242424,-0.05,0,0,0,17,1,3,89,0.85,0.988888888889,0.0111111111111,0.15,0.944444444444,0.85,0.894736842105,0.874602125628,0.838888888889,0.809523809524,5,7,0,0,0,0
1608,WLNM_dir_neg,0.826530612245,0.547905071119,00:00:00,10,40,29,1174695178,threshold_sweep,0.6,0.8,0.571428571429,0.666666666667,4,1,3,13,0.571428571429,0.928571428571,0.0714285714286,0.428571428571,0.8,0.571428571429,0.666666666667,0.809523809524,0.587301587302,0.538461538462,0.553398590529,0.5,20,13,7,0,20,0,13,0,7,11,20,0.181818181818,3.04338842975,3.63636363636,2,2.5,1.68954001271,0.464623503495,0.245454545455,1.16774841624,0.642261628933,0.336363636364,1.94000937205,1.06700515463,0.536363636364,1.05689877454,0.347276990411,3.54545454545,3.04338842975,1.05689877454,3.54545454545,0.499047619048,0.4,8,0.0484848484848,0.255555555556,11,11,11,1,0,0.0909090909091,0.636363636364,0.272727272727,11,0.118181818182,3.72727272727,2.36363636364,1.3,1.625,1.43336856898,0.6064251638,0.286713286713,0.603022689156,0.510249967747,0.237762237762,1.40129809949,1.18571377649,0.503496503497,2.05382127221,0.551025219373,7,3.72727272727,2.05382127221,7,0,0,0,0,0.22962962963,11,11,11,1,0,0.0909090909091,0.636363636364,0.272727272727,11,18,0.163636363636,6.2,3.27272727273,1.8,2.25,1.61807966991,0.494413232473,0.242424242424,0.809039834956,0.494413232473,0.242424242424,1.5666989036,0.957427107756,0.494949494949,2.28560714035,0.368646312959,8.2,6.2,2.28560714035,8.2,0.302380952381,0.25,4,0.0242424242424,0.205555555556,11,11,11,1,0,0.0909090909091,0.636363636364,0.272727272727,-2,-0.0181818181818,3.15661157025,-0.363636363636,-0.2,-0.25,-0.0714603427974,0.029789728978,-0.0030303030303,-0.358708581286,-0.14784839646,-0.0939393939394,-0.373310468447,-0.10957804687,-0.0414141414141,1.22870836581,0.0213693225477,4.65454545455,3.15661157025,1.22870836581,4.65454545455,-0.196666666667,-0.15,-4,-0.0242424242424,-0.05,0,0,0,17,1,3,89,0.85,0.988888888889,0.0111111111111,0.15,0.944444444444,0.85,0.894736842105,0.874602125628,0.838888888889,0.809523809524,5,7,0,0,0,0
1609,WLNM_dir_neg,0.826530612245,0.547905071119,00:00:00,10,40,29,1174695178,threshold_sweep,0.7,0.8,0.571428571429,0.666666666667,4,1,3,13,0.571428571429,0.928571428571,0.0714285714286,0.428571428571,0.8,0.571428571429,0.666666666667,0.809523809524,0.587301587302,0.538461538462,0.553398590529,0.5,20,13,7,0,20,0,13,0,7,11,20,0.181818181818,3.04338842975,3.63636363636,2,2.5,1.68954001271,0.464623503495,0.245454545455,1.16774841624,0.642261628933,0.336363636364,1.94000937205,1.06700515463,0.536363636364,1.05689877454,0.347276990411,3.54545454545,3.04338842975,1.05689877454,3.54545454545,0.499047619048,0.4,8,0.0484848484848,0.255555555556,11,11,11,1,0,0.0909090909091,0.636363636364,0.272727272727,11,0.118181818182,3.72727272727,2.36363636364,1.3,1.625,1.43336856898,0.6064251638,0.286713286713,0.603022689156,0.510249967747,0.237762237762,1.40129809949,1.18571377649,0.503496503497,2.05382127221,0.551025219373,7,3.72727272727,2.05382127221,7,0,0,0,0,0.22962962963,11,11,11,1,0,0.0909090909091,0.636363636364,0.272727272727,11,18,0.163636363636,6.2,3.27272727273,1.8,2.25,1.61807966991,0.494413232473,0.242424242424,0.809039834956,0.494413232473,0.242424242424,1.5666989036,0.957427107756,0.494949494949,2.28560714035,0.368646312959,8.2,6.2,2.28560714035,8.2,0.302380952381,0.25,4,0.0242424242424,0.205555555556,11,11,11,1,0,0.0909090909091,0.636363636364,0.272727272727,-2,-0.0181818181818,3.15661157025,-0.363636363636,-0.2,-0.25,-0.0714603427974,0.029789728978,-0.0030303030303,-0.358708581286,-0.14784839646,-0.0939393939394,-0.373310468447,-0.10957804687,-0.0414141414141,1.22870836581,0.0213693225477,4.65454545455,3.15661157025,1.22870836581,4.65454545455,-0.196666666667,-0.15,-4,-0.0242424242424,-0.05,0,0,0,17,1,3,89,0.85,0.988888888889,0.0111111111111,0.15,0.944444444444,0.85,0.894736842105,0.874602125628,0.838888888889,0.809523809524,5,7,0,0,0,0
1610,WLNM_dir_neg,0.826530612245,0.547905071119,00:00:00,10,40,29,1174695178,threshold_sweep,0.8,0.75,0.428571428571,0.545454545455,3,1,4,13,0.428571428571,0.928571428571,0.0714285714286,0.571428571429,0.75,0.428571428571,0.545454545455,0.761904761905,0.603174603175,0.4,0.428746462856,0.357142857143,20,13,7,0,20,0,13,0,7,11,20,0.181818181818,3.04338842975,3.63636363636,2,2.5,1.68954001271,0.464623503495,0.245454545455,1.16774841624,0.642261628933,0.336363636364,1.94000937205,1.06700515463,0.536363636364,1.05689877454,0.347276990411,3.54545454545,3.04338842975,1.05689877454,3.54545454545,0.499047619048,0.4,8,0.0484848484848,0.255555555556,11,11,11,1,0,0.0909090909091,0.636363636364,0.272727272727,11,0.118181818182,3.72727272727,2.36363636364,1.3,1.625,1.43336856898,0.6064251638,0.286713286713,0.603022689156,0.510249967747,0.237762237762,1.40129809949,1.18571377649,0.503496503497,2.05382127221,0.551025219373,7,3.72727272727,2.05382127221,7,0,0,0,0,0.22962962963,11,11,11,1,0,0.0909090909091,0.636363636364,0.272727272727,11,17,0.154545454545,6.69696969697,3.09090909091,1.7,2.125,1.51357493733,0.489686009136,0.219251336898,0.687551650952,0.444886362381,0.20320855615,1.50755672289,0.975477879516,0.491978609626,2.54057974772,0.379362586764,9,6.69696969697,2.54057974772,9,0.280952380952,0.214285714286,3,0.0181818181818,0.192592592593,11,11,11,1,0,0.0909090909091,0.636363636364,0.272727272727,-3,-0.0272727272727,3.65358126722,-0.545454545455,-0.3,-0.375,-0.175965075381,0.0250625056407,-0.0262032085561,-0.48019676529,-0.197375266552,-0.133155080214,-0.43245264916,-0.0915272751104,-0.044385026738,1.48368097319,0.0320855963529,5.45454545455,3.65358126722,1.48368097319,5.45454545455,-0.218095238095,-0.185714285714,-5,-0.030303030303,-0.062962962963,0,0,0,16,1,4,89,0.8,0.988888888889,0.0111111111111,0.2,0.941176470588,0.8,0.864864864865,0.841755876268,0.788888888889,0.761904761905,4,7,0,0,0,0
1611,WLNM_dir_neg,0.826530612245,0.547905071119,00:00:00,10,40,29,1174695178,threshold_sweep,0.9,0.75,0.428571428571,0.545454545455,3,1,4,13,0.428571428571,0.928571428571,0.0714285714286,0.571428571429,0.75,0.428571428571,0.545454545455,0.761904761905,0.603174603175,0.4,0.428746462856,0.357142857143,20,13,7,0,20,0,13,0,7,11,20,0.181818181818,3.04338842975,3.63636363636,2,2.5,1.68954001271,0.464623503495,0.245454545455,1.16774841624,0.642261628933,0.336363636364,1.94000937205,1.06700515463,0.536363636364,1.05689877454,0.347276990411,3.54545454545,3.04338842975,1.05689877454,3.54545454545,0.499047619048,0.4,8,0.0484848484848,0.255555555556,11,11,11,1,0,0.0909090909091,0.636363636364,0.272727272727,11,0.118181818182,3.72727272727,2.36363636364,1.3,1.625,1.43336856898,0.6064251638,0.286713286713,0.603022689156,0.510249967747,0.237762237762,1.40129809949,1.18571377649,0.503496503497,2.05382127221,0.551025219373,7,3.72727272727,2.05382127221,7,0,0,0,0,0.22962962963,11,11,11,1,0,0.0909090909091,0.636363636364,0.272727272727,11,17,0.154545454545,6.69696969697,3.09090909091,1.7,2.125,1.51357493733,0.489686009136,0.219251336898,0.687551650952,0.444886362381,0.20320855615,1.50755672289,0.975477879516,0.491978609626,2.54057974772,0.379362586764,9,6.69696969697,2.54057974772,9,0.280952380952,0.214285714286,3,0.0181818181818,0.192592592593,11,11,11,1,0,0.0909090909091,0.636363636364,0.272727272727,-3,-0.0272727272727,3.65358126722,-0.545454545455,-0.3,-0.375,-0.175965075381,0.0250625056407,-0.0262032085561,-0.48019676529,-0.197375266552,-0.133155080214,-0.43245264916,-0.0915272751104,-0.044385026738,1.48368097319,0.0320855963529,5.45454545455,3.65358126722,1.48368097319,5.45454545455,-0.218095238095,-0.185714285714,-5,-0.030303030303,-0.062962962963,0,0,0,16,1,4,89,0.8,0.988888888889,0.0111111111111,0.2,0.941176470588,0.8,0.864864864865,0.841755876268,0.788888888889,0.761904761905,4,7,0,0,0,0
1612,WLNM_dir_neg,0.69387755102,0.30818397872,00:00:00,10,40,30,1174695179,threshold_sweep,0.1,0.444444444444,0.571428571429,0.5,4,5,3,9,0.571428571429,0.642857142857,0.357142857143,0.428571428571,0.444444444444,0.571428571429,0.5,0.619047619048,0.52380952381,0.2,0.204124145232,0.214285714286,20,13,7,0,20,0,13,0,7,11,20,0.181818181818,3.04338842975,3.63636363636,2,2.5,1.68954001271,0.464623503495,0.245454545455,1.16774841624,0.642261628933,0.336363636364,1.94000937205,1.06700515463,0.536363636364,1.05689877454,0.347276990411,3.54545454545,3.04338842975,1.05689877454,3.54545454545,0.499047619048,0.4,8,0.0484848484848,0.255555555556,11,11,11,1,0,0.0909090909091,0.636363636364,0.272727272727,11,0.118181818182,3.72727272727,2.36363636364,1.3,1.625,1.43336856898,0.6064251638,0.286713286713,0.603022689156,0.510249967747,0.237762237762,1.40129809949,1.18571377649,0.503496503497,2.05382127221,0.551025219373,7,3.72727272727,2.05382127221,7,0,0,0,0,0.22962962963,11,11,11,1,0,0.0909090909091,0.636363636364,0.272727272727,11,22,0.2,5.85832349469,4,2.2,2,1.788854382,0.4472135955,0.181818181818,1.26491106407,0.632455532034,0.330578512397,1.26491106407,0.632455532034,0.305785123967,2.029795385,0.346480590708,7.18181818182,5.85832349469,2.029795385,7.18181818182,0.320346320346,0.272727272727,5,0.030303030303,0.194814814815,11,11,11,1,0,0.0909090909091,0.909090909091,0,2,0.0181818181818,2.81493506494,0.363636363636,0.2,-0.5,0.0993143692906,-0.0174099079951,-0.0636363636364,0.0971626478251,-0.00980609689958,-0.00578512396694,-0.675098307981,-0.434549622593,-0.230578512397,0.972896610461,-0.000796399703363,3.63636363636,2.81493506494,0.972896610461,3.63636363636,-0.178701298701,-0.127272727273,-3,-0.0181818181818,-0.0607407407407,0,0.272727272727,-0.272727272727,17,5,3,85,0.85,0.944444444444,0.0555555555556,0.15,0.772727272727,0.85,0.809523809524,0.766032346285,0.794444444444,0.68,9,7,0,0,0,0
1613,WLNM_dir_neg,0.69387755102,0.30818397872,00:00:00,10,40,30,1174695179,threshold_sweep,0.2,0.444444444444,0.571428571429,0.5,4,5,3,9,0.571428571429,0.642857142857,0.357142857143,0.428571428571,0.444444444444,0.571428571429,0.5,0.619047619048,0.52380952381,0.2,0.204124145232,0.214285714286,20,13,7,0,20,0,13,0,7,11,20,0.181818181818,3.04338842975,3.63636363636,2,2.5,1.68954001271,0.464623503495,0.245454545455,1.16774841624,0.642261628933,0.336363636364,1.94000937205,1.06700515463,0.536363636364,1.05689877454,0.347276990411,3.54545454545,3.04338842975,1.05689877454,3.54545454545,0.499047619048,0.4,8,0.0484848484848,0.255555555556,11,11,11,1,0,0.0909090909091,0.636363636364,0.272727272727,11,0.118181818182,3.72727272727,2.36363636364,1.3,1.625,1.43336856898,0.6064251638,0.286713286713,0.603022689156,0.510249967747,0.237762237762,1.40129809949,1.18571377649,0.503496503497,2.05382127221,0.551025219373,7,3.72727272727,2.05382127221,7,0,0,0,0,0.22962962963,11,11,11,1,0,0.0909090909091,0.636363636364,0.272727272727,11,22,0.2,5.85832349469,4,2.2,2,1.788854382,0.4472135955,0.181818181818,1.26491106407,0.632455532034,0.330578512397,1.26491106407,0.632455532034,0.305785123967,2.029795385,0.346480590708,7.18181818182,5.85832349469,2.029795385,7.18181818182,0.320346320346,0.272727272727,5,0.030303030303,0.194814814815,11,11,11,1,0,0.0909090909091,0.909090909091,0,2,0.0181818181818,2.81493506494,0.363636363636,0.2,-0.5,0.0993143692906,-0.0174099079951,-0.0636363636364,0.0971626478251,-0.00980609689958,-0.00578512396694,-0.675098307981,-0.434549622593,-0.230578512397,0.972896610461,-0.000796399703363,3.63636363636,2.81493506494,0.972896610461,3.63636363636,-0.178701298701,-0.127272727273,-3,-0.0181818181818,-0.0607407407407,0,0.272727272727,-0.272727272727,17,5,3,85,0.85,0.944444444444,0.0555555555556,0.15,0.772727272727,0.85,0.809523809524,0.766032346285,0.794444444444,0.68,9,7,0,0,0,0
1614,WLNM_dir_neg,0.69387755102,0.30818397872,00:00:00,10,40,30,1174695179,threshold_sweep,0.3,0.444444444444,0.571428571429,0.5,4,5,3,9,0.571428571429,0.642857142857,0.357142857143,0.428571428571,0.444444444444,0.571428571429,0.5,0.619047619048,0.52380952381,0.2,0.204124145232,0.214285714286,20,13,7,0,20,0,13,0,7,11,20,0.181818181818,3.04338842975,3.63636363636,2,2.5,1.68954001271,0.464623503495,0.245454545455,1.16774841624,0.642261628933,0.336363636364,1.94000937205,1.06700515463,0.536363636364,1.05689877454,0.347276990411,3.54545454545,3.04338842975,1.05689877454,3.54545454545,0.499047619048,0.4,8,0.0484848484848,0.255555555556,11,11,11,1,0,0.0909090909091,0.636363636364,0.272727272727,11,0.118181818182,3.72727272727,2.36363636364,1.3,1.625,1.43336856898,0.6064251638,0.286713286713,0.603022689156,0.510249967747,0.237762237762,1.40129809949,1.18571377649,0.503496503497,2.05382127221,0.551025219373,7,3.72727272727,2.05382127221,7,0,0,0,0,0.22962962963,11,11,11,1,0,0.0909090909091,0.636363636364,0.272727272727,11,22,0.2,5.85832349469,4,2.2,2,1.788854382,0.4472135955,0.181818181818,1.26491106407,0.632455532034,0.330578512397,1.26491106407,0.632455532034,0.305785123967,2.029795385,0.346480590708,7.18181818182,5.85832349469,2.029795385,7.18181818182,0.320346320346,0.272727272727,5,0.030303030303,0.194814814815,11,11,11,1,0,0.0909090909091,0.909090909091,0,2,0.0181818181818,2.81493506494,0.363636363636,0.2,-0.5,0.0993143692906,-0.0174099079951,-0.0636363636364,0.0971626478251,-0.00980609689958,-0.00578512396694,-0.675098307981,-0.434549622593,-0.230578512397,0.972896610461,-0.000796399703363,3.63636363636,2.81493506494,0.972896610461,3.63636363636,-0.178701298701,-0.127272727273,-3,-0.0181818181818,-0.0607407407407,0,0.272727272727,-0.272727272727,17,5,3,85,0.85,0.944444444444,0.0555555555556,0.15,0.772727272727,0.85,0.809523809524,0.766032346285,0.794444444444,0.68,9,7,0,0,0,0
1615,WLNM_dir_neg,0.69387755102,0.30818397872,00:00:00,10,40,30,1174695179,threshold_sweep,0.4,0.444444444444,0.571428571429,0.5,4,5,3,9,0.571428571429,0.642857142857,0.357142857143,0.428571428571,0.444444444444,0.571428571429,0.5,0.619047619048,0.52380952381,0.2,0.204124145232,0.214285714286,20,13,7,0,20,0,13,0,7,11,20,0.181818181818,3.04338842975,3.63636363636,2,2.5,1.68954001271,0.464623503495,0.245454545455,1.16774841624,0.642261628933,0.336363636364,1.94000937205,1.06700515463,0.536363636364,1.05689877454,0.347276990411,3.54545454545,3.04338842975,1.05689877454,3.54545454545,0.499047619048,0.4,8,0.0484848484848,0.255555555556,11,11,11,1,0,0.0909090909091,0.636363636364,0.272727272727,11,0.118181818182,3.72727272727,2.36363636364,1.3,1.625,1.43336856898,0.6064251638,0.286713286713,0.603022689156,0.510249967747,0.237762237762,1.40129809949,1.18571377649,0.503496503497,2.05382127221,0.551025219373,7,3.72727272727,2.05382127221,7,0,0,0,0,0.22962962963,11,11,11,1,0,0.0909090909091,0.636363636364,0.272727272727,11,22,0.2,5.85832349469,4,2.2,2,1.788854382,0.4472135955,0.181818181818,1.26491106407,0.632455532034,0.330578512397,1.26491106407,0.632455532034,0.305785123967,2.029795385,0.346480590708,7.18181818182,5.85832349469,2.029795385,7.18181818182,0.320346320346,0.272727272727,5,0.030303030303,0.194814814815,11,11,11,1,0,0.0909090909091,0.909090909091,0,2,0.0181818181818,2.81493506494,0.363636363636,0.2,-0.5,0.0993143692906,-0.0174099079951,-0.0636363636364,0.0971626478251,-0.00980609689958,-0.00578512396694,-0.675098307981,-0.434549622593,-0.230578512397,0.972896610461,-0.000796399703363,3.63636363636,2.81493506494,0.972896610461,3.63636363636,-0.178701298701,-0.127272727273,-3,-0.0181818181818,-0.0607407407407,0,0.272727272727,-0.272727272727,17,5,3,85,0.85,0.944444444444,0.0555555555556,0.15,0.772727272727,0.85,0.809523809524,0.766032346285,0.794444444444,0.68,9,7,0,0,0,0
1616,WLNM_dir_neg,0.69387755102,0.30818397872,00:00:00,10,40,30,1174695179,threshold_sweep,0.5,0.444444444444,0.571428571429,0.5,4,5,3,9,0.571428571429,0.642857142857,0.357142857143,0.428571428571,0.444444444444,0.571428571429,0.5,0.619047619048,0.52380952381,0.2,0.204124145232,0.214285714286,20,13,7,0,20,0,13,0,7,11,20,0.181818181818,3.04338842975,3.63636363636,2,2.5,1.68954001271,0.464623503495,0.245454545455,1.16774841624,0.642261628933,0.336363636364,1.94000937205,1.06700515463,0.536363636364,1.05689877454,0.347276990411,3.54545454545,3.04338842975,1.05689877454,3.54545454545,0.499047619048,0.4,8,0.0484848484848,0.255555555556,11,11,11,1,0,0.0909090909091,0.636363636364,0.272727272727,11,0.118181818182,3.72727272727,2.36363636364,1.3,1.625,1.43336856898,0.6064251638,0.286713286713,0.603022689156,0.510249967747,0.237762237762,1.40129809949,1.18571377649,0.503496503497,2.05382127221,0.551025219373,7,3.72727272727,2.05382127221,7,0,0,0,0,0.22962962963,11,11,11,1,0,0.0909090909091,0.636363636364,0.272727272727,11,22,0.2,5.85832349469,4,2.2,2,1.788854382,0.4472135955,0.181818181818,1.26491106407,0.632455532034,0.330578512397,1.26491106407,0.632455532034,0.305785123967,2.029795385,0.346480590708,7.18181818182,5.85832349469,2.029795385,7.18181818182,0.320346320346,0.272727272727,5,0.030303030303,0.194814814815,11,11,11,1,0,0.0909090909091,0.909090909091,0,2,0.0181818181818,2.81493506494,0.363636363636,0.2,-0.5,0.0993143692906,-0.0174099079951,-0.0636363636364,0.0971626478251,-0.00980609689958,-0.00578512396694,-0.675098307981,-0.434549622593,-0.230578512397,0.972896610461,-0.000796399703363,3.63636363636,2.81493506494,0.972896610461,3.63636363636,-0.178701298701,-0.127272727273,-3,-0.0181818181818,-0.0607407407407,0,0.272727272727,-0.272727272727,17,5,3,85,0.85,0.944444444444,0.0555555555556,0.15,0.772727272727,0.85,0.809523809524,0.766032346285,0.794444444444,0.68,9,7,0,0,0,0
1617,WLNM_dir_neg,0.69387755102,0.30818397872,00:00:00,10,40,30,1174695179,threshold_sweep,0.6,0.444444444444,0.571428571429,0.5,4,5,3,9,0.571428571429,0.642857142857,0.357142857143,0.428571428571,0.444444444444,0.571428571429,0.5,0.619047619048,0.52380952381,0.2,0.204124145232,0.214285714286,20,13,7,0,20,0,13,0,7,11,20,0.181818181818,3.04338842975,3.63636363636,2,2.5,1.68954001271,0.464623503495,0.245454545455,1.16774841624,0.642261628933,0.336363636364,1.94000937205,1.06700515463,0.536363636364,1.05689877454,0.347276990411,3.54545454545,3.04338842975,1.05689877454,3.54545454545,0.499047619048,0.4,8,0.0484848484848,0.255555555556,11,11,11,1,0,0.0909090909091,0.636363636364,0.272727272727,11,0.118181818182,3.72727272727,2.36363636364,1.3,1.625,1.43336856898,0.6064251638,0.286713286713,0.603022689156,0.510249967747,0.237762237762,1.40129809949,1.18571377649,0.503496503497,2.05382127221,0.551025219373,7,3.72727272727,2.05382127221,7,0,0,0,0,0.22962962963,11,11,11,1,0,0.0909090909091,0.636363636364,0.272727272727,11,22,0.2,5.85832349469,4,2.2,2,1.788854382,0.4472135955,0.181818181818,1.26491106407,0.632455532034,0.330578512397,1.26491106407,0.632455532034,0.305785123967,2.029795385,0.346480590708,7.18181818182,5.85832349469,2.029795385,7.18181818182,0.320346320346,0.272727272727,5,0.030303030303,0.194814814815,11,11,11,1,0,0.0909090909091,0.909090909091,0,2,0.0181818181818,2.81493506494,0.363636363636,0.2,-0.5,0.0993143692906,-0.0174099079951,-0.0636363636364,0.0971626478251,-0.00980609689958,-0.00578512396694,-0.675098307981,-0.434549622593,-0.230578512397,0.972896610461,-0.000796399703363,3.63636363636,2.81493506494,0.972896610461,3.63636363636,-0.178701298701,-0.127272727273,-3,-0.0181818181818,-0.0607407407407,0,0.272727272727,-0.272727272727,17,5,3,85,0.85,0.944444444444,0.0555555555556,0.15,0.772727272727,0.85,0.809523809524,0.766032346285,0.794444444444,0.68,9,7,0,0,0,0
1618,WLNM_dir_neg,0.69387755102,0.30818397872,00:00:00,10,40,30,1174695179,threshold_sweep,0.7,0.444444444444,0.571428571429,0.5,4,5,3,9,0.571428571429,0.642857142857,0.357142857143,0.428571428571,0.444444444444,0.571428571429,0.5,0.619047619048,0.52380952381,0.2,0.204124145232,0.214285714286,20,13,7,0,20,0,13,0,7,11,20,0.181818181818,3.04338842975,3.63636363636,2,2.5,1.68954001271,0.464623503495,0.245454545455,1.16774841624,0.642261628933,0.336363636364,1.94000937205,1.06700515463,0.536363636364,1.05689877454,0.347276990411,3.54545454545,3.04338842975,1.05689877454,3.54545454545,0.499047619048,0.4,8,0.0484848484848,0.255555555556,11,11,11,1,0,0.0909090909091,0.636363636364,0.272727272727,11,0.118181818182,3.72727272727,2.36363636364,1.3,1.625,1.43336856898,0.6064251638,0.286713286713,0.603022689156,0.510249967747,0.237762237762,1.40129809949,1.18571377649,0.503496503497,2.05382127221,0.551025219373,7,3.72727272727,2.05382127221,7,0,0,0,0,0.22962962963,11,11,11,1,0,0.0909090909091,0.636363636364,0.272727272727,11,22,0.2,5.85832349469,4,2.2,2,1.788854382,0.4472135955,0.181818181818,1.26491106407,0.632455532034,0.330578512397,1.26491106407,0.632455532034,0.305785123967,2.029795385,0.346480590708,7.18181818182,5.85832349469,2.029795385,7.18181818182,0.320346320346,0.272727272727,5,0.030303030303,0.194814814815,11,11,11,1,0,0.0909090909091,0.909090909091,0,2,0.0181818181818,2.81493506494,0.363636363636,0.2,-0.5,0.0993143692906,-0.0174099079951,-0.0636363636364,0.0971626478251,-0.00980609689958,-0.00578512396694,-0.675098307981,-0.434549622593,-0.230578512397,0.972896610461,-0.000796399703363,3.63636363636,2.81493506494,0.972896610461,3.63636363636,-0.178701298701,-0.127272727273,-3,-0.0181818181818,-0.0607407407407,0,0.272727272727,-0.272727272727,17,5,3,85,0.85,0.944444444444,0.0555555555556,0.15,0.772727272727,0.85,0.809523809524,0.766032346285,0.794444444444,0.68,9,7,0,0,0,0
1619,WLNM_dir_neg,0.69387755102,0.30818397872,00:00:00,10,40,30,1174695179,threshold_sweep,0.8,0.444444444444,0.571428571429,0.5,4,5,3,9,0.571428571429,0.642857142857,0.357142857143,0.428571428571,0.444444444444,0.571428571429,0.5,0.619047619048,0.52380952381,0.2,0.204124145232,0.214285714286,20,13,7,0,20,0,13,0,7,11,20,0.181818181818,3.04338842975,3.63636363636,2,2.5,1.68954001271,0.464623503495,0.245454545455,1.16774841624,0.642261628933,0.336363636364,1.94000937205,1.06700515463,0.536363636364,1.05689877454,0.347276990411,3.54545454545,3.04338842975,1.05689877454,3.54545454545,0.499047619048,0.4,8,0.0484848484848,0.255555555556,11,11,11,1,0,0.0909090909091,0.636363636364,0.272727272727,11,0.118181818182,3.72727272727,2.36363636364,1.3,1.625,1.43336856898,0.6064251638,0.286713286713,0.603022689156,0.510249967747,0.237762237762,1.40129809949,1.18571377649,0.503496503497,2.05382127221,0.551025219373,7,3.72727272727,2.05382127221,7,0,0,0,0,0.22962962963,11,11,11,1,0,0.0909090909091,0.636363636364,0.272727272727,11,22,0.2,5.85832349469,4,2.2,2,1.788854382,0.4472135955,0.181818181818,1.26491106407,0.632455532034,0.330578512397,1.26491106407,0.632455532034,0.305785123967,2.029795385,0.346480590708,7.18181818182,5.85832349469,2.029795385,7.18181818182,0.320346320346,0.272727272727,5,0.030303030303,0.194814814815,11,11,11,1,0,0.0909090909091,0.909090909091,0,2,0.0181818181818,2.81493506494,0.363636363636,0.2,-0.5,0.0993143692906,-0.0174099079951,-0.0636363636364,0.0971626478251,-0.00980609689958,-0.00578512396694,-0.675098307981,-0.434549622593,-0.230578512397,0.972896610461,-0.000796399703363,3.63636363636,2.81493506494,0.972896610461,3.63636363636,-0.178701298701,-0.127272727273,-3,-0.0181818181818,-0.0607407407407,0,0.272727272727,-0.272727272727,17,5,3,85,0.85,0.944444444444,0.0555555555556,0.15,0.772727272727,0.85,0.809523809524,0.766032346285,0.794444444444,0.68,9,7,0,0,0,0
1620,WLNM_dir_neg,0.69387755102,0.30818397872,00:00:00,10,40,30,1174695179,threshold_sweep,0.9,0.444444444444,0.571428571429,0.5,4,5,3,9,0.571428571429,0.642857142857,0.357142857143,0.428571428571,0.444444444444,0.571428571429,0.5,0.619047619048,0.52380952381,0.2,0.204124145232,0.214285714286,20,13,7,0,20,0,13,0,7,11,20,0.181818181818,3.04338842975,3.63636363636,2,2.5,1.68954001271,0.464623503495,0.245454545455,1.16774841624,0.642261628933,0.336363636364,1.94000937205,1.06700515463,0.536363636364,1.05689877454,0.347276990411,3.54545454545,3.04338842975,1.05689877454,3.54545454545,0.499047619048,0.4,8,0.0484848484848,0.255555555556,11,11,11,1,0,0.0909090909091,0.636363636364,0.272727272727,11,0.118181818182,3.72727272727,2.36363636364,1.3,1.625,1.43336856898,0.6064251638,0.286713286713,0.603022689156,0.510249967747,0.237762237762,1.40129809949,1.18571377649,0.503496503497,2.05382127221,0.551025219373,7,3.72727272727,2.05382127221,7,0,0,0,0,0.22962962963,11,11,11,1,0,0.0909090909091,0.636363636364,0.272727272727,11,22,0.2,5.85832349469,4,2.2,2,1.788854382,0.4472135955,0.181818181818,1.26491106407,0.632455532034,0.330578512397,1.26491106407,0.632455532034,0.305785123967,2.029795385,0.346480590708,7.18181818182,5.85832349469,2.029795385,7.18181818182,0.320346320346,0.272727272727,5,0.030303030303,0.194814814815,11,11,11,1,0,0.0909090909091,0.909090909091,0,2,0.0181818181818,2.81493506494,0.363636363636,0.2,-0.5,0.0993143692906,-0.0174099079951,-0.0636363636364,0.0971626478251,-0.00980609689958,-0.00578512396694,-0.675098307981,-0.434549622593,-0.230578512397,0.972896610461,-0.000796399703363,3.63636363636,2.81493506494,0.972896610461,3.63636363636,-0.178701298701,-0.127272727273,-3,-0.0181818181818,-0.0607407407407,0,0.272727272727,-0.272727272727,17,5,3,85,0.85,0.944444444444,0.0555555555556,0.15,0.772727272727,0.85,0.809523809524,0.766032346285,0.794444444444,0.68,9,7,0,0,0,0
1621,WLNM_dir_neg,0.857142857143,0.662881761096,00:00:00,10,40,31,1174695180,threshold_sweep,0.1,1,0.428571428571,0.6,3,0,4,14,0.428571428571,1,0,0.571428571429,1,0.428571428571,0.6,0.809523809524,0.619047619048,0.5,0.57735026919,0.428571428571,20,13,7,0,20,0,13,0,7,11,20,0.181818181818,3.04338842975,3.63636363636,2,2.5,1.68954001271,0.464623503495,0.245454545455,1.16774841624,0.642261628933,0.336363636364,1.94000937205,1.06700515463,0.536363636364,1.05689877454,0.347276990411,3.54545454545,3.04338842975,1.05689877454,3.54545454545,0.499047619048,0.4,8,0.0484848484848,0.255555555556,11,11,11,1,0,0.0909090909091,0.636363636364,0.272727272727,11,0.118181818182,3.72727272727,2.36363636364,1.3,1.625,1.43336856898,0.6064251638,0.286713286713,0.603022689156,0.510249967747,0.237762237762,1.40129809949,1.18571377649,0.503496503497,2.05382127221,0.551025219373,7,3.72727272727,2.05382127221,7,0,0,0,0,0.22962962963,11,11,11,1,0,0.0909090909091,0.636363636364,0.272727272727,11,16,0.145454545455,3.25,2.90909090909,1.6,2,1.22102788294,0.41972833476,0.181818181818,0.687551650952,0.47269176003,0.227272727273,1.50755672289,1.03644524699,0.511363636364,1.3758835545,0.423348786001,4.66666666667,3.25,1.3758835545,4.66666666667,0.213333333333,0.176470588235,2,0.0121212121212,0.192592592593,11,11,11,1,0,0.0909090909091,0.636363636364,0.272727272727,-4,-0.0363636363636,0.206611570248,-0.727272727273,-0.4,-0.5,-0.468512129772,-0.0448951687355,-0.0636363636364,-0.48019676529,-0.169569868904,-0.109090909091,-0.43245264916,-0.0305599076407,-0.025,0.318984779967,0.07607179559,1.12121212121,0.206611570248,0.318984779967,1.12121212121,-0.285714285714,-0.223529411765,-6,-0.0363636363636,-0.062962962963,0,0,0,16,0,4,90,0.8,1,0,0.2,1,0.8,0.888888888889,0.875189948987,0.8,0.8,3,7,0,0,0,0
1622,WLNM_dir_neg,0.857142857143,0.662881761096,00:00:00,10,40,31,1174695180,threshold_sweep,0.2,1,0.428571428571,0.6,3,0,4,14,0.428571428571,1,0,0.571428571429,1,0.428571428571,0.6,0.809523809524,0.619047619048,0.5,0.57735026919,0.428571428571,20,13,7,0,20,0,13,0,7,11,20,0.181818181818,3.04338842975,3.63636363636,2,2.5,1.68954001271,0.464623503495,0.245454545455,1.16774841624,0.642261628933,0.336363636364,1.94000937205,1.06700515463,0.536363636364,1.05689877454,0.347276990411,3.54545454545,3.04338842975,1.05689877454,3.54545454545,0.499047619048,0.4,8,0.0484848484848,0.255555555556,11,11,11,1,0,0.0909090909091,0.636363636364,0.272727272727,11,0.118181818182,3.72727272727,2.36363636364,1.3,1.625,1.43336856898,0.6064251638,0.286713286713,0.603022689156,0.510249967747,0.237762237762,1.40129809949,1.18571377649,0.503496503497,2.05382127221,0.551025219373,7,3.72727272727,2.05382127221,7,0,0,0,0,0.22962962963,11,11,11,1,0,0.0909090909091,0.636363636364,0.272727272727,11,16,0.145454545455,3.25,2.90909090909,1.6,2,1.22102788294,0.41972833476,0.181818181818,0.687551650952,0.47269176003,0.227272727273,1.50755672289,1.03644524699,0.511363636364,1.3758835545,0.423348786001,4.66666666667,3.25,1.3758835545,4.66666666667,0.213333333333,0.176470588235,2,0.0121212121212,0.192592592593,11,11,11,1,0,0.0909090909091,0.636363636364,0.272727272727,-4,-0.0363636363636,0.206611570248,-0.727272727273,-0.4,-0.5,-0.468512129772,-0.0448951687355,-0.0636363636364,-0.48019676529,-0.169569868904,-0.109090909091,-0.43245264916,-0.0305599076407,-0.025,0.318984779967,0.07607179559,1.12121212121,0.206611570248,0.318984779967,1.12121212121,-0.285714285714,-0.223529411765,-6,-0.0363636363636,-0.062962962963,0,0,0,16,0,4,90,0.8,1,0,0.2,1,0.8,0.888888888889,0.875189948987,0.8,0.8,3,7,0,0,0,0
1623,WLNM_dir_neg,0.857142857143,0.662881761096,00:00:00,10,40,31,1174695180,threshold_sweep,0.3,1,0.428571428571,0.6,3,0,4,14,0.428571428571,1,0,0.571428571429,1,0.428571428571,0.6,0.809523809524,0.619047619048,0.5,0.57735026919,0.428571428571,20,13,7,0,20,0,13,0,7,11,20,0.181818181818,3.04338842975,3.63636363636,2,2.5,1.68954001271,0.464623503495,0.245454545455,1.16774841624,0.642261628933,0.336363636364,1.94000937205,1.06700515463,0.536363636364,1.05689877454,0.347276990411,3.54545454545,3.04338842975,1.05689877454,3.54545454545,0.499047619048,0.4,8,0.0484848484848,0.255555555556,11,11,11,1,0,0.0909090909091,0.636363636364,0.272727272727,11,0.118181818182,3.72727272727,2.36363636364,1.3,1.625,1.43336856898,0.6064251638,0.286713286713,0.603022689156,0.510249967747,0.237762237762,1.40129809949,1.18571377649,0.503496503497,2.05382127221,0.551025219373,7,3.72727272727,2.05382127221,7,0,0,0,0,0.22962962963,11,11,11,1,0,0.0909090909091,0.636363636364,0.272727272727,11,16,0.145454545455,3.25,2.90909090909,1.6,2,1.22102788294,0.41972833476,0.181818181818,0.687551650952,0.47269176003,0.227272727273,1.50755672289,1.03644524699,0.511363636364,1.3758835545,0.423348786001,4.66666666667,3.25,1.3758835545,4.66666666667,0.213333333333,0.176470588235,2,0.0121212121212,0.192592592593,11,11,11,1,0,0.0909090909091,0.636363636364,0.272727272727,-4,-0.0363636363636,0.206611570248,-0.727272727273,-0.4,-0.5,-0.468512129772,-0.0448951687355,-0.0636363636364,-0.48019676529,-0.169569868904,-0.109090909091,-0.43245264916,-0.0305599076407,-0.025,0.318984779967,0.07607179559,1.12121212121,0.206611570248,0.318984779967,1.12121212121,-0.285714285714,-0.223529411765,-6,-0.0363636363636,-0.062962962963,0,0,0,16,0,4,90,0.8,1,0,0.2,1,0.8,0.888888888889,0.875189948987,0.8,0.8,3,7,0,0,0,0
1624,WLNM_dir_neg,0.857142857143,0.662881761096,00:00:00,10,40,31,1174695180,threshold_sweep,0.4,1,0.428571428571,0.6,3,0,4,14,0.428571428571,1,0,0.571428571429,1,0.428571428571,0.6,0.809523809524,0.619047619048,0.5,0.57735026919,0.428571428571,20,13,7,0,20,0,13,0,7,11,20,0.181818181818,3.04338842975,3.63636363636,2,2.5,1.68954001271,0.464623503495,0.245454545455,1.16774841624,0.642261628933,0.336363636364,1.94000937205,1.06700515463,0.536363636364,1.05689877454,0.347276990411,3.54545454545,3.04338842975,1.05689877454,3.54545454545,0.499047619048,0.4,8,0.0484848484848,0.255555555556,11,11,11,1,0,0.0909090909091,0.636363636364,0.272727272727,11,0.118181818182,3.72727272727,2.36363636364,1.3,1.625,1.43336856898,0.6064251638,0.286713286713,0.603022689156,0.510249967747,0.237762237762,1.40129809949,1.18571377649,0.503496503497,2.05382127221,0.551025219373,7,3.72727272727,2.05382127221,7,0,0,0,0,0.22962962963,11,11,11,1,0,0.0909090909091,0.636363636364,0.272727272727,11,16,0.145454545455,3.25,2.90909090909,1.6,2,1.22102788294,0.41972833476,0.181818181818,0.687551650952,0.47269176003,0.227272727273,1.50755672289,1.03644524699,0.511363636364,1.3758835545,0.423348786001,4.66666666667,3.25,1.3758835545,4.66666666667,0.213333333333,0.176470588235,2,0.0121212121212,0.192592592593,11,11,11,1,0,0.0909090909091,0.636363636364,0.272727272727,-4,-0.0363636363636,0.206611570248,-0.727272727273,-0.4,-0.5,-0.468512129772,-0.0448951687355,-0.0636363636364,-0.48019676529,-0.169569868904,-0.109090909091,-0.43245264916,-0.0305599076407,-0.025,0.318984779967,0.07607179559,1.12121212121,0.206611570248,0.318984779967,1.12121212121,-0.285714285714,-0.223529411765,-6,-0.0363636363636,-0.062962962963,0,0,0,16,0,4,90,0.8,1,0,0.2,1,0.8,0.888888888889,0.875189948987,0.8,0.8,3,7,0,0,0,0
1625,WLNM_dir_neg,0.857142857143,0.662881761096,00:00:00,10,40,31,1174695180,threshold_sweep,0.5,1,0.428571428571,0.6,3,0,4,14,0.428571428571,1,0,0.571428571429,1,0.428571428571,0.6,0.809523809524,0.619047619048,0.5,0.57735026919,0.428571428571,20,13,7,0,20,0,13,0,7,11,20,0.181818181818,3.04338842975,3.63636363636,2,2.5,1.68954001271,0.464623503495,0.245454545455,1.16774841624,0.642261628933,0.336363636364,1.94000937205,1.06700515463,0.536363636364,1.05689877454,0.347276990411,3.54545454545,3.04338842975,1.05689877454,3.54545454545,0.499047619048,0.4,8,0.0484848484848,0.255555555556,11,11,11,1,0,0.0909090909091,0.636363636364,0.272727272727,11,0.118181818182,3.72727272727,2.36363636364,1.3,1.625,1.43336856898,0.6064251638,0.286713286713,0.603022689156,0.510249967747,0.237762237762,1.40129809949,1.18571377649,0.503496503497,2.05382127221,0.551025219373,7,3.72727272727,2.05382127221,7,0,0,0,0,0.22962962963,11,11,11,1,0,0.0909090909091,0.636363636364,0.272727272727,11,16,0.145454545455,3.25,2.90909090909,1.6,2,1.22102788294,0.41972833476,0.181818181818,0.687551650952,0.47269176003,0.227272727273,1.50755672289,1.03644524699,0.511363636364,1.3758835545,0.423348786001,4.66666666667,3.25,1.3758835545,4.66666666667,0.213333333333,0.176470588235,2,0.0121212121212,0.192592592593,11,11,11,1,0,0.0909090909091,0.636363636364,0.272727272727,-4,-0.0363636363636,0.206611570248,-0.727272727273,-0.4,-0.5,-0.468512129772,-0.0448951687355,-0.0636363636364,-0.48019676529,-0.169569868904,-0.109090909091,-0.43245264916,-0.0305599076407,-0.025,0.318984779967,0.07607179559,1.12121212121,0.206611570248,0.318984779967,1.12121212121,-0.285714285714,-0.223529411765,-6,-0.0363636363636,-0.062962962963,0,0,0,16,0,4,90,0.8,1,0,0.2,1,0.8,0.888888888889,0.875189948987,0.8,0.8,3,7,0,0,0,0
1626,WLNM_dir_neg,0.857142857143,0.662881761096,00:00:00,10,40,31,1174695180,threshold_sweep,0.6,1,0.428571428571,0.6,3,0,4,14,0.428571428571,1,0,0.571428571429,1,0.428571428571,0.6,0.809523809524,0.619047619048,0.5,0.57735026919,0.428571428571,20,13,7,0,20,0,13,0,7,11,20,0.181818181818,3.04338842975,3.63636363636,2,2.5,1.68954001271,0.464623503495,0.245454545455,1.16774841624,0.642261628933,0.336363636364,1.94000937205,1.06700515463,0.536363636364,1.05689877454,0.347276990411,3.54545454545,3.04338842975,1.05689877454,3.54545454545,0.499047619048,0.4,8,0.0484848484848,0.255555555556,11,11,11,1,0,0.0909090909091,0.636363636364,0.272727272727,11,0.118181818182,3.72727272727,2.36363636364,1.3,1.625,1.43336856898,0.6064251638,0.286713286713,0.603022689156,0.510249967747,0.237762237762,1.40129809949,1.18571377649,0.503496503497,2.05382127221,0.551025219373,7,3.72727272727,2.05382127221,7,0,0,0,0,0.22962962963,11,11,11,1,0,0.0909090909091,0.636363636364,0.272727272727,11,16,0.145454545455,3.25,2.90909090909,1.6,2,1.22102788294,0.41972833476,0.181818181818,0.687551650952,0.47269176003,0.227272727273,1.50755672289,1.03644524699,0.511363636364,1.3758835545,0.423348786001,4.66666666667,3.25,1.3758835545,4.66666666667,0.213333333333,0.176470588235,2,0.0121212121212,0.192592592593,11,11,11,1,0,0.0909090909091,0.636363636364,0.272727272727,-4,-0.0363636363636,0.206611570248,-0.727272727273,-0.4,-0.5,-0.468512129772,-0.0448951687355,-0.0636363636364,-0.48019676529,-0.169569868904,-0.109090909091,-0.43245264916,-0.0305599076407,-0.025,0.318984779967,0.07607179559,1.12121212121,0.206611570248,0.318984779967,1.12121212121,-0.285714285714,-0.223529411765,-6,-0.0363636363636,-0.062962962963,0,0,0,16,0,4,90,0.8,1,0,0.2,1,0.8,0.888888888889,0.875189948987,0.8,0.8,3,7,0,0,0,0
1627,WLNM_dir_neg,0.857142857143,0.662881761096,00:00:00,10,40,31,1174695180,threshold_sweep,0.7,1,0.428571428571,0.6,3,0,4,14,0.428571428571,1,0,0.571428571429,1,0.428571428571,0.6,0.809523809524,0.619047619048,0.5,0.57735026919,0.428571428571,20,13,7,0,20,0,13,0,7,11,20,0.181818181818,3.04338842975,3.63636363636,2,2.5,1.68954001271,0.464623503495,0.245454545455,1.16774841624,0.642261628933,0.336363636364,1.94000937205,1.06700515463,0.536363636364,1.05689877454,0.347276990411,3.54545454545,3.04338842975,1.05689877454,3.54545454545,0.499047619048,0.4,8,0.0484848484848,0.255555555556,11,11,11,1,0,0.0909090909091,0.636363636364,0.272727272727,11,0.118181818182,3.72727272727,2.36363636364,1.3,1.625,1.43336856898,0.6064251638,0.286713286713,0.603022689156,0.510249967747,0.237762237762,1.40129809949,1.18571377649,0.503496503497,2.05382127221,0.551025219373,7,3.72727272727,2.05382127221,7,0,0,0,0,0.22962962963,11,11,11,1,0,0.0909090909091,0.636363636364,0.272727272727,11,16,0.145454545455,3.25,2.90909090909,1.6,2,1.22102788294,0.41972833476,0.181818181818,0.687551650952,0.47269176003,0.227272727273,1.50755672289,1.03644524699,0.511363636364,1.3758835545,0.423348786001,4.66666666667,3.25,1.3758835545,4.66666666667,0.213333333333,0.176470588235,2,0.0121212121212,0.192592592593,11,11,11,1,0,0.0909090909091,0.636363636364,0.272727272727,-4,-0.0363636363636,0.206611570248,-0.727272727273,-0.4,-0.5,-0.468512129772,-0.0448951687355,-0.0636363636364,-0.48019676529,-0.169569868904,-0.109090909091,-0.43245264916,-0.0305599076407,-0.025,0.318984779967,0.07607179559,1.12121212121,0.206611570248,0.318984779967,1.12121212121,-0.285714285714,-0.223529411765,-6,-0.0363636363636,-0.062962962963,0,0,0,16,0,4,90,0.8,1,0,0.2,1,0.8,0.888888888889,0.875189948987,0.8,0.8,3,7,0,0,0,0
1628,WLNM_dir_neg,0.857142857143,0.662881761096,00:00:00,10,40,31,1174695180,threshold_sweep,0.8,1,0.428571428571,0.6,3,0,4,14,0.428571428571,1,0,0.571428571429,1,0.428571428571,0.6,0.809523809524,0.619047619048,0.5,0.57735026919,0.428571428571,20,13,7,0,20,0,13,0,7,11,20,0.181818181818,3.04338842975,3.63636363636,2,2.5,1.68954001271,0.464623503495,0.245454545455,1.16774841624,0.642261628933,0.336363636364,1.94000937205,1.06700515463,0.536363636364,1.05689877454,0.347276990411,3.54545454545,3.04338842975,1.05689877454,3.54545454545,0.499047619048,0.4,8,0.0484848484848,0.255555555556,11,11,11,1,0,0.0909090909091,0.636363636364,0.272727272727,11,0.118181818182,3.72727272727,2.36363636364,1.3,1.625,1.43336856898,0.6064251638,0.286713286713,0.603022689156,0.510249967747,0.237762237762,1.40129809949,1.18571377649,0.503496503497,2.05382127221,0.551025219373,7,3.72727272727,2.05382127221,7,0,0,0,0,0.22962962963,11,11,11,1,0,0.0909090909091,0.636363636364,0.272727272727,11,16,0.145454545455,3.25,2.90909090909,1.6,2,1.22102788294,0.41972833476,0.181818181818,0.687551650952,0.47269176003,0.227272727273,1.50755672289,1.03644524699,0.511363636364,1.3758835545,0.423348786001,4.66666666667,3.25,1.3758835545,4.66666666667,0.213333333333,0.176470588235,2,0.0121212121212,0.192592592593,11,11,11,1,0,0.0909090909091,0.636363636364,0.272727272727,-4,-0.0363636363636,0.206611570248,-0.727272727273,-0.4,-0.5,-0.468512129772,-0.0448951687355,-0.0636363636364,-0.48019676529,-0.169569868904,-0.109090909091,-0.43245264916,-0.0305599076407,-0.025,0.318984779967,0.07607179559,1.12121212121,0.206611570248,0.318984779967,1.12121212121,-0.285714285714,-0.223529411765,-6,-0.0363636363636,-0.062962962963,0,0,0,16,0,4,90,0.8,1,0,0.2,1,0.8,0.888888888889,0.875189948987,0.8,0.8,3,7,0,0,0,0
1629,WLNM_dir_neg,0.857142857143,0.662881761096,00:00:00,10,40,31,1174695180,threshold_sweep,0.9,1,0.428571428571,0.6,3,0,4,14,0.428571428571,1,0,0.571428571429,1,0.428571428571,0.6,0.809523809524,0.619047619048,0.5,0.57735026919,0.428571428571,20,13,7,0,20,0,13,0,7,11,20,0.181818181818,3.04338842975,3.63636363636,2,2.5,1.68954001271,0.464623503495,0.245454545455,1.16774841624,0.642261628933,0.336363636364,1.94000937205,1.06700515463,0.536363636364,1.05689877454,0.347276990411,3.54545454545,3.04338842975,1.05689877454,3.54545454545,0.499047619048,0.4,8,0.0484848484848,0.255555555556,11,11,11,1,0,0.0909090909091,0.636363636364,0.272727272727,11,0.118181818182,3.72727272727,2.36363636364,1.3,1.625,1.43336856898,0.6064251638,0.286713286713,0.603022689156,0.510249967747,0.237762237762,1.40129809949,1.18571377649,0.503496503497,2.05382127221,0.551025219373,7,3.72727272727,2.05382127221,7,0,0,0,0,0.22962962963,11,11,11,1,0,0.0909090909091,0.636363636364,0.272727272727,11,16,0.145454545455,3.25,2.90909090909,1.6,2,1.22102788294,0.41972833476,0.181818181818,0.687551650952,0.47269176003,0.227272727273,1.50755672289,1.03644524699,0.511363636364,1.3758835545,0.423348786001,4.66666666667,3.25,1.3758835545,4.66666666667,0.213333333333,0.176470588235,2,0.0121212121212,0.192592592593,11,11,11,1,0,0.0909090909091,0.636363636364,0.272727272727,-4,-0.0363636363636,0.206611570248,-0.727272727273,-0.4,-0.5,-0.468512129772,-0.0448951687355,-0.0636363636364,-0.48019676529,-0.169569868904,-0.109090909091,-0.43245264916,-0.0305599076407,-0.025,0.318984779967,0.07607179559,1.12121212121,0.206611570248,0.318984779967,1.12121212121,-0.285714285714,-0.223529411765,-6,-0.0363636363636,-0.062962962963,0,0,0,16,0,4,90,0.8,1,0,0.2,1,0.8,0.888888888889,0.875189948987,0.8,0.8,3,7,0,0,0,0
1630,WLNM_dir_neg,0.826530612245,0.502583725798,00:00:00,10,40,32,1174695181,threshold_sweep,0.1,1,0.571428571429,0.727272727273,4,0,3,14,0.571428571429,1,0,0.428571428571,1,0.571428571429,0.727272727273,0.857142857143,0.603174603175,0.64,0.68599434057,0.571428571429,20,13,7,0,20,0,13,0,7,11,20,0.181818181818,3.04338842975,3.63636363636,2,2.5,1.68954001271,0.464623503495,0.245454545455,1.16774841624,0.642261628933,0.336363636364,1.94000937205,1.06700515463,0.536363636364,1.05689877454,0.347276990411,3.54545454545,3.04338842975,1.05689877454,3.54545454545,0.499047619048,0.4,8,0.0484848484848,0.255555555556,11,11,11,1,0,0.0909090909091,0.636363636364,0.272727272727,11,0.118181818182,3.72727272727,2.36363636364,1.3,1.625,1.43336856898,0.6064251638,0.286713286713,0.603022689156,0.510249967747,0.237762237762,1.40129809949,1.18571377649,0.503496503497,2.05382127221,0.551025219373,7,3.72727272727,2.05382127221,7,0,0,0,0,0.22962962963,11,11,11,1,0,0.0909090909091,0.636363636364,0.272727272727,11,17,0.154545454545,3.17727272727,3.09090909091,1.7,2.125,1.30034960334,0.420701342257,0.208556149733,0.820199532265,0.530717344407,0.267379679144,1.57249078621,1.01749403814,0.513368983957,1.2536673475,0.394573414091,4.4,3.17727272727,1.2536673475,4.4,0.213333333333,0.153846153846,2,0.0121212121212,0.205555555556,11,11,11,1,0,0.0909090909091,0.636363636364,0.272727272727,-3,-0.0272727272727,0.133884297521,-0.545454545455,-0.3,-0.375,-0.389190409368,-0.0439221612377,-0.0368983957219,-0.347548883978,-0.111544284527,-0.0689839572193,-0.367518585835,-0.0495111164884,-0.0229946524064,0.196768572961,0.0472964236795,0.854545454545,0.133884297521,0.196768572961,0.854545454545,-0.285714285714,-0.246153846154,-6,-0.0363636363636,-0.05,0,0,0,17,0,3,90,0.85,1,0,0.15,1,0.85,0.918918918919,0.906962317388,0.85,0.85,4,7,0,0,0,0
1631,WLNM_dir_neg,0.826530612245,0.502583725798,00:00:00,10,40,32,1174695181,threshold_sweep,0.2,1,0.571428571429,0.727272727273,4,0,3,14,0.571428571429,1,0,0.428571428571,1,0.571428571429,0.727272727273,0.857142857143,0.603174603175,0.64,0.68599434057,0.571428571429,20,13,7,0,20,0,13,0,7,11,20,0.181818181818,3.04338842975,3.63636363636,2,2.5,1.68954001271,0.464623503495,0.245454545455,1.16774841624,0.642261628933,0.336363636364,1.94000937205,1.06700515463,0.536363636364,1.05689877454,0.347276990411,3.54545454545,3.04338842975,1.05689877454,3.54545454545,0.499047619048,0.4,8,0.0484848484848,0.255555555556,11,11,11,1,0,0.0909090909091,0.636363636364,0.272727272727,11,0.118181818182,3.72727272727,2.36363636364,1.3,1.625,1.43336856898,0.6064251638,0.286713286713,0.603022689156,0.510249967747,0.237762237762,1.40129809949,1.18571377649,0.503496503497,2.05382127221,0.551025219373,7,3.72727272727,2.05382127221,7,0,0,0,0,0.22962962963,11,11,11,1,0,0.0909090909091,0.636363636364,0.272727272727,11,17,0.154545454545,3.17727272727,3.09090909091,1.7,2.125,1.30034960334,0.420701342257,0.208556149733,0.820199532265,0.530717344407,0.267379679144,1.57249078621,1.01749403814,0.513368983957,1.2536673475,0.394573414091,4.4,3.17727272727,1.2536673475,4.4,0.213333333333,0.153846153846,2,0.0121212121212,0.205555555556,11,11,11,1,0,0.0909090909091,0.636363636364,0.272727272727,-3,-0.0272727272727,0.133884297521,-0.545454545455,-0.3,-0.375,-0.389190409368,-0.0439221612377,-0.0368983957219,-0.347548883978,-0.111544284527,-0.0689839572193,-0.367518585835,-0.0495111164884,-0.0229946524064,0.196768572961,0.0472964236795,0.854545454545,0.133884297521,0.196768572961,0.854545454545,-0.285714285714,-0.246153846154,-6,-0.0363636363636,-0.05,0,0,0,17,0,3,90,0.85,1,0,0.15,1,0.85,0.918918918919,0.906962317388,0.85,0.85,4,7,0,0,0,0
1632,WLNM_dir_neg,0.826530612245,0.502583725798,00:00:00,10,40,32,1174695181,threshold_sweep,0.3,1,0.571428571429,0.727272727273,4,0,3,14,0.571428571429,1,0,0.428571428571,1,0.571428571429,0.727272727273,0.857142857143,0.603174603175,0.64,0.68599434057,0.571428571429,20,13,7,0,20,0,13,0,7,11,20,0.181818181818,3.04338842975,3.63636363636,2,2.5,1.68954001271,0.464623503495,0.245454545455,1.16774841624,0.642261628933,0.336363636364,1.94000937205,1.06700515463,0.536363636364,1.05689877454,0.347276990411,3.54545454545,3.04338842975,1.05689877454,3.54545454545,0.499047619048,0.4,8,0.0484848484848,0.255555555556,11,11,11,1,0,0.0909090909091,0.636363636364,0.272727272727,11,0.118181818182,3.72727272727,2.36363636364,1.3,1.625,1.43336856898,0.6064251638,0.286713286713,0.603022689156,0.510249967747,0.237762237762,1.40129809949,1.18571377649,0.503496503497,2.05382127221,0.551025219373,7,3.72727272727,2.05382127221,7,0,0,0,0,0.22962962963,11,11,11,1,0,0.0909090909091,0.636363636364,0.272727272727,11,17,0.154545454545,3.17727272727,3.09090909091,1.7,2.125,1.30034960334,0.420701342257,0.208556149733,0.820199532265,0.530717344407,0.267379679144,1.57249078621,1.01749403814,0.513368983957,1.2536673475,0.394573414091,4.4,3.17727272727,1.2536673475,4.4,0.213333333333,0.153846153846,2,0.0121212121212,0.205555555556,11,11,11,1,0,0.0909090909091,0.636363636364,0.272727272727,-3,-0.0272727272727,0.133884297521,-0.545454545455,-0.3,-0.375,-0.389190409368,-0.0439221612377,-0.0368983957219,-0.347548883978,-0.111544284527,-0.0689839572193,-0.367518585835,-0.0495111164884,-0.0229946524064,0.196768572961,0.0472964236795,0.854545454545,0.133884297521,0.196768572961,0.854545454545,-0.285714285714,-0.246153846154,-6,-0.0363636363636,-0.05,0,0,0,17,0,3,90,0.85,1,0,0.15,1,0.85,0.918918918919,0.906962317388,0.85,0.85,4,7,0,0,0,0
1633,WLNM_dir_neg,0.826530612245,0.502583725798,00:00:00,10,40,32,1174695181,threshold_sweep,0.4,1,0.571428571429,0.727272727273,4,0,3,14,0.571428571429,1,0,0.428571428571,1,0.571428571429,0.727272727273,0.857142857143,0.603174603175,0.64,0.68599434057,0.571428571429,20,13,7,0,20,0,13,0,7,11,20,0.181818181818,3.04338842975,3.63636363636,2,2.5,1.68954001271,0.464623503495,0.245454545455,1.16774841624,0.642261628933,0.336363636364,1.94000937205,1.06700515463,0.536363636364,1.05689877454,0.347276990411,3.54545454545,3.04338842975,1.05689877454,3.54545454545,0.499047619048,0.4,8,0.0484848484848,0.255555555556,11,11,11,1,0,0.0909090909091,0.636363636364,0.272727272727,11,0.118181818182,3.72727272727,2.36363636364,1.3,1.625,1.43336856898,0.6064251638,0.286713286713,0.603022689156,0.510249967747,0.237762237762,1.40129809949,1.18571377649,0.503496503497,2.05382127221,0.551025219373,7,3.72727272727,2.05382127221,7,0,0,0,0,0.22962962963,11,11,11,1,0,0.0909090909091,0.636363636364,0.272727272727,11,17,0.154545454545,3.17727272727,3.09090909091,1.7,2.125,1.30034960334,0.420701342257,0.208556149733,0.820199532265,0.530717344407,0.267379679144,1.57249078621,1.01749403814,0.513368983957,1.2536673475,0.394573414091,4.4,3.17727272727,1.2536673475,4.4,0.213333333333,0.153846153846,2,0.0121212121212,0.205555555556,11,11,11,1,0,0.0909090909091,0.636363636364,0.272727272727,-3,-0.0272727272727,0.133884297521,-0.545454545455,-0.3,-0.375,-0.389190409368,-0.0439221612377,-0.0368983957219,-0.347548883978,-0.111544284527,-0.0689839572193,-0.367518585835,-0.0495111164884,-0.0229946524064,0.196768572961,0.0472964236795,0.854545454545,0.133884297521,0.196768572961,0.854545454545,-0.285714285714,-0.246153846154,-6,-0.0363636363636,-0.05,0,0,0,17,0,3,90,0.85,1,0,0.15,1,0.85,0.918918918919,0.906962317388,0.85,0.85,4,7,0,0,0,0
1634,WLNM_dir_neg,0.826530612245,0.502583725798,00:00:00,10,40,32,1174695181,threshold_sweep,0.5,1,0.571428571429,0.727272727273,4,0,3,14,0.571428571429,1,0,0.428571428571,1,0.571428571429,0.727272727273,0.857142857143,0.603174603175,0.64,0.68599434057,0.571428571429,20,13,7,0,20,0,13,0,7,11,20,0.181818181818,3.04338842975,3.63636363636,2,2.5,1.68954001271,0.464623503495,0.245454545455,1.16774841624,0.642261628933,0.336363636364,1.94000937205,1.06700515463,0.536363636364,1.05689877454,0.347276990411,3.54545454545,3.04338842975,1.05689877454,3.54545454545,0.499047619048,0.4,8,0.0484848484848,0.255555555556,11,11,11,1,0,0.0909090909091,0.636363636364,0.272727272727,11,0.118181818182,3.72727272727,2.36363636364,1.3,1.625,1.43336856898,0.6064251638,0.286713286713,0.603022689156,0.510249967747,0.237762237762,1.40129809949,1.18571377649,0.503496503497,2.05382127221,0.551025219373,7,3.72727272727,2.05382127221,7,0,0,0,0,0.22962962963,11,11,11,1,0,0.0909090909091,0.636363636364,0.272727272727,11,17,0.154545454545,3.17727272727,3.09090909091,1.7,2.125,1.30034960334,0.420701342257,0.208556149733,0.820199532265,0.530717344407,0.267379679144,1.57249078621,1.01749403814,0.513368983957,1.2536673475,0.394573414091,4.4,3.17727272727,1.2536673475,4.4,0.213333333333,0.153846153846,2,0.0121212121212,0.205555555556,11,11,11,1,0,0.0909090909091,0.636363636364,0.272727272727,-3,-0.0272727272727,0.133884297521,-0.545454545455,-0.3,-0.375,-0.389190409368,-0.0439221612377,-0.0368983957219,-0.347548883978,-0.111544284527,-0.0689839572193,-0.367518585835,-0.0495111164884,-0.0229946524064,0.196768572961,0.0472964236795,0.854545454545,0.133884297521,0.196768572961,0.854545454545,-0.285714285714,-0.246153846154,-6,-0.0363636363636,-0.05,0,0,0,17,0,3,90,0.85,1,0,0.15,1,0.85,0.918918918919,0.906962317388,0.85,0.85,4,7,0,0,0,0
1635,WLNM_dir_neg,0.826530612245,0.502583725798,00:00:00,10,40,32,1174695181,threshold_sweep,0.6,1,0.571428571429,0.727272727273,4,0,3,14,0.571428571429,1,0,0.428571428571,1,0.571428571429,0.727272727273,0.857142857143,0.603174603175,0.64,0.68599434057,0.571428571429,20,13,7,0,20,0,13,0,7,11,20,0.181818181818,3.04338842975,3.63636363636,2,2.5,1.68954001271,0.464623503495,0.245454545455,1.16774841624,0.642261628933,0.336363636364,1.94000937205,1.06700515463,0.536363636364,1.05689877454,0.347276990411,3.54545454545,3.04338842975,1.05689877454,3.54545454545,0.499047619048,0.4,8,0.0484848484848,0.255555555556,11,11,11,1,0,0.0909090909091,0.636363636364,0.272727272727,11,0.118181818182,3.72727272727,2.36363636364,1.3,1.625,1.43336856898,0.6064251638,0.286713286713,0.603022689156,0.510249967747,0.237762237762,1.40129809949,1.18571377649,0.503496503497,2.05382127221,0.551025219373,7,3.72727272727,2.05382127221,7,0,0,0,0,0.22962962963,11,11,11,1,0,0.0909090909091,0.636363636364,0.272727272727,11,17,0.154545454545,3.17727272727,3.09090909091,1.7,2.125,1.30034960334,0.420701342257,0.208556149733,0.820199532265,0.530717344407,0.267379679144,1.57249078621,1.01749403814,0.513368983957,1.2536673475,0.394573414091,4.4,3.17727272727,1.2536673475,4.4,0.213333333333,0.153846153846,2,0.0121212121212,0.205555555556,11,11,11,1,0,0.0909090909091,0.636363636364,0.272727272727,-3,-0.0272727272727,0.133884297521,-0.545454545455,-0.3,-0.375,-0.389190409368,-0.0439221612377,-0.0368983957219,-0.347548883978,-0.111544284527,-0.0689839572193,-0.367518585835,-0.0495111164884,-0.0229946524064,0.196768572961,0.0472964236795,0.854545454545,0.133884297521,0.196768572961,0.854545454545,-0.285714285714,-0.246153846154,-6,-0.0363636363636,-0.05,0,0,0,17,0,3,90,0.85,1,0,0.15,1,0.85,0.918918918919,0.906962317388,0.85,0.85,4,7,0,0,0,0
1636,WLNM_dir_neg,0.826530612245,0.502583725798,00:00:00,10,40,32,1174695181,threshold_sweep,0.7,1,0.571428571429,0.727272727273,4,0,3,14,0.571428571429,1,0,0.428571428571,1,0.571428571429,0.727272727273,0.857142857143,0.603174603175,0.64,0.68599434057,0.571428571429,20,13,7,0,20,0,13,0,7,11,20,0.181818181818,3.04338842975,3.63636363636,2,2.5,1.68954001271,0.464623503495,0.245454545455,1.16774841624,0.642261628933,0.336363636364,1.94000937205,1.06700515463,0.536363636364,1.05689877454,0.347276990411,3.54545454545,3.04338842975,1.05689877454,3.54545454545,0.499047619048,0.4,8,0.0484848484848,0.255555555556,11,11,11,1,0,0.0909090909091,0.636363636364,0.272727272727,11,0.118181818182,3.72727272727,2.36363636364,1.3,1.625,1.43336856898,0.6064251638,0.286713286713,0.603022689156,0.510249967747,0.237762237762,1.40129809949,1.18571377649,0.503496503497,2.05382127221,0.551025219373,7,3.72727272727,2.05382127221,7,0,0,0,0,0.22962962963,11,11,11,1,0,0.0909090909091,0.636363636364,0.272727272727,11,17,0.154545454545,3.17727272727,3.09090909091,1.7,2.125,1.30034960334,0.420701342257,0.208556149733,0.820199532265,0.530717344407,0.267379679144,1.57249078621,1.01749403814,0.513368983957,1.2536673475,0.394573414091,4.4,3.17727272727,1.2536673475,4.4,0.213333333333,0.153846153846,2,0.0121212121212,0.205555555556,11,11,11,1,0,0.0909090909091,0.636363636364,0.272727272727,-3,-0.0272727272727,0.133884297521,-0.545454545455,-0.3,-0.375,-0.389190409368,-0.0439221612377,-0.0368983957219,-0.347548883978,-0.111544284527,-0.0689839572193,-0.367518585835,-0.0495111164884,-0.0229946524064,0.196768572961,0.0472964236795,0.854545454545,0.133884297521,0.196768572961,0.854545454545,-0.285714285714,-0.246153846154,-6,-0.0363636363636,-0.05,0,0,0,17,0,3,90,0.85,1,0,0.15,1,0.85,0.918918918919,0.906962317388,0.85,0.85,4,7,0,0,0,0
1637,WLNM_dir_neg,0.826530612245,0.502583725798,00:00:00,10,40,32,1174695181,threshold_sweep,0.8,1,0.571428571429,0.727272727273,4,0,3,14,0.571428571429,1,0,0.428571428571,1,0.571428571429,0.727272727273,0.857142857143,0.603174603175,0.64,0.68599434057,0.571428571429,20,13,7,0,20,0,13,0,7,11,20,0.181818181818,3.04338842975,3.63636363636,2,2.5,1.68954001271,0.464623503495,0.245454545455,1.16774841624,0.642261628933,0.336363636364,1.94000937205,1.06700515463,0.536363636364,1.05689877454,0.347276990411,3.54545454545,3.04338842975,1.05689877454,3.54545454545,0.499047619048,0.4,8,0.0484848484848,0.255555555556,11,11,11,1,0,0.0909090909091,0.636363636364,0.272727272727,11,0.118181818182,3.72727272727,2.36363636364,1.3,1.625,1.43336856898,0.6064251638,0.286713286713,0.603022689156,0.510249967747,0.237762237762,1.40129809949,1.18571377649,0.503496503497,2.05382127221,0.551025219373,7,3.72727272727,2.05382127221,7,0,0,0,0,0.22962962963,11,11,11,1,0,0.0909090909091,0.636363636364,0.272727272727,11,17,0.154545454545,3.17727272727,3.09090909091,1.7,2.125,1.30034960334,0.420701342257,0.208556149733,0.820199532265,0.530717344407,0.267379679144,1.57249078621,1.01749403814,0.513368983957,1.2536673475,0.394573414091,4.4,3.17727272727,1.2536673475,4.4,0.213333333333,0.153846153846,2,0.0121212121212,0.205555555556,11,11,11,1,0,0.0909090909091,0.636363636364,0.272727272727,-3,-0.0272727272727,0.133884297521,-0.545454545455,-0.3,-0.375,-0.389190409368,-0.0439221612377,-0.0368983957219,-0.347548883978,-0.111544284527,-0.0689839572193,-0.367518585835,-0.0495111164884,-0.0229946524064,0.196768572961,0.0472964236795,0.854545454545,0.133884297521,0.196768572961,0.854545454545,-0.285714285714,-0.246153846154,-6,-0.0363636363636,-0.05,0,0,0,17,0,3,90,0.85,1,0,0.15,1,0.85,0.918918918919,0.906962317388,0.85,0.85,4,7,0,0,0,0
1638,WLNM_dir_neg,0.826530612245,0.502583725798,00:00:00,10,40,32,1174695181,threshold_sweep,0.9,1,0.428571428571,0.6,3,0,4,14,0.428571428571,1,0,0.571428571429,1,0.428571428571,0.6,0.809523809524,0.619047619048,0.5,0.57735026919,0.428571428571,20,13,7,0,20,0,13,0,7,11,20,0.181818181818,3.04338842975,3.63636363636,2,2.5,1.68954001271,0.464623503495,0.245454545455,1.16774841624,0.642261628933,0.336363636364,1.94000937205,1.06700515463,0.536363636364,1.05689877454,0.347276990411,3.54545454545,3.04338842975,1.05689877454,3.54545454545,0.499047619048,0.4,8,0.0484848484848,0.255555555556,11,11,11,1,0,0.0909090909091,0.636363636364,0.272727272727,11,0.118181818182,3.72727272727,2.36363636364,1.3,1.625,1.43336856898,0.6064251638,0.286713286713,0.603022689156,0.510249967747,0.237762237762,1.40129809949,1.18571377649,0.503496503497,2.05382127221,0.551025219373,7,3.72727272727,2.05382127221,7,0,0,0,0,0.22962962963,11,11,11,1,0,0.0909090909091,0.636363636364,0.272727272727,11,16,0.145454545455,3.25,2.90909090909,1.6,2,1.22102788294,0.41972833476,0.181818181818,0.687551650952,0.47269176003,0.227272727273,1.50755672289,1.03644524699,0.511363636364,1.3758835545,0.423348786001,4.66666666667,3.25,1.3758835545,4.66666666667,0.213333333333,0.176470588235,2,0.0121212121212,0.192592592593,11,11,11,1,0,0.0909090909091,0.636363636364,0.272727272727,-4,-0.0363636363636,0.206611570248,-0.727272727273,-0.4,-0.5,-0.468512129772,-0.0448951687355,-0.0636363636364,-0.48019676529,-0.169569868904,-0.109090909091,-0.43245264916,-0.0305599076407,-0.025,0.318984779967,0.07607179559,1.12121212121,0.206611570248,0.318984779967,1.12121212121,-0.285714285714,-0.223529411765,-6,-0.0363636363636,-0.062962962963,0,0,0,16,0,4,90,0.8,1,0,0.2,1,0.8,0.888888888889,0.875189948987,0.8,0.8,3,7,0,0,0,0
1639,WLNM_dir_neg,0.80612244898,0.428774201988,00:00:00,10,40,33,1174695182,threshold_sweep,0.1,0.8,0.571428571429,0.666666666667,4,1,3,13,0.571428571429,0.928571428571,0.0714285714286,0.428571428571,0.8,0.571428571429,0.666666666667,0.809523809524,0.587301587302,0.538461538462,0.553398590529,0.5,20,13,7,0,20,0,13,0,7,11,20,0.181818181818,3.04338842975,3.63636363636,2,2.5,1.68954001271,0.464623503495,0.245454545455,1.16774841624,0.642261628933,0.336363636364,1.94000937205,1.06700515463,0.536363636364,1.05689877454,0.347276990411,3.54545454545,3.04338842975,1.05689877454,3.54545454545,0.499047619048,0.4,8,0.0484848484848,0.255555555556,11,11,11,1,0,0.0909090909091,0.636363636364,0.272727272727,11,0.118181818182,3.72727272727,2.36363636364,1.3,1.625,1.43336856898,0.6064251638,0.286713286713,0.603022689156,0.510249967747,0.237762237762,1.40129809949,1.18571377649,0.503496503497,2.05382127221,0.551025219373,7,3.72727272727,2.05382127221,7,0,0,0,0,0.22962962963,11,11,11,1,0,0.0909090909091,0.636363636364,0.272727272727,11,18,0.163636363636,3.21818181818,3.27272727273,1.8,2,1.27207775634,0.388690425549,0.191919191919,0.924416277737,0.564921058617,0.292929292929,1.50151438706,0.917592125425,0.454545454545,1.30485108868,0.405462202698,4.55,3.21818181818,1.30485108868,4.55,0.28,0.204545454545,3,0.0181818181818,0.2,11,11,11,1,0,0.0909090909091,0.727272727273,0.181818181818,-2,-0.0181818181818,0.17479338843,-0.363636363636,-0.2,-0.5,-0.417462256367,-0.0759330779459,-0.0535353535354,-0.243332138505,-0.0773405703161,-0.0434343434343,-0.438494984989,-0.149413029202,-0.0818181818182,0.247952314146,0.0581852122867,1.00454545455,0.17479338843,0.247952314146,1.00454545455,-0.219047619048,-0.195454545455,-5,-0.030303030303,-0.0555555555556,0,0.0909090909091,-0.0909090909091,17,1,3,89,0.85,0.988888888889,0.0111111111111,0.15,0.944444444444,0.85,0.894736842105,0.874602125628,0.838888888889,0.809523809524,5,7,0,0,0,0
1640,WLNM_dir_neg,0.80612244898,0.428774201988,00:00:00,10,40,33,1174695182,threshold_sweep,0.2,0.8,0.571428571429,0.666666666667,4,1,3,13,0.571428571429,0.928571428571,0.0714285714286,0.428571428571,0.8,0.571428571429,0.666666666667,0.809523809524,0.587301587302,0.538461538462,0.553398590529,0.5,20,13,7,0,20,0,13,0,7,11,20,0.181818181818,3.04338842975,3.63636363636,2,2.5,1.68954001271,0.464623503495,0.245454545455,1.16774841624,0.642261628933,0.336363636364,1.94000937205,1.06700515463,0.536363636364,1.05689877454,0.347276990411,3.54545454545,3.04338842975,1.05689877454,3.54545454545,0.499047619048,0.4,8,0.0484848484848,0.255555555556,11,11,11,1,0,0.0909090909091,0.636363636364,0.272727272727,11,0.118181818182,3.72727272727,2.36363636364,1.3,1.625,1.43336856898,0.6064251638,0.286713286713,0.603022689156,0.510249967747,0.237762237762,1.40129809949,1.18571377649,0.503496503497,2.05382127221,0.551025219373,7,3.72727272727,2.05382127221,7,0,0,0,0,0.22962962963,11,11,11,1,0,0.0909090909091,0.636363636364,0.272727272727,11,18,0.163636363636,3.21818181818,3.27272727273,1.8,2,1.27207775634,0.388690425549,0.191919191919,0.924416277737,0.564921058617,0.292929292929,1.50151438706,0.917592125425,0.454545454545,1.30485108868,0.405462202698,4.55,3.21818181818,1.30485108868,4.55,0.28,0.204545454545,3,0.0181818181818,0.2,11,11,11,1,0,0.0909090909091,0.727272727273,0.181818181818,-2,-0.0181818181818,0.17479338843,-0.363636363636,-0.2,-0.5,-0.417462256367,-0.0759330779459,-0.0535353535354,-0.243332138505,-0.0773405703161,-0.0434343434343,-0.438494984989,-0.149413029202,-0.0818181818182,0.247952314146,0.0581852122867,1.00454545455,0.17479338843,0.247952314146,1.00454545455,-0.219047619048,-0.195454545455,-5,-0.030303030303,-0.0555555555556,0,0.0909090909091,-0.0909090909091,17,1,3,89,0.85,0.988888888889,0.0111111111111,0.15,0.944444444444,0.85,0.894736842105,0.874602125628,0.838888888889,0.809523809524,5,7,0,0,0,0
1641,WLNM_dir_neg,0.80612244898,0.428774201988,00:00:00,10,40,33,1174695182,threshold_sweep,0.3,0.75,0.428571428571,0.545454545455,3,1,4,13,0.428571428571,0.928571428571,0.0714285714286,0.571428571429,0.75,0.428571428571,0.545454545455,0.761904761905,0.603174603175,0.4,0.428746462856,0.357142857143,20,13,7,0,20,0,13,0,7,11,20,0.181818181818,3.04338842975,3.63636363636,2,2.5,1.68954001271,0.464623503495,0.245454545455,1.16774841624,0.642261628933,0.336363636364,1.94000937205,1.06700515463,0.536363636364,1.05689877454,0.347276990411,3.54545454545,3.04338842975,1.05689877454,3.54545454545,0.499047619048,0.4,8,0.0484848484848,0.255555555556,11,11,11,1,0,0.0909090909091,0.636363636364,0.272727272727,11,0.118181818182,3.72727272727,2.36363636364,1.3,1.625,1.43336856898,0.6064251638,0.286713286713,0.603022689156,0.510249967747,0.237762237762,1.40129809949,1.18571377649,0.503496503497,2.05382127221,0.551025219373,7,3.72727272727,2.05382127221,7,0,0,0,0,0.22962962963,11,11,11,1,0,0.0909090909091,0.636363636364,0.272727272727,11,17,0.154545454545,3.29545454545,3.09090909091,1.7,1.88888888889,1.22102788294,0.395038432715,0.176470588235,0.820199532265,0.530717344407,0.267379679144,1.43969693781,0.931568606815,0.449197860963,1.4329280611,0.434819549575,4.83333333333,3.29545454545,1.4329280611,4.83333333333,0.296666666667,0.230769230769,3,0.0181818181818,0.188888888889,11,11,11,1,0,0.0909090909091,0.727272727273,0.181818181818,-3,-0.0272727272727,0.252066115702,-0.545454545455,-0.3,-0.611111111111,-0.468512129772,-0.0695850707802,-0.0689839572193,-0.347548883978,-0.111544284527,-0.0689839572193,-0.500312434243,-0.135436547811,-0.0871657754011,0.376029286561,0.0875425591633,1.28787878788,0.252066115702,0.376029286561,1.28787878788,-0.202380952381,-0.169230769231,-5,-0.030303030303,-0.0666666666667,0,0.0909090909091,-0.0909090909091,16,1,4,89,0.8,0.988888888889,0.0111111111111,0.2,0.941176470588,0.8,0.864864864865,0.841755876268,0.788888888889,0.761904761905,4,7,0,0,0,0
1642,WLNM_dir_neg,0.80612244898,0.428774201988,00:00:00,10,40,33,1174695182,threshold_sweep,0.4,0.75,0.428571428571,0.545454545455,3,1,4,13,0.428571428571,0.928571428571,0.0714285714286,0.571428571429,0.75,0.428571428571,0.545454545455,0.761904761905,0.603174603175,0.4,0.428746462856,0.357142857143,20,13,7,0,20,0,13,0,7,11,20,0.181818181818,3.04338842975,3.63636363636,2,2.5,1.68954001271,0.464623503495,0.245454545455,1.16774841624,0.642261628933,0.336363636364,1.94000937205,1.06700515463,0.536363636364,1.05689877454,0.347276990411,3.54545454545,3.04338842975,1.05689877454,3.54545454545,0.499047619048,0.4,8,0.0484848484848,0.255555555556,11,11,11,1,0,0.0909090909091,0.636363636364,0.272727272727,11,0.118181818182,3.72727272727,2.36363636364,1.3,1.625,1.43336856898,0.6064251638,0.286713286713,0.603022689156,0.510249967747,0.237762237762,1.40129809949,1.18571377649,0.503496503497,2.05382127221,0.551025219373,7,3.72727272727,2.05382127221,7,0,0,0,0,0.22962962963,11,11,11,1,0,0.0909090909091,0.636363636364,0.272727272727,11,17,0.154545454545,3.29545454545,3.09090909091,1.7,1.88888888889,1.22102788294,0.395038432715,0.176470588235,0.820199532265,0.530717344407,0.267379679144,1.43969693781,0.931568606815,0.449197860963,1.4329280611,0.434819549575,4.83333333333,3.29545454545,1.4329280611,4.83333333333,0.296666666667,0.230769230769,3,0.0181818181818,0.188888888889,11,11,11,1,0,0.0909090909091,0.727272727273,0.181818181818,-3,-0.0272727272727,0.252066115702,-0.545454545455,-0.3,-0.611111111111,-0.468512129772,-0.0695850707802,-0.0689839572193,-0.347548883978,-0.111544284527,-0.0689839572193,-0.500312434243,-0.135436547811,-0.0871657754011,0.376029286561,0.0875425591633,1.28787878788,0.252066115702,0.376029286561,1.28787878788,-0.202380952381,-0.169230769231,-5,-0.030303030303,-0.0666666666667,0,0.0909090909091,-0.0909090909091,16,1,4,89,0.8,0.988888888889,0.0111111111111,0.2,0.941176470588,0.8,0.864864864865,0.841755876268,0.788888888889,0.761904761905,4,7,0,0,0,0
1643,WLNM_dir_neg,0.80612244898,0.428774201988,00:00:00,10,40,33,1174695182,threshold_sweep,0.5,0.75,0.428571428571,0.545454545455,3,1,4,13,0.428571428571,0.928571428571,0.0714285714286,0.571428571429,0.75,0.428571428571,0.545454545455,0.761904761905,0.603174603175,0.4,0.428746462856,0.357142857143,20,13,7,0,20,0,13,0,7,11,20,0.181818181818,3.04338842975,3.63636363636,2,2.5,1.68954001271,0.464623503495,0.245454545455,1.16774841624,0.642261628933,0.336363636364,1.94000937205,1.06700515463,0.536363636364,1.05689877454,0.347276990411,3.54545454545,3.04338842975,1.05689877454,3.54545454545,0.499047619048,0.4,8,0.0484848484848,0.255555555556,11,11,11,1,0,0.0909090909091,0.636363636364,0.272727272727,11,0.118181818182,3.72727272727,2.36363636364,1.3,1.625,1.43336856898,0.6064251638,0.286713286713,0.603022689156,0.510249967747,0.237762237762,1.40129809949,1.18571377649,0.503496503497,2.05382127221,0.551025219373,7,3.72727272727,2.05382127221,7,0,0,0,0,0.22962962963,11,11,11,1,0,0.0909090909091,0.636363636364,0.272727272727,11,17,0.154545454545,3.29545454545,3.09090909091,1.7,1.88888888889,1.22102788294,0.395038432715,0.176470588235,0.820199532265,0.530717344407,0.267379679144,1.43969693781,0.931568606815,0.449197860963,1.4329280611,0.434819549575,4.83333333333,3.29545454545,1.4329280611,4.83333333333,0.296666666667,0.230769230769,3,0.0181818181818,0.188888888889,11,11,11,1,0,0.0909090909091,0.727272727273,0.181818181818,-3,-0.0272727272727,0.252066115702,-0.545454545455,-0.3,-0.611111111111,-0.468512129772,-0.0695850707802,-0.0689839572193,-0.347548883978,-0.111544284527,-0.0689839572193,-0.500312434243,-0.135436547811,-0.0871657754011,0.376029286561,0.0875425591633,1.28787878788,0.252066115702,0.376029286561,1.28787878788,-0.202380952381,-0.169230769231,-5,-0.030303030303,-0.0666666666667,0,0.0909090909091,-0.0909090909091,16,1,4,89,0.8,0.988888888889,0.0111111111111,0.2,0.941176470588,0.8,0.864864864865,0.841755876268,0.788888888889,0.761904761905,4,7,0,0,0,0
1644,WLNM_dir_neg,0.80612244898,0.428774201988,00:00:00,10,40,33,1174695182,threshold_sweep,0.6,0.75,0.428571428571,0.545454545455,3,1,4,13,0.428571428571,0.928571428571,0.0714285714286,0.571428571429,0.75,0.428571428571,0.545454545455,0.761904761905,0.603174603175,0.4,0.428746462856,0.357142857143,20,13,7,0,20,0,13,0,7,11,20,0.181818181818,3.04338842975,3.63636363636,2,2.5,1.68954001271,0.464623503495,0.245454545455,1.16774841624,0.642261628933,0.336363636364,1.94000937205,1.06700515463,0.536363636364,1.05689877454,0.347276990411,3.54545454545,3.04338842975,1.05689877454,3.54545454545,0.499047619048,0.4,8,0.0484848484848,0.255555555556,11,11,11,1,0,0.0909090909091,0.636363636364,0.272727272727,11,0.118181818182,3.72727272727,2.36363636364,1.3,1.625,1.43336856898,0.6064251638,0.286713286713,0.603022689156,0.510249967747,0.237762237762,1.40129809949,1.18571377649,0.503496503497,2.05382127221,0.551025219373,7,3.72727272727,2.05382127221,7,0,0,0,0,0.22962962963,11,11,11,1,0,0.0909090909091,0.636363636364,0.272727272727,11,17,0.154545454545,3.29545454545,3.09090909091,1.7,1.88888888889,1.22102788294,0.395038432715,0.176470588235,0.820199532265,0.530717344407,0.267379679144,1.43969693781,0.931568606815,0.449197860963,1.4329280611,0.434819549575,4.83333333333,3.29545454545,1.4329280611,4.83333333333,0.296666666667,0.230769230769,3,0.0181818181818,0.188888888889,11,11,11,1,0,0.0909090909091,0.727272727273,0.181818181818,-3,-0.0272727272727,0.252066115702,-0.545454545455,-0.3,-0.611111111111,-0.468512129772,-0.0695850707802,-0.0689839572193,-0.347548883978,-0.111544284527,-0.0689839572193,-0.500312434243,-0.135436547811,-0.0871657754011,0.376029286561,0.0875425591633,1.28787878788,0.252066115702,0.376029286561,1.28787878788,-0.202380952381,-0.169230769231,-5,-0.030303030303,-0.0666666666667,0,0.0909090909091,-0.0909090909091,16,1,4,89,0.8,0.988888888889,0.0111111111111,0.2,0.941176470588,0.8,0.864864864865,0.841755876268,0.788888888889,0.761904761905,4,7,0,0,0,0
1645,WLNM_dir_neg,0.80612244898,0.428774201988,00:00:00,10,40,33,1174695182,threshold_sweep,0.7,0.666666666667,0.285714285714,0.4,2,1,5,13,0.285714285714,0.928571428571,0.0714285714286,0.714285714286,0.666666666667,0.285714285714,0.4,0.714285714286,0.619047619048,0.25,0.288675134595,0.214285714286,20,13,7,0,20,0,13,0,7,11,20,0.181818181818,3.04338842975,3.63636363636,2,2.5,1.68954001271,0.464623503495,0.245454545455,1.16774841624,0.642261628933,0.336363636364,1.94000937205,1.06700515463,0.536363636364,1.05689877454,0.347276990411,3.54545454545,3.04338842975,1.05689877454,3.54545454545,0.499047619048,0.4,8,0.0484848484848,0.255555555556,11,11,11,1,0,0.0909090909091,0.636363636364,0.272727272727,11,0.118181818182,3.72727272727,2.36363636364,1.3,1.625,1.43336856898,0.6064251638,0.286713286713,0.603022689156,0.510249967747,0.237762237762,1.40129809949,1.18571377649,0.503496503497,2.05382127221,0.551025219373,7,3.72727272727,2.05382127221,7,0,0,0,0,0.22962962963,11,11,11,1,0,0.0909090909091,0.636363636364,0.272727272727,11,16,0.145454545455,3.68181818182,2.90909090909,1.6,1.77777777778,1.30034960334,0.446995176148,0.215909090909,0.820199532265,0.563887178432,0.284090909091,1.43969693781,0.989791644741,0.454545454545,2.19400008287,0.595901257076,7.25,3.68181818182,2.19400008287,7.25,0.32962962963,0.25,3,0.0181818181818,0.183333333333,11,11,11,1,0,0.0909090909091,0.727272727273,0.181818181818,-4,-0.0363636363636,0.638429752066,-0.727272727273,-0.4,-0.722222222222,-0.389190409368,-0.0176283273466,-0.0295454545455,-0.347548883978,-0.0783744505013,-0.0522727272727,-0.500312434243,-0.0772135098853,-0.0818181818182,1.13710130833,0.248624266665,3.70454545455,0.638429752066,1.13710130833,3.70454545455,-0.169417989418,-0.15,-5,-0.030303030303,-0.0722222222222,0,0.0909090909091,-0.0909090909091,15,1,5,89,0.75,0.988888888889,0.0111111111111,0.25,0.9375,0.75,0.833333333333,0.808335161217,0.738888888889,0.714285714286,3,7,0,0,0,0
1646,WLNM_dir_neg,0.80612244898,0.428774201988,00:00:00,10,40,33,1174695182,threshold_sweep,0.8,0.666666666667,0.285714285714,0.4,2,1,5,13,0.285714285714,0.928571428571,0.0714285714286,0.714285714286,0.666666666667,0.285714285714,0.4,0.714285714286,0.619047619048,0.25,0.288675134595,0.214285714286,20,13,7,0,20,0,13,0,7,11,20,0.181818181818,3.04338842975,3.63636363636,2,2.5,1.68954001271,0.464623503495,0.245454545455,1.16774841624,0.642261628933,0.336363636364,1.94000937205,1.06700515463,0.536363636364,1.05689877454,0.347276990411,3.54545454545,3.04338842975,1.05689877454,3.54545454545,0.499047619048,0.4,8,0.0484848484848,0.255555555556,11,11,11,1,0,0.0909090909091,0.636363636364,0.272727272727,11,0.118181818182,3.72727272727,2.36363636364,1.3,1.625,1.43336856898,0.6064251638,0.286713286713,0.603022689156,0.510249967747,0.237762237762,1.40129809949,1.18571377649,0.503496503497,2.05382127221,0.551025219373,7,3.72727272727,2.05382127221,7,0,0,0,0,0.22962962963,11,11,11,1,0,0.0909090909091,0.636363636364,0.272727272727,11,16,0.145454545455,3.68181818182,2.90909090909,1.6,1.77777777778,1.30034960334,0.446995176148,0.215909090909,0.820199532265,0.563887178432,0.284090909091,1.43969693781,0.989791644741,0.454545454545,2.19400008287,0.595901257076,7.25,3.68181818182,2.19400008287,7.25,0.32962962963,0.25,3,0.0181818181818,0.183333333333,11,11,11,1,0,0.0909090909091,0.727272727273,0.181818181818,-4,-0.0363636363636,0.638429752066,-0.727272727273,-0.4,-0.722222222222,-0.389190409368,-0.0176283273466,-0.0295454545455,-0.347548883978,-0.0783744505013,-0.0522727272727,-0.500312434243,-0.0772135098853,-0.0818181818182,1.13710130833,0.248624266665,3.70454545455,0.638429752066,1.13710130833,3.70454545455,-0.169417989418,-0.15,-5,-0.030303030303,-0.0722222222222,0,0.0909090909091,-0.0909090909091,15,1,5,89,0.75,0.988888888889,0.0111111111111,0.25,0.9375,0.75,0.833333333333,0.808335161217,0.738888888889,0.714285714286,3,7,0,0,0,0
1647,WLNM_dir_neg,0.80612244898,0.428774201988,00:00:00,10,40,33,1174695182,threshold_sweep,0.9,1,0.285714285714,0.444444444444,2,0,5,14,0.285714285714,1,0,0.714285714286,1,0.285714285714,0.444444444444,0.761904761905,0.634920634921,0.347826086957,0.458831467741,0.285714285714,20,13,7,0,20,0,13,0,7,11,20,0.181818181818,3.04338842975,3.63636363636,2,2.5,1.68954001271,0.464623503495,0.245454545455,1.16774841624,0.642261628933,0.336363636364,1.94000937205,1.06700515463,0.536363636364,1.05689877454,0.347276990411,3.54545454545,3.04338842975,1.05689877454,3.54545454545,0.499047619048,0.4,8,0.0484848484848,0.255555555556,11,11,11,1,0,0.0909090909091,0.636363636364,0.272727272727,11,0.118181818182,3.72727272727,2.36363636364,1.3,1.625,1.43336856898,0.6064251638,0.286713286713,0.603022689156,0.510249967747,0.237762237762,1.40129809949,1.18571377649,0.503496503497,2.05382127221,0.551025219373,7,3.72727272727,2.05382127221,7,0,0,0,0,0.22962962963,11,11,11,1,0,0.0909090909091,0.636363636364,0.272727272727,11,15,0.136363636364,3.61363636364,2.72727272727,1.5,1.875,1.27207775634,0.466428510659,0.212121212121,0.674199862463,0.494413232473,0.242424242424,1.50151438706,1.10111055051,0.521212121212,2.09572074823,0.579947880012,7,3.61363636364,2.09572074823,7,0.237037037037,0.193548387097,2,0.0121212121212,0.185185185185,11,11,11,1,0,0.0909090909091,0.636363636364,0.272727272727,-5,-0.0454545454545,0.570247933884,-0.909090909091,-0.5,-0.625,-0.417462256367,0.00180500716395,-0.0333333333333,-0.493548553779,-0.14784839646,-0.0939393939394,-0.438494984989,0.0341053958833,-0.0151515151515,1.03882197369,0.232670889601,3.45454545455,0.570247933884,1.03882197369,3.45454545455,-0.262010582011,-0.206451612903,-6,-0.0363636363636,-0.0703703703704,0,0,0,15,0,5,90,0.75,1,0,0.25,1,0.75,0.857142857143,0.842927230424,0.75,0.75,2,7,0,0,0,0
1648,WLNM_dir_neg,0.938775510204,0.618452380952,00:00:00,10,40,34,1174695183,threshold_sweep,0.1,1,0.714285714286,0.833333333333,5,0,2,14,0.714285714286,1,0,0.285714285714,1,0.714285714286,0.833333333333,0.904761904762,0.587301587302,0.769230769231,0.790569415042,0.714285714286,20,13,7,0,20,0,13,0,7,11,20,0.181818181818,3.04338842975,3.63636363636,2,2.5,1.68954001271,0.464623503495,0.245454545455,1.16774841624,0.642261628933,0.336363636364,1.94000937205,1.06700515463,0.536363636364,1.05689877454,0.347276990411,3.54545454545,3.04338842975,1.05689877454,3.54545454545,0.499047619048,0.4,8,0.0484848484848,0.255555555556,11,11,11,1,0,0.0909090909091,0.636363636364,0.272727272727,11,0.118181818182,3.72727272727,2.36363636364,1.3,1.625,1.43336856898,0.6064251638,0.286713286713,0.603022689156,0.510249967747,0.237762237762,1.40129809949,1.18571377649,0.503496503497,2.05382127221,0.551025219373,7,3.72727272727,2.05382127221,7,0,0,0,0,0.22962962963,11,11,11,1,0,0.0909090909091,0.636363636364,0.272727272727,11,18,0.163636363636,3.11363636364,3.27272727273,1.8,2.25,1.42062726223,0.434080552347,0.227272727273,0.924416277737,0.564921058617,0.292929292929,1.68954001271,1.03249667443,0.525252525253,1.14353419474,0.367266456706,3.875,3.11363636364,1.14353419474,3.875,0.366666666667,0.266666666667,4,0.0242424242424,0.221111111111,11,11,11,1,0,0.0909090909091,0.636363636364,0.272727272727,-2,-0.0181818181818,0.0702479338843,-0.363636363636,-0.2,-0.25,-0.268912750482,-0.030542951148,-0.0181818181818,-0.243332138505,-0.0773405703161,-0.0434343434343,-0.250469359339,-0.0345084801933,-0.0111111111111,0.0866354202056,0.0199894662943,0.329545454545,0.0702479338843,0.0866354202056,0.329545454545,-0.132380952381,-0.133333333333,-4,-0.0242424242424,-0.0344444444444,0,0,0,18,0,2,90,0.9,1,0,0.1,1,0.9,0.947368421053,0.938314863257,0.9,0.9,5,7,0,0,0,0
1649,WLNM_dir_neg,0.938775510204,0.618452380952,00:00:00,10,40,34,1174695183,threshold_sweep,0.2,1,0.714285714286,0.833333333333,5,0,2,14,0.714285714286,1,0,0.285714285714,1,0.714285714286,0.833333333333,0.904761904762,0.587301587302,0.769230769231,0.790569415042,0.714285714286,20,13,7,0,20,0,13,0,7,11,20,0.181818181818,3.04338842975,3.63636363636,2,2.5,1.68954001271,0.464623503495,0.245454545455,1.16774841624,0.642261628933,0.336363636364,1.94000937205,1.06700515463,0.536363636364,1.05689877454,0.347276990411,3.54545454545,3.04338842975,1.05689877454,3.54545454545,0.499047619048,0.4,8,0.0484848484848,0.255555555556,11,11,11,1,0,0.0909090909091,0.636363636364,0.272727272727,11,0.118181818182,3.72727272727,2.36363636364,1.3,1.625,1.43336856898,0.6064251638,0.286713286713,0.603022689156,0.510249967747,0.237762237762,1.40129809949,1.18571377649,0.503496503497,2.05382127221,0.551025219373,7,3.72727272727,2.05382127221,7,0,0,0,0,0.22962962963,11,11,11,1,0,0.0909090909091,0.636363636364,0.272727272727,11,18,0.163636363636,3.11363636364,3.27272727273,1.8,2.25,1.42062726223,0.434080552347,0.227272727273,0.924416277737,0.564921058617,0.292929292929,1.68954001271,1.03249667443,0.525252525253,1.14353419474,0.367266456706,3.875,3.11363636364,1.14353419474,3.875,0.366666666667,0.266666666667,4,0.0242424242424,0.221111111111,11,11,11,1,0,0.0909090909091,0.636363636364,0.272727272727,-2,-0.0181818181818,0.0702479338843,-0.363636363636,-0.2,-0.25,-0.268912750482,-0.030542951148,-0.0181818181818,-0.243332138505,-0.0773405703161,-0.0434343434343,-0.250469359339,-0.0345084801933,-0.0111111111111,0.0866354202056,0.0199894662943,0.329545454545,0.0702479338843,0.0866354202056,0.329545454545,-0.132380952381,-0.133333333333,-4,-0.0242424242424,-0.0344444444444,0,0,0,18,0,2,90,0.9,1,0,0.1,1,0.9,0.947368421053,0.938314863257,0.9,0.9,5,7,0,0,0,0
1650,WLNM_dir_neg,0.938775510204,0.618452380952,00:00:00,10,40,34,1174695183,threshold_sweep,0.3,1,0.714285714286,0.833333333333,5,0,2,14,0.714285714286,1,0,0.285714285714,1,0.714285714286,0.833333333333,0.904761904762,0.587301587302,0.769230769231,0.790569415042,0.714285714286,20,13,7,0,20,0,13,0,7,11,20,0.181818181818,3.04338842975,3.63636363636,2,2.5,1.68954001271,0.464623503495,0.245454545455,1.16774841624,0.642261628933,0.336363636364,1.94000937205,1.06700515463,0.536363636364,1.05689877454,0.347276990411,3.54545454545,3.04338842975,1.05689877454,3.54545454545,0.499047619048,0.4,8,0.0484848484848,0.255555555556,11,11,11,1,0,0.0909090909091,0.636363636364,0.272727272727,11,0.118181818182,3.72727272727,2.36363636364,1.3,1.625,1.43336856898,0.6064251638,0.286713286713,0.603022689156,0.510249967747,0.237762237762,1.40129809949,1.18571377649,0.503496503497,2.05382127221,0.551025219373,7,3.72727272727,2.05382127221,7,0,0,0,0,0.22962962963,11,11,11,1,0,0.0909090909091,0.636363636364,0.272727272727,11,18,0.163636363636,3.11363636364,3.27272727273,1.8,2.25,1.42062726223,0.434080552347,0.227272727273,0.924416277737,0.564921058617,0.292929292929,1.68954001271,1.03249667443,0.525252525253,1.14353419474,0.367266456706,3.875,3.11363636364,1.14353419474,3.875,0.366666666667,0.266666666667,4,0.0242424242424,0.221111111111,11,11,11,1,0,0.0909090909091,0.636363636364,0.272727272727,-2,-0.0181818181818,0.0702479338843,-0.363636363636,-0.2,-0.25,-0.268912750482,-0.030542951148,-0.0181818181818,-0.243332138505,-0.0773405703161,-0.0434343434343,-0.250469359339,-0.0345084801933,-0.0111111111111,0.0866354202056,0.0199894662943,0.329545454545,0.0702479338843,0.0866354202056,0.329545454545,-0.132380952381,-0.133333333333,-4,-0.0242424242424,-0.0344444444444,0,0,0,18,0,2,90,0.9,1,0,0.1,1,0.9,0.947368421053,0.938314863257,0.9,0.9,5,7,0,0,0,0
1651,WLNM_dir_neg,0.938775510204,0.618452380952,00:00:00,10,40,34,1174695183,threshold_sweep,0.4,1,0.714285714286,0.833333333333,5,0,2,14,0.714285714286,1,0,0.285714285714,1,0.714285714286,0.833333333333,0.904761904762,0.587301587302,0.769230769231,0.790569415042,0.714285714286,20,13,7,0,20,0,13,0,7,11,20,0.181818181818,3.04338842975,3.63636363636,2,2.5,1.68954001271,0.464623503495,0.245454545455,1.16774841624,0.642261628933,0.336363636364,1.94000937205,1.06700515463,0.536363636364,1.05689877454,0.347276990411,3.54545454545,3.04338842975,1.05689877454,3.54545454545,0.499047619048,0.4,8,0.0484848484848,0.255555555556,11,11,11,1,0,0.0909090909091,0.636363636364,0.272727272727,11,0.118181818182,3.72727272727,2.36363636364,1.3,1.625,1.43336856898,0.6064251638,0.286713286713,0.603022689156,0.510249967747,0.237762237762,1.40129809949,1.18571377649,0.503496503497,2.05382127221,0.551025219373,7,3.72727272727,2.05382127221,7,0,0,0,0,0.22962962963,11,11,11,1,0,0.0909090909091,0.636363636364,0.272727272727,11,18,0.163636363636,3.11363636364,3.27272727273,1.8,2.25,1.42062726223,0.434080552347,0.227272727273,0.924416277737,0.564921058617,0.292929292929,1.68954001271,1.03249667443,0.525252525253,1.14353419474,0.367266456706,3.875,3.11363636364,1.14353419474,3.875,0.366666666667,0.266666666667,4,0.0242424242424,0.221111111111,11,11,11,1,0,0.0909090909091,0.636363636364,0.272727272727,-2,-0.0181818181818,0.0702479338843,-0.363636363636,-0.2,-0.25,-0.268912750482,-0.030542951148,-0.0181818181818,-0.243332138505,-0.0773405703161,-0.0434343434343,-0.250469359339,-0.0345084801933,-0.0111111111111,0.0866354202056,0.0199894662943,0.329545454545,0.0702479338843,0.0866354202056,0.329545454545,-0.132380952381,-0.133333333333,-4,-0.0242424242424,-0.0344444444444,0,0,0,18,0,2,90,0.9,1,0,0.1,1,0.9,0.947368421053,0.938314863257,0.9,0.9,5,7,0,0,0,0
1652,WLNM_dir_neg,0.938775510204,0.618452380952,00:00:00,10,40,34,1174695183,threshold_sweep,0.5,1,0.714285714286,0.833333333333,5,0,2,14,0.714285714286,1,0,0.285714285714,1,0.714285714286,0.833333333333,0.904761904762,0.587301587302,0.769230769231,0.790569415042,0.714285714286,20,13,7,0,20,0,13,0,7,11,20,0.181818181818,3.04338842975,3.63636363636,2,2.5,1.68954001271,0.464623503495,0.245454545455,1.16774841624,0.642261628933,0.336363636364,1.94000937205,1.06700515463,0.536363636364,1.05689877454,0.347276990411,3.54545454545,3.04338842975,1.05689877454,3.54545454545,0.499047619048,0.4,8,0.0484848484848,0.255555555556,11,11,11,1,0,0.0909090909091,0.636363636364,0.272727272727,11,0.118181818182,3.72727272727,2.36363636364,1.3,1.625,1.43336856898,0.6064251638,0.286713286713,0.603022689156,0.510249967747,0.237762237762,1.40129809949,1.18571377649,0.503496503497,2.05382127221,0.551025219373,7,3.72727272727,2.05382127221,7,0,0,0,0,0.22962962963,11,11,11,1,0,0.0909090909091,0.636363636364,0.272727272727,11,18,0.163636363636,3.11363636364,3.27272727273,1.8,2.25,1.42062726223,0.434080552347,0.227272727273,0.924416277737,0.564921058617,0.292929292929,1.68954001271,1.03249667443,0.525252525253,1.14353419474,0.367266456706,3.875,3.11363636364,1.14353419474,3.875,0.366666666667,0.266666666667,4,0.0242424242424,0.221111111111,11,11,11,1,0,0.0909090909091,0.636363636364,0.272727272727,-2,-0.0181818181818,0.0702479338843,-0.363636363636,-0.2,-0.25,-0.268912750482,-0.030542951148,-0.0181818181818,-0.243332138505,-0.0773405703161,-0.0434343434343,-0.250469359339,-0.0345084801933,-0.0111111111111,0.0866354202056,0.0199894662943,0.329545454545,0.0702479338843,0.0866354202056,0.329545454545,-0.132380952381,-0.133333333333,-4,-0.0242424242424,-0.0344444444444,0,0,0,18,0,2,90,0.9,1,0,0.1,1,0.9,0.947368421053,0.938314863257,0.9,0.9,5,7,0,0,0,0
1653,WLNM_dir_neg,0.938775510204,0.618452380952,00:00:00,10,40,34,1174695183,threshold_sweep,0.6,1,0.714285714286,0.833333333333,5,0,2,14,0.714285714286,1,0,0.285714285714,1,0.714285714286,0.833333333333,0.904761904762,0.587301587302,0.769230769231,0.790569415042,0.714285714286,20,13,7,0,20,0,13,0,7,11,20,0.181818181818,3.04338842975,3.63636363636,2,2.5,1.68954001271,0.464623503495,0.245454545455,1.16774841624,0.642261628933,0.336363636364,1.94000937205,1.06700515463,0.536363636364,1.05689877454,0.347276990411,3.54545454545,3.04338842975,1.05689877454,3.54545454545,0.499047619048,0.4,8,0.0484848484848,0.255555555556,11,11,11,1,0,0.0909090909091,0.636363636364,0.272727272727,11,0.118181818182,3.72727272727,2.36363636364,1.3,1.625,1.43336856898,0.6064251638,0.286713286713,0.603022689156,0.510249967747,0.237762237762,1.40129809949,1.18571377649,0.503496503497,2.05382127221,0.551025219373,7,3.72727272727,2.05382127221,7,0,0,0,0,0.22962962963,11,11,11,1,0,0.0909090909091,0.636363636364,0.272727272727,11,18,0.163636363636,3.11363636364,3.27272727273,1.8,2.25,1.42062726223,0.434080552347,0.227272727273,0.924416277737,0.564921058617,0.292929292929,1.68954001271,1.03249667443,0.525252525253,1.14353419474,0.367266456706,3.875,3.11363636364,1.14353419474,3.875,0.366666666667,0.266666666667,4,0.0242424242424,0.221111111111,11,11,11,1,0,0.0909090909091,0.636363636364,0.272727272727,-2,-0.0181818181818,0.0702479338843,-0.363636363636,-0.2,-0.25,-0.268912750482,-0.030542951148,-0.0181818181818,-0.243332138505,-0.0773405703161,-0.0434343434343,-0.250469359339,-0.0345084801933,-0.0111111111111,0.0866354202056,0.0199894662943,0.329545454545,0.0702479338843,0.0866354202056,0.329545454545,-0.132380952381,-0.133333333333,-4,-0.0242424242424,-0.0344444444444,0,0,0,18,0,2,90,0.9,1,0,0.1,1,0.9,0.947368421053,0.938314863257,0.9,0.9,5,7,0,0,0,0
1654,WLNM_dir_neg,0.938775510204,0.618452380952,00:00:00,10,40,34,1174695183,threshold_sweep,0.7,1,0.714285714286,0.833333333333,5,0,2,14,0.714285714286,1,0,0.285714285714,1,0.714285714286,0.833333333333,0.904761904762,0.587301587302,0.769230769231,0.790569415042,0.714285714286,20,13,7,0,20,0,13,0,7,11,20,0.181818181818,3.04338842975,3.63636363636,2,2.5,1.68954001271,0.464623503495,0.245454545455,1.16774841624,0.642261628933,0.336363636364,1.94000937205,1.06700515463,0.536363636364,1.05689877454,0.347276990411,3.54545454545,3.04338842975,1.05689877454,3.54545454545,0.499047619048,0.4,8,0.0484848484848,0.255555555556,11,11,11,1,0,0.0909090909091,0.636363636364,0.272727272727,11,0.118181818182,3.72727272727,2.36363636364,1.3,1.625,1.43336856898,0.6064251638,0.286713286713,0.603022689156,0.510249967747,0.237762237762,1.40129809949,1.18571377649,0.503496503497,2.05382127221,0.551025219373,7,3.72727272727,2.05382127221,7,0,0,0,0,0.22962962963,11,11,11,1,0,0.0909090909091,0.636363636364,0.272727272727,11,18,0.163636363636,3.11363636364,3.27272727273,1.8,2.25,1.42062726223,0.434080552347,0.227272727273,0.924416277737,0.564921058617,0.292929292929,1.68954001271,1.03249667443,0.525252525253,1.14353419474,0.367266456706,3.875,3.11363636364,1.14353419474,3.875,0.366666666667,0.266666666667,4,0.0242424242424,0.221111111111,11,11,11,1,0,0.0909090909091,0.636363636364,0.272727272727,-2,-0.0181818181818,0.0702479338843,-0.363636363636,-0.2,-0.25,-0.268912750482,-0.030542951148,-0.0181818181818,-0.243332138505,-0.0773405703161,-0.0434343434343,-0.250469359339,-0.0345084801933,-0.0111111111111,0.0866354202056,0.0199894662943,0.329545454545,0.0702479338843,0.0866354202056,0.329545454545,-0.132380952381,-0.133333333333,-4,-0.0242424242424,-0.0344444444444,0,0,0,18,0,2,90,0.9,1,0,0.1,1,0.9,0.947368421053,0.938314863257,0.9,0.9,5,7,0,0,0,0
1655,WLNM_dir_neg,0.938775510204,0.618452380952,00:00:00,10,40,34,1174695183,threshold_sweep,0.8,1,0.714285714286,0.833333333333,5,0,2,14,0.714285714286,1,0,0.285714285714,1,0.714285714286,0.833333333333,0.904761904762,0.587301587302,0.769230769231,0.790569415042,0.714285714286,20,13,7,0,20,0,13,0,7,11,20,0.181818181818,3.04338842975,3.63636363636,2,2.5,1.68954001271,0.464623503495,0.245454545455,1.16774841624,0.642261628933,0.336363636364,1.94000937205,1.06700515463,0.536363636364,1.05689877454,0.347276990411,3.54545454545,3.04338842975,1.05689877454,3.54545454545,0.499047619048,0.4,8,0.0484848484848,0.255555555556,11,11,11,1,0,0.0909090909091,0.636363636364,0.272727272727,11,0.118181818182,3.72727272727,2.36363636364,1.3,1.625,1.43336856898,0.6064251638,0.286713286713,0.603022689156,0.510249967747,0.237762237762,1.40129809949,1.18571377649,0.503496503497,2.05382127221,0.551025219373,7,3.72727272727,2.05382127221,7,0,0,0,0,0.22962962963,11,11,11,1,0,0.0909090909091,0.636363636364,0.272727272727,11,18,0.163636363636,3.11363636364,3.27272727273,1.8,2.25,1.42062726223,0.434080552347,0.227272727273,0.924416277737,0.564921058617,0.292929292929,1.68954001271,1.03249667443,0.525252525253,1.14353419474,0.367266456706,3.875,3.11363636364,1.14353419474,3.875,0.366666666667,0.266666666667,4,0.0242424242424,0.221111111111,11,11,11,1,0,0.0909090909091,0.636363636364,0.272727272727,-2,-0.0181818181818,0.0702479338843,-0.363636363636,-0.2,-0.25,-0.268912750482,-0.030542951148,-0.0181818181818,-0.243332138505,-0.0773405703161,-0.0434343434343,-0.250469359339,-0.0345084801933,-0.0111111111111,0.0866354202056,0.0199894662943,0.329545454545,0.0702479338843,0.0866354202056,0.329545454545,-0.132380952381,-0.133333333333,-4,-0.0242424242424,-0.0344444444444,0,0,0,18,0,2,90,0.9,1,0,0.1,1,0.9,0.947368421053,0.938314863257,0.9,0.9,5,7,0,0,0,0
1656,WLNM_dir_neg,0.938775510204,0.618452380952,00:00:00,10,40,34,1174695183,threshold_sweep,0.9,1,0.714285714286,0.833333333333,5,0,2,14,0.714285714286,1,0,0.285714285714,1,0.714285714286,0.833333333333,0.904761904762,0.587301587302,0.769230769231,0.790569415042,0.714285714286,20,13,7,0,20,0,13,0,7,11,20,0.181818181818,3.04338842975,3.63636363636,2,2.5,1.68954001271,0.464623503495,0.245454545455,1.16774841624,0.642261628933,0.336363636364,1.94000937205,1.06700515463,0.536363636364,1.05689877454,0.347276990411,3.54545454545,3.04338842975,1.05689877454,3.54545454545,0.499047619048,0.4,8,0.0484848484848,0.255555555556,11,11,11,1,0,0.0909090909091,0.636363636364,0.272727272727,11,0.118181818182,3.72727272727,2.36363636364,1.3,1.625,1.43336856898,0.6064251638,0.286713286713,0.603022689156,0.510249967747,0.237762237762,1.40129809949,1.18571377649,0.503496503497,2.05382127221,0.551025219373,7,3.72727272727,2.05382127221,7,0,0,0,0,0.22962962963,11,11,11,1,0,0.0909090909091,0.636363636364,0.272727272727,11,18,0.163636363636,3.11363636364,3.27272727273,1.8,2.25,1.42062726223,0.434080552347,0.227272727273,0.924416277737,0.564921058617,0.292929292929,1.68954001271,1.03249667443,0.525252525253,1.14353419474,0.367266456706,3.875,3.11363636364,1.14353419474,3.875,0.366666666667,0.266666666667,4,0.0242424242424,0.221111111111,11,11,11,1,0,0.0909090909091,0.636363636364,0.272727272727,-2,-0.0181818181818,0.0702479338843,-0.363636363636,-0.2,-0.25,-0.268912750482,-0.030542951148,-0.0181818181818,-0.243332138505,-0.0773405703161,-0.0434343434343,-0.250469359339,-0.0345084801933,-0.0111111111111,0.0866354202056,0.0199894662943,0.329545454545,0.0702479338843,0.0866354202056,0.329545454545,-0.132380952381,-0.133333333333,-4,-0.0242424242424,-0.0344444444444,0,0,0,18,0,2,90,0.9,1,0,0.1,1,0.9,0.947368421053,0.938314863257,0.9,0.9,5,7,0,0,0,0
1657,WLNM_dir_neg,0.80612244898,0.55521978022,00:00:00,10,40,35,1174695184,threshold_sweep,0.1,0.833333333333,0.714285714286,0.769230769231,5,1,2,13,0.714285714286,0.928571428571,0.0714285714286,0.285714285714,0.833333333333,0.714285714286,0.769230769231,0.857142857143,0.571428571429,0.666666666667,0.67082039325,0.642857142857,20,13,7,0,20,0,13,0,7,11,20,0.181818181818,3.04338842975,3.63636363636,2,2.5,1.68954001271,0.464623503495,0.245454545455,1.16774841624,0.642261628933,0.336363636364,1.94000937205,1.06700515463,0.536363636364,1.05689877454,0.347276990411,3.54545454545,3.04338842975,1.05689877454,3.54545454545,0.499047619048,0.4,8,0.0484848484848,0.255555555556,11,11,11,1,0,0.0909090909091,0.636363636364,0.272727272727,11,0.118181818182,3.72727272727,2.36363636364,1.3,1.625,1.43336856898,0.6064251638,0.286713286713,0.603022689156,0.510249967747,0.237762237762,1.40129809949,1.18571377649,0.503496503497,2.05382127221,0.551025219373,7,3.72727272727,2.05382127221,7,0,0,0,0,0.22962962963,11,11,11,1,0,0.0909090909091,0.636363636364,0.272727272727,11,19,0.172727272727,5.99715909091,3.45454545455,1.9,2.375,1.69491217257,0.490632471007,0.253588516746,0.904534033733,0.523677598477,0.267942583732,1.67874411933,0.971904490138,0.507177033493,2.14896661873,0.35833076731,7.5,5.99715909091,2.14896661873,7.5,0.432380952381,0.333333333333,6,0.0363636363636,0.219259259259,11,11,11,1,0,0.0909090909091,0.636363636364,0.272727272727,-1,-0.00909090909091,2.95377066116,-0.181818181818,-0.1,-0.125,0.00537215986117,0.0260089675122,0.00813397129187,-0.263214382509,-0.118584030456,-0.0684210526316,-0.26126525272,-0.0951006644889,-0.0291866028708,1.09206784419,0.0110537768992,3.95454545455,2.95377066116,1.09206784419,3.95454545455,-0.0666666666667,-0.0666666666667,-2,-0.0121212121212,-0.0362962962963,0,0,0,18,1,2,89,0.9,0.988888888889,0.0111111111111,0.1,0.947368421053,0.9,0.923076923077,0.906956031802,0.888888888889,0.857142857143,6,7,0,0,0,0
1658,WLNM_dir_neg,0.80612244898,0.55521978022,00:00:00,10,40,35,1174695184,threshold_sweep,0.2,0.833333333333,0.714285714286,0.769230769231,5,1,2,13,0.714285714286,0.928571428571,0.0714285714286,0.285714285714,0.833333333333,0.714285714286,0.769230769231,0.857142857143,0.571428571429,0.666666666667,0.67082039325,0.642857142857,20,13,7,0,20,0,13,0,7,11,20,0.181818181818,3.04338842975,3.63636363636,2,2.5,1.68954001271,0.464623503495,0.245454545455,1.16774841624,0.642261628933,0.336363636364,1.94000937205,1.06700515463,0.536363636364,1.05689877454,0.347276990411,3.54545454545,3.04338842975,1.05689877454,3.54545454545,0.499047619048,0.4,8,0.0484848484848,0.255555555556,11,11,11,1,0,0.0909090909091,0.636363636364,0.272727272727,11,0.118181818182,3.72727272727,2.36363636364,1.3,1.625,1.43336856898,0.6064251638,0.286713286713,0.603022689156,0.510249967747,0.237762237762,1.40129809949,1.18571377649,0.503496503497,2.05382127221,0.551025219373,7,3.72727272727,2.05382127221,7,0,0,0,0,0.22962962963,11,11,11,1,0,0.0909090909091,0.636363636364,0.272727272727,11,19,0.172727272727,5.99715909091,3.45454545455,1.9,2.375,1.69491217257,0.490632471007,0.253588516746,0.904534033733,0.523677598477,0.267942583732,1.67874411933,0.971904490138,0.507177033493,2.14896661873,0.35833076731,7.5,5.99715909091,2.14896661873,7.5,0.432380952381,0.333333333333,6,0.0363636363636,0.219259259259,11,11,11,1,0,0.0909090909091,0.636363636364,0.272727272727,-1,-0.00909090909091,2.95377066116,-0.181818181818,-0.1,-0.125,0.00537215986117,0.0260089675122,0.00813397129187,-0.263214382509,-0.118584030456,-0.0684210526316,-0.26126525272,-0.0951006644889,-0.0291866028708,1.09206784419,0.0110537768992,3.95454545455,2.95377066116,1.09206784419,3.95454545455,-0.0666666666667,-0.0666666666667,-2,-0.0121212121212,-0.0362962962963,0,0,0,18,1,2,89,0.9,0.988888888889,0.0111111111111,0.1,0.947368421053,0.9,0.923076923077,0.906956031802,0.888888888889,0.857142857143,6,7,0,0,0,0
1659,WLNM_dir_neg,0.80612244898,0.55521978022,00:00:00,10,40,35,1174695184,threshold_sweep,0.3,0.833333333333,0.714285714286,0.769230769231,5,1,2,13,0.714285714286,0.928571428571,0.0714285714286,0.285714285714,0.833333333333,0.714285714286,0.769230769231,0.857142857143,0.571428571429,0.666666666667,0.67082039325,0.642857142857,20,13,7,0,20,0,13,0,7,11,20,0.181818181818,3.04338842975,3.63636363636,2,2.5,1.68954001271,0.464623503495,0.245454545455,1.16774841624,0.642261628933,0.336363636364,1.94000937205,1.06700515463,0.536363636364,1.05689877454,0.347276990411,3.54545454545,3.04338842975,1.05689877454,3.54545454545,0.499047619048,0.4,8,0.0484848484848,0.255555555556,11,11,11,1,0,0.0909090909091,0.636363636364,0.272727272727,11,0.118181818182,3.72727272727,2.36363636364,1.3,1.625,1.43336856898,0.6064251638,0.286713286713,0.603022689156,0.510249967747,0.237762237762,1.40129809949,1.18571377649,0.503496503497,2.05382127221,0.551025219373,7,3.72727272727,2.05382127221,7,0,0,0,0,0.22962962963,11,11,11,1,0,0.0909090909091,0.636363636364,0.272727272727,11,19,0.172727272727,5.99715909091,3.45454545455,1.9,2.375,1.69491217257,0.490632471007,0.253588516746,0.904534033733,0.523677598477,0.267942583732,1.67874411933,0.971904490138,0.507177033493,2.14896661873,0.35833076731,7.5,5.99715909091,2.14896661873,7.5,0.432380952381,0.333333333333,6,0.0363636363636,0.219259259259,11,11,11,1,0,0.0909090909091,0.636363636364,0.272727272727,-1,-0.00909090909091,2.95377066116,-0.181818181818,-0.1,-0.125,0.00537215986117,0.0260089675122,0.00813397129187,-0.263214382509,-0.118584030456,-0.0684210526316,-0.26126525272,-0.0951006644889,-0.0291866028708,1.09206784419,0.0110537768992,3.95454545455,2.95377066116,1.09206784419,3.95454545455,-0.0666666666667,-0.0666666666667,-2,-0.0121212121212,-0.0362962962963,0,0,0,18,1,2,89,0.9,0.988888888889,0.0111111111111,0.1,0.947368421053,0.9,0.923076923077,0.906956031802,0.888888888889,0.857142857143,6,7,0,0,0,0
1660,WLNM_dir_neg,0.80612244898,0.55521978022,00:00:00,10,40,35,1174695184,threshold_sweep,0.4,0.833333333333,0.714285714286,0.769230769231,5,1,2,13,0.714285714286,0.928571428571,0.0714285714286,0.285714285714,0.833333333333,0.714285714286,0.769230769231,0.857142857143,0.571428571429,0.666666666667,0.67082039325,0.642857142857,20,13,7,0,20,0,13,0,7,11,20,0.181818181818,3.04338842975,3.63636363636,2,2.5,1.68954001271,0.464623503495,0.245454545455,1.16774841624,0.642261628933,0.336363636364,1.94000937205,1.06700515463,0.536363636364,1.05689877454,0.347276990411,3.54545454545,3.04338842975,1.05689877454,3.54545454545,0.499047619048,0.4,8,0.0484848484848,0.255555555556,11,11,11,1,0,0.0909090909091,0.636363636364,0.272727272727,11,0.118181818182,3.72727272727,2.36363636364,1.3,1.625,1.43336856898,0.6064251638,0.286713286713,0.603022689156,0.510249967747,0.237762237762,1.40129809949,1.18571377649,0.503496503497,2.05382127221,0.551025219373,7,3.72727272727,2.05382127221,7,0,0,0,0,0.22962962963,11,11,11,1,0,0.0909090909091,0.636363636364,0.272727272727,11,19,0.172727272727,5.99715909091,3.45454545455,1.9,2.375,1.69491217257,0.490632471007,0.253588516746,0.904534033733,0.523677598477,0.267942583732,1.67874411933,0.971904490138,0.507177033493,2.14896661873,0.35833076731,7.5,5.99715909091,2.14896661873,7.5,0.432380952381,0.333333333333,6,0.0363636363636,0.219259259259,11,11,11,1,0,0.0909090909091,0.636363636364,0.272727272727,-1,-0.00909090909091,2.95377066116,-0.181818181818,-0.1,-0.125,0.00537215986117,0.0260089675122,0.00813397129187,-0.263214382509,-0.118584030456,-0.0684210526316,-0.26126525272,-0.0951006644889,-0.0291866028708,1.09206784419,0.0110537768992,3.95454545455,2.95377066116,1.09206784419,3.95454545455,-0.0666666666667,-0.0666666666667,-2,-0.0121212121212,-0.0362962962963,0,0,0,18,1,2,89,0.9,0.988888888889,0.0111111111111,0.1,0.947368421053,0.9,0.923076923077,0.906956031802,0.888888888889,0.857142857143,6,7,0,0,0,0
1661,WLNM_dir_neg,0.80612244898,0.55521978022,00:00:00,10,40,35,1174695184,threshold_sweep,0.5,0.833333333333,0.714285714286,0.769230769231,5,1,2,13,0.714285714286,0.928571428571,0.0714285714286,0.285714285714,0.833333333333,0.714285714286,0.769230769231,0.857142857143,0.571428571429,0.666666666667,0.67082039325,0.642857142857,20,13,7,0,20,0,13,0,7,11,20,0.181818181818,3.04338842975,3.63636363636,2,2.5,1.68954001271,0.464623503495,0.245454545455,1.16774841624,0.642261628933,0.336363636364,1.94000937205,1.06700515463,0.536363636364,1.05689877454,0.347276990411,3.54545454545,3.04338842975,1.05689877454,3.54545454545,0.499047619048,0.4,8,0.0484848484848,0.255555555556,11,11,11,1,0,0.0909090909091,0.636363636364,0.272727272727,11,0.118181818182,3.72727272727,2.36363636364,1.3,1.625,1.43336856898,0.6064251638,0.286713286713,0.603022689156,0.510249967747,0.237762237762,1.40129809949,1.18571377649,0.503496503497,2.05382127221,0.551025219373,7,3.72727272727,2.05382127221,7,0,0,0,0,0.22962962963,11,11,11,1,0,0.0909090909091,0.636363636364,0.272727272727,11,19,0.172727272727,5.99715909091,3.45454545455,1.9,2.375,1.69491217257,0.490632471007,0.253588516746,0.904534033733,0.523677598477,0.267942583732,1.67874411933,0.971904490138,0.507177033493,2.14896661873,0.35833076731,7.5,5.99715909091,2.14896661873,7.5,0.432380952381,0.333333333333,6,0.0363636363636,0.219259259259,11,11,11,1,0,0.0909090909091,0.636363636364,0.272727272727,-1,-0.00909090909091,2.95377066116,-0.181818181818,-0.1,-0.125,0.00537215986117,0.0260089675122,0.00813397129187,-0.263214382509,-0.118584030456,-0.0684210526316,-0.26126525272,-0.0951006644889,-0.0291866028708,1.09206784419,0.0110537768992,3.95454545455,2.95377066116,1.09206784419,3.95454545455,-0.0666666666667,-0.0666666666667,-2,-0.0121212121212,-0.0362962962963,0,0,0,18,1,2,89,0.9,0.988888888889,0.0111111111111,0.1,0.947368421053,0.9,0.923076923077,0.906956031802,0.888888888889,0.857142857143,6,7,0,0,0,0
1662,WLNM_dir_neg,0.80612244898,0.55521978022,00:00:00,10,40,35,1174695184,threshold_sweep,0.6,0.833333333333,0.714285714286,0.769230769231,5,1,2,13,0.714285714286,0.928571428571,0.0714285714286,0.285714285714,0.833333333333,0.714285714286,0.769230769231,0.857142857143,0.571428571429,0.666666666667,0.67082039325,0.642857142857,20,13,7,0,20,0,13,0,7,11,20,0.181818181818,3.04338842975,3.63636363636,2,2.5,1.68954001271,0.464623503495,0.245454545455,1.16774841624,0.642261628933,0.336363636364,1.94000937205,1.06700515463,0.536363636364,1.05689877454,0.347276990411,3.54545454545,3.04338842975,1.05689877454,3.54545454545,0.499047619048,0.4,8,0.0484848484848,0.255555555556,11,11,11,1,0,0.0909090909091,0.636363636364,0.272727272727,11,0.118181818182,3.72727272727,2.36363636364,1.3,1.625,1.43336856898,0.6064251638,0.286713286713,0.603022689156,0.510249967747,0.237762237762,1.40129809949,1.18571377649,0.503496503497,2.05382127221,0.551025219373,7,3.72727272727,2.05382127221,7,0,0,0,0,0.22962962963,11,11,11,1,0,0.0909090909091,0.636363636364,0.272727272727,11,19,0.172727272727,5.99715909091,3.45454545455,1.9,2.375,1.69491217257,0.490632471007,0.253588516746,0.904534033733,0.523677598477,0.267942583732,1.67874411933,0.971904490138,0.507177033493,2.14896661873,0.35833076731,7.5,5.99715909091,2.14896661873,7.5,0.432380952381,0.333333333333,6,0.0363636363636,0.219259259259,11,11,11,1,0,0.0909090909091,0.636363636364,0.272727272727,-1,-0.00909090909091,2.95377066116,-0.181818181818,-0.1,-0.125,0.00537215986117,0.0260089675122,0.00813397129187,-0.263214382509,-0.118584030456,-0.0684210526316,-0.26126525272,-0.0951006644889,-0.0291866028708,1.09206784419,0.0110537768992,3.95454545455,2.95377066116,1.09206784419,3.95454545455,-0.0666666666667,-0.0666666666667,-2,-0.0121212121212,-0.0362962962963,0,0,0,18,1,2,89,0.9,0.988888888889,0.0111111111111,0.1,0.947368421053,0.9,0.923076923077,0.906956031802,0.888888888889,0.857142857143,6,7,0,0,0,0
1663,WLNM_dir_neg,0.80612244898,0.55521978022,00:00:00,10,40,35,1174695184,threshold_sweep,0.7,0.833333333333,0.714285714286,0.769230769231,5,1,2,13,0.714285714286,0.928571428571,0.0714285714286,0.285714285714,0.833333333333,0.714285714286,0.769230769231,0.857142857143,0.571428571429,0.666666666667,0.67082039325,0.642857142857,20,13,7,0,20,0,13,0,7,11,20,0.181818181818,3.04338842975,3.63636363636,2,2.5,1.68954001271,0.464623503495,0.245454545455,1.16774841624,0.642261628933,0.336363636364,1.94000937205,1.06700515463,0.536363636364,1.05689877454,0.347276990411,3.54545454545,3.04338842975,1.05689877454,3.54545454545,0.499047619048,0.4,8,0.0484848484848,0.255555555556,11,11,11,1,0,0.0909090909091,0.636363636364,0.272727272727,11,0.118181818182,3.72727272727,2.36363636364,1.3,1.625,1.43336856898,0.6064251638,0.286713286713,0.603022689156,0.510249967747,0.237762237762,1.40129809949,1.18571377649,0.503496503497,2.05382127221,0.551025219373,7,3.72727272727,2.05382127221,7,0,0,0,0,0.22962962963,11,11,11,1,0,0.0909090909091,0.636363636364,0.272727272727,11,19,0.172727272727,5.99715909091,3.45454545455,1.9,2.375,1.69491217257,0.490632471007,0.253588516746,0.904534033733,0.523677598477,0.267942583732,1.67874411933,0.971904490138,0.507177033493,2.14896661873,0.35833076731,7.5,5.99715909091,2.14896661873,7.5,0.432380952381,0.333333333333,6,0.0363636363636,0.219259259259,11,11,11,1,0,0.0909090909091,0.636363636364,0.272727272727,-1,-0.00909090909091,2.95377066116,-0.181818181818,-0.1,-0.125,0.00537215986117,0.0260089675122,0.00813397129187,-0.263214382509,-0.118584030456,-0.0684210526316,-0.26126525272,-0.0951006644889,-0.0291866028708,1.09206784419,0.0110537768992,3.95454545455,2.95377066116,1.09206784419,3.95454545455,-0.0666666666667,-0.0666666666667,-2,-0.0121212121212,-0.0362962962963,0,0,0,18,1,2,89,0.9,0.988888888889,0.0111111111111,0.1,0.947368421053,0.9,0.923076923077,0.906956031802,0.888888888889,0.857142857143,6,7,0,0,0,0
1664,WLNM_dir_neg,0.80612244898,0.55521978022,00:00:00,10,40,35,1174695184,threshold_sweep,0.8,0.833333333333,0.714285714286,0.769230769231,5,1,2,13,0.714285714286,0.928571428571,0.0714285714286,0.285714285714,0.833333333333,0.714285714286,0.769230769231,0.857142857143,0.571428571429,0.666666666667,0.67082039325,0.642857142857,20,13,7,0,20,0,13,0,7,11,20,0.181818181818,3.04338842975,3.63636363636,2,2.5,1.68954001271,0.464623503495,0.245454545455,1.16774841624,0.642261628933,0.336363636364,1.94000937205,1.06700515463,0.536363636364,1.05689877454,0.347276990411,3.54545454545,3.04338842975,1.05689877454,3.54545454545,0.499047619048,0.4,8,0.0484848484848,0.255555555556,11,11,11,1,0,0.0909090909091,0.636363636364,0.272727272727,11,0.118181818182,3.72727272727,2.36363636364,1.3,1.625,1.43336856898,0.6064251638,0.286713286713,0.603022689156,0.510249967747,0.237762237762,1.40129809949,1.18571377649,0.503496503497,2.05382127221,0.551025219373,7,3.72727272727,2.05382127221,7,0,0,0,0,0.22962962963,11,11,11,1,0,0.0909090909091,0.636363636364,0.272727272727,11,19,0.172727272727,5.99715909091,3.45454545455,1.9,2.375,1.69491217257,0.490632471007,0.253588516746,0.904534033733,0.523677598477,0.267942583732,1.67874411933,0.971904490138,0.507177033493,2.14896661873,0.35833076731,7.5,5.99715909091,2.14896661873,7.5,0.432380952381,0.333333333333,6,0.0363636363636,0.219259259259,11,11,11,1,0,0.0909090909091,0.636363636364,0.272727272727,-1,-0.00909090909091,2.95377066116,-0.181818181818,-0.1,-0.125,0.00537215986117,0.0260089675122,0.00813397129187,-0.263214382509,-0.118584030456,-0.0684210526316,-0.26126525272,-0.0951006644889,-0.0291866028708,1.09206784419,0.0110537768992,3.95454545455,2.95377066116,1.09206784419,3.95454545455,-0.0666666666667,-0.0666666666667,-2,-0.0121212121212,-0.0362962962963,0,0,0,18,1,2,89,0.9,0.988888888889,0.0111111111111,0.1,0.947368421053,0.9,0.923076923077,0.906956031802,0.888888888889,0.857142857143,6,7,0,0,0,0
1665,WLNM_dir_neg,0.80612244898,0.55521978022,00:00:00,10,40,35,1174695184,threshold_sweep,0.9,0.8,0.571428571429,0.666666666667,4,1,3,13,0.571428571429,0.928571428571,0.0714285714286,0.428571428571,0.8,0.571428571429,0.666666666667,0.809523809524,0.587301587302,0.538461538462,0.553398590529,0.5,20,13,7,0,20,0,13,0,7,11,20,0.181818181818,3.04338842975,3.63636363636,2,2.5,1.68954001271,0.464623503495,0.245454545455,1.16774841624,0.642261628933,0.336363636364,1.94000937205,1.06700515463,0.536363636364,1.05689877454,0.347276990411,3.54545454545,3.04338842975,1.05689877454,3.54545454545,0.499047619048,0.4,8,0.0484848484848,0.255555555556,11,11,11,1,0,0.0909090909091,0.636363636364,0.272727272727,11,0.118181818182,3.72727272727,2.36363636364,1.3,1.625,1.43336856898,0.6064251638,0.286713286713,0.603022689156,0.510249967747,0.237762237762,1.40129809949,1.18571377649,0.503496503497,2.05382127221,0.551025219373,7,3.72727272727,2.05382127221,7,0,0,0,0,0.22962962963,11,11,11,1,0,0.0909090909091,0.636363636364,0.272727272727,11,18,0.163636363636,6.2,3.27272727273,1.8,2.25,1.61807966991,0.494413232473,0.242424242424,0.809039834956,0.494413232473,0.242424242424,1.5666989036,0.957427107756,0.494949494949,2.28560714035,0.368646312959,8.2,6.2,2.28560714035,8.2,0.302380952381,0.25,4,0.0242424242424,0.205555555556,11,11,11,1,0,0.0909090909091,0.636363636364,0.272727272727,-2,-0.0181818181818,3.15661157025,-0.363636363636,-0.2,-0.25,-0.0714603427974,0.029789728978,-0.0030303030303,-0.358708581286,-0.14784839646,-0.0939393939394,-0.373310468447,-0.10957804687,-0.0414141414141,1.22870836581,0.0213693225477,4.65454545455,3.15661157025,1.22870836581,4.65454545455,-0.196666666667,-0.15,-4,-0.0242424242424,-0.05,0,0,0,17,1,3,89,0.85,0.988888888889,0.0111111111111,0.15,0.944444444444,0.85,0.894736842105,0.874602125628,0.838888888889,0.809523809524,5,7,0,0,0,0
1666,WLNM_dir_neg,0.826530612245,0.547497845292,00:00:00,10,40,36,1174695185,threshold_sweep,0.1,1,0.714285714286,0.833333333333,5,0,2,14,0.714285714286,1,0,0.285714285714,1,0.714285714286,0.833333333333,0.904761904762,0.587301587302,0.769230769231,0.790569415042,0.714285714286,20,13,7,0,20,0,13,0,7,11,20,0.181818181818,3.04338842975,3.63636363636,2,2.5,1.68954001271,0.464623503495,0.245454545455,1.16774841624,0.642261628933,0.336363636364,1.94000937205,1.06700515463,0.536363636364,1.05689877454,0.347276990411,3.54545454545,3.04338842975,1.05689877454,3.54545454545,0.499047619048,0.4,8,0.0484848484848,0.255555555556,11,11,11,1,0,0.0909090909091,0.636363636364,0.272727272727,11,0.118181818182,3.72727272727,2.36363636364,1.3,1.625,1.43336856898,0.6064251638,0.286713286713,0.603022689156,0.510249967747,0.237762237762,1.40129809949,1.18571377649,0.503496503497,2.05382127221,0.551025219373,7,3.72727272727,2.05382127221,7,0,0,0,0,0.22962962963,11,11,11,1,0,0.0909090909091,0.636363636364,0.272727272727,11,18,0.163636363636,3.11363636364,3.27272727273,1.8,2.25,1.42062726223,0.434080552347,0.227272727273,0.924416277737,0.564921058617,0.292929292929,1.68954001271,1.03249667443,0.525252525253,1.14353419474,0.367266456706,3.875,3.11363636364,1.14353419474,3.875,0.366666666667,0.266666666667,4,0.0242424242424,0.221111111111,11,11,11,1,0,0.0909090909091,0.636363636364,0.272727272727,-2,-0.0181818181818,0.0702479338843,-0.363636363636,-0.2,-0.25,-0.268912750482,-0.030542951148,-0.0181818181818,-0.243332138505,-0.0773405703161,-0.0434343434343,-0.250469359339,-0.0345084801933,-0.0111111111111,0.0866354202056,0.0199894662943,0.329545454545,0.0702479338843,0.0866354202056,0.329545454545,-0.132380952381,-0.133333333333,-4,-0.0242424242424,-0.0344444444444,0,0,0,18,0,2,90,0.9,1,0,0.1,1,0.9,0.947368421053,0.938314863257,0.9,0.9,5,7,0,0,0,0
1667,WLNM_dir_neg,0.826530612245,0.547497845292,00:00:00,10,40,36,1174695185,threshold_sweep,0.2,1,0.714285714286,0.833333333333,5,0,2,14,0.714285714286,1,0,0.285714285714,1,0.714285714286,0.833333333333,0.904761904762,0.587301587302,0.769230769231,0.790569415042,0.714285714286,20,13,7,0,20,0,13,0,7,11,20,0.181818181818,3.04338842975,3.63636363636,2,2.5,1.68954001271,0.464623503495,0.245454545455,1.16774841624,0.642261628933,0.336363636364,1.94000937205,1.06700515463,0.536363636364,1.05689877454,0.347276990411,3.54545454545,3.04338842975,1.05689877454,3.54545454545,0.499047619048,0.4,8,0.0484848484848,0.255555555556,11,11,11,1,0,0.0909090909091,0.636363636364,0.272727272727,11,0.118181818182,3.72727272727,2.36363636364,1.3,1.625,1.43336856898,0.6064251638,0.286713286713,0.603022689156,0.510249967747,0.237762237762,1.40129809949,1.18571377649,0.503496503497,2.05382127221,0.551025219373,7,3.72727272727,2.05382127221,7,0,0,0,0,0.22962962963,11,11,11,1,0,0.0909090909091,0.636363636364,0.272727272727,11,18,0.163636363636,3.11363636364,3.27272727273,1.8,2.25,1.42062726223,0.434080552347,0.227272727273,0.924416277737,0.564921058617,0.292929292929,1.68954001271,1.03249667443,0.525252525253,1.14353419474,0.367266456706,3.875,3.11363636364,1.14353419474,3.875,0.366666666667,0.266666666667,4,0.0242424242424,0.221111111111,11,11,11,1,0,0.0909090909091,0.636363636364,0.272727272727,-2,-0.0181818181818,0.0702479338843,-0.363636363636,-0.2,-0.25,-0.268912750482,-0.030542951148,-0.0181818181818,-0.243332138505,-0.0773405703161,-0.0434343434343,-0.250469359339,-0.0345084801933,-0.0111111111111,0.0866354202056,0.0199894662943,0.329545454545,0.0702479338843,0.0866354202056,0.329545454545,-0.132380952381,-0.133333333333,-4,-0.0242424242424,-0.0344444444444,0,0,0,18,0,2,90,0.9,1,0,0.1,1,0.9,0.947368421053,0.938314863257,0.9,0.9,5,7,0,0,0,0
1668,WLNM_dir_neg,0.826530612245,0.547497845292,00:00:00,10,40,36,1174695185,threshold_sweep,0.3,1,0.714285714286,0.833333333333,5,0,2,14,0.714285714286,1,0,0.285714285714,1,0.714285714286,0.833333333333,0.904761904762,0.587301587302,0.769230769231,0.790569415042,0.714285714286,20,13,7,0,20,0,13,0,7,11,20,0.181818181818,3.04338842975,3.63636363636,2,2.5,1.68954001271,0.464623503495,0.245454545455,1.16774841624,0.642261628933,0.336363636364,1.94000937205,1.06700515463,0.536363636364,1.05689877454,0.347276990411,3.54545454545,3.04338842975,1.05689877454,3.54545454545,0.499047619048,0.4,8,0.0484848484848,0.255555555556,11,11,11,1,0,0.0909090909091,0.636363636364,0.272727272727,11,0.118181818182,3.72727272727,2.36363636364,1.3,1.625,1.43336856898,0.6064251638,0.286713286713,0.603022689156,0.510249967747,0.237762237762,1.40129809949,1.18571377649,0.503496503497,2.05382127221,0.551025219373,7,3.72727272727,2.05382127221,7,0,0,0,0,0.22962962963,11,11,11,1,0,0.0909090909091,0.636363636364,0.272727272727,11,18,0.163636363636,3.11363636364,3.27272727273,1.8,2.25,1.42062726223,0.434080552347,0.227272727273,0.924416277737,0.564921058617,0.292929292929,1.68954001271,1.03249667443,0.525252525253,1.14353419474,0.367266456706,3.875,3.11363636364,1.14353419474,3.875,0.366666666667,0.266666666667,4,0.0242424242424,0.221111111111,11,11,11,1,0,0.0909090909091,0.636363636364,0.272727272727,-2,-0.0181818181818,0.0702479338843,-0.363636363636,-0.2,-0.25,-0.268912750482,-0.030542951148,-0.0181818181818,-0.243332138505,-0.0773405703161,-0.0434343434343,-0.250469359339,-0.0345084801933,-0.0111111111111,0.0866354202056,0.0199894662943,0.329545454545,0.0702479338843,0.0866354202056,0.329545454545,-0.132380952381,-0.133333333333,-4,-0.0242424242424,-0.0344444444444,0,0,0,18,0,2,90,0.9,1,0,0.1,1,0.9,0.947368421053,0.938314863257,0.9,0.9,5,7,0,0,0,0
1669,WLNM_dir_neg,0.826530612245,0.547497845292,00:00:00,10,40,36,1174695185,threshold_sweep,0.4,1,0.714285714286,0.833333333333,5,0,2,14,0.714285714286,1,0,0.285714285714,1,0.714285714286,0.833333333333,0.904761904762,0.587301587302,0.769230769231,0.790569415042,0.714285714286,20,13,7,0,20,0,13,0,7,11,20,0.181818181818,3.04338842975,3.63636363636,2,2.5,1.68954001271,0.464623503495,0.245454545455,1.16774841624,0.642261628933,0.336363636364,1.94000937205,1.06700515463,0.536363636364,1.05689877454,0.347276990411,3.54545454545,3.04338842975,1.05689877454,3.54545454545,0.499047619048,0.4,8,0.0484848484848,0.255555555556,11,11,11,1,0,0.0909090909091,0.636363636364,0.272727272727,11,0.118181818182,3.72727272727,2.36363636364,1.3,1.625,1.43336856898,0.6064251638,0.286713286713,0.603022689156,0.510249967747,0.237762237762,1.40129809949,1.18571377649,0.503496503497,2.05382127221,0.551025219373,7,3.72727272727,2.05382127221,7,0,0,0,0,0.22962962963,11,11,11,1,0,0.0909090909091,0.636363636364,0.272727272727,11,18,0.163636363636,3.11363636364,3.27272727273,1.8,2.25,1.42062726223,0.434080552347,0.227272727273,0.924416277737,0.564921058617,0.292929292929,1.68954001271,1.03249667443,0.525252525253,1.14353419474,0.367266456706,3.875,3.11363636364,1.14353419474,3.875,0.366666666667,0.266666666667,4,0.0242424242424,0.221111111111,11,11,11,1,0,0.0909090909091,0.636363636364,0.272727272727,-2,-0.0181818181818,0.0702479338843,-0.363636363636,-0.2,-0.25,-0.268912750482,-0.030542951148,-0.0181818181818,-0.243332138505,-0.0773405703161,-0.0434343434343,-0.250469359339,-0.0345084801933,-0.0111111111111,0.0866354202056,0.0199894662943,0.329545454545,0.0702479338843,0.0866354202056,0.329545454545,-0.132380952381,-0.133333333333,-4,-0.0242424242424,-0.0344444444444,0,0,0,18,0,2,90,0.9,1,0,0.1,1,0.9,0.947368421053,0.938314863257,0.9,0.9,5,7,0,0,0,0
1670,WLNM_dir_neg,0.826530612245,0.547497845292,00:00:00,10,40,36,1174695185,threshold_sweep,0.5,1,0.714285714286,0.833333333333,5,0,2,14,0.714285714286,1,0,0.285714285714,1,0.714285714286,0.833333333333,0.904761904762,0.587301587302,0.769230769231,0.790569415042,0.714285714286,20,13,7,0,20,0,13,0,7,11,20,0.181818181818,3.04338842975,3.63636363636,2,2.5,1.68954001271,0.464623503495,0.245454545455,1.16774841624,0.642261628933,0.336363636364,1.94000937205,1.06700515463,0.536363636364,1.05689877454,0.347276990411,3.54545454545,3.04338842975,1.05689877454,3.54545454545,0.499047619048,0.4,8,0.0484848484848,0.255555555556,11,11,11,1,0,0.0909090909091,0.636363636364,0.272727272727,11,0.118181818182,3.72727272727,2.36363636364,1.3,1.625,1.43336856898,0.6064251638,0.286713286713,0.603022689156,0.510249967747,0.237762237762,1.40129809949,1.18571377649,0.503496503497,2.05382127221,0.551025219373,7,3.72727272727,2.05382127221,7,0,0,0,0,0.22962962963,11,11,11,1,0,0.0909090909091,0.636363636364,0.272727272727,11,18,0.163636363636,3.11363636364,3.27272727273,1.8,2.25,1.42062726223,0.434080552347,0.227272727273,0.924416277737,0.564921058617,0.292929292929,1.68954001271,1.03249667443,0.525252525253,1.14353419474,0.367266456706,3.875,3.11363636364,1.14353419474,3.875,0.366666666667,0.266666666667,4,0.0242424242424,0.221111111111,11,11,11,1,0,0.0909090909091,0.636363636364,0.272727272727,-2,-0.0181818181818,0.0702479338843,-0.363636363636,-0.2,-0.25,-0.268912750482,-0.030542951148,-0.0181818181818,-0.243332138505,-0.0773405703161,-0.0434343434343,-0.250469359339,-0.0345084801933,-0.0111111111111,0.0866354202056,0.0199894662943,0.329545454545,0.0702479338843,0.0866354202056,0.329545454545,-0.132380952381,-0.133333333333,-4,-0.0242424242424,-0.0344444444444,0,0,0,18,0,2,90,0.9,1,0,0.1,1,0.9,0.947368421053,0.938314863257,0.9,0.9,5,7,0,0,0,0
1671,WLNM_dir_neg,0.826530612245,0.547497845292,00:00:00,10,40,36,1174695185,threshold_sweep,0.6,1,0.714285714286,0.833333333333,5,0,2,14,0.714285714286,1,0,0.285714285714,1,0.714285714286,0.833333333333,0.904761904762,0.587301587302,0.769230769231,0.790569415042,0.714285714286,20,13,7,0,20,0,13,0,7,11,20,0.181818181818,3.04338842975,3.63636363636,2,2.5,1.68954001271,0.464623503495,0.245454545455,1.16774841624,0.642261628933,0.336363636364,1.94000937205,1.06700515463,0.536363636364,1.05689877454,0.347276990411,3.54545454545,3.04338842975,1.05689877454,3.54545454545,0.499047619048,0.4,8,0.0484848484848,0.255555555556,11,11,11,1,0,0.0909090909091,0.636363636364,0.272727272727,11,0.118181818182,3.72727272727,2.36363636364,1.3,1.625,1.43336856898,0.6064251638,0.286713286713,0.603022689156,0.510249967747,0.237762237762,1.40129809949,1.18571377649,0.503496503497,2.05382127221,0.551025219373,7,3.72727272727,2.05382127221,7,0,0,0,0,0.22962962963,11,11,11,1,0,0.0909090909091,0.636363636364,0.272727272727,11,18,0.163636363636,3.11363636364,3.27272727273,1.8,2.25,1.42062726223,0.434080552347,0.227272727273,0.924416277737,0.564921058617,0.292929292929,1.68954001271,1.03249667443,0.525252525253,1.14353419474,0.367266456706,3.875,3.11363636364,1.14353419474,3.875,0.366666666667,0.266666666667,4,0.0242424242424,0.221111111111,11,11,11,1,0,0.0909090909091,0.636363636364,0.272727272727,-2,-0.0181818181818,0.0702479338843,-0.363636363636,-0.2,-0.25,-0.268912750482,-0.030542951148,-0.0181818181818,-0.243332138505,-0.0773405703161,-0.0434343434343,-0.250469359339,-0.0345084801933,-0.0111111111111,0.0866354202056,0.0199894662943,0.329545454545,0.0702479338843,0.0866354202056,0.329545454545,-0.132380952381,-0.133333333333,-4,-0.0242424242424,-0.0344444444444,0,0,0,18,0,2,90,0.9,1,0,0.1,1,0.9,0.947368421053,0.938314863257,0.9,0.9,5,7,0,0,0,0
1672,WLNM_dir_neg,0.826530612245,0.547497845292,00:00:00,10,40,36,1174695185,threshold_sweep,0.7,1,0.714285714286,0.833333333333,5,0,2,14,0.714285714286,1,0,0.285714285714,1,0.714285714286,0.833333333333,0.904761904762,0.587301587302,0.769230769231,0.790569415042,0.714285714286,20,13,7,0,20,0,13,0,7,11,20,0.181818181818,3.04338842975,3.63636363636,2,2.5,1.68954001271,0.464623503495,0.245454545455,1.16774841624,0.642261628933,0.336363636364,1.94000937205,1.06700515463,0.536363636364,1.05689877454,0.347276990411,3.54545454545,3.04338842975,1.05689877454,3.54545454545,0.499047619048,0.4,8,0.0484848484848,0.255555555556,11,11,11,1,0,0.0909090909091,0.636363636364,0.272727272727,11,0.118181818182,3.72727272727,2.36363636364,1.3,1.625,1.43336856898,0.6064251638,0.286713286713,0.603022689156,0.510249967747,0.237762237762,1.40129809949,1.18571377649,0.503496503497,2.05382127221,0.551025219373,7,3.72727272727,2.05382127221,7,0,0,0,0,0.22962962963,11,11,11,1,0,0.0909090909091,0.636363636364,0.272727272727,11,18,0.163636363636,3.11363636364,3.27272727273,1.8,2.25,1.42062726223,0.434080552347,0.227272727273,0.924416277737,0.564921058617,0.292929292929,1.68954001271,1.03249667443,0.525252525253,1.14353419474,0.367266456706,3.875,3.11363636364,1.14353419474,3.875,0.366666666667,0.266666666667,4,0.0242424242424,0.221111111111,11,11,11,1,0,0.0909090909091,0.636363636364,0.272727272727,-2,-0.0181818181818,0.0702479338843,-0.363636363636,-0.2,-0.25,-0.268912750482,-0.030542951148,-0.0181818181818,-0.243332138505,-0.0773405703161,-0.0434343434343,-0.250469359339,-0.0345084801933,-0.0111111111111,0.0866354202056,0.0199894662943,0.329545454545,0.0702479338843,0.0866354202056,0.329545454545,-0.132380952381,-0.133333333333,-4,-0.0242424242424,-0.0344444444444,0,0,0,18,0,2,90,0.9,1,0,0.1,1,0.9,0.947368421053,0.938314863257,0.9,0.9,5,7,0,0,0,0
1673,WLNM_dir_neg,0.826530612245,0.547497845292,00:00:00,10,40,36,1174695185,threshold_sweep,0.8,1,0.714285714286,0.833333333333,5,0,2,14,0.714285714286,1,0,0.285714285714,1,0.714285714286,0.833333333333,0.904761904762,0.587301587302,0.769230769231,0.790569415042,0.714285714286,20,13,7,0,20,0,13,0,7,11,20,0.181818181818,3.04338842975,3.63636363636,2,2.5,1.68954001271,0.464623503495,0.245454545455,1.16774841624,0.642261628933,0.336363636364,1.94000937205,1.06700515463,0.536363636364,1.05689877454,0.347276990411,3.54545454545,3.04338842975,1.05689877454,3.54545454545,0.499047619048,0.4,8,0.0484848484848,0.255555555556,11,11,11,1,0,0.0909090909091,0.636363636364,0.272727272727,11,0.118181818182,3.72727272727,2.36363636364,1.3,1.625,1.43336856898,0.6064251638,0.286713286713,0.603022689156,0.510249967747,0.237762237762,1.40129809949,1.18571377649,0.503496503497,2.05382127221,0.551025219373,7,3.72727272727,2.05382127221,7,0,0,0,0,0.22962962963,11,11,11,1,0,0.0909090909091,0.636363636364,0.272727272727,11,18,0.163636363636,3.11363636364,3.27272727273,1.8,2.25,1.42062726223,0.434080552347,0.227272727273,0.924416277737,0.564921058617,0.292929292929,1.68954001271,1.03249667443,0.525252525253,1.14353419474,0.367266456706,3.875,3.11363636364,1.14353419474,3.875,0.366666666667,0.266666666667,4,0.0242424242424,0.221111111111,11,11,11,1,0,0.0909090909091,0.636363636364,0.272727272727,-2,-0.0181818181818,0.0702479338843,-0.363636363636,-0.2,-0.25,-0.268912750482,-0.030542951148,-0.0181818181818,-0.243332138505,-0.0773405703161,-0.0434343434343,-0.250469359339,-0.0345084801933,-0.0111111111111,0.0866354202056,0.0199894662943,0.329545454545,0.0702479338843,0.0866354202056,0.329545454545,-0.132380952381,-0.133333333333,-4,-0.0242424242424,-0.0344444444444,0,0,0,18,0,2,90,0.9,1,0,0.1,1,0.9,0.947368421053,0.938314863257,0.9,0.9,5,7,0,0,0,0
1674,WLNM_dir_neg,0.826530612245,0.547497845292,00:00:00,10,40,36,1174695185,threshold_sweep,0.9,1,0.714285714286,0.833333333333,5,0,2,14,0.714285714286,1,0,0.285714285714,1,0.714285714286,0.833333333333,0.904761904762,0.587301587302,0.769230769231,0.790569415042,0.714285714286,20,13,7,0,20,0,13,0,7,11,20,0.181818181818,3.04338842975,3.63636363636,2,2.5,1.68954001271,0.464623503495,0.245454545455,1.16774841624,0.642261628933,0.336363636364,1.94000937205,1.06700515463,0.536363636364,1.05689877454,0.347276990411,3.54545454545,3.04338842975,1.05689877454,3.54545454545,0.499047619048,0.4,8,0.0484848484848,0.255555555556,11,11,11,1,0,0.0909090909091,0.636363636364,0.272727272727,11,0.118181818182,3.72727272727,2.36363636364,1.3,1.625,1.43336856898,0.6064251638,0.286713286713,0.603022689156,0.510249967747,0.237762237762,1.40129809949,1.18571377649,0.503496503497,2.05382127221,0.551025219373,7,3.72727272727,2.05382127221,7,0,0,0,0,0.22962962963,11,11,11,1,0,0.0909090909091,0.636363636364,0.272727272727,11,18,0.163636363636,3.11363636364,3.27272727273,1.8,2.25,1.42062726223,0.434080552347,0.227272727273,0.924416277737,0.564921058617,0.292929292929,1.68954001271,1.03249667443,0.525252525253,1.14353419474,0.367266456706,3.875,3.11363636364,1.14353419474,3.875,0.366666666667,0.266666666667,4,0.0242424242424,0.221111111111,11,11,11,1,0,0.0909090909091,0.636363636364,0.272727272727,-2,-0.0181818181818,0.0702479338843,-0.363636363636,-0.2,-0.25,-0.268912750482,-0.030542951148,-0.0181818181818,-0.243332138505,-0.0773405703161,-0.0434343434343,-0.250469359339,-0.0345084801933,-0.0111111111111,0.0866354202056,0.0199894662943,0.329545454545,0.0702479338843,0.0866354202056,0.329545454545,-0.132380952381,-0.133333333333,-4,-0.0242424242424,-0.0344444444444,0,0,0,18,0,2,90,0.9,1,0,0.1,1,0.9,0.947368421053,0.938314863257,0.9,0.9,5,7,0,0,0,0
1675,WLNM_dir_neg,0.897959183673,0.726731601732,00:00:00,10,40,37,1174695186,threshold_sweep,0.1,1,0.571428571429,0.727272727273,4,0,3,14,0.571428571429,1,0,0.428571428571,1,0.571428571429,0.727272727273,0.857142857143,0.603174603175,0.64,0.68599434057,0.571428571429,20,13,7,0,20,0,13,0,7,11,20,0.181818181818,3.04338842975,3.63636363636,2,2.5,1.68954001271,0.464623503495,0.245454545455,1.16774841624,0.642261628933,0.336363636364,1.94000937205,1.06700515463,0.536363636364,1.05689877454,0.347276990411,3.54545454545,3.04338842975,1.05689877454,3.54545454545,0.499047619048,0.4,8,0.0484848484848,0.255555555556,11,11,11,1,0,0.0909090909091,0.636363636364,0.272727272727,11,0.118181818182,3.72727272727,2.36363636364,1.3,1.625,1.43336856898,0.6064251638,0.286713286713,0.603022689156,0.510249967747,0.237762237762,1.40129809949,1.18571377649,0.503496503497,2.05382127221,0.551025219373,7,3.72727272727,2.05382127221,7,0,0,0,0,0.22962962963,11,11,11,1,0,0.0909090909091,0.636363636364,0.272727272727,11,17,0.154545454545,3.17727272727,3.09090909091,1.7,2.125,1.30034960334,0.420701342257,0.208556149733,0.820199532265,0.530717344407,0.267379679144,1.57249078621,1.01749403814,0.513368983957,1.2536673475,0.394573414091,4.4,3.17727272727,1.2536673475,4.4,0.213333333333,0.153846153846,2,0.0121212121212,0.205555555556,11,11,11,1,0,0.0909090909091,0.636363636364,0.272727272727,-3,-0.0272727272727,0.133884297521,-0.545454545455,-0.3,-0.375,-0.389190409368,-0.0439221612377,-0.0368983957219,-0.347548883978,-0.111544284527,-0.0689839572193,-0.367518585835,-0.0495111164884,-0.0229946524064,0.196768572961,0.0472964236795,0.854545454545,0.133884297521,0.196768572961,0.854545454545,-0.285714285714,-0.246153846154,-6,-0.0363636363636,-0.05,0,0,0,17,0,3,90,0.85,1,0,0.15,1,0.85,0.918918918919,0.906962317388,0.85,0.85,4,7,0,0,0,0
1676,WLNM_dir_neg,0.897959183673,0.726731601732,00:00:00,10,40,37,1174695186,threshold_sweep,0.2,1,0.571428571429,0.727272727273,4,0,3,14,0.571428571429,1,0,0.428571428571,1,0.571428571429,0.727272727273,0.857142857143,0.603174603175,0.64,0.68599434057,0.571428571429,20,13,7,0,20,0,13,0,7,11,20,0.181818181818,3.04338842975,3.63636363636,2,2.5,1.68954001271,0.464623503495,0.245454545455,1.16774841624,0.642261628933,0.336363636364,1.94000937205,1.06700515463,0.536363636364,1.05689877454,0.347276990411,3.54545454545,3.04338842975,1.05689877454,3.54545454545,0.499047619048,0.4,8,0.0484848484848,0.255555555556,11,11,11,1,0,0.0909090909091,0.636363636364,0.272727272727,11,0.118181818182,3.72727272727,2.36363636364,1.3,1.625,1.43336856898,0.6064251638,0.286713286713,0.603022689156,0.510249967747,0.237762237762,1.40129809949,1.18571377649,0.503496503497,2.05382127221,0.551025219373,7,3.72727272727,2.05382127221,7,0,0,0,0,0.22962962963,11,11,11,1,0,0.0909090909091,0.636363636364,0.272727272727,11,17,0.154545454545,3.17727272727,3.09090909091,1.7,2.125,1.30034960334,0.420701342257,0.208556149733,0.820199532265,0.530717344407,0.267379679144,1.57249078621,1.01749403814,0.513368983957,1.2536673475,0.394573414091,4.4,3.17727272727,1.2536673475,4.4,0.213333333333,0.153846153846,2,0.0121212121212,0.205555555556,11,11,11,1,0,0.0909090909091,0.636363636364,0.272727272727,-3,-0.0272727272727,0.133884297521,-0.545454545455,-0.3,-0.375,-0.389190409368,-0.0439221612377,-0.0368983957219,-0.347548883978,-0.111544284527,-0.0689839572193,-0.367518585835,-0.0495111164884,-0.0229946524064,0.196768572961,0.0472964236795,0.854545454545,0.133884297521,0.196768572961,0.854545454545,-0.285714285714,-0.246153846154,-6,-0.0363636363636,-0.05,0,0,0,17,0,3,90,0.85,1,0,0.15,1,0.85,0.918918918919,0.906962317388,0.85,0.85,4,7,0,0,0,0
1677,WLNM_dir_neg,0.897959183673,0.726731601732,00:00:00,10,40,37,1174695186,threshold_sweep,0.3,1,0.571428571429,0.727272727273,4,0,3,14,0.571428571429,1,0,0.428571428571,1,0.571428571429,0.727272727273,0.857142857143,0.603174603175,0.64,0.68599434057,0.571428571429,20,13,7,0,20,0,13,0,7,11,20,0.181818181818,3.04338842975,3.63636363636,2,2.5,1.68954001271,0.464623503495,0.245454545455,1.16774841624,0.642261628933,0.336363636364,1.94000937205,1.06700515463,0.536363636364,1.05689877454,0.347276990411,3.54545454545,3.04338842975,1.05689877454,3.54545454545,0.499047619048,0.4,8,0.0484848484848,0.255555555556,11,11,11,1,0,0.0909090909091,0.636363636364,0.272727272727,11,0.118181818182,3.72727272727,2.36363636364,1.3,1.625,1.43336856898,0.6064251638,0.286713286713,0.603022689156,0.510249967747,0.237762237762,1.40129809949,1.18571377649,0.503496503497,2.05382127221,0.551025219373,7,3.72727272727,2.05382127221,7,0,0,0,0,0.22962962963,11,11,11,1,0,0.0909090909091,0.636363636364,0.272727272727,11,17,0.154545454545,3.17727272727,3.09090909091,1.7,2.125,1.30034960334,0.420701342257,0.208556149733,0.820199532265,0.530717344407,0.267379679144,1.57249078621,1.01749403814,0.513368983957,1.2536673475,0.394573414091,4.4,3.17727272727,1.2536673475,4.4,0.213333333333,0.153846153846,2,0.0121212121212,0.205555555556,11,11,11,1,0,0.0909090909091,0.636363636364,0.272727272727,-3,-0.0272727272727,0.133884297521,-0.545454545455,-0.3,-0.375,-0.389190409368,-0.0439221612377,-0.0368983957219,-0.347548883978,-0.111544284527,-0.0689839572193,-0.367518585835,-0.0495111164884,-0.0229946524064,0.196768572961,0.0472964236795,0.854545454545,0.133884297521,0.196768572961,0.854545454545,-0.285714285714,-0.246153846154,-6,-0.0363636363636,-0.05,0,0,0,17,0,3,90,0.85,1,0,0.15,1,0.85,0.918918918919,0.906962317388,0.85,0.85,4,7,0,0,0,0
1678,WLNM_dir_neg,0.897959183673,0.726731601732,00:00:00,10,40,37,1174695186,threshold_sweep,0.4,1,0.571428571429,0.727272727273,4,0,3,14,0.571428571429,1,0,0.428571428571,1,0.571428571429,0.727272727273,0.857142857143,0.603174603175,0.64,0.68599434057,0.571428571429,20,13,7,0,20,0,13,0,7,11,20,0.181818181818,3.04338842975,3.63636363636,2,2.5,1.68954001271,0.464623503495,0.245454545455,1.16774841624,0.642261628933,0.336363636364,1.94000937205,1.06700515463,0.536363636364,1.05689877454,0.347276990411,3.54545454545,3.04338842975,1.05689877454,3.54545454545,0.499047619048,0.4,8,0.0484848484848,0.255555555556,11,11,11,1,0,0.0909090909091,0.636363636364,0.272727272727,11,0.118181818182,3.72727272727,2.36363636364,1.3,1.625,1.43336856898,0.6064251638,0.286713286713,0.603022689156,0.510249967747,0.237762237762,1.40129809949,1.18571377649,0.503496503497,2.05382127221,0.551025219373,7,3.72727272727,2.05382127221,7,0,0,0,0,0.22962962963,11,11,11,1,0,0.0909090909091,0.636363636364,0.272727272727,11,17,0.154545454545,3.17727272727,3.09090909091,1.7,2.125,1.30034960334,0.420701342257,0.208556149733,0.820199532265,0.530717344407,0.267379679144,1.57249078621,1.01749403814,0.513368983957,1.2536673475,0.394573414091,4.4,3.17727272727,1.2536673475,4.4,0.213333333333,0.153846153846,2,0.0121212121212,0.205555555556,11,11,11,1,0,0.0909090909091,0.636363636364,0.272727272727,-3,-0.0272727272727,0.133884297521,-0.545454545455,-0.3,-0.375,-0.389190409368,-0.0439221612377,-0.0368983957219,-0.347548883978,-0.111544284527,-0.0689839572193,-0.367518585835,-0.0495111164884,-0.0229946524064,0.196768572961,0.0472964236795,0.854545454545,0.133884297521,0.196768572961,0.854545454545,-0.285714285714,-0.246153846154,-6,-0.0363636363636,-0.05,0,0,0,17,0,3,90,0.85,1,0,0.15,1,0.85,0.918918918919,0.906962317388,0.85,0.85,4,7,0,0,0,0
1679,WLNM_dir_neg,0.897959183673,0.726731601732,00:00:00,10,40,37,1174695186,threshold_sweep,0.5,1,0.571428571429,0.727272727273,4,0,3,14,0.571428571429,1,0,0.428571428571,1,0.571428571429,0.727272727273,0.857142857143,0.603174603175,0.64,0.68599434057,0.571428571429,20,13,7,0,20,0,13,0,7,11,20,0.181818181818,3.04338842975,3.63636363636,2,2.5,1.68954001271,0.464623503495,0.245454545455,1.16774841624,0.642261628933,0.336363636364,1.94000937205,1.06700515463,0.536363636364,1.05689877454,0.347276990411,3.54545454545,3.04338842975,1.05689877454,3.54545454545,0.499047619048,0.4,8,0.0484848484848,0.255555555556,11,11,11,1,0,0.0909090909091,0.636363636364,0.272727272727,11,0.118181818182,3.72727272727,2.36363636364,1.3,1.625,1.43336856898,0.6064251638,0.286713286713,0.603022689156,0.510249967747,0.237762237762,1.40129809949,1.18571377649,0.503496503497,2.05382127221,0.551025219373,7,3.72727272727,2.05382127221,7,0,0,0,0,0.22962962963,11,11,11,1,0,0.0909090909091,0.636363636364,0.272727272727,11,17,0.154545454545,3.17727272727,3.09090909091,1.7,2.125,1.30034960334,0.420701342257,0.208556149733,0.820199532265,0.530717344407,0.267379679144,1.57249078621,1.01749403814,0.513368983957,1.2536673475,0.394573414091,4.4,3.17727272727,1.2536673475,4.4,0.213333333333,0.153846153846,2,0.0121212121212,0.205555555556,11,11,11,1,0,0.0909090909091,0.636363636364,0.272727272727,-3,-0.0272727272727,0.133884297521,-0.545454545455,-0.3,-0.375,-0.389190409368,-0.0439221612377,-0.0368983957219,-0.347548883978,-0.111544284527,-0.0689839572193,-0.367518585835,-0.0495111164884,-0.0229946524064,0.196768572961,0.0472964236795,0.854545454545,0.133884297521,0.196768572961,0.854545454545,-0.285714285714,-0.246153846154,-6,-0.0363636363636,-0.05,0,0,0,17,0,3,90,0.85,1,0,0.15,1,0.85,0.918918918919,0.906962317388,0.85,0.85,4,7,0,0,0,0
1680,WLNM_dir_neg,0.897959183673,0.726731601732,00:00:00,10,40,37,1174695186,threshold_sweep,0.6,1,0.571428571429,0.727272727273,4,0,3,14,0.571428571429,1,0,0.428571428571,1,0.571428571429,0.727272727273,0.857142857143,0.603174603175,0.64,0.68599434057,0.571428571429,20,13,7,0,20,0,13,0,7,11,20,0.181818181818,3.04338842975,3.63636363636,2,2.5,1.68954001271,0.464623503495,0.245454545455,1.16774841624,0.642261628933,0.336363636364,1.94000937205,1.06700515463,0.536363636364,1.05689877454,0.347276990411,3.54545454545,3.04338842975,1.05689877454,3.54545454545,0.499047619048,0.4,8,0.0484848484848,0.255555555556,11,11,11,1,0,0.0909090909091,0.636363636364,0.272727272727,11,0.118181818182,3.72727272727,2.36363636364,1.3,1.625,1.43336856898,0.6064251638,0.286713286713,0.603022689156,0.510249967747,0.237762237762,1.40129809949,1.18571377649,0.503496503497,2.05382127221,0.551025219373,7,3.72727272727,2.05382127221,7,0,0,0,0,0.22962962963,11,11,11,1,0,0.0909090909091,0.636363636364,0.272727272727,11,17,0.154545454545,3.17727272727,3.09090909091,1.7,2.125,1.30034960334,0.420701342257,0.208556149733,0.820199532265,0.530717344407,0.267379679144,1.57249078621,1.01749403814,0.513368983957,1.2536673475,0.394573414091,4.4,3.17727272727,1.2536673475,4.4,0.213333333333,0.153846153846,2,0.0121212121212,0.205555555556,11,11,11,1,0,0.0909090909091,0.636363636364,0.272727272727,-3,-0.0272727272727,0.133884297521,-0.545454545455,-0.3,-0.375,-0.389190409368,-0.0439221612377,-0.0368983957219,-0.347548883978,-0.111544284527,-0.0689839572193,-0.367518585835,-0.0495111164884,-0.0229946524064,0.196768572961,0.0472964236795,0.854545454545,0.133884297521,0.196768572961,0.854545454545,-0.285714285714,-0.246153846154,-6,-0.0363636363636,-0.05,0,0,0,17,0,3,90,0.85,1,0,0.15,1,0.85,0.918918918919,0.906962317388,0.85,0.85,4,7,0,0,0,0
1681,WLNM_dir_neg,0.897959183673,0.726731601732,00:00:00,10,40,37,1174695186,threshold_sweep,0.7,1,0.571428571429,0.727272727273,4,0,3,14,0.571428571429,1,0,0.428571428571,1,0.571428571429,0.727272727273,0.857142857143,0.603174603175,0.64,0.68599434057,0.571428571429,20,13,7,0,20,0,13,0,7,11,20,0.181818181818,3.04338842975,3.63636363636,2,2.5,1.68954001271,0.464623503495,0.245454545455,1.16774841624,0.642261628933,0.336363636364,1.94000937205,1.06700515463,0.536363636364,1.05689877454,0.347276990411,3.54545454545,3.04338842975,1.05689877454,3.54545454545,0.499047619048,0.4,8,0.0484848484848,0.255555555556,11,11,11,1,0,0.0909090909091,0.636363636364,0.272727272727,11,0.118181818182,3.72727272727,2.36363636364,1.3,1.625,1.43336856898,0.6064251638,0.286713286713,0.603022689156,0.510249967747,0.237762237762,1.40129809949,1.18571377649,0.503496503497,2.05382127221,0.551025219373,7,3.72727272727,2.05382127221,7,0,0,0,0,0.22962962963,11,11,11,1,0,0.0909090909091,0.636363636364,0.272727272727,11,17,0.154545454545,3.17727272727,3.09090909091,1.7,2.125,1.30034960334,0.420701342257,0.208556149733,0.820199532265,0.530717344407,0.267379679144,1.57249078621,1.01749403814,0.513368983957,1.2536673475,0.394573414091,4.4,3.17727272727,1.2536673475,4.4,0.213333333333,0.153846153846,2,0.0121212121212,0.205555555556,11,11,11,1,0,0.0909090909091,0.636363636364,0.272727272727,-3,-0.0272727272727,0.133884297521,-0.545454545455,-0.3,-0.375,-0.389190409368,-0.0439221612377,-0.0368983957219,-0.347548883978,-0.111544284527,-0.0689839572193,-0.367518585835,-0.0495111164884,-0.0229946524064,0.196768572961,0.0472964236795,0.854545454545,0.133884297521,0.196768572961,0.854545454545,-0.285714285714,-0.246153846154,-6,-0.0363636363636,-0.05,0,0,0,17,0,3,90,0.85,1,0,0.15,1,0.85,0.918918918919,0.906962317388,0.85,0.85,4,7,0,0,0,0
1682,WLNM_dir_neg,0.897959183673,0.726731601732,00:00:00,10,40,37,1174695186,threshold_sweep,0.8,1,0.428571428571,0.6,3,0,4,14,0.428571428571,1,0,0.571428571429,1,0.428571428571,0.6,0.809523809524,0.619047619048,0.5,0.57735026919,0.428571428571,20,13,7,0,20,0,13,0,7,11,20,0.181818181818,3.04338842975,3.63636363636,2,2.5,1.68954001271,0.464623503495,0.245454545455,1.16774841624,0.642261628933,0.336363636364,1.94000937205,1.06700515463,0.536363636364,1.05689877454,0.347276990411,3.54545454545,3.04338842975,1.05689877454,3.54545454545,0.499047619048,0.4,8,0.0484848484848,0.255555555556,11,11,11,1,0,0.0909090909091,0.636363636364,0.272727272727,11,0.118181818182,3.72727272727,2.36363636364,1.3,1.625,1.43336856898,0.6064251638,0.286713286713,0.603022689156,0.510249967747,0.237762237762,1.40129809949,1.18571377649,0.503496503497,2.05382127221,0.551025219373,7,3.72727272727,2.05382127221,7,0,0,0,0,0.22962962963,11,11,11,1,0,0.0909090909091,0.636363636364,0.272727272727,11,16,0.145454545455,3.25,2.90909090909,1.6,2,1.22102788294,0.41972833476,0.181818181818,0.687551650952,0.47269176003,0.227272727273,1.50755672289,1.03644524699,0.511363636364,1.3758835545,0.423348786001,4.66666666667,3.25,1.3758835545,4.66666666667,0.213333333333,0.176470588235,2,0.0121212121212,0.192592592593,11,11,11,1,0,0.0909090909091,0.636363636364,0.272727272727,-4,-0.0363636363636,0.206611570248,-0.727272727273,-0.4,-0.5,-0.468512129772,-0.0448951687355,-0.0636363636364,-0.48019676529,-0.169569868904,-0.109090909091,-0.43245264916,-0.0305599076407,-0.025,0.318984779967,0.07607179559,1.12121212121,0.206611570248,0.318984779967,1.12121212121,-0.285714285714,-0.223529411765,-6,-0.0363636363636,-0.062962962963,0,0,0,16,0,4,90,0.8,1,0,0.2,1,0.8,0.888888888889,0.875189948987,0.8,0.8,3,7,0,0,0,0
1683,WLNM_dir_neg,0.897959183673,0.726731601732,00:00:00,10,40,37,1174695186,threshold_sweep,0.9,1,0.142857142857,0.25,1,0,6,14,0.142857142857,1,0,0.857142857143,1,0.142857142857,0.25,0.714285714286,0.650793650794,0.181818181818,0.316227766017,0.142857142857,20,13,7,0,20,0,13,0,7,11,20,0.181818181818,3.04338842975,3.63636363636,2,2.5,1.68954001271,0.464623503495,0.245454545455,1.16774841624,0.642261628933,0.336363636364,1.94000937205,1.06700515463,0.536363636364,1.05689877454,0.347276990411,3.54545454545,3.04338842975,1.05689877454,3.54545454545,0.499047619048,0.4,8,0.0484848484848,0.255555555556,11,11,11,1,0,0.0909090909091,0.636363636364,0.272727272727,11,0.118181818182,3.72727272727,2.36363636364,1.3,1.625,1.43336856898,0.6064251638,0.286713286713,0.603022689156,0.510249967747,0.237762237762,1.40129809949,1.18571377649,0.503496503497,2.05382127221,0.551025219373,7,3.72727272727,2.05382127221,7,0,0,0,0,0.22962962963,11,11,11,1,0,0.0909090909091,0.636363636364,0.272727272727,11,14,0.127272727273,3.36363636364,2.54545454545,1.4,1.75,1.43969693781,0.565595225567,0.272727272727,0.646669790683,0.508097692679,0.246753246753,1.42062726223,1.11620713461,0.506493506494,1.34539994429,0.399983767222,4.66666666667,3.36363636364,1.34539994429,4.66666666667,0,0,0,0,0.237037037037,11,11,11,1,0,0.0909090909091,0.636363636364,0.272727272727,-6,-0.0545454545455,0.320247933884,-1.09090909091,-0.6,-0.75,-0.249843074903,0.100971722072,0.0272727272727,-0.521078625559,-0.134163936254,-0.0896103896104,-0.519382109822,0.04920197998,-0.0298701298701,0.288501169755,0.0527067768106,1.12121212121,0.320247933884,0.288501169755,1.12121212121,-0.499047619048,-0.4,-8,-0.0484848484848,-0.0185185185185,0,0,0,14,0,6,90,0.7,1,0,0.3,1,0.7,0.823529411765,0.810092587301,0.7,0.7,1,7,0,0,0,0
1684,WLNM_dir_neg,0.938775510204,0.618452380952,00:00:00,10,40,38,1174695187,threshold_sweep,0.1,1,0.714285714286,0.833333333333,5,0,2,14,0.714285714286,1,0,0.285714285714,1,0.714285714286,0.833333333333,0.904761904762,0.587301587302,0.769230769231,0.790569415042,0.714285714286,20,13,7,0,20,0,13,0,7,11,20,0.181818181818,3.04338842975,3.63636363636,2,2.5,1.68954001271,0.464623503495,0.245454545455,1.16774841624,0.642261628933,0.336363636364,1.94000937205,1.06700515463,0.536363636364,1.05689877454,0.347276990411,3.54545454545,3.04338842975,1.05689877454,3.54545454545,0.499047619048,0.4,8,0.0484848484848,0.255555555556,11,11,11,1,0,0.0909090909091,0.636363636364,0.272727272727,11,0.118181818182,3.72727272727,2.36363636364,1.3,1.625,1.43336856898,0.6064251638,0.286713286713,0.603022689156,0.510249967747,0.237762237762,1.40129809949,1.18571377649,0.503496503497,2.05382127221,0.551025219373,7,3.72727272727,2.05382127221,7,0,0,0,0,0.22962962963,11,11,11,1,0,0.0909090909091,0.636363636364,0.272727272727,11,18,0.163636363636,3.11363636364,3.27272727273,1.8,2.25,1.42062726223,0.434080552347,0.227272727273,0.924416277737,0.564921058617,0.292929292929,1.68954001271,1.03249667443,0.525252525253,1.14353419474,0.367266456706,3.875,3.11363636364,1.14353419474,3.875,0.366666666667,0.266666666667,4,0.0242424242424,0.221111111111,11,11,11,1,0,0.0909090909091,0.636363636364,0.272727272727,-2,-0.0181818181818,0.0702479338843,-0.363636363636,-0.2,-0.25,-0.268912750482,-0.030542951148,-0.0181818181818,-0.243332138505,-0.0773405703161,-0.0434343434343,-0.250469359339,-0.0345084801933,-0.0111111111111,0.0866354202056,0.0199894662943,0.329545454545,0.0702479338843,0.0866354202056,0.329545454545,-0.132380952381,-0.133333333333,-4,-0.0242424242424,-0.0344444444444,0,0,0,18,0,2,90,0.9,1,0,0.1,1,0.9,0.947368421053,0.938314863257,0.9,0.9,5,7,0,0,0,0
1685,WLNM_dir_neg,0.938775510204,0.618452380952,00:00:00,10,40,38,1174695187,threshold_sweep,0.2,1,0.714285714286,0.833333333333,5,0,2,14,0.714285714286,1,0,0.285714285714,1,0.714285714286,0.833333333333,0.904761904762,0.587301587302,0.769230769231,0.790569415042,0.714285714286,20,13,7,0,20,0,13,0,7,11,20,0.181818181818,3.04338842975,3.63636363636,2,2.5,1.68954001271,0.464623503495,0.245454545455,1.16774841624,0.642261628933,0.336363636364,1.94000937205,1.06700515463,0.536363636364,1.05689877454,0.347276990411,3.54545454545,3.04338842975,1.05689877454,3.54545454545,0.499047619048,0.4,8,0.0484848484848,0.255555555556,11,11,11,1,0,0.0909090909091,0.636363636364,0.272727272727,11,0.118181818182,3.72727272727,2.36363636364,1.3,1.625,1.43336856898,0.6064251638,0.286713286713,0.603022689156,0.510249967747,0.237762237762,1.40129809949,1.18571377649,0.503496503497,2.05382127221,0.551025219373,7,3.72727272727,2.05382127221,7,0,0,0,0,0.22962962963,11,11,11,1,0,0.0909090909091,0.636363636364,0.272727272727,11,18,0.163636363636,3.11363636364,3.27272727273,1.8,2.25,1.42062726223,0.434080552347,0.227272727273,0.924416277737,0.564921058617,0.292929292929,1.68954001271,1.03249667443,0.525252525253,1.14353419474,0.367266456706,3.875,3.11363636364,1.14353419474,3.875,0.366666666667,0.266666666667,4,0.0242424242424,0.221111111111,11,11,11,1,0,0.0909090909091,0.636363636364,0.272727272727,-2,-0.0181818181818,0.0702479338843,-0.363636363636,-0.2,-0.25,-0.268912750482,-0.030542951148,-0.0181818181818,-0.243332138505,-0.0773405703161,-0.0434343434343,-0.250469359339,-0.0345084801933,-0.0111111111111,0.0866354202056,0.0199894662943,0.329545454545,0.0702479338843,0.0866354202056,0.329545454545,-0.132380952381,-0.133333333333,-4,-0.0242424242424,-0.0344444444444,0,0,0,18,0,2,90,0.9,1,0,0.1,1,0.9,0.947368421053,0.938314863257,0.9,0.9,5,7,0,0,0,0
1686,WLNM_dir_neg,0.938775510204,0.618452380952,00:00:00,10,40,38,1174695187,threshold_sweep,0.3,1,0.571428571429,0.727272727273,4,0,3,14,0.571428571429,1,0,0.428571428571,1,0.571428571429,0.727272727273,0.857142857143,0.603174603175,0.64,0.68599434057,0.571428571429,20,13,7,0,20,0,13,0,7,11,20,0.181818181818,3.04338842975,3.63636363636,2,2.5,1.68954001271,0.464623503495,0.245454545455,1.16774841624,0.642261628933,0.336363636364,1.94000937205,1.06700515463,0.536363636364,1.05689877454,0.347276990411,3.54545454545,3.04338842975,1.05689877454,3.54545454545,0.499047619048,0.4,8,0.0484848484848,0.255555555556,11,11,11,1,0,0.0909090909091,0.636363636364,0.272727272727,11,0.118181818182,3.72727272727,2.36363636364,1.3,1.625,1.43336856898,0.6064251638,0.286713286713,0.603022689156,0.510249967747,0.237762237762,1.40129809949,1.18571377649,0.503496503497,2.05382127221,0.551025219373,7,3.72727272727,2.05382127221,7,0,0,0,0,0.22962962963,11,11,11,1,0,0.0909090909091,0.636363636364,0.272727272727,11,17,0.154545454545,3.15909090909,3.09090909091,1.7,2.125,1.30034960334,0.420701342257,0.208556149733,0.820199532265,0.530717344407,0.267379679144,1.57249078621,1.01749403814,0.513368983957,1.21589847064,0.38488872452,4,3.15909090909,1.21589847064,4,0.296666666667,0.230769230769,3,0.0181818181818,0.203703703704,11,11,11,1,0,0.0909090909091,0.636363636364,0.272727272727,-3,-0.0272727272727,0.115702479339,-0.545454545455,-0.3,-0.375,-0.389190409368,-0.0439221612377,-0.0368983957219,-0.347548883978,-0.111544284527,-0.0689839572193,-0.367518585835,-0.0495111164884,-0.0229946524064,0.158999696105,0.0376117341084,0.454545454545,0.115702479339,0.158999696105,0.454545454545,-0.202380952381,-0.169230769231,-5,-0.030303030303,-0.0518518518519,0,0,0,17,0,3,90,0.85,1,0,0.15,1,0.85,0.918918918919,0.906962317388,0.85,0.85,4,7,0,0,0,0
1687,WLNM_dir_neg,0.938775510204,0.618452380952,00:00:00,10,40,38,1174695187,threshold_sweep,0.4,1,0.571428571429,0.727272727273,4,0,3,14,0.571428571429,1,0,0.428571428571,1,0.571428571429,0.727272727273,0.857142857143,0.603174603175,0.64,0.68599434057,0.571428571429,20,13,7,0,20,0,13,0,7,11,20,0.181818181818,3.04338842975,3.63636363636,2,2.5,1.68954001271,0.464623503495,0.245454545455,1.16774841624,0.642261628933,0.336363636364,1.94000937205,1.06700515463,0.536363636364,1.05689877454,0.347276990411,3.54545454545,3.04338842975,1.05689877454,3.54545454545,0.499047619048,0.4,8,0.0484848484848,0.255555555556,11,11,11,1,0,0.0909090909091,0.636363636364,0.272727272727,11,0.118181818182,3.72727272727,2.36363636364,1.3,1.625,1.43336856898,0.6064251638,0.286713286713,0.603022689156,0.510249967747,0.237762237762,1.40129809949,1.18571377649,0.503496503497,2.05382127221,0.551025219373,7,3.72727272727,2.05382127221,7,0,0,0,0,0.22962962963,11,11,11,1,0,0.0909090909091,0.636363636364,0.272727272727,11,17,0.154545454545,3.15909090909,3.09090909091,1.7,2.125,1.30034960334,0.420701342257,0.208556149733,0.820199532265,0.530717344407,0.267379679144,1.57249078621,1.01749403814,0.513368983957,1.21589847064,0.38488872452,4,3.15909090909,1.21589847064,4,0.296666666667,0.230769230769,3,0.0181818181818,0.203703703704,11,11,11,1,0,0.0909090909091,0.636363636364,0.272727272727,-3,-0.0272727272727,0.115702479339,-0.545454545455,-0.3,-0.375,-0.389190409368,-0.0439221612377,-0.0368983957219,-0.347548883978,-0.111544284527,-0.0689839572193,-0.367518585835,-0.0495111164884,-0.0229946524064,0.158999696105,0.0376117341084,0.454545454545,0.115702479339,0.158999696105,0.454545454545,-0.202380952381,-0.169230769231,-5,-0.030303030303,-0.0518518518519,0,0,0,17,0,3,90,0.85,1,0,0.15,1,0.85,0.918918918919,0.906962317388,0.85,0.85,4,7,0,0,0,0
1688,WLNM_dir_neg,0.938775510204,0.618452380952,00:00:00,10,40,38,1174695187,threshold_sweep,0.5,1,0.571428571429,0.727272727273,4,0,3,14,0.571428571429,1,0,0.428571428571,1,0.571428571429,0.727272727273,0.857142857143,0.603174603175,0.64,0.68599434057,0.571428571429,20,13,7,0,20,0,13,0,7,11,20,0.181818181818,3.04338842975,3.63636363636,2,2.5,1.68954001271,0.464623503495,0.245454545455,1.16774841624,0.642261628933,0.336363636364,1.94000937205,1.06700515463,0.536363636364,1.05689877454,0.347276990411,3.54545454545,3.04338842975,1.05689877454,3.54545454545,0.499047619048,0.4,8,0.0484848484848,0.255555555556,11,11,11,1,0,0.0909090909091,0.636363636364,0.272727272727,11,0.118181818182,3.72727272727,2.36363636364,1.3,1.625,1.43336856898,0.6064251638,0.286713286713,0.603022689156,0.510249967747,0.237762237762,1.40129809949,1.18571377649,0.503496503497,2.05382127221,0.551025219373,7,3.72727272727,2.05382127221,7,0,0,0,0,0.22962962963,11,11,11,1,0,0.0909090909091,0.636363636364,0.272727272727,11,17,0.154545454545,3.15909090909,3.09090909091,1.7,2.125,1.30034960334,0.420701342257,0.208556149733,0.820199532265,0.530717344407,0.267379679144,1.57249078621,1.01749403814,0.513368983957,1.21589847064,0.38488872452,4,3.15909090909,1.21589847064,4,0.296666666667,0.230769230769,3,0.0181818181818,0.203703703704,11,11,11,1,0,0.0909090909091,0.636363636364,0.272727272727,-3,-0.0272727272727,0.115702479339,-0.545454545455,-0.3,-0.375,-0.389190409368,-0.0439221612377,-0.0368983957219,-0.347548883978,-0.111544284527,-0.0689839572193,-0.367518585835,-0.0495111164884,-0.0229946524064,0.158999696105,0.0376117341084,0.454545454545,0.115702479339,0.158999696105,0.454545454545,-0.202380952381,-0.169230769231,-5,-0.030303030303,-0.0518518518519,0,0,0,17,0,3,90,0.85,1,0,0.15,1,0.85,0.918918918919,0.906962317388,0.85,0.85,4,7,0,0,0,0
1689,WLNM_dir_neg,0.938775510204,0.618452380952,00:00:00,10,40,38,1174695187,threshold_sweep,0.6,1,0.571428571429,0.727272727273,4,0,3,14,0.571428571429,1,0,0.428571428571,1,0.571428571429,0.727272727273,0.857142857143,0.603174603175,0.64,0.68599434057,0.571428571429,20,13,7,0,20,0,13,0,7,11,20,0.181818181818,3.04338842975,3.63636363636,2,2.5,1.68954001271,0.464623503495,0.245454545455,1.16774841624,0.642261628933,0.336363636364,1.94000937205,1.06700515463,0.536363636364,1.05689877454,0.347276990411,3.54545454545,3.04338842975,1.05689877454,3.54545454545,0.499047619048,0.4,8,0.0484848484848,0.255555555556,11,11,11,1,0,0.0909090909091,0.636363636364,0.272727272727,11,0.118181818182,3.72727272727,2.36363636364,1.3,1.625,1.43336856898,0.6064251638,0.286713286713,0.603022689156,0.510249967747,0.237762237762,1.40129809949,1.18571377649,0.503496503497,2.05382127221,0.551025219373,7,3.72727272727,2.05382127221,7,0,0,0,0,0.22962962963,11,11,11,1,0,0.0909090909091,0.636363636364,0.272727272727,11,17,0.154545454545,3.15909090909,3.09090909091,1.7,2.125,1.30034960334,0.420701342257,0.208556149733,0.820199532265,0.530717344407,0.267379679144,1.57249078621,1.01749403814,0.513368983957,1.21589847064,0.38488872452,4,3.15909090909,1.21589847064,4,0.296666666667,0.230769230769,3,0.0181818181818,0.203703703704,11,11,11,1,0,0.0909090909091,0.636363636364,0.272727272727,-3,-0.0272727272727,0.115702479339,-0.545454545455,-0.3,-0.375,-0.389190409368,-0.0439221612377,-0.0368983957219,-0.347548883978,-0.111544284527,-0.0689839572193,-0.367518585835,-0.0495111164884,-0.0229946524064,0.158999696105,0.0376117341084,0.454545454545,0.115702479339,0.158999696105,0.454545454545,-0.202380952381,-0.169230769231,-5,-0.030303030303,-0.0518518518519,0,0,0,17,0,3,90,0.85,1,0,0.15,1,0.85,0.918918918919,0.906962317388,0.85,0.85,4,7,0,0,0,0
1690,WLNM_dir_neg,0.938775510204,0.618452380952,00:00:00,10,40,38,1174695187,threshold_sweep,0.7,1,0.571428571429,0.727272727273,4,0,3,14,0.571428571429,1,0,0.428571428571,1,0.571428571429,0.727272727273,0.857142857143,0.603174603175,0.64,0.68599434057,0.571428571429,20,13,7,0,20,0,13,0,7,11,20,0.181818181818,3.04338842975,3.63636363636,2,2.5,1.68954001271,0.464623503495,0.245454545455,1.16774841624,0.642261628933,0.336363636364,1.94000937205,1.06700515463,0.536363636364,1.05689877454,0.347276990411,3.54545454545,3.04338842975,1.05689877454,3.54545454545,0.499047619048,0.4,8,0.0484848484848,0.255555555556,11,11,11,1,0,0.0909090909091,0.636363636364,0.272727272727,11,0.118181818182,3.72727272727,2.36363636364,1.3,1.625,1.43336856898,0.6064251638,0.286713286713,0.603022689156,0.510249967747,0.237762237762,1.40129809949,1.18571377649,0.503496503497,2.05382127221,0.551025219373,7,3.72727272727,2.05382127221,7,0,0,0,0,0.22962962963,11,11,11,1,0,0.0909090909091,0.636363636364,0.272727272727,11,17,0.154545454545,3.15909090909,3.09090909091,1.7,2.125,1.30034960334,0.420701342257,0.208556149733,0.820199532265,0.530717344407,0.267379679144,1.57249078621,1.01749403814,0.513368983957,1.21589847064,0.38488872452,4,3.15909090909,1.21589847064,4,0.296666666667,0.230769230769,3,0.0181818181818,0.203703703704,11,11,11,1,0,0.0909090909091,0.636363636364,0.272727272727,-3,-0.0272727272727,0.115702479339,-0.545454545455,-0.3,-0.375,-0.389190409368,-0.0439221612377,-0.0368983957219,-0.347548883978,-0.111544284527,-0.0689839572193,-0.367518585835,-0.0495111164884,-0.0229946524064,0.158999696105,0.0376117341084,0.454545454545,0.115702479339,0.158999696105,0.454545454545,-0.202380952381,-0.169230769231,-5,-0.030303030303,-0.0518518518519,0,0,0,17,0,3,90,0.85,1,0,0.15,1,0.85,0.918918918919,0.906962317388,0.85,0.85,4,7,0,0,0,0
1691,WLNM_dir_neg,0.938775510204,0.618452380952,00:00:00,10,40,38,1174695187,threshold_sweep,0.8,1,0.428571428571,0.6,3,0,4,14,0.428571428571,1,0,0.571428571429,1,0.428571428571,0.6,0.809523809524,0.619047619048,0.5,0.57735026919,0.428571428571,20,13,7,0,20,0,13,0,7,11,20,0.181818181818,3.04338842975,3.63636363636,2,2.5,1.68954001271,0.464623503495,0.245454545455,1.16774841624,0.642261628933,0.336363636364,1.94000937205,1.06700515463,0.536363636364,1.05689877454,0.347276990411,3.54545454545,3.04338842975,1.05689877454,3.54545454545,0.499047619048,0.4,8,0.0484848484848,0.255555555556,11,11,11,1,0,0.0909090909091,0.636363636364,0.272727272727,11,0.118181818182,3.72727272727,2.36363636364,1.3,1.625,1.43336856898,0.6064251638,0.286713286713,0.603022689156,0.510249967747,0.237762237762,1.40129809949,1.18571377649,0.503496503497,2.05382127221,0.551025219373,7,3.72727272727,2.05382127221,7,0,0,0,0,0.22962962963,11,11,11,1,0,0.0909090909091,0.636363636364,0.272727272727,11,16,0.145454545455,3.25,2.90909090909,1.6,2,1.22102788294,0.41972833476,0.181818181818,0.687551650952,0.47269176003,0.227272727273,1.50755672289,1.03644524699,0.511363636364,1.3758835545,0.423348786001,4.66666666667,3.25,1.3758835545,4.66666666667,0.213333333333,0.176470588235,2,0.0121212121212,0.192592592593,11,11,11,1,0,0.0909090909091,0.636363636364,0.272727272727,-4,-0.0363636363636,0.206611570248,-0.727272727273,-0.4,-0.5,-0.468512129772,-0.0448951687355,-0.0636363636364,-0.48019676529,-0.169569868904,-0.109090909091,-0.43245264916,-0.0305599076407,-0.025,0.318984779967,0.07607179559,1.12121212121,0.206611570248,0.318984779967,1.12121212121,-0.285714285714,-0.223529411765,-6,-0.0363636363636,-0.062962962963,0,0,0,16,0,4,90,0.8,1,0,0.2,1,0.8,0.888888888889,0.875189948987,0.8,0.8,3,7,0,0,0,0
1692,WLNM_dir_neg,0.938775510204,0.618452380952,00:00:00,10,40,38,1174695187,threshold_sweep,0.9,1,0.428571428571,0.6,3,0,4,14,0.428571428571,1,0,0.571428571429,1,0.428571428571,0.6,0.809523809524,0.619047619048,0.5,0.57735026919,0.428571428571,20,13,7,0,20,0,13,0,7,11,20,0.181818181818,3.04338842975,3.63636363636,2,2.5,1.68954001271,0.464623503495,0.245454545455,1.16774841624,0.642261628933,0.336363636364,1.94000937205,1.06700515463,0.536363636364,1.05689877454,0.347276990411,3.54545454545,3.04338842975,1.05689877454,3.54545454545,0.499047619048,0.4,8,0.0484848484848,0.255555555556,11,11,11,1,0,0.0909090909091,0.636363636364,0.272727272727,11,0.118181818182,3.72727272727,2.36363636364,1.3,1.625,1.43336856898,0.6064251638,0.286713286713,0.603022689156,0.510249967747,0.237762237762,1.40129809949,1.18571377649,0.503496503497,2.05382127221,0.551025219373,7,3.72727272727,2.05382127221,7,0,0,0,0,0.22962962963,11,11,11,1,0,0.0909090909091,0.636363636364,0.272727272727,11,16,0.145454545455,3.25,2.90909090909,1.6,2,1.22102788294,0.41972833476,0.181818181818,0.687551650952,0.47269176003,0.227272727273,1.50755672289,1.03644524699,0.511363636364,1.3758835545,0.423348786001,4.66666666667,3.25,1.3758835545,4.66666666667,0.213333333333,0.176470588235,2,0.0121212121212,0.192592592593,11,11,11,1,0,0.0909090909091,0.636363636364,0.272727272727,-4,-0.0363636363636,0.206611570248,-0.727272727273,-0.4,-0.5,-0.468512129772,-0.0448951687355,-0.0636363636364,-0.48019676529,-0.169569868904,-0.109090909091,-0.43245264916,-0.0305599076407,-0.025,0.318984779967,0.07607179559,1.12121212121,0.206611570248,0.318984779967,1.12121212121,-0.285714285714,-0.223529411765,-6,-0.0363636363636,-0.062962962963,0,0,0,16,0,4,90,0.8,1,0,0.2,1,0.8,0.888888888889,0.875189948987,0.8,0.8,3,7,0,0,0,0
1693,WLNM_dir_neg,0.938775510204,0.629947433519,00:00:00,10,40,39,1174695188,threshold_sweep,0.1,1,0.714285714286,0.833333333333,5,0,2,14,0.714285714286,1,0,0.285714285714,1,0.714285714286,0.833333333333,0.904761904762,0.587301587302,0.769230769231,0.790569415042,0.714285714286,20,13,7,0,20,0,13,0,7,11,20,0.181818181818,3.04338842975,3.63636363636,2,2.5,1.68954001271,0.464623503495,0.245454545455,1.16774841624,0.642261628933,0.336363636364,1.94000937205,1.06700515463,0.536363636364,1.05689877454,0.347276990411,3.54545454545,3.04338842975,1.05689877454,3.54545454545,0.499047619048,0.4,8,0.0484848484848,0.255555555556,11,11,11,1,0,0.0909090909091,0.636363636364,0.272727272727,11,0.118181818182,3.72727272727,2.36363636364,1.3,1.625,1.43336856898,0.6064251638,0.286713286713,0.603022689156,0.510249967747,0.237762237762,1.40129809949,1.18571377649,0.503496503497,2.05382127221,0.551025219373,7,3.72727272727,2.05382127221,7,0,0,0,0,0.22962962963,11,11,11,1,0,0.0909090909091,0.636363636364,0.272727272727,11,18,0.163636363636,3.11363636364,3.27272727273,1.8,2.25,1.42062726223,0.434080552347,0.227272727273,0.924416277737,0.564921058617,0.292929292929,1.68954001271,1.03249667443,0.525252525253,1.14353419474,0.367266456706,3.875,3.11363636364,1.14353419474,3.875,0.366666666667,0.266666666667,4,0.0242424242424,0.221111111111,11,11,11,1,0,0.0909090909091,0.636363636364,0.272727272727,-2,-0.0181818181818,0.0702479338843,-0.363636363636,-0.2,-0.25,-0.268912750482,-0.030542951148,-0.0181818181818,-0.243332138505,-0.0773405703161,-0.0434343434343,-0.250469359339,-0.0345084801933,-0.0111111111111,0.0866354202056,0.0199894662943,0.329545454545,0.0702479338843,0.0866354202056,0.329545454545,-0.132380952381,-0.133333333333,-4,-0.0242424242424,-0.0344444444444,0,0,0,18,0,2,90,0.9,1,0,0.1,1,0.9,0.947368421053,0.938314863257,0.9,0.9,5,7,0,0,0,0
1694,WLNM_dir_neg,0.938775510204,0.629947433519,00:00:00,10,40,39,1174695188,threshold_sweep,0.2,1,0.714285714286,0.833333333333,5,0,2,14,0.714285714286,1,0,0.285714285714,1,0.714285714286,0.833333333333,0.904761904762,0.587301587302,0.769230769231,0.790569415042,0.714285714286,20,13,7,0,20,0,13,0,7,11,20,0.181818181818,3.04338842975,3.63636363636,2,2.5,1.68954001271,0.464623503495,0.245454545455,1.16774841624,0.642261628933,0.336363636364,1.94000937205,1.06700515463,0.536363636364,1.05689877454,0.347276990411,3.54545454545,3.04338842975,1.05689877454,3.54545454545,0.499047619048,0.4,8,0.0484848484848,0.255555555556,11,11,11,1,0,0.0909090909091,0.636363636364,0.272727272727,11,0.118181818182,3.72727272727,2.36363636364,1.3,1.625,1.43336856898,0.6064251638,0.286713286713,0.603022689156,0.510249967747,0.237762237762,1.40129809949,1.18571377649,0.503496503497,2.05382127221,0.551025219373,7,3.72727272727,2.05382127221,7,0,0,0,0,0.22962962963,11,11,11,1,0,0.0909090909091,0.636363636364,0.272727272727,11,18,0.163636363636,3.11363636364,3.27272727273,1.8,2.25,1.42062726223,0.434080552347,0.227272727273,0.924416277737,0.564921058617,0.292929292929,1.68954001271,1.03249667443,0.525252525253,1.14353419474,0.367266456706,3.875,3.11363636364,1.14353419474,3.875,0.366666666667,0.266666666667,4,0.0242424242424,0.221111111111,11,11,11,1,0,0.0909090909091,0.636363636364,0.272727272727,-2,-0.0181818181818,0.0702479338843,-0.363636363636,-0.2,-0.25,-0.268912750482,-0.030542951148,-0.0181818181818,-0.243332138505,-0.0773405703161,-0.0434343434343,-0.250469359339,-0.0345084801933,-0.0111111111111,0.0866354202056,0.0199894662943,0.329545454545,0.0702479338843,0.0866354202056,0.329545454545,-0.132380952381,-0.133333333333,-4,-0.0242424242424,-0.0344444444444,0,0,0,18,0,2,90,0.9,1,0,0.1,1,0.9,0.947368421053,0.938314863257,0.9,0.9,5,7,0,0,0,0
1695,WLNM_dir_neg,0.938775510204,0.629947433519,00:00:00,10,40,39,1174695188,threshold_sweep,0.3,1,0.714285714286,0.833333333333,5,0,2,14,0.714285714286,1,0,0.285714285714,1,0.714285714286,0.833333333333,0.904761904762,0.587301587302,0.769230769231,0.790569415042,0.714285714286,20,13,7,0,20,0,13,0,7,11,20,0.181818181818,3.04338842975,3.63636363636,2,2.5,1.68954001271,0.464623503495,0.245454545455,1.16774841624,0.642261628933,0.336363636364,1.94000937205,1.06700515463,0.536363636364,1.05689877454,0.347276990411,3.54545454545,3.04338842975,1.05689877454,3.54545454545,0.499047619048,0.4,8,0.0484848484848,0.255555555556,11,11,11,1,0,0.0909090909091,0.636363636364,0.272727272727,11,0.118181818182,3.72727272727,2.36363636364,1.3,1.625,1.43336856898,0.6064251638,0.286713286713,0.603022689156,0.510249967747,0.237762237762,1.40129809949,1.18571377649,0.503496503497,2.05382127221,0.551025219373,7,3.72727272727,2.05382127221,7,0,0,0,0,0.22962962963,11,11,11,1,0,0.0909090909091,0.636363636364,0.272727272727,11,18,0.163636363636,3.11363636364,3.27272727273,1.8,2.25,1.42062726223,0.434080552347,0.227272727273,0.924416277737,0.564921058617,0.292929292929,1.68954001271,1.03249667443,0.525252525253,1.14353419474,0.367266456706,3.875,3.11363636364,1.14353419474,3.875,0.366666666667,0.266666666667,4,0.0242424242424,0.221111111111,11,11,11,1,0,0.0909090909091,0.636363636364,0.272727272727,-2,-0.0181818181818,0.0702479338843,-0.363636363636,-0.2,-0.25,-0.268912750482,-0.030542951148,-0.0181818181818,-0.243332138505,-0.0773405703161,-0.0434343434343,-0.250469359339,-0.0345084801933,-0.0111111111111,0.0866354202056,0.0199894662943,0.329545454545,0.0702479338843,0.0866354202056,0.329545454545,-0.132380952381,-0.133333333333,-4,-0.0242424242424,-0.0344444444444,0,0,0,18,0,2,90,0.9,1,0,0.1,1,0.9,0.947368421053,0.938314863257,0.9,0.9,5,7,0,0,0,0
1696,WLNM_dir_neg,0.938775510204,0.629947433519,00:00:00,10,40,39,1174695188,threshold_sweep,0.4,1,0.714285714286,0.833333333333,5,0,2,14,0.714285714286,1,0,0.285714285714,1,0.714285714286,0.833333333333,0.904761904762,0.587301587302,0.769230769231,0.790569415042,0.714285714286,20,13,7,0,20,0,13,0,7,11,20,0.181818181818,3.04338842975,3.63636363636,2,2.5,1.68954001271,0.464623503495,0.245454545455,1.16774841624,0.642261628933,0.336363636364,1.94000937205,1.06700515463,0.536363636364,1.05689877454,0.347276990411,3.54545454545,3.04338842975,1.05689877454,3.54545454545,0.499047619048,0.4,8,0.0484848484848,0.255555555556,11,11,11,1,0,0.0909090909091,0.636363636364,0.272727272727,11,0.118181818182,3.72727272727,2.36363636364,1.3,1.625,1.43336856898,0.6064251638,0.286713286713,0.603022689156,0.510249967747,0.237762237762,1.40129809949,1.18571377649,0.503496503497,2.05382127221,0.551025219373,7,3.72727272727,2.05382127221,7,0,0,0,0,0.22962962963,11,11,11,1,0,0.0909090909091,0.636363636364,0.272727272727,11,18,0.163636363636,3.11363636364,3.27272727273,1.8,2.25,1.42062726223,0.434080552347,0.227272727273,0.924416277737,0.564921058617,0.292929292929,1.68954001271,1.03249667443,0.525252525253,1.14353419474,0.367266456706,3.875,3.11363636364,1.14353419474,3.875,0.366666666667,0.266666666667,4,0.0242424242424,0.221111111111,11,11,11,1,0,0.0909090909091,0.636363636364,0.272727272727,-2,-0.0181818181818,0.0702479338843,-0.363636363636,-0.2,-0.25,-0.268912750482,-0.030542951148,-0.0181818181818,-0.243332138505,-0.0773405703161,-0.0434343434343,-0.250469359339,-0.0345084801933,-0.0111111111111,0.0866354202056,0.0199894662943,0.329545454545,0.0702479338843,0.0866354202056,0.329545454545,-0.132380952381,-0.133333333333,-4,-0.0242424242424,-0.0344444444444,0,0,0,18,0,2,90,0.9,1,0,0.1,1,0.9,0.947368421053,0.938314863257,0.9,0.9,5,7,0,0,0,0
1697,WLNM_dir_neg,0.938775510204,0.629947433519,00:00:00,10,40,39,1174695188,threshold_sweep,0.5,1,0.714285714286,0.833333333333,5,0,2,14,0.714285714286,1,0,0.285714285714,1,0.714285714286,0.833333333333,0.904761904762,0.587301587302,0.769230769231,0.790569415042,0.714285714286,20,13,7,0,20,0,13,0,7,11,20,0.181818181818,3.04338842975,3.63636363636,2,2.5,1.68954001271,0.464623503495,0.245454545455,1.16774841624,0.642261628933,0.336363636364,1.94000937205,1.06700515463,0.536363636364,1.05689877454,0.347276990411,3.54545454545,3.04338842975,1.05689877454,3.54545454545,0.499047619048,0.4,8,0.0484848484848,0.255555555556,11,11,11,1,0,0.0909090909091,0.636363636364,0.272727272727,11,0.118181818182,3.72727272727,2.36363636364,1.3,1.625,1.43336856898,0.6064251638,0.286713286713,0.603022689156,0.510249967747,0.237762237762,1.40129809949,1.18571377649,0.503496503497,2.05382127221,0.551025219373,7,3.72727272727,2.05382127221,7,0,0,0,0,0.22962962963,11,11,11,1,0,0.0909090909091,0.636363636364,0.272727272727,11,18,0.163636363636,3.11363636364,3.27272727273,1.8,2.25,1.42062726223,0.434080552347,0.227272727273,0.924416277737,0.564921058617,0.292929292929,1.68954001271,1.03249667443,0.525252525253,1.14353419474,0.367266456706,3.875,3.11363636364,1.14353419474,3.875,0.366666666667,0.266666666667,4,0.0242424242424,0.221111111111,11,11,11,1,0,0.0909090909091,0.636363636364,0.272727272727,-2,-0.0181818181818,0.0702479338843,-0.363636363636,-0.2,-0.25,-0.268912750482,-0.030542951148,-0.0181818181818,-0.243332138505,-0.0773405703161,-0.0434343434343,-0.250469359339,-0.0345084801933,-0.0111111111111,0.0866354202056,0.0199894662943,0.329545454545,0.0702479338843,0.0866354202056,0.329545454545,-0.132380952381,-0.133333333333,-4,-0.0242424242424,-0.0344444444444,0,0,0,18,0,2,90,0.9,1,0,0.1,1,0.9,0.947368421053,0.938314863257,0.9,0.9,5,7,0,0,0,0
1698,WLNM_dir_neg,0.938775510204,0.629947433519,00:00:00,10,40,39,1174695188,threshold_sweep,0.6,1,0.714285714286,0.833333333333,5,0,2,14,0.714285714286,1,0,0.285714285714,1,0.714285714286,0.833333333333,0.904761904762,0.587301587302,0.769230769231,0.790569415042,0.714285714286,20,13,7,0,20,0,13,0,7,11,20,0.181818181818,3.04338842975,3.63636363636,2,2.5,1.68954001271,0.464623503495,0.245454545455,1.16774841624,0.642261628933,0.336363636364,1.94000937205,1.06700515463,0.536363636364,1.05689877454,0.347276990411,3.54545454545,3.04338842975,1.05689877454,3.54545454545,0.499047619048,0.4,8,0.0484848484848,0.255555555556,11,11,11,1,0,0.0909090909091,0.636363636364,0.272727272727,11,0.118181818182,3.72727272727,2.36363636364,1.3,1.625,1.43336856898,0.6064251638,0.286713286713,0.603022689156,0.510249967747,0.237762237762,1.40129809949,1.18571377649,0.503496503497,2.05382127221,0.551025219373,7,3.72727272727,2.05382127221,7,0,0,0,0,0.22962962963,11,11,11,1,0,0.0909090909091,0.636363636364,0.272727272727,11,18,0.163636363636,3.11363636364,3.27272727273,1.8,2.25,1.42062726223,0.434080552347,0.227272727273,0.924416277737,0.564921058617,0.292929292929,1.68954001271,1.03249667443,0.525252525253,1.14353419474,0.367266456706,3.875,3.11363636364,1.14353419474,3.875,0.366666666667,0.266666666667,4,0.0242424242424,0.221111111111,11,11,11,1,0,0.0909090909091,0.636363636364,0.272727272727,-2,-0.0181818181818,0.0702479338843,-0.363636363636,-0.2,-0.25,-0.268912750482,-0.030542951148,-0.0181818181818,-0.243332138505,-0.0773405703161,-0.0434343434343,-0.250469359339,-0.0345084801933,-0.0111111111111,0.0866354202056,0.0199894662943,0.329545454545,0.0702479338843,0.0866354202056,0.329545454545,-0.132380952381,-0.133333333333,-4,-0.0242424242424,-0.0344444444444,0,0,0,18,0,2,90,0.9,1,0,0.1,1,0.9,0.947368421053,0.938314863257,0.9,0.9,5,7,0,0,0,0
1699,WLNM_dir_neg,0.938775510204,0.629947433519,00:00:00,10,40,39,1174695188,threshold_sweep,0.7,1,0.714285714286,0.833333333333,5,0,2,14,0.714285714286,1,0,0.285714285714,1,0.714285714286,0.833333333333,0.904761904762,0.587301587302,0.769230769231,0.790569415042,0.714285714286,20,13,7,0,20,0,13,0,7,11,20,0.181818181818,3.04338842975,3.63636363636,2,2.5,1.68954001271,0.464623503495,0.245454545455,1.16774841624,0.642261628933,0.336363636364,1.94000937205,1.06700515463,0.536363636364,1.05689877454,0.347276990411,3.54545454545,3.04338842975,1.05689877454,3.54545454545,0.499047619048,0.4,8,0.0484848484848,0.255555555556,11,11,11,1,0,0.0909090909091,0.636363636364,0.272727272727,11,0.118181818182,3.72727272727,2.36363636364,1.3,1.625,1.43336856898,0.6064251638,0.286713286713,0.603022689156,0.510249967747,0.237762237762,1.40129809949,1.18571377649,0.503496503497,2.05382127221,0.551025219373,7,3.72727272727,2.05382127221,7,0,0,0,0,0.22962962963,11,11,11,1,0,0.0909090909091,0.636363636364,0.272727272727,11,18,0.163636363636,3.11363636364,3.27272727273,1.8,2.25,1.42062726223,0.434080552347,0.227272727273,0.924416277737,0.564921058617,0.292929292929,1.68954001271,1.03249667443,0.525252525253,1.14353419474,0.367266456706,3.875,3.11363636364,1.14353419474,3.875,0.366666666667,0.266666666667,4,0.0242424242424,0.221111111111,11,11,11,1,0,0.0909090909091,0.636363636364,0.272727272727,-2,-0.0181818181818,0.0702479338843,-0.363636363636,-0.2,-0.25,-0.268912750482,-0.030542951148,-0.0181818181818,-0.243332138505,-0.0773405703161,-0.0434343434343,-0.250469359339,-0.0345084801933,-0.0111111111111,0.0866354202056,0.0199894662943,0.329545454545,0.0702479338843,0.0866354202056,0.329545454545,-0.132380952381,-0.133333333333,-4,-0.0242424242424,-0.0344444444444,0,0,0,18,0,2,90,0.9,1,0,0.1,1,0.9,0.947368421053,0.938314863257,0.9,0.9,5,7,0,0,0,0
1700,WLNM_dir_neg,0.938775510204,0.629947433519,00:00:00,10,40,39,1174695188,threshold_sweep,0.8,1,0.714285714286,0.833333333333,5,0,2,14,0.714285714286,1,0,0.285714285714,1,0.714285714286,0.833333333333,0.904761904762,0.587301587302,0.769230769231,0.790569415042,0.714285714286,20,13,7,0,20,0,13,0,7,11,20,0.181818181818,3.04338842975,3.63636363636,2,2.5,1.68954001271,0.464623503495,0.245454545455,1.16774841624,0.642261628933,0.336363636364,1.94000937205,1.06700515463,0.536363636364,1.05689877454,0.347276990411,3.54545454545,3.04338842975,1.05689877454,3.54545454545,0.499047619048,0.4,8,0.0484848484848,0.255555555556,11,11,11,1,0,0.0909090909091,0.636363636364,0.272727272727,11,0.118181818182,3.72727272727,2.36363636364,1.3,1.625,1.43336856898,0.6064251638,0.286713286713,0.603022689156,0.510249967747,0.237762237762,1.40129809949,1.18571377649,0.503496503497,2.05382127221,0.551025219373,7,3.72727272727,2.05382127221,7,0,0,0,0,0.22962962963,11,11,11,1,0,0.0909090909091,0.636363636364,0.272727272727,11,18,0.163636363636,3.11363636364,3.27272727273,1.8,2.25,1.42062726223,0.434080552347,0.227272727273,0.924416277737,0.564921058617,0.292929292929,1.68954001271,1.03249667443,0.525252525253,1.14353419474,0.367266456706,3.875,3.11363636364,1.14353419474,3.875,0.366666666667,0.266666666667,4,0.0242424242424,0.221111111111,11,11,11,1,0,0.0909090909091,0.636363636364,0.272727272727,-2,-0.0181818181818,0.0702479338843,-0.363636363636,-0.2,-0.25,-0.268912750482,-0.030542951148,-0.0181818181818,-0.243332138505,-0.0773405703161,-0.0434343434343,-0.250469359339,-0.0345084801933,-0.0111111111111,0.0866354202056,0.0199894662943,0.329545454545,0.0702479338843,0.0866354202056,0.329545454545,-0.132380952381,-0.133333333333,-4,-0.0242424242424,-0.0344444444444,0,0,0,18,0,2,90,0.9,1,0,0.1,1,0.9,0.947368421053,0.938314863257,0.9,0.9,5,7,0,0,0,0
1701,WLNM_dir_neg,0.938775510204,0.629947433519,00:00:00,10,40,39,1174695188,threshold_sweep,0.9,1,0.714285714286,0.833333333333,5,0,2,14,0.714285714286,1,0,0.285714285714,1,0.714285714286,0.833333333333,0.904761904762,0.587301587302,0.769230769231,0.790569415042,0.714285714286,20,13,7,0,20,0,13,0,7,11,20,0.181818181818,3.04338842975,3.63636363636,2,2.5,1.68954001271,0.464623503495,0.245454545455,1.16774841624,0.642261628933,0.336363636364,1.94000937205,1.06700515463,0.536363636364,1.05689877454,0.347276990411,3.54545454545,3.04338842975,1.05689877454,3.54545454545,0.499047619048,0.4,8,0.0484848484848,0.255555555556,11,11,11,1,0,0.0909090909091,0.636363636364,0.272727272727,11,0.118181818182,3.72727272727,2.36363636364,1.3,1.625,1.43336856898,0.6064251638,0.286713286713,0.603022689156,0.510249967747,0.237762237762,1.40129809949,1.18571377649,0.503496503497,2.05382127221,0.551025219373,7,3.72727272727,2.05382127221,7,0,0,0,0,0.22962962963,11,11,11,1,0,0.0909090909091,0.636363636364,0.272727272727,11,18,0.163636363636,3.11363636364,3.27272727273,1.8,2.25,1.42062726223,0.434080552347,0.227272727273,0.924416277737,0.564921058617,0.292929292929,1.68954001271,1.03249667443,0.525252525253,1.14353419474,0.367266456706,3.875,3.11363636364,1.14353419474,3.875,0.366666666667,0.266666666667,4,0.0242424242424,0.221111111111,11,11,11,1,0,0.0909090909091,0.636363636364,0.272727272727,-2,-0.0181818181818,0.0702479338843,-0.363636363636,-0.2,-0.25,-0.268912750482,-0.030542951148,-0.0181818181818,-0.243332138505,-0.0773405703161,-0.0434343434343,-0.250469359339,-0.0345084801933,-0.0111111111111,0.0866354202056,0.0199894662943,0.329545454545,0.0702479338843,0.0866354202056,0.329545454545,-0.132380952381,-0.133333333333,-4,-0.0242424242424,-0.0344444444444,0,0,0,18,0,2,90,0.9,1,0,0.1,1,0.9,0.947368421053,0.938314863257,0.9,0.9,5,7,0,0,0,0
1702,WLNM_dir_neg,0.836734693878,0.55288045288,00:00:00,10,40,40,1174695189,threshold_sweep,0.1,0.625,0.714285714286,0.666666666667,5,3,2,11,0.714285714286,0.785714285714,0.214285714286,0.285714285714,0.625,0.714285714286,0.666666666667,0.761904761905,0.539682539683,0.48275862069,0.485362671697,0.5,20,13,7,0,20,0,13,0,7,11,20,0.181818181818,3.04338842975,3.63636363636,2,2.5,1.68954001271,0.464623503495,0.245454545455,1.16774841624,0.642261628933,0.336363636364,1.94000937205,1.06700515463,0.536363636364,1.05689877454,0.347276990411,3.54545454545,3.04338842975,1.05689877454,3.54545454545,0.499047619048,0.4,8,0.0484848484848,0.255555555556,11,11,11,1,0,0.0909090909091,0.636363636364,0.272727272727,11,0.118181818182,3.72727272727,2.36363636364,1.3,1.625,1.43336856898,0.6064251638,0.286713286713,0.603022689156,0.510249967747,0.237762237762,1.40129809949,1.18571377649,0.503496503497,2.05382127221,0.551025219373,7,3.72727272727,2.05382127221,7,0,0,0,0,0.22962962963,11,11,11,1,0,0.0909090909091,0.636363636364,0.272727272727,11,21,0.190909090909,NaN,3.81818181818,1.90909090909,2.625,1.9908883353,0.521423135436,0.277056277056,0.700649049745,0.367006645105,0.181818181818,2.02259958739,1.05945692673,0.536796536797,NaN,NaN,NaN,NaN,NaN,NaN,0.336666666667,0.3,6,0.0363636363636,0.230909090909,11,11,0,1,2,0,0.727272727273,0.272727272727,1,0.00909090909091,NaN,0.181818181818,-0.0909090909091,0.125,0.301348322591,0.0567996319409,0.0316017316017,-0.467099366497,-0.275254983829,-0.154545454545,0.0825902153411,-0.00754822789877,0.0004329004329,NaN,NaN,NaN,NaN,NaN,NaN,-0.162380952381,-0.1,-2,-0.0121212121212,-0.0246464646465,-0.0909090909091,0.0909090909091,0,18,3,2,87,0.9,0.966666666667,0.0333333333333,0.1,0.857142857143,0.9,0.878048780488,0.850518363956,0.866666666667,0.782608695652,8,7,0,0,0,0
1703,WLNM_dir_neg,0.836734693878,0.55288045288,00:00:00,10,40,40,1174695189,threshold_sweep,0.2,0.714285714286,0.714285714286,0.714285714286,5,2,2,12,0.714285714286,0.857142857143,0.142857142857,0.285714285714,0.714285714286,0.714285714286,0.714285714286,0.809523809524,0.555555555556,0.571428571429,0.571428571429,0.571428571429,20,13,7,0,20,0,13,0,7,11,20,0.181818181818,3.04338842975,3.63636363636,2,2.5,1.68954001271,0.464623503495,0.245454545455,1.16774841624,0.642261628933,0.336363636364,1.94000937205,1.06700515463,0.536363636364,1.05689877454,0.347276990411,3.54545454545,3.04338842975,1.05689877454,3.54545454545,0.499047619048,0.4,8,0.0484848484848,0.255555555556,11,11,11,1,0,0.0909090909091,0.636363636364,0.272727272727,11,0.118181818182,3.72727272727,2.36363636364,1.3,1.625,1.43336856898,0.6064251638,0.286713286713,0.603022689156,0.510249967747,0.237762237762,1.40129809949,1.18571377649,0.503496503497,2.05382127221,0.551025219373,7,3.72727272727,2.05382127221,7,0,0,0,0,0.22962962963,11,11,11,1,0,0.0909090909091,0.636363636364,0.272727272727,11,20,0.181818181818,NaN,3.63636363636,1.81818181818,2.5,1.80403587951,0.496109866864,0.263636363636,0.75075719353,0.412916456441,0.209090909091,1.83402190926,1.00871205009,0.518181818182,NaN,NaN,NaN,NaN,NaN,NaN,0.3,0.235294117647,4,0.0242424242424,0.202121212121,11,11,0,1,2,0,0.727272727273,0.272727272727,0,0,NaN,0,-0.181818181818,0,0.114495866797,0.0314863633692,0.0181818181818,-0.416991222713,-0.229345172492,-0.127272727273,-0.105987462791,-0.0582931045351,-0.0181818181818,NaN,NaN,NaN,NaN,NaN,NaN,-0.199047619048,-0.164705882353,-4,-0.0242424242424,-0.0534343434343,-0.0909090909091,0.0909090909091,0,18,2,2,88,0.9,0.977777777778,0.0222222222222,0.1,0.9,0.9,0.9,0.877777777778,0.877777777778,0.818181818182,7,7,0,0,0,0
1704,WLNM_dir_neg,0.836734693878,0.55288045288,00:00:00,10,40,40,1174695189,threshold_sweep,0.3,0.833333333333,0.714285714286,0.769230769231,5,1,2,13,0.714285714286,0.928571428571,0.0714285714286,0.285714285714,0.833333333333,0.714285714286,0.769230769231,0.857142857143,0.571428571429,0.666666666667,0.67082039325,0.642857142857,20,13,7,0,20,0,13,0,7,11,20,0.181818181818,3.04338842975,3.63636363636,2,2.5,1.68954001271,0.464623503495,0.245454545455,1.16774841624,0.642261628933,0.336363636364,1.94000937205,1.06700515463,0.536363636364,1.05689877454,0.347276990411,3.54545454545,3.04338842975,1.05689877454,3.54545454545,0.499047619048,0.4,8,0.0484848484848,0.255555555556,11,11,11,1,0,0.0909090909091,0.636363636364,0.272727272727,11,0.118181818182,3.72727272727,2.36363636364,1.3,1.625,1.43336856898,0.6064251638,0.286713286713,0.603022689156,0.510249967747,0.237762237762,1.40129809949,1.18571377649,0.503496503497,2.05382127221,0.551025219373,7,3.72727272727,2.05382127221,7,0,0,0,0,0.22962962963,11,11,11,1,0,0.0909090909091,0.636363636364,0.272727272727,11,19,0.172727272727,4.70454545455,3.45454545455,1.9,2.375,1.7529196424,0.507424107012,0.258373205742,0.904534033733,0.523677598477,0.267942583732,1.84883255547,1.07037674264,0.535885167464,1.66608891501,0.354144503674,5.875,4.70454545455,1.66608891501,5.875,0.366666666667,0.266666666667,4,0.0242424242424,0.23962962963,11,11,11,1,0,0.0909090909091,0.636363636364,0.272727272727,-1,-0.00909090909091,1.66115702479,-0.181818181818,-0.1,-0.125,0.0633796296952,0.0428006035168,0.0129186602871,-0.263214382509,-0.118584030456,-0.0684210526316,-0.0911768165742,0.00337158801632,-0.000478468899521,0.609190140475,0.00686751326282,2.32954545455,1.66115702479,0.609190140475,2.32954545455,-0.132380952381,-0.133333333333,-4,-0.0242424242424,-0.0159259259259,0,0,0,18,1,2,89,0.9,0.988888888889,0.0111111111111,0.1,0.947368421053,0.9,0.923076923077,0.906956031802,0.888888888889,0.857142857143,6,7,0,0,0,0
1705,WLNM_dir_neg,0.836734693878,0.55288045288,00:00:00,10,40,40,1174695189,threshold_sweep,0.4,0.833333333333,0.714285714286,0.769230769231,5,1,2,13,0.714285714286,0.928571428571,0.0714285714286,0.285714285714,0.833333333333,0.714285714286,0.769230769231,0.857142857143,0.571428571429,0.666666666667,0.67082039325,0.642857142857,20,13,7,0,20,0,13,0,7,11,20,0.181818181818,3.04338842975,3.63636363636,2,2.5,1.68954001271,0.464623503495,0.245454545455,1.16774841624,0.642261628933,0.336363636364,1.94000937205,1.06700515463,0.536363636364,1.05689877454,0.347276990411,3.54545454545,3.04338842975,1.05689877454,3.54545454545,0.499047619048,0.4,8,0.0484848484848,0.255555555556,11,11,11,1,0,0.0909090909091,0.636363636364,0.272727272727,11,0.118181818182,3.72727272727,2.36363636364,1.3,1.625,1.43336856898,0.6064251638,0.286713286713,0.603022689156,0.510249967747,0.237762237762,1.40129809949,1.18571377649,0.503496503497,2.05382127221,0.551025219373,7,3.72727272727,2.05382127221,7,0,0,0,0,0.22962962963,11,11,11,1,0,0.0909090909091,0.636363636364,0.272727272727,11,19,0.172727272727,4.70454545455,3.45454545455,1.9,2.375,1.7529196424,0.507424107012,0.258373205742,0.904534033733,0.523677598477,0.267942583732,1.84883255547,1.07037674264,0.535885167464,1.66608891501,0.354144503674,5.875,4.70454545455,1.66608891501,5.875,0.366666666667,0.266666666667,4,0.0242424242424,0.23962962963,11,11,11,1,0,0.0909090909091,0.636363636364,0.272727272727,-1,-0.00909090909091,1.66115702479,-0.181818181818,-0.1,-0.125,0.0633796296952,0.0428006035168,0.0129186602871,-0.263214382509,-0.118584030456,-0.0684210526316,-0.0911768165742,0.00337158801632,-0.000478468899521,0.609190140475,0.00686751326282,2.32954545455,1.66115702479,0.609190140475,2.32954545455,-0.132380952381,-0.133333333333,-4,-0.0242424242424,-0.0159259259259,0,0,0,18,1,2,89,0.9,0.988888888889,0.0111111111111,0.1,0.947368421053,0.9,0.923076923077,0.906956031802,0.888888888889,0.857142857143,6,7,0,0,0,0
1706,WLNM_dir_neg,0.836734693878,0.55288045288,00:00:00,10,40,40,1174695189,threshold_sweep,0.5,0.833333333333,0.714285714286,0.769230769231,5,1,2,13,0.714285714286,0.928571428571,0.0714285714286,0.285714285714,0.833333333333,0.714285714286,0.769230769231,0.857142857143,0.571428571429,0.666666666667,0.67082039325,0.642857142857,20,13,7,0,20,0,13,0,7,11,20,0.181818181818,3.04338842975,3.63636363636,2,2.5,1.68954001271,0.464623503495,0.245454545455,1.16774841624,0.642261628933,0.336363636364,1.94000937205,1.06700515463,0.536363636364,1.05689877454,0.347276990411,3.54545454545,3.04338842975,1.05689877454,3.54545454545,0.499047619048,0.4,8,0.0484848484848,0.255555555556,11,11,11,1,0,0.0909090909091,0.636363636364,0.272727272727,11,0.118181818182,3.72727272727,2.36363636364,1.3,1.625,1.43336856898,0.6064251638,0.286713286713,0.603022689156,0.510249967747,0.237762237762,1.40129809949,1.18571377649,0.503496503497,2.05382127221,0.551025219373,7,3.72727272727,2.05382127221,7,0,0,0,0,0.22962962963,11,11,11,1,0,0.0909090909091,0.636363636364,0.272727272727,11,19,0.172727272727,4.70454545455,3.45454545455,1.9,2.375,1.7529196424,0.507424107012,0.258373205742,0.904534033733,0.523677598477,0.267942583732,1.84883255547,1.07037674264,0.535885167464,1.66608891501,0.354144503674,5.875,4.70454545455,1.66608891501,5.875,0.366666666667,0.266666666667,4,0.0242424242424,0.23962962963,11,11,11,1,0,0.0909090909091,0.636363636364,0.272727272727,-1,-0.00909090909091,1.66115702479,-0.181818181818,-0.1,-0.125,0.0633796296952,0.0428006035168,0.0129186602871,-0.263214382509,-0.118584030456,-0.0684210526316,-0.0911768165742,0.00337158801632,-0.000478468899521,0.609190140475,0.00686751326282,2.32954545455,1.66115702479,0.609190140475,2.32954545455,-0.132380952381,-0.133333333333,-4,-0.0242424242424,-0.0159259259259,0,0,0,18,1,2,89,0.9,0.988888888889,0.0111111111111,0.1,0.947368421053,0.9,0.923076923077,0.906956031802,0.888888888889,0.857142857143,6,7,0,0,0,0
1707,WLNM_dir_neg,0.836734693878,0.55288045288,00:00:00,10,40,40,1174695189,threshold_sweep,0.6,0.833333333333,0.714285714286,0.769230769231,5,1,2,13,0.714285714286,0.928571428571,0.0714285714286,0.285714285714,0.833333333333,0.714285714286,0.769230769231,0.857142857143,0.571428571429,0.666666666667,0.67082039325,0.642857142857,20,13,7,0,20,0,13,0,7,11,20,0.181818181818,3.04338842975,3.63636363636,2,2.5,1.68954001271,0.464623503495,0.245454545455,1.16774841624,0.642261628933,0.336363636364,1.94000937205,1.06700515463,0.536363636364,1.05689877454,0.347276990411,3.54545454545,3.04338842975,1.05689877454,3.54545454545,0.499047619048,0.4,8,0.0484848484848,0.255555555556,11,11,11,1,0,0.0909090909091,0.636363636364,0.272727272727,11,0.118181818182,3.72727272727,2.36363636364,1.3,1.625,1.43336856898,0.6064251638,0.286713286713,0.603022689156,0.510249967747,0.237762237762,1.40129809949,1.18571377649,0.503496503497,2.05382127221,0.551025219373,7,3.72727272727,2.05382127221,7,0,0,0,0,0.22962962963,11,11,11,1,0,0.0909090909091,0.636363636364,0.272727272727,11,19,0.172727272727,4.70454545455,3.45454545455,1.9,2.375,1.7529196424,0.507424107012,0.258373205742,0.904534033733,0.523677598477,0.267942583732,1.84883255547,1.07037674264,0.535885167464,1.66608891501,0.354144503674,5.875,4.70454545455,1.66608891501,5.875,0.366666666667,0.266666666667,4,0.0242424242424,0.23962962963,11,11,11,1,0,0.0909090909091,0.636363636364,0.272727272727,-1,-0.00909090909091,1.66115702479,-0.181818181818,-0.1,-0.125,0.0633796296952,0.0428006035168,0.0129186602871,-0.263214382509,-0.118584030456,-0.0684210526316,-0.0911768165742,0.00337158801632,-0.000478468899521,0.609190140475,0.00686751326282,2.32954545455,1.66115702479,0.609190140475,2.32954545455,-0.132380952381,-0.133333333333,-4,-0.0242424242424,-0.0159259259259,0,0,0,18,1,2,89,0.9,0.988888888889,0.0111111111111,0.1,0.947368421053,0.9,0.923076923077,0.906956031802,0.888888888889,0.857142857143,6,7,0,0,0,0
1708,WLNM_dir_neg,0.836734693878,0.55288045288,00:00:00,10,40,40,1174695189,threshold_sweep,0.7,0.833333333333,0.714285714286,0.769230769231,5,1,2,13,0.714285714286,0.928571428571,0.0714285714286,0.285714285714,0.833333333333,0.714285714286,0.769230769231,0.857142857143,0.571428571429,0.666666666667,0.67082039325,0.642857142857,20,13,7,0,20,0,13,0,7,11,20,0.181818181818,3.04338842975,3.63636363636,2,2.5,1.68954001271,0.464623503495,0.245454545455,1.16774841624,0.642261628933,0.336363636364,1.94000937205,1.06700515463,0.536363636364,1.05689877454,0.347276990411,3.54545454545,3.04338842975,1.05689877454,3.54545454545,0.499047619048,0.4,8,0.0484848484848,0.255555555556,11,11,11,1,0,0.0909090909091,0.636363636364,0.272727272727,11,0.118181818182,3.72727272727,2.36363636364,1.3,1.625,1.43336856898,0.6064251638,0.286713286713,0.603022689156,0.510249967747,0.237762237762,1.40129809949,1.18571377649,0.503496503497,2.05382127221,0.551025219373,7,3.72727272727,2.05382127221,7,0,0,0,0,0.22962962963,11,11,11,1,0,0.0909090909091,0.636363636364,0.272727272727,11,19,0.172727272727,4.70454545455,3.45454545455,1.9,2.375,1.7529196424,0.507424107012,0.258373205742,0.904534033733,0.523677598477,0.267942583732,1.84883255547,1.07037674264,0.535885167464,1.66608891501,0.354144503674,5.875,4.70454545455,1.66608891501,5.875,0.366666666667,0.266666666667,4,0.0242424242424,0.23962962963,11,11,11,1,0,0.0909090909091,0.636363636364,0.272727272727,-1,-0.00909090909091,1.66115702479,-0.181818181818,-0.1,-0.125,0.0633796296952,0.0428006035168,0.0129186602871,-0.263214382509,-0.118584030456,-0.0684210526316,-0.0911768165742,0.00337158801632,-0.000478468899521,0.609190140475,0.00686751326282,2.32954545455,1.66115702479,0.609190140475,2.32954545455,-0.132380952381,-0.133333333333,-4,-0.0242424242424,-0.0159259259259,0,0,0,18,1,2,89,0.9,0.988888888889,0.0111111111111,0.1,0.947368421053,0.9,0.923076923077,0.906956031802,0.888888888889,0.857142857143,6,7,0,0,0,0
1709,WLNM_dir_neg,0.836734693878,0.55288045288,00:00:00,10,40,40,1174695189,threshold_sweep,0.8,0.833333333333,0.714285714286,0.769230769231,5,1,2,13,0.714285714286,0.928571428571,0.0714285714286,0.285714285714,0.833333333333,0.714285714286,0.769230769231,0.857142857143,0.571428571429,0.666666666667,0.67082039325,0.642857142857,20,13,7,0,20,0,13,0,7,11,20,0.181818181818,3.04338842975,3.63636363636,2,2.5,1.68954001271,0.464623503495,0.245454545455,1.16774841624,0.642261628933,0.336363636364,1.94000937205,1.06700515463,0.536363636364,1.05689877454,0.347276990411,3.54545454545,3.04338842975,1.05689877454,3.54545454545,0.499047619048,0.4,8,0.0484848484848,0.255555555556,11,11,11,1,0,0.0909090909091,0.636363636364,0.272727272727,11,0.118181818182,3.72727272727,2.36363636364,1.3,1.625,1.43336856898,0.6064251638,0.286713286713,0.603022689156,0.510249967747,0.237762237762,1.40129809949,1.18571377649,0.503496503497,2.05382127221,0.551025219373,7,3.72727272727,2.05382127221,7,0,0,0,0,0.22962962963,11,11,11,1,0,0.0909090909091,0.636363636364,0.272727272727,11,19,0.172727272727,4.70454545455,3.45454545455,1.9,2.375,1.7529196424,0.507424107012,0.258373205742,0.904534033733,0.523677598477,0.267942583732,1.84883255547,1.07037674264,0.535885167464,1.66608891501,0.354144503674,5.875,4.70454545455,1.66608891501,5.875,0.366666666667,0.266666666667,4,0.0242424242424,0.23962962963,11,11,11,1,0,0.0909090909091,0.636363636364,0.272727272727,-1,-0.00909090909091,1.66115702479,-0.181818181818,-0.1,-0.125,0.0633796296952,0.0428006035168,0.0129186602871,-0.263214382509,-0.118584030456,-0.0684210526316,-0.0911768165742,0.00337158801632,-0.000478468899521,0.609190140475,0.00686751326282,2.32954545455,1.66115702479,0.609190140475,2.32954545455,-0.132380952381,-0.133333333333,-4,-0.0242424242424,-0.0159259259259,0,0,0,18,1,2,89,0.9,0.988888888889,0.0111111111111,0.1,0.947368421053,0.9,0.923076923077,0.906956031802,0.888888888889,0.857142857143,6,7,0,0,0,0
1710,WLNM_dir_neg,0.836734693878,0.55288045288,00:00:00,10,40,40,1174695189,threshold_sweep,0.9,0.8,0.571428571429,0.666666666667,4,1,3,13,0.571428571429,0.928571428571,0.0714285714286,0.428571428571,0.8,0.571428571429,0.666666666667,0.809523809524,0.587301587302,0.538461538462,0.553398590529,0.5,20,13,7,0,20,0,13,0,7,11,20,0.181818181818,3.04338842975,3.63636363636,2,2.5,1.68954001271,0.464623503495,0.245454545455,1.16774841624,0.642261628933,0.336363636364,1.94000937205,1.06700515463,0.536363636364,1.05689877454,0.347276990411,3.54545454545,3.04338842975,1.05689877454,3.54545454545,0.499047619048,0.4,8,0.0484848484848,0.255555555556,11,11,11,1,0,0.0909090909091,0.636363636364,0.272727272727,11,0.118181818182,3.72727272727,2.36363636364,1.3,1.625,1.43336856898,0.6064251638,0.286713286713,0.603022689156,0.510249967747,0.237762237762,1.40129809949,1.18571377649,0.503496503497,2.05382127221,0.551025219373,7,3.72727272727,2.05382127221,7,0,0,0,0,0.22962962963,11,11,11,1,0,0.0909090909091,0.636363636364,0.272727272727,11,18,0.163636363636,4.75,3.27272727273,1.8,2.25,1.7939291564,0.548145020011,0.272727272727,0.809039834956,0.494413232473,0.242424242424,1.85864075457,1.13583601668,0.545454545455,1.72843860174,0.363881810894,6,4.75,1.72843860174,6,0.433333333333,0.292682926829,4,0.0242424242424,0.237037037037,11,11,11,1,0,0.0909090909091,0.636363636364,0.272727272727,-2,-0.0181818181818,1.70661157025,-0.363636363636,-0.2,-0.25,0.104389143691,0.0835215165161,0.0272727272727,-0.358708581286,-0.14784839646,-0.0939393939394,-0.0813686174794,0.0688308620544,0.00909090909091,0.671539827207,0.0166048204822,2.45454545455,1.70661157025,0.671539827207,2.45454545455,-0.0657142857143,-0.107317073171,-4,-0.0242424242424,-0.0185185185185,0,0,0,17,1,3,89,0.85,0.988888888889,0.0111111111111,0.15,0.944444444444,0.85,0.894736842105,0.874602125628,0.838888888889,0.809523809524,5,7,0,0,0,0
1711,WLNM_dir_neg,0.836734693878,0.550601779173,00:00:00,10,40,41,1174695190,threshold_sweep,0.1,1,0.714285714286,0.833333333333,5,0,2,14,0.714285714286,1,0,0.285714285714,1,0.714285714286,0.833333333333,0.904761904762,0.587301587302,0.769230769231,0.790569415042,0.714285714286,20,13,7,0,20,0,13,0,7,11,20,0.181818181818,3.04338842975,3.63636363636,2,2.5,1.68954001271,0.464623503495,0.245454545455,1.16774841624,0.642261628933,0.336363636364,1.94000937205,1.06700515463,0.536363636364,1.05689877454,0.347276990411,3.54545454545,3.04338842975,1.05689877454,3.54545454545,0.499047619048,0.4,8,0.0484848484848,0.255555555556,11,11,11,1,0,0.0909090909091,0.636363636364,0.272727272727,11,0.118181818182,3.72727272727,2.36363636364,1.3,1.625,1.43336856898,0.6064251638,0.286713286713,0.603022689156,0.510249967747,0.237762237762,1.40129809949,1.18571377649,0.503496503497,2.05382127221,0.551025219373,7,3.72727272727,2.05382127221,7,0,0,0,0,0.22962962963,11,11,11,1,0,0.0909090909091,0.636363636364,0.272727272727,11,18,0.163636363636,3.11363636364,3.27272727273,1.8,2.25,1.42062726223,0.434080552347,0.227272727273,0.924416277737,0.564921058617,0.292929292929,1.68954001271,1.03249667443,0.525252525253,1.14353419474,0.367266456706,3.875,3.11363636364,1.14353419474,3.875,0.366666666667,0.266666666667,4,0.0242424242424,0.221111111111,11,11,11,1,0,0.0909090909091,0.636363636364,0.272727272727,-2,-0.0181818181818,0.0702479338843,-0.363636363636,-0.2,-0.25,-0.268912750482,-0.030542951148,-0.0181818181818,-0.243332138505,-0.0773405703161,-0.0434343434343,-0.250469359339,-0.0345084801933,-0.0111111111111,0.0866354202056,0.0199894662943,0.329545454545,0.0702479338843,0.0866354202056,0.329545454545,-0.132380952381,-0.133333333333,-4,-0.0242424242424,-0.0344444444444,0,0,0,18,0,2,90,0.9,1,0,0.1,1,0.9,0.947368421053,0.938314863257,0.9,0.9,5,7,0,0,0,0
1712,WLNM_dir_neg,0.836734693878,0.550601779173,00:00:00,10,40,41,1174695190,threshold_sweep,0.2,1,0.714285714286,0.833333333333,5,0,2,14,0.714285714286,1,0,0.285714285714,1,0.714285714286,0.833333333333,0.904761904762,0.587301587302,0.769230769231,0.790569415042,0.714285714286,20,13,7,0,20,0,13,0,7,11,20,0.181818181818,3.04338842975,3.63636363636,2,2.5,1.68954001271,0.464623503495,0.245454545455,1.16774841624,0.642261628933,0.336363636364,1.94000937205,1.06700515463,0.536363636364,1.05689877454,0.347276990411,3.54545454545,3.04338842975,1.05689877454,3.54545454545,0.499047619048,0.4,8,0.0484848484848,0.255555555556,11,11,11,1,0,0.0909090909091,0.636363636364,0.272727272727,11,0.118181818182,3.72727272727,2.36363636364,1.3,1.625,1.43336856898,0.6064251638,0.286713286713,0.603022689156,0.510249967747,0.237762237762,1.40129809949,1.18571377649,0.503496503497,2.05382127221,0.551025219373,7,3.72727272727,2.05382127221,7,0,0,0,0,0.22962962963,11,11,11,1,0,0.0909090909091,0.636363636364,0.272727272727,11,18,0.163636363636,3.11363636364,3.27272727273,1.8,2.25,1.42062726223,0.434080552347,0.227272727273,0.924416277737,0.564921058617,0.292929292929,1.68954001271,1.03249667443,0.525252525253,1.14353419474,0.367266456706,3.875,3.11363636364,1.14353419474,3.875,0.366666666667,0.266666666667,4,0.0242424242424,0.221111111111,11,11,11,1,0,0.0909090909091,0.636363636364,0.272727272727,-2,-0.0181818181818,0.0702479338843,-0.363636363636,-0.2,-0.25,-0.268912750482,-0.030542951148,-0.0181818181818,-0.243332138505,-0.0773405703161,-0.0434343434343,-0.250469359339,-0.0345084801933,-0.0111111111111,0.0866354202056,0.0199894662943,0.329545454545,0.0702479338843,0.0866354202056,0.329545454545,-0.132380952381,-0.133333333333,-4,-0.0242424242424,-0.0344444444444,0,0,0,18,0,2,90,0.9,1,0,0.1,1,0.9,0.947368421053,0.938314863257,0.9,0.9,5,7,0,0,0,0
1713,WLNM_dir_neg,0.836734693878,0.550601779173,00:00:00,10,40,41,1174695190,threshold_sweep,0.3,1,0.571428571429,0.727272727273,4,0,3,14,0.571428571429,1,0,0.428571428571,1,0.571428571429,0.727272727273,0.857142857143,0.603174603175,0.64,0.68599434057,0.571428571429,20,13,7,0,20,0,13,0,7,11,20,0.181818181818,3.04338842975,3.63636363636,2,2.5,1.68954001271,0.464623503495,0.245454545455,1.16774841624,0.642261628933,0.336363636364,1.94000937205,1.06700515463,0.536363636364,1.05689877454,0.347276990411,3.54545454545,3.04338842975,1.05689877454,3.54545454545,0.499047619048,0.4,8,0.0484848484848,0.255555555556,11,11,11,1,0,0.0909090909091,0.636363636364,0.272727272727,11,0.118181818182,3.72727272727,2.36363636364,1.3,1.625,1.43336856898,0.6064251638,0.286713286713,0.603022689156,0.510249967747,0.237762237762,1.40129809949,1.18571377649,0.503496503497,2.05382127221,0.551025219373,7,3.72727272727,2.05382127221,7,0,0,0,0,0.22962962963,11,11,11,1,0,0.0909090909091,0.636363636364,0.272727272727,11,17,0.154545454545,3.17727272727,3.09090909091,1.7,2.125,1.30034960334,0.420701342257,0.208556149733,0.820199532265,0.530717344407,0.267379679144,1.57249078621,1.01749403814,0.513368983957,1.2536673475,0.394573414091,4.4,3.17727272727,1.2536673475,4.4,0.213333333333,0.153846153846,2,0.0121212121212,0.205555555556,11,11,11,1,0,0.0909090909091,0.636363636364,0.272727272727,-3,-0.0272727272727,0.133884297521,-0.545454545455,-0.3,-0.375,-0.389190409368,-0.0439221612377,-0.0368983957219,-0.347548883978,-0.111544284527,-0.0689839572193,-0.367518585835,-0.0495111164884,-0.0229946524064,0.196768572961,0.0472964236795,0.854545454545,0.133884297521,0.196768572961,0.854545454545,-0.285714285714,-0.246153846154,-6,-0.0363636363636,-0.05,0,0,0,17,0,3,90,0.85,1,0,0.15,1,0.85,0.918918918919,0.906962317388,0.85,0.85,4,7,0,0,0,0
1714,WLNM_dir_neg,0.836734693878,0.550601779173,00:00:00,10,40,41,1174695190,threshold_sweep,0.4,1,0.571428571429,0.727272727273,4,0,3,14,0.571428571429,1,0,0.428571428571,1,0.571428571429,0.727272727273,0.857142857143,0.603174603175,0.64,0.68599434057,0.571428571429,20,13,7,0,20,0,13,0,7,11,20,0.181818181818,3.04338842975,3.63636363636,2,2.5,1.68954001271,0.464623503495,0.245454545455,1.16774841624,0.642261628933,0.336363636364,1.94000937205,1.06700515463,0.536363636364,1.05689877454,0.347276990411,3.54545454545,3.04338842975,1.05689877454,3.54545454545,0.499047619048,0.4,8,0.0484848484848,0.255555555556,11,11,11,1,0,0.0909090909091,0.636363636364,0.272727272727,11,0.118181818182,3.72727272727,2.36363636364,1.3,1.625,1.43336856898,0.6064251638,0.286713286713,0.603022689156,0.510249967747,0.237762237762,1.40129809949,1.18571377649,0.503496503497,2.05382127221,0.551025219373,7,3.72727272727,2.05382127221,7,0,0,0,0,0.22962962963,11,11,11,1,0,0.0909090909091,0.636363636364,0.272727272727,11,17,0.154545454545,3.17727272727,3.09090909091,1.7,2.125,1.30034960334,0.420701342257,0.208556149733,0.820199532265,0.530717344407,0.267379679144,1.57249078621,1.01749403814,0.513368983957,1.2536673475,0.394573414091,4.4,3.17727272727,1.2536673475,4.4,0.213333333333,0.153846153846,2,0.0121212121212,0.205555555556,11,11,11,1,0,0.0909090909091,0.636363636364,0.272727272727,-3,-0.0272727272727,0.133884297521,-0.545454545455,-0.3,-0.375,-0.389190409368,-0.0439221612377,-0.0368983957219,-0.347548883978,-0.111544284527,-0.0689839572193,-0.367518585835,-0.0495111164884,-0.0229946524064,0.196768572961,0.0472964236795,0.854545454545,0.133884297521,0.196768572961,0.854545454545,-0.285714285714,-0.246153846154,-6,-0.0363636363636,-0.05,0,0,0,17,0,3,90,0.85,1,0,0.15,1,0.85,0.918918918919,0.906962317388,0.85,0.85,4,7,0,0,0,0
1715,WLNM_dir_neg,0.836734693878,0.550601779173,00:00:00,10,40,41,1174695190,threshold_sweep,0.5,1,0.571428571429,0.727272727273,4,0,3,14,0.571428571429,1,0,0.428571428571,1,0.571428571429,0.727272727273,0.857142857143,0.603174603175,0.64,0.68599434057,0.571428571429,20,13,7,0,20,0,13,0,7,11,20,0.181818181818,3.04338842975,3.63636363636,2,2.5,1.68954001271,0.464623503495,0.245454545455,1.16774841624,0.642261628933,0.336363636364,1.94000937205,1.06700515463,0.536363636364,1.05689877454,0.347276990411,3.54545454545,3.04338842975,1.05689877454,3.54545454545,0.499047619048,0.4,8,0.0484848484848,0.255555555556,11,11,11,1,0,0.0909090909091,0.636363636364,0.272727272727,11,0.118181818182,3.72727272727,2.36363636364,1.3,1.625,1.43336856898,0.6064251638,0.286713286713,0.603022689156,0.510249967747,0.237762237762,1.40129809949,1.18571377649,0.503496503497,2.05382127221,0.551025219373,7,3.72727272727,2.05382127221,7,0,0,0,0,0.22962962963,11,11,11,1,0,0.0909090909091,0.636363636364,0.272727272727,11,17,0.154545454545,3.17727272727,3.09090909091,1.7,2.125,1.30034960334,0.420701342257,0.208556149733,0.820199532265,0.530717344407,0.267379679144,1.57249078621,1.01749403814,0.513368983957,1.2536673475,0.394573414091,4.4,3.17727272727,1.2536673475,4.4,0.213333333333,0.153846153846,2,0.0121212121212,0.205555555556,11,11,11,1,0,0.0909090909091,0.636363636364,0.272727272727,-3,-0.0272727272727,0.133884297521,-0.545454545455,-0.3,-0.375,-0.389190409368,-0.0439221612377,-0.0368983957219,-0.347548883978,-0.111544284527,-0.0689839572193,-0.367518585835,-0.0495111164884,-0.0229946524064,0.196768572961,0.0472964236795,0.854545454545,0.133884297521,0.196768572961,0.854545454545,-0.285714285714,-0.246153846154,-6,-0.0363636363636,-0.05,0,0,0,17,0,3,90,0.85,1,0,0.15,1,0.85,0.918918918919,0.906962317388,0.85,0.85,4,7,0,0,0,0
1716,WLNM_dir_neg,0.836734693878,0.550601779173,00:00:00,10,40,41,1174695190,threshold_sweep,0.6,1,0.571428571429,0.727272727273,4,0,3,14,0.571428571429,1,0,0.428571428571,1,0.571428571429,0.727272727273,0.857142857143,0.603174603175,0.64,0.68599434057,0.571428571429,20,13,7,0,20,0,13,0,7,11,20,0.181818181818,3.04338842975,3.63636363636,2,2.5,1.68954001271,0.464623503495,0.245454545455,1.16774841624,0.642261628933,0.336363636364,1.94000937205,1.06700515463,0.536363636364,1.05689877454,0.347276990411,3.54545454545,3.04338842975,1.05689877454,3.54545454545,0.499047619048,0.4,8,0.0484848484848,0.255555555556,11,11,11,1,0,0.0909090909091,0.636363636364,0.272727272727,11,0.118181818182,3.72727272727,2.36363636364,1.3,1.625,1.43336856898,0.6064251638,0.286713286713,0.603022689156,0.510249967747,0.237762237762,1.40129809949,1.18571377649,0.503496503497,2.05382127221,0.551025219373,7,3.72727272727,2.05382127221,7,0,0,0,0,0.22962962963,11,11,11,1,0,0.0909090909091,0.636363636364,0.272727272727,11,17,0.154545454545,3.17727272727,3.09090909091,1.7,2.125,1.30034960334,0.420701342257,0.208556149733,0.820199532265,0.530717344407,0.267379679144,1.57249078621,1.01749403814,0.513368983957,1.2536673475,0.394573414091,4.4,3.17727272727,1.2536673475,4.4,0.213333333333,0.153846153846,2,0.0121212121212,0.205555555556,11,11,11,1,0,0.0909090909091,0.636363636364,0.272727272727,-3,-0.0272727272727,0.133884297521,-0.545454545455,-0.3,-0.375,-0.389190409368,-0.0439221612377,-0.0368983957219,-0.347548883978,-0.111544284527,-0.0689839572193,-0.367518585835,-0.0495111164884,-0.0229946524064,0.196768572961,0.0472964236795,0.854545454545,0.133884297521,0.196768572961,0.854545454545,-0.285714285714,-0.246153846154,-6,-0.0363636363636,-0.05,0,0,0,17,0,3,90,0.85,1,0,0.15,1,0.85,0.918918918919,0.906962317388,0.85,0.85,4,7,0,0,0,0
1717,WLNM_dir_neg,0.836734693878,0.550601779173,00:00:00,10,40,41,1174695190,threshold_sweep,0.7,1,0.571428571429,0.727272727273,4,0,3,14,0.571428571429,1,0,0.428571428571,1,0.571428571429,0.727272727273,0.857142857143,0.603174603175,0.64,0.68599434057,0.571428571429,20,13,7,0,20,0,13,0,7,11,20,0.181818181818,3.04338842975,3.63636363636,2,2.5,1.68954001271,0.464623503495,0.245454545455,1.16774841624,0.642261628933,0.336363636364,1.94000937205,1.06700515463,0.536363636364,1.05689877454,0.347276990411,3.54545454545,3.04338842975,1.05689877454,3.54545454545,0.499047619048,0.4,8,0.0484848484848,0.255555555556,11,11,11,1,0,0.0909090909091,0.636363636364,0.272727272727,11,0.118181818182,3.72727272727,2.36363636364,1.3,1.625,1.43336856898,0.6064251638,0.286713286713,0.603022689156,0.510249967747,0.237762237762,1.40129809949,1.18571377649,0.503496503497,2.05382127221,0.551025219373,7,3.72727272727,2.05382127221,7,0,0,0,0,0.22962962963,11,11,11,1,0,0.0909090909091,0.636363636364,0.272727272727,11,17,0.154545454545,3.17727272727,3.09090909091,1.7,2.125,1.30034960334,0.420701342257,0.208556149733,0.820199532265,0.530717344407,0.267379679144,1.57249078621,1.01749403814,0.513368983957,1.2536673475,0.394573414091,4.4,3.17727272727,1.2536673475,4.4,0.213333333333,0.153846153846,2,0.0121212121212,0.205555555556,11,11,11,1,0,0.0909090909091,0.636363636364,0.272727272727,-3,-0.0272727272727,0.133884297521,-0.545454545455,-0.3,-0.375,-0.389190409368,-0.0439221612377,-0.0368983957219,-0.347548883978,-0.111544284527,-0.0689839572193,-0.367518585835,-0.0495111164884,-0.0229946524064,0.196768572961,0.0472964236795,0.854545454545,0.133884297521,0.196768572961,0.854545454545,-0.285714285714,-0.246153846154,-6,-0.0363636363636,-0.05,0,0,0,17,0,3,90,0.85,1,0,0.15,1,0.85,0.918918918919,0.906962317388,0.85,0.85,4,7,0,0,0,0
1718,WLNM_dir_neg,0.836734693878,0.550601779173,00:00:00,10,40,41,1174695190,threshold_sweep,0.8,1,0.571428571429,0.727272727273,4,0,3,14,0.571428571429,1,0,0.428571428571,1,0.571428571429,0.727272727273,0.857142857143,0.603174603175,0.64,0.68599434057,0.571428571429,20,13,7,0,20,0,13,0,7,11,20,0.181818181818,3.04338842975,3.63636363636,2,2.5,1.68954001271,0.464623503495,0.245454545455,1.16774841624,0.642261628933,0.336363636364,1.94000937205,1.06700515463,0.536363636364,1.05689877454,0.347276990411,3.54545454545,3.04338842975,1.05689877454,3.54545454545,0.499047619048,0.4,8,0.0484848484848,0.255555555556,11,11,11,1,0,0.0909090909091,0.636363636364,0.272727272727,11,0.118181818182,3.72727272727,2.36363636364,1.3,1.625,1.43336856898,0.6064251638,0.286713286713,0.603022689156,0.510249967747,0.237762237762,1.40129809949,1.18571377649,0.503496503497,2.05382127221,0.551025219373,7,3.72727272727,2.05382127221,7,0,0,0,0,0.22962962963,11,11,11,1,0,0.0909090909091,0.636363636364,0.272727272727,11,17,0.154545454545,3.17727272727,3.09090909091,1.7,2.125,1.30034960334,0.420701342257,0.208556149733,0.820199532265,0.530717344407,0.267379679144,1.57249078621,1.01749403814,0.513368983957,1.2536673475,0.394573414091,4.4,3.17727272727,1.2536673475,4.4,0.213333333333,0.153846153846,2,0.0121212121212,0.205555555556,11,11,11,1,0,0.0909090909091,0.636363636364,0.272727272727,-3,-0.0272727272727,0.133884297521,-0.545454545455,-0.3,-0.375,-0.389190409368,-0.0439221612377,-0.0368983957219,-0.347548883978,-0.111544284527,-0.0689839572193,-0.367518585835,-0.0495111164884,-0.0229946524064,0.196768572961,0.0472964236795,0.854545454545,0.133884297521,0.196768572961,0.854545454545,-0.285714285714,-0.246153846154,-6,-0.0363636363636,-0.05,0,0,0,17,0,3,90,0.85,1,0,0.15,1,0.85,0.918918918919,0.906962317388,0.85,0.85,4,7,0,0,0,0
1719,WLNM_dir_neg,0.836734693878,0.550601779173,00:00:00,10,40,41,1174695190,threshold_sweep,0.9,1,0.571428571429,0.727272727273,4,0,3,14,0.571428571429,1,0,0.428571428571,1,0.571428571429,0.727272727273,0.857142857143,0.603174603175,0.64,0.68599434057,0.571428571429,20,13,7,0,20,0,13,0,7,11,20,0.181818181818,3.04338842975,3.63636363636,2,2.5,1.68954001271,0.464623503495,0.245454545455,1.16774841624,0.642261628933,0.336363636364,1.94000937205,1.06700515463,0.536363636364,1.05689877454,0.347276990411,3.54545454545,3.04338842975,1.05689877454,3.54545454545,0.499047619048,0.4,8,0.0484848484848,0.255555555556,11,11,11,1,0,0.0909090909091,0.636363636364,0.272727272727,11,0.118181818182,3.72727272727,2.36363636364,1.3,1.625,1.43336856898,0.6064251638,0.286713286713,0.603022689156,0.510249967747,0.237762237762,1.40129809949,1.18571377649,0.503496503497,2.05382127221,0.551025219373,7,3.72727272727,2.05382127221,7,0,0,0,0,0.22962962963,11,11,11,1,0,0.0909090909091,0.636363636364,0.272727272727,11,17,0.154545454545,3.17727272727,3.09090909091,1.7,2.125,1.30034960334,0.420701342257,0.208556149733,0.820199532265,0.530717344407,0.267379679144,1.57249078621,1.01749403814,0.513368983957,1.2536673475,0.394573414091,4.4,3.17727272727,1.2536673475,4.4,0.213333333333,0.153846153846,2,0.0121212121212,0.205555555556,11,11,11,1,0,0.0909090909091,0.636363636364,0.272727272727,-3,-0.0272727272727,0.133884297521,-0.545454545455,-0.3,-0.375,-0.389190409368,-0.0439221612377,-0.0368983957219,-0.347548883978,-0.111544284527,-0.0689839572193,-0.367518585835,-0.0495111164884,-0.0229946524064,0.196768572961,0.0472964236795,0.854545454545,0.133884297521,0.196768572961,0.854545454545,-0.285714285714,-0.246153846154,-6,-0.0363636363636,-0.05,0,0,0,17,0,3,90,0.85,1,0,0.15,1,0.85,0.918918918919,0.906962317388,0.85,0.85,4,7,0,0,0,0
1720,WLNM_dir_neg,0.80612244898,0.539644062753,00:00:00,10,40,42,1174695191,threshold_sweep,0.1,1,0.714285714286,0.833333333333,5,0,2,14,0.714285714286,1,0,0.285714285714,1,0.714285714286,0.833333333333,0.904761904762,0.587301587302,0.769230769231,0.790569415042,0.714285714286,20,13,7,0,20,0,13,0,7,11,20,0.181818181818,3.04338842975,3.63636363636,2,2.5,1.68954001271,0.464623503495,0.245454545455,1.16774841624,0.642261628933,0.336363636364,1.94000937205,1.06700515463,0.536363636364,1.05689877454,0.347276990411,3.54545454545,3.04338842975,1.05689877454,3.54545454545,0.499047619048,0.4,8,0.0484848484848,0.255555555556,11,11,11,1,0,0.0909090909091,0.636363636364,0.272727272727,11,0.118181818182,3.72727272727,2.36363636364,1.3,1.625,1.43336856898,0.6064251638,0.286713286713,0.603022689156,0.510249967747,0.237762237762,1.40129809949,1.18571377649,0.503496503497,2.05382127221,0.551025219373,7,3.72727272727,2.05382127221,7,0,0,0,0,0.22962962963,11,11,11,1,0,0.0909090909091,0.636363636364,0.272727272727,11,18,0.163636363636,3.11363636364,3.27272727273,1.8,2.25,1.42062726223,0.434080552347,0.227272727273,0.924416277737,0.564921058617,0.292929292929,1.68954001271,1.03249667443,0.525252525253,1.14353419474,0.367266456706,3.875,3.11363636364,1.14353419474,3.875,0.366666666667,0.266666666667,4,0.0242424242424,0.221111111111,11,11,11,1,0,0.0909090909091,0.636363636364,0.272727272727,-2,-0.0181818181818,0.0702479338843,-0.363636363636,-0.2,-0.25,-0.268912750482,-0.030542951148,-0.0181818181818,-0.243332138505,-0.0773405703161,-0.0434343434343,-0.250469359339,-0.0345084801933,-0.0111111111111,0.0866354202056,0.0199894662943,0.329545454545,0.0702479338843,0.0866354202056,0.329545454545,-0.132380952381,-0.133333333333,-4,-0.0242424242424,-0.0344444444444,0,0,0,18,0,2,90,0.9,1,0,0.1,1,0.9,0.947368421053,0.938314863257,0.9,0.9,5,7,0,0,0,0
1721,WLNM_dir_neg,0.80612244898,0.539644062753,00:00:00,10,40,42,1174695191,threshold_sweep,0.2,1,0.714285714286,0.833333333333,5,0,2,14,0.714285714286,1,0,0.285714285714,1,0.714285714286,0.833333333333,0.904761904762,0.587301587302,0.769230769231,0.790569415042,0.714285714286,20,13,7,0,20,0,13,0,7,11,20,0.181818181818,3.04338842975,3.63636363636,2,2.5,1.68954001271,0.464623503495,0.245454545455,1.16774841624,0.642261628933,0.336363636364,1.94000937205,1.06700515463,0.536363636364,1.05689877454,0.347276990411,3.54545454545,3.04338842975,1.05689877454,3.54545454545,0.499047619048,0.4,8,0.0484848484848,0.255555555556,11,11,11,1,0,0.0909090909091,0.636363636364,0.272727272727,11,0.118181818182,3.72727272727,2.36363636364,1.3,1.625,1.43336856898,0.6064251638,0.286713286713,0.603022689156,0.510249967747,0.237762237762,1.40129809949,1.18571377649,0.503496503497,2.05382127221,0.551025219373,7,3.72727272727,2.05382127221,7,0,0,0,0,0.22962962963,11,11,11,1,0,0.0909090909091,0.636363636364,0.272727272727,11,18,0.163636363636,3.11363636364,3.27272727273,1.8,2.25,1.42062726223,0.434080552347,0.227272727273,0.924416277737,0.564921058617,0.292929292929,1.68954001271,1.03249667443,0.525252525253,1.14353419474,0.367266456706,3.875,3.11363636364,1.14353419474,3.875,0.366666666667,0.266666666667,4,0.0242424242424,0.221111111111,11,11,11,1,0,0.0909090909091,0.636363636364,0.272727272727,-2,-0.0181818181818,0.0702479338843,-0.363636363636,-0.2,-0.25,-0.268912750482,-0.030542951148,-0.0181818181818,-0.243332138505,-0.0773405703161,-0.0434343434343,-0.250469359339,-0.0345084801933,-0.0111111111111,0.0866354202056,0.0199894662943,0.329545454545,0.0702479338843,0.0866354202056,0.329545454545,-0.132380952381,-0.133333333333,-4,-0.0242424242424,-0.0344444444444,0,0,0,18,0,2,90,0.9,1,0,0.1,1,0.9,0.947368421053,0.938314863257,0.9,0.9,5,7,0,0,0,0
1722,WLNM_dir_neg,0.80612244898,0.539644062753,00:00:00,10,40,42,1174695191,threshold_sweep,0.3,1,0.714285714286,0.833333333333,5,0,2,14,0.714285714286,1,0,0.285714285714,1,0.714285714286,0.833333333333,0.904761904762,0.587301587302,0.769230769231,0.790569415042,0.714285714286,20,13,7,0,20,0,13,0,7,11,20,0.181818181818,3.04338842975,3.63636363636,2,2.5,1.68954001271,0.464623503495,0.245454545455,1.16774841624,0.642261628933,0.336363636364,1.94000937205,1.06700515463,0.536363636364,1.05689877454,0.347276990411,3.54545454545,3.04338842975,1.05689877454,3.54545454545,0.499047619048,0.4,8,0.0484848484848,0.255555555556,11,11,11,1,0,0.0909090909091,0.636363636364,0.272727272727,11,0.118181818182,3.72727272727,2.36363636364,1.3,1.625,1.43336856898,0.6064251638,0.286713286713,0.603022689156,0.510249967747,0.237762237762,1.40129809949,1.18571377649,0.503496503497,2.05382127221,0.551025219373,7,3.72727272727,2.05382127221,7,0,0,0,0,0.22962962963,11,11,11,1,0,0.0909090909091,0.636363636364,0.272727272727,11,18,0.163636363636,3.11363636364,3.27272727273,1.8,2.25,1.42062726223,0.434080552347,0.227272727273,0.924416277737,0.564921058617,0.292929292929,1.68954001271,1.03249667443,0.525252525253,1.14353419474,0.367266456706,3.875,3.11363636364,1.14353419474,3.875,0.366666666667,0.266666666667,4,0.0242424242424,0.221111111111,11,11,11,1,0,0.0909090909091,0.636363636364,0.272727272727,-2,-0.0181818181818,0.0702479338843,-0.363636363636,-0.2,-0.25,-0.268912750482,-0.030542951148,-0.0181818181818,-0.243332138505,-0.0773405703161,-0.0434343434343,-0.250469359339,-0.0345084801933,-0.0111111111111,0.0866354202056,0.0199894662943,0.329545454545,0.0702479338843,0.0866354202056,0.329545454545,-0.132380952381,-0.133333333333,-4,-0.0242424242424,-0.0344444444444,0,0,0,18,0,2,90,0.9,1,0,0.1,1,0.9,0.947368421053,0.938314863257,0.9,0.9,5,7,0,0,0,0
1723,WLNM_dir_neg,0.80612244898,0.539644062753,00:00:00,10,40,42,1174695191,threshold_sweep,0.4,1,0.714285714286,0.833333333333,5,0,2,14,0.714285714286,1,0,0.285714285714,1,0.714285714286,0.833333333333,0.904761904762,0.587301587302,0.769230769231,0.790569415042,0.714285714286,20,13,7,0,20,0,13,0,7,11,20,0.181818181818,3.04338842975,3.63636363636,2,2.5,1.68954001271,0.464623503495,0.245454545455,1.16774841624,0.642261628933,0.336363636364,1.94000937205,1.06700515463,0.536363636364,1.05689877454,0.347276990411,3.54545454545,3.04338842975,1.05689877454,3.54545454545,0.499047619048,0.4,8,0.0484848484848,0.255555555556,11,11,11,1,0,0.0909090909091,0.636363636364,0.272727272727,11,0.118181818182,3.72727272727,2.36363636364,1.3,1.625,1.43336856898,0.6064251638,0.286713286713,0.603022689156,0.510249967747,0.237762237762,1.40129809949,1.18571377649,0.503496503497,2.05382127221,0.551025219373,7,3.72727272727,2.05382127221,7,0,0,0,0,0.22962962963,11,11,11,1,0,0.0909090909091,0.636363636364,0.272727272727,11,18,0.163636363636,3.11363636364,3.27272727273,1.8,2.25,1.42062726223,0.434080552347,0.227272727273,0.924416277737,0.564921058617,0.292929292929,1.68954001271,1.03249667443,0.525252525253,1.14353419474,0.367266456706,3.875,3.11363636364,1.14353419474,3.875,0.366666666667,0.266666666667,4,0.0242424242424,0.221111111111,11,11,11,1,0,0.0909090909091,0.636363636364,0.272727272727,-2,-0.0181818181818,0.0702479338843,-0.363636363636,-0.2,-0.25,-0.268912750482,-0.030542951148,-0.0181818181818,-0.243332138505,-0.0773405703161,-0.0434343434343,-0.250469359339,-0.0345084801933,-0.0111111111111,0.0866354202056,0.0199894662943,0.329545454545,0.0702479338843,0.0866354202056,0.329545454545,-0.132380952381,-0.133333333333,-4,-0.0242424242424,-0.0344444444444,0,0,0,18,0,2,90,0.9,1,0,0.1,1,0.9,0.947368421053,0.938314863257,0.9,0.9,5,7,0,0,0,0
1724,WLNM_dir_neg,0.80612244898,0.539644062753,00:00:00,10,40,42,1174695191,threshold_sweep,0.5,1,0.714285714286,0.833333333333,5,0,2,14,0.714285714286,1,0,0.285714285714,1,0.714285714286,0.833333333333,0.904761904762,0.587301587302,0.769230769231,0.790569415042,0.714285714286,20,13,7,0,20,0,13,0,7,11,20,0.181818181818,3.04338842975,3.63636363636,2,2.5,1.68954001271,0.464623503495,0.245454545455,1.16774841624,0.642261628933,0.336363636364,1.94000937205,1.06700515463,0.536363636364,1.05689877454,0.347276990411,3.54545454545,3.04338842975,1.05689877454,3.54545454545,0.499047619048,0.4,8,0.0484848484848,0.255555555556,11,11,11,1,0,0.0909090909091,0.636363636364,0.272727272727,11,0.118181818182,3.72727272727,2.36363636364,1.3,1.625,1.43336856898,0.6064251638,0.286713286713,0.603022689156,0.510249967747,0.237762237762,1.40129809949,1.18571377649,0.503496503497,2.05382127221,0.551025219373,7,3.72727272727,2.05382127221,7,0,0,0,0,0.22962962963,11,11,11,1,0,0.0909090909091,0.636363636364,0.272727272727,11,18,0.163636363636,3.11363636364,3.27272727273,1.8,2.25,1.42062726223,0.434080552347,0.227272727273,0.924416277737,0.564921058617,0.292929292929,1.68954001271,1.03249667443,0.525252525253,1.14353419474,0.367266456706,3.875,3.11363636364,1.14353419474,3.875,0.366666666667,0.266666666667,4,0.0242424242424,0.221111111111,11,11,11,1,0,0.0909090909091,0.636363636364,0.272727272727,-2,-0.0181818181818,0.0702479338843,-0.363636363636,-0.2,-0.25,-0.268912750482,-0.030542951148,-0.0181818181818,-0.243332138505,-0.0773405703161,-0.0434343434343,-0.250469359339,-0.0345084801933,-0.0111111111111,0.0866354202056,0.0199894662943,0.329545454545,0.0702479338843,0.0866354202056,0.329545454545,-0.132380952381,-0.133333333333,-4,-0.0242424242424,-0.0344444444444,0,0,0,18,0,2,90,0.9,1,0,0.1,1,0.9,0.947368421053,0.938314863257,0.9,0.9,5,7,0,0,0,0
1725,WLNM_dir_neg,0.80612244898,0.539644062753,00:00:00,10,40,42,1174695191,threshold_sweep,0.6,1,0.714285714286,0.833333333333,5,0,2,14,0.714285714286,1,0,0.285714285714,1,0.714285714286,0.833333333333,0.904761904762,0.587301587302,0.769230769231,0.790569415042,0.714285714286,20,13,7,0,20,0,13,0,7,11,20,0.181818181818,3.04338842975,3.63636363636,2,2.5,1.68954001271,0.464623503495,0.245454545455,1.16774841624,0.642261628933,0.336363636364,1.94000937205,1.06700515463,0.536363636364,1.05689877454,0.347276990411,3.54545454545,3.04338842975,1.05689877454,3.54545454545,0.499047619048,0.4,8,0.0484848484848,0.255555555556,11,11,11,1,0,0.0909090909091,0.636363636364,0.272727272727,11,0.118181818182,3.72727272727,2.36363636364,1.3,1.625,1.43336856898,0.6064251638,0.286713286713,0.603022689156,0.510249967747,0.237762237762,1.40129809949,1.18571377649,0.503496503497,2.05382127221,0.551025219373,7,3.72727272727,2.05382127221,7,0,0,0,0,0.22962962963,11,11,11,1,0,0.0909090909091,0.636363636364,0.272727272727,11,18,0.163636363636,3.11363636364,3.27272727273,1.8,2.25,1.42062726223,0.434080552347,0.227272727273,0.924416277737,0.564921058617,0.292929292929,1.68954001271,1.03249667443,0.525252525253,1.14353419474,0.367266456706,3.875,3.11363636364,1.14353419474,3.875,0.366666666667,0.266666666667,4,0.0242424242424,0.221111111111,11,11,11,1,0,0.0909090909091,0.636363636364,0.272727272727,-2,-0.0181818181818,0.0702479338843,-0.363636363636,-0.2,-0.25,-0.268912750482,-0.030542951148,-0.0181818181818,-0.243332138505,-0.0773405703161,-0.0434343434343,-0.250469359339,-0.0345084801933,-0.0111111111111,0.0866354202056,0.0199894662943,0.329545454545,0.0702479338843,0.0866354202056,0.329545454545,-0.132380952381,-0.133333333333,-4,-0.0242424242424,-0.0344444444444,0,0,0,18,0,2,90,0.9,1,0,0.1,1,0.9,0.947368421053,0.938314863257,0.9,0.9,5,7,0,0,0,0
1726,WLNM_dir_neg,0.80612244898,0.539644062753,00:00:00,10,40,42,1174695191,threshold_sweep,0.7,1,0.714285714286,0.833333333333,5,0,2,14,0.714285714286,1,0,0.285714285714,1,0.714285714286,0.833333333333,0.904761904762,0.587301587302,0.769230769231,0.790569415042,0.714285714286,20,13,7,0,20,0,13,0,7,11,20,0.181818181818,3.04338842975,3.63636363636,2,2.5,1.68954001271,0.464623503495,0.245454545455,1.16774841624,0.642261628933,0.336363636364,1.94000937205,1.06700515463,0.536363636364,1.05689877454,0.347276990411,3.54545454545,3.04338842975,1.05689877454,3.54545454545,0.499047619048,0.4,8,0.0484848484848,0.255555555556,11,11,11,1,0,0.0909090909091,0.636363636364,0.272727272727,11,0.118181818182,3.72727272727,2.36363636364,1.3,1.625,1.43336856898,0.6064251638,0.286713286713,0.603022689156,0.510249967747,0.237762237762,1.40129809949,1.18571377649,0.503496503497,2.05382127221,0.551025219373,7,3.72727272727,2.05382127221,7,0,0,0,0,0.22962962963,11,11,11,1,0,0.0909090909091,0.636363636364,0.272727272727,11,18,0.163636363636,3.11363636364,3.27272727273,1.8,2.25,1.42062726223,0.434080552347,0.227272727273,0.924416277737,0.564921058617,0.292929292929,1.68954001271,1.03249667443,0.525252525253,1.14353419474,0.367266456706,3.875,3.11363636364,1.14353419474,3.875,0.366666666667,0.266666666667,4,0.0242424242424,0.221111111111,11,11,11,1,0,0.0909090909091,0.636363636364,0.272727272727,-2,-0.0181818181818,0.0702479338843,-0.363636363636,-0.2,-0.25,-0.268912750482,-0.030542951148,-0.0181818181818,-0.243332138505,-0.0773405703161,-0.0434343434343,-0.250469359339,-0.0345084801933,-0.0111111111111,0.0866354202056,0.0199894662943,0.329545454545,0.0702479338843,0.0866354202056,0.329545454545,-0.132380952381,-0.133333333333,-4,-0.0242424242424,-0.0344444444444,0,0,0,18,0,2,90,0.9,1,0,0.1,1,0.9,0.947368421053,0.938314863257,0.9,0.9,5,7,0,0,0,0
1727,WLNM_dir_neg,0.80612244898,0.539644062753,00:00:00,10,40,42,1174695191,threshold_sweep,0.8,1,0.714285714286,0.833333333333,5,0,2,14,0.714285714286,1,0,0.285714285714,1,0.714285714286,0.833333333333,0.904761904762,0.587301587302,0.769230769231,0.790569415042,0.714285714286,20,13,7,0,20,0,13,0,7,11,20,0.181818181818,3.04338842975,3.63636363636,2,2.5,1.68954001271,0.464623503495,0.245454545455,1.16774841624,0.642261628933,0.336363636364,1.94000937205,1.06700515463,0.536363636364,1.05689877454,0.347276990411,3.54545454545,3.04338842975,1.05689877454,3.54545454545,0.499047619048,0.4,8,0.0484848484848,0.255555555556,11,11,11,1,0,0.0909090909091,0.636363636364,0.272727272727,11,0.118181818182,3.72727272727,2.36363636364,1.3,1.625,1.43336856898,0.6064251638,0.286713286713,0.603022689156,0.510249967747,0.237762237762,1.40129809949,1.18571377649,0.503496503497,2.05382127221,0.551025219373,7,3.72727272727,2.05382127221,7,0,0,0,0,0.22962962963,11,11,11,1,0,0.0909090909091,0.636363636364,0.272727272727,11,18,0.163636363636,3.11363636364,3.27272727273,1.8,2.25,1.42062726223,0.434080552347,0.227272727273,0.924416277737,0.564921058617,0.292929292929,1.68954001271,1.03249667443,0.525252525253,1.14353419474,0.367266456706,3.875,3.11363636364,1.14353419474,3.875,0.366666666667,0.266666666667,4,0.0242424242424,0.221111111111,11,11,11,1,0,0.0909090909091,0.636363636364,0.272727272727,-2,-0.0181818181818,0.0702479338843,-0.363636363636,-0.2,-0.25,-0.268912750482,-0.030542951148,-0.0181818181818,-0.243332138505,-0.0773405703161,-0.0434343434343,-0.250469359339,-0.0345084801933,-0.0111111111111,0.0866354202056,0.0199894662943,0.329545454545,0.0702479338843,0.0866354202056,0.329545454545,-0.132380952381,-0.133333333333,-4,-0.0242424242424,-0.0344444444444,0,0,0,18,0,2,90,0.9,1,0,0.1,1,0.9,0.947368421053,0.938314863257,0.9,0.9,5,7,0,0,0,0
1728,WLNM_dir_neg,0.80612244898,0.539644062753,00:00:00,10,40,42,1174695191,threshold_sweep,0.9,1,0.714285714286,0.833333333333,5,0,2,14,0.714285714286,1,0,0.285714285714,1,0.714285714286,0.833333333333,0.904761904762,0.587301587302,0.769230769231,0.790569415042,0.714285714286,20,13,7,0,20,0,13,0,7,11,20,0.181818181818,3.04338842975,3.63636363636,2,2.5,1.68954001271,0.464623503495,0.245454545455,1.16774841624,0.642261628933,0.336363636364,1.94000937205,1.06700515463,0.536363636364,1.05689877454,0.347276990411,3.54545454545,3.04338842975,1.05689877454,3.54545454545,0.499047619048,0.4,8,0.0484848484848,0.255555555556,11,11,11,1,0,0.0909090909091,0.636363636364,0.272727272727,11,0.118181818182,3.72727272727,2.36363636364,1.3,1.625,1.43336856898,0.6064251638,0.286713286713,0.603022689156,0.510249967747,0.237762237762,1.40129809949,1.18571377649,0.503496503497,2.05382127221,0.551025219373,7,3.72727272727,2.05382127221,7,0,0,0,0,0.22962962963,11,11,11,1,0,0.0909090909091,0.636363636364,0.272727272727,11,18,0.163636363636,3.11363636364,3.27272727273,1.8,2.25,1.42062726223,0.434080552347,0.227272727273,0.924416277737,0.564921058617,0.292929292929,1.68954001271,1.03249667443,0.525252525253,1.14353419474,0.367266456706,3.875,3.11363636364,1.14353419474,3.875,0.366666666667,0.266666666667,4,0.0242424242424,0.221111111111,11,11,11,1,0,0.0909090909091,0.636363636364,0.272727272727,-2,-0.0181818181818,0.0702479338843,-0.363636363636,-0.2,-0.25,-0.268912750482,-0.030542951148,-0.0181818181818,-0.243332138505,-0.0773405703161,-0.0434343434343,-0.250469359339,-0.0345084801933,-0.0111111111111,0.0866354202056,0.0199894662943,0.329545454545,0.0702479338843,0.0866354202056,0.329545454545,-0.132380952381,-0.133333333333,-4,-0.0242424242424,-0.0344444444444,0,0,0,18,0,2,90,0.9,1,0,0.1,1,0.9,0.947368421053,0.938314863257,0.9,0.9,5,7,0,0,0,0
1729,WLNM_dir_neg,0.836734693878,0.550601779173,00:00:00,10,40,43,1174695192,threshold_sweep,0.1,1,0.714285714286,0.833333333333,5,0,2,14,0.714285714286,1,0,0.285714285714,1,0.714285714286,0.833333333333,0.904761904762,0.587301587302,0.769230769231,0.790569415042,0.714285714286,20,13,7,0,20,0,13,0,7,11,20,0.181818181818,3.04338842975,3.63636363636,2,2.5,1.68954001271,0.464623503495,0.245454545455,1.16774841624,0.642261628933,0.336363636364,1.94000937205,1.06700515463,0.536363636364,1.05689877454,0.347276990411,3.54545454545,3.04338842975,1.05689877454,3.54545454545,0.499047619048,0.4,8,0.0484848484848,0.255555555556,11,11,11,1,0,0.0909090909091,0.636363636364,0.272727272727,11,0.118181818182,3.72727272727,2.36363636364,1.3,1.625,1.43336856898,0.6064251638,0.286713286713,0.603022689156,0.510249967747,0.237762237762,1.40129809949,1.18571377649,0.503496503497,2.05382127221,0.551025219373,7,3.72727272727,2.05382127221,7,0,0,0,0,0.22962962963,11,11,11,1,0,0.0909090909091,0.636363636364,0.272727272727,11,18,0.163636363636,3.11363636364,3.27272727273,1.8,2.25,1.42062726223,0.434080552347,0.227272727273,0.924416277737,0.564921058617,0.292929292929,1.68954001271,1.03249667443,0.525252525253,1.14353419474,0.367266456706,3.875,3.11363636364,1.14353419474,3.875,0.366666666667,0.266666666667,4,0.0242424242424,0.221111111111,11,11,11,1,0,0.0909090909091,0.636363636364,0.272727272727,-2,-0.0181818181818,0.0702479338843,-0.363636363636,-0.2,-0.25,-0.268912750482,-0.030542951148,-0.0181818181818,-0.243332138505,-0.0773405703161,-0.0434343434343,-0.250469359339,-0.0345084801933,-0.0111111111111,0.0866354202056,0.0199894662943,0.329545454545,0.0702479338843,0.0866354202056,0.329545454545,-0.132380952381,-0.133333333333,-4,-0.0242424242424,-0.0344444444444,0,0,0,18,0,2,90,0.9,1,0,0.1,1,0.9,0.947368421053,0.938314863257,0.9,0.9,5,7,0,0,0,0
1730,WLNM_dir_neg,0.836734693878,0.550601779173,00:00:00,10,40,43,1174695192,threshold_sweep,0.2,1,0.714285714286,0.833333333333,5,0,2,14,0.714285714286,1,0,0.285714285714,1,0.714285714286,0.833333333333,0.904761904762,0.587301587302,0.769230769231,0.790569415042,0.714285714286,20,13,7,0,20,0,13,0,7,11,20,0.181818181818,3.04338842975,3.63636363636,2,2.5,1.68954001271,0.464623503495,0.245454545455,1.16774841624,0.642261628933,0.336363636364,1.94000937205,1.06700515463,0.536363636364,1.05689877454,0.347276990411,3.54545454545,3.04338842975,1.05689877454,3.54545454545,0.499047619048,0.4,8,0.0484848484848,0.255555555556,11,11,11,1,0,0.0909090909091,0.636363636364,0.272727272727,11,0.118181818182,3.72727272727,2.36363636364,1.3,1.625,1.43336856898,0.6064251638,0.286713286713,0.603022689156,0.510249967747,0.237762237762,1.40129809949,1.18571377649,0.503496503497,2.05382127221,0.551025219373,7,3.72727272727,2.05382127221,7,0,0,0,0,0.22962962963,11,11,11,1,0,0.0909090909091,0.636363636364,0.272727272727,11,18,0.163636363636,3.11363636364,3.27272727273,1.8,2.25,1.42062726223,0.434080552347,0.227272727273,0.924416277737,0.564921058617,0.292929292929,1.68954001271,1.03249667443,0.525252525253,1.14353419474,0.367266456706,3.875,3.11363636364,1.14353419474,3.875,0.366666666667,0.266666666667,4,0.0242424242424,0.221111111111,11,11,11,1,0,0.0909090909091,0.636363636364,0.272727272727,-2,-0.0181818181818,0.0702479338843,-0.363636363636,-0.2,-0.25,-0.268912750482,-0.030542951148,-0.0181818181818,-0.243332138505,-0.0773405703161,-0.0434343434343,-0.250469359339,-0.0345084801933,-0.0111111111111,0.0866354202056,0.0199894662943,0.329545454545,0.0702479338843,0.0866354202056,0.329545454545,-0.132380952381,-0.133333333333,-4,-0.0242424242424,-0.0344444444444,0,0,0,18,0,2,90,0.9,1,0,0.1,1,0.9,0.947368421053,0.938314863257,0.9,0.9,5,7,0,0,0,0
1731,WLNM_dir_neg,0.836734693878,0.550601779173,00:00:00,10,40,43,1174695192,threshold_sweep,0.3,1,0.714285714286,0.833333333333,5,0,2,14,0.714285714286,1,0,0.285714285714,1,0.714285714286,0.833333333333,0.904761904762,0.587301587302,0.769230769231,0.790569415042,0.714285714286,20,13,7,0,20,0,13,0,7,11,20,0.181818181818,3.04338842975,3.63636363636,2,2.5,1.68954001271,0.464623503495,0.245454545455,1.16774841624,0.642261628933,0.336363636364,1.94000937205,1.06700515463,0.536363636364,1.05689877454,0.347276990411,3.54545454545,3.04338842975,1.05689877454,3.54545454545,0.499047619048,0.4,8,0.0484848484848,0.255555555556,11,11,11,1,0,0.0909090909091,0.636363636364,0.272727272727,11,0.118181818182,3.72727272727,2.36363636364,1.3,1.625,1.43336856898,0.6064251638,0.286713286713,0.603022689156,0.510249967747,0.237762237762,1.40129809949,1.18571377649,0.503496503497,2.05382127221,0.551025219373,7,3.72727272727,2.05382127221,7,0,0,0,0,0.22962962963,11,11,11,1,0,0.0909090909091,0.636363636364,0.272727272727,11,18,0.163636363636,3.11363636364,3.27272727273,1.8,2.25,1.42062726223,0.434080552347,0.227272727273,0.924416277737,0.564921058617,0.292929292929,1.68954001271,1.03249667443,0.525252525253,1.14353419474,0.367266456706,3.875,3.11363636364,1.14353419474,3.875,0.366666666667,0.266666666667,4,0.0242424242424,0.221111111111,11,11,11,1,0,0.0909090909091,0.636363636364,0.272727272727,-2,-0.0181818181818,0.0702479338843,-0.363636363636,-0.2,-0.25,-0.268912750482,-0.030542951148,-0.0181818181818,-0.243332138505,-0.0773405703161,-0.0434343434343,-0.250469359339,-0.0345084801933,-0.0111111111111,0.0866354202056,0.0199894662943,0.329545454545,0.0702479338843,0.0866354202056,0.329545454545,-0.132380952381,-0.133333333333,-4,-0.0242424242424,-0.0344444444444,0,0,0,18,0,2,90,0.9,1,0,0.1,1,0.9,0.947368421053,0.938314863257,0.9,0.9,5,7,0,0,0,0
1732,WLNM_dir_neg,0.836734693878,0.550601779173,00:00:00,10,40,43,1174695192,threshold_sweep,0.4,1,0.714285714286,0.833333333333,5,0,2,14,0.714285714286,1,0,0.285714285714,1,0.714285714286,0.833333333333,0.904761904762,0.587301587302,0.769230769231,0.790569415042,0.714285714286,20,13,7,0,20,0,13,0,7,11,20,0.181818181818,3.04338842975,3.63636363636,2,2.5,1.68954001271,0.464623503495,0.245454545455,1.16774841624,0.642261628933,0.336363636364,1.94000937205,1.06700515463,0.536363636364,1.05689877454,0.347276990411,3.54545454545,3.04338842975,1.05689877454,3.54545454545,0.499047619048,0.4,8,0.0484848484848,0.255555555556,11,11,11,1,0,0.0909090909091,0.636363636364,0.272727272727,11,0.118181818182,3.72727272727,2.36363636364,1.3,1.625,1.43336856898,0.6064251638,0.286713286713,0.603022689156,0.510249967747,0.237762237762,1.40129809949,1.18571377649,0.503496503497,2.05382127221,0.551025219373,7,3.72727272727,2.05382127221,7,0,0,0,0,0.22962962963,11,11,11,1,0,0.0909090909091,0.636363636364,0.272727272727,11,18,0.163636363636,3.11363636364,3.27272727273,1.8,2.25,1.42062726223,0.434080552347,0.227272727273,0.924416277737,0.564921058617,0.292929292929,1.68954001271,1.03249667443,0.525252525253,1.14353419474,0.367266456706,3.875,3.11363636364,1.14353419474,3.875,0.366666666667,0.266666666667,4,0.0242424242424,0.221111111111,11,11,11,1,0,0.0909090909091,0.636363636364,0.272727272727,-2,-0.0181818181818,0.0702479338843,-0.363636363636,-0.2,-0.25,-0.268912750482,-0.030542951148,-0.0181818181818,-0.243332138505,-0.0773405703161,-0.0434343434343,-0.250469359339,-0.0345084801933,-0.0111111111111,0.0866354202056,0.0199894662943,0.329545454545,0.0702479338843,0.0866354202056,0.329545454545,-0.132380952381,-0.133333333333,-4,-0.0242424242424,-0.0344444444444,0,0,0,18,0,2,90,0.9,1,0,0.1,1,0.9,0.947368421053,0.938314863257,0.9,0.9,5,7,0,0,0,0
1733,WLNM_dir_neg,0.836734693878,0.550601779173,00:00:00,10,40,43,1174695192,threshold_sweep,0.5,1,0.714285714286,0.833333333333,5,0,2,14,0.714285714286,1,0,0.285714285714,1,0.714285714286,0.833333333333,0.904761904762,0.587301587302,0.769230769231,0.790569415042,0.714285714286,20,13,7,0,20,0,13,0,7,11,20,0.181818181818,3.04338842975,3.63636363636,2,2.5,1.68954001271,0.464623503495,0.245454545455,1.16774841624,0.642261628933,0.336363636364,1.94000937205,1.06700515463,0.536363636364,1.05689877454,0.347276990411,3.54545454545,3.04338842975,1.05689877454,3.54545454545,0.499047619048,0.4,8,0.0484848484848,0.255555555556,11,11,11,1,0,0.0909090909091,0.636363636364,0.272727272727,11,0.118181818182,3.72727272727,2.36363636364,1.3,1.625,1.43336856898,0.6064251638,0.286713286713,0.603022689156,0.510249967747,0.237762237762,1.40129809949,1.18571377649,0.503496503497,2.05382127221,0.551025219373,7,3.72727272727,2.05382127221,7,0,0,0,0,0.22962962963,11,11,11,1,0,0.0909090909091,0.636363636364,0.272727272727,11,18,0.163636363636,3.11363636364,3.27272727273,1.8,2.25,1.42062726223,0.434080552347,0.227272727273,0.924416277737,0.564921058617,0.292929292929,1.68954001271,1.03249667443,0.525252525253,1.14353419474,0.367266456706,3.875,3.11363636364,1.14353419474,3.875,0.366666666667,0.266666666667,4,0.0242424242424,0.221111111111,11,11,11,1,0,0.0909090909091,0.636363636364,0.272727272727,-2,-0.0181818181818,0.0702479338843,-0.363636363636,-0.2,-0.25,-0.268912750482,-0.030542951148,-0.0181818181818,-0.243332138505,-0.0773405703161,-0.0434343434343,-0.250469359339,-0.0345084801933,-0.0111111111111,0.0866354202056,0.0199894662943,0.329545454545,0.0702479338843,0.0866354202056,0.329545454545,-0.132380952381,-0.133333333333,-4,-0.0242424242424,-0.0344444444444,0,0,0,18,0,2,90,0.9,1,0,0.1,1,0.9,0.947368421053,0.938314863257,0.9,0.9,5,7,0,0,0,0
1734,WLNM_dir_neg,0.836734693878,0.550601779173,00:00:00,10,40,43,1174695192,threshold_sweep,0.6,1,0.714285714286,0.833333333333,5,0,2,14,0.714285714286,1,0,0.285714285714,1,0.714285714286,0.833333333333,0.904761904762,0.587301587302,0.769230769231,0.790569415042,0.714285714286,20,13,7,0,20,0,13,0,7,11,20,0.181818181818,3.04338842975,3.63636363636,2,2.5,1.68954001271,0.464623503495,0.245454545455,1.16774841624,0.642261628933,0.336363636364,1.94000937205,1.06700515463,0.536363636364,1.05689877454,0.347276990411,3.54545454545,3.04338842975,1.05689877454,3.54545454545,0.499047619048,0.4,8,0.0484848484848,0.255555555556,11,11,11,1,0,0.0909090909091,0.636363636364,0.272727272727,11,0.118181818182,3.72727272727,2.36363636364,1.3,1.625,1.43336856898,0.6064251638,0.286713286713,0.603022689156,0.510249967747,0.237762237762,1.40129809949,1.18571377649,0.503496503497,2.05382127221,0.551025219373,7,3.72727272727,2.05382127221,7,0,0,0,0,0.22962962963,11,11,11,1,0,0.0909090909091,0.636363636364,0.272727272727,11,18,0.163636363636,3.11363636364,3.27272727273,1.8,2.25,1.42062726223,0.434080552347,0.227272727273,0.924416277737,0.564921058617,0.292929292929,1.68954001271,1.03249667443,0.525252525253,1.14353419474,0.367266456706,3.875,3.11363636364,1.14353419474,3.875,0.366666666667,0.266666666667,4,0.0242424242424,0.221111111111,11,11,11,1,0,0.0909090909091,0.636363636364,0.272727272727,-2,-0.0181818181818,0.0702479338843,-0.363636363636,-0.2,-0.25,-0.268912750482,-0.030542951148,-0.0181818181818,-0.243332138505,-0.0773405703161,-0.0434343434343,-0.250469359339,-0.0345084801933,-0.0111111111111,0.0866354202056,0.0199894662943,0.329545454545,0.0702479338843,0.0866354202056,0.329545454545,-0.132380952381,-0.133333333333,-4,-0.0242424242424,-0.0344444444444,0,0,0,18,0,2,90,0.9,1,0,0.1,1,0.9,0.947368421053,0.938314863257,0.9,0.9,5,7,0,0,0,0
1735,WLNM_dir_neg,0.836734693878,0.550601779173,00:00:00,10,40,43,1174695192,threshold_sweep,0.7,1,0.714285714286,0.833333333333,5,0,2,14,0.714285714286,1,0,0.285714285714,1,0.714285714286,0.833333333333,0.904761904762,0.587301587302,0.769230769231,0.790569415042,0.714285714286,20,13,7,0,20,0,13,0,7,11,20,0.181818181818,3.04338842975,3.63636363636,2,2.5,1.68954001271,0.464623503495,0.245454545455,1.16774841624,0.642261628933,0.336363636364,1.94000937205,1.06700515463,0.536363636364,1.05689877454,0.347276990411,3.54545454545,3.04338842975,1.05689877454,3.54545454545,0.499047619048,0.4,8,0.0484848484848,0.255555555556,11,11,11,1,0,0.0909090909091,0.636363636364,0.272727272727,11,0.118181818182,3.72727272727,2.36363636364,1.3,1.625,1.43336856898,0.6064251638,0.286713286713,0.603022689156,0.510249967747,0.237762237762,1.40129809949,1.18571377649,0.503496503497,2.05382127221,0.551025219373,7,3.72727272727,2.05382127221,7,0,0,0,0,0.22962962963,11,11,11,1,0,0.0909090909091,0.636363636364,0.272727272727,11,18,0.163636363636,3.11363636364,3.27272727273,1.8,2.25,1.42062726223,0.434080552347,0.227272727273,0.924416277737,0.564921058617,0.292929292929,1.68954001271,1.03249667443,0.525252525253,1.14353419474,0.367266456706,3.875,3.11363636364,1.14353419474,3.875,0.366666666667,0.266666666667,4,0.0242424242424,0.221111111111,11,11,11,1,0,0.0909090909091,0.636363636364,0.272727272727,-2,-0.0181818181818,0.0702479338843,-0.363636363636,-0.2,-0.25,-0.268912750482,-0.030542951148,-0.0181818181818,-0.243332138505,-0.0773405703161,-0.0434343434343,-0.250469359339,-0.0345084801933,-0.0111111111111,0.0866354202056,0.0199894662943,0.329545454545,0.0702479338843,0.0866354202056,0.329545454545,-0.132380952381,-0.133333333333,-4,-0.0242424242424,-0.0344444444444,0,0,0,18,0,2,90,0.9,1,0,0.1,1,0.9,0.947368421053,0.938314863257,0.9,0.9,5,7,0,0,0,0
1736,WLNM_dir_neg,0.836734693878,0.550601779173,00:00:00,10,40,43,1174695192,threshold_sweep,0.8,1,0.714285714286,0.833333333333,5,0,2,14,0.714285714286,1,0,0.285714285714,1,0.714285714286,0.833333333333,0.904761904762,0.587301587302,0.769230769231,0.790569415042,0.714285714286,20,13,7,0,20,0,13,0,7,11,20,0.181818181818,3.04338842975,3.63636363636,2,2.5,1.68954001271,0.464623503495,0.245454545455,1.16774841624,0.642261628933,0.336363636364,1.94000937205,1.06700515463,0.536363636364,1.05689877454,0.347276990411,3.54545454545,3.04338842975,1.05689877454,3.54545454545,0.499047619048,0.4,8,0.0484848484848,0.255555555556,11,11,11,1,0,0.0909090909091,0.636363636364,0.272727272727,11,0.118181818182,3.72727272727,2.36363636364,1.3,1.625,1.43336856898,0.6064251638,0.286713286713,0.603022689156,0.510249967747,0.237762237762,1.40129809949,1.18571377649,0.503496503497,2.05382127221,0.551025219373,7,3.72727272727,2.05382127221,7,0,0,0,0,0.22962962963,11,11,11,1,0,0.0909090909091,0.636363636364,0.272727272727,11,18,0.163636363636,3.11363636364,3.27272727273,1.8,2.25,1.42062726223,0.434080552347,0.227272727273,0.924416277737,0.564921058617,0.292929292929,1.68954001271,1.03249667443,0.525252525253,1.14353419474,0.367266456706,3.875,3.11363636364,1.14353419474,3.875,0.366666666667,0.266666666667,4,0.0242424242424,0.221111111111,11,11,11,1,0,0.0909090909091,0.636363636364,0.272727272727,-2,-0.0181818181818,0.0702479338843,-0.363636363636,-0.2,-0.25,-0.268912750482,-0.030542951148,-0.0181818181818,-0.243332138505,-0.0773405703161,-0.0434343434343,-0.250469359339,-0.0345084801933,-0.0111111111111,0.0866354202056,0.0199894662943,0.329545454545,0.0702479338843,0.0866354202056,0.329545454545,-0.132380952381,-0.133333333333,-4,-0.0242424242424,-0.0344444444444,0,0,0,18,0,2,90,0.9,1,0,0.1,1,0.9,0.947368421053,0.938314863257,0.9,0.9,5,7,0,0,0,0
1737,WLNM_dir_neg,0.836734693878,0.550601779173,00:00:00,10,40,43,1174695192,threshold_sweep,0.9,1,0.714285714286,0.833333333333,5,0,2,14,0.714285714286,1,0,0.285714285714,1,0.714285714286,0.833333333333,0.904761904762,0.587301587302,0.769230769231,0.790569415042,0.714285714286,20,13,7,0,20,0,13,0,7,11,20,0.181818181818,3.04338842975,3.63636363636,2,2.5,1.68954001271,0.464623503495,0.245454545455,1.16774841624,0.642261628933,0.336363636364,1.94000937205,1.06700515463,0.536363636364,1.05689877454,0.347276990411,3.54545454545,3.04338842975,1.05689877454,3.54545454545,0.499047619048,0.4,8,0.0484848484848,0.255555555556,11,11,11,1,0,0.0909090909091,0.636363636364,0.272727272727,11,0.118181818182,3.72727272727,2.36363636364,1.3,1.625,1.43336856898,0.6064251638,0.286713286713,0.603022689156,0.510249967747,0.237762237762,1.40129809949,1.18571377649,0.503496503497,2.05382127221,0.551025219373,7,3.72727272727,2.05382127221,7,0,0,0,0,0.22962962963,11,11,11,1,0,0.0909090909091,0.636363636364,0.272727272727,11,18,0.163636363636,3.11363636364,3.27272727273,1.8,2.25,1.42062726223,0.434080552347,0.227272727273,0.924416277737,0.564921058617,0.292929292929,1.68954001271,1.03249667443,0.525252525253,1.14353419474,0.367266456706,3.875,3.11363636364,1.14353419474,3.875,0.366666666667,0.266666666667,4,0.0242424242424,0.221111111111,11,11,11,1,0,0.0909090909091,0.636363636364,0.272727272727,-2,-0.0181818181818,0.0702479338843,-0.363636363636,-0.2,-0.25,-0.268912750482,-0.030542951148,-0.0181818181818,-0.243332138505,-0.0773405703161,-0.0434343434343,-0.250469359339,-0.0345084801933,-0.0111111111111,0.0866354202056,0.0199894662943,0.329545454545,0.0702479338843,0.0866354202056,0.329545454545,-0.132380952381,-0.133333333333,-4,-0.0242424242424,-0.0344444444444,0,0,0,18,0,2,90,0.9,1,0,0.1,1,0.9,0.947368421053,0.938314863257,0.9,0.9,5,7,0,0,0,0
1738,WLNM_dir_neg,0.80612244898,0.555936920223,00:00:00,10,40,44,1174695193,threshold_sweep,0.1,0.714285714286,0.714285714286,0.714285714286,5,2,2,12,0.714285714286,0.857142857143,0.142857142857,0.285714285714,0.714285714286,0.714285714286,0.714285714286,0.809523809524,0.555555555556,0.571428571429,0.571428571429,0.571428571429,20,13,7,0,20,0,13,0,7,11,20,0.181818181818,3.04338842975,3.63636363636,2,2.5,1.68954001271,0.464623503495,0.245454545455,1.16774841624,0.642261628933,0.336363636364,1.94000937205,1.06700515463,0.536363636364,1.05689877454,0.347276990411,3.54545454545,3.04338842975,1.05689877454,3.54545454545,0.499047619048,0.4,8,0.0484848484848,0.255555555556,11,11,11,1,0,0.0909090909091,0.636363636364,0.272727272727,11,0.118181818182,3.72727272727,2.36363636364,1.3,1.625,1.43336856898,0.6064251638,0.286713286713,0.603022689156,0.510249967747,0.237762237762,1.40129809949,1.18571377649,0.503496503497,2.05382127221,0.551025219373,7,3.72727272727,2.05382127221,7,0,0,0,0,0.22962962963,11,11,11,1,0,0.0909090909091,0.636363636364,0.272727272727,11,20,0.181818181818,5.98500468604,3.63636363636,2,2.22222222222,1.62927758671,0.448051336344,0.231818181818,0.981649817214,0.539907399468,0.281818181818,1.60113596038,0.880624778211,0.454545454545,2.14021395047,0.357596035883,7.47422680412,5.98500468604,2.14021395047,7.47422680412,0.475714285714,0.35593220339,7,0.0424242424242,0.212592592593,11,11,11,1,0,0.0909090909091,0.727272727273,0.181818181818,0,0,2.94161625628,0,0,-0.277777777778,-0.0602624260023,-0.0165721671506,-0.0136363636364,-0.186098599028,-0.102354229466,-0.0545454545455,-0.338873411664,-0.186380376415,-0.0818181818182,1.08331517593,0.0103190454717,3.92877225867,2.94161625628,1.08331517593,3.92877225867,-0.0233333333333,-0.0440677966102,-1,-0.00606060606061,-0.042962962963,0,0.0909090909091,-0.0909090909091,18,2,2,88,0.9,0.977777777778,0.0222222222222,0.1,0.9,0.9,0.9,0.877777777778,0.877777777778,0.818181818182,7,7,0,0,0,0
1739,WLNM_dir_neg,0.80612244898,0.555936920223,00:00:00,10,40,44,1174695193,threshold_sweep,0.2,0.714285714286,0.714285714286,0.714285714286,5,2,2,12,0.714285714286,0.857142857143,0.142857142857,0.285714285714,0.714285714286,0.714285714286,0.714285714286,0.809523809524,0.555555555556,0.571428571429,0.571428571429,0.571428571429,20,13,7,0,20,0,13,0,7,11,20,0.181818181818,3.04338842975,3.63636363636,2,2.5,1.68954001271,0.464623503495,0.245454545455,1.16774841624,0.642261628933,0.336363636364,1.94000937205,1.06700515463,0.536363636364,1.05689877454,0.347276990411,3.54545454545,3.04338842975,1.05689877454,3.54545454545,0.499047619048,0.4,8,0.0484848484848,0.255555555556,11,11,11,1,0,0.0909090909091,0.636363636364,0.272727272727,11,0.118181818182,3.72727272727,2.36363636364,1.3,1.625,1.43336856898,0.6064251638,0.286713286713,0.603022689156,0.510249967747,0.237762237762,1.40129809949,1.18571377649,0.503496503497,2.05382127221,0.551025219373,7,3.72727272727,2.05382127221,7,0,0,0,0,0.22962962963,11,11,11,1,0,0.0909090909091,0.636363636364,0.272727272727,11,20,0.181818181818,5.98500468604,3.63636363636,2,2.22222222222,1.62927758671,0.448051336344,0.231818181818,0.981649817214,0.539907399468,0.281818181818,1.60113596038,0.880624778211,0.454545454545,2.14021395047,0.357596035883,7.47422680412,5.98500468604,2.14021395047,7.47422680412,0.475714285714,0.35593220339,7,0.0424242424242,0.212592592593,11,11,11,1,0,0.0909090909091,0.727272727273,0.181818181818,0,0,2.94161625628,0,0,-0.277777777778,-0.0602624260023,-0.0165721671506,-0.0136363636364,-0.186098599028,-0.102354229466,-0.0545454545455,-0.338873411664,-0.186380376415,-0.0818181818182,1.08331517593,0.0103190454717,3.92877225867,2.94161625628,1.08331517593,3.92877225867,-0.0233333333333,-0.0440677966102,-1,-0.00606060606061,-0.042962962963,0,0.0909090909091,-0.0909090909091,18,2,2,88,0.9,0.977777777778,0.0222222222222,0.1,0.9,0.9,0.9,0.877777777778,0.877777777778,0.818181818182,7,7,0,0,0,0
1740,WLNM_dir_neg,0.80612244898,0.555936920223,00:00:00,10,40,44,1174695193,threshold_sweep,0.3,0.714285714286,0.714285714286,0.714285714286,5,2,2,12,0.714285714286,0.857142857143,0.142857142857,0.285714285714,0.714285714286,0.714285714286,0.714285714286,0.809523809524,0.555555555556,0.571428571429,0.571428571429,0.571428571429,20,13,7,0,20,0,13,0,7,11,20,0.181818181818,3.04338842975,3.63636363636,2,2.5,1.68954001271,0.464623503495,0.245454545455,1.16774841624,0.642261628933,0.336363636364,1.94000937205,1.06700515463,0.536363636364,1.05689877454,0.347276990411,3.54545454545,3.04338842975,1.05689877454,3.54545454545,0.499047619048,0.4,8,0.0484848484848,0.255555555556,11,11,11,1,0,0.0909090909091,0.636363636364,0.272727272727,11,0.118181818182,3.72727272727,2.36363636364,1.3,1.625,1.43336856898,0.6064251638,0.286713286713,0.603022689156,0.510249967747,0.237762237762,1.40129809949,1.18571377649,0.503496503497,2.05382127221,0.551025219373,7,3.72727272727,2.05382127221,7,0,0,0,0,0.22962962963,11,11,11,1,0,0.0909090909091,0.636363636364,0.272727272727,11,20,0.181818181818,5.98500468604,3.63636363636,2,2.22222222222,1.62927758671,0.448051336344,0.231818181818,0.981649817214,0.539907399468,0.281818181818,1.60113596038,0.880624778211,0.454545454545,2.14021395047,0.357596035883,7.47422680412,5.98500468604,2.14021395047,7.47422680412,0.475714285714,0.35593220339,7,0.0424242424242,0.212592592593,11,11,11,1,0,0.0909090909091,0.727272727273,0.181818181818,0,0,2.94161625628,0,0,-0.277777777778,-0.0602624260023,-0.0165721671506,-0.0136363636364,-0.186098599028,-0.102354229466,-0.0545454545455,-0.338873411664,-0.186380376415,-0.0818181818182,1.08331517593,0.0103190454717,3.92877225867,2.94161625628,1.08331517593,3.92877225867,-0.0233333333333,-0.0440677966102,-1,-0.00606060606061,-0.042962962963,0,0.0909090909091,-0.0909090909091,18,2,2,88,0.9,0.977777777778,0.0222222222222,0.1,0.9,0.9,0.9,0.877777777778,0.877777777778,0.818181818182,7,7,0,0,0,0
1741,WLNM_dir_neg,0.80612244898,0.555936920223,00:00:00,10,40,44,1174695193,threshold_sweep,0.4,0.714285714286,0.714285714286,0.714285714286,5,2,2,12,0.714285714286,0.857142857143,0.142857142857,0.285714285714,0.714285714286,0.714285714286,0.714285714286,0.809523809524,0.555555555556,0.571428571429,0.571428571429,0.571428571429,20,13,7,0,20,0,13,0,7,11,20,0.181818181818,3.04338842975,3.63636363636,2,2.5,1.68954001271,0.464623503495,0.245454545455,1.16774841624,0.642261628933,0.336363636364,1.94000937205,1.06700515463,0.536363636364,1.05689877454,0.347276990411,3.54545454545,3.04338842975,1.05689877454,3.54545454545,0.499047619048,0.4,8,0.0484848484848,0.255555555556,11,11,11,1,0,0.0909090909091,0.636363636364,0.272727272727,11,0.118181818182,3.72727272727,2.36363636364,1.3,1.625,1.43336856898,0.6064251638,0.286713286713,0.603022689156,0.510249967747,0.237762237762,1.40129809949,1.18571377649,0.503496503497,2.05382127221,0.551025219373,7,3.72727272727,2.05382127221,7,0,0,0,0,0.22962962963,11,11,11,1,0,0.0909090909091,0.636363636364,0.272727272727,11,20,0.181818181818,5.98500468604,3.63636363636,2,2.22222222222,1.62927758671,0.448051336344,0.231818181818,0.981649817214,0.539907399468,0.281818181818,1.60113596038,0.880624778211,0.454545454545,2.14021395047,0.357596035883,7.47422680412,5.98500468604,2.14021395047,7.47422680412,0.475714285714,0.35593220339,7,0.0424242424242,0.212592592593,11,11,11,1,0,0.0909090909091,0.727272727273,0.181818181818,0,0,2.94161625628,0,0,-0.277777777778,-0.0602624260023,-0.0165721671506,-0.0136363636364,-0.186098599028,-0.102354229466,-0.0545454545455,-0.338873411664,-0.186380376415,-0.0818181818182,1.08331517593,0.0103190454717,3.92877225867,2.94161625628,1.08331517593,3.92877225867,-0.0233333333333,-0.0440677966102,-1,-0.00606060606061,-0.042962962963,0,0.0909090909091,-0.0909090909091,18,2,2,88,0.9,0.977777777778,0.0222222222222,0.1,0.9,0.9,0.9,0.877777777778,0.877777777778,0.818181818182,7,7,0,0,0,0
1742,WLNM_dir_neg,0.80612244898,0.555936920223,00:00:00,10,40,44,1174695193,threshold_sweep,0.5,0.714285714286,0.714285714286,0.714285714286,5,2,2,12,0.714285714286,0.857142857143,0.142857142857,0.285714285714,0.714285714286,0.714285714286,0.714285714286,0.809523809524,0.555555555556,0.571428571429,0.571428571429,0.571428571429,20,13,7,0,20,0,13,0,7,11,20,0.181818181818,3.04338842975,3.63636363636,2,2.5,1.68954001271,0.464623503495,0.245454545455,1.16774841624,0.642261628933,0.336363636364,1.94000937205,1.06700515463,0.536363636364,1.05689877454,0.347276990411,3.54545454545,3.04338842975,1.05689877454,3.54545454545,0.499047619048,0.4,8,0.0484848484848,0.255555555556,11,11,11,1,0,0.0909090909091,0.636363636364,0.272727272727,11,0.118181818182,3.72727272727,2.36363636364,1.3,1.625,1.43336856898,0.6064251638,0.286713286713,0.603022689156,0.510249967747,0.237762237762,1.40129809949,1.18571377649,0.503496503497,2.05382127221,0.551025219373,7,3.72727272727,2.05382127221,7,0,0,0,0,0.22962962963,11,11,11,1,0,0.0909090909091,0.636363636364,0.272727272727,11,20,0.181818181818,5.98500468604,3.63636363636,2,2.22222222222,1.62927758671,0.448051336344,0.231818181818,0.981649817214,0.539907399468,0.281818181818,1.60113596038,0.880624778211,0.454545454545,2.14021395047,0.357596035883,7.47422680412,5.98500468604,2.14021395047,7.47422680412,0.475714285714,0.35593220339,7,0.0424242424242,0.212592592593,11,11,11,1,0,0.0909090909091,0.727272727273,0.181818181818,0,0,2.94161625628,0,0,-0.277777777778,-0.0602624260023,-0.0165721671506,-0.0136363636364,-0.186098599028,-0.102354229466,-0.0545454545455,-0.338873411664,-0.186380376415,-0.0818181818182,1.08331517593,0.0103190454717,3.92877225867,2.94161625628,1.08331517593,3.92877225867,-0.0233333333333,-0.0440677966102,-1,-0.00606060606061,-0.042962962963,0,0.0909090909091,-0.0909090909091,18,2,2,88,0.9,0.977777777778,0.0222222222222,0.1,0.9,0.9,0.9,0.877777777778,0.877777777778,0.818181818182,7,7,0,0,0,0
1743,WLNM_dir_neg,0.80612244898,0.555936920223,00:00:00,10,40,44,1174695193,threshold_sweep,0.6,0.714285714286,0.714285714286,0.714285714286,5,2,2,12,0.714285714286,0.857142857143,0.142857142857,0.285714285714,0.714285714286,0.714285714286,0.714285714286,0.809523809524,0.555555555556,0.571428571429,0.571428571429,0.571428571429,20,13,7,0,20,0,13,0,7,11,20,0.181818181818,3.04338842975,3.63636363636,2,2.5,1.68954001271,0.464623503495,0.245454545455,1.16774841624,0.642261628933,0.336363636364,1.94000937205,1.06700515463,0.536363636364,1.05689877454,0.347276990411,3.54545454545,3.04338842975,1.05689877454,3.54545454545,0.499047619048,0.4,8,0.0484848484848,0.255555555556,11,11,11,1,0,0.0909090909091,0.636363636364,0.272727272727,11,0.118181818182,3.72727272727,2.36363636364,1.3,1.625,1.43336856898,0.6064251638,0.286713286713,0.603022689156,0.510249967747,0.237762237762,1.40129809949,1.18571377649,0.503496503497,2.05382127221,0.551025219373,7,3.72727272727,2.05382127221,7,0,0,0,0,0.22962962963,11,11,11,1,0,0.0909090909091,0.636363636364,0.272727272727,11,20,0.181818181818,5.98500468604,3.63636363636,2,2.22222222222,1.62927758671,0.448051336344,0.231818181818,0.981649817214,0.539907399468,0.281818181818,1.60113596038,0.880624778211,0.454545454545,2.14021395047,0.357596035883,7.47422680412,5.98500468604,2.14021395047,7.47422680412,0.475714285714,0.35593220339,7,0.0424242424242,0.212592592593,11,11,11,1,0,0.0909090909091,0.727272727273,0.181818181818,0,0,2.94161625628,0,0,-0.277777777778,-0.0602624260023,-0.0165721671506,-0.0136363636364,-0.186098599028,-0.102354229466,-0.0545454545455,-0.338873411664,-0.186380376415,-0.0818181818182,1.08331517593,0.0103190454717,3.92877225867,2.94161625628,1.08331517593,3.92877225867,-0.0233333333333,-0.0440677966102,-1,-0.00606060606061,-0.042962962963,0,0.0909090909091,-0.0909090909091,18,2,2,88,0.9,0.977777777778,0.0222222222222,0.1,0.9,0.9,0.9,0.877777777778,0.877777777778,0.818181818182,7,7,0,0,0,0
1744,WLNM_dir_neg,0.80612244898,0.555936920223,00:00:00,10,40,44,1174695193,threshold_sweep,0.7,0.714285714286,0.714285714286,0.714285714286,5,2,2,12,0.714285714286,0.857142857143,0.142857142857,0.285714285714,0.714285714286,0.714285714286,0.714285714286,0.809523809524,0.555555555556,0.571428571429,0.571428571429,0.571428571429,20,13,7,0,20,0,13,0,7,11,20,0.181818181818,3.04338842975,3.63636363636,2,2.5,1.68954001271,0.464623503495,0.245454545455,1.16774841624,0.642261628933,0.336363636364,1.94000937205,1.06700515463,0.536363636364,1.05689877454,0.347276990411,3.54545454545,3.04338842975,1.05689877454,3.54545454545,0.499047619048,0.4,8,0.0484848484848,0.255555555556,11,11,11,1,0,0.0909090909091,0.636363636364,0.272727272727,11,0.118181818182,3.72727272727,2.36363636364,1.3,1.625,1.43336856898,0.6064251638,0.286713286713,0.603022689156,0.510249967747,0.237762237762,1.40129809949,1.18571377649,0.503496503497,2.05382127221,0.551025219373,7,3.72727272727,2.05382127221,7,0,0,0,0,0.22962962963,11,11,11,1,0,0.0909090909091,0.636363636364,0.272727272727,11,20,0.181818181818,5.98500468604,3.63636363636,2,2.22222222222,1.62927758671,0.448051336344,0.231818181818,0.981649817214,0.539907399468,0.281818181818,1.60113596038,0.880624778211,0.454545454545,2.14021395047,0.357596035883,7.47422680412,5.98500468604,2.14021395047,7.47422680412,0.475714285714,0.35593220339,7,0.0424242424242,0.212592592593,11,11,11,1,0,0.0909090909091,0.727272727273,0.181818181818,0,0,2.94161625628,0,0,-0.277777777778,-0.0602624260023,-0.0165721671506,-0.0136363636364,-0.186098599028,-0.102354229466,-0.0545454545455,-0.338873411664,-0.186380376415,-0.0818181818182,1.08331517593,0.0103190454717,3.92877225867,2.94161625628,1.08331517593,3.92877225867,-0.0233333333333,-0.0440677966102,-1,-0.00606060606061,-0.042962962963,0,0.0909090909091,-0.0909090909091,18,2,2,88,0.9,0.977777777778,0.0222222222222,0.1,0.9,0.9,0.9,0.877777777778,0.877777777778,0.818181818182,7,7,0,0,0,0
1745,WLNM_dir_neg,0.80612244898,0.555936920223,00:00:00,10,40,44,1174695193,threshold_sweep,0.8,0.714285714286,0.714285714286,0.714285714286,5,2,2,12,0.714285714286,0.857142857143,0.142857142857,0.285714285714,0.714285714286,0.714285714286,0.714285714286,0.809523809524,0.555555555556,0.571428571429,0.571428571429,0.571428571429,20,13,7,0,20,0,13,0,7,11,20,0.181818181818,3.04338842975,3.63636363636,2,2.5,1.68954001271,0.464623503495,0.245454545455,1.16774841624,0.642261628933,0.336363636364,1.94000937205,1.06700515463,0.536363636364,1.05689877454,0.347276990411,3.54545454545,3.04338842975,1.05689877454,3.54545454545,0.499047619048,0.4,8,0.0484848484848,0.255555555556,11,11,11,1,0,0.0909090909091,0.636363636364,0.272727272727,11,0.118181818182,3.72727272727,2.36363636364,1.3,1.625,1.43336856898,0.6064251638,0.286713286713,0.603022689156,0.510249967747,0.237762237762,1.40129809949,1.18571377649,0.503496503497,2.05382127221,0.551025219373,7,3.72727272727,2.05382127221,7,0,0,0,0,0.22962962963,11,11,11,1,0,0.0909090909091,0.636363636364,0.272727272727,11,20,0.181818181818,5.98500468604,3.63636363636,2,2.22222222222,1.62927758671,0.448051336344,0.231818181818,0.981649817214,0.539907399468,0.281818181818,1.60113596038,0.880624778211,0.454545454545,2.14021395047,0.357596035883,7.47422680412,5.98500468604,2.14021395047,7.47422680412,0.475714285714,0.35593220339,7,0.0424242424242,0.212592592593,11,11,11,1,0,0.0909090909091,0.727272727273,0.181818181818,0,0,2.94161625628,0,0,-0.277777777778,-0.0602624260023,-0.0165721671506,-0.0136363636364,-0.186098599028,-0.102354229466,-0.0545454545455,-0.338873411664,-0.186380376415,-0.0818181818182,1.08331517593,0.0103190454717,3.92877225867,2.94161625628,1.08331517593,3.92877225867,-0.0233333333333,-0.0440677966102,-1,-0.00606060606061,-0.042962962963,0,0.0909090909091,-0.0909090909091,18,2,2,88,0.9,0.977777777778,0.0222222222222,0.1,0.9,0.9,0.9,0.877777777778,0.877777777778,0.818181818182,7,7,0,0,0,0
1746,WLNM_dir_neg,0.80612244898,0.555936920223,00:00:00,10,40,44,1174695193,threshold_sweep,0.9,0.8,0.571428571429,0.666666666667,4,1,3,13,0.571428571429,0.928571428571,0.0714285714286,0.428571428571,0.8,0.571428571429,0.666666666667,0.809523809524,0.587301587302,0.538461538462,0.553398590529,0.5,20,13,7,0,20,0,13,0,7,11,20,0.181818181818,3.04338842975,3.63636363636,2,2.5,1.68954001271,0.464623503495,0.245454545455,1.16774841624,0.642261628933,0.336363636364,1.94000937205,1.06700515463,0.536363636364,1.05689877454,0.347276990411,3.54545454545,3.04338842975,1.05689877454,3.54545454545,0.499047619048,0.4,8,0.0484848484848,0.255555555556,11,11,11,1,0,0.0909090909091,0.636363636364,0.272727272727,11,0.118181818182,3.72727272727,2.36363636364,1.3,1.625,1.43336856898,0.6064251638,0.286713286713,0.603022689156,0.510249967747,0.237762237762,1.40129809949,1.18571377649,0.503496503497,2.05382127221,0.551025219373,7,3.72727272727,2.05382127221,7,0,0,0,0,0.22962962963,11,11,11,1,0,0.0909090909091,0.636363636364,0.272727272727,11,18,0.163636363636,6.34090909091,3.27272727273,1.8,2.25,1.67874411933,0.512949592017,0.262626262626,0.809039834956,0.494413232473,0.242424242424,1.68954001271,1.03249667443,0.525252525253,2.31913973079,0.365742466504,8,6.34090909091,2.31913973079,8,0.410952380952,0.30612244898,5,0.030303030303,0.214814814815,11,11,11,1,0,0.0909090909091,0.636363636364,0.272727272727,-2,-0.0181818181818,3.29752066116,-0.363636363636,-0.2,-0.25,-0.0107958933802,0.0483260885222,0.0171717171717,-0.358708581286,-0.14784839646,-0.0939393939394,-0.250469359339,-0.0345084801933,-0.0111111111111,1.26224095625,0.0184654760925,4.45454545455,3.29752066116,1.26224095625,4.45454545455,-0.0880952380952,-0.0938775510204,-3,-0.0181818181818,-0.0407407407407,0,0,0,17,1,3,89,0.85,0.988888888889,0.0111111111111,0.15,0.944444444444,0.85,0.894736842105,0.874602125628,0.838888888889,0.809523809524,5,7,0,0,0,0
1747,WLNM_dir_neg,0.84693877551,0.698103087389,00:00:00,10,40,45,1174695194,threshold_sweep,0.1,0.833333333333,0.714285714286,0.769230769231,5,1,2,13,0.714285714286,0.928571428571,0.0714285714286,0.285714285714,0.833333333333,0.714285714286,0.769230769231,0.857142857143,0.571428571429,0.666666666667,0.67082039325,0.642857142857,20,13,7,0,20,0,13,0,7,11,20,0.181818181818,3.04338842975,3.63636363636,2,2.5,1.68954001271,0.464623503495,0.245454545455,1.16774841624,0.642261628933,0.336363636364,1.94000937205,1.06700515463,0.536363636364,1.05689877454,0.347276990411,3.54545454545,3.04338842975,1.05689877454,3.54545454545,0.499047619048,0.4,8,0.0484848484848,0.255555555556,11,11,11,1,0,0.0909090909091,0.636363636364,0.272727272727,11,0.118181818182,3.72727272727,2.36363636364,1.3,1.625,1.43336856898,0.6064251638,0.286713286713,0.603022689156,0.510249967747,0.237762237762,1.40129809949,1.18571377649,0.503496503497,2.05382127221,0.551025219373,7,3.72727272727,2.05382127221,7,0,0,0,0,0.22962962963,11,11,11,1,0,0.0909090909091,0.636363636364,0.272727272727,11,19,0.172727272727,3.17803030303,3.45454545455,1.9,2.375,1.43969693781,0.416754376733,0.215311004785,1.00904995822,0.584186817916,0.306220095694,1.67874411933,0.971904490138,0.507177033493,1.20143012424,0.378042375208,3.875,3.17803030303,1.20143012424,3.875,0.393333333333,0.3,5,0.030303030303,0.223703703704,11,11,11,1,0,0.0909090909091,0.636363636364,0.272727272727,-1,-0.00909090909091,0.134641873278,-0.181818181818,-0.1,-0.125,-0.249843074903,-0.0478691267618,-0.0301435406699,-0.158698458023,-0.058074811017,-0.0301435406699,-0.26126525272,-0.0951006644889,-0.0291866028708,0.144531349704,0.0307653847969,0.329545454545,0.134641873278,0.144531349704,0.329545454545,-0.105714285714,-0.1,-3,-0.0181818181818,-0.0318518518519,0,0,0,18,1,2,89,0.9,0.988888888889,0.0111111111111,0.1,0.947368421053,0.9,0.923076923077,0.906956031802,0.888888888889,0.857142857143,6,7,0,0,0,0
1748,WLNM_dir_neg,0.84693877551,0.698103087389,00:00:00,10,40,45,1174695194,threshold_sweep,0.2,0.833333333333,0.714285714286,0.769230769231,5,1,2,13,0.714285714286,0.928571428571,0.0714285714286,0.285714285714,0.833333333333,0.714285714286,0.769230769231,0.857142857143,0.571428571429,0.666666666667,0.67082039325,0.642857142857,20,13,7,0,20,0,13,0,7,11,20,0.181818181818,3.04338842975,3.63636363636,2,2.5,1.68954001271,0.464623503495,0.245454545455,1.16774841624,0.642261628933,0.336363636364,1.94000937205,1.06700515463,0.536363636364,1.05689877454,0.347276990411,3.54545454545,3.04338842975,1.05689877454,3.54545454545,0.499047619048,0.4,8,0.0484848484848,0.255555555556,11,11,11,1,0,0.0909090909091,0.636363636364,0.272727272727,11,0.118181818182,3.72727272727,2.36363636364,1.3,1.625,1.43336856898,0.6064251638,0.286713286713,0.603022689156,0.510249967747,0.237762237762,1.40129809949,1.18571377649,0.503496503497,2.05382127221,0.551025219373,7,3.72727272727,2.05382127221,7,0,0,0,0,0.22962962963,11,11,11,1,0,0.0909090909091,0.636363636364,0.272727272727,11,19,0.172727272727,3.17803030303,3.45454545455,1.9,2.375,1.43969693781,0.416754376733,0.215311004785,1.00904995822,0.584186817916,0.306220095694,1.67874411933,0.971904490138,0.507177033493,1.20143012424,0.378042375208,3.875,3.17803030303,1.20143012424,3.875,0.393333333333,0.3,5,0.030303030303,0.223703703704,11,11,11,1,0,0.0909090909091,0.636363636364,0.272727272727,-1,-0.00909090909091,0.134641873278,-0.181818181818,-0.1,-0.125,-0.249843074903,-0.0478691267618,-0.0301435406699,-0.158698458023,-0.058074811017,-0.0301435406699,-0.26126525272,-0.0951006644889,-0.0291866028708,0.144531349704,0.0307653847969,0.329545454545,0.134641873278,0.144531349704,0.329545454545,-0.105714285714,-0.1,-3,-0.0181818181818,-0.0318518518519,0,0,0,18,1,2,89,0.9,0.988888888889,0.0111111111111,0.1,0.947368421053,0.9,0.923076923077,0.906956031802,0.888888888889,0.857142857143,6,7,0,0,0,0
1749,WLNM_dir_neg,0.84693877551,0.698103087389,00:00:00,10,40,45,1174695194,threshold_sweep,0.3,0.833333333333,0.714285714286,0.769230769231,5,1,2,13,0.714285714286,0.928571428571,0.0714285714286,0.285714285714,0.833333333333,0.714285714286,0.769230769231,0.857142857143,0.571428571429,0.666666666667,0.67082039325,0.642857142857,20,13,7,0,20,0,13,0,7,11,20,0.181818181818,3.04338842975,3.63636363636,2,2.5,1.68954001271,0.464623503495,0.245454545455,1.16774841624,0.642261628933,0.336363636364,1.94000937205,1.06700515463,0.536363636364,1.05689877454,0.347276990411,3.54545454545,3.04338842975,1.05689877454,3.54545454545,0.499047619048,0.4,8,0.0484848484848,0.255555555556,11,11,11,1,0,0.0909090909091,0.636363636364,0.272727272727,11,0.118181818182,3.72727272727,2.36363636364,1.3,1.625,1.43336856898,0.6064251638,0.286713286713,0.603022689156,0.510249967747,0.237762237762,1.40129809949,1.18571377649,0.503496503497,2.05382127221,0.551025219373,7,3.72727272727,2.05382127221,7,0,0,0,0,0.22962962963,11,11,11,1,0,0.0909090909091,0.636363636364,0.272727272727,11,19,0.172727272727,3.17803030303,3.45454545455,1.9,2.375,1.43969693781,0.416754376733,0.215311004785,1.00904995822,0.584186817916,0.306220095694,1.67874411933,0.971904490138,0.507177033493,1.20143012424,0.378042375208,3.875,3.17803030303,1.20143012424,3.875,0.393333333333,0.3,5,0.030303030303,0.223703703704,11,11,11,1,0,0.0909090909091,0.636363636364,0.272727272727,-1,-0.00909090909091,0.134641873278,-0.181818181818,-0.1,-0.125,-0.249843074903,-0.0478691267618,-0.0301435406699,-0.158698458023,-0.058074811017,-0.0301435406699,-0.26126525272,-0.0951006644889,-0.0291866028708,0.144531349704,0.0307653847969,0.329545454545,0.134641873278,0.144531349704,0.329545454545,-0.105714285714,-0.1,-3,-0.0181818181818,-0.0318518518519,0,0,0,18,1,2,89,0.9,0.988888888889,0.0111111111111,0.1,0.947368421053,0.9,0.923076923077,0.906956031802,0.888888888889,0.857142857143,6,7,0,0,0,0
1750,WLNM_dir_neg,0.84693877551,0.698103087389,00:00:00,10,40,45,1174695194,threshold_sweep,0.4,0.833333333333,0.714285714286,0.769230769231,5,1,2,13,0.714285714286,0.928571428571,0.0714285714286,0.285714285714,0.833333333333,0.714285714286,0.769230769231,0.857142857143,0.571428571429,0.666666666667,0.67082039325,0.642857142857,20,13,7,0,20,0,13,0,7,11,20,0.181818181818,3.04338842975,3.63636363636,2,2.5,1.68954001271,0.464623503495,0.245454545455,1.16774841624,0.642261628933,0.336363636364,1.94000937205,1.06700515463,0.536363636364,1.05689877454,0.347276990411,3.54545454545,3.04338842975,1.05689877454,3.54545454545,0.499047619048,0.4,8,0.0484848484848,0.255555555556,11,11,11,1,0,0.0909090909091,0.636363636364,0.272727272727,11,0.118181818182,3.72727272727,2.36363636364,1.3,1.625,1.43336856898,0.6064251638,0.286713286713,0.603022689156,0.510249967747,0.237762237762,1.40129809949,1.18571377649,0.503496503497,2.05382127221,0.551025219373,7,3.72727272727,2.05382127221,7,0,0,0,0,0.22962962963,11,11,11,1,0,0.0909090909091,0.636363636364,0.272727272727,11,19,0.172727272727,3.17803030303,3.45454545455,1.9,2.375,1.43969693781,0.416754376733,0.215311004785,1.00904995822,0.584186817916,0.306220095694,1.67874411933,0.971904490138,0.507177033493,1.20143012424,0.378042375208,3.875,3.17803030303,1.20143012424,3.875,0.393333333333,0.3,5,0.030303030303,0.223703703704,11,11,11,1,0,0.0909090909091,0.636363636364,0.272727272727,-1,-0.00909090909091,0.134641873278,-0.181818181818,-0.1,-0.125,-0.249843074903,-0.0478691267618,-0.0301435406699,-0.158698458023,-0.058074811017,-0.0301435406699,-0.26126525272,-0.0951006644889,-0.0291866028708,0.144531349704,0.0307653847969,0.329545454545,0.134641873278,0.144531349704,0.329545454545,-0.105714285714,-0.1,-3,-0.0181818181818,-0.0318518518519,0,0,0,18,1,2,89,0.9,0.988888888889,0.0111111111111,0.1,0.947368421053,0.9,0.923076923077,0.906956031802,0.888888888889,0.857142857143,6,7,0,0,0,0
1751,WLNM_dir_neg,0.84693877551,0.698103087389,00:00:00,10,40,45,1174695194,threshold_sweep,0.5,0.833333333333,0.714285714286,0.769230769231,5,1,2,13,0.714285714286,0.928571428571,0.0714285714286,0.285714285714,0.833333333333,0.714285714286,0.769230769231,0.857142857143,0.571428571429,0.666666666667,0.67082039325,0.642857142857,20,13,7,0,20,0,13,0,7,11,20,0.181818181818,3.04338842975,3.63636363636,2,2.5,1.68954001271,0.464623503495,0.245454545455,1.16774841624,0.642261628933,0.336363636364,1.94000937205,1.06700515463,0.536363636364,1.05689877454,0.347276990411,3.54545454545,3.04338842975,1.05689877454,3.54545454545,0.499047619048,0.4,8,0.0484848484848,0.255555555556,11,11,11,1,0,0.0909090909091,0.636363636364,0.272727272727,11,0.118181818182,3.72727272727,2.36363636364,1.3,1.625,1.43336856898,0.6064251638,0.286713286713,0.603022689156,0.510249967747,0.237762237762,1.40129809949,1.18571377649,0.503496503497,2.05382127221,0.551025219373,7,3.72727272727,2.05382127221,7,0,0,0,0,0.22962962963,11,11,11,1,0,0.0909090909091,0.636363636364,0.272727272727,11,19,0.172727272727,3.17803030303,3.45454545455,1.9,2.375,1.43969693781,0.416754376733,0.215311004785,1.00904995822,0.584186817916,0.306220095694,1.67874411933,0.971904490138,0.507177033493,1.20143012424,0.378042375208,3.875,3.17803030303,1.20143012424,3.875,0.393333333333,0.3,5,0.030303030303,0.223703703704,11,11,11,1,0,0.0909090909091,0.636363636364,0.272727272727,-1,-0.00909090909091,0.134641873278,-0.181818181818,-0.1,-0.125,-0.249843074903,-0.0478691267618,-0.0301435406699,-0.158698458023,-0.058074811017,-0.0301435406699,-0.26126525272,-0.0951006644889,-0.0291866028708,0.144531349704,0.0307653847969,0.329545454545,0.134641873278,0.144531349704,0.329545454545,-0.105714285714,-0.1,-3,-0.0181818181818,-0.0318518518519,0,0,0,18,1,2,89,0.9,0.988888888889,0.0111111111111,0.1,0.947368421053,0.9,0.923076923077,0.906956031802,0.888888888889,0.857142857143,6,7,0,0,0,0
1752,WLNM_dir_neg,0.84693877551,0.698103087389,00:00:00,10,40,45,1174695194,threshold_sweep,0.6,0.833333333333,0.714285714286,0.769230769231,5,1,2,13,0.714285714286,0.928571428571,0.0714285714286,0.285714285714,0.833333333333,0.714285714286,0.769230769231,0.857142857143,0.571428571429,0.666666666667,0.67082039325,0.642857142857,20,13,7,0,20,0,13,0,7,11,20,0.181818181818,3.04338842975,3.63636363636,2,2.5,1.68954001271,0.464623503495,0.245454545455,1.16774841624,0.642261628933,0.336363636364,1.94000937205,1.06700515463,0.536363636364,1.05689877454,0.347276990411,3.54545454545,3.04338842975,1.05689877454,3.54545454545,0.499047619048,0.4,8,0.0484848484848,0.255555555556,11,11,11,1,0,0.0909090909091,0.636363636364,0.272727272727,11,0.118181818182,3.72727272727,2.36363636364,1.3,1.625,1.43336856898,0.6064251638,0.286713286713,0.603022689156,0.510249967747,0.237762237762,1.40129809949,1.18571377649,0.503496503497,2.05382127221,0.551025219373,7,3.72727272727,2.05382127221,7,0,0,0,0,0.22962962963,11,11,11,1,0,0.0909090909091,0.636363636364,0.272727272727,11,19,0.172727272727,3.17803030303,3.45454545455,1.9,2.375,1.43969693781,0.416754376733,0.215311004785,1.00904995822,0.584186817916,0.306220095694,1.67874411933,0.971904490138,0.507177033493,1.20143012424,0.378042375208,3.875,3.17803030303,1.20143012424,3.875,0.393333333333,0.3,5,0.030303030303,0.223703703704,11,11,11,1,0,0.0909090909091,0.636363636364,0.272727272727,-1,-0.00909090909091,0.134641873278,-0.181818181818,-0.1,-0.125,-0.249843074903,-0.0478691267618,-0.0301435406699,-0.158698458023,-0.058074811017,-0.0301435406699,-0.26126525272,-0.0951006644889,-0.0291866028708,0.144531349704,0.0307653847969,0.329545454545,0.134641873278,0.144531349704,0.329545454545,-0.105714285714,-0.1,-3,-0.0181818181818,-0.0318518518519,0,0,0,18,1,2,89,0.9,0.988888888889,0.0111111111111,0.1,0.947368421053,0.9,0.923076923077,0.906956031802,0.888888888889,0.857142857143,6,7,0,0,0,0
1753,WLNM_dir_neg,0.84693877551,0.698103087389,00:00:00,10,40,45,1174695194,threshold_sweep,0.7,0.833333333333,0.714285714286,0.769230769231,5,1,2,13,0.714285714286,0.928571428571,0.0714285714286,0.285714285714,0.833333333333,0.714285714286,0.769230769231,0.857142857143,0.571428571429,0.666666666667,0.67082039325,0.642857142857,20,13,7,0,20,0,13,0,7,11,20,0.181818181818,3.04338842975,3.63636363636,2,2.5,1.68954001271,0.464623503495,0.245454545455,1.16774841624,0.642261628933,0.336363636364,1.94000937205,1.06700515463,0.536363636364,1.05689877454,0.347276990411,3.54545454545,3.04338842975,1.05689877454,3.54545454545,0.499047619048,0.4,8,0.0484848484848,0.255555555556,11,11,11,1,0,0.0909090909091,0.636363636364,0.272727272727,11,0.118181818182,3.72727272727,2.36363636364,1.3,1.625,1.43336856898,0.6064251638,0.286713286713,0.603022689156,0.510249967747,0.237762237762,1.40129809949,1.18571377649,0.503496503497,2.05382127221,0.551025219373,7,3.72727272727,2.05382127221,7,0,0,0,0,0.22962962963,11,11,11,1,0,0.0909090909091,0.636363636364,0.272727272727,11,19,0.172727272727,3.17803030303,3.45454545455,1.9,2.375,1.43969693781,0.416754376733,0.215311004785,1.00904995822,0.584186817916,0.306220095694,1.67874411933,0.971904490138,0.507177033493,1.20143012424,0.378042375208,3.875,3.17803030303,1.20143012424,3.875,0.393333333333,0.3,5,0.030303030303,0.223703703704,11,11,11,1,0,0.0909090909091,0.636363636364,0.272727272727,-1,-0.00909090909091,0.134641873278,-0.181818181818,-0.1,-0.125,-0.249843074903,-0.0478691267618,-0.0301435406699,-0.158698458023,-0.058074811017,-0.0301435406699,-0.26126525272,-0.0951006644889,-0.0291866028708,0.144531349704,0.0307653847969,0.329545454545,0.134641873278,0.144531349704,0.329545454545,-0.105714285714,-0.1,-3,-0.0181818181818,-0.0318518518519,0,0,0,18,1,2,89,0.9,0.988888888889,0.0111111111111,0.1,0.947368421053,0.9,0.923076923077,0.906956031802,0.888888888889,0.857142857143,6,7,0,0,0,0
1754,WLNM_dir_neg,0.84693877551,0.698103087389,00:00:00,10,40,45,1174695194,threshold_sweep,0.8,0.833333333333,0.714285714286,0.769230769231,5,1,2,13,0.714285714286,0.928571428571,0.0714285714286,0.285714285714,0.833333333333,0.714285714286,0.769230769231,0.857142857143,0.571428571429,0.666666666667,0.67082039325,0.642857142857,20,13,7,0,20,0,13,0,7,11,20,0.181818181818,3.04338842975,3.63636363636,2,2.5,1.68954001271,0.464623503495,0.245454545455,1.16774841624,0.642261628933,0.336363636364,1.94000937205,1.06700515463,0.536363636364,1.05689877454,0.347276990411,3.54545454545,3.04338842975,1.05689877454,3.54545454545,0.499047619048,0.4,8,0.0484848484848,0.255555555556,11,11,11,1,0,0.0909090909091,0.636363636364,0.272727272727,11,0.118181818182,3.72727272727,2.36363636364,1.3,1.625,1.43336856898,0.6064251638,0.286713286713,0.603022689156,0.510249967747,0.237762237762,1.40129809949,1.18571377649,0.503496503497,2.05382127221,0.551025219373,7,3.72727272727,2.05382127221,7,0,0,0,0,0.22962962963,11,11,11,1,0,0.0909090909091,0.636363636364,0.272727272727,11,19,0.172727272727,3.17803030303,3.45454545455,1.9,2.375,1.43969693781,0.416754376733,0.215311004785,1.00904995822,0.584186817916,0.306220095694,1.67874411933,0.971904490138,0.507177033493,1.20143012424,0.378042375208,3.875,3.17803030303,1.20143012424,3.875,0.393333333333,0.3,5,0.030303030303,0.223703703704,11,11,11,1,0,0.0909090909091,0.636363636364,0.272727272727,-1,-0.00909090909091,0.134641873278,-0.181818181818,-0.1,-0.125,-0.249843074903,-0.0478691267618,-0.0301435406699,-0.158698458023,-0.058074811017,-0.0301435406699,-0.26126525272,-0.0951006644889,-0.0291866028708,0.144531349704,0.0307653847969,0.329545454545,0.134641873278,0.144531349704,0.329545454545,-0.105714285714,-0.1,-3,-0.0181818181818,-0.0318518518519,0,0,0,18,1,2,89,0.9,0.988888888889,0.0111111111111,0.1,0.947368421053,0.9,0.923076923077,0.906956031802,0.888888888889,0.857142857143,6,7,0,0,0,0
1755,WLNM_dir_neg,0.84693877551,0.698103087389,00:00:00,10,40,45,1174695194,threshold_sweep,0.9,1,0.714285714286,0.833333333333,5,0,2,14,0.714285714286,1,0,0.285714285714,1,0.714285714286,0.833333333333,0.904761904762,0.587301587302,0.769230769231,0.790569415042,0.714285714286,20,13,7,0,20,0,13,0,7,11,20,0.181818181818,3.04338842975,3.63636363636,2,2.5,1.68954001271,0.464623503495,0.245454545455,1.16774841624,0.642261628933,0.336363636364,1.94000937205,1.06700515463,0.536363636364,1.05689877454,0.347276990411,3.54545454545,3.04338842975,1.05689877454,3.54545454545,0.499047619048,0.4,8,0.0484848484848,0.255555555556,11,11,11,1,0,0.0909090909091,0.636363636364,0.272727272727,11,0.118181818182,3.72727272727,2.36363636364,1.3,1.625,1.43336856898,0.6064251638,0.286713286713,0.603022689156,0.510249967747,0.237762237762,1.40129809949,1.18571377649,0.503496503497,2.05382127221,0.551025219373,7,3.72727272727,2.05382127221,7,0,0,0,0,0.22962962963,11,11,11,1,0,0.0909090909091,0.636363636364,0.272727272727,11,18,0.163636363636,3.11363636364,3.27272727273,1.8,2.25,1.42062726223,0.434080552347,0.227272727273,0.924416277737,0.564921058617,0.292929292929,1.68954001271,1.03249667443,0.525252525253,1.14353419474,0.367266456706,3.875,3.11363636364,1.14353419474,3.875,0.366666666667,0.266666666667,4,0.0242424242424,0.221111111111,11,11,11,1,0,0.0909090909091,0.636363636364,0.272727272727,-2,-0.0181818181818,0.0702479338843,-0.363636363636,-0.2,-0.25,-0.268912750482,-0.030542951148,-0.0181818181818,-0.243332138505,-0.0773405703161,-0.0434343434343,-0.250469359339,-0.0345084801933,-0.0111111111111,0.0866354202056,0.0199894662943,0.329545454545,0.0702479338843,0.0866354202056,0.329545454545,-0.132380952381,-0.133333333333,-4,-0.0242424242424,-0.0344444444444,0,0,0,18,0,2,90,0.9,1,0,0.1,1,0.9,0.947368421053,0.938314863257,0.9,0.9,5,7,0,0,0,0
1756,WLNM_dir_neg,0.84693877551,0.508858998145,00:00:00,10,40,46,1174695195,threshold_sweep,0.1,0.833333333333,0.714285714286,0.769230769231,5,1,2,13,0.714285714286,0.928571428571,0.0714285714286,0.285714285714,0.833333333333,0.714285714286,0.769230769231,0.857142857143,0.571428571429,0.666666666667,0.67082039325,0.642857142857,20,13,7,0,20,0,13,0,7,11,20,0.181818181818,3.04338842975,3.63636363636,2,2.5,1.68954001271,0.464623503495,0.245454545455,1.16774841624,0.642261628933,0.336363636364,1.94000937205,1.06700515463,0.536363636364,1.05689877454,0.347276990411,3.54545454545,3.04338842975,1.05689877454,3.54545454545,0.499047619048,0.4,8,0.0484848484848,0.255555555556,11,11,11,1,0,0.0909090909091,0.636363636364,0.272727272727,11,0.118181818182,3.72727272727,2.36363636364,1.3,1.625,1.43336856898,0.6064251638,0.286713286713,0.603022689156,0.510249967747,0.237762237762,1.40129809949,1.18571377649,0.503496503497,2.05382127221,0.551025219373,7,3.72727272727,2.05382127221,7,0,0,0,0,0.22962962963,11,11,11,1,0,0.0909090909091,0.636363636364,0.272727272727,11,19,0.172727272727,3.17045454545,3.45454545455,1.9,2.375,1.43969693781,0.416754376733,0.215311004785,1.00904995822,0.584186817916,0.306220095694,1.67874411933,0.971904490138,0.507177033493,1.19278131807,0.376217763404,3.875,3.17045454545,1.19278131807,3.875,0.41,0.3,5,0.030303030303,0.223703703704,11,11,11,1,0,0.0909090909091,0.636363636364,0.272727272727,-1,-0.00909090909091,0.127066115702,-0.181818181818,-0.1,-0.125,-0.249843074903,-0.0478691267618,-0.0301435406699,-0.158698458023,-0.058074811017,-0.0301435406699,-0.26126525272,-0.0951006644889,-0.0291866028708,0.135882543529,0.028940772993,0.329545454545,0.127066115702,0.135882543529,0.329545454545,-0.0890476190476,-0.1,-3,-0.0181818181818,-0.0318518518519,0,0,0,18,1,2,89,0.9,0.988888888889,0.0111111111111,0.1,0.947368421053,0.9,0.923076923077,0.906956031802,0.888888888889,0.857142857143,6,7,0,0,0,0
1757,WLNM_dir_neg,0.84693877551,0.508858998145,00:00:00,10,40,46,1174695195,threshold_sweep,0.2,0.833333333333,0.714285714286,0.769230769231,5,1,2,13,0.714285714286,0.928571428571,0.0714285714286,0.285714285714,0.833333333333,0.714285714286,0.769230769231,0.857142857143,0.571428571429,0.666666666667,0.67082039325,0.642857142857,20,13,7,0,20,0,13,0,7,11,20,0.181818181818,3.04338842975,3.63636363636,2,2.5,1.68954001271,0.464623503495,0.245454545455,1.16774841624,0.642261628933,0.336363636364,1.94000937205,1.06700515463,0.536363636364,1.05689877454,0.347276990411,3.54545454545,3.04338842975,1.05689877454,3.54545454545,0.499047619048,0.4,8,0.0484848484848,0.255555555556,11,11,11,1,0,0.0909090909091,0.636363636364,0.272727272727,11,0.118181818182,3.72727272727,2.36363636364,1.3,1.625,1.43336856898,0.6064251638,0.286713286713,0.603022689156,0.510249967747,0.237762237762,1.40129809949,1.18571377649,0.503496503497,2.05382127221,0.551025219373,7,3.72727272727,2.05382127221,7,0,0,0,0,0.22962962963,11,11,11,1,0,0.0909090909091,0.636363636364,0.272727272727,11,19,0.172727272727,3.17045454545,3.45454545455,1.9,2.375,1.43969693781,0.416754376733,0.215311004785,1.00904995822,0.584186817916,0.306220095694,1.67874411933,0.971904490138,0.507177033493,1.19278131807,0.376217763404,3.875,3.17045454545,1.19278131807,3.875,0.41,0.3,5,0.030303030303,0.223703703704,11,11,11,1,0,0.0909090909091,0.636363636364,0.272727272727,-1,-0.00909090909091,0.127066115702,-0.181818181818,-0.1,-0.125,-0.249843074903,-0.0478691267618,-0.0301435406699,-0.158698458023,-0.058074811017,-0.0301435406699,-0.26126525272,-0.0951006644889,-0.0291866028708,0.135882543529,0.028940772993,0.329545454545,0.127066115702,0.135882543529,0.329545454545,-0.0890476190476,-0.1,-3,-0.0181818181818,-0.0318518518519,0,0,0,18,1,2,89,0.9,0.988888888889,0.0111111111111,0.1,0.947368421053,0.9,0.923076923077,0.906956031802,0.888888888889,0.857142857143,6,7,0,0,0,0
1758,WLNM_dir_neg,0.84693877551,0.508858998145,00:00:00,10,40,46,1174695195,threshold_sweep,0.3,0.833333333333,0.714285714286,0.769230769231,5,1,2,13,0.714285714286,0.928571428571,0.0714285714286,0.285714285714,0.833333333333,0.714285714286,0.769230769231,0.857142857143,0.571428571429,0.666666666667,0.67082039325,0.642857142857,20,13,7,0,20,0,13,0,7,11,20,0.181818181818,3.04338842975,3.63636363636,2,2.5,1.68954001271,0.464623503495,0.245454545455,1.16774841624,0.642261628933,0.336363636364,1.94000937205,1.06700515463,0.536363636364,1.05689877454,0.347276990411,3.54545454545,3.04338842975,1.05689877454,3.54545454545,0.499047619048,0.4,8,0.0484848484848,0.255555555556,11,11,11,1,0,0.0909090909091,0.636363636364,0.272727272727,11,0.118181818182,3.72727272727,2.36363636364,1.3,1.625,1.43336856898,0.6064251638,0.286713286713,0.603022689156,0.510249967747,0.237762237762,1.40129809949,1.18571377649,0.503496503497,2.05382127221,0.551025219373,7,3.72727272727,2.05382127221,7,0,0,0,0,0.22962962963,11,11,11,1,0,0.0909090909091,0.636363636364,0.272727272727,11,19,0.172727272727,3.17045454545,3.45454545455,1.9,2.375,1.43969693781,0.416754376733,0.215311004785,1.00904995822,0.584186817916,0.306220095694,1.67874411933,0.971904490138,0.507177033493,1.19278131807,0.376217763404,3.875,3.17045454545,1.19278131807,3.875,0.41,0.3,5,0.030303030303,0.223703703704,11,11,11,1,0,0.0909090909091,0.636363636364,0.272727272727,-1,-0.00909090909091,0.127066115702,-0.181818181818,-0.1,-0.125,-0.249843074903,-0.0478691267618,-0.0301435406699,-0.158698458023,-0.058074811017,-0.0301435406699,-0.26126525272,-0.0951006644889,-0.0291866028708,0.135882543529,0.028940772993,0.329545454545,0.127066115702,0.135882543529,0.329545454545,-0.0890476190476,-0.1,-3,-0.0181818181818,-0.0318518518519,0,0,0,18,1,2,89,0.9,0.988888888889,0.0111111111111,0.1,0.947368421053,0.9,0.923076923077,0.906956031802,0.888888888889,0.857142857143,6,7,0,0,0,0
1759,WLNM_dir_neg,0.84693877551,0.508858998145,00:00:00,10,40,46,1174695195,threshold_sweep,0.4,0.833333333333,0.714285714286,0.769230769231,5,1,2,13,0.714285714286,0.928571428571,0.0714285714286,0.285714285714,0.833333333333,0.714285714286,0.769230769231,0.857142857143,0.571428571429,0.666666666667,0.67082039325,0.642857142857,20,13,7,0,20,0,13,0,7,11,20,0.181818181818,3.04338842975,3.63636363636,2,2.5,1.68954001271,0.464623503495,0.245454545455,1.16774841624,0.642261628933,0.336363636364,1.94000937205,1.06700515463,0.536363636364,1.05689877454,0.347276990411,3.54545454545,3.04338842975,1.05689877454,3.54545454545,0.499047619048,0.4,8,0.0484848484848,0.255555555556,11,11,11,1,0,0.0909090909091,0.636363636364,0.272727272727,11,0.118181818182,3.72727272727,2.36363636364,1.3,1.625,1.43336856898,0.6064251638,0.286713286713,0.603022689156,0.510249967747,0.237762237762,1.40129809949,1.18571377649,0.503496503497,2.05382127221,0.551025219373,7,3.72727272727,2.05382127221,7,0,0,0,0,0.22962962963,11,11,11,1,0,0.0909090909091,0.636363636364,0.272727272727,11,19,0.172727272727,3.17045454545,3.45454545455,1.9,2.375,1.43969693781,0.416754376733,0.215311004785,1.00904995822,0.584186817916,0.306220095694,1.67874411933,0.971904490138,0.507177033493,1.19278131807,0.376217763404,3.875,3.17045454545,1.19278131807,3.875,0.41,0.3,5,0.030303030303,0.223703703704,11,11,11,1,0,0.0909090909091,0.636363636364,0.272727272727,-1,-0.00909090909091,0.127066115702,-0.181818181818,-0.1,-0.125,-0.249843074903,-0.0478691267618,-0.0301435406699,-0.158698458023,-0.058074811017,-0.0301435406699,-0.26126525272,-0.0951006644889,-0.0291866028708,0.135882543529,0.028940772993,0.329545454545,0.127066115702,0.135882543529,0.329545454545,-0.0890476190476,-0.1,-3,-0.0181818181818,-0.0318518518519,0,0,0,18,1,2,89,0.9,0.988888888889,0.0111111111111,0.1,0.947368421053,0.9,0.923076923077,0.906956031802,0.888888888889,0.857142857143,6,7,0,0,0,0
1760,WLNM_dir_neg,0.84693877551,0.508858998145,00:00:00,10,40,46,1174695195,threshold_sweep,0.5,0.833333333333,0.714285714286,0.769230769231,5,1,2,13,0.714285714286,0.928571428571,0.0714285714286,0.285714285714,0.833333333333,0.714285714286,0.769230769231,0.857142857143,0.571428571429,0.666666666667,0.67082039325,0.642857142857,20,13,7,0,20,0,13,0,7,11,20,0.181818181818,3.04338842975,3.63636363636,2,2.5,1.68954001271,0.464623503495,0.245454545455,1.16774841624,0.642261628933,0.336363636364,1.94000937205,1.06700515463,0.536363636364,1.05689877454,0.347276990411,3.54545454545,3.04338842975,1.05689877454,3.54545454545,0.499047619048,0.4,8,0.0484848484848,0.255555555556,11,11,11,1,0,0.0909090909091,0.636363636364,0.272727272727,11,0.118181818182,3.72727272727,2.36363636364,1.3,1.625,1.43336856898,0.6064251638,0.286713286713,0.603022689156,0.510249967747,0.237762237762,1.40129809949,1.18571377649,0.503496503497,2.05382127221,0.551025219373,7,3.72727272727,2.05382127221,7,0,0,0,0,0.22962962963,11,11,11,1,0,0.0909090909091,0.636363636364,0.272727272727,11,19,0.172727272727,3.17045454545,3.45454545455,1.9,2.375,1.43969693781,0.416754376733,0.215311004785,1.00904995822,0.584186817916,0.306220095694,1.67874411933,0.971904490138,0.507177033493,1.19278131807,0.376217763404,3.875,3.17045454545,1.19278131807,3.875,0.41,0.3,5,0.030303030303,0.223703703704,11,11,11,1,0,0.0909090909091,0.636363636364,0.272727272727,-1,-0.00909090909091,0.127066115702,-0.181818181818,-0.1,-0.125,-0.249843074903,-0.0478691267618,-0.0301435406699,-0.158698458023,-0.058074811017,-0.0301435406699,-0.26126525272,-0.0951006644889,-0.0291866028708,0.135882543529,0.028940772993,0.329545454545,0.127066115702,0.135882543529,0.329545454545,-0.0890476190476,-0.1,-3,-0.0181818181818,-0.0318518518519,0,0,0,18,1,2,89,0.9,0.988888888889,0.0111111111111,0.1,0.947368421053,0.9,0.923076923077,0.906956031802,0.888888888889,0.857142857143,6,7,0,0,0,0
1761,WLNM_dir_neg,0.84693877551,0.508858998145,00:00:00,10,40,46,1174695195,threshold_sweep,0.6,0.833333333333,0.714285714286,0.769230769231,5,1,2,13,0.714285714286,0.928571428571,0.0714285714286,0.285714285714,0.833333333333,0.714285714286,0.769230769231,0.857142857143,0.571428571429,0.666666666667,0.67082039325,0.642857142857,20,13,7,0,20,0,13,0,7,11,20,0.181818181818,3.04338842975,3.63636363636,2,2.5,1.68954001271,0.464623503495,0.245454545455,1.16774841624,0.642261628933,0.336363636364,1.94000937205,1.06700515463,0.536363636364,1.05689877454,0.347276990411,3.54545454545,3.04338842975,1.05689877454,3.54545454545,0.499047619048,0.4,8,0.0484848484848,0.255555555556,11,11,11,1,0,0.0909090909091,0.636363636364,0.272727272727,11,0.118181818182,3.72727272727,2.36363636364,1.3,1.625,1.43336856898,0.6064251638,0.286713286713,0.603022689156,0.510249967747,0.237762237762,1.40129809949,1.18571377649,0.503496503497,2.05382127221,0.551025219373,7,3.72727272727,2.05382127221,7,0,0,0,0,0.22962962963,11,11,11,1,0,0.0909090909091,0.636363636364,0.272727272727,11,19,0.172727272727,3.17045454545,3.45454545455,1.9,2.375,1.43969693781,0.416754376733,0.215311004785,1.00904995822,0.584186817916,0.306220095694,1.67874411933,0.971904490138,0.507177033493,1.19278131807,0.376217763404,3.875,3.17045454545,1.19278131807,3.875,0.41,0.3,5,0.030303030303,0.223703703704,11,11,11,1,0,0.0909090909091,0.636363636364,0.272727272727,-1,-0.00909090909091,0.127066115702,-0.181818181818,-0.1,-0.125,-0.249843074903,-0.0478691267618,-0.0301435406699,-0.158698458023,-0.058074811017,-0.0301435406699,-0.26126525272,-0.0951006644889,-0.0291866028708,0.135882543529,0.028940772993,0.329545454545,0.127066115702,0.135882543529,0.329545454545,-0.0890476190476,-0.1,-3,-0.0181818181818,-0.0318518518519,0,0,0,18,1,2,89,0.9,0.988888888889,0.0111111111111,0.1,0.947368421053,0.9,0.923076923077,0.906956031802,0.888888888889,0.857142857143,6,7,0,0,0,0
1762,WLNM_dir_neg,0.84693877551,0.508858998145,00:00:00,10,40,46,1174695195,threshold_sweep,0.7,0.8,0.571428571429,0.666666666667,4,1,3,13,0.571428571429,0.928571428571,0.0714285714286,0.428571428571,0.8,0.571428571429,0.666666666667,0.809523809524,0.587301587302,0.538461538462,0.553398590529,0.5,20,13,7,0,20,0,13,0,7,11,20,0.181818181818,3.04338842975,3.63636363636,2,2.5,1.68954001271,0.464623503495,0.245454545455,1.16774841624,0.642261628933,0.336363636364,1.94000937205,1.06700515463,0.536363636364,1.05689877454,0.347276990411,3.54545454545,3.04338842975,1.05689877454,3.54545454545,0.499047619048,0.4,8,0.0484848484848,0.255555555556,11,11,11,1,0,0.0909090909091,0.636363636364,0.272727272727,11,0.118181818182,3.72727272727,2.36363636364,1.3,1.625,1.43336856898,0.6064251638,0.286713286713,0.603022689156,0.510249967747,0.237762237762,1.40129809949,1.18571377649,0.503496503497,2.05382127221,0.551025219373,7,3.72727272727,2.05382127221,7,0,0,0,0,0.22962962963,11,11,11,1,0,0.0909090909091,0.636363636364,0.272727272727,11,18,0.163636363636,3.22727272727,3.27272727273,1.8,2.25,1.27207775634,0.388690425549,0.191919191919,0.924416277737,0.564921058617,0.292929292929,1.5666989036,0.957427107756,0.494949494949,1.27207775634,0.394164938585,4,3.22727272727,1.27207775634,4,0.296666666667,0.209302325581,3,0.0181818181818,0.207407407407,11,11,11,1,0,0.0909090909091,0.636363636364,0.272727272727,-2,-0.0181818181818,0.183884297521,-0.363636363636,-0.2,-0.25,-0.417462256367,-0.0759330779459,-0.0535353535354,-0.243332138505,-0.0773405703161,-0.0434343434343,-0.373310468447,-0.10957804687,-0.0414141414141,0.215178981806,0.0468879481737,0.454545454545,0.183884297521,0.215178981806,0.454545454545,-0.202380952381,-0.190697674419,-5,-0.030303030303,-0.0481481481481,0,0,0,17,1,3,89,0.85,0.988888888889,0.0111111111111,0.15,0.944444444444,0.85,0.894736842105,0.874602125628,0.838888888889,0.809523809524,5,7,0,0,0,0
1763,WLNM_dir_neg,0.84693877551,0.508858998145,00:00:00,10,40,46,1174695195,threshold_sweep,0.8,0.8,0.571428571429,0.666666666667,4,1,3,13,0.571428571429,0.928571428571,0.0714285714286,0.428571428571,0.8,0.571428571429,0.666666666667,0.809523809524,0.587301587302,0.538461538462,0.553398590529,0.5,20,13,7,0,20,0,13,0,7,11,20,0.181818181818,3.04338842975,3.63636363636,2,2.5,1.68954001271,0.464623503495,0.245454545455,1.16774841624,0.642261628933,0.336363636364,1.94000937205,1.06700515463,0.536363636364,1.05689877454,0.347276990411,3.54545454545,3.04338842975,1.05689877454,3.54545454545,0.499047619048,0.4,8,0.0484848484848,0.255555555556,11,11,11,1,0,0.0909090909091,0.636363636364,0.272727272727,11,0.118181818182,3.72727272727,2.36363636364,1.3,1.625,1.43336856898,0.6064251638,0.286713286713,0.603022689156,0.510249967747,0.237762237762,1.40129809949,1.18571377649,0.503496503497,2.05382127221,0.551025219373,7,3.72727272727,2.05382127221,7,0,0,0,0,0.22962962963,11,11,11,1,0,0.0909090909091,0.636363636364,0.272727272727,11,18,0.163636363636,3.22727272727,3.27272727273,1.8,2.25,1.27207775634,0.388690425549,0.191919191919,0.924416277737,0.564921058617,0.292929292929,1.5666989036,0.957427107756,0.494949494949,1.27207775634,0.394164938585,4,3.22727272727,1.27207775634,4,0.296666666667,0.209302325581,3,0.0181818181818,0.207407407407,11,11,11,1,0,0.0909090909091,0.636363636364,0.272727272727,-2,-0.0181818181818,0.183884297521,-0.363636363636,-0.2,-0.25,-0.417462256367,-0.0759330779459,-0.0535353535354,-0.243332138505,-0.0773405703161,-0.0434343434343,-0.373310468447,-0.10957804687,-0.0414141414141,0.215178981806,0.0468879481737,0.454545454545,0.183884297521,0.215178981806,0.454545454545,-0.202380952381,-0.190697674419,-5,-0.030303030303,-0.0481481481481,0,0,0,17,1,3,89,0.85,0.988888888889,0.0111111111111,0.15,0.944444444444,0.85,0.894736842105,0.874602125628,0.838888888889,0.809523809524,5,7,0,0,0,0
1764,WLNM_dir_neg,0.84693877551,0.508858998145,00:00:00,10,40,46,1174695195,threshold_sweep,0.9,0.8,0.571428571429,0.666666666667,4,1,3,13,0.571428571429,0.928571428571,0.0714285714286,0.428571428571,0.8,0.571428571429,0.666666666667,0.809523809524,0.587301587302,0.538461538462,0.553398590529,0.5,20,13,7,0,20,0,13,0,7,11,20,0.181818181818,3.04338842975,3.63636363636,2,2.5,1.68954001271,0.464623503495,0.245454545455,1.16774841624,0.642261628933,0.336363636364,1.94000937205,1.06700515463,0.536363636364,1.05689877454,0.347276990411,3.54545454545,3.04338842975,1.05689877454,3.54545454545,0.499047619048,0.4,8,0.0484848484848,0.255555555556,11,11,11,1,0,0.0909090909091,0.636363636364,0.272727272727,11,0.118181818182,3.72727272727,2.36363636364,1.3,1.625,1.43336856898,0.6064251638,0.286713286713,0.603022689156,0.510249967747,0.237762237762,1.40129809949,1.18571377649,0.503496503497,2.05382127221,0.551025219373,7,3.72727272727,2.05382127221,7,0,0,0,0,0.22962962963,11,11,11,1,0,0.0909090909091,0.636363636364,0.272727272727,11,18,0.163636363636,3.22727272727,3.27272727273,1.8,2.25,1.27207775634,0.388690425549,0.191919191919,0.924416277737,0.564921058617,0.292929292929,1.5666989036,0.957427107756,0.494949494949,1.27207775634,0.394164938585,4,3.22727272727,1.27207775634,4,0.296666666667,0.209302325581,3,0.0181818181818,0.207407407407,11,11,11,1,0,0.0909090909091,0.636363636364,0.272727272727,-2,-0.0181818181818,0.183884297521,-0.363636363636,-0.2,-0.25,-0.417462256367,-0.0759330779459,-0.0535353535354,-0.243332138505,-0.0773405703161,-0.0434343434343,-0.373310468447,-0.10957804687,-0.0414141414141,0.215178981806,0.0468879481737,0.454545454545,0.183884297521,0.215178981806,0.454545454545,-0.202380952381,-0.190697674419,-5,-0.030303030303,-0.0481481481481,0,0,0,17,1,3,89,0.85,0.988888888889,0.0111111111111,0.15,0.944444444444,0.85,0.894736842105,0.874602125628,0.838888888889,0.809523809524,5,7,0,0,0,0
1765,WLNM_dir_neg,0.897959183673,0.585286935287,00:00:00,10,40,47,1174695196,threshold_sweep,0.1,0.833333333333,0.714285714286,0.769230769231,5,1,2,13,0.714285714286,0.928571428571,0.0714285714286,0.285714285714,0.833333333333,0.714285714286,0.769230769231,0.857142857143,0.571428571429,0.666666666667,0.67082039325,0.642857142857,20,13,7,0,20,0,13,0,7,11,20,0.181818181818,3.04338842975,3.63636363636,2,2.5,1.68954001271,0.464623503495,0.245454545455,1.16774841624,0.642261628933,0.336363636364,1.94000937205,1.06700515463,0.536363636364,1.05689877454,0.347276990411,3.54545454545,3.04338842975,1.05689877454,3.54545454545,0.499047619048,0.4,8,0.0484848484848,0.255555555556,11,11,11,1,0,0.0909090909091,0.636363636364,0.272727272727,11,0.118181818182,3.72727272727,2.36363636364,1.3,1.625,1.43336856898,0.6064251638,0.286713286713,0.603022689156,0.510249967747,0.237762237762,1.40129809949,1.18571377649,0.503496503497,2.05382127221,0.551025219373,7,3.72727272727,2.05382127221,7,0,0,0,0,0.22962962963,11,11,11,1,0,0.0909090909091,0.636363636364,0.272727272727,11,19,0.172727272727,3.14772727273,3.45454545455,1.9,2.11111111111,1.36847625947,0.396137864583,0.205741626794,1.00904995822,0.584186817916,0.306220095694,1.61807966991,0.936782966791,0.468899521531,1.18338851637,0.375950142385,3.96875,3.14772727273,1.18338851637,3.96875,0.41,0.3,5,0.030303030303,0.214444444444,11,11,11,1,0,0.0909090909091,0.727272727273,0.181818181818,-1,-0.00909090909091,0.104338842975,-0.181818181818,-0.1,-0.388888888889,-0.321063753241,-0.0684856389122,-0.0397129186603,-0.158698458023,-0.058074811017,-0.0301435406699,-0.321929702137,-0.130222187836,-0.0674641148325,0.126489741835,0.0286731519741,0.423295454545,0.104338842975,0.126489741835,0.423295454545,-0.0890476190476,-0.1,-3,-0.0181818181818,-0.0411111111111,0,0.0909090909091,-0.0909090909091,18,1,2,89,0.9,0.988888888889,0.0111111111111,0.1,0.947368421053,0.9,0.923076923077,0.906956031802,0.888888888889,0.857142857143,6,7,0,0,0,0
1766,WLNM_dir_neg,0.897959183673,0.585286935287,00:00:00,10,40,47,1174695196,threshold_sweep,0.2,0.833333333333,0.714285714286,0.769230769231,5,1,2,13,0.714285714286,0.928571428571,0.0714285714286,0.285714285714,0.833333333333,0.714285714286,0.769230769231,0.857142857143,0.571428571429,0.666666666667,0.67082039325,0.642857142857,20,13,7,0,20,0,13,0,7,11,20,0.181818181818,3.04338842975,3.63636363636,2,2.5,1.68954001271,0.464623503495,0.245454545455,1.16774841624,0.642261628933,0.336363636364,1.94000937205,1.06700515463,0.536363636364,1.05689877454,0.347276990411,3.54545454545,3.04338842975,1.05689877454,3.54545454545,0.499047619048,0.4,8,0.0484848484848,0.255555555556,11,11,11,1,0,0.0909090909091,0.636363636364,0.272727272727,11,0.118181818182,3.72727272727,2.36363636364,1.3,1.625,1.43336856898,0.6064251638,0.286713286713,0.603022689156,0.510249967747,0.237762237762,1.40129809949,1.18571377649,0.503496503497,2.05382127221,0.551025219373,7,3.72727272727,2.05382127221,7,0,0,0,0,0.22962962963,11,11,11,1,0,0.0909090909091,0.636363636364,0.272727272727,11,19,0.172727272727,3.14772727273,3.45454545455,1.9,2.11111111111,1.36847625947,0.396137864583,0.205741626794,1.00904995822,0.584186817916,0.306220095694,1.61807966991,0.936782966791,0.468899521531,1.18338851637,0.375950142385,3.96875,3.14772727273,1.18338851637,3.96875,0.41,0.3,5,0.030303030303,0.214444444444,11,11,11,1,0,0.0909090909091,0.727272727273,0.181818181818,-1,-0.00909090909091,0.104338842975,-0.181818181818,-0.1,-0.388888888889,-0.321063753241,-0.0684856389122,-0.0397129186603,-0.158698458023,-0.058074811017,-0.0301435406699,-0.321929702137,-0.130222187836,-0.0674641148325,0.126489741835,0.0286731519741,0.423295454545,0.104338842975,0.126489741835,0.423295454545,-0.0890476190476,-0.1,-3,-0.0181818181818,-0.0411111111111,0,0.0909090909091,-0.0909090909091,18,1,2,89,0.9,0.988888888889,0.0111111111111,0.1,0.947368421053,0.9,0.923076923077,0.906956031802,0.888888888889,0.857142857143,6,7,0,0,0,0
1767,WLNM_dir_neg,0.897959183673,0.585286935287,00:00:00,10,40,47,1174695196,threshold_sweep,0.3,0.833333333333,0.714285714286,0.769230769231,5,1,2,13,0.714285714286,0.928571428571,0.0714285714286,0.285714285714,0.833333333333,0.714285714286,0.769230769231,0.857142857143,0.571428571429,0.666666666667,0.67082039325,0.642857142857,20,13,7,0,20,0,13,0,7,11,20,0.181818181818,3.04338842975,3.63636363636,2,2.5,1.68954001271,0.464623503495,0.245454545455,1.16774841624,0.642261628933,0.336363636364,1.94000937205,1.06700515463,0.536363636364,1.05689877454,0.347276990411,3.54545454545,3.04338842975,1.05689877454,3.54545454545,0.499047619048,0.4,8,0.0484848484848,0.255555555556,11,11,11,1,0,0.0909090909091,0.636363636364,0.272727272727,11,0.118181818182,3.72727272727,2.36363636364,1.3,1.625,1.43336856898,0.6064251638,0.286713286713,0.603022689156,0.510249967747,0.237762237762,1.40129809949,1.18571377649,0.503496503497,2.05382127221,0.551025219373,7,3.72727272727,2.05382127221,7,0,0,0,0,0.22962962963,11,11,11,1,0,0.0909090909091,0.636363636364,0.272727272727,11,19,0.172727272727,3.14772727273,3.45454545455,1.9,2.11111111111,1.36847625947,0.396137864583,0.205741626794,1.00904995822,0.584186817916,0.306220095694,1.61807966991,0.936782966791,0.468899521531,1.18338851637,0.375950142385,3.96875,3.14772727273,1.18338851637,3.96875,0.41,0.3,5,0.030303030303,0.214444444444,11,11,11,1,0,0.0909090909091,0.727272727273,0.181818181818,-1,-0.00909090909091,0.104338842975,-0.181818181818,-0.1,-0.388888888889,-0.321063753241,-0.0684856389122,-0.0397129186603,-0.158698458023,-0.058074811017,-0.0301435406699,-0.321929702137,-0.130222187836,-0.0674641148325,0.126489741835,0.0286731519741,0.423295454545,0.104338842975,0.126489741835,0.423295454545,-0.0890476190476,-0.1,-3,-0.0181818181818,-0.0411111111111,0,0.0909090909091,-0.0909090909091,18,1,2,89,0.9,0.988888888889,0.0111111111111,0.1,0.947368421053,0.9,0.923076923077,0.906956031802,0.888888888889,0.857142857143,6,7,0,0,0,0
1768,WLNM_dir_neg,0.897959183673,0.585286935287,00:00:00,10,40,47,1174695196,threshold_sweep,0.4,0.833333333333,0.714285714286,0.769230769231,5,1,2,13,0.714285714286,0.928571428571,0.0714285714286,0.285714285714,0.833333333333,0.714285714286,0.769230769231,0.857142857143,0.571428571429,0.666666666667,0.67082039325,0.642857142857,20,13,7,0,20,0,13,0,7,11,20,0.181818181818,3.04338842975,3.63636363636,2,2.5,1.68954001271,0.464623503495,0.245454545455,1.16774841624,0.642261628933,0.336363636364,1.94000937205,1.06700515463,0.536363636364,1.05689877454,0.347276990411,3.54545454545,3.04338842975,1.05689877454,3.54545454545,0.499047619048,0.4,8,0.0484848484848,0.255555555556,11,11,11,1,0,0.0909090909091,0.636363636364,0.272727272727,11,0.118181818182,3.72727272727,2.36363636364,1.3,1.625,1.43336856898,0.6064251638,0.286713286713,0.603022689156,0.510249967747,0.237762237762,1.40129809949,1.18571377649,0.503496503497,2.05382127221,0.551025219373,7,3.72727272727,2.05382127221,7,0,0,0,0,0.22962962963,11,11,11,1,0,0.0909090909091,0.636363636364,0.272727272727,11,19,0.172727272727,3.14772727273,3.45454545455,1.9,2.11111111111,1.36847625947,0.396137864583,0.205741626794,1.00904995822,0.584186817916,0.306220095694,1.61807966991,0.936782966791,0.468899521531,1.18338851637,0.375950142385,3.96875,3.14772727273,1.18338851637,3.96875,0.41,0.3,5,0.030303030303,0.214444444444,11,11,11,1,0,0.0909090909091,0.727272727273,0.181818181818,-1,-0.00909090909091,0.104338842975,-0.181818181818,-0.1,-0.388888888889,-0.321063753241,-0.0684856389122,-0.0397129186603,-0.158698458023,-0.058074811017,-0.0301435406699,-0.321929702137,-0.130222187836,-0.0674641148325,0.126489741835,0.0286731519741,0.423295454545,0.104338842975,0.126489741835,0.423295454545,-0.0890476190476,-0.1,-3,-0.0181818181818,-0.0411111111111,0,0.0909090909091,-0.0909090909091,18,1,2,89,0.9,0.988888888889,0.0111111111111,0.1,0.947368421053,0.9,0.923076923077,0.906956031802,0.888888888889,0.857142857143,6,7,0,0,0,0
1769,WLNM_dir_neg,0.897959183673,0.585286935287,00:00:00,10,40,47,1174695196,threshold_sweep,0.5,0.833333333333,0.714285714286,0.769230769231,5,1,2,13,0.714285714286,0.928571428571,0.0714285714286,0.285714285714,0.833333333333,0.714285714286,0.769230769231,0.857142857143,0.571428571429,0.666666666667,0.67082039325,0.642857142857,20,13,7,0,20,0,13,0,7,11,20,0.181818181818,3.04338842975,3.63636363636,2,2.5,1.68954001271,0.464623503495,0.245454545455,1.16774841624,0.642261628933,0.336363636364,1.94000937205,1.06700515463,0.536363636364,1.05689877454,0.347276990411,3.54545454545,3.04338842975,1.05689877454,3.54545454545,0.499047619048,0.4,8,0.0484848484848,0.255555555556,11,11,11,1,0,0.0909090909091,0.636363636364,0.272727272727,11,0.118181818182,3.72727272727,2.36363636364,1.3,1.625,1.43336856898,0.6064251638,0.286713286713,0.603022689156,0.510249967747,0.237762237762,1.40129809949,1.18571377649,0.503496503497,2.05382127221,0.551025219373,7,3.72727272727,2.05382127221,7,0,0,0,0,0.22962962963,11,11,11,1,0,0.0909090909091,0.636363636364,0.272727272727,11,19,0.172727272727,3.14772727273,3.45454545455,1.9,2.11111111111,1.36847625947,0.396137864583,0.205741626794,1.00904995822,0.584186817916,0.306220095694,1.61807966991,0.936782966791,0.468899521531,1.18338851637,0.375950142385,3.96875,3.14772727273,1.18338851637,3.96875,0.41,0.3,5,0.030303030303,0.214444444444,11,11,11,1,0,0.0909090909091,0.727272727273,0.181818181818,-1,-0.00909090909091,0.104338842975,-0.181818181818,-0.1,-0.388888888889,-0.321063753241,-0.0684856389122,-0.0397129186603,-0.158698458023,-0.058074811017,-0.0301435406699,-0.321929702137,-0.130222187836,-0.0674641148325,0.126489741835,0.0286731519741,0.423295454545,0.104338842975,0.126489741835,0.423295454545,-0.0890476190476,-0.1,-3,-0.0181818181818,-0.0411111111111,0,0.0909090909091,-0.0909090909091,18,1,2,89,0.9,0.988888888889,0.0111111111111,0.1,0.947368421053,0.9,0.923076923077,0.906956031802,0.888888888889,0.857142857143,6,7,0,0,0,0
1770,WLNM_dir_neg,0.897959183673,0.585286935287,00:00:00,10,40,47,1174695196,threshold_sweep,0.6,0.833333333333,0.714285714286,0.769230769231,5,1,2,13,0.714285714286,0.928571428571,0.0714285714286,0.285714285714,0.833333333333,0.714285714286,0.769230769231,0.857142857143,0.571428571429,0.666666666667,0.67082039325,0.642857142857,20,13,7,0,20,0,13,0,7,11,20,0.181818181818,3.04338842975,3.63636363636,2,2.5,1.68954001271,0.464623503495,0.245454545455,1.16774841624,0.642261628933,0.336363636364,1.94000937205,1.06700515463,0.536363636364,1.05689877454,0.347276990411,3.54545454545,3.04338842975,1.05689877454,3.54545454545,0.499047619048,0.4,8,0.0484848484848,0.255555555556,11,11,11,1,0,0.0909090909091,0.636363636364,0.272727272727,11,0.118181818182,3.72727272727,2.36363636364,1.3,1.625,1.43336856898,0.6064251638,0.286713286713,0.603022689156,0.510249967747,0.237762237762,1.40129809949,1.18571377649,0.503496503497,2.05382127221,0.551025219373,7,3.72727272727,2.05382127221,7,0,0,0,0,0.22962962963,11,11,11,1,0,0.0909090909091,0.636363636364,0.272727272727,11,19,0.172727272727,3.14772727273,3.45454545455,1.9,2.11111111111,1.36847625947,0.396137864583,0.205741626794,1.00904995822,0.584186817916,0.306220095694,1.61807966991,0.936782966791,0.468899521531,1.18338851637,0.375950142385,3.96875,3.14772727273,1.18338851637,3.96875,0.41,0.3,5,0.030303030303,0.214444444444,11,11,11,1,0,0.0909090909091,0.727272727273,0.181818181818,-1,-0.00909090909091,0.104338842975,-0.181818181818,-0.1,-0.388888888889,-0.321063753241,-0.0684856389122,-0.0397129186603,-0.158698458023,-0.058074811017,-0.0301435406699,-0.321929702137,-0.130222187836,-0.0674641148325,0.126489741835,0.0286731519741,0.423295454545,0.104338842975,0.126489741835,0.423295454545,-0.0890476190476,-0.1,-3,-0.0181818181818,-0.0411111111111,0,0.0909090909091,-0.0909090909091,18,1,2,89,0.9,0.988888888889,0.0111111111111,0.1,0.947368421053,0.9,0.923076923077,0.906956031802,0.888888888889,0.857142857143,6,7,0,0,0,0
1771,WLNM_dir_neg,0.897959183673,0.585286935287,00:00:00,10,40,47,1174695196,threshold_sweep,0.7,0.833333333333,0.714285714286,0.769230769231,5,1,2,13,0.714285714286,0.928571428571,0.0714285714286,0.285714285714,0.833333333333,0.714285714286,0.769230769231,0.857142857143,0.571428571429,0.666666666667,0.67082039325,0.642857142857,20,13,7,0,20,0,13,0,7,11,20,0.181818181818,3.04338842975,3.63636363636,2,2.5,1.68954001271,0.464623503495,0.245454545455,1.16774841624,0.642261628933,0.336363636364,1.94000937205,1.06700515463,0.536363636364,1.05689877454,0.347276990411,3.54545454545,3.04338842975,1.05689877454,3.54545454545,0.499047619048,0.4,8,0.0484848484848,0.255555555556,11,11,11,1,0,0.0909090909091,0.636363636364,0.272727272727,11,0.118181818182,3.72727272727,2.36363636364,1.3,1.625,1.43336856898,0.6064251638,0.286713286713,0.603022689156,0.510249967747,0.237762237762,1.40129809949,1.18571377649,0.503496503497,2.05382127221,0.551025219373,7,3.72727272727,2.05382127221,7,0,0,0,0,0.22962962963,11,11,11,1,0,0.0909090909091,0.636363636364,0.272727272727,11,19,0.172727272727,3.14772727273,3.45454545455,1.9,2.11111111111,1.36847625947,0.396137864583,0.205741626794,1.00904995822,0.584186817916,0.306220095694,1.61807966991,0.936782966791,0.468899521531,1.18338851637,0.375950142385,3.96875,3.14772727273,1.18338851637,3.96875,0.41,0.3,5,0.030303030303,0.214444444444,11,11,11,1,0,0.0909090909091,0.727272727273,0.181818181818,-1,-0.00909090909091,0.104338842975,-0.181818181818,-0.1,-0.388888888889,-0.321063753241,-0.0684856389122,-0.0397129186603,-0.158698458023,-0.058074811017,-0.0301435406699,-0.321929702137,-0.130222187836,-0.0674641148325,0.126489741835,0.0286731519741,0.423295454545,0.104338842975,0.126489741835,0.423295454545,-0.0890476190476,-0.1,-3,-0.0181818181818,-0.0411111111111,0,0.0909090909091,-0.0909090909091,18,1,2,89,0.9,0.988888888889,0.0111111111111,0.1,0.947368421053,0.9,0.923076923077,0.906956031802,0.888888888889,0.857142857143,6,7,0,0,0,0
1772,WLNM_dir_neg,0.897959183673,0.585286935287,00:00:00,10,40,47,1174695196,threshold_sweep,0.8,0.833333333333,0.714285714286,0.769230769231,5,1,2,13,0.714285714286,0.928571428571,0.0714285714286,0.285714285714,0.833333333333,0.714285714286,0.769230769231,0.857142857143,0.571428571429,0.666666666667,0.67082039325,0.642857142857,20,13,7,0,20,0,13,0,7,11,20,0.181818181818,3.04338842975,3.63636363636,2,2.5,1.68954001271,0.464623503495,0.245454545455,1.16774841624,0.642261628933,0.336363636364,1.94000937205,1.06700515463,0.536363636364,1.05689877454,0.347276990411,3.54545454545,3.04338842975,1.05689877454,3.54545454545,0.499047619048,0.4,8,0.0484848484848,0.255555555556,11,11,11,1,0,0.0909090909091,0.636363636364,0.272727272727,11,0.118181818182,3.72727272727,2.36363636364,1.3,1.625,1.43336856898,0.6064251638,0.286713286713,0.603022689156,0.510249967747,0.237762237762,1.40129809949,1.18571377649,0.503496503497,2.05382127221,0.551025219373,7,3.72727272727,2.05382127221,7,0,0,0,0,0.22962962963,11,11,11,1,0,0.0909090909091,0.636363636364,0.272727272727,11,19,0.172727272727,3.14772727273,3.45454545455,1.9,2.11111111111,1.36847625947,0.396137864583,0.205741626794,1.00904995822,0.584186817916,0.306220095694,1.61807966991,0.936782966791,0.468899521531,1.18338851637,0.375950142385,3.96875,3.14772727273,1.18338851637,3.96875,0.41,0.3,5,0.030303030303,0.214444444444,11,11,11,1,0,0.0909090909091,0.727272727273,0.181818181818,-1,-0.00909090909091,0.104338842975,-0.181818181818,-0.1,-0.388888888889,-0.321063753241,-0.0684856389122,-0.0397129186603,-0.158698458023,-0.058074811017,-0.0301435406699,-0.321929702137,-0.130222187836,-0.0674641148325,0.126489741835,0.0286731519741,0.423295454545,0.104338842975,0.126489741835,0.423295454545,-0.0890476190476,-0.1,-3,-0.0181818181818,-0.0411111111111,0,0.0909090909091,-0.0909090909091,18,1,2,89,0.9,0.988888888889,0.0111111111111,0.1,0.947368421053,0.9,0.923076923077,0.906956031802,0.888888888889,0.857142857143,6,7,0,0,0,0
1773,WLNM_dir_neg,0.897959183673,0.585286935287,00:00:00,10,40,47,1174695196,threshold_sweep,0.9,0.833333333333,0.714285714286,0.769230769231,5,1,2,13,0.714285714286,0.928571428571,0.0714285714286,0.285714285714,0.833333333333,0.714285714286,0.769230769231,0.857142857143,0.571428571429,0.666666666667,0.67082039325,0.642857142857,20,13,7,0,20,0,13,0,7,11,20,0.181818181818,3.04338842975,3.63636363636,2,2.5,1.68954001271,0.464623503495,0.245454545455,1.16774841624,0.642261628933,0.336363636364,1.94000937205,1.06700515463,0.536363636364,1.05689877454,0.347276990411,3.54545454545,3.04338842975,1.05689877454,3.54545454545,0.499047619048,0.4,8,0.0484848484848,0.255555555556,11,11,11,1,0,0.0909090909091,0.636363636364,0.272727272727,11,0.118181818182,3.72727272727,2.36363636364,1.3,1.625,1.43336856898,0.6064251638,0.286713286713,0.603022689156,0.510249967747,0.237762237762,1.40129809949,1.18571377649,0.503496503497,2.05382127221,0.551025219373,7,3.72727272727,2.05382127221,7,0,0,0,0,0.22962962963,11,11,11,1,0,0.0909090909091,0.636363636364,0.272727272727,11,19,0.172727272727,3.14772727273,3.45454545455,1.9,2.11111111111,1.36847625947,0.396137864583,0.205741626794,1.00904995822,0.584186817916,0.306220095694,1.61807966991,0.936782966791,0.468899521531,1.18338851637,0.375950142385,3.96875,3.14772727273,1.18338851637,3.96875,0.41,0.3,5,0.030303030303,0.214444444444,11,11,11,1,0,0.0909090909091,0.727272727273,0.181818181818,-1,-0.00909090909091,0.104338842975,-0.181818181818,-0.1,-0.388888888889,-0.321063753241,-0.0684856389122,-0.0397129186603,-0.158698458023,-0.058074811017,-0.0301435406699,-0.321929702137,-0.130222187836,-0.0674641148325,0.126489741835,0.0286731519741,0.423295454545,0.104338842975,0.126489741835,0.423295454545,-0.0890476190476,-0.1,-3,-0.0181818181818,-0.0411111111111,0,0.0909090909091,-0.0909090909091,18,1,2,89,0.9,0.988888888889,0.0111111111111,0.1,0.947368421053,0.9,0.923076923077,0.906956031802,0.888888888889,0.857142857143,6,7,0,0,0,0
1774,WLNM_dir_neg,0.897959183673,0.583874458874,00:00:00,10,40,48,1174695197,threshold_sweep,0.1,1,0.714285714286,0.833333333333,5,0,2,14,0.714285714286,1,0,0.285714285714,1,0.714285714286,0.833333333333,0.904761904762,0.587301587302,0.769230769231,0.790569415042,0.714285714286,20,13,7,0,20,0,13,0,7,11,20,0.181818181818,3.04338842975,3.63636363636,2,2.5,1.68954001271,0.464623503495,0.245454545455,1.16774841624,0.642261628933,0.336363636364,1.94000937205,1.06700515463,0.536363636364,1.05689877454,0.347276990411,3.54545454545,3.04338842975,1.05689877454,3.54545454545,0.499047619048,0.4,8,0.0484848484848,0.255555555556,11,11,11,1,0,0.0909090909091,0.636363636364,0.272727272727,11,0.118181818182,3.72727272727,2.36363636364,1.3,1.625,1.43336856898,0.6064251638,0.286713286713,0.603022689156,0.510249967747,0.237762237762,1.40129809949,1.18571377649,0.503496503497,2.05382127221,0.551025219373,7,3.72727272727,2.05382127221,7,0,0,0,0,0.22962962963,11,11,11,1,0,0.0909090909091,0.636363636364,0.272727272727,11,18,0.163636363636,3.11363636364,3.27272727273,1.8,2.25,1.42062726223,0.434080552347,0.227272727273,0.924416277737,0.564921058617,0.292929292929,1.68954001271,1.03249667443,0.525252525253,1.14353419474,0.367266456706,3.875,3.11363636364,1.14353419474,3.875,0.366666666667,0.266666666667,4,0.0242424242424,0.221111111111,11,11,11,1,0,0.0909090909091,0.636363636364,0.272727272727,-2,-0.0181818181818,0.0702479338843,-0.363636363636,-0.2,-0.25,-0.268912750482,-0.030542951148,-0.0181818181818,-0.243332138505,-0.0773405703161,-0.0434343434343,-0.250469359339,-0.0345084801933,-0.0111111111111,0.0866354202056,0.0199894662943,0.329545454545,0.0702479338843,0.0866354202056,0.329545454545,-0.132380952381,-0.133333333333,-4,-0.0242424242424,-0.0344444444444,0,0,0,18,0,2,90,0.9,1,0,0.1,1,0.9,0.947368421053,0.938314863257,0.9,0.9,5,7,0,0,0,0
1775,WLNM_dir_neg,0.897959183673,0.583874458874,00:00:00,10,40,48,1174695197,threshold_sweep,0.2,1,0.428571428571,0.6,3,0,4,14,0.428571428571,1,0,0.571428571429,1,0.428571428571,0.6,0.809523809524,0.619047619048,0.5,0.57735026919,0.428571428571,20,13,7,0,20,0,13,0,7,11,20,0.181818181818,3.04338842975,3.63636363636,2,2.5,1.68954001271,0.464623503495,0.245454545455,1.16774841624,0.642261628933,0.336363636364,1.94000937205,1.06700515463,0.536363636364,1.05689877454,0.347276990411,3.54545454545,3.04338842975,1.05689877454,3.54545454545,0.499047619048,0.4,8,0.0484848484848,0.255555555556,11,11,11,1,0,0.0909090909091,0.636363636364,0.272727272727,11,0.118181818182,3.72727272727,2.36363636364,1.3,1.625,1.43336856898,0.6064251638,0.286713286713,0.603022689156,0.510249967747,0.237762237762,1.40129809949,1.18571377649,0.503496503497,2.05382127221,0.551025219373,7,3.72727272727,2.05382127221,7,0,0,0,0,0.22962962963,11,11,11,1,0,0.0909090909091,0.636363636364,0.272727272727,11,16,0.145454545455,3.25,2.90909090909,1.6,2,1.22102788294,0.41972833476,0.181818181818,0.687551650952,0.47269176003,0.227272727273,1.50755672289,1.03644524699,0.511363636364,1.3758835545,0.423348786001,4.66666666667,3.25,1.3758835545,4.66666666667,0.213333333333,0.176470588235,2,0.0121212121212,0.192592592593,11,11,11,1,0,0.0909090909091,0.636363636364,0.272727272727,-4,-0.0363636363636,0.206611570248,-0.727272727273,-0.4,-0.5,-0.468512129772,-0.0448951687355,-0.0636363636364,-0.48019676529,-0.169569868904,-0.109090909091,-0.43245264916,-0.0305599076407,-0.025,0.318984779967,0.07607179559,1.12121212121,0.206611570248,0.318984779967,1.12121212121,-0.285714285714,-0.223529411765,-6,-0.0363636363636,-0.062962962963,0,0,0,16,0,4,90,0.8,1,0,0.2,1,0.8,0.888888888889,0.875189948987,0.8,0.8,3,7,0,0,0,0
1776,WLNM_dir_neg,0.897959183673,0.583874458874,00:00:00,10,40,48,1174695197,threshold_sweep,0.3,1,0.428571428571,0.6,3,0,4,14,0.428571428571,1,0,0.571428571429,1,0.428571428571,0.6,0.809523809524,0.619047619048,0.5,0.57735026919,0.428571428571,20,13,7,0,20,0,13,0,7,11,20,0.181818181818,3.04338842975,3.63636363636,2,2.5,1.68954001271,0.464623503495,0.245454545455,1.16774841624,0.642261628933,0.336363636364,1.94000937205,1.06700515463,0.536363636364,1.05689877454,0.347276990411,3.54545454545,3.04338842975,1.05689877454,3.54545454545,0.499047619048,0.4,8,0.0484848484848,0.255555555556,11,11,11,1,0,0.0909090909091,0.636363636364,0.272727272727,11,0.118181818182,3.72727272727,2.36363636364,1.3,1.625,1.43336856898,0.6064251638,0.286713286713,0.603022689156,0.510249967747,0.237762237762,1.40129809949,1.18571377649,0.503496503497,2.05382127221,0.551025219373,7,3.72727272727,2.05382127221,7,0,0,0,0,0.22962962963,11,11,11,1,0,0.0909090909091,0.636363636364,0.272727272727,11,16,0.145454545455,3.25,2.90909090909,1.6,2,1.22102788294,0.41972833476,0.181818181818,0.687551650952,0.47269176003,0.227272727273,1.50755672289,1.03644524699,0.511363636364,1.3758835545,0.423348786001,4.66666666667,3.25,1.3758835545,4.66666666667,0.213333333333,0.176470588235,2,0.0121212121212,0.192592592593,11,11,11,1,0,0.0909090909091,0.636363636364,0.272727272727,-4,-0.0363636363636,0.206611570248,-0.727272727273,-0.4,-0.5,-0.468512129772,-0.0448951687355,-0.0636363636364,-0.48019676529,-0.169569868904,-0.109090909091,-0.43245264916,-0.0305599076407,-0.025,0.318984779967,0.07607179559,1.12121212121,0.206611570248,0.318984779967,1.12121212121,-0.285714285714,-0.223529411765,-6,-0.0363636363636,-0.062962962963,0,0,0,16,0,4,90,0.8,1,0,0.2,1,0.8,0.888888888889,0.875189948987,0.8,0.8,3,7,0,0,0,0
1777,WLNM_dir_neg,0.897959183673,0.583874458874,00:00:00,10,40,48,1174695197,threshold_sweep,0.4,1,0.428571428571,0.6,3,0,4,14,0.428571428571,1,0,0.571428571429,1,0.428571428571,0.6,0.809523809524,0.619047619048,0.5,0.57735026919,0.428571428571,20,13,7,0,20,0,13,0,7,11,20,0.181818181818,3.04338842975,3.63636363636,2,2.5,1.68954001271,0.464623503495,0.245454545455,1.16774841624,0.642261628933,0.336363636364,1.94000937205,1.06700515463,0.536363636364,1.05689877454,0.347276990411,3.54545454545,3.04338842975,1.05689877454,3.54545454545,0.499047619048,0.4,8,0.0484848484848,0.255555555556,11,11,11,1,0,0.0909090909091,0.636363636364,0.272727272727,11,0.118181818182,3.72727272727,2.36363636364,1.3,1.625,1.43336856898,0.6064251638,0.286713286713,0.603022689156,0.510249967747,0.237762237762,1.40129809949,1.18571377649,0.503496503497,2.05382127221,0.551025219373,7,3.72727272727,2.05382127221,7,0,0,0,0,0.22962962963,11,11,11,1,0,0.0909090909091,0.636363636364,0.272727272727,11,16,0.145454545455,3.25,2.90909090909,1.6,2,1.22102788294,0.41972833476,0.181818181818,0.687551650952,0.47269176003,0.227272727273,1.50755672289,1.03644524699,0.511363636364,1.3758835545,0.423348786001,4.66666666667,3.25,1.3758835545,4.66666666667,0.213333333333,0.176470588235,2,0.0121212121212,0.192592592593,11,11,11,1,0,0.0909090909091,0.636363636364,0.272727272727,-4,-0.0363636363636,0.206611570248,-0.727272727273,-0.4,-0.5,-0.468512129772,-0.0448951687355,-0.0636363636364,-0.48019676529,-0.169569868904,-0.109090909091,-0.43245264916,-0.0305599076407,-0.025,0.318984779967,0.07607179559,1.12121212121,0.206611570248,0.318984779967,1.12121212121,-0.285714285714,-0.223529411765,-6,-0.0363636363636,-0.062962962963,0,0,0,16,0,4,90,0.8,1,0,0.2,1,0.8,0.888888888889,0.875189948987,0.8,0.8,3,7,0,0,0,0
1778,WLNM_dir_neg,0.897959183673,0.583874458874,00:00:00,10,40,48,1174695197,threshold_sweep,0.5,1,0.428571428571,0.6,3,0,4,14,0.428571428571,1,0,0.571428571429,1,0.428571428571,0.6,0.809523809524,0.619047619048,0.5,0.57735026919,0.428571428571,20,13,7,0,20,0,13,0,7,11,20,0.181818181818,3.04338842975,3.63636363636,2,2.5,1.68954001271,0.464623503495,0.245454545455,1.16774841624,0.642261628933,0.336363636364,1.94000937205,1.06700515463,0.536363636364,1.05689877454,0.347276990411,3.54545454545,3.04338842975,1.05689877454,3.54545454545,0.499047619048,0.4,8,0.0484848484848,0.255555555556,11,11,11,1,0,0.0909090909091,0.636363636364,0.272727272727,11,0.118181818182,3.72727272727,2.36363636364,1.3,1.625,1.43336856898,0.6064251638,0.286713286713,0.603022689156,0.510249967747,0.237762237762,1.40129809949,1.18571377649,0.503496503497,2.05382127221,0.551025219373,7,3.72727272727,2.05382127221,7,0,0,0,0,0.22962962963,11,11,11,1,0,0.0909090909091,0.636363636364,0.272727272727,11,16,0.145454545455,3.25,2.90909090909,1.6,2,1.22102788294,0.41972833476,0.181818181818,0.687551650952,0.47269176003,0.227272727273,1.50755672289,1.03644524699,0.511363636364,1.3758835545,0.423348786001,4.66666666667,3.25,1.3758835545,4.66666666667,0.213333333333,0.176470588235,2,0.0121212121212,0.192592592593,11,11,11,1,0,0.0909090909091,0.636363636364,0.272727272727,-4,-0.0363636363636,0.206611570248,-0.727272727273,-0.4,-0.5,-0.468512129772,-0.0448951687355,-0.0636363636364,-0.48019676529,-0.169569868904,-0.109090909091,-0.43245264916,-0.0305599076407,-0.025,0.318984779967,0.07607179559,1.12121212121,0.206611570248,0.318984779967,1.12121212121,-0.285714285714,-0.223529411765,-6,-0.0363636363636,-0.062962962963,0,0,0,16,0,4,90,0.8,1,0,0.2,1,0.8,0.888888888889,0.875189948987,0.8,0.8,3,7,0,0,0,0
1779,WLNM_dir_neg,0.897959183673,0.583874458874,00:00:00,10,40,48,1174695197,threshold_sweep,0.6,1,0.428571428571,0.6,3,0,4,14,0.428571428571,1,0,0.571428571429,1,0.428571428571,0.6,0.809523809524,0.619047619048,0.5,0.57735026919,0.428571428571,20,13,7,0,20,0,13,0,7,11,20,0.181818181818,3.04338842975,3.63636363636,2,2.5,1.68954001271,0.464623503495,0.245454545455,1.16774841624,0.642261628933,0.336363636364,1.94000937205,1.06700515463,0.536363636364,1.05689877454,0.347276990411,3.54545454545,3.04338842975,1.05689877454,3.54545454545,0.499047619048,0.4,8,0.0484848484848,0.255555555556,11,11,11,1,0,0.0909090909091,0.636363636364,0.272727272727,11,0.118181818182,3.72727272727,2.36363636364,1.3,1.625,1.43336856898,0.6064251638,0.286713286713,0.603022689156,0.510249967747,0.237762237762,1.40129809949,1.18571377649,0.503496503497,2.05382127221,0.551025219373,7,3.72727272727,2.05382127221,7,0,0,0,0,0.22962962963,11,11,11,1,0,0.0909090909091,0.636363636364,0.272727272727,11,16,0.145454545455,3.25,2.90909090909,1.6,2,1.22102788294,0.41972833476,0.181818181818,0.687551650952,0.47269176003,0.227272727273,1.50755672289,1.03644524699,0.511363636364,1.3758835545,0.423348786001,4.66666666667,3.25,1.3758835545,4.66666666667,0.213333333333,0.176470588235,2,0.0121212121212,0.192592592593,11,11,11,1,0,0.0909090909091,0.636363636364,0.272727272727,-4,-0.0363636363636,0.206611570248,-0.727272727273,-0.4,-0.5,-0.468512129772,-0.0448951687355,-0.0636363636364,-0.48019676529,-0.169569868904,-0.109090909091,-0.43245264916,-0.0305599076407,-0.025,0.318984779967,0.07607179559,1.12121212121,0.206611570248,0.318984779967,1.12121212121,-0.285714285714,-0.223529411765,-6,-0.0363636363636,-0.062962962963,0,0,0,16,0,4,90,0.8,1,0,0.2,1,0.8,0.888888888889,0.875189948987,0.8,0.8,3,7,0,0,0,0
1780,WLNM_dir_neg,0.897959183673,0.583874458874,00:00:00,10,40,48,1174695197,threshold_sweep,0.7,1,0.428571428571,0.6,3,0,4,14,0.428571428571,1,0,0.571428571429,1,0.428571428571,0.6,0.809523809524,0.619047619048,0.5,0.57735026919,0.428571428571,20,13,7,0,20,0,13,0,7,11,20,0.181818181818,3.04338842975,3.63636363636,2,2.5,1.68954001271,0.464623503495,0.245454545455,1.16774841624,0.642261628933,0.336363636364,1.94000937205,1.06700515463,0.536363636364,1.05689877454,0.347276990411,3.54545454545,3.04338842975,1.05689877454,3.54545454545,0.499047619048,0.4,8,0.0484848484848,0.255555555556,11,11,11,1,0,0.0909090909091,0.636363636364,0.272727272727,11,0.118181818182,3.72727272727,2.36363636364,1.3,1.625,1.43336856898,0.6064251638,0.286713286713,0.603022689156,0.510249967747,0.237762237762,1.40129809949,1.18571377649,0.503496503497,2.05382127221,0.551025219373,7,3.72727272727,2.05382127221,7,0,0,0,0,0.22962962963,11,11,11,1,0,0.0909090909091,0.636363636364,0.272727272727,11,16,0.145454545455,3.25,2.90909090909,1.6,2,1.22102788294,0.41972833476,0.181818181818,0.687551650952,0.47269176003,0.227272727273,1.50755672289,1.03644524699,0.511363636364,1.3758835545,0.423348786001,4.66666666667,3.25,1.3758835545,4.66666666667,0.213333333333,0.176470588235,2,0.0121212121212,0.192592592593,11,11,11,1,0,0.0909090909091,0.636363636364,0.272727272727,-4,-0.0363636363636,0.206611570248,-0.727272727273,-0.4,-0.5,-0.468512129772,-0.0448951687355,-0.0636363636364,-0.48019676529,-0.169569868904,-0.109090909091,-0.43245264916,-0.0305599076407,-0.025,0.318984779967,0.07607179559,1.12121212121,0.206611570248,0.318984779967,1.12121212121,-0.285714285714,-0.223529411765,-6,-0.0363636363636,-0.062962962963,0,0,0,16,0,4,90,0.8,1,0,0.2,1,0.8,0.888888888889,0.875189948987,0.8,0.8,3,7,0,0,0,0
1781,WLNM_dir_neg,0.897959183673,0.583874458874,00:00:00,10,40,48,1174695197,threshold_sweep,0.8,1,0.428571428571,0.6,3,0,4,14,0.428571428571,1,0,0.571428571429,1,0.428571428571,0.6,0.809523809524,0.619047619048,0.5,0.57735026919,0.428571428571,20,13,7,0,20,0,13,0,7,11,20,0.181818181818,3.04338842975,3.63636363636,2,2.5,1.68954001271,0.464623503495,0.245454545455,1.16774841624,0.642261628933,0.336363636364,1.94000937205,1.06700515463,0.536363636364,1.05689877454,0.347276990411,3.54545454545,3.04338842975,1.05689877454,3.54545454545,0.499047619048,0.4,8,0.0484848484848,0.255555555556,11,11,11,1,0,0.0909090909091,0.636363636364,0.272727272727,11,0.118181818182,3.72727272727,2.36363636364,1.3,1.625,1.43336856898,0.6064251638,0.286713286713,0.603022689156,0.510249967747,0.237762237762,1.40129809949,1.18571377649,0.503496503497,2.05382127221,0.551025219373,7,3.72727272727,2.05382127221,7,0,0,0,0,0.22962962963,11,11,11,1,0,0.0909090909091,0.636363636364,0.272727272727,11,16,0.145454545455,3.25,2.90909090909,1.6,2,1.22102788294,0.41972833476,0.181818181818,0.687551650952,0.47269176003,0.227272727273,1.50755672289,1.03644524699,0.511363636364,1.3758835545,0.423348786001,4.66666666667,3.25,1.3758835545,4.66666666667,0.213333333333,0.176470588235,2,0.0121212121212,0.192592592593,11,11,11,1,0,0.0909090909091,0.636363636364,0.272727272727,-4,-0.0363636363636,0.206611570248,-0.727272727273,-0.4,-0.5,-0.468512129772,-0.0448951687355,-0.0636363636364,-0.48019676529,-0.169569868904,-0.109090909091,-0.43245264916,-0.0305599076407,-0.025,0.318984779967,0.07607179559,1.12121212121,0.206611570248,0.318984779967,1.12121212121,-0.285714285714,-0.223529411765,-6,-0.0363636363636,-0.062962962963,0,0,0,16,0,4,90,0.8,1,0,0.2,1,0.8,0.888888888889,0.875189948987,0.8,0.8,3,7,0,0,0,0
1782,WLNM_dir_neg,0.897959183673,0.583874458874,00:00:00,10,40,48,1174695197,threshold_sweep,0.9,1,0.428571428571,0.6,3,0,4,14,0.428571428571,1,0,0.571428571429,1,0.428571428571,0.6,0.809523809524,0.619047619048,0.5,0.57735026919,0.428571428571,20,13,7,0,20,0,13,0,7,11,20,0.181818181818,3.04338842975,3.63636363636,2,2.5,1.68954001271,0.464623503495,0.245454545455,1.16774841624,0.642261628933,0.336363636364,1.94000937205,1.06700515463,0.536363636364,1.05689877454,0.347276990411,3.54545454545,3.04338842975,1.05689877454,3.54545454545,0.499047619048,0.4,8,0.0484848484848,0.255555555556,11,11,11,1,0,0.0909090909091,0.636363636364,0.272727272727,11,0.118181818182,3.72727272727,2.36363636364,1.3,1.625,1.43336856898,0.6064251638,0.286713286713,0.603022689156,0.510249967747,0.237762237762,1.40129809949,1.18571377649,0.503496503497,2.05382127221,0.551025219373,7,3.72727272727,2.05382127221,7,0,0,0,0,0.22962962963,11,11,11,1,0,0.0909090909091,0.636363636364,0.272727272727,11,16,0.145454545455,3.25,2.90909090909,1.6,2,1.22102788294,0.41972833476,0.181818181818,0.687551650952,0.47269176003,0.227272727273,1.50755672289,1.03644524699,0.511363636364,1.3758835545,0.423348786001,4.66666666667,3.25,1.3758835545,4.66666666667,0.213333333333,0.176470588235,2,0.0121212121212,0.192592592593,11,11,11,1,0,0.0909090909091,0.636363636364,0.272727272727,-4,-0.0363636363636,0.206611570248,-0.727272727273,-0.4,-0.5,-0.468512129772,-0.0448951687355,-0.0636363636364,-0.48019676529,-0.169569868904,-0.109090909091,-0.43245264916,-0.0305599076407,-0.025,0.318984779967,0.07607179559,1.12121212121,0.206611570248,0.318984779967,1.12121212121,-0.285714285714,-0.223529411765,-6,-0.0363636363636,-0.062962962963,0,0,0,16,0,4,90,0.8,1,0,0.2,1,0.8,0.888888888889,0.875189948987,0.8,0.8,3,7,0,0,0,0
1783,WLNM_dir_neg,0.84693877551,0.470929070929,00:00:00,10,40,49,1174695198,threshold_sweep,0.1,0.833333333333,0.714285714286,0.769230769231,5,1,2,13,0.714285714286,0.928571428571,0.0714285714286,0.285714285714,0.833333333333,0.714285714286,0.769230769231,0.857142857143,0.571428571429,0.666666666667,0.67082039325,0.642857142857,20,13,7,0,20,0,13,0,7,11,20,0.181818181818,3.04338842975,3.63636363636,2,2.5,1.68954001271,0.464623503495,0.245454545455,1.16774841624,0.642261628933,0.336363636364,1.94000937205,1.06700515463,0.536363636364,1.05689877454,0.347276990411,3.54545454545,3.04338842975,1.05689877454,3.54545454545,0.499047619048,0.4,8,0.0484848484848,0.255555555556,11,11,11,1,0,0.0909090909091,0.636363636364,0.272727272727,11,0.118181818182,3.72727272727,2.36363636364,1.3,1.625,1.43336856898,0.6064251638,0.286713286713,0.603022689156,0.510249967747,0.237762237762,1.40129809949,1.18571377649,0.503496503497,2.05382127221,0.551025219373,7,3.72727272727,2.05382127221,7,0,0,0,0,0.22962962963,11,11,11,1,0,0.0909090909091,0.636363636364,0.272727272727,11,19,0.172727272727,3.14772727273,3.45454545455,1.9,2.11111111111,1.36847625947,0.396137864583,0.205741626794,1.00904995822,0.584186817916,0.306220095694,1.61807966991,0.936782966791,0.468899521531,1.18338851637,0.375950142385,3.96875,3.14772727273,1.18338851637,3.96875,0.41,0.3,5,0.030303030303,0.214444444444,11,11,11,1,0,0.0909090909091,0.727272727273,0.181818181818,-1,-0.00909090909091,0.104338842975,-0.181818181818,-0.1,-0.388888888889,-0.321063753241,-0.0684856389122,-0.0397129186603,-0.158698458023,-0.058074811017,-0.0301435406699,-0.321929702137,-0.130222187836,-0.0674641148325,0.126489741835,0.0286731519741,0.423295454545,0.104338842975,0.126489741835,0.423295454545,-0.0890476190476,-0.1,-3,-0.0181818181818,-0.0411111111111,0,0.0909090909091,-0.0909090909091,18,1,2,89,0.9,0.988888888889,0.0111111111111,0.1,0.947368421053,0.9,0.923076923077,0.906956031802,0.888888888889,0.857142857143,6,7,0,0,0,0
1784,WLNM_dir_neg,0.84693877551,0.470929070929,00:00:00,10,40,49,1174695198,threshold_sweep,0.2,0.8,0.571428571429,0.666666666667,4,1,3,13,0.571428571429,0.928571428571,0.0714285714286,0.428571428571,0.8,0.571428571429,0.666666666667,0.809523809524,0.587301587302,0.538461538462,0.553398590529,0.5,20,13,7,0,20,0,13,0,7,11,20,0.181818181818,3.04338842975,3.63636363636,2,2.5,1.68954001271,0.464623503495,0.245454545455,1.16774841624,0.642261628933,0.336363636364,1.94000937205,1.06700515463,0.536363636364,1.05689877454,0.347276990411,3.54545454545,3.04338842975,1.05689877454,3.54545454545,0.499047619048,0.4,8,0.0484848484848,0.255555555556,11,11,11,1,0,0.0909090909091,0.636363636364,0.272727272727,11,0.118181818182,3.72727272727,2.36363636364,1.3,1.625,1.43336856898,0.6064251638,0.286713286713,0.603022689156,0.510249967747,0.237762237762,1.40129809949,1.18571377649,0.503496503497,2.05382127221,0.551025219373,7,3.72727272727,2.05382127221,7,0,0,0,0,0.22962962963,11,11,11,1,0,0.0909090909091,0.636363636364,0.272727272727,11,18,0.163636363636,3.21818181818,3.27272727273,1.8,2,1.27207775634,0.388690425549,0.191919191919,0.924416277737,0.564921058617,0.292929292929,1.50151438706,0.917592125425,0.454545454545,1.30485108868,0.405462202698,4.55,3.21818181818,1.30485108868,4.55,0.28,0.204545454545,3,0.0181818181818,0.2,11,11,11,1,0,0.0909090909091,0.727272727273,0.181818181818,-2,-0.0181818181818,0.17479338843,-0.363636363636,-0.2,-0.5,-0.417462256367,-0.0759330779459,-0.0535353535354,-0.243332138505,-0.0773405703161,-0.0434343434343,-0.438494984989,-0.149413029202,-0.0818181818182,0.247952314146,0.0581852122867,1.00454545455,0.17479338843,0.247952314146,1.00454545455,-0.219047619048,-0.195454545455,-5,-0.030303030303,-0.0555555555556,0,0.0909090909091,-0.0909090909091,17,1,3,89,0.85,0.988888888889,0.0111111111111,0.15,0.944444444444,0.85,0.894736842105,0.874602125628,0.838888888889,0.809523809524,5,7,0,0,0,0
1785,WLNM_dir_neg,0.84693877551,0.470929070929,00:00:00,10,40,49,1174695198,threshold_sweep,0.3,0.8,0.571428571429,0.666666666667,4,1,3,13,0.571428571429,0.928571428571,0.0714285714286,0.428571428571,0.8,0.571428571429,0.666666666667,0.809523809524,0.587301587302,0.538461538462,0.553398590529,0.5,20,13,7,0,20,0,13,0,7,11,20,0.181818181818,3.04338842975,3.63636363636,2,2.5,1.68954001271,0.464623503495,0.245454545455,1.16774841624,0.642261628933,0.336363636364,1.94000937205,1.06700515463,0.536363636364,1.05689877454,0.347276990411,3.54545454545,3.04338842975,1.05689877454,3.54545454545,0.499047619048,0.4,8,0.0484848484848,0.255555555556,11,11,11,1,0,0.0909090909091,0.636363636364,0.272727272727,11,0.118181818182,3.72727272727,2.36363636364,1.3,1.625,1.43336856898,0.6064251638,0.286713286713,0.603022689156,0.510249967747,0.237762237762,1.40129809949,1.18571377649,0.503496503497,2.05382127221,0.551025219373,7,3.72727272727,2.05382127221,7,0,0,0,0,0.22962962963,11,11,11,1,0,0.0909090909091,0.636363636364,0.272727272727,11,18,0.163636363636,3.21818181818,3.27272727273,1.8,2,1.27207775634,0.388690425549,0.191919191919,0.924416277737,0.564921058617,0.292929292929,1.50151438706,0.917592125425,0.454545454545,1.30485108868,0.405462202698,4.55,3.21818181818,1.30485108868,4.55,0.28,0.204545454545,3,0.0181818181818,0.2,11,11,11,1,0,0.0909090909091,0.727272727273,0.181818181818,-2,-0.0181818181818,0.17479338843,-0.363636363636,-0.2,-0.5,-0.417462256367,-0.0759330779459,-0.0535353535354,-0.243332138505,-0.0773405703161,-0.0434343434343,-0.438494984989,-0.149413029202,-0.0818181818182,0.247952314146,0.0581852122867,1.00454545455,0.17479338843,0.247952314146,1.00454545455,-0.219047619048,-0.195454545455,-5,-0.030303030303,-0.0555555555556,0,0.0909090909091,-0.0909090909091,17,1,3,89,0.85,0.988888888889,0.0111111111111,0.15,0.944444444444,0.85,0.894736842105,0.874602125628,0.838888888889,0.809523809524,5,7,0,0,0,0
1786,WLNM_dir_neg,0.84693877551,0.470929070929,00:00:00,10,40,49,1174695198,threshold_sweep,0.4,0.8,0.571428571429,0.666666666667,4,1,3,13,0.571428571429,0.928571428571,0.0714285714286,0.428571428571,0.8,0.571428571429,0.666666666667,0.809523809524,0.587301587302,0.538461538462,0.553398590529,0.5,20,13,7,0,20,0,13,0,7,11,20,0.181818181818,3.04338842975,3.63636363636,2,2.5,1.68954001271,0.464623503495,0.245454545455,1.16774841624,0.642261628933,0.336363636364,1.94000937205,1.06700515463,0.536363636364,1.05689877454,0.347276990411,3.54545454545,3.04338842975,1.05689877454,3.54545454545,0.499047619048,0.4,8,0.0484848484848,0.255555555556,11,11,11,1,0,0.0909090909091,0.636363636364,0.272727272727,11,0.118181818182,3.72727272727,2.36363636364,1.3,1.625,1.43336856898,0.6064251638,0.286713286713,0.603022689156,0.510249967747,0.237762237762,1.40129809949,1.18571377649,0.503496503497,2.05382127221,0.551025219373,7,3.72727272727,2.05382127221,7,0,0,0,0,0.22962962963,11,11,11,1,0,0.0909090909091,0.636363636364,0.272727272727,11,18,0.163636363636,3.21818181818,3.27272727273,1.8,2,1.27207775634,0.388690425549,0.191919191919,0.924416277737,0.564921058617,0.292929292929,1.50151438706,0.917592125425,0.454545454545,1.30485108868,0.405462202698,4.55,3.21818181818,1.30485108868,4.55,0.28,0.204545454545,3,0.0181818181818,0.2,11,11,11,1,0,0.0909090909091,0.727272727273,0.181818181818,-2,-0.0181818181818,0.17479338843,-0.363636363636,-0.2,-0.5,-0.417462256367,-0.0759330779459,-0.0535353535354,-0.243332138505,-0.0773405703161,-0.0434343434343,-0.438494984989,-0.149413029202,-0.0818181818182,0.247952314146,0.0581852122867,1.00454545455,0.17479338843,0.247952314146,1.00454545455,-0.219047619048,-0.195454545455,-5,-0.030303030303,-0.0555555555556,0,0.0909090909091,-0.0909090909091,17,1,3,89,0.85,0.988888888889,0.0111111111111,0.15,0.944444444444,0.85,0.894736842105,0.874602125628,0.838888888889,0.809523809524,5,7,0,0,0,0
1787,WLNM_dir_neg,0.84693877551,0.470929070929,00:00:00,10,40,49,1174695198,threshold_sweep,0.5,0.8,0.571428571429,0.666666666667,4,1,3,13,0.571428571429,0.928571428571,0.0714285714286,0.428571428571,0.8,0.571428571429,0.666666666667,0.809523809524,0.587301587302,0.538461538462,0.553398590529,0.5,20,13,7,0,20,0,13,0,7,11,20,0.181818181818,3.04338842975,3.63636363636,2,2.5,1.68954001271,0.464623503495,0.245454545455,1.16774841624,0.642261628933,0.336363636364,1.94000937205,1.06700515463,0.536363636364,1.05689877454,0.347276990411,3.54545454545,3.04338842975,1.05689877454,3.54545454545,0.499047619048,0.4,8,0.0484848484848,0.255555555556,11,11,11,1,0,0.0909090909091,0.636363636364,0.272727272727,11,0.118181818182,3.72727272727,2.36363636364,1.3,1.625,1.43336856898,0.6064251638,0.286713286713,0.603022689156,0.510249967747,0.237762237762,1.40129809949,1.18571377649,0.503496503497,2.05382127221,0.551025219373,7,3.72727272727,2.05382127221,7,0,0,0,0,0.22962962963,11,11,11,1,0,0.0909090909091,0.636363636364,0.272727272727,11,18,0.163636363636,3.21818181818,3.27272727273,1.8,2,1.27207775634,0.388690425549,0.191919191919,0.924416277737,0.564921058617,0.292929292929,1.50151438706,0.917592125425,0.454545454545,1.30485108868,0.405462202698,4.55,3.21818181818,1.30485108868,4.55,0.28,0.204545454545,3,0.0181818181818,0.2,11,11,11,1,0,0.0909090909091,0.727272727273,0.181818181818,-2,-0.0181818181818,0.17479338843,-0.363636363636,-0.2,-0.5,-0.417462256367,-0.0759330779459,-0.0535353535354,-0.243332138505,-0.0773405703161,-0.0434343434343,-0.438494984989,-0.149413029202,-0.0818181818182,0.247952314146,0.0581852122867,1.00454545455,0.17479338843,0.247952314146,1.00454545455,-0.219047619048,-0.195454545455,-5,-0.030303030303,-0.0555555555556,0,0.0909090909091,-0.0909090909091,17,1,3,89,0.85,0.988888888889,0.0111111111111,0.15,0.944444444444,0.85,0.894736842105,0.874602125628,0.838888888889,0.809523809524,5,7,0,0,0,0
1788,WLNM_dir_neg,0.84693877551,0.470929070929,00:00:00,10,40,49,1174695198,threshold_sweep,0.6,0.8,0.571428571429,0.666666666667,4,1,3,13,0.571428571429,0.928571428571,0.0714285714286,0.428571428571,0.8,0.571428571429,0.666666666667,0.809523809524,0.587301587302,0.538461538462,0.553398590529,0.5,20,13,7,0,20,0,13,0,7,11,20,0.181818181818,3.04338842975,3.63636363636,2,2.5,1.68954001271,0.464623503495,0.245454545455,1.16774841624,0.642261628933,0.336363636364,1.94000937205,1.06700515463,0.536363636364,1.05689877454,0.347276990411,3.54545454545,3.04338842975,1.05689877454,3.54545454545,0.499047619048,0.4,8,0.0484848484848,0.255555555556,11,11,11,1,0,0.0909090909091,0.636363636364,0.272727272727,11,0.118181818182,3.72727272727,2.36363636364,1.3,1.625,1.43336856898,0.6064251638,0.286713286713,0.603022689156,0.510249967747,0.237762237762,1.40129809949,1.18571377649,0.503496503497,2.05382127221,0.551025219373,7,3.72727272727,2.05382127221,7,0,0,0,0,0.22962962963,11,11,11,1,0,0.0909090909091,0.636363636364,0.272727272727,11,18,0.163636363636,3.21818181818,3.27272727273,1.8,2,1.27207775634,0.388690425549,0.191919191919,0.924416277737,0.564921058617,0.292929292929,1.50151438706,0.917592125425,0.454545454545,1.30485108868,0.405462202698,4.55,3.21818181818,1.30485108868,4.55,0.28,0.204545454545,3,0.0181818181818,0.2,11,11,11,1,0,0.0909090909091,0.727272727273,0.181818181818,-2,-0.0181818181818,0.17479338843,-0.363636363636,-0.2,-0.5,-0.417462256367,-0.0759330779459,-0.0535353535354,-0.243332138505,-0.0773405703161,-0.0434343434343,-0.438494984989,-0.149413029202,-0.0818181818182,0.247952314146,0.0581852122867,1.00454545455,0.17479338843,0.247952314146,1.00454545455,-0.219047619048,-0.195454545455,-5,-0.030303030303,-0.0555555555556,0,0.0909090909091,-0.0909090909091,17,1,3,89,0.85,0.988888888889,0.0111111111111,0.15,0.944444444444,0.85,0.894736842105,0.874602125628,0.838888888889,0.809523809524,5,7,0,0,0,0
1789,WLNM_dir_neg,0.84693877551,0.470929070929,00:00:00,10,40,49,1174695198,threshold_sweep,0.7,0.8,0.571428571429,0.666666666667,4,1,3,13,0.571428571429,0.928571428571,0.0714285714286,0.428571428571,0.8,0.571428571429,0.666666666667,0.809523809524,0.587301587302,0.538461538462,0.553398590529,0.5,20,13,7,0,20,0,13,0,7,11,20,0.181818181818,3.04338842975,3.63636363636,2,2.5,1.68954001271,0.464623503495,0.245454545455,1.16774841624,0.642261628933,0.336363636364,1.94000937205,1.06700515463,0.536363636364,1.05689877454,0.347276990411,3.54545454545,3.04338842975,1.05689877454,3.54545454545,0.499047619048,0.4,8,0.0484848484848,0.255555555556,11,11,11,1,0,0.0909090909091,0.636363636364,0.272727272727,11,0.118181818182,3.72727272727,2.36363636364,1.3,1.625,1.43336856898,0.6064251638,0.286713286713,0.603022689156,0.510249967747,0.237762237762,1.40129809949,1.18571377649,0.503496503497,2.05382127221,0.551025219373,7,3.72727272727,2.05382127221,7,0,0,0,0,0.22962962963,11,11,11,1,0,0.0909090909091,0.636363636364,0.272727272727,11,18,0.163636363636,3.21818181818,3.27272727273,1.8,2,1.27207775634,0.388690425549,0.191919191919,0.924416277737,0.564921058617,0.292929292929,1.50151438706,0.917592125425,0.454545454545,1.30485108868,0.405462202698,4.55,3.21818181818,1.30485108868,4.55,0.28,0.204545454545,3,0.0181818181818,0.2,11,11,11,1,0,0.0909090909091,0.727272727273,0.181818181818,-2,-0.0181818181818,0.17479338843,-0.363636363636,-0.2,-0.5,-0.417462256367,-0.0759330779459,-0.0535353535354,-0.243332138505,-0.0773405703161,-0.0434343434343,-0.438494984989,-0.149413029202,-0.0818181818182,0.247952314146,0.0581852122867,1.00454545455,0.17479338843,0.247952314146,1.00454545455,-0.219047619048,-0.195454545455,-5,-0.030303030303,-0.0555555555556,0,0.0909090909091,-0.0909090909091,17,1,3,89,0.85,0.988888888889,0.0111111111111,0.15,0.944444444444,0.85,0.894736842105,0.874602125628,0.838888888889,0.809523809524,5,7,0,0,0,0
1790,WLNM_dir_neg,0.84693877551,0.470929070929,00:00:00,10,40,49,1174695198,threshold_sweep,0.8,0.8,0.571428571429,0.666666666667,4,1,3,13,0.571428571429,0.928571428571,0.0714285714286,0.428571428571,0.8,0.571428571429,0.666666666667,0.809523809524,0.587301587302,0.538461538462,0.553398590529,0.5,20,13,7,0,20,0,13,0,7,11,20,0.181818181818,3.04338842975,3.63636363636,2,2.5,1.68954001271,0.464623503495,0.245454545455,1.16774841624,0.642261628933,0.336363636364,1.94000937205,1.06700515463,0.536363636364,1.05689877454,0.347276990411,3.54545454545,3.04338842975,1.05689877454,3.54545454545,0.499047619048,0.4,8,0.0484848484848,0.255555555556,11,11,11,1,0,0.0909090909091,0.636363636364,0.272727272727,11,0.118181818182,3.72727272727,2.36363636364,1.3,1.625,1.43336856898,0.6064251638,0.286713286713,0.603022689156,0.510249967747,0.237762237762,1.40129809949,1.18571377649,0.503496503497,2.05382127221,0.551025219373,7,3.72727272727,2.05382127221,7,0,0,0,0,0.22962962963,11,11,11,1,0,0.0909090909091,0.636363636364,0.272727272727,11,18,0.163636363636,3.21818181818,3.27272727273,1.8,2,1.27207775634,0.388690425549,0.191919191919,0.924416277737,0.564921058617,0.292929292929,1.50151438706,0.917592125425,0.454545454545,1.30485108868,0.405462202698,4.55,3.21818181818,1.30485108868,4.55,0.28,0.204545454545,3,0.0181818181818,0.2,11,11,11,1,0,0.0909090909091,0.727272727273,0.181818181818,-2,-0.0181818181818,0.17479338843,-0.363636363636,-0.2,-0.5,-0.417462256367,-0.0759330779459,-0.0535353535354,-0.243332138505,-0.0773405703161,-0.0434343434343,-0.438494984989,-0.149413029202,-0.0818181818182,0.247952314146,0.0581852122867,1.00454545455,0.17479338843,0.247952314146,1.00454545455,-0.219047619048,-0.195454545455,-5,-0.030303030303,-0.0555555555556,0,0.0909090909091,-0.0909090909091,17,1,3,89,0.85,0.988888888889,0.0111111111111,0.15,0.944444444444,0.85,0.894736842105,0.874602125628,0.838888888889,0.809523809524,5,7,0,0,0,0
1791,WLNM_dir_neg,0.84693877551,0.470929070929,00:00:00,10,40,49,1174695198,threshold_sweep,0.9,0.8,0.571428571429,0.666666666667,4,1,3,13,0.571428571429,0.928571428571,0.0714285714286,0.428571428571,0.8,0.571428571429,0.666666666667,0.809523809524,0.587301587302,0.538461538462,0.553398590529,0.5,20,13,7,0,20,0,13,0,7,11,20,0.181818181818,3.04338842975,3.63636363636,2,2.5,1.68954001271,0.464623503495,0.245454545455,1.16774841624,0.642261628933,0.336363636364,1.94000937205,1.06700515463,0.536363636364,1.05689877454,0.347276990411,3.54545454545,3.04338842975,1.05689877454,3.54545454545,0.499047619048,0.4,8,0.0484848484848,0.255555555556,11,11,11,1,0,0.0909090909091,0.636363636364,0.272727272727,11,0.118181818182,3.72727272727,2.36363636364,1.3,1.625,1.43336856898,0.6064251638,0.286713286713,0.603022689156,0.510249967747,0.237762237762,1.40129809949,1.18571377649,0.503496503497,2.05382127221,0.551025219373,7,3.72727272727,2.05382127221,7,0,0,0,0,0.22962962963,11,11,11,1,0,0.0909090909091,0.636363636364,0.272727272727,11,18,0.163636363636,3.21818181818,3.27272727273,1.8,2,1.27207775634,0.388690425549,0.191919191919,0.924416277737,0.564921058617,0.292929292929,1.50151438706,0.917592125425,0.454545454545,1.30485108868,0.405462202698,4.55,3.21818181818,1.30485108868,4.55,0.28,0.204545454545,3,0.0181818181818,0.2,11,11,11,1,0,0.0909090909091,0.727272727273,0.181818181818,-2,-0.0181818181818,0.17479338843,-0.363636363636,-0.2,-0.5,-0.417462256367,-0.0759330779459,-0.0535353535354,-0.243332138505,-0.0773405703161,-0.0434343434343,-0.438494984989,-0.149413029202,-0.0818181818182,0.247952314146,0.0581852122867,1.00454545455,0.17479338843,0.247952314146,1.00454545455,-0.219047619048,-0.195454545455,-5,-0.030303030303,-0.0555555555556,0,0.0909090909091,-0.0909090909091,17,1,3,89,0.85,0.988888888889,0.0111111111111,0.15,0.944444444444,0.85,0.894736842105,0.874602125628,0.838888888889,0.809523809524,5,7,0,0,0,0
1792,WLNM_dir_neg,0.918367346939,0.607339089482,00:00:00,10,40,50,1174695199,threshold_sweep,0.1,1,0.714285714286,0.833333333333,5,0,2,14,0.714285714286,1,0,0.285714285714,1,0.714285714286,0.833333333333,0.904761904762,0.587301587302,0.769230769231,0.790569415042,0.714285714286,20,13,7,0,20,0,13,0,7,11,20,0.181818181818,3.04338842975,3.63636363636,2,2.5,1.68954001271,0.464623503495,0.245454545455,1.16774841624,0.642261628933,0.336363636364,1.94000937205,1.06700515463,0.536363636364,1.05689877454,0.347276990411,3.54545454545,3.04338842975,1.05689877454,3.54545454545,0.499047619048,0.4,8,0.0484848484848,0.255555555556,11,11,11,1,0,0.0909090909091,0.636363636364,0.272727272727,11,0.118181818182,3.72727272727,2.36363636364,1.3,1.625,1.43336856898,0.6064251638,0.286713286713,0.603022689156,0.510249967747,0.237762237762,1.40129809949,1.18571377649,0.503496503497,2.05382127221,0.551025219373,7,3.72727272727,2.05382127221,7,0,0,0,0,0.22962962963,11,11,11,1,0,0.0909090909091,0.636363636364,0.272727272727,11,18,0.163636363636,3.11363636364,3.27272727273,1.8,2.25,1.42062726223,0.434080552347,0.227272727273,0.924416277737,0.564921058617,0.292929292929,1.68954001271,1.03249667443,0.525252525253,1.14353419474,0.367266456706,3.875,3.11363636364,1.14353419474,3.875,0.366666666667,0.266666666667,4,0.0242424242424,0.221111111111,11,11,11,1,0,0.0909090909091,0.636363636364,0.272727272727,-2,-0.0181818181818,0.0702479338843,-0.363636363636,-0.2,-0.25,-0.268912750482,-0.030542951148,-0.0181818181818,-0.243332138505,-0.0773405703161,-0.0434343434343,-0.250469359339,-0.0345084801933,-0.0111111111111,0.0866354202056,0.0199894662943,0.329545454545,0.0702479338843,0.0866354202056,0.329545454545,-0.132380952381,-0.133333333333,-4,-0.0242424242424,-0.0344444444444,0,0,0,18,0,2,90,0.9,1,0,0.1,1,0.9,0.947368421053,0.938314863257,0.9,0.9,5,7,0,0,0,0
1793,WLNM_dir_neg,0.918367346939,0.607339089482,00:00:00,10,40,50,1174695199,threshold_sweep,0.2,1,0.571428571429,0.727272727273,4,0,3,14,0.571428571429,1,0,0.428571428571,1,0.571428571429,0.727272727273,0.857142857143,0.603174603175,0.64,0.68599434057,0.571428571429,20,13,7,0,20,0,13,0,7,11,20,0.181818181818,3.04338842975,3.63636363636,2,2.5,1.68954001271,0.464623503495,0.245454545455,1.16774841624,0.642261628933,0.336363636364,1.94000937205,1.06700515463,0.536363636364,1.05689877454,0.347276990411,3.54545454545,3.04338842975,1.05689877454,3.54545454545,0.499047619048,0.4,8,0.0484848484848,0.255555555556,11,11,11,1,0,0.0909090909091,0.636363636364,0.272727272727,11,0.118181818182,3.72727272727,2.36363636364,1.3,1.625,1.43336856898,0.6064251638,0.286713286713,0.603022689156,0.510249967747,0.237762237762,1.40129809949,1.18571377649,0.503496503497,2.05382127221,0.551025219373,7,3.72727272727,2.05382127221,7,0,0,0,0,0.22962962963,11,11,11,1,0,0.0909090909091,0.636363636364,0.272727272727,11,17,0.154545454545,3.17727272727,3.09090909091,1.7,2.125,1.30034960334,0.420701342257,0.208556149733,0.820199532265,0.530717344407,0.267379679144,1.57249078621,1.01749403814,0.513368983957,1.2536673475,0.394573414091,4.4,3.17727272727,1.2536673475,4.4,0.213333333333,0.153846153846,2,0.0121212121212,0.205555555556,11,11,11,1,0,0.0909090909091,0.636363636364,0.272727272727,-3,-0.0272727272727,0.133884297521,-0.545454545455,-0.3,-0.375,-0.389190409368,-0.0439221612377,-0.0368983957219,-0.347548883978,-0.111544284527,-0.0689839572193,-0.367518585835,-0.0495111164884,-0.0229946524064,0.196768572961,0.0472964236795,0.854545454545,0.133884297521,0.196768572961,0.854545454545,-0.285714285714,-0.246153846154,-6,-0.0363636363636,-0.05,0,0,0,17,0,3,90,0.85,1,0,0.15,1,0.85,0.918918918919,0.906962317388,0.85,0.85,4,7,0,0,0,0
1794,WLNM_dir_neg,0.918367346939,0.607339089482,00:00:00,10,40,50,1174695199,threshold_sweep,0.3,1,0.571428571429,0.727272727273,4,0,3,14,0.571428571429,1,0,0.428571428571,1,0.571428571429,0.727272727273,0.857142857143,0.603174603175,0.64,0.68599434057,0.571428571429,20,13,7,0,20,0,13,0,7,11,20,0.181818181818,3.04338842975,3.63636363636,2,2.5,1.68954001271,0.464623503495,0.245454545455,1.16774841624,0.642261628933,0.336363636364,1.94000937205,1.06700515463,0.536363636364,1.05689877454,0.347276990411,3.54545454545,3.04338842975,1.05689877454,3.54545454545,0.499047619048,0.4,8,0.0484848484848,0.255555555556,11,11,11,1,0,0.0909090909091,0.636363636364,0.272727272727,11,0.118181818182,3.72727272727,2.36363636364,1.3,1.625,1.43336856898,0.6064251638,0.286713286713,0.603022689156,0.510249967747,0.237762237762,1.40129809949,1.18571377649,0.503496503497,2.05382127221,0.551025219373,7,3.72727272727,2.05382127221,7,0,0,0,0,0.22962962963,11,11,11,1,0,0.0909090909091,0.636363636364,0.272727272727,11,17,0.154545454545,3.17727272727,3.09090909091,1.7,2.125,1.30034960334,0.420701342257,0.208556149733,0.820199532265,0.530717344407,0.267379679144,1.57249078621,1.01749403814,0.513368983957,1.2536673475,0.394573414091,4.4,3.17727272727,1.2536673475,4.4,0.213333333333,0.153846153846,2,0.0121212121212,0.205555555556,11,11,11,1,0,0.0909090909091,0.636363636364,0.272727272727,-3,-0.0272727272727,0.133884297521,-0.545454545455,-0.3,-0.375,-0.389190409368,-0.0439221612377,-0.0368983957219,-0.347548883978,-0.111544284527,-0.0689839572193,-0.367518585835,-0.0495111164884,-0.0229946524064,0.196768572961,0.0472964236795,0.854545454545,0.133884297521,0.196768572961,0.854545454545,-0.285714285714,-0.246153846154,-6,-0.0363636363636,-0.05,0,0,0,17,0,3,90,0.85,1,0,0.15,1,0.85,0.918918918919,0.906962317388,0.85,0.85,4,7,0,0,0,0
1795,WLNM_dir_neg,0.918367346939,0.607339089482,00:00:00,10,40,50,1174695199,threshold_sweep,0.4,1,0.571428571429,0.727272727273,4,0,3,14,0.571428571429,1,0,0.428571428571,1,0.571428571429,0.727272727273,0.857142857143,0.603174603175,0.64,0.68599434057,0.571428571429,20,13,7,0,20,0,13,0,7,11,20,0.181818181818,3.04338842975,3.63636363636,2,2.5,1.68954001271,0.464623503495,0.245454545455,1.16774841624,0.642261628933,0.336363636364,1.94000937205,1.06700515463,0.536363636364,1.05689877454,0.347276990411,3.54545454545,3.04338842975,1.05689877454,3.54545454545,0.499047619048,0.4,8,0.0484848484848,0.255555555556,11,11,11,1,0,0.0909090909091,0.636363636364,0.272727272727,11,0.118181818182,3.72727272727,2.36363636364,1.3,1.625,1.43336856898,0.6064251638,0.286713286713,0.603022689156,0.510249967747,0.237762237762,1.40129809949,1.18571377649,0.503496503497,2.05382127221,0.551025219373,7,3.72727272727,2.05382127221,7,0,0,0,0,0.22962962963,11,11,11,1,0,0.0909090909091,0.636363636364,0.272727272727,11,17,0.154545454545,3.17727272727,3.09090909091,1.7,2.125,1.30034960334,0.420701342257,0.208556149733,0.820199532265,0.530717344407,0.267379679144,1.57249078621,1.01749403814,0.513368983957,1.2536673475,0.394573414091,4.4,3.17727272727,1.2536673475,4.4,0.213333333333,0.153846153846,2,0.0121212121212,0.205555555556,11,11,11,1,0,0.0909090909091,0.636363636364,0.272727272727,-3,-0.0272727272727,0.133884297521,-0.545454545455,-0.3,-0.375,-0.389190409368,-0.0439221612377,-0.0368983957219,-0.347548883978,-0.111544284527,-0.0689839572193,-0.367518585835,-0.0495111164884,-0.0229946524064,0.196768572961,0.0472964236795,0.854545454545,0.133884297521,0.196768572961,0.854545454545,-0.285714285714,-0.246153846154,-6,-0.0363636363636,-0.05,0,0,0,17,0,3,90,0.85,1,0,0.15,1,0.85,0.918918918919,0.906962317388,0.85,0.85,4,7,0,0,0,0
1796,WLNM_dir_neg,0.918367346939,0.607339089482,00:00:00,10,40,50,1174695199,threshold_sweep,0.5,1,0.571428571429,0.727272727273,4,0,3,14,0.571428571429,1,0,0.428571428571,1,0.571428571429,0.727272727273,0.857142857143,0.603174603175,0.64,0.68599434057,0.571428571429,20,13,7,0,20,0,13,0,7,11,20,0.181818181818,3.04338842975,3.63636363636,2,2.5,1.68954001271,0.464623503495,0.245454545455,1.16774841624,0.642261628933,0.336363636364,1.94000937205,1.06700515463,0.536363636364,1.05689877454,0.347276990411,3.54545454545,3.04338842975,1.05689877454,3.54545454545,0.499047619048,0.4,8,0.0484848484848,0.255555555556,11,11,11,1,0,0.0909090909091,0.636363636364,0.272727272727,11,0.118181818182,3.72727272727,2.36363636364,1.3,1.625,1.43336856898,0.6064251638,0.286713286713,0.603022689156,0.510249967747,0.237762237762,1.40129809949,1.18571377649,0.503496503497,2.05382127221,0.551025219373,7,3.72727272727,2.05382127221,7,0,0,0,0,0.22962962963,11,11,11,1,0,0.0909090909091,0.636363636364,0.272727272727,11,17,0.154545454545,3.17727272727,3.09090909091,1.7,2.125,1.30034960334,0.420701342257,0.208556149733,0.820199532265,0.530717344407,0.267379679144,1.57249078621,1.01749403814,0.513368983957,1.2536673475,0.394573414091,4.4,3.17727272727,1.2536673475,4.4,0.213333333333,0.153846153846,2,0.0121212121212,0.205555555556,11,11,11,1,0,0.0909090909091,0.636363636364,0.272727272727,-3,-0.0272727272727,0.133884297521,-0.545454545455,-0.3,-0.375,-0.389190409368,-0.0439221612377,-0.0368983957219,-0.347548883978,-0.111544284527,-0.0689839572193,-0.367518585835,-0.0495111164884,-0.0229946524064,0.196768572961,0.0472964236795,0.854545454545,0.133884297521,0.196768572961,0.854545454545,-0.285714285714,-0.246153846154,-6,-0.0363636363636,-0.05,0,0,0,17,0,3,90,0.85,1,0,0.15,1,0.85,0.918918918919,0.906962317388,0.85,0.85,4,7,0,0,0,0
1797,WLNM_dir_neg,0.918367346939,0.607339089482,00:00:00,10,40,50,1174695199,threshold_sweep,0.6,1,0.571428571429,0.727272727273,4,0,3,14,0.571428571429,1,0,0.428571428571,1,0.571428571429,0.727272727273,0.857142857143,0.603174603175,0.64,0.68599434057,0.571428571429,20,13,7,0,20,0,13,0,7,11,20,0.181818181818,3.04338842975,3.63636363636,2,2.5,1.68954001271,0.464623503495,0.245454545455,1.16774841624,0.642261628933,0.336363636364,1.94000937205,1.06700515463,0.536363636364,1.05689877454,0.347276990411,3.54545454545,3.04338842975,1.05689877454,3.54545454545,0.499047619048,0.4,8,0.0484848484848,0.255555555556,11,11,11,1,0,0.0909090909091,0.636363636364,0.272727272727,11,0.118181818182,3.72727272727,2.36363636364,1.3,1.625,1.43336856898,0.6064251638,0.286713286713,0.603022689156,0.510249967747,0.237762237762,1.40129809949,1.18571377649,0.503496503497,2.05382127221,0.551025219373,7,3.72727272727,2.05382127221,7,0,0,0,0,0.22962962963,11,11,11,1,0,0.0909090909091,0.636363636364,0.272727272727,11,17,0.154545454545,3.17727272727,3.09090909091,1.7,2.125,1.30034960334,0.420701342257,0.208556149733,0.820199532265,0.530717344407,0.267379679144,1.57249078621,1.01749403814,0.513368983957,1.2536673475,0.394573414091,4.4,3.17727272727,1.2536673475,4.4,0.213333333333,0.153846153846,2,0.0121212121212,0.205555555556,11,11,11,1,0,0.0909090909091,0.636363636364,0.272727272727,-3,-0.0272727272727,0.133884297521,-0.545454545455,-0.3,-0.375,-0.389190409368,-0.0439221612377,-0.0368983957219,-0.347548883978,-0.111544284527,-0.0689839572193,-0.367518585835,-0.0495111164884,-0.0229946524064,0.196768572961,0.0472964236795,0.854545454545,0.133884297521,0.196768572961,0.854545454545,-0.285714285714,-0.246153846154,-6,-0.0363636363636,-0.05,0,0,0,17,0,3,90,0.85,1,0,0.15,1,0.85,0.918918918919,0.906962317388,0.85,0.85,4,7,0,0,0,0
1798,WLNM_dir_neg,0.918367346939,0.607339089482,00:00:00,10,40,50,1174695199,threshold_sweep,0.7,1,0.571428571429,0.727272727273,4,0,3,14,0.571428571429,1,0,0.428571428571,1,0.571428571429,0.727272727273,0.857142857143,0.603174603175,0.64,0.68599434057,0.571428571429,20,13,7,0,20,0,13,0,7,11,20,0.181818181818,3.04338842975,3.63636363636,2,2.5,1.68954001271,0.464623503495,0.245454545455,1.16774841624,0.642261628933,0.336363636364,1.94000937205,1.06700515463,0.536363636364,1.05689877454,0.347276990411,3.54545454545,3.04338842975,1.05689877454,3.54545454545,0.499047619048,0.4,8,0.0484848484848,0.255555555556,11,11,11,1,0,0.0909090909091,0.636363636364,0.272727272727,11,0.118181818182,3.72727272727,2.36363636364,1.3,1.625,1.43336856898,0.6064251638,0.286713286713,0.603022689156,0.510249967747,0.237762237762,1.40129809949,1.18571377649,0.503496503497,2.05382127221,0.551025219373,7,3.72727272727,2.05382127221,7,0,0,0,0,0.22962962963,11,11,11,1,0,0.0909090909091,0.636363636364,0.272727272727,11,17,0.154545454545,3.17727272727,3.09090909091,1.7,2.125,1.30034960334,0.420701342257,0.208556149733,0.820199532265,0.530717344407,0.267379679144,1.57249078621,1.01749403814,0.513368983957,1.2536673475,0.394573414091,4.4,3.17727272727,1.2536673475,4.4,0.213333333333,0.153846153846,2,0.0121212121212,0.205555555556,11,11,11,1,0,0.0909090909091,0.636363636364,0.272727272727,-3,-0.0272727272727,0.133884297521,-0.545454545455,-0.3,-0.375,-0.389190409368,-0.0439221612377,-0.0368983957219,-0.347548883978,-0.111544284527,-0.0689839572193,-0.367518585835,-0.0495111164884,-0.0229946524064,0.196768572961,0.0472964236795,0.854545454545,0.133884297521,0.196768572961,0.854545454545,-0.285714285714,-0.246153846154,-6,-0.0363636363636,-0.05,0,0,0,17,0,3,90,0.85,1,0,0.15,1,0.85,0.918918918919,0.906962317388,0.85,0.85,4,7,0,0,0,0
1799,WLNM_dir_neg,0.918367346939,0.607339089482,00:00:00,10,40,50,1174695199,threshold_sweep,0.8,1,0.571428571429,0.727272727273,4,0,3,14,0.571428571429,1,0,0.428571428571,1,0.571428571429,0.727272727273,0.857142857143,0.603174603175,0.64,0.68599434057,0.571428571429,20,13,7,0,20,0,13,0,7,11,20,0.181818181818,3.04338842975,3.63636363636,2,2.5,1.68954001271,0.464623503495,0.245454545455,1.16774841624,0.642261628933,0.336363636364,1.94000937205,1.06700515463,0.536363636364,1.05689877454,0.347276990411,3.54545454545,3.04338842975,1.05689877454,3.54545454545,0.499047619048,0.4,8,0.0484848484848,0.255555555556,11,11,11,1,0,0.0909090909091,0.636363636364,0.272727272727,11,0.118181818182,3.72727272727,2.36363636364,1.3,1.625,1.43336856898,0.6064251638,0.286713286713,0.603022689156,0.510249967747,0.237762237762,1.40129809949,1.18571377649,0.503496503497,2.05382127221,0.551025219373,7,3.72727272727,2.05382127221,7,0,0,0,0,0.22962962963,11,11,11,1,0,0.0909090909091,0.636363636364,0.272727272727,11,17,0.154545454545,3.17727272727,3.09090909091,1.7,2.125,1.30034960334,0.420701342257,0.208556149733,0.820199532265,0.530717344407,0.267379679144,1.57249078621,1.01749403814,0.513368983957,1.2536673475,0.394573414091,4.4,3.17727272727,1.2536673475,4.4,0.213333333333,0.153846153846,2,0.0121212121212,0.205555555556,11,11,11,1,0,0.0909090909091,0.636363636364,0.272727272727,-3,-0.0272727272727,0.133884297521,-0.545454545455,-0.3,-0.375,-0.389190409368,-0.0439221612377,-0.0368983957219,-0.347548883978,-0.111544284527,-0.0689839572193,-0.367518585835,-0.0495111164884,-0.0229946524064,0.196768572961,0.0472964236795,0.854545454545,0.133884297521,0.196768572961,0.854545454545,-0.285714285714,-0.246153846154,-6,-0.0363636363636,-0.05,0,0,0,17,0,3,90,0.85,1,0,0.15,1,0.85,0.918918918919,0.906962317388,0.85,0.85,4,7,0,0,0,0
1800,WLNM_dir_neg,0.918367346939,0.607339089482,00:00:00,10,40,50,1174695199,threshold_sweep,0.9,1,0.571428571429,0.727272727273,4,0,3,14,0.571428571429,1,0,0.428571428571,1,0.571428571429,0.727272727273,0.857142857143,0.603174603175,0.64,0.68599434057,0.571428571429,20,13,7,0,20,0,13,0,7,11,20,0.181818181818,3.04338842975,3.63636363636,2,2.5,1.68954001271,0.464623503495,0.245454545455,1.16774841624,0.642261628933,0.336363636364,1.94000937205,1.06700515463,0.536363636364,1.05689877454,0.347276990411,3.54545454545,3.04338842975,1.05689877454,3.54545454545,0.499047619048,0.4,8,0.0484848484848,0.255555555556,11,11,11,1,0,0.0909090909091,0.636363636364,0.272727272727,11,0.118181818182,3.72727272727,2.36363636364,1.3,1.625,1.43336856898,0.6064251638,0.286713286713,0.603022689156,0.510249967747,0.237762237762,1.40129809949,1.18571377649,0.503496503497,2.05382127221,0.551025219373,7,3.72727272727,2.05382127221,7,0,0,0,0,0.22962962963,11,11,11,1,0,0.0909090909091,0.636363636364,0.272727272727,11,17,0.154545454545,3.17727272727,3.09090909091,1.7,2.125,1.30034960334,0.420701342257,0.208556149733,0.820199532265,0.530717344407,0.267379679144,1.57249078621,1.01749403814,0.513368983957,1.2536673475,0.394573414091,4.4,3.17727272727,1.2536673475,4.4,0.213333333333,0.153846153846,2,0.0121212121212,0.205555555556,11,11,11,1,0,0.0909090909091,0.636363636364,0.272727272727,-3,-0.0272727272727,0.133884297521,-0.545454545455,-0.3,-0.375,-0.389190409368,-0.0439221612377,-0.0368983957219,-0.347548883978,-0.111544284527,-0.0689839572193,-0.367518585835,-0.0495111164884,-0.0229946524064,0.196768572961,0.0472964236795,0.854545454545,0.133884297521,0.196768572961,0.854545454545,-0.285714285714,-0.246153846154,-6,-0.0363636363636,-0.05,0,0,0,17,0,3,90,0.85,1,0,0.15,1,0.85,0.918918918919,0.906962317388,0.85,0.85,4,7,0,0,0,0
1801,WLNM_dir_neg,0.775510204082,0.409851953602,00:00:01,10,50,1,1175612450,threshold_sweep,0.1,0.8,0.571428571429,0.666666666667,4,1,3,13,0.571428571429,0.928571428571,0.0714285714286,0.428571428571,0.8,0.571428571429,0.666666666667,0.809523809524,0.587301587302,0.538461538462,0.553398590529,0.5,20,13,7,0,20,0,13,0,7,11,20,0.181818181818,3.04338842975,3.63636363636,2,2.5,1.68954001271,0.464623503495,0.245454545455,1.16774841624,0.642261628933,0.336363636364,1.94000937205,1.06700515463,0.536363636364,1.05689877454,0.347276990411,3.54545454545,3.04338842975,1.05689877454,3.54545454545,0.499047619048,0.4,8,0.0484848484848,0.255555555556,11,11,11,1,0,0.0909090909091,0.636363636364,0.272727272727,11,0.118181818182,3.72727272727,2.36363636364,1.3,1.625,1.43336856898,0.6064251638,0.286713286713,0.603022689156,0.510249967747,0.237762237762,1.40129809949,1.18571377649,0.503496503497,2.05382127221,0.551025219373,7,3.72727272727,2.05382127221,7,0,0,0,0,0.22962962963,11,11,11,1,0,0.0909090909091,0.636363636364,0.272727272727,11,18,0.163636363636,4.76818181818,3.27272727273,1.8,2.25,1.61807966991,0.494413232473,0.242424242424,0.809039834956,0.494413232473,0.242424242424,1.68954001271,1.03249667443,0.525252525253,1.75986828019,0.369085816628,6.4,4.76818181818,1.75986828019,6.4,0.213333333333,0.153846153846,2,0.0121212121212,0.218518518519,11,11,11,1,0,0.0909090909091,0.636363636364,0.272727272727,-2,-0.0181818181818,1.72479338843,-0.363636363636,-0.2,-0.25,-0.0714603427974,0.029789728978,-0.0030303030303,-0.358708581286,-0.14784839646,-0.0939393939394,-0.250469359339,-0.0345084801933,-0.0111111111111,0.702969505658,0.0218088262168,2.85454545455,1.72479338843,0.702969505658,2.85454545455,-0.285714285714,-0.246153846154,-6,-0.0363636363636,-0.037037037037,0,0,0,17,1,3,89,0.85,0.988888888889,0.0111111111111,0.15,0.944444444444,0.85,0.894736842105,0.874602125628,0.838888888889,0.809523809524,5,7,0,0,0,0
1802,WLNM_dir_neg,0.775510204082,0.409851953602,00:00:01,10,50,1,1175612450,threshold_sweep,0.2,0.8,0.571428571429,0.666666666667,4,1,3,13,0.571428571429,0.928571428571,0.0714285714286,0.428571428571,0.8,0.571428571429,0.666666666667,0.809523809524,0.587301587302,0.538461538462,0.553398590529,0.5,20,13,7,0,20,0,13,0,7,11,20,0.181818181818,3.04338842975,3.63636363636,2,2.5,1.68954001271,0.464623503495,0.245454545455,1.16774841624,0.642261628933,0.336363636364,1.94000937205,1.06700515463,0.536363636364,1.05689877454,0.347276990411,3.54545454545,3.04338842975,1.05689877454,3.54545454545,0.499047619048,0.4,8,0.0484848484848,0.255555555556,11,11,11,1,0,0.0909090909091,0.636363636364,0.272727272727,11,0.118181818182,3.72727272727,2.36363636364,1.3,1.625,1.43336856898,0.6064251638,0.286713286713,0.603022689156,0.510249967747,0.237762237762,1.40129809949,1.18571377649,0.503496503497,2.05382127221,0.551025219373,7,3.72727272727,2.05382127221,7,0,0,0,0,0.22962962963,11,11,11,1,0,0.0909090909091,0.636363636364,0.272727272727,11,18,0.163636363636,4.76818181818,3.27272727273,1.8,2.25,1.61807966991,0.494413232473,0.242424242424,0.809039834956,0.494413232473,0.242424242424,1.68954001271,1.03249667443,0.525252525253,1.75986828019,0.369085816628,6.4,4.76818181818,1.75986828019,6.4,0.213333333333,0.153846153846,2,0.0121212121212,0.218518518519,11,11,11,1,0,0.0909090909091,0.636363636364,0.272727272727,-2,-0.0181818181818,1.72479338843,-0.363636363636,-0.2,-0.25,-0.0714603427974,0.029789728978,-0.0030303030303,-0.358708581286,-0.14784839646,-0.0939393939394,-0.250469359339,-0.0345084801933,-0.0111111111111,0.702969505658,0.0218088262168,2.85454545455,1.72479338843,0.702969505658,2.85454545455,-0.285714285714,-0.246153846154,-6,-0.0363636363636,-0.037037037037,0,0,0,17,1,3,89,0.85,0.988888888889,0.0111111111111,0.15,0.944444444444,0.85,0.894736842105,0.874602125628,0.838888888889,0.809523809524,5,7,0,0,0,0
1803,WLNM_dir_neg,0.775510204082,0.409851953602,00:00:01,10,50,1,1175612450,threshold_sweep,0.3,0.75,0.428571428571,0.545454545455,3,1,4,13,0.428571428571,0.928571428571,0.0714285714286,0.571428571429,0.75,0.428571428571,0.545454545455,0.761904761905,0.603174603175,0.4,0.428746462856,0.357142857143,20,13,7,0,20,0,13,0,7,11,20,0.181818181818,3.04338842975,3.63636363636,2,2.5,1.68954001271,0.464623503495,0.245454545455,1.16774841624,0.642261628933,0.336363636364,1.94000937205,1.06700515463,0.536363636364,1.05689877454,0.347276990411,3.54545454545,3.04338842975,1.05689877454,3.54545454545,0.499047619048,0.4,8,0.0484848484848,0.255555555556,11,11,11,1,0,0.0909090909091,0.636363636364,0.272727272727,11,0.118181818182,3.72727272727,2.36363636364,1.3,1.625,1.43336856898,0.6064251638,0.286713286713,0.603022689156,0.510249967747,0.237762237762,1.40129809949,1.18571377649,0.503496503497,2.05382127221,0.551025219373,7,3.72727272727,2.05382127221,7,0,0,0,0,0.22962962963,11,11,11,1,0,0.0909090909091,0.636363636364,0.272727272727,11,17,0.154545454545,4.84090909091,3.09090909091,1.7,2.125,1.64039906453,0.530717344407,0.251336898396,0.687551650952,0.444886362381,0.20320855615,1.69491217257,1.09670787637,0.534759358289,1.86653814493,0.38557595482,6.66666666667,4.84090909091,1.86653814493,6.66666666667,0.213333333333,0.171428571429,2,0.0121212121212,0.214814814815,11,11,11,1,0,0.0909090909091,0.636363636364,0.272727272727,-3,-0.0272727272727,1.79752066116,-0.545454545455,-0.3,-0.375,-0.0491409481798,0.0660938409116,0.00588235294118,-0.48019676529,-0.197375266552,-0.133155080214,-0.245097199478,0.0297027217424,-0.00160427807487,0.809639370389,0.0382989644091,3.12121212121,1.79752066116,0.809639370389,3.12121212121,-0.285714285714,-0.228571428571,-6,-0.0363636363636,-0.0407407407407,0,0,0,16,1,4,89,0.8,0.988888888889,0.0111111111111,0.2,0.941176470588,0.8,0.864864864865,0.841755876268,0.788888888889,0.761904761905,4,7,0,0,0,0
1804,WLNM_dir_neg,0.775510204082,0.409851953602,00:00:01,10,50,1,1175612450,threshold_sweep,0.4,0.75,0.428571428571,0.545454545455,3,1,4,13,0.428571428571,0.928571428571,0.0714285714286,0.571428571429,0.75,0.428571428571,0.545454545455,0.761904761905,0.603174603175,0.4,0.428746462856,0.357142857143,20,13,7,0,20,0,13,0,7,11,20,0.181818181818,3.04338842975,3.63636363636,2,2.5,1.68954001271,0.464623503495,0.245454545455,1.16774841624,0.642261628933,0.336363636364,1.94000937205,1.06700515463,0.536363636364,1.05689877454,0.347276990411,3.54545454545,3.04338842975,1.05689877454,3.54545454545,0.499047619048,0.4,8,0.0484848484848,0.255555555556,11,11,11,1,0,0.0909090909091,0.636363636364,0.272727272727,11,0.118181818182,3.72727272727,2.36363636364,1.3,1.625,1.43336856898,0.6064251638,0.286713286713,0.603022689156,0.510249967747,0.237762237762,1.40129809949,1.18571377649,0.503496503497,2.05382127221,0.551025219373,7,3.72727272727,2.05382127221,7,0,0,0,0,0.22962962963,11,11,11,1,0,0.0909090909091,0.636363636364,0.272727272727,11,17,0.154545454545,4.84090909091,3.09090909091,1.7,2.125,1.64039906453,0.530717344407,0.251336898396,0.687551650952,0.444886362381,0.20320855615,1.69491217257,1.09670787637,0.534759358289,1.86653814493,0.38557595482,6.66666666667,4.84090909091,1.86653814493,6.66666666667,0.213333333333,0.171428571429,2,0.0121212121212,0.214814814815,11,11,11,1,0,0.0909090909091,0.636363636364,0.272727272727,-3,-0.0272727272727,1.79752066116,-0.545454545455,-0.3,-0.375,-0.0491409481798,0.0660938409116,0.00588235294118,-0.48019676529,-0.197375266552,-0.133155080214,-0.245097199478,0.0297027217424,-0.00160427807487,0.809639370389,0.0382989644091,3.12121212121,1.79752066116,0.809639370389,3.12121212121,-0.285714285714,-0.228571428571,-6,-0.0363636363636,-0.0407407407407,0,0,0,16,1,4,89,0.8,0.988888888889,0.0111111111111,0.2,0.941176470588,0.8,0.864864864865,0.841755876268,0.788888888889,0.761904761905,4,7,0,0,0,0
1805,WLNM_dir_neg,0.775510204082,0.409851953602,00:00:01,10,50,1,1175612450,threshold_sweep,0.5,0.75,0.428571428571,0.545454545455,3,1,4,13,0.428571428571,0.928571428571,0.0714285714286,0.571428571429,0.75,0.428571428571,0.545454545455,0.761904761905,0.603174603175,0.4,0.428746462856,0.357142857143,20,13,7,0,20,0,13,0,7,11,20,0.181818181818,3.04338842975,3.63636363636,2,2.5,1.68954001271,0.464623503495,0.245454545455,1.16774841624,0.642261628933,0.336363636364,1.94000937205,1.06700515463,0.536363636364,1.05689877454,0.347276990411,3.54545454545,3.04338842975,1.05689877454,3.54545454545,0.499047619048,0.4,8,0.0484848484848,0.255555555556,11,11,11,1,0,0.0909090909091,0.636363636364,0.272727272727,11,0.118181818182,3.72727272727,2.36363636364,1.3,1.625,1.43336856898,0.6064251638,0.286713286713,0.603022689156,0.510249967747,0.237762237762,1.40129809949,1.18571377649,0.503496503497,2.05382127221,0.551025219373,7,3.72727272727,2.05382127221,7,0,0,0,0,0.22962962963,11,11,11,1,0,0.0909090909091,0.636363636364,0.272727272727,11,17,0.154545454545,4.84090909091,3.09090909091,1.7,2.125,1.64039906453,0.530717344407,0.251336898396,0.687551650952,0.444886362381,0.20320855615,1.69491217257,1.09670787637,0.534759358289,1.86653814493,0.38557595482,6.66666666667,4.84090909091,1.86653814493,6.66666666667,0.213333333333,0.171428571429,2,0.0121212121212,0.214814814815,11,11,11,1,0,0.0909090909091,0.636363636364,0.272727272727,-3,-0.0272727272727,1.79752066116,-0.545454545455,-0.3,-0.375,-0.0491409481798,0.0660938409116,0.00588235294118,-0.48019676529,-0.197375266552,-0.133155080214,-0.245097199478,0.0297027217424,-0.00160427807487,0.809639370389,0.0382989644091,3.12121212121,1.79752066116,0.809639370389,3.12121212121,-0.285714285714,-0.228571428571,-6,-0.0363636363636,-0.0407407407407,0,0,0,16,1,4,89,0.8,0.988888888889,0.0111111111111,0.2,0.941176470588,0.8,0.864864864865,0.841755876268,0.788888888889,0.761904761905,4,7,0,0,0,0
1806,WLNM_dir_neg,0.775510204082,0.409851953602,00:00:01,10,50,1,1175612450,threshold_sweep,0.6,0.75,0.428571428571,0.545454545455,3,1,4,13,0.428571428571,0.928571428571,0.0714285714286,0.571428571429,0.75,0.428571428571,0.545454545455,0.761904761905,0.603174603175,0.4,0.428746462856,0.357142857143,20,13,7,0,20,0,13,0,7,11,20,0.181818181818,3.04338842975,3.63636363636,2,2.5,1.68954001271,0.464623503495,0.245454545455,1.16774841624,0.642261628933,0.336363636364,1.94000937205,1.06700515463,0.536363636364,1.05689877454,0.347276990411,3.54545454545,3.04338842975,1.05689877454,3.54545454545,0.499047619048,0.4,8,0.0484848484848,0.255555555556,11,11,11,1,0,0.0909090909091,0.636363636364,0.272727272727,11,0.118181818182,3.72727272727,2.36363636364,1.3,1.625,1.43336856898,0.6064251638,0.286713286713,0.603022689156,0.510249967747,0.237762237762,1.40129809949,1.18571377649,0.503496503497,2.05382127221,0.551025219373,7,3.72727272727,2.05382127221,7,0,0,0,0,0.22962962963,11,11,11,1,0,0.0909090909091,0.636363636364,0.272727272727,11,17,0.154545454545,4.84090909091,3.09090909091,1.7,2.125,1.64039906453,0.530717344407,0.251336898396,0.687551650952,0.444886362381,0.20320855615,1.69491217257,1.09670787637,0.534759358289,1.86653814493,0.38557595482,6.66666666667,4.84090909091,1.86653814493,6.66666666667,0.213333333333,0.171428571429,2,0.0121212121212,0.214814814815,11,11,11,1,0,0.0909090909091,0.636363636364,0.272727272727,-3,-0.0272727272727,1.79752066116,-0.545454545455,-0.3,-0.375,-0.0491409481798,0.0660938409116,0.00588235294118,-0.48019676529,-0.197375266552,-0.133155080214,-0.245097199478,0.0297027217424,-0.00160427807487,0.809639370389,0.0382989644091,3.12121212121,1.79752066116,0.809639370389,3.12121212121,-0.285714285714,-0.228571428571,-6,-0.0363636363636,-0.0407407407407,0,0,0,16,1,4,89,0.8,0.988888888889,0.0111111111111,0.2,0.941176470588,0.8,0.864864864865,0.841755876268,0.788888888889,0.761904761905,4,7,0,0,0,0
1807,WLNM_dir_neg,0.775510204082,0.409851953602,00:00:01,10,50,1,1175612450,threshold_sweep,0.7,0.75,0.428571428571,0.545454545455,3,1,4,13,0.428571428571,0.928571428571,0.0714285714286,0.571428571429,0.75,0.428571428571,0.545454545455,0.761904761905,0.603174603175,0.4,0.428746462856,0.357142857143,20,13,7,0,20,0,13,0,7,11,20,0.181818181818,3.04338842975,3.63636363636,2,2.5,1.68954001271,0.464623503495,0.245454545455,1.16774841624,0.642261628933,0.336363636364,1.94000937205,1.06700515463,0.536363636364,1.05689877454,0.347276990411,3.54545454545,3.04338842975,1.05689877454,3.54545454545,0.499047619048,0.4,8,0.0484848484848,0.255555555556,11,11,11,1,0,0.0909090909091,0.636363636364,0.272727272727,11,0.118181818182,3.72727272727,2.36363636364,1.3,1.625,1.43336856898,0.6064251638,0.286713286713,0.603022689156,0.510249967747,0.237762237762,1.40129809949,1.18571377649,0.503496503497,2.05382127221,0.551025219373,7,3.72727272727,2.05382127221,7,0,0,0,0,0.22962962963,11,11,11,1,0,0.0909090909091,0.636363636364,0.272727272727,11,17,0.154545454545,4.84090909091,3.09090909091,1.7,2.125,1.64039906453,0.530717344407,0.251336898396,0.687551650952,0.444886362381,0.20320855615,1.69491217257,1.09670787637,0.534759358289,1.86653814493,0.38557595482,6.66666666667,4.84090909091,1.86653814493,6.66666666667,0.213333333333,0.171428571429,2,0.0121212121212,0.214814814815,11,11,11,1,0,0.0909090909091,0.636363636364,0.272727272727,-3,-0.0272727272727,1.79752066116,-0.545454545455,-0.3,-0.375,-0.0491409481798,0.0660938409116,0.00588235294118,-0.48019676529,-0.197375266552,-0.133155080214,-0.245097199478,0.0297027217424,-0.00160427807487,0.809639370389,0.0382989644091,3.12121212121,1.79752066116,0.809639370389,3.12121212121,-0.285714285714,-0.228571428571,-6,-0.0363636363636,-0.0407407407407,0,0,0,16,1,4,89,0.8,0.988888888889,0.0111111111111,0.2,0.941176470588,0.8,0.864864864865,0.841755876268,0.788888888889,0.761904761905,4,7,0,0,0,0
1808,WLNM_dir_neg,0.775510204082,0.409851953602,00:00:01,10,50,1,1175612450,threshold_sweep,0.8,0.75,0.428571428571,0.545454545455,3,1,4,13,0.428571428571,0.928571428571,0.0714285714286,0.571428571429,0.75,0.428571428571,0.545454545455,0.761904761905,0.603174603175,0.4,0.428746462856,0.357142857143,20,13,7,0,20,0,13,0,7,11,20,0.181818181818,3.04338842975,3.63636363636,2,2.5,1.68954001271,0.464623503495,0.245454545455,1.16774841624,0.642261628933,0.336363636364,1.94000937205,1.06700515463,0.536363636364,1.05689877454,0.347276990411,3.54545454545,3.04338842975,1.05689877454,3.54545454545,0.499047619048,0.4,8,0.0484848484848,0.255555555556,11,11,11,1,0,0.0909090909091,0.636363636364,0.272727272727,11,0.118181818182,3.72727272727,2.36363636364,1.3,1.625,1.43336856898,0.6064251638,0.286713286713,0.603022689156,0.510249967747,0.237762237762,1.40129809949,1.18571377649,0.503496503497,2.05382127221,0.551025219373,7,3.72727272727,2.05382127221,7,0,0,0,0,0.22962962963,11,11,11,1,0,0.0909090909091,0.636363636364,0.272727272727,11,17,0.154545454545,4.84090909091,3.09090909091,1.7,2.125,1.64039906453,0.530717344407,0.251336898396,0.687551650952,0.444886362381,0.20320855615,1.69491217257,1.09670787637,0.534759358289,1.86653814493,0.38557595482,6.66666666667,4.84090909091,1.86653814493,6.66666666667,0.213333333333,0.171428571429,2,0.0121212121212,0.214814814815,11,11,11,1,0,0.0909090909091,0.636363636364,0.272727272727,-3,-0.0272727272727,1.79752066116,-0.545454545455,-0.3,-0.375,-0.0491409481798,0.0660938409116,0.00588235294118,-0.48019676529,-0.197375266552,-0.133155080214,-0.245097199478,0.0297027217424,-0.00160427807487,0.809639370389,0.0382989644091,3.12121212121,1.79752066116,0.809639370389,3.12121212121,-0.285714285714,-0.228571428571,-6,-0.0363636363636,-0.0407407407407,0,0,0,16,1,4,89,0.8,0.988888888889,0.0111111111111,0.2,0.941176470588,0.8,0.864864864865,0.841755876268,0.788888888889,0.761904761905,4,7,0,0,0,0
1809,WLNM_dir_neg,0.775510204082,0.409851953602,00:00:01,10,50,1,1175612450,threshold_sweep,0.9,0.75,0.428571428571,0.545454545455,3,1,4,13,0.428571428571,0.928571428571,0.0714285714286,0.571428571429,0.75,0.428571428571,0.545454545455,0.761904761905,0.603174603175,0.4,0.428746462856,0.357142857143,20,13,7,0,20,0,13,0,7,11,20,0.181818181818,3.04338842975,3.63636363636,2,2.5,1.68954001271,0.464623503495,0.245454545455,1.16774841624,0.642261628933,0.336363636364,1.94000937205,1.06700515463,0.536363636364,1.05689877454,0.347276990411,3.54545454545,3.04338842975,1.05689877454,3.54545454545,0.499047619048,0.4,8,0.0484848484848,0.255555555556,11,11,11,1,0,0.0909090909091,0.636363636364,0.272727272727,11,0.118181818182,3.72727272727,2.36363636364,1.3,1.625,1.43336856898,0.6064251638,0.286713286713,0.603022689156,0.510249967747,0.237762237762,1.40129809949,1.18571377649,0.503496503497,2.05382127221,0.551025219373,7,3.72727272727,2.05382127221,7,0,0,0,0,0.22962962963,11,11,11,1,0,0.0909090909091,0.636363636364,0.272727272727,11,17,0.154545454545,4.84090909091,3.09090909091,1.7,2.125,1.64039906453,0.530717344407,0.251336898396,0.687551650952,0.444886362381,0.20320855615,1.69491217257,1.09670787637,0.534759358289,1.86653814493,0.38557595482,6.66666666667,4.84090909091,1.86653814493,6.66666666667,0.213333333333,0.171428571429,2,0.0121212121212,0.214814814815,11,11,11,1,0,0.0909090909091,0.636363636364,0.272727272727,-3,-0.0272727272727,1.79752066116,-0.545454545455,-0.3,-0.375,-0.0491409481798,0.0660938409116,0.00588235294118,-0.48019676529,-0.197375266552,-0.133155080214,-0.245097199478,0.0297027217424,-0.00160427807487,0.809639370389,0.0382989644091,3.12121212121,1.79752066116,0.809639370389,3.12121212121,-0.285714285714,-0.228571428571,-6,-0.0363636363636,-0.0407407407407,0,0,0,16,1,4,89,0.8,0.988888888889,0.0111111111111,0.2,0.941176470588,0.8,0.864864864865,0.841755876268,0.788888888889,0.761904761905,4,7,0,0,0,0
1810,WLNM_dir_neg,0.785714285714,0.450899205836,00:00:00,10,50,2,1175612451,threshold_sweep,0.1,0.666666666667,0.571428571429,0.615384615385,4,2,3,12,0.571428571429,0.857142857143,0.142857142857,0.428571428571,0.666666666667,0.571428571429,0.615384615385,0.761904761905,0.571428571429,0.444444444444,0.4472135955,0.428571428571,20,13,7,0,20,0,13,0,7,11,20,0.181818181818,3.04338842975,3.63636363636,2,2.5,1.68954001271,0.464623503495,0.245454545455,1.16774841624,0.642261628933,0.336363636364,1.94000937205,1.06700515463,0.536363636364,1.05689877454,0.347276990411,3.54545454545,3.04338842975,1.05689877454,3.54545454545,0.499047619048,0.4,8,0.0484848484848,0.255555555556,11,11,11,1,0,0.0909090909091,0.636363636364,0.272727272727,11,0.118181818182,3.72727272727,2.36363636364,1.3,1.625,1.43336856898,0.6064251638,0.286713286713,0.603022689156,0.510249967747,0.237762237762,1.40129809949,1.18571377649,0.503496503497,2.05382127221,0.551025219373,7,3.72727272727,2.05382127221,7,0,0,0,0,0.22962962963,11,11,11,1,0,0.0909090909091,0.636363636364,0.272727272727,11,19,0.172727272727,NaN,3.45454545455,1.72727272727,2.375,1.43969693781,0.416754376733,0.22009569378,0.646669790683,0.374387773553,0.181818181818,1.61807966991,0.936782966791,0.488038277512,NaN,NaN,NaN,NaN,NaN,NaN,0.22,0.2,3,0.0181818181818,0.184848484848,11,11,0,1,2,0,0.727272727273,0.272727272727,-1,-0.00909090909091,NaN,-0.181818181818,-0.272727272727,-0.125,-0.249843074903,-0.0478691267618,-0.0253588516746,-0.521078625559,-0.26787385538,-0.154545454545,-0.321929702137,-0.130222187836,-0.0483253588517,NaN,NaN,NaN,NaN,NaN,NaN,-0.279047619048,-0.2,-5,-0.030303030303,-0.0707070707071,-0.0909090909091,0.0909090909091,0,17,2,3,88,0.85,0.977777777778,0.0222222222222,0.15,0.894736842105,0.85,0.871794871795,0.844602804616,0.827777777778,0.772727272727,6,7,0,0,0,0
1811,WLNM_dir_neg,0.785714285714,0.450899205836,00:00:00,10,50,2,1175612451,threshold_sweep,0.2,0.666666666667,0.571428571429,0.615384615385,4,2,3,12,0.571428571429,0.857142857143,0.142857142857,0.428571428571,0.666666666667,0.571428571429,0.615384615385,0.761904761905,0.571428571429,0.444444444444,0.4472135955,0.428571428571,20,13,7,0,20,0,13,0,7,11,20,0.181818181818,3.04338842975,3.63636363636,2,2.5,1.68954001271,0.464623503495,0.245454545455,1.16774841624,0.642261628933,0.336363636364,1.94000937205,1.06700515463,0.536363636364,1.05689877454,0.347276990411,3.54545454545,3.04338842975,1.05689877454,3.54545454545,0.499047619048,0.4,8,0.0484848484848,0.255555555556,11,11,11,1,0,0.0909090909091,0.636363636364,0.272727272727,11,0.118181818182,3.72727272727,2.36363636364,1.3,1.625,1.43336856898,0.6064251638,0.286713286713,0.603022689156,0.510249967747,0.237762237762,1.40129809949,1.18571377649,0.503496503497,2.05382127221,0.551025219373,7,3.72727272727,2.05382127221,7,0,0,0,0,0.22962962963,11,11,11,1,0,0.0909090909091,0.636363636364,0.272727272727,11,19,0.172727272727,NaN,3.45454545455,1.72727272727,2.375,1.43969693781,0.416754376733,0.22009569378,0.646669790683,0.374387773553,0.181818181818,1.61807966991,0.936782966791,0.488038277512,NaN,NaN,NaN,NaN,NaN,NaN,0.22,0.2,3,0.0181818181818,0.184848484848,11,11,0,1,2,0,0.727272727273,0.272727272727,-1,-0.00909090909091,NaN,-0.181818181818,-0.272727272727,-0.125,-0.249843074903,-0.0478691267618,-0.0253588516746,-0.521078625559,-0.26787385538,-0.154545454545,-0.321929702137,-0.130222187836,-0.0483253588517,NaN,NaN,NaN,NaN,NaN,NaN,-0.279047619048,-0.2,-5,-0.030303030303,-0.0707070707071,-0.0909090909091,0.0909090909091,0,17,2,3,88,0.85,0.977777777778,0.0222222222222,0.15,0.894736842105,0.85,0.871794871795,0.844602804616,0.827777777778,0.772727272727,6,7,0,0,0,0
1812,WLNM_dir_neg,0.785714285714,0.450899205836,00:00:00,10,50,2,1175612451,threshold_sweep,0.3,0.666666666667,0.571428571429,0.615384615385,4,2,3,12,0.571428571429,0.857142857143,0.142857142857,0.428571428571,0.666666666667,0.571428571429,0.615384615385,0.761904761905,0.571428571429,0.444444444444,0.4472135955,0.428571428571,20,13,7,0,20,0,13,0,7,11,20,0.181818181818,3.04338842975,3.63636363636,2,2.5,1.68954001271,0.464623503495,0.245454545455,1.16774841624,0.642261628933,0.336363636364,1.94000937205,1.06700515463,0.536363636364,1.05689877454,0.347276990411,3.54545454545,3.04338842975,1.05689877454,3.54545454545,0.499047619048,0.4,8,0.0484848484848,0.255555555556,11,11,11,1,0,0.0909090909091,0.636363636364,0.272727272727,11,0.118181818182,3.72727272727,2.36363636364,1.3,1.625,1.43336856898,0.6064251638,0.286713286713,0.603022689156,0.510249967747,0.237762237762,1.40129809949,1.18571377649,0.503496503497,2.05382127221,0.551025219373,7,3.72727272727,2.05382127221,7,0,0,0,0,0.22962962963,11,11,11,1,0,0.0909090909091,0.636363636364,0.272727272727,11,19,0.172727272727,NaN,3.45454545455,1.72727272727,2.375,1.43969693781,0.416754376733,0.22009569378,0.646669790683,0.374387773553,0.181818181818,1.61807966991,0.936782966791,0.488038277512,NaN,NaN,NaN,NaN,NaN,NaN,0.22,0.2,3,0.0181818181818,0.184848484848,11,11,0,1,2,0,0.727272727273,0.272727272727,-1,-0.00909090909091,NaN,-0.181818181818,-0.272727272727,-0.125,-0.249843074903,-0.0478691267618,-0.0253588516746,-0.521078625559,-0.26787385538,-0.154545454545,-0.321929702137,-0.130222187836,-0.0483253588517,NaN,NaN,NaN,NaN,NaN,NaN,-0.279047619048,-0.2,-5,-0.030303030303,-0.0707070707071,-0.0909090909091,0.0909090909091,0,17,2,3,88,0.85,0.977777777778,0.0222222222222,0.15,0.894736842105,0.85,0.871794871795,0.844602804616,0.827777777778,0.772727272727,6,7,0,0,0,0
1813,WLNM_dir_neg,0.785714285714,0.450899205836,00:00:00,10,50,2,1175612451,threshold_sweep,0.4,0.666666666667,0.571428571429,0.615384615385,4,2,3,12,0.571428571429,0.857142857143,0.142857142857,0.428571428571,0.666666666667,0.571428571429,0.615384615385,0.761904761905,0.571428571429,0.444444444444,0.4472135955,0.428571428571,20,13,7,0,20,0,13,0,7,11,20,0.181818181818,3.04338842975,3.63636363636,2,2.5,1.68954001271,0.464623503495,0.245454545455,1.16774841624,0.642261628933,0.336363636364,1.94000937205,1.06700515463,0.536363636364,1.05689877454,0.347276990411,3.54545454545,3.04338842975,1.05689877454,3.54545454545,0.499047619048,0.4,8,0.0484848484848,0.255555555556,11,11,11,1,0,0.0909090909091,0.636363636364,0.272727272727,11,0.118181818182,3.72727272727,2.36363636364,1.3,1.625,1.43336856898,0.6064251638,0.286713286713,0.603022689156,0.510249967747,0.237762237762,1.40129809949,1.18571377649,0.503496503497,2.05382127221,0.551025219373,7,3.72727272727,2.05382127221,7,0,0,0,0,0.22962962963,11,11,11,1,0,0.0909090909091,0.636363636364,0.272727272727,11,19,0.172727272727,NaN,3.45454545455,1.72727272727,2.375,1.43969693781,0.416754376733,0.22009569378,0.646669790683,0.374387773553,0.181818181818,1.61807966991,0.936782966791,0.488038277512,NaN,NaN,NaN,NaN,NaN,NaN,0.22,0.2,3,0.0181818181818,0.184848484848,11,11,0,1,2,0,0.727272727273,0.272727272727,-1,-0.00909090909091,NaN,-0.181818181818,-0.272727272727,-0.125,-0.249843074903,-0.0478691267618,-0.0253588516746,-0.521078625559,-0.26787385538,-0.154545454545,-0.321929702137,-0.130222187836,-0.0483253588517,NaN,NaN,NaN,NaN,NaN,NaN,-0.279047619048,-0.2,-5,-0.030303030303,-0.0707070707071,-0.0909090909091,0.0909090909091,0,17,2,3,88,0.85,0.977777777778,0.0222222222222,0.15,0.894736842105,0.85,0.871794871795,0.844602804616,0.827777777778,0.772727272727,6,7,0,0,0,0
1814,WLNM_dir_neg,0.785714285714,0.450899205836,00:00:00,10,50,2,1175612451,threshold_sweep,0.5,0.666666666667,0.571428571429,0.615384615385,4,2,3,12,0.571428571429,0.857142857143,0.142857142857,0.428571428571,0.666666666667,0.571428571429,0.615384615385,0.761904761905,0.571428571429,0.444444444444,0.4472135955,0.428571428571,20,13,7,0,20,0,13,0,7,11,20,0.181818181818,3.04338842975,3.63636363636,2,2.5,1.68954001271,0.464623503495,0.245454545455,1.16774841624,0.642261628933,0.336363636364,1.94000937205,1.06700515463,0.536363636364,1.05689877454,0.347276990411,3.54545454545,3.04338842975,1.05689877454,3.54545454545,0.499047619048,0.4,8,0.0484848484848,0.255555555556,11,11,11,1,0,0.0909090909091,0.636363636364,0.272727272727,11,0.118181818182,3.72727272727,2.36363636364,1.3,1.625,1.43336856898,0.6064251638,0.286713286713,0.603022689156,0.510249967747,0.237762237762,1.40129809949,1.18571377649,0.503496503497,2.05382127221,0.551025219373,7,3.72727272727,2.05382127221,7,0,0,0,0,0.22962962963,11,11,11,1,0,0.0909090909091,0.636363636364,0.272727272727,11,19,0.172727272727,NaN,3.45454545455,1.72727272727,2.375,1.43969693781,0.416754376733,0.22009569378,0.646669790683,0.374387773553,0.181818181818,1.61807966991,0.936782966791,0.488038277512,NaN,NaN,NaN,NaN,NaN,NaN,0.22,0.2,3,0.0181818181818,0.184848484848,11,11,0,1,2,0,0.727272727273,0.272727272727,-1,-0.00909090909091,NaN,-0.181818181818,-0.272727272727,-0.125,-0.249843074903,-0.0478691267618,-0.0253588516746,-0.521078625559,-0.26787385538,-0.154545454545,-0.321929702137,-0.130222187836,-0.0483253588517,NaN,NaN,NaN,NaN,NaN,NaN,-0.279047619048,-0.2,-5,-0.030303030303,-0.0707070707071,-0.0909090909091,0.0909090909091,0,17,2,3,88,0.85,0.977777777778,0.0222222222222,0.15,0.894736842105,0.85,0.871794871795,0.844602804616,0.827777777778,0.772727272727,6,7,0,0,0,0
1815,WLNM_dir_neg,0.785714285714,0.450899205836,00:00:00,10,50,2,1175612451,threshold_sweep,0.6,0.666666666667,0.571428571429,0.615384615385,4,2,3,12,0.571428571429,0.857142857143,0.142857142857,0.428571428571,0.666666666667,0.571428571429,0.615384615385,0.761904761905,0.571428571429,0.444444444444,0.4472135955,0.428571428571,20,13,7,0,20,0,13,0,7,11,20,0.181818181818,3.04338842975,3.63636363636,2,2.5,1.68954001271,0.464623503495,0.245454545455,1.16774841624,0.642261628933,0.336363636364,1.94000937205,1.06700515463,0.536363636364,1.05689877454,0.347276990411,3.54545454545,3.04338842975,1.05689877454,3.54545454545,0.499047619048,0.4,8,0.0484848484848,0.255555555556,11,11,11,1,0,0.0909090909091,0.636363636364,0.272727272727,11,0.118181818182,3.72727272727,2.36363636364,1.3,1.625,1.43336856898,0.6064251638,0.286713286713,0.603022689156,0.510249967747,0.237762237762,1.40129809949,1.18571377649,0.503496503497,2.05382127221,0.551025219373,7,3.72727272727,2.05382127221,7,0,0,0,0,0.22962962963,11,11,11,1,0,0.0909090909091,0.636363636364,0.272727272727,11,19,0.172727272727,NaN,3.45454545455,1.72727272727,2.375,1.43969693781,0.416754376733,0.22009569378,0.646669790683,0.374387773553,0.181818181818,1.61807966991,0.936782966791,0.488038277512,NaN,NaN,NaN,NaN,NaN,NaN,0.22,0.2,3,0.0181818181818,0.184848484848,11,11,0,1,2,0,0.727272727273,0.272727272727,-1,-0.00909090909091,NaN,-0.181818181818,-0.272727272727,-0.125,-0.249843074903,-0.0478691267618,-0.0253588516746,-0.521078625559,-0.26787385538,-0.154545454545,-0.321929702137,-0.130222187836,-0.0483253588517,NaN,NaN,NaN,NaN,NaN,NaN,-0.279047619048,-0.2,-5,-0.030303030303,-0.0707070707071,-0.0909090909091,0.0909090909091,0,17,2,3,88,0.85,0.977777777778,0.0222222222222,0.15,0.894736842105,0.85,0.871794871795,0.844602804616,0.827777777778,0.772727272727,6,7,0,0,0,0
1816,WLNM_dir_neg,0.785714285714,0.450899205836,00:00:00,10,50,2,1175612451,threshold_sweep,0.7,1,0.428571428571,0.6,3,0,4,14,0.428571428571,1,0,0.571428571429,1,0.428571428571,0.6,0.809523809524,0.619047619048,0.5,0.57735026919,0.428571428571,20,13,7,0,20,0,13,0,7,11,20,0.181818181818,3.04338842975,3.63636363636,2,2.5,1.68954001271,0.464623503495,0.245454545455,1.16774841624,0.642261628933,0.336363636364,1.94000937205,1.06700515463,0.536363636364,1.05689877454,0.347276990411,3.54545454545,3.04338842975,1.05689877454,3.54545454545,0.499047619048,0.4,8,0.0484848484848,0.255555555556,11,11,11,1,0,0.0909090909091,0.636363636364,0.272727272727,11,0.118181818182,3.72727272727,2.36363636364,1.3,1.625,1.43336856898,0.6064251638,0.286713286713,0.603022689156,0.510249967747,0.237762237762,1.40129809949,1.18571377649,0.503496503497,2.05382127221,0.551025219373,7,3.72727272727,2.05382127221,7,0,0,0,0,0.22962962963,11,11,11,1,0,0.0909090909091,0.636363636364,0.272727272727,11,16,0.145454545455,3.25,2.90909090909,1.6,2,1.22102788294,0.41972833476,0.181818181818,0.687551650952,0.47269176003,0.227272727273,1.50755672289,1.03644524699,0.511363636364,1.3758835545,0.423348786001,4.66666666667,3.25,1.3758835545,4.66666666667,0.213333333333,0.176470588235,2,0.0121212121212,0.192592592593,11,11,11,1,0,0.0909090909091,0.636363636364,0.272727272727,-4,-0.0363636363636,0.206611570248,-0.727272727273,-0.4,-0.5,-0.468512129772,-0.0448951687355,-0.0636363636364,-0.48019676529,-0.169569868904,-0.109090909091,-0.43245264916,-0.0305599076407,-0.025,0.318984779967,0.07607179559,1.12121212121,0.206611570248,0.318984779967,1.12121212121,-0.285714285714,-0.223529411765,-6,-0.0363636363636,-0.062962962963,0,0,0,16,0,4,90,0.8,1,0,0.2,1,0.8,0.888888888889,0.875189948987,0.8,0.8,3,7,0,0,0,0
1817,WLNM_dir_neg,0.785714285714,0.450899205836,00:00:00,10,50,2,1175612451,threshold_sweep,0.8,1,0.428571428571,0.6,3,0,4,14,0.428571428571,1,0,0.571428571429,1,0.428571428571,0.6,0.809523809524,0.619047619048,0.5,0.57735026919,0.428571428571,20,13,7,0,20,0,13,0,7,11,20,0.181818181818,3.04338842975,3.63636363636,2,2.5,1.68954001271,0.464623503495,0.245454545455,1.16774841624,0.642261628933,0.336363636364,1.94000937205,1.06700515463,0.536363636364,1.05689877454,0.347276990411,3.54545454545,3.04338842975,1.05689877454,3.54545454545,0.499047619048,0.4,8,0.0484848484848,0.255555555556,11,11,11,1,0,0.0909090909091,0.636363636364,0.272727272727,11,0.118181818182,3.72727272727,2.36363636364,1.3,1.625,1.43336856898,0.6064251638,0.286713286713,0.603022689156,0.510249967747,0.237762237762,1.40129809949,1.18571377649,0.503496503497,2.05382127221,0.551025219373,7,3.72727272727,2.05382127221,7,0,0,0,0,0.22962962963,11,11,11,1,0,0.0909090909091,0.636363636364,0.272727272727,11,16,0.145454545455,3.25,2.90909090909,1.6,2,1.22102788294,0.41972833476,0.181818181818,0.687551650952,0.47269176003,0.227272727273,1.50755672289,1.03644524699,0.511363636364,1.3758835545,0.423348786001,4.66666666667,3.25,1.3758835545,4.66666666667,0.213333333333,0.176470588235,2,0.0121212121212,0.192592592593,11,11,11,1,0,0.0909090909091,0.636363636364,0.272727272727,-4,-0.0363636363636,0.206611570248,-0.727272727273,-0.4,-0.5,-0.468512129772,-0.0448951687355,-0.0636363636364,-0.48019676529,-0.169569868904,-0.109090909091,-0.43245264916,-0.0305599076407,-0.025,0.318984779967,0.07607179559,1.12121212121,0.206611570248,0.318984779967,1.12121212121,-0.285714285714,-0.223529411765,-6,-0.0363636363636,-0.062962962963,0,0,0,16,0,4,90,0.8,1,0,0.2,1,0.8,0.888888888889,0.875189948987,0.8,0.8,3,7,0,0,0,0
1818,WLNM_dir_neg,0.785714285714,0.450899205836,00:00:00,10,50,2,1175612451,threshold_sweep,0.9,1,0.428571428571,0.6,3,0,4,14,0.428571428571,1,0,0.571428571429,1,0.428571428571,0.6,0.809523809524,0.619047619048,0.5,0.57735026919,0.428571428571,20,13,7,0,20,0,13,0,7,11,20,0.181818181818,3.04338842975,3.63636363636,2,2.5,1.68954001271,0.464623503495,0.245454545455,1.16774841624,0.642261628933,0.336363636364,1.94000937205,1.06700515463,0.536363636364,1.05689877454,0.347276990411,3.54545454545,3.04338842975,1.05689877454,3.54545454545,0.499047619048,0.4,8,0.0484848484848,0.255555555556,11,11,11,1,0,0.0909090909091,0.636363636364,0.272727272727,11,0.118181818182,3.72727272727,2.36363636364,1.3,1.625,1.43336856898,0.6064251638,0.286713286713,0.603022689156,0.510249967747,0.237762237762,1.40129809949,1.18571377649,0.503496503497,2.05382127221,0.551025219373,7,3.72727272727,2.05382127221,7,0,0,0,0,0.22962962963,11,11,11,1,0,0.0909090909091,0.636363636364,0.272727272727,11,16,0.145454545455,3.25,2.90909090909,1.6,2,1.22102788294,0.41972833476,0.181818181818,0.687551650952,0.47269176003,0.227272727273,1.50755672289,1.03644524699,0.511363636364,1.3758835545,0.423348786001,4.66666666667,3.25,1.3758835545,4.66666666667,0.213333333333,0.176470588235,2,0.0121212121212,0.192592592593,11,11,11,1,0,0.0909090909091,0.636363636364,0.272727272727,-4,-0.0363636363636,0.206611570248,-0.727272727273,-0.4,-0.5,-0.468512129772,-0.0448951687355,-0.0636363636364,-0.48019676529,-0.169569868904,-0.109090909091,-0.43245264916,-0.0305599076407,-0.025,0.318984779967,0.07607179559,1.12121212121,0.206611570248,0.318984779967,1.12121212121,-0.285714285714,-0.223529411765,-6,-0.0363636363636,-0.062962962963,0,0,0,16,0,4,90,0.8,1,0,0.2,1,0.8,0.888888888889,0.875189948987,0.8,0.8,3,7,0,0,0,0
1819,WLNM_dir_neg,0.836734693878,0.550601779173,00:00:01,10,50,3,1175612452,threshold_sweep,0.1,1,0.714285714286,0.833333333333,5,0,2,14,0.714285714286,1,0,0.285714285714,1,0.714285714286,0.833333333333,0.904761904762,0.587301587302,0.769230769231,0.790569415042,0.714285714286,20,13,7,0,20,0,13,0,7,11,20,0.181818181818,3.04338842975,3.63636363636,2,2.5,1.68954001271,0.464623503495,0.245454545455,1.16774841624,0.642261628933,0.336363636364,1.94000937205,1.06700515463,0.536363636364,1.05689877454,0.347276990411,3.54545454545,3.04338842975,1.05689877454,3.54545454545,0.499047619048,0.4,8,0.0484848484848,0.255555555556,11,11,11,1,0,0.0909090909091,0.636363636364,0.272727272727,11,0.118181818182,3.72727272727,2.36363636364,1.3,1.625,1.43336856898,0.6064251638,0.286713286713,0.603022689156,0.510249967747,0.237762237762,1.40129809949,1.18571377649,0.503496503497,2.05382127221,0.551025219373,7,3.72727272727,2.05382127221,7,0,0,0,0,0.22962962963,11,11,11,1,0,0.0909090909091,0.636363636364,0.272727272727,11,18,0.163636363636,3.11363636364,3.27272727273,1.8,2.25,1.42062726223,0.434080552347,0.227272727273,0.924416277737,0.564921058617,0.292929292929,1.68954001271,1.03249667443,0.525252525253,1.14353419474,0.367266456706,3.875,3.11363636364,1.14353419474,3.875,0.366666666667,0.266666666667,4,0.0242424242424,0.221111111111,11,11,11,1,0,0.0909090909091,0.636363636364,0.272727272727,-2,-0.0181818181818,0.0702479338843,-0.363636363636,-0.2,-0.25,-0.268912750482,-0.030542951148,-0.0181818181818,-0.243332138505,-0.0773405703161,-0.0434343434343,-0.250469359339,-0.0345084801933,-0.0111111111111,0.0866354202056,0.0199894662943,0.329545454545,0.0702479338843,0.0866354202056,0.329545454545,-0.132380952381,-0.133333333333,-4,-0.0242424242424,-0.0344444444444,0,0,0,18,0,2,90,0.9,1,0,0.1,1,0.9,0.947368421053,0.938314863257,0.9,0.9,5,7,0,0,0,0
1820,WLNM_dir_neg,0.836734693878,0.550601779173,00:00:01,10,50,3,1175612452,threshold_sweep,0.2,1,0.714285714286,0.833333333333,5,0,2,14,0.714285714286,1,0,0.285714285714,1,0.714285714286,0.833333333333,0.904761904762,0.587301587302,0.769230769231,0.790569415042,0.714285714286,20,13,7,0,20,0,13,0,7,11,20,0.181818181818,3.04338842975,3.63636363636,2,2.5,1.68954001271,0.464623503495,0.245454545455,1.16774841624,0.642261628933,0.336363636364,1.94000937205,1.06700515463,0.536363636364,1.05689877454,0.347276990411,3.54545454545,3.04338842975,1.05689877454,3.54545454545,0.499047619048,0.4,8,0.0484848484848,0.255555555556,11,11,11,1,0,0.0909090909091,0.636363636364,0.272727272727,11,0.118181818182,3.72727272727,2.36363636364,1.3,1.625,1.43336856898,0.6064251638,0.286713286713,0.603022689156,0.510249967747,0.237762237762,1.40129809949,1.18571377649,0.503496503497,2.05382127221,0.551025219373,7,3.72727272727,2.05382127221,7,0,0,0,0,0.22962962963,11,11,11,1,0,0.0909090909091,0.636363636364,0.272727272727,11,18,0.163636363636,3.11363636364,3.27272727273,1.8,2.25,1.42062726223,0.434080552347,0.227272727273,0.924416277737,0.564921058617,0.292929292929,1.68954001271,1.03249667443,0.525252525253,1.14353419474,0.367266456706,3.875,3.11363636364,1.14353419474,3.875,0.366666666667,0.266666666667,4,0.0242424242424,0.221111111111,11,11,11,1,0,0.0909090909091,0.636363636364,0.272727272727,-2,-0.0181818181818,0.0702479338843,-0.363636363636,-0.2,-0.25,-0.268912750482,-0.030542951148,-0.0181818181818,-0.243332138505,-0.0773405703161,-0.0434343434343,-0.250469359339,-0.0345084801933,-0.0111111111111,0.0866354202056,0.0199894662943,0.329545454545,0.0702479338843,0.0866354202056,0.329545454545,-0.132380952381,-0.133333333333,-4,-0.0242424242424,-0.0344444444444,0,0,0,18,0,2,90,0.9,1,0,0.1,1,0.9,0.947368421053,0.938314863257,0.9,0.9,5,7,0,0,0,0
1821,WLNM_dir_neg,0.836734693878,0.550601779173,00:00:01,10,50,3,1175612452,threshold_sweep,0.3,1,0.714285714286,0.833333333333,5,0,2,14,0.714285714286,1,0,0.285714285714,1,0.714285714286,0.833333333333,0.904761904762,0.587301587302,0.769230769231,0.790569415042,0.714285714286,20,13,7,0,20,0,13,0,7,11,20,0.181818181818,3.04338842975,3.63636363636,2,2.5,1.68954001271,0.464623503495,0.245454545455,1.16774841624,0.642261628933,0.336363636364,1.94000937205,1.06700515463,0.536363636364,1.05689877454,0.347276990411,3.54545454545,3.04338842975,1.05689877454,3.54545454545,0.499047619048,0.4,8,0.0484848484848,0.255555555556,11,11,11,1,0,0.0909090909091,0.636363636364,0.272727272727,11,0.118181818182,3.72727272727,2.36363636364,1.3,1.625,1.43336856898,0.6064251638,0.286713286713,0.603022689156,0.510249967747,0.237762237762,1.40129809949,1.18571377649,0.503496503497,2.05382127221,0.551025219373,7,3.72727272727,2.05382127221,7,0,0,0,0,0.22962962963,11,11,11,1,0,0.0909090909091,0.636363636364,0.272727272727,11,18,0.163636363636,3.11363636364,3.27272727273,1.8,2.25,1.42062726223,0.434080552347,0.227272727273,0.924416277737,0.564921058617,0.292929292929,1.68954001271,1.03249667443,0.525252525253,1.14353419474,0.367266456706,3.875,3.11363636364,1.14353419474,3.875,0.366666666667,0.266666666667,4,0.0242424242424,0.221111111111,11,11,11,1,0,0.0909090909091,0.636363636364,0.272727272727,-2,-0.0181818181818,0.0702479338843,-0.363636363636,-0.2,-0.25,-0.268912750482,-0.030542951148,-0.0181818181818,-0.243332138505,-0.0773405703161,-0.0434343434343,-0.250469359339,-0.0345084801933,-0.0111111111111,0.0866354202056,0.0199894662943,0.329545454545,0.0702479338843,0.0866354202056,0.329545454545,-0.132380952381,-0.133333333333,-4,-0.0242424242424,-0.0344444444444,0,0,0,18,0,2,90,0.9,1,0,0.1,1,0.9,0.947368421053,0.938314863257,0.9,0.9,5,7,0,0,0,0
1822,WLNM_dir_neg,0.836734693878,0.550601779173,00:00:01,10,50,3,1175612452,threshold_sweep,0.4,1,0.571428571429,0.727272727273,4,0,3,14,0.571428571429,1,0,0.428571428571,1,0.571428571429,0.727272727273,0.857142857143,0.603174603175,0.64,0.68599434057,0.571428571429,20,13,7,0,20,0,13,0,7,11,20,0.181818181818,3.04338842975,3.63636363636,2,2.5,1.68954001271,0.464623503495,0.245454545455,1.16774841624,0.642261628933,0.336363636364,1.94000937205,1.06700515463,0.536363636364,1.05689877454,0.347276990411,3.54545454545,3.04338842975,1.05689877454,3.54545454545,0.499047619048,0.4,8,0.0484848484848,0.255555555556,11,11,11,1,0,0.0909090909091,0.636363636364,0.272727272727,11,0.118181818182,3.72727272727,2.36363636364,1.3,1.625,1.43336856898,0.6064251638,0.286713286713,0.603022689156,0.510249967747,0.237762237762,1.40129809949,1.18571377649,0.503496503497,2.05382127221,0.551025219373,7,3.72727272727,2.05382127221,7,0,0,0,0,0.22962962963,11,11,11,1,0,0.0909090909091,0.636363636364,0.272727272727,11,17,0.154545454545,3.17727272727,3.09090909091,1.7,2.125,1.30034960334,0.420701342257,0.208556149733,0.820199532265,0.530717344407,0.267379679144,1.57249078621,1.01749403814,0.513368983957,1.2536673475,0.394573414091,4.4,3.17727272727,1.2536673475,4.4,0.213333333333,0.153846153846,2,0.0121212121212,0.205555555556,11,11,11,1,0,0.0909090909091,0.636363636364,0.272727272727,-3,-0.0272727272727,0.133884297521,-0.545454545455,-0.3,-0.375,-0.389190409368,-0.0439221612377,-0.0368983957219,-0.347548883978,-0.111544284527,-0.0689839572193,-0.367518585835,-0.0495111164884,-0.0229946524064,0.196768572961,0.0472964236795,0.854545454545,0.133884297521,0.196768572961,0.854545454545,-0.285714285714,-0.246153846154,-6,-0.0363636363636,-0.05,0,0,0,17,0,3,90,0.85,1,0,0.15,1,0.85,0.918918918919,0.906962317388,0.85,0.85,4,7,0,0,0,0
1823,WLNM_dir_neg,0.836734693878,0.550601779173,00:00:01,10,50,3,1175612452,threshold_sweep,0.5,1,0.571428571429,0.727272727273,4,0,3,14,0.571428571429,1,0,0.428571428571,1,0.571428571429,0.727272727273,0.857142857143,0.603174603175,0.64,0.68599434057,0.571428571429,20,13,7,0,20,0,13,0,7,11,20,0.181818181818,3.04338842975,3.63636363636,2,2.5,1.68954001271,0.464623503495,0.245454545455,1.16774841624,0.642261628933,0.336363636364,1.94000937205,1.06700515463,0.536363636364,1.05689877454,0.347276990411,3.54545454545,3.04338842975,1.05689877454,3.54545454545,0.499047619048,0.4,8,0.0484848484848,0.255555555556,11,11,11,1,0,0.0909090909091,0.636363636364,0.272727272727,11,0.118181818182,3.72727272727,2.36363636364,1.3,1.625,1.43336856898,0.6064251638,0.286713286713,0.603022689156,0.510249967747,0.237762237762,1.40129809949,1.18571377649,0.503496503497,2.05382127221,0.551025219373,7,3.72727272727,2.05382127221,7,0,0,0,0,0.22962962963,11,11,11,1,0,0.0909090909091,0.636363636364,0.272727272727,11,17,0.154545454545,3.17727272727,3.09090909091,1.7,2.125,1.30034960334,0.420701342257,0.208556149733,0.820199532265,0.530717344407,0.267379679144,1.57249078621,1.01749403814,0.513368983957,1.2536673475,0.394573414091,4.4,3.17727272727,1.2536673475,4.4,0.213333333333,0.153846153846,2,0.0121212121212,0.205555555556,11,11,11,1,0,0.0909090909091,0.636363636364,0.272727272727,-3,-0.0272727272727,0.133884297521,-0.545454545455,-0.3,-0.375,-0.389190409368,-0.0439221612377,-0.0368983957219,-0.347548883978,-0.111544284527,-0.0689839572193,-0.367518585835,-0.0495111164884,-0.0229946524064,0.196768572961,0.0472964236795,0.854545454545,0.133884297521,0.196768572961,0.854545454545,-0.285714285714,-0.246153846154,-6,-0.0363636363636,-0.05,0,0,0,17,0,3,90,0.85,1,0,0.15,1,0.85,0.918918918919,0.906962317388,0.85,0.85,4,7,0,0,0,0
1824,WLNM_dir_neg,0.836734693878,0.550601779173,00:00:01,10,50,3,1175612452,threshold_sweep,0.6,1,0.571428571429,0.727272727273,4,0,3,14,0.571428571429,1,0,0.428571428571,1,0.571428571429,0.727272727273,0.857142857143,0.603174603175,0.64,0.68599434057,0.571428571429,20,13,7,0,20,0,13,0,7,11,20,0.181818181818,3.04338842975,3.63636363636,2,2.5,1.68954001271,0.464623503495,0.245454545455,1.16774841624,0.642261628933,0.336363636364,1.94000937205,1.06700515463,0.536363636364,1.05689877454,0.347276990411,3.54545454545,3.04338842975,1.05689877454,3.54545454545,0.499047619048,0.4,8,0.0484848484848,0.255555555556,11,11,11,1,0,0.0909090909091,0.636363636364,0.272727272727,11,0.118181818182,3.72727272727,2.36363636364,1.3,1.625,1.43336856898,0.6064251638,0.286713286713,0.603022689156,0.510249967747,0.237762237762,1.40129809949,1.18571377649,0.503496503497,2.05382127221,0.551025219373,7,3.72727272727,2.05382127221,7,0,0,0,0,0.22962962963,11,11,11,1,0,0.0909090909091,0.636363636364,0.272727272727,11,17,0.154545454545,3.17727272727,3.09090909091,1.7,2.125,1.30034960334,0.420701342257,0.208556149733,0.820199532265,0.530717344407,0.267379679144,1.57249078621,1.01749403814,0.513368983957,1.2536673475,0.394573414091,4.4,3.17727272727,1.2536673475,4.4,0.213333333333,0.153846153846,2,0.0121212121212,0.205555555556,11,11,11,1,0,0.0909090909091,0.636363636364,0.272727272727,-3,-0.0272727272727,0.133884297521,-0.545454545455,-0.3,-0.375,-0.389190409368,-0.0439221612377,-0.0368983957219,-0.347548883978,-0.111544284527,-0.0689839572193,-0.367518585835,-0.0495111164884,-0.0229946524064,0.196768572961,0.0472964236795,0.854545454545,0.133884297521,0.196768572961,0.854545454545,-0.285714285714,-0.246153846154,-6,-0.0363636363636,-0.05,0,0,0,17,0,3,90,0.85,1,0,0.15,1,0.85,0.918918918919,0.906962317388,0.85,0.85,4,7,0,0,0,0
1825,WLNM_dir_neg,0.836734693878,0.550601779173,00:00:01,10,50,3,1175612452,threshold_sweep,0.7,1,0.571428571429,0.727272727273,4,0,3,14,0.571428571429,1,0,0.428571428571,1,0.571428571429,0.727272727273,0.857142857143,0.603174603175,0.64,0.68599434057,0.571428571429,20,13,7,0,20,0,13,0,7,11,20,0.181818181818,3.04338842975,3.63636363636,2,2.5,1.68954001271,0.464623503495,0.245454545455,1.16774841624,0.642261628933,0.336363636364,1.94000937205,1.06700515463,0.536363636364,1.05689877454,0.347276990411,3.54545454545,3.04338842975,1.05689877454,3.54545454545,0.499047619048,0.4,8,0.0484848484848,0.255555555556,11,11,11,1,0,0.0909090909091,0.636363636364,0.272727272727,11,0.118181818182,3.72727272727,2.36363636364,1.3,1.625,1.43336856898,0.6064251638,0.286713286713,0.603022689156,0.510249967747,0.237762237762,1.40129809949,1.18571377649,0.503496503497,2.05382127221,0.551025219373,7,3.72727272727,2.05382127221,7,0,0,0,0,0.22962962963,11,11,11,1,0,0.0909090909091,0.636363636364,0.272727272727,11,17,0.154545454545,3.17727272727,3.09090909091,1.7,2.125,1.30034960334,0.420701342257,0.208556149733,0.820199532265,0.530717344407,0.267379679144,1.57249078621,1.01749403814,0.513368983957,1.2536673475,0.394573414091,4.4,3.17727272727,1.2536673475,4.4,0.213333333333,0.153846153846,2,0.0121212121212,0.205555555556,11,11,11,1,0,0.0909090909091,0.636363636364,0.272727272727,-3,-0.0272727272727,0.133884297521,-0.545454545455,-0.3,-0.375,-0.389190409368,-0.0439221612377,-0.0368983957219,-0.347548883978,-0.111544284527,-0.0689839572193,-0.367518585835,-0.0495111164884,-0.0229946524064,0.196768572961,0.0472964236795,0.854545454545,0.133884297521,0.196768572961,0.854545454545,-0.285714285714,-0.246153846154,-6,-0.0363636363636,-0.05,0,0,0,17,0,3,90,0.85,1,0,0.15,1,0.85,0.918918918919,0.906962317388,0.85,0.85,4,7,0,0,0,0
1826,WLNM_dir_neg,0.836734693878,0.550601779173,00:00:01,10,50,3,1175612452,threshold_sweep,0.8,1,0.571428571429,0.727272727273,4,0,3,14,0.571428571429,1,0,0.428571428571,1,0.571428571429,0.727272727273,0.857142857143,0.603174603175,0.64,0.68599434057,0.571428571429,20,13,7,0,20,0,13,0,7,11,20,0.181818181818,3.04338842975,3.63636363636,2,2.5,1.68954001271,0.464623503495,0.245454545455,1.16774841624,0.642261628933,0.336363636364,1.94000937205,1.06700515463,0.536363636364,1.05689877454,0.347276990411,3.54545454545,3.04338842975,1.05689877454,3.54545454545,0.499047619048,0.4,8,0.0484848484848,0.255555555556,11,11,11,1,0,0.0909090909091,0.636363636364,0.272727272727,11,0.118181818182,3.72727272727,2.36363636364,1.3,1.625,1.43336856898,0.6064251638,0.286713286713,0.603022689156,0.510249967747,0.237762237762,1.40129809949,1.18571377649,0.503496503497,2.05382127221,0.551025219373,7,3.72727272727,2.05382127221,7,0,0,0,0,0.22962962963,11,11,11,1,0,0.0909090909091,0.636363636364,0.272727272727,11,17,0.154545454545,3.17727272727,3.09090909091,1.7,2.125,1.30034960334,0.420701342257,0.208556149733,0.820199532265,0.530717344407,0.267379679144,1.57249078621,1.01749403814,0.513368983957,1.2536673475,0.394573414091,4.4,3.17727272727,1.2536673475,4.4,0.213333333333,0.153846153846,2,0.0121212121212,0.205555555556,11,11,11,1,0,0.0909090909091,0.636363636364,0.272727272727,-3,-0.0272727272727,0.133884297521,-0.545454545455,-0.3,-0.375,-0.389190409368,-0.0439221612377,-0.0368983957219,-0.347548883978,-0.111544284527,-0.0689839572193,-0.367518585835,-0.0495111164884,-0.0229946524064,0.196768572961,0.0472964236795,0.854545454545,0.133884297521,0.196768572961,0.854545454545,-0.285714285714,-0.246153846154,-6,-0.0363636363636,-0.05,0,0,0,17,0,3,90,0.85,1,0,0.15,1,0.85,0.918918918919,0.906962317388,0.85,0.85,4,7,0,0,0,0
1827,WLNM_dir_neg,0.836734693878,0.550601779173,00:00:01,10,50,3,1175612452,threshold_sweep,0.9,1,0.571428571429,0.727272727273,4,0,3,14,0.571428571429,1,0,0.428571428571,1,0.571428571429,0.727272727273,0.857142857143,0.603174603175,0.64,0.68599434057,0.571428571429,20,13,7,0,20,0,13,0,7,11,20,0.181818181818,3.04338842975,3.63636363636,2,2.5,1.68954001271,0.464623503495,0.245454545455,1.16774841624,0.642261628933,0.336363636364,1.94000937205,1.06700515463,0.536363636364,1.05689877454,0.347276990411,3.54545454545,3.04338842975,1.05689877454,3.54545454545,0.499047619048,0.4,8,0.0484848484848,0.255555555556,11,11,11,1,0,0.0909090909091,0.636363636364,0.272727272727,11,0.118181818182,3.72727272727,2.36363636364,1.3,1.625,1.43336856898,0.6064251638,0.286713286713,0.603022689156,0.510249967747,0.237762237762,1.40129809949,1.18571377649,0.503496503497,2.05382127221,0.551025219373,7,3.72727272727,2.05382127221,7,0,0,0,0,0.22962962963,11,11,11,1,0,0.0909090909091,0.636363636364,0.272727272727,11,17,0.154545454545,3.17727272727,3.09090909091,1.7,2.125,1.30034960334,0.420701342257,0.208556149733,0.820199532265,0.530717344407,0.267379679144,1.57249078621,1.01749403814,0.513368983957,1.2536673475,0.394573414091,4.4,3.17727272727,1.2536673475,4.4,0.213333333333,0.153846153846,2,0.0121212121212,0.205555555556,11,11,11,1,0,0.0909090909091,0.636363636364,0.272727272727,-3,-0.0272727272727,0.133884297521,-0.545454545455,-0.3,-0.375,-0.389190409368,-0.0439221612377,-0.0368983957219,-0.347548883978,-0.111544284527,-0.0689839572193,-0.367518585835,-0.0495111164884,-0.0229946524064,0.196768572961,0.0472964236795,0.854545454545,0.133884297521,0.196768572961,0.854545454545,-0.285714285714,-0.246153846154,-6,-0.0363636363636,-0.05,0,0,0,17,0,3,90,0.85,1,0,0.15,1,0.85,0.918918918919,0.906962317388,0.85,0.85,4,7,0,0,0,0
1828,WLNM_dir_neg,0.908163265306,0.734595959596,00:00:01,10,50,4,1175612453,threshold_sweep,0.1,0.833333333333,0.714285714286,0.769230769231,5,1,2,13,0.714285714286,0.928571428571,0.0714285714286,0.285714285714,0.833333333333,0.714285714286,0.769230769231,0.857142857143,0.571428571429,0.666666666667,0.67082039325,0.642857142857,20,13,7,0,20,0,13,0,7,11,20,0.181818181818,3.04338842975,3.63636363636,2,2.5,1.68954001271,0.464623503495,0.245454545455,1.16774841624,0.642261628933,0.336363636364,1.94000937205,1.06700515463,0.536363636364,1.05689877454,0.347276990411,3.54545454545,3.04338842975,1.05689877454,3.54545454545,0.499047619048,0.4,8,0.0484848484848,0.255555555556,11,11,11,1,0,0.0909090909091,0.636363636364,0.272727272727,11,0.118181818182,3.72727272727,2.36363636364,1.3,1.625,1.43336856898,0.6064251638,0.286713286713,0.603022689156,0.510249967747,0.237762237762,1.40129809949,1.18571377649,0.503496503497,2.05382127221,0.551025219373,7,3.72727272727,2.05382127221,7,0,0,0,0,0.22962962963,11,11,11,1,0,0.0909090909091,0.636363636364,0.272727272727,11,19,0.172727272727,6.19602272727,3.45454545455,1.9,2.375,1.69491217257,0.490632471007,0.253588516746,0.904534033733,0.523677598477,0.267942583732,1.67874411933,0.971904490138,0.507177033493,2.22556571588,0.359192632732,7.75,6.19602272727,2.22556571588,7.75,0.360952380952,0.277777777778,5,0.030303030303,0.219259259259,11,11,11,1,0,0.0909090909091,0.636363636364,0.272727272727,-1,-0.00909090909091,3.15263429752,-0.181818181818,-0.1,-0.125,0.00537215986117,0.0260089675122,0.00813397129187,-0.263214382509,-0.118584030456,-0.0684210526316,-0.26126525272,-0.0951006644889,-0.0291866028708,1.16866694134,0.0119156423206,4.20454545455,3.15263429752,1.16866694134,4.20454545455,-0.138095238095,-0.122222222222,-3,-0.0181818181818,-0.0362962962963,0,0,0,18,1,2,89,0.9,0.988888888889,0.0111111111111,0.1,0.947368421053,0.9,0.923076923077,0.906956031802,0.888888888889,0.857142857143,6,7,0,0,0,0
1829,WLNM_dir_neg,0.908163265306,0.734595959596,00:00:01,10,50,4,1175612453,threshold_sweep,0.2,0.833333333333,0.714285714286,0.769230769231,5,1,2,13,0.714285714286,0.928571428571,0.0714285714286,0.285714285714,0.833333333333,0.714285714286,0.769230769231,0.857142857143,0.571428571429,0.666666666667,0.67082039325,0.642857142857,20,13,7,0,20,0,13,0,7,11,20,0.181818181818,3.04338842975,3.63636363636,2,2.5,1.68954001271,0.464623503495,0.245454545455,1.16774841624,0.642261628933,0.336363636364,1.94000937205,1.06700515463,0.536363636364,1.05689877454,0.347276990411,3.54545454545,3.04338842975,1.05689877454,3.54545454545,0.499047619048,0.4,8,0.0484848484848,0.255555555556,11,11,11,1,0,0.0909090909091,0.636363636364,0.272727272727,11,0.118181818182,3.72727272727,2.36363636364,1.3,1.625,1.43336856898,0.6064251638,0.286713286713,0.603022689156,0.510249967747,0.237762237762,1.40129809949,1.18571377649,0.503496503497,2.05382127221,0.551025219373,7,3.72727272727,2.05382127221,7,0,0,0,0,0.22962962963,11,11,11,1,0,0.0909090909091,0.636363636364,0.272727272727,11,19,0.172727272727,6.19602272727,3.45454545455,1.9,2.375,1.69491217257,0.490632471007,0.253588516746,0.904534033733,0.523677598477,0.267942583732,1.67874411933,0.971904490138,0.507177033493,2.22556571588,0.359192632732,7.75,6.19602272727,2.22556571588,7.75,0.360952380952,0.277777777778,5,0.030303030303,0.219259259259,11,11,11,1,0,0.0909090909091,0.636363636364,0.272727272727,-1,-0.00909090909091,3.15263429752,-0.181818181818,-0.1,-0.125,0.00537215986117,0.0260089675122,0.00813397129187,-0.263214382509,-0.118584030456,-0.0684210526316,-0.26126525272,-0.0951006644889,-0.0291866028708,1.16866694134,0.0119156423206,4.20454545455,3.15263429752,1.16866694134,4.20454545455,-0.138095238095,-0.122222222222,-3,-0.0181818181818,-0.0362962962963,0,0,0,18,1,2,89,0.9,0.988888888889,0.0111111111111,0.1,0.947368421053,0.9,0.923076923077,0.906956031802,0.888888888889,0.857142857143,6,7,0,0,0,0
1830,WLNM_dir_neg,0.908163265306,0.734595959596,00:00:01,10,50,4,1175612453,threshold_sweep,0.3,0.833333333333,0.714285714286,0.769230769231,5,1,2,13,0.714285714286,0.928571428571,0.0714285714286,0.285714285714,0.833333333333,0.714285714286,0.769230769231,0.857142857143,0.571428571429,0.666666666667,0.67082039325,0.642857142857,20,13,7,0,20,0,13,0,7,11,20,0.181818181818,3.04338842975,3.63636363636,2,2.5,1.68954001271,0.464623503495,0.245454545455,1.16774841624,0.642261628933,0.336363636364,1.94000937205,1.06700515463,0.536363636364,1.05689877454,0.347276990411,3.54545454545,3.04338842975,1.05689877454,3.54545454545,0.499047619048,0.4,8,0.0484848484848,0.255555555556,11,11,11,1,0,0.0909090909091,0.636363636364,0.272727272727,11,0.118181818182,3.72727272727,2.36363636364,1.3,1.625,1.43336856898,0.6064251638,0.286713286713,0.603022689156,0.510249967747,0.237762237762,1.40129809949,1.18571377649,0.503496503497,2.05382127221,0.551025219373,7,3.72727272727,2.05382127221,7,0,0,0,0,0.22962962963,11,11,11,1,0,0.0909090909091,0.636363636364,0.272727272727,11,19,0.172727272727,6.19602272727,3.45454545455,1.9,2.375,1.69491217257,0.490632471007,0.253588516746,0.904534033733,0.523677598477,0.267942583732,1.67874411933,0.971904490138,0.507177033493,2.22556571588,0.359192632732,7.75,6.19602272727,2.22556571588,7.75,0.360952380952,0.277777777778,5,0.030303030303,0.219259259259,11,11,11,1,0,0.0909090909091,0.636363636364,0.272727272727,-1,-0.00909090909091,3.15263429752,-0.181818181818,-0.1,-0.125,0.00537215986117,0.0260089675122,0.00813397129187,-0.263214382509,-0.118584030456,-0.0684210526316,-0.26126525272,-0.0951006644889,-0.0291866028708,1.16866694134,0.0119156423206,4.20454545455,3.15263429752,1.16866694134,4.20454545455,-0.138095238095,-0.122222222222,-3,-0.0181818181818,-0.0362962962963,0,0,0,18,1,2,89,0.9,0.988888888889,0.0111111111111,0.1,0.947368421053,0.9,0.923076923077,0.906956031802,0.888888888889,0.857142857143,6,7,0,0,0,0
1831,WLNM_dir_neg,0.908163265306,0.734595959596,00:00:01,10,50,4,1175612453,threshold_sweep,0.4,0.833333333333,0.714285714286,0.769230769231,5,1,2,13,0.714285714286,0.928571428571,0.0714285714286,0.285714285714,0.833333333333,0.714285714286,0.769230769231,0.857142857143,0.571428571429,0.666666666667,0.67082039325,0.642857142857,20,13,7,0,20,0,13,0,7,11,20,0.181818181818,3.04338842975,3.63636363636,2,2.5,1.68954001271,0.464623503495,0.245454545455,1.16774841624,0.642261628933,0.336363636364,1.94000937205,1.06700515463,0.536363636364,1.05689877454,0.347276990411,3.54545454545,3.04338842975,1.05689877454,3.54545454545,0.499047619048,0.4,8,0.0484848484848,0.255555555556,11,11,11,1,0,0.0909090909091,0.636363636364,0.272727272727,11,0.118181818182,3.72727272727,2.36363636364,1.3,1.625,1.43336856898,0.6064251638,0.286713286713,0.603022689156,0.510249967747,0.237762237762,1.40129809949,1.18571377649,0.503496503497,2.05382127221,0.551025219373,7,3.72727272727,2.05382127221,7,0,0,0,0,0.22962962963,11,11,11,1,0,0.0909090909091,0.636363636364,0.272727272727,11,19,0.172727272727,6.19602272727,3.45454545455,1.9,2.375,1.69491217257,0.490632471007,0.253588516746,0.904534033733,0.523677598477,0.267942583732,1.67874411933,0.971904490138,0.507177033493,2.22556571588,0.359192632732,7.75,6.19602272727,2.22556571588,7.75,0.360952380952,0.277777777778,5,0.030303030303,0.219259259259,11,11,11,1,0,0.0909090909091,0.636363636364,0.272727272727,-1,-0.00909090909091,3.15263429752,-0.181818181818,-0.1,-0.125,0.00537215986117,0.0260089675122,0.00813397129187,-0.263214382509,-0.118584030456,-0.0684210526316,-0.26126525272,-0.0951006644889,-0.0291866028708,1.16866694134,0.0119156423206,4.20454545455,3.15263429752,1.16866694134,4.20454545455,-0.138095238095,-0.122222222222,-3,-0.0181818181818,-0.0362962962963,0,0,0,18,1,2,89,0.9,0.988888888889,0.0111111111111,0.1,0.947368421053,0.9,0.923076923077,0.906956031802,0.888888888889,0.857142857143,6,7,0,0,0,0
1832,WLNM_dir_neg,0.908163265306,0.734595959596,00:00:01,10,50,4,1175612453,threshold_sweep,0.5,0.833333333333,0.714285714286,0.769230769231,5,1,2,13,0.714285714286,0.928571428571,0.0714285714286,0.285714285714,0.833333333333,0.714285714286,0.769230769231,0.857142857143,0.571428571429,0.666666666667,0.67082039325,0.642857142857,20,13,7,0,20,0,13,0,7,11,20,0.181818181818,3.04338842975,3.63636363636,2,2.5,1.68954001271,0.464623503495,0.245454545455,1.16774841624,0.642261628933,0.336363636364,1.94000937205,1.06700515463,0.536363636364,1.05689877454,0.347276990411,3.54545454545,3.04338842975,1.05689877454,3.54545454545,0.499047619048,0.4,8,0.0484848484848,0.255555555556,11,11,11,1,0,0.0909090909091,0.636363636364,0.272727272727,11,0.118181818182,3.72727272727,2.36363636364,1.3,1.625,1.43336856898,0.6064251638,0.286713286713,0.603022689156,0.510249967747,0.237762237762,1.40129809949,1.18571377649,0.503496503497,2.05382127221,0.551025219373,7,3.72727272727,2.05382127221,7,0,0,0,0,0.22962962963,11,11,11,1,0,0.0909090909091,0.636363636364,0.272727272727,11,19,0.172727272727,6.19602272727,3.45454545455,1.9,2.375,1.69491217257,0.490632471007,0.253588516746,0.904534033733,0.523677598477,0.267942583732,1.67874411933,0.971904490138,0.507177033493,2.22556571588,0.359192632732,7.75,6.19602272727,2.22556571588,7.75,0.360952380952,0.277777777778,5,0.030303030303,0.219259259259,11,11,11,1,0,0.0909090909091,0.636363636364,0.272727272727,-1,-0.00909090909091,3.15263429752,-0.181818181818,-0.1,-0.125,0.00537215986117,0.0260089675122,0.00813397129187,-0.263214382509,-0.118584030456,-0.0684210526316,-0.26126525272,-0.0951006644889,-0.0291866028708,1.16866694134,0.0119156423206,4.20454545455,3.15263429752,1.16866694134,4.20454545455,-0.138095238095,-0.122222222222,-3,-0.0181818181818,-0.0362962962963,0,0,0,18,1,2,89,0.9,0.988888888889,0.0111111111111,0.1,0.947368421053,0.9,0.923076923077,0.906956031802,0.888888888889,0.857142857143,6,7,0,0,0,0
1833,WLNM_dir_neg,0.908163265306,0.734595959596,00:00:01,10,50,4,1175612453,threshold_sweep,0.6,0.833333333333,0.714285714286,0.769230769231,5,1,2,13,0.714285714286,0.928571428571,0.0714285714286,0.285714285714,0.833333333333,0.714285714286,0.769230769231,0.857142857143,0.571428571429,0.666666666667,0.67082039325,0.642857142857,20,13,7,0,20,0,13,0,7,11,20,0.181818181818,3.04338842975,3.63636363636,2,2.5,1.68954001271,0.464623503495,0.245454545455,1.16774841624,0.642261628933,0.336363636364,1.94000937205,1.06700515463,0.536363636364,1.05689877454,0.347276990411,3.54545454545,3.04338842975,1.05689877454,3.54545454545,0.499047619048,0.4,8,0.0484848484848,0.255555555556,11,11,11,1,0,0.0909090909091,0.636363636364,0.272727272727,11,0.118181818182,3.72727272727,2.36363636364,1.3,1.625,1.43336856898,0.6064251638,0.286713286713,0.603022689156,0.510249967747,0.237762237762,1.40129809949,1.18571377649,0.503496503497,2.05382127221,0.551025219373,7,3.72727272727,2.05382127221,7,0,0,0,0,0.22962962963,11,11,11,1,0,0.0909090909091,0.636363636364,0.272727272727,11,19,0.172727272727,6.19602272727,3.45454545455,1.9,2.375,1.69491217257,0.490632471007,0.253588516746,0.904534033733,0.523677598477,0.267942583732,1.67874411933,0.971904490138,0.507177033493,2.22556571588,0.359192632732,7.75,6.19602272727,2.22556571588,7.75,0.360952380952,0.277777777778,5,0.030303030303,0.219259259259,11,11,11,1,0,0.0909090909091,0.636363636364,0.272727272727,-1,-0.00909090909091,3.15263429752,-0.181818181818,-0.1,-0.125,0.00537215986117,0.0260089675122,0.00813397129187,-0.263214382509,-0.118584030456,-0.0684210526316,-0.26126525272,-0.0951006644889,-0.0291866028708,1.16866694134,0.0119156423206,4.20454545455,3.15263429752,1.16866694134,4.20454545455,-0.138095238095,-0.122222222222,-3,-0.0181818181818,-0.0362962962963,0,0,0,18,1,2,89,0.9,0.988888888889,0.0111111111111,0.1,0.947368421053,0.9,0.923076923077,0.906956031802,0.888888888889,0.857142857143,6,7,0,0,0,0
1834,WLNM_dir_neg,0.908163265306,0.734595959596,00:00:01,10,50,4,1175612453,threshold_sweep,0.7,1,0.714285714286,0.833333333333,5,0,2,14,0.714285714286,1,0,0.285714285714,1,0.714285714286,0.833333333333,0.904761904762,0.587301587302,0.769230769231,0.790569415042,0.714285714286,20,13,7,0,20,0,13,0,7,11,20,0.181818181818,3.04338842975,3.63636363636,2,2.5,1.68954001271,0.464623503495,0.245454545455,1.16774841624,0.642261628933,0.336363636364,1.94000937205,1.06700515463,0.536363636364,1.05689877454,0.347276990411,3.54545454545,3.04338842975,1.05689877454,3.54545454545,0.499047619048,0.4,8,0.0484848484848,0.255555555556,11,11,11,1,0,0.0909090909091,0.636363636364,0.272727272727,11,0.118181818182,3.72727272727,2.36363636364,1.3,1.625,1.43336856898,0.6064251638,0.286713286713,0.603022689156,0.510249967747,0.237762237762,1.40129809949,1.18571377649,0.503496503497,2.05382127221,0.551025219373,7,3.72727272727,2.05382127221,7,0,0,0,0,0.22962962963,11,11,11,1,0,0.0909090909091,0.636363636364,0.272727272727,11,18,0.163636363636,3.11363636364,3.27272727273,1.8,2.25,1.42062726223,0.434080552347,0.227272727273,0.924416277737,0.564921058617,0.292929292929,1.68954001271,1.03249667443,0.525252525253,1.14353419474,0.367266456706,3.875,3.11363636364,1.14353419474,3.875,0.366666666667,0.266666666667,4,0.0242424242424,0.221111111111,11,11,11,1,0,0.0909090909091,0.636363636364,0.272727272727,-2,-0.0181818181818,0.0702479338843,-0.363636363636,-0.2,-0.25,-0.268912750482,-0.030542951148,-0.0181818181818,-0.243332138505,-0.0773405703161,-0.0434343434343,-0.250469359339,-0.0345084801933,-0.0111111111111,0.0866354202056,0.0199894662943,0.329545454545,0.0702479338843,0.0866354202056,0.329545454545,-0.132380952381,-0.133333333333,-4,-0.0242424242424,-0.0344444444444,0,0,0,18,0,2,90,0.9,1,0,0.1,1,0.9,0.947368421053,0.938314863257,0.9,0.9,5,7,0,0,0,0
1835,WLNM_dir_neg,0.908163265306,0.734595959596,00:00:01,10,50,4,1175612453,threshold_sweep,0.8,1,0.714285714286,0.833333333333,5,0,2,14,0.714285714286,1,0,0.285714285714,1,0.714285714286,0.833333333333,0.904761904762,0.587301587302,0.769230769231,0.790569415042,0.714285714286,20,13,7,0,20,0,13,0,7,11,20,0.181818181818,3.04338842975,3.63636363636,2,2.5,1.68954001271,0.464623503495,0.245454545455,1.16774841624,0.642261628933,0.336363636364,1.94000937205,1.06700515463,0.536363636364,1.05689877454,0.347276990411,3.54545454545,3.04338842975,1.05689877454,3.54545454545,0.499047619048,0.4,8,0.0484848484848,0.255555555556,11,11,11,1,0,0.0909090909091,0.636363636364,0.272727272727,11,0.118181818182,3.72727272727,2.36363636364,1.3,1.625,1.43336856898,0.6064251638,0.286713286713,0.603022689156,0.510249967747,0.237762237762,1.40129809949,1.18571377649,0.503496503497,2.05382127221,0.551025219373,7,3.72727272727,2.05382127221,7,0,0,0,0,0.22962962963,11,11,11,1,0,0.0909090909091,0.636363636364,0.272727272727,11,18,0.163636363636,3.11363636364,3.27272727273,1.8,2.25,1.42062726223,0.434080552347,0.227272727273,0.924416277737,0.564921058617,0.292929292929,1.68954001271,1.03249667443,0.525252525253,1.14353419474,0.367266456706,3.875,3.11363636364,1.14353419474,3.875,0.366666666667,0.266666666667,4,0.0242424242424,0.221111111111,11,11,11,1,0,0.0909090909091,0.636363636364,0.272727272727,-2,-0.0181818181818,0.0702479338843,-0.363636363636,-0.2,-0.25,-0.268912750482,-0.030542951148,-0.0181818181818,-0.243332138505,-0.0773405703161,-0.0434343434343,-0.250469359339,-0.0345084801933,-0.0111111111111,0.0866354202056,0.0199894662943,0.329545454545,0.0702479338843,0.0866354202056,0.329545454545,-0.132380952381,-0.133333333333,-4,-0.0242424242424,-0.0344444444444,0,0,0,18,0,2,90,0.9,1,0,0.1,1,0.9,0.947368421053,0.938314863257,0.9,0.9,5,7,0,0,0,0
1836,WLNM_dir_neg,0.908163265306,0.734595959596,00:00:01,10,50,4,1175612453,threshold_sweep,0.9,1,0.714285714286,0.833333333333,5,0,2,14,0.714285714286,1,0,0.285714285714,1,0.714285714286,0.833333333333,0.904761904762,0.587301587302,0.769230769231,0.790569415042,0.714285714286,20,13,7,0,20,0,13,0,7,11,20,0.181818181818,3.04338842975,3.63636363636,2,2.5,1.68954001271,0.464623503495,0.245454545455,1.16774841624,0.642261628933,0.336363636364,1.94000937205,1.06700515463,0.536363636364,1.05689877454,0.347276990411,3.54545454545,3.04338842975,1.05689877454,3.54545454545,0.499047619048,0.4,8,0.0484848484848,0.255555555556,11,11,11,1,0,0.0909090909091,0.636363636364,0.272727272727,11,0.118181818182,3.72727272727,2.36363636364,1.3,1.625,1.43336856898,0.6064251638,0.286713286713,0.603022689156,0.510249967747,0.237762237762,1.40129809949,1.18571377649,0.503496503497,2.05382127221,0.551025219373,7,3.72727272727,2.05382127221,7,0,0,0,0,0.22962962963,11,11,11,1,0,0.0909090909091,0.636363636364,0.272727272727,11,18,0.163636363636,3.11363636364,3.27272727273,1.8,2.25,1.42062726223,0.434080552347,0.227272727273,0.924416277737,0.564921058617,0.292929292929,1.68954001271,1.03249667443,0.525252525253,1.14353419474,0.367266456706,3.875,3.11363636364,1.14353419474,3.875,0.366666666667,0.266666666667,4,0.0242424242424,0.221111111111,11,11,11,1,0,0.0909090909091,0.636363636364,0.272727272727,-2,-0.0181818181818,0.0702479338843,-0.363636363636,-0.2,-0.25,-0.268912750482,-0.030542951148,-0.0181818181818,-0.243332138505,-0.0773405703161,-0.0434343434343,-0.250469359339,-0.0345084801933,-0.0111111111111,0.0866354202056,0.0199894662943,0.329545454545,0.0702479338843,0.0866354202056,0.329545454545,-0.132380952381,-0.133333333333,-4,-0.0242424242424,-0.0344444444444,0,0,0,18,0,2,90,0.9,1,0,0.1,1,0.9,0.947368421053,0.938314863257,0.9,0.9,5,7,0,0,0,0
1837,WLNM_dir_neg,0.84693877551,0.698103087389,00:00:01,10,50,5,1175612454,threshold_sweep,0.1,0.714285714286,0.714285714286,0.714285714286,5,2,2,12,0.714285714286,0.857142857143,0.142857142857,0.285714285714,0.714285714286,0.714285714286,0.714285714286,0.809523809524,0.555555555556,0.571428571429,0.571428571429,0.571428571429,20,13,7,0,20,0,13,0,7,11,20,0.181818181818,3.04338842975,3.63636363636,2,2.5,1.68954001271,0.464623503495,0.245454545455,1.16774841624,0.642261628933,0.336363636364,1.94000937205,1.06700515463,0.536363636364,1.05689877454,0.347276990411,3.54545454545,3.04338842975,1.05689877454,3.54545454545,0.499047619048,0.4,8,0.0484848484848,0.255555555556,11,11,11,1,0,0.0909090909091,0.636363636364,0.272727272727,11,0.118181818182,3.72727272727,2.36363636364,1.3,1.625,1.43336856898,0.6064251638,0.286713286713,0.603022689156,0.510249967747,0.237762237762,1.40129809949,1.18571377649,0.503496503497,2.05382127221,0.551025219373,7,3.72727272727,2.05382127221,7,0,0,0,0,0.22962962963,11,11,11,1,0,0.0909090909091,0.636363636364,0.272727272727,11,20,0.181818181818,NaN,3.63636363636,1.81818181818,2.5,1.5666989036,0.43084219849,0.227272727273,0.873862897505,0.480624593628,0.245454545455,1.72152152575,0.946836839165,0.5,NaN,NaN,NaN,NaN,NaN,NaN,0.34,0.263157894737,5,0.030303030303,0.195151515152,11,11,0,1,2,0,0.727272727273,0.272727272727,0,0,NaN,0,-0.181818181818,0,-0.122841109108,-0.0337813050047,-0.0181818181818,-0.293885518737,-0.161637035305,-0.0909090909091,-0.218487846294,-0.120168315462,-0.0363636363636,NaN,NaN,NaN,NaN,NaN,NaN,-0.159047619048,-0.136842105263,-3,-0.0181818181818,-0.060404040404,-0.0909090909091,0.0909090909091,0,18,2,2,88,0.9,0.977777777778,0.0222222222222,0.1,0.9,0.9,0.9,0.877777777778,0.877777777778,0.818181818182,7,7,0,0,0,0
1838,WLNM_dir_neg,0.84693877551,0.698103087389,00:00:01,10,50,5,1175612454,threshold_sweep,0.2,0.833333333333,0.714285714286,0.769230769231,5,1,2,13,0.714285714286,0.928571428571,0.0714285714286,0.285714285714,0.833333333333,0.714285714286,0.769230769231,0.857142857143,0.571428571429,0.666666666667,0.67082039325,0.642857142857,20,13,7,0,20,0,13,0,7,11,20,0.181818181818,3.04338842975,3.63636363636,2,2.5,1.68954001271,0.464623503495,0.245454545455,1.16774841624,0.642261628933,0.336363636364,1.94000937205,1.06700515463,0.536363636364,1.05689877454,0.347276990411,3.54545454545,3.04338842975,1.05689877454,3.54545454545,0.499047619048,0.4,8,0.0484848484848,0.255555555556,11,11,11,1,0,0.0909090909091,0.636363636364,0.272727272727,11,0.118181818182,3.72727272727,2.36363636364,1.3,1.625,1.43336856898,0.6064251638,0.286713286713,0.603022689156,0.510249967747,0.237762237762,1.40129809949,1.18571377649,0.503496503497,2.05382127221,0.551025219373,7,3.72727272727,2.05382127221,7,0,0,0,0,0.22962962963,11,11,11,1,0,0.0909090909091,0.636363636364,0.272727272727,11,19,0.172727272727,3.17803030303,3.45454545455,1.9,2.375,1.43969693781,0.416754376733,0.215311004785,1.00904995822,0.584186817916,0.306220095694,1.67874411933,0.971904490138,0.507177033493,1.20143012424,0.378042375208,3.875,3.17803030303,1.20143012424,3.875,0.393333333333,0.3,5,0.030303030303,0.223703703704,11,11,11,1,0,0.0909090909091,0.636363636364,0.272727272727,-1,-0.00909090909091,0.134641873278,-0.181818181818,-0.1,-0.125,-0.249843074903,-0.0478691267618,-0.0301435406699,-0.158698458023,-0.058074811017,-0.0301435406699,-0.26126525272,-0.0951006644889,-0.0291866028708,0.144531349704,0.0307653847969,0.329545454545,0.134641873278,0.144531349704,0.329545454545,-0.105714285714,-0.1,-3,-0.0181818181818,-0.0318518518519,0,0,0,18,1,2,89,0.9,0.988888888889,0.0111111111111,0.1,0.947368421053,0.9,0.923076923077,0.906956031802,0.888888888889,0.857142857143,6,7,0,0,0,0
1839,WLNM_dir_neg,0.84693877551,0.698103087389,00:00:01,10,50,5,1175612454,threshold_sweep,0.3,0.833333333333,0.714285714286,0.769230769231,5,1,2,13,0.714285714286,0.928571428571,0.0714285714286,0.285714285714,0.833333333333,0.714285714286,0.769230769231,0.857142857143,0.571428571429,0.666666666667,0.67082039325,0.642857142857,20,13,7,0,20,0,13,0,7,11,20,0.181818181818,3.04338842975,3.63636363636,2,2.5,1.68954001271,0.464623503495,0.245454545455,1.16774841624,0.642261628933,0.336363636364,1.94000937205,1.06700515463,0.536363636364,1.05689877454,0.347276990411,3.54545454545,3.04338842975,1.05689877454,3.54545454545,0.499047619048,0.4,8,0.0484848484848,0.255555555556,11,11,11,1,0,0.0909090909091,0.636363636364,0.272727272727,11,0.118181818182,3.72727272727,2.36363636364,1.3,1.625,1.43336856898,0.6064251638,0.286713286713,0.603022689156,0.510249967747,0.237762237762,1.40129809949,1.18571377649,0.503496503497,2.05382127221,0.551025219373,7,3.72727272727,2.05382127221,7,0,0,0,0,0.22962962963,11,11,11,1,0,0.0909090909091,0.636363636364,0.272727272727,11,19,0.172727272727,3.17803030303,3.45454545455,1.9,2.375,1.43969693781,0.416754376733,0.215311004785,1.00904995822,0.584186817916,0.306220095694,1.67874411933,0.971904490138,0.507177033493,1.20143012424,0.378042375208,3.875,3.17803030303,1.20143012424,3.875,0.393333333333,0.3,5,0.030303030303,0.223703703704,11,11,11,1,0,0.0909090909091,0.636363636364,0.272727272727,-1,-0.00909090909091,0.134641873278,-0.181818181818,-0.1,-0.125,-0.249843074903,-0.0478691267618,-0.0301435406699,-0.158698458023,-0.058074811017,-0.0301435406699,-0.26126525272,-0.0951006644889,-0.0291866028708,0.144531349704,0.0307653847969,0.329545454545,0.134641873278,0.144531349704,0.329545454545,-0.105714285714,-0.1,-3,-0.0181818181818,-0.0318518518519,0,0,0,18,1,2,89,0.9,0.988888888889,0.0111111111111,0.1,0.947368421053,0.9,0.923076923077,0.906956031802,0.888888888889,0.857142857143,6,7,0,0,0,0
1840,WLNM_dir_neg,0.84693877551,0.698103087389,00:00:01,10,50,5,1175612454,threshold_sweep,0.4,0.833333333333,0.714285714286,0.769230769231,5,1,2,13,0.714285714286,0.928571428571,0.0714285714286,0.285714285714,0.833333333333,0.714285714286,0.769230769231,0.857142857143,0.571428571429,0.666666666667,0.67082039325,0.642857142857,20,13,7,0,20,0,13,0,7,11,20,0.181818181818,3.04338842975,3.63636363636,2,2.5,1.68954001271,0.464623503495,0.245454545455,1.16774841624,0.642261628933,0.336363636364,1.94000937205,1.06700515463,0.536363636364,1.05689877454,0.347276990411,3.54545454545,3.04338842975,1.05689877454,3.54545454545,0.499047619048,0.4,8,0.0484848484848,0.255555555556,11,11,11,1,0,0.0909090909091,0.636363636364,0.272727272727,11,0.118181818182,3.72727272727,2.36363636364,1.3,1.625,1.43336856898,0.6064251638,0.286713286713,0.603022689156,0.510249967747,0.237762237762,1.40129809949,1.18571377649,0.503496503497,2.05382127221,0.551025219373,7,3.72727272727,2.05382127221,7,0,0,0,0,0.22962962963,11,11,11,1,0,0.0909090909091,0.636363636364,0.272727272727,11,19,0.172727272727,3.17803030303,3.45454545455,1.9,2.375,1.43969693781,0.416754376733,0.215311004785,1.00904995822,0.584186817916,0.306220095694,1.67874411933,0.971904490138,0.507177033493,1.20143012424,0.378042375208,3.875,3.17803030303,1.20143012424,3.875,0.393333333333,0.3,5,0.030303030303,0.223703703704,11,11,11,1,0,0.0909090909091,0.636363636364,0.272727272727,-1,-0.00909090909091,0.134641873278,-0.181818181818,-0.1,-0.125,-0.249843074903,-0.0478691267618,-0.0301435406699,-0.158698458023,-0.058074811017,-0.0301435406699,-0.26126525272,-0.0951006644889,-0.0291866028708,0.144531349704,0.0307653847969,0.329545454545,0.134641873278,0.144531349704,0.329545454545,-0.105714285714,-0.1,-3,-0.0181818181818,-0.0318518518519,0,0,0,18,1,2,89,0.9,0.988888888889,0.0111111111111,0.1,0.947368421053,0.9,0.923076923077,0.906956031802,0.888888888889,0.857142857143,6,7,0,0,0,0
1841,WLNM_dir_neg,0.84693877551,0.698103087389,00:00:01,10,50,5,1175612454,threshold_sweep,0.5,0.833333333333,0.714285714286,0.769230769231,5,1,2,13,0.714285714286,0.928571428571,0.0714285714286,0.285714285714,0.833333333333,0.714285714286,0.769230769231,0.857142857143,0.571428571429,0.666666666667,0.67082039325,0.642857142857,20,13,7,0,20,0,13,0,7,11,20,0.181818181818,3.04338842975,3.63636363636,2,2.5,1.68954001271,0.464623503495,0.245454545455,1.16774841624,0.642261628933,0.336363636364,1.94000937205,1.06700515463,0.536363636364,1.05689877454,0.347276990411,3.54545454545,3.04338842975,1.05689877454,3.54545454545,0.499047619048,0.4,8,0.0484848484848,0.255555555556,11,11,11,1,0,0.0909090909091,0.636363636364,0.272727272727,11,0.118181818182,3.72727272727,2.36363636364,1.3,1.625,1.43336856898,0.6064251638,0.286713286713,0.603022689156,0.510249967747,0.237762237762,1.40129809949,1.18571377649,0.503496503497,2.05382127221,0.551025219373,7,3.72727272727,2.05382127221,7,0,0,0,0,0.22962962963,11,11,11,1,0,0.0909090909091,0.636363636364,0.272727272727,11,19,0.172727272727,3.17803030303,3.45454545455,1.9,2.375,1.43969693781,0.416754376733,0.215311004785,1.00904995822,0.584186817916,0.306220095694,1.67874411933,0.971904490138,0.507177033493,1.20143012424,0.378042375208,3.875,3.17803030303,1.20143012424,3.875,0.393333333333,0.3,5,0.030303030303,0.223703703704,11,11,11,1,0,0.0909090909091,0.636363636364,0.272727272727,-1,-0.00909090909091,0.134641873278,-0.181818181818,-0.1,-0.125,-0.249843074903,-0.0478691267618,-0.0301435406699,-0.158698458023,-0.058074811017,-0.0301435406699,-0.26126525272,-0.0951006644889,-0.0291866028708,0.144531349704,0.0307653847969,0.329545454545,0.134641873278,0.144531349704,0.329545454545,-0.105714285714,-0.1,-3,-0.0181818181818,-0.0318518518519,0,0,0,18,1,2,89,0.9,0.988888888889,0.0111111111111,0.1,0.947368421053,0.9,0.923076923077,0.906956031802,0.888888888889,0.857142857143,6,7,0,0,0,0
1842,WLNM_dir_neg,0.84693877551,0.698103087389,00:00:01,10,50,5,1175612454,threshold_sweep,0.6,0.833333333333,0.714285714286,0.769230769231,5,1,2,13,0.714285714286,0.928571428571,0.0714285714286,0.285714285714,0.833333333333,0.714285714286,0.769230769231,0.857142857143,0.571428571429,0.666666666667,0.67082039325,0.642857142857,20,13,7,0,20,0,13,0,7,11,20,0.181818181818,3.04338842975,3.63636363636,2,2.5,1.68954001271,0.464623503495,0.245454545455,1.16774841624,0.642261628933,0.336363636364,1.94000937205,1.06700515463,0.536363636364,1.05689877454,0.347276990411,3.54545454545,3.04338842975,1.05689877454,3.54545454545,0.499047619048,0.4,8,0.0484848484848,0.255555555556,11,11,11,1,0,0.0909090909091,0.636363636364,0.272727272727,11,0.118181818182,3.72727272727,2.36363636364,1.3,1.625,1.43336856898,0.6064251638,0.286713286713,0.603022689156,0.510249967747,0.237762237762,1.40129809949,1.18571377649,0.503496503497,2.05382127221,0.551025219373,7,3.72727272727,2.05382127221,7,0,0,0,0,0.22962962963,11,11,11,1,0,0.0909090909091,0.636363636364,0.272727272727,11,19,0.172727272727,3.17803030303,3.45454545455,1.9,2.375,1.43969693781,0.416754376733,0.215311004785,1.00904995822,0.584186817916,0.306220095694,1.67874411933,0.971904490138,0.507177033493,1.20143012424,0.378042375208,3.875,3.17803030303,1.20143012424,3.875,0.393333333333,0.3,5,0.030303030303,0.223703703704,11,11,11,1,0,0.0909090909091,0.636363636364,0.272727272727,-1,-0.00909090909091,0.134641873278,-0.181818181818,-0.1,-0.125,-0.249843074903,-0.0478691267618,-0.0301435406699,-0.158698458023,-0.058074811017,-0.0301435406699,-0.26126525272,-0.0951006644889,-0.0291866028708,0.144531349704,0.0307653847969,0.329545454545,0.134641873278,0.144531349704,0.329545454545,-0.105714285714,-0.1,-3,-0.0181818181818,-0.0318518518519,0,0,0,18,1,2,89,0.9,0.988888888889,0.0111111111111,0.1,0.947368421053,0.9,0.923076923077,0.906956031802,0.888888888889,0.857142857143,6,7,0,0,0,0
1843,WLNM_dir_neg,0.84693877551,0.698103087389,00:00:01,10,50,5,1175612454,threshold_sweep,0.7,0.833333333333,0.714285714286,0.769230769231,5,1,2,13,0.714285714286,0.928571428571,0.0714285714286,0.285714285714,0.833333333333,0.714285714286,0.769230769231,0.857142857143,0.571428571429,0.666666666667,0.67082039325,0.642857142857,20,13,7,0,20,0,13,0,7,11,20,0.181818181818,3.04338842975,3.63636363636,2,2.5,1.68954001271,0.464623503495,0.245454545455,1.16774841624,0.642261628933,0.336363636364,1.94000937205,1.06700515463,0.536363636364,1.05689877454,0.347276990411,3.54545454545,3.04338842975,1.05689877454,3.54545454545,0.499047619048,0.4,8,0.0484848484848,0.255555555556,11,11,11,1,0,0.0909090909091,0.636363636364,0.272727272727,11,0.118181818182,3.72727272727,2.36363636364,1.3,1.625,1.43336856898,0.6064251638,0.286713286713,0.603022689156,0.510249967747,0.237762237762,1.40129809949,1.18571377649,0.503496503497,2.05382127221,0.551025219373,7,3.72727272727,2.05382127221,7,0,0,0,0,0.22962962963,11,11,11,1,0,0.0909090909091,0.636363636364,0.272727272727,11,19,0.172727272727,3.17803030303,3.45454545455,1.9,2.375,1.43969693781,0.416754376733,0.215311004785,1.00904995822,0.584186817916,0.306220095694,1.67874411933,0.971904490138,0.507177033493,1.20143012424,0.378042375208,3.875,3.17803030303,1.20143012424,3.875,0.393333333333,0.3,5,0.030303030303,0.223703703704,11,11,11,1,0,0.0909090909091,0.636363636364,0.272727272727,-1,-0.00909090909091,0.134641873278,-0.181818181818,-0.1,-0.125,-0.249843074903,-0.0478691267618,-0.0301435406699,-0.158698458023,-0.058074811017,-0.0301435406699,-0.26126525272,-0.0951006644889,-0.0291866028708,0.144531349704,0.0307653847969,0.329545454545,0.134641873278,0.144531349704,0.329545454545,-0.105714285714,-0.1,-3,-0.0181818181818,-0.0318518518519,0,0,0,18,1,2,89,0.9,0.988888888889,0.0111111111111,0.1,0.947368421053,0.9,0.923076923077,0.906956031802,0.888888888889,0.857142857143,6,7,0,0,0,0
1844,WLNM_dir_neg,0.84693877551,0.698103087389,00:00:01,10,50,5,1175612454,threshold_sweep,0.8,0.833333333333,0.714285714286,0.769230769231,5,1,2,13,0.714285714286,0.928571428571,0.0714285714286,0.285714285714,0.833333333333,0.714285714286,0.769230769231,0.857142857143,0.571428571429,0.666666666667,0.67082039325,0.642857142857,20,13,7,0,20,0,13,0,7,11,20,0.181818181818,3.04338842975,3.63636363636,2,2.5,1.68954001271,0.464623503495,0.245454545455,1.16774841624,0.642261628933,0.336363636364,1.94000937205,1.06700515463,0.536363636364,1.05689877454,0.347276990411,3.54545454545,3.04338842975,1.05689877454,3.54545454545,0.499047619048,0.4,8,0.0484848484848,0.255555555556,11,11,11,1,0,0.0909090909091,0.636363636364,0.272727272727,11,0.118181818182,3.72727272727,2.36363636364,1.3,1.625,1.43336856898,0.6064251638,0.286713286713,0.603022689156,0.510249967747,0.237762237762,1.40129809949,1.18571377649,0.503496503497,2.05382127221,0.551025219373,7,3.72727272727,2.05382127221,7,0,0,0,0,0.22962962963,11,11,11,1,0,0.0909090909091,0.636363636364,0.272727272727,11,19,0.172727272727,3.17803030303,3.45454545455,1.9,2.375,1.43969693781,0.416754376733,0.215311004785,1.00904995822,0.584186817916,0.306220095694,1.67874411933,0.971904490138,0.507177033493,1.20143012424,0.378042375208,3.875,3.17803030303,1.20143012424,3.875,0.393333333333,0.3,5,0.030303030303,0.223703703704,11,11,11,1,0,0.0909090909091,0.636363636364,0.272727272727,-1,-0.00909090909091,0.134641873278,-0.181818181818,-0.1,-0.125,-0.249843074903,-0.0478691267618,-0.0301435406699,-0.158698458023,-0.058074811017,-0.0301435406699,-0.26126525272,-0.0951006644889,-0.0291866028708,0.144531349704,0.0307653847969,0.329545454545,0.134641873278,0.144531349704,0.329545454545,-0.105714285714,-0.1,-3,-0.0181818181818,-0.0318518518519,0,0,0,18,1,2,89,0.9,0.988888888889,0.0111111111111,0.1,0.947368421053,0.9,0.923076923077,0.906956031802,0.888888888889,0.857142857143,6,7,0,0,0,0
1845,WLNM_dir_neg,0.84693877551,0.698103087389,00:00:01,10,50,5,1175612454,threshold_sweep,0.9,0.833333333333,0.714285714286,0.769230769231,5,1,2,13,0.714285714286,0.928571428571,0.0714285714286,0.285714285714,0.833333333333,0.714285714286,0.769230769231,0.857142857143,0.571428571429,0.666666666667,0.67082039325,0.642857142857,20,13,7,0,20,0,13,0,7,11,20,0.181818181818,3.04338842975,3.63636363636,2,2.5,1.68954001271,0.464623503495,0.245454545455,1.16774841624,0.642261628933,0.336363636364,1.94000937205,1.06700515463,0.536363636364,1.05689877454,0.347276990411,3.54545454545,3.04338842975,1.05689877454,3.54545454545,0.499047619048,0.4,8,0.0484848484848,0.255555555556,11,11,11,1,0,0.0909090909091,0.636363636364,0.272727272727,11,0.118181818182,3.72727272727,2.36363636364,1.3,1.625,1.43336856898,0.6064251638,0.286713286713,0.603022689156,0.510249967747,0.237762237762,1.40129809949,1.18571377649,0.503496503497,2.05382127221,0.551025219373,7,3.72727272727,2.05382127221,7,0,0,0,0,0.22962962963,11,11,11,1,0,0.0909090909091,0.636363636364,0.272727272727,11,19,0.172727272727,3.17803030303,3.45454545455,1.9,2.375,1.43969693781,0.416754376733,0.215311004785,1.00904995822,0.584186817916,0.306220095694,1.67874411933,0.971904490138,0.507177033493,1.20143012424,0.378042375208,3.875,3.17803030303,1.20143012424,3.875,0.393333333333,0.3,5,0.030303030303,0.223703703704,11,11,11,1,0,0.0909090909091,0.636363636364,0.272727272727,-1,-0.00909090909091,0.134641873278,-0.181818181818,-0.1,-0.125,-0.249843074903,-0.0478691267618,-0.0301435406699,-0.158698458023,-0.058074811017,-0.0301435406699,-0.26126525272,-0.0951006644889,-0.0291866028708,0.144531349704,0.0307653847969,0.329545454545,0.134641873278,0.144531349704,0.329545454545,-0.105714285714,-0.1,-3,-0.0181818181818,-0.0318518518519,0,0,0,18,1,2,89,0.9,0.988888888889,0.0111111111111,0.1,0.947368421053,0.9,0.923076923077,0.906956031802,0.888888888889,0.857142857143,6,7,0,0,0,0
1846,WLNM_dir_neg,0.877551020408,0.714785214785,00:00:01,10,50,6,1175612455,threshold_sweep,0.1,1,0.714285714286,0.833333333333,5,0,2,14,0.714285714286,1,0,0.285714285714,1,0.714285714286,0.833333333333,0.904761904762,0.587301587302,0.769230769231,0.790569415042,0.714285714286,20,13,7,0,20,0,13,0,7,11,20,0.181818181818,3.04338842975,3.63636363636,2,2.5,1.68954001271,0.464623503495,0.245454545455,1.16774841624,0.642261628933,0.336363636364,1.94000937205,1.06700515463,0.536363636364,1.05689877454,0.347276990411,3.54545454545,3.04338842975,1.05689877454,3.54545454545,0.499047619048,0.4,8,0.0484848484848,0.255555555556,11,11,11,1,0,0.0909090909091,0.636363636364,0.272727272727,11,0.118181818182,3.72727272727,2.36363636364,1.3,1.625,1.43336856898,0.6064251638,0.286713286713,0.603022689156,0.510249967747,0.237762237762,1.40129809949,1.18571377649,0.503496503497,2.05382127221,0.551025219373,7,3.72727272727,2.05382127221,7,0,0,0,0,0.22962962963,11,11,11,1,0,0.0909090909091,0.636363636364,0.272727272727,11,18,0.163636363636,3.11363636364,3.27272727273,1.8,2.25,1.42062726223,0.434080552347,0.227272727273,0.924416277737,0.564921058617,0.292929292929,1.68954001271,1.03249667443,0.525252525253,1.14353419474,0.367266456706,3.875,3.11363636364,1.14353419474,3.875,0.366666666667,0.266666666667,4,0.0242424242424,0.221111111111,11,11,11,1,0,0.0909090909091,0.636363636364,0.272727272727,-2,-0.0181818181818,0.0702479338843,-0.363636363636,-0.2,-0.25,-0.268912750482,-0.030542951148,-0.0181818181818,-0.243332138505,-0.0773405703161,-0.0434343434343,-0.250469359339,-0.0345084801933,-0.0111111111111,0.0866354202056,0.0199894662943,0.329545454545,0.0702479338843,0.0866354202056,0.329545454545,-0.132380952381,-0.133333333333,-4,-0.0242424242424,-0.0344444444444,0,0,0,18,0,2,90,0.9,1,0,0.1,1,0.9,0.947368421053,0.938314863257,0.9,0.9,5,7,0,0,0,0
1847,WLNM_dir_neg,0.877551020408,0.714785214785,00:00:01,10,50,6,1175612455,threshold_sweep,0.2,1,0.714285714286,0.833333333333,5,0,2,14,0.714285714286,1,0,0.285714285714,1,0.714285714286,0.833333333333,0.904761904762,0.587301587302,0.769230769231,0.790569415042,0.714285714286,20,13,7,0,20,0,13,0,7,11,20,0.181818181818,3.04338842975,3.63636363636,2,2.5,1.68954001271,0.464623503495,0.245454545455,1.16774841624,0.642261628933,0.336363636364,1.94000937205,1.06700515463,0.536363636364,1.05689877454,0.347276990411,3.54545454545,3.04338842975,1.05689877454,3.54545454545,0.499047619048,0.4,8,0.0484848484848,0.255555555556,11,11,11,1,0,0.0909090909091,0.636363636364,0.272727272727,11,0.118181818182,3.72727272727,2.36363636364,1.3,1.625,1.43336856898,0.6064251638,0.286713286713,0.603022689156,0.510249967747,0.237762237762,1.40129809949,1.18571377649,0.503496503497,2.05382127221,0.551025219373,7,3.72727272727,2.05382127221,7,0,0,0,0,0.22962962963,11,11,11,1,0,0.0909090909091,0.636363636364,0.272727272727,11,18,0.163636363636,3.11363636364,3.27272727273,1.8,2.25,1.42062726223,0.434080552347,0.227272727273,0.924416277737,0.564921058617,0.292929292929,1.68954001271,1.03249667443,0.525252525253,1.14353419474,0.367266456706,3.875,3.11363636364,1.14353419474,3.875,0.366666666667,0.266666666667,4,0.0242424242424,0.221111111111,11,11,11,1,0,0.0909090909091,0.636363636364,0.272727272727,-2,-0.0181818181818,0.0702479338843,-0.363636363636,-0.2,-0.25,-0.268912750482,-0.030542951148,-0.0181818181818,-0.243332138505,-0.0773405703161,-0.0434343434343,-0.250469359339,-0.0345084801933,-0.0111111111111,0.0866354202056,0.0199894662943,0.329545454545,0.0702479338843,0.0866354202056,0.329545454545,-0.132380952381,-0.133333333333,-4,-0.0242424242424,-0.0344444444444,0,0,0,18,0,2,90,0.9,1,0,0.1,1,0.9,0.947368421053,0.938314863257,0.9,0.9,5,7,0,0,0,0
1848,WLNM_dir_neg,0.877551020408,0.714785214785,00:00:01,10,50,6,1175612455,threshold_sweep,0.3,1,0.714285714286,0.833333333333,5,0,2,14,0.714285714286,1,0,0.285714285714,1,0.714285714286,0.833333333333,0.904761904762,0.587301587302,0.769230769231,0.790569415042,0.714285714286,20,13,7,0,20,0,13,0,7,11,20,0.181818181818,3.04338842975,3.63636363636,2,2.5,1.68954001271,0.464623503495,0.245454545455,1.16774841624,0.642261628933,0.336363636364,1.94000937205,1.06700515463,0.536363636364,1.05689877454,0.347276990411,3.54545454545,3.04338842975,1.05689877454,3.54545454545,0.499047619048,0.4,8,0.0484848484848,0.255555555556,11,11,11,1,0,0.0909090909091,0.636363636364,0.272727272727,11,0.118181818182,3.72727272727,2.36363636364,1.3,1.625,1.43336856898,0.6064251638,0.286713286713,0.603022689156,0.510249967747,0.237762237762,1.40129809949,1.18571377649,0.503496503497,2.05382127221,0.551025219373,7,3.72727272727,2.05382127221,7,0,0,0,0,0.22962962963,11,11,11,1,0,0.0909090909091,0.636363636364,0.272727272727,11,18,0.163636363636,3.11363636364,3.27272727273,1.8,2.25,1.42062726223,0.434080552347,0.227272727273,0.924416277737,0.564921058617,0.292929292929,1.68954001271,1.03249667443,0.525252525253,1.14353419474,0.367266456706,3.875,3.11363636364,1.14353419474,3.875,0.366666666667,0.266666666667,4,0.0242424242424,0.221111111111,11,11,11,1,0,0.0909090909091,0.636363636364,0.272727272727,-2,-0.0181818181818,0.0702479338843,-0.363636363636,-0.2,-0.25,-0.268912750482,-0.030542951148,-0.0181818181818,-0.243332138505,-0.0773405703161,-0.0434343434343,-0.250469359339,-0.0345084801933,-0.0111111111111,0.0866354202056,0.0199894662943,0.329545454545,0.0702479338843,0.0866354202056,0.329545454545,-0.132380952381,-0.133333333333,-4,-0.0242424242424,-0.0344444444444,0,0,0,18,0,2,90,0.9,1,0,0.1,1,0.9,0.947368421053,0.938314863257,0.9,0.9,5,7,0,0,0,0
1849,WLNM_dir_neg,0.877551020408,0.714785214785,00:00:01,10,50,6,1175612455,threshold_sweep,0.4,1,0.714285714286,0.833333333333,5,0,2,14,0.714285714286,1,0,0.285714285714,1,0.714285714286,0.833333333333,0.904761904762,0.587301587302,0.769230769231,0.790569415042,0.714285714286,20,13,7,0,20,0,13,0,7,11,20,0.181818181818,3.04338842975,3.63636363636,2,2.5,1.68954001271,0.464623503495,0.245454545455,1.16774841624,0.642261628933,0.336363636364,1.94000937205,1.06700515463,0.536363636364,1.05689877454,0.347276990411,3.54545454545,3.04338842975,1.05689877454,3.54545454545,0.499047619048,0.4,8,0.0484848484848,0.255555555556,11,11,11,1,0,0.0909090909091,0.636363636364,0.272727272727,11,0.118181818182,3.72727272727,2.36363636364,1.3,1.625,1.43336856898,0.6064251638,0.286713286713,0.603022689156,0.510249967747,0.237762237762,1.40129809949,1.18571377649,0.503496503497,2.05382127221,0.551025219373,7,3.72727272727,2.05382127221,7,0,0,0,0,0.22962962963,11,11,11,1,0,0.0909090909091,0.636363636364,0.272727272727,11,18,0.163636363636,3.11363636364,3.27272727273,1.8,2.25,1.42062726223,0.434080552347,0.227272727273,0.924416277737,0.564921058617,0.292929292929,1.68954001271,1.03249667443,0.525252525253,1.14353419474,0.367266456706,3.875,3.11363636364,1.14353419474,3.875,0.366666666667,0.266666666667,4,0.0242424242424,0.221111111111,11,11,11,1,0,0.0909090909091,0.636363636364,0.272727272727,-2,-0.0181818181818,0.0702479338843,-0.363636363636,-0.2,-0.25,-0.268912750482,-0.030542951148,-0.0181818181818,-0.243332138505,-0.0773405703161,-0.0434343434343,-0.250469359339,-0.0345084801933,-0.0111111111111,0.0866354202056,0.0199894662943,0.329545454545,0.0702479338843,0.0866354202056,0.329545454545,-0.132380952381,-0.133333333333,-4,-0.0242424242424,-0.0344444444444,0,0,0,18,0,2,90,0.9,1,0,0.1,1,0.9,0.947368421053,0.938314863257,0.9,0.9,5,7,0,0,0,0
1850,WLNM_dir_neg,0.877551020408,0.714785214785,00:00:01,10,50,6,1175612455,threshold_sweep,0.5,1,0.714285714286,0.833333333333,5,0,2,14,0.714285714286,1,0,0.285714285714,1,0.714285714286,0.833333333333,0.904761904762,0.587301587302,0.769230769231,0.790569415042,0.714285714286,20,13,7,0,20,0,13,0,7,11,20,0.181818181818,3.04338842975,3.63636363636,2,2.5,1.68954001271,0.464623503495,0.245454545455,1.16774841624,0.642261628933,0.336363636364,1.94000937205,1.06700515463,0.536363636364,1.05689877454,0.347276990411,3.54545454545,3.04338842975,1.05689877454,3.54545454545,0.499047619048,0.4,8,0.0484848484848,0.255555555556,11,11,11,1,0,0.0909090909091,0.636363636364,0.272727272727,11,0.118181818182,3.72727272727,2.36363636364,1.3,1.625,1.43336856898,0.6064251638,0.286713286713,0.603022689156,0.510249967747,0.237762237762,1.40129809949,1.18571377649,0.503496503497,2.05382127221,0.551025219373,7,3.72727272727,2.05382127221,7,0,0,0,0,0.22962962963,11,11,11,1,0,0.0909090909091,0.636363636364,0.272727272727,11,18,0.163636363636,3.11363636364,3.27272727273,1.8,2.25,1.42062726223,0.434080552347,0.227272727273,0.924416277737,0.564921058617,0.292929292929,1.68954001271,1.03249667443,0.525252525253,1.14353419474,0.367266456706,3.875,3.11363636364,1.14353419474,3.875,0.366666666667,0.266666666667,4,0.0242424242424,0.221111111111,11,11,11,1,0,0.0909090909091,0.636363636364,0.272727272727,-2,-0.0181818181818,0.0702479338843,-0.363636363636,-0.2,-0.25,-0.268912750482,-0.030542951148,-0.0181818181818,-0.243332138505,-0.0773405703161,-0.0434343434343,-0.250469359339,-0.0345084801933,-0.0111111111111,0.0866354202056,0.0199894662943,0.329545454545,0.0702479338843,0.0866354202056,0.329545454545,-0.132380952381,-0.133333333333,-4,-0.0242424242424,-0.0344444444444,0,0,0,18,0,2,90,0.9,1,0,0.1,1,0.9,0.947368421053,0.938314863257,0.9,0.9,5,7,0,0,0,0
1851,WLNM_dir_neg,0.877551020408,0.714785214785,00:00:01,10,50,6,1175612455,threshold_sweep,0.6,1,0.714285714286,0.833333333333,5,0,2,14,0.714285714286,1,0,0.285714285714,1,0.714285714286,0.833333333333,0.904761904762,0.587301587302,0.769230769231,0.790569415042,0.714285714286,20,13,7,0,20,0,13,0,7,11,20,0.181818181818,3.04338842975,3.63636363636,2,2.5,1.68954001271,0.464623503495,0.245454545455,1.16774841624,0.642261628933,0.336363636364,1.94000937205,1.06700515463,0.536363636364,1.05689877454,0.347276990411,3.54545454545,3.04338842975,1.05689877454,3.54545454545,0.499047619048,0.4,8,0.0484848484848,0.255555555556,11,11,11,1,0,0.0909090909091,0.636363636364,0.272727272727,11,0.118181818182,3.72727272727,2.36363636364,1.3,1.625,1.43336856898,0.6064251638,0.286713286713,0.603022689156,0.510249967747,0.237762237762,1.40129809949,1.18571377649,0.503496503497,2.05382127221,0.551025219373,7,3.72727272727,2.05382127221,7,0,0,0,0,0.22962962963,11,11,11,1,0,0.0909090909091,0.636363636364,0.272727272727,11,18,0.163636363636,3.11363636364,3.27272727273,1.8,2.25,1.42062726223,0.434080552347,0.227272727273,0.924416277737,0.564921058617,0.292929292929,1.68954001271,1.03249667443,0.525252525253,1.14353419474,0.367266456706,3.875,3.11363636364,1.14353419474,3.875,0.366666666667,0.266666666667,4,0.0242424242424,0.221111111111,11,11,11,1,0,0.0909090909091,0.636363636364,0.272727272727,-2,-0.0181818181818,0.0702479338843,-0.363636363636,-0.2,-0.25,-0.268912750482,-0.030542951148,-0.0181818181818,-0.243332138505,-0.0773405703161,-0.0434343434343,-0.250469359339,-0.0345084801933,-0.0111111111111,0.0866354202056,0.0199894662943,0.329545454545,0.0702479338843,0.0866354202056,0.329545454545,-0.132380952381,-0.133333333333,-4,-0.0242424242424,-0.0344444444444,0,0,0,18,0,2,90,0.9,1,0,0.1,1,0.9,0.947368421053,0.938314863257,0.9,0.9,5,7,0,0,0,0
1852,WLNM_dir_neg,0.877551020408,0.714785214785,00:00:01,10,50,6,1175612455,threshold_sweep,0.7,1,0.714285714286,0.833333333333,5,0,2,14,0.714285714286,1,0,0.285714285714,1,0.714285714286,0.833333333333,0.904761904762,0.587301587302,0.769230769231,0.790569415042,0.714285714286,20,13,7,0,20,0,13,0,7,11,20,0.181818181818,3.04338842975,3.63636363636,2,2.5,1.68954001271,0.464623503495,0.245454545455,1.16774841624,0.642261628933,0.336363636364,1.94000937205,1.06700515463,0.536363636364,1.05689877454,0.347276990411,3.54545454545,3.04338842975,1.05689877454,3.54545454545,0.499047619048,0.4,8,0.0484848484848,0.255555555556,11,11,11,1,0,0.0909090909091,0.636363636364,0.272727272727,11,0.118181818182,3.72727272727,2.36363636364,1.3,1.625,1.43336856898,0.6064251638,0.286713286713,0.603022689156,0.510249967747,0.237762237762,1.40129809949,1.18571377649,0.503496503497,2.05382127221,0.551025219373,7,3.72727272727,2.05382127221,7,0,0,0,0,0.22962962963,11,11,11,1,0,0.0909090909091,0.636363636364,0.272727272727,11,18,0.163636363636,3.11363636364,3.27272727273,1.8,2.25,1.42062726223,0.434080552347,0.227272727273,0.924416277737,0.564921058617,0.292929292929,1.68954001271,1.03249667443,0.525252525253,1.14353419474,0.367266456706,3.875,3.11363636364,1.14353419474,3.875,0.366666666667,0.266666666667,4,0.0242424242424,0.221111111111,11,11,11,1,0,0.0909090909091,0.636363636364,0.272727272727,-2,-0.0181818181818,0.0702479338843,-0.363636363636,-0.2,-0.25,-0.268912750482,-0.030542951148,-0.0181818181818,-0.243332138505,-0.0773405703161,-0.0434343434343,-0.250469359339,-0.0345084801933,-0.0111111111111,0.0866354202056,0.0199894662943,0.329545454545,0.0702479338843,0.0866354202056,0.329545454545,-0.132380952381,-0.133333333333,-4,-0.0242424242424,-0.0344444444444,0,0,0,18,0,2,90,0.9,1,0,0.1,1,0.9,0.947368421053,0.938314863257,0.9,0.9,5,7,0,0,0,0
1853,WLNM_dir_neg,0.877551020408,0.714785214785,00:00:01,10,50,6,1175612455,threshold_sweep,0.8,1,0.714285714286,0.833333333333,5,0,2,14,0.714285714286,1,0,0.285714285714,1,0.714285714286,0.833333333333,0.904761904762,0.587301587302,0.769230769231,0.790569415042,0.714285714286,20,13,7,0,20,0,13,0,7,11,20,0.181818181818,3.04338842975,3.63636363636,2,2.5,1.68954001271,0.464623503495,0.245454545455,1.16774841624,0.642261628933,0.336363636364,1.94000937205,1.06700515463,0.536363636364,1.05689877454,0.347276990411,3.54545454545,3.04338842975,1.05689877454,3.54545454545,0.499047619048,0.4,8,0.0484848484848,0.255555555556,11,11,11,1,0,0.0909090909091,0.636363636364,0.272727272727,11,0.118181818182,3.72727272727,2.36363636364,1.3,1.625,1.43336856898,0.6064251638,0.286713286713,0.603022689156,0.510249967747,0.237762237762,1.40129809949,1.18571377649,0.503496503497,2.05382127221,0.551025219373,7,3.72727272727,2.05382127221,7,0,0,0,0,0.22962962963,11,11,11,1,0,0.0909090909091,0.636363636364,0.272727272727,11,18,0.163636363636,3.11363636364,3.27272727273,1.8,2.25,1.42062726223,0.434080552347,0.227272727273,0.924416277737,0.564921058617,0.292929292929,1.68954001271,1.03249667443,0.525252525253,1.14353419474,0.367266456706,3.875,3.11363636364,1.14353419474,3.875,0.366666666667,0.266666666667,4,0.0242424242424,0.221111111111,11,11,11,1,0,0.0909090909091,0.636363636364,0.272727272727,-2,-0.0181818181818,0.0702479338843,-0.363636363636,-0.2,-0.25,-0.268912750482,-0.030542951148,-0.0181818181818,-0.243332138505,-0.0773405703161,-0.0434343434343,-0.250469359339,-0.0345084801933,-0.0111111111111,0.0866354202056,0.0199894662943,0.329545454545,0.0702479338843,0.0866354202056,0.329545454545,-0.132380952381,-0.133333333333,-4,-0.0242424242424,-0.0344444444444,0,0,0,18,0,2,90,0.9,1,0,0.1,1,0.9,0.947368421053,0.938314863257,0.9,0.9,5,7,0,0,0,0
1854,WLNM_dir_neg,0.877551020408,0.714785214785,00:00:01,10,50,6,1175612455,threshold_sweep,0.9,1,0.714285714286,0.833333333333,5,0,2,14,0.714285714286,1,0,0.285714285714,1,0.714285714286,0.833333333333,0.904761904762,0.587301587302,0.769230769231,0.790569415042,0.714285714286,20,13,7,0,20,0,13,0,7,11,20,0.181818181818,3.04338842975,3.63636363636,2,2.5,1.68954001271,0.464623503495,0.245454545455,1.16774841624,0.642261628933,0.336363636364,1.94000937205,1.06700515463,0.536363636364,1.05689877454,0.347276990411,3.54545454545,3.04338842975,1.05689877454,3.54545454545,0.499047619048,0.4,8,0.0484848484848,0.255555555556,11,11,11,1,0,0.0909090909091,0.636363636364,0.272727272727,11,0.118181818182,3.72727272727,2.36363636364,1.3,1.625,1.43336856898,0.6064251638,0.286713286713,0.603022689156,0.510249967747,0.237762237762,1.40129809949,1.18571377649,0.503496503497,2.05382127221,0.551025219373,7,3.72727272727,2.05382127221,7,0,0,0,0,0.22962962963,11,11,11,1,0,0.0909090909091,0.636363636364,0.272727272727,11,18,0.163636363636,3.11363636364,3.27272727273,1.8,2.25,1.42062726223,0.434080552347,0.227272727273,0.924416277737,0.564921058617,0.292929292929,1.68954001271,1.03249667443,0.525252525253,1.14353419474,0.367266456706,3.875,3.11363636364,1.14353419474,3.875,0.366666666667,0.266666666667,4,0.0242424242424,0.221111111111,11,11,11,1,0,0.0909090909091,0.636363636364,0.272727272727,-2,-0.0181818181818,0.0702479338843,-0.363636363636,-0.2,-0.25,-0.268912750482,-0.030542951148,-0.0181818181818,-0.243332138505,-0.0773405703161,-0.0434343434343,-0.250469359339,-0.0345084801933,-0.0111111111111,0.0866354202056,0.0199894662943,0.329545454545,0.0702479338843,0.0866354202056,0.329545454545,-0.132380952381,-0.133333333333,-4,-0.0242424242424,-0.0344444444444,0,0,0,18,0,2,90,0.9,1,0,0.1,1,0.9,0.947368421053,0.938314863257,0.9,0.9,5,7,0,0,0,0
1855,WLNM_dir_neg,0.836734693878,0.550601779173,00:00:00,10,50,7,1175612456,threshold_sweep,0.1,1,0.714285714286,0.833333333333,5,0,2,14,0.714285714286,1,0,0.285714285714,1,0.714285714286,0.833333333333,0.904761904762,0.587301587302,0.769230769231,0.790569415042,0.714285714286,20,13,7,0,20,0,13,0,7,11,20,0.181818181818,3.04338842975,3.63636363636,2,2.5,1.68954001271,0.464623503495,0.245454545455,1.16774841624,0.642261628933,0.336363636364,1.94000937205,1.06700515463,0.536363636364,1.05689877454,0.347276990411,3.54545454545,3.04338842975,1.05689877454,3.54545454545,0.499047619048,0.4,8,0.0484848484848,0.255555555556,11,11,11,1,0,0.0909090909091,0.636363636364,0.272727272727,11,0.118181818182,3.72727272727,2.36363636364,1.3,1.625,1.43336856898,0.6064251638,0.286713286713,0.603022689156,0.510249967747,0.237762237762,1.40129809949,1.18571377649,0.503496503497,2.05382127221,0.551025219373,7,3.72727272727,2.05382127221,7,0,0,0,0,0.22962962963,11,11,11,1,0,0.0909090909091,0.636363636364,0.272727272727,11,18,0.163636363636,3.11363636364,3.27272727273,1.8,2.25,1.42062726223,0.434080552347,0.227272727273,0.924416277737,0.564921058617,0.292929292929,1.68954001271,1.03249667443,0.525252525253,1.14353419474,0.367266456706,3.875,3.11363636364,1.14353419474,3.875,0.366666666667,0.266666666667,4,0.0242424242424,0.221111111111,11,11,11,1,0,0.0909090909091,0.636363636364,0.272727272727,-2,-0.0181818181818,0.0702479338843,-0.363636363636,-0.2,-0.25,-0.268912750482,-0.030542951148,-0.0181818181818,-0.243332138505,-0.0773405703161,-0.0434343434343,-0.250469359339,-0.0345084801933,-0.0111111111111,0.0866354202056,0.0199894662943,0.329545454545,0.0702479338843,0.0866354202056,0.329545454545,-0.132380952381,-0.133333333333,-4,-0.0242424242424,-0.0344444444444,0,0,0,18,0,2,90,0.9,1,0,0.1,1,0.9,0.947368421053,0.938314863257,0.9,0.9,5,7,0,0,0,0
1856,WLNM_dir_neg,0.836734693878,0.550601779173,00:00:00,10,50,7,1175612456,threshold_sweep,0.2,1,0.714285714286,0.833333333333,5,0,2,14,0.714285714286,1,0,0.285714285714,1,0.714285714286,0.833333333333,0.904761904762,0.587301587302,0.769230769231,0.790569415042,0.714285714286,20,13,7,0,20,0,13,0,7,11,20,0.181818181818,3.04338842975,3.63636363636,2,2.5,1.68954001271,0.464623503495,0.245454545455,1.16774841624,0.642261628933,0.336363636364,1.94000937205,1.06700515463,0.536363636364,1.05689877454,0.347276990411,3.54545454545,3.04338842975,1.05689877454,3.54545454545,0.499047619048,0.4,8,0.0484848484848,0.255555555556,11,11,11,1,0,0.0909090909091,0.636363636364,0.272727272727,11,0.118181818182,3.72727272727,2.36363636364,1.3,1.625,1.43336856898,0.6064251638,0.286713286713,0.603022689156,0.510249967747,0.237762237762,1.40129809949,1.18571377649,0.503496503497,2.05382127221,0.551025219373,7,3.72727272727,2.05382127221,7,0,0,0,0,0.22962962963,11,11,11,1,0,0.0909090909091,0.636363636364,0.272727272727,11,18,0.163636363636,3.11363636364,3.27272727273,1.8,2.25,1.42062726223,0.434080552347,0.227272727273,0.924416277737,0.564921058617,0.292929292929,1.68954001271,1.03249667443,0.525252525253,1.14353419474,0.367266456706,3.875,3.11363636364,1.14353419474,3.875,0.366666666667,0.266666666667,4,0.0242424242424,0.221111111111,11,11,11,1,0,0.0909090909091,0.636363636364,0.272727272727,-2,-0.0181818181818,0.0702479338843,-0.363636363636,-0.2,-0.25,-0.268912750482,-0.030542951148,-0.0181818181818,-0.243332138505,-0.0773405703161,-0.0434343434343,-0.250469359339,-0.0345084801933,-0.0111111111111,0.0866354202056,0.0199894662943,0.329545454545,0.0702479338843,0.0866354202056,0.329545454545,-0.132380952381,-0.133333333333,-4,-0.0242424242424,-0.0344444444444,0,0,0,18,0,2,90,0.9,1,0,0.1,1,0.9,0.947368421053,0.938314863257,0.9,0.9,5,7,0,0,0,0
1857,WLNM_dir_neg,0.836734693878,0.550601779173,00:00:00,10,50,7,1175612456,threshold_sweep,0.3,1,0.571428571429,0.727272727273,4,0,3,14,0.571428571429,1,0,0.428571428571,1,0.571428571429,0.727272727273,0.857142857143,0.603174603175,0.64,0.68599434057,0.571428571429,20,13,7,0,20,0,13,0,7,11,20,0.181818181818,3.04338842975,3.63636363636,2,2.5,1.68954001271,0.464623503495,0.245454545455,1.16774841624,0.642261628933,0.336363636364,1.94000937205,1.06700515463,0.536363636364,1.05689877454,0.347276990411,3.54545454545,3.04338842975,1.05689877454,3.54545454545,0.499047619048,0.4,8,0.0484848484848,0.255555555556,11,11,11,1,0,0.0909090909091,0.636363636364,0.272727272727,11,0.118181818182,3.72727272727,2.36363636364,1.3,1.625,1.43336856898,0.6064251638,0.286713286713,0.603022689156,0.510249967747,0.237762237762,1.40129809949,1.18571377649,0.503496503497,2.05382127221,0.551025219373,7,3.72727272727,2.05382127221,7,0,0,0,0,0.22962962963,11,11,11,1,0,0.0909090909091,0.636363636364,0.272727272727,11,17,0.154545454545,3.15909090909,3.09090909091,1.7,2.125,1.30034960334,0.420701342257,0.208556149733,0.820199532265,0.530717344407,0.267379679144,1.57249078621,1.01749403814,0.513368983957,1.21589847064,0.38488872452,4,3.15909090909,1.21589847064,4,0.296666666667,0.230769230769,3,0.0181818181818,0.203703703704,11,11,11,1,0,0.0909090909091,0.636363636364,0.272727272727,-3,-0.0272727272727,0.115702479339,-0.545454545455,-0.3,-0.375,-0.389190409368,-0.0439221612377,-0.0368983957219,-0.347548883978,-0.111544284527,-0.0689839572193,-0.367518585835,-0.0495111164884,-0.0229946524064,0.158999696105,0.0376117341084,0.454545454545,0.115702479339,0.158999696105,0.454545454545,-0.202380952381,-0.169230769231,-5,-0.030303030303,-0.0518518518519,0,0,0,17,0,3,90,0.85,1,0,0.15,1,0.85,0.918918918919,0.906962317388,0.85,0.85,4,7,0,0,0,0
1858,WLNM_dir_neg,0.836734693878,0.550601779173,00:00:00,10,50,7,1175612456,threshold_sweep,0.4,1,0.571428571429,0.727272727273,4,0,3,14,0.571428571429,1,0,0.428571428571,1,0.571428571429,0.727272727273,0.857142857143,0.603174603175,0.64,0.68599434057,0.571428571429,20,13,7,0,20,0,13,0,7,11,20,0.181818181818,3.04338842975,3.63636363636,2,2.5,1.68954001271,0.464623503495,0.245454545455,1.16774841624,0.642261628933,0.336363636364,1.94000937205,1.06700515463,0.536363636364,1.05689877454,0.347276990411,3.54545454545,3.04338842975,1.05689877454,3.54545454545,0.499047619048,0.4,8,0.0484848484848,0.255555555556,11,11,11,1,0,0.0909090909091,0.636363636364,0.272727272727,11,0.118181818182,3.72727272727,2.36363636364,1.3,1.625,1.43336856898,0.6064251638,0.286713286713,0.603022689156,0.510249967747,0.237762237762,1.40129809949,1.18571377649,0.503496503497,2.05382127221,0.551025219373,7,3.72727272727,2.05382127221,7,0,0,0,0,0.22962962963,11,11,11,1,0,0.0909090909091,0.636363636364,0.272727272727,11,17,0.154545454545,3.15909090909,3.09090909091,1.7,2.125,1.30034960334,0.420701342257,0.208556149733,0.820199532265,0.530717344407,0.267379679144,1.57249078621,1.01749403814,0.513368983957,1.21589847064,0.38488872452,4,3.15909090909,1.21589847064,4,0.296666666667,0.230769230769,3,0.0181818181818,0.203703703704,11,11,11,1,0,0.0909090909091,0.636363636364,0.272727272727,-3,-0.0272727272727,0.115702479339,-0.545454545455,-0.3,-0.375,-0.389190409368,-0.0439221612377,-0.0368983957219,-0.347548883978,-0.111544284527,-0.0689839572193,-0.367518585835,-0.0495111164884,-0.0229946524064,0.158999696105,0.0376117341084,0.454545454545,0.115702479339,0.158999696105,0.454545454545,-0.202380952381,-0.169230769231,-5,-0.030303030303,-0.0518518518519,0,0,0,17,0,3,90,0.85,1,0,0.15,1,0.85,0.918918918919,0.906962317388,0.85,0.85,4,7,0,0,0,0
1859,WLNM_dir_neg,0.836734693878,0.550601779173,00:00:00,10,50,7,1175612456,threshold_sweep,0.5,1,0.571428571429,0.727272727273,4,0,3,14,0.571428571429,1,0,0.428571428571,1,0.571428571429,0.727272727273,0.857142857143,0.603174603175,0.64,0.68599434057,0.571428571429,20,13,7,0,20,0,13,0,7,11,20,0.181818181818,3.04338842975,3.63636363636,2,2.5,1.68954001271,0.464623503495,0.245454545455,1.16774841624,0.642261628933,0.336363636364,1.94000937205,1.06700515463,0.536363636364,1.05689877454,0.347276990411,3.54545454545,3.04338842975,1.05689877454,3.54545454545,0.499047619048,0.4,8,0.0484848484848,0.255555555556,11,11,11,1,0,0.0909090909091,0.636363636364,0.272727272727,11,0.118181818182,3.72727272727,2.36363636364,1.3,1.625,1.43336856898,0.6064251638,0.286713286713,0.603022689156,0.510249967747,0.237762237762,1.40129809949,1.18571377649,0.503496503497,2.05382127221,0.551025219373,7,3.72727272727,2.05382127221,7,0,0,0,0,0.22962962963,11,11,11,1,0,0.0909090909091,0.636363636364,0.272727272727,11,17,0.154545454545,3.15909090909,3.09090909091,1.7,2.125,1.30034960334,0.420701342257,0.208556149733,0.820199532265,0.530717344407,0.267379679144,1.57249078621,1.01749403814,0.513368983957,1.21589847064,0.38488872452,4,3.15909090909,1.21589847064,4,0.296666666667,0.230769230769,3,0.0181818181818,0.203703703704,11,11,11,1,0,0.0909090909091,0.636363636364,0.272727272727,-3,-0.0272727272727,0.115702479339,-0.545454545455,-0.3,-0.375,-0.389190409368,-0.0439221612377,-0.0368983957219,-0.347548883978,-0.111544284527,-0.0689839572193,-0.367518585835,-0.0495111164884,-0.0229946524064,0.158999696105,0.0376117341084,0.454545454545,0.115702479339,0.158999696105,0.454545454545,-0.202380952381,-0.169230769231,-5,-0.030303030303,-0.0518518518519,0,0,0,17,0,3,90,0.85,1,0,0.15,1,0.85,0.918918918919,0.906962317388,0.85,0.85,4,7,0,0,0,0
1860,WLNM_dir_neg,0.836734693878,0.550601779173,00:00:00,10,50,7,1175612456,threshold_sweep,0.6,1,0.571428571429,0.727272727273,4,0,3,14,0.571428571429,1,0,0.428571428571,1,0.571428571429,0.727272727273,0.857142857143,0.603174603175,0.64,0.68599434057,0.571428571429,20,13,7,0,20,0,13,0,7,11,20,0.181818181818,3.04338842975,3.63636363636,2,2.5,1.68954001271,0.464623503495,0.245454545455,1.16774841624,0.642261628933,0.336363636364,1.94000937205,1.06700515463,0.536363636364,1.05689877454,0.347276990411,3.54545454545,3.04338842975,1.05689877454,3.54545454545,0.499047619048,0.4,8,0.0484848484848,0.255555555556,11,11,11,1,0,0.0909090909091,0.636363636364,0.272727272727,11,0.118181818182,3.72727272727,2.36363636364,1.3,1.625,1.43336856898,0.6064251638,0.286713286713,0.603022689156,0.510249967747,0.237762237762,1.40129809949,1.18571377649,0.503496503497,2.05382127221,0.551025219373,7,3.72727272727,2.05382127221,7,0,0,0,0,0.22962962963,11,11,11,1,0,0.0909090909091,0.636363636364,0.272727272727,11,17,0.154545454545,3.15909090909,3.09090909091,1.7,2.125,1.30034960334,0.420701342257,0.208556149733,0.820199532265,0.530717344407,0.267379679144,1.57249078621,1.01749403814,0.513368983957,1.21589847064,0.38488872452,4,3.15909090909,1.21589847064,4,0.296666666667,0.230769230769,3,0.0181818181818,0.203703703704,11,11,11,1,0,0.0909090909091,0.636363636364,0.272727272727,-3,-0.0272727272727,0.115702479339,-0.545454545455,-0.3,-0.375,-0.389190409368,-0.0439221612377,-0.0368983957219,-0.347548883978,-0.111544284527,-0.0689839572193,-0.367518585835,-0.0495111164884,-0.0229946524064,0.158999696105,0.0376117341084,0.454545454545,0.115702479339,0.158999696105,0.454545454545,-0.202380952381,-0.169230769231,-5,-0.030303030303,-0.0518518518519,0,0,0,17,0,3,90,0.85,1,0,0.15,1,0.85,0.918918918919,0.906962317388,0.85,0.85,4,7,0,0,0,0
1861,WLNM_dir_neg,0.836734693878,0.550601779173,00:00:00,10,50,7,1175612456,threshold_sweep,0.7,1,0.571428571429,0.727272727273,4,0,3,14,0.571428571429,1,0,0.428571428571,1,0.571428571429,0.727272727273,0.857142857143,0.603174603175,0.64,0.68599434057,0.571428571429,20,13,7,0,20,0,13,0,7,11,20,0.181818181818,3.04338842975,3.63636363636,2,2.5,1.68954001271,0.464623503495,0.245454545455,1.16774841624,0.642261628933,0.336363636364,1.94000937205,1.06700515463,0.536363636364,1.05689877454,0.347276990411,3.54545454545,3.04338842975,1.05689877454,3.54545454545,0.499047619048,0.4,8,0.0484848484848,0.255555555556,11,11,11,1,0,0.0909090909091,0.636363636364,0.272727272727,11,0.118181818182,3.72727272727,2.36363636364,1.3,1.625,1.43336856898,0.6064251638,0.286713286713,0.603022689156,0.510249967747,0.237762237762,1.40129809949,1.18571377649,0.503496503497,2.05382127221,0.551025219373,7,3.72727272727,2.05382127221,7,0,0,0,0,0.22962962963,11,11,11,1,0,0.0909090909091,0.636363636364,0.272727272727,11,17,0.154545454545,3.15909090909,3.09090909091,1.7,2.125,1.30034960334,0.420701342257,0.208556149733,0.820199532265,0.530717344407,0.267379679144,1.57249078621,1.01749403814,0.513368983957,1.21589847064,0.38488872452,4,3.15909090909,1.21589847064,4,0.296666666667,0.230769230769,3,0.0181818181818,0.203703703704,11,11,11,1,0,0.0909090909091,0.636363636364,0.272727272727,-3,-0.0272727272727,0.115702479339,-0.545454545455,-0.3,-0.375,-0.389190409368,-0.0439221612377,-0.0368983957219,-0.347548883978,-0.111544284527,-0.0689839572193,-0.367518585835,-0.0495111164884,-0.0229946524064,0.158999696105,0.0376117341084,0.454545454545,0.115702479339,0.158999696105,0.454545454545,-0.202380952381,-0.169230769231,-5,-0.030303030303,-0.0518518518519,0,0,0,17,0,3,90,0.85,1,0,0.15,1,0.85,0.918918918919,0.906962317388,0.85,0.85,4,7,0,0,0,0
1862,WLNM_dir_neg,0.836734693878,0.550601779173,00:00:00,10,50,7,1175612456,threshold_sweep,0.8,1,0.428571428571,0.6,3,0,4,14,0.428571428571,1,0,0.571428571429,1,0.428571428571,0.6,0.809523809524,0.619047619048,0.5,0.57735026919,0.428571428571,20,13,7,0,20,0,13,0,7,11,20,0.181818181818,3.04338842975,3.63636363636,2,2.5,1.68954001271,0.464623503495,0.245454545455,1.16774841624,0.642261628933,0.336363636364,1.94000937205,1.06700515463,0.536363636364,1.05689877454,0.347276990411,3.54545454545,3.04338842975,1.05689877454,3.54545454545,0.499047619048,0.4,8,0.0484848484848,0.255555555556,11,11,11,1,0,0.0909090909091,0.636363636364,0.272727272727,11,0.118181818182,3.72727272727,2.36363636364,1.3,1.625,1.43336856898,0.6064251638,0.286713286713,0.603022689156,0.510249967747,0.237762237762,1.40129809949,1.18571377649,0.503496503497,2.05382127221,0.551025219373,7,3.72727272727,2.05382127221,7,0,0,0,0,0.22962962963,11,11,11,1,0,0.0909090909091,0.636363636364,0.272727272727,11,16,0.145454545455,3.25,2.90909090909,1.6,2,1.22102788294,0.41972833476,0.181818181818,0.687551650952,0.47269176003,0.227272727273,1.50755672289,1.03644524699,0.511363636364,1.3758835545,0.423348786001,4.66666666667,3.25,1.3758835545,4.66666666667,0.213333333333,0.176470588235,2,0.0121212121212,0.192592592593,11,11,11,1,0,0.0909090909091,0.636363636364,0.272727272727,-4,-0.0363636363636,0.206611570248,-0.727272727273,-0.4,-0.5,-0.468512129772,-0.0448951687355,-0.0636363636364,-0.48019676529,-0.169569868904,-0.109090909091,-0.43245264916,-0.0305599076407,-0.025,0.318984779967,0.07607179559,1.12121212121,0.206611570248,0.318984779967,1.12121212121,-0.285714285714,-0.223529411765,-6,-0.0363636363636,-0.062962962963,0,0,0,16,0,4,90,0.8,1,0,0.2,1,0.8,0.888888888889,0.875189948987,0.8,0.8,3,7,0,0,0,0
1863,WLNM_dir_neg,0.836734693878,0.550601779173,00:00:00,10,50,7,1175612456,threshold_sweep,0.9,1,0.428571428571,0.6,3,0,4,14,0.428571428571,1,0,0.571428571429,1,0.428571428571,0.6,0.809523809524,0.619047619048,0.5,0.57735026919,0.428571428571,20,13,7,0,20,0,13,0,7,11,20,0.181818181818,3.04338842975,3.63636363636,2,2.5,1.68954001271,0.464623503495,0.245454545455,1.16774841624,0.642261628933,0.336363636364,1.94000937205,1.06700515463,0.536363636364,1.05689877454,0.347276990411,3.54545454545,3.04338842975,1.05689877454,3.54545454545,0.499047619048,0.4,8,0.0484848484848,0.255555555556,11,11,11,1,0,0.0909090909091,0.636363636364,0.272727272727,11,0.118181818182,3.72727272727,2.36363636364,1.3,1.625,1.43336856898,0.6064251638,0.286713286713,0.603022689156,0.510249967747,0.237762237762,1.40129809949,1.18571377649,0.503496503497,2.05382127221,0.551025219373,7,3.72727272727,2.05382127221,7,0,0,0,0,0.22962962963,11,11,11,1,0,0.0909090909091,0.636363636364,0.272727272727,11,16,0.145454545455,3.25,2.90909090909,1.6,2,1.22102788294,0.41972833476,0.181818181818,0.687551650952,0.47269176003,0.227272727273,1.50755672289,1.03644524699,0.511363636364,1.3758835545,0.423348786001,4.66666666667,3.25,1.3758835545,4.66666666667,0.213333333333,0.176470588235,2,0.0121212121212,0.192592592593,11,11,11,1,0,0.0909090909091,0.636363636364,0.272727272727,-4,-0.0363636363636,0.206611570248,-0.727272727273,-0.4,-0.5,-0.468512129772,-0.0448951687355,-0.0636363636364,-0.48019676529,-0.169569868904,-0.109090909091,-0.43245264916,-0.0305599076407,-0.025,0.318984779967,0.07607179559,1.12121212121,0.206611570248,0.318984779967,1.12121212121,-0.285714285714,-0.223529411765,-6,-0.0363636363636,-0.062962962963,0,0,0,16,0,4,90,0.8,1,0,0.2,1,0.8,0.888888888889,0.875189948987,0.8,0.8,3,7,0,0,0,0
1864,WLNM_dir_neg,0.826530612245,0.68933477237,00:00:01,10,50,8,1175612457,threshold_sweep,0.1,1,0.714285714286,0.833333333333,5,0,2,14,0.714285714286,1,0,0.285714285714,1,0.714285714286,0.833333333333,0.904761904762,0.587301587302,0.769230769231,0.790569415042,0.714285714286,20,13,7,0,20,0,13,0,7,11,20,0.181818181818,3.04338842975,3.63636363636,2,2.5,1.68954001271,0.464623503495,0.245454545455,1.16774841624,0.642261628933,0.336363636364,1.94000937205,1.06700515463,0.536363636364,1.05689877454,0.347276990411,3.54545454545,3.04338842975,1.05689877454,3.54545454545,0.499047619048,0.4,8,0.0484848484848,0.255555555556,11,11,11,1,0,0.0909090909091,0.636363636364,0.272727272727,11,0.118181818182,3.72727272727,2.36363636364,1.3,1.625,1.43336856898,0.6064251638,0.286713286713,0.603022689156,0.510249967747,0.237762237762,1.40129809949,1.18571377649,0.503496503497,2.05382127221,0.551025219373,7,3.72727272727,2.05382127221,7,0,0,0,0,0.22962962963,11,11,11,1,0,0.0909090909091,0.636363636364,0.272727272727,11,18,0.163636363636,3.11363636364,3.27272727273,1.8,2.25,1.42062726223,0.434080552347,0.227272727273,0.924416277737,0.564921058617,0.292929292929,1.68954001271,1.03249667443,0.525252525253,1.14353419474,0.367266456706,3.875,3.11363636364,1.14353419474,3.875,0.366666666667,0.266666666667,4,0.0242424242424,0.221111111111,11,11,11,1,0,0.0909090909091,0.636363636364,0.272727272727,-2,-0.0181818181818,0.0702479338843,-0.363636363636,-0.2,-0.25,-0.268912750482,-0.030542951148,-0.0181818181818,-0.243332138505,-0.0773405703161,-0.0434343434343,-0.250469359339,-0.0345084801933,-0.0111111111111,0.0866354202056,0.0199894662943,0.329545454545,0.0702479338843,0.0866354202056,0.329545454545,-0.132380952381,-0.133333333333,-4,-0.0242424242424,-0.0344444444444,0,0,0,18,0,2,90,0.9,1,0,0.1,1,0.9,0.947368421053,0.938314863257,0.9,0.9,5,7,0,0,0,0
1865,WLNM_dir_neg,0.826530612245,0.68933477237,00:00:01,10,50,8,1175612457,threshold_sweep,0.2,1,0.714285714286,0.833333333333,5,0,2,14,0.714285714286,1,0,0.285714285714,1,0.714285714286,0.833333333333,0.904761904762,0.587301587302,0.769230769231,0.790569415042,0.714285714286,20,13,7,0,20,0,13,0,7,11,20,0.181818181818,3.04338842975,3.63636363636,2,2.5,1.68954001271,0.464623503495,0.245454545455,1.16774841624,0.642261628933,0.336363636364,1.94000937205,1.06700515463,0.536363636364,1.05689877454,0.347276990411,3.54545454545,3.04338842975,1.05689877454,3.54545454545,0.499047619048,0.4,8,0.0484848484848,0.255555555556,11,11,11,1,0,0.0909090909091,0.636363636364,0.272727272727,11,0.118181818182,3.72727272727,2.36363636364,1.3,1.625,1.43336856898,0.6064251638,0.286713286713,0.603022689156,0.510249967747,0.237762237762,1.40129809949,1.18571377649,0.503496503497,2.05382127221,0.551025219373,7,3.72727272727,2.05382127221,7,0,0,0,0,0.22962962963,11,11,11,1,0,0.0909090909091,0.636363636364,0.272727272727,11,18,0.163636363636,3.11363636364,3.27272727273,1.8,2.25,1.42062726223,0.434080552347,0.227272727273,0.924416277737,0.564921058617,0.292929292929,1.68954001271,1.03249667443,0.525252525253,1.14353419474,0.367266456706,3.875,3.11363636364,1.14353419474,3.875,0.366666666667,0.266666666667,4,0.0242424242424,0.221111111111,11,11,11,1,0,0.0909090909091,0.636363636364,0.272727272727,-2,-0.0181818181818,0.0702479338843,-0.363636363636,-0.2,-0.25,-0.268912750482,-0.030542951148,-0.0181818181818,-0.243332138505,-0.0773405703161,-0.0434343434343,-0.250469359339,-0.0345084801933,-0.0111111111111,0.0866354202056,0.0199894662943,0.329545454545,0.0702479338843,0.0866354202056,0.329545454545,-0.132380952381,-0.133333333333,-4,-0.0242424242424,-0.0344444444444,0,0,0,18,0,2,90,0.9,1,0,0.1,1,0.9,0.947368421053,0.938314863257,0.9,0.9,5,7,0,0,0,0
1866,WLNM_dir_neg,0.826530612245,0.68933477237,00:00:01,10,50,8,1175612457,threshold_sweep,0.3,1,0.714285714286,0.833333333333,5,0,2,14,0.714285714286,1,0,0.285714285714,1,0.714285714286,0.833333333333,0.904761904762,0.587301587302,0.769230769231,0.790569415042,0.714285714286,20,13,7,0,20,0,13,0,7,11,20,0.181818181818,3.04338842975,3.63636363636,2,2.5,1.68954001271,0.464623503495,0.245454545455,1.16774841624,0.642261628933,0.336363636364,1.94000937205,1.06700515463,0.536363636364,1.05689877454,0.347276990411,3.54545454545,3.04338842975,1.05689877454,3.54545454545,0.499047619048,0.4,8,0.0484848484848,0.255555555556,11,11,11,1,0,0.0909090909091,0.636363636364,0.272727272727,11,0.118181818182,3.72727272727,2.36363636364,1.3,1.625,1.43336856898,0.6064251638,0.286713286713,0.603022689156,0.510249967747,0.237762237762,1.40129809949,1.18571377649,0.503496503497,2.05382127221,0.551025219373,7,3.72727272727,2.05382127221,7,0,0,0,0,0.22962962963,11,11,11,1,0,0.0909090909091,0.636363636364,0.272727272727,11,18,0.163636363636,3.11363636364,3.27272727273,1.8,2.25,1.42062726223,0.434080552347,0.227272727273,0.924416277737,0.564921058617,0.292929292929,1.68954001271,1.03249667443,0.525252525253,1.14353419474,0.367266456706,3.875,3.11363636364,1.14353419474,3.875,0.366666666667,0.266666666667,4,0.0242424242424,0.221111111111,11,11,11,1,0,0.0909090909091,0.636363636364,0.272727272727,-2,-0.0181818181818,0.0702479338843,-0.363636363636,-0.2,-0.25,-0.268912750482,-0.030542951148,-0.0181818181818,-0.243332138505,-0.0773405703161,-0.0434343434343,-0.250469359339,-0.0345084801933,-0.0111111111111,0.0866354202056,0.0199894662943,0.329545454545,0.0702479338843,0.0866354202056,0.329545454545,-0.132380952381,-0.133333333333,-4,-0.0242424242424,-0.0344444444444,0,0,0,18,0,2,90,0.9,1,0,0.1,1,0.9,0.947368421053,0.938314863257,0.9,0.9,5,7,0,0,0,0
1867,WLNM_dir_neg,0.826530612245,0.68933477237,00:00:01,10,50,8,1175612457,threshold_sweep,0.4,1,0.714285714286,0.833333333333,5,0,2,14,0.714285714286,1,0,0.285714285714,1,0.714285714286,0.833333333333,0.904761904762,0.587301587302,0.769230769231,0.790569415042,0.714285714286,20,13,7,0,20,0,13,0,7,11,20,0.181818181818,3.04338842975,3.63636363636,2,2.5,1.68954001271,0.464623503495,0.245454545455,1.16774841624,0.642261628933,0.336363636364,1.94000937205,1.06700515463,0.536363636364,1.05689877454,0.347276990411,3.54545454545,3.04338842975,1.05689877454,3.54545454545,0.499047619048,0.4,8,0.0484848484848,0.255555555556,11,11,11,1,0,0.0909090909091,0.636363636364,0.272727272727,11,0.118181818182,3.72727272727,2.36363636364,1.3,1.625,1.43336856898,0.6064251638,0.286713286713,0.603022689156,0.510249967747,0.237762237762,1.40129809949,1.18571377649,0.503496503497,2.05382127221,0.551025219373,7,3.72727272727,2.05382127221,7,0,0,0,0,0.22962962963,11,11,11,1,0,0.0909090909091,0.636363636364,0.272727272727,11,18,0.163636363636,3.11363636364,3.27272727273,1.8,2.25,1.42062726223,0.434080552347,0.227272727273,0.924416277737,0.564921058617,0.292929292929,1.68954001271,1.03249667443,0.525252525253,1.14353419474,0.367266456706,3.875,3.11363636364,1.14353419474,3.875,0.366666666667,0.266666666667,4,0.0242424242424,0.221111111111,11,11,11,1,0,0.0909090909091,0.636363636364,0.272727272727,-2,-0.0181818181818,0.0702479338843,-0.363636363636,-0.2,-0.25,-0.268912750482,-0.030542951148,-0.0181818181818,-0.243332138505,-0.0773405703161,-0.0434343434343,-0.250469359339,-0.0345084801933,-0.0111111111111,0.0866354202056,0.0199894662943,0.329545454545,0.0702479338843,0.0866354202056,0.329545454545,-0.132380952381,-0.133333333333,-4,-0.0242424242424,-0.0344444444444,0,0,0,18,0,2,90,0.9,1,0,0.1,1,0.9,0.947368421053,0.938314863257,0.9,0.9,5,7,0,0,0,0
1868,WLNM_dir_neg,0.826530612245,0.68933477237,00:00:01,10,50,8,1175612457,threshold_sweep,0.5,1,0.714285714286,0.833333333333,5,0,2,14,0.714285714286,1,0,0.285714285714,1,0.714285714286,0.833333333333,0.904761904762,0.587301587302,0.769230769231,0.790569415042,0.714285714286,20,13,7,0,20,0,13,0,7,11,20,0.181818181818,3.04338842975,3.63636363636,2,2.5,1.68954001271,0.464623503495,0.245454545455,1.16774841624,0.642261628933,0.336363636364,1.94000937205,1.06700515463,0.536363636364,1.05689877454,0.347276990411,3.54545454545,3.04338842975,1.05689877454,3.54545454545,0.499047619048,0.4,8,0.0484848484848,0.255555555556,11,11,11,1,0,0.0909090909091,0.636363636364,0.272727272727,11,0.118181818182,3.72727272727,2.36363636364,1.3,1.625,1.43336856898,0.6064251638,0.286713286713,0.603022689156,0.510249967747,0.237762237762,1.40129809949,1.18571377649,0.503496503497,2.05382127221,0.551025219373,7,3.72727272727,2.05382127221,7,0,0,0,0,0.22962962963,11,11,11,1,0,0.0909090909091,0.636363636364,0.272727272727,11,18,0.163636363636,3.11363636364,3.27272727273,1.8,2.25,1.42062726223,0.434080552347,0.227272727273,0.924416277737,0.564921058617,0.292929292929,1.68954001271,1.03249667443,0.525252525253,1.14353419474,0.367266456706,3.875,3.11363636364,1.14353419474,3.875,0.366666666667,0.266666666667,4,0.0242424242424,0.221111111111,11,11,11,1,0,0.0909090909091,0.636363636364,0.272727272727,-2,-0.0181818181818,0.0702479338843,-0.363636363636,-0.2,-0.25,-0.268912750482,-0.030542951148,-0.0181818181818,-0.243332138505,-0.0773405703161,-0.0434343434343,-0.250469359339,-0.0345084801933,-0.0111111111111,0.0866354202056,0.0199894662943,0.329545454545,0.0702479338843,0.0866354202056,0.329545454545,-0.132380952381,-0.133333333333,-4,-0.0242424242424,-0.0344444444444,0,0,0,18,0,2,90,0.9,1,0,0.1,1,0.9,0.947368421053,0.938314863257,0.9,0.9,5,7,0,0,0,0
1869,WLNM_dir_neg,0.826530612245,0.68933477237,00:00:01,10,50,8,1175612457,threshold_sweep,0.6,1,0.714285714286,0.833333333333,5,0,2,14,0.714285714286,1,0,0.285714285714,1,0.714285714286,0.833333333333,0.904761904762,0.587301587302,0.769230769231,0.790569415042,0.714285714286,20,13,7,0,20,0,13,0,7,11,20,0.181818181818,3.04338842975,3.63636363636,2,2.5,1.68954001271,0.464623503495,0.245454545455,1.16774841624,0.642261628933,0.336363636364,1.94000937205,1.06700515463,0.536363636364,1.05689877454,0.347276990411,3.54545454545,3.04338842975,1.05689877454,3.54545454545,0.499047619048,0.4,8,0.0484848484848,0.255555555556,11,11,11,1,0,0.0909090909091,0.636363636364,0.272727272727,11,0.118181818182,3.72727272727,2.36363636364,1.3,1.625,1.43336856898,0.6064251638,0.286713286713,0.603022689156,0.510249967747,0.237762237762,1.40129809949,1.18571377649,0.503496503497,2.05382127221,0.551025219373,7,3.72727272727,2.05382127221,7,0,0,0,0,0.22962962963,11,11,11,1,0,0.0909090909091,0.636363636364,0.272727272727,11,18,0.163636363636,3.11363636364,3.27272727273,1.8,2.25,1.42062726223,0.434080552347,0.227272727273,0.924416277737,0.564921058617,0.292929292929,1.68954001271,1.03249667443,0.525252525253,1.14353419474,0.367266456706,3.875,3.11363636364,1.14353419474,3.875,0.366666666667,0.266666666667,4,0.0242424242424,0.221111111111,11,11,11,1,0,0.0909090909091,0.636363636364,0.272727272727,-2,-0.0181818181818,0.0702479338843,-0.363636363636,-0.2,-0.25,-0.268912750482,-0.030542951148,-0.0181818181818,-0.243332138505,-0.0773405703161,-0.0434343434343,-0.250469359339,-0.0345084801933,-0.0111111111111,0.0866354202056,0.0199894662943,0.329545454545,0.0702479338843,0.0866354202056,0.329545454545,-0.132380952381,-0.133333333333,-4,-0.0242424242424,-0.0344444444444,0,0,0,18,0,2,90,0.9,1,0,0.1,1,0.9,0.947368421053,0.938314863257,0.9,0.9,5,7,0,0,0,0
1870,WLNM_dir_neg,0.826530612245,0.68933477237,00:00:01,10,50,8,1175612457,threshold_sweep,0.7,1,0.714285714286,0.833333333333,5,0,2,14,0.714285714286,1,0,0.285714285714,1,0.714285714286,0.833333333333,0.904761904762,0.587301587302,0.769230769231,0.790569415042,0.714285714286,20,13,7,0,20,0,13,0,7,11,20,0.181818181818,3.04338842975,3.63636363636,2,2.5,1.68954001271,0.464623503495,0.245454545455,1.16774841624,0.642261628933,0.336363636364,1.94000937205,1.06700515463,0.536363636364,1.05689877454,0.347276990411,3.54545454545,3.04338842975,1.05689877454,3.54545454545,0.499047619048,0.4,8,0.0484848484848,0.255555555556,11,11,11,1,0,0.0909090909091,0.636363636364,0.272727272727,11,0.118181818182,3.72727272727,2.36363636364,1.3,1.625,1.43336856898,0.6064251638,0.286713286713,0.603022689156,0.510249967747,0.237762237762,1.40129809949,1.18571377649,0.503496503497,2.05382127221,0.551025219373,7,3.72727272727,2.05382127221,7,0,0,0,0,0.22962962963,11,11,11,1,0,0.0909090909091,0.636363636364,0.272727272727,11,18,0.163636363636,3.11363636364,3.27272727273,1.8,2.25,1.42062726223,0.434080552347,0.227272727273,0.924416277737,0.564921058617,0.292929292929,1.68954001271,1.03249667443,0.525252525253,1.14353419474,0.367266456706,3.875,3.11363636364,1.14353419474,3.875,0.366666666667,0.266666666667,4,0.0242424242424,0.221111111111,11,11,11,1,0,0.0909090909091,0.636363636364,0.272727272727,-2,-0.0181818181818,0.0702479338843,-0.363636363636,-0.2,-0.25,-0.268912750482,-0.030542951148,-0.0181818181818,-0.243332138505,-0.0773405703161,-0.0434343434343,-0.250469359339,-0.0345084801933,-0.0111111111111,0.0866354202056,0.0199894662943,0.329545454545,0.0702479338843,0.0866354202056,0.329545454545,-0.132380952381,-0.133333333333,-4,-0.0242424242424,-0.0344444444444,0,0,0,18,0,2,90,0.9,1,0,0.1,1,0.9,0.947368421053,0.938314863257,0.9,0.9,5,7,0,0,0,0
1871,WLNM_dir_neg,0.826530612245,0.68933477237,00:00:01,10,50,8,1175612457,threshold_sweep,0.8,1,0.714285714286,0.833333333333,5,0,2,14,0.714285714286,1,0,0.285714285714,1,0.714285714286,0.833333333333,0.904761904762,0.587301587302,0.769230769231,0.790569415042,0.714285714286,20,13,7,0,20,0,13,0,7,11,20,0.181818181818,3.04338842975,3.63636363636,2,2.5,1.68954001271,0.464623503495,0.245454545455,1.16774841624,0.642261628933,0.336363636364,1.94000937205,1.06700515463,0.536363636364,1.05689877454,0.347276990411,3.54545454545,3.04338842975,1.05689877454,3.54545454545,0.499047619048,0.4,8,0.0484848484848,0.255555555556,11,11,11,1,0,0.0909090909091,0.636363636364,0.272727272727,11,0.118181818182,3.72727272727,2.36363636364,1.3,1.625,1.43336856898,0.6064251638,0.286713286713,0.603022689156,0.510249967747,0.237762237762,1.40129809949,1.18571377649,0.503496503497,2.05382127221,0.551025219373,7,3.72727272727,2.05382127221,7,0,0,0,0,0.22962962963,11,11,11,1,0,0.0909090909091,0.636363636364,0.272727272727,11,18,0.163636363636,3.11363636364,3.27272727273,1.8,2.25,1.42062726223,0.434080552347,0.227272727273,0.924416277737,0.564921058617,0.292929292929,1.68954001271,1.03249667443,0.525252525253,1.14353419474,0.367266456706,3.875,3.11363636364,1.14353419474,3.875,0.366666666667,0.266666666667,4,0.0242424242424,0.221111111111,11,11,11,1,0,0.0909090909091,0.636363636364,0.272727272727,-2,-0.0181818181818,0.0702479338843,-0.363636363636,-0.2,-0.25,-0.268912750482,-0.030542951148,-0.0181818181818,-0.243332138505,-0.0773405703161,-0.0434343434343,-0.250469359339,-0.0345084801933,-0.0111111111111,0.0866354202056,0.0199894662943,0.329545454545,0.0702479338843,0.0866354202056,0.329545454545,-0.132380952381,-0.133333333333,-4,-0.0242424242424,-0.0344444444444,0,0,0,18,0,2,90,0.9,1,0,0.1,1,0.9,0.947368421053,0.938314863257,0.9,0.9,5,7,0,0,0,0
1872,WLNM_dir_neg,0.826530612245,0.68933477237,00:00:01,10,50,8,1175612457,threshold_sweep,0.9,1,0.714285714286,0.833333333333,5,0,2,14,0.714285714286,1,0,0.285714285714,1,0.714285714286,0.833333333333,0.904761904762,0.587301587302,0.769230769231,0.790569415042,0.714285714286,20,13,7,0,20,0,13,0,7,11,20,0.181818181818,3.04338842975,3.63636363636,2,2.5,1.68954001271,0.464623503495,0.245454545455,1.16774841624,0.642261628933,0.336363636364,1.94000937205,1.06700515463,0.536363636364,1.05689877454,0.347276990411,3.54545454545,3.04338842975,1.05689877454,3.54545454545,0.499047619048,0.4,8,0.0484848484848,0.255555555556,11,11,11,1,0,0.0909090909091,0.636363636364,0.272727272727,11,0.118181818182,3.72727272727,2.36363636364,1.3,1.625,1.43336856898,0.6064251638,0.286713286713,0.603022689156,0.510249967747,0.237762237762,1.40129809949,1.18571377649,0.503496503497,2.05382127221,0.551025219373,7,3.72727272727,2.05382127221,7,0,0,0,0,0.22962962963,11,11,11,1,0,0.0909090909091,0.636363636364,0.272727272727,11,18,0.163636363636,3.11363636364,3.27272727273,1.8,2.25,1.42062726223,0.434080552347,0.227272727273,0.924416277737,0.564921058617,0.292929292929,1.68954001271,1.03249667443,0.525252525253,1.14353419474,0.367266456706,3.875,3.11363636364,1.14353419474,3.875,0.366666666667,0.266666666667,4,0.0242424242424,0.221111111111,11,11,11,1,0,0.0909090909091,0.636363636364,0.272727272727,-2,-0.0181818181818,0.0702479338843,-0.363636363636,-0.2,-0.25,-0.268912750482,-0.030542951148,-0.0181818181818,-0.243332138505,-0.0773405703161,-0.0434343434343,-0.250469359339,-0.0345084801933,-0.0111111111111,0.0866354202056,0.0199894662943,0.329545454545,0.0702479338843,0.0866354202056,0.329545454545,-0.132380952381,-0.133333333333,-4,-0.0242424242424,-0.0344444444444,0,0,0,18,0,2,90,0.9,1,0,0.1,1,0.9,0.947368421053,0.938314863257,0.9,0.9,5,7,0,0,0,0
1873,WLNM_dir_neg,0.836734693878,0.550601779173,00:00:01,10,50,9,1175612458,threshold_sweep,0.1,0.833333333333,0.714285714286,0.769230769231,5,1,2,13,0.714285714286,0.928571428571,0.0714285714286,0.285714285714,0.833333333333,0.714285714286,0.769230769231,0.857142857143,0.571428571429,0.666666666667,0.67082039325,0.642857142857,20,13,7,0,20,0,13,0,7,11,20,0.181818181818,3.04338842975,3.63636363636,2,2.5,1.68954001271,0.464623503495,0.245454545455,1.16774841624,0.642261628933,0.336363636364,1.94000937205,1.06700515463,0.536363636364,1.05689877454,0.347276990411,3.54545454545,3.04338842975,1.05689877454,3.54545454545,0.499047619048,0.4,8,0.0484848484848,0.255555555556,11,11,11,1,0,0.0909090909091,0.636363636364,0.272727272727,11,0.118181818182,3.72727272727,2.36363636364,1.3,1.625,1.43336856898,0.6064251638,0.286713286713,0.603022689156,0.510249967747,0.237762237762,1.40129809949,1.18571377649,0.503496503497,2.05382127221,0.551025219373,7,3.72727272727,2.05382127221,7,0,0,0,0,0.22962962963,11,11,11,1,0,0.0909090909091,0.636363636364,0.272727272727,11,19,0.172727272727,3.14772727273,3.45454545455,1.9,2.11111111111,1.36847625947,0.396137864583,0.205741626794,1.00904995822,0.584186817916,0.306220095694,1.61807966991,0.936782966791,0.468899521531,1.18338851637,0.375950142385,3.96875,3.14772727273,1.18338851637,3.96875,0.41,0.3,5,0.030303030303,0.214444444444,11,11,11,1,0,0.0909090909091,0.727272727273,0.181818181818,-1,-0.00909090909091,0.104338842975,-0.181818181818,-0.1,-0.388888888889,-0.321063753241,-0.0684856389122,-0.0397129186603,-0.158698458023,-0.058074811017,-0.0301435406699,-0.321929702137,-0.130222187836,-0.0674641148325,0.126489741835,0.0286731519741,0.423295454545,0.104338842975,0.126489741835,0.423295454545,-0.0890476190476,-0.1,-3,-0.0181818181818,-0.0411111111111,0,0.0909090909091,-0.0909090909091,18,1,2,89,0.9,0.988888888889,0.0111111111111,0.1,0.947368421053,0.9,0.923076923077,0.906956031802,0.888888888889,0.857142857143,6,7,0,0,0,0
1874,WLNM_dir_neg,0.836734693878,0.550601779173,00:00:01,10,50,9,1175612458,threshold_sweep,0.2,0.833333333333,0.714285714286,0.769230769231,5,1,2,13,0.714285714286,0.928571428571,0.0714285714286,0.285714285714,0.833333333333,0.714285714286,0.769230769231,0.857142857143,0.571428571429,0.666666666667,0.67082039325,0.642857142857,20,13,7,0,20,0,13,0,7,11,20,0.181818181818,3.04338842975,3.63636363636,2,2.5,1.68954001271,0.464623503495,0.245454545455,1.16774841624,0.642261628933,0.336363636364,1.94000937205,1.06700515463,0.536363636364,1.05689877454,0.347276990411,3.54545454545,3.04338842975,1.05689877454,3.54545454545,0.499047619048,0.4,8,0.0484848484848,0.255555555556,11,11,11,1,0,0.0909090909091,0.636363636364,0.272727272727,11,0.118181818182,3.72727272727,2.36363636364,1.3,1.625,1.43336856898,0.6064251638,0.286713286713,0.603022689156,0.510249967747,0.237762237762,1.40129809949,1.18571377649,0.503496503497,2.05382127221,0.551025219373,7,3.72727272727,2.05382127221,7,0,0,0,0,0.22962962963,11,11,11,1,0,0.0909090909091,0.636363636364,0.272727272727,11,19,0.172727272727,3.14772727273,3.45454545455,1.9,2.11111111111,1.36847625947,0.396137864583,0.205741626794,1.00904995822,0.584186817916,0.306220095694,1.61807966991,0.936782966791,0.468899521531,1.18338851637,0.375950142385,3.96875,3.14772727273,1.18338851637,3.96875,0.41,0.3,5,0.030303030303,0.214444444444,11,11,11,1,0,0.0909090909091,0.727272727273,0.181818181818,-1,-0.00909090909091,0.104338842975,-0.181818181818,-0.1,-0.388888888889,-0.321063753241,-0.0684856389122,-0.0397129186603,-0.158698458023,-0.058074811017,-0.0301435406699,-0.321929702137,-0.130222187836,-0.0674641148325,0.126489741835,0.0286731519741,0.423295454545,0.104338842975,0.126489741835,0.423295454545,-0.0890476190476,-0.1,-3,-0.0181818181818,-0.0411111111111,0,0.0909090909091,-0.0909090909091,18,1,2,89,0.9,0.988888888889,0.0111111111111,0.1,0.947368421053,0.9,0.923076923077,0.906956031802,0.888888888889,0.857142857143,6,7,0,0,0,0
1875,WLNM_dir_neg,0.836734693878,0.550601779173,00:00:01,10,50,9,1175612458,threshold_sweep,0.3,1,0.714285714286,0.833333333333,5,0,2,14,0.714285714286,1,0,0.285714285714,1,0.714285714286,0.833333333333,0.904761904762,0.587301587302,0.769230769231,0.790569415042,0.714285714286,20,13,7,0,20,0,13,0,7,11,20,0.181818181818,3.04338842975,3.63636363636,2,2.5,1.68954001271,0.464623503495,0.245454545455,1.16774841624,0.642261628933,0.336363636364,1.94000937205,1.06700515463,0.536363636364,1.05689877454,0.347276990411,3.54545454545,3.04338842975,1.05689877454,3.54545454545,0.499047619048,0.4,8,0.0484848484848,0.255555555556,11,11,11,1,0,0.0909090909091,0.636363636364,0.272727272727,11,0.118181818182,3.72727272727,2.36363636364,1.3,1.625,1.43336856898,0.6064251638,0.286713286713,0.603022689156,0.510249967747,0.237762237762,1.40129809949,1.18571377649,0.503496503497,2.05382127221,0.551025219373,7,3.72727272727,2.05382127221,7,0,0,0,0,0.22962962963,11,11,11,1,0,0.0909090909091,0.636363636364,0.272727272727,11,18,0.163636363636,3.11363636364,3.27272727273,1.8,2.25,1.42062726223,0.434080552347,0.227272727273,0.924416277737,0.564921058617,0.292929292929,1.68954001271,1.03249667443,0.525252525253,1.14353419474,0.367266456706,3.875,3.11363636364,1.14353419474,3.875,0.366666666667,0.266666666667,4,0.0242424242424,0.221111111111,11,11,11,1,0,0.0909090909091,0.636363636364,0.272727272727,-2,-0.0181818181818,0.0702479338843,-0.363636363636,-0.2,-0.25,-0.268912750482,-0.030542951148,-0.0181818181818,-0.243332138505,-0.0773405703161,-0.0434343434343,-0.250469359339,-0.0345084801933,-0.0111111111111,0.0866354202056,0.0199894662943,0.329545454545,0.0702479338843,0.0866354202056,0.329545454545,-0.132380952381,-0.133333333333,-4,-0.0242424242424,-0.0344444444444,0,0,0,18,0,2,90,0.9,1,0,0.1,1,0.9,0.947368421053,0.938314863257,0.9,0.9,5,7,0,0,0,0
1876,WLNM_dir_neg,0.836734693878,0.550601779173,00:00:01,10,50,9,1175612458,threshold_sweep,0.4,1,0.714285714286,0.833333333333,5,0,2,14,0.714285714286,1,0,0.285714285714,1,0.714285714286,0.833333333333,0.904761904762,0.587301587302,0.769230769231,0.790569415042,0.714285714286,20,13,7,0,20,0,13,0,7,11,20,0.181818181818,3.04338842975,3.63636363636,2,2.5,1.68954001271,0.464623503495,0.245454545455,1.16774841624,0.642261628933,0.336363636364,1.94000937205,1.06700515463,0.536363636364,1.05689877454,0.347276990411,3.54545454545,3.04338842975,1.05689877454,3.54545454545,0.499047619048,0.4,8,0.0484848484848,0.255555555556,11,11,11,1,0,0.0909090909091,0.636363636364,0.272727272727,11,0.118181818182,3.72727272727,2.36363636364,1.3,1.625,1.43336856898,0.6064251638,0.286713286713,0.603022689156,0.510249967747,0.237762237762,1.40129809949,1.18571377649,0.503496503497,2.05382127221,0.551025219373,7,3.72727272727,2.05382127221,7,0,0,0,0,0.22962962963,11,11,11,1,0,0.0909090909091,0.636363636364,0.272727272727,11,18,0.163636363636,3.11363636364,3.27272727273,1.8,2.25,1.42062726223,0.434080552347,0.227272727273,0.924416277737,0.564921058617,0.292929292929,1.68954001271,1.03249667443,0.525252525253,1.14353419474,0.367266456706,3.875,3.11363636364,1.14353419474,3.875,0.366666666667,0.266666666667,4,0.0242424242424,0.221111111111,11,11,11,1,0,0.0909090909091,0.636363636364,0.272727272727,-2,-0.0181818181818,0.0702479338843,-0.363636363636,-0.2,-0.25,-0.268912750482,-0.030542951148,-0.0181818181818,-0.243332138505,-0.0773405703161,-0.0434343434343,-0.250469359339,-0.0345084801933,-0.0111111111111,0.0866354202056,0.0199894662943,0.329545454545,0.0702479338843,0.0866354202056,0.329545454545,-0.132380952381,-0.133333333333,-4,-0.0242424242424,-0.0344444444444,0,0,0,18,0,2,90,0.9,1,0,0.1,1,0.9,0.947368421053,0.938314863257,0.9,0.9,5,7,0,0,0,0
1877,WLNM_dir_neg,0.836734693878,0.550601779173,00:00:01,10,50,9,1175612458,threshold_sweep,0.5,1,0.714285714286,0.833333333333,5,0,2,14,0.714285714286,1,0,0.285714285714,1,0.714285714286,0.833333333333,0.904761904762,0.587301587302,0.769230769231,0.790569415042,0.714285714286,20,13,7,0,20,0,13,0,7,11,20,0.181818181818,3.04338842975,3.63636363636,2,2.5,1.68954001271,0.464623503495,0.245454545455,1.16774841624,0.642261628933,0.336363636364,1.94000937205,1.06700515463,0.536363636364,1.05689877454,0.347276990411,3.54545454545,3.04338842975,1.05689877454,3.54545454545,0.499047619048,0.4,8,0.0484848484848,0.255555555556,11,11,11,1,0,0.0909090909091,0.636363636364,0.272727272727,11,0.118181818182,3.72727272727,2.36363636364,1.3,1.625,1.43336856898,0.6064251638,0.286713286713,0.603022689156,0.510249967747,0.237762237762,1.40129809949,1.18571377649,0.503496503497,2.05382127221,0.551025219373,7,3.72727272727,2.05382127221,7,0,0,0,0,0.22962962963,11,11,11,1,0,0.0909090909091,0.636363636364,0.272727272727,11,18,0.163636363636,3.11363636364,3.27272727273,1.8,2.25,1.42062726223,0.434080552347,0.227272727273,0.924416277737,0.564921058617,0.292929292929,1.68954001271,1.03249667443,0.525252525253,1.14353419474,0.367266456706,3.875,3.11363636364,1.14353419474,3.875,0.366666666667,0.266666666667,4,0.0242424242424,0.221111111111,11,11,11,1,0,0.0909090909091,0.636363636364,0.272727272727,-2,-0.0181818181818,0.0702479338843,-0.363636363636,-0.2,-0.25,-0.268912750482,-0.030542951148,-0.0181818181818,-0.243332138505,-0.0773405703161,-0.0434343434343,-0.250469359339,-0.0345084801933,-0.0111111111111,0.0866354202056,0.0199894662943,0.329545454545,0.0702479338843,0.0866354202056,0.329545454545,-0.132380952381,-0.133333333333,-4,-0.0242424242424,-0.0344444444444,0,0,0,18,0,2,90,0.9,1,0,0.1,1,0.9,0.947368421053,0.938314863257,0.9,0.9,5,7,0,0,0,0
1878,WLNM_dir_neg,0.836734693878,0.550601779173,00:00:01,10,50,9,1175612458,threshold_sweep,0.6,1,0.714285714286,0.833333333333,5,0,2,14,0.714285714286,1,0,0.285714285714,1,0.714285714286,0.833333333333,0.904761904762,0.587301587302,0.769230769231,0.790569415042,0.714285714286,20,13,7,0,20,0,13,0,7,11,20,0.181818181818,3.04338842975,3.63636363636,2,2.5,1.68954001271,0.464623503495,0.245454545455,1.16774841624,0.642261628933,0.336363636364,1.94000937205,1.06700515463,0.536363636364,1.05689877454,0.347276990411,3.54545454545,3.04338842975,1.05689877454,3.54545454545,0.499047619048,0.4,8,0.0484848484848,0.255555555556,11,11,11,1,0,0.0909090909091,0.636363636364,0.272727272727,11,0.118181818182,3.72727272727,2.36363636364,1.3,1.625,1.43336856898,0.6064251638,0.286713286713,0.603022689156,0.510249967747,0.237762237762,1.40129809949,1.18571377649,0.503496503497,2.05382127221,0.551025219373,7,3.72727272727,2.05382127221,7,0,0,0,0,0.22962962963,11,11,11,1,0,0.0909090909091,0.636363636364,0.272727272727,11,18,0.163636363636,3.11363636364,3.27272727273,1.8,2.25,1.42062726223,0.434080552347,0.227272727273,0.924416277737,0.564921058617,0.292929292929,1.68954001271,1.03249667443,0.525252525253,1.14353419474,0.367266456706,3.875,3.11363636364,1.14353419474,3.875,0.366666666667,0.266666666667,4,0.0242424242424,0.221111111111,11,11,11,1,0,0.0909090909091,0.636363636364,0.272727272727,-2,-0.0181818181818,0.0702479338843,-0.363636363636,-0.2,-0.25,-0.268912750482,-0.030542951148,-0.0181818181818,-0.243332138505,-0.0773405703161,-0.0434343434343,-0.250469359339,-0.0345084801933,-0.0111111111111,0.0866354202056,0.0199894662943,0.329545454545,0.0702479338843,0.0866354202056,0.329545454545,-0.132380952381,-0.133333333333,-4,-0.0242424242424,-0.0344444444444,0,0,0,18,0,2,90,0.9,1,0,0.1,1,0.9,0.947368421053,0.938314863257,0.9,0.9,5,7,0,0,0,0
1879,WLNM_dir_neg,0.836734693878,0.550601779173,00:00:01,10,50,9,1175612458,threshold_sweep,0.7,1,0.714285714286,0.833333333333,5,0,2,14,0.714285714286,1,0,0.285714285714,1,0.714285714286,0.833333333333,0.904761904762,0.587301587302,0.769230769231,0.790569415042,0.714285714286,20,13,7,0,20,0,13,0,7,11,20,0.181818181818,3.04338842975,3.63636363636,2,2.5,1.68954001271,0.464623503495,0.245454545455,1.16774841624,0.642261628933,0.336363636364,1.94000937205,1.06700515463,0.536363636364,1.05689877454,0.347276990411,3.54545454545,3.04338842975,1.05689877454,3.54545454545,0.499047619048,0.4,8,0.0484848484848,0.255555555556,11,11,11,1,0,0.0909090909091,0.636363636364,0.272727272727,11,0.118181818182,3.72727272727,2.36363636364,1.3,1.625,1.43336856898,0.6064251638,0.286713286713,0.603022689156,0.510249967747,0.237762237762,1.40129809949,1.18571377649,0.503496503497,2.05382127221,0.551025219373,7,3.72727272727,2.05382127221,7,0,0,0,0,0.22962962963,11,11,11,1,0,0.0909090909091,0.636363636364,0.272727272727,11,18,0.163636363636,3.11363636364,3.27272727273,1.8,2.25,1.42062726223,0.434080552347,0.227272727273,0.924416277737,0.564921058617,0.292929292929,1.68954001271,1.03249667443,0.525252525253,1.14353419474,0.367266456706,3.875,3.11363636364,1.14353419474,3.875,0.366666666667,0.266666666667,4,0.0242424242424,0.221111111111,11,11,11,1,0,0.0909090909091,0.636363636364,0.272727272727,-2,-0.0181818181818,0.0702479338843,-0.363636363636,-0.2,-0.25,-0.268912750482,-0.030542951148,-0.0181818181818,-0.243332138505,-0.0773405703161,-0.0434343434343,-0.250469359339,-0.0345084801933,-0.0111111111111,0.0866354202056,0.0199894662943,0.329545454545,0.0702479338843,0.0866354202056,0.329545454545,-0.132380952381,-0.133333333333,-4,-0.0242424242424,-0.0344444444444,0,0,0,18,0,2,90,0.9,1,0,0.1,1,0.9,0.947368421053,0.938314863257,0.9,0.9,5,7,0,0,0,0
1880,WLNM_dir_neg,0.836734693878,0.550601779173,00:00:01,10,50,9,1175612458,threshold_sweep,0.8,1,0.714285714286,0.833333333333,5,0,2,14,0.714285714286,1,0,0.285714285714,1,0.714285714286,0.833333333333,0.904761904762,0.587301587302,0.769230769231,0.790569415042,0.714285714286,20,13,7,0,20,0,13,0,7,11,20,0.181818181818,3.04338842975,3.63636363636,2,2.5,1.68954001271,0.464623503495,0.245454545455,1.16774841624,0.642261628933,0.336363636364,1.94000937205,1.06700515463,0.536363636364,1.05689877454,0.347276990411,3.54545454545,3.04338842975,1.05689877454,3.54545454545,0.499047619048,0.4,8,0.0484848484848,0.255555555556,11,11,11,1,0,0.0909090909091,0.636363636364,0.272727272727,11,0.118181818182,3.72727272727,2.36363636364,1.3,1.625,1.43336856898,0.6064251638,0.286713286713,0.603022689156,0.510249967747,0.237762237762,1.40129809949,1.18571377649,0.503496503497,2.05382127221,0.551025219373,7,3.72727272727,2.05382127221,7,0,0,0,0,0.22962962963,11,11,11,1,0,0.0909090909091,0.636363636364,0.272727272727,11,18,0.163636363636,3.11363636364,3.27272727273,1.8,2.25,1.42062726223,0.434080552347,0.227272727273,0.924416277737,0.564921058617,0.292929292929,1.68954001271,1.03249667443,0.525252525253,1.14353419474,0.367266456706,3.875,3.11363636364,1.14353419474,3.875,0.366666666667,0.266666666667,4,0.0242424242424,0.221111111111,11,11,11,1,0,0.0909090909091,0.636363636364,0.272727272727,-2,-0.0181818181818,0.0702479338843,-0.363636363636,-0.2,-0.25,-0.268912750482,-0.030542951148,-0.0181818181818,-0.243332138505,-0.0773405703161,-0.0434343434343,-0.250469359339,-0.0345084801933,-0.0111111111111,0.0866354202056,0.0199894662943,0.329545454545,0.0702479338843,0.0866354202056,0.329545454545,-0.132380952381,-0.133333333333,-4,-0.0242424242424,-0.0344444444444,0,0,0,18,0,2,90,0.9,1,0,0.1,1,0.9,0.947368421053,0.938314863257,0.9,0.9,5,7,0,0,0,0
1881,WLNM_dir_neg,0.836734693878,0.550601779173,00:00:01,10,50,9,1175612458,threshold_sweep,0.9,1,0.714285714286,0.833333333333,5,0,2,14,0.714285714286,1,0,0.285714285714,1,0.714285714286,0.833333333333,0.904761904762,0.587301587302,0.769230769231,0.790569415042,0.714285714286,20,13,7,0,20,0,13,0,7,11,20,0.181818181818,3.04338842975,3.63636363636,2,2.5,1.68954001271,0.464623503495,0.245454545455,1.16774841624,0.642261628933,0.336363636364,1.94000937205,1.06700515463,0.536363636364,1.05689877454,0.347276990411,3.54545454545,3.04338842975,1.05689877454,3.54545454545,0.499047619048,0.4,8,0.0484848484848,0.255555555556,11,11,11,1,0,0.0909090909091,0.636363636364,0.272727272727,11,0.118181818182,3.72727272727,2.36363636364,1.3,1.625,1.43336856898,0.6064251638,0.286713286713,0.603022689156,0.510249967747,0.237762237762,1.40129809949,1.18571377649,0.503496503497,2.05382127221,0.551025219373,7,3.72727272727,2.05382127221,7,0,0,0,0,0.22962962963,11,11,11,1,0,0.0909090909091,0.636363636364,0.272727272727,11,18,0.163636363636,3.11363636364,3.27272727273,1.8,2.25,1.42062726223,0.434080552347,0.227272727273,0.924416277737,0.564921058617,0.292929292929,1.68954001271,1.03249667443,0.525252525253,1.14353419474,0.367266456706,3.875,3.11363636364,1.14353419474,3.875,0.366666666667,0.266666666667,4,0.0242424242424,0.221111111111,11,11,11,1,0,0.0909090909091,0.636363636364,0.272727272727,-2,-0.0181818181818,0.0702479338843,-0.363636363636,-0.2,-0.25,-0.268912750482,-0.030542951148,-0.0181818181818,-0.243332138505,-0.0773405703161,-0.0434343434343,-0.250469359339,-0.0345084801933,-0.0111111111111,0.0866354202056,0.0199894662943,0.329545454545,0.0702479338843,0.0866354202056,0.329545454545,-0.132380952381,-0.133333333333,-4,-0.0242424242424,-0.0344444444444,0,0,0,18,0,2,90,0.9,1,0,0.1,1,0.9,0.947368421053,0.938314863257,0.9,0.9,5,7,0,0,0,0
1882,WLNM_dir_neg,0.897959183673,0.589514652015,00:00:02,10,50,10,1175612459,threshold_sweep,0.1,1,0.714285714286,0.833333333333,5,0,2,14,0.714285714286,1,0,0.285714285714,1,0.714285714286,0.833333333333,0.904761904762,0.587301587302,0.769230769231,0.790569415042,0.714285714286,20,13,7,0,20,0,13,0,7,11,20,0.181818181818,3.04338842975,3.63636363636,2,2.5,1.68954001271,0.464623503495,0.245454545455,1.16774841624,0.642261628933,0.336363636364,1.94000937205,1.06700515463,0.536363636364,1.05689877454,0.347276990411,3.54545454545,3.04338842975,1.05689877454,3.54545454545,0.499047619048,0.4,8,0.0484848484848,0.255555555556,11,11,11,1,0,0.0909090909091,0.636363636364,0.272727272727,11,0.118181818182,3.72727272727,2.36363636364,1.3,1.625,1.43336856898,0.6064251638,0.286713286713,0.603022689156,0.510249967747,0.237762237762,1.40129809949,1.18571377649,0.503496503497,2.05382127221,0.551025219373,7,3.72727272727,2.05382127221,7,0,0,0,0,0.22962962963,11,11,11,1,0,0.0909090909091,0.636363636364,0.272727272727,11,18,0.163636363636,3.11363636364,3.27272727273,1.8,2.25,1.42062726223,0.434080552347,0.227272727273,0.924416277737,0.564921058617,0.292929292929,1.68954001271,1.03249667443,0.525252525253,1.14353419474,0.367266456706,3.875,3.11363636364,1.14353419474,3.875,0.366666666667,0.266666666667,4,0.0242424242424,0.221111111111,11,11,11,1,0,0.0909090909091,0.636363636364,0.272727272727,-2,-0.0181818181818,0.0702479338843,-0.363636363636,-0.2,-0.25,-0.268912750482,-0.030542951148,-0.0181818181818,-0.243332138505,-0.0773405703161,-0.0434343434343,-0.250469359339,-0.0345084801933,-0.0111111111111,0.0866354202056,0.0199894662943,0.329545454545,0.0702479338843,0.0866354202056,0.329545454545,-0.132380952381,-0.133333333333,-4,-0.0242424242424,-0.0344444444444,0,0,0,18,0,2,90,0.9,1,0,0.1,1,0.9,0.947368421053,0.938314863257,0.9,0.9,5,7,0,0,0,0
1883,WLNM_dir_neg,0.897959183673,0.589514652015,00:00:02,10,50,10,1175612459,threshold_sweep,0.2,1,0.714285714286,0.833333333333,5,0,2,14,0.714285714286,1,0,0.285714285714,1,0.714285714286,0.833333333333,0.904761904762,0.587301587302,0.769230769231,0.790569415042,0.714285714286,20,13,7,0,20,0,13,0,7,11,20,0.181818181818,3.04338842975,3.63636363636,2,2.5,1.68954001271,0.464623503495,0.245454545455,1.16774841624,0.642261628933,0.336363636364,1.94000937205,1.06700515463,0.536363636364,1.05689877454,0.347276990411,3.54545454545,3.04338842975,1.05689877454,3.54545454545,0.499047619048,0.4,8,0.0484848484848,0.255555555556,11,11,11,1,0,0.0909090909091,0.636363636364,0.272727272727,11,0.118181818182,3.72727272727,2.36363636364,1.3,1.625,1.43336856898,0.6064251638,0.286713286713,0.603022689156,0.510249967747,0.237762237762,1.40129809949,1.18571377649,0.503496503497,2.05382127221,0.551025219373,7,3.72727272727,2.05382127221,7,0,0,0,0,0.22962962963,11,11,11,1,0,0.0909090909091,0.636363636364,0.272727272727,11,18,0.163636363636,3.11363636364,3.27272727273,1.8,2.25,1.42062726223,0.434080552347,0.227272727273,0.924416277737,0.564921058617,0.292929292929,1.68954001271,1.03249667443,0.525252525253,1.14353419474,0.367266456706,3.875,3.11363636364,1.14353419474,3.875,0.366666666667,0.266666666667,4,0.0242424242424,0.221111111111,11,11,11,1,0,0.0909090909091,0.636363636364,0.272727272727,-2,-0.0181818181818,0.0702479338843,-0.363636363636,-0.2,-0.25,-0.268912750482,-0.030542951148,-0.0181818181818,-0.243332138505,-0.0773405703161,-0.0434343434343,-0.250469359339,-0.0345084801933,-0.0111111111111,0.0866354202056,0.0199894662943,0.329545454545,0.0702479338843,0.0866354202056,0.329545454545,-0.132380952381,-0.133333333333,-4,-0.0242424242424,-0.0344444444444,0,0,0,18,0,2,90,0.9,1,0,0.1,1,0.9,0.947368421053,0.938314863257,0.9,0.9,5,7,0,0,0,0
1884,WLNM_dir_neg,0.897959183673,0.589514652015,00:00:02,10,50,10,1175612459,threshold_sweep,0.3,1,0.714285714286,0.833333333333,5,0,2,14,0.714285714286,1,0,0.285714285714,1,0.714285714286,0.833333333333,0.904761904762,0.587301587302,0.769230769231,0.790569415042,0.714285714286,20,13,7,0,20,0,13,0,7,11,20,0.181818181818,3.04338842975,3.63636363636,2,2.5,1.68954001271,0.464623503495,0.245454545455,1.16774841624,0.642261628933,0.336363636364,1.94000937205,1.06700515463,0.536363636364,1.05689877454,0.347276990411,3.54545454545,3.04338842975,1.05689877454,3.54545454545,0.499047619048,0.4,8,0.0484848484848,0.255555555556,11,11,11,1,0,0.0909090909091,0.636363636364,0.272727272727,11,0.118181818182,3.72727272727,2.36363636364,1.3,1.625,1.43336856898,0.6064251638,0.286713286713,0.603022689156,0.510249967747,0.237762237762,1.40129809949,1.18571377649,0.503496503497,2.05382127221,0.551025219373,7,3.72727272727,2.05382127221,7,0,0,0,0,0.22962962963,11,11,11,1,0,0.0909090909091,0.636363636364,0.272727272727,11,18,0.163636363636,3.11363636364,3.27272727273,1.8,2.25,1.42062726223,0.434080552347,0.227272727273,0.924416277737,0.564921058617,0.292929292929,1.68954001271,1.03249667443,0.525252525253,1.14353419474,0.367266456706,3.875,3.11363636364,1.14353419474,3.875,0.366666666667,0.266666666667,4,0.0242424242424,0.221111111111,11,11,11,1,0,0.0909090909091,0.636363636364,0.272727272727,-2,-0.0181818181818,0.0702479338843,-0.363636363636,-0.2,-0.25,-0.268912750482,-0.030542951148,-0.0181818181818,-0.243332138505,-0.0773405703161,-0.0434343434343,-0.250469359339,-0.0345084801933,-0.0111111111111,0.0866354202056,0.0199894662943,0.329545454545,0.0702479338843,0.0866354202056,0.329545454545,-0.132380952381,-0.133333333333,-4,-0.0242424242424,-0.0344444444444,0,0,0,18,0,2,90,0.9,1,0,0.1,1,0.9,0.947368421053,0.938314863257,0.9,0.9,5,7,0,0,0,0
1885,WLNM_dir_neg,0.897959183673,0.589514652015,00:00:02,10,50,10,1175612459,threshold_sweep,0.4,1,0.714285714286,0.833333333333,5,0,2,14,0.714285714286,1,0,0.285714285714,1,0.714285714286,0.833333333333,0.904761904762,0.587301587302,0.769230769231,0.790569415042,0.714285714286,20,13,7,0,20,0,13,0,7,11,20,0.181818181818,3.04338842975,3.63636363636,2,2.5,1.68954001271,0.464623503495,0.245454545455,1.16774841624,0.642261628933,0.336363636364,1.94000937205,1.06700515463,0.536363636364,1.05689877454,0.347276990411,3.54545454545,3.04338842975,1.05689877454,3.54545454545,0.499047619048,0.4,8,0.0484848484848,0.255555555556,11,11,11,1,0,0.0909090909091,0.636363636364,0.272727272727,11,0.118181818182,3.72727272727,2.36363636364,1.3,1.625,1.43336856898,0.6064251638,0.286713286713,0.603022689156,0.510249967747,0.237762237762,1.40129809949,1.18571377649,0.503496503497,2.05382127221,0.551025219373,7,3.72727272727,2.05382127221,7,0,0,0,0,0.22962962963,11,11,11,1,0,0.0909090909091,0.636363636364,0.272727272727,11,18,0.163636363636,3.11363636364,3.27272727273,1.8,2.25,1.42062726223,0.434080552347,0.227272727273,0.924416277737,0.564921058617,0.292929292929,1.68954001271,1.03249667443,0.525252525253,1.14353419474,0.367266456706,3.875,3.11363636364,1.14353419474,3.875,0.366666666667,0.266666666667,4,0.0242424242424,0.221111111111,11,11,11,1,0,0.0909090909091,0.636363636364,0.272727272727,-2,-0.0181818181818,0.0702479338843,-0.363636363636,-0.2,-0.25,-0.268912750482,-0.030542951148,-0.0181818181818,-0.243332138505,-0.0773405703161,-0.0434343434343,-0.250469359339,-0.0345084801933,-0.0111111111111,0.0866354202056,0.0199894662943,0.329545454545,0.0702479338843,0.0866354202056,0.329545454545,-0.132380952381,-0.133333333333,-4,-0.0242424242424,-0.0344444444444,0,0,0,18,0,2,90,0.9,1,0,0.1,1,0.9,0.947368421053,0.938314863257,0.9,0.9,5,7,0,0,0,0
1886,WLNM_dir_neg,0.897959183673,0.589514652015,00:00:02,10,50,10,1175612459,threshold_sweep,0.5,1,0.714285714286,0.833333333333,5,0,2,14,0.714285714286,1,0,0.285714285714,1,0.714285714286,0.833333333333,0.904761904762,0.587301587302,0.769230769231,0.790569415042,0.714285714286,20,13,7,0,20,0,13,0,7,11,20,0.181818181818,3.04338842975,3.63636363636,2,2.5,1.68954001271,0.464623503495,0.245454545455,1.16774841624,0.642261628933,0.336363636364,1.94000937205,1.06700515463,0.536363636364,1.05689877454,0.347276990411,3.54545454545,3.04338842975,1.05689877454,3.54545454545,0.499047619048,0.4,8,0.0484848484848,0.255555555556,11,11,11,1,0,0.0909090909091,0.636363636364,0.272727272727,11,0.118181818182,3.72727272727,2.36363636364,1.3,1.625,1.43336856898,0.6064251638,0.286713286713,0.603022689156,0.510249967747,0.237762237762,1.40129809949,1.18571377649,0.503496503497,2.05382127221,0.551025219373,7,3.72727272727,2.05382127221,7,0,0,0,0,0.22962962963,11,11,11,1,0,0.0909090909091,0.636363636364,0.272727272727,11,18,0.163636363636,3.11363636364,3.27272727273,1.8,2.25,1.42062726223,0.434080552347,0.227272727273,0.924416277737,0.564921058617,0.292929292929,1.68954001271,1.03249667443,0.525252525253,1.14353419474,0.367266456706,3.875,3.11363636364,1.14353419474,3.875,0.366666666667,0.266666666667,4,0.0242424242424,0.221111111111,11,11,11,1,0,0.0909090909091,0.636363636364,0.272727272727,-2,-0.0181818181818,0.0702479338843,-0.363636363636,-0.2,-0.25,-0.268912750482,-0.030542951148,-0.0181818181818,-0.243332138505,-0.0773405703161,-0.0434343434343,-0.250469359339,-0.0345084801933,-0.0111111111111,0.0866354202056,0.0199894662943,0.329545454545,0.0702479338843,0.0866354202056,0.329545454545,-0.132380952381,-0.133333333333,-4,-0.0242424242424,-0.0344444444444,0,0,0,18,0,2,90,0.9,1,0,0.1,1,0.9,0.947368421053,0.938314863257,0.9,0.9,5,7,0,0,0,0
1887,WLNM_dir_neg,0.897959183673,0.589514652015,00:00:02,10,50,10,1175612459,threshold_sweep,0.6,1,0.714285714286,0.833333333333,5,0,2,14,0.714285714286,1,0,0.285714285714,1,0.714285714286,0.833333333333,0.904761904762,0.587301587302,0.769230769231,0.790569415042,0.714285714286,20,13,7,0,20,0,13,0,7,11,20,0.181818181818,3.04338842975,3.63636363636,2,2.5,1.68954001271,0.464623503495,0.245454545455,1.16774841624,0.642261628933,0.336363636364,1.94000937205,1.06700515463,0.536363636364,1.05689877454,0.347276990411,3.54545454545,3.04338842975,1.05689877454,3.54545454545,0.499047619048,0.4,8,0.0484848484848,0.255555555556,11,11,11,1,0,0.0909090909091,0.636363636364,0.272727272727,11,0.118181818182,3.72727272727,2.36363636364,1.3,1.625,1.43336856898,0.6064251638,0.286713286713,0.603022689156,0.510249967747,0.237762237762,1.40129809949,1.18571377649,0.503496503497,2.05382127221,0.551025219373,7,3.72727272727,2.05382127221,7,0,0,0,0,0.22962962963,11,11,11,1,0,0.0909090909091,0.636363636364,0.272727272727,11,18,0.163636363636,3.11363636364,3.27272727273,1.8,2.25,1.42062726223,0.434080552347,0.227272727273,0.924416277737,0.564921058617,0.292929292929,1.68954001271,1.03249667443,0.525252525253,1.14353419474,0.367266456706,3.875,3.11363636364,1.14353419474,3.875,0.366666666667,0.266666666667,4,0.0242424242424,0.221111111111,11,11,11,1,0,0.0909090909091,0.636363636364,0.272727272727,-2,-0.0181818181818,0.0702479338843,-0.363636363636,-0.2,-0.25,-0.268912750482,-0.030542951148,-0.0181818181818,-0.243332138505,-0.0773405703161,-0.0434343434343,-0.250469359339,-0.0345084801933,-0.0111111111111,0.0866354202056,0.0199894662943,0.329545454545,0.0702479338843,0.0866354202056,0.329545454545,-0.132380952381,-0.133333333333,-4,-0.0242424242424,-0.0344444444444,0,0,0,18,0,2,90,0.9,1,0,0.1,1,0.9,0.947368421053,0.938314863257,0.9,0.9,5,7,0,0,0,0
1888,WLNM_dir_neg,0.897959183673,0.589514652015,00:00:02,10,50,10,1175612459,threshold_sweep,0.7,1,0.714285714286,0.833333333333,5,0,2,14,0.714285714286,1,0,0.285714285714,1,0.714285714286,0.833333333333,0.904761904762,0.587301587302,0.769230769231,0.790569415042,0.714285714286,20,13,7,0,20,0,13,0,7,11,20,0.181818181818,3.04338842975,3.63636363636,2,2.5,1.68954001271,0.464623503495,0.245454545455,1.16774841624,0.642261628933,0.336363636364,1.94000937205,1.06700515463,0.536363636364,1.05689877454,0.347276990411,3.54545454545,3.04338842975,1.05689877454,3.54545454545,0.499047619048,0.4,8,0.0484848484848,0.255555555556,11,11,11,1,0,0.0909090909091,0.636363636364,0.272727272727,11,0.118181818182,3.72727272727,2.36363636364,1.3,1.625,1.43336856898,0.6064251638,0.286713286713,0.603022689156,0.510249967747,0.237762237762,1.40129809949,1.18571377649,0.503496503497,2.05382127221,0.551025219373,7,3.72727272727,2.05382127221,7,0,0,0,0,0.22962962963,11,11,11,1,0,0.0909090909091,0.636363636364,0.272727272727,11,18,0.163636363636,3.11363636364,3.27272727273,1.8,2.25,1.42062726223,0.434080552347,0.227272727273,0.924416277737,0.564921058617,0.292929292929,1.68954001271,1.03249667443,0.525252525253,1.14353419474,0.367266456706,3.875,3.11363636364,1.14353419474,3.875,0.366666666667,0.266666666667,4,0.0242424242424,0.221111111111,11,11,11,1,0,0.0909090909091,0.636363636364,0.272727272727,-2,-0.0181818181818,0.0702479338843,-0.363636363636,-0.2,-0.25,-0.268912750482,-0.030542951148,-0.0181818181818,-0.243332138505,-0.0773405703161,-0.0434343434343,-0.250469359339,-0.0345084801933,-0.0111111111111,0.0866354202056,0.0199894662943,0.329545454545,0.0702479338843,0.0866354202056,0.329545454545,-0.132380952381,-0.133333333333,-4,-0.0242424242424,-0.0344444444444,0,0,0,18,0,2,90,0.9,1,0,0.1,1,0.9,0.947368421053,0.938314863257,0.9,0.9,5,7,0,0,0,0
1889,WLNM_dir_neg,0.897959183673,0.589514652015,00:00:02,10,50,10,1175612459,threshold_sweep,0.8,1,0.714285714286,0.833333333333,5,0,2,14,0.714285714286,1,0,0.285714285714,1,0.714285714286,0.833333333333,0.904761904762,0.587301587302,0.769230769231,0.790569415042,0.714285714286,20,13,7,0,20,0,13,0,7,11,20,0.181818181818,3.04338842975,3.63636363636,2,2.5,1.68954001271,0.464623503495,0.245454545455,1.16774841624,0.642261628933,0.336363636364,1.94000937205,1.06700515463,0.536363636364,1.05689877454,0.347276990411,3.54545454545,3.04338842975,1.05689877454,3.54545454545,0.499047619048,0.4,8,0.0484848484848,0.255555555556,11,11,11,1,0,0.0909090909091,0.636363636364,0.272727272727,11,0.118181818182,3.72727272727,2.36363636364,1.3,1.625,1.43336856898,0.6064251638,0.286713286713,0.603022689156,0.510249967747,0.237762237762,1.40129809949,1.18571377649,0.503496503497,2.05382127221,0.551025219373,7,3.72727272727,2.05382127221,7,0,0,0,0,0.22962962963,11,11,11,1,0,0.0909090909091,0.636363636364,0.272727272727,11,18,0.163636363636,3.11363636364,3.27272727273,1.8,2.25,1.42062726223,0.434080552347,0.227272727273,0.924416277737,0.564921058617,0.292929292929,1.68954001271,1.03249667443,0.525252525253,1.14353419474,0.367266456706,3.875,3.11363636364,1.14353419474,3.875,0.366666666667,0.266666666667,4,0.0242424242424,0.221111111111,11,11,11,1,0,0.0909090909091,0.636363636364,0.272727272727,-2,-0.0181818181818,0.0702479338843,-0.363636363636,-0.2,-0.25,-0.268912750482,-0.030542951148,-0.0181818181818,-0.243332138505,-0.0773405703161,-0.0434343434343,-0.250469359339,-0.0345084801933,-0.0111111111111,0.0866354202056,0.0199894662943,0.329545454545,0.0702479338843,0.0866354202056,0.329545454545,-0.132380952381,-0.133333333333,-4,-0.0242424242424,-0.0344444444444,0,0,0,18,0,2,90,0.9,1,0,0.1,1,0.9,0.947368421053,0.938314863257,0.9,0.9,5,7,0,0,0,0
1890,WLNM_dir_neg,0.897959183673,0.589514652015,00:00:02,10,50,10,1175612459,threshold_sweep,0.9,1,0.714285714286,0.833333333333,5,0,2,14,0.714285714286,1,0,0.285714285714,1,0.714285714286,0.833333333333,0.904761904762,0.587301587302,0.769230769231,0.790569415042,0.714285714286,20,13,7,0,20,0,13,0,7,11,20,0.181818181818,3.04338842975,3.63636363636,2,2.5,1.68954001271,0.464623503495,0.245454545455,1.16774841624,0.642261628933,0.336363636364,1.94000937205,1.06700515463,0.536363636364,1.05689877454,0.347276990411,3.54545454545,3.04338842975,1.05689877454,3.54545454545,0.499047619048,0.4,8,0.0484848484848,0.255555555556,11,11,11,1,0,0.0909090909091,0.636363636364,0.272727272727,11,0.118181818182,3.72727272727,2.36363636364,1.3,1.625,1.43336856898,0.6064251638,0.286713286713,0.603022689156,0.510249967747,0.237762237762,1.40129809949,1.18571377649,0.503496503497,2.05382127221,0.551025219373,7,3.72727272727,2.05382127221,7,0,0,0,0,0.22962962963,11,11,11,1,0,0.0909090909091,0.636363636364,0.272727272727,11,18,0.163636363636,3.11363636364,3.27272727273,1.8,2.25,1.42062726223,0.434080552347,0.227272727273,0.924416277737,0.564921058617,0.292929292929,1.68954001271,1.03249667443,0.525252525253,1.14353419474,0.367266456706,3.875,3.11363636364,1.14353419474,3.875,0.366666666667,0.266666666667,4,0.0242424242424,0.221111111111,11,11,11,1,0,0.0909090909091,0.636363636364,0.272727272727,-2,-0.0181818181818,0.0702479338843,-0.363636363636,-0.2,-0.25,-0.268912750482,-0.030542951148,-0.0181818181818,-0.243332138505,-0.0773405703161,-0.0434343434343,-0.250469359339,-0.0345084801933,-0.0111111111111,0.0866354202056,0.0199894662943,0.329545454545,0.0702479338843,0.0866354202056,0.329545454545,-0.132380952381,-0.133333333333,-4,-0.0242424242424,-0.0344444444444,0,0,0,18,0,2,90,0.9,1,0,0.1,1,0.9,0.947368421053,0.938314863257,0.9,0.9,5,7,0,0,0,0
1891,WLNM_dir_neg,0.897959183673,0.609141156463,00:00:01,10,50,11,1175612460,threshold_sweep,0.1,1,0.571428571429,0.727272727273,4,0,3,14,0.571428571429,1,0,0.428571428571,1,0.571428571429,0.727272727273,0.857142857143,0.603174603175,0.64,0.68599434057,0.571428571429,20,13,7,0,20,0,13,0,7,11,20,0.181818181818,3.04338842975,3.63636363636,2,2.5,1.68954001271,0.464623503495,0.245454545455,1.16774841624,0.642261628933,0.336363636364,1.94000937205,1.06700515463,0.536363636364,1.05689877454,0.347276990411,3.54545454545,3.04338842975,1.05689877454,3.54545454545,0.499047619048,0.4,8,0.0484848484848,0.255555555556,11,11,11,1,0,0.0909090909091,0.636363636364,0.272727272727,11,0.118181818182,3.72727272727,2.36363636364,1.3,1.625,1.43336856898,0.6064251638,0.286713286713,0.603022689156,0.510249967747,0.237762237762,1.40129809949,1.18571377649,0.503496503497,2.05382127221,0.551025219373,7,3.72727272727,2.05382127221,7,0,0,0,0,0.22962962963,11,11,11,1,0,0.0909090909091,0.636363636364,0.272727272727,11,17,0.154545454545,3.17727272727,3.09090909091,1.7,2.125,1.30034960334,0.420701342257,0.208556149733,0.820199532265,0.530717344407,0.267379679144,1.57249078621,1.01749403814,0.513368983957,1.2536673475,0.394573414091,4.4,3.17727272727,1.2536673475,4.4,0.213333333333,0.153846153846,2,0.0121212121212,0.205555555556,11,11,11,1,0,0.0909090909091,0.636363636364,0.272727272727,-3,-0.0272727272727,0.133884297521,-0.545454545455,-0.3,-0.375,-0.389190409368,-0.0439221612377,-0.0368983957219,-0.347548883978,-0.111544284527,-0.0689839572193,-0.367518585835,-0.0495111164884,-0.0229946524064,0.196768572961,0.0472964236795,0.854545454545,0.133884297521,0.196768572961,0.854545454545,-0.285714285714,-0.246153846154,-6,-0.0363636363636,-0.05,0,0,0,17,0,3,90,0.85,1,0,0.15,1,0.85,0.918918918919,0.906962317388,0.85,0.85,4,7,0,0,0,0
1892,WLNM_dir_neg,0.897959183673,0.609141156463,00:00:01,10,50,11,1175612460,threshold_sweep,0.2,1,0.428571428571,0.6,3,0,4,14,0.428571428571,1,0,0.571428571429,1,0.428571428571,0.6,0.809523809524,0.619047619048,0.5,0.57735026919,0.428571428571,20,13,7,0,20,0,13,0,7,11,20,0.181818181818,3.04338842975,3.63636363636,2,2.5,1.68954001271,0.464623503495,0.245454545455,1.16774841624,0.642261628933,0.336363636364,1.94000937205,1.06700515463,0.536363636364,1.05689877454,0.347276990411,3.54545454545,3.04338842975,1.05689877454,3.54545454545,0.499047619048,0.4,8,0.0484848484848,0.255555555556,11,11,11,1,0,0.0909090909091,0.636363636364,0.272727272727,11,0.118181818182,3.72727272727,2.36363636364,1.3,1.625,1.43336856898,0.6064251638,0.286713286713,0.603022689156,0.510249967747,0.237762237762,1.40129809949,1.18571377649,0.503496503497,2.05382127221,0.551025219373,7,3.72727272727,2.05382127221,7,0,0,0,0,0.22962962963,11,11,11,1,0,0.0909090909091,0.636363636364,0.272727272727,11,16,0.145454545455,3.25,2.90909090909,1.6,2,1.22102788294,0.41972833476,0.181818181818,0.687551650952,0.47269176003,0.227272727273,1.50755672289,1.03644524699,0.511363636364,1.3758835545,0.423348786001,4.66666666667,3.25,1.3758835545,4.66666666667,0.213333333333,0.176470588235,2,0.0121212121212,0.192592592593,11,11,11,1,0,0.0909090909091,0.636363636364,0.272727272727,-4,-0.0363636363636,0.206611570248,-0.727272727273,-0.4,-0.5,-0.468512129772,-0.0448951687355,-0.0636363636364,-0.48019676529,-0.169569868904,-0.109090909091,-0.43245264916,-0.0305599076407,-0.025,0.318984779967,0.07607179559,1.12121212121,0.206611570248,0.318984779967,1.12121212121,-0.285714285714,-0.223529411765,-6,-0.0363636363636,-0.062962962963,0,0,0,16,0,4,90,0.8,1,0,0.2,1,0.8,0.888888888889,0.875189948987,0.8,0.8,3,7,0,0,0,0
1893,WLNM_dir_neg,0.897959183673,0.609141156463,00:00:01,10,50,11,1175612460,threshold_sweep,0.3,1,0.428571428571,0.6,3,0,4,14,0.428571428571,1,0,0.571428571429,1,0.428571428571,0.6,0.809523809524,0.619047619048,0.5,0.57735026919,0.428571428571,20,13,7,0,20,0,13,0,7,11,20,0.181818181818,3.04338842975,3.63636363636,2,2.5,1.68954001271,0.464623503495,0.245454545455,1.16774841624,0.642261628933,0.336363636364,1.94000937205,1.06700515463,0.536363636364,1.05689877454,0.347276990411,3.54545454545,3.04338842975,1.05689877454,3.54545454545,0.499047619048,0.4,8,0.0484848484848,0.255555555556,11,11,11,1,0,0.0909090909091,0.636363636364,0.272727272727,11,0.118181818182,3.72727272727,2.36363636364,1.3,1.625,1.43336856898,0.6064251638,0.286713286713,0.603022689156,0.510249967747,0.237762237762,1.40129809949,1.18571377649,0.503496503497,2.05382127221,0.551025219373,7,3.72727272727,2.05382127221,7,0,0,0,0,0.22962962963,11,11,11,1,0,0.0909090909091,0.636363636364,0.272727272727,11,16,0.145454545455,3.25,2.90909090909,1.6,2,1.22102788294,0.41972833476,0.181818181818,0.687551650952,0.47269176003,0.227272727273,1.50755672289,1.03644524699,0.511363636364,1.3758835545,0.423348786001,4.66666666667,3.25,1.3758835545,4.66666666667,0.213333333333,0.176470588235,2,0.0121212121212,0.192592592593,11,11,11,1,0,0.0909090909091,0.636363636364,0.272727272727,-4,-0.0363636363636,0.206611570248,-0.727272727273,-0.4,-0.5,-0.468512129772,-0.0448951687355,-0.0636363636364,-0.48019676529,-0.169569868904,-0.109090909091,-0.43245264916,-0.0305599076407,-0.025,0.318984779967,0.07607179559,1.12121212121,0.206611570248,0.318984779967,1.12121212121,-0.285714285714,-0.223529411765,-6,-0.0363636363636,-0.062962962963,0,0,0,16,0,4,90,0.8,1,0,0.2,1,0.8,0.888888888889,0.875189948987,0.8,0.8,3,7,0,0,0,0
1894,WLNM_dir_neg,0.897959183673,0.609141156463,00:00:01,10,50,11,1175612460,threshold_sweep,0.4,1,0.428571428571,0.6,3,0,4,14,0.428571428571,1,0,0.571428571429,1,0.428571428571,0.6,0.809523809524,0.619047619048,0.5,0.57735026919,0.428571428571,20,13,7,0,20,0,13,0,7,11,20,0.181818181818,3.04338842975,3.63636363636,2,2.5,1.68954001271,0.464623503495,0.245454545455,1.16774841624,0.642261628933,0.336363636364,1.94000937205,1.06700515463,0.536363636364,1.05689877454,0.347276990411,3.54545454545,3.04338842975,1.05689877454,3.54545454545,0.499047619048,0.4,8,0.0484848484848,0.255555555556,11,11,11,1,0,0.0909090909091,0.636363636364,0.272727272727,11,0.118181818182,3.72727272727,2.36363636364,1.3,1.625,1.43336856898,0.6064251638,0.286713286713,0.603022689156,0.510249967747,0.237762237762,1.40129809949,1.18571377649,0.503496503497,2.05382127221,0.551025219373,7,3.72727272727,2.05382127221,7,0,0,0,0,0.22962962963,11,11,11,1,0,0.0909090909091,0.636363636364,0.272727272727,11,16,0.145454545455,3.25,2.90909090909,1.6,2,1.22102788294,0.41972833476,0.181818181818,0.687551650952,0.47269176003,0.227272727273,1.50755672289,1.03644524699,0.511363636364,1.3758835545,0.423348786001,4.66666666667,3.25,1.3758835545,4.66666666667,0.213333333333,0.176470588235,2,0.0121212121212,0.192592592593,11,11,11,1,0,0.0909090909091,0.636363636364,0.272727272727,-4,-0.0363636363636,0.206611570248,-0.727272727273,-0.4,-0.5,-0.468512129772,-0.0448951687355,-0.0636363636364,-0.48019676529,-0.169569868904,-0.109090909091,-0.43245264916,-0.0305599076407,-0.025,0.318984779967,0.07607179559,1.12121212121,0.206611570248,0.318984779967,1.12121212121,-0.285714285714,-0.223529411765,-6,-0.0363636363636,-0.062962962963,0,0,0,16,0,4,90,0.8,1,0,0.2,1,0.8,0.888888888889,0.875189948987,0.8,0.8,3,7,0,0,0,0
1895,WLNM_dir_neg,0.897959183673,0.609141156463,00:00:01,10,50,11,1175612460,threshold_sweep,0.5,1,0.428571428571,0.6,3,0,4,14,0.428571428571,1,0,0.571428571429,1,0.428571428571,0.6,0.809523809524,0.619047619048,0.5,0.57735026919,0.428571428571,20,13,7,0,20,0,13,0,7,11,20,0.181818181818,3.04338842975,3.63636363636,2,2.5,1.68954001271,0.464623503495,0.245454545455,1.16774841624,0.642261628933,0.336363636364,1.94000937205,1.06700515463,0.536363636364,1.05689877454,0.347276990411,3.54545454545,3.04338842975,1.05689877454,3.54545454545,0.499047619048,0.4,8,0.0484848484848,0.255555555556,11,11,11,1,0,0.0909090909091,0.636363636364,0.272727272727,11,0.118181818182,3.72727272727,2.36363636364,1.3,1.625,1.43336856898,0.6064251638,0.286713286713,0.603022689156,0.510249967747,0.237762237762,1.40129809949,1.18571377649,0.503496503497,2.05382127221,0.551025219373,7,3.72727272727,2.05382127221,7,0,0,0,0,0.22962962963,11,11,11,1,0,0.0909090909091,0.636363636364,0.272727272727,11,16,0.145454545455,3.25,2.90909090909,1.6,2,1.22102788294,0.41972833476,0.181818181818,0.687551650952,0.47269176003,0.227272727273,1.50755672289,1.03644524699,0.511363636364,1.3758835545,0.423348786001,4.66666666667,3.25,1.3758835545,4.66666666667,0.213333333333,0.176470588235,2,0.0121212121212,0.192592592593,11,11,11,1,0,0.0909090909091,0.636363636364,0.272727272727,-4,-0.0363636363636,0.206611570248,-0.727272727273,-0.4,-0.5,-0.468512129772,-0.0448951687355,-0.0636363636364,-0.48019676529,-0.169569868904,-0.109090909091,-0.43245264916,-0.0305599076407,-0.025,0.318984779967,0.07607179559,1.12121212121,0.206611570248,0.318984779967,1.12121212121,-0.285714285714,-0.223529411765,-6,-0.0363636363636,-0.062962962963,0,0,0,16,0,4,90,0.8,1,0,0.2,1,0.8,0.888888888889,0.875189948987,0.8,0.8,3,7,0,0,0,0
1896,WLNM_dir_neg,0.897959183673,0.609141156463,00:00:01,10,50,11,1175612460,threshold_sweep,0.6,1,0.428571428571,0.6,3,0,4,14,0.428571428571,1,0,0.571428571429,1,0.428571428571,0.6,0.809523809524,0.619047619048,0.5,0.57735026919,0.428571428571,20,13,7,0,20,0,13,0,7,11,20,0.181818181818,3.04338842975,3.63636363636,2,2.5,1.68954001271,0.464623503495,0.245454545455,1.16774841624,0.642261628933,0.336363636364,1.94000937205,1.06700515463,0.536363636364,1.05689877454,0.347276990411,3.54545454545,3.04338842975,1.05689877454,3.54545454545,0.499047619048,0.4,8,0.0484848484848,0.255555555556,11,11,11,1,0,0.0909090909091,0.636363636364,0.272727272727,11,0.118181818182,3.72727272727,2.36363636364,1.3,1.625,1.43336856898,0.6064251638,0.286713286713,0.603022689156,0.510249967747,0.237762237762,1.40129809949,1.18571377649,0.503496503497,2.05382127221,0.551025219373,7,3.72727272727,2.05382127221,7,0,0,0,0,0.22962962963,11,11,11,1,0,0.0909090909091,0.636363636364,0.272727272727,11,16,0.145454545455,3.25,2.90909090909,1.6,2,1.22102788294,0.41972833476,0.181818181818,0.687551650952,0.47269176003,0.227272727273,1.50755672289,1.03644524699,0.511363636364,1.3758835545,0.423348786001,4.66666666667,3.25,1.3758835545,4.66666666667,0.213333333333,0.176470588235,2,0.0121212121212,0.192592592593,11,11,11,1,0,0.0909090909091,0.636363636364,0.272727272727,-4,-0.0363636363636,0.206611570248,-0.727272727273,-0.4,-0.5,-0.468512129772,-0.0448951687355,-0.0636363636364,-0.48019676529,-0.169569868904,-0.109090909091,-0.43245264916,-0.0305599076407,-0.025,0.318984779967,0.07607179559,1.12121212121,0.206611570248,0.318984779967,1.12121212121,-0.285714285714,-0.223529411765,-6,-0.0363636363636,-0.062962962963,0,0,0,16,0,4,90,0.8,1,0,0.2,1,0.8,0.888888888889,0.875189948987,0.8,0.8,3,7,0,0,0,0
1897,WLNM_dir_neg,0.897959183673,0.609141156463,00:00:01,10,50,11,1175612460,threshold_sweep,0.7,1,0.428571428571,0.6,3,0,4,14,0.428571428571,1,0,0.571428571429,1,0.428571428571,0.6,0.809523809524,0.619047619048,0.5,0.57735026919,0.428571428571,20,13,7,0,20,0,13,0,7,11,20,0.181818181818,3.04338842975,3.63636363636,2,2.5,1.68954001271,0.464623503495,0.245454545455,1.16774841624,0.642261628933,0.336363636364,1.94000937205,1.06700515463,0.536363636364,1.05689877454,0.347276990411,3.54545454545,3.04338842975,1.05689877454,3.54545454545,0.499047619048,0.4,8,0.0484848484848,0.255555555556,11,11,11,1,0,0.0909090909091,0.636363636364,0.272727272727,11,0.118181818182,3.72727272727,2.36363636364,1.3,1.625,1.43336856898,0.6064251638,0.286713286713,0.603022689156,0.510249967747,0.237762237762,1.40129809949,1.18571377649,0.503496503497,2.05382127221,0.551025219373,7,3.72727272727,2.05382127221,7,0,0,0,0,0.22962962963,11,11,11,1,0,0.0909090909091,0.636363636364,0.272727272727,11,16,0.145454545455,3.25,2.90909090909,1.6,2,1.22102788294,0.41972833476,0.181818181818,0.687551650952,0.47269176003,0.227272727273,1.50755672289,1.03644524699,0.511363636364,1.3758835545,0.423348786001,4.66666666667,3.25,1.3758835545,4.66666666667,0.213333333333,0.176470588235,2,0.0121212121212,0.192592592593,11,11,11,1,0,0.0909090909091,0.636363636364,0.272727272727,-4,-0.0363636363636,0.206611570248,-0.727272727273,-0.4,-0.5,-0.468512129772,-0.0448951687355,-0.0636363636364,-0.48019676529,-0.169569868904,-0.109090909091,-0.43245264916,-0.0305599076407,-0.025,0.318984779967,0.07607179559,1.12121212121,0.206611570248,0.318984779967,1.12121212121,-0.285714285714,-0.223529411765,-6,-0.0363636363636,-0.062962962963,0,0,0,16,0,4,90,0.8,1,0,0.2,1,0.8,0.888888888889,0.875189948987,0.8,0.8,3,7,0,0,0,0
1898,WLNM_dir_neg,0.897959183673,0.609141156463,00:00:01,10,50,11,1175612460,threshold_sweep,0.8,1,0.428571428571,0.6,3,0,4,14,0.428571428571,1,0,0.571428571429,1,0.428571428571,0.6,0.809523809524,0.619047619048,0.5,0.57735026919,0.428571428571,20,13,7,0,20,0,13,0,7,11,20,0.181818181818,3.04338842975,3.63636363636,2,2.5,1.68954001271,0.464623503495,0.245454545455,1.16774841624,0.642261628933,0.336363636364,1.94000937205,1.06700515463,0.536363636364,1.05689877454,0.347276990411,3.54545454545,3.04338842975,1.05689877454,3.54545454545,0.499047619048,0.4,8,0.0484848484848,0.255555555556,11,11,11,1,0,0.0909090909091,0.636363636364,0.272727272727,11,0.118181818182,3.72727272727,2.36363636364,1.3,1.625,1.43336856898,0.6064251638,0.286713286713,0.603022689156,0.510249967747,0.237762237762,1.40129809949,1.18571377649,0.503496503497,2.05382127221,0.551025219373,7,3.72727272727,2.05382127221,7,0,0,0,0,0.22962962963,11,11,11,1,0,0.0909090909091,0.636363636364,0.272727272727,11,16,0.145454545455,3.25,2.90909090909,1.6,2,1.22102788294,0.41972833476,0.181818181818,0.687551650952,0.47269176003,0.227272727273,1.50755672289,1.03644524699,0.511363636364,1.3758835545,0.423348786001,4.66666666667,3.25,1.3758835545,4.66666666667,0.213333333333,0.176470588235,2,0.0121212121212,0.192592592593,11,11,11,1,0,0.0909090909091,0.636363636364,0.272727272727,-4,-0.0363636363636,0.206611570248,-0.727272727273,-0.4,-0.5,-0.468512129772,-0.0448951687355,-0.0636363636364,-0.48019676529,-0.169569868904,-0.109090909091,-0.43245264916,-0.0305599076407,-0.025,0.318984779967,0.07607179559,1.12121212121,0.206611570248,0.318984779967,1.12121212121,-0.285714285714,-0.223529411765,-6,-0.0363636363636,-0.062962962963,0,0,0,16,0,4,90,0.8,1,0,0.2,1,0.8,0.888888888889,0.875189948987,0.8,0.8,3,7,0,0,0,0
1899,WLNM_dir_neg,0.897959183673,0.609141156463,00:00:01,10,50,11,1175612460,threshold_sweep,0.9,1,0.428571428571,0.6,3,0,4,14,0.428571428571,1,0,0.571428571429,1,0.428571428571,0.6,0.809523809524,0.619047619048,0.5,0.57735026919,0.428571428571,20,13,7,0,20,0,13,0,7,11,20,0.181818181818,3.04338842975,3.63636363636,2,2.5,1.68954001271,0.464623503495,0.245454545455,1.16774841624,0.642261628933,0.336363636364,1.94000937205,1.06700515463,0.536363636364,1.05689877454,0.347276990411,3.54545454545,3.04338842975,1.05689877454,3.54545454545,0.499047619048,0.4,8,0.0484848484848,0.255555555556,11,11,11,1,0,0.0909090909091,0.636363636364,0.272727272727,11,0.118181818182,3.72727272727,2.36363636364,1.3,1.625,1.43336856898,0.6064251638,0.286713286713,0.603022689156,0.510249967747,0.237762237762,1.40129809949,1.18571377649,0.503496503497,2.05382127221,0.551025219373,7,3.72727272727,2.05382127221,7,0,0,0,0,0.22962962963,11,11,11,1,0,0.0909090909091,0.636363636364,0.272727272727,11,16,0.145454545455,3.25,2.90909090909,1.6,2,1.22102788294,0.41972833476,0.181818181818,0.687551650952,0.47269176003,0.227272727273,1.50755672289,1.03644524699,0.511363636364,1.3758835545,0.423348786001,4.66666666667,3.25,1.3758835545,4.66666666667,0.213333333333,0.176470588235,2,0.0121212121212,0.192592592593,11,11,11,1,0,0.0909090909091,0.636363636364,0.272727272727,-4,-0.0363636363636,0.206611570248,-0.727272727273,-0.4,-0.5,-0.468512129772,-0.0448951687355,-0.0636363636364,-0.48019676529,-0.169569868904,-0.109090909091,-0.43245264916,-0.0305599076407,-0.025,0.318984779967,0.07607179559,1.12121212121,0.206611570248,0.318984779967,1.12121212121,-0.285714285714,-0.223529411765,-6,-0.0363636363636,-0.062962962963,0,0,0,16,0,4,90,0.8,1,0,0.2,1,0.8,0.888888888889,0.875189948987,0.8,0.8,3,7,0,0,0,0
1900,WLNM_dir_neg,0.877551020408,0.713786213786,00:00:02,10,50,12,1175612461,threshold_sweep,0.1,1,0.571428571429,0.727272727273,4,0,3,14,0.571428571429,1,0,0.428571428571,1,0.571428571429,0.727272727273,0.857142857143,0.603174603175,0.64,0.68599434057,0.571428571429,20,13,7,0,20,0,13,0,7,11,20,0.181818181818,3.04338842975,3.63636363636,2,2.5,1.68954001271,0.464623503495,0.245454545455,1.16774841624,0.642261628933,0.336363636364,1.94000937205,1.06700515463,0.536363636364,1.05689877454,0.347276990411,3.54545454545,3.04338842975,1.05689877454,3.54545454545,0.499047619048,0.4,8,0.0484848484848,0.255555555556,11,11,11,1,0,0.0909090909091,0.636363636364,0.272727272727,11,0.118181818182,3.72727272727,2.36363636364,1.3,1.625,1.43336856898,0.6064251638,0.286713286713,0.603022689156,0.510249967747,0.237762237762,1.40129809949,1.18571377649,0.503496503497,2.05382127221,0.551025219373,7,3.72727272727,2.05382127221,7,0,0,0,0,0.22962962963,11,11,11,1,0,0.0909090909091,0.636363636364,0.272727272727,11,17,0.154545454545,3.17727272727,3.09090909091,1.7,2.125,1.30034960334,0.420701342257,0.208556149733,0.820199532265,0.530717344407,0.267379679144,1.57249078621,1.01749403814,0.513368983957,1.2536673475,0.394573414091,4.4,3.17727272727,1.2536673475,4.4,0.213333333333,0.153846153846,2,0.0121212121212,0.205555555556,11,11,11,1,0,0.0909090909091,0.636363636364,0.272727272727,-3,-0.0272727272727,0.133884297521,-0.545454545455,-0.3,-0.375,-0.389190409368,-0.0439221612377,-0.0368983957219,-0.347548883978,-0.111544284527,-0.0689839572193,-0.367518585835,-0.0495111164884,-0.0229946524064,0.196768572961,0.0472964236795,0.854545454545,0.133884297521,0.196768572961,0.854545454545,-0.285714285714,-0.246153846154,-6,-0.0363636363636,-0.05,0,0,0,17,0,3,90,0.85,1,0,0.15,1,0.85,0.918918918919,0.906962317388,0.85,0.85,4,7,0,0,0,0
1901,WLNM_dir_neg,0.877551020408,0.713786213786,00:00:02,10,50,12,1175612461,threshold_sweep,0.2,1,0.571428571429,0.727272727273,4,0,3,14,0.571428571429,1,0,0.428571428571,1,0.571428571429,0.727272727273,0.857142857143,0.603174603175,0.64,0.68599434057,0.571428571429,20,13,7,0,20,0,13,0,7,11,20,0.181818181818,3.04338842975,3.63636363636,2,2.5,1.68954001271,0.464623503495,0.245454545455,1.16774841624,0.642261628933,0.336363636364,1.94000937205,1.06700515463,0.536363636364,1.05689877454,0.347276990411,3.54545454545,3.04338842975,1.05689877454,3.54545454545,0.499047619048,0.4,8,0.0484848484848,0.255555555556,11,11,11,1,0,0.0909090909091,0.636363636364,0.272727272727,11,0.118181818182,3.72727272727,2.36363636364,1.3,1.625,1.43336856898,0.6064251638,0.286713286713,0.603022689156,0.510249967747,0.237762237762,1.40129809949,1.18571377649,0.503496503497,2.05382127221,0.551025219373,7,3.72727272727,2.05382127221,7,0,0,0,0,0.22962962963,11,11,11,1,0,0.0909090909091,0.636363636364,0.272727272727,11,17,0.154545454545,3.17727272727,3.09090909091,1.7,2.125,1.30034960334,0.420701342257,0.208556149733,0.820199532265,0.530717344407,0.267379679144,1.57249078621,1.01749403814,0.513368983957,1.2536673475,0.394573414091,4.4,3.17727272727,1.2536673475,4.4,0.213333333333,0.153846153846,2,0.0121212121212,0.205555555556,11,11,11,1,0,0.0909090909091,0.636363636364,0.272727272727,-3,-0.0272727272727,0.133884297521,-0.545454545455,-0.3,-0.375,-0.389190409368,-0.0439221612377,-0.0368983957219,-0.347548883978,-0.111544284527,-0.0689839572193,-0.367518585835,-0.0495111164884,-0.0229946524064,0.196768572961,0.0472964236795,0.854545454545,0.133884297521,0.196768572961,0.854545454545,-0.285714285714,-0.246153846154,-6,-0.0363636363636,-0.05,0,0,0,17,0,3,90,0.85,1,0,0.15,1,0.85,0.918918918919,0.906962317388,0.85,0.85,4,7,0,0,0,0
1902,WLNM_dir_neg,0.877551020408,0.713786213786,00:00:02,10,50,12,1175612461,threshold_sweep,0.3,1,0.571428571429,0.727272727273,4,0,3,14,0.571428571429,1,0,0.428571428571,1,0.571428571429,0.727272727273,0.857142857143,0.603174603175,0.64,0.68599434057,0.571428571429,20,13,7,0,20,0,13,0,7,11,20,0.181818181818,3.04338842975,3.63636363636,2,2.5,1.68954001271,0.464623503495,0.245454545455,1.16774841624,0.642261628933,0.336363636364,1.94000937205,1.06700515463,0.536363636364,1.05689877454,0.347276990411,3.54545454545,3.04338842975,1.05689877454,3.54545454545,0.499047619048,0.4,8,0.0484848484848,0.255555555556,11,11,11,1,0,0.0909090909091,0.636363636364,0.272727272727,11,0.118181818182,3.72727272727,2.36363636364,1.3,1.625,1.43336856898,0.6064251638,0.286713286713,0.603022689156,0.510249967747,0.237762237762,1.40129809949,1.18571377649,0.503496503497,2.05382127221,0.551025219373,7,3.72727272727,2.05382127221,7,0,0,0,0,0.22962962963,11,11,11,1,0,0.0909090909091,0.636363636364,0.272727272727,11,17,0.154545454545,3.17727272727,3.09090909091,1.7,2.125,1.30034960334,0.420701342257,0.208556149733,0.820199532265,0.530717344407,0.267379679144,1.57249078621,1.01749403814,0.513368983957,1.2536673475,0.394573414091,4.4,3.17727272727,1.2536673475,4.4,0.213333333333,0.153846153846,2,0.0121212121212,0.205555555556,11,11,11,1,0,0.0909090909091,0.636363636364,0.272727272727,-3,-0.0272727272727,0.133884297521,-0.545454545455,-0.3,-0.375,-0.389190409368,-0.0439221612377,-0.0368983957219,-0.347548883978,-0.111544284527,-0.0689839572193,-0.367518585835,-0.0495111164884,-0.0229946524064,0.196768572961,0.0472964236795,0.854545454545,0.133884297521,0.196768572961,0.854545454545,-0.285714285714,-0.246153846154,-6,-0.0363636363636,-0.05,0,0,0,17,0,3,90,0.85,1,0,0.15,1,0.85,0.918918918919,0.906962317388,0.85,0.85,4,7,0,0,0,0
1903,WLNM_dir_neg,0.877551020408,0.713786213786,00:00:02,10,50,12,1175612461,threshold_sweep,0.4,1,0.571428571429,0.727272727273,4,0,3,14,0.571428571429,1,0,0.428571428571,1,0.571428571429,0.727272727273,0.857142857143,0.603174603175,0.64,0.68599434057,0.571428571429,20,13,7,0,20,0,13,0,7,11,20,0.181818181818,3.04338842975,3.63636363636,2,2.5,1.68954001271,0.464623503495,0.245454545455,1.16774841624,0.642261628933,0.336363636364,1.94000937205,1.06700515463,0.536363636364,1.05689877454,0.347276990411,3.54545454545,3.04338842975,1.05689877454,3.54545454545,0.499047619048,0.4,8,0.0484848484848,0.255555555556,11,11,11,1,0,0.0909090909091,0.636363636364,0.272727272727,11,0.118181818182,3.72727272727,2.36363636364,1.3,1.625,1.43336856898,0.6064251638,0.286713286713,0.603022689156,0.510249967747,0.237762237762,1.40129809949,1.18571377649,0.503496503497,2.05382127221,0.551025219373,7,3.72727272727,2.05382127221,7,0,0,0,0,0.22962962963,11,11,11,1,0,0.0909090909091,0.636363636364,0.272727272727,11,17,0.154545454545,3.17727272727,3.09090909091,1.7,2.125,1.30034960334,0.420701342257,0.208556149733,0.820199532265,0.530717344407,0.267379679144,1.57249078621,1.01749403814,0.513368983957,1.2536673475,0.394573414091,4.4,3.17727272727,1.2536673475,4.4,0.213333333333,0.153846153846,2,0.0121212121212,0.205555555556,11,11,11,1,0,0.0909090909091,0.636363636364,0.272727272727,-3,-0.0272727272727,0.133884297521,-0.545454545455,-0.3,-0.375,-0.389190409368,-0.0439221612377,-0.0368983957219,-0.347548883978,-0.111544284527,-0.0689839572193,-0.367518585835,-0.0495111164884,-0.0229946524064,0.196768572961,0.0472964236795,0.854545454545,0.133884297521,0.196768572961,0.854545454545,-0.285714285714,-0.246153846154,-6,-0.0363636363636,-0.05,0,0,0,17,0,3,90,0.85,1,0,0.15,1,0.85,0.918918918919,0.906962317388,0.85,0.85,4,7,0,0,0,0
1904,WLNM_dir_neg,0.877551020408,0.713786213786,00:00:02,10,50,12,1175612461,threshold_sweep,0.5,1,0.571428571429,0.727272727273,4,0,3,14,0.571428571429,1,0,0.428571428571,1,0.571428571429,0.727272727273,0.857142857143,0.603174603175,0.64,0.68599434057,0.571428571429,20,13,7,0,20,0,13,0,7,11,20,0.181818181818,3.04338842975,3.63636363636,2,2.5,1.68954001271,0.464623503495,0.245454545455,1.16774841624,0.642261628933,0.336363636364,1.94000937205,1.06700515463,0.536363636364,1.05689877454,0.347276990411,3.54545454545,3.04338842975,1.05689877454,3.54545454545,0.499047619048,0.4,8,0.0484848484848,0.255555555556,11,11,11,1,0,0.0909090909091,0.636363636364,0.272727272727,11,0.118181818182,3.72727272727,2.36363636364,1.3,1.625,1.43336856898,0.6064251638,0.286713286713,0.603022689156,0.510249967747,0.237762237762,1.40129809949,1.18571377649,0.503496503497,2.05382127221,0.551025219373,7,3.72727272727,2.05382127221,7,0,0,0,0,0.22962962963,11,11,11,1,0,0.0909090909091,0.636363636364,0.272727272727,11,17,0.154545454545,3.17727272727,3.09090909091,1.7,2.125,1.30034960334,0.420701342257,0.208556149733,0.820199532265,0.530717344407,0.267379679144,1.57249078621,1.01749403814,0.513368983957,1.2536673475,0.394573414091,4.4,3.17727272727,1.2536673475,4.4,0.213333333333,0.153846153846,2,0.0121212121212,0.205555555556,11,11,11,1,0,0.0909090909091,0.636363636364,0.272727272727,-3,-0.0272727272727,0.133884297521,-0.545454545455,-0.3,-0.375,-0.389190409368,-0.0439221612377,-0.0368983957219,-0.347548883978,-0.111544284527,-0.0689839572193,-0.367518585835,-0.0495111164884,-0.0229946524064,0.196768572961,0.0472964236795,0.854545454545,0.133884297521,0.196768572961,0.854545454545,-0.285714285714,-0.246153846154,-6,-0.0363636363636,-0.05,0,0,0,17,0,3,90,0.85,1,0,0.15,1,0.85,0.918918918919,0.906962317388,0.85,0.85,4,7,0,0,0,0
1905,WLNM_dir_neg,0.877551020408,0.713786213786,00:00:02,10,50,12,1175612461,threshold_sweep,0.6,1,0.571428571429,0.727272727273,4,0,3,14,0.571428571429,1,0,0.428571428571,1,0.571428571429,0.727272727273,0.857142857143,0.603174603175,0.64,0.68599434057,0.571428571429,20,13,7,0,20,0,13,0,7,11,20,0.181818181818,3.04338842975,3.63636363636,2,2.5,1.68954001271,0.464623503495,0.245454545455,1.16774841624,0.642261628933,0.336363636364,1.94000937205,1.06700515463,0.536363636364,1.05689877454,0.347276990411,3.54545454545,3.04338842975,1.05689877454,3.54545454545,0.499047619048,0.4,8,0.0484848484848,0.255555555556,11,11,11,1,0,0.0909090909091,0.636363636364,0.272727272727,11,0.118181818182,3.72727272727,2.36363636364,1.3,1.625,1.43336856898,0.6064251638,0.286713286713,0.603022689156,0.510249967747,0.237762237762,1.40129809949,1.18571377649,0.503496503497,2.05382127221,0.551025219373,7,3.72727272727,2.05382127221,7,0,0,0,0,0.22962962963,11,11,11,1,0,0.0909090909091,0.636363636364,0.272727272727,11,17,0.154545454545,3.17727272727,3.09090909091,1.7,2.125,1.30034960334,0.420701342257,0.208556149733,0.820199532265,0.530717344407,0.267379679144,1.57249078621,1.01749403814,0.513368983957,1.2536673475,0.394573414091,4.4,3.17727272727,1.2536673475,4.4,0.213333333333,0.153846153846,2,0.0121212121212,0.205555555556,11,11,11,1,0,0.0909090909091,0.636363636364,0.272727272727,-3,-0.0272727272727,0.133884297521,-0.545454545455,-0.3,-0.375,-0.389190409368,-0.0439221612377,-0.0368983957219,-0.347548883978,-0.111544284527,-0.0689839572193,-0.367518585835,-0.0495111164884,-0.0229946524064,0.196768572961,0.0472964236795,0.854545454545,0.133884297521,0.196768572961,0.854545454545,-0.285714285714,-0.246153846154,-6,-0.0363636363636,-0.05,0,0,0,17,0,3,90,0.85,1,0,0.15,1,0.85,0.918918918919,0.906962317388,0.85,0.85,4,7,0,0,0,0
1906,WLNM_dir_neg,0.877551020408,0.713786213786,00:00:02,10,50,12,1175612461,threshold_sweep,0.7,1,0.571428571429,0.727272727273,4,0,3,14,0.571428571429,1,0,0.428571428571,1,0.571428571429,0.727272727273,0.857142857143,0.603174603175,0.64,0.68599434057,0.571428571429,20,13,7,0,20,0,13,0,7,11,20,0.181818181818,3.04338842975,3.63636363636,2,2.5,1.68954001271,0.464623503495,0.245454545455,1.16774841624,0.642261628933,0.336363636364,1.94000937205,1.06700515463,0.536363636364,1.05689877454,0.347276990411,3.54545454545,3.04338842975,1.05689877454,3.54545454545,0.499047619048,0.4,8,0.0484848484848,0.255555555556,11,11,11,1,0,0.0909090909091,0.636363636364,0.272727272727,11,0.118181818182,3.72727272727,2.36363636364,1.3,1.625,1.43336856898,0.6064251638,0.286713286713,0.603022689156,0.510249967747,0.237762237762,1.40129809949,1.18571377649,0.503496503497,2.05382127221,0.551025219373,7,3.72727272727,2.05382127221,7,0,0,0,0,0.22962962963,11,11,11,1,0,0.0909090909091,0.636363636364,0.272727272727,11,17,0.154545454545,3.17727272727,3.09090909091,1.7,2.125,1.30034960334,0.420701342257,0.208556149733,0.820199532265,0.530717344407,0.267379679144,1.57249078621,1.01749403814,0.513368983957,1.2536673475,0.394573414091,4.4,3.17727272727,1.2536673475,4.4,0.213333333333,0.153846153846,2,0.0121212121212,0.205555555556,11,11,11,1,0,0.0909090909091,0.636363636364,0.272727272727,-3,-0.0272727272727,0.133884297521,-0.545454545455,-0.3,-0.375,-0.389190409368,-0.0439221612377,-0.0368983957219,-0.347548883978,-0.111544284527,-0.0689839572193,-0.367518585835,-0.0495111164884,-0.0229946524064,0.196768572961,0.0472964236795,0.854545454545,0.133884297521,0.196768572961,0.854545454545,-0.285714285714,-0.246153846154,-6,-0.0363636363636,-0.05,0,0,0,17,0,3,90,0.85,1,0,0.15,1,0.85,0.918918918919,0.906962317388,0.85,0.85,4,7,0,0,0,0
1907,WLNM_dir_neg,0.877551020408,0.713786213786,00:00:02,10,50,12,1175612461,threshold_sweep,0.8,1,0.571428571429,0.727272727273,4,0,3,14,0.571428571429,1,0,0.428571428571,1,0.571428571429,0.727272727273,0.857142857143,0.603174603175,0.64,0.68599434057,0.571428571429,20,13,7,0,20,0,13,0,7,11,20,0.181818181818,3.04338842975,3.63636363636,2,2.5,1.68954001271,0.464623503495,0.245454545455,1.16774841624,0.642261628933,0.336363636364,1.94000937205,1.06700515463,0.536363636364,1.05689877454,0.347276990411,3.54545454545,3.04338842975,1.05689877454,3.54545454545,0.499047619048,0.4,8,0.0484848484848,0.255555555556,11,11,11,1,0,0.0909090909091,0.636363636364,0.272727272727,11,0.118181818182,3.72727272727,2.36363636364,1.3,1.625,1.43336856898,0.6064251638,0.286713286713,0.603022689156,0.510249967747,0.237762237762,1.40129809949,1.18571377649,0.503496503497,2.05382127221,0.551025219373,7,3.72727272727,2.05382127221,7,0,0,0,0,0.22962962963,11,11,11,1,0,0.0909090909091,0.636363636364,0.272727272727,11,17,0.154545454545,3.17727272727,3.09090909091,1.7,2.125,1.30034960334,0.420701342257,0.208556149733,0.820199532265,0.530717344407,0.267379679144,1.57249078621,1.01749403814,0.513368983957,1.2536673475,0.394573414091,4.4,3.17727272727,1.2536673475,4.4,0.213333333333,0.153846153846,2,0.0121212121212,0.205555555556,11,11,11,1,0,0.0909090909091,0.636363636364,0.272727272727,-3,-0.0272727272727,0.133884297521,-0.545454545455,-0.3,-0.375,-0.389190409368,-0.0439221612377,-0.0368983957219,-0.347548883978,-0.111544284527,-0.0689839572193,-0.367518585835,-0.0495111164884,-0.0229946524064,0.196768572961,0.0472964236795,0.854545454545,0.133884297521,0.196768572961,0.854545454545,-0.285714285714,-0.246153846154,-6,-0.0363636363636,-0.05,0,0,0,17,0,3,90,0.85,1,0,0.15,1,0.85,0.918918918919,0.906962317388,0.85,0.85,4,7,0,0,0,0
1908,WLNM_dir_neg,0.877551020408,0.713786213786,00:00:02,10,50,12,1175612461,threshold_sweep,0.9,1,0.571428571429,0.727272727273,4,0,3,14,0.571428571429,1,0,0.428571428571,1,0.571428571429,0.727272727273,0.857142857143,0.603174603175,0.64,0.68599434057,0.571428571429,20,13,7,0,20,0,13,0,7,11,20,0.181818181818,3.04338842975,3.63636363636,2,2.5,1.68954001271,0.464623503495,0.245454545455,1.16774841624,0.642261628933,0.336363636364,1.94000937205,1.06700515463,0.536363636364,1.05689877454,0.347276990411,3.54545454545,3.04338842975,1.05689877454,3.54545454545,0.499047619048,0.4,8,0.0484848484848,0.255555555556,11,11,11,1,0,0.0909090909091,0.636363636364,0.272727272727,11,0.118181818182,3.72727272727,2.36363636364,1.3,1.625,1.43336856898,0.6064251638,0.286713286713,0.603022689156,0.510249967747,0.237762237762,1.40129809949,1.18571377649,0.503496503497,2.05382127221,0.551025219373,7,3.72727272727,2.05382127221,7,0,0,0,0,0.22962962963,11,11,11,1,0,0.0909090909091,0.636363636364,0.272727272727,11,17,0.154545454545,3.17727272727,3.09090909091,1.7,2.125,1.30034960334,0.420701342257,0.208556149733,0.820199532265,0.530717344407,0.267379679144,1.57249078621,1.01749403814,0.513368983957,1.2536673475,0.394573414091,4.4,3.17727272727,1.2536673475,4.4,0.213333333333,0.153846153846,2,0.0121212121212,0.205555555556,11,11,11,1,0,0.0909090909091,0.636363636364,0.272727272727,-3,-0.0272727272727,0.133884297521,-0.545454545455,-0.3,-0.375,-0.389190409368,-0.0439221612377,-0.0368983957219,-0.347548883978,-0.111544284527,-0.0689839572193,-0.367518585835,-0.0495111164884,-0.0229946524064,0.196768572961,0.0472964236795,0.854545454545,0.133884297521,0.196768572961,0.854545454545,-0.285714285714,-0.246153846154,-6,-0.0363636363636,-0.05,0,0,0,17,0,3,90,0.85,1,0,0.15,1,0.85,0.918918918919,0.906962317388,0.85,0.85,4,7,0,0,0,0
1909,WLNM_dir_neg,0.84693877551,0.522974644403,00:00:00,10,50,13,1175612462,threshold_sweep,0.1,1,0.571428571429,0.727272727273,4,0,3,14,0.571428571429,1,0,0.428571428571,1,0.571428571429,0.727272727273,0.857142857143,0.603174603175,0.64,0.68599434057,0.571428571429,20,13,7,0,20,0,13,0,7,11,20,0.181818181818,3.04338842975,3.63636363636,2,2.5,1.68954001271,0.464623503495,0.245454545455,1.16774841624,0.642261628933,0.336363636364,1.94000937205,1.06700515463,0.536363636364,1.05689877454,0.347276990411,3.54545454545,3.04338842975,1.05689877454,3.54545454545,0.499047619048,0.4,8,0.0484848484848,0.255555555556,11,11,11,1,0,0.0909090909091,0.636363636364,0.272727272727,11,0.118181818182,3.72727272727,2.36363636364,1.3,1.625,1.43336856898,0.6064251638,0.286713286713,0.603022689156,0.510249967747,0.237762237762,1.40129809949,1.18571377649,0.503496503497,2.05382127221,0.551025219373,7,3.72727272727,2.05382127221,7,0,0,0,0,0.22962962963,11,11,11,1,0,0.0909090909091,0.636363636364,0.272727272727,11,17,0.154545454545,3.17727272727,3.09090909091,1.7,2.125,1.30034960334,0.420701342257,0.208556149733,0.820199532265,0.530717344407,0.267379679144,1.57249078621,1.01749403814,0.513368983957,1.2536673475,0.394573414091,4.4,3.17727272727,1.2536673475,4.4,0.213333333333,0.153846153846,2,0.0121212121212,0.205555555556,11,11,11,1,0,0.0909090909091,0.636363636364,0.272727272727,-3,-0.0272727272727,0.133884297521,-0.545454545455,-0.3,-0.375,-0.389190409368,-0.0439221612377,-0.0368983957219,-0.347548883978,-0.111544284527,-0.0689839572193,-0.367518585835,-0.0495111164884,-0.0229946524064,0.196768572961,0.0472964236795,0.854545454545,0.133884297521,0.196768572961,0.854545454545,-0.285714285714,-0.246153846154,-6,-0.0363636363636,-0.05,0,0,0,17,0,3,90,0.85,1,0,0.15,1,0.85,0.918918918919,0.906962317388,0.85,0.85,4,7,0,0,0,0
1910,WLNM_dir_neg,0.84693877551,0.522974644403,00:00:00,10,50,13,1175612462,threshold_sweep,0.2,1,0.571428571429,0.727272727273,4,0,3,14,0.571428571429,1,0,0.428571428571,1,0.571428571429,0.727272727273,0.857142857143,0.603174603175,0.64,0.68599434057,0.571428571429,20,13,7,0,20,0,13,0,7,11,20,0.181818181818,3.04338842975,3.63636363636,2,2.5,1.68954001271,0.464623503495,0.245454545455,1.16774841624,0.642261628933,0.336363636364,1.94000937205,1.06700515463,0.536363636364,1.05689877454,0.347276990411,3.54545454545,3.04338842975,1.05689877454,3.54545454545,0.499047619048,0.4,8,0.0484848484848,0.255555555556,11,11,11,1,0,0.0909090909091,0.636363636364,0.272727272727,11,0.118181818182,3.72727272727,2.36363636364,1.3,1.625,1.43336856898,0.6064251638,0.286713286713,0.603022689156,0.510249967747,0.237762237762,1.40129809949,1.18571377649,0.503496503497,2.05382127221,0.551025219373,7,3.72727272727,2.05382127221,7,0,0,0,0,0.22962962963,11,11,11,1,0,0.0909090909091,0.636363636364,0.272727272727,11,17,0.154545454545,3.17727272727,3.09090909091,1.7,2.125,1.30034960334,0.420701342257,0.208556149733,0.820199532265,0.530717344407,0.267379679144,1.57249078621,1.01749403814,0.513368983957,1.2536673475,0.394573414091,4.4,3.17727272727,1.2536673475,4.4,0.213333333333,0.153846153846,2,0.0121212121212,0.205555555556,11,11,11,1,0,0.0909090909091,0.636363636364,0.272727272727,-3,-0.0272727272727,0.133884297521,-0.545454545455,-0.3,-0.375,-0.389190409368,-0.0439221612377,-0.0368983957219,-0.347548883978,-0.111544284527,-0.0689839572193,-0.367518585835,-0.0495111164884,-0.0229946524064,0.196768572961,0.0472964236795,0.854545454545,0.133884297521,0.196768572961,0.854545454545,-0.285714285714,-0.246153846154,-6,-0.0363636363636,-0.05,0,0,0,17,0,3,90,0.85,1,0,0.15,1,0.85,0.918918918919,0.906962317388,0.85,0.85,4,7,0,0,0,0
1911,WLNM_dir_neg,0.84693877551,0.522974644403,00:00:00,10,50,13,1175612462,threshold_sweep,0.3,1,0.571428571429,0.727272727273,4,0,3,14,0.571428571429,1,0,0.428571428571,1,0.571428571429,0.727272727273,0.857142857143,0.603174603175,0.64,0.68599434057,0.571428571429,20,13,7,0,20,0,13,0,7,11,20,0.181818181818,3.04338842975,3.63636363636,2,2.5,1.68954001271,0.464623503495,0.245454545455,1.16774841624,0.642261628933,0.336363636364,1.94000937205,1.06700515463,0.536363636364,1.05689877454,0.347276990411,3.54545454545,3.04338842975,1.05689877454,3.54545454545,0.499047619048,0.4,8,0.0484848484848,0.255555555556,11,11,11,1,0,0.0909090909091,0.636363636364,0.272727272727,11,0.118181818182,3.72727272727,2.36363636364,1.3,1.625,1.43336856898,0.6064251638,0.286713286713,0.603022689156,0.510249967747,0.237762237762,1.40129809949,1.18571377649,0.503496503497,2.05382127221,0.551025219373,7,3.72727272727,2.05382127221,7,0,0,0,0,0.22962962963,11,11,11,1,0,0.0909090909091,0.636363636364,0.272727272727,11,17,0.154545454545,3.17727272727,3.09090909091,1.7,2.125,1.30034960334,0.420701342257,0.208556149733,0.820199532265,0.530717344407,0.267379679144,1.57249078621,1.01749403814,0.513368983957,1.2536673475,0.394573414091,4.4,3.17727272727,1.2536673475,4.4,0.213333333333,0.153846153846,2,0.0121212121212,0.205555555556,11,11,11,1,0,0.0909090909091,0.636363636364,0.272727272727,-3,-0.0272727272727,0.133884297521,-0.545454545455,-0.3,-0.375,-0.389190409368,-0.0439221612377,-0.0368983957219,-0.347548883978,-0.111544284527,-0.0689839572193,-0.367518585835,-0.0495111164884,-0.0229946524064,0.196768572961,0.0472964236795,0.854545454545,0.133884297521,0.196768572961,0.854545454545,-0.285714285714,-0.246153846154,-6,-0.0363636363636,-0.05,0,0,0,17,0,3,90,0.85,1,0,0.15,1,0.85,0.918918918919,0.906962317388,0.85,0.85,4,7,0,0,0,0
1912,WLNM_dir_neg,0.84693877551,0.522974644403,00:00:00,10,50,13,1175612462,threshold_sweep,0.4,1,0.571428571429,0.727272727273,4,0,3,14,0.571428571429,1,0,0.428571428571,1,0.571428571429,0.727272727273,0.857142857143,0.603174603175,0.64,0.68599434057,0.571428571429,20,13,7,0,20,0,13,0,7,11,20,0.181818181818,3.04338842975,3.63636363636,2,2.5,1.68954001271,0.464623503495,0.245454545455,1.16774841624,0.642261628933,0.336363636364,1.94000937205,1.06700515463,0.536363636364,1.05689877454,0.347276990411,3.54545454545,3.04338842975,1.05689877454,3.54545454545,0.499047619048,0.4,8,0.0484848484848,0.255555555556,11,11,11,1,0,0.0909090909091,0.636363636364,0.272727272727,11,0.118181818182,3.72727272727,2.36363636364,1.3,1.625,1.43336856898,0.6064251638,0.286713286713,0.603022689156,0.510249967747,0.237762237762,1.40129809949,1.18571377649,0.503496503497,2.05382127221,0.551025219373,7,3.72727272727,2.05382127221,7,0,0,0,0,0.22962962963,11,11,11,1,0,0.0909090909091,0.636363636364,0.272727272727,11,17,0.154545454545,3.17727272727,3.09090909091,1.7,2.125,1.30034960334,0.420701342257,0.208556149733,0.820199532265,0.530717344407,0.267379679144,1.57249078621,1.01749403814,0.513368983957,1.2536673475,0.394573414091,4.4,3.17727272727,1.2536673475,4.4,0.213333333333,0.153846153846,2,0.0121212121212,0.205555555556,11,11,11,1,0,0.0909090909091,0.636363636364,0.272727272727,-3,-0.0272727272727,0.133884297521,-0.545454545455,-0.3,-0.375,-0.389190409368,-0.0439221612377,-0.0368983957219,-0.347548883978,-0.111544284527,-0.0689839572193,-0.367518585835,-0.0495111164884,-0.0229946524064,0.196768572961,0.0472964236795,0.854545454545,0.133884297521,0.196768572961,0.854545454545,-0.285714285714,-0.246153846154,-6,-0.0363636363636,-0.05,0,0,0,17,0,3,90,0.85,1,0,0.15,1,0.85,0.918918918919,0.906962317388,0.85,0.85,4,7,0,0,0,0
1913,WLNM_dir_neg,0.84693877551,0.522974644403,00:00:00,10,50,13,1175612462,threshold_sweep,0.5,1,0.571428571429,0.727272727273,4,0,3,14,0.571428571429,1,0,0.428571428571,1,0.571428571429,0.727272727273,0.857142857143,0.603174603175,0.64,0.68599434057,0.571428571429,20,13,7,0,20,0,13,0,7,11,20,0.181818181818,3.04338842975,3.63636363636,2,2.5,1.68954001271,0.464623503495,0.245454545455,1.16774841624,0.642261628933,0.336363636364,1.94000937205,1.06700515463,0.536363636364,1.05689877454,0.347276990411,3.54545454545,3.04338842975,1.05689877454,3.54545454545,0.499047619048,0.4,8,0.0484848484848,0.255555555556,11,11,11,1,0,0.0909090909091,0.636363636364,0.272727272727,11,0.118181818182,3.72727272727,2.36363636364,1.3,1.625,1.43336856898,0.6064251638,0.286713286713,0.603022689156,0.510249967747,0.237762237762,1.40129809949,1.18571377649,0.503496503497,2.05382127221,0.551025219373,7,3.72727272727,2.05382127221,7,0,0,0,0,0.22962962963,11,11,11,1,0,0.0909090909091,0.636363636364,0.272727272727,11,17,0.154545454545,3.17727272727,3.09090909091,1.7,2.125,1.30034960334,0.420701342257,0.208556149733,0.820199532265,0.530717344407,0.267379679144,1.57249078621,1.01749403814,0.513368983957,1.2536673475,0.394573414091,4.4,3.17727272727,1.2536673475,4.4,0.213333333333,0.153846153846,2,0.0121212121212,0.205555555556,11,11,11,1,0,0.0909090909091,0.636363636364,0.272727272727,-3,-0.0272727272727,0.133884297521,-0.545454545455,-0.3,-0.375,-0.389190409368,-0.0439221612377,-0.0368983957219,-0.347548883978,-0.111544284527,-0.0689839572193,-0.367518585835,-0.0495111164884,-0.0229946524064,0.196768572961,0.0472964236795,0.854545454545,0.133884297521,0.196768572961,0.854545454545,-0.285714285714,-0.246153846154,-6,-0.0363636363636,-0.05,0,0,0,17,0,3,90,0.85,1,0,0.15,1,0.85,0.918918918919,0.906962317388,0.85,0.85,4,7,0,0,0,0
1914,WLNM_dir_neg,0.84693877551,0.522974644403,00:00:00,10,50,13,1175612462,threshold_sweep,0.6,1,0.571428571429,0.727272727273,4,0,3,14,0.571428571429,1,0,0.428571428571,1,0.571428571429,0.727272727273,0.857142857143,0.603174603175,0.64,0.68599434057,0.571428571429,20,13,7,0,20,0,13,0,7,11,20,0.181818181818,3.04338842975,3.63636363636,2,2.5,1.68954001271,0.464623503495,0.245454545455,1.16774841624,0.642261628933,0.336363636364,1.94000937205,1.06700515463,0.536363636364,1.05689877454,0.347276990411,3.54545454545,3.04338842975,1.05689877454,3.54545454545,0.499047619048,0.4,8,0.0484848484848,0.255555555556,11,11,11,1,0,0.0909090909091,0.636363636364,0.272727272727,11,0.118181818182,3.72727272727,2.36363636364,1.3,1.625,1.43336856898,0.6064251638,0.286713286713,0.603022689156,0.510249967747,0.237762237762,1.40129809949,1.18571377649,0.503496503497,2.05382127221,0.551025219373,7,3.72727272727,2.05382127221,7,0,0,0,0,0.22962962963,11,11,11,1,0,0.0909090909091,0.636363636364,0.272727272727,11,17,0.154545454545,3.17727272727,3.09090909091,1.7,2.125,1.30034960334,0.420701342257,0.208556149733,0.820199532265,0.530717344407,0.267379679144,1.57249078621,1.01749403814,0.513368983957,1.2536673475,0.394573414091,4.4,3.17727272727,1.2536673475,4.4,0.213333333333,0.153846153846,2,0.0121212121212,0.205555555556,11,11,11,1,0,0.0909090909091,0.636363636364,0.272727272727,-3,-0.0272727272727,0.133884297521,-0.545454545455,-0.3,-0.375,-0.389190409368,-0.0439221612377,-0.0368983957219,-0.347548883978,-0.111544284527,-0.0689839572193,-0.367518585835,-0.0495111164884,-0.0229946524064,0.196768572961,0.0472964236795,0.854545454545,0.133884297521,0.196768572961,0.854545454545,-0.285714285714,-0.246153846154,-6,-0.0363636363636,-0.05,0,0,0,17,0,3,90,0.85,1,0,0.15,1,0.85,0.918918918919,0.906962317388,0.85,0.85,4,7,0,0,0,0
1915,WLNM_dir_neg,0.84693877551,0.522974644403,00:00:00,10,50,13,1175612462,threshold_sweep,0.7,1,0.571428571429,0.727272727273,4,0,3,14,0.571428571429,1,0,0.428571428571,1,0.571428571429,0.727272727273,0.857142857143,0.603174603175,0.64,0.68599434057,0.571428571429,20,13,7,0,20,0,13,0,7,11,20,0.181818181818,3.04338842975,3.63636363636,2,2.5,1.68954001271,0.464623503495,0.245454545455,1.16774841624,0.642261628933,0.336363636364,1.94000937205,1.06700515463,0.536363636364,1.05689877454,0.347276990411,3.54545454545,3.04338842975,1.05689877454,3.54545454545,0.499047619048,0.4,8,0.0484848484848,0.255555555556,11,11,11,1,0,0.0909090909091,0.636363636364,0.272727272727,11,0.118181818182,3.72727272727,2.36363636364,1.3,1.625,1.43336856898,0.6064251638,0.286713286713,0.603022689156,0.510249967747,0.237762237762,1.40129809949,1.18571377649,0.503496503497,2.05382127221,0.551025219373,7,3.72727272727,2.05382127221,7,0,0,0,0,0.22962962963,11,11,11,1,0,0.0909090909091,0.636363636364,0.272727272727,11,17,0.154545454545,3.17727272727,3.09090909091,1.7,2.125,1.30034960334,0.420701342257,0.208556149733,0.820199532265,0.530717344407,0.267379679144,1.57249078621,1.01749403814,0.513368983957,1.2536673475,0.394573414091,4.4,3.17727272727,1.2536673475,4.4,0.213333333333,0.153846153846,2,0.0121212121212,0.205555555556,11,11,11,1,0,0.0909090909091,0.636363636364,0.272727272727,-3,-0.0272727272727,0.133884297521,-0.545454545455,-0.3,-0.375,-0.389190409368,-0.0439221612377,-0.0368983957219,-0.347548883978,-0.111544284527,-0.0689839572193,-0.367518585835,-0.0495111164884,-0.0229946524064,0.196768572961,0.0472964236795,0.854545454545,0.133884297521,0.196768572961,0.854545454545,-0.285714285714,-0.246153846154,-6,-0.0363636363636,-0.05,0,0,0,17,0,3,90,0.85,1,0,0.15,1,0.85,0.918918918919,0.906962317388,0.85,0.85,4,7,0,0,0,0
1916,WLNM_dir_neg,0.84693877551,0.522974644403,00:00:00,10,50,13,1175612462,threshold_sweep,0.8,1,0.428571428571,0.6,3,0,4,14,0.428571428571,1,0,0.571428571429,1,0.428571428571,0.6,0.809523809524,0.619047619048,0.5,0.57735026919,0.428571428571,20,13,7,0,20,0,13,0,7,11,20,0.181818181818,3.04338842975,3.63636363636,2,2.5,1.68954001271,0.464623503495,0.245454545455,1.16774841624,0.642261628933,0.336363636364,1.94000937205,1.06700515463,0.536363636364,1.05689877454,0.347276990411,3.54545454545,3.04338842975,1.05689877454,3.54545454545,0.499047619048,0.4,8,0.0484848484848,0.255555555556,11,11,11,1,0,0.0909090909091,0.636363636364,0.272727272727,11,0.118181818182,3.72727272727,2.36363636364,1.3,1.625,1.43336856898,0.6064251638,0.286713286713,0.603022689156,0.510249967747,0.237762237762,1.40129809949,1.18571377649,0.503496503497,2.05382127221,0.551025219373,7,3.72727272727,2.05382127221,7,0,0,0,0,0.22962962963,11,11,11,1,0,0.0909090909091,0.636363636364,0.272727272727,11,16,0.145454545455,3.25,2.90909090909,1.6,2,1.22102788294,0.41972833476,0.181818181818,0.687551650952,0.47269176003,0.227272727273,1.50755672289,1.03644524699,0.511363636364,1.3758835545,0.423348786001,4.66666666667,3.25,1.3758835545,4.66666666667,0.213333333333,0.176470588235,2,0.0121212121212,0.192592592593,11,11,11,1,0,0.0909090909091,0.636363636364,0.272727272727,-4,-0.0363636363636,0.206611570248,-0.727272727273,-0.4,-0.5,-0.468512129772,-0.0448951687355,-0.0636363636364,-0.48019676529,-0.169569868904,-0.109090909091,-0.43245264916,-0.0305599076407,-0.025,0.318984779967,0.07607179559,1.12121212121,0.206611570248,0.318984779967,1.12121212121,-0.285714285714,-0.223529411765,-6,-0.0363636363636,-0.062962962963,0,0,0,16,0,4,90,0.8,1,0,0.2,1,0.8,0.888888888889,0.875189948987,0.8,0.8,3,7,0,0,0,0
1917,WLNM_dir_neg,0.84693877551,0.522974644403,00:00:00,10,50,13,1175612462,threshold_sweep,0.9,1,0.428571428571,0.6,3,0,4,14,0.428571428571,1,0,0.571428571429,1,0.428571428571,0.6,0.809523809524,0.619047619048,0.5,0.57735026919,0.428571428571,20,13,7,0,20,0,13,0,7,11,20,0.181818181818,3.04338842975,3.63636363636,2,2.5,1.68954001271,0.464623503495,0.245454545455,1.16774841624,0.642261628933,0.336363636364,1.94000937205,1.06700515463,0.536363636364,1.05689877454,0.347276990411,3.54545454545,3.04338842975,1.05689877454,3.54545454545,0.499047619048,0.4,8,0.0484848484848,0.255555555556,11,11,11,1,0,0.0909090909091,0.636363636364,0.272727272727,11,0.118181818182,3.72727272727,2.36363636364,1.3,1.625,1.43336856898,0.6064251638,0.286713286713,0.603022689156,0.510249967747,0.237762237762,1.40129809949,1.18571377649,0.503496503497,2.05382127221,0.551025219373,7,3.72727272727,2.05382127221,7,0,0,0,0,0.22962962963,11,11,11,1,0,0.0909090909091,0.636363636364,0.272727272727,11,16,0.145454545455,3.25,2.90909090909,1.6,2,1.22102788294,0.41972833476,0.181818181818,0.687551650952,0.47269176003,0.227272727273,1.50755672289,1.03644524699,0.511363636364,1.3758835545,0.423348786001,4.66666666667,3.25,1.3758835545,4.66666666667,0.213333333333,0.176470588235,2,0.0121212121212,0.192592592593,11,11,11,1,0,0.0909090909091,0.636363636364,0.272727272727,-4,-0.0363636363636,0.206611570248,-0.727272727273,-0.4,-0.5,-0.468512129772,-0.0448951687355,-0.0636363636364,-0.48019676529,-0.169569868904,-0.109090909091,-0.43245264916,-0.0305599076407,-0.025,0.318984779967,0.07607179559,1.12121212121,0.206611570248,0.318984779967,1.12121212121,-0.285714285714,-0.223529411765,-6,-0.0363636363636,-0.062962962963,0,0,0,16,0,4,90,0.8,1,0,0.2,1,0.8,0.888888888889,0.875189948987,0.8,0.8,3,7,0,0,0,0
1918,WLNM_dir_neg,0.897959183673,0.739965986395,00:00:01,10,50,14,1175612463,threshold_sweep,0.1,0.714285714286,0.714285714286,0.714285714286,5,2,2,12,0.714285714286,0.857142857143,0.142857142857,0.285714285714,0.714285714286,0.714285714286,0.714285714286,0.809523809524,0.555555555556,0.571428571429,0.571428571429,0.571428571429,20,13,7,0,20,0,13,0,7,11,20,0.181818181818,3.04338842975,3.63636363636,2,2.5,1.68954001271,0.464623503495,0.245454545455,1.16774841624,0.642261628933,0.336363636364,1.94000937205,1.06700515463,0.536363636364,1.05689877454,0.347276990411,3.54545454545,3.04338842975,1.05689877454,3.54545454545,0.499047619048,0.4,8,0.0484848484848,0.255555555556,11,11,11,1,0,0.0909090909091,0.636363636364,0.272727272727,11,0.118181818182,3.72727272727,2.36363636364,1.3,1.625,1.43336856898,0.6064251638,0.286713286713,0.603022689156,0.510249967747,0.237762237762,1.40129809949,1.18571377649,0.503496503497,2.05382127221,0.551025219373,7,3.72727272727,2.05382127221,7,0,0,0,0,0.22962962963,11,11,11,1,0,0.0909090909091,0.636363636364,0.272727272727,11,20,0.181818181818,4.81818181818,3.63636363636,2,2.5,1.74772579501,0.480624593628,0.25,0.981649817214,0.539907399468,0.281818181818,1.8877596149,1.03826778819,0.527272727273,1.64108203711,0.34060193223,5.875,4.81818181818,1.64108203711,5.875,0.39,0.294117647059,5,0.030303030303,0.229259259259,11,11,11,1,0,0.0909090909091,0.636363636364,0.272727272727,0,0,1.77479338843,0,0,0,0.0581857823014,0.0160010901329,0.00454545454545,-0.186098599028,-0.102354229466,-0.0545454545455,-0.0522497571515,-0.0287373664333,-0.00909090909091,0.584183262573,-0.00667505818093,2.32954545455,1.77479338843,0.584183262573,2.32954545455,-0.109047619048,-0.105882352941,-3,-0.0181818181818,-0.0262962962963,0,0,0,18,2,2,88,0.9,0.977777777778,0.0222222222222,0.1,0.9,0.9,0.9,0.877777777778,0.877777777778,0.818181818182,7,7,0,0,0,0
1919,WLNM_dir_neg,0.897959183673,0.739965986395,00:00:01,10,50,14,1175612463,threshold_sweep,0.2,0.714285714286,0.714285714286,0.714285714286,5,2,2,12,0.714285714286,0.857142857143,0.142857142857,0.285714285714,0.714285714286,0.714285714286,0.714285714286,0.809523809524,0.555555555556,0.571428571429,0.571428571429,0.571428571429,20,13,7,0,20,0,13,0,7,11,20,0.181818181818,3.04338842975,3.63636363636,2,2.5,1.68954001271,0.464623503495,0.245454545455,1.16774841624,0.642261628933,0.336363636364,1.94000937205,1.06700515463,0.536363636364,1.05689877454,0.347276990411,3.54545454545,3.04338842975,1.05689877454,3.54545454545,0.499047619048,0.4,8,0.0484848484848,0.255555555556,11,11,11,1,0,0.0909090909091,0.636363636364,0.272727272727,11,0.118181818182,3.72727272727,2.36363636364,1.3,1.625,1.43336856898,0.6064251638,0.286713286713,0.603022689156,0.510249967747,0.237762237762,1.40129809949,1.18571377649,0.503496503497,2.05382127221,0.551025219373,7,3.72727272727,2.05382127221,7,0,0,0,0,0.22962962963,11,11,11,1,0,0.0909090909091,0.636363636364,0.272727272727,11,20,0.181818181818,4.81818181818,3.63636363636,2,2.5,1.74772579501,0.480624593628,0.25,0.981649817214,0.539907399468,0.281818181818,1.8877596149,1.03826778819,0.527272727273,1.64108203711,0.34060193223,5.875,4.81818181818,1.64108203711,5.875,0.39,0.294117647059,5,0.030303030303,0.229259259259,11,11,11,1,0,0.0909090909091,0.636363636364,0.272727272727,0,0,1.77479338843,0,0,0,0.0581857823014,0.0160010901329,0.00454545454545,-0.186098599028,-0.102354229466,-0.0545454545455,-0.0522497571515,-0.0287373664333,-0.00909090909091,0.584183262573,-0.00667505818093,2.32954545455,1.77479338843,0.584183262573,2.32954545455,-0.109047619048,-0.105882352941,-3,-0.0181818181818,-0.0262962962963,0,0,0,18,2,2,88,0.9,0.977777777778,0.0222222222222,0.1,0.9,0.9,0.9,0.877777777778,0.877777777778,0.818181818182,7,7,0,0,0,0
1920,WLNM_dir_neg,0.897959183673,0.739965986395,00:00:01,10,50,14,1175612463,threshold_sweep,0.3,0.714285714286,0.714285714286,0.714285714286,5,2,2,12,0.714285714286,0.857142857143,0.142857142857,0.285714285714,0.714285714286,0.714285714286,0.714285714286,0.809523809524,0.555555555556,0.571428571429,0.571428571429,0.571428571429,20,13,7,0,20,0,13,0,7,11,20,0.181818181818,3.04338842975,3.63636363636,2,2.5,1.68954001271,0.464623503495,0.245454545455,1.16774841624,0.642261628933,0.336363636364,1.94000937205,1.06700515463,0.536363636364,1.05689877454,0.347276990411,3.54545454545,3.04338842975,1.05689877454,3.54545454545,0.499047619048,0.4,8,0.0484848484848,0.255555555556,11,11,11,1,0,0.0909090909091,0.636363636364,0.272727272727,11,0.118181818182,3.72727272727,2.36363636364,1.3,1.625,1.43336856898,0.6064251638,0.286713286713,0.603022689156,0.510249967747,0.237762237762,1.40129809949,1.18571377649,0.503496503497,2.05382127221,0.551025219373,7,3.72727272727,2.05382127221,7,0,0,0,0,0.22962962963,11,11,11,1,0,0.0909090909091,0.636363636364,0.272727272727,11,20,0.181818181818,4.81818181818,3.63636363636,2,2.5,1.74772579501,0.480624593628,0.25,0.981649817214,0.539907399468,0.281818181818,1.8877596149,1.03826778819,0.527272727273,1.64108203711,0.34060193223,5.875,4.81818181818,1.64108203711,5.875,0.39,0.294117647059,5,0.030303030303,0.229259259259,11,11,11,1,0,0.0909090909091,0.636363636364,0.272727272727,0,0,1.77479338843,0,0,0,0.0581857823014,0.0160010901329,0.00454545454545,-0.186098599028,-0.102354229466,-0.0545454545455,-0.0522497571515,-0.0287373664333,-0.00909090909091,0.584183262573,-0.00667505818093,2.32954545455,1.77479338843,0.584183262573,2.32954545455,-0.109047619048,-0.105882352941,-3,-0.0181818181818,-0.0262962962963,0,0,0,18,2,2,88,0.9,0.977777777778,0.0222222222222,0.1,0.9,0.9,0.9,0.877777777778,0.877777777778,0.818181818182,7,7,0,0,0,0
1921,WLNM_dir_neg,0.897959183673,0.739965986395,00:00:01,10,50,14,1175612463,threshold_sweep,0.4,0.714285714286,0.714285714286,0.714285714286,5,2,2,12,0.714285714286,0.857142857143,0.142857142857,0.285714285714,0.714285714286,0.714285714286,0.714285714286,0.809523809524,0.555555555556,0.571428571429,0.571428571429,0.571428571429,20,13,7,0,20,0,13,0,7,11,20,0.181818181818,3.04338842975,3.63636363636,2,2.5,1.68954001271,0.464623503495,0.245454545455,1.16774841624,0.642261628933,0.336363636364,1.94000937205,1.06700515463,0.536363636364,1.05689877454,0.347276990411,3.54545454545,3.04338842975,1.05689877454,3.54545454545,0.499047619048,0.4,8,0.0484848484848,0.255555555556,11,11,11,1,0,0.0909090909091,0.636363636364,0.272727272727,11,0.118181818182,3.72727272727,2.36363636364,1.3,1.625,1.43336856898,0.6064251638,0.286713286713,0.603022689156,0.510249967747,0.237762237762,1.40129809949,1.18571377649,0.503496503497,2.05382127221,0.551025219373,7,3.72727272727,2.05382127221,7,0,0,0,0,0.22962962963,11,11,11,1,0,0.0909090909091,0.636363636364,0.272727272727,11,20,0.181818181818,4.81818181818,3.63636363636,2,2.5,1.74772579501,0.480624593628,0.25,0.981649817214,0.539907399468,0.281818181818,1.8877596149,1.03826778819,0.527272727273,1.64108203711,0.34060193223,5.875,4.81818181818,1.64108203711,5.875,0.39,0.294117647059,5,0.030303030303,0.229259259259,11,11,11,1,0,0.0909090909091,0.636363636364,0.272727272727,0,0,1.77479338843,0,0,0,0.0581857823014,0.0160010901329,0.00454545454545,-0.186098599028,-0.102354229466,-0.0545454545455,-0.0522497571515,-0.0287373664333,-0.00909090909091,0.584183262573,-0.00667505818093,2.32954545455,1.77479338843,0.584183262573,2.32954545455,-0.109047619048,-0.105882352941,-3,-0.0181818181818,-0.0262962962963,0,0,0,18,2,2,88,0.9,0.977777777778,0.0222222222222,0.1,0.9,0.9,0.9,0.877777777778,0.877777777778,0.818181818182,7,7,0,0,0,0
1922,WLNM_dir_neg,0.897959183673,0.739965986395,00:00:01,10,50,14,1175612463,threshold_sweep,0.5,0.714285714286,0.714285714286,0.714285714286,5,2,2,12,0.714285714286,0.857142857143,0.142857142857,0.285714285714,0.714285714286,0.714285714286,0.714285714286,0.809523809524,0.555555555556,0.571428571429,0.571428571429,0.571428571429,20,13,7,0,20,0,13,0,7,11,20,0.181818181818,3.04338842975,3.63636363636,2,2.5,1.68954001271,0.464623503495,0.245454545455,1.16774841624,0.642261628933,0.336363636364,1.94000937205,1.06700515463,0.536363636364,1.05689877454,0.347276990411,3.54545454545,3.04338842975,1.05689877454,3.54545454545,0.499047619048,0.4,8,0.0484848484848,0.255555555556,11,11,11,1,0,0.0909090909091,0.636363636364,0.272727272727,11,0.118181818182,3.72727272727,2.36363636364,1.3,1.625,1.43336856898,0.6064251638,0.286713286713,0.603022689156,0.510249967747,0.237762237762,1.40129809949,1.18571377649,0.503496503497,2.05382127221,0.551025219373,7,3.72727272727,2.05382127221,7,0,0,0,0,0.22962962963,11,11,11,1,0,0.0909090909091,0.636363636364,0.272727272727,11,20,0.181818181818,4.81818181818,3.63636363636,2,2.5,1.74772579501,0.480624593628,0.25,0.981649817214,0.539907399468,0.281818181818,1.8877596149,1.03826778819,0.527272727273,1.64108203711,0.34060193223,5.875,4.81818181818,1.64108203711,5.875,0.39,0.294117647059,5,0.030303030303,0.229259259259,11,11,11,1,0,0.0909090909091,0.636363636364,0.272727272727,0,0,1.77479338843,0,0,0,0.0581857823014,0.0160010901329,0.00454545454545,-0.186098599028,-0.102354229466,-0.0545454545455,-0.0522497571515,-0.0287373664333,-0.00909090909091,0.584183262573,-0.00667505818093,2.32954545455,1.77479338843,0.584183262573,2.32954545455,-0.109047619048,-0.105882352941,-3,-0.0181818181818,-0.0262962962963,0,0,0,18,2,2,88,0.9,0.977777777778,0.0222222222222,0.1,0.9,0.9,0.9,0.877777777778,0.877777777778,0.818181818182,7,7,0,0,0,0
1923,WLNM_dir_neg,0.897959183673,0.739965986395,00:00:01,10,50,14,1175612463,threshold_sweep,0.6,0.714285714286,0.714285714286,0.714285714286,5,2,2,12,0.714285714286,0.857142857143,0.142857142857,0.285714285714,0.714285714286,0.714285714286,0.714285714286,0.809523809524,0.555555555556,0.571428571429,0.571428571429,0.571428571429,20,13,7,0,20,0,13,0,7,11,20,0.181818181818,3.04338842975,3.63636363636,2,2.5,1.68954001271,0.464623503495,0.245454545455,1.16774841624,0.642261628933,0.336363636364,1.94000937205,1.06700515463,0.536363636364,1.05689877454,0.347276990411,3.54545454545,3.04338842975,1.05689877454,3.54545454545,0.499047619048,0.4,8,0.0484848484848,0.255555555556,11,11,11,1,0,0.0909090909091,0.636363636364,0.272727272727,11,0.118181818182,3.72727272727,2.36363636364,1.3,1.625,1.43336856898,0.6064251638,0.286713286713,0.603022689156,0.510249967747,0.237762237762,1.40129809949,1.18571377649,0.503496503497,2.05382127221,0.551025219373,7,3.72727272727,2.05382127221,7,0,0,0,0,0.22962962963,11,11,11,1,0,0.0909090909091,0.636363636364,0.272727272727,11,20,0.181818181818,4.81818181818,3.63636363636,2,2.5,1.74772579501,0.480624593628,0.25,0.981649817214,0.539907399468,0.281818181818,1.8877596149,1.03826778819,0.527272727273,1.64108203711,0.34060193223,5.875,4.81818181818,1.64108203711,5.875,0.39,0.294117647059,5,0.030303030303,0.229259259259,11,11,11,1,0,0.0909090909091,0.636363636364,0.272727272727,0,0,1.77479338843,0,0,0,0.0581857823014,0.0160010901329,0.00454545454545,-0.186098599028,-0.102354229466,-0.0545454545455,-0.0522497571515,-0.0287373664333,-0.00909090909091,0.584183262573,-0.00667505818093,2.32954545455,1.77479338843,0.584183262573,2.32954545455,-0.109047619048,-0.105882352941,-3,-0.0181818181818,-0.0262962962963,0,0,0,18,2,2,88,0.9,0.977777777778,0.0222222222222,0.1,0.9,0.9,0.9,0.877777777778,0.877777777778,0.818181818182,7,7,0,0,0,0
1924,WLNM_dir_neg,0.897959183673,0.739965986395,00:00:01,10,50,14,1175612463,threshold_sweep,0.7,0.714285714286,0.714285714286,0.714285714286,5,2,2,12,0.714285714286,0.857142857143,0.142857142857,0.285714285714,0.714285714286,0.714285714286,0.714285714286,0.809523809524,0.555555555556,0.571428571429,0.571428571429,0.571428571429,20,13,7,0,20,0,13,0,7,11,20,0.181818181818,3.04338842975,3.63636363636,2,2.5,1.68954001271,0.464623503495,0.245454545455,1.16774841624,0.642261628933,0.336363636364,1.94000937205,1.06700515463,0.536363636364,1.05689877454,0.347276990411,3.54545454545,3.04338842975,1.05689877454,3.54545454545,0.499047619048,0.4,8,0.0484848484848,0.255555555556,11,11,11,1,0,0.0909090909091,0.636363636364,0.272727272727,11,0.118181818182,3.72727272727,2.36363636364,1.3,1.625,1.43336856898,0.6064251638,0.286713286713,0.603022689156,0.510249967747,0.237762237762,1.40129809949,1.18571377649,0.503496503497,2.05382127221,0.551025219373,7,3.72727272727,2.05382127221,7,0,0,0,0,0.22962962963,11,11,11,1,0,0.0909090909091,0.636363636364,0.272727272727,11,20,0.181818181818,4.81818181818,3.63636363636,2,2.5,1.74772579501,0.480624593628,0.25,0.981649817214,0.539907399468,0.281818181818,1.8877596149,1.03826778819,0.527272727273,1.64108203711,0.34060193223,5.875,4.81818181818,1.64108203711,5.875,0.39,0.294117647059,5,0.030303030303,0.229259259259,11,11,11,1,0,0.0909090909091,0.636363636364,0.272727272727,0,0,1.77479338843,0,0,0,0.0581857823014,0.0160010901329,0.00454545454545,-0.186098599028,-0.102354229466,-0.0545454545455,-0.0522497571515,-0.0287373664333,-0.00909090909091,0.584183262573,-0.00667505818093,2.32954545455,1.77479338843,0.584183262573,2.32954545455,-0.109047619048,-0.105882352941,-3,-0.0181818181818,-0.0262962962963,0,0,0,18,2,2,88,0.9,0.977777777778,0.0222222222222,0.1,0.9,0.9,0.9,0.877777777778,0.877777777778,0.818181818182,7,7,0,0,0,0
1925,WLNM_dir_neg,0.897959183673,0.739965986395,00:00:01,10,50,14,1175612463,threshold_sweep,0.8,0.833333333333,0.714285714286,0.769230769231,5,1,2,13,0.714285714286,0.928571428571,0.0714285714286,0.285714285714,0.833333333333,0.714285714286,0.769230769231,0.857142857143,0.571428571429,0.666666666667,0.67082039325,0.642857142857,20,13,7,0,20,0,13,0,7,11,20,0.181818181818,3.04338842975,3.63636363636,2,2.5,1.68954001271,0.464623503495,0.245454545455,1.16774841624,0.642261628933,0.336363636364,1.94000937205,1.06700515463,0.536363636364,1.05689877454,0.347276990411,3.54545454545,3.04338842975,1.05689877454,3.54545454545,0.499047619048,0.4,8,0.0484848484848,0.255555555556,11,11,11,1,0,0.0909090909091,0.636363636364,0.272727272727,11,0.118181818182,3.72727272727,2.36363636364,1.3,1.625,1.43336856898,0.6064251638,0.286713286713,0.603022689156,0.510249967747,0.237762237762,1.40129809949,1.18571377649,0.503496503497,2.05382127221,0.551025219373,7,3.72727272727,2.05382127221,7,0,0,0,0,0.22962962963,11,11,11,1,0,0.0909090909091,0.636363636364,0.272727272727,11,19,0.172727272727,3.18181818182,3.45454545455,1.9,2.375,1.43969693781,0.416754376733,0.22009569378,1.00904995822,0.584186817916,0.306220095694,1.7372915179,1.00580035247,0.516746411483,1.14204262777,0.358927683012,3.875,3.18181818182,1.14204262777,3.875,0.39,0.294117647059,5,0.030303030303,0.208888888889,11,11,11,1,0,0.0909090909091,0.636363636364,0.272727272727,-1,-0.00909090909091,0.138429752066,-0.181818181818,-0.1,-0.125,-0.249843074903,-0.0478691267618,-0.0253588516746,-0.158698458023,-0.058074811017,-0.0301435406699,-0.202717854144,-0.0612048021559,-0.0196172248804,0.0851438532298,0.0116506926011,0.329545454545,0.138429752066,0.0851438532298,0.329545454545,-0.109047619048,-0.105882352941,-3,-0.0181818181818,-0.0466666666667,0,0,0,18,1,2,89,0.9,0.988888888889,0.0111111111111,0.1,0.947368421053,0.9,0.923076923077,0.906956031802,0.888888888889,0.857142857143,6,7,0,0,0,0
1926,WLNM_dir_neg,0.897959183673,0.739965986395,00:00:01,10,50,14,1175612463,threshold_sweep,0.9,0.833333333333,0.714285714286,0.769230769231,5,1,2,13,0.714285714286,0.928571428571,0.0714285714286,0.285714285714,0.833333333333,0.714285714286,0.769230769231,0.857142857143,0.571428571429,0.666666666667,0.67082039325,0.642857142857,20,13,7,0,20,0,13,0,7,11,20,0.181818181818,3.04338842975,3.63636363636,2,2.5,1.68954001271,0.464623503495,0.245454545455,1.16774841624,0.642261628933,0.336363636364,1.94000937205,1.06700515463,0.536363636364,1.05689877454,0.347276990411,3.54545454545,3.04338842975,1.05689877454,3.54545454545,0.499047619048,0.4,8,0.0484848484848,0.255555555556,11,11,11,1,0,0.0909090909091,0.636363636364,0.272727272727,11,0.118181818182,3.72727272727,2.36363636364,1.3,1.625,1.43336856898,0.6064251638,0.286713286713,0.603022689156,0.510249967747,0.237762237762,1.40129809949,1.18571377649,0.503496503497,2.05382127221,0.551025219373,7,3.72727272727,2.05382127221,7,0,0,0,0,0.22962962963,11,11,11,1,0,0.0909090909091,0.636363636364,0.272727272727,11,19,0.172727272727,3.18181818182,3.45454545455,1.9,2.375,1.43969693781,0.416754376733,0.22009569378,1.00904995822,0.584186817916,0.306220095694,1.7372915179,1.00580035247,0.516746411483,1.14204262777,0.358927683012,3.875,3.18181818182,1.14204262777,3.875,0.39,0.294117647059,5,0.030303030303,0.208888888889,11,11,11,1,0,0.0909090909091,0.636363636364,0.272727272727,-1,-0.00909090909091,0.138429752066,-0.181818181818,-0.1,-0.125,-0.249843074903,-0.0478691267618,-0.0253588516746,-0.158698458023,-0.058074811017,-0.0301435406699,-0.202717854144,-0.0612048021559,-0.0196172248804,0.0851438532298,0.0116506926011,0.329545454545,0.138429752066,0.0851438532298,0.329545454545,-0.109047619048,-0.105882352941,-3,-0.0181818181818,-0.0466666666667,0,0,0,18,1,2,89,0.9,0.988888888889,0.0111111111111,0.1,0.947368421053,0.9,0.923076923077,0.906956031802,0.888888888889,0.857142857143,6,7,0,0,0,0
1927,WLNM_dir_neg,0.948979591837,0.78048855906,00:00:01,10,50,15,1175612464,threshold_sweep,0.1,1,0.571428571429,0.727272727273,4,0,3,14,0.571428571429,1,0,0.428571428571,1,0.571428571429,0.727272727273,0.857142857143,0.603174603175,0.64,0.68599434057,0.571428571429,20,13,7,0,20,0,13,0,7,11,20,0.181818181818,3.04338842975,3.63636363636,2,2.5,1.68954001271,0.464623503495,0.245454545455,1.16774841624,0.642261628933,0.336363636364,1.94000937205,1.06700515463,0.536363636364,1.05689877454,0.347276990411,3.54545454545,3.04338842975,1.05689877454,3.54545454545,0.499047619048,0.4,8,0.0484848484848,0.255555555556,11,11,11,1,0,0.0909090909091,0.636363636364,0.272727272727,11,0.118181818182,3.72727272727,2.36363636364,1.3,1.625,1.43336856898,0.6064251638,0.286713286713,0.603022689156,0.510249967747,0.237762237762,1.40129809949,1.18571377649,0.503496503497,2.05382127221,0.551025219373,7,3.72727272727,2.05382127221,7,0,0,0,0,0.22962962963,11,11,11,1,0,0.0909090909091,0.636363636364,0.272727272727,11,17,0.154545454545,3.17727272727,3.09090909091,1.7,2.125,1.30034960334,0.420701342257,0.208556149733,0.820199532265,0.530717344407,0.267379679144,1.57249078621,1.01749403814,0.513368983957,1.2536673475,0.394573414091,4.4,3.17727272727,1.2536673475,4.4,0.213333333333,0.153846153846,2,0.0121212121212,0.205555555556,11,11,11,1,0,0.0909090909091,0.636363636364,0.272727272727,-3,-0.0272727272727,0.133884297521,-0.545454545455,-0.3,-0.375,-0.389190409368,-0.0439221612377,-0.0368983957219,-0.347548883978,-0.111544284527,-0.0689839572193,-0.367518585835,-0.0495111164884,-0.0229946524064,0.196768572961,0.0472964236795,0.854545454545,0.133884297521,0.196768572961,0.854545454545,-0.285714285714,-0.246153846154,-6,-0.0363636363636,-0.05,0,0,0,17,0,3,90,0.85,1,0,0.15,1,0.85,0.918918918919,0.906962317388,0.85,0.85,4,7,0,0,0,0
1928,WLNM_dir_neg,0.948979591837,0.78048855906,00:00:01,10,50,15,1175612464,threshold_sweep,0.2,1,0.571428571429,0.727272727273,4,0,3,14,0.571428571429,1,0,0.428571428571,1,0.571428571429,0.727272727273,0.857142857143,0.603174603175,0.64,0.68599434057,0.571428571429,20,13,7,0,20,0,13,0,7,11,20,0.181818181818,3.04338842975,3.63636363636,2,2.5,1.68954001271,0.464623503495,0.245454545455,1.16774841624,0.642261628933,0.336363636364,1.94000937205,1.06700515463,0.536363636364,1.05689877454,0.347276990411,3.54545454545,3.04338842975,1.05689877454,3.54545454545,0.499047619048,0.4,8,0.0484848484848,0.255555555556,11,11,11,1,0,0.0909090909091,0.636363636364,0.272727272727,11,0.118181818182,3.72727272727,2.36363636364,1.3,1.625,1.43336856898,0.6064251638,0.286713286713,0.603022689156,0.510249967747,0.237762237762,1.40129809949,1.18571377649,0.503496503497,2.05382127221,0.551025219373,7,3.72727272727,2.05382127221,7,0,0,0,0,0.22962962963,11,11,11,1,0,0.0909090909091,0.636363636364,0.272727272727,11,17,0.154545454545,3.17727272727,3.09090909091,1.7,2.125,1.30034960334,0.420701342257,0.208556149733,0.820199532265,0.530717344407,0.267379679144,1.57249078621,1.01749403814,0.513368983957,1.2536673475,0.394573414091,4.4,3.17727272727,1.2536673475,4.4,0.213333333333,0.153846153846,2,0.0121212121212,0.205555555556,11,11,11,1,0,0.0909090909091,0.636363636364,0.272727272727,-3,-0.0272727272727,0.133884297521,-0.545454545455,-0.3,-0.375,-0.389190409368,-0.0439221612377,-0.0368983957219,-0.347548883978,-0.111544284527,-0.0689839572193,-0.367518585835,-0.0495111164884,-0.0229946524064,0.196768572961,0.0472964236795,0.854545454545,0.133884297521,0.196768572961,0.854545454545,-0.285714285714,-0.246153846154,-6,-0.0363636363636,-0.05,0,0,0,17,0,3,90,0.85,1,0,0.15,1,0.85,0.918918918919,0.906962317388,0.85,0.85,4,7,0,0,0,0
1929,WLNM_dir_neg,0.948979591837,0.78048855906,00:00:01,10,50,15,1175612464,threshold_sweep,0.3,1,0.571428571429,0.727272727273,4,0,3,14,0.571428571429,1,0,0.428571428571,1,0.571428571429,0.727272727273,0.857142857143,0.603174603175,0.64,0.68599434057,0.571428571429,20,13,7,0,20,0,13,0,7,11,20,0.181818181818,3.04338842975,3.63636363636,2,2.5,1.68954001271,0.464623503495,0.245454545455,1.16774841624,0.642261628933,0.336363636364,1.94000937205,1.06700515463,0.536363636364,1.05689877454,0.347276990411,3.54545454545,3.04338842975,1.05689877454,3.54545454545,0.499047619048,0.4,8,0.0484848484848,0.255555555556,11,11,11,1,0,0.0909090909091,0.636363636364,0.272727272727,11,0.118181818182,3.72727272727,2.36363636364,1.3,1.625,1.43336856898,0.6064251638,0.286713286713,0.603022689156,0.510249967747,0.237762237762,1.40129809949,1.18571377649,0.503496503497,2.05382127221,0.551025219373,7,3.72727272727,2.05382127221,7,0,0,0,0,0.22962962963,11,11,11,1,0,0.0909090909091,0.636363636364,0.272727272727,11,17,0.154545454545,3.17727272727,3.09090909091,1.7,2.125,1.30034960334,0.420701342257,0.208556149733,0.820199532265,0.530717344407,0.267379679144,1.57249078621,1.01749403814,0.513368983957,1.2536673475,0.394573414091,4.4,3.17727272727,1.2536673475,4.4,0.213333333333,0.153846153846,2,0.0121212121212,0.205555555556,11,11,11,1,0,0.0909090909091,0.636363636364,0.272727272727,-3,-0.0272727272727,0.133884297521,-0.545454545455,-0.3,-0.375,-0.389190409368,-0.0439221612377,-0.0368983957219,-0.347548883978,-0.111544284527,-0.0689839572193,-0.367518585835,-0.0495111164884,-0.0229946524064,0.196768572961,0.0472964236795,0.854545454545,0.133884297521,0.196768572961,0.854545454545,-0.285714285714,-0.246153846154,-6,-0.0363636363636,-0.05,0,0,0,17,0,3,90,0.85,1,0,0.15,1,0.85,0.918918918919,0.906962317388,0.85,0.85,4,7,0,0,0,0
1930,WLNM_dir_neg,0.948979591837,0.78048855906,00:00:01,10,50,15,1175612464,threshold_sweep,0.4,1,0.571428571429,0.727272727273,4,0,3,14,0.571428571429,1,0,0.428571428571,1,0.571428571429,0.727272727273,0.857142857143,0.603174603175,0.64,0.68599434057,0.571428571429,20,13,7,0,20,0,13,0,7,11,20,0.181818181818,3.04338842975,3.63636363636,2,2.5,1.68954001271,0.464623503495,0.245454545455,1.16774841624,0.642261628933,0.336363636364,1.94000937205,1.06700515463,0.536363636364,1.05689877454,0.347276990411,3.54545454545,3.04338842975,1.05689877454,3.54545454545,0.499047619048,0.4,8,0.0484848484848,0.255555555556,11,11,11,1,0,0.0909090909091,0.636363636364,0.272727272727,11,0.118181818182,3.72727272727,2.36363636364,1.3,1.625,1.43336856898,0.6064251638,0.286713286713,0.603022689156,0.510249967747,0.237762237762,1.40129809949,1.18571377649,0.503496503497,2.05382127221,0.551025219373,7,3.72727272727,2.05382127221,7,0,0,0,0,0.22962962963,11,11,11,1,0,0.0909090909091,0.636363636364,0.272727272727,11,17,0.154545454545,3.17727272727,3.09090909091,1.7,2.125,1.30034960334,0.420701342257,0.208556149733,0.820199532265,0.530717344407,0.267379679144,1.57249078621,1.01749403814,0.513368983957,1.2536673475,0.394573414091,4.4,3.17727272727,1.2536673475,4.4,0.213333333333,0.153846153846,2,0.0121212121212,0.205555555556,11,11,11,1,0,0.0909090909091,0.636363636364,0.272727272727,-3,-0.0272727272727,0.133884297521,-0.545454545455,-0.3,-0.375,-0.389190409368,-0.0439221612377,-0.0368983957219,-0.347548883978,-0.111544284527,-0.0689839572193,-0.367518585835,-0.0495111164884,-0.0229946524064,0.196768572961,0.0472964236795,0.854545454545,0.133884297521,0.196768572961,0.854545454545,-0.285714285714,-0.246153846154,-6,-0.0363636363636,-0.05,0,0,0,17,0,3,90,0.85,1,0,0.15,1,0.85,0.918918918919,0.906962317388,0.85,0.85,4,7,0,0,0,0
1931,WLNM_dir_neg,0.948979591837,0.78048855906,00:00:01,10,50,15,1175612464,threshold_sweep,0.5,1,0.571428571429,0.727272727273,4,0,3,14,0.571428571429,1,0,0.428571428571,1,0.571428571429,0.727272727273,0.857142857143,0.603174603175,0.64,0.68599434057,0.571428571429,20,13,7,0,20,0,13,0,7,11,20,0.181818181818,3.04338842975,3.63636363636,2,2.5,1.68954001271,0.464623503495,0.245454545455,1.16774841624,0.642261628933,0.336363636364,1.94000937205,1.06700515463,0.536363636364,1.05689877454,0.347276990411,3.54545454545,3.04338842975,1.05689877454,3.54545454545,0.499047619048,0.4,8,0.0484848484848,0.255555555556,11,11,11,1,0,0.0909090909091,0.636363636364,0.272727272727,11,0.118181818182,3.72727272727,2.36363636364,1.3,1.625,1.43336856898,0.6064251638,0.286713286713,0.603022689156,0.510249967747,0.237762237762,1.40129809949,1.18571377649,0.503496503497,2.05382127221,0.551025219373,7,3.72727272727,2.05382127221,7,0,0,0,0,0.22962962963,11,11,11,1,0,0.0909090909091,0.636363636364,0.272727272727,11,17,0.154545454545,3.17727272727,3.09090909091,1.7,2.125,1.30034960334,0.420701342257,0.208556149733,0.820199532265,0.530717344407,0.267379679144,1.57249078621,1.01749403814,0.513368983957,1.2536673475,0.394573414091,4.4,3.17727272727,1.2536673475,4.4,0.213333333333,0.153846153846,2,0.0121212121212,0.205555555556,11,11,11,1,0,0.0909090909091,0.636363636364,0.272727272727,-3,-0.0272727272727,0.133884297521,-0.545454545455,-0.3,-0.375,-0.389190409368,-0.0439221612377,-0.0368983957219,-0.347548883978,-0.111544284527,-0.0689839572193,-0.367518585835,-0.0495111164884,-0.0229946524064,0.196768572961,0.0472964236795,0.854545454545,0.133884297521,0.196768572961,0.854545454545,-0.285714285714,-0.246153846154,-6,-0.0363636363636,-0.05,0,0,0,17,0,3,90,0.85,1,0,0.15,1,0.85,0.918918918919,0.906962317388,0.85,0.85,4,7,0,0,0,0
1932,WLNM_dir_neg,0.948979591837,0.78048855906,00:00:01,10,50,15,1175612464,threshold_sweep,0.6,1,0.571428571429,0.727272727273,4,0,3,14,0.571428571429,1,0,0.428571428571,1,0.571428571429,0.727272727273,0.857142857143,0.603174603175,0.64,0.68599434057,0.571428571429,20,13,7,0,20,0,13,0,7,11,20,0.181818181818,3.04338842975,3.63636363636,2,2.5,1.68954001271,0.464623503495,0.245454545455,1.16774841624,0.642261628933,0.336363636364,1.94000937205,1.06700515463,0.536363636364,1.05689877454,0.347276990411,3.54545454545,3.04338842975,1.05689877454,3.54545454545,0.499047619048,0.4,8,0.0484848484848,0.255555555556,11,11,11,1,0,0.0909090909091,0.636363636364,0.272727272727,11,0.118181818182,3.72727272727,2.36363636364,1.3,1.625,1.43336856898,0.6064251638,0.286713286713,0.603022689156,0.510249967747,0.237762237762,1.40129809949,1.18571377649,0.503496503497,2.05382127221,0.551025219373,7,3.72727272727,2.05382127221,7,0,0,0,0,0.22962962963,11,11,11,1,0,0.0909090909091,0.636363636364,0.272727272727,11,17,0.154545454545,3.17727272727,3.09090909091,1.7,2.125,1.30034960334,0.420701342257,0.208556149733,0.820199532265,0.530717344407,0.267379679144,1.57249078621,1.01749403814,0.513368983957,1.2536673475,0.394573414091,4.4,3.17727272727,1.2536673475,4.4,0.213333333333,0.153846153846,2,0.0121212121212,0.205555555556,11,11,11,1,0,0.0909090909091,0.636363636364,0.272727272727,-3,-0.0272727272727,0.133884297521,-0.545454545455,-0.3,-0.375,-0.389190409368,-0.0439221612377,-0.0368983957219,-0.347548883978,-0.111544284527,-0.0689839572193,-0.367518585835,-0.0495111164884,-0.0229946524064,0.196768572961,0.0472964236795,0.854545454545,0.133884297521,0.196768572961,0.854545454545,-0.285714285714,-0.246153846154,-6,-0.0363636363636,-0.05,0,0,0,17,0,3,90,0.85,1,0,0.15,1,0.85,0.918918918919,0.906962317388,0.85,0.85,4,7,0,0,0,0
1933,WLNM_dir_neg,0.948979591837,0.78048855906,00:00:01,10,50,15,1175612464,threshold_sweep,0.7,1,0.571428571429,0.727272727273,4,0,3,14,0.571428571429,1,0,0.428571428571,1,0.571428571429,0.727272727273,0.857142857143,0.603174603175,0.64,0.68599434057,0.571428571429,20,13,7,0,20,0,13,0,7,11,20,0.181818181818,3.04338842975,3.63636363636,2,2.5,1.68954001271,0.464623503495,0.245454545455,1.16774841624,0.642261628933,0.336363636364,1.94000937205,1.06700515463,0.536363636364,1.05689877454,0.347276990411,3.54545454545,3.04338842975,1.05689877454,3.54545454545,0.499047619048,0.4,8,0.0484848484848,0.255555555556,11,11,11,1,0,0.0909090909091,0.636363636364,0.272727272727,11,0.118181818182,3.72727272727,2.36363636364,1.3,1.625,1.43336856898,0.6064251638,0.286713286713,0.603022689156,0.510249967747,0.237762237762,1.40129809949,1.18571377649,0.503496503497,2.05382127221,0.551025219373,7,3.72727272727,2.05382127221,7,0,0,0,0,0.22962962963,11,11,11,1,0,0.0909090909091,0.636363636364,0.272727272727,11,17,0.154545454545,3.17727272727,3.09090909091,1.7,2.125,1.30034960334,0.420701342257,0.208556149733,0.820199532265,0.530717344407,0.267379679144,1.57249078621,1.01749403814,0.513368983957,1.2536673475,0.394573414091,4.4,3.17727272727,1.2536673475,4.4,0.213333333333,0.153846153846,2,0.0121212121212,0.205555555556,11,11,11,1,0,0.0909090909091,0.636363636364,0.272727272727,-3,-0.0272727272727,0.133884297521,-0.545454545455,-0.3,-0.375,-0.389190409368,-0.0439221612377,-0.0368983957219,-0.347548883978,-0.111544284527,-0.0689839572193,-0.367518585835,-0.0495111164884,-0.0229946524064,0.196768572961,0.0472964236795,0.854545454545,0.133884297521,0.196768572961,0.854545454545,-0.285714285714,-0.246153846154,-6,-0.0363636363636,-0.05,0,0,0,17,0,3,90,0.85,1,0,0.15,1,0.85,0.918918918919,0.906962317388,0.85,0.85,4,7,0,0,0,0
1934,WLNM_dir_neg,0.948979591837,0.78048855906,00:00:01,10,50,15,1175612464,threshold_sweep,0.8,1,0.428571428571,0.6,3,0,4,14,0.428571428571,1,0,0.571428571429,1,0.428571428571,0.6,0.809523809524,0.619047619048,0.5,0.57735026919,0.428571428571,20,13,7,0,20,0,13,0,7,11,20,0.181818181818,3.04338842975,3.63636363636,2,2.5,1.68954001271,0.464623503495,0.245454545455,1.16774841624,0.642261628933,0.336363636364,1.94000937205,1.06700515463,0.536363636364,1.05689877454,0.347276990411,3.54545454545,3.04338842975,1.05689877454,3.54545454545,0.499047619048,0.4,8,0.0484848484848,0.255555555556,11,11,11,1,0,0.0909090909091,0.636363636364,0.272727272727,11,0.118181818182,3.72727272727,2.36363636364,1.3,1.625,1.43336856898,0.6064251638,0.286713286713,0.603022689156,0.510249967747,0.237762237762,1.40129809949,1.18571377649,0.503496503497,2.05382127221,0.551025219373,7,3.72727272727,2.05382127221,7,0,0,0,0,0.22962962963,11,11,11,1,0,0.0909090909091,0.636363636364,0.272727272727,11,16,0.145454545455,3.25,2.90909090909,1.6,2,1.30034960334,0.446995176148,0.215909090909,0.687551650952,0.47269176003,0.227272727273,1.57249078621,1.08108741552,0.522727272727,1.3758835545,0.423348786001,4.66666666667,3.25,1.3758835545,4.66666666667,0.213333333333,0.171428571429,2,0.0121212121212,0.2,11,11,11,1,0,0.0909090909091,0.636363636364,0.272727272727,-4,-0.0363636363636,0.206611570248,-0.727272727273,-0.4,-0.5,-0.389190409368,-0.0176283273466,-0.0295454545455,-0.48019676529,-0.169569868904,-0.109090909091,-0.367518585835,0.0140822608953,-0.0136363636364,0.318984779967,0.07607179559,1.12121212121,0.206611570248,0.318984779967,1.12121212121,-0.285714285714,-0.228571428571,-6,-0.0363636363636,-0.0555555555556,0,0,0,16,0,4,90,0.8,1,0,0.2,1,0.8,0.888888888889,0.875189948987,0.8,0.8,3,7,0,0,0,0
1935,WLNM_dir_neg,0.948979591837,0.78048855906,00:00:01,10,50,15,1175612464,threshold_sweep,0.9,1,0.428571428571,0.6,3,0,4,14,0.428571428571,1,0,0.571428571429,1,0.428571428571,0.6,0.809523809524,0.619047619048,0.5,0.57735026919,0.428571428571,20,13,7,0,20,0,13,0,7,11,20,0.181818181818,3.04338842975,3.63636363636,2,2.5,1.68954001271,0.464623503495,0.245454545455,1.16774841624,0.642261628933,0.336363636364,1.94000937205,1.06700515463,0.536363636364,1.05689877454,0.347276990411,3.54545454545,3.04338842975,1.05689877454,3.54545454545,0.499047619048,0.4,8,0.0484848484848,0.255555555556,11,11,11,1,0,0.0909090909091,0.636363636364,0.272727272727,11,0.118181818182,3.72727272727,2.36363636364,1.3,1.625,1.43336856898,0.6064251638,0.286713286713,0.603022689156,0.510249967747,0.237762237762,1.40129809949,1.18571377649,0.503496503497,2.05382127221,0.551025219373,7,3.72727272727,2.05382127221,7,0,0,0,0,0.22962962963,11,11,11,1,0,0.0909090909091,0.636363636364,0.272727272727,11,16,0.145454545455,3.25,2.90909090909,1.6,2,1.30034960334,0.446995176148,0.215909090909,0.687551650952,0.47269176003,0.227272727273,1.57249078621,1.08108741552,0.522727272727,1.3758835545,0.423348786001,4.66666666667,3.25,1.3758835545,4.66666666667,0.213333333333,0.171428571429,2,0.0121212121212,0.2,11,11,11,1,0,0.0909090909091,0.636363636364,0.272727272727,-4,-0.0363636363636,0.206611570248,-0.727272727273,-0.4,-0.5,-0.389190409368,-0.0176283273466,-0.0295454545455,-0.48019676529,-0.169569868904,-0.109090909091,-0.367518585835,0.0140822608953,-0.0136363636364,0.318984779967,0.07607179559,1.12121212121,0.206611570248,0.318984779967,1.12121212121,-0.285714285714,-0.228571428571,-6,-0.0363636363636,-0.0555555555556,0,0,0,16,0,4,90,0.8,1,0,0.2,1,0.8,0.888888888889,0.875189948987,0.8,0.8,3,7,0,0,0,0
1936,WLNM_dir_neg,0.775510204082,0.618974256369,00:00:01,10,50,16,1175612465,threshold_sweep,0.1,0.833333333333,0.714285714286,0.769230769231,5,1,2,13,0.714285714286,0.928571428571,0.0714285714286,0.285714285714,0.833333333333,0.714285714286,0.769230769231,0.857142857143,0.571428571429,0.666666666667,0.67082039325,0.642857142857,20,13,7,0,20,0,13,0,7,11,20,0.181818181818,3.04338842975,3.63636363636,2,2.5,1.68954001271,0.464623503495,0.245454545455,1.16774841624,0.642261628933,0.336363636364,1.94000937205,1.06700515463,0.536363636364,1.05689877454,0.347276990411,3.54545454545,3.04338842975,1.05689877454,3.54545454545,0.499047619048,0.4,8,0.0484848484848,0.255555555556,11,11,11,1,0,0.0909090909091,0.636363636364,0.272727272727,11,0.118181818182,3.72727272727,2.36363636364,1.3,1.625,1.43336856898,0.6064251638,0.286713286713,0.603022689156,0.510249967747,0.237762237762,1.40129809949,1.18571377649,0.503496503497,2.05382127221,0.551025219373,7,3.72727272727,2.05382127221,7,0,0,0,0,0.22962962963,11,11,11,1,0,0.0909090909091,0.636363636364,0.272727272727,11,19,0.172727272727,3.17803030303,3.45454545455,1.9,2.375,1.43969693781,0.416754376733,0.215311004785,1.00904995822,0.584186817916,0.306220095694,1.67874411933,0.971904490138,0.507177033493,1.20143012424,0.378042375208,3.875,3.17803030303,1.20143012424,3.875,0.393333333333,0.3,5,0.030303030303,0.223703703704,11,11,11,1,0,0.0909090909091,0.636363636364,0.272727272727,-1,-0.00909090909091,0.134641873278,-0.181818181818,-0.1,-0.125,-0.249843074903,-0.0478691267618,-0.0301435406699,-0.158698458023,-0.058074811017,-0.0301435406699,-0.26126525272,-0.0951006644889,-0.0291866028708,0.144531349704,0.0307653847969,0.329545454545,0.134641873278,0.144531349704,0.329545454545,-0.105714285714,-0.1,-3,-0.0181818181818,-0.0318518518519,0,0,0,18,1,2,89,0.9,0.988888888889,0.0111111111111,0.1,0.947368421053,0.9,0.923076923077,0.906956031802,0.888888888889,0.857142857143,6,7,0,0,0,0
1937,WLNM_dir_neg,0.775510204082,0.618974256369,00:00:01,10,50,16,1175612465,threshold_sweep,0.2,0.833333333333,0.714285714286,0.769230769231,5,1,2,13,0.714285714286,0.928571428571,0.0714285714286,0.285714285714,0.833333333333,0.714285714286,0.769230769231,0.857142857143,0.571428571429,0.666666666667,0.67082039325,0.642857142857,20,13,7,0,20,0,13,0,7,11,20,0.181818181818,3.04338842975,3.63636363636,2,2.5,1.68954001271,0.464623503495,0.245454545455,1.16774841624,0.642261628933,0.336363636364,1.94000937205,1.06700515463,0.536363636364,1.05689877454,0.347276990411,3.54545454545,3.04338842975,1.05689877454,3.54545454545,0.499047619048,0.4,8,0.0484848484848,0.255555555556,11,11,11,1,0,0.0909090909091,0.636363636364,0.272727272727,11,0.118181818182,3.72727272727,2.36363636364,1.3,1.625,1.43336856898,0.6064251638,0.286713286713,0.603022689156,0.510249967747,0.237762237762,1.40129809949,1.18571377649,0.503496503497,2.05382127221,0.551025219373,7,3.72727272727,2.05382127221,7,0,0,0,0,0.22962962963,11,11,11,1,0,0.0909090909091,0.636363636364,0.272727272727,11,19,0.172727272727,3.17803030303,3.45454545455,1.9,2.375,1.43969693781,0.416754376733,0.215311004785,1.00904995822,0.584186817916,0.306220095694,1.67874411933,0.971904490138,0.507177033493,1.20143012424,0.378042375208,3.875,3.17803030303,1.20143012424,3.875,0.393333333333,0.3,5,0.030303030303,0.223703703704,11,11,11,1,0,0.0909090909091,0.636363636364,0.272727272727,-1,-0.00909090909091,0.134641873278,-0.181818181818,-0.1,-0.125,-0.249843074903,-0.0478691267618,-0.0301435406699,-0.158698458023,-0.058074811017,-0.0301435406699,-0.26126525272,-0.0951006644889,-0.0291866028708,0.144531349704,0.0307653847969,0.329545454545,0.134641873278,0.144531349704,0.329545454545,-0.105714285714,-0.1,-3,-0.0181818181818,-0.0318518518519,0,0,0,18,1,2,89,0.9,0.988888888889,0.0111111111111,0.1,0.947368421053,0.9,0.923076923077,0.906956031802,0.888888888889,0.857142857143,6,7,0,0,0,0
1938,WLNM_dir_neg,0.775510204082,0.618974256369,00:00:01,10,50,16,1175612465,threshold_sweep,0.3,0.833333333333,0.714285714286,0.769230769231,5,1,2,13,0.714285714286,0.928571428571,0.0714285714286,0.285714285714,0.833333333333,0.714285714286,0.769230769231,0.857142857143,0.571428571429,0.666666666667,0.67082039325,0.642857142857,20,13,7,0,20,0,13,0,7,11,20,0.181818181818,3.04338842975,3.63636363636,2,2.5,1.68954001271,0.464623503495,0.245454545455,1.16774841624,0.642261628933,0.336363636364,1.94000937205,1.06700515463,0.536363636364,1.05689877454,0.347276990411,3.54545454545,3.04338842975,1.05689877454,3.54545454545,0.499047619048,0.4,8,0.0484848484848,0.255555555556,11,11,11,1,0,0.0909090909091,0.636363636364,0.272727272727,11,0.118181818182,3.72727272727,2.36363636364,1.3,1.625,1.43336856898,0.6064251638,0.286713286713,0.603022689156,0.510249967747,0.237762237762,1.40129809949,1.18571377649,0.503496503497,2.05382127221,0.551025219373,7,3.72727272727,2.05382127221,7,0,0,0,0,0.22962962963,11,11,11,1,0,0.0909090909091,0.636363636364,0.272727272727,11,19,0.172727272727,3.17803030303,3.45454545455,1.9,2.375,1.43969693781,0.416754376733,0.215311004785,1.00904995822,0.584186817916,0.306220095694,1.67874411933,0.971904490138,0.507177033493,1.20143012424,0.378042375208,3.875,3.17803030303,1.20143012424,3.875,0.393333333333,0.3,5,0.030303030303,0.223703703704,11,11,11,1,0,0.0909090909091,0.636363636364,0.272727272727,-1,-0.00909090909091,0.134641873278,-0.181818181818,-0.1,-0.125,-0.249843074903,-0.0478691267618,-0.0301435406699,-0.158698458023,-0.058074811017,-0.0301435406699,-0.26126525272,-0.0951006644889,-0.0291866028708,0.144531349704,0.0307653847969,0.329545454545,0.134641873278,0.144531349704,0.329545454545,-0.105714285714,-0.1,-3,-0.0181818181818,-0.0318518518519,0,0,0,18,1,2,89,0.9,0.988888888889,0.0111111111111,0.1,0.947368421053,0.9,0.923076923077,0.906956031802,0.888888888889,0.857142857143,6,7,0,0,0,0
1939,WLNM_dir_neg,0.775510204082,0.618974256369,00:00:01,10,50,16,1175612465,threshold_sweep,0.4,0.833333333333,0.714285714286,0.769230769231,5,1,2,13,0.714285714286,0.928571428571,0.0714285714286,0.285714285714,0.833333333333,0.714285714286,0.769230769231,0.857142857143,0.571428571429,0.666666666667,0.67082039325,0.642857142857,20,13,7,0,20,0,13,0,7,11,20,0.181818181818,3.04338842975,3.63636363636,2,2.5,1.68954001271,0.464623503495,0.245454545455,1.16774841624,0.642261628933,0.336363636364,1.94000937205,1.06700515463,0.536363636364,1.05689877454,0.347276990411,3.54545454545,3.04338842975,1.05689877454,3.54545454545,0.499047619048,0.4,8,0.0484848484848,0.255555555556,11,11,11,1,0,0.0909090909091,0.636363636364,0.272727272727,11,0.118181818182,3.72727272727,2.36363636364,1.3,1.625,1.43336856898,0.6064251638,0.286713286713,0.603022689156,0.510249967747,0.237762237762,1.40129809949,1.18571377649,0.503496503497,2.05382127221,0.551025219373,7,3.72727272727,2.05382127221,7,0,0,0,0,0.22962962963,11,11,11,1,0,0.0909090909091,0.636363636364,0.272727272727,11,19,0.172727272727,3.17803030303,3.45454545455,1.9,2.375,1.43969693781,0.416754376733,0.215311004785,1.00904995822,0.584186817916,0.306220095694,1.67874411933,0.971904490138,0.507177033493,1.20143012424,0.378042375208,3.875,3.17803030303,1.20143012424,3.875,0.393333333333,0.3,5,0.030303030303,0.223703703704,11,11,11,1,0,0.0909090909091,0.636363636364,0.272727272727,-1,-0.00909090909091,0.134641873278,-0.181818181818,-0.1,-0.125,-0.249843074903,-0.0478691267618,-0.0301435406699,-0.158698458023,-0.058074811017,-0.0301435406699,-0.26126525272,-0.0951006644889,-0.0291866028708,0.144531349704,0.0307653847969,0.329545454545,0.134641873278,0.144531349704,0.329545454545,-0.105714285714,-0.1,-3,-0.0181818181818,-0.0318518518519,0,0,0,18,1,2,89,0.9,0.988888888889,0.0111111111111,0.1,0.947368421053,0.9,0.923076923077,0.906956031802,0.888888888889,0.857142857143,6,7,0,0,0,0
1940,WLNM_dir_neg,0.775510204082,0.618974256369,00:00:01,10,50,16,1175612465,threshold_sweep,0.5,0.833333333333,0.714285714286,0.769230769231,5,1,2,13,0.714285714286,0.928571428571,0.0714285714286,0.285714285714,0.833333333333,0.714285714286,0.769230769231,0.857142857143,0.571428571429,0.666666666667,0.67082039325,0.642857142857,20,13,7,0,20,0,13,0,7,11,20,0.181818181818,3.04338842975,3.63636363636,2,2.5,1.68954001271,0.464623503495,0.245454545455,1.16774841624,0.642261628933,0.336363636364,1.94000937205,1.06700515463,0.536363636364,1.05689877454,0.347276990411,3.54545454545,3.04338842975,1.05689877454,3.54545454545,0.499047619048,0.4,8,0.0484848484848,0.255555555556,11,11,11,1,0,0.0909090909091,0.636363636364,0.272727272727,11,0.118181818182,3.72727272727,2.36363636364,1.3,1.625,1.43336856898,0.6064251638,0.286713286713,0.603022689156,0.510249967747,0.237762237762,1.40129809949,1.18571377649,0.503496503497,2.05382127221,0.551025219373,7,3.72727272727,2.05382127221,7,0,0,0,0,0.22962962963,11,11,11,1,0,0.0909090909091,0.636363636364,0.272727272727,11,19,0.172727272727,3.17803030303,3.45454545455,1.9,2.375,1.43969693781,0.416754376733,0.215311004785,1.00904995822,0.584186817916,0.306220095694,1.67874411933,0.971904490138,0.507177033493,1.20143012424,0.378042375208,3.875,3.17803030303,1.20143012424,3.875,0.393333333333,0.3,5,0.030303030303,0.223703703704,11,11,11,1,0,0.0909090909091,0.636363636364,0.272727272727,-1,-0.00909090909091,0.134641873278,-0.181818181818,-0.1,-0.125,-0.249843074903,-0.0478691267618,-0.0301435406699,-0.158698458023,-0.058074811017,-0.0301435406699,-0.26126525272,-0.0951006644889,-0.0291866028708,0.144531349704,0.0307653847969,0.329545454545,0.134641873278,0.144531349704,0.329545454545,-0.105714285714,-0.1,-3,-0.0181818181818,-0.0318518518519,0,0,0,18,1,2,89,0.9,0.988888888889,0.0111111111111,0.1,0.947368421053,0.9,0.923076923077,0.906956031802,0.888888888889,0.857142857143,6,7,0,0,0,0
1941,WLNM_dir_neg,0.775510204082,0.618974256369,00:00:01,10,50,16,1175612465,threshold_sweep,0.6,0.833333333333,0.714285714286,0.769230769231,5,1,2,13,0.714285714286,0.928571428571,0.0714285714286,0.285714285714,0.833333333333,0.714285714286,0.769230769231,0.857142857143,0.571428571429,0.666666666667,0.67082039325,0.642857142857,20,13,7,0,20,0,13,0,7,11,20,0.181818181818,3.04338842975,3.63636363636,2,2.5,1.68954001271,0.464623503495,0.245454545455,1.16774841624,0.642261628933,0.336363636364,1.94000937205,1.06700515463,0.536363636364,1.05689877454,0.347276990411,3.54545454545,3.04338842975,1.05689877454,3.54545454545,0.499047619048,0.4,8,0.0484848484848,0.255555555556,11,11,11,1,0,0.0909090909091,0.636363636364,0.272727272727,11,0.118181818182,3.72727272727,2.36363636364,1.3,1.625,1.43336856898,0.6064251638,0.286713286713,0.603022689156,0.510249967747,0.237762237762,1.40129809949,1.18571377649,0.503496503497,2.05382127221,0.551025219373,7,3.72727272727,2.05382127221,7,0,0,0,0,0.22962962963,11,11,11,1,0,0.0909090909091,0.636363636364,0.272727272727,11,19,0.172727272727,3.17803030303,3.45454545455,1.9,2.375,1.43969693781,0.416754376733,0.215311004785,1.00904995822,0.584186817916,0.306220095694,1.67874411933,0.971904490138,0.507177033493,1.20143012424,0.378042375208,3.875,3.17803030303,1.20143012424,3.875,0.393333333333,0.3,5,0.030303030303,0.223703703704,11,11,11,1,0,0.0909090909091,0.636363636364,0.272727272727,-1,-0.00909090909091,0.134641873278,-0.181818181818,-0.1,-0.125,-0.249843074903,-0.0478691267618,-0.0301435406699,-0.158698458023,-0.058074811017,-0.0301435406699,-0.26126525272,-0.0951006644889,-0.0291866028708,0.144531349704,0.0307653847969,0.329545454545,0.134641873278,0.144531349704,0.329545454545,-0.105714285714,-0.1,-3,-0.0181818181818,-0.0318518518519,0,0,0,18,1,2,89,0.9,0.988888888889,0.0111111111111,0.1,0.947368421053,0.9,0.923076923077,0.906956031802,0.888888888889,0.857142857143,6,7,0,0,0,0
1942,WLNM_dir_neg,0.775510204082,0.618974256369,00:00:01,10,50,16,1175612465,threshold_sweep,0.7,0.833333333333,0.714285714286,0.769230769231,5,1,2,13,0.714285714286,0.928571428571,0.0714285714286,0.285714285714,0.833333333333,0.714285714286,0.769230769231,0.857142857143,0.571428571429,0.666666666667,0.67082039325,0.642857142857,20,13,7,0,20,0,13,0,7,11,20,0.181818181818,3.04338842975,3.63636363636,2,2.5,1.68954001271,0.464623503495,0.245454545455,1.16774841624,0.642261628933,0.336363636364,1.94000937205,1.06700515463,0.536363636364,1.05689877454,0.347276990411,3.54545454545,3.04338842975,1.05689877454,3.54545454545,0.499047619048,0.4,8,0.0484848484848,0.255555555556,11,11,11,1,0,0.0909090909091,0.636363636364,0.272727272727,11,0.118181818182,3.72727272727,2.36363636364,1.3,1.625,1.43336856898,0.6064251638,0.286713286713,0.603022689156,0.510249967747,0.237762237762,1.40129809949,1.18571377649,0.503496503497,2.05382127221,0.551025219373,7,3.72727272727,2.05382127221,7,0,0,0,0,0.22962962963,11,11,11,1,0,0.0909090909091,0.636363636364,0.272727272727,11,19,0.172727272727,3.17803030303,3.45454545455,1.9,2.375,1.43969693781,0.416754376733,0.215311004785,1.00904995822,0.584186817916,0.306220095694,1.67874411933,0.971904490138,0.507177033493,1.20143012424,0.378042375208,3.875,3.17803030303,1.20143012424,3.875,0.393333333333,0.3,5,0.030303030303,0.223703703704,11,11,11,1,0,0.0909090909091,0.636363636364,0.272727272727,-1,-0.00909090909091,0.134641873278,-0.181818181818,-0.1,-0.125,-0.249843074903,-0.0478691267618,-0.0301435406699,-0.158698458023,-0.058074811017,-0.0301435406699,-0.26126525272,-0.0951006644889,-0.0291866028708,0.144531349704,0.0307653847969,0.329545454545,0.134641873278,0.144531349704,0.329545454545,-0.105714285714,-0.1,-3,-0.0181818181818,-0.0318518518519,0,0,0,18,1,2,89,0.9,0.988888888889,0.0111111111111,0.1,0.947368421053,0.9,0.923076923077,0.906956031802,0.888888888889,0.857142857143,6,7,0,0,0,0
1943,WLNM_dir_neg,0.775510204082,0.618974256369,00:00:01,10,50,16,1175612465,threshold_sweep,0.8,0.833333333333,0.714285714286,0.769230769231,5,1,2,13,0.714285714286,0.928571428571,0.0714285714286,0.285714285714,0.833333333333,0.714285714286,0.769230769231,0.857142857143,0.571428571429,0.666666666667,0.67082039325,0.642857142857,20,13,7,0,20,0,13,0,7,11,20,0.181818181818,3.04338842975,3.63636363636,2,2.5,1.68954001271,0.464623503495,0.245454545455,1.16774841624,0.642261628933,0.336363636364,1.94000937205,1.06700515463,0.536363636364,1.05689877454,0.347276990411,3.54545454545,3.04338842975,1.05689877454,3.54545454545,0.499047619048,0.4,8,0.0484848484848,0.255555555556,11,11,11,1,0,0.0909090909091,0.636363636364,0.272727272727,11,0.118181818182,3.72727272727,2.36363636364,1.3,1.625,1.43336856898,0.6064251638,0.286713286713,0.603022689156,0.510249967747,0.237762237762,1.40129809949,1.18571377649,0.503496503497,2.05382127221,0.551025219373,7,3.72727272727,2.05382127221,7,0,0,0,0,0.22962962963,11,11,11,1,0,0.0909090909091,0.636363636364,0.272727272727,11,19,0.172727272727,3.17803030303,3.45454545455,1.9,2.375,1.43969693781,0.416754376733,0.215311004785,1.00904995822,0.584186817916,0.306220095694,1.67874411933,0.971904490138,0.507177033493,1.20143012424,0.378042375208,3.875,3.17803030303,1.20143012424,3.875,0.393333333333,0.3,5,0.030303030303,0.223703703704,11,11,11,1,0,0.0909090909091,0.636363636364,0.272727272727,-1,-0.00909090909091,0.134641873278,-0.181818181818,-0.1,-0.125,-0.249843074903,-0.0478691267618,-0.0301435406699,-0.158698458023,-0.058074811017,-0.0301435406699,-0.26126525272,-0.0951006644889,-0.0291866028708,0.144531349704,0.0307653847969,0.329545454545,0.134641873278,0.144531349704,0.329545454545,-0.105714285714,-0.1,-3,-0.0181818181818,-0.0318518518519,0,0,0,18,1,2,89,0.9,0.988888888889,0.0111111111111,0.1,0.947368421053,0.9,0.923076923077,0.906956031802,0.888888888889,0.857142857143,6,7,0,0,0,0
1944,WLNM_dir_neg,0.775510204082,0.618974256369,00:00:01,10,50,16,1175612465,threshold_sweep,0.9,0.833333333333,0.714285714286,0.769230769231,5,1,2,13,0.714285714286,0.928571428571,0.0714285714286,0.285714285714,0.833333333333,0.714285714286,0.769230769231,0.857142857143,0.571428571429,0.666666666667,0.67082039325,0.642857142857,20,13,7,0,20,0,13,0,7,11,20,0.181818181818,3.04338842975,3.63636363636,2,2.5,1.68954001271,0.464623503495,0.245454545455,1.16774841624,0.642261628933,0.336363636364,1.94000937205,1.06700515463,0.536363636364,1.05689877454,0.347276990411,3.54545454545,3.04338842975,1.05689877454,3.54545454545,0.499047619048,0.4,8,0.0484848484848,0.255555555556,11,11,11,1,0,0.0909090909091,0.636363636364,0.272727272727,11,0.118181818182,3.72727272727,2.36363636364,1.3,1.625,1.43336856898,0.6064251638,0.286713286713,0.603022689156,0.510249967747,0.237762237762,1.40129809949,1.18571377649,0.503496503497,2.05382127221,0.551025219373,7,3.72727272727,2.05382127221,7,0,0,0,0,0.22962962963,11,11,11,1,0,0.0909090909091,0.636363636364,0.272727272727,11,19,0.172727272727,3.17803030303,3.45454545455,1.9,2.375,1.43969693781,0.416754376733,0.215311004785,1.00904995822,0.584186817916,0.306220095694,1.67874411933,0.971904490138,0.507177033493,1.20143012424,0.378042375208,3.875,3.17803030303,1.20143012424,3.875,0.393333333333,0.3,5,0.030303030303,0.223703703704,11,11,11,1,0,0.0909090909091,0.636363636364,0.272727272727,-1,-0.00909090909091,0.134641873278,-0.181818181818,-0.1,-0.125,-0.249843074903,-0.0478691267618,-0.0301435406699,-0.158698458023,-0.058074811017,-0.0301435406699,-0.26126525272,-0.0951006644889,-0.0291866028708,0.144531349704,0.0307653847969,0.329545454545,0.134641873278,0.144531349704,0.329545454545,-0.105714285714,-0.1,-3,-0.0181818181818,-0.0318518518519,0,0,0,18,1,2,89,0.9,0.988888888889,0.0111111111111,0.1,0.947368421053,0.9,0.923076923077,0.906956031802,0.888888888889,0.857142857143,6,7,0,0,0,0
1945,WLNM_dir_neg,0.867346938776,0.708291708292,00:00:01,10,50,17,1175612466,threshold_sweep,0.1,1,0.714285714286,0.833333333333,5,0,2,14,0.714285714286,1,0,0.285714285714,1,0.714285714286,0.833333333333,0.904761904762,0.587301587302,0.769230769231,0.790569415042,0.714285714286,20,13,7,0,20,0,13,0,7,11,20,0.181818181818,3.04338842975,3.63636363636,2,2.5,1.68954001271,0.464623503495,0.245454545455,1.16774841624,0.642261628933,0.336363636364,1.94000937205,1.06700515463,0.536363636364,1.05689877454,0.347276990411,3.54545454545,3.04338842975,1.05689877454,3.54545454545,0.499047619048,0.4,8,0.0484848484848,0.255555555556,11,11,11,1,0,0.0909090909091,0.636363636364,0.272727272727,11,0.118181818182,3.72727272727,2.36363636364,1.3,1.625,1.43336856898,0.6064251638,0.286713286713,0.603022689156,0.510249967747,0.237762237762,1.40129809949,1.18571377649,0.503496503497,2.05382127221,0.551025219373,7,3.72727272727,2.05382127221,7,0,0,0,0,0.22962962963,11,11,11,1,0,0.0909090909091,0.636363636364,0.272727272727,11,18,0.163636363636,3.11363636364,3.27272727273,1.8,2.25,1.42062726223,0.434080552347,0.227272727273,0.924416277737,0.564921058617,0.292929292929,1.68954001271,1.03249667443,0.525252525253,1.14353419474,0.367266456706,3.875,3.11363636364,1.14353419474,3.875,0.366666666667,0.266666666667,4,0.0242424242424,0.221111111111,11,11,11,1,0,0.0909090909091,0.636363636364,0.272727272727,-2,-0.0181818181818,0.0702479338843,-0.363636363636,-0.2,-0.25,-0.268912750482,-0.030542951148,-0.0181818181818,-0.243332138505,-0.0773405703161,-0.0434343434343,-0.250469359339,-0.0345084801933,-0.0111111111111,0.0866354202056,0.0199894662943,0.329545454545,0.0702479338843,0.0866354202056,0.329545454545,-0.132380952381,-0.133333333333,-4,-0.0242424242424,-0.0344444444444,0,0,0,18,0,2,90,0.9,1,0,0.1,1,0.9,0.947368421053,0.938314863257,0.9,0.9,5,7,0,0,0,0
1946,WLNM_dir_neg,0.867346938776,0.708291708292,00:00:01,10,50,17,1175612466,threshold_sweep,0.2,1,0.714285714286,0.833333333333,5,0,2,14,0.714285714286,1,0,0.285714285714,1,0.714285714286,0.833333333333,0.904761904762,0.587301587302,0.769230769231,0.790569415042,0.714285714286,20,13,7,0,20,0,13,0,7,11,20,0.181818181818,3.04338842975,3.63636363636,2,2.5,1.68954001271,0.464623503495,0.245454545455,1.16774841624,0.642261628933,0.336363636364,1.94000937205,1.06700515463,0.536363636364,1.05689877454,0.347276990411,3.54545454545,3.04338842975,1.05689877454,3.54545454545,0.499047619048,0.4,8,0.0484848484848,0.255555555556,11,11,11,1,0,0.0909090909091,0.636363636364,0.272727272727,11,0.118181818182,3.72727272727,2.36363636364,1.3,1.625,1.43336856898,0.6064251638,0.286713286713,0.603022689156,0.510249967747,0.237762237762,1.40129809949,1.18571377649,0.503496503497,2.05382127221,0.551025219373,7,3.72727272727,2.05382127221,7,0,0,0,0,0.22962962963,11,11,11,1,0,0.0909090909091,0.636363636364,0.272727272727,11,18,0.163636363636,3.11363636364,3.27272727273,1.8,2.25,1.42062726223,0.434080552347,0.227272727273,0.924416277737,0.564921058617,0.292929292929,1.68954001271,1.03249667443,0.525252525253,1.14353419474,0.367266456706,3.875,3.11363636364,1.14353419474,3.875,0.366666666667,0.266666666667,4,0.0242424242424,0.221111111111,11,11,11,1,0,0.0909090909091,0.636363636364,0.272727272727,-2,-0.0181818181818,0.0702479338843,-0.363636363636,-0.2,-0.25,-0.268912750482,-0.030542951148,-0.0181818181818,-0.243332138505,-0.0773405703161,-0.0434343434343,-0.250469359339,-0.0345084801933,-0.0111111111111,0.0866354202056,0.0199894662943,0.329545454545,0.0702479338843,0.0866354202056,0.329545454545,-0.132380952381,-0.133333333333,-4,-0.0242424242424,-0.0344444444444,0,0,0,18,0,2,90,0.9,1,0,0.1,1,0.9,0.947368421053,0.938314863257,0.9,0.9,5,7,0,0,0,0
1947,WLNM_dir_neg,0.867346938776,0.708291708292,00:00:01,10,50,17,1175612466,threshold_sweep,0.3,1,0.714285714286,0.833333333333,5,0,2,14,0.714285714286,1,0,0.285714285714,1,0.714285714286,0.833333333333,0.904761904762,0.587301587302,0.769230769231,0.790569415042,0.714285714286,20,13,7,0,20,0,13,0,7,11,20,0.181818181818,3.04338842975,3.63636363636,2,2.5,1.68954001271,0.464623503495,0.245454545455,1.16774841624,0.642261628933,0.336363636364,1.94000937205,1.06700515463,0.536363636364,1.05689877454,0.347276990411,3.54545454545,3.04338842975,1.05689877454,3.54545454545,0.499047619048,0.4,8,0.0484848484848,0.255555555556,11,11,11,1,0,0.0909090909091,0.636363636364,0.272727272727,11,0.118181818182,3.72727272727,2.36363636364,1.3,1.625,1.43336856898,0.6064251638,0.286713286713,0.603022689156,0.510249967747,0.237762237762,1.40129809949,1.18571377649,0.503496503497,2.05382127221,0.551025219373,7,3.72727272727,2.05382127221,7,0,0,0,0,0.22962962963,11,11,11,1,0,0.0909090909091,0.636363636364,0.272727272727,11,18,0.163636363636,3.11363636364,3.27272727273,1.8,2.25,1.42062726223,0.434080552347,0.227272727273,0.924416277737,0.564921058617,0.292929292929,1.68954001271,1.03249667443,0.525252525253,1.14353419474,0.367266456706,3.875,3.11363636364,1.14353419474,3.875,0.366666666667,0.266666666667,4,0.0242424242424,0.221111111111,11,11,11,1,0,0.0909090909091,0.636363636364,0.272727272727,-2,-0.0181818181818,0.0702479338843,-0.363636363636,-0.2,-0.25,-0.268912750482,-0.030542951148,-0.0181818181818,-0.243332138505,-0.0773405703161,-0.0434343434343,-0.250469359339,-0.0345084801933,-0.0111111111111,0.0866354202056,0.0199894662943,0.329545454545,0.0702479338843,0.0866354202056,0.329545454545,-0.132380952381,-0.133333333333,-4,-0.0242424242424,-0.0344444444444,0,0,0,18,0,2,90,0.9,1,0,0.1,1,0.9,0.947368421053,0.938314863257,0.9,0.9,5,7,0,0,0,0
1948,WLNM_dir_neg,0.867346938776,0.708291708292,00:00:01,10,50,17,1175612466,threshold_sweep,0.4,1,0.714285714286,0.833333333333,5,0,2,14,0.714285714286,1,0,0.285714285714,1,0.714285714286,0.833333333333,0.904761904762,0.587301587302,0.769230769231,0.790569415042,0.714285714286,20,13,7,0,20,0,13,0,7,11,20,0.181818181818,3.04338842975,3.63636363636,2,2.5,1.68954001271,0.464623503495,0.245454545455,1.16774841624,0.642261628933,0.336363636364,1.94000937205,1.06700515463,0.536363636364,1.05689877454,0.347276990411,3.54545454545,3.04338842975,1.05689877454,3.54545454545,0.499047619048,0.4,8,0.0484848484848,0.255555555556,11,11,11,1,0,0.0909090909091,0.636363636364,0.272727272727,11,0.118181818182,3.72727272727,2.36363636364,1.3,1.625,1.43336856898,0.6064251638,0.286713286713,0.603022689156,0.510249967747,0.237762237762,1.40129809949,1.18571377649,0.503496503497,2.05382127221,0.551025219373,7,3.72727272727,2.05382127221,7,0,0,0,0,0.22962962963,11,11,11,1,0,0.0909090909091,0.636363636364,0.272727272727,11,18,0.163636363636,3.11363636364,3.27272727273,1.8,2.25,1.42062726223,0.434080552347,0.227272727273,0.924416277737,0.564921058617,0.292929292929,1.68954001271,1.03249667443,0.525252525253,1.14353419474,0.367266456706,3.875,3.11363636364,1.14353419474,3.875,0.366666666667,0.266666666667,4,0.0242424242424,0.221111111111,11,11,11,1,0,0.0909090909091,0.636363636364,0.272727272727,-2,-0.0181818181818,0.0702479338843,-0.363636363636,-0.2,-0.25,-0.268912750482,-0.030542951148,-0.0181818181818,-0.243332138505,-0.0773405703161,-0.0434343434343,-0.250469359339,-0.0345084801933,-0.0111111111111,0.0866354202056,0.0199894662943,0.329545454545,0.0702479338843,0.0866354202056,0.329545454545,-0.132380952381,-0.133333333333,-4,-0.0242424242424,-0.0344444444444,0,0,0,18,0,2,90,0.9,1,0,0.1,1,0.9,0.947368421053,0.938314863257,0.9,0.9,5,7,0,0,0,0
1949,WLNM_dir_neg,0.867346938776,0.708291708292,00:00:01,10,50,17,1175612466,threshold_sweep,0.5,1,0.714285714286,0.833333333333,5,0,2,14,0.714285714286,1,0,0.285714285714,1,0.714285714286,0.833333333333,0.904761904762,0.587301587302,0.769230769231,0.790569415042,0.714285714286,20,13,7,0,20,0,13,0,7,11,20,0.181818181818,3.04338842975,3.63636363636,2,2.5,1.68954001271,0.464623503495,0.245454545455,1.16774841624,0.642261628933,0.336363636364,1.94000937205,1.06700515463,0.536363636364,1.05689877454,0.347276990411,3.54545454545,3.04338842975,1.05689877454,3.54545454545,0.499047619048,0.4,8,0.0484848484848,0.255555555556,11,11,11,1,0,0.0909090909091,0.636363636364,0.272727272727,11,0.118181818182,3.72727272727,2.36363636364,1.3,1.625,1.43336856898,0.6064251638,0.286713286713,0.603022689156,0.510249967747,0.237762237762,1.40129809949,1.18571377649,0.503496503497,2.05382127221,0.551025219373,7,3.72727272727,2.05382127221,7,0,0,0,0,0.22962962963,11,11,11,1,0,0.0909090909091,0.636363636364,0.272727272727,11,18,0.163636363636,3.11363636364,3.27272727273,1.8,2.25,1.42062726223,0.434080552347,0.227272727273,0.924416277737,0.564921058617,0.292929292929,1.68954001271,1.03249667443,0.525252525253,1.14353419474,0.367266456706,3.875,3.11363636364,1.14353419474,3.875,0.366666666667,0.266666666667,4,0.0242424242424,0.221111111111,11,11,11,1,0,0.0909090909091,0.636363636364,0.272727272727,-2,-0.0181818181818,0.0702479338843,-0.363636363636,-0.2,-0.25,-0.268912750482,-0.030542951148,-0.0181818181818,-0.243332138505,-0.0773405703161,-0.0434343434343,-0.250469359339,-0.0345084801933,-0.0111111111111,0.0866354202056,0.0199894662943,0.329545454545,0.0702479338843,0.0866354202056,0.329545454545,-0.132380952381,-0.133333333333,-4,-0.0242424242424,-0.0344444444444,0,0,0,18,0,2,90,0.9,1,0,0.1,1,0.9,0.947368421053,0.938314863257,0.9,0.9,5,7,0,0,0,0
1950,WLNM_dir_neg,0.867346938776,0.708291708292,00:00:01,10,50,17,1175612466,threshold_sweep,0.6,1,0.714285714286,0.833333333333,5,0,2,14,0.714285714286,1,0,0.285714285714,1,0.714285714286,0.833333333333,0.904761904762,0.587301587302,0.769230769231,0.790569415042,0.714285714286,20,13,7,0,20,0,13,0,7,11,20,0.181818181818,3.04338842975,3.63636363636,2,2.5,1.68954001271,0.464623503495,0.245454545455,1.16774841624,0.642261628933,0.336363636364,1.94000937205,1.06700515463,0.536363636364,1.05689877454,0.347276990411,3.54545454545,3.04338842975,1.05689877454,3.54545454545,0.499047619048,0.4,8,0.0484848484848,0.255555555556,11,11,11,1,0,0.0909090909091,0.636363636364,0.272727272727,11,0.118181818182,3.72727272727,2.36363636364,1.3,1.625,1.43336856898,0.6064251638,0.286713286713,0.603022689156,0.510249967747,0.237762237762,1.40129809949,1.18571377649,0.503496503497,2.05382127221,0.551025219373,7,3.72727272727,2.05382127221,7,0,0,0,0,0.22962962963,11,11,11,1,0,0.0909090909091,0.636363636364,0.272727272727,11,18,0.163636363636,3.11363636364,3.27272727273,1.8,2.25,1.42062726223,0.434080552347,0.227272727273,0.924416277737,0.564921058617,0.292929292929,1.68954001271,1.03249667443,0.525252525253,1.14353419474,0.367266456706,3.875,3.11363636364,1.14353419474,3.875,0.366666666667,0.266666666667,4,0.0242424242424,0.221111111111,11,11,11,1,0,0.0909090909091,0.636363636364,0.272727272727,-2,-0.0181818181818,0.0702479338843,-0.363636363636,-0.2,-0.25,-0.268912750482,-0.030542951148,-0.0181818181818,-0.243332138505,-0.0773405703161,-0.0434343434343,-0.250469359339,-0.0345084801933,-0.0111111111111,0.0866354202056,0.0199894662943,0.329545454545,0.0702479338843,0.0866354202056,0.329545454545,-0.132380952381,-0.133333333333,-4,-0.0242424242424,-0.0344444444444,0,0,0,18,0,2,90,0.9,1,0,0.1,1,0.9,0.947368421053,0.938314863257,0.9,0.9,5,7,0,0,0,0
1951,WLNM_dir_neg,0.867346938776,0.708291708292,00:00:01,10,50,17,1175612466,threshold_sweep,0.7,1,0.714285714286,0.833333333333,5,0,2,14,0.714285714286,1,0,0.285714285714,1,0.714285714286,0.833333333333,0.904761904762,0.587301587302,0.769230769231,0.790569415042,0.714285714286,20,13,7,0,20,0,13,0,7,11,20,0.181818181818,3.04338842975,3.63636363636,2,2.5,1.68954001271,0.464623503495,0.245454545455,1.16774841624,0.642261628933,0.336363636364,1.94000937205,1.06700515463,0.536363636364,1.05689877454,0.347276990411,3.54545454545,3.04338842975,1.05689877454,3.54545454545,0.499047619048,0.4,8,0.0484848484848,0.255555555556,11,11,11,1,0,0.0909090909091,0.636363636364,0.272727272727,11,0.118181818182,3.72727272727,2.36363636364,1.3,1.625,1.43336856898,0.6064251638,0.286713286713,0.603022689156,0.510249967747,0.237762237762,1.40129809949,1.18571377649,0.503496503497,2.05382127221,0.551025219373,7,3.72727272727,2.05382127221,7,0,0,0,0,0.22962962963,11,11,11,1,0,0.0909090909091,0.636363636364,0.272727272727,11,18,0.163636363636,3.11363636364,3.27272727273,1.8,2.25,1.42062726223,0.434080552347,0.227272727273,0.924416277737,0.564921058617,0.292929292929,1.68954001271,1.03249667443,0.525252525253,1.14353419474,0.367266456706,3.875,3.11363636364,1.14353419474,3.875,0.366666666667,0.266666666667,4,0.0242424242424,0.221111111111,11,11,11,1,0,0.0909090909091,0.636363636364,0.272727272727,-2,-0.0181818181818,0.0702479338843,-0.363636363636,-0.2,-0.25,-0.268912750482,-0.030542951148,-0.0181818181818,-0.243332138505,-0.0773405703161,-0.0434343434343,-0.250469359339,-0.0345084801933,-0.0111111111111,0.0866354202056,0.0199894662943,0.329545454545,0.0702479338843,0.0866354202056,0.329545454545,-0.132380952381,-0.133333333333,-4,-0.0242424242424,-0.0344444444444,0,0,0,18,0,2,90,0.9,1,0,0.1,1,0.9,0.947368421053,0.938314863257,0.9,0.9,5,7,0,0,0,0
1952,WLNM_dir_neg,0.867346938776,0.708291708292,00:00:01,10,50,17,1175612466,threshold_sweep,0.8,1,0.714285714286,0.833333333333,5,0,2,14,0.714285714286,1,0,0.285714285714,1,0.714285714286,0.833333333333,0.904761904762,0.587301587302,0.769230769231,0.790569415042,0.714285714286,20,13,7,0,20,0,13,0,7,11,20,0.181818181818,3.04338842975,3.63636363636,2,2.5,1.68954001271,0.464623503495,0.245454545455,1.16774841624,0.642261628933,0.336363636364,1.94000937205,1.06700515463,0.536363636364,1.05689877454,0.347276990411,3.54545454545,3.04338842975,1.05689877454,3.54545454545,0.499047619048,0.4,8,0.0484848484848,0.255555555556,11,11,11,1,0,0.0909090909091,0.636363636364,0.272727272727,11,0.118181818182,3.72727272727,2.36363636364,1.3,1.625,1.43336856898,0.6064251638,0.286713286713,0.603022689156,0.510249967747,0.237762237762,1.40129809949,1.18571377649,0.503496503497,2.05382127221,0.551025219373,7,3.72727272727,2.05382127221,7,0,0,0,0,0.22962962963,11,11,11,1,0,0.0909090909091,0.636363636364,0.272727272727,11,18,0.163636363636,3.11363636364,3.27272727273,1.8,2.25,1.42062726223,0.434080552347,0.227272727273,0.924416277737,0.564921058617,0.292929292929,1.68954001271,1.03249667443,0.525252525253,1.14353419474,0.367266456706,3.875,3.11363636364,1.14353419474,3.875,0.366666666667,0.266666666667,4,0.0242424242424,0.221111111111,11,11,11,1,0,0.0909090909091,0.636363636364,0.272727272727,-2,-0.0181818181818,0.0702479338843,-0.363636363636,-0.2,-0.25,-0.268912750482,-0.030542951148,-0.0181818181818,-0.243332138505,-0.0773405703161,-0.0434343434343,-0.250469359339,-0.0345084801933,-0.0111111111111,0.0866354202056,0.0199894662943,0.329545454545,0.0702479338843,0.0866354202056,0.329545454545,-0.132380952381,-0.133333333333,-4,-0.0242424242424,-0.0344444444444,0,0,0,18,0,2,90,0.9,1,0,0.1,1,0.9,0.947368421053,0.938314863257,0.9,0.9,5,7,0,0,0,0
1953,WLNM_dir_neg,0.867346938776,0.708291708292,00:00:01,10,50,17,1175612466,threshold_sweep,0.9,1,0.714285714286,0.833333333333,5,0,2,14,0.714285714286,1,0,0.285714285714,1,0.714285714286,0.833333333333,0.904761904762,0.587301587302,0.769230769231,0.790569415042,0.714285714286,20,13,7,0,20,0,13,0,7,11,20,0.181818181818,3.04338842975,3.63636363636,2,2.5,1.68954001271,0.464623503495,0.245454545455,1.16774841624,0.642261628933,0.336363636364,1.94000937205,1.06700515463,0.536363636364,1.05689877454,0.347276990411,3.54545454545,3.04338842975,1.05689877454,3.54545454545,0.499047619048,0.4,8,0.0484848484848,0.255555555556,11,11,11,1,0,0.0909090909091,0.636363636364,0.272727272727,11,0.118181818182,3.72727272727,2.36363636364,1.3,1.625,1.43336856898,0.6064251638,0.286713286713,0.603022689156,0.510249967747,0.237762237762,1.40129809949,1.18571377649,0.503496503497,2.05382127221,0.551025219373,7,3.72727272727,2.05382127221,7,0,0,0,0,0.22962962963,11,11,11,1,0,0.0909090909091,0.636363636364,0.272727272727,11,18,0.163636363636,3.11363636364,3.27272727273,1.8,2.25,1.42062726223,0.434080552347,0.227272727273,0.924416277737,0.564921058617,0.292929292929,1.68954001271,1.03249667443,0.525252525253,1.14353419474,0.367266456706,3.875,3.11363636364,1.14353419474,3.875,0.366666666667,0.266666666667,4,0.0242424242424,0.221111111111,11,11,11,1,0,0.0909090909091,0.636363636364,0.272727272727,-2,-0.0181818181818,0.0702479338843,-0.363636363636,-0.2,-0.25,-0.268912750482,-0.030542951148,-0.0181818181818,-0.243332138505,-0.0773405703161,-0.0434343434343,-0.250469359339,-0.0345084801933,-0.0111111111111,0.0866354202056,0.0199894662943,0.329545454545,0.0702479338843,0.0866354202056,0.329545454545,-0.132380952381,-0.133333333333,-4,-0.0242424242424,-0.0344444444444,0,0,0,18,0,2,90,0.9,1,0,0.1,1,0.9,0.947368421053,0.938314863257,0.9,0.9,5,7,0,0,0,0
1954,WLNM_dir_neg,0.795918367347,0.535364145658,00:00:01,10,50,18,1175612467,threshold_sweep,0.1,1,0.571428571429,0.727272727273,4,0,3,14,0.571428571429,1,0,0.428571428571,1,0.571428571429,0.727272727273,0.857142857143,0.603174603175,0.64,0.68599434057,0.571428571429,20,13,7,0,20,0,13,0,7,11,20,0.181818181818,3.04338842975,3.63636363636,2,2.5,1.68954001271,0.464623503495,0.245454545455,1.16774841624,0.642261628933,0.336363636364,1.94000937205,1.06700515463,0.536363636364,1.05689877454,0.347276990411,3.54545454545,3.04338842975,1.05689877454,3.54545454545,0.499047619048,0.4,8,0.0484848484848,0.255555555556,11,11,11,1,0,0.0909090909091,0.636363636364,0.272727272727,11,0.118181818182,3.72727272727,2.36363636364,1.3,1.625,1.43336856898,0.6064251638,0.286713286713,0.603022689156,0.510249967747,0.237762237762,1.40129809949,1.18571377649,0.503496503497,2.05382127221,0.551025219373,7,3.72727272727,2.05382127221,7,0,0,0,0,0.22962962963,11,11,11,1,0,0.0909090909091,0.636363636364,0.272727272727,11,17,0.154545454545,3.15909090909,3.09090909091,1.7,2.125,1.30034960334,0.420701342257,0.208556149733,0.820199532265,0.530717344407,0.267379679144,1.57249078621,1.01749403814,0.513368983957,1.21589847064,0.38488872452,4,3.15909090909,1.21589847064,4,0.296666666667,0.230769230769,3,0.0181818181818,0.203703703704,11,11,11,1,0,0.0909090909091,0.636363636364,0.272727272727,-3,-0.0272727272727,0.115702479339,-0.545454545455,-0.3,-0.375,-0.389190409368,-0.0439221612377,-0.0368983957219,-0.347548883978,-0.111544284527,-0.0689839572193,-0.367518585835,-0.0495111164884,-0.0229946524064,0.158999696105,0.0376117341084,0.454545454545,0.115702479339,0.158999696105,0.454545454545,-0.202380952381,-0.169230769231,-5,-0.030303030303,-0.0518518518519,0,0,0,17,0,3,90,0.85,1,0,0.15,1,0.85,0.918918918919,0.906962317388,0.85,0.85,4,7,0,0,0,0
1955,WLNM_dir_neg,0.795918367347,0.535364145658,00:00:01,10,50,18,1175612467,threshold_sweep,0.2,1,0.428571428571,0.6,3,0,4,14,0.428571428571,1,0,0.571428571429,1,0.428571428571,0.6,0.809523809524,0.619047619048,0.5,0.57735026919,0.428571428571,20,13,7,0,20,0,13,0,7,11,20,0.181818181818,3.04338842975,3.63636363636,2,2.5,1.68954001271,0.464623503495,0.245454545455,1.16774841624,0.642261628933,0.336363636364,1.94000937205,1.06700515463,0.536363636364,1.05689877454,0.347276990411,3.54545454545,3.04338842975,1.05689877454,3.54545454545,0.499047619048,0.4,8,0.0484848484848,0.255555555556,11,11,11,1,0,0.0909090909091,0.636363636364,0.272727272727,11,0.118181818182,3.72727272727,2.36363636364,1.3,1.625,1.43336856898,0.6064251638,0.286713286713,0.603022689156,0.510249967747,0.237762237762,1.40129809949,1.18571377649,0.503496503497,2.05382127221,0.551025219373,7,3.72727272727,2.05382127221,7,0,0,0,0,0.22962962963,11,11,11,1,0,0.0909090909091,0.636363636364,0.272727272727,11,16,0.145454545455,3.34090909091,2.90909090909,1.6,2,1.3751033019,0.47269176003,0.238636363636,0.820199532265,0.563887178432,0.284090909091,1.57249078621,1.08108741552,0.522727272727,1.55833535894,0.4664405156,5.5,3.34090909091,1.55833535894,5.5,0.32962962963,0.25,3,0.0181818181818,0.196296296296,11,11,11,1,0,0.0909090909091,0.636363636364,0.272727272727,-4,-0.0363636363636,0.297520661157,-0.727272727273,-0.4,-0.5,-0.314436710805,0.00806825653469,-0.00681818181818,-0.347548883978,-0.0783744505013,-0.0522727272727,-0.367518585835,0.0140822608953,-0.0136363636364,0.501436584399,0.119163525188,1.95454545455,0.297520661157,0.501436584399,1.95454545455,-0.169417989418,-0.15,-5,-0.030303030303,-0.0592592592593,0,0,0,16,0,4,90,0.8,1,0,0.2,1,0.8,0.888888888889,0.875189948987,0.8,0.8,3,7,0,0,0,0
1956,WLNM_dir_neg,0.795918367347,0.535364145658,00:00:01,10,50,18,1175612467,threshold_sweep,0.3,1,0.428571428571,0.6,3,0,4,14,0.428571428571,1,0,0.571428571429,1,0.428571428571,0.6,0.809523809524,0.619047619048,0.5,0.57735026919,0.428571428571,20,13,7,0,20,0,13,0,7,11,20,0.181818181818,3.04338842975,3.63636363636,2,2.5,1.68954001271,0.464623503495,0.245454545455,1.16774841624,0.642261628933,0.336363636364,1.94000937205,1.06700515463,0.536363636364,1.05689877454,0.347276990411,3.54545454545,3.04338842975,1.05689877454,3.54545454545,0.499047619048,0.4,8,0.0484848484848,0.255555555556,11,11,11,1,0,0.0909090909091,0.636363636364,0.272727272727,11,0.118181818182,3.72727272727,2.36363636364,1.3,1.625,1.43336856898,0.6064251638,0.286713286713,0.603022689156,0.510249967747,0.237762237762,1.40129809949,1.18571377649,0.503496503497,2.05382127221,0.551025219373,7,3.72727272727,2.05382127221,7,0,0,0,0,0.22962962963,11,11,11,1,0,0.0909090909091,0.636363636364,0.272727272727,11,16,0.145454545455,3.34090909091,2.90909090909,1.6,2,1.3751033019,0.47269176003,0.238636363636,0.820199532265,0.563887178432,0.284090909091,1.57249078621,1.08108741552,0.522727272727,1.55833535894,0.4664405156,5.5,3.34090909091,1.55833535894,5.5,0.32962962963,0.25,3,0.0181818181818,0.196296296296,11,11,11,1,0,0.0909090909091,0.636363636364,0.272727272727,-4,-0.0363636363636,0.297520661157,-0.727272727273,-0.4,-0.5,-0.314436710805,0.00806825653469,-0.00681818181818,-0.347548883978,-0.0783744505013,-0.0522727272727,-0.367518585835,0.0140822608953,-0.0136363636364,0.501436584399,0.119163525188,1.95454545455,0.297520661157,0.501436584399,1.95454545455,-0.169417989418,-0.15,-5,-0.030303030303,-0.0592592592593,0,0,0,16,0,4,90,0.8,1,0,0.2,1,0.8,0.888888888889,0.875189948987,0.8,0.8,3,7,0,0,0,0
1957,WLNM_dir_neg,0.795918367347,0.535364145658,00:00:01,10,50,18,1175612467,threshold_sweep,0.4,1,0.428571428571,0.6,3,0,4,14,0.428571428571,1,0,0.571428571429,1,0.428571428571,0.6,0.809523809524,0.619047619048,0.5,0.57735026919,0.428571428571,20,13,7,0,20,0,13,0,7,11,20,0.181818181818,3.04338842975,3.63636363636,2,2.5,1.68954001271,0.464623503495,0.245454545455,1.16774841624,0.642261628933,0.336363636364,1.94000937205,1.06700515463,0.536363636364,1.05689877454,0.347276990411,3.54545454545,3.04338842975,1.05689877454,3.54545454545,0.499047619048,0.4,8,0.0484848484848,0.255555555556,11,11,11,1,0,0.0909090909091,0.636363636364,0.272727272727,11,0.118181818182,3.72727272727,2.36363636364,1.3,1.625,1.43336856898,0.6064251638,0.286713286713,0.603022689156,0.510249967747,0.237762237762,1.40129809949,1.18571377649,0.503496503497,2.05382127221,0.551025219373,7,3.72727272727,2.05382127221,7,0,0,0,0,0.22962962963,11,11,11,1,0,0.0909090909091,0.636363636364,0.272727272727,11,16,0.145454545455,3.34090909091,2.90909090909,1.6,2,1.3751033019,0.47269176003,0.238636363636,0.820199532265,0.563887178432,0.284090909091,1.57249078621,1.08108741552,0.522727272727,1.55833535894,0.4664405156,5.5,3.34090909091,1.55833535894,5.5,0.32962962963,0.25,3,0.0181818181818,0.196296296296,11,11,11,1,0,0.0909090909091,0.636363636364,0.272727272727,-4,-0.0363636363636,0.297520661157,-0.727272727273,-0.4,-0.5,-0.314436710805,0.00806825653469,-0.00681818181818,-0.347548883978,-0.0783744505013,-0.0522727272727,-0.367518585835,0.0140822608953,-0.0136363636364,0.501436584399,0.119163525188,1.95454545455,0.297520661157,0.501436584399,1.95454545455,-0.169417989418,-0.15,-5,-0.030303030303,-0.0592592592593,0,0,0,16,0,4,90,0.8,1,0,0.2,1,0.8,0.888888888889,0.875189948987,0.8,0.8,3,7,0,0,0,0
1958,WLNM_dir_neg,0.795918367347,0.535364145658,00:00:01,10,50,18,1175612467,threshold_sweep,0.5,1,0.428571428571,0.6,3,0,4,14,0.428571428571,1,0,0.571428571429,1,0.428571428571,0.6,0.809523809524,0.619047619048,0.5,0.57735026919,0.428571428571,20,13,7,0,20,0,13,0,7,11,20,0.181818181818,3.04338842975,3.63636363636,2,2.5,1.68954001271,0.464623503495,0.245454545455,1.16774841624,0.642261628933,0.336363636364,1.94000937205,1.06700515463,0.536363636364,1.05689877454,0.347276990411,3.54545454545,3.04338842975,1.05689877454,3.54545454545,0.499047619048,0.4,8,0.0484848484848,0.255555555556,11,11,11,1,0,0.0909090909091,0.636363636364,0.272727272727,11,0.118181818182,3.72727272727,2.36363636364,1.3,1.625,1.43336856898,0.6064251638,0.286713286713,0.603022689156,0.510249967747,0.237762237762,1.40129809949,1.18571377649,0.503496503497,2.05382127221,0.551025219373,7,3.72727272727,2.05382127221,7,0,0,0,0,0.22962962963,11,11,11,1,0,0.0909090909091,0.636363636364,0.272727272727,11,16,0.145454545455,3.34090909091,2.90909090909,1.6,2,1.3751033019,0.47269176003,0.238636363636,0.820199532265,0.563887178432,0.284090909091,1.57249078621,1.08108741552,0.522727272727,1.55833535894,0.4664405156,5.5,3.34090909091,1.55833535894,5.5,0.32962962963,0.25,3,0.0181818181818,0.196296296296,11,11,11,1,0,0.0909090909091,0.636363636364,0.272727272727,-4,-0.0363636363636,0.297520661157,-0.727272727273,-0.4,-0.5,-0.314436710805,0.00806825653469,-0.00681818181818,-0.347548883978,-0.0783744505013,-0.0522727272727,-0.367518585835,0.0140822608953,-0.0136363636364,0.501436584399,0.119163525188,1.95454545455,0.297520661157,0.501436584399,1.95454545455,-0.169417989418,-0.15,-5,-0.030303030303,-0.0592592592593,0,0,0,16,0,4,90,0.8,1,0,0.2,1,0.8,0.888888888889,0.875189948987,0.8,0.8,3,7,0,0,0,0
1959,WLNM_dir_neg,0.795918367347,0.535364145658,00:00:01,10,50,18,1175612467,threshold_sweep,0.6,1,0.428571428571,0.6,3,0,4,14,0.428571428571,1,0,0.571428571429,1,0.428571428571,0.6,0.809523809524,0.619047619048,0.5,0.57735026919,0.428571428571,20,13,7,0,20,0,13,0,7,11,20,0.181818181818,3.04338842975,3.63636363636,2,2.5,1.68954001271,0.464623503495,0.245454545455,1.16774841624,0.642261628933,0.336363636364,1.94000937205,1.06700515463,0.536363636364,1.05689877454,0.347276990411,3.54545454545,3.04338842975,1.05689877454,3.54545454545,0.499047619048,0.4,8,0.0484848484848,0.255555555556,11,11,11,1,0,0.0909090909091,0.636363636364,0.272727272727,11,0.118181818182,3.72727272727,2.36363636364,1.3,1.625,1.43336856898,0.6064251638,0.286713286713,0.603022689156,0.510249967747,0.237762237762,1.40129809949,1.18571377649,0.503496503497,2.05382127221,0.551025219373,7,3.72727272727,2.05382127221,7,0,0,0,0,0.22962962963,11,11,11,1,0,0.0909090909091,0.636363636364,0.272727272727,11,16,0.145454545455,3.34090909091,2.90909090909,1.6,2,1.3751033019,0.47269176003,0.238636363636,0.820199532265,0.563887178432,0.284090909091,1.57249078621,1.08108741552,0.522727272727,1.55833535894,0.4664405156,5.5,3.34090909091,1.55833535894,5.5,0.32962962963,0.25,3,0.0181818181818,0.196296296296,11,11,11,1,0,0.0909090909091,0.636363636364,0.272727272727,-4,-0.0363636363636,0.297520661157,-0.727272727273,-0.4,-0.5,-0.314436710805,0.00806825653469,-0.00681818181818,-0.347548883978,-0.0783744505013,-0.0522727272727,-0.367518585835,0.0140822608953,-0.0136363636364,0.501436584399,0.119163525188,1.95454545455,0.297520661157,0.501436584399,1.95454545455,-0.169417989418,-0.15,-5,-0.030303030303,-0.0592592592593,0,0,0,16,0,4,90,0.8,1,0,0.2,1,0.8,0.888888888889,0.875189948987,0.8,0.8,3,7,0,0,0,0
1960,WLNM_dir_neg,0.795918367347,0.535364145658,00:00:01,10,50,18,1175612467,threshold_sweep,0.7,1,0.428571428571,0.6,3,0,4,14,0.428571428571,1,0,0.571428571429,1,0.428571428571,0.6,0.809523809524,0.619047619048,0.5,0.57735026919,0.428571428571,20,13,7,0,20,0,13,0,7,11,20,0.181818181818,3.04338842975,3.63636363636,2,2.5,1.68954001271,0.464623503495,0.245454545455,1.16774841624,0.642261628933,0.336363636364,1.94000937205,1.06700515463,0.536363636364,1.05689877454,0.347276990411,3.54545454545,3.04338842975,1.05689877454,3.54545454545,0.499047619048,0.4,8,0.0484848484848,0.255555555556,11,11,11,1,0,0.0909090909091,0.636363636364,0.272727272727,11,0.118181818182,3.72727272727,2.36363636364,1.3,1.625,1.43336856898,0.6064251638,0.286713286713,0.603022689156,0.510249967747,0.237762237762,1.40129809949,1.18571377649,0.503496503497,2.05382127221,0.551025219373,7,3.72727272727,2.05382127221,7,0,0,0,0,0.22962962963,11,11,11,1,0,0.0909090909091,0.636363636364,0.272727272727,11,16,0.145454545455,3.34090909091,2.90909090909,1.6,2,1.3751033019,0.47269176003,0.238636363636,0.820199532265,0.563887178432,0.284090909091,1.57249078621,1.08108741552,0.522727272727,1.55833535894,0.4664405156,5.5,3.34090909091,1.55833535894,5.5,0.32962962963,0.25,3,0.0181818181818,0.196296296296,11,11,11,1,0,0.0909090909091,0.636363636364,0.272727272727,-4,-0.0363636363636,0.297520661157,-0.727272727273,-0.4,-0.5,-0.314436710805,0.00806825653469,-0.00681818181818,-0.347548883978,-0.0783744505013,-0.0522727272727,-0.367518585835,0.0140822608953,-0.0136363636364,0.501436584399,0.119163525188,1.95454545455,0.297520661157,0.501436584399,1.95454545455,-0.169417989418,-0.15,-5,-0.030303030303,-0.0592592592593,0,0,0,16,0,4,90,0.8,1,0,0.2,1,0.8,0.888888888889,0.875189948987,0.8,0.8,3,7,0,0,0,0
1961,WLNM_dir_neg,0.795918367347,0.535364145658,00:00:01,10,50,18,1175612467,threshold_sweep,0.8,1,0.285714285714,0.444444444444,2,0,5,14,0.285714285714,1,0,0.714285714286,1,0.285714285714,0.444444444444,0.761904761905,0.634920634921,0.347826086957,0.458831467741,0.285714285714,20,13,7,0,20,0,13,0,7,11,20,0.181818181818,3.04338842975,3.63636363636,2,2.5,1.68954001271,0.464623503495,0.245454545455,1.16774841624,0.642261628933,0.336363636364,1.94000937205,1.06700515463,0.536363636364,1.05689877454,0.347276990411,3.54545454545,3.04338842975,1.05689877454,3.54545454545,0.499047619048,0.4,8,0.0484848484848,0.255555555556,11,11,11,1,0,0.0909090909091,0.636363636364,0.272727272727,11,0.118181818182,3.72727272727,2.36363636364,1.3,1.625,1.43336856898,0.6064251638,0.286713286713,0.603022689156,0.510249967747,0.237762237762,1.40129809949,1.18571377649,0.503496503497,2.05382127221,0.551025219373,7,3.72727272727,2.05382127221,7,0,0,0,0,0.22962962963,11,11,11,1,0,0.0909090909091,0.636363636364,0.272727272727,11,15,0.136363636364,3.61363636364,2.72727272727,1.5,1.875,1.27207775634,0.466428510659,0.212121212121,0.674199862463,0.494413232473,0.242424242424,1.50151438706,1.10111055051,0.521212121212,2.09572074823,0.579947880012,7,3.61363636364,2.09572074823,7,0.237037037037,0.193548387097,2,0.0121212121212,0.185185185185,11,11,11,1,0,0.0909090909091,0.636363636364,0.272727272727,-5,-0.0454545454545,0.570247933884,-0.909090909091,-0.5,-0.625,-0.417462256367,0.00180500716395,-0.0333333333333,-0.493548553779,-0.14784839646,-0.0939393939394,-0.438494984989,0.0341053958833,-0.0151515151515,1.03882197369,0.232670889601,3.45454545455,0.570247933884,1.03882197369,3.45454545455,-0.262010582011,-0.206451612903,-6,-0.0363636363636,-0.0703703703704,0,0,0,15,0,5,90,0.75,1,0,0.25,1,0.75,0.857142857143,0.842927230424,0.75,0.75,2,7,0,0,0,0
1962,WLNM_dir_neg,0.795918367347,0.535364145658,00:00:01,10,50,18,1175612467,threshold_sweep,0.9,1,0.285714285714,0.444444444444,2,0,5,14,0.285714285714,1,0,0.714285714286,1,0.285714285714,0.444444444444,0.761904761905,0.634920634921,0.347826086957,0.458831467741,0.285714285714,20,13,7,0,20,0,13,0,7,11,20,0.181818181818,3.04338842975,3.63636363636,2,2.5,1.68954001271,0.464623503495,0.245454545455,1.16774841624,0.642261628933,0.336363636364,1.94000937205,1.06700515463,0.536363636364,1.05689877454,0.347276990411,3.54545454545,3.04338842975,1.05689877454,3.54545454545,0.499047619048,0.4,8,0.0484848484848,0.255555555556,11,11,11,1,0,0.0909090909091,0.636363636364,0.272727272727,11,0.118181818182,3.72727272727,2.36363636364,1.3,1.625,1.43336856898,0.6064251638,0.286713286713,0.603022689156,0.510249967747,0.237762237762,1.40129809949,1.18571377649,0.503496503497,2.05382127221,0.551025219373,7,3.72727272727,2.05382127221,7,0,0,0,0,0.22962962963,11,11,11,1,0,0.0909090909091,0.636363636364,0.272727272727,11,15,0.136363636364,3.61363636364,2.72727272727,1.5,1.875,1.27207775634,0.466428510659,0.212121212121,0.674199862463,0.494413232473,0.242424242424,1.50151438706,1.10111055051,0.521212121212,2.09572074823,0.579947880012,7,3.61363636364,2.09572074823,7,0.237037037037,0.193548387097,2,0.0121212121212,0.185185185185,11,11,11,1,0,0.0909090909091,0.636363636364,0.272727272727,-5,-0.0454545454545,0.570247933884,-0.909090909091,-0.5,-0.625,-0.417462256367,0.00180500716395,-0.0333333333333,-0.493548553779,-0.14784839646,-0.0939393939394,-0.438494984989,0.0341053958833,-0.0151515151515,1.03882197369,0.232670889601,3.45454545455,0.570247933884,1.03882197369,3.45454545455,-0.262010582011,-0.206451612903,-6,-0.0363636363636,-0.0703703703704,0,0,0,15,0,5,90,0.75,1,0,0.25,1,0.75,0.857142857143,0.842927230424,0.75,0.75,2,7,0,0,0,0
1963,WLNM_dir_neg,0.80612244898,0.629810962847,00:00:01,10,50,19,1175612468,threshold_sweep,0.1,0.714285714286,0.714285714286,0.714285714286,5,2,2,12,0.714285714286,0.857142857143,0.142857142857,0.285714285714,0.714285714286,0.714285714286,0.714285714286,0.809523809524,0.555555555556,0.571428571429,0.571428571429,0.571428571429,20,13,7,0,20,0,13,0,7,11,20,0.181818181818,3.04338842975,3.63636363636,2,2.5,1.68954001271,0.464623503495,0.245454545455,1.16774841624,0.642261628933,0.336363636364,1.94000937205,1.06700515463,0.536363636364,1.05689877454,0.347276990411,3.54545454545,3.04338842975,1.05689877454,3.54545454545,0.499047619048,0.4,8,0.0484848484848,0.255555555556,11,11,11,1,0,0.0909090909091,0.636363636364,0.272727272727,11,0.118181818182,3.72727272727,2.36363636364,1.3,1.625,1.43336856898,0.6064251638,0.286713286713,0.603022689156,0.510249967747,0.237762237762,1.40129809949,1.18571377649,0.503496503497,2.05382127221,0.551025219373,7,3.72727272727,2.05382127221,7,0,0,0,0,0.22962962963,11,11,11,1,0,0.0909090909091,0.636363636364,0.272727272727,11,20,0.181818181818,4.78409090909,3.63636363636,2,2.5,1.74772579501,0.480624593628,0.245454545455,0.981649817214,0.539907399468,0.281818181818,1.83402190926,1.00871205009,0.518181818182,1.71490789575,0.358460557782,5.875,4.78409090909,1.71490789575,5.875,0.393333333333,0.3,5,0.030303030303,0.24037037037,11,11,11,1,0,0.0909090909091,0.636363636364,0.272727272727,0,0,1.74070247934,0,0,0,0.0581857823014,0.0160010901329,0,-0.186098599028,-0.102354229466,-0.0545454545455,-0.105987462791,-0.0582931045351,-0.0181818181818,0.658009121214,0.0111835673704,2.32954545455,1.74070247934,0.658009121214,2.32954545455,-0.105714285714,-0.1,-3,-0.0181818181818,-0.0151851851852,0,0,0,18,2,2,88,0.9,0.977777777778,0.0222222222222,0.1,0.9,0.9,0.9,0.877777777778,0.877777777778,0.818181818182,7,7,0,0,0,0
1964,WLNM_dir_neg,0.80612244898,0.629810962847,00:00:01,10,50,19,1175612468,threshold_sweep,0.2,0.714285714286,0.714285714286,0.714285714286,5,2,2,12,0.714285714286,0.857142857143,0.142857142857,0.285714285714,0.714285714286,0.714285714286,0.714285714286,0.809523809524,0.555555555556,0.571428571429,0.571428571429,0.571428571429,20,13,7,0,20,0,13,0,7,11,20,0.181818181818,3.04338842975,3.63636363636,2,2.5,1.68954001271,0.464623503495,0.245454545455,1.16774841624,0.642261628933,0.336363636364,1.94000937205,1.06700515463,0.536363636364,1.05689877454,0.347276990411,3.54545454545,3.04338842975,1.05689877454,3.54545454545,0.499047619048,0.4,8,0.0484848484848,0.255555555556,11,11,11,1,0,0.0909090909091,0.636363636364,0.272727272727,11,0.118181818182,3.72727272727,2.36363636364,1.3,1.625,1.43336856898,0.6064251638,0.286713286713,0.603022689156,0.510249967747,0.237762237762,1.40129809949,1.18571377649,0.503496503497,2.05382127221,0.551025219373,7,3.72727272727,2.05382127221,7,0,0,0,0,0.22962962963,11,11,11,1,0,0.0909090909091,0.636363636364,0.272727272727,11,20,0.181818181818,4.78409090909,3.63636363636,2,2.5,1.74772579501,0.480624593628,0.245454545455,0.981649817214,0.539907399468,0.281818181818,1.83402190926,1.00871205009,0.518181818182,1.71490789575,0.358460557782,5.875,4.78409090909,1.71490789575,5.875,0.393333333333,0.3,5,0.030303030303,0.24037037037,11,11,11,1,0,0.0909090909091,0.636363636364,0.272727272727,0,0,1.74070247934,0,0,0,0.0581857823014,0.0160010901329,0,-0.186098599028,-0.102354229466,-0.0545454545455,-0.105987462791,-0.0582931045351,-0.0181818181818,0.658009121214,0.0111835673704,2.32954545455,1.74070247934,0.658009121214,2.32954545455,-0.105714285714,-0.1,-3,-0.0181818181818,-0.0151851851852,0,0,0,18,2,2,88,0.9,0.977777777778,0.0222222222222,0.1,0.9,0.9,0.9,0.877777777778,0.877777777778,0.818181818182,7,7,0,0,0,0
1965,WLNM_dir_neg,0.80612244898,0.629810962847,00:00:01,10,50,19,1175612468,threshold_sweep,0.3,0.714285714286,0.714285714286,0.714285714286,5,2,2,12,0.714285714286,0.857142857143,0.142857142857,0.285714285714,0.714285714286,0.714285714286,0.714285714286,0.809523809524,0.555555555556,0.571428571429,0.571428571429,0.571428571429,20,13,7,0,20,0,13,0,7,11,20,0.181818181818,3.04338842975,3.63636363636,2,2.5,1.68954001271,0.464623503495,0.245454545455,1.16774841624,0.642261628933,0.336363636364,1.94000937205,1.06700515463,0.536363636364,1.05689877454,0.347276990411,3.54545454545,3.04338842975,1.05689877454,3.54545454545,0.499047619048,0.4,8,0.0484848484848,0.255555555556,11,11,11,1,0,0.0909090909091,0.636363636364,0.272727272727,11,0.118181818182,3.72727272727,2.36363636364,1.3,1.625,1.43336856898,0.6064251638,0.286713286713,0.603022689156,0.510249967747,0.237762237762,1.40129809949,1.18571377649,0.503496503497,2.05382127221,0.551025219373,7,3.72727272727,2.05382127221,7,0,0,0,0,0.22962962963,11,11,11,1,0,0.0909090909091,0.636363636364,0.272727272727,11,20,0.181818181818,4.78409090909,3.63636363636,2,2.5,1.74772579501,0.480624593628,0.245454545455,0.981649817214,0.539907399468,0.281818181818,1.83402190926,1.00871205009,0.518181818182,1.71490789575,0.358460557782,5.875,4.78409090909,1.71490789575,5.875,0.393333333333,0.3,5,0.030303030303,0.24037037037,11,11,11,1,0,0.0909090909091,0.636363636364,0.272727272727,0,0,1.74070247934,0,0,0,0.0581857823014,0.0160010901329,0,-0.186098599028,-0.102354229466,-0.0545454545455,-0.105987462791,-0.0582931045351,-0.0181818181818,0.658009121214,0.0111835673704,2.32954545455,1.74070247934,0.658009121214,2.32954545455,-0.105714285714,-0.1,-3,-0.0181818181818,-0.0151851851852,0,0,0,18,2,2,88,0.9,0.977777777778,0.0222222222222,0.1,0.9,0.9,0.9,0.877777777778,0.877777777778,0.818181818182,7,7,0,0,0,0
1966,WLNM_dir_neg,0.80612244898,0.629810962847,00:00:01,10,50,19,1175612468,threshold_sweep,0.4,0.714285714286,0.714285714286,0.714285714286,5,2,2,12,0.714285714286,0.857142857143,0.142857142857,0.285714285714,0.714285714286,0.714285714286,0.714285714286,0.809523809524,0.555555555556,0.571428571429,0.571428571429,0.571428571429,20,13,7,0,20,0,13,0,7,11,20,0.181818181818,3.04338842975,3.63636363636,2,2.5,1.68954001271,0.464623503495,0.245454545455,1.16774841624,0.642261628933,0.336363636364,1.94000937205,1.06700515463,0.536363636364,1.05689877454,0.347276990411,3.54545454545,3.04338842975,1.05689877454,3.54545454545,0.499047619048,0.4,8,0.0484848484848,0.255555555556,11,11,11,1,0,0.0909090909091,0.636363636364,0.272727272727,11,0.118181818182,3.72727272727,2.36363636364,1.3,1.625,1.43336856898,0.6064251638,0.286713286713,0.603022689156,0.510249967747,0.237762237762,1.40129809949,1.18571377649,0.503496503497,2.05382127221,0.551025219373,7,3.72727272727,2.05382127221,7,0,0,0,0,0.22962962963,11,11,11,1,0,0.0909090909091,0.636363636364,0.272727272727,11,20,0.181818181818,4.78409090909,3.63636363636,2,2.5,1.74772579501,0.480624593628,0.245454545455,0.981649817214,0.539907399468,0.281818181818,1.83402190926,1.00871205009,0.518181818182,1.71490789575,0.358460557782,5.875,4.78409090909,1.71490789575,5.875,0.393333333333,0.3,5,0.030303030303,0.24037037037,11,11,11,1,0,0.0909090909091,0.636363636364,0.272727272727,0,0,1.74070247934,0,0,0,0.0581857823014,0.0160010901329,0,-0.186098599028,-0.102354229466,-0.0545454545455,-0.105987462791,-0.0582931045351,-0.0181818181818,0.658009121214,0.0111835673704,2.32954545455,1.74070247934,0.658009121214,2.32954545455,-0.105714285714,-0.1,-3,-0.0181818181818,-0.0151851851852,0,0,0,18,2,2,88,0.9,0.977777777778,0.0222222222222,0.1,0.9,0.9,0.9,0.877777777778,0.877777777778,0.818181818182,7,7,0,0,0,0
1967,WLNM_dir_neg,0.80612244898,0.629810962847,00:00:01,10,50,19,1175612468,threshold_sweep,0.5,0.714285714286,0.714285714286,0.714285714286,5,2,2,12,0.714285714286,0.857142857143,0.142857142857,0.285714285714,0.714285714286,0.714285714286,0.714285714286,0.809523809524,0.555555555556,0.571428571429,0.571428571429,0.571428571429,20,13,7,0,20,0,13,0,7,11,20,0.181818181818,3.04338842975,3.63636363636,2,2.5,1.68954001271,0.464623503495,0.245454545455,1.16774841624,0.642261628933,0.336363636364,1.94000937205,1.06700515463,0.536363636364,1.05689877454,0.347276990411,3.54545454545,3.04338842975,1.05689877454,3.54545454545,0.499047619048,0.4,8,0.0484848484848,0.255555555556,11,11,11,1,0,0.0909090909091,0.636363636364,0.272727272727,11,0.118181818182,3.72727272727,2.36363636364,1.3,1.625,1.43336856898,0.6064251638,0.286713286713,0.603022689156,0.510249967747,0.237762237762,1.40129809949,1.18571377649,0.503496503497,2.05382127221,0.551025219373,7,3.72727272727,2.05382127221,7,0,0,0,0,0.22962962963,11,11,11,1,0,0.0909090909091,0.636363636364,0.272727272727,11,20,0.181818181818,4.78409090909,3.63636363636,2,2.5,1.74772579501,0.480624593628,0.245454545455,0.981649817214,0.539907399468,0.281818181818,1.83402190926,1.00871205009,0.518181818182,1.71490789575,0.358460557782,5.875,4.78409090909,1.71490789575,5.875,0.393333333333,0.3,5,0.030303030303,0.24037037037,11,11,11,1,0,0.0909090909091,0.636363636364,0.272727272727,0,0,1.74070247934,0,0,0,0.0581857823014,0.0160010901329,0,-0.186098599028,-0.102354229466,-0.0545454545455,-0.105987462791,-0.0582931045351,-0.0181818181818,0.658009121214,0.0111835673704,2.32954545455,1.74070247934,0.658009121214,2.32954545455,-0.105714285714,-0.1,-3,-0.0181818181818,-0.0151851851852,0,0,0,18,2,2,88,0.9,0.977777777778,0.0222222222222,0.1,0.9,0.9,0.9,0.877777777778,0.877777777778,0.818181818182,7,7,0,0,0,0
1968,WLNM_dir_neg,0.80612244898,0.629810962847,00:00:01,10,50,19,1175612468,threshold_sweep,0.6,0.833333333333,0.714285714286,0.769230769231,5,1,2,13,0.714285714286,0.928571428571,0.0714285714286,0.285714285714,0.833333333333,0.714285714286,0.769230769231,0.857142857143,0.571428571429,0.666666666667,0.67082039325,0.642857142857,20,13,7,0,20,0,13,0,7,11,20,0.181818181818,3.04338842975,3.63636363636,2,2.5,1.68954001271,0.464623503495,0.245454545455,1.16774841624,0.642261628933,0.336363636364,1.94000937205,1.06700515463,0.536363636364,1.05689877454,0.347276990411,3.54545454545,3.04338842975,1.05689877454,3.54545454545,0.499047619048,0.4,8,0.0484848484848,0.255555555556,11,11,11,1,0,0.0909090909091,0.636363636364,0.272727272727,11,0.118181818182,3.72727272727,2.36363636364,1.3,1.625,1.43336856898,0.6064251638,0.286713286713,0.603022689156,0.510249967747,0.237762237762,1.40129809949,1.18571377649,0.503496503497,2.05382127221,0.551025219373,7,3.72727272727,2.05382127221,7,0,0,0,0,0.22962962963,11,11,11,1,0,0.0909090909091,0.636363636364,0.272727272727,11,19,0.172727272727,3.17803030303,3.45454545455,1.9,2.375,1.43969693781,0.416754376733,0.215311004785,1.00904995822,0.584186817916,0.306220095694,1.67874411933,0.971904490138,0.507177033493,1.20143012424,0.378042375208,3.875,3.17803030303,1.20143012424,3.875,0.393333333333,0.3,5,0.030303030303,0.223703703704,11,11,11,1,0,0.0909090909091,0.636363636364,0.272727272727,-1,-0.00909090909091,0.134641873278,-0.181818181818,-0.1,-0.125,-0.249843074903,-0.0478691267618,-0.0301435406699,-0.158698458023,-0.058074811017,-0.0301435406699,-0.26126525272,-0.0951006644889,-0.0291866028708,0.144531349704,0.0307653847969,0.329545454545,0.134641873278,0.144531349704,0.329545454545,-0.105714285714,-0.1,-3,-0.0181818181818,-0.0318518518519,0,0,0,18,1,2,89,0.9,0.988888888889,0.0111111111111,0.1,0.947368421053,0.9,0.923076923077,0.906956031802,0.888888888889,0.857142857143,6,7,0,0,0,0
1969,WLNM_dir_neg,0.80612244898,0.629810962847,00:00:01,10,50,19,1175612468,threshold_sweep,0.7,0.833333333333,0.714285714286,0.769230769231,5,1,2,13,0.714285714286,0.928571428571,0.0714285714286,0.285714285714,0.833333333333,0.714285714286,0.769230769231,0.857142857143,0.571428571429,0.666666666667,0.67082039325,0.642857142857,20,13,7,0,20,0,13,0,7,11,20,0.181818181818,3.04338842975,3.63636363636,2,2.5,1.68954001271,0.464623503495,0.245454545455,1.16774841624,0.642261628933,0.336363636364,1.94000937205,1.06700515463,0.536363636364,1.05689877454,0.347276990411,3.54545454545,3.04338842975,1.05689877454,3.54545454545,0.499047619048,0.4,8,0.0484848484848,0.255555555556,11,11,11,1,0,0.0909090909091,0.636363636364,0.272727272727,11,0.118181818182,3.72727272727,2.36363636364,1.3,1.625,1.43336856898,0.6064251638,0.286713286713,0.603022689156,0.510249967747,0.237762237762,1.40129809949,1.18571377649,0.503496503497,2.05382127221,0.551025219373,7,3.72727272727,2.05382127221,7,0,0,0,0,0.22962962963,11,11,11,1,0,0.0909090909091,0.636363636364,0.272727272727,11,19,0.172727272727,3.17803030303,3.45454545455,1.9,2.375,1.43969693781,0.416754376733,0.215311004785,1.00904995822,0.584186817916,0.306220095694,1.67874411933,0.971904490138,0.507177033493,1.20143012424,0.378042375208,3.875,3.17803030303,1.20143012424,3.875,0.393333333333,0.3,5,0.030303030303,0.223703703704,11,11,11,1,0,0.0909090909091,0.636363636364,0.272727272727,-1,-0.00909090909091,0.134641873278,-0.181818181818,-0.1,-0.125,-0.249843074903,-0.0478691267618,-0.0301435406699,-0.158698458023,-0.058074811017,-0.0301435406699,-0.26126525272,-0.0951006644889,-0.0291866028708,0.144531349704,0.0307653847969,0.329545454545,0.134641873278,0.144531349704,0.329545454545,-0.105714285714,-0.1,-3,-0.0181818181818,-0.0318518518519,0,0,0,18,1,2,89,0.9,0.988888888889,0.0111111111111,0.1,0.947368421053,0.9,0.923076923077,0.906956031802,0.888888888889,0.857142857143,6,7,0,0,0,0
1970,WLNM_dir_neg,0.80612244898,0.629810962847,00:00:01,10,50,19,1175612468,threshold_sweep,0.8,0.833333333333,0.714285714286,0.769230769231,5,1,2,13,0.714285714286,0.928571428571,0.0714285714286,0.285714285714,0.833333333333,0.714285714286,0.769230769231,0.857142857143,0.571428571429,0.666666666667,0.67082039325,0.642857142857,20,13,7,0,20,0,13,0,7,11,20,0.181818181818,3.04338842975,3.63636363636,2,2.5,1.68954001271,0.464623503495,0.245454545455,1.16774841624,0.642261628933,0.336363636364,1.94000937205,1.06700515463,0.536363636364,1.05689877454,0.347276990411,3.54545454545,3.04338842975,1.05689877454,3.54545454545,0.499047619048,0.4,8,0.0484848484848,0.255555555556,11,11,11,1,0,0.0909090909091,0.636363636364,0.272727272727,11,0.118181818182,3.72727272727,2.36363636364,1.3,1.625,1.43336856898,0.6064251638,0.286713286713,0.603022689156,0.510249967747,0.237762237762,1.40129809949,1.18571377649,0.503496503497,2.05382127221,0.551025219373,7,3.72727272727,2.05382127221,7,0,0,0,0,0.22962962963,11,11,11,1,0,0.0909090909091,0.636363636364,0.272727272727,11,19,0.172727272727,3.17803030303,3.45454545455,1.9,2.375,1.43969693781,0.416754376733,0.215311004785,1.00904995822,0.584186817916,0.306220095694,1.67874411933,0.971904490138,0.507177033493,1.20143012424,0.378042375208,3.875,3.17803030303,1.20143012424,3.875,0.393333333333,0.3,5,0.030303030303,0.223703703704,11,11,11,1,0,0.0909090909091,0.636363636364,0.272727272727,-1,-0.00909090909091,0.134641873278,-0.181818181818,-0.1,-0.125,-0.249843074903,-0.0478691267618,-0.0301435406699,-0.158698458023,-0.058074811017,-0.0301435406699,-0.26126525272,-0.0951006644889,-0.0291866028708,0.144531349704,0.0307653847969,0.329545454545,0.134641873278,0.144531349704,0.329545454545,-0.105714285714,-0.1,-3,-0.0181818181818,-0.0318518518519,0,0,0,18,1,2,89,0.9,0.988888888889,0.0111111111111,0.1,0.947368421053,0.9,0.923076923077,0.906956031802,0.888888888889,0.857142857143,6,7,0,0,0,0
1971,WLNM_dir_neg,0.80612244898,0.629810962847,00:00:01,10,50,19,1175612468,threshold_sweep,0.9,0.833333333333,0.714285714286,0.769230769231,5,1,2,13,0.714285714286,0.928571428571,0.0714285714286,0.285714285714,0.833333333333,0.714285714286,0.769230769231,0.857142857143,0.571428571429,0.666666666667,0.67082039325,0.642857142857,20,13,7,0,20,0,13,0,7,11,20,0.181818181818,3.04338842975,3.63636363636,2,2.5,1.68954001271,0.464623503495,0.245454545455,1.16774841624,0.642261628933,0.336363636364,1.94000937205,1.06700515463,0.536363636364,1.05689877454,0.347276990411,3.54545454545,3.04338842975,1.05689877454,3.54545454545,0.499047619048,0.4,8,0.0484848484848,0.255555555556,11,11,11,1,0,0.0909090909091,0.636363636364,0.272727272727,11,0.118181818182,3.72727272727,2.36363636364,1.3,1.625,1.43336856898,0.6064251638,0.286713286713,0.603022689156,0.510249967747,0.237762237762,1.40129809949,1.18571377649,0.503496503497,2.05382127221,0.551025219373,7,3.72727272727,2.05382127221,7,0,0,0,0,0.22962962963,11,11,11,1,0,0.0909090909091,0.636363636364,0.272727272727,11,19,0.172727272727,3.17803030303,3.45454545455,1.9,2.375,1.43969693781,0.416754376733,0.215311004785,1.00904995822,0.584186817916,0.306220095694,1.67874411933,0.971904490138,0.507177033493,1.20143012424,0.378042375208,3.875,3.17803030303,1.20143012424,3.875,0.393333333333,0.3,5,0.030303030303,0.223703703704,11,11,11,1,0,0.0909090909091,0.636363636364,0.272727272727,-1,-0.00909090909091,0.134641873278,-0.181818181818,-0.1,-0.125,-0.249843074903,-0.0478691267618,-0.0301435406699,-0.158698458023,-0.058074811017,-0.0301435406699,-0.26126525272,-0.0951006644889,-0.0291866028708,0.144531349704,0.0307653847969,0.329545454545,0.134641873278,0.144531349704,0.329545454545,-0.105714285714,-0.1,-3,-0.0181818181818,-0.0318518518519,0,0,0,18,1,2,89,0.9,0.988888888889,0.0111111111111,0.1,0.947368421053,0.9,0.923076923077,0.906956031802,0.888888888889,0.857142857143,6,7,0,0,0,0
1972,WLNM_dir_neg,0.908163265306,0.637528344671,00:00:01,10,50,20,1175612469,threshold_sweep,0.1,0.833333333333,0.714285714286,0.769230769231,5,1,2,13,0.714285714286,0.928571428571,0.0714285714286,0.285714285714,0.833333333333,0.714285714286,0.769230769231,0.857142857143,0.571428571429,0.666666666667,0.67082039325,0.642857142857,20,13,7,0,20,0,13,0,7,11,20,0.181818181818,3.04338842975,3.63636363636,2,2.5,1.68954001271,0.464623503495,0.245454545455,1.16774841624,0.642261628933,0.336363636364,1.94000937205,1.06700515463,0.536363636364,1.05689877454,0.347276990411,3.54545454545,3.04338842975,1.05689877454,3.54545454545,0.499047619048,0.4,8,0.0484848484848,0.255555555556,11,11,11,1,0,0.0909090909091,0.636363636364,0.272727272727,11,0.118181818182,3.72727272727,2.36363636364,1.3,1.625,1.43336856898,0.6064251638,0.286713286713,0.603022689156,0.510249967747,0.237762237762,1.40129809949,1.18571377649,0.503496503497,2.05382127221,0.551025219373,7,3.72727272727,2.05382127221,7,0,0,0,0,0.22962962963,11,11,11,1,0,0.0909090909091,0.636363636364,0.272727272727,11,19,0.172727272727,5.99715909091,3.45454545455,1.9,2.375,1.69491217257,0.490632471007,0.253588516746,0.904534033733,0.523677598477,0.267942583732,1.67874411933,0.971904490138,0.507177033493,2.14896661873,0.35833076731,7.5,5.99715909091,2.14896661873,7.5,0.432380952381,0.333333333333,6,0.0363636363636,0.219259259259,11,11,11,1,0,0.0909090909091,0.636363636364,0.272727272727,-1,-0.00909090909091,2.95377066116,-0.181818181818,-0.1,-0.125,0.00537215986117,0.0260089675122,0.00813397129187,-0.263214382509,-0.118584030456,-0.0684210526316,-0.26126525272,-0.0951006644889,-0.0291866028708,1.09206784419,0.0110537768992,3.95454545455,2.95377066116,1.09206784419,3.95454545455,-0.0666666666667,-0.0666666666667,-2,-0.0121212121212,-0.0362962962963,0,0,0,18,1,2,89,0.9,0.988888888889,0.0111111111111,0.1,0.947368421053,0.9,0.923076923077,0.906956031802,0.888888888889,0.857142857143,6,7,0,0,0,0
1973,WLNM_dir_neg,0.908163265306,0.637528344671,00:00:01,10,50,20,1175612469,threshold_sweep,0.2,0.833333333333,0.714285714286,0.769230769231,5,1,2,13,0.714285714286,0.928571428571,0.0714285714286,0.285714285714,0.833333333333,0.714285714286,0.769230769231,0.857142857143,0.571428571429,0.666666666667,0.67082039325,0.642857142857,20,13,7,0,20,0,13,0,7,11,20,0.181818181818,3.04338842975,3.63636363636,2,2.5,1.68954001271,0.464623503495,0.245454545455,1.16774841624,0.642261628933,0.336363636364,1.94000937205,1.06700515463,0.536363636364,1.05689877454,0.347276990411,3.54545454545,3.04338842975,1.05689877454,3.54545454545,0.499047619048,0.4,8,0.0484848484848,0.255555555556,11,11,11,1,0,0.0909090909091,0.636363636364,0.272727272727,11,0.118181818182,3.72727272727,2.36363636364,1.3,1.625,1.43336856898,0.6064251638,0.286713286713,0.603022689156,0.510249967747,0.237762237762,1.40129809949,1.18571377649,0.503496503497,2.05382127221,0.551025219373,7,3.72727272727,2.05382127221,7,0,0,0,0,0.22962962963,11,11,11,1,0,0.0909090909091,0.636363636364,0.272727272727,11,19,0.172727272727,5.99715909091,3.45454545455,1.9,2.375,1.69491217257,0.490632471007,0.253588516746,0.904534033733,0.523677598477,0.267942583732,1.67874411933,0.971904490138,0.507177033493,2.14896661873,0.35833076731,7.5,5.99715909091,2.14896661873,7.5,0.432380952381,0.333333333333,6,0.0363636363636,0.219259259259,11,11,11,1,0,0.0909090909091,0.636363636364,0.272727272727,-1,-0.00909090909091,2.95377066116,-0.181818181818,-0.1,-0.125,0.00537215986117,0.0260089675122,0.00813397129187,-0.263214382509,-0.118584030456,-0.0684210526316,-0.26126525272,-0.0951006644889,-0.0291866028708,1.09206784419,0.0110537768992,3.95454545455,2.95377066116,1.09206784419,3.95454545455,-0.0666666666667,-0.0666666666667,-2,-0.0121212121212,-0.0362962962963,0,0,0,18,1,2,89,0.9,0.988888888889,0.0111111111111,0.1,0.947368421053,0.9,0.923076923077,0.906956031802,0.888888888889,0.857142857143,6,7,0,0,0,0
1974,WLNM_dir_neg,0.908163265306,0.637528344671,00:00:01,10,50,20,1175612469,threshold_sweep,0.3,0.833333333333,0.714285714286,0.769230769231,5,1,2,13,0.714285714286,0.928571428571,0.0714285714286,0.285714285714,0.833333333333,0.714285714286,0.769230769231,0.857142857143,0.571428571429,0.666666666667,0.67082039325,0.642857142857,20,13,7,0,20,0,13,0,7,11,20,0.181818181818,3.04338842975,3.63636363636,2,2.5,1.68954001271,0.464623503495,0.245454545455,1.16774841624,0.642261628933,0.336363636364,1.94000937205,1.06700515463,0.536363636364,1.05689877454,0.347276990411,3.54545454545,3.04338842975,1.05689877454,3.54545454545,0.499047619048,0.4,8,0.0484848484848,0.255555555556,11,11,11,1,0,0.0909090909091,0.636363636364,0.272727272727,11,0.118181818182,3.72727272727,2.36363636364,1.3,1.625,1.43336856898,0.6064251638,0.286713286713,0.603022689156,0.510249967747,0.237762237762,1.40129809949,1.18571377649,0.503496503497,2.05382127221,0.551025219373,7,3.72727272727,2.05382127221,7,0,0,0,0,0.22962962963,11,11,11,1,0,0.0909090909091,0.636363636364,0.272727272727,11,19,0.172727272727,5.99715909091,3.45454545455,1.9,2.375,1.69491217257,0.490632471007,0.253588516746,0.904534033733,0.523677598477,0.267942583732,1.67874411933,0.971904490138,0.507177033493,2.14896661873,0.35833076731,7.5,5.99715909091,2.14896661873,7.5,0.432380952381,0.333333333333,6,0.0363636363636,0.219259259259,11,11,11,1,0,0.0909090909091,0.636363636364,0.272727272727,-1,-0.00909090909091,2.95377066116,-0.181818181818,-0.1,-0.125,0.00537215986117,0.0260089675122,0.00813397129187,-0.263214382509,-0.118584030456,-0.0684210526316,-0.26126525272,-0.0951006644889,-0.0291866028708,1.09206784419,0.0110537768992,3.95454545455,2.95377066116,1.09206784419,3.95454545455,-0.0666666666667,-0.0666666666667,-2,-0.0121212121212,-0.0362962962963,0,0,0,18,1,2,89,0.9,0.988888888889,0.0111111111111,0.1,0.947368421053,0.9,0.923076923077,0.906956031802,0.888888888889,0.857142857143,6,7,0,0,0,0
1975,WLNM_dir_neg,0.908163265306,0.637528344671,00:00:01,10,50,20,1175612469,threshold_sweep,0.4,0.833333333333,0.714285714286,0.769230769231,5,1,2,13,0.714285714286,0.928571428571,0.0714285714286,0.285714285714,0.833333333333,0.714285714286,0.769230769231,0.857142857143,0.571428571429,0.666666666667,0.67082039325,0.642857142857,20,13,7,0,20,0,13,0,7,11,20,0.181818181818,3.04338842975,3.63636363636,2,2.5,1.68954001271,0.464623503495,0.245454545455,1.16774841624,0.642261628933,0.336363636364,1.94000937205,1.06700515463,0.536363636364,1.05689877454,0.347276990411,3.54545454545,3.04338842975,1.05689877454,3.54545454545,0.499047619048,0.4,8,0.0484848484848,0.255555555556,11,11,11,1,0,0.0909090909091,0.636363636364,0.272727272727,11,0.118181818182,3.72727272727,2.36363636364,1.3,1.625,1.43336856898,0.6064251638,0.286713286713,0.603022689156,0.510249967747,0.237762237762,1.40129809949,1.18571377649,0.503496503497,2.05382127221,0.551025219373,7,3.72727272727,2.05382127221,7,0,0,0,0,0.22962962963,11,11,11,1,0,0.0909090909091,0.636363636364,0.272727272727,11,19,0.172727272727,5.99715909091,3.45454545455,1.9,2.375,1.69491217257,0.490632471007,0.253588516746,0.904534033733,0.523677598477,0.267942583732,1.67874411933,0.971904490138,0.507177033493,2.14896661873,0.35833076731,7.5,5.99715909091,2.14896661873,7.5,0.432380952381,0.333333333333,6,0.0363636363636,0.219259259259,11,11,11,1,0,0.0909090909091,0.636363636364,0.272727272727,-1,-0.00909090909091,2.95377066116,-0.181818181818,-0.1,-0.125,0.00537215986117,0.0260089675122,0.00813397129187,-0.263214382509,-0.118584030456,-0.0684210526316,-0.26126525272,-0.0951006644889,-0.0291866028708,1.09206784419,0.0110537768992,3.95454545455,2.95377066116,1.09206784419,3.95454545455,-0.0666666666667,-0.0666666666667,-2,-0.0121212121212,-0.0362962962963,0,0,0,18,1,2,89,0.9,0.988888888889,0.0111111111111,0.1,0.947368421053,0.9,0.923076923077,0.906956031802,0.888888888889,0.857142857143,6,7,0,0,0,0
1976,WLNM_dir_neg,0.908163265306,0.637528344671,00:00:01,10,50,20,1175612469,threshold_sweep,0.5,0.833333333333,0.714285714286,0.769230769231,5,1,2,13,0.714285714286,0.928571428571,0.0714285714286,0.285714285714,0.833333333333,0.714285714286,0.769230769231,0.857142857143,0.571428571429,0.666666666667,0.67082039325,0.642857142857,20,13,7,0,20,0,13,0,7,11,20,0.181818181818,3.04338842975,3.63636363636,2,2.5,1.68954001271,0.464623503495,0.245454545455,1.16774841624,0.642261628933,0.336363636364,1.94000937205,1.06700515463,0.536363636364,1.05689877454,0.347276990411,3.54545454545,3.04338842975,1.05689877454,3.54545454545,0.499047619048,0.4,8,0.0484848484848,0.255555555556,11,11,11,1,0,0.0909090909091,0.636363636364,0.272727272727,11,0.118181818182,3.72727272727,2.36363636364,1.3,1.625,1.43336856898,0.6064251638,0.286713286713,0.603022689156,0.510249967747,0.237762237762,1.40129809949,1.18571377649,0.503496503497,2.05382127221,0.551025219373,7,3.72727272727,2.05382127221,7,0,0,0,0,0.22962962963,11,11,11,1,0,0.0909090909091,0.636363636364,0.272727272727,11,19,0.172727272727,5.99715909091,3.45454545455,1.9,2.375,1.69491217257,0.490632471007,0.253588516746,0.904534033733,0.523677598477,0.267942583732,1.67874411933,0.971904490138,0.507177033493,2.14896661873,0.35833076731,7.5,5.99715909091,2.14896661873,7.5,0.432380952381,0.333333333333,6,0.0363636363636,0.219259259259,11,11,11,1,0,0.0909090909091,0.636363636364,0.272727272727,-1,-0.00909090909091,2.95377066116,-0.181818181818,-0.1,-0.125,0.00537215986117,0.0260089675122,0.00813397129187,-0.263214382509,-0.118584030456,-0.0684210526316,-0.26126525272,-0.0951006644889,-0.0291866028708,1.09206784419,0.0110537768992,3.95454545455,2.95377066116,1.09206784419,3.95454545455,-0.0666666666667,-0.0666666666667,-2,-0.0121212121212,-0.0362962962963,0,0,0,18,1,2,89,0.9,0.988888888889,0.0111111111111,0.1,0.947368421053,0.9,0.923076923077,0.906956031802,0.888888888889,0.857142857143,6,7,0,0,0,0
1977,WLNM_dir_neg,0.908163265306,0.637528344671,00:00:01,10,50,20,1175612469,threshold_sweep,0.6,0.833333333333,0.714285714286,0.769230769231,5,1,2,13,0.714285714286,0.928571428571,0.0714285714286,0.285714285714,0.833333333333,0.714285714286,0.769230769231,0.857142857143,0.571428571429,0.666666666667,0.67082039325,0.642857142857,20,13,7,0,20,0,13,0,7,11,20,0.181818181818,3.04338842975,3.63636363636,2,2.5,1.68954001271,0.464623503495,0.245454545455,1.16774841624,0.642261628933,0.336363636364,1.94000937205,1.06700515463,0.536363636364,1.05689877454,0.347276990411,3.54545454545,3.04338842975,1.05689877454,3.54545454545,0.499047619048,0.4,8,0.0484848484848,0.255555555556,11,11,11,1,0,0.0909090909091,0.636363636364,0.272727272727,11,0.118181818182,3.72727272727,2.36363636364,1.3,1.625,1.43336856898,0.6064251638,0.286713286713,0.603022689156,0.510249967747,0.237762237762,1.40129809949,1.18571377649,0.503496503497,2.05382127221,0.551025219373,7,3.72727272727,2.05382127221,7,0,0,0,0,0.22962962963,11,11,11,1,0,0.0909090909091,0.636363636364,0.272727272727,11,19,0.172727272727,5.99715909091,3.45454545455,1.9,2.375,1.69491217257,0.490632471007,0.253588516746,0.904534033733,0.523677598477,0.267942583732,1.67874411933,0.971904490138,0.507177033493,2.14896661873,0.35833076731,7.5,5.99715909091,2.14896661873,7.5,0.432380952381,0.333333333333,6,0.0363636363636,0.219259259259,11,11,11,1,0,0.0909090909091,0.636363636364,0.272727272727,-1,-0.00909090909091,2.95377066116,-0.181818181818,-0.1,-0.125,0.00537215986117,0.0260089675122,0.00813397129187,-0.263214382509,-0.118584030456,-0.0684210526316,-0.26126525272,-0.0951006644889,-0.0291866028708,1.09206784419,0.0110537768992,3.95454545455,2.95377066116,1.09206784419,3.95454545455,-0.0666666666667,-0.0666666666667,-2,-0.0121212121212,-0.0362962962963,0,0,0,18,1,2,89,0.9,0.988888888889,0.0111111111111,0.1,0.947368421053,0.9,0.923076923077,0.906956031802,0.888888888889,0.857142857143,6,7,0,0,0,0
1978,WLNM_dir_neg,0.908163265306,0.637528344671,00:00:01,10,50,20,1175612469,threshold_sweep,0.7,0.833333333333,0.714285714286,0.769230769231,5,1,2,13,0.714285714286,0.928571428571,0.0714285714286,0.285714285714,0.833333333333,0.714285714286,0.769230769231,0.857142857143,0.571428571429,0.666666666667,0.67082039325,0.642857142857,20,13,7,0,20,0,13,0,7,11,20,0.181818181818,3.04338842975,3.63636363636,2,2.5,1.68954001271,0.464623503495,0.245454545455,1.16774841624,0.642261628933,0.336363636364,1.94000937205,1.06700515463,0.536363636364,1.05689877454,0.347276990411,3.54545454545,3.04338842975,1.05689877454,3.54545454545,0.499047619048,0.4,8,0.0484848484848,0.255555555556,11,11,11,1,0,0.0909090909091,0.636363636364,0.272727272727,11,0.118181818182,3.72727272727,2.36363636364,1.3,1.625,1.43336856898,0.6064251638,0.286713286713,0.603022689156,0.510249967747,0.237762237762,1.40129809949,1.18571377649,0.503496503497,2.05382127221,0.551025219373,7,3.72727272727,2.05382127221,7,0,0,0,0,0.22962962963,11,11,11,1,0,0.0909090909091,0.636363636364,0.272727272727,11,19,0.172727272727,5.99715909091,3.45454545455,1.9,2.375,1.69491217257,0.490632471007,0.253588516746,0.904534033733,0.523677598477,0.267942583732,1.67874411933,0.971904490138,0.507177033493,2.14896661873,0.35833076731,7.5,5.99715909091,2.14896661873,7.5,0.432380952381,0.333333333333,6,0.0363636363636,0.219259259259,11,11,11,1,0,0.0909090909091,0.636363636364,0.272727272727,-1,-0.00909090909091,2.95377066116,-0.181818181818,-0.1,-0.125,0.00537215986117,0.0260089675122,0.00813397129187,-0.263214382509,-0.118584030456,-0.0684210526316,-0.26126525272,-0.0951006644889,-0.0291866028708,1.09206784419,0.0110537768992,3.95454545455,2.95377066116,1.09206784419,3.95454545455,-0.0666666666667,-0.0666666666667,-2,-0.0121212121212,-0.0362962962963,0,0,0,18,1,2,89,0.9,0.988888888889,0.0111111111111,0.1,0.947368421053,0.9,0.923076923077,0.906956031802,0.888888888889,0.857142857143,6,7,0,0,0,0
1979,WLNM_dir_neg,0.908163265306,0.637528344671,00:00:01,10,50,20,1175612469,threshold_sweep,0.8,0.833333333333,0.714285714286,0.769230769231,5,1,2,13,0.714285714286,0.928571428571,0.0714285714286,0.285714285714,0.833333333333,0.714285714286,0.769230769231,0.857142857143,0.571428571429,0.666666666667,0.67082039325,0.642857142857,20,13,7,0,20,0,13,0,7,11,20,0.181818181818,3.04338842975,3.63636363636,2,2.5,1.68954001271,0.464623503495,0.245454545455,1.16774841624,0.642261628933,0.336363636364,1.94000937205,1.06700515463,0.536363636364,1.05689877454,0.347276990411,3.54545454545,3.04338842975,1.05689877454,3.54545454545,0.499047619048,0.4,8,0.0484848484848,0.255555555556,11,11,11,1,0,0.0909090909091,0.636363636364,0.272727272727,11,0.118181818182,3.72727272727,2.36363636364,1.3,1.625,1.43336856898,0.6064251638,0.286713286713,0.603022689156,0.510249967747,0.237762237762,1.40129809949,1.18571377649,0.503496503497,2.05382127221,0.551025219373,7,3.72727272727,2.05382127221,7,0,0,0,0,0.22962962963,11,11,11,1,0,0.0909090909091,0.636363636364,0.272727272727,11,19,0.172727272727,5.99715909091,3.45454545455,1.9,2.375,1.69491217257,0.490632471007,0.253588516746,0.904534033733,0.523677598477,0.267942583732,1.67874411933,0.971904490138,0.507177033493,2.14896661873,0.35833076731,7.5,5.99715909091,2.14896661873,7.5,0.432380952381,0.333333333333,6,0.0363636363636,0.219259259259,11,11,11,1,0,0.0909090909091,0.636363636364,0.272727272727,-1,-0.00909090909091,2.95377066116,-0.181818181818,-0.1,-0.125,0.00537215986117,0.0260089675122,0.00813397129187,-0.263214382509,-0.118584030456,-0.0684210526316,-0.26126525272,-0.0951006644889,-0.0291866028708,1.09206784419,0.0110537768992,3.95454545455,2.95377066116,1.09206784419,3.95454545455,-0.0666666666667,-0.0666666666667,-2,-0.0121212121212,-0.0362962962963,0,0,0,18,1,2,89,0.9,0.988888888889,0.0111111111111,0.1,0.947368421053,0.9,0.923076923077,0.906956031802,0.888888888889,0.857142857143,6,7,0,0,0,0
1980,WLNM_dir_neg,0.908163265306,0.637528344671,00:00:01,10,50,20,1175612469,threshold_sweep,0.9,0.833333333333,0.714285714286,0.769230769231,5,1,2,13,0.714285714286,0.928571428571,0.0714285714286,0.285714285714,0.833333333333,0.714285714286,0.769230769231,0.857142857143,0.571428571429,0.666666666667,0.67082039325,0.642857142857,20,13,7,0,20,0,13,0,7,11,20,0.181818181818,3.04338842975,3.63636363636,2,2.5,1.68954001271,0.464623503495,0.245454545455,1.16774841624,0.642261628933,0.336363636364,1.94000937205,1.06700515463,0.536363636364,1.05689877454,0.347276990411,3.54545454545,3.04338842975,1.05689877454,3.54545454545,0.499047619048,0.4,8,0.0484848484848,0.255555555556,11,11,11,1,0,0.0909090909091,0.636363636364,0.272727272727,11,0.118181818182,3.72727272727,2.36363636364,1.3,1.625,1.43336856898,0.6064251638,0.286713286713,0.603022689156,0.510249967747,0.237762237762,1.40129809949,1.18571377649,0.503496503497,2.05382127221,0.551025219373,7,3.72727272727,2.05382127221,7,0,0,0,0,0.22962962963,11,11,11,1,0,0.0909090909091,0.636363636364,0.272727272727,11,19,0.172727272727,5.99715909091,3.45454545455,1.9,2.375,1.69491217257,0.490632471007,0.253588516746,0.904534033733,0.523677598477,0.267942583732,1.67874411933,0.971904490138,0.507177033493,2.14896661873,0.35833076731,7.5,5.99715909091,2.14896661873,7.5,0.432380952381,0.333333333333,6,0.0363636363636,0.219259259259,11,11,11,1,0,0.0909090909091,0.636363636364,0.272727272727,-1,-0.00909090909091,2.95377066116,-0.181818181818,-0.1,-0.125,0.00537215986117,0.0260089675122,0.00813397129187,-0.263214382509,-0.118584030456,-0.0684210526316,-0.26126525272,-0.0951006644889,-0.0291866028708,1.09206784419,0.0110537768992,3.95454545455,2.95377066116,1.09206784419,3.95454545455,-0.0666666666667,-0.0666666666667,-2,-0.0121212121212,-0.0362962962963,0,0,0,18,1,2,89,0.9,0.988888888889,0.0111111111111,0.1,0.947368421053,0.9,0.923076923077,0.906956031802,0.888888888889,0.857142857143,6,7,0,0,0,0
1981,WLNM_dir_neg,0.775510204082,0.541715724751,00:00:01,10,50,21,1175612470,threshold_sweep,0.1,0.833333333333,0.714285714286,0.769230769231,5,1,2,13,0.714285714286,0.928571428571,0.0714285714286,0.285714285714,0.833333333333,0.714285714286,0.769230769231,0.857142857143,0.571428571429,0.666666666667,0.67082039325,0.642857142857,20,13,7,0,20,0,13,0,7,11,20,0.181818181818,3.04338842975,3.63636363636,2,2.5,1.68954001271,0.464623503495,0.245454545455,1.16774841624,0.642261628933,0.336363636364,1.94000937205,1.06700515463,0.536363636364,1.05689877454,0.347276990411,3.54545454545,3.04338842975,1.05689877454,3.54545454545,0.499047619048,0.4,8,0.0484848484848,0.255555555556,11,11,11,1,0,0.0909090909091,0.636363636364,0.272727272727,11,0.118181818182,3.72727272727,2.36363636364,1.3,1.625,1.43336856898,0.6064251638,0.286713286713,0.603022689156,0.510249967747,0.237762237762,1.40129809949,1.18571377649,0.503496503497,2.05382127221,0.551025219373,7,3.72727272727,2.05382127221,7,0,0,0,0,0.22962962963,11,11,11,1,0,0.0909090909091,0.636363636364,0.272727272727,11,19,0.172727272727,5.99715909091,3.45454545455,1.9,2.375,1.69491217257,0.490632471007,0.253588516746,0.904534033733,0.523677598477,0.267942583732,1.67874411933,0.971904490138,0.507177033493,2.14896661873,0.35833076731,7.5,5.99715909091,2.14896661873,7.5,0.432380952381,0.333333333333,6,0.0363636363636,0.219259259259,11,11,11,1,0,0.0909090909091,0.636363636364,0.272727272727,-1,-0.00909090909091,2.95377066116,-0.181818181818,-0.1,-0.125,0.00537215986117,0.0260089675122,0.00813397129187,-0.263214382509,-0.118584030456,-0.0684210526316,-0.26126525272,-0.0951006644889,-0.0291866028708,1.09206784419,0.0110537768992,3.95454545455,2.95377066116,1.09206784419,3.95454545455,-0.0666666666667,-0.0666666666667,-2,-0.0121212121212,-0.0362962962963,0,0,0,18,1,2,89,0.9,0.988888888889,0.0111111111111,0.1,0.947368421053,0.9,0.923076923077,0.906956031802,0.888888888889,0.857142857143,6,7,0,0,0,0
1982,WLNM_dir_neg,0.775510204082,0.541715724751,00:00:01,10,50,21,1175612470,threshold_sweep,0.2,0.8,0.571428571429,0.666666666667,4,1,3,13,0.571428571429,0.928571428571,0.0714285714286,0.428571428571,0.8,0.571428571429,0.666666666667,0.809523809524,0.587301587302,0.538461538462,0.553398590529,0.5,20,13,7,0,20,0,13,0,7,11,20,0.181818181818,3.04338842975,3.63636363636,2,2.5,1.68954001271,0.464623503495,0.245454545455,1.16774841624,0.642261628933,0.336363636364,1.94000937205,1.06700515463,0.536363636364,1.05689877454,0.347276990411,3.54545454545,3.04338842975,1.05689877454,3.54545454545,0.499047619048,0.4,8,0.0484848484848,0.255555555556,11,11,11,1,0,0.0909090909091,0.636363636364,0.272727272727,11,0.118181818182,3.72727272727,2.36363636364,1.3,1.625,1.43336856898,0.6064251638,0.286713286713,0.603022689156,0.510249967747,0.237762237762,1.40129809949,1.18571377649,0.503496503497,2.05382127221,0.551025219373,7,3.72727272727,2.05382127221,7,0,0,0,0,0.22962962963,11,11,11,1,0,0.0909090909091,0.636363636364,0.272727272727,11,18,0.163636363636,6.2,3.27272727273,1.8,2.25,1.61807966991,0.494413232473,0.242424242424,0.809039834956,0.494413232473,0.242424242424,1.5666989036,0.957427107756,0.494949494949,2.28560714035,0.368646312959,8.2,6.2,2.28560714035,8.2,0.302380952381,0.25,4,0.0242424242424,0.205555555556,11,11,11,1,0,0.0909090909091,0.636363636364,0.272727272727,-2,-0.0181818181818,3.15661157025,-0.363636363636,-0.2,-0.25,-0.0714603427974,0.029789728978,-0.0030303030303,-0.358708581286,-0.14784839646,-0.0939393939394,-0.373310468447,-0.10957804687,-0.0414141414141,1.22870836581,0.0213693225477,4.65454545455,3.15661157025,1.22870836581,4.65454545455,-0.196666666667,-0.15,-4,-0.0242424242424,-0.05,0,0,0,17,1,3,89,0.85,0.988888888889,0.0111111111111,0.15,0.944444444444,0.85,0.894736842105,0.874602125628,0.838888888889,0.809523809524,5,7,0,0,0,0
1983,WLNM_dir_neg,0.775510204082,0.541715724751,00:00:01,10,50,21,1175612470,threshold_sweep,0.3,0.8,0.571428571429,0.666666666667,4,1,3,13,0.571428571429,0.928571428571,0.0714285714286,0.428571428571,0.8,0.571428571429,0.666666666667,0.809523809524,0.587301587302,0.538461538462,0.553398590529,0.5,20,13,7,0,20,0,13,0,7,11,20,0.181818181818,3.04338842975,3.63636363636,2,2.5,1.68954001271,0.464623503495,0.245454545455,1.16774841624,0.642261628933,0.336363636364,1.94000937205,1.06700515463,0.536363636364,1.05689877454,0.347276990411,3.54545454545,3.04338842975,1.05689877454,3.54545454545,0.499047619048,0.4,8,0.0484848484848,0.255555555556,11,11,11,1,0,0.0909090909091,0.636363636364,0.272727272727,11,0.118181818182,3.72727272727,2.36363636364,1.3,1.625,1.43336856898,0.6064251638,0.286713286713,0.603022689156,0.510249967747,0.237762237762,1.40129809949,1.18571377649,0.503496503497,2.05382127221,0.551025219373,7,3.72727272727,2.05382127221,7,0,0,0,0,0.22962962963,11,11,11,1,0,0.0909090909091,0.636363636364,0.272727272727,11,18,0.163636363636,6.2,3.27272727273,1.8,2.25,1.61807966991,0.494413232473,0.242424242424,0.809039834956,0.494413232473,0.242424242424,1.5666989036,0.957427107756,0.494949494949,2.28560714035,0.368646312959,8.2,6.2,2.28560714035,8.2,0.302380952381,0.25,4,0.0242424242424,0.205555555556,11,11,11,1,0,0.0909090909091,0.636363636364,0.272727272727,-2,-0.0181818181818,3.15661157025,-0.363636363636,-0.2,-0.25,-0.0714603427974,0.029789728978,-0.0030303030303,-0.358708581286,-0.14784839646,-0.0939393939394,-0.373310468447,-0.10957804687,-0.0414141414141,1.22870836581,0.0213693225477,4.65454545455,3.15661157025,1.22870836581,4.65454545455,-0.196666666667,-0.15,-4,-0.0242424242424,-0.05,0,0,0,17,1,3,89,0.85,0.988888888889,0.0111111111111,0.15,0.944444444444,0.85,0.894736842105,0.874602125628,0.838888888889,0.809523809524,5,7,0,0,0,0
1984,WLNM_dir_neg,0.775510204082,0.541715724751,00:00:01,10,50,21,1175612470,threshold_sweep,0.4,0.8,0.571428571429,0.666666666667,4,1,3,13,0.571428571429,0.928571428571,0.0714285714286,0.428571428571,0.8,0.571428571429,0.666666666667,0.809523809524,0.587301587302,0.538461538462,0.553398590529,0.5,20,13,7,0,20,0,13,0,7,11,20,0.181818181818,3.04338842975,3.63636363636,2,2.5,1.68954001271,0.464623503495,0.245454545455,1.16774841624,0.642261628933,0.336363636364,1.94000937205,1.06700515463,0.536363636364,1.05689877454,0.347276990411,3.54545454545,3.04338842975,1.05689877454,3.54545454545,0.499047619048,0.4,8,0.0484848484848,0.255555555556,11,11,11,1,0,0.0909090909091,0.636363636364,0.272727272727,11,0.118181818182,3.72727272727,2.36363636364,1.3,1.625,1.43336856898,0.6064251638,0.286713286713,0.603022689156,0.510249967747,0.237762237762,1.40129809949,1.18571377649,0.503496503497,2.05382127221,0.551025219373,7,3.72727272727,2.05382127221,7,0,0,0,0,0.22962962963,11,11,11,1,0,0.0909090909091,0.636363636364,0.272727272727,11,18,0.163636363636,6.2,3.27272727273,1.8,2.25,1.61807966991,0.494413232473,0.242424242424,0.809039834956,0.494413232473,0.242424242424,1.5666989036,0.957427107756,0.494949494949,2.28560714035,0.368646312959,8.2,6.2,2.28560714035,8.2,0.302380952381,0.25,4,0.0242424242424,0.205555555556,11,11,11,1,0,0.0909090909091,0.636363636364,0.272727272727,-2,-0.0181818181818,3.15661157025,-0.363636363636,-0.2,-0.25,-0.0714603427974,0.029789728978,-0.0030303030303,-0.358708581286,-0.14784839646,-0.0939393939394,-0.373310468447,-0.10957804687,-0.0414141414141,1.22870836581,0.0213693225477,4.65454545455,3.15661157025,1.22870836581,4.65454545455,-0.196666666667,-0.15,-4,-0.0242424242424,-0.05,0,0,0,17,1,3,89,0.85,0.988888888889,0.0111111111111,0.15,0.944444444444,0.85,0.894736842105,0.874602125628,0.838888888889,0.809523809524,5,7,0,0,0,0
1985,WLNM_dir_neg,0.775510204082,0.541715724751,00:00:01,10,50,21,1175612470,threshold_sweep,0.5,0.8,0.571428571429,0.666666666667,4,1,3,13,0.571428571429,0.928571428571,0.0714285714286,0.428571428571,0.8,0.571428571429,0.666666666667,0.809523809524,0.587301587302,0.538461538462,0.553398590529,0.5,20,13,7,0,20,0,13,0,7,11,20,0.181818181818,3.04338842975,3.63636363636,2,2.5,1.68954001271,0.464623503495,0.245454545455,1.16774841624,0.642261628933,0.336363636364,1.94000937205,1.06700515463,0.536363636364,1.05689877454,0.347276990411,3.54545454545,3.04338842975,1.05689877454,3.54545454545,0.499047619048,0.4,8,0.0484848484848,0.255555555556,11,11,11,1,0,0.0909090909091,0.636363636364,0.272727272727,11,0.118181818182,3.72727272727,2.36363636364,1.3,1.625,1.43336856898,0.6064251638,0.286713286713,0.603022689156,0.510249967747,0.237762237762,1.40129809949,1.18571377649,0.503496503497,2.05382127221,0.551025219373,7,3.72727272727,2.05382127221,7,0,0,0,0,0.22962962963,11,11,11,1,0,0.0909090909091,0.636363636364,0.272727272727,11,18,0.163636363636,6.2,3.27272727273,1.8,2.25,1.61807966991,0.494413232473,0.242424242424,0.809039834956,0.494413232473,0.242424242424,1.5666989036,0.957427107756,0.494949494949,2.28560714035,0.368646312959,8.2,6.2,2.28560714035,8.2,0.302380952381,0.25,4,0.0242424242424,0.205555555556,11,11,11,1,0,0.0909090909091,0.636363636364,0.272727272727,-2,-0.0181818181818,3.15661157025,-0.363636363636,-0.2,-0.25,-0.0714603427974,0.029789728978,-0.0030303030303,-0.358708581286,-0.14784839646,-0.0939393939394,-0.373310468447,-0.10957804687,-0.0414141414141,1.22870836581,0.0213693225477,4.65454545455,3.15661157025,1.22870836581,4.65454545455,-0.196666666667,-0.15,-4,-0.0242424242424,-0.05,0,0,0,17,1,3,89,0.85,0.988888888889,0.0111111111111,0.15,0.944444444444,0.85,0.894736842105,0.874602125628,0.838888888889,0.809523809524,5,7,0,0,0,0
1986,WLNM_dir_neg,0.775510204082,0.541715724751,00:00:01,10,50,21,1175612470,threshold_sweep,0.6,0.8,0.571428571429,0.666666666667,4,1,3,13,0.571428571429,0.928571428571,0.0714285714286,0.428571428571,0.8,0.571428571429,0.666666666667,0.809523809524,0.587301587302,0.538461538462,0.553398590529,0.5,20,13,7,0,20,0,13,0,7,11,20,0.181818181818,3.04338842975,3.63636363636,2,2.5,1.68954001271,0.464623503495,0.245454545455,1.16774841624,0.642261628933,0.336363636364,1.94000937205,1.06700515463,0.536363636364,1.05689877454,0.347276990411,3.54545454545,3.04338842975,1.05689877454,3.54545454545,0.499047619048,0.4,8,0.0484848484848,0.255555555556,11,11,11,1,0,0.0909090909091,0.636363636364,0.272727272727,11,0.118181818182,3.72727272727,2.36363636364,1.3,1.625,1.43336856898,0.6064251638,0.286713286713,0.603022689156,0.510249967747,0.237762237762,1.40129809949,1.18571377649,0.503496503497,2.05382127221,0.551025219373,7,3.72727272727,2.05382127221,7,0,0,0,0,0.22962962963,11,11,11,1,0,0.0909090909091,0.636363636364,0.272727272727,11,18,0.163636363636,6.2,3.27272727273,1.8,2.25,1.61807966991,0.494413232473,0.242424242424,0.809039834956,0.494413232473,0.242424242424,1.5666989036,0.957427107756,0.494949494949,2.28560714035,0.368646312959,8.2,6.2,2.28560714035,8.2,0.302380952381,0.25,4,0.0242424242424,0.205555555556,11,11,11,1,0,0.0909090909091,0.636363636364,0.272727272727,-2,-0.0181818181818,3.15661157025,-0.363636363636,-0.2,-0.25,-0.0714603427974,0.029789728978,-0.0030303030303,-0.358708581286,-0.14784839646,-0.0939393939394,-0.373310468447,-0.10957804687,-0.0414141414141,1.22870836581,0.0213693225477,4.65454545455,3.15661157025,1.22870836581,4.65454545455,-0.196666666667,-0.15,-4,-0.0242424242424,-0.05,0,0,0,17,1,3,89,0.85,0.988888888889,0.0111111111111,0.15,0.944444444444,0.85,0.894736842105,0.874602125628,0.838888888889,0.809523809524,5,7,0,0,0,0
1987,WLNM_dir_neg,0.775510204082,0.541715724751,00:00:01,10,50,21,1175612470,threshold_sweep,0.7,0.8,0.571428571429,0.666666666667,4,1,3,13,0.571428571429,0.928571428571,0.0714285714286,0.428571428571,0.8,0.571428571429,0.666666666667,0.809523809524,0.587301587302,0.538461538462,0.553398590529,0.5,20,13,7,0,20,0,13,0,7,11,20,0.181818181818,3.04338842975,3.63636363636,2,2.5,1.68954001271,0.464623503495,0.245454545455,1.16774841624,0.642261628933,0.336363636364,1.94000937205,1.06700515463,0.536363636364,1.05689877454,0.347276990411,3.54545454545,3.04338842975,1.05689877454,3.54545454545,0.499047619048,0.4,8,0.0484848484848,0.255555555556,11,11,11,1,0,0.0909090909091,0.636363636364,0.272727272727,11,0.118181818182,3.72727272727,2.36363636364,1.3,1.625,1.43336856898,0.6064251638,0.286713286713,0.603022689156,0.510249967747,0.237762237762,1.40129809949,1.18571377649,0.503496503497,2.05382127221,0.551025219373,7,3.72727272727,2.05382127221,7,0,0,0,0,0.22962962963,11,11,11,1,0,0.0909090909091,0.636363636364,0.272727272727,11,18,0.163636363636,6.2,3.27272727273,1.8,2.25,1.61807966991,0.494413232473,0.242424242424,0.809039834956,0.494413232473,0.242424242424,1.5666989036,0.957427107756,0.494949494949,2.28560714035,0.368646312959,8.2,6.2,2.28560714035,8.2,0.302380952381,0.25,4,0.0242424242424,0.205555555556,11,11,11,1,0,0.0909090909091,0.636363636364,0.272727272727,-2,-0.0181818181818,3.15661157025,-0.363636363636,-0.2,-0.25,-0.0714603427974,0.029789728978,-0.0030303030303,-0.358708581286,-0.14784839646,-0.0939393939394,-0.373310468447,-0.10957804687,-0.0414141414141,1.22870836581,0.0213693225477,4.65454545455,3.15661157025,1.22870836581,4.65454545455,-0.196666666667,-0.15,-4,-0.0242424242424,-0.05,0,0,0,17,1,3,89,0.85,0.988888888889,0.0111111111111,0.15,0.944444444444,0.85,0.894736842105,0.874602125628,0.838888888889,0.809523809524,5,7,0,0,0,0
1988,WLNM_dir_neg,0.775510204082,0.541715724751,00:00:01,10,50,21,1175612470,threshold_sweep,0.8,0.8,0.571428571429,0.666666666667,4,1,3,13,0.571428571429,0.928571428571,0.0714285714286,0.428571428571,0.8,0.571428571429,0.666666666667,0.809523809524,0.587301587302,0.538461538462,0.553398590529,0.5,20,13,7,0,20,0,13,0,7,11,20,0.181818181818,3.04338842975,3.63636363636,2,2.5,1.68954001271,0.464623503495,0.245454545455,1.16774841624,0.642261628933,0.336363636364,1.94000937205,1.06700515463,0.536363636364,1.05689877454,0.347276990411,3.54545454545,3.04338842975,1.05689877454,3.54545454545,0.499047619048,0.4,8,0.0484848484848,0.255555555556,11,11,11,1,0,0.0909090909091,0.636363636364,0.272727272727,11,0.118181818182,3.72727272727,2.36363636364,1.3,1.625,1.43336856898,0.6064251638,0.286713286713,0.603022689156,0.510249967747,0.237762237762,1.40129809949,1.18571377649,0.503496503497,2.05382127221,0.551025219373,7,3.72727272727,2.05382127221,7,0,0,0,0,0.22962962963,11,11,11,1,0,0.0909090909091,0.636363636364,0.272727272727,11,18,0.163636363636,6.2,3.27272727273,1.8,2.25,1.61807966991,0.494413232473,0.242424242424,0.809039834956,0.494413232473,0.242424242424,1.5666989036,0.957427107756,0.494949494949,2.28560714035,0.368646312959,8.2,6.2,2.28560714035,8.2,0.302380952381,0.25,4,0.0242424242424,0.205555555556,11,11,11,1,0,0.0909090909091,0.636363636364,0.272727272727,-2,-0.0181818181818,3.15661157025,-0.363636363636,-0.2,-0.25,-0.0714603427974,0.029789728978,-0.0030303030303,-0.358708581286,-0.14784839646,-0.0939393939394,-0.373310468447,-0.10957804687,-0.0414141414141,1.22870836581,0.0213693225477,4.65454545455,3.15661157025,1.22870836581,4.65454545455,-0.196666666667,-0.15,-4,-0.0242424242424,-0.05,0,0,0,17,1,3,89,0.85,0.988888888889,0.0111111111111,0.15,0.944444444444,0.85,0.894736842105,0.874602125628,0.838888888889,0.809523809524,5,7,0,0,0,0
1989,WLNM_dir_neg,0.775510204082,0.541715724751,00:00:01,10,50,21,1175612470,threshold_sweep,0.9,0.8,0.571428571429,0.666666666667,4,1,3,13,0.571428571429,0.928571428571,0.0714285714286,0.428571428571,0.8,0.571428571429,0.666666666667,0.809523809524,0.587301587302,0.538461538462,0.553398590529,0.5,20,13,7,0,20,0,13,0,7,11,20,0.181818181818,3.04338842975,3.63636363636,2,2.5,1.68954001271,0.464623503495,0.245454545455,1.16774841624,0.642261628933,0.336363636364,1.94000937205,1.06700515463,0.536363636364,1.05689877454,0.347276990411,3.54545454545,3.04338842975,1.05689877454,3.54545454545,0.499047619048,0.4,8,0.0484848484848,0.255555555556,11,11,11,1,0,0.0909090909091,0.636363636364,0.272727272727,11,0.118181818182,3.72727272727,2.36363636364,1.3,1.625,1.43336856898,0.6064251638,0.286713286713,0.603022689156,0.510249967747,0.237762237762,1.40129809949,1.18571377649,0.503496503497,2.05382127221,0.551025219373,7,3.72727272727,2.05382127221,7,0,0,0,0,0.22962962963,11,11,11,1,0,0.0909090909091,0.636363636364,0.272727272727,11,18,0.163636363636,6.2,3.27272727273,1.8,2.25,1.61807966991,0.494413232473,0.242424242424,0.809039834956,0.494413232473,0.242424242424,1.5666989036,0.957427107756,0.494949494949,2.28560714035,0.368646312959,8.2,6.2,2.28560714035,8.2,0.302380952381,0.25,4,0.0242424242424,0.205555555556,11,11,11,1,0,0.0909090909091,0.636363636364,0.272727272727,-2,-0.0181818181818,3.15661157025,-0.363636363636,-0.2,-0.25,-0.0714603427974,0.029789728978,-0.0030303030303,-0.358708581286,-0.14784839646,-0.0939393939394,-0.373310468447,-0.10957804687,-0.0414141414141,1.22870836581,0.0213693225477,4.65454545455,3.15661157025,1.22870836581,4.65454545455,-0.196666666667,-0.15,-4,-0.0242424242424,-0.05,0,0,0,17,1,3,89,0.85,0.988888888889,0.0111111111111,0.15,0.944444444444,0.85,0.894736842105,0.874602125628,0.838888888889,0.809523809524,5,7,0,0,0,0
1990,WLNM_dir_neg,0.918367346939,0.599422799423,00:00:01,10,50,22,1175612471,threshold_sweep,0.1,1,0.714285714286,0.833333333333,5,0,2,14,0.714285714286,1,0,0.285714285714,1,0.714285714286,0.833333333333,0.904761904762,0.587301587302,0.769230769231,0.790569415042,0.714285714286,20,13,7,0,20,0,13,0,7,11,20,0.181818181818,3.04338842975,3.63636363636,2,2.5,1.68954001271,0.464623503495,0.245454545455,1.16774841624,0.642261628933,0.336363636364,1.94000937205,1.06700515463,0.536363636364,1.05689877454,0.347276990411,3.54545454545,3.04338842975,1.05689877454,3.54545454545,0.499047619048,0.4,8,0.0484848484848,0.255555555556,11,11,11,1,0,0.0909090909091,0.636363636364,0.272727272727,11,0.118181818182,3.72727272727,2.36363636364,1.3,1.625,1.43336856898,0.6064251638,0.286713286713,0.603022689156,0.510249967747,0.237762237762,1.40129809949,1.18571377649,0.503496503497,2.05382127221,0.551025219373,7,3.72727272727,2.05382127221,7,0,0,0,0,0.22962962963,11,11,11,1,0,0.0909090909091,0.636363636364,0.272727272727,11,18,0.163636363636,3.11363636364,3.27272727273,1.8,2.25,1.42062726223,0.434080552347,0.227272727273,0.924416277737,0.564921058617,0.292929292929,1.68954001271,1.03249667443,0.525252525253,1.14353419474,0.367266456706,3.875,3.11363636364,1.14353419474,3.875,0.366666666667,0.266666666667,4,0.0242424242424,0.221111111111,11,11,11,1,0,0.0909090909091,0.636363636364,0.272727272727,-2,-0.0181818181818,0.0702479338843,-0.363636363636,-0.2,-0.25,-0.268912750482,-0.030542951148,-0.0181818181818,-0.243332138505,-0.0773405703161,-0.0434343434343,-0.250469359339,-0.0345084801933,-0.0111111111111,0.0866354202056,0.0199894662943,0.329545454545,0.0702479338843,0.0866354202056,0.329545454545,-0.132380952381,-0.133333333333,-4,-0.0242424242424,-0.0344444444444,0,0,0,18,0,2,90,0.9,1,0,0.1,1,0.9,0.947368421053,0.938314863257,0.9,0.9,5,7,0,0,0,0
1991,WLNM_dir_neg,0.918367346939,0.599422799423,00:00:01,10,50,22,1175612471,threshold_sweep,0.2,1,0.571428571429,0.727272727273,4,0,3,14,0.571428571429,1,0,0.428571428571,1,0.571428571429,0.727272727273,0.857142857143,0.603174603175,0.64,0.68599434057,0.571428571429,20,13,7,0,20,0,13,0,7,11,20,0.181818181818,3.04338842975,3.63636363636,2,2.5,1.68954001271,0.464623503495,0.245454545455,1.16774841624,0.642261628933,0.336363636364,1.94000937205,1.06700515463,0.536363636364,1.05689877454,0.347276990411,3.54545454545,3.04338842975,1.05689877454,3.54545454545,0.499047619048,0.4,8,0.0484848484848,0.255555555556,11,11,11,1,0,0.0909090909091,0.636363636364,0.272727272727,11,0.118181818182,3.72727272727,2.36363636364,1.3,1.625,1.43336856898,0.6064251638,0.286713286713,0.603022689156,0.510249967747,0.237762237762,1.40129809949,1.18571377649,0.503496503497,2.05382127221,0.551025219373,7,3.72727272727,2.05382127221,7,0,0,0,0,0.22962962963,11,11,11,1,0,0.0909090909091,0.636363636364,0.272727272727,11,17,0.154545454545,3.15909090909,3.09090909091,1.7,2.125,1.30034960334,0.420701342257,0.208556149733,0.820199532265,0.530717344407,0.267379679144,1.57249078621,1.01749403814,0.513368983957,1.21589847064,0.38488872452,4,3.15909090909,1.21589847064,4,0.296666666667,0.230769230769,3,0.0181818181818,0.203703703704,11,11,11,1,0,0.0909090909091,0.636363636364,0.272727272727,-3,-0.0272727272727,0.115702479339,-0.545454545455,-0.3,-0.375,-0.389190409368,-0.0439221612377,-0.0368983957219,-0.347548883978,-0.111544284527,-0.0689839572193,-0.367518585835,-0.0495111164884,-0.0229946524064,0.158999696105,0.0376117341084,0.454545454545,0.115702479339,0.158999696105,0.454545454545,-0.202380952381,-0.169230769231,-5,-0.030303030303,-0.0518518518519,0,0,0,17,0,3,90,0.85,1,0,0.15,1,0.85,0.918918918919,0.906962317388,0.85,0.85,4,7,0,0,0,0
1992,WLNM_dir_neg,0.918367346939,0.599422799423,00:00:01,10,50,22,1175612471,threshold_sweep,0.3,1,0.571428571429,0.727272727273,4,0,3,14,0.571428571429,1,0,0.428571428571,1,0.571428571429,0.727272727273,0.857142857143,0.603174603175,0.64,0.68599434057,0.571428571429,20,13,7,0,20,0,13,0,7,11,20,0.181818181818,3.04338842975,3.63636363636,2,2.5,1.68954001271,0.464623503495,0.245454545455,1.16774841624,0.642261628933,0.336363636364,1.94000937205,1.06700515463,0.536363636364,1.05689877454,0.347276990411,3.54545454545,3.04338842975,1.05689877454,3.54545454545,0.499047619048,0.4,8,0.0484848484848,0.255555555556,11,11,11,1,0,0.0909090909091,0.636363636364,0.272727272727,11,0.118181818182,3.72727272727,2.36363636364,1.3,1.625,1.43336856898,0.6064251638,0.286713286713,0.603022689156,0.510249967747,0.237762237762,1.40129809949,1.18571377649,0.503496503497,2.05382127221,0.551025219373,7,3.72727272727,2.05382127221,7,0,0,0,0,0.22962962963,11,11,11,1,0,0.0909090909091,0.636363636364,0.272727272727,11,17,0.154545454545,3.15909090909,3.09090909091,1.7,2.125,1.30034960334,0.420701342257,0.208556149733,0.820199532265,0.530717344407,0.267379679144,1.57249078621,1.01749403814,0.513368983957,1.21589847064,0.38488872452,4,3.15909090909,1.21589847064,4,0.296666666667,0.230769230769,3,0.0181818181818,0.203703703704,11,11,11,1,0,0.0909090909091,0.636363636364,0.272727272727,-3,-0.0272727272727,0.115702479339,-0.545454545455,-0.3,-0.375,-0.389190409368,-0.0439221612377,-0.0368983957219,-0.347548883978,-0.111544284527,-0.0689839572193,-0.367518585835,-0.0495111164884,-0.0229946524064,0.158999696105,0.0376117341084,0.454545454545,0.115702479339,0.158999696105,0.454545454545,-0.202380952381,-0.169230769231,-5,-0.030303030303,-0.0518518518519,0,0,0,17,0,3,90,0.85,1,0,0.15,1,0.85,0.918918918919,0.906962317388,0.85,0.85,4,7,0,0,0,0
1993,WLNM_dir_neg,0.918367346939,0.599422799423,00:00:01,10,50,22,1175612471,threshold_sweep,0.4,1,0.571428571429,0.727272727273,4,0,3,14,0.571428571429,1,0,0.428571428571,1,0.571428571429,0.727272727273,0.857142857143,0.603174603175,0.64,0.68599434057,0.571428571429,20,13,7,0,20,0,13,0,7,11,20,0.181818181818,3.04338842975,3.63636363636,2,2.5,1.68954001271,0.464623503495,0.245454545455,1.16774841624,0.642261628933,0.336363636364,1.94000937205,1.06700515463,0.536363636364,1.05689877454,0.347276990411,3.54545454545,3.04338842975,1.05689877454,3.54545454545,0.499047619048,0.4,8,0.0484848484848,0.255555555556,11,11,11,1,0,0.0909090909091,0.636363636364,0.272727272727,11,0.118181818182,3.72727272727,2.36363636364,1.3,1.625,1.43336856898,0.6064251638,0.286713286713,0.603022689156,0.510249967747,0.237762237762,1.40129809949,1.18571377649,0.503496503497,2.05382127221,0.551025219373,7,3.72727272727,2.05382127221,7,0,0,0,0,0.22962962963,11,11,11,1,0,0.0909090909091,0.636363636364,0.272727272727,11,17,0.154545454545,3.15909090909,3.09090909091,1.7,2.125,1.30034960334,0.420701342257,0.208556149733,0.820199532265,0.530717344407,0.267379679144,1.57249078621,1.01749403814,0.513368983957,1.21589847064,0.38488872452,4,3.15909090909,1.21589847064,4,0.296666666667,0.230769230769,3,0.0181818181818,0.203703703704,11,11,11,1,0,0.0909090909091,0.636363636364,0.272727272727,-3,-0.0272727272727,0.115702479339,-0.545454545455,-0.3,-0.375,-0.389190409368,-0.0439221612377,-0.0368983957219,-0.347548883978,-0.111544284527,-0.0689839572193,-0.367518585835,-0.0495111164884,-0.0229946524064,0.158999696105,0.0376117341084,0.454545454545,0.115702479339,0.158999696105,0.454545454545,-0.202380952381,-0.169230769231,-5,-0.030303030303,-0.0518518518519,0,0,0,17,0,3,90,0.85,1,0,0.15,1,0.85,0.918918918919,0.906962317388,0.85,0.85,4,7,0,0,0,0
1994,WLNM_dir_neg,0.918367346939,0.599422799423,00:00:01,10,50,22,1175612471,threshold_sweep,0.5,1,0.571428571429,0.727272727273,4,0,3,14,0.571428571429,1,0,0.428571428571,1,0.571428571429,0.727272727273,0.857142857143,0.603174603175,0.64,0.68599434057,0.571428571429,20,13,7,0,20,0,13,0,7,11,20,0.181818181818,3.04338842975,3.63636363636,2,2.5,1.68954001271,0.464623503495,0.245454545455,1.16774841624,0.642261628933,0.336363636364,1.94000937205,1.06700515463,0.536363636364,1.05689877454,0.347276990411,3.54545454545,3.04338842975,1.05689877454,3.54545454545,0.499047619048,0.4,8,0.0484848484848,0.255555555556,11,11,11,1,0,0.0909090909091,0.636363636364,0.272727272727,11,0.118181818182,3.72727272727,2.36363636364,1.3,1.625,1.43336856898,0.6064251638,0.286713286713,0.603022689156,0.510249967747,0.237762237762,1.40129809949,1.18571377649,0.503496503497,2.05382127221,0.551025219373,7,3.72727272727,2.05382127221,7,0,0,0,0,0.22962962963,11,11,11,1,0,0.0909090909091,0.636363636364,0.272727272727,11,17,0.154545454545,3.15909090909,3.09090909091,1.7,2.125,1.30034960334,0.420701342257,0.208556149733,0.820199532265,0.530717344407,0.267379679144,1.57249078621,1.01749403814,0.513368983957,1.21589847064,0.38488872452,4,3.15909090909,1.21589847064,4,0.296666666667,0.230769230769,3,0.0181818181818,0.203703703704,11,11,11,1,0,0.0909090909091,0.636363636364,0.272727272727,-3,-0.0272727272727,0.115702479339,-0.545454545455,-0.3,-0.375,-0.389190409368,-0.0439221612377,-0.0368983957219,-0.347548883978,-0.111544284527,-0.0689839572193,-0.367518585835,-0.0495111164884,-0.0229946524064,0.158999696105,0.0376117341084,0.454545454545,0.115702479339,0.158999696105,0.454545454545,-0.202380952381,-0.169230769231,-5,-0.030303030303,-0.0518518518519,0,0,0,17,0,3,90,0.85,1,0,0.15,1,0.85,0.918918918919,0.906962317388,0.85,0.85,4,7,0,0,0,0
1995,WLNM_dir_neg,0.918367346939,0.599422799423,00:00:01,10,50,22,1175612471,threshold_sweep,0.6,1,0.571428571429,0.727272727273,4,0,3,14,0.571428571429,1,0,0.428571428571,1,0.571428571429,0.727272727273,0.857142857143,0.603174603175,0.64,0.68599434057,0.571428571429,20,13,7,0,20,0,13,0,7,11,20,0.181818181818,3.04338842975,3.63636363636,2,2.5,1.68954001271,0.464623503495,0.245454545455,1.16774841624,0.642261628933,0.336363636364,1.94000937205,1.06700515463,0.536363636364,1.05689877454,0.347276990411,3.54545454545,3.04338842975,1.05689877454,3.54545454545,0.499047619048,0.4,8,0.0484848484848,0.255555555556,11,11,11,1,0,0.0909090909091,0.636363636364,0.272727272727,11,0.118181818182,3.72727272727,2.36363636364,1.3,1.625,1.43336856898,0.6064251638,0.286713286713,0.603022689156,0.510249967747,0.237762237762,1.40129809949,1.18571377649,0.503496503497,2.05382127221,0.551025219373,7,3.72727272727,2.05382127221,7,0,0,0,0,0.22962962963,11,11,11,1,0,0.0909090909091,0.636363636364,0.272727272727,11,17,0.154545454545,3.15909090909,3.09090909091,1.7,2.125,1.30034960334,0.420701342257,0.208556149733,0.820199532265,0.530717344407,0.267379679144,1.57249078621,1.01749403814,0.513368983957,1.21589847064,0.38488872452,4,3.15909090909,1.21589847064,4,0.296666666667,0.230769230769,3,0.0181818181818,0.203703703704,11,11,11,1,0,0.0909090909091,0.636363636364,0.272727272727,-3,-0.0272727272727,0.115702479339,-0.545454545455,-0.3,-0.375,-0.389190409368,-0.0439221612377,-0.0368983957219,-0.347548883978,-0.111544284527,-0.0689839572193,-0.367518585835,-0.0495111164884,-0.0229946524064,0.158999696105,0.0376117341084,0.454545454545,0.115702479339,0.158999696105,0.454545454545,-0.202380952381,-0.169230769231,-5,-0.030303030303,-0.0518518518519,0,0,0,17,0,3,90,0.85,1,0,0.15,1,0.85,0.918918918919,0.906962317388,0.85,0.85,4,7,0,0,0,0
1996,WLNM_dir_neg,0.918367346939,0.599422799423,00:00:01,10,50,22,1175612471,threshold_sweep,0.7,1,0.571428571429,0.727272727273,4,0,3,14,0.571428571429,1,0,0.428571428571,1,0.571428571429,0.727272727273,0.857142857143,0.603174603175,0.64,0.68599434057,0.571428571429,20,13,7,0,20,0,13,0,7,11,20,0.181818181818,3.04338842975,3.63636363636,2,2.5,1.68954001271,0.464623503495,0.245454545455,1.16774841624,0.642261628933,0.336363636364,1.94000937205,1.06700515463,0.536363636364,1.05689877454,0.347276990411,3.54545454545,3.04338842975,1.05689877454,3.54545454545,0.499047619048,0.4,8,0.0484848484848,0.255555555556,11,11,11,1,0,0.0909090909091,0.636363636364,0.272727272727,11,0.118181818182,3.72727272727,2.36363636364,1.3,1.625,1.43336856898,0.6064251638,0.286713286713,0.603022689156,0.510249967747,0.237762237762,1.40129809949,1.18571377649,0.503496503497,2.05382127221,0.551025219373,7,3.72727272727,2.05382127221,7,0,0,0,0,0.22962962963,11,11,11,1,0,0.0909090909091,0.636363636364,0.272727272727,11,17,0.154545454545,3.15909090909,3.09090909091,1.7,2.125,1.30034960334,0.420701342257,0.208556149733,0.820199532265,0.530717344407,0.267379679144,1.57249078621,1.01749403814,0.513368983957,1.21589847064,0.38488872452,4,3.15909090909,1.21589847064,4,0.296666666667,0.230769230769,3,0.0181818181818,0.203703703704,11,11,11,1,0,0.0909090909091,0.636363636364,0.272727272727,-3,-0.0272727272727,0.115702479339,-0.545454545455,-0.3,-0.375,-0.389190409368,-0.0439221612377,-0.0368983957219,-0.347548883978,-0.111544284527,-0.0689839572193,-0.367518585835,-0.0495111164884,-0.0229946524064,0.158999696105,0.0376117341084,0.454545454545,0.115702479339,0.158999696105,0.454545454545,-0.202380952381,-0.169230769231,-5,-0.030303030303,-0.0518518518519,0,0,0,17,0,3,90,0.85,1,0,0.15,1,0.85,0.918918918919,0.906962317388,0.85,0.85,4,7,0,0,0,0
1997,WLNM_dir_neg,0.918367346939,0.599422799423,00:00:01,10,50,22,1175612471,threshold_sweep,0.8,1,0.428571428571,0.6,3,0,4,14,0.428571428571,1,0,0.571428571429,1,0.428571428571,0.6,0.809523809524,0.619047619048,0.5,0.57735026919,0.428571428571,20,13,7,0,20,0,13,0,7,11,20,0.181818181818,3.04338842975,3.63636363636,2,2.5,1.68954001271,0.464623503495,0.245454545455,1.16774841624,0.642261628933,0.336363636364,1.94000937205,1.06700515463,0.536363636364,1.05689877454,0.347276990411,3.54545454545,3.04338842975,1.05689877454,3.54545454545,0.499047619048,0.4,8,0.0484848484848,0.255555555556,11,11,11,1,0,0.0909090909091,0.636363636364,0.272727272727,11,0.118181818182,3.72727272727,2.36363636364,1.3,1.625,1.43336856898,0.6064251638,0.286713286713,0.603022689156,0.510249967747,0.237762237762,1.40129809949,1.18571377649,0.503496503497,2.05382127221,0.551025219373,7,3.72727272727,2.05382127221,7,0,0,0,0,0.22962962963,11,11,11,1,0,0.0909090909091,0.636363636364,0.272727272727,11,16,0.145454545455,3.25,2.90909090909,1.6,2,1.22102788294,0.41972833476,0.181818181818,0.687551650952,0.47269176003,0.227272727273,1.50755672289,1.03644524699,0.511363636364,1.3758835545,0.423348786001,4.66666666667,3.25,1.3758835545,4.66666666667,0.213333333333,0.176470588235,2,0.0121212121212,0.192592592593,11,11,11,1,0,0.0909090909091,0.636363636364,0.272727272727,-4,-0.0363636363636,0.206611570248,-0.727272727273,-0.4,-0.5,-0.468512129772,-0.0448951687355,-0.0636363636364,-0.48019676529,-0.169569868904,-0.109090909091,-0.43245264916,-0.0305599076407,-0.025,0.318984779967,0.07607179559,1.12121212121,0.206611570248,0.318984779967,1.12121212121,-0.285714285714,-0.223529411765,-6,-0.0363636363636,-0.062962962963,0,0,0,16,0,4,90,0.8,1,0,0.2,1,0.8,0.888888888889,0.875189948987,0.8,0.8,3,7,0,0,0,0
1998,WLNM_dir_neg,0.918367346939,0.599422799423,00:00:01,10,50,22,1175612471,threshold_sweep,0.9,1,0.428571428571,0.6,3,0,4,14,0.428571428571,1,0,0.571428571429,1,0.428571428571,0.6,0.809523809524,0.619047619048,0.5,0.57735026919,0.428571428571,20,13,7,0,20,0,13,0,7,11,20,0.181818181818,3.04338842975,3.63636363636,2,2.5,1.68954001271,0.464623503495,0.245454545455,1.16774841624,0.642261628933,0.336363636364,1.94000937205,1.06700515463,0.536363636364,1.05689877454,0.347276990411,3.54545454545,3.04338842975,1.05689877454,3.54545454545,0.499047619048,0.4,8,0.0484848484848,0.255555555556,11,11,11,1,0,0.0909090909091,0.636363636364,0.272727272727,11,0.118181818182,3.72727272727,2.36363636364,1.3,1.625,1.43336856898,0.6064251638,0.286713286713,0.603022689156,0.510249967747,0.237762237762,1.40129809949,1.18571377649,0.503496503497,2.05382127221,0.551025219373,7,3.72727272727,2.05382127221,7,0,0,0,0,0.22962962963,11,11,11,1,0,0.0909090909091,0.636363636364,0.272727272727,11,16,0.145454545455,3.25,2.90909090909,1.6,2,1.22102788294,0.41972833476,0.181818181818,0.687551650952,0.47269176003,0.227272727273,1.50755672289,1.03644524699,0.511363636364,1.3758835545,0.423348786001,4.66666666667,3.25,1.3758835545,4.66666666667,0.213333333333,0.176470588235,2,0.0121212121212,0.192592592593,11,11,11,1,0,0.0909090909091,0.636363636364,0.272727272727,-4,-0.0363636363636,0.206611570248,-0.727272727273,-0.4,-0.5,-0.468512129772,-0.0448951687355,-0.0636363636364,-0.48019676529,-0.169569868904,-0.109090909091,-0.43245264916,-0.0305599076407,-0.025,0.318984779967,0.07607179559,1.12121212121,0.206611570248,0.318984779967,1.12121212121,-0.285714285714,-0.223529411765,-6,-0.0363636363636,-0.062962962963,0,0,0,16,0,4,90,0.8,1,0,0.2,1,0.8,0.888888888889,0.875189948987,0.8,0.8,3,7,0,0,0,0
1999,WLNM_dir_neg,0.857142857143,0.559981684982,00:00:02,10,50,23,1175612472,threshold_sweep,0.1,1,0.714285714286,0.833333333333,5,0,2,14,0.714285714286,1,0,0.285714285714,1,0.714285714286,0.833333333333,0.904761904762,0.587301587302,0.769230769231,0.790569415042,0.714285714286,20,13,7,0,20,0,13,0,7,11,20,0.181818181818,3.04338842975,3.63636363636,2,2.5,1.68954001271,0.464623503495,0.245454545455,1.16774841624,0.642261628933,0.336363636364,1.94000937205,1.06700515463,0.536363636364,1.05689877454,0.347276990411,3.54545454545,3.04338842975,1.05689877454,3.54545454545,0.499047619048,0.4,8,0.0484848484848,0.255555555556,11,11,11,1,0,0.0909090909091,0.636363636364,0.272727272727,11,0.118181818182,3.72727272727,2.36363636364,1.3,1.625,1.43336856898,0.6064251638,0.286713286713,0.603022689156,0.510249967747,0.237762237762,1.40129809949,1.18571377649,0.503496503497,2.05382127221,0.551025219373,7,3.72727272727,2.05382127221,7,0,0,0,0,0.22962962963,11,11,11,1,0,0.0909090909091,0.636363636364,0.272727272727,11,18,0.163636363636,3.11363636364,3.27272727273,1.8,2.25,1.42062726223,0.434080552347,0.227272727273,0.924416277737,0.564921058617,0.292929292929,1.68954001271,1.03249667443,0.525252525253,1.14353419474,0.367266456706,3.875,3.11363636364,1.14353419474,3.875,0.366666666667,0.266666666667,4,0.0242424242424,0.221111111111,11,11,11,1,0,0.0909090909091,0.636363636364,0.272727272727,-2,-0.0181818181818,0.0702479338843,-0.363636363636,-0.2,-0.25,-0.268912750482,-0.030542951148,-0.0181818181818,-0.243332138505,-0.0773405703161,-0.0434343434343,-0.250469359339,-0.0345084801933,-0.0111111111111,0.0866354202056,0.0199894662943,0.329545454545,0.0702479338843,0.0866354202056,0.329545454545,-0.132380952381,-0.133333333333,-4,-0.0242424242424,-0.0344444444444,0,0,0,18,0,2,90,0.9,1,0,0.1,1,0.9,0.947368421053,0.938314863257,0.9,0.9,5,7,0,0,0,0
2000,WLNM_dir_neg,0.857142857143,0.559981684982,00:00:02,10,50,23,1175612472,threshold_sweep,0.2,1,0.714285714286,0.833333333333,5,0,2,14,0.714285714286,1,0,0.285714285714,1,0.714285714286,0.833333333333,0.904761904762,0.587301587302,0.769230769231,0.790569415042,0.714285714286,20,13,7,0,20,0,13,0,7,11,20,0.181818181818,3.04338842975,3.63636363636,2,2.5,1.68954001271,0.464623503495,0.245454545455,1.16774841624,0.642261628933,0.336363636364,1.94000937205,1.06700515463,0.536363636364,1.05689877454,0.347276990411,3.54545454545,3.04338842975,1.05689877454,3.54545454545,0.499047619048,0.4,8,0.0484848484848,0.255555555556,11,11,11,1,0,0.0909090909091,0.636363636364,0.272727272727,11,0.118181818182,3.72727272727,2.36363636364,1.3,1.625,1.43336856898,0.6064251638,0.286713286713,0.603022689156,0.510249967747,0.237762237762,1.40129809949,1.18571377649,0.503496503497,2.05382127221,0.551025219373,7,3.72727272727,2.05382127221,7,0,0,0,0,0.22962962963,11,11,11,1,0,0.0909090909091,0.636363636364,0.272727272727,11,18,0.163636363636,3.11363636364,3.27272727273,1.8,2.25,1.42062726223,0.434080552347,0.227272727273,0.924416277737,0.564921058617,0.292929292929,1.68954001271,1.03249667443,0.525252525253,1.14353419474,0.367266456706,3.875,3.11363636364,1.14353419474,3.875,0.366666666667,0.266666666667,4,0.0242424242424,0.221111111111,11,11,11,1,0,0.0909090909091,0.636363636364,0.272727272727,-2,-0.0181818181818,0.0702479338843,-0.363636363636,-0.2,-0.25,-0.268912750482,-0.030542951148,-0.0181818181818,-0.243332138505,-0.0773405703161,-0.0434343434343,-0.250469359339,-0.0345084801933,-0.0111111111111,0.0866354202056,0.0199894662943,0.329545454545,0.0702479338843,0.0866354202056,0.329545454545,-0.132380952381,-0.133333333333,-4,-0.0242424242424,-0.0344444444444,0,0,0,18,0,2,90,0.9,1,0,0.1,1,0.9,0.947368421053,0.938314863257,0.9,0.9,5,7,0,0,0,0
2001,WLNM_dir_neg,0.857142857143,0.559981684982,00:00:02,10,50,23,1175612472,threshold_sweep,0.3,1,0.714285714286,0.833333333333,5,0,2,14,0.714285714286,1,0,0.285714285714,1,0.714285714286,0.833333333333,0.904761904762,0.587301587302,0.769230769231,0.790569415042,0.714285714286,20,13,7,0,20,0,13,0,7,11,20,0.181818181818,3.04338842975,3.63636363636,2,2.5,1.68954001271,0.464623503495,0.245454545455,1.16774841624,0.642261628933,0.336363636364,1.94000937205,1.06700515463,0.536363636364,1.05689877454,0.347276990411,3.54545454545,3.04338842975,1.05689877454,3.54545454545,0.499047619048,0.4,8,0.0484848484848,0.255555555556,11,11,11,1,0,0.0909090909091,0.636363636364,0.272727272727,11,0.118181818182,3.72727272727,2.36363636364,1.3,1.625,1.43336856898,0.6064251638,0.286713286713,0.603022689156,0.510249967747,0.237762237762,1.40129809949,1.18571377649,0.503496503497,2.05382127221,0.551025219373,7,3.72727272727,2.05382127221,7,0,0,0,0,0.22962962963,11,11,11,1,0,0.0909090909091,0.636363636364,0.272727272727,11,18,0.163636363636,3.11363636364,3.27272727273,1.8,2.25,1.42062726223,0.434080552347,0.227272727273,0.924416277737,0.564921058617,0.292929292929,1.68954001271,1.03249667443,0.525252525253,1.14353419474,0.367266456706,3.875,3.11363636364,1.14353419474,3.875,0.366666666667,0.266666666667,4,0.0242424242424,0.221111111111,11,11,11,1,0,0.0909090909091,0.636363636364,0.272727272727,-2,-0.0181818181818,0.0702479338843,-0.363636363636,-0.2,-0.25,-0.268912750482,-0.030542951148,-0.0181818181818,-0.243332138505,-0.0773405703161,-0.0434343434343,-0.250469359339,-0.0345084801933,-0.0111111111111,0.0866354202056,0.0199894662943,0.329545454545,0.0702479338843,0.0866354202056,0.329545454545,-0.132380952381,-0.133333333333,-4,-0.0242424242424,-0.0344444444444,0,0,0,18,0,2,90,0.9,1,0,0.1,1,0.9,0.947368421053,0.938314863257,0.9,0.9,5,7,0,0,0,0
2002,WLNM_dir_neg,0.857142857143,0.559981684982,00:00:02,10,50,23,1175612472,threshold_sweep,0.4,1,0.714285714286,0.833333333333,5,0,2,14,0.714285714286,1,0,0.285714285714,1,0.714285714286,0.833333333333,0.904761904762,0.587301587302,0.769230769231,0.790569415042,0.714285714286,20,13,7,0,20,0,13,0,7,11,20,0.181818181818,3.04338842975,3.63636363636,2,2.5,1.68954001271,0.464623503495,0.245454545455,1.16774841624,0.642261628933,0.336363636364,1.94000937205,1.06700515463,0.536363636364,1.05689877454,0.347276990411,3.54545454545,3.04338842975,1.05689877454,3.54545454545,0.499047619048,0.4,8,0.0484848484848,0.255555555556,11,11,11,1,0,0.0909090909091,0.636363636364,0.272727272727,11,0.118181818182,3.72727272727,2.36363636364,1.3,1.625,1.43336856898,0.6064251638,0.286713286713,0.603022689156,0.510249967747,0.237762237762,1.40129809949,1.18571377649,0.503496503497,2.05382127221,0.551025219373,7,3.72727272727,2.05382127221,7,0,0,0,0,0.22962962963,11,11,11,1,0,0.0909090909091,0.636363636364,0.272727272727,11,18,0.163636363636,3.11363636364,3.27272727273,1.8,2.25,1.42062726223,0.434080552347,0.227272727273,0.924416277737,0.564921058617,0.292929292929,1.68954001271,1.03249667443,0.525252525253,1.14353419474,0.367266456706,3.875,3.11363636364,1.14353419474,3.875,0.366666666667,0.266666666667,4,0.0242424242424,0.221111111111,11,11,11,1,0,0.0909090909091,0.636363636364,0.272727272727,-2,-0.0181818181818,0.0702479338843,-0.363636363636,-0.2,-0.25,-0.268912750482,-0.030542951148,-0.0181818181818,-0.243332138505,-0.0773405703161,-0.0434343434343,-0.250469359339,-0.0345084801933,-0.0111111111111,0.0866354202056,0.0199894662943,0.329545454545,0.0702479338843,0.0866354202056,0.329545454545,-0.132380952381,-0.133333333333,-4,-0.0242424242424,-0.0344444444444,0,0,0,18,0,2,90,0.9,1,0,0.1,1,0.9,0.947368421053,0.938314863257,0.9,0.9,5,7,0,0,0,0
2003,WLNM_dir_neg,0.857142857143,0.559981684982,00:00:02,10,50,23,1175612472,threshold_sweep,0.5,1,0.714285714286,0.833333333333,5,0,2,14,0.714285714286,1,0,0.285714285714,1,0.714285714286,0.833333333333,0.904761904762,0.587301587302,0.769230769231,0.790569415042,0.714285714286,20,13,7,0,20,0,13,0,7,11,20,0.181818181818,3.04338842975,3.63636363636,2,2.5,1.68954001271,0.464623503495,0.245454545455,1.16774841624,0.642261628933,0.336363636364,1.94000937205,1.06700515463,0.536363636364,1.05689877454,0.347276990411,3.54545454545,3.04338842975,1.05689877454,3.54545454545,0.499047619048,0.4,8,0.0484848484848,0.255555555556,11,11,11,1,0,0.0909090909091,0.636363636364,0.272727272727,11,0.118181818182,3.72727272727,2.36363636364,1.3,1.625,1.43336856898,0.6064251638,0.286713286713,0.603022689156,0.510249967747,0.237762237762,1.40129809949,1.18571377649,0.503496503497,2.05382127221,0.551025219373,7,3.72727272727,2.05382127221,7,0,0,0,0,0.22962962963,11,11,11,1,0,0.0909090909091,0.636363636364,0.272727272727,11,18,0.163636363636,3.11363636364,3.27272727273,1.8,2.25,1.42062726223,0.434080552347,0.227272727273,0.924416277737,0.564921058617,0.292929292929,1.68954001271,1.03249667443,0.525252525253,1.14353419474,0.367266456706,3.875,3.11363636364,1.14353419474,3.875,0.366666666667,0.266666666667,4,0.0242424242424,0.221111111111,11,11,11,1,0,0.0909090909091,0.636363636364,0.272727272727,-2,-0.0181818181818,0.0702479338843,-0.363636363636,-0.2,-0.25,-0.268912750482,-0.030542951148,-0.0181818181818,-0.243332138505,-0.0773405703161,-0.0434343434343,-0.250469359339,-0.0345084801933,-0.0111111111111,0.0866354202056,0.0199894662943,0.329545454545,0.0702479338843,0.0866354202056,0.329545454545,-0.132380952381,-0.133333333333,-4,-0.0242424242424,-0.0344444444444,0,0,0,18,0,2,90,0.9,1,0,0.1,1,0.9,0.947368421053,0.938314863257,0.9,0.9,5,7,0,0,0,0
2004,WLNM_dir_neg,0.857142857143,0.559981684982,00:00:02,10,50,23,1175612472,threshold_sweep,0.6,1,0.714285714286,0.833333333333,5,0,2,14,0.714285714286,1,0,0.285714285714,1,0.714285714286,0.833333333333,0.904761904762,0.587301587302,0.769230769231,0.790569415042,0.714285714286,20,13,7,0,20,0,13,0,7,11,20,0.181818181818,3.04338842975,3.63636363636,2,2.5,1.68954001271,0.464623503495,0.245454545455,1.16774841624,0.642261628933,0.336363636364,1.94000937205,1.06700515463,0.536363636364,1.05689877454,0.347276990411,3.54545454545,3.04338842975,1.05689877454,3.54545454545,0.499047619048,0.4,8,0.0484848484848,0.255555555556,11,11,11,1,0,0.0909090909091,0.636363636364,0.272727272727,11,0.118181818182,3.72727272727,2.36363636364,1.3,1.625,1.43336856898,0.6064251638,0.286713286713,0.603022689156,0.510249967747,0.237762237762,1.40129809949,1.18571377649,0.503496503497,2.05382127221,0.551025219373,7,3.72727272727,2.05382127221,7,0,0,0,0,0.22962962963,11,11,11,1,0,0.0909090909091,0.636363636364,0.272727272727,11,18,0.163636363636,3.11363636364,3.27272727273,1.8,2.25,1.42062726223,0.434080552347,0.227272727273,0.924416277737,0.564921058617,0.292929292929,1.68954001271,1.03249667443,0.525252525253,1.14353419474,0.367266456706,3.875,3.11363636364,1.14353419474,3.875,0.366666666667,0.266666666667,4,0.0242424242424,0.221111111111,11,11,11,1,0,0.0909090909091,0.636363636364,0.272727272727,-2,-0.0181818181818,0.0702479338843,-0.363636363636,-0.2,-0.25,-0.268912750482,-0.030542951148,-0.0181818181818,-0.243332138505,-0.0773405703161,-0.0434343434343,-0.250469359339,-0.0345084801933,-0.0111111111111,0.0866354202056,0.0199894662943,0.329545454545,0.0702479338843,0.0866354202056,0.329545454545,-0.132380952381,-0.133333333333,-4,-0.0242424242424,-0.0344444444444,0,0,0,18,0,2,90,0.9,1,0,0.1,1,0.9,0.947368421053,0.938314863257,0.9,0.9,5,7,0,0,0,0
2005,WLNM_dir_neg,0.857142857143,0.559981684982,00:00:02,10,50,23,1175612472,threshold_sweep,0.7,1,0.714285714286,0.833333333333,5,0,2,14,0.714285714286,1,0,0.285714285714,1,0.714285714286,0.833333333333,0.904761904762,0.587301587302,0.769230769231,0.790569415042,0.714285714286,20,13,7,0,20,0,13,0,7,11,20,0.181818181818,3.04338842975,3.63636363636,2,2.5,1.68954001271,0.464623503495,0.245454545455,1.16774841624,0.642261628933,0.336363636364,1.94000937205,1.06700515463,0.536363636364,1.05689877454,0.347276990411,3.54545454545,3.04338842975,1.05689877454,3.54545454545,0.499047619048,0.4,8,0.0484848484848,0.255555555556,11,11,11,1,0,0.0909090909091,0.636363636364,0.272727272727,11,0.118181818182,3.72727272727,2.36363636364,1.3,1.625,1.43336856898,0.6064251638,0.286713286713,0.603022689156,0.510249967747,0.237762237762,1.40129809949,1.18571377649,0.503496503497,2.05382127221,0.551025219373,7,3.72727272727,2.05382127221,7,0,0,0,0,0.22962962963,11,11,11,1,0,0.0909090909091,0.636363636364,0.272727272727,11,18,0.163636363636,3.11363636364,3.27272727273,1.8,2.25,1.42062726223,0.434080552347,0.227272727273,0.924416277737,0.564921058617,0.292929292929,1.68954001271,1.03249667443,0.525252525253,1.14353419474,0.367266456706,3.875,3.11363636364,1.14353419474,3.875,0.366666666667,0.266666666667,4,0.0242424242424,0.221111111111,11,11,11,1,0,0.0909090909091,0.636363636364,0.272727272727,-2,-0.0181818181818,0.0702479338843,-0.363636363636,-0.2,-0.25,-0.268912750482,-0.030542951148,-0.0181818181818,-0.243332138505,-0.0773405703161,-0.0434343434343,-0.250469359339,-0.0345084801933,-0.0111111111111,0.0866354202056,0.0199894662943,0.329545454545,0.0702479338843,0.0866354202056,0.329545454545,-0.132380952381,-0.133333333333,-4,-0.0242424242424,-0.0344444444444,0,0,0,18,0,2,90,0.9,1,0,0.1,1,0.9,0.947368421053,0.938314863257,0.9,0.9,5,7,0,0,0,0
2006,WLNM_dir_neg,0.857142857143,0.559981684982,00:00:02,10,50,23,1175612472,threshold_sweep,0.8,1,0.714285714286,0.833333333333,5,0,2,14,0.714285714286,1,0,0.285714285714,1,0.714285714286,0.833333333333,0.904761904762,0.587301587302,0.769230769231,0.790569415042,0.714285714286,20,13,7,0,20,0,13,0,7,11,20,0.181818181818,3.04338842975,3.63636363636,2,2.5,1.68954001271,0.464623503495,0.245454545455,1.16774841624,0.642261628933,0.336363636364,1.94000937205,1.06700515463,0.536363636364,1.05689877454,0.347276990411,3.54545454545,3.04338842975,1.05689877454,3.54545454545,0.499047619048,0.4,8,0.0484848484848,0.255555555556,11,11,11,1,0,0.0909090909091,0.636363636364,0.272727272727,11,0.118181818182,3.72727272727,2.36363636364,1.3,1.625,1.43336856898,0.6064251638,0.286713286713,0.603022689156,0.510249967747,0.237762237762,1.40129809949,1.18571377649,0.503496503497,2.05382127221,0.551025219373,7,3.72727272727,2.05382127221,7,0,0,0,0,0.22962962963,11,11,11,1,0,0.0909090909091,0.636363636364,0.272727272727,11,18,0.163636363636,3.11363636364,3.27272727273,1.8,2.25,1.42062726223,0.434080552347,0.227272727273,0.924416277737,0.564921058617,0.292929292929,1.68954001271,1.03249667443,0.525252525253,1.14353419474,0.367266456706,3.875,3.11363636364,1.14353419474,3.875,0.366666666667,0.266666666667,4,0.0242424242424,0.221111111111,11,11,11,1,0,0.0909090909091,0.636363636364,0.272727272727,-2,-0.0181818181818,0.0702479338843,-0.363636363636,-0.2,-0.25,-0.268912750482,-0.030542951148,-0.0181818181818,-0.243332138505,-0.0773405703161,-0.0434343434343,-0.250469359339,-0.0345084801933,-0.0111111111111,0.0866354202056,0.0199894662943,0.329545454545,0.0702479338843,0.0866354202056,0.329545454545,-0.132380952381,-0.133333333333,-4,-0.0242424242424,-0.0344444444444,0,0,0,18,0,2,90,0.9,1,0,0.1,1,0.9,0.947368421053,0.938314863257,0.9,0.9,5,7,0,0,0,0
2007,WLNM_dir_neg,0.857142857143,0.559981684982,00:00:02,10,50,23,1175612472,threshold_sweep,0.9,1,0.714285714286,0.833333333333,5,0,2,14,0.714285714286,1,0,0.285714285714,1,0.714285714286,0.833333333333,0.904761904762,0.587301587302,0.769230769231,0.790569415042,0.714285714286,20,13,7,0,20,0,13,0,7,11,20,0.181818181818,3.04338842975,3.63636363636,2,2.5,1.68954001271,0.464623503495,0.245454545455,1.16774841624,0.642261628933,0.336363636364,1.94000937205,1.06700515463,0.536363636364,1.05689877454,0.347276990411,3.54545454545,3.04338842975,1.05689877454,3.54545454545,0.499047619048,0.4,8,0.0484848484848,0.255555555556,11,11,11,1,0,0.0909090909091,0.636363636364,0.272727272727,11,0.118181818182,3.72727272727,2.36363636364,1.3,1.625,1.43336856898,0.6064251638,0.286713286713,0.603022689156,0.510249967747,0.237762237762,1.40129809949,1.18571377649,0.503496503497,2.05382127221,0.551025219373,7,3.72727272727,2.05382127221,7,0,0,0,0,0.22962962963,11,11,11,1,0,0.0909090909091,0.636363636364,0.272727272727,11,18,0.163636363636,3.11363636364,3.27272727273,1.8,2.25,1.42062726223,0.434080552347,0.227272727273,0.924416277737,0.564921058617,0.292929292929,1.68954001271,1.03249667443,0.525252525253,1.14353419474,0.367266456706,3.875,3.11363636364,1.14353419474,3.875,0.366666666667,0.266666666667,4,0.0242424242424,0.221111111111,11,11,11,1,0,0.0909090909091,0.636363636364,0.272727272727,-2,-0.0181818181818,0.0702479338843,-0.363636363636,-0.2,-0.25,-0.268912750482,-0.030542951148,-0.0181818181818,-0.243332138505,-0.0773405703161,-0.0434343434343,-0.250469359339,-0.0345084801933,-0.0111111111111,0.0866354202056,0.0199894662943,0.329545454545,0.0702479338843,0.0866354202056,0.329545454545,-0.132380952381,-0.133333333333,-4,-0.0242424242424,-0.0344444444444,0,0,0,18,0,2,90,0.9,1,0,0.1,1,0.9,0.947368421053,0.938314863257,0.9,0.9,5,7,0,0,0,0
2008,WLNM_dir_neg,0.857142857143,0.559981684982,00:00:02,10,50,24,1175612473,threshold_sweep,0.1,0.833333333333,0.714285714286,0.769230769231,5,1,2,13,0.714285714286,0.928571428571,0.0714285714286,0.285714285714,0.833333333333,0.714285714286,0.769230769231,0.857142857143,0.571428571429,0.666666666667,0.67082039325,0.642857142857,20,13,7,0,20,0,13,0,7,11,20,0.181818181818,3.04338842975,3.63636363636,2,2.5,1.68954001271,0.464623503495,0.245454545455,1.16774841624,0.642261628933,0.336363636364,1.94000937205,1.06700515463,0.536363636364,1.05689877454,0.347276990411,3.54545454545,3.04338842975,1.05689877454,3.54545454545,0.499047619048,0.4,8,0.0484848484848,0.255555555556,11,11,11,1,0,0.0909090909091,0.636363636364,0.272727272727,11,0.118181818182,3.72727272727,2.36363636364,1.3,1.625,1.43336856898,0.6064251638,0.286713286713,0.603022689156,0.510249967747,0.237762237762,1.40129809949,1.18571377649,0.503496503497,2.05382127221,0.551025219373,7,3.72727272727,2.05382127221,7,0,0,0,0,0.22962962963,11,11,11,1,0,0.0909090909091,0.636363636364,0.272727272727,11,19,0.172727272727,4.70454545455,3.45454545455,1.9,2.375,1.7529196424,0.507424107012,0.258373205742,0.904534033733,0.523677598477,0.267942583732,1.84883255547,1.07037674264,0.535885167464,1.66608891501,0.354144503674,5.875,4.70454545455,1.66608891501,5.875,0.366666666667,0.266666666667,4,0.0242424242424,0.23962962963,11,11,11,1,0,0.0909090909091,0.636363636364,0.272727272727,-1,-0.00909090909091,1.66115702479,-0.181818181818,-0.1,-0.125,0.0633796296952,0.0428006035168,0.0129186602871,-0.263214382509,-0.118584030456,-0.0684210526316,-0.0911768165742,0.00337158801632,-0.000478468899521,0.609190140475,0.00686751326282,2.32954545455,1.66115702479,0.609190140475,2.32954545455,-0.132380952381,-0.133333333333,-4,-0.0242424242424,-0.0159259259259,0,0,0,18,1,2,89,0.9,0.988888888889,0.0111111111111,0.1,0.947368421053,0.9,0.923076923077,0.906956031802,0.888888888889,0.857142857143,6,7,0,0,0,0
2009,WLNM_dir_neg,0.857142857143,0.559981684982,00:00:02,10,50,24,1175612473,threshold_sweep,0.2,0.833333333333,0.714285714286,0.769230769231,5,1,2,13,0.714285714286,0.928571428571,0.0714285714286,0.285714285714,0.833333333333,0.714285714286,0.769230769231,0.857142857143,0.571428571429,0.666666666667,0.67082039325,0.642857142857,20,13,7,0,20,0,13,0,7,11,20,0.181818181818,3.04338842975,3.63636363636,2,2.5,1.68954001271,0.464623503495,0.245454545455,1.16774841624,0.642261628933,0.336363636364,1.94000937205,1.06700515463,0.536363636364,1.05689877454,0.347276990411,3.54545454545,3.04338842975,1.05689877454,3.54545454545,0.499047619048,0.4,8,0.0484848484848,0.255555555556,11,11,11,1,0,0.0909090909091,0.636363636364,0.272727272727,11,0.118181818182,3.72727272727,2.36363636364,1.3,1.625,1.43336856898,0.6064251638,0.286713286713,0.603022689156,0.510249967747,0.237762237762,1.40129809949,1.18571377649,0.503496503497,2.05382127221,0.551025219373,7,3.72727272727,2.05382127221,7,0,0,0,0,0.22962962963,11,11,11,1,0,0.0909090909091,0.636363636364,0.272727272727,11,19,0.172727272727,4.70454545455,3.45454545455,1.9,2.375,1.7529196424,0.507424107012,0.258373205742,0.904534033733,0.523677598477,0.267942583732,1.84883255547,1.07037674264,0.535885167464,1.66608891501,0.354144503674,5.875,4.70454545455,1.66608891501,5.875,0.366666666667,0.266666666667,4,0.0242424242424,0.23962962963,11,11,11,1,0,0.0909090909091,0.636363636364,0.272727272727,-1,-0.00909090909091,1.66115702479,-0.181818181818,-0.1,-0.125,0.0633796296952,0.0428006035168,0.0129186602871,-0.263214382509,-0.118584030456,-0.0684210526316,-0.0911768165742,0.00337158801632,-0.000478468899521,0.609190140475,0.00686751326282,2.32954545455,1.66115702479,0.609190140475,2.32954545455,-0.132380952381,-0.133333333333,-4,-0.0242424242424,-0.0159259259259,0,0,0,18,1,2,89,0.9,0.988888888889,0.0111111111111,0.1,0.947368421053,0.9,0.923076923077,0.906956031802,0.888888888889,0.857142857143,6,7,0,0,0,0
2010,WLNM_dir_neg,0.857142857143,0.559981684982,00:00:02,10,50,24,1175612473,threshold_sweep,0.3,1,0.714285714286,0.833333333333,5,0,2,14,0.714285714286,1,0,0.285714285714,1,0.714285714286,0.833333333333,0.904761904762,0.587301587302,0.769230769231,0.790569415042,0.714285714286,20,13,7,0,20,0,13,0,7,11,20,0.181818181818,3.04338842975,3.63636363636,2,2.5,1.68954001271,0.464623503495,0.245454545455,1.16774841624,0.642261628933,0.336363636364,1.94000937205,1.06700515463,0.536363636364,1.05689877454,0.347276990411,3.54545454545,3.04338842975,1.05689877454,3.54545454545,0.499047619048,0.4,8,0.0484848484848,0.255555555556,11,11,11,1,0,0.0909090909091,0.636363636364,0.272727272727,11,0.118181818182,3.72727272727,2.36363636364,1.3,1.625,1.43336856898,0.6064251638,0.286713286713,0.603022689156,0.510249967747,0.237762237762,1.40129809949,1.18571377649,0.503496503497,2.05382127221,0.551025219373,7,3.72727272727,2.05382127221,7,0,0,0,0,0.22962962963,11,11,11,1,0,0.0909090909091,0.636363636364,0.272727272727,11,18,0.163636363636,3.11363636364,3.27272727273,1.8,2.25,1.42062726223,0.434080552347,0.227272727273,0.924416277737,0.564921058617,0.292929292929,1.68954001271,1.03249667443,0.525252525253,1.14353419474,0.367266456706,3.875,3.11363636364,1.14353419474,3.875,0.366666666667,0.266666666667,4,0.0242424242424,0.221111111111,11,11,11,1,0,0.0909090909091,0.636363636364,0.272727272727,-2,-0.0181818181818,0.0702479338843,-0.363636363636,-0.2,-0.25,-0.268912750482,-0.030542951148,-0.0181818181818,-0.243332138505,-0.0773405703161,-0.0434343434343,-0.250469359339,-0.0345084801933,-0.0111111111111,0.0866354202056,0.0199894662943,0.329545454545,0.0702479338843,0.0866354202056,0.329545454545,-0.132380952381,-0.133333333333,-4,-0.0242424242424,-0.0344444444444,0,0,0,18,0,2,90,0.9,1,0,0.1,1,0.9,0.947368421053,0.938314863257,0.9,0.9,5,7,0,0,0,0
2011,WLNM_dir_neg,0.857142857143,0.559981684982,00:00:02,10,50,24,1175612473,threshold_sweep,0.4,1,0.714285714286,0.833333333333,5,0,2,14,0.714285714286,1,0,0.285714285714,1,0.714285714286,0.833333333333,0.904761904762,0.587301587302,0.769230769231,0.790569415042,0.714285714286,20,13,7,0,20,0,13,0,7,11,20,0.181818181818,3.04338842975,3.63636363636,2,2.5,1.68954001271,0.464623503495,0.245454545455,1.16774841624,0.642261628933,0.336363636364,1.94000937205,1.06700515463,0.536363636364,1.05689877454,0.347276990411,3.54545454545,3.04338842975,1.05689877454,3.54545454545,0.499047619048,0.4,8,0.0484848484848,0.255555555556,11,11,11,1,0,0.0909090909091,0.636363636364,0.272727272727,11,0.118181818182,3.72727272727,2.36363636364,1.3,1.625,1.43336856898,0.6064251638,0.286713286713,0.603022689156,0.510249967747,0.237762237762,1.40129809949,1.18571377649,0.503496503497,2.05382127221,0.551025219373,7,3.72727272727,2.05382127221,7,0,0,0,0,0.22962962963,11,11,11,1,0,0.0909090909091,0.636363636364,0.272727272727,11,18,0.163636363636,3.11363636364,3.27272727273,1.8,2.25,1.42062726223,0.434080552347,0.227272727273,0.924416277737,0.564921058617,0.292929292929,1.68954001271,1.03249667443,0.525252525253,1.14353419474,0.367266456706,3.875,3.11363636364,1.14353419474,3.875,0.366666666667,0.266666666667,4,0.0242424242424,0.221111111111,11,11,11,1,0,0.0909090909091,0.636363636364,0.272727272727,-2,-0.0181818181818,0.0702479338843,-0.363636363636,-0.2,-0.25,-0.268912750482,-0.030542951148,-0.0181818181818,-0.243332138505,-0.0773405703161,-0.0434343434343,-0.250469359339,-0.0345084801933,-0.0111111111111,0.0866354202056,0.0199894662943,0.329545454545,0.0702479338843,0.0866354202056,0.329545454545,-0.132380952381,-0.133333333333,-4,-0.0242424242424,-0.0344444444444,0,0,0,18,0,2,90,0.9,1,0,0.1,1,0.9,0.947368421053,0.938314863257,0.9,0.9,5,7,0,0,0,0
2012,WLNM_dir_neg,0.857142857143,0.559981684982,00:00:02,10,50,24,1175612473,threshold_sweep,0.5,1,0.714285714286,0.833333333333,5,0,2,14,0.714285714286,1,0,0.285714285714,1,0.714285714286,0.833333333333,0.904761904762,0.587301587302,0.769230769231,0.790569415042,0.714285714286,20,13,7,0,20,0,13,0,7,11,20,0.181818181818,3.04338842975,3.63636363636,2,2.5,1.68954001271,0.464623503495,0.245454545455,1.16774841624,0.642261628933,0.336363636364,1.94000937205,1.06700515463,0.536363636364,1.05689877454,0.347276990411,3.54545454545,3.04338842975,1.05689877454,3.54545454545,0.499047619048,0.4,8,0.0484848484848,0.255555555556,11,11,11,1,0,0.0909090909091,0.636363636364,0.272727272727,11,0.118181818182,3.72727272727,2.36363636364,1.3,1.625,1.43336856898,0.6064251638,0.286713286713,0.603022689156,0.510249967747,0.237762237762,1.40129809949,1.18571377649,0.503496503497,2.05382127221,0.551025219373,7,3.72727272727,2.05382127221,7,0,0,0,0,0.22962962963,11,11,11,1,0,0.0909090909091,0.636363636364,0.272727272727,11,18,0.163636363636,3.11363636364,3.27272727273,1.8,2.25,1.42062726223,0.434080552347,0.227272727273,0.924416277737,0.564921058617,0.292929292929,1.68954001271,1.03249667443,0.525252525253,1.14353419474,0.367266456706,3.875,3.11363636364,1.14353419474,3.875,0.366666666667,0.266666666667,4,0.0242424242424,0.221111111111,11,11,11,1,0,0.0909090909091,0.636363636364,0.272727272727,-2,-0.0181818181818,0.0702479338843,-0.363636363636,-0.2,-0.25,-0.268912750482,-0.030542951148,-0.0181818181818,-0.243332138505,-0.0773405703161,-0.0434343434343,-0.250469359339,-0.0345084801933,-0.0111111111111,0.0866354202056,0.0199894662943,0.329545454545,0.0702479338843,0.0866354202056,0.329545454545,-0.132380952381,-0.133333333333,-4,-0.0242424242424,-0.0344444444444,0,0,0,18,0,2,90,0.9,1,0,0.1,1,0.9,0.947368421053,0.938314863257,0.9,0.9,5,7,0,0,0,0
2013,WLNM_dir_neg,0.857142857143,0.559981684982,00:00:02,10,50,24,1175612473,threshold_sweep,0.6,1,0.714285714286,0.833333333333,5,0,2,14,0.714285714286,1,0,0.285714285714,1,0.714285714286,0.833333333333,0.904761904762,0.587301587302,0.769230769231,0.790569415042,0.714285714286,20,13,7,0,20,0,13,0,7,11,20,0.181818181818,3.04338842975,3.63636363636,2,2.5,1.68954001271,0.464623503495,0.245454545455,1.16774841624,0.642261628933,0.336363636364,1.94000937205,1.06700515463,0.536363636364,1.05689877454,0.347276990411,3.54545454545,3.04338842975,1.05689877454,3.54545454545,0.499047619048,0.4,8,0.0484848484848,0.255555555556,11,11,11,1,0,0.0909090909091,0.636363636364,0.272727272727,11,0.118181818182,3.72727272727,2.36363636364,1.3,1.625,1.43336856898,0.6064251638,0.286713286713,0.603022689156,0.510249967747,0.237762237762,1.40129809949,1.18571377649,0.503496503497,2.05382127221,0.551025219373,7,3.72727272727,2.05382127221,7,0,0,0,0,0.22962962963,11,11,11,1,0,0.0909090909091,0.636363636364,0.272727272727,11,18,0.163636363636,3.11363636364,3.27272727273,1.8,2.25,1.42062726223,0.434080552347,0.227272727273,0.924416277737,0.564921058617,0.292929292929,1.68954001271,1.03249667443,0.525252525253,1.14353419474,0.367266456706,3.875,3.11363636364,1.14353419474,3.875,0.366666666667,0.266666666667,4,0.0242424242424,0.221111111111,11,11,11,1,0,0.0909090909091,0.636363636364,0.272727272727,-2,-0.0181818181818,0.0702479338843,-0.363636363636,-0.2,-0.25,-0.268912750482,-0.030542951148,-0.0181818181818,-0.243332138505,-0.0773405703161,-0.0434343434343,-0.250469359339,-0.0345084801933,-0.0111111111111,0.0866354202056,0.0199894662943,0.329545454545,0.0702479338843,0.0866354202056,0.329545454545,-0.132380952381,-0.133333333333,-4,-0.0242424242424,-0.0344444444444,0,0,0,18,0,2,90,0.9,1,0,0.1,1,0.9,0.947368421053,0.938314863257,0.9,0.9,5,7,0,0,0,0
2014,WLNM_dir_neg,0.857142857143,0.559981684982,00:00:02,10,50,24,1175612473,threshold_sweep,0.7,1,0.571428571429,0.727272727273,4,0,3,14,0.571428571429,1,0,0.428571428571,1,0.571428571429,0.727272727273,0.857142857143,0.603174603175,0.64,0.68599434057,0.571428571429,20,13,7,0,20,0,13,0,7,11,20,0.181818181818,3.04338842975,3.63636363636,2,2.5,1.68954001271,0.464623503495,0.245454545455,1.16774841624,0.642261628933,0.336363636364,1.94000937205,1.06700515463,0.536363636364,1.05689877454,0.347276990411,3.54545454545,3.04338842975,1.05689877454,3.54545454545,0.499047619048,0.4,8,0.0484848484848,0.255555555556,11,11,11,1,0,0.0909090909091,0.636363636364,0.272727272727,11,0.118181818182,3.72727272727,2.36363636364,1.3,1.625,1.43336856898,0.6064251638,0.286713286713,0.603022689156,0.510249967747,0.237762237762,1.40129809949,1.18571377649,0.503496503497,2.05382127221,0.551025219373,7,3.72727272727,2.05382127221,7,0,0,0,0,0.22962962963,11,11,11,1,0,0.0909090909091,0.636363636364,0.272727272727,11,17,0.154545454545,3.17727272727,3.09090909091,1.7,2.125,1.30034960334,0.420701342257,0.208556149733,0.820199532265,0.530717344407,0.267379679144,1.57249078621,1.01749403814,0.513368983957,1.2536673475,0.394573414091,4.4,3.17727272727,1.2536673475,4.4,0.213333333333,0.153846153846,2,0.0121212121212,0.205555555556,11,11,11,1,0,0.0909090909091,0.636363636364,0.272727272727,-3,-0.0272727272727,0.133884297521,-0.545454545455,-0.3,-0.375,-0.389190409368,-0.0439221612377,-0.0368983957219,-0.347548883978,-0.111544284527,-0.0689839572193,-0.367518585835,-0.0495111164884,-0.0229946524064,0.196768572961,0.0472964236795,0.854545454545,0.133884297521,0.196768572961,0.854545454545,-0.285714285714,-0.246153846154,-6,-0.0363636363636,-0.05,0,0,0,17,0,3,90,0.85,1,0,0.15,1,0.85,0.918918918919,0.906962317388,0.85,0.85,4,7,0,0,0,0
2015,WLNM_dir_neg,0.857142857143,0.559981684982,00:00:02,10,50,24,1175612473,threshold_sweep,0.8,1,0.571428571429,0.727272727273,4,0,3,14,0.571428571429,1,0,0.428571428571,1,0.571428571429,0.727272727273,0.857142857143,0.603174603175,0.64,0.68599434057,0.571428571429,20,13,7,0,20,0,13,0,7,11,20,0.181818181818,3.04338842975,3.63636363636,2,2.5,1.68954001271,0.464623503495,0.245454545455,1.16774841624,0.642261628933,0.336363636364,1.94000937205,1.06700515463,0.536363636364,1.05689877454,0.347276990411,3.54545454545,3.04338842975,1.05689877454,3.54545454545,0.499047619048,0.4,8,0.0484848484848,0.255555555556,11,11,11,1,0,0.0909090909091,0.636363636364,0.272727272727,11,0.118181818182,3.72727272727,2.36363636364,1.3,1.625,1.43336856898,0.6064251638,0.286713286713,0.603022689156,0.510249967747,0.237762237762,1.40129809949,1.18571377649,0.503496503497,2.05382127221,0.551025219373,7,3.72727272727,2.05382127221,7,0,0,0,0,0.22962962963,11,11,11,1,0,0.0909090909091,0.636363636364,0.272727272727,11,17,0.154545454545,3.17727272727,3.09090909091,1.7,2.125,1.30034960334,0.420701342257,0.208556149733,0.820199532265,0.530717344407,0.267379679144,1.57249078621,1.01749403814,0.513368983957,1.2536673475,0.394573414091,4.4,3.17727272727,1.2536673475,4.4,0.213333333333,0.153846153846,2,0.0121212121212,0.205555555556,11,11,11,1,0,0.0909090909091,0.636363636364,0.272727272727,-3,-0.0272727272727,0.133884297521,-0.545454545455,-0.3,-0.375,-0.389190409368,-0.0439221612377,-0.0368983957219,-0.347548883978,-0.111544284527,-0.0689839572193,-0.367518585835,-0.0495111164884,-0.0229946524064,0.196768572961,0.0472964236795,0.854545454545,0.133884297521,0.196768572961,0.854545454545,-0.285714285714,-0.246153846154,-6,-0.0363636363636,-0.05,0,0,0,17,0,3,90,0.85,1,0,0.15,1,0.85,0.918918918919,0.906962317388,0.85,0.85,4,7,0,0,0,0
2016,WLNM_dir_neg,0.857142857143,0.559981684982,00:00:02,10,50,24,1175612473,threshold_sweep,0.9,1,0.571428571429,0.727272727273,4,0,3,14,0.571428571429,1,0,0.428571428571,1,0.571428571429,0.727272727273,0.857142857143,0.603174603175,0.64,0.68599434057,0.571428571429,20,13,7,0,20,0,13,0,7,11,20,0.181818181818,3.04338842975,3.63636363636,2,2.5,1.68954001271,0.464623503495,0.245454545455,1.16774841624,0.642261628933,0.336363636364,1.94000937205,1.06700515463,0.536363636364,1.05689877454,0.347276990411,3.54545454545,3.04338842975,1.05689877454,3.54545454545,0.499047619048,0.4,8,0.0484848484848,0.255555555556,11,11,11,1,0,0.0909090909091,0.636363636364,0.272727272727,11,0.118181818182,3.72727272727,2.36363636364,1.3,1.625,1.43336856898,0.6064251638,0.286713286713,0.603022689156,0.510249967747,0.237762237762,1.40129809949,1.18571377649,0.503496503497,2.05382127221,0.551025219373,7,3.72727272727,2.05382127221,7,0,0,0,0,0.22962962963,11,11,11,1,0,0.0909090909091,0.636363636364,0.272727272727,11,17,0.154545454545,3.17727272727,3.09090909091,1.7,2.125,1.30034960334,0.420701342257,0.208556149733,0.820199532265,0.530717344407,0.267379679144,1.57249078621,1.01749403814,0.513368983957,1.2536673475,0.394573414091,4.4,3.17727272727,1.2536673475,4.4,0.213333333333,0.153846153846,2,0.0121212121212,0.205555555556,11,11,11,1,0,0.0909090909091,0.636363636364,0.272727272727,-3,-0.0272727272727,0.133884297521,-0.545454545455,-0.3,-0.375,-0.389190409368,-0.0439221612377,-0.0368983957219,-0.347548883978,-0.111544284527,-0.0689839572193,-0.367518585835,-0.0495111164884,-0.0229946524064,0.196768572961,0.0472964236795,0.854545454545,0.133884297521,0.196768572961,0.854545454545,-0.285714285714,-0.246153846154,-6,-0.0363636363636,-0.05,0,0,0,17,0,3,90,0.85,1,0,0.15,1,0.85,0.918918918919,0.906962317388,0.85,0.85,4,7,0,0,0,0
2017,WLNM_dir_neg,0.918367346939,0.599422799423,00:00:01,10,50,25,1175612474,threshold_sweep,0.1,1,0.714285714286,0.833333333333,5,0,2,14,0.714285714286,1,0,0.285714285714,1,0.714285714286,0.833333333333,0.904761904762,0.587301587302,0.769230769231,0.790569415042,0.714285714286,20,13,7,0,20,0,13,0,7,11,20,0.181818181818,3.04338842975,3.63636363636,2,2.5,1.68954001271,0.464623503495,0.245454545455,1.16774841624,0.642261628933,0.336363636364,1.94000937205,1.06700515463,0.536363636364,1.05689877454,0.347276990411,3.54545454545,3.04338842975,1.05689877454,3.54545454545,0.499047619048,0.4,8,0.0484848484848,0.255555555556,11,11,11,1,0,0.0909090909091,0.636363636364,0.272727272727,11,0.118181818182,3.72727272727,2.36363636364,1.3,1.625,1.43336856898,0.6064251638,0.286713286713,0.603022689156,0.510249967747,0.237762237762,1.40129809949,1.18571377649,0.503496503497,2.05382127221,0.551025219373,7,3.72727272727,2.05382127221,7,0,0,0,0,0.22962962963,11,11,11,1,0,0.0909090909091,0.636363636364,0.272727272727,11,18,0.163636363636,3.11363636364,3.27272727273,1.8,2.25,1.42062726223,0.434080552347,0.227272727273,0.924416277737,0.564921058617,0.292929292929,1.68954001271,1.03249667443,0.525252525253,1.14353419474,0.367266456706,3.875,3.11363636364,1.14353419474,3.875,0.366666666667,0.266666666667,4,0.0242424242424,0.221111111111,11,11,11,1,0,0.0909090909091,0.636363636364,0.272727272727,-2,-0.0181818181818,0.0702479338843,-0.363636363636,-0.2,-0.25,-0.268912750482,-0.030542951148,-0.0181818181818,-0.243332138505,-0.0773405703161,-0.0434343434343,-0.250469359339,-0.0345084801933,-0.0111111111111,0.0866354202056,0.0199894662943,0.329545454545,0.0702479338843,0.0866354202056,0.329545454545,-0.132380952381,-0.133333333333,-4,-0.0242424242424,-0.0344444444444,0,0,0,18,0,2,90,0.9,1,0,0.1,1,0.9,0.947368421053,0.938314863257,0.9,0.9,5,7,0,0,0,0
2018,WLNM_dir_neg,0.918367346939,0.599422799423,00:00:01,10,50,25,1175612474,threshold_sweep,0.2,1,0.714285714286,0.833333333333,5,0,2,14,0.714285714286,1,0,0.285714285714,1,0.714285714286,0.833333333333,0.904761904762,0.587301587302,0.769230769231,0.790569415042,0.714285714286,20,13,7,0,20,0,13,0,7,11,20,0.181818181818,3.04338842975,3.63636363636,2,2.5,1.68954001271,0.464623503495,0.245454545455,1.16774841624,0.642261628933,0.336363636364,1.94000937205,1.06700515463,0.536363636364,1.05689877454,0.347276990411,3.54545454545,3.04338842975,1.05689877454,3.54545454545,0.499047619048,0.4,8,0.0484848484848,0.255555555556,11,11,11,1,0,0.0909090909091,0.636363636364,0.272727272727,11,0.118181818182,3.72727272727,2.36363636364,1.3,1.625,1.43336856898,0.6064251638,0.286713286713,0.603022689156,0.510249967747,0.237762237762,1.40129809949,1.18571377649,0.503496503497,2.05382127221,0.551025219373,7,3.72727272727,2.05382127221,7,0,0,0,0,0.22962962963,11,11,11,1,0,0.0909090909091,0.636363636364,0.272727272727,11,18,0.163636363636,3.11363636364,3.27272727273,1.8,2.25,1.42062726223,0.434080552347,0.227272727273,0.924416277737,0.564921058617,0.292929292929,1.68954001271,1.03249667443,0.525252525253,1.14353419474,0.367266456706,3.875,3.11363636364,1.14353419474,3.875,0.366666666667,0.266666666667,4,0.0242424242424,0.221111111111,11,11,11,1,0,0.0909090909091,0.636363636364,0.272727272727,-2,-0.0181818181818,0.0702479338843,-0.363636363636,-0.2,-0.25,-0.268912750482,-0.030542951148,-0.0181818181818,-0.243332138505,-0.0773405703161,-0.0434343434343,-0.250469359339,-0.0345084801933,-0.0111111111111,0.0866354202056,0.0199894662943,0.329545454545,0.0702479338843,0.0866354202056,0.329545454545,-0.132380952381,-0.133333333333,-4,-0.0242424242424,-0.0344444444444,0,0,0,18,0,2,90,0.9,1,0,0.1,1,0.9,0.947368421053,0.938314863257,0.9,0.9,5,7,0,0,0,0
2019,WLNM_dir_neg,0.918367346939,0.599422799423,00:00:01,10,50,25,1175612474,threshold_sweep,0.3,1,0.714285714286,0.833333333333,5,0,2,14,0.714285714286,1,0,0.285714285714,1,0.714285714286,0.833333333333,0.904761904762,0.587301587302,0.769230769231,0.790569415042,0.714285714286,20,13,7,0,20,0,13,0,7,11,20,0.181818181818,3.04338842975,3.63636363636,2,2.5,1.68954001271,0.464623503495,0.245454545455,1.16774841624,0.642261628933,0.336363636364,1.94000937205,1.06700515463,0.536363636364,1.05689877454,0.347276990411,3.54545454545,3.04338842975,1.05689877454,3.54545454545,0.499047619048,0.4,8,0.0484848484848,0.255555555556,11,11,11,1,0,0.0909090909091,0.636363636364,0.272727272727,11,0.118181818182,3.72727272727,2.36363636364,1.3,1.625,1.43336856898,0.6064251638,0.286713286713,0.603022689156,0.510249967747,0.237762237762,1.40129809949,1.18571377649,0.503496503497,2.05382127221,0.551025219373,7,3.72727272727,2.05382127221,7,0,0,0,0,0.22962962963,11,11,11,1,0,0.0909090909091,0.636363636364,0.272727272727,11,18,0.163636363636,3.11363636364,3.27272727273,1.8,2.25,1.42062726223,0.434080552347,0.227272727273,0.924416277737,0.564921058617,0.292929292929,1.68954001271,1.03249667443,0.525252525253,1.14353419474,0.367266456706,3.875,3.11363636364,1.14353419474,3.875,0.366666666667,0.266666666667,4,0.0242424242424,0.221111111111,11,11,11,1,0,0.0909090909091,0.636363636364,0.272727272727,-2,-0.0181818181818,0.0702479338843,-0.363636363636,-0.2,-0.25,-0.268912750482,-0.030542951148,-0.0181818181818,-0.243332138505,-0.0773405703161,-0.0434343434343,-0.250469359339,-0.0345084801933,-0.0111111111111,0.0866354202056,0.0199894662943,0.329545454545,0.0702479338843,0.0866354202056,0.329545454545,-0.132380952381,-0.133333333333,-4,-0.0242424242424,-0.0344444444444,0,0,0,18,0,2,90,0.9,1,0,0.1,1,0.9,0.947368421053,0.938314863257,0.9,0.9,5,7,0,0,0,0
2020,WLNM_dir_neg,0.918367346939,0.599422799423,00:00:01,10,50,25,1175612474,threshold_sweep,0.4,1,0.714285714286,0.833333333333,5,0,2,14,0.714285714286,1,0,0.285714285714,1,0.714285714286,0.833333333333,0.904761904762,0.587301587302,0.769230769231,0.790569415042,0.714285714286,20,13,7,0,20,0,13,0,7,11,20,0.181818181818,3.04338842975,3.63636363636,2,2.5,1.68954001271,0.464623503495,0.245454545455,1.16774841624,0.642261628933,0.336363636364,1.94000937205,1.06700515463,0.536363636364,1.05689877454,0.347276990411,3.54545454545,3.04338842975,1.05689877454,3.54545454545,0.499047619048,0.4,8,0.0484848484848,0.255555555556,11,11,11,1,0,0.0909090909091,0.636363636364,0.272727272727,11,0.118181818182,3.72727272727,2.36363636364,1.3,1.625,1.43336856898,0.6064251638,0.286713286713,0.603022689156,0.510249967747,0.237762237762,1.40129809949,1.18571377649,0.503496503497,2.05382127221,0.551025219373,7,3.72727272727,2.05382127221,7,0,0,0,0,0.22962962963,11,11,11,1,0,0.0909090909091,0.636363636364,0.272727272727,11,18,0.163636363636,3.11363636364,3.27272727273,1.8,2.25,1.42062726223,0.434080552347,0.227272727273,0.924416277737,0.564921058617,0.292929292929,1.68954001271,1.03249667443,0.525252525253,1.14353419474,0.367266456706,3.875,3.11363636364,1.14353419474,3.875,0.366666666667,0.266666666667,4,0.0242424242424,0.221111111111,11,11,11,1,0,0.0909090909091,0.636363636364,0.272727272727,-2,-0.0181818181818,0.0702479338843,-0.363636363636,-0.2,-0.25,-0.268912750482,-0.030542951148,-0.0181818181818,-0.243332138505,-0.0773405703161,-0.0434343434343,-0.250469359339,-0.0345084801933,-0.0111111111111,0.0866354202056,0.0199894662943,0.329545454545,0.0702479338843,0.0866354202056,0.329545454545,-0.132380952381,-0.133333333333,-4,-0.0242424242424,-0.0344444444444,0,0,0,18,0,2,90,0.9,1,0,0.1,1,0.9,0.947368421053,0.938314863257,0.9,0.9,5,7,0,0,0,0
2021,WLNM_dir_neg,0.918367346939,0.599422799423,00:00:01,10,50,25,1175612474,threshold_sweep,0.5,1,0.714285714286,0.833333333333,5,0,2,14,0.714285714286,1,0,0.285714285714,1,0.714285714286,0.833333333333,0.904761904762,0.587301587302,0.769230769231,0.790569415042,0.714285714286,20,13,7,0,20,0,13,0,7,11,20,0.181818181818,3.04338842975,3.63636363636,2,2.5,1.68954001271,0.464623503495,0.245454545455,1.16774841624,0.642261628933,0.336363636364,1.94000937205,1.06700515463,0.536363636364,1.05689877454,0.347276990411,3.54545454545,3.04338842975,1.05689877454,3.54545454545,0.499047619048,0.4,8,0.0484848484848,0.255555555556,11,11,11,1,0,0.0909090909091,0.636363636364,0.272727272727,11,0.118181818182,3.72727272727,2.36363636364,1.3,1.625,1.43336856898,0.6064251638,0.286713286713,0.603022689156,0.510249967747,0.237762237762,1.40129809949,1.18571377649,0.503496503497,2.05382127221,0.551025219373,7,3.72727272727,2.05382127221,7,0,0,0,0,0.22962962963,11,11,11,1,0,0.0909090909091,0.636363636364,0.272727272727,11,18,0.163636363636,3.11363636364,3.27272727273,1.8,2.25,1.42062726223,0.434080552347,0.227272727273,0.924416277737,0.564921058617,0.292929292929,1.68954001271,1.03249667443,0.525252525253,1.14353419474,0.367266456706,3.875,3.11363636364,1.14353419474,3.875,0.366666666667,0.266666666667,4,0.0242424242424,0.221111111111,11,11,11,1,0,0.0909090909091,0.636363636364,0.272727272727,-2,-0.0181818181818,0.0702479338843,-0.363636363636,-0.2,-0.25,-0.268912750482,-0.030542951148,-0.0181818181818,-0.243332138505,-0.0773405703161,-0.0434343434343,-0.250469359339,-0.0345084801933,-0.0111111111111,0.0866354202056,0.0199894662943,0.329545454545,0.0702479338843,0.0866354202056,0.329545454545,-0.132380952381,-0.133333333333,-4,-0.0242424242424,-0.0344444444444,0,0,0,18,0,2,90,0.9,1,0,0.1,1,0.9,0.947368421053,0.938314863257,0.9,0.9,5,7,0,0,0,0
2022,WLNM_dir_neg,0.918367346939,0.599422799423,00:00:01,10,50,25,1175612474,threshold_sweep,0.6,1,0.714285714286,0.833333333333,5,0,2,14,0.714285714286,1,0,0.285714285714,1,0.714285714286,0.833333333333,0.904761904762,0.587301587302,0.769230769231,0.790569415042,0.714285714286,20,13,7,0,20,0,13,0,7,11,20,0.181818181818,3.04338842975,3.63636363636,2,2.5,1.68954001271,0.464623503495,0.245454545455,1.16774841624,0.642261628933,0.336363636364,1.94000937205,1.06700515463,0.536363636364,1.05689877454,0.347276990411,3.54545454545,3.04338842975,1.05689877454,3.54545454545,0.499047619048,0.4,8,0.0484848484848,0.255555555556,11,11,11,1,0,0.0909090909091,0.636363636364,0.272727272727,11,0.118181818182,3.72727272727,2.36363636364,1.3,1.625,1.43336856898,0.6064251638,0.286713286713,0.603022689156,0.510249967747,0.237762237762,1.40129809949,1.18571377649,0.503496503497,2.05382127221,0.551025219373,7,3.72727272727,2.05382127221,7,0,0,0,0,0.22962962963,11,11,11,1,0,0.0909090909091,0.636363636364,0.272727272727,11,18,0.163636363636,3.11363636364,3.27272727273,1.8,2.25,1.42062726223,0.434080552347,0.227272727273,0.924416277737,0.564921058617,0.292929292929,1.68954001271,1.03249667443,0.525252525253,1.14353419474,0.367266456706,3.875,3.11363636364,1.14353419474,3.875,0.366666666667,0.266666666667,4,0.0242424242424,0.221111111111,11,11,11,1,0,0.0909090909091,0.636363636364,0.272727272727,-2,-0.0181818181818,0.0702479338843,-0.363636363636,-0.2,-0.25,-0.268912750482,-0.030542951148,-0.0181818181818,-0.243332138505,-0.0773405703161,-0.0434343434343,-0.250469359339,-0.0345084801933,-0.0111111111111,0.0866354202056,0.0199894662943,0.329545454545,0.0702479338843,0.0866354202056,0.329545454545,-0.132380952381,-0.133333333333,-4,-0.0242424242424,-0.0344444444444,0,0,0,18,0,2,90,0.9,1,0,0.1,1,0.9,0.947368421053,0.938314863257,0.9,0.9,5,7,0,0,0,0
2023,WLNM_dir_neg,0.918367346939,0.599422799423,00:00:01,10,50,25,1175612474,threshold_sweep,0.7,1,0.714285714286,0.833333333333,5,0,2,14,0.714285714286,1,0,0.285714285714,1,0.714285714286,0.833333333333,0.904761904762,0.587301587302,0.769230769231,0.790569415042,0.714285714286,20,13,7,0,20,0,13,0,7,11,20,0.181818181818,3.04338842975,3.63636363636,2,2.5,1.68954001271,0.464623503495,0.245454545455,1.16774841624,0.642261628933,0.336363636364,1.94000937205,1.06700515463,0.536363636364,1.05689877454,0.347276990411,3.54545454545,3.04338842975,1.05689877454,3.54545454545,0.499047619048,0.4,8,0.0484848484848,0.255555555556,11,11,11,1,0,0.0909090909091,0.636363636364,0.272727272727,11,0.118181818182,3.72727272727,2.36363636364,1.3,1.625,1.43336856898,0.6064251638,0.286713286713,0.603022689156,0.510249967747,0.237762237762,1.40129809949,1.18571377649,0.503496503497,2.05382127221,0.551025219373,7,3.72727272727,2.05382127221,7,0,0,0,0,0.22962962963,11,11,11,1,0,0.0909090909091,0.636363636364,0.272727272727,11,18,0.163636363636,3.11363636364,3.27272727273,1.8,2.25,1.42062726223,0.434080552347,0.227272727273,0.924416277737,0.564921058617,0.292929292929,1.68954001271,1.03249667443,0.525252525253,1.14353419474,0.367266456706,3.875,3.11363636364,1.14353419474,3.875,0.366666666667,0.266666666667,4,0.0242424242424,0.221111111111,11,11,11,1,0,0.0909090909091,0.636363636364,0.272727272727,-2,-0.0181818181818,0.0702479338843,-0.363636363636,-0.2,-0.25,-0.268912750482,-0.030542951148,-0.0181818181818,-0.243332138505,-0.0773405703161,-0.0434343434343,-0.250469359339,-0.0345084801933,-0.0111111111111,0.0866354202056,0.0199894662943,0.329545454545,0.0702479338843,0.0866354202056,0.329545454545,-0.132380952381,-0.133333333333,-4,-0.0242424242424,-0.0344444444444,0,0,0,18,0,2,90,0.9,1,0,0.1,1,0.9,0.947368421053,0.938314863257,0.9,0.9,5,7,0,0,0,0
2024,WLNM_dir_neg,0.918367346939,0.599422799423,00:00:01,10,50,25,1175612474,threshold_sweep,0.8,1,0.571428571429,0.727272727273,4,0,3,14,0.571428571429,1,0,0.428571428571,1,0.571428571429,0.727272727273,0.857142857143,0.603174603175,0.64,0.68599434057,0.571428571429,20,13,7,0,20,0,13,0,7,11,20,0.181818181818,3.04338842975,3.63636363636,2,2.5,1.68954001271,0.464623503495,0.245454545455,1.16774841624,0.642261628933,0.336363636364,1.94000937205,1.06700515463,0.536363636364,1.05689877454,0.347276990411,3.54545454545,3.04338842975,1.05689877454,3.54545454545,0.499047619048,0.4,8,0.0484848484848,0.255555555556,11,11,11,1,0,0.0909090909091,0.636363636364,0.272727272727,11,0.118181818182,3.72727272727,2.36363636364,1.3,1.625,1.43336856898,0.6064251638,0.286713286713,0.603022689156,0.510249967747,0.237762237762,1.40129809949,1.18571377649,0.503496503497,2.05382127221,0.551025219373,7,3.72727272727,2.05382127221,7,0,0,0,0,0.22962962963,11,11,11,1,0,0.0909090909091,0.636363636364,0.272727272727,11,17,0.154545454545,3.15909090909,3.09090909091,1.7,2.125,1.30034960334,0.420701342257,0.208556149733,0.820199532265,0.530717344407,0.267379679144,1.57249078621,1.01749403814,0.513368983957,1.21589847064,0.38488872452,4,3.15909090909,1.21589847064,4,0.296666666667,0.230769230769,3,0.0181818181818,0.203703703704,11,11,11,1,0,0.0909090909091,0.636363636364,0.272727272727,-3,-0.0272727272727,0.115702479339,-0.545454545455,-0.3,-0.375,-0.389190409368,-0.0439221612377,-0.0368983957219,-0.347548883978,-0.111544284527,-0.0689839572193,-0.367518585835,-0.0495111164884,-0.0229946524064,0.158999696105,0.0376117341084,0.454545454545,0.115702479339,0.158999696105,0.454545454545,-0.202380952381,-0.169230769231,-5,-0.030303030303,-0.0518518518519,0,0,0,17,0,3,90,0.85,1,0,0.15,1,0.85,0.918918918919,0.906962317388,0.85,0.85,4,7,0,0,0,0
2025,WLNM_dir_neg,0.918367346939,0.599422799423,00:00:01,10,50,25,1175612474,threshold_sweep,0.9,1,0.571428571429,0.727272727273,4,0,3,14,0.571428571429,1,0,0.428571428571,1,0.571428571429,0.727272727273,0.857142857143,0.603174603175,0.64,0.68599434057,0.571428571429,20,13,7,0,20,0,13,0,7,11,20,0.181818181818,3.04338842975,3.63636363636,2,2.5,1.68954001271,0.464623503495,0.245454545455,1.16774841624,0.642261628933,0.336363636364,1.94000937205,1.06700515463,0.536363636364,1.05689877454,0.347276990411,3.54545454545,3.04338842975,1.05689877454,3.54545454545,0.499047619048,0.4,8,0.0484848484848,0.255555555556,11,11,11,1,0,0.0909090909091,0.636363636364,0.272727272727,11,0.118181818182,3.72727272727,2.36363636364,1.3,1.625,1.43336856898,0.6064251638,0.286713286713,0.603022689156,0.510249967747,0.237762237762,1.40129809949,1.18571377649,0.503496503497,2.05382127221,0.551025219373,7,3.72727272727,2.05382127221,7,0,0,0,0,0.22962962963,11,11,11,1,0,0.0909090909091,0.636363636364,0.272727272727,11,17,0.154545454545,3.15909090909,3.09090909091,1.7,2.125,1.30034960334,0.420701342257,0.208556149733,0.820199532265,0.530717344407,0.267379679144,1.57249078621,1.01749403814,0.513368983957,1.21589847064,0.38488872452,4,3.15909090909,1.21589847064,4,0.296666666667,0.230769230769,3,0.0181818181818,0.203703703704,11,11,11,1,0,0.0909090909091,0.636363636364,0.272727272727,-3,-0.0272727272727,0.115702479339,-0.545454545455,-0.3,-0.375,-0.389190409368,-0.0439221612377,-0.0368983957219,-0.347548883978,-0.111544284527,-0.0689839572193,-0.367518585835,-0.0495111164884,-0.0229946524064,0.158999696105,0.0376117341084,0.454545454545,0.115702479339,0.158999696105,0.454545454545,-0.202380952381,-0.169230769231,-5,-0.030303030303,-0.0518518518519,0,0,0,17,0,3,90,0.85,1,0,0.15,1,0.85,0.918918918919,0.906962317388,0.85,0.85,4,7,0,0,0,0
2026,WLNM_dir_neg,0.867346938776,0.485286935287,00:00:01,10,50,26,1175612475,threshold_sweep,0.1,0.625,0.714285714286,0.666666666667,5,3,2,11,0.714285714286,0.785714285714,0.214285714286,0.285714285714,0.625,0.714285714286,0.666666666667,0.761904761905,0.539682539683,0.48275862069,0.485362671697,0.5,20,13,7,0,20,0,13,0,7,11,20,0.181818181818,3.04338842975,3.63636363636,2,2.5,1.68954001271,0.464623503495,0.245454545455,1.16774841624,0.642261628933,0.336363636364,1.94000937205,1.06700515463,0.536363636364,1.05689877454,0.347276990411,3.54545454545,3.04338842975,1.05689877454,3.54545454545,0.499047619048,0.4,8,0.0484848484848,0.255555555556,11,11,11,1,0,0.0909090909091,0.636363636364,0.272727272727,11,0.118181818182,3.72727272727,2.36363636364,1.3,1.625,1.43336856898,0.6064251638,0.286713286713,0.603022689156,0.510249967747,0.237762237762,1.40129809949,1.18571377649,0.503496503497,2.05382127221,0.551025219373,7,3.72727272727,2.05382127221,7,0,0,0,0,0.22962962963,11,11,11,1,0,0.0909090909091,0.636363636364,0.272727272727,11,21,0.190909090909,NaN,3.81818181818,1.90909090909,2.33333333333,1.72152152575,0.450874685317,0.238095238095,0.831209414594,0.435395407644,0.225108225108,1.64039906453,0.859256652849,0.450216450216,NaN,NaN,NaN,NaN,NaN,NaN,0.382380952381,0.318181818182,7,0.0424242424242,0.189090909091,11,11,0,1,2,0,0.818181818182,0.181818181818,1,0.00909090909091,NaN,0.181818181818,-0.0909090909091,-0.166666666667,0.0319815130454,-0.0137488181784,-0.00735930735931,-0.336539001649,-0.206866221289,-0.111255411255,-0.299610307519,-0.207748501778,-0.0861471861472,NaN,NaN,NaN,NaN,NaN,NaN,-0.116666666667,-0.0818181818182,-1,-0.00606060606061,-0.0664646464646,-0.0909090909091,0.181818181818,-0.0909090909091,18,3,2,87,0.9,0.966666666667,0.0333333333333,0.1,0.857142857143,0.9,0.878048780488,0.850518363956,0.866666666667,0.782608695652,8,7,0,0,0,0
2027,WLNM_dir_neg,0.867346938776,0.485286935287,00:00:01,10,50,26,1175612475,threshold_sweep,0.2,0.714285714286,0.714285714286,0.714285714286,5,2,2,12,0.714285714286,0.857142857143,0.142857142857,0.285714285714,0.714285714286,0.714285714286,0.714285714286,0.809523809524,0.555555555556,0.571428571429,0.571428571429,0.571428571429,20,13,7,0,20,0,13,0,7,11,20,0.181818181818,3.04338842975,3.63636363636,2,2.5,1.68954001271,0.464623503495,0.245454545455,1.16774841624,0.642261628933,0.336363636364,1.94000937205,1.06700515463,0.536363636364,1.05689877454,0.347276990411,3.54545454545,3.04338842975,1.05689877454,3.54545454545,0.499047619048,0.4,8,0.0484848484848,0.255555555556,11,11,11,1,0,0.0909090909091,0.636363636364,0.272727272727,11,0.118181818182,3.72727272727,2.36363636364,1.3,1.625,1.43336856898,0.6064251638,0.286713286713,0.603022689156,0.510249967747,0.237762237762,1.40129809949,1.18571377649,0.503496503497,2.05382127221,0.551025219373,7,3.72727272727,2.05382127221,7,0,0,0,0,0.22962962963,11,11,11,1,0,0.0909090909091,0.636363636364,0.272727272727,11,20,0.181818181818,NaN,3.63636363636,1.81818181818,2.22222222222,1.43336856898,0.39417635647,0.209090909091,0.873862897505,0.480624593628,0.245454545455,1.60113596038,0.880624778211,0.454545454545,NaN,NaN,NaN,NaN,NaN,NaN,0.343333333333,0.267857142857,5,0.030303030303,0.181515151515,11,11,0,1,2,0,0.818181818182,0.181818181818,0,0,NaN,0,-0.181818181818,-0.277777777778,-0.256171443727,-0.070447147025,-0.0363636363636,-0.293885518737,-0.161637035305,-0.0909090909091,-0.338873411664,-0.186380376415,-0.0818181818182,NaN,NaN,NaN,NaN,NaN,NaN,-0.155714285714,-0.132142857143,-3,-0.0181818181818,-0.0740404040404,-0.0909090909091,0.181818181818,-0.0909090909091,18,2,2,88,0.9,0.977777777778,0.0222222222222,0.1,0.9,0.9,0.9,0.877777777778,0.877777777778,0.818181818182,7,7,0,0,0,0
2028,WLNM_dir_neg,0.867346938776,0.485286935287,00:00:01,10,50,26,1175612475,threshold_sweep,0.3,0.714285714286,0.714285714286,0.714285714286,5,2,2,12,0.714285714286,0.857142857143,0.142857142857,0.285714285714,0.714285714286,0.714285714286,0.714285714286,0.809523809524,0.555555555556,0.571428571429,0.571428571429,0.571428571429,20,13,7,0,20,0,13,0,7,11,20,0.181818181818,3.04338842975,3.63636363636,2,2.5,1.68954001271,0.464623503495,0.245454545455,1.16774841624,0.642261628933,0.336363636364,1.94000937205,1.06700515463,0.536363636364,1.05689877454,0.347276990411,3.54545454545,3.04338842975,1.05689877454,3.54545454545,0.499047619048,0.4,8,0.0484848484848,0.255555555556,11,11,11,1,0,0.0909090909091,0.636363636364,0.272727272727,11,0.118181818182,3.72727272727,2.36363636364,1.3,1.625,1.43336856898,0.6064251638,0.286713286713,0.603022689156,0.510249967747,0.237762237762,1.40129809949,1.18571377649,0.503496503497,2.05382127221,0.551025219373,7,3.72727272727,2.05382127221,7,0,0,0,0,0.22962962963,11,11,11,1,0,0.0909090909091,0.636363636364,0.272727272727,11,20,0.181818181818,NaN,3.63636363636,1.81818181818,2.22222222222,1.43336856898,0.39417635647,0.209090909091,0.873862897505,0.480624593628,0.245454545455,1.60113596038,0.880624778211,0.454545454545,NaN,NaN,NaN,NaN,NaN,NaN,0.343333333333,0.267857142857,5,0.030303030303,0.181515151515,11,11,0,1,2,0,0.818181818182,0.181818181818,0,0,NaN,0,-0.181818181818,-0.277777777778,-0.256171443727,-0.070447147025,-0.0363636363636,-0.293885518737,-0.161637035305,-0.0909090909091,-0.338873411664,-0.186380376415,-0.0818181818182,NaN,NaN,NaN,NaN,NaN,NaN,-0.155714285714,-0.132142857143,-3,-0.0181818181818,-0.0740404040404,-0.0909090909091,0.181818181818,-0.0909090909091,18,2,2,88,0.9,0.977777777778,0.0222222222222,0.1,0.9,0.9,0.9,0.877777777778,0.877777777778,0.818181818182,7,7,0,0,0,0
2029,WLNM_dir_neg,0.867346938776,0.485286935287,00:00:01,10,50,26,1175612475,threshold_sweep,0.4,0.833333333333,0.714285714286,0.769230769231,5,1,2,13,0.714285714286,0.928571428571,0.0714285714286,0.285714285714,0.833333333333,0.714285714286,0.769230769231,0.857142857143,0.571428571429,0.666666666667,0.67082039325,0.642857142857,20,13,7,0,20,0,13,0,7,11,20,0.181818181818,3.04338842975,3.63636363636,2,2.5,1.68954001271,0.464623503495,0.245454545455,1.16774841624,0.642261628933,0.336363636364,1.94000937205,1.06700515463,0.536363636364,1.05689877454,0.347276990411,3.54545454545,3.04338842975,1.05689877454,3.54545454545,0.499047619048,0.4,8,0.0484848484848,0.255555555556,11,11,11,1,0,0.0909090909091,0.636363636364,0.272727272727,11,0.118181818182,3.72727272727,2.36363636364,1.3,1.625,1.43336856898,0.6064251638,0.286713286713,0.603022689156,0.510249967747,0.237762237762,1.40129809949,1.18571377649,0.503496503497,2.05382127221,0.551025219373,7,3.72727272727,2.05382127221,7,0,0,0,0,0.22962962963,11,11,11,1,0,0.0909090909091,0.636363636364,0.272727272727,11,19,0.172727272727,3.14772727273,3.45454545455,1.9,2.11111111111,1.36847625947,0.396137864583,0.205741626794,1.00904995822,0.584186817916,0.306220095694,1.61807966991,0.936782966791,0.468899521531,1.18338851637,0.375950142385,3.96875,3.14772727273,1.18338851637,3.96875,0.41,0.3,5,0.030303030303,0.214444444444,11,11,11,1,0,0.0909090909091,0.727272727273,0.181818181818,-1,-0.00909090909091,0.104338842975,-0.181818181818,-0.1,-0.388888888889,-0.321063753241,-0.0684856389122,-0.0397129186603,-0.158698458023,-0.058074811017,-0.0301435406699,-0.321929702137,-0.130222187836,-0.0674641148325,0.126489741835,0.0286731519741,0.423295454545,0.104338842975,0.126489741835,0.423295454545,-0.0890476190476,-0.1,-3,-0.0181818181818,-0.0411111111111,0,0.0909090909091,-0.0909090909091,18,1,2,89,0.9,0.988888888889,0.0111111111111,0.1,0.947368421053,0.9,0.923076923077,0.906956031802,0.888888888889,0.857142857143,6,7,0,0,0,0
2030,WLNM_dir_neg,0.867346938776,0.485286935287,00:00:01,10,50,26,1175612475,threshold_sweep,0.5,0.833333333333,0.714285714286,0.769230769231,5,1,2,13,0.714285714286,0.928571428571,0.0714285714286,0.285714285714,0.833333333333,0.714285714286,0.769230769231,0.857142857143,0.571428571429,0.666666666667,0.67082039325,0.642857142857,20,13,7,0,20,0,13,0,7,11,20,0.181818181818,3.04338842975,3.63636363636,2,2.5,1.68954001271,0.464623503495,0.245454545455,1.16774841624,0.642261628933,0.336363636364,1.94000937205,1.06700515463,0.536363636364,1.05689877454,0.347276990411,3.54545454545,3.04338842975,1.05689877454,3.54545454545,0.499047619048,0.4,8,0.0484848484848,0.255555555556,11,11,11,1,0,0.0909090909091,0.636363636364,0.272727272727,11,0.118181818182,3.72727272727,2.36363636364,1.3,1.625,1.43336856898,0.6064251638,0.286713286713,0.603022689156,0.510249967747,0.237762237762,1.40129809949,1.18571377649,0.503496503497,2.05382127221,0.551025219373,7,3.72727272727,2.05382127221,7,0,0,0,0,0.22962962963,11,11,11,1,0,0.0909090909091,0.636363636364,0.272727272727,11,19,0.172727272727,3.14772727273,3.45454545455,1.9,2.11111111111,1.36847625947,0.396137864583,0.205741626794,1.00904995822,0.584186817916,0.306220095694,1.61807966991,0.936782966791,0.468899521531,1.18338851637,0.375950142385,3.96875,3.14772727273,1.18338851637,3.96875,0.41,0.3,5,0.030303030303,0.214444444444,11,11,11,1,0,0.0909090909091,0.727272727273,0.181818181818,-1,-0.00909090909091,0.104338842975,-0.181818181818,-0.1,-0.388888888889,-0.321063753241,-0.0684856389122,-0.0397129186603,-0.158698458023,-0.058074811017,-0.0301435406699,-0.321929702137,-0.130222187836,-0.0674641148325,0.126489741835,0.0286731519741,0.423295454545,0.104338842975,0.126489741835,0.423295454545,-0.0890476190476,-0.1,-3,-0.0181818181818,-0.0411111111111,0,0.0909090909091,-0.0909090909091,18,1,2,89,0.9,0.988888888889,0.0111111111111,0.1,0.947368421053,0.9,0.923076923077,0.906956031802,0.888888888889,0.857142857143,6,7,0,0,0,0
2031,WLNM_dir_neg,0.867346938776,0.485286935287,00:00:01,10,50,26,1175612475,threshold_sweep,0.6,0.833333333333,0.714285714286,0.769230769231,5,1,2,13,0.714285714286,0.928571428571,0.0714285714286,0.285714285714,0.833333333333,0.714285714286,0.769230769231,0.857142857143,0.571428571429,0.666666666667,0.67082039325,0.642857142857,20,13,7,0,20,0,13,0,7,11,20,0.181818181818,3.04338842975,3.63636363636,2,2.5,1.68954001271,0.464623503495,0.245454545455,1.16774841624,0.642261628933,0.336363636364,1.94000937205,1.06700515463,0.536363636364,1.05689877454,0.347276990411,3.54545454545,3.04338842975,1.05689877454,3.54545454545,0.499047619048,0.4,8,0.0484848484848,0.255555555556,11,11,11,1,0,0.0909090909091,0.636363636364,0.272727272727,11,0.118181818182,3.72727272727,2.36363636364,1.3,1.625,1.43336856898,0.6064251638,0.286713286713,0.603022689156,0.510249967747,0.237762237762,1.40129809949,1.18571377649,0.503496503497,2.05382127221,0.551025219373,7,3.72727272727,2.05382127221,7,0,0,0,0,0.22962962963,11,11,11,1,0,0.0909090909091,0.636363636364,0.272727272727,11,19,0.172727272727,3.14772727273,3.45454545455,1.9,2.11111111111,1.36847625947,0.396137864583,0.205741626794,1.00904995822,0.584186817916,0.306220095694,1.61807966991,0.936782966791,0.468899521531,1.18338851637,0.375950142385,3.96875,3.14772727273,1.18338851637,3.96875,0.41,0.3,5,0.030303030303,0.214444444444,11,11,11,1,0,0.0909090909091,0.727272727273,0.181818181818,-1,-0.00909090909091,0.104338842975,-0.181818181818,-0.1,-0.388888888889,-0.321063753241,-0.0684856389122,-0.0397129186603,-0.158698458023,-0.058074811017,-0.0301435406699,-0.321929702137,-0.130222187836,-0.0674641148325,0.126489741835,0.0286731519741,0.423295454545,0.104338842975,0.126489741835,0.423295454545,-0.0890476190476,-0.1,-3,-0.0181818181818,-0.0411111111111,0,0.0909090909091,-0.0909090909091,18,1,2,89,0.9,0.988888888889,0.0111111111111,0.1,0.947368421053,0.9,0.923076923077,0.906956031802,0.888888888889,0.857142857143,6,7,0,0,0,0
2032,WLNM_dir_neg,0.867346938776,0.485286935287,00:00:01,10,50,26,1175612475,threshold_sweep,0.7,0.833333333333,0.714285714286,0.769230769231,5,1,2,13,0.714285714286,0.928571428571,0.0714285714286,0.285714285714,0.833333333333,0.714285714286,0.769230769231,0.857142857143,0.571428571429,0.666666666667,0.67082039325,0.642857142857,20,13,7,0,20,0,13,0,7,11,20,0.181818181818,3.04338842975,3.63636363636,2,2.5,1.68954001271,0.464623503495,0.245454545455,1.16774841624,0.642261628933,0.336363636364,1.94000937205,1.06700515463,0.536363636364,1.05689877454,0.347276990411,3.54545454545,3.04338842975,1.05689877454,3.54545454545,0.499047619048,0.4,8,0.0484848484848,0.255555555556,11,11,11,1,0,0.0909090909091,0.636363636364,0.272727272727,11,0.118181818182,3.72727272727,2.36363636364,1.3,1.625,1.43336856898,0.6064251638,0.286713286713,0.603022689156,0.510249967747,0.237762237762,1.40129809949,1.18571377649,0.503496503497,2.05382127221,0.551025219373,7,3.72727272727,2.05382127221,7,0,0,0,0,0.22962962963,11,11,11,1,0,0.0909090909091,0.636363636364,0.272727272727,11,19,0.172727272727,3.14772727273,3.45454545455,1.9,2.11111111111,1.36847625947,0.396137864583,0.205741626794,1.00904995822,0.584186817916,0.306220095694,1.61807966991,0.936782966791,0.468899521531,1.18338851637,0.375950142385,3.96875,3.14772727273,1.18338851637,3.96875,0.41,0.3,5,0.030303030303,0.214444444444,11,11,11,1,0,0.0909090909091,0.727272727273,0.181818181818,-1,-0.00909090909091,0.104338842975,-0.181818181818,-0.1,-0.388888888889,-0.321063753241,-0.0684856389122,-0.0397129186603,-0.158698458023,-0.058074811017,-0.0301435406699,-0.321929702137,-0.130222187836,-0.0674641148325,0.126489741835,0.0286731519741,0.423295454545,0.104338842975,0.126489741835,0.423295454545,-0.0890476190476,-0.1,-3,-0.0181818181818,-0.0411111111111,0,0.0909090909091,-0.0909090909091,18,1,2,89,0.9,0.988888888889,0.0111111111111,0.1,0.947368421053,0.9,0.923076923077,0.906956031802,0.888888888889,0.857142857143,6,7,0,0,0,0
2033,WLNM_dir_neg,0.867346938776,0.485286935287,00:00:01,10,50,26,1175612475,threshold_sweep,0.8,0.833333333333,0.714285714286,0.769230769231,5,1,2,13,0.714285714286,0.928571428571,0.0714285714286,0.285714285714,0.833333333333,0.714285714286,0.769230769231,0.857142857143,0.571428571429,0.666666666667,0.67082039325,0.642857142857,20,13,7,0,20,0,13,0,7,11,20,0.181818181818,3.04338842975,3.63636363636,2,2.5,1.68954001271,0.464623503495,0.245454545455,1.16774841624,0.642261628933,0.336363636364,1.94000937205,1.06700515463,0.536363636364,1.05689877454,0.347276990411,3.54545454545,3.04338842975,1.05689877454,3.54545454545,0.499047619048,0.4,8,0.0484848484848,0.255555555556,11,11,11,1,0,0.0909090909091,0.636363636364,0.272727272727,11,0.118181818182,3.72727272727,2.36363636364,1.3,1.625,1.43336856898,0.6064251638,0.286713286713,0.603022689156,0.510249967747,0.237762237762,1.40129809949,1.18571377649,0.503496503497,2.05382127221,0.551025219373,7,3.72727272727,2.05382127221,7,0,0,0,0,0.22962962963,11,11,11,1,0,0.0909090909091,0.636363636364,0.272727272727,11,19,0.172727272727,3.14772727273,3.45454545455,1.9,2.11111111111,1.36847625947,0.396137864583,0.205741626794,1.00904995822,0.584186817916,0.306220095694,1.61807966991,0.936782966791,0.468899521531,1.18338851637,0.375950142385,3.96875,3.14772727273,1.18338851637,3.96875,0.41,0.3,5,0.030303030303,0.214444444444,11,11,11,1,0,0.0909090909091,0.727272727273,0.181818181818,-1,-0.00909090909091,0.104338842975,-0.181818181818,-0.1,-0.388888888889,-0.321063753241,-0.0684856389122,-0.0397129186603,-0.158698458023,-0.058074811017,-0.0301435406699,-0.321929702137,-0.130222187836,-0.0674641148325,0.126489741835,0.0286731519741,0.423295454545,0.104338842975,0.126489741835,0.423295454545,-0.0890476190476,-0.1,-3,-0.0181818181818,-0.0411111111111,0,0.0909090909091,-0.0909090909091,18,1,2,89,0.9,0.988888888889,0.0111111111111,0.1,0.947368421053,0.9,0.923076923077,0.906956031802,0.888888888889,0.857142857143,6,7,0,0,0,0
2034,WLNM_dir_neg,0.867346938776,0.485286935287,00:00:01,10,50,26,1175612475,threshold_sweep,0.9,0.833333333333,0.714285714286,0.769230769231,5,1,2,13,0.714285714286,0.928571428571,0.0714285714286,0.285714285714,0.833333333333,0.714285714286,0.769230769231,0.857142857143,0.571428571429,0.666666666667,0.67082039325,0.642857142857,20,13,7,0,20,0,13,0,7,11,20,0.181818181818,3.04338842975,3.63636363636,2,2.5,1.68954001271,0.464623503495,0.245454545455,1.16774841624,0.642261628933,0.336363636364,1.94000937205,1.06700515463,0.536363636364,1.05689877454,0.347276990411,3.54545454545,3.04338842975,1.05689877454,3.54545454545,0.499047619048,0.4,8,0.0484848484848,0.255555555556,11,11,11,1,0,0.0909090909091,0.636363636364,0.272727272727,11,0.118181818182,3.72727272727,2.36363636364,1.3,1.625,1.43336856898,0.6064251638,0.286713286713,0.603022689156,0.510249967747,0.237762237762,1.40129809949,1.18571377649,0.503496503497,2.05382127221,0.551025219373,7,3.72727272727,2.05382127221,7,0,0,0,0,0.22962962963,11,11,11,1,0,0.0909090909091,0.636363636364,0.272727272727,11,19,0.172727272727,3.14772727273,3.45454545455,1.9,2.11111111111,1.36847625947,0.396137864583,0.205741626794,1.00904995822,0.584186817916,0.306220095694,1.61807966991,0.936782966791,0.468899521531,1.18338851637,0.375950142385,3.96875,3.14772727273,1.18338851637,3.96875,0.41,0.3,5,0.030303030303,0.214444444444,11,11,11,1,0,0.0909090909091,0.727272727273,0.181818181818,-1,-0.00909090909091,0.104338842975,-0.181818181818,-0.1,-0.388888888889,-0.321063753241,-0.0684856389122,-0.0397129186603,-0.158698458023,-0.058074811017,-0.0301435406699,-0.321929702137,-0.130222187836,-0.0674641148325,0.126489741835,0.0286731519741,0.423295454545,0.104338842975,0.126489741835,0.423295454545,-0.0890476190476,-0.1,-3,-0.0181818181818,-0.0411111111111,0,0.0909090909091,-0.0909090909091,18,1,2,89,0.9,0.988888888889,0.0111111111111,0.1,0.947368421053,0.9,0.923076923077,0.906956031802,0.888888888889,0.857142857143,6,7,0,0,0,0
2035,WLNM_dir_neg,0.84693877551,0.507101232101,00:00:01,10,50,27,1175612476,threshold_sweep,0.1,0.833333333333,0.714285714286,0.769230769231,5,1,2,13,0.714285714286,0.928571428571,0.0714285714286,0.285714285714,0.833333333333,0.714285714286,0.769230769231,0.857142857143,0.571428571429,0.666666666667,0.67082039325,0.642857142857,20,13,7,0,20,0,13,0,7,11,20,0.181818181818,3.04338842975,3.63636363636,2,2.5,1.68954001271,0.464623503495,0.245454545455,1.16774841624,0.642261628933,0.336363636364,1.94000937205,1.06700515463,0.536363636364,1.05689877454,0.347276990411,3.54545454545,3.04338842975,1.05689877454,3.54545454545,0.499047619048,0.4,8,0.0484848484848,0.255555555556,11,11,11,1,0,0.0909090909091,0.636363636364,0.272727272727,11,0.118181818182,3.72727272727,2.36363636364,1.3,1.625,1.43336856898,0.6064251638,0.286713286713,0.603022689156,0.510249967747,0.237762237762,1.40129809949,1.18571377649,0.503496503497,2.05382127221,0.551025219373,7,3.72727272727,2.05382127221,7,0,0,0,0,0.22962962963,11,11,11,1,0,0.0909090909091,0.636363636364,0.272727272727,11,19,0.172727272727,3.17803030303,3.45454545455,1.9,2.375,1.43969693781,0.416754376733,0.215311004785,1.00904995822,0.584186817916,0.306220095694,1.67874411933,0.971904490138,0.507177033493,1.20143012424,0.378042375208,3.875,3.17803030303,1.20143012424,3.875,0.393333333333,0.3,5,0.030303030303,0.223703703704,11,11,11,1,0,0.0909090909091,0.636363636364,0.272727272727,-1,-0.00909090909091,0.134641873278,-0.181818181818,-0.1,-0.125,-0.249843074903,-0.0478691267618,-0.0301435406699,-0.158698458023,-0.058074811017,-0.0301435406699,-0.26126525272,-0.0951006644889,-0.0291866028708,0.144531349704,0.0307653847969,0.329545454545,0.134641873278,0.144531349704,0.329545454545,-0.105714285714,-0.1,-3,-0.0181818181818,-0.0318518518519,0,0,0,18,1,2,89,0.9,0.988888888889,0.0111111111111,0.1,0.947368421053,0.9,0.923076923077,0.906956031802,0.888888888889,0.857142857143,6,7,0,0,0,0
2036,WLNM_dir_neg,0.84693877551,0.507101232101,00:00:01,10,50,27,1175612476,threshold_sweep,0.2,0.833333333333,0.714285714286,0.769230769231,5,1,2,13,0.714285714286,0.928571428571,0.0714285714286,0.285714285714,0.833333333333,0.714285714286,0.769230769231,0.857142857143,0.571428571429,0.666666666667,0.67082039325,0.642857142857,20,13,7,0,20,0,13,0,7,11,20,0.181818181818,3.04338842975,3.63636363636,2,2.5,1.68954001271,0.464623503495,0.245454545455,1.16774841624,0.642261628933,0.336363636364,1.94000937205,1.06700515463,0.536363636364,1.05689877454,0.347276990411,3.54545454545,3.04338842975,1.05689877454,3.54545454545,0.499047619048,0.4,8,0.0484848484848,0.255555555556,11,11,11,1,0,0.0909090909091,0.636363636364,0.272727272727,11,0.118181818182,3.72727272727,2.36363636364,1.3,1.625,1.43336856898,0.6064251638,0.286713286713,0.603022689156,0.510249967747,0.237762237762,1.40129809949,1.18571377649,0.503496503497,2.05382127221,0.551025219373,7,3.72727272727,2.05382127221,7,0,0,0,0,0.22962962963,11,11,11,1,0,0.0909090909091,0.636363636364,0.272727272727,11,19,0.172727272727,3.17803030303,3.45454545455,1.9,2.375,1.43969693781,0.416754376733,0.215311004785,1.00904995822,0.584186817916,0.306220095694,1.67874411933,0.971904490138,0.507177033493,1.20143012424,0.378042375208,3.875,3.17803030303,1.20143012424,3.875,0.393333333333,0.3,5,0.030303030303,0.223703703704,11,11,11,1,0,0.0909090909091,0.636363636364,0.272727272727,-1,-0.00909090909091,0.134641873278,-0.181818181818,-0.1,-0.125,-0.249843074903,-0.0478691267618,-0.0301435406699,-0.158698458023,-0.058074811017,-0.0301435406699,-0.26126525272,-0.0951006644889,-0.0291866028708,0.144531349704,0.0307653847969,0.329545454545,0.134641873278,0.144531349704,0.329545454545,-0.105714285714,-0.1,-3,-0.0181818181818,-0.0318518518519,0,0,0,18,1,2,89,0.9,0.988888888889,0.0111111111111,0.1,0.947368421053,0.9,0.923076923077,0.906956031802,0.888888888889,0.857142857143,6,7,0,0,0,0
2037,WLNM_dir_neg,0.84693877551,0.507101232101,00:00:01,10,50,27,1175612476,threshold_sweep,0.3,0.833333333333,0.714285714286,0.769230769231,5,1,2,13,0.714285714286,0.928571428571,0.0714285714286,0.285714285714,0.833333333333,0.714285714286,0.769230769231,0.857142857143,0.571428571429,0.666666666667,0.67082039325,0.642857142857,20,13,7,0,20,0,13,0,7,11,20,0.181818181818,3.04338842975,3.63636363636,2,2.5,1.68954001271,0.464623503495,0.245454545455,1.16774841624,0.642261628933,0.336363636364,1.94000937205,1.06700515463,0.536363636364,1.05689877454,0.347276990411,3.54545454545,3.04338842975,1.05689877454,3.54545454545,0.499047619048,0.4,8,0.0484848484848,0.255555555556,11,11,11,1,0,0.0909090909091,0.636363636364,0.272727272727,11,0.118181818182,3.72727272727,2.36363636364,1.3,1.625,1.43336856898,0.6064251638,0.286713286713,0.603022689156,0.510249967747,0.237762237762,1.40129809949,1.18571377649,0.503496503497,2.05382127221,0.551025219373,7,3.72727272727,2.05382127221,7,0,0,0,0,0.22962962963,11,11,11,1,0,0.0909090909091,0.636363636364,0.272727272727,11,19,0.172727272727,3.17803030303,3.45454545455,1.9,2.375,1.43969693781,0.416754376733,0.215311004785,1.00904995822,0.584186817916,0.306220095694,1.67874411933,0.971904490138,0.507177033493,1.20143012424,0.378042375208,3.875,3.17803030303,1.20143012424,3.875,0.393333333333,0.3,5,0.030303030303,0.223703703704,11,11,11,1,0,0.0909090909091,0.636363636364,0.272727272727,-1,-0.00909090909091,0.134641873278,-0.181818181818,-0.1,-0.125,-0.249843074903,-0.0478691267618,-0.0301435406699,-0.158698458023,-0.058074811017,-0.0301435406699,-0.26126525272,-0.0951006644889,-0.0291866028708,0.144531349704,0.0307653847969,0.329545454545,0.134641873278,0.144531349704,0.329545454545,-0.105714285714,-0.1,-3,-0.0181818181818,-0.0318518518519,0,0,0,18,1,2,89,0.9,0.988888888889,0.0111111111111,0.1,0.947368421053,0.9,0.923076923077,0.906956031802,0.888888888889,0.857142857143,6,7,0,0,0,0
2038,WLNM_dir_neg,0.84693877551,0.507101232101,00:00:01,10,50,27,1175612476,threshold_sweep,0.4,0.833333333333,0.714285714286,0.769230769231,5,1,2,13,0.714285714286,0.928571428571,0.0714285714286,0.285714285714,0.833333333333,0.714285714286,0.769230769231,0.857142857143,0.571428571429,0.666666666667,0.67082039325,0.642857142857,20,13,7,0,20,0,13,0,7,11,20,0.181818181818,3.04338842975,3.63636363636,2,2.5,1.68954001271,0.464623503495,0.245454545455,1.16774841624,0.642261628933,0.336363636364,1.94000937205,1.06700515463,0.536363636364,1.05689877454,0.347276990411,3.54545454545,3.04338842975,1.05689877454,3.54545454545,0.499047619048,0.4,8,0.0484848484848,0.255555555556,11,11,11,1,0,0.0909090909091,0.636363636364,0.272727272727,11,0.118181818182,3.72727272727,2.36363636364,1.3,1.625,1.43336856898,0.6064251638,0.286713286713,0.603022689156,0.510249967747,0.237762237762,1.40129809949,1.18571377649,0.503496503497,2.05382127221,0.551025219373,7,3.72727272727,2.05382127221,7,0,0,0,0,0.22962962963,11,11,11,1,0,0.0909090909091,0.636363636364,0.272727272727,11,19,0.172727272727,3.17803030303,3.45454545455,1.9,2.375,1.43969693781,0.416754376733,0.215311004785,1.00904995822,0.584186817916,0.306220095694,1.67874411933,0.971904490138,0.507177033493,1.20143012424,0.378042375208,3.875,3.17803030303,1.20143012424,3.875,0.393333333333,0.3,5,0.030303030303,0.223703703704,11,11,11,1,0,0.0909090909091,0.636363636364,0.272727272727,-1,-0.00909090909091,0.134641873278,-0.181818181818,-0.1,-0.125,-0.249843074903,-0.0478691267618,-0.0301435406699,-0.158698458023,-0.058074811017,-0.0301435406699,-0.26126525272,-0.0951006644889,-0.0291866028708,0.144531349704,0.0307653847969,0.329545454545,0.134641873278,0.144531349704,0.329545454545,-0.105714285714,-0.1,-3,-0.0181818181818,-0.0318518518519,0,0,0,18,1,2,89,0.9,0.988888888889,0.0111111111111,0.1,0.947368421053,0.9,0.923076923077,0.906956031802,0.888888888889,0.857142857143,6,7,0,0,0,0
2039,WLNM_dir_neg,0.84693877551,0.507101232101,00:00:01,10,50,27,1175612476,threshold_sweep,0.5,0.833333333333,0.714285714286,0.769230769231,5,1,2,13,0.714285714286,0.928571428571,0.0714285714286,0.285714285714,0.833333333333,0.714285714286,0.769230769231,0.857142857143,0.571428571429,0.666666666667,0.67082039325,0.642857142857,20,13,7,0,20,0,13,0,7,11,20,0.181818181818,3.04338842975,3.63636363636,2,2.5,1.68954001271,0.464623503495,0.245454545455,1.16774841624,0.642261628933,0.336363636364,1.94000937205,1.06700515463,0.536363636364,1.05689877454,0.347276990411,3.54545454545,3.04338842975,1.05689877454,3.54545454545,0.499047619048,0.4,8,0.0484848484848,0.255555555556,11,11,11,1,0,0.0909090909091,0.636363636364,0.272727272727,11,0.118181818182,3.72727272727,2.36363636364,1.3,1.625,1.43336856898,0.6064251638,0.286713286713,0.603022689156,0.510249967747,0.237762237762,1.40129809949,1.18571377649,0.503496503497,2.05382127221,0.551025219373,7,3.72727272727,2.05382127221,7,0,0,0,0,0.22962962963,11,11,11,1,0,0.0909090909091,0.636363636364,0.272727272727,11,19,0.172727272727,3.17803030303,3.45454545455,1.9,2.375,1.43969693781,0.416754376733,0.215311004785,1.00904995822,0.584186817916,0.306220095694,1.67874411933,0.971904490138,0.507177033493,1.20143012424,0.378042375208,3.875,3.17803030303,1.20143012424,3.875,0.393333333333,0.3,5,0.030303030303,0.223703703704,11,11,11,1,0,0.0909090909091,0.636363636364,0.272727272727,-1,-0.00909090909091,0.134641873278,-0.181818181818,-0.1,-0.125,-0.249843074903,-0.0478691267618,-0.0301435406699,-0.158698458023,-0.058074811017,-0.0301435406699,-0.26126525272,-0.0951006644889,-0.0291866028708,0.144531349704,0.0307653847969,0.329545454545,0.134641873278,0.144531349704,0.329545454545,-0.105714285714,-0.1,-3,-0.0181818181818,-0.0318518518519,0,0,0,18,1,2,89,0.9,0.988888888889,0.0111111111111,0.1,0.947368421053,0.9,0.923076923077,0.906956031802,0.888888888889,0.857142857143,6,7,0,0,0,0
2040,WLNM_dir_neg,0.84693877551,0.507101232101,00:00:01,10,50,27,1175612476,threshold_sweep,0.6,0.833333333333,0.714285714286,0.769230769231,5,1,2,13,0.714285714286,0.928571428571,0.0714285714286,0.285714285714,0.833333333333,0.714285714286,0.769230769231,0.857142857143,0.571428571429,0.666666666667,0.67082039325,0.642857142857,20,13,7,0,20,0,13,0,7,11,20,0.181818181818,3.04338842975,3.63636363636,2,2.5,1.68954001271,0.464623503495,0.245454545455,1.16774841624,0.642261628933,0.336363636364,1.94000937205,1.06700515463,0.536363636364,1.05689877454,0.347276990411,3.54545454545,3.04338842975,1.05689877454,3.54545454545,0.499047619048,0.4,8,0.0484848484848,0.255555555556,11,11,11,1,0,0.0909090909091,0.636363636364,0.272727272727,11,0.118181818182,3.72727272727,2.36363636364,1.3,1.625,1.43336856898,0.6064251638,0.286713286713,0.603022689156,0.510249967747,0.237762237762,1.40129809949,1.18571377649,0.503496503497,2.05382127221,0.551025219373,7,3.72727272727,2.05382127221,7,0,0,0,0,0.22962962963,11,11,11,1,0,0.0909090909091,0.636363636364,0.272727272727,11,19,0.172727272727,3.17803030303,3.45454545455,1.9,2.375,1.43969693781,0.416754376733,0.215311004785,1.00904995822,0.584186817916,0.306220095694,1.67874411933,0.971904490138,0.507177033493,1.20143012424,0.378042375208,3.875,3.17803030303,1.20143012424,3.875,0.393333333333,0.3,5,0.030303030303,0.223703703704,11,11,11,1,0,0.0909090909091,0.636363636364,0.272727272727,-1,-0.00909090909091,0.134641873278,-0.181818181818,-0.1,-0.125,-0.249843074903,-0.0478691267618,-0.0301435406699,-0.158698458023,-0.058074811017,-0.0301435406699,-0.26126525272,-0.0951006644889,-0.0291866028708,0.144531349704,0.0307653847969,0.329545454545,0.134641873278,0.144531349704,0.329545454545,-0.105714285714,-0.1,-3,-0.0181818181818,-0.0318518518519,0,0,0,18,1,2,89,0.9,0.988888888889,0.0111111111111,0.1,0.947368421053,0.9,0.923076923077,0.906956031802,0.888888888889,0.857142857143,6,7,0,0,0,0
2041,WLNM_dir_neg,0.84693877551,0.507101232101,00:00:01,10,50,27,1175612476,threshold_sweep,0.7,0.833333333333,0.714285714286,0.769230769231,5,1,2,13,0.714285714286,0.928571428571,0.0714285714286,0.285714285714,0.833333333333,0.714285714286,0.769230769231,0.857142857143,0.571428571429,0.666666666667,0.67082039325,0.642857142857,20,13,7,0,20,0,13,0,7,11,20,0.181818181818,3.04338842975,3.63636363636,2,2.5,1.68954001271,0.464623503495,0.245454545455,1.16774841624,0.642261628933,0.336363636364,1.94000937205,1.06700515463,0.536363636364,1.05689877454,0.347276990411,3.54545454545,3.04338842975,1.05689877454,3.54545454545,0.499047619048,0.4,8,0.0484848484848,0.255555555556,11,11,11,1,0,0.0909090909091,0.636363636364,0.272727272727,11,0.118181818182,3.72727272727,2.36363636364,1.3,1.625,1.43336856898,0.6064251638,0.286713286713,0.603022689156,0.510249967747,0.237762237762,1.40129809949,1.18571377649,0.503496503497,2.05382127221,0.551025219373,7,3.72727272727,2.05382127221,7,0,0,0,0,0.22962962963,11,11,11,1,0,0.0909090909091,0.636363636364,0.272727272727,11,19,0.172727272727,3.17803030303,3.45454545455,1.9,2.375,1.43969693781,0.416754376733,0.215311004785,1.00904995822,0.584186817916,0.306220095694,1.67874411933,0.971904490138,0.507177033493,1.20143012424,0.378042375208,3.875,3.17803030303,1.20143012424,3.875,0.393333333333,0.3,5,0.030303030303,0.223703703704,11,11,11,1,0,0.0909090909091,0.636363636364,0.272727272727,-1,-0.00909090909091,0.134641873278,-0.181818181818,-0.1,-0.125,-0.249843074903,-0.0478691267618,-0.0301435406699,-0.158698458023,-0.058074811017,-0.0301435406699,-0.26126525272,-0.0951006644889,-0.0291866028708,0.144531349704,0.0307653847969,0.329545454545,0.134641873278,0.144531349704,0.329545454545,-0.105714285714,-0.1,-3,-0.0181818181818,-0.0318518518519,0,0,0,18,1,2,89,0.9,0.988888888889,0.0111111111111,0.1,0.947368421053,0.9,0.923076923077,0.906956031802,0.888888888889,0.857142857143,6,7,0,0,0,0
2042,WLNM_dir_neg,0.84693877551,0.507101232101,00:00:01,10,50,27,1175612476,threshold_sweep,0.8,0.833333333333,0.714285714286,0.769230769231,5,1,2,13,0.714285714286,0.928571428571,0.0714285714286,0.285714285714,0.833333333333,0.714285714286,0.769230769231,0.857142857143,0.571428571429,0.666666666667,0.67082039325,0.642857142857,20,13,7,0,20,0,13,0,7,11,20,0.181818181818,3.04338842975,3.63636363636,2,2.5,1.68954001271,0.464623503495,0.245454545455,1.16774841624,0.642261628933,0.336363636364,1.94000937205,1.06700515463,0.536363636364,1.05689877454,0.347276990411,3.54545454545,3.04338842975,1.05689877454,3.54545454545,0.499047619048,0.4,8,0.0484848484848,0.255555555556,11,11,11,1,0,0.0909090909091,0.636363636364,0.272727272727,11,0.118181818182,3.72727272727,2.36363636364,1.3,1.625,1.43336856898,0.6064251638,0.286713286713,0.603022689156,0.510249967747,0.237762237762,1.40129809949,1.18571377649,0.503496503497,2.05382127221,0.551025219373,7,3.72727272727,2.05382127221,7,0,0,0,0,0.22962962963,11,11,11,1,0,0.0909090909091,0.636363636364,0.272727272727,11,19,0.172727272727,3.17803030303,3.45454545455,1.9,2.375,1.43969693781,0.416754376733,0.215311004785,1.00904995822,0.584186817916,0.306220095694,1.67874411933,0.971904490138,0.507177033493,1.20143012424,0.378042375208,3.875,3.17803030303,1.20143012424,3.875,0.393333333333,0.3,5,0.030303030303,0.223703703704,11,11,11,1,0,0.0909090909091,0.636363636364,0.272727272727,-1,-0.00909090909091,0.134641873278,-0.181818181818,-0.1,-0.125,-0.249843074903,-0.0478691267618,-0.0301435406699,-0.158698458023,-0.058074811017,-0.0301435406699,-0.26126525272,-0.0951006644889,-0.0291866028708,0.144531349704,0.0307653847969,0.329545454545,0.134641873278,0.144531349704,0.329545454545,-0.105714285714,-0.1,-3,-0.0181818181818,-0.0318518518519,0,0,0,18,1,2,89,0.9,0.988888888889,0.0111111111111,0.1,0.947368421053,0.9,0.923076923077,0.906956031802,0.888888888889,0.857142857143,6,7,0,0,0,0
2043,WLNM_dir_neg,0.84693877551,0.507101232101,00:00:01,10,50,27,1175612476,threshold_sweep,0.9,0.833333333333,0.714285714286,0.769230769231,5,1,2,13,0.714285714286,0.928571428571,0.0714285714286,0.285714285714,0.833333333333,0.714285714286,0.769230769231,0.857142857143,0.571428571429,0.666666666667,0.67082039325,0.642857142857,20,13,7,0,20,0,13,0,7,11,20,0.181818181818,3.04338842975,3.63636363636,2,2.5,1.68954001271,0.464623503495,0.245454545455,1.16774841624,0.642261628933,0.336363636364,1.94000937205,1.06700515463,0.536363636364,1.05689877454,0.347276990411,3.54545454545,3.04338842975,1.05689877454,3.54545454545,0.499047619048,0.4,8,0.0484848484848,0.255555555556,11,11,11,1,0,0.0909090909091,0.636363636364,0.272727272727,11,0.118181818182,3.72727272727,2.36363636364,1.3,1.625,1.43336856898,0.6064251638,0.286713286713,0.603022689156,0.510249967747,0.237762237762,1.40129809949,1.18571377649,0.503496503497,2.05382127221,0.551025219373,7,3.72727272727,2.05382127221,7,0,0,0,0,0.22962962963,11,11,11,1,0,0.0909090909091,0.636363636364,0.272727272727,11,19,0.172727272727,3.17803030303,3.45454545455,1.9,2.375,1.43969693781,0.416754376733,0.215311004785,1.00904995822,0.584186817916,0.306220095694,1.67874411933,0.971904490138,0.507177033493,1.20143012424,0.378042375208,3.875,3.17803030303,1.20143012424,3.875,0.393333333333,0.3,5,0.030303030303,0.223703703704,11,11,11,1,0,0.0909090909091,0.636363636364,0.272727272727,-1,-0.00909090909091,0.134641873278,-0.181818181818,-0.1,-0.125,-0.249843074903,-0.0478691267618,-0.0301435406699,-0.158698458023,-0.058074811017,-0.0301435406699,-0.26126525272,-0.0951006644889,-0.0291866028708,0.144531349704,0.0307653847969,0.329545454545,0.134641873278,0.144531349704,0.329545454545,-0.105714285714,-0.1,-3,-0.0181818181818,-0.0318518518519,0,0,0,18,1,2,89,0.9,0.988888888889,0.0111111111111,0.1,0.947368421053,0.9,0.923076923077,0.906956031802,0.888888888889,0.857142857143,6,7,0,0,0,0
2044,WLNM_dir_neg,0.877551020408,0.570929070929,00:00:01,10,50,28,1175612477,threshold_sweep,0.1,1,0.714285714286,0.833333333333,5,0,2,14,0.714285714286,1,0,0.285714285714,1,0.714285714286,0.833333333333,0.904761904762,0.587301587302,0.769230769231,0.790569415042,0.714285714286,20,13,7,0,20,0,13,0,7,11,20,0.181818181818,3.04338842975,3.63636363636,2,2.5,1.68954001271,0.464623503495,0.245454545455,1.16774841624,0.642261628933,0.336363636364,1.94000937205,1.06700515463,0.536363636364,1.05689877454,0.347276990411,3.54545454545,3.04338842975,1.05689877454,3.54545454545,0.499047619048,0.4,8,0.0484848484848,0.255555555556,11,11,11,1,0,0.0909090909091,0.636363636364,0.272727272727,11,0.118181818182,3.72727272727,2.36363636364,1.3,1.625,1.43336856898,0.6064251638,0.286713286713,0.603022689156,0.510249967747,0.237762237762,1.40129809949,1.18571377649,0.503496503497,2.05382127221,0.551025219373,7,3.72727272727,2.05382127221,7,0,0,0,0,0.22962962963,11,11,11,1,0,0.0909090909091,0.636363636364,0.272727272727,11,18,0.163636363636,3.11363636364,3.27272727273,1.8,2.25,1.42062726223,0.434080552347,0.227272727273,0.924416277737,0.564921058617,0.292929292929,1.68954001271,1.03249667443,0.525252525253,1.14353419474,0.367266456706,3.875,3.11363636364,1.14353419474,3.875,0.366666666667,0.266666666667,4,0.0242424242424,0.221111111111,11,11,11,1,0,0.0909090909091,0.636363636364,0.272727272727,-2,-0.0181818181818,0.0702479338843,-0.363636363636,-0.2,-0.25,-0.268912750482,-0.030542951148,-0.0181818181818,-0.243332138505,-0.0773405703161,-0.0434343434343,-0.250469359339,-0.0345084801933,-0.0111111111111,0.0866354202056,0.0199894662943,0.329545454545,0.0702479338843,0.0866354202056,0.329545454545,-0.132380952381,-0.133333333333,-4,-0.0242424242424,-0.0344444444444,0,0,0,18,0,2,90,0.9,1,0,0.1,1,0.9,0.947368421053,0.938314863257,0.9,0.9,5,7,0,0,0,0
2045,WLNM_dir_neg,0.877551020408,0.570929070929,00:00:01,10,50,28,1175612477,threshold_sweep,0.2,1,0.714285714286,0.833333333333,5,0,2,14,0.714285714286,1,0,0.285714285714,1,0.714285714286,0.833333333333,0.904761904762,0.587301587302,0.769230769231,0.790569415042,0.714285714286,20,13,7,0,20,0,13,0,7,11,20,0.181818181818,3.04338842975,3.63636363636,2,2.5,1.68954001271,0.464623503495,0.245454545455,1.16774841624,0.642261628933,0.336363636364,1.94000937205,1.06700515463,0.536363636364,1.05689877454,0.347276990411,3.54545454545,3.04338842975,1.05689877454,3.54545454545,0.499047619048,0.4,8,0.0484848484848,0.255555555556,11,11,11,1,0,0.0909090909091,0.636363636364,0.272727272727,11,0.118181818182,3.72727272727,2.36363636364,1.3,1.625,1.43336856898,0.6064251638,0.286713286713,0.603022689156,0.510249967747,0.237762237762,1.40129809949,1.18571377649,0.503496503497,2.05382127221,0.551025219373,7,3.72727272727,2.05382127221,7,0,0,0,0,0.22962962963,11,11,11,1,0,0.0909090909091,0.636363636364,0.272727272727,11,18,0.163636363636,3.11363636364,3.27272727273,1.8,2.25,1.42062726223,0.434080552347,0.227272727273,0.924416277737,0.564921058617,0.292929292929,1.68954001271,1.03249667443,0.525252525253,1.14353419474,0.367266456706,3.875,3.11363636364,1.14353419474,3.875,0.366666666667,0.266666666667,4,0.0242424242424,0.221111111111,11,11,11,1,0,0.0909090909091,0.636363636364,0.272727272727,-2,-0.0181818181818,0.0702479338843,-0.363636363636,-0.2,-0.25,-0.268912750482,-0.030542951148,-0.0181818181818,-0.243332138505,-0.0773405703161,-0.0434343434343,-0.250469359339,-0.0345084801933,-0.0111111111111,0.0866354202056,0.0199894662943,0.329545454545,0.0702479338843,0.0866354202056,0.329545454545,-0.132380952381,-0.133333333333,-4,-0.0242424242424,-0.0344444444444,0,0,0,18,0,2,90,0.9,1,0,0.1,1,0.9,0.947368421053,0.938314863257,0.9,0.9,5,7,0,0,0,0
2046,WLNM_dir_neg,0.877551020408,0.570929070929,00:00:01,10,50,28,1175612477,threshold_sweep,0.3,1,0.714285714286,0.833333333333,5,0,2,14,0.714285714286,1,0,0.285714285714,1,0.714285714286,0.833333333333,0.904761904762,0.587301587302,0.769230769231,0.790569415042,0.714285714286,20,13,7,0,20,0,13,0,7,11,20,0.181818181818,3.04338842975,3.63636363636,2,2.5,1.68954001271,0.464623503495,0.245454545455,1.16774841624,0.642261628933,0.336363636364,1.94000937205,1.06700515463,0.536363636364,1.05689877454,0.347276990411,3.54545454545,3.04338842975,1.05689877454,3.54545454545,0.499047619048,0.4,8,0.0484848484848,0.255555555556,11,11,11,1,0,0.0909090909091,0.636363636364,0.272727272727,11,0.118181818182,3.72727272727,2.36363636364,1.3,1.625,1.43336856898,0.6064251638,0.286713286713,0.603022689156,0.510249967747,0.237762237762,1.40129809949,1.18571377649,0.503496503497,2.05382127221,0.551025219373,7,3.72727272727,2.05382127221,7,0,0,0,0,0.22962962963,11,11,11,1,0,0.0909090909091,0.636363636364,0.272727272727,11,18,0.163636363636,3.11363636364,3.27272727273,1.8,2.25,1.42062726223,0.434080552347,0.227272727273,0.924416277737,0.564921058617,0.292929292929,1.68954001271,1.03249667443,0.525252525253,1.14353419474,0.367266456706,3.875,3.11363636364,1.14353419474,3.875,0.366666666667,0.266666666667,4,0.0242424242424,0.221111111111,11,11,11,1,0,0.0909090909091,0.636363636364,0.272727272727,-2,-0.0181818181818,0.0702479338843,-0.363636363636,-0.2,-0.25,-0.268912750482,-0.030542951148,-0.0181818181818,-0.243332138505,-0.0773405703161,-0.0434343434343,-0.250469359339,-0.0345084801933,-0.0111111111111,0.0866354202056,0.0199894662943,0.329545454545,0.0702479338843,0.0866354202056,0.329545454545,-0.132380952381,-0.133333333333,-4,-0.0242424242424,-0.0344444444444,0,0,0,18,0,2,90,0.9,1,0,0.1,1,0.9,0.947368421053,0.938314863257,0.9,0.9,5,7,0,0,0,0
2047,WLNM_dir_neg,0.877551020408,0.570929070929,00:00:01,10,50,28,1175612477,threshold_sweep,0.4,1,0.714285714286,0.833333333333,5,0,2,14,0.714285714286,1,0,0.285714285714,1,0.714285714286,0.833333333333,0.904761904762,0.587301587302,0.769230769231,0.790569415042,0.714285714286,20,13,7,0,20,0,13,0,7,11,20,0.181818181818,3.04338842975,3.63636363636,2,2.5,1.68954001271,0.464623503495,0.245454545455,1.16774841624,0.642261628933,0.336363636364,1.94000937205,1.06700515463,0.536363636364,1.05689877454,0.347276990411,3.54545454545,3.04338842975,1.05689877454,3.54545454545,0.499047619048,0.4,8,0.0484848484848,0.255555555556,11,11,11,1,0,0.0909090909091,0.636363636364,0.272727272727,11,0.118181818182,3.72727272727,2.36363636364,1.3,1.625,1.43336856898,0.6064251638,0.286713286713,0.603022689156,0.510249967747,0.237762237762,1.40129809949,1.18571377649,0.503496503497,2.05382127221,0.551025219373,7,3.72727272727,2.05382127221,7,0,0,0,0,0.22962962963,11,11,11,1,0,0.0909090909091,0.636363636364,0.272727272727,11,18,0.163636363636,3.11363636364,3.27272727273,1.8,2.25,1.42062726223,0.434080552347,0.227272727273,0.924416277737,0.564921058617,0.292929292929,1.68954001271,1.03249667443,0.525252525253,1.14353419474,0.367266456706,3.875,3.11363636364,1.14353419474,3.875,0.366666666667,0.266666666667,4,0.0242424242424,0.221111111111,11,11,11,1,0,0.0909090909091,0.636363636364,0.272727272727,-2,-0.0181818181818,0.0702479338843,-0.363636363636,-0.2,-0.25,-0.268912750482,-0.030542951148,-0.0181818181818,-0.243332138505,-0.0773405703161,-0.0434343434343,-0.250469359339,-0.0345084801933,-0.0111111111111,0.0866354202056,0.0199894662943,0.329545454545,0.0702479338843,0.0866354202056,0.329545454545,-0.132380952381,-0.133333333333,-4,-0.0242424242424,-0.0344444444444,0,0,0,18,0,2,90,0.9,1,0,0.1,1,0.9,0.947368421053,0.938314863257,0.9,0.9,5,7,0,0,0,0
2048,WLNM_dir_neg,0.877551020408,0.570929070929,00:00:01,10,50,28,1175612477,threshold_sweep,0.5,1,0.714285714286,0.833333333333,5,0,2,14,0.714285714286,1,0,0.285714285714,1,0.714285714286,0.833333333333,0.904761904762,0.587301587302,0.769230769231,0.790569415042,0.714285714286,20,13,7,0,20,0,13,0,7,11,20,0.181818181818,3.04338842975,3.63636363636,2,2.5,1.68954001271,0.464623503495,0.245454545455,1.16774841624,0.642261628933,0.336363636364,1.94000937205,1.06700515463,0.536363636364,1.05689877454,0.347276990411,3.54545454545,3.04338842975,1.05689877454,3.54545454545,0.499047619048,0.4,8,0.0484848484848,0.255555555556,11,11,11,1,0,0.0909090909091,0.636363636364,0.272727272727,11,0.118181818182,3.72727272727,2.36363636364,1.3,1.625,1.43336856898,0.6064251638,0.286713286713,0.603022689156,0.510249967747,0.237762237762,1.40129809949,1.18571377649,0.503496503497,2.05382127221,0.551025219373,7,3.72727272727,2.05382127221,7,0,0,0,0,0.22962962963,11,11,11,1,0,0.0909090909091,0.636363636364,0.272727272727,11,18,0.163636363636,3.11363636364,3.27272727273,1.8,2.25,1.42062726223,0.434080552347,0.227272727273,0.924416277737,0.564921058617,0.292929292929,1.68954001271,1.03249667443,0.525252525253,1.14353419474,0.367266456706,3.875,3.11363636364,1.14353419474,3.875,0.366666666667,0.266666666667,4,0.0242424242424,0.221111111111,11,11,11,1,0,0.0909090909091,0.636363636364,0.272727272727,-2,-0.0181818181818,0.0702479338843,-0.363636363636,-0.2,-0.25,-0.268912750482,-0.030542951148,-0.0181818181818,-0.243332138505,-0.0773405703161,-0.0434343434343,-0.250469359339,-0.0345084801933,-0.0111111111111,0.0866354202056,0.0199894662943,0.329545454545,0.0702479338843,0.0866354202056,0.329545454545,-0.132380952381,-0.133333333333,-4,-0.0242424242424,-0.0344444444444,0,0,0,18,0,2,90,0.9,1,0,0.1,1,0.9,0.947368421053,0.938314863257,0.9,0.9,5,7,0,0,0,0
2049,WLNM_dir_neg,0.877551020408,0.570929070929,00:00:01,10,50,28,1175612477,threshold_sweep,0.6,1,0.714285714286,0.833333333333,5,0,2,14,0.714285714286,1,0,0.285714285714,1,0.714285714286,0.833333333333,0.904761904762,0.587301587302,0.769230769231,0.790569415042,0.714285714286,20,13,7,0,20,0,13,0,7,11,20,0.181818181818,3.04338842975,3.63636363636,2,2.5,1.68954001271,0.464623503495,0.245454545455,1.16774841624,0.642261628933,0.336363636364,1.94000937205,1.06700515463,0.536363636364,1.05689877454,0.347276990411,3.54545454545,3.04338842975,1.05689877454,3.54545454545,0.499047619048,0.4,8,0.0484848484848,0.255555555556,11,11,11,1,0,0.0909090909091,0.636363636364,0.272727272727,11,0.118181818182,3.72727272727,2.36363636364,1.3,1.625,1.43336856898,0.6064251638,0.286713286713,0.603022689156,0.510249967747,0.237762237762,1.40129809949,1.18571377649,0.503496503497,2.05382127221,0.551025219373,7,3.72727272727,2.05382127221,7,0,0,0,0,0.22962962963,11,11,11,1,0,0.0909090909091,0.636363636364,0.272727272727,11,18,0.163636363636,3.11363636364,3.27272727273,1.8,2.25,1.42062726223,0.434080552347,0.227272727273,0.924416277737,0.564921058617,0.292929292929,1.68954001271,1.03249667443,0.525252525253,1.14353419474,0.367266456706,3.875,3.11363636364,1.14353419474,3.875,0.366666666667,0.266666666667,4,0.0242424242424,0.221111111111,11,11,11,1,0,0.0909090909091,0.636363636364,0.272727272727,-2,-0.0181818181818,0.0702479338843,-0.363636363636,-0.2,-0.25,-0.268912750482,-0.030542951148,-0.0181818181818,-0.243332138505,-0.0773405703161,-0.0434343434343,-0.250469359339,-0.0345084801933,-0.0111111111111,0.0866354202056,0.0199894662943,0.329545454545,0.0702479338843,0.0866354202056,0.329545454545,-0.132380952381,-0.133333333333,-4,-0.0242424242424,-0.0344444444444,0,0,0,18,0,2,90,0.9,1,0,0.1,1,0.9,0.947368421053,0.938314863257,0.9,0.9,5,7,0,0,0,0
2050,WLNM_dir_neg,0.877551020408,0.570929070929,00:00:01,10,50,28,1175612477,threshold_sweep,0.7,1,0.714285714286,0.833333333333,5,0,2,14,0.714285714286,1,0,0.285714285714,1,0.714285714286,0.833333333333,0.904761904762,0.587301587302,0.769230769231,0.790569415042,0.714285714286,20,13,7,0,20,0,13,0,7,11,20,0.181818181818,3.04338842975,3.63636363636,2,2.5,1.68954001271,0.464623503495,0.245454545455,1.16774841624,0.642261628933,0.336363636364,1.94000937205,1.06700515463,0.536363636364,1.05689877454,0.347276990411,3.54545454545,3.04338842975,1.05689877454,3.54545454545,0.499047619048,0.4,8,0.0484848484848,0.255555555556,11,11,11,1,0,0.0909090909091,0.636363636364,0.272727272727,11,0.118181818182,3.72727272727,2.36363636364,1.3,1.625,1.43336856898,0.6064251638,0.286713286713,0.603022689156,0.510249967747,0.237762237762,1.40129809949,1.18571377649,0.503496503497,2.05382127221,0.551025219373,7,3.72727272727,2.05382127221,7,0,0,0,0,0.22962962963,11,11,11,1,0,0.0909090909091,0.636363636364,0.272727272727,11,18,0.163636363636,3.11363636364,3.27272727273,1.8,2.25,1.42062726223,0.434080552347,0.227272727273,0.924416277737,0.564921058617,0.292929292929,1.68954001271,1.03249667443,0.525252525253,1.14353419474,0.367266456706,3.875,3.11363636364,1.14353419474,3.875,0.366666666667,0.266666666667,4,0.0242424242424,0.221111111111,11,11,11,1,0,0.0909090909091,0.636363636364,0.272727272727,-2,-0.0181818181818,0.0702479338843,-0.363636363636,-0.2,-0.25,-0.268912750482,-0.030542951148,-0.0181818181818,-0.243332138505,-0.0773405703161,-0.0434343434343,-0.250469359339,-0.0345084801933,-0.0111111111111,0.0866354202056,0.0199894662943,0.329545454545,0.0702479338843,0.0866354202056,0.329545454545,-0.132380952381,-0.133333333333,-4,-0.0242424242424,-0.0344444444444,0,0,0,18,0,2,90,0.9,1,0,0.1,1,0.9,0.947368421053,0.938314863257,0.9,0.9,5,7,0,0,0,0
2051,WLNM_dir_neg,0.877551020408,0.570929070929,00:00:01,10,50,28,1175612477,threshold_sweep,0.8,1,0.714285714286,0.833333333333,5,0,2,14,0.714285714286,1,0,0.285714285714,1,0.714285714286,0.833333333333,0.904761904762,0.587301587302,0.769230769231,0.790569415042,0.714285714286,20,13,7,0,20,0,13,0,7,11,20,0.181818181818,3.04338842975,3.63636363636,2,2.5,1.68954001271,0.464623503495,0.245454545455,1.16774841624,0.642261628933,0.336363636364,1.94000937205,1.06700515463,0.536363636364,1.05689877454,0.347276990411,3.54545454545,3.04338842975,1.05689877454,3.54545454545,0.499047619048,0.4,8,0.0484848484848,0.255555555556,11,11,11,1,0,0.0909090909091,0.636363636364,0.272727272727,11,0.118181818182,3.72727272727,2.36363636364,1.3,1.625,1.43336856898,0.6064251638,0.286713286713,0.603022689156,0.510249967747,0.237762237762,1.40129809949,1.18571377649,0.503496503497,2.05382127221,0.551025219373,7,3.72727272727,2.05382127221,7,0,0,0,0,0.22962962963,11,11,11,1,0,0.0909090909091,0.636363636364,0.272727272727,11,18,0.163636363636,3.11363636364,3.27272727273,1.8,2.25,1.42062726223,0.434080552347,0.227272727273,0.924416277737,0.564921058617,0.292929292929,1.68954001271,1.03249667443,0.525252525253,1.14353419474,0.367266456706,3.875,3.11363636364,1.14353419474,3.875,0.366666666667,0.266666666667,4,0.0242424242424,0.221111111111,11,11,11,1,0,0.0909090909091,0.636363636364,0.272727272727,-2,-0.0181818181818,0.0702479338843,-0.363636363636,-0.2,-0.25,-0.268912750482,-0.030542951148,-0.0181818181818,-0.243332138505,-0.0773405703161,-0.0434343434343,-0.250469359339,-0.0345084801933,-0.0111111111111,0.0866354202056,0.0199894662943,0.329545454545,0.0702479338843,0.0866354202056,0.329545454545,-0.132380952381,-0.133333333333,-4,-0.0242424242424,-0.0344444444444,0,0,0,18,0,2,90,0.9,1,0,0.1,1,0.9,0.947368421053,0.938314863257,0.9,0.9,5,7,0,0,0,0
2052,WLNM_dir_neg,0.877551020408,0.570929070929,00:00:01,10,50,28,1175612477,threshold_sweep,0.9,1,0.714285714286,0.833333333333,5,0,2,14,0.714285714286,1,0,0.285714285714,1,0.714285714286,0.833333333333,0.904761904762,0.587301587302,0.769230769231,0.790569415042,0.714285714286,20,13,7,0,20,0,13,0,7,11,20,0.181818181818,3.04338842975,3.63636363636,2,2.5,1.68954001271,0.464623503495,0.245454545455,1.16774841624,0.642261628933,0.336363636364,1.94000937205,1.06700515463,0.536363636364,1.05689877454,0.347276990411,3.54545454545,3.04338842975,1.05689877454,3.54545454545,0.499047619048,0.4,8,0.0484848484848,0.255555555556,11,11,11,1,0,0.0909090909091,0.636363636364,0.272727272727,11,0.118181818182,3.72727272727,2.36363636364,1.3,1.625,1.43336856898,0.6064251638,0.286713286713,0.603022689156,0.510249967747,0.237762237762,1.40129809949,1.18571377649,0.503496503497,2.05382127221,0.551025219373,7,3.72727272727,2.05382127221,7,0,0,0,0,0.22962962963,11,11,11,1,0,0.0909090909091,0.636363636364,0.272727272727,11,18,0.163636363636,3.11363636364,3.27272727273,1.8,2.25,1.42062726223,0.434080552347,0.227272727273,0.924416277737,0.564921058617,0.292929292929,1.68954001271,1.03249667443,0.525252525253,1.14353419474,0.367266456706,3.875,3.11363636364,1.14353419474,3.875,0.366666666667,0.266666666667,4,0.0242424242424,0.221111111111,11,11,11,1,0,0.0909090909091,0.636363636364,0.272727272727,-2,-0.0181818181818,0.0702479338843,-0.363636363636,-0.2,-0.25,-0.268912750482,-0.030542951148,-0.0181818181818,-0.243332138505,-0.0773405703161,-0.0434343434343,-0.250469359339,-0.0345084801933,-0.0111111111111,0.0866354202056,0.0199894662943,0.329545454545,0.0702479338843,0.0866354202056,0.329545454545,-0.132380952381,-0.133333333333,-4,-0.0242424242424,-0.0344444444444,0,0,0,18,0,2,90,0.9,1,0,0.1,1,0.9,0.947368421053,0.938314863257,0.9,0.9,5,7,0,0,0,0
2053,WLNM_dir_neg,0.765306122449,0.560954894778,00:00:01,10,50,29,1175612478,threshold_sweep,0.1,0.714285714286,0.714285714286,0.714285714286,5,2,2,12,0.714285714286,0.857142857143,0.142857142857,0.285714285714,0.714285714286,0.714285714286,0.714285714286,0.809523809524,0.555555555556,0.571428571429,0.571428571429,0.571428571429,20,13,7,0,20,0,13,0,7,11,20,0.181818181818,3.04338842975,3.63636363636,2,2.5,1.68954001271,0.464623503495,0.245454545455,1.16774841624,0.642261628933,0.336363636364,1.94000937205,1.06700515463,0.536363636364,1.05689877454,0.347276990411,3.54545454545,3.04338842975,1.05689877454,3.54545454545,0.499047619048,0.4,8,0.0484848484848,0.255555555556,11,11,11,1,0,0.0909090909091,0.636363636364,0.272727272727,11,0.118181818182,3.72727272727,2.36363636364,1.3,1.625,1.43336856898,0.6064251638,0.286713286713,0.603022689156,0.510249967747,0.237762237762,1.40129809949,1.18571377649,0.503496503497,2.05382127221,0.551025219373,7,3.72727272727,2.05382127221,7,0,0,0,0,0.22962962963,11,11,11,1,0,0.0909090909091,0.636363636364,0.272727272727,11,20,0.181818181818,6.08901515152,3.63636363636,2,2.5,1.68954001271,0.464623503495,0.236363636364,0.981649817214,0.539907399468,0.281818181818,1.66241882919,0.914330356053,0.481818181818,2.19229812887,0.360041496748,7.5,6.08901515152,2.19229812887,7.5,0.459047619048,0.35593220339,7,0.0424242424242,0.221851851852,11,11,11,1,0,0.0909090909091,0.636363636364,0.272727272727,0,0,3.04562672176,0,0,0,0,0,-0.00909090909091,-0.186098599028,-0.102354229466,-0.0545454545455,-0.277590542861,-0.152674798574,-0.0545454545455,1.13539935434,0.0127645063367,3.95454545455,3.04562672176,1.13539935434,3.95454545455,-0.04,-0.0440677966102,-1,-0.00606060606061,-0.0337037037037,0,0,0,18,2,2,88,0.9,0.977777777778,0.0222222222222,0.1,0.9,0.9,0.9,0.877777777778,0.877777777778,0.818181818182,7,7,0,0,0,0
2054,WLNM_dir_neg,0.765306122449,0.560954894778,00:00:01,10,50,29,1175612478,threshold_sweep,0.2,0.714285714286,0.714285714286,0.714285714286,5,2,2,12,0.714285714286,0.857142857143,0.142857142857,0.285714285714,0.714285714286,0.714285714286,0.714285714286,0.809523809524,0.555555555556,0.571428571429,0.571428571429,0.571428571429,20,13,7,0,20,0,13,0,7,11,20,0.181818181818,3.04338842975,3.63636363636,2,2.5,1.68954001271,0.464623503495,0.245454545455,1.16774841624,0.642261628933,0.336363636364,1.94000937205,1.06700515463,0.536363636364,1.05689877454,0.347276990411,3.54545454545,3.04338842975,1.05689877454,3.54545454545,0.499047619048,0.4,8,0.0484848484848,0.255555555556,11,11,11,1,0,0.0909090909091,0.636363636364,0.272727272727,11,0.118181818182,3.72727272727,2.36363636364,1.3,1.625,1.43336856898,0.6064251638,0.286713286713,0.603022689156,0.510249967747,0.237762237762,1.40129809949,1.18571377649,0.503496503497,2.05382127221,0.551025219373,7,3.72727272727,2.05382127221,7,0,0,0,0,0.22962962963,11,11,11,1,0,0.0909090909091,0.636363636364,0.272727272727,11,20,0.181818181818,6.08901515152,3.63636363636,2,2.5,1.68954001271,0.464623503495,0.236363636364,0.981649817214,0.539907399468,0.281818181818,1.66241882919,0.914330356053,0.481818181818,2.19229812887,0.360041496748,7.5,6.08901515152,2.19229812887,7.5,0.459047619048,0.35593220339,7,0.0424242424242,0.221851851852,11,11,11,1,0,0.0909090909091,0.636363636364,0.272727272727,0,0,3.04562672176,0,0,0,0,0,-0.00909090909091,-0.186098599028,-0.102354229466,-0.0545454545455,-0.277590542861,-0.152674798574,-0.0545454545455,1.13539935434,0.0127645063367,3.95454545455,3.04562672176,1.13539935434,3.95454545455,-0.04,-0.0440677966102,-1,-0.00606060606061,-0.0337037037037,0,0,0,18,2,2,88,0.9,0.977777777778,0.0222222222222,0.1,0.9,0.9,0.9,0.877777777778,0.877777777778,0.818181818182,7,7,0,0,0,0
2055,WLNM_dir_neg,0.765306122449,0.560954894778,00:00:01,10,50,29,1175612478,threshold_sweep,0.3,0.714285714286,0.714285714286,0.714285714286,5,2,2,12,0.714285714286,0.857142857143,0.142857142857,0.285714285714,0.714285714286,0.714285714286,0.714285714286,0.809523809524,0.555555555556,0.571428571429,0.571428571429,0.571428571429,20,13,7,0,20,0,13,0,7,11,20,0.181818181818,3.04338842975,3.63636363636,2,2.5,1.68954001271,0.464623503495,0.245454545455,1.16774841624,0.642261628933,0.336363636364,1.94000937205,1.06700515463,0.536363636364,1.05689877454,0.347276990411,3.54545454545,3.04338842975,1.05689877454,3.54545454545,0.499047619048,0.4,8,0.0484848484848,0.255555555556,11,11,11,1,0,0.0909090909091,0.636363636364,0.272727272727,11,0.118181818182,3.72727272727,2.36363636364,1.3,1.625,1.43336856898,0.6064251638,0.286713286713,0.603022689156,0.510249967747,0.237762237762,1.40129809949,1.18571377649,0.503496503497,2.05382127221,0.551025219373,7,3.72727272727,2.05382127221,7,0,0,0,0,0.22962962963,11,11,11,1,0,0.0909090909091,0.636363636364,0.272727272727,11,20,0.181818181818,6.08901515152,3.63636363636,2,2.5,1.68954001271,0.464623503495,0.236363636364,0.981649817214,0.539907399468,0.281818181818,1.66241882919,0.914330356053,0.481818181818,2.19229812887,0.360041496748,7.5,6.08901515152,2.19229812887,7.5,0.459047619048,0.35593220339,7,0.0424242424242,0.221851851852,11,11,11,1,0,0.0909090909091,0.636363636364,0.272727272727,0,0,3.04562672176,0,0,0,0,0,-0.00909090909091,-0.186098599028,-0.102354229466,-0.0545454545455,-0.277590542861,-0.152674798574,-0.0545454545455,1.13539935434,0.0127645063367,3.95454545455,3.04562672176,1.13539935434,3.95454545455,-0.04,-0.0440677966102,-1,-0.00606060606061,-0.0337037037037,0,0,0,18,2,2,88,0.9,0.977777777778,0.0222222222222,0.1,0.9,0.9,0.9,0.877777777778,0.877777777778,0.818181818182,7,7,0,0,0,0
2056,WLNM_dir_neg,0.765306122449,0.560954894778,00:00:01,10,50,29,1175612478,threshold_sweep,0.4,0.714285714286,0.714285714286,0.714285714286,5,2,2,12,0.714285714286,0.857142857143,0.142857142857,0.285714285714,0.714285714286,0.714285714286,0.714285714286,0.809523809524,0.555555555556,0.571428571429,0.571428571429,0.571428571429,20,13,7,0,20,0,13,0,7,11,20,0.181818181818,3.04338842975,3.63636363636,2,2.5,1.68954001271,0.464623503495,0.245454545455,1.16774841624,0.642261628933,0.336363636364,1.94000937205,1.06700515463,0.536363636364,1.05689877454,0.347276990411,3.54545454545,3.04338842975,1.05689877454,3.54545454545,0.499047619048,0.4,8,0.0484848484848,0.255555555556,11,11,11,1,0,0.0909090909091,0.636363636364,0.272727272727,11,0.118181818182,3.72727272727,2.36363636364,1.3,1.625,1.43336856898,0.6064251638,0.286713286713,0.603022689156,0.510249967747,0.237762237762,1.40129809949,1.18571377649,0.503496503497,2.05382127221,0.551025219373,7,3.72727272727,2.05382127221,7,0,0,0,0,0.22962962963,11,11,11,1,0,0.0909090909091,0.636363636364,0.272727272727,11,20,0.181818181818,6.08901515152,3.63636363636,2,2.5,1.68954001271,0.464623503495,0.236363636364,0.981649817214,0.539907399468,0.281818181818,1.66241882919,0.914330356053,0.481818181818,2.19229812887,0.360041496748,7.5,6.08901515152,2.19229812887,7.5,0.459047619048,0.35593220339,7,0.0424242424242,0.221851851852,11,11,11,1,0,0.0909090909091,0.636363636364,0.272727272727,0,0,3.04562672176,0,0,0,0,0,-0.00909090909091,-0.186098599028,-0.102354229466,-0.0545454545455,-0.277590542861,-0.152674798574,-0.0545454545455,1.13539935434,0.0127645063367,3.95454545455,3.04562672176,1.13539935434,3.95454545455,-0.04,-0.0440677966102,-1,-0.00606060606061,-0.0337037037037,0,0,0,18,2,2,88,0.9,0.977777777778,0.0222222222222,0.1,0.9,0.9,0.9,0.877777777778,0.877777777778,0.818181818182,7,7,0,0,0,0
2057,WLNM_dir_neg,0.765306122449,0.560954894778,00:00:01,10,50,29,1175612478,threshold_sweep,0.5,0.714285714286,0.714285714286,0.714285714286,5,2,2,12,0.714285714286,0.857142857143,0.142857142857,0.285714285714,0.714285714286,0.714285714286,0.714285714286,0.809523809524,0.555555555556,0.571428571429,0.571428571429,0.571428571429,20,13,7,0,20,0,13,0,7,11,20,0.181818181818,3.04338842975,3.63636363636,2,2.5,1.68954001271,0.464623503495,0.245454545455,1.16774841624,0.642261628933,0.336363636364,1.94000937205,1.06700515463,0.536363636364,1.05689877454,0.347276990411,3.54545454545,3.04338842975,1.05689877454,3.54545454545,0.499047619048,0.4,8,0.0484848484848,0.255555555556,11,11,11,1,0,0.0909090909091,0.636363636364,0.272727272727,11,0.118181818182,3.72727272727,2.36363636364,1.3,1.625,1.43336856898,0.6064251638,0.286713286713,0.603022689156,0.510249967747,0.237762237762,1.40129809949,1.18571377649,0.503496503497,2.05382127221,0.551025219373,7,3.72727272727,2.05382127221,7,0,0,0,0,0.22962962963,11,11,11,1,0,0.0909090909091,0.636363636364,0.272727272727,11,20,0.181818181818,6.08901515152,3.63636363636,2,2.5,1.68954001271,0.464623503495,0.236363636364,0.981649817214,0.539907399468,0.281818181818,1.66241882919,0.914330356053,0.481818181818,2.19229812887,0.360041496748,7.5,6.08901515152,2.19229812887,7.5,0.459047619048,0.35593220339,7,0.0424242424242,0.221851851852,11,11,11,1,0,0.0909090909091,0.636363636364,0.272727272727,0,0,3.04562672176,0,0,0,0,0,-0.00909090909091,-0.186098599028,-0.102354229466,-0.0545454545455,-0.277590542861,-0.152674798574,-0.0545454545455,1.13539935434,0.0127645063367,3.95454545455,3.04562672176,1.13539935434,3.95454545455,-0.04,-0.0440677966102,-1,-0.00606060606061,-0.0337037037037,0,0,0,18,2,2,88,0.9,0.977777777778,0.0222222222222,0.1,0.9,0.9,0.9,0.877777777778,0.877777777778,0.818181818182,7,7,0,0,0,0
2058,WLNM_dir_neg,0.765306122449,0.560954894778,00:00:01,10,50,29,1175612478,threshold_sweep,0.6,0.714285714286,0.714285714286,0.714285714286,5,2,2,12,0.714285714286,0.857142857143,0.142857142857,0.285714285714,0.714285714286,0.714285714286,0.714285714286,0.809523809524,0.555555555556,0.571428571429,0.571428571429,0.571428571429,20,13,7,0,20,0,13,0,7,11,20,0.181818181818,3.04338842975,3.63636363636,2,2.5,1.68954001271,0.464623503495,0.245454545455,1.16774841624,0.642261628933,0.336363636364,1.94000937205,1.06700515463,0.536363636364,1.05689877454,0.347276990411,3.54545454545,3.04338842975,1.05689877454,3.54545454545,0.499047619048,0.4,8,0.0484848484848,0.255555555556,11,11,11,1,0,0.0909090909091,0.636363636364,0.272727272727,11,0.118181818182,3.72727272727,2.36363636364,1.3,1.625,1.43336856898,0.6064251638,0.286713286713,0.603022689156,0.510249967747,0.237762237762,1.40129809949,1.18571377649,0.503496503497,2.05382127221,0.551025219373,7,3.72727272727,2.05382127221,7,0,0,0,0,0.22962962963,11,11,11,1,0,0.0909090909091,0.636363636364,0.272727272727,11,20,0.181818181818,6.08901515152,3.63636363636,2,2.5,1.68954001271,0.464623503495,0.236363636364,0.981649817214,0.539907399468,0.281818181818,1.66241882919,0.914330356053,0.481818181818,2.19229812887,0.360041496748,7.5,6.08901515152,2.19229812887,7.5,0.459047619048,0.35593220339,7,0.0424242424242,0.221851851852,11,11,11,1,0,0.0909090909091,0.636363636364,0.272727272727,0,0,3.04562672176,0,0,0,0,0,-0.00909090909091,-0.186098599028,-0.102354229466,-0.0545454545455,-0.277590542861,-0.152674798574,-0.0545454545455,1.13539935434,0.0127645063367,3.95454545455,3.04562672176,1.13539935434,3.95454545455,-0.04,-0.0440677966102,-1,-0.00606060606061,-0.0337037037037,0,0,0,18,2,2,88,0.9,0.977777777778,0.0222222222222,0.1,0.9,0.9,0.9,0.877777777778,0.877777777778,0.818181818182,7,7,0,0,0,0
2059,WLNM_dir_neg,0.765306122449,0.560954894778,00:00:01,10,50,29,1175612478,threshold_sweep,0.7,0.714285714286,0.714285714286,0.714285714286,5,2,2,12,0.714285714286,0.857142857143,0.142857142857,0.285714285714,0.714285714286,0.714285714286,0.714285714286,0.809523809524,0.555555555556,0.571428571429,0.571428571429,0.571428571429,20,13,7,0,20,0,13,0,7,11,20,0.181818181818,3.04338842975,3.63636363636,2,2.5,1.68954001271,0.464623503495,0.245454545455,1.16774841624,0.642261628933,0.336363636364,1.94000937205,1.06700515463,0.536363636364,1.05689877454,0.347276990411,3.54545454545,3.04338842975,1.05689877454,3.54545454545,0.499047619048,0.4,8,0.0484848484848,0.255555555556,11,11,11,1,0,0.0909090909091,0.636363636364,0.272727272727,11,0.118181818182,3.72727272727,2.36363636364,1.3,1.625,1.43336856898,0.6064251638,0.286713286713,0.603022689156,0.510249967747,0.237762237762,1.40129809949,1.18571377649,0.503496503497,2.05382127221,0.551025219373,7,3.72727272727,2.05382127221,7,0,0,0,0,0.22962962963,11,11,11,1,0,0.0909090909091,0.636363636364,0.272727272727,11,20,0.181818181818,6.08901515152,3.63636363636,2,2.5,1.68954001271,0.464623503495,0.236363636364,0.981649817214,0.539907399468,0.281818181818,1.66241882919,0.914330356053,0.481818181818,2.19229812887,0.360041496748,7.5,6.08901515152,2.19229812887,7.5,0.459047619048,0.35593220339,7,0.0424242424242,0.221851851852,11,11,11,1,0,0.0909090909091,0.636363636364,0.272727272727,0,0,3.04562672176,0,0,0,0,0,-0.00909090909091,-0.186098599028,-0.102354229466,-0.0545454545455,-0.277590542861,-0.152674798574,-0.0545454545455,1.13539935434,0.0127645063367,3.95454545455,3.04562672176,1.13539935434,3.95454545455,-0.04,-0.0440677966102,-1,-0.00606060606061,-0.0337037037037,0,0,0,18,2,2,88,0.9,0.977777777778,0.0222222222222,0.1,0.9,0.9,0.9,0.877777777778,0.877777777778,0.818181818182,7,7,0,0,0,0
2060,WLNM_dir_neg,0.765306122449,0.560954894778,00:00:01,10,50,29,1175612478,threshold_sweep,0.8,0.714285714286,0.714285714286,0.714285714286,5,2,2,12,0.714285714286,0.857142857143,0.142857142857,0.285714285714,0.714285714286,0.714285714286,0.714285714286,0.809523809524,0.555555555556,0.571428571429,0.571428571429,0.571428571429,20,13,7,0,20,0,13,0,7,11,20,0.181818181818,3.04338842975,3.63636363636,2,2.5,1.68954001271,0.464623503495,0.245454545455,1.16774841624,0.642261628933,0.336363636364,1.94000937205,1.06700515463,0.536363636364,1.05689877454,0.347276990411,3.54545454545,3.04338842975,1.05689877454,3.54545454545,0.499047619048,0.4,8,0.0484848484848,0.255555555556,11,11,11,1,0,0.0909090909091,0.636363636364,0.272727272727,11,0.118181818182,3.72727272727,2.36363636364,1.3,1.625,1.43336856898,0.6064251638,0.286713286713,0.603022689156,0.510249967747,0.237762237762,1.40129809949,1.18571377649,0.503496503497,2.05382127221,0.551025219373,7,3.72727272727,2.05382127221,7,0,0,0,0,0.22962962963,11,11,11,1,0,0.0909090909091,0.636363636364,0.272727272727,11,20,0.181818181818,6.08901515152,3.63636363636,2,2.5,1.68954001271,0.464623503495,0.236363636364,0.981649817214,0.539907399468,0.281818181818,1.66241882919,0.914330356053,0.481818181818,2.19229812887,0.360041496748,7.5,6.08901515152,2.19229812887,7.5,0.459047619048,0.35593220339,7,0.0424242424242,0.221851851852,11,11,11,1,0,0.0909090909091,0.636363636364,0.272727272727,0,0,3.04562672176,0,0,0,0,0,-0.00909090909091,-0.186098599028,-0.102354229466,-0.0545454545455,-0.277590542861,-0.152674798574,-0.0545454545455,1.13539935434,0.0127645063367,3.95454545455,3.04562672176,1.13539935434,3.95454545455,-0.04,-0.0440677966102,-1,-0.00606060606061,-0.0337037037037,0,0,0,18,2,2,88,0.9,0.977777777778,0.0222222222222,0.1,0.9,0.9,0.9,0.877777777778,0.877777777778,0.818181818182,7,7,0,0,0,0
2061,WLNM_dir_neg,0.765306122449,0.560954894778,00:00:01,10,50,29,1175612478,threshold_sweep,0.9,0.714285714286,0.714285714286,0.714285714286,5,2,2,12,0.714285714286,0.857142857143,0.142857142857,0.285714285714,0.714285714286,0.714285714286,0.714285714286,0.809523809524,0.555555555556,0.571428571429,0.571428571429,0.571428571429,20,13,7,0,20,0,13,0,7,11,20,0.181818181818,3.04338842975,3.63636363636,2,2.5,1.68954001271,0.464623503495,0.245454545455,1.16774841624,0.642261628933,0.336363636364,1.94000937205,1.06700515463,0.536363636364,1.05689877454,0.347276990411,3.54545454545,3.04338842975,1.05689877454,3.54545454545,0.499047619048,0.4,8,0.0484848484848,0.255555555556,11,11,11,1,0,0.0909090909091,0.636363636364,0.272727272727,11,0.118181818182,3.72727272727,2.36363636364,1.3,1.625,1.43336856898,0.6064251638,0.286713286713,0.603022689156,0.510249967747,0.237762237762,1.40129809949,1.18571377649,0.503496503497,2.05382127221,0.551025219373,7,3.72727272727,2.05382127221,7,0,0,0,0,0.22962962963,11,11,11,1,0,0.0909090909091,0.636363636364,0.272727272727,11,20,0.181818181818,6.08901515152,3.63636363636,2,2.5,1.68954001271,0.464623503495,0.236363636364,0.981649817214,0.539907399468,0.281818181818,1.66241882919,0.914330356053,0.481818181818,2.19229812887,0.360041496748,7.5,6.08901515152,2.19229812887,7.5,0.459047619048,0.35593220339,7,0.0424242424242,0.221851851852,11,11,11,1,0,0.0909090909091,0.636363636364,0.272727272727,0,0,3.04562672176,0,0,0,0,0,-0.00909090909091,-0.186098599028,-0.102354229466,-0.0545454545455,-0.277590542861,-0.152674798574,-0.0545454545455,1.13539935434,0.0127645063367,3.95454545455,3.04562672176,1.13539935434,3.95454545455,-0.04,-0.0440677966102,-1,-0.00606060606061,-0.0337037037037,0,0,0,18,2,2,88,0.9,0.977777777778,0.0222222222222,0.1,0.9,0.9,0.9,0.877777777778,0.877777777778,0.818181818182,7,7,0,0,0,0
2062,WLNM_dir_neg,0.744897959184,0.439939822083,00:00:01,10,50,30,1175612479,threshold_sweep,0.1,0.714285714286,0.714285714286,0.714285714286,5,2,2,12,0.714285714286,0.857142857143,0.142857142857,0.285714285714,0.714285714286,0.714285714286,0.714285714286,0.809523809524,0.555555555556,0.571428571429,0.571428571429,0.571428571429,20,13,7,0,20,0,13,0,7,11,20,0.181818181818,3.04338842975,3.63636363636,2,2.5,1.68954001271,0.464623503495,0.245454545455,1.16774841624,0.642261628933,0.336363636364,1.94000937205,1.06700515463,0.536363636364,1.05689877454,0.347276990411,3.54545454545,3.04338842975,1.05689877454,3.54545454545,0.499047619048,0.4,8,0.0484848484848,0.255555555556,11,11,11,1,0,0.0909090909091,0.636363636364,0.272727272727,11,0.118181818182,3.72727272727,2.36363636364,1.3,1.625,1.43336856898,0.6064251638,0.286713286713,0.603022689156,0.510249967747,0.237762237762,1.40129809949,1.18571377649,0.503496503497,2.05382127221,0.551025219373,7,3.72727272727,2.05382127221,7,0,0,0,0,0.22962962963,11,11,11,1,0,0.0909090909091,0.636363636364,0.272727272727,11,20,0.181818181818,4.9696969697,3.63636363636,2,2,1.68954001271,0.464623503495,0.213636363636,0.981649817214,0.539907399468,0.281818181818,1.53741222957,0.845576726264,0.409090909091,1.7624646282,0.354642272748,6.20833333333,4.9696969697,1.7624646282,6.20833333333,0.366666666667,0.266666666667,4,0.0242424242424,0.21,11,11,11,1,0,0.0909090909091,0.818181818182,0.0909090909091,0,0,1.92630853994,0,0,-0.5,0,0,-0.0318181818182,-0.186098599028,-0.102354229466,-0.0545454545455,-0.402597142477,-0.221428428362,-0.127272727273,0.705565853663,0.00736528233626,2.66287878788,1.92630853994,0.705565853663,2.66287878788,-0.132380952381,-0.133333333333,-4,-0.0242424242424,-0.0455555555556,0,0.181818181818,-0.181818181818,18,2,2,88,0.9,0.977777777778,0.0222222222222,0.1,0.9,0.9,0.9,0.877777777778,0.877777777778,0.818181818182,7,7,0,0,0,0
2063,WLNM_dir_neg,0.744897959184,0.439939822083,00:00:01,10,50,30,1175612479,threshold_sweep,0.2,0.714285714286,0.714285714286,0.714285714286,5,2,2,12,0.714285714286,0.857142857143,0.142857142857,0.285714285714,0.714285714286,0.714285714286,0.714285714286,0.809523809524,0.555555555556,0.571428571429,0.571428571429,0.571428571429,20,13,7,0,20,0,13,0,7,11,20,0.181818181818,3.04338842975,3.63636363636,2,2.5,1.68954001271,0.464623503495,0.245454545455,1.16774841624,0.642261628933,0.336363636364,1.94000937205,1.06700515463,0.536363636364,1.05689877454,0.347276990411,3.54545454545,3.04338842975,1.05689877454,3.54545454545,0.499047619048,0.4,8,0.0484848484848,0.255555555556,11,11,11,1,0,0.0909090909091,0.636363636364,0.272727272727,11,0.118181818182,3.72727272727,2.36363636364,1.3,1.625,1.43336856898,0.6064251638,0.286713286713,0.603022689156,0.510249967747,0.237762237762,1.40129809949,1.18571377649,0.503496503497,2.05382127221,0.551025219373,7,3.72727272727,2.05382127221,7,0,0,0,0,0.22962962963,11,11,11,1,0,0.0909090909091,0.636363636364,0.272727272727,11,20,0.181818181818,4.9696969697,3.63636363636,2,2,1.68954001271,0.464623503495,0.213636363636,0.981649817214,0.539907399468,0.281818181818,1.53741222957,0.845576726264,0.409090909091,1.7624646282,0.354642272748,6.20833333333,4.9696969697,1.7624646282,6.20833333333,0.366666666667,0.266666666667,4,0.0242424242424,0.21,11,11,11,1,0,0.0909090909091,0.818181818182,0.0909090909091,0,0,1.92630853994,0,0,-0.5,0,0,-0.0318181818182,-0.186098599028,-0.102354229466,-0.0545454545455,-0.402597142477,-0.221428428362,-0.127272727273,0.705565853663,0.00736528233626,2.66287878788,1.92630853994,0.705565853663,2.66287878788,-0.132380952381,-0.133333333333,-4,-0.0242424242424,-0.0455555555556,0,0.181818181818,-0.181818181818,18,2,2,88,0.9,0.977777777778,0.0222222222222,0.1,0.9,0.9,0.9,0.877777777778,0.877777777778,0.818181818182,7,7,0,0,0,0
2064,WLNM_dir_neg,0.744897959184,0.439939822083,00:00:01,10,50,30,1175612479,threshold_sweep,0.3,0.6,0.428571428571,0.5,3,2,4,12,0.428571428571,0.857142857143,0.142857142857,0.571428571429,0.6,0.428571428571,0.5,0.714285714286,0.587301587302,0.307692307692,0.316227766017,0.285714285714,20,13,7,0,20,0,13,0,7,11,20,0.181818181818,3.04338842975,3.63636363636,2,2.5,1.68954001271,0.464623503495,0.245454545455,1.16774841624,0.642261628933,0.336363636364,1.94000937205,1.06700515463,0.536363636364,1.05689877454,0.347276990411,3.54545454545,3.04338842975,1.05689877454,3.54545454545,0.499047619048,0.4,8,0.0484848484848,0.255555555556,11,11,11,1,0,0.0909090909091,0.636363636364,0.272727272727,11,0.118181818182,3.72727272727,2.36363636364,1.3,1.625,1.43336856898,0.6064251638,0.286713286713,0.603022689156,0.510249967747,0.237762237762,1.40129809949,1.18571377649,0.503496503497,2.05382127221,0.551025219373,7,3.72727272727,2.05382127221,7,0,0,0,0,0.22962962963,11,11,11,1,0,0.0909090909091,0.636363636364,0.272727272727,11,18,0.163636363636,5.10606060606,3.27272727273,1.8,1.8,1.61807966991,0.494413232473,0.171717171717,0.809039834956,0.494413232473,0.242424242424,1.36181696808,0.832221480492,0.383838383838,1.9582769173,0.383520108434,7,5.10606060606,1.9582769173,7,0.213333333333,0.176470588235,2,0.0121212121212,0.181481481481,11,11,11,1,0,0.0909090909091,0.818181818182,0.0909090909091,-2,-0.0181818181818,2.06267217631,-0.363636363636,-0.2,-0.7,-0.0714603427974,0.029789728978,-0.0737373737374,-0.358708581286,-0.14784839646,-0.0939393939394,-0.57819240397,-0.234783674135,-0.152525252525,0.901378142768,0.0362431180222,3.45454545455,2.06267217631,0.901378142768,3.45454545455,-0.285714285714,-0.223529411765,-6,-0.0363636363636,-0.0740740740741,0,0.181818181818,-0.181818181818,16,2,4,88,0.8,0.977777777778,0.0222222222222,0.2,0.888888888889,0.8,0.842105263158,0.810889388,0.777777777778,0.727272727273,5,7,0,0,0,0
2065,WLNM_dir_neg,0.744897959184,0.439939822083,00:00:01,10,50,30,1175612479,threshold_sweep,0.4,0.6,0.428571428571,0.5,3,2,4,12,0.428571428571,0.857142857143,0.142857142857,0.571428571429,0.6,0.428571428571,0.5,0.714285714286,0.587301587302,0.307692307692,0.316227766017,0.285714285714,20,13,7,0,20,0,13,0,7,11,20,0.181818181818,3.04338842975,3.63636363636,2,2.5,1.68954001271,0.464623503495,0.245454545455,1.16774841624,0.642261628933,0.336363636364,1.94000937205,1.06700515463,0.536363636364,1.05689877454,0.347276990411,3.54545454545,3.04338842975,1.05689877454,3.54545454545,0.499047619048,0.4,8,0.0484848484848,0.255555555556,11,11,11,1,0,0.0909090909091,0.636363636364,0.272727272727,11,0.118181818182,3.72727272727,2.36363636364,1.3,1.625,1.43336856898,0.6064251638,0.286713286713,0.603022689156,0.510249967747,0.237762237762,1.40129809949,1.18571377649,0.503496503497,2.05382127221,0.551025219373,7,3.72727272727,2.05382127221,7,0,0,0,0,0.22962962963,11,11,11,1,0,0.0909090909091,0.636363636364,0.272727272727,11,18,0.163636363636,5.10606060606,3.27272727273,1.8,1.8,1.61807966991,0.494413232473,0.171717171717,0.809039834956,0.494413232473,0.242424242424,1.36181696808,0.832221480492,0.383838383838,1.9582769173,0.383520108434,7,5.10606060606,1.9582769173,7,0.213333333333,0.176470588235,2,0.0121212121212,0.181481481481,11,11,11,1,0,0.0909090909091,0.818181818182,0.0909090909091,-2,-0.0181818181818,2.06267217631,-0.363636363636,-0.2,-0.7,-0.0714603427974,0.029789728978,-0.0737373737374,-0.358708581286,-0.14784839646,-0.0939393939394,-0.57819240397,-0.234783674135,-0.152525252525,0.901378142768,0.0362431180222,3.45454545455,2.06267217631,0.901378142768,3.45454545455,-0.285714285714,-0.223529411765,-6,-0.0363636363636,-0.0740740740741,0,0.181818181818,-0.181818181818,16,2,4,88,0.8,0.977777777778,0.0222222222222,0.2,0.888888888889,0.8,0.842105263158,0.810889388,0.777777777778,0.727272727273,5,7,0,0,0,0
2066,WLNM_dir_neg,0.744897959184,0.439939822083,00:00:01,10,50,30,1175612479,threshold_sweep,0.5,0.6,0.428571428571,0.5,3,2,4,12,0.428571428571,0.857142857143,0.142857142857,0.571428571429,0.6,0.428571428571,0.5,0.714285714286,0.587301587302,0.307692307692,0.316227766017,0.285714285714,20,13,7,0,20,0,13,0,7,11,20,0.181818181818,3.04338842975,3.63636363636,2,2.5,1.68954001271,0.464623503495,0.245454545455,1.16774841624,0.642261628933,0.336363636364,1.94000937205,1.06700515463,0.536363636364,1.05689877454,0.347276990411,3.54545454545,3.04338842975,1.05689877454,3.54545454545,0.499047619048,0.4,8,0.0484848484848,0.255555555556,11,11,11,1,0,0.0909090909091,0.636363636364,0.272727272727,11,0.118181818182,3.72727272727,2.36363636364,1.3,1.625,1.43336856898,0.6064251638,0.286713286713,0.603022689156,0.510249967747,0.237762237762,1.40129809949,1.18571377649,0.503496503497,2.05382127221,0.551025219373,7,3.72727272727,2.05382127221,7,0,0,0,0,0.22962962963,11,11,11,1,0,0.0909090909091,0.636363636364,0.272727272727,11,18,0.163636363636,5.10606060606,3.27272727273,1.8,1.8,1.61807966991,0.494413232473,0.171717171717,0.809039834956,0.494413232473,0.242424242424,1.36181696808,0.832221480492,0.383838383838,1.9582769173,0.383520108434,7,5.10606060606,1.9582769173,7,0.213333333333,0.176470588235,2,0.0121212121212,0.181481481481,11,11,11,1,0,0.0909090909091,0.818181818182,0.0909090909091,-2,-0.0181818181818,2.06267217631,-0.363636363636,-0.2,-0.7,-0.0714603427974,0.029789728978,-0.0737373737374,-0.358708581286,-0.14784839646,-0.0939393939394,-0.57819240397,-0.234783674135,-0.152525252525,0.901378142768,0.0362431180222,3.45454545455,2.06267217631,0.901378142768,3.45454545455,-0.285714285714,-0.223529411765,-6,-0.0363636363636,-0.0740740740741,0,0.181818181818,-0.181818181818,16,2,4,88,0.8,0.977777777778,0.0222222222222,0.2,0.888888888889,0.8,0.842105263158,0.810889388,0.777777777778,0.727272727273,5,7,0,0,0,0
2067,WLNM_dir_neg,0.744897959184,0.439939822083,00:00:01,10,50,30,1175612479,threshold_sweep,0.6,0.6,0.428571428571,0.5,3,2,4,12,0.428571428571,0.857142857143,0.142857142857,0.571428571429,0.6,0.428571428571,0.5,0.714285714286,0.587301587302,0.307692307692,0.316227766017,0.285714285714,20,13,7,0,20,0,13,0,7,11,20,0.181818181818,3.04338842975,3.63636363636,2,2.5,1.68954001271,0.464623503495,0.245454545455,1.16774841624,0.642261628933,0.336363636364,1.94000937205,1.06700515463,0.536363636364,1.05689877454,0.347276990411,3.54545454545,3.04338842975,1.05689877454,3.54545454545,0.499047619048,0.4,8,0.0484848484848,0.255555555556,11,11,11,1,0,0.0909090909091,0.636363636364,0.272727272727,11,0.118181818182,3.72727272727,2.36363636364,1.3,1.625,1.43336856898,0.6064251638,0.286713286713,0.603022689156,0.510249967747,0.237762237762,1.40129809949,1.18571377649,0.503496503497,2.05382127221,0.551025219373,7,3.72727272727,2.05382127221,7,0,0,0,0,0.22962962963,11,11,11,1,0,0.0909090909091,0.636363636364,0.272727272727,11,18,0.163636363636,5.10606060606,3.27272727273,1.8,1.8,1.61807966991,0.494413232473,0.171717171717,0.809039834956,0.494413232473,0.242424242424,1.36181696808,0.832221480492,0.383838383838,1.9582769173,0.383520108434,7,5.10606060606,1.9582769173,7,0.213333333333,0.176470588235,2,0.0121212121212,0.181481481481,11,11,11,1,0,0.0909090909091,0.818181818182,0.0909090909091,-2,-0.0181818181818,2.06267217631,-0.363636363636,-0.2,-0.7,-0.0714603427974,0.029789728978,-0.0737373737374,-0.358708581286,-0.14784839646,-0.0939393939394,-0.57819240397,-0.234783674135,-0.152525252525,0.901378142768,0.0362431180222,3.45454545455,2.06267217631,0.901378142768,3.45454545455,-0.285714285714,-0.223529411765,-6,-0.0363636363636,-0.0740740740741,0,0.181818181818,-0.181818181818,16,2,4,88,0.8,0.977777777778,0.0222222222222,0.2,0.888888888889,0.8,0.842105263158,0.810889388,0.777777777778,0.727272727273,5,7,0,0,0,0
2068,WLNM_dir_neg,0.744897959184,0.439939822083,00:00:01,10,50,30,1175612479,threshold_sweep,0.7,0.6,0.428571428571,0.5,3,2,4,12,0.428571428571,0.857142857143,0.142857142857,0.571428571429,0.6,0.428571428571,0.5,0.714285714286,0.587301587302,0.307692307692,0.316227766017,0.285714285714,20,13,7,0,20,0,13,0,7,11,20,0.181818181818,3.04338842975,3.63636363636,2,2.5,1.68954001271,0.464623503495,0.245454545455,1.16774841624,0.642261628933,0.336363636364,1.94000937205,1.06700515463,0.536363636364,1.05689877454,0.347276990411,3.54545454545,3.04338842975,1.05689877454,3.54545454545,0.499047619048,0.4,8,0.0484848484848,0.255555555556,11,11,11,1,0,0.0909090909091,0.636363636364,0.272727272727,11,0.118181818182,3.72727272727,2.36363636364,1.3,1.625,1.43336856898,0.6064251638,0.286713286713,0.603022689156,0.510249967747,0.237762237762,1.40129809949,1.18571377649,0.503496503497,2.05382127221,0.551025219373,7,3.72727272727,2.05382127221,7,0,0,0,0,0.22962962963,11,11,11,1,0,0.0909090909091,0.636363636364,0.272727272727,11,18,0.163636363636,5.10606060606,3.27272727273,1.8,1.8,1.61807966991,0.494413232473,0.171717171717,0.809039834956,0.494413232473,0.242424242424,1.36181696808,0.832221480492,0.383838383838,1.9582769173,0.383520108434,7,5.10606060606,1.9582769173,7,0.213333333333,0.176470588235,2,0.0121212121212,0.181481481481,11,11,11,1,0,0.0909090909091,0.818181818182,0.0909090909091,-2,-0.0181818181818,2.06267217631,-0.363636363636,-0.2,-0.7,-0.0714603427974,0.029789728978,-0.0737373737374,-0.358708581286,-0.14784839646,-0.0939393939394,-0.57819240397,-0.234783674135,-0.152525252525,0.901378142768,0.0362431180222,3.45454545455,2.06267217631,0.901378142768,3.45454545455,-0.285714285714,-0.223529411765,-6,-0.0363636363636,-0.0740740740741,0,0.181818181818,-0.181818181818,16,2,4,88,0.8,0.977777777778,0.0222222222222,0.2,0.888888888889,0.8,0.842105263158,0.810889388,0.777777777778,0.727272727273,5,7,0,0,0,0
2069,WLNM_dir_neg,0.744897959184,0.439939822083,00:00:01,10,50,30,1175612479,threshold_sweep,0.8,0.6,0.428571428571,0.5,3,2,4,12,0.428571428571,0.857142857143,0.142857142857,0.571428571429,0.6,0.428571428571,0.5,0.714285714286,0.587301587302,0.307692307692,0.316227766017,0.285714285714,20,13,7,0,20,0,13,0,7,11,20,0.181818181818,3.04338842975,3.63636363636,2,2.5,1.68954001271,0.464623503495,0.245454545455,1.16774841624,0.642261628933,0.336363636364,1.94000937205,1.06700515463,0.536363636364,1.05689877454,0.347276990411,3.54545454545,3.04338842975,1.05689877454,3.54545454545,0.499047619048,0.4,8,0.0484848484848,0.255555555556,11,11,11,1,0,0.0909090909091,0.636363636364,0.272727272727,11,0.118181818182,3.72727272727,2.36363636364,1.3,1.625,1.43336856898,0.6064251638,0.286713286713,0.603022689156,0.510249967747,0.237762237762,1.40129809949,1.18571377649,0.503496503497,2.05382127221,0.551025219373,7,3.72727272727,2.05382127221,7,0,0,0,0,0.22962962963,11,11,11,1,0,0.0909090909091,0.636363636364,0.272727272727,11,18,0.163636363636,5.10606060606,3.27272727273,1.8,1.8,1.61807966991,0.494413232473,0.171717171717,0.809039834956,0.494413232473,0.242424242424,1.36181696808,0.832221480492,0.383838383838,1.9582769173,0.383520108434,7,5.10606060606,1.9582769173,7,0.213333333333,0.176470588235,2,0.0121212121212,0.181481481481,11,11,11,1,0,0.0909090909091,0.818181818182,0.0909090909091,-2,-0.0181818181818,2.06267217631,-0.363636363636,-0.2,-0.7,-0.0714603427974,0.029789728978,-0.0737373737374,-0.358708581286,-0.14784839646,-0.0939393939394,-0.57819240397,-0.234783674135,-0.152525252525,0.901378142768,0.0362431180222,3.45454545455,2.06267217631,0.901378142768,3.45454545455,-0.285714285714,-0.223529411765,-6,-0.0363636363636,-0.0740740740741,0,0.181818181818,-0.181818181818,16,2,4,88,0.8,0.977777777778,0.0222222222222,0.2,0.888888888889,0.8,0.842105263158,0.810889388,0.777777777778,0.727272727273,5,7,0,0,0,0
2070,WLNM_dir_neg,0.744897959184,0.439939822083,00:00:01,10,50,30,1175612479,threshold_sweep,0.9,0.6,0.428571428571,0.5,3,2,4,12,0.428571428571,0.857142857143,0.142857142857,0.571428571429,0.6,0.428571428571,0.5,0.714285714286,0.587301587302,0.307692307692,0.316227766017,0.285714285714,20,13,7,0,20,0,13,0,7,11,20,0.181818181818,3.04338842975,3.63636363636,2,2.5,1.68954001271,0.464623503495,0.245454545455,1.16774841624,0.642261628933,0.336363636364,1.94000937205,1.06700515463,0.536363636364,1.05689877454,0.347276990411,3.54545454545,3.04338842975,1.05689877454,3.54545454545,0.499047619048,0.4,8,0.0484848484848,0.255555555556,11,11,11,1,0,0.0909090909091,0.636363636364,0.272727272727,11,0.118181818182,3.72727272727,2.36363636364,1.3,1.625,1.43336856898,0.6064251638,0.286713286713,0.603022689156,0.510249967747,0.237762237762,1.40129809949,1.18571377649,0.503496503497,2.05382127221,0.551025219373,7,3.72727272727,2.05382127221,7,0,0,0,0,0.22962962963,11,11,11,1,0,0.0909090909091,0.636363636364,0.272727272727,11,18,0.163636363636,5.10606060606,3.27272727273,1.8,1.8,1.61807966991,0.494413232473,0.171717171717,0.809039834956,0.494413232473,0.242424242424,1.36181696808,0.832221480492,0.383838383838,1.9582769173,0.383520108434,7,5.10606060606,1.9582769173,7,0.213333333333,0.176470588235,2,0.0121212121212,0.181481481481,11,11,11,1,0,0.0909090909091,0.818181818182,0.0909090909091,-2,-0.0181818181818,2.06267217631,-0.363636363636,-0.2,-0.7,-0.0714603427974,0.029789728978,-0.0737373737374,-0.358708581286,-0.14784839646,-0.0939393939394,-0.57819240397,-0.234783674135,-0.152525252525,0.901378142768,0.0362431180222,3.45454545455,2.06267217631,0.901378142768,3.45454545455,-0.285714285714,-0.223529411765,-6,-0.0363636363636,-0.0740740740741,0,0.181818181818,-0.181818181818,16,2,4,88,0.8,0.977777777778,0.0222222222222,0.2,0.888888888889,0.8,0.842105263158,0.810889388,0.777777777778,0.727272727273,5,7,0,0,0,0
2071,WLNM_dir_neg,0.826530612245,0.588786213786,00:00:01,10,50,31,1175612480,threshold_sweep,0.1,0.714285714286,0.714285714286,0.714285714286,5,2,2,12,0.714285714286,0.857142857143,0.142857142857,0.285714285714,0.714285714286,0.714285714286,0.714285714286,0.809523809524,0.555555555556,0.571428571429,0.571428571429,0.571428571429,20,13,7,0,20,0,13,0,7,11,20,0.181818181818,3.04338842975,3.63636363636,2,2.5,1.68954001271,0.464623503495,0.245454545455,1.16774841624,0.642261628933,0.336363636364,1.94000937205,1.06700515463,0.536363636364,1.05689877454,0.347276990411,3.54545454545,3.04338842975,1.05689877454,3.54545454545,0.499047619048,0.4,8,0.0484848484848,0.255555555556,11,11,11,1,0,0.0909090909091,0.636363636364,0.272727272727,11,0.118181818182,3.72727272727,2.36363636364,1.3,1.625,1.43336856898,0.6064251638,0.286713286713,0.603022689156,0.510249967747,0.237762237762,1.40129809949,1.18571377649,0.503496503497,2.05382127221,0.551025219373,7,3.72727272727,2.05382127221,7,0,0,0,0,0.22962962963,11,11,11,1,0,0.0909090909091,0.636363636364,0.272727272727,11,20,0.181818181818,NaN,3.63636363636,1.81818181818,2.5,1.91168654715,0.525713800466,0.268181818182,0.75075719353,0.412916456441,0.209090909091,2.04049904769,1.12227447623,0.554545454545,NaN,NaN,NaN,NaN,NaN,NaN,0.356666666667,0.283018867925,5,0.030303030303,0.235454545455,11,11,0,1,2,0,0.727272727273,0.272727272727,0,0,NaN,0,-0.181818181818,0,0.222146534438,0.0610902969706,0.0227272727273,-0.416991222713,-0.229345172492,-0.127272727273,0.100489675644,0.0552693216045,0.0181818181818,NaN,NaN,NaN,NaN,NaN,NaN,-0.142380952381,-0.116981132075,-3,-0.0181818181818,-0.020101010101,-0.0909090909091,0.0909090909091,0,18,2,2,88,0.9,0.977777777778,0.0222222222222,0.1,0.9,0.9,0.9,0.877777777778,0.877777777778,0.818181818182,7,7,0,0,0,0
2072,WLNM_dir_neg,0.826530612245,0.588786213786,00:00:01,10,50,31,1175612480,threshold_sweep,0.2,0.714285714286,0.714285714286,0.714285714286,5,2,2,12,0.714285714286,0.857142857143,0.142857142857,0.285714285714,0.714285714286,0.714285714286,0.714285714286,0.809523809524,0.555555555556,0.571428571429,0.571428571429,0.571428571429,20,13,7,0,20,0,13,0,7,11,20,0.181818181818,3.04338842975,3.63636363636,2,2.5,1.68954001271,0.464623503495,0.245454545455,1.16774841624,0.642261628933,0.336363636364,1.94000937205,1.06700515463,0.536363636364,1.05689877454,0.347276990411,3.54545454545,3.04338842975,1.05689877454,3.54545454545,0.499047619048,0.4,8,0.0484848484848,0.255555555556,11,11,11,1,0,0.0909090909091,0.636363636364,0.272727272727,11,0.118181818182,3.72727272727,2.36363636364,1.3,1.625,1.43336856898,0.6064251638,0.286713286713,0.603022689156,0.510249967747,0.237762237762,1.40129809949,1.18571377649,0.503496503497,2.05382127221,0.551025219373,7,3.72727272727,2.05382127221,7,0,0,0,0,0.22962962963,11,11,11,1,0,0.0909090909091,0.636363636364,0.272727272727,11,20,0.181818181818,NaN,3.63636363636,1.81818181818,2.5,1.91168654715,0.525713800466,0.268181818182,0.75075719353,0.412916456441,0.209090909091,2.04049904769,1.12227447623,0.554545454545,NaN,NaN,NaN,NaN,NaN,NaN,0.356666666667,0.283018867925,5,0.030303030303,0.235454545455,11,11,0,1,2,0,0.727272727273,0.272727272727,0,0,NaN,0,-0.181818181818,0,0.222146534438,0.0610902969706,0.0227272727273,-0.416991222713,-0.229345172492,-0.127272727273,0.100489675644,0.0552693216045,0.0181818181818,NaN,NaN,NaN,NaN,NaN,NaN,-0.142380952381,-0.116981132075,-3,-0.0181818181818,-0.020101010101,-0.0909090909091,0.0909090909091,0,18,2,2,88,0.9,0.977777777778,0.0222222222222,0.1,0.9,0.9,0.9,0.877777777778,0.877777777778,0.818181818182,7,7,0,0,0,0
2073,WLNM_dir_neg,0.826530612245,0.588786213786,00:00:01,10,50,31,1175612480,threshold_sweep,0.3,0.714285714286,0.714285714286,0.714285714286,5,2,2,12,0.714285714286,0.857142857143,0.142857142857,0.285714285714,0.714285714286,0.714285714286,0.714285714286,0.809523809524,0.555555555556,0.571428571429,0.571428571429,0.571428571429,20,13,7,0,20,0,13,0,7,11,20,0.181818181818,3.04338842975,3.63636363636,2,2.5,1.68954001271,0.464623503495,0.245454545455,1.16774841624,0.642261628933,0.336363636364,1.94000937205,1.06700515463,0.536363636364,1.05689877454,0.347276990411,3.54545454545,3.04338842975,1.05689877454,3.54545454545,0.499047619048,0.4,8,0.0484848484848,0.255555555556,11,11,11,1,0,0.0909090909091,0.636363636364,0.272727272727,11,0.118181818182,3.72727272727,2.36363636364,1.3,1.625,1.43336856898,0.6064251638,0.286713286713,0.603022689156,0.510249967747,0.237762237762,1.40129809949,1.18571377649,0.503496503497,2.05382127221,0.551025219373,7,3.72727272727,2.05382127221,7,0,0,0,0,0.22962962963,11,11,11,1,0,0.0909090909091,0.636363636364,0.272727272727,11,20,0.181818181818,NaN,3.63636363636,1.81818181818,2.5,1.91168654715,0.525713800466,0.268181818182,0.75075719353,0.412916456441,0.209090909091,2.04049904769,1.12227447623,0.554545454545,NaN,NaN,NaN,NaN,NaN,NaN,0.356666666667,0.283018867925,5,0.030303030303,0.235454545455,11,11,0,1,2,0,0.727272727273,0.272727272727,0,0,NaN,0,-0.181818181818,0,0.222146534438,0.0610902969706,0.0227272727273,-0.416991222713,-0.229345172492,-0.127272727273,0.100489675644,0.0552693216045,0.0181818181818,NaN,NaN,NaN,NaN,NaN,NaN,-0.142380952381,-0.116981132075,-3,-0.0181818181818,-0.020101010101,-0.0909090909091,0.0909090909091,0,18,2,2,88,0.9,0.977777777778,0.0222222222222,0.1,0.9,0.9,0.9,0.877777777778,0.877777777778,0.818181818182,7,7,0,0,0,0
2074,WLNM_dir_neg,0.826530612245,0.588786213786,00:00:01,10,50,31,1175612480,threshold_sweep,0.4,0.714285714286,0.714285714286,0.714285714286,5,2,2,12,0.714285714286,0.857142857143,0.142857142857,0.285714285714,0.714285714286,0.714285714286,0.714285714286,0.809523809524,0.555555555556,0.571428571429,0.571428571429,0.571428571429,20,13,7,0,20,0,13,0,7,11,20,0.181818181818,3.04338842975,3.63636363636,2,2.5,1.68954001271,0.464623503495,0.245454545455,1.16774841624,0.642261628933,0.336363636364,1.94000937205,1.06700515463,0.536363636364,1.05689877454,0.347276990411,3.54545454545,3.04338842975,1.05689877454,3.54545454545,0.499047619048,0.4,8,0.0484848484848,0.255555555556,11,11,11,1,0,0.0909090909091,0.636363636364,0.272727272727,11,0.118181818182,3.72727272727,2.36363636364,1.3,1.625,1.43336856898,0.6064251638,0.286713286713,0.603022689156,0.510249967747,0.237762237762,1.40129809949,1.18571377649,0.503496503497,2.05382127221,0.551025219373,7,3.72727272727,2.05382127221,7,0,0,0,0,0.22962962963,11,11,11,1,0,0.0909090909091,0.636363636364,0.272727272727,11,20,0.181818181818,NaN,3.63636363636,1.81818181818,2.5,1.91168654715,0.525713800466,0.268181818182,0.75075719353,0.412916456441,0.209090909091,2.04049904769,1.12227447623,0.554545454545,NaN,NaN,NaN,NaN,NaN,NaN,0.356666666667,0.283018867925,5,0.030303030303,0.235454545455,11,11,0,1,2,0,0.727272727273,0.272727272727,0,0,NaN,0,-0.181818181818,0,0.222146534438,0.0610902969706,0.0227272727273,-0.416991222713,-0.229345172492,-0.127272727273,0.100489675644,0.0552693216045,0.0181818181818,NaN,NaN,NaN,NaN,NaN,NaN,-0.142380952381,-0.116981132075,-3,-0.0181818181818,-0.020101010101,-0.0909090909091,0.0909090909091,0,18,2,2,88,0.9,0.977777777778,0.0222222222222,0.1,0.9,0.9,0.9,0.877777777778,0.877777777778,0.818181818182,7,7,0,0,0,0
2075,WLNM_dir_neg,0.826530612245,0.588786213786,00:00:01,10,50,31,1175612480,threshold_sweep,0.5,0.714285714286,0.714285714286,0.714285714286,5,2,2,12,0.714285714286,0.857142857143,0.142857142857,0.285714285714,0.714285714286,0.714285714286,0.714285714286,0.809523809524,0.555555555556,0.571428571429,0.571428571429,0.571428571429,20,13,7,0,20,0,13,0,7,11,20,0.181818181818,3.04338842975,3.63636363636,2,2.5,1.68954001271,0.464623503495,0.245454545455,1.16774841624,0.642261628933,0.336363636364,1.94000937205,1.06700515463,0.536363636364,1.05689877454,0.347276990411,3.54545454545,3.04338842975,1.05689877454,3.54545454545,0.499047619048,0.4,8,0.0484848484848,0.255555555556,11,11,11,1,0,0.0909090909091,0.636363636364,0.272727272727,11,0.118181818182,3.72727272727,2.36363636364,1.3,1.625,1.43336856898,0.6064251638,0.286713286713,0.603022689156,0.510249967747,0.237762237762,1.40129809949,1.18571377649,0.503496503497,2.05382127221,0.551025219373,7,3.72727272727,2.05382127221,7,0,0,0,0,0.22962962963,11,11,11,1,0,0.0909090909091,0.636363636364,0.272727272727,11,20,0.181818181818,NaN,3.63636363636,1.81818181818,2.5,1.91168654715,0.525713800466,0.268181818182,0.75075719353,0.412916456441,0.209090909091,2.04049904769,1.12227447623,0.554545454545,NaN,NaN,NaN,NaN,NaN,NaN,0.356666666667,0.283018867925,5,0.030303030303,0.235454545455,11,11,0,1,2,0,0.727272727273,0.272727272727,0,0,NaN,0,-0.181818181818,0,0.222146534438,0.0610902969706,0.0227272727273,-0.416991222713,-0.229345172492,-0.127272727273,0.100489675644,0.0552693216045,0.0181818181818,NaN,NaN,NaN,NaN,NaN,NaN,-0.142380952381,-0.116981132075,-3,-0.0181818181818,-0.020101010101,-0.0909090909091,0.0909090909091,0,18,2,2,88,0.9,0.977777777778,0.0222222222222,0.1,0.9,0.9,0.9,0.877777777778,0.877777777778,0.818181818182,7,7,0,0,0,0
2076,WLNM_dir_neg,0.826530612245,0.588786213786,00:00:01,10,50,31,1175612480,threshold_sweep,0.6,0.714285714286,0.714285714286,0.714285714286,5,2,2,12,0.714285714286,0.857142857143,0.142857142857,0.285714285714,0.714285714286,0.714285714286,0.714285714286,0.809523809524,0.555555555556,0.571428571429,0.571428571429,0.571428571429,20,13,7,0,20,0,13,0,7,11,20,0.181818181818,3.04338842975,3.63636363636,2,2.5,1.68954001271,0.464623503495,0.245454545455,1.16774841624,0.642261628933,0.336363636364,1.94000937205,1.06700515463,0.536363636364,1.05689877454,0.347276990411,3.54545454545,3.04338842975,1.05689877454,3.54545454545,0.499047619048,0.4,8,0.0484848484848,0.255555555556,11,11,11,1,0,0.0909090909091,0.636363636364,0.272727272727,11,0.118181818182,3.72727272727,2.36363636364,1.3,1.625,1.43336856898,0.6064251638,0.286713286713,0.603022689156,0.510249967747,0.237762237762,1.40129809949,1.18571377649,0.503496503497,2.05382127221,0.551025219373,7,3.72727272727,2.05382127221,7,0,0,0,0,0.22962962963,11,11,11,1,0,0.0909090909091,0.636363636364,0.272727272727,11,20,0.181818181818,NaN,3.63636363636,1.81818181818,2.5,1.91168654715,0.525713800466,0.268181818182,0.75075719353,0.412916456441,0.209090909091,2.04049904769,1.12227447623,0.554545454545,NaN,NaN,NaN,NaN,NaN,NaN,0.356666666667,0.283018867925,5,0.030303030303,0.235454545455,11,11,0,1,2,0,0.727272727273,0.272727272727,0,0,NaN,0,-0.181818181818,0,0.222146534438,0.0610902969706,0.0227272727273,-0.416991222713,-0.229345172492,-0.127272727273,0.100489675644,0.0552693216045,0.0181818181818,NaN,NaN,NaN,NaN,NaN,NaN,-0.142380952381,-0.116981132075,-3,-0.0181818181818,-0.020101010101,-0.0909090909091,0.0909090909091,0,18,2,2,88,0.9,0.977777777778,0.0222222222222,0.1,0.9,0.9,0.9,0.877777777778,0.877777777778,0.818181818182,7,7,0,0,0,0
2077,WLNM_dir_neg,0.826530612245,0.588786213786,00:00:01,10,50,31,1175612480,threshold_sweep,0.7,0.714285714286,0.714285714286,0.714285714286,5,2,2,12,0.714285714286,0.857142857143,0.142857142857,0.285714285714,0.714285714286,0.714285714286,0.714285714286,0.809523809524,0.555555555556,0.571428571429,0.571428571429,0.571428571429,20,13,7,0,20,0,13,0,7,11,20,0.181818181818,3.04338842975,3.63636363636,2,2.5,1.68954001271,0.464623503495,0.245454545455,1.16774841624,0.642261628933,0.336363636364,1.94000937205,1.06700515463,0.536363636364,1.05689877454,0.347276990411,3.54545454545,3.04338842975,1.05689877454,3.54545454545,0.499047619048,0.4,8,0.0484848484848,0.255555555556,11,11,11,1,0,0.0909090909091,0.636363636364,0.272727272727,11,0.118181818182,3.72727272727,2.36363636364,1.3,1.625,1.43336856898,0.6064251638,0.286713286713,0.603022689156,0.510249967747,0.237762237762,1.40129809949,1.18571377649,0.503496503497,2.05382127221,0.551025219373,7,3.72727272727,2.05382127221,7,0,0,0,0,0.22962962963,11,11,11,1,0,0.0909090909091,0.636363636364,0.272727272727,11,20,0.181818181818,NaN,3.63636363636,1.81818181818,2.5,1.91168654715,0.525713800466,0.268181818182,0.75075719353,0.412916456441,0.209090909091,2.04049904769,1.12227447623,0.554545454545,NaN,NaN,NaN,NaN,NaN,NaN,0.356666666667,0.283018867925,5,0.030303030303,0.235454545455,11,11,0,1,2,0,0.727272727273,0.272727272727,0,0,NaN,0,-0.181818181818,0,0.222146534438,0.0610902969706,0.0227272727273,-0.416991222713,-0.229345172492,-0.127272727273,0.100489675644,0.0552693216045,0.0181818181818,NaN,NaN,NaN,NaN,NaN,NaN,-0.142380952381,-0.116981132075,-3,-0.0181818181818,-0.020101010101,-0.0909090909091,0.0909090909091,0,18,2,2,88,0.9,0.977777777778,0.0222222222222,0.1,0.9,0.9,0.9,0.877777777778,0.877777777778,0.818181818182,7,7,0,0,0,0
2078,WLNM_dir_neg,0.826530612245,0.588786213786,00:00:01,10,50,31,1175612480,threshold_sweep,0.8,0.833333333333,0.714285714286,0.769230769231,5,1,2,13,0.714285714286,0.928571428571,0.0714285714286,0.285714285714,0.833333333333,0.714285714286,0.769230769231,0.857142857143,0.571428571429,0.666666666667,0.67082039325,0.642857142857,20,13,7,0,20,0,13,0,7,11,20,0.181818181818,3.04338842975,3.63636363636,2,2.5,1.68954001271,0.464623503495,0.245454545455,1.16774841624,0.642261628933,0.336363636364,1.94000937205,1.06700515463,0.536363636364,1.05689877454,0.347276990411,3.54545454545,3.04338842975,1.05689877454,3.54545454545,0.499047619048,0.4,8,0.0484848484848,0.255555555556,11,11,11,1,0,0.0909090909091,0.636363636364,0.272727272727,11,0.118181818182,3.72727272727,2.36363636364,1.3,1.625,1.43336856898,0.6064251638,0.286713286713,0.603022689156,0.510249967747,0.237762237762,1.40129809949,1.18571377649,0.503496503497,2.05382127221,0.551025219373,7,3.72727272727,2.05382127221,7,0,0,0,0,0.22962962963,11,11,11,1,0,0.0909090909091,0.636363636364,0.272727272727,11,19,0.172727272727,4.70454545455,3.45454545455,1.9,2.375,1.7529196424,0.507424107012,0.258373205742,0.904534033733,0.523677598477,0.267942583732,1.84883255547,1.07037674264,0.535885167464,1.66608891501,0.354144503674,5.875,4.70454545455,1.66608891501,5.875,0.366666666667,0.266666666667,4,0.0242424242424,0.23962962963,11,11,11,1,0,0.0909090909091,0.636363636364,0.272727272727,-1,-0.00909090909091,1.66115702479,-0.181818181818,-0.1,-0.125,0.0633796296952,0.0428006035168,0.0129186602871,-0.263214382509,-0.118584030456,-0.0684210526316,-0.0911768165742,0.00337158801632,-0.000478468899521,0.609190140475,0.00686751326282,2.32954545455,1.66115702479,0.609190140475,2.32954545455,-0.132380952381,-0.133333333333,-4,-0.0242424242424,-0.0159259259259,0,0,0,18,1,2,89,0.9,0.988888888889,0.0111111111111,0.1,0.947368421053,0.9,0.923076923077,0.906956031802,0.888888888889,0.857142857143,6,7,0,0,0,0
2079,WLNM_dir_neg,0.826530612245,0.588786213786,00:00:01,10,50,31,1175612480,threshold_sweep,0.9,0.833333333333,0.714285714286,0.769230769231,5,1,2,13,0.714285714286,0.928571428571,0.0714285714286,0.285714285714,0.833333333333,0.714285714286,0.769230769231,0.857142857143,0.571428571429,0.666666666667,0.67082039325,0.642857142857,20,13,7,0,20,0,13,0,7,11,20,0.181818181818,3.04338842975,3.63636363636,2,2.5,1.68954001271,0.464623503495,0.245454545455,1.16774841624,0.642261628933,0.336363636364,1.94000937205,1.06700515463,0.536363636364,1.05689877454,0.347276990411,3.54545454545,3.04338842975,1.05689877454,3.54545454545,0.499047619048,0.4,8,0.0484848484848,0.255555555556,11,11,11,1,0,0.0909090909091,0.636363636364,0.272727272727,11,0.118181818182,3.72727272727,2.36363636364,1.3,1.625,1.43336856898,0.6064251638,0.286713286713,0.603022689156,0.510249967747,0.237762237762,1.40129809949,1.18571377649,0.503496503497,2.05382127221,0.551025219373,7,3.72727272727,2.05382127221,7,0,0,0,0,0.22962962963,11,11,11,1,0,0.0909090909091,0.636363636364,0.272727272727,11,19,0.172727272727,4.70454545455,3.45454545455,1.9,2.375,1.7529196424,0.507424107012,0.258373205742,0.904534033733,0.523677598477,0.267942583732,1.84883255547,1.07037674264,0.535885167464,1.66608891501,0.354144503674,5.875,4.70454545455,1.66608891501,5.875,0.366666666667,0.266666666667,4,0.0242424242424,0.23962962963,11,11,11,1,0,0.0909090909091,0.636363636364,0.272727272727,-1,-0.00909090909091,1.66115702479,-0.181818181818,-0.1,-0.125,0.0633796296952,0.0428006035168,0.0129186602871,-0.263214382509,-0.118584030456,-0.0684210526316,-0.0911768165742,0.00337158801632,-0.000478468899521,0.609190140475,0.00686751326282,2.32954545455,1.66115702479,0.609190140475,2.32954545455,-0.132380952381,-0.133333333333,-4,-0.0242424242424,-0.0159259259259,0,0,0,18,1,2,89,0.9,0.988888888889,0.0111111111111,0.1,0.947368421053,0.9,0.923076923077,0.906956031802,0.888888888889,0.857142857143,6,7,0,0,0,0
2080,WLNM_dir_neg,0.795918367347,0.496398046398,00:00:01,10,50,32,1175612481,threshold_sweep,0.1,0.6,0.857142857143,0.705882352941,6,4,1,10,0.857142857143,0.714285714286,0.285714285714,0.142857142857,0.6,0.857142857143,0.705882352941,0.761904761905,0.507936507937,0.516129032258,0.539359889971,0.571428571429,20,13,7,0,20,0,13,0,7,11,20,0.181818181818,3.04338842975,3.63636363636,2,2.5,1.68954001271,0.464623503495,0.245454545455,1.16774841624,0.642261628933,0.336363636364,1.94000937205,1.06700515463,0.536363636364,1.05689877454,0.347276990411,3.54545454545,3.04338842975,1.05689877454,3.54545454545,0.499047619048,0.4,8,0.0484848484848,0.255555555556,11,11,11,1,0,0.0909090909091,0.636363636364,0.272727272727,11,0.118181818182,3.72727272727,2.36363636364,1.3,1.625,1.43336856898,0.6064251638,0.286713286713,0.603022689156,0.510249967747,0.237762237762,1.40129809949,1.18571377649,0.503496503497,2.05382127221,0.551025219373,7,3.72727272727,2.05382127221,7,0,0,0,0,0.22962962963,11,11,11,1,0,0.0909090909091,0.636363636364,0.272727272727,11,23,0.209090909091,NaN,4.18181818182,2.09090909091,2.3,1.94000937205,0.46391528462,0.241106719368,1.22102788294,0.583969857057,0.284584980237,1.70026735866,0.813171345444,0.403162055336,NaN,NaN,NaN,NaN,NaN,NaN,0.441125541126,0.365853658537,10,0.0606060606061,0.199264069264,11,11,0,1,2,0,0.909090909091,0.0909090909091,3,0.0272727272727,NaN,0.545454545455,0.0909090909091,-0.2,0.250469359339,-0.000708218874719,-0.00434782608696,0.0532794666945,-0.0582917718765,-0.0517786561265,-0.239742013393,-0.253833809183,-0.133201581028,NaN,NaN,NaN,NaN,NaN,NaN,-0.0579220779221,-0.0341463414634,2,0.0121212121212,-0.0562914862915,-0.0909090909091,0.272727272727,-0.181818181818,19,4,1,86,0.95,0.955555555556,0.0444444444444,0.05,0.826086956522,0.95,0.883720930233,0.85887074016,0.905555555556,0.791666666667,10,7,0,0,0,0
2081,WLNM_dir_neg,0.795918367347,0.496398046398,00:00:01,10,50,32,1175612481,threshold_sweep,0.2,0.6,0.857142857143,0.705882352941,6,4,1,10,0.857142857143,0.714285714286,0.285714285714,0.142857142857,0.6,0.857142857143,0.705882352941,0.761904761905,0.507936507937,0.516129032258,0.539359889971,0.571428571429,20,13,7,0,20,0,13,0,7,11,20,0.181818181818,3.04338842975,3.63636363636,2,2.5,1.68954001271,0.464623503495,0.245454545455,1.16774841624,0.642261628933,0.336363636364,1.94000937205,1.06700515463,0.536363636364,1.05689877454,0.347276990411,3.54545454545,3.04338842975,1.05689877454,3.54545454545,0.499047619048,0.4,8,0.0484848484848,0.255555555556,11,11,11,1,0,0.0909090909091,0.636363636364,0.272727272727,11,0.118181818182,3.72727272727,2.36363636364,1.3,1.625,1.43336856898,0.6064251638,0.286713286713,0.603022689156,0.510249967747,0.237762237762,1.40129809949,1.18571377649,0.503496503497,2.05382127221,0.551025219373,7,3.72727272727,2.05382127221,7,0,0,0,0,0.22962962963,11,11,11,1,0,0.0909090909091,0.636363636364,0.272727272727,11,23,0.209090909091,NaN,4.18181818182,2.09090909091,2.3,1.94000937205,0.46391528462,0.241106719368,1.22102788294,0.583969857057,0.284584980237,1.70026735866,0.813171345444,0.403162055336,NaN,NaN,NaN,NaN,NaN,NaN,0.441125541126,0.365853658537,10,0.0606060606061,0.199264069264,11,11,0,1,2,0,0.909090909091,0.0909090909091,3,0.0272727272727,NaN,0.545454545455,0.0909090909091,-0.2,0.250469359339,-0.000708218874719,-0.00434782608696,0.0532794666945,-0.0582917718765,-0.0517786561265,-0.239742013393,-0.253833809183,-0.133201581028,NaN,NaN,NaN,NaN,NaN,NaN,-0.0579220779221,-0.0341463414634,2,0.0121212121212,-0.0562914862915,-0.0909090909091,0.272727272727,-0.181818181818,19,4,1,86,0.95,0.955555555556,0.0444444444444,0.05,0.826086956522,0.95,0.883720930233,0.85887074016,0.905555555556,0.791666666667,10,7,0,0,0,0
2082,WLNM_dir_neg,0.795918367347,0.496398046398,00:00:01,10,50,32,1175612481,threshold_sweep,0.3,0.6,0.857142857143,0.705882352941,6,4,1,10,0.857142857143,0.714285714286,0.285714285714,0.142857142857,0.6,0.857142857143,0.705882352941,0.761904761905,0.507936507937,0.516129032258,0.539359889971,0.571428571429,20,13,7,0,20,0,13,0,7,11,20,0.181818181818,3.04338842975,3.63636363636,2,2.5,1.68954001271,0.464623503495,0.245454545455,1.16774841624,0.642261628933,0.336363636364,1.94000937205,1.06700515463,0.536363636364,1.05689877454,0.347276990411,3.54545454545,3.04338842975,1.05689877454,3.54545454545,0.499047619048,0.4,8,0.0484848484848,0.255555555556,11,11,11,1,0,0.0909090909091,0.636363636364,0.272727272727,11,0.118181818182,3.72727272727,2.36363636364,1.3,1.625,1.43336856898,0.6064251638,0.286713286713,0.603022689156,0.510249967747,0.237762237762,1.40129809949,1.18571377649,0.503496503497,2.05382127221,0.551025219373,7,3.72727272727,2.05382127221,7,0,0,0,0,0.22962962963,11,11,11,1,0,0.0909090909091,0.636363636364,0.272727272727,11,23,0.209090909091,NaN,4.18181818182,2.09090909091,2.3,1.94000937205,0.46391528462,0.241106719368,1.22102788294,0.583969857057,0.284584980237,1.70026735866,0.813171345444,0.403162055336,NaN,NaN,NaN,NaN,NaN,NaN,0.441125541126,0.365853658537,10,0.0606060606061,0.199264069264,11,11,0,1,2,0,0.909090909091,0.0909090909091,3,0.0272727272727,NaN,0.545454545455,0.0909090909091,-0.2,0.250469359339,-0.000708218874719,-0.00434782608696,0.0532794666945,-0.0582917718765,-0.0517786561265,-0.239742013393,-0.253833809183,-0.133201581028,NaN,NaN,NaN,NaN,NaN,NaN,-0.0579220779221,-0.0341463414634,2,0.0121212121212,-0.0562914862915,-0.0909090909091,0.272727272727,-0.181818181818,19,4,1,86,0.95,0.955555555556,0.0444444444444,0.05,0.826086956522,0.95,0.883720930233,0.85887074016,0.905555555556,0.791666666667,10,7,0,0,0,0
2083,WLNM_dir_neg,0.795918367347,0.496398046398,00:00:01,10,50,32,1175612481,threshold_sweep,0.4,0.6,0.857142857143,0.705882352941,6,4,1,10,0.857142857143,0.714285714286,0.285714285714,0.142857142857,0.6,0.857142857143,0.705882352941,0.761904761905,0.507936507937,0.516129032258,0.539359889971,0.571428571429,20,13,7,0,20,0,13,0,7,11,20,0.181818181818,3.04338842975,3.63636363636,2,2.5,1.68954001271,0.464623503495,0.245454545455,1.16774841624,0.642261628933,0.336363636364,1.94000937205,1.06700515463,0.536363636364,1.05689877454,0.347276990411,3.54545454545,3.04338842975,1.05689877454,3.54545454545,0.499047619048,0.4,8,0.0484848484848,0.255555555556,11,11,11,1,0,0.0909090909091,0.636363636364,0.272727272727,11,0.118181818182,3.72727272727,2.36363636364,1.3,1.625,1.43336856898,0.6064251638,0.286713286713,0.603022689156,0.510249967747,0.237762237762,1.40129809949,1.18571377649,0.503496503497,2.05382127221,0.551025219373,7,3.72727272727,2.05382127221,7,0,0,0,0,0.22962962963,11,11,11,1,0,0.0909090909091,0.636363636364,0.272727272727,11,23,0.209090909091,NaN,4.18181818182,2.09090909091,2.3,1.94000937205,0.46391528462,0.241106719368,1.22102788294,0.583969857057,0.284584980237,1.70026735866,0.813171345444,0.403162055336,NaN,NaN,NaN,NaN,NaN,NaN,0.441125541126,0.365853658537,10,0.0606060606061,0.199264069264,11,11,0,1,2,0,0.909090909091,0.0909090909091,3,0.0272727272727,NaN,0.545454545455,0.0909090909091,-0.2,0.250469359339,-0.000708218874719,-0.00434782608696,0.0532794666945,-0.0582917718765,-0.0517786561265,-0.239742013393,-0.253833809183,-0.133201581028,NaN,NaN,NaN,NaN,NaN,NaN,-0.0579220779221,-0.0341463414634,2,0.0121212121212,-0.0562914862915,-0.0909090909091,0.272727272727,-0.181818181818,19,4,1,86,0.95,0.955555555556,0.0444444444444,0.05,0.826086956522,0.95,0.883720930233,0.85887074016,0.905555555556,0.791666666667,10,7,0,0,0,0
2084,WLNM_dir_neg,0.795918367347,0.496398046398,00:00:01,10,50,32,1175612481,threshold_sweep,0.5,0.6,0.857142857143,0.705882352941,6,4,1,10,0.857142857143,0.714285714286,0.285714285714,0.142857142857,0.6,0.857142857143,0.705882352941,0.761904761905,0.507936507937,0.516129032258,0.539359889971,0.571428571429,20,13,7,0,20,0,13,0,7,11,20,0.181818181818,3.04338842975,3.63636363636,2,2.5,1.68954001271,0.464623503495,0.245454545455,1.16774841624,0.642261628933,0.336363636364,1.94000937205,1.06700515463,0.536363636364,1.05689877454,0.347276990411,3.54545454545,3.04338842975,1.05689877454,3.54545454545,0.499047619048,0.4,8,0.0484848484848,0.255555555556,11,11,11,1,0,0.0909090909091,0.636363636364,0.272727272727,11,0.118181818182,3.72727272727,2.36363636364,1.3,1.625,1.43336856898,0.6064251638,0.286713286713,0.603022689156,0.510249967747,0.237762237762,1.40129809949,1.18571377649,0.503496503497,2.05382127221,0.551025219373,7,3.72727272727,2.05382127221,7,0,0,0,0,0.22962962963,11,11,11,1,0,0.0909090909091,0.636363636364,0.272727272727,11,23,0.209090909091,NaN,4.18181818182,2.09090909091,2.3,1.94000937205,0.46391528462,0.241106719368,1.22102788294,0.583969857057,0.284584980237,1.70026735866,0.813171345444,0.403162055336,NaN,NaN,NaN,NaN,NaN,NaN,0.441125541126,0.365853658537,10,0.0606060606061,0.199264069264,11,11,0,1,2,0,0.909090909091,0.0909090909091,3,0.0272727272727,NaN,0.545454545455,0.0909090909091,-0.2,0.250469359339,-0.000708218874719,-0.00434782608696,0.0532794666945,-0.0582917718765,-0.0517786561265,-0.239742013393,-0.253833809183,-0.133201581028,NaN,NaN,NaN,NaN,NaN,NaN,-0.0579220779221,-0.0341463414634,2,0.0121212121212,-0.0562914862915,-0.0909090909091,0.272727272727,-0.181818181818,19,4,1,86,0.95,0.955555555556,0.0444444444444,0.05,0.826086956522,0.95,0.883720930233,0.85887074016,0.905555555556,0.791666666667,10,7,0,0,0,0
2085,WLNM_dir_neg,0.795918367347,0.496398046398,00:00:01,10,50,32,1175612481,threshold_sweep,0.6,0.6,0.857142857143,0.705882352941,6,4,1,10,0.857142857143,0.714285714286,0.285714285714,0.142857142857,0.6,0.857142857143,0.705882352941,0.761904761905,0.507936507937,0.516129032258,0.539359889971,0.571428571429,20,13,7,0,20,0,13,0,7,11,20,0.181818181818,3.04338842975,3.63636363636,2,2.5,1.68954001271,0.464623503495,0.245454545455,1.16774841624,0.642261628933,0.336363636364,1.94000937205,1.06700515463,0.536363636364,1.05689877454,0.347276990411,3.54545454545,3.04338842975,1.05689877454,3.54545454545,0.499047619048,0.4,8,0.0484848484848,0.255555555556,11,11,11,1,0,0.0909090909091,0.636363636364,0.272727272727,11,0.118181818182,3.72727272727,2.36363636364,1.3,1.625,1.43336856898,0.6064251638,0.286713286713,0.603022689156,0.510249967747,0.237762237762,1.40129809949,1.18571377649,0.503496503497,2.05382127221,0.551025219373,7,3.72727272727,2.05382127221,7,0,0,0,0,0.22962962963,11,11,11,1,0,0.0909090909091,0.636363636364,0.272727272727,11,23,0.209090909091,NaN,4.18181818182,2.09090909091,2.3,1.94000937205,0.46391528462,0.241106719368,1.22102788294,0.583969857057,0.284584980237,1.70026735866,0.813171345444,0.403162055336,NaN,NaN,NaN,NaN,NaN,NaN,0.441125541126,0.365853658537,10,0.0606060606061,0.199264069264,11,11,0,1,2,0,0.909090909091,0.0909090909091,3,0.0272727272727,NaN,0.545454545455,0.0909090909091,-0.2,0.250469359339,-0.000708218874719,-0.00434782608696,0.0532794666945,-0.0582917718765,-0.0517786561265,-0.239742013393,-0.253833809183,-0.133201581028,NaN,NaN,NaN,NaN,NaN,NaN,-0.0579220779221,-0.0341463414634,2,0.0121212121212,-0.0562914862915,-0.0909090909091,0.272727272727,-0.181818181818,19,4,1,86,0.95,0.955555555556,0.0444444444444,0.05,0.826086956522,0.95,0.883720930233,0.85887074016,0.905555555556,0.791666666667,10,7,0,0,0,0
2086,WLNM_dir_neg,0.795918367347,0.496398046398,00:00:01,10,50,32,1175612481,threshold_sweep,0.7,0.5,0.571428571429,0.533333333333,4,4,3,10,0.571428571429,0.714285714286,0.285714285714,0.428571428571,0.5,0.571428571429,0.533333333333,0.666666666667,0.539682539683,0.275862068966,0.277350098113,0.285714285714,20,13,7,0,20,0,13,0,7,11,20,0.181818181818,3.04338842975,3.63636363636,2,2.5,1.68954001271,0.464623503495,0.245454545455,1.16774841624,0.642261628933,0.336363636364,1.94000937205,1.06700515463,0.536363636364,1.05689877454,0.347276990411,3.54545454545,3.04338842975,1.05689877454,3.54545454545,0.499047619048,0.4,8,0.0484848484848,0.255555555556,11,11,11,1,0,0.0909090909091,0.636363636364,0.272727272727,11,0.118181818182,3.72727272727,2.36363636364,1.3,1.625,1.43336856898,0.6064251638,0.286713286713,0.603022689156,0.510249967747,0.237762237762,1.40129809949,1.18571377649,0.503496503497,2.05382127221,0.551025219373,7,3.72727272727,2.05382127221,7,0,0,0,0,0.22962962963,11,11,11,1,0,0.0909090909091,0.636363636364,0.272727272727,11,21,0.190909090909,NaN,3.81818181818,1.90909090909,2.1,1.77866139657,0.465839889577,0.225108225108,0.943879807449,0.494413232473,0.242424242424,1.578261414,0.826708359712,0.380952380952,NaN,NaN,NaN,NaN,NaN,NaN,0.383333333333,0.313432835821,7,0.0424242424242,0.184848484848,11,11,0,1,2,0,0.909090909091,0.0909090909091,1,0.00909090909091,NaN,0.181818181818,-0.0909090909091,-0.4,0.0891213838574,0.00121638608194,-0.0203463203463,-0.223868608794,-0.14784839646,-0.0939393939394,-0.361747958052,-0.240296794914,-0.155411255411,NaN,NaN,NaN,NaN,NaN,NaN,-0.115714285714,-0.0865671641791,-1,-0.00606060606061,-0.0707070707071,-0.0909090909091,0.272727272727,-0.181818181818,17,4,3,86,0.85,0.955555555556,0.0444444444444,0.15,0.809523809524,0.85,0.829268292683,0.790545915216,0.805555555556,0.708333333333,8,7,0,0,0,0
2087,WLNM_dir_neg,0.795918367347,0.496398046398,00:00:01,10,50,32,1175612481,threshold_sweep,0.8,0.5,0.571428571429,0.533333333333,4,4,3,10,0.571428571429,0.714285714286,0.285714285714,0.428571428571,0.5,0.571428571429,0.533333333333,0.666666666667,0.539682539683,0.275862068966,0.277350098113,0.285714285714,20,13,7,0,20,0,13,0,7,11,20,0.181818181818,3.04338842975,3.63636363636,2,2.5,1.68954001271,0.464623503495,0.245454545455,1.16774841624,0.642261628933,0.336363636364,1.94000937205,1.06700515463,0.536363636364,1.05689877454,0.347276990411,3.54545454545,3.04338842975,1.05689877454,3.54545454545,0.499047619048,0.4,8,0.0484848484848,0.255555555556,11,11,11,1,0,0.0909090909091,0.636363636364,0.272727272727,11,0.118181818182,3.72727272727,2.36363636364,1.3,1.625,1.43336856898,0.6064251638,0.286713286713,0.603022689156,0.510249967747,0.237762237762,1.40129809949,1.18571377649,0.503496503497,2.05382127221,0.551025219373,7,3.72727272727,2.05382127221,7,0,0,0,0,0.22962962963,11,11,11,1,0,0.0909090909091,0.636363636364,0.272727272727,11,21,0.190909090909,NaN,3.81818181818,1.90909090909,2.1,1.77866139657,0.465839889577,0.225108225108,0.943879807449,0.494413232473,0.242424242424,1.578261414,0.826708359712,0.380952380952,NaN,NaN,NaN,NaN,NaN,NaN,0.383333333333,0.313432835821,7,0.0424242424242,0.184848484848,11,11,0,1,2,0,0.909090909091,0.0909090909091,1,0.00909090909091,NaN,0.181818181818,-0.0909090909091,-0.4,0.0891213838574,0.00121638608194,-0.0203463203463,-0.223868608794,-0.14784839646,-0.0939393939394,-0.361747958052,-0.240296794914,-0.155411255411,NaN,NaN,NaN,NaN,NaN,NaN,-0.115714285714,-0.0865671641791,-1,-0.00606060606061,-0.0707070707071,-0.0909090909091,0.272727272727,-0.181818181818,17,4,3,86,0.85,0.955555555556,0.0444444444444,0.15,0.809523809524,0.85,0.829268292683,0.790545915216,0.805555555556,0.708333333333,8,7,0,0,0,0
2088,WLNM_dir_neg,0.795918367347,0.496398046398,00:00:01,10,50,32,1175612481,threshold_sweep,0.9,0.6,0.428571428571,0.5,3,2,4,12,0.428571428571,0.857142857143,0.142857142857,0.571428571429,0.6,0.428571428571,0.5,0.714285714286,0.587301587302,0.307692307692,0.316227766017,0.285714285714,20,13,7,0,20,0,13,0,7,11,20,0.181818181818,3.04338842975,3.63636363636,2,2.5,1.68954001271,0.464623503495,0.245454545455,1.16774841624,0.642261628933,0.336363636364,1.94000937205,1.06700515463,0.536363636364,1.05689877454,0.347276990411,3.54545454545,3.04338842975,1.05689877454,3.54545454545,0.499047619048,0.4,8,0.0484848484848,0.255555555556,11,11,11,1,0,0.0909090909091,0.636363636364,0.272727272727,11,0.118181818182,3.72727272727,2.36363636364,1.3,1.625,1.43336856898,0.6064251638,0.286713286713,0.603022689156,0.510249967747,0.237762237762,1.40129809949,1.18571377649,0.503496503497,2.05382127221,0.551025219373,7,3.72727272727,2.05382127221,7,0,0,0,0,0.22962962963,11,11,11,1,0,0.0909090909091,0.636363636364,0.272727272727,11,18,0.163636363636,NaN,3.27272727273,1.63636363636,2.25,1.55505042304,0.475154295927,0.232323232323,0.50452497911,0.308320820567,0.141414141414,1.50151438706,0.917592125425,0.464646464646,NaN,NaN,NaN,NaN,NaN,NaN,0.247619047619,0.191489361702,3,0.0181818181818,0.166666666667,11,11,0,1,2,0,0.727272727273,0.272727272727,-2,-0.0181818181818,NaN,-0.363636363636,-0.363636363636,-0.25,-0.134489589674,0.0105307924324,-0.0131313131313,-0.663223437133,-0.333940808366,-0.194949494949,-0.438494984989,-0.149413029202,-0.0717171717172,NaN,NaN,NaN,NaN,NaN,NaN,-0.251428571429,-0.208510638298,-5,-0.030303030303,-0.0888888888889,-0.0909090909091,0.0909090909091,0,16,2,4,88,0.8,0.977777777778,0.0222222222222,0.2,0.888888888889,0.8,0.842105263158,0.810889388,0.777777777778,0.727272727273,5,7,0,0,0,0
2089,WLNM_dir_neg,0.836734693878,0.695807868602,00:00:01,10,50,33,1175612482,threshold_sweep,0.1,1,0.714285714286,0.833333333333,5,0,2,14,0.714285714286,1,0,0.285714285714,1,0.714285714286,0.833333333333,0.904761904762,0.587301587302,0.769230769231,0.790569415042,0.714285714286,20,13,7,0,20,0,13,0,7,11,20,0.181818181818,3.04338842975,3.63636363636,2,2.5,1.68954001271,0.464623503495,0.245454545455,1.16774841624,0.642261628933,0.336363636364,1.94000937205,1.06700515463,0.536363636364,1.05689877454,0.347276990411,3.54545454545,3.04338842975,1.05689877454,3.54545454545,0.499047619048,0.4,8,0.0484848484848,0.255555555556,11,11,11,1,0,0.0909090909091,0.636363636364,0.272727272727,11,0.118181818182,3.72727272727,2.36363636364,1.3,1.625,1.43336856898,0.6064251638,0.286713286713,0.603022689156,0.510249967747,0.237762237762,1.40129809949,1.18571377649,0.503496503497,2.05382127221,0.551025219373,7,3.72727272727,2.05382127221,7,0,0,0,0,0.22962962963,11,11,11,1,0,0.0909090909091,0.636363636364,0.272727272727,11,18,0.163636363636,3.11363636364,3.27272727273,1.8,2.25,1.42062726223,0.434080552347,0.227272727273,0.924416277737,0.564921058617,0.292929292929,1.68954001271,1.03249667443,0.525252525253,1.14353419474,0.367266456706,3.875,3.11363636364,1.14353419474,3.875,0.366666666667,0.266666666667,4,0.0242424242424,0.221111111111,11,11,11,1,0,0.0909090909091,0.636363636364,0.272727272727,-2,-0.0181818181818,0.0702479338843,-0.363636363636,-0.2,-0.25,-0.268912750482,-0.030542951148,-0.0181818181818,-0.243332138505,-0.0773405703161,-0.0434343434343,-0.250469359339,-0.0345084801933,-0.0111111111111,0.0866354202056,0.0199894662943,0.329545454545,0.0702479338843,0.0866354202056,0.329545454545,-0.132380952381,-0.133333333333,-4,-0.0242424242424,-0.0344444444444,0,0,0,18,0,2,90,0.9,1,0,0.1,1,0.9,0.947368421053,0.938314863257,0.9,0.9,5,7,0,0,0,0
2090,WLNM_dir_neg,0.836734693878,0.695807868602,00:00:01,10,50,33,1175612482,threshold_sweep,0.2,1,0.714285714286,0.833333333333,5,0,2,14,0.714285714286,1,0,0.285714285714,1,0.714285714286,0.833333333333,0.904761904762,0.587301587302,0.769230769231,0.790569415042,0.714285714286,20,13,7,0,20,0,13,0,7,11,20,0.181818181818,3.04338842975,3.63636363636,2,2.5,1.68954001271,0.464623503495,0.245454545455,1.16774841624,0.642261628933,0.336363636364,1.94000937205,1.06700515463,0.536363636364,1.05689877454,0.347276990411,3.54545454545,3.04338842975,1.05689877454,3.54545454545,0.499047619048,0.4,8,0.0484848484848,0.255555555556,11,11,11,1,0,0.0909090909091,0.636363636364,0.272727272727,11,0.118181818182,3.72727272727,2.36363636364,1.3,1.625,1.43336856898,0.6064251638,0.286713286713,0.603022689156,0.510249967747,0.237762237762,1.40129809949,1.18571377649,0.503496503497,2.05382127221,0.551025219373,7,3.72727272727,2.05382127221,7,0,0,0,0,0.22962962963,11,11,11,1,0,0.0909090909091,0.636363636364,0.272727272727,11,18,0.163636363636,3.11363636364,3.27272727273,1.8,2.25,1.42062726223,0.434080552347,0.227272727273,0.924416277737,0.564921058617,0.292929292929,1.68954001271,1.03249667443,0.525252525253,1.14353419474,0.367266456706,3.875,3.11363636364,1.14353419474,3.875,0.366666666667,0.266666666667,4,0.0242424242424,0.221111111111,11,11,11,1,0,0.0909090909091,0.636363636364,0.272727272727,-2,-0.0181818181818,0.0702479338843,-0.363636363636,-0.2,-0.25,-0.268912750482,-0.030542951148,-0.0181818181818,-0.243332138505,-0.0773405703161,-0.0434343434343,-0.250469359339,-0.0345084801933,-0.0111111111111,0.0866354202056,0.0199894662943,0.329545454545,0.0702479338843,0.0866354202056,0.329545454545,-0.132380952381,-0.133333333333,-4,-0.0242424242424,-0.0344444444444,0,0,0,18,0,2,90,0.9,1,0,0.1,1,0.9,0.947368421053,0.938314863257,0.9,0.9,5,7,0,0,0,0
2091,WLNM_dir_neg,0.836734693878,0.695807868602,00:00:01,10,50,33,1175612482,threshold_sweep,0.3,1,0.714285714286,0.833333333333,5,0,2,14,0.714285714286,1,0,0.285714285714,1,0.714285714286,0.833333333333,0.904761904762,0.587301587302,0.769230769231,0.790569415042,0.714285714286,20,13,7,0,20,0,13,0,7,11,20,0.181818181818,3.04338842975,3.63636363636,2,2.5,1.68954001271,0.464623503495,0.245454545455,1.16774841624,0.642261628933,0.336363636364,1.94000937205,1.06700515463,0.536363636364,1.05689877454,0.347276990411,3.54545454545,3.04338842975,1.05689877454,3.54545454545,0.499047619048,0.4,8,0.0484848484848,0.255555555556,11,11,11,1,0,0.0909090909091,0.636363636364,0.272727272727,11,0.118181818182,3.72727272727,2.36363636364,1.3,1.625,1.43336856898,0.6064251638,0.286713286713,0.603022689156,0.510249967747,0.237762237762,1.40129809949,1.18571377649,0.503496503497,2.05382127221,0.551025219373,7,3.72727272727,2.05382127221,7,0,0,0,0,0.22962962963,11,11,11,1,0,0.0909090909091,0.636363636364,0.272727272727,11,18,0.163636363636,3.11363636364,3.27272727273,1.8,2.25,1.42062726223,0.434080552347,0.227272727273,0.924416277737,0.564921058617,0.292929292929,1.68954001271,1.03249667443,0.525252525253,1.14353419474,0.367266456706,3.875,3.11363636364,1.14353419474,3.875,0.366666666667,0.266666666667,4,0.0242424242424,0.221111111111,11,11,11,1,0,0.0909090909091,0.636363636364,0.272727272727,-2,-0.0181818181818,0.0702479338843,-0.363636363636,-0.2,-0.25,-0.268912750482,-0.030542951148,-0.0181818181818,-0.243332138505,-0.0773405703161,-0.0434343434343,-0.250469359339,-0.0345084801933,-0.0111111111111,0.0866354202056,0.0199894662943,0.329545454545,0.0702479338843,0.0866354202056,0.329545454545,-0.132380952381,-0.133333333333,-4,-0.0242424242424,-0.0344444444444,0,0,0,18,0,2,90,0.9,1,0,0.1,1,0.9,0.947368421053,0.938314863257,0.9,0.9,5,7,0,0,0,0
2092,WLNM_dir_neg,0.836734693878,0.695807868602,00:00:01,10,50,33,1175612482,threshold_sweep,0.4,1,0.714285714286,0.833333333333,5,0,2,14,0.714285714286,1,0,0.285714285714,1,0.714285714286,0.833333333333,0.904761904762,0.587301587302,0.769230769231,0.790569415042,0.714285714286,20,13,7,0,20,0,13,0,7,11,20,0.181818181818,3.04338842975,3.63636363636,2,2.5,1.68954001271,0.464623503495,0.245454545455,1.16774841624,0.642261628933,0.336363636364,1.94000937205,1.06700515463,0.536363636364,1.05689877454,0.347276990411,3.54545454545,3.04338842975,1.05689877454,3.54545454545,0.499047619048,0.4,8,0.0484848484848,0.255555555556,11,11,11,1,0,0.0909090909091,0.636363636364,0.272727272727,11,0.118181818182,3.72727272727,2.36363636364,1.3,1.625,1.43336856898,0.6064251638,0.286713286713,0.603022689156,0.510249967747,0.237762237762,1.40129809949,1.18571377649,0.503496503497,2.05382127221,0.551025219373,7,3.72727272727,2.05382127221,7,0,0,0,0,0.22962962963,11,11,11,1,0,0.0909090909091,0.636363636364,0.272727272727,11,18,0.163636363636,3.11363636364,3.27272727273,1.8,2.25,1.42062726223,0.434080552347,0.227272727273,0.924416277737,0.564921058617,0.292929292929,1.68954001271,1.03249667443,0.525252525253,1.14353419474,0.367266456706,3.875,3.11363636364,1.14353419474,3.875,0.366666666667,0.266666666667,4,0.0242424242424,0.221111111111,11,11,11,1,0,0.0909090909091,0.636363636364,0.272727272727,-2,-0.0181818181818,0.0702479338843,-0.363636363636,-0.2,-0.25,-0.268912750482,-0.030542951148,-0.0181818181818,-0.243332138505,-0.0773405703161,-0.0434343434343,-0.250469359339,-0.0345084801933,-0.0111111111111,0.0866354202056,0.0199894662943,0.329545454545,0.0702479338843,0.0866354202056,0.329545454545,-0.132380952381,-0.133333333333,-4,-0.0242424242424,-0.0344444444444,0,0,0,18,0,2,90,0.9,1,0,0.1,1,0.9,0.947368421053,0.938314863257,0.9,0.9,5,7,0,0,0,0
2093,WLNM_dir_neg,0.836734693878,0.695807868602,00:00:01,10,50,33,1175612482,threshold_sweep,0.5,1,0.714285714286,0.833333333333,5,0,2,14,0.714285714286,1,0,0.285714285714,1,0.714285714286,0.833333333333,0.904761904762,0.587301587302,0.769230769231,0.790569415042,0.714285714286,20,13,7,0,20,0,13,0,7,11,20,0.181818181818,3.04338842975,3.63636363636,2,2.5,1.68954001271,0.464623503495,0.245454545455,1.16774841624,0.642261628933,0.336363636364,1.94000937205,1.06700515463,0.536363636364,1.05689877454,0.347276990411,3.54545454545,3.04338842975,1.05689877454,3.54545454545,0.499047619048,0.4,8,0.0484848484848,0.255555555556,11,11,11,1,0,0.0909090909091,0.636363636364,0.272727272727,11,0.118181818182,3.72727272727,2.36363636364,1.3,1.625,1.43336856898,0.6064251638,0.286713286713,0.603022689156,0.510249967747,0.237762237762,1.40129809949,1.18571377649,0.503496503497,2.05382127221,0.551025219373,7,3.72727272727,2.05382127221,7,0,0,0,0,0.22962962963,11,11,11,1,0,0.0909090909091,0.636363636364,0.272727272727,11,18,0.163636363636,3.11363636364,3.27272727273,1.8,2.25,1.42062726223,0.434080552347,0.227272727273,0.924416277737,0.564921058617,0.292929292929,1.68954001271,1.03249667443,0.525252525253,1.14353419474,0.367266456706,3.875,3.11363636364,1.14353419474,3.875,0.366666666667,0.266666666667,4,0.0242424242424,0.221111111111,11,11,11,1,0,0.0909090909091,0.636363636364,0.272727272727,-2,-0.0181818181818,0.0702479338843,-0.363636363636,-0.2,-0.25,-0.268912750482,-0.030542951148,-0.0181818181818,-0.243332138505,-0.0773405703161,-0.0434343434343,-0.250469359339,-0.0345084801933,-0.0111111111111,0.0866354202056,0.0199894662943,0.329545454545,0.0702479338843,0.0866354202056,0.329545454545,-0.132380952381,-0.133333333333,-4,-0.0242424242424,-0.0344444444444,0,0,0,18,0,2,90,0.9,1,0,0.1,1,0.9,0.947368421053,0.938314863257,0.9,0.9,5,7,0,0,0,0
2094,WLNM_dir_neg,0.836734693878,0.695807868602,00:00:01,10,50,33,1175612482,threshold_sweep,0.6,1,0.714285714286,0.833333333333,5,0,2,14,0.714285714286,1,0,0.285714285714,1,0.714285714286,0.833333333333,0.904761904762,0.587301587302,0.769230769231,0.790569415042,0.714285714286,20,13,7,0,20,0,13,0,7,11,20,0.181818181818,3.04338842975,3.63636363636,2,2.5,1.68954001271,0.464623503495,0.245454545455,1.16774841624,0.642261628933,0.336363636364,1.94000937205,1.06700515463,0.536363636364,1.05689877454,0.347276990411,3.54545454545,3.04338842975,1.05689877454,3.54545454545,0.499047619048,0.4,8,0.0484848484848,0.255555555556,11,11,11,1,0,0.0909090909091,0.636363636364,0.272727272727,11,0.118181818182,3.72727272727,2.36363636364,1.3,1.625,1.43336856898,0.6064251638,0.286713286713,0.603022689156,0.510249967747,0.237762237762,1.40129809949,1.18571377649,0.503496503497,2.05382127221,0.551025219373,7,3.72727272727,2.05382127221,7,0,0,0,0,0.22962962963,11,11,11,1,0,0.0909090909091,0.636363636364,0.272727272727,11,18,0.163636363636,3.11363636364,3.27272727273,1.8,2.25,1.42062726223,0.434080552347,0.227272727273,0.924416277737,0.564921058617,0.292929292929,1.68954001271,1.03249667443,0.525252525253,1.14353419474,0.367266456706,3.875,3.11363636364,1.14353419474,3.875,0.366666666667,0.266666666667,4,0.0242424242424,0.221111111111,11,11,11,1,0,0.0909090909091,0.636363636364,0.272727272727,-2,-0.0181818181818,0.0702479338843,-0.363636363636,-0.2,-0.25,-0.268912750482,-0.030542951148,-0.0181818181818,-0.243332138505,-0.0773405703161,-0.0434343434343,-0.250469359339,-0.0345084801933,-0.0111111111111,0.0866354202056,0.0199894662943,0.329545454545,0.0702479338843,0.0866354202056,0.329545454545,-0.132380952381,-0.133333333333,-4,-0.0242424242424,-0.0344444444444,0,0,0,18,0,2,90,0.9,1,0,0.1,1,0.9,0.947368421053,0.938314863257,0.9,0.9,5,7,0,0,0,0
2095,WLNM_dir_neg,0.836734693878,0.695807868602,00:00:01,10,50,33,1175612482,threshold_sweep,0.7,1,0.714285714286,0.833333333333,5,0,2,14,0.714285714286,1,0,0.285714285714,1,0.714285714286,0.833333333333,0.904761904762,0.587301587302,0.769230769231,0.790569415042,0.714285714286,20,13,7,0,20,0,13,0,7,11,20,0.181818181818,3.04338842975,3.63636363636,2,2.5,1.68954001271,0.464623503495,0.245454545455,1.16774841624,0.642261628933,0.336363636364,1.94000937205,1.06700515463,0.536363636364,1.05689877454,0.347276990411,3.54545454545,3.04338842975,1.05689877454,3.54545454545,0.499047619048,0.4,8,0.0484848484848,0.255555555556,11,11,11,1,0,0.0909090909091,0.636363636364,0.272727272727,11,0.118181818182,3.72727272727,2.36363636364,1.3,1.625,1.43336856898,0.6064251638,0.286713286713,0.603022689156,0.510249967747,0.237762237762,1.40129809949,1.18571377649,0.503496503497,2.05382127221,0.551025219373,7,3.72727272727,2.05382127221,7,0,0,0,0,0.22962962963,11,11,11,1,0,0.0909090909091,0.636363636364,0.272727272727,11,18,0.163636363636,3.11363636364,3.27272727273,1.8,2.25,1.42062726223,0.434080552347,0.227272727273,0.924416277737,0.564921058617,0.292929292929,1.68954001271,1.03249667443,0.525252525253,1.14353419474,0.367266456706,3.875,3.11363636364,1.14353419474,3.875,0.366666666667,0.266666666667,4,0.0242424242424,0.221111111111,11,11,11,1,0,0.0909090909091,0.636363636364,0.272727272727,-2,-0.0181818181818,0.0702479338843,-0.363636363636,-0.2,-0.25,-0.268912750482,-0.030542951148,-0.0181818181818,-0.243332138505,-0.0773405703161,-0.0434343434343,-0.250469359339,-0.0345084801933,-0.0111111111111,0.0866354202056,0.0199894662943,0.329545454545,0.0702479338843,0.0866354202056,0.329545454545,-0.132380952381,-0.133333333333,-4,-0.0242424242424,-0.0344444444444,0,0,0,18,0,2,90,0.9,1,0,0.1,1,0.9,0.947368421053,0.938314863257,0.9,0.9,5,7,0,0,0,0
2096,WLNM_dir_neg,0.836734693878,0.695807868602,00:00:01,10,50,33,1175612482,threshold_sweep,0.8,1,0.714285714286,0.833333333333,5,0,2,14,0.714285714286,1,0,0.285714285714,1,0.714285714286,0.833333333333,0.904761904762,0.587301587302,0.769230769231,0.790569415042,0.714285714286,20,13,7,0,20,0,13,0,7,11,20,0.181818181818,3.04338842975,3.63636363636,2,2.5,1.68954001271,0.464623503495,0.245454545455,1.16774841624,0.642261628933,0.336363636364,1.94000937205,1.06700515463,0.536363636364,1.05689877454,0.347276990411,3.54545454545,3.04338842975,1.05689877454,3.54545454545,0.499047619048,0.4,8,0.0484848484848,0.255555555556,11,11,11,1,0,0.0909090909091,0.636363636364,0.272727272727,11,0.118181818182,3.72727272727,2.36363636364,1.3,1.625,1.43336856898,0.6064251638,0.286713286713,0.603022689156,0.510249967747,0.237762237762,1.40129809949,1.18571377649,0.503496503497,2.05382127221,0.551025219373,7,3.72727272727,2.05382127221,7,0,0,0,0,0.22962962963,11,11,11,1,0,0.0909090909091,0.636363636364,0.272727272727,11,18,0.163636363636,3.11363636364,3.27272727273,1.8,2.25,1.42062726223,0.434080552347,0.227272727273,0.924416277737,0.564921058617,0.292929292929,1.68954001271,1.03249667443,0.525252525253,1.14353419474,0.367266456706,3.875,3.11363636364,1.14353419474,3.875,0.366666666667,0.266666666667,4,0.0242424242424,0.221111111111,11,11,11,1,0,0.0909090909091,0.636363636364,0.272727272727,-2,-0.0181818181818,0.0702479338843,-0.363636363636,-0.2,-0.25,-0.268912750482,-0.030542951148,-0.0181818181818,-0.243332138505,-0.0773405703161,-0.0434343434343,-0.250469359339,-0.0345084801933,-0.0111111111111,0.0866354202056,0.0199894662943,0.329545454545,0.0702479338843,0.0866354202056,0.329545454545,-0.132380952381,-0.133333333333,-4,-0.0242424242424,-0.0344444444444,0,0,0,18,0,2,90,0.9,1,0,0.1,1,0.9,0.947368421053,0.938314863257,0.9,0.9,5,7,0,0,0,0
2097,WLNM_dir_neg,0.836734693878,0.695807868602,00:00:01,10,50,33,1175612482,threshold_sweep,0.9,1,0.714285714286,0.833333333333,5,0,2,14,0.714285714286,1,0,0.285714285714,1,0.714285714286,0.833333333333,0.904761904762,0.587301587302,0.769230769231,0.790569415042,0.714285714286,20,13,7,0,20,0,13,0,7,11,20,0.181818181818,3.04338842975,3.63636363636,2,2.5,1.68954001271,0.464623503495,0.245454545455,1.16774841624,0.642261628933,0.336363636364,1.94000937205,1.06700515463,0.536363636364,1.05689877454,0.347276990411,3.54545454545,3.04338842975,1.05689877454,3.54545454545,0.499047619048,0.4,8,0.0484848484848,0.255555555556,11,11,11,1,0,0.0909090909091,0.636363636364,0.272727272727,11,0.118181818182,3.72727272727,2.36363636364,1.3,1.625,1.43336856898,0.6064251638,0.286713286713,0.603022689156,0.510249967747,0.237762237762,1.40129809949,1.18571377649,0.503496503497,2.05382127221,0.551025219373,7,3.72727272727,2.05382127221,7,0,0,0,0,0.22962962963,11,11,11,1,0,0.0909090909091,0.636363636364,0.272727272727,11,18,0.163636363636,3.11363636364,3.27272727273,1.8,2.25,1.42062726223,0.434080552347,0.227272727273,0.924416277737,0.564921058617,0.292929292929,1.68954001271,1.03249667443,0.525252525253,1.14353419474,0.367266456706,3.875,3.11363636364,1.14353419474,3.875,0.366666666667,0.266666666667,4,0.0242424242424,0.221111111111,11,11,11,1,0,0.0909090909091,0.636363636364,0.272727272727,-2,-0.0181818181818,0.0702479338843,-0.363636363636,-0.2,-0.25,-0.268912750482,-0.030542951148,-0.0181818181818,-0.243332138505,-0.0773405703161,-0.0434343434343,-0.250469359339,-0.0345084801933,-0.0111111111111,0.0866354202056,0.0199894662943,0.329545454545,0.0702479338843,0.0866354202056,0.329545454545,-0.132380952381,-0.133333333333,-4,-0.0242424242424,-0.0344444444444,0,0,0,18,0,2,90,0.9,1,0,0.1,1,0.9,0.947368421053,0.938314863257,0.9,0.9,5,7,0,0,0,0
2098,WLNM_dir_neg,0.836734693878,0.533253756048,00:00:01,10,50,34,1175612483,threshold_sweep,0.1,0.833333333333,0.714285714286,0.769230769231,5,1,2,13,0.714285714286,0.928571428571,0.0714285714286,0.285714285714,0.833333333333,0.714285714286,0.769230769231,0.857142857143,0.571428571429,0.666666666667,0.67082039325,0.642857142857,20,13,7,0,20,0,13,0,7,11,20,0.181818181818,3.04338842975,3.63636363636,2,2.5,1.68954001271,0.464623503495,0.245454545455,1.16774841624,0.642261628933,0.336363636364,1.94000937205,1.06700515463,0.536363636364,1.05689877454,0.347276990411,3.54545454545,3.04338842975,1.05689877454,3.54545454545,0.499047619048,0.4,8,0.0484848484848,0.255555555556,11,11,11,1,0,0.0909090909091,0.636363636364,0.272727272727,11,0.118181818182,3.72727272727,2.36363636364,1.3,1.625,1.43336856898,0.6064251638,0.286713286713,0.603022689156,0.510249967747,0.237762237762,1.40129809949,1.18571377649,0.503496503497,2.05382127221,0.551025219373,7,3.72727272727,2.05382127221,7,0,0,0,0,0.22962962963,11,11,11,1,0,0.0909090909091,0.636363636364,0.272727272727,11,19,0.172727272727,3.14772727273,3.45454545455,1.9,2.11111111111,1.36847625947,0.396137864583,0.205741626794,1.00904995822,0.584186817916,0.306220095694,1.61807966991,0.936782966791,0.468899521531,1.18338851637,0.375950142385,3.96875,3.14772727273,1.18338851637,3.96875,0.41,0.3,5,0.030303030303,0.214444444444,11,11,11,1,0,0.0909090909091,0.727272727273,0.181818181818,-1,-0.00909090909091,0.104338842975,-0.181818181818,-0.1,-0.388888888889,-0.321063753241,-0.0684856389122,-0.0397129186603,-0.158698458023,-0.058074811017,-0.0301435406699,-0.321929702137,-0.130222187836,-0.0674641148325,0.126489741835,0.0286731519741,0.423295454545,0.104338842975,0.126489741835,0.423295454545,-0.0890476190476,-0.1,-3,-0.0181818181818,-0.0411111111111,0,0.0909090909091,-0.0909090909091,18,1,2,89,0.9,0.988888888889,0.0111111111111,0.1,0.947368421053,0.9,0.923076923077,0.906956031802,0.888888888889,0.857142857143,6,7,0,0,0,0
2099,WLNM_dir_neg,0.836734693878,0.533253756048,00:00:01,10,50,34,1175612483,threshold_sweep,0.2,0.833333333333,0.714285714286,0.769230769231,5,1,2,13,0.714285714286,0.928571428571,0.0714285714286,0.285714285714,0.833333333333,0.714285714286,0.769230769231,0.857142857143,0.571428571429,0.666666666667,0.67082039325,0.642857142857,20,13,7,0,20,0,13,0,7,11,20,0.181818181818,3.04338842975,3.63636363636,2,2.5,1.68954001271,0.464623503495,0.245454545455,1.16774841624,0.642261628933,0.336363636364,1.94000937205,1.06700515463,0.536363636364,1.05689877454,0.347276990411,3.54545454545,3.04338842975,1.05689877454,3.54545454545,0.499047619048,0.4,8,0.0484848484848,0.255555555556,11,11,11,1,0,0.0909090909091,0.636363636364,0.272727272727,11,0.118181818182,3.72727272727,2.36363636364,1.3,1.625,1.43336856898,0.6064251638,0.286713286713,0.603022689156,0.510249967747,0.237762237762,1.40129809949,1.18571377649,0.503496503497,2.05382127221,0.551025219373,7,3.72727272727,2.05382127221,7,0,0,0,0,0.22962962963,11,11,11,1,0,0.0909090909091,0.636363636364,0.272727272727,11,19,0.172727272727,3.14772727273,3.45454545455,1.9,2.11111111111,1.36847625947,0.396137864583,0.205741626794,1.00904995822,0.584186817916,0.306220095694,1.61807966991,0.936782966791,0.468899521531,1.18338851637,0.375950142385,3.96875,3.14772727273,1.18338851637,3.96875,0.41,0.3,5,0.030303030303,0.214444444444,11,11,11,1,0,0.0909090909091,0.727272727273,0.181818181818,-1,-0.00909090909091,0.104338842975,-0.181818181818,-0.1,-0.388888888889,-0.321063753241,-0.0684856389122,-0.0397129186603,-0.158698458023,-0.058074811017,-0.0301435406699,-0.321929702137,-0.130222187836,-0.0674641148325,0.126489741835,0.0286731519741,0.423295454545,0.104338842975,0.126489741835,0.423295454545,-0.0890476190476,-0.1,-3,-0.0181818181818,-0.0411111111111,0,0.0909090909091,-0.0909090909091,18,1,2,89,0.9,0.988888888889,0.0111111111111,0.1,0.947368421053,0.9,0.923076923077,0.906956031802,0.888888888889,0.857142857143,6,7,0,0,0,0
2100,WLNM_dir_neg,0.836734693878,0.533253756048,00:00:01,10,50,34,1175612483,threshold_sweep,0.3,0.833333333333,0.714285714286,0.769230769231,5,1,2,13,0.714285714286,0.928571428571,0.0714285714286,0.285714285714,0.833333333333,0.714285714286,0.769230769231,0.857142857143,0.571428571429,0.666666666667,0.67082039325,0.642857142857,20,13,7,0,20,0,13,0,7,11,20,0.181818181818,3.04338842975,3.63636363636,2,2.5,1.68954001271,0.464623503495,0.245454545455,1.16774841624,0.642261628933,0.336363636364,1.94000937205,1.06700515463,0.536363636364,1.05689877454,0.347276990411,3.54545454545,3.04338842975,1.05689877454,3.54545454545,0.499047619048,0.4,8,0.0484848484848,0.255555555556,11,11,11,1,0,0.0909090909091,0.636363636364,0.272727272727,11,0.118181818182,3.72727272727,2.36363636364,1.3,1.625,1.43336856898,0.6064251638,0.286713286713,0.603022689156,0.510249967747,0.237762237762,1.40129809949,1.18571377649,0.503496503497,2.05382127221,0.551025219373,7,3.72727272727,2.05382127221,7,0,0,0,0,0.22962962963,11,11,11,1,0,0.0909090909091,0.636363636364,0.272727272727,11,19,0.172727272727,3.14772727273,3.45454545455,1.9,2.11111111111,1.36847625947,0.396137864583,0.205741626794,1.00904995822,0.584186817916,0.306220095694,1.61807966991,0.936782966791,0.468899521531,1.18338851637,0.375950142385,3.96875,3.14772727273,1.18338851637,3.96875,0.41,0.3,5,0.030303030303,0.214444444444,11,11,11,1,0,0.0909090909091,0.727272727273,0.181818181818,-1,-0.00909090909091,0.104338842975,-0.181818181818,-0.1,-0.388888888889,-0.321063753241,-0.0684856389122,-0.0397129186603,-0.158698458023,-0.058074811017,-0.0301435406699,-0.321929702137,-0.130222187836,-0.0674641148325,0.126489741835,0.0286731519741,0.423295454545,0.104338842975,0.126489741835,0.423295454545,-0.0890476190476,-0.1,-3,-0.0181818181818,-0.0411111111111,0,0.0909090909091,-0.0909090909091,18,1,2,89,0.9,0.988888888889,0.0111111111111,0.1,0.947368421053,0.9,0.923076923077,0.906956031802,0.888888888889,0.857142857143,6,7,0,0,0,0
2101,WLNM_dir_neg,0.836734693878,0.533253756048,00:00:01,10,50,34,1175612483,threshold_sweep,0.4,0.833333333333,0.714285714286,0.769230769231,5,1,2,13,0.714285714286,0.928571428571,0.0714285714286,0.285714285714,0.833333333333,0.714285714286,0.769230769231,0.857142857143,0.571428571429,0.666666666667,0.67082039325,0.642857142857,20,13,7,0,20,0,13,0,7,11,20,0.181818181818,3.04338842975,3.63636363636,2,2.5,1.68954001271,0.464623503495,0.245454545455,1.16774841624,0.642261628933,0.336363636364,1.94000937205,1.06700515463,0.536363636364,1.05689877454,0.347276990411,3.54545454545,3.04338842975,1.05689877454,3.54545454545,0.499047619048,0.4,8,0.0484848484848,0.255555555556,11,11,11,1,0,0.0909090909091,0.636363636364,0.272727272727,11,0.118181818182,3.72727272727,2.36363636364,1.3,1.625,1.43336856898,0.6064251638,0.286713286713,0.603022689156,0.510249967747,0.237762237762,1.40129809949,1.18571377649,0.503496503497,2.05382127221,0.551025219373,7,3.72727272727,2.05382127221,7,0,0,0,0,0.22962962963,11,11,11,1,0,0.0909090909091,0.636363636364,0.272727272727,11,19,0.172727272727,3.14772727273,3.45454545455,1.9,2.11111111111,1.36847625947,0.396137864583,0.205741626794,1.00904995822,0.584186817916,0.306220095694,1.61807966991,0.936782966791,0.468899521531,1.18338851637,0.375950142385,3.96875,3.14772727273,1.18338851637,3.96875,0.41,0.3,5,0.030303030303,0.214444444444,11,11,11,1,0,0.0909090909091,0.727272727273,0.181818181818,-1,-0.00909090909091,0.104338842975,-0.181818181818,-0.1,-0.388888888889,-0.321063753241,-0.0684856389122,-0.0397129186603,-0.158698458023,-0.058074811017,-0.0301435406699,-0.321929702137,-0.130222187836,-0.0674641148325,0.126489741835,0.0286731519741,0.423295454545,0.104338842975,0.126489741835,0.423295454545,-0.0890476190476,-0.1,-3,-0.0181818181818,-0.0411111111111,0,0.0909090909091,-0.0909090909091,18,1,2,89,0.9,0.988888888889,0.0111111111111,0.1,0.947368421053,0.9,0.923076923077,0.906956031802,0.888888888889,0.857142857143,6,7,0,0,0,0
2102,WLNM_dir_neg,0.836734693878,0.533253756048,00:00:01,10,50,34,1175612483,threshold_sweep,0.5,0.833333333333,0.714285714286,0.769230769231,5,1,2,13,0.714285714286,0.928571428571,0.0714285714286,0.285714285714,0.833333333333,0.714285714286,0.769230769231,0.857142857143,0.571428571429,0.666666666667,0.67082039325,0.642857142857,20,13,7,0,20,0,13,0,7,11,20,0.181818181818,3.04338842975,3.63636363636,2,2.5,1.68954001271,0.464623503495,0.245454545455,1.16774841624,0.642261628933,0.336363636364,1.94000937205,1.06700515463,0.536363636364,1.05689877454,0.347276990411,3.54545454545,3.04338842975,1.05689877454,3.54545454545,0.499047619048,0.4,8,0.0484848484848,0.255555555556,11,11,11,1,0,0.0909090909091,0.636363636364,0.272727272727,11,0.118181818182,3.72727272727,2.36363636364,1.3,1.625,1.43336856898,0.6064251638,0.286713286713,0.603022689156,0.510249967747,0.237762237762,1.40129809949,1.18571377649,0.503496503497,2.05382127221,0.551025219373,7,3.72727272727,2.05382127221,7,0,0,0,0,0.22962962963,11,11,11,1,0,0.0909090909091,0.636363636364,0.272727272727,11,19,0.172727272727,3.14772727273,3.45454545455,1.9,2.11111111111,1.36847625947,0.396137864583,0.205741626794,1.00904995822,0.584186817916,0.306220095694,1.61807966991,0.936782966791,0.468899521531,1.18338851637,0.375950142385,3.96875,3.14772727273,1.18338851637,3.96875,0.41,0.3,5,0.030303030303,0.214444444444,11,11,11,1,0,0.0909090909091,0.727272727273,0.181818181818,-1,-0.00909090909091,0.104338842975,-0.181818181818,-0.1,-0.388888888889,-0.321063753241,-0.0684856389122,-0.0397129186603,-0.158698458023,-0.058074811017,-0.0301435406699,-0.321929702137,-0.130222187836,-0.0674641148325,0.126489741835,0.0286731519741,0.423295454545,0.104338842975,0.126489741835,0.423295454545,-0.0890476190476,-0.1,-3,-0.0181818181818,-0.0411111111111,0,0.0909090909091,-0.0909090909091,18,1,2,89,0.9,0.988888888889,0.0111111111111,0.1,0.947368421053,0.9,0.923076923077,0.906956031802,0.888888888889,0.857142857143,6,7,0,0,0,0
2103,WLNM_dir_neg,0.836734693878,0.533253756048,00:00:01,10,50,34,1175612483,threshold_sweep,0.6,0.833333333333,0.714285714286,0.769230769231,5,1,2,13,0.714285714286,0.928571428571,0.0714285714286,0.285714285714,0.833333333333,0.714285714286,0.769230769231,0.857142857143,0.571428571429,0.666666666667,0.67082039325,0.642857142857,20,13,7,0,20,0,13,0,7,11,20,0.181818181818,3.04338842975,3.63636363636,2,2.5,1.68954001271,0.464623503495,0.245454545455,1.16774841624,0.642261628933,0.336363636364,1.94000937205,1.06700515463,0.536363636364,1.05689877454,0.347276990411,3.54545454545,3.04338842975,1.05689877454,3.54545454545,0.499047619048,0.4,8,0.0484848484848,0.255555555556,11,11,11,1,0,0.0909090909091,0.636363636364,0.272727272727,11,0.118181818182,3.72727272727,2.36363636364,1.3,1.625,1.43336856898,0.6064251638,0.286713286713,0.603022689156,0.510249967747,0.237762237762,1.40129809949,1.18571377649,0.503496503497,2.05382127221,0.551025219373,7,3.72727272727,2.05382127221,7,0,0,0,0,0.22962962963,11,11,11,1,0,0.0909090909091,0.636363636364,0.272727272727,11,19,0.172727272727,3.14772727273,3.45454545455,1.9,2.11111111111,1.36847625947,0.396137864583,0.205741626794,1.00904995822,0.584186817916,0.306220095694,1.61807966991,0.936782966791,0.468899521531,1.18338851637,0.375950142385,3.96875,3.14772727273,1.18338851637,3.96875,0.41,0.3,5,0.030303030303,0.214444444444,11,11,11,1,0,0.0909090909091,0.727272727273,0.181818181818,-1,-0.00909090909091,0.104338842975,-0.181818181818,-0.1,-0.388888888889,-0.321063753241,-0.0684856389122,-0.0397129186603,-0.158698458023,-0.058074811017,-0.0301435406699,-0.321929702137,-0.130222187836,-0.0674641148325,0.126489741835,0.0286731519741,0.423295454545,0.104338842975,0.126489741835,0.423295454545,-0.0890476190476,-0.1,-3,-0.0181818181818,-0.0411111111111,0,0.0909090909091,-0.0909090909091,18,1,2,89,0.9,0.988888888889,0.0111111111111,0.1,0.947368421053,0.9,0.923076923077,0.906956031802,0.888888888889,0.857142857143,6,7,0,0,0,0
2104,WLNM_dir_neg,0.836734693878,0.533253756048,00:00:01,10,50,34,1175612483,threshold_sweep,0.7,0.833333333333,0.714285714286,0.769230769231,5,1,2,13,0.714285714286,0.928571428571,0.0714285714286,0.285714285714,0.833333333333,0.714285714286,0.769230769231,0.857142857143,0.571428571429,0.666666666667,0.67082039325,0.642857142857,20,13,7,0,20,0,13,0,7,11,20,0.181818181818,3.04338842975,3.63636363636,2,2.5,1.68954001271,0.464623503495,0.245454545455,1.16774841624,0.642261628933,0.336363636364,1.94000937205,1.06700515463,0.536363636364,1.05689877454,0.347276990411,3.54545454545,3.04338842975,1.05689877454,3.54545454545,0.499047619048,0.4,8,0.0484848484848,0.255555555556,11,11,11,1,0,0.0909090909091,0.636363636364,0.272727272727,11,0.118181818182,3.72727272727,2.36363636364,1.3,1.625,1.43336856898,0.6064251638,0.286713286713,0.603022689156,0.510249967747,0.237762237762,1.40129809949,1.18571377649,0.503496503497,2.05382127221,0.551025219373,7,3.72727272727,2.05382127221,7,0,0,0,0,0.22962962963,11,11,11,1,0,0.0909090909091,0.636363636364,0.272727272727,11,19,0.172727272727,3.14772727273,3.45454545455,1.9,2.11111111111,1.36847625947,0.396137864583,0.205741626794,1.00904995822,0.584186817916,0.306220095694,1.61807966991,0.936782966791,0.468899521531,1.18338851637,0.375950142385,3.96875,3.14772727273,1.18338851637,3.96875,0.41,0.3,5,0.030303030303,0.214444444444,11,11,11,1,0,0.0909090909091,0.727272727273,0.181818181818,-1,-0.00909090909091,0.104338842975,-0.181818181818,-0.1,-0.388888888889,-0.321063753241,-0.0684856389122,-0.0397129186603,-0.158698458023,-0.058074811017,-0.0301435406699,-0.321929702137,-0.130222187836,-0.0674641148325,0.126489741835,0.0286731519741,0.423295454545,0.104338842975,0.126489741835,0.423295454545,-0.0890476190476,-0.1,-3,-0.0181818181818,-0.0411111111111,0,0.0909090909091,-0.0909090909091,18,1,2,89,0.9,0.988888888889,0.0111111111111,0.1,0.947368421053,0.9,0.923076923077,0.906956031802,0.888888888889,0.857142857143,6,7,0,0,0,0
2105,WLNM_dir_neg,0.836734693878,0.533253756048,00:00:01,10,50,34,1175612483,threshold_sweep,0.8,0.833333333333,0.714285714286,0.769230769231,5,1,2,13,0.714285714286,0.928571428571,0.0714285714286,0.285714285714,0.833333333333,0.714285714286,0.769230769231,0.857142857143,0.571428571429,0.666666666667,0.67082039325,0.642857142857,20,13,7,0,20,0,13,0,7,11,20,0.181818181818,3.04338842975,3.63636363636,2,2.5,1.68954001271,0.464623503495,0.245454545455,1.16774841624,0.642261628933,0.336363636364,1.94000937205,1.06700515463,0.536363636364,1.05689877454,0.347276990411,3.54545454545,3.04338842975,1.05689877454,3.54545454545,0.499047619048,0.4,8,0.0484848484848,0.255555555556,11,11,11,1,0,0.0909090909091,0.636363636364,0.272727272727,11,0.118181818182,3.72727272727,2.36363636364,1.3,1.625,1.43336856898,0.6064251638,0.286713286713,0.603022689156,0.510249967747,0.237762237762,1.40129809949,1.18571377649,0.503496503497,2.05382127221,0.551025219373,7,3.72727272727,2.05382127221,7,0,0,0,0,0.22962962963,11,11,11,1,0,0.0909090909091,0.636363636364,0.272727272727,11,19,0.172727272727,3.14772727273,3.45454545455,1.9,2.11111111111,1.36847625947,0.396137864583,0.205741626794,1.00904995822,0.584186817916,0.306220095694,1.61807966991,0.936782966791,0.468899521531,1.18338851637,0.375950142385,3.96875,3.14772727273,1.18338851637,3.96875,0.41,0.3,5,0.030303030303,0.214444444444,11,11,11,1,0,0.0909090909091,0.727272727273,0.181818181818,-1,-0.00909090909091,0.104338842975,-0.181818181818,-0.1,-0.388888888889,-0.321063753241,-0.0684856389122,-0.0397129186603,-0.158698458023,-0.058074811017,-0.0301435406699,-0.321929702137,-0.130222187836,-0.0674641148325,0.126489741835,0.0286731519741,0.423295454545,0.104338842975,0.126489741835,0.423295454545,-0.0890476190476,-0.1,-3,-0.0181818181818,-0.0411111111111,0,0.0909090909091,-0.0909090909091,18,1,2,89,0.9,0.988888888889,0.0111111111111,0.1,0.947368421053,0.9,0.923076923077,0.906956031802,0.888888888889,0.857142857143,6,7,0,0,0,0
2106,WLNM_dir_neg,0.836734693878,0.533253756048,00:00:01,10,50,34,1175612483,threshold_sweep,0.9,0.833333333333,0.714285714286,0.769230769231,5,1,2,13,0.714285714286,0.928571428571,0.0714285714286,0.285714285714,0.833333333333,0.714285714286,0.769230769231,0.857142857143,0.571428571429,0.666666666667,0.67082039325,0.642857142857,20,13,7,0,20,0,13,0,7,11,20,0.181818181818,3.04338842975,3.63636363636,2,2.5,1.68954001271,0.464623503495,0.245454545455,1.16774841624,0.642261628933,0.336363636364,1.94000937205,1.06700515463,0.536363636364,1.05689877454,0.347276990411,3.54545454545,3.04338842975,1.05689877454,3.54545454545,0.499047619048,0.4,8,0.0484848484848,0.255555555556,11,11,11,1,0,0.0909090909091,0.636363636364,0.272727272727,11,0.118181818182,3.72727272727,2.36363636364,1.3,1.625,1.43336856898,0.6064251638,0.286713286713,0.603022689156,0.510249967747,0.237762237762,1.40129809949,1.18571377649,0.503496503497,2.05382127221,0.551025219373,7,3.72727272727,2.05382127221,7,0,0,0,0,0.22962962963,11,11,11,1,0,0.0909090909091,0.636363636364,0.272727272727,11,19,0.172727272727,3.14772727273,3.45454545455,1.9,2.11111111111,1.36847625947,0.396137864583,0.205741626794,1.00904995822,0.584186817916,0.306220095694,1.61807966991,0.936782966791,0.468899521531,1.18338851637,0.375950142385,3.96875,3.14772727273,1.18338851637,3.96875,0.41,0.3,5,0.030303030303,0.214444444444,11,11,11,1,0,0.0909090909091,0.727272727273,0.181818181818,-1,-0.00909090909091,0.104338842975,-0.181818181818,-0.1,-0.388888888889,-0.321063753241,-0.0684856389122,-0.0397129186603,-0.158698458023,-0.058074811017,-0.0301435406699,-0.321929702137,-0.130222187836,-0.0674641148325,0.126489741835,0.0286731519741,0.423295454545,0.104338842975,0.126489741835,0.423295454545,-0.0890476190476,-0.1,-3,-0.0181818181818,-0.0411111111111,0,0.0909090909091,-0.0909090909091,18,1,2,89,0.9,0.988888888889,0.0111111111111,0.1,0.947368421053,0.9,0.923076923077,0.906956031802,0.888888888889,0.857142857143,6,7,0,0,0,0
2107,WLNM_dir_neg,0.785714285714,0.652030812325,00:00:01,10,50,35,1175612484,threshold_sweep,0.1,0.714285714286,0.714285714286,0.714285714286,5,2,2,12,0.714285714286,0.857142857143,0.142857142857,0.285714285714,0.714285714286,0.714285714286,0.714285714286,0.809523809524,0.555555555556,0.571428571429,0.571428571429,0.571428571429,20,13,7,0,20,0,13,0,7,11,20,0.181818181818,3.04338842975,3.63636363636,2,2.5,1.68954001271,0.464623503495,0.245454545455,1.16774841624,0.642261628933,0.336363636364,1.94000937205,1.06700515463,0.536363636364,1.05689877454,0.347276990411,3.54545454545,3.04338842975,1.05689877454,3.54545454545,0.499047619048,0.4,8,0.0484848484848,0.255555555556,11,11,11,1,0,0.0909090909091,0.636363636364,0.272727272727,11,0.118181818182,3.72727272727,2.36363636364,1.3,1.625,1.43336856898,0.6064251638,0.286713286713,0.603022689156,0.510249967747,0.237762237762,1.40129809949,1.18571377649,0.503496503497,2.05382127221,0.551025219373,7,3.72727272727,2.05382127221,7,0,0,0,0,0.22962962963,11,11,11,1,0,0.0909090909091,0.636363636364,0.272727272727,11,20,0.181818181818,6.1652892562,3.63636363636,2,2.22222222222,1.62927758671,0.448051336344,0.231818181818,0.981649817214,0.539907399468,0.281818181818,1.60113596038,0.880624778211,0.454545454545,2.20820774967,0.35816774492,7.69696969697,6.1652892562,2.20820774967,7.69696969697,0.404285714286,0.305084745763,6,0.0363636363636,0.212592592593,11,11,11,1,0,0.0909090909091,0.727272727273,0.181818181818,0,0,3.12190082645,0,0,-0.277777777778,-0.0602624260023,-0.0165721671506,-0.0136363636364,-0.186098599028,-0.102354229466,-0.0545454545455,-0.338873411664,-0.186380376415,-0.0818181818182,1.15130897514,0.0108907545087,4.15151515152,3.12190082645,1.15130897514,4.15151515152,-0.0947619047619,-0.0949152542373,-2,-0.0121212121212,-0.042962962963,0,0.0909090909091,-0.0909090909091,18,2,2,88,0.9,0.977777777778,0.0222222222222,0.1,0.9,0.9,0.9,0.877777777778,0.877777777778,0.818181818182,7,7,0,0,0,0
2108,WLNM_dir_neg,0.785714285714,0.652030812325,00:00:01,10,50,35,1175612484,threshold_sweep,0.2,0.833333333333,0.714285714286,0.769230769231,5,1,2,13,0.714285714286,0.928571428571,0.0714285714286,0.285714285714,0.833333333333,0.714285714286,0.769230769231,0.857142857143,0.571428571429,0.666666666667,0.67082039325,0.642857142857,20,13,7,0,20,0,13,0,7,11,20,0.181818181818,3.04338842975,3.63636363636,2,2.5,1.68954001271,0.464623503495,0.245454545455,1.16774841624,0.642261628933,0.336363636364,1.94000937205,1.06700515463,0.536363636364,1.05689877454,0.347276990411,3.54545454545,3.04338842975,1.05689877454,3.54545454545,0.499047619048,0.4,8,0.0484848484848,0.255555555556,11,11,11,1,0,0.0909090909091,0.636363636364,0.272727272727,11,0.118181818182,3.72727272727,2.36363636364,1.3,1.625,1.43336856898,0.6064251638,0.286713286713,0.603022689156,0.510249967747,0.237762237762,1.40129809949,1.18571377649,0.503496503497,2.05382127221,0.551025219373,7,3.72727272727,2.05382127221,7,0,0,0,0,0.22962962963,11,11,11,1,0,0.0909090909091,0.636363636364,0.272727272727,11,19,0.172727272727,3.14772727273,3.45454545455,1.9,2.11111111111,1.36847625947,0.396137864583,0.205741626794,1.00904995822,0.584186817916,0.306220095694,1.61807966991,0.936782966791,0.468899521531,1.18338851637,0.375950142385,3.96875,3.14772727273,1.18338851637,3.96875,0.41,0.3,5,0.030303030303,0.214444444444,11,11,11,1,0,0.0909090909091,0.727272727273,0.181818181818,-1,-0.00909090909091,0.104338842975,-0.181818181818,-0.1,-0.388888888889,-0.321063753241,-0.0684856389122,-0.0397129186603,-0.158698458023,-0.058074811017,-0.0301435406699,-0.321929702137,-0.130222187836,-0.0674641148325,0.126489741835,0.0286731519741,0.423295454545,0.104338842975,0.126489741835,0.423295454545,-0.0890476190476,-0.1,-3,-0.0181818181818,-0.0411111111111,0,0.0909090909091,-0.0909090909091,18,1,2,89,0.9,0.988888888889,0.0111111111111,0.1,0.947368421053,0.9,0.923076923077,0.906956031802,0.888888888889,0.857142857143,6,7,0,0,0,0
2109,WLNM_dir_neg,0.785714285714,0.652030812325,00:00:01,10,50,35,1175612484,threshold_sweep,0.3,0.833333333333,0.714285714286,0.769230769231,5,1,2,13,0.714285714286,0.928571428571,0.0714285714286,0.285714285714,0.833333333333,0.714285714286,0.769230769231,0.857142857143,0.571428571429,0.666666666667,0.67082039325,0.642857142857,20,13,7,0,20,0,13,0,7,11,20,0.181818181818,3.04338842975,3.63636363636,2,2.5,1.68954001271,0.464623503495,0.245454545455,1.16774841624,0.642261628933,0.336363636364,1.94000937205,1.06700515463,0.536363636364,1.05689877454,0.347276990411,3.54545454545,3.04338842975,1.05689877454,3.54545454545,0.499047619048,0.4,8,0.0484848484848,0.255555555556,11,11,11,1,0,0.0909090909091,0.636363636364,0.272727272727,11,0.118181818182,3.72727272727,2.36363636364,1.3,1.625,1.43336856898,0.6064251638,0.286713286713,0.603022689156,0.510249967747,0.237762237762,1.40129809949,1.18571377649,0.503496503497,2.05382127221,0.551025219373,7,3.72727272727,2.05382127221,7,0,0,0,0,0.22962962963,11,11,11,1,0,0.0909090909091,0.636363636364,0.272727272727,11,19,0.172727272727,3.14772727273,3.45454545455,1.9,2.11111111111,1.36847625947,0.396137864583,0.205741626794,1.00904995822,0.584186817916,0.306220095694,1.61807966991,0.936782966791,0.468899521531,1.18338851637,0.375950142385,3.96875,3.14772727273,1.18338851637,3.96875,0.41,0.3,5,0.030303030303,0.214444444444,11,11,11,1,0,0.0909090909091,0.727272727273,0.181818181818,-1,-0.00909090909091,0.104338842975,-0.181818181818,-0.1,-0.388888888889,-0.321063753241,-0.0684856389122,-0.0397129186603,-0.158698458023,-0.058074811017,-0.0301435406699,-0.321929702137,-0.130222187836,-0.0674641148325,0.126489741835,0.0286731519741,0.423295454545,0.104338842975,0.126489741835,0.423295454545,-0.0890476190476,-0.1,-3,-0.0181818181818,-0.0411111111111,0,0.0909090909091,-0.0909090909091,18,1,2,89,0.9,0.988888888889,0.0111111111111,0.1,0.947368421053,0.9,0.923076923077,0.906956031802,0.888888888889,0.857142857143,6,7,0,0,0,0
2110,WLNM_dir_neg,0.785714285714,0.652030812325,00:00:01,10,50,35,1175612484,threshold_sweep,0.4,0.833333333333,0.714285714286,0.769230769231,5,1,2,13,0.714285714286,0.928571428571,0.0714285714286,0.285714285714,0.833333333333,0.714285714286,0.769230769231,0.857142857143,0.571428571429,0.666666666667,0.67082039325,0.642857142857,20,13,7,0,20,0,13,0,7,11,20,0.181818181818,3.04338842975,3.63636363636,2,2.5,1.68954001271,0.464623503495,0.245454545455,1.16774841624,0.642261628933,0.336363636364,1.94000937205,1.06700515463,0.536363636364,1.05689877454,0.347276990411,3.54545454545,3.04338842975,1.05689877454,3.54545454545,0.499047619048,0.4,8,0.0484848484848,0.255555555556,11,11,11,1,0,0.0909090909091,0.636363636364,0.272727272727,11,0.118181818182,3.72727272727,2.36363636364,1.3,1.625,1.43336856898,0.6064251638,0.286713286713,0.603022689156,0.510249967747,0.237762237762,1.40129809949,1.18571377649,0.503496503497,2.05382127221,0.551025219373,7,3.72727272727,2.05382127221,7,0,0,0,0,0.22962962963,11,11,11,1,0,0.0909090909091,0.636363636364,0.272727272727,11,19,0.172727272727,3.14772727273,3.45454545455,1.9,2.11111111111,1.36847625947,0.396137864583,0.205741626794,1.00904995822,0.584186817916,0.306220095694,1.61807966991,0.936782966791,0.468899521531,1.18338851637,0.375950142385,3.96875,3.14772727273,1.18338851637,3.96875,0.41,0.3,5,0.030303030303,0.214444444444,11,11,11,1,0,0.0909090909091,0.727272727273,0.181818181818,-1,-0.00909090909091,0.104338842975,-0.181818181818,-0.1,-0.388888888889,-0.321063753241,-0.0684856389122,-0.0397129186603,-0.158698458023,-0.058074811017,-0.0301435406699,-0.321929702137,-0.130222187836,-0.0674641148325,0.126489741835,0.0286731519741,0.423295454545,0.104338842975,0.126489741835,0.423295454545,-0.0890476190476,-0.1,-3,-0.0181818181818,-0.0411111111111,0,0.0909090909091,-0.0909090909091,18,1,2,89,0.9,0.988888888889,0.0111111111111,0.1,0.947368421053,0.9,0.923076923077,0.906956031802,0.888888888889,0.857142857143,6,7,0,0,0,0
2111,WLNM_dir_neg,0.785714285714,0.652030812325,00:00:01,10,50,35,1175612484,threshold_sweep,0.5,0.833333333333,0.714285714286,0.769230769231,5,1,2,13,0.714285714286,0.928571428571,0.0714285714286,0.285714285714,0.833333333333,0.714285714286,0.769230769231,0.857142857143,0.571428571429,0.666666666667,0.67082039325,0.642857142857,20,13,7,0,20,0,13,0,7,11,20,0.181818181818,3.04338842975,3.63636363636,2,2.5,1.68954001271,0.464623503495,0.245454545455,1.16774841624,0.642261628933,0.336363636364,1.94000937205,1.06700515463,0.536363636364,1.05689877454,0.347276990411,3.54545454545,3.04338842975,1.05689877454,3.54545454545,0.499047619048,0.4,8,0.0484848484848,0.255555555556,11,11,11,1,0,0.0909090909091,0.636363636364,0.272727272727,11,0.118181818182,3.72727272727,2.36363636364,1.3,1.625,1.43336856898,0.6064251638,0.286713286713,0.603022689156,0.510249967747,0.237762237762,1.40129809949,1.18571377649,0.503496503497,2.05382127221,0.551025219373,7,3.72727272727,2.05382127221,7,0,0,0,0,0.22962962963,11,11,11,1,0,0.0909090909091,0.636363636364,0.272727272727,11,19,0.172727272727,3.14772727273,3.45454545455,1.9,2.11111111111,1.36847625947,0.396137864583,0.205741626794,1.00904995822,0.584186817916,0.306220095694,1.61807966991,0.936782966791,0.468899521531,1.18338851637,0.375950142385,3.96875,3.14772727273,1.18338851637,3.96875,0.41,0.3,5,0.030303030303,0.214444444444,11,11,11,1,0,0.0909090909091,0.727272727273,0.181818181818,-1,-0.00909090909091,0.104338842975,-0.181818181818,-0.1,-0.388888888889,-0.321063753241,-0.0684856389122,-0.0397129186603,-0.158698458023,-0.058074811017,-0.0301435406699,-0.321929702137,-0.130222187836,-0.0674641148325,0.126489741835,0.0286731519741,0.423295454545,0.104338842975,0.126489741835,0.423295454545,-0.0890476190476,-0.1,-3,-0.0181818181818,-0.0411111111111,0,0.0909090909091,-0.0909090909091,18,1,2,89,0.9,0.988888888889,0.0111111111111,0.1,0.947368421053,0.9,0.923076923077,0.906956031802,0.888888888889,0.857142857143,6,7,0,0,0,0
2112,WLNM_dir_neg,0.785714285714,0.652030812325,00:00:01,10,50,35,1175612484,threshold_sweep,0.6,0.833333333333,0.714285714286,0.769230769231,5,1,2,13,0.714285714286,0.928571428571,0.0714285714286,0.285714285714,0.833333333333,0.714285714286,0.769230769231,0.857142857143,0.571428571429,0.666666666667,0.67082039325,0.642857142857,20,13,7,0,20,0,13,0,7,11,20,0.181818181818,3.04338842975,3.63636363636,2,2.5,1.68954001271,0.464623503495,0.245454545455,1.16774841624,0.642261628933,0.336363636364,1.94000937205,1.06700515463,0.536363636364,1.05689877454,0.347276990411,3.54545454545,3.04338842975,1.05689877454,3.54545454545,0.499047619048,0.4,8,0.0484848484848,0.255555555556,11,11,11,1,0,0.0909090909091,0.636363636364,0.272727272727,11,0.118181818182,3.72727272727,2.36363636364,1.3,1.625,1.43336856898,0.6064251638,0.286713286713,0.603022689156,0.510249967747,0.237762237762,1.40129809949,1.18571377649,0.503496503497,2.05382127221,0.551025219373,7,3.72727272727,2.05382127221,7,0,0,0,0,0.22962962963,11,11,11,1,0,0.0909090909091,0.636363636364,0.272727272727,11,19,0.172727272727,3.14772727273,3.45454545455,1.9,2.11111111111,1.36847625947,0.396137864583,0.205741626794,1.00904995822,0.584186817916,0.306220095694,1.61807966991,0.936782966791,0.468899521531,1.18338851637,0.375950142385,3.96875,3.14772727273,1.18338851637,3.96875,0.41,0.3,5,0.030303030303,0.214444444444,11,11,11,1,0,0.0909090909091,0.727272727273,0.181818181818,-1,-0.00909090909091,0.104338842975,-0.181818181818,-0.1,-0.388888888889,-0.321063753241,-0.0684856389122,-0.0397129186603,-0.158698458023,-0.058074811017,-0.0301435406699,-0.321929702137,-0.130222187836,-0.0674641148325,0.126489741835,0.0286731519741,0.423295454545,0.104338842975,0.126489741835,0.423295454545,-0.0890476190476,-0.1,-3,-0.0181818181818,-0.0411111111111,0,0.0909090909091,-0.0909090909091,18,1,2,89,0.9,0.988888888889,0.0111111111111,0.1,0.947368421053,0.9,0.923076923077,0.906956031802,0.888888888889,0.857142857143,6,7,0,0,0,0
2113,WLNM_dir_neg,0.785714285714,0.652030812325,00:00:01,10,50,35,1175612484,threshold_sweep,0.7,0.833333333333,0.714285714286,0.769230769231,5,1,2,13,0.714285714286,0.928571428571,0.0714285714286,0.285714285714,0.833333333333,0.714285714286,0.769230769231,0.857142857143,0.571428571429,0.666666666667,0.67082039325,0.642857142857,20,13,7,0,20,0,13,0,7,11,20,0.181818181818,3.04338842975,3.63636363636,2,2.5,1.68954001271,0.464623503495,0.245454545455,1.16774841624,0.642261628933,0.336363636364,1.94000937205,1.06700515463,0.536363636364,1.05689877454,0.347276990411,3.54545454545,3.04338842975,1.05689877454,3.54545454545,0.499047619048,0.4,8,0.0484848484848,0.255555555556,11,11,11,1,0,0.0909090909091,0.636363636364,0.272727272727,11,0.118181818182,3.72727272727,2.36363636364,1.3,1.625,1.43336856898,0.6064251638,0.286713286713,0.603022689156,0.510249967747,0.237762237762,1.40129809949,1.18571377649,0.503496503497,2.05382127221,0.551025219373,7,3.72727272727,2.05382127221,7,0,0,0,0,0.22962962963,11,11,11,1,0,0.0909090909091,0.636363636364,0.272727272727,11,19,0.172727272727,3.14772727273,3.45454545455,1.9,2.11111111111,1.36847625947,0.396137864583,0.205741626794,1.00904995822,0.584186817916,0.306220095694,1.61807966991,0.936782966791,0.468899521531,1.18338851637,0.375950142385,3.96875,3.14772727273,1.18338851637,3.96875,0.41,0.3,5,0.030303030303,0.214444444444,11,11,11,1,0,0.0909090909091,0.727272727273,0.181818181818,-1,-0.00909090909091,0.104338842975,-0.181818181818,-0.1,-0.388888888889,-0.321063753241,-0.0684856389122,-0.0397129186603,-0.158698458023,-0.058074811017,-0.0301435406699,-0.321929702137,-0.130222187836,-0.0674641148325,0.126489741835,0.0286731519741,0.423295454545,0.104338842975,0.126489741835,0.423295454545,-0.0890476190476,-0.1,-3,-0.0181818181818,-0.0411111111111,0,0.0909090909091,-0.0909090909091,18,1,2,89,0.9,0.988888888889,0.0111111111111,0.1,0.947368421053,0.9,0.923076923077,0.906956031802,0.888888888889,0.857142857143,6,7,0,0,0,0
2114,WLNM_dir_neg,0.785714285714,0.652030812325,00:00:01,10,50,35,1175612484,threshold_sweep,0.8,0.833333333333,0.714285714286,0.769230769231,5,1,2,13,0.714285714286,0.928571428571,0.0714285714286,0.285714285714,0.833333333333,0.714285714286,0.769230769231,0.857142857143,0.571428571429,0.666666666667,0.67082039325,0.642857142857,20,13,7,0,20,0,13,0,7,11,20,0.181818181818,3.04338842975,3.63636363636,2,2.5,1.68954001271,0.464623503495,0.245454545455,1.16774841624,0.642261628933,0.336363636364,1.94000937205,1.06700515463,0.536363636364,1.05689877454,0.347276990411,3.54545454545,3.04338842975,1.05689877454,3.54545454545,0.499047619048,0.4,8,0.0484848484848,0.255555555556,11,11,11,1,0,0.0909090909091,0.636363636364,0.272727272727,11,0.118181818182,3.72727272727,2.36363636364,1.3,1.625,1.43336856898,0.6064251638,0.286713286713,0.603022689156,0.510249967747,0.237762237762,1.40129809949,1.18571377649,0.503496503497,2.05382127221,0.551025219373,7,3.72727272727,2.05382127221,7,0,0,0,0,0.22962962963,11,11,11,1,0,0.0909090909091,0.636363636364,0.272727272727,11,19,0.172727272727,3.14772727273,3.45454545455,1.9,2.11111111111,1.36847625947,0.396137864583,0.205741626794,1.00904995822,0.584186817916,0.306220095694,1.61807966991,0.936782966791,0.468899521531,1.18338851637,0.375950142385,3.96875,3.14772727273,1.18338851637,3.96875,0.41,0.3,5,0.030303030303,0.214444444444,11,11,11,1,0,0.0909090909091,0.727272727273,0.181818181818,-1,-0.00909090909091,0.104338842975,-0.181818181818,-0.1,-0.388888888889,-0.321063753241,-0.0684856389122,-0.0397129186603,-0.158698458023,-0.058074811017,-0.0301435406699,-0.321929702137,-0.130222187836,-0.0674641148325,0.126489741835,0.0286731519741,0.423295454545,0.104338842975,0.126489741835,0.423295454545,-0.0890476190476,-0.1,-3,-0.0181818181818,-0.0411111111111,0,0.0909090909091,-0.0909090909091,18,1,2,89,0.9,0.988888888889,0.0111111111111,0.1,0.947368421053,0.9,0.923076923077,0.906956031802,0.888888888889,0.857142857143,6,7,0,0,0,0
2115,WLNM_dir_neg,0.785714285714,0.652030812325,00:00:01,10,50,35,1175612484,threshold_sweep,0.9,0.833333333333,0.714285714286,0.769230769231,5,1,2,13,0.714285714286,0.928571428571,0.0714285714286,0.285714285714,0.833333333333,0.714285714286,0.769230769231,0.857142857143,0.571428571429,0.666666666667,0.67082039325,0.642857142857,20,13,7,0,20,0,13,0,7,11,20,0.181818181818,3.04338842975,3.63636363636,2,2.5,1.68954001271,0.464623503495,0.245454545455,1.16774841624,0.642261628933,0.336363636364,1.94000937205,1.06700515463,0.536363636364,1.05689877454,0.347276990411,3.54545454545,3.04338842975,1.05689877454,3.54545454545,0.499047619048,0.4,8,0.0484848484848,0.255555555556,11,11,11,1,0,0.0909090909091,0.636363636364,0.272727272727,11,0.118181818182,3.72727272727,2.36363636364,1.3,1.625,1.43336856898,0.6064251638,0.286713286713,0.603022689156,0.510249967747,0.237762237762,1.40129809949,1.18571377649,0.503496503497,2.05382127221,0.551025219373,7,3.72727272727,2.05382127221,7,0,0,0,0,0.22962962963,11,11,11,1,0,0.0909090909091,0.636363636364,0.272727272727,11,19,0.172727272727,3.14772727273,3.45454545455,1.9,2.11111111111,1.36847625947,0.396137864583,0.205741626794,1.00904995822,0.584186817916,0.306220095694,1.61807966991,0.936782966791,0.468899521531,1.18338851637,0.375950142385,3.96875,3.14772727273,1.18338851637,3.96875,0.41,0.3,5,0.030303030303,0.214444444444,11,11,11,1,0,0.0909090909091,0.727272727273,0.181818181818,-1,-0.00909090909091,0.104338842975,-0.181818181818,-0.1,-0.388888888889,-0.321063753241,-0.0684856389122,-0.0397129186603,-0.158698458023,-0.058074811017,-0.0301435406699,-0.321929702137,-0.130222187836,-0.0674641148325,0.126489741835,0.0286731519741,0.423295454545,0.104338842975,0.126489741835,0.423295454545,-0.0890476190476,-0.1,-3,-0.0181818181818,-0.0411111111111,0,0.0909090909091,-0.0909090909091,18,1,2,89,0.9,0.988888888889,0.0111111111111,0.1,0.947368421053,0.9,0.923076923077,0.906956031802,0.888888888889,0.857142857143,6,7,0,0,0,0
2116,WLNM_dir_neg,0.775510204082,0.557714111286,00:00:01,10,50,36,1175612485,threshold_sweep,0.1,0.5,0.428571428571,0.461538461538,3,3,4,11,0.428571428571,0.785714285714,0.214285714286,0.571428571429,0.5,0.428571428571,0.461538461538,0.666666666667,0.571428571429,0.222222222222,0.22360679775,0.214285714286,20,13,7,0,20,0,13,0,7,11,20,0.181818181818,3.04338842975,3.63636363636,2,2.5,1.68954001271,0.464623503495,0.245454545455,1.16774841624,0.642261628933,0.336363636364,1.94000937205,1.06700515463,0.536363636364,1.05689877454,0.347276990411,3.54545454545,3.04338842975,1.05689877454,3.54545454545,0.499047619048,0.4,8,0.0484848484848,0.255555555556,11,11,11,1,0,0.0909090909091,0.636363636364,0.272727272727,11,0.118181818182,3.72727272727,2.36363636364,1.3,1.625,1.43336856898,0.6064251638,0.286713286713,0.603022689156,0.510249967747,0.237762237762,1.40129809949,1.18571377649,0.503496503497,2.05382127221,0.551025219373,7,3.72727272727,2.05382127221,7,0,0,0,0,0.22962962963,11,11,11,1,0,0.0909090909091,0.636363636364,0.272727272727,11,19,0.172727272727,4.63636363636,3.45454545455,1.9,2.375,2.06705763653,0.598358789521,0.320574162679,1.00904995822,0.584186817916,0.306220095694,1.67874411933,0.971904490138,0.507177033493,2.28408525553,0.492645839429,6.5,4.63636363636,2.28408525553,6.5,0.225,0.204545454545,3,0.0181818181818,0.212592592593,11,11,11,1,0,0.0909090909091,0.636363636364,0.272727272727,-1,-0.00909090909091,1.59297520661,-0.181818181818,-0.1,-0.125,0.377517623818,0.133735286026,0.0751196172249,-0.158698458023,-0.058074811017,-0.0301435406699,-0.26126525272,-0.0951006644889,-0.0291866028708,1.227186481,0.145368849017,2.95454545455,1.59297520661,1.227186481,2.95454545455,-0.274047619048,-0.195454545455,-5,-0.030303030303,-0.042962962963,0,0,0,16,3,4,87,0.8,0.966666666667,0.0333333333333,0.2,0.842105263158,0.8,0.820512820513,0.782249577429,0.766666666667,0.695652173913,6,7,0,0,0,0
2117,WLNM_dir_neg,0.775510204082,0.557714111286,00:00:01,10,50,36,1175612485,threshold_sweep,0.2,0.75,0.428571428571,0.545454545455,3,1,4,13,0.428571428571,0.928571428571,0.0714285714286,0.571428571429,0.75,0.428571428571,0.545454545455,0.761904761905,0.603174603175,0.4,0.428746462856,0.357142857143,20,13,7,0,20,0,13,0,7,11,20,0.181818181818,3.04338842975,3.63636363636,2,2.5,1.68954001271,0.464623503495,0.245454545455,1.16774841624,0.642261628933,0.336363636364,1.94000937205,1.06700515463,0.536363636364,1.05689877454,0.347276990411,3.54545454545,3.04338842975,1.05689877454,3.54545454545,0.499047619048,0.4,8,0.0484848484848,0.255555555556,11,11,11,1,0,0.0909090909091,0.636363636364,0.272727272727,11,0.118181818182,3.72727272727,2.36363636364,1.3,1.625,1.43336856898,0.6064251638,0.286713286713,0.603022689156,0.510249967747,0.237762237762,1.40129809949,1.18571377649,0.503496503497,2.05382127221,0.551025219373,7,3.72727272727,2.05382127221,7,0,0,0,0,0.22962962963,11,11,11,1,0,0.0909090909091,0.636363636364,0.272727272727,11,17,0.154545454545,3.28409090909,3.09090909091,1.7,2.125,1.75809814598,0.568796458995,0.304812834225,1.03572548135,0.670175311465,0.331550802139,1.63484778274,1.05784268295,0.524064171123,1.17936808966,0.359115542872,3.875,3.28409090909,1.17936808966,3.875,0.225,0.204545454545,3,0.0181818181818,0.268148148148,11,11,11,1,0,0.0909090909091,0.636363636364,0.272727272727,-3,-0.0272727272727,0.240702479339,-0.545454545455,-0.3,-0.375,0.0685581332739,0.104172955499,0.0593582887701,-0.132022934888,0.0279136825315,-0.0048128342246,-0.305161589309,-0.00916247167783,-0.0122994652406,0.122469315123,0.011838552461,0.329545454545,0.240702479339,0.122469315123,0.329545454545,-0.274047619048,-0.195454545455,-5,-0.030303030303,0.0125925925926,0,0,0,16,1,4,89,0.8,0.988888888889,0.0111111111111,0.2,0.941176470588,0.8,0.864864864865,0.841755876268,0.788888888889,0.761904761905,4,7,0,0,0,0
2118,WLNM_dir_neg,0.775510204082,0.557714111286,00:00:01,10,50,36,1175612485,threshold_sweep,0.3,0.75,0.428571428571,0.545454545455,3,1,4,13,0.428571428571,0.928571428571,0.0714285714286,0.571428571429,0.75,0.428571428571,0.545454545455,0.761904761905,0.603174603175,0.4,0.428746462856,0.357142857143,20,13,7,0,20,0,13,0,7,11,20,0.181818181818,3.04338842975,3.63636363636,2,2.5,1.68954001271,0.464623503495,0.245454545455,1.16774841624,0.642261628933,0.336363636364,1.94000937205,1.06700515463,0.536363636364,1.05689877454,0.347276990411,3.54545454545,3.04338842975,1.05689877454,3.54545454545,0.499047619048,0.4,8,0.0484848484848,0.255555555556,11,11,11,1,0,0.0909090909091,0.636363636364,0.272727272727,11,0.118181818182,3.72727272727,2.36363636364,1.3,1.625,1.43336856898,0.6064251638,0.286713286713,0.603022689156,0.510249967747,0.237762237762,1.40129809949,1.18571377649,0.503496503497,2.05382127221,0.551025219373,7,3.72727272727,2.05382127221,7,0,0,0,0,0.22962962963,11,11,11,1,0,0.0909090909091,0.636363636364,0.272727272727,11,17,0.154545454545,3.28409090909,3.09090909091,1.7,2.125,1.75809814598,0.568796458995,0.304812834225,1.03572548135,0.670175311465,0.331550802139,1.63484778274,1.05784268295,0.524064171123,1.17936808966,0.359115542872,3.875,3.28409090909,1.17936808966,3.875,0.225,0.204545454545,3,0.0181818181818,0.268148148148,11,11,11,1,0,0.0909090909091,0.636363636364,0.272727272727,-3,-0.0272727272727,0.240702479339,-0.545454545455,-0.3,-0.375,0.0685581332739,0.104172955499,0.0593582887701,-0.132022934888,0.0279136825315,-0.0048128342246,-0.305161589309,-0.00916247167783,-0.0122994652406,0.122469315123,0.011838552461,0.329545454545,0.240702479339,0.122469315123,0.329545454545,-0.274047619048,-0.195454545455,-5,-0.030303030303,0.0125925925926,0,0,0,16,1,4,89,0.8,0.988888888889,0.0111111111111,0.2,0.941176470588,0.8,0.864864864865,0.841755876268,0.788888888889,0.761904761905,4,7,0,0,0,0
2119,WLNM_dir_neg,0.775510204082,0.557714111286,00:00:01,10,50,36,1175612485,threshold_sweep,0.4,1,0.428571428571,0.6,3,0,4,14,0.428571428571,1,0,0.571428571429,1,0.428571428571,0.6,0.809523809524,0.619047619048,0.5,0.57735026919,0.428571428571,20,13,7,0,20,0,13,0,7,11,20,0.181818181818,3.04338842975,3.63636363636,2,2.5,1.68954001271,0.464623503495,0.245454545455,1.16774841624,0.642261628933,0.336363636364,1.94000937205,1.06700515463,0.536363636364,1.05689877454,0.347276990411,3.54545454545,3.04338842975,1.05689877454,3.54545454545,0.499047619048,0.4,8,0.0484848484848,0.255555555556,11,11,11,1,0,0.0909090909091,0.636363636364,0.272727272727,11,0.118181818182,3.72727272727,2.36363636364,1.3,1.625,1.43336856898,0.6064251638,0.286713286713,0.603022689156,0.510249967747,0.237762237762,1.40129809949,1.18571377649,0.503496503497,2.05382127221,0.551025219373,7,3.72727272727,2.05382127221,7,0,0,0,0,0.22962962963,11,11,11,1,0,0.0909090909091,0.636363636364,0.272727272727,11,16,0.145454545455,3.22727272727,2.90909090909,1.6,2,1.70026735866,0.584466904538,0.3125,0.934198732994,0.642261628933,0.318181818182,1.63484778274,1.12395785063,0.534090909091,1.12196560472,0.34765131414,3.875,3.22727272727,1.12196560472,3.875,0.191666666667,0.153846153846,2,0.0121212121212,0.265555555556,11,11,11,1,0,0.0909090909091,0.636363636364,0.272727272727,-4,-0.0363636363636,0.183884297521,-0.727272727273,-0.4,-0.5,0.0107273459462,0.119843401043,0.0670454545455,-0.233549683248,0,-0.0181818181818,-0.305161589309,0.0569526960065,-0.00227272727273,0.0650668301862,0.000374323728253,0.329545454545,0.183884297521,0.0650668301862,0.329545454545,-0.307380952381,-0.246153846154,-6,-0.0363636363636,0.01,0,0,0,16,0,4,90,0.8,1,0,0.2,1,0.8,0.888888888889,0.875189948987,0.8,0.8,3,7,0,0,0,0
2120,WLNM_dir_neg,0.775510204082,0.557714111286,00:00:01,10,50,36,1175612485,threshold_sweep,0.5,1,0.428571428571,0.6,3,0,4,14,0.428571428571,1,0,0.571428571429,1,0.428571428571,0.6,0.809523809524,0.619047619048,0.5,0.57735026919,0.428571428571,20,13,7,0,20,0,13,0,7,11,20,0.181818181818,3.04338842975,3.63636363636,2,2.5,1.68954001271,0.464623503495,0.245454545455,1.16774841624,0.642261628933,0.336363636364,1.94000937205,1.06700515463,0.536363636364,1.05689877454,0.347276990411,3.54545454545,3.04338842975,1.05689877454,3.54545454545,0.499047619048,0.4,8,0.0484848484848,0.255555555556,11,11,11,1,0,0.0909090909091,0.636363636364,0.272727272727,11,0.118181818182,3.72727272727,2.36363636364,1.3,1.625,1.43336856898,0.6064251638,0.286713286713,0.603022689156,0.510249967747,0.237762237762,1.40129809949,1.18571377649,0.503496503497,2.05382127221,0.551025219373,7,3.72727272727,2.05382127221,7,0,0,0,0,0.22962962963,11,11,11,1,0,0.0909090909091,0.636363636364,0.272727272727,11,16,0.145454545455,3.22727272727,2.90909090909,1.6,2,1.70026735866,0.584466904538,0.3125,0.934198732994,0.642261628933,0.318181818182,1.63484778274,1.12395785063,0.534090909091,1.12196560472,0.34765131414,3.875,3.22727272727,1.12196560472,3.875,0.191666666667,0.153846153846,2,0.0121212121212,0.265555555556,11,11,11,1,0,0.0909090909091,0.636363636364,0.272727272727,-4,-0.0363636363636,0.183884297521,-0.727272727273,-0.4,-0.5,0.0107273459462,0.119843401043,0.0670454545455,-0.233549683248,0,-0.0181818181818,-0.305161589309,0.0569526960065,-0.00227272727273,0.0650668301862,0.000374323728253,0.329545454545,0.183884297521,0.0650668301862,0.329545454545,-0.307380952381,-0.246153846154,-6,-0.0363636363636,0.01,0,0,0,16,0,4,90,0.8,1,0,0.2,1,0.8,0.888888888889,0.875189948987,0.8,0.8,3,7,0,0,0,0
2121,WLNM_dir_neg,0.775510204082,0.557714111286,00:00:01,10,50,36,1175612485,threshold_sweep,0.6,1,0.285714285714,0.444444444444,2,0,5,14,0.285714285714,1,0,0.714285714286,1,0.285714285714,0.444444444444,0.761904761905,0.634920634921,0.347826086957,0.458831467741,0.285714285714,20,13,7,0,20,0,13,0,7,11,20,0.181818181818,3.04338842975,3.63636363636,2,2.5,1.68954001271,0.464623503495,0.245454545455,1.16774841624,0.642261628933,0.336363636364,1.94000937205,1.06700515463,0.536363636364,1.05689877454,0.347276990411,3.54545454545,3.04338842975,1.05689877454,3.54545454545,0.499047619048,0.4,8,0.0484848484848,0.255555555556,11,11,11,1,0,0.0909090909091,0.636363636364,0.272727272727,11,0.118181818182,3.72727272727,2.36363636364,1.3,1.625,1.43336856898,0.6064251638,0.286713286713,0.603022689156,0.510249967747,0.237762237762,1.40129809949,1.18571377649,0.503496503497,2.05382127221,0.551025219373,7,3.72727272727,2.05382127221,7,0,0,0,0,0.22962962963,11,11,11,1,0,0.0909090909091,0.636363636364,0.272727272727,11,15,0.136363636364,3.29090909091,2.72727272727,1.5,1.875,1.55505042304,0.570185155113,0.29696969697,0.809039834956,0.593295878968,0.290909090909,1.50151438706,1.10111055051,0.521212121212,1.22756225541,0.373016154959,4.4,3.29090909091,1.22756225541,4.4,0,0,0,0,0.25,11,11,11,1,0,0.0909090909091,0.636363636364,0.272727272727,-5,-0.0454545454545,0.247520661157,-0.909090909091,-0.5,-0.625,-0.134489589674,0.105561651618,0.0515151515152,-0.358708581286,-0.0489657499656,-0.0454545454545,-0.438494984989,0.0341053958833,-0.0151515151515,0.170663480874,0.0257391645477,0.854545454545,0.247520661157,0.170663480874,0.854545454545,-0.499047619048,-0.4,-8,-0.0484848484848,-0.00555555555556,0,0,0,15,0,5,90,0.75,1,0,0.25,1,0.75,0.857142857143,0.842927230424,0.75,0.75,2,7,0,0,0,0
2122,WLNM_dir_neg,0.775510204082,0.557714111286,00:00:01,10,50,36,1175612485,threshold_sweep,0.7,1,0.285714285714,0.444444444444,2,0,5,14,0.285714285714,1,0,0.714285714286,1,0.285714285714,0.444444444444,0.761904761905,0.634920634921,0.347826086957,0.458831467741,0.285714285714,20,13,7,0,20,0,13,0,7,11,20,0.181818181818,3.04338842975,3.63636363636,2,2.5,1.68954001271,0.464623503495,0.245454545455,1.16774841624,0.642261628933,0.336363636364,1.94000937205,1.06700515463,0.536363636364,1.05689877454,0.347276990411,3.54545454545,3.04338842975,1.05689877454,3.54545454545,0.499047619048,0.4,8,0.0484848484848,0.255555555556,11,11,11,1,0,0.0909090909091,0.636363636364,0.272727272727,11,0.118181818182,3.72727272727,2.36363636364,1.3,1.625,1.43336856898,0.6064251638,0.286713286713,0.603022689156,0.510249967747,0.237762237762,1.40129809949,1.18571377649,0.503496503497,2.05382127221,0.551025219373,7,3.72727272727,2.05382127221,7,0,0,0,0,0.22962962963,11,11,11,1,0,0.0909090909091,0.636363636364,0.272727272727,11,15,0.136363636364,3.29090909091,2.72727272727,1.5,1.875,1.55505042304,0.570185155113,0.29696969697,0.809039834956,0.593295878968,0.290909090909,1.50151438706,1.10111055051,0.521212121212,1.22756225541,0.373016154959,4.4,3.29090909091,1.22756225541,4.4,0,0,0,0,0.25,11,11,11,1,0,0.0909090909091,0.636363636364,0.272727272727,-5,-0.0454545454545,0.247520661157,-0.909090909091,-0.5,-0.625,-0.134489589674,0.105561651618,0.0515151515152,-0.358708581286,-0.0489657499656,-0.0454545454545,-0.438494984989,0.0341053958833,-0.0151515151515,0.170663480874,0.0257391645477,0.854545454545,0.247520661157,0.170663480874,0.854545454545,-0.499047619048,-0.4,-8,-0.0484848484848,-0.00555555555556,0,0,0,15,0,5,90,0.75,1,0,0.25,1,0.75,0.857142857143,0.842927230424,0.75,0.75,2,7,0,0,0,0
2123,WLNM_dir_neg,0.775510204082,0.557714111286,00:00:01,10,50,36,1175612485,threshold_sweep,0.8,1,0.285714285714,0.444444444444,2,0,5,14,0.285714285714,1,0,0.714285714286,1,0.285714285714,0.444444444444,0.761904761905,0.634920634921,0.347826086957,0.458831467741,0.285714285714,20,13,7,0,20,0,13,0,7,11,20,0.181818181818,3.04338842975,3.63636363636,2,2.5,1.68954001271,0.464623503495,0.245454545455,1.16774841624,0.642261628933,0.336363636364,1.94000937205,1.06700515463,0.536363636364,1.05689877454,0.347276990411,3.54545454545,3.04338842975,1.05689877454,3.54545454545,0.499047619048,0.4,8,0.0484848484848,0.255555555556,11,11,11,1,0,0.0909090909091,0.636363636364,0.272727272727,11,0.118181818182,3.72727272727,2.36363636364,1.3,1.625,1.43336856898,0.6064251638,0.286713286713,0.603022689156,0.510249967747,0.237762237762,1.40129809949,1.18571377649,0.503496503497,2.05382127221,0.551025219373,7,3.72727272727,2.05382127221,7,0,0,0,0,0.22962962963,11,11,11,1,0,0.0909090909091,0.636363636364,0.272727272727,11,15,0.136363636364,3.29090909091,2.72727272727,1.5,1.875,1.55505042304,0.570185155113,0.29696969697,0.809039834956,0.593295878968,0.290909090909,1.50151438706,1.10111055051,0.521212121212,1.22756225541,0.373016154959,4.4,3.29090909091,1.22756225541,4.4,0,0,0,0,0.25,11,11,11,1,0,0.0909090909091,0.636363636364,0.272727272727,-5,-0.0454545454545,0.247520661157,-0.909090909091,-0.5,-0.625,-0.134489589674,0.105561651618,0.0515151515152,-0.358708581286,-0.0489657499656,-0.0454545454545,-0.438494984989,0.0341053958833,-0.0151515151515,0.170663480874,0.0257391645477,0.854545454545,0.247520661157,0.170663480874,0.854545454545,-0.499047619048,-0.4,-8,-0.0484848484848,-0.00555555555556,0,0,0,15,0,5,90,0.75,1,0,0.25,1,0.75,0.857142857143,0.842927230424,0.75,0.75,2,7,0,0,0,0
2124,WLNM_dir_neg,0.775510204082,0.557714111286,00:00:01,10,50,36,1175612485,threshold_sweep,0.9,1,0.285714285714,0.444444444444,2,0,5,14,0.285714285714,1,0,0.714285714286,1,0.285714285714,0.444444444444,0.761904761905,0.634920634921,0.347826086957,0.458831467741,0.285714285714,20,13,7,0,20,0,13,0,7,11,20,0.181818181818,3.04338842975,3.63636363636,2,2.5,1.68954001271,0.464623503495,0.245454545455,1.16774841624,0.642261628933,0.336363636364,1.94000937205,1.06700515463,0.536363636364,1.05689877454,0.347276990411,3.54545454545,3.04338842975,1.05689877454,3.54545454545,0.499047619048,0.4,8,0.0484848484848,0.255555555556,11,11,11,1,0,0.0909090909091,0.636363636364,0.272727272727,11,0.118181818182,3.72727272727,2.36363636364,1.3,1.625,1.43336856898,0.6064251638,0.286713286713,0.603022689156,0.510249967747,0.237762237762,1.40129809949,1.18571377649,0.503496503497,2.05382127221,0.551025219373,7,3.72727272727,2.05382127221,7,0,0,0,0,0.22962962963,11,11,11,1,0,0.0909090909091,0.636363636364,0.272727272727,11,15,0.136363636364,3.29090909091,2.72727272727,1.5,1.875,1.55505042304,0.570185155113,0.29696969697,0.809039834956,0.593295878968,0.290909090909,1.50151438706,1.10111055051,0.521212121212,1.22756225541,0.373016154959,4.4,3.29090909091,1.22756225541,4.4,0,0,0,0,0.25,11,11,11,1,0,0.0909090909091,0.636363636364,0.272727272727,-5,-0.0454545454545,0.247520661157,-0.909090909091,-0.5,-0.625,-0.134489589674,0.105561651618,0.0515151515152,-0.358708581286,-0.0489657499656,-0.0454545454545,-0.438494984989,0.0341053958833,-0.0151515151515,0.170663480874,0.0257391645477,0.854545454545,0.247520661157,0.170663480874,0.854545454545,-0.499047619048,-0.4,-8,-0.0484848484848,-0.00555555555556,0,0,0,15,0,5,90,0.75,1,0,0.25,1,0.75,0.857142857143,0.842927230424,0.75,0.75,2,7,0,0,0,0
2125,WLNM_dir_neg,0.918367346939,0.74227994228,00:00:01,10,50,37,1175612486,threshold_sweep,0.1,1,0.714285714286,0.833333333333,5,0,2,14,0.714285714286,1,0,0.285714285714,1,0.714285714286,0.833333333333,0.904761904762,0.587301587302,0.769230769231,0.790569415042,0.714285714286,20,13,7,0,20,0,13,0,7,11,20,0.181818181818,3.04338842975,3.63636363636,2,2.5,1.68954001271,0.464623503495,0.245454545455,1.16774841624,0.642261628933,0.336363636364,1.94000937205,1.06700515463,0.536363636364,1.05689877454,0.347276990411,3.54545454545,3.04338842975,1.05689877454,3.54545454545,0.499047619048,0.4,8,0.0484848484848,0.255555555556,11,11,11,1,0,0.0909090909091,0.636363636364,0.272727272727,11,0.118181818182,3.72727272727,2.36363636364,1.3,1.625,1.43336856898,0.6064251638,0.286713286713,0.603022689156,0.510249967747,0.237762237762,1.40129809949,1.18571377649,0.503496503497,2.05382127221,0.551025219373,7,3.72727272727,2.05382127221,7,0,0,0,0,0.22962962963,11,11,11,1,0,0.0909090909091,0.636363636364,0.272727272727,11,18,0.163636363636,3.11363636364,3.27272727273,1.8,2.25,1.42062726223,0.434080552347,0.227272727273,0.924416277737,0.564921058617,0.292929292929,1.68954001271,1.03249667443,0.525252525253,1.14353419474,0.367266456706,3.875,3.11363636364,1.14353419474,3.875,0.366666666667,0.266666666667,4,0.0242424242424,0.221111111111,11,11,11,1,0,0.0909090909091,0.636363636364,0.272727272727,-2,-0.0181818181818,0.0702479338843,-0.363636363636,-0.2,-0.25,-0.268912750482,-0.030542951148,-0.0181818181818,-0.243332138505,-0.0773405703161,-0.0434343434343,-0.250469359339,-0.0345084801933,-0.0111111111111,0.0866354202056,0.0199894662943,0.329545454545,0.0702479338843,0.0866354202056,0.329545454545,-0.132380952381,-0.133333333333,-4,-0.0242424242424,-0.0344444444444,0,0,0,18,0,2,90,0.9,1,0,0.1,1,0.9,0.947368421053,0.938314863257,0.9,0.9,5,7,0,0,0,0
2126,WLNM_dir_neg,0.918367346939,0.74227994228,00:00:01,10,50,37,1175612486,threshold_sweep,0.2,1,0.714285714286,0.833333333333,5,0,2,14,0.714285714286,1,0,0.285714285714,1,0.714285714286,0.833333333333,0.904761904762,0.587301587302,0.769230769231,0.790569415042,0.714285714286,20,13,7,0,20,0,13,0,7,11,20,0.181818181818,3.04338842975,3.63636363636,2,2.5,1.68954001271,0.464623503495,0.245454545455,1.16774841624,0.642261628933,0.336363636364,1.94000937205,1.06700515463,0.536363636364,1.05689877454,0.347276990411,3.54545454545,3.04338842975,1.05689877454,3.54545454545,0.499047619048,0.4,8,0.0484848484848,0.255555555556,11,11,11,1,0,0.0909090909091,0.636363636364,0.272727272727,11,0.118181818182,3.72727272727,2.36363636364,1.3,1.625,1.43336856898,0.6064251638,0.286713286713,0.603022689156,0.510249967747,0.237762237762,1.40129809949,1.18571377649,0.503496503497,2.05382127221,0.551025219373,7,3.72727272727,2.05382127221,7,0,0,0,0,0.22962962963,11,11,11,1,0,0.0909090909091,0.636363636364,0.272727272727,11,18,0.163636363636,3.11363636364,3.27272727273,1.8,2.25,1.42062726223,0.434080552347,0.227272727273,0.924416277737,0.564921058617,0.292929292929,1.68954001271,1.03249667443,0.525252525253,1.14353419474,0.367266456706,3.875,3.11363636364,1.14353419474,3.875,0.366666666667,0.266666666667,4,0.0242424242424,0.221111111111,11,11,11,1,0,0.0909090909091,0.636363636364,0.272727272727,-2,-0.0181818181818,0.0702479338843,-0.363636363636,-0.2,-0.25,-0.268912750482,-0.030542951148,-0.0181818181818,-0.243332138505,-0.0773405703161,-0.0434343434343,-0.250469359339,-0.0345084801933,-0.0111111111111,0.0866354202056,0.0199894662943,0.329545454545,0.0702479338843,0.0866354202056,0.329545454545,-0.132380952381,-0.133333333333,-4,-0.0242424242424,-0.0344444444444,0,0,0,18,0,2,90,0.9,1,0,0.1,1,0.9,0.947368421053,0.938314863257,0.9,0.9,5,7,0,0,0,0
2127,WLNM_dir_neg,0.918367346939,0.74227994228,00:00:01,10,50,37,1175612486,threshold_sweep,0.3,1,0.714285714286,0.833333333333,5,0,2,14,0.714285714286,1,0,0.285714285714,1,0.714285714286,0.833333333333,0.904761904762,0.587301587302,0.769230769231,0.790569415042,0.714285714286,20,13,7,0,20,0,13,0,7,11,20,0.181818181818,3.04338842975,3.63636363636,2,2.5,1.68954001271,0.464623503495,0.245454545455,1.16774841624,0.642261628933,0.336363636364,1.94000937205,1.06700515463,0.536363636364,1.05689877454,0.347276990411,3.54545454545,3.04338842975,1.05689877454,3.54545454545,0.499047619048,0.4,8,0.0484848484848,0.255555555556,11,11,11,1,0,0.0909090909091,0.636363636364,0.272727272727,11,0.118181818182,3.72727272727,2.36363636364,1.3,1.625,1.43336856898,0.6064251638,0.286713286713,0.603022689156,0.510249967747,0.237762237762,1.40129809949,1.18571377649,0.503496503497,2.05382127221,0.551025219373,7,3.72727272727,2.05382127221,7,0,0,0,0,0.22962962963,11,11,11,1,0,0.0909090909091,0.636363636364,0.272727272727,11,18,0.163636363636,3.11363636364,3.27272727273,1.8,2.25,1.42062726223,0.434080552347,0.227272727273,0.924416277737,0.564921058617,0.292929292929,1.68954001271,1.03249667443,0.525252525253,1.14353419474,0.367266456706,3.875,3.11363636364,1.14353419474,3.875,0.366666666667,0.266666666667,4,0.0242424242424,0.221111111111,11,11,11,1,0,0.0909090909091,0.636363636364,0.272727272727,-2,-0.0181818181818,0.0702479338843,-0.363636363636,-0.2,-0.25,-0.268912750482,-0.030542951148,-0.0181818181818,-0.243332138505,-0.0773405703161,-0.0434343434343,-0.250469359339,-0.0345084801933,-0.0111111111111,0.0866354202056,0.0199894662943,0.329545454545,0.0702479338843,0.0866354202056,0.329545454545,-0.132380952381,-0.133333333333,-4,-0.0242424242424,-0.0344444444444,0,0,0,18,0,2,90,0.9,1,0,0.1,1,0.9,0.947368421053,0.938314863257,0.9,0.9,5,7,0,0,0,0
2128,WLNM_dir_neg,0.918367346939,0.74227994228,00:00:01,10,50,37,1175612486,threshold_sweep,0.4,1,0.714285714286,0.833333333333,5,0,2,14,0.714285714286,1,0,0.285714285714,1,0.714285714286,0.833333333333,0.904761904762,0.587301587302,0.769230769231,0.790569415042,0.714285714286,20,13,7,0,20,0,13,0,7,11,20,0.181818181818,3.04338842975,3.63636363636,2,2.5,1.68954001271,0.464623503495,0.245454545455,1.16774841624,0.642261628933,0.336363636364,1.94000937205,1.06700515463,0.536363636364,1.05689877454,0.347276990411,3.54545454545,3.04338842975,1.05689877454,3.54545454545,0.499047619048,0.4,8,0.0484848484848,0.255555555556,11,11,11,1,0,0.0909090909091,0.636363636364,0.272727272727,11,0.118181818182,3.72727272727,2.36363636364,1.3,1.625,1.43336856898,0.6064251638,0.286713286713,0.603022689156,0.510249967747,0.237762237762,1.40129809949,1.18571377649,0.503496503497,2.05382127221,0.551025219373,7,3.72727272727,2.05382127221,7,0,0,0,0,0.22962962963,11,11,11,1,0,0.0909090909091,0.636363636364,0.272727272727,11,18,0.163636363636,3.11363636364,3.27272727273,1.8,2.25,1.42062726223,0.434080552347,0.227272727273,0.924416277737,0.564921058617,0.292929292929,1.68954001271,1.03249667443,0.525252525253,1.14353419474,0.367266456706,3.875,3.11363636364,1.14353419474,3.875,0.366666666667,0.266666666667,4,0.0242424242424,0.221111111111,11,11,11,1,0,0.0909090909091,0.636363636364,0.272727272727,-2,-0.0181818181818,0.0702479338843,-0.363636363636,-0.2,-0.25,-0.268912750482,-0.030542951148,-0.0181818181818,-0.243332138505,-0.0773405703161,-0.0434343434343,-0.250469359339,-0.0345084801933,-0.0111111111111,0.0866354202056,0.0199894662943,0.329545454545,0.0702479338843,0.0866354202056,0.329545454545,-0.132380952381,-0.133333333333,-4,-0.0242424242424,-0.0344444444444,0,0,0,18,0,2,90,0.9,1,0,0.1,1,0.9,0.947368421053,0.938314863257,0.9,0.9,5,7,0,0,0,0
2129,WLNM_dir_neg,0.918367346939,0.74227994228,00:00:01,10,50,37,1175612486,threshold_sweep,0.5,1,0.714285714286,0.833333333333,5,0,2,14,0.714285714286,1,0,0.285714285714,1,0.714285714286,0.833333333333,0.904761904762,0.587301587302,0.769230769231,0.790569415042,0.714285714286,20,13,7,0,20,0,13,0,7,11,20,0.181818181818,3.04338842975,3.63636363636,2,2.5,1.68954001271,0.464623503495,0.245454545455,1.16774841624,0.642261628933,0.336363636364,1.94000937205,1.06700515463,0.536363636364,1.05689877454,0.347276990411,3.54545454545,3.04338842975,1.05689877454,3.54545454545,0.499047619048,0.4,8,0.0484848484848,0.255555555556,11,11,11,1,0,0.0909090909091,0.636363636364,0.272727272727,11,0.118181818182,3.72727272727,2.36363636364,1.3,1.625,1.43336856898,0.6064251638,0.286713286713,0.603022689156,0.510249967747,0.237762237762,1.40129809949,1.18571377649,0.503496503497,2.05382127221,0.551025219373,7,3.72727272727,2.05382127221,7,0,0,0,0,0.22962962963,11,11,11,1,0,0.0909090909091,0.636363636364,0.272727272727,11,18,0.163636363636,3.11363636364,3.27272727273,1.8,2.25,1.42062726223,0.434080552347,0.227272727273,0.924416277737,0.564921058617,0.292929292929,1.68954001271,1.03249667443,0.525252525253,1.14353419474,0.367266456706,3.875,3.11363636364,1.14353419474,3.875,0.366666666667,0.266666666667,4,0.0242424242424,0.221111111111,11,11,11,1,0,0.0909090909091,0.636363636364,0.272727272727,-2,-0.0181818181818,0.0702479338843,-0.363636363636,-0.2,-0.25,-0.268912750482,-0.030542951148,-0.0181818181818,-0.243332138505,-0.0773405703161,-0.0434343434343,-0.250469359339,-0.0345084801933,-0.0111111111111,0.0866354202056,0.0199894662943,0.329545454545,0.0702479338843,0.0866354202056,0.329545454545,-0.132380952381,-0.133333333333,-4,-0.0242424242424,-0.0344444444444,0,0,0,18,0,2,90,0.9,1,0,0.1,1,0.9,0.947368421053,0.938314863257,0.9,0.9,5,7,0,0,0,0
2130,WLNM_dir_neg,0.918367346939,0.74227994228,00:00:01,10,50,37,1175612486,threshold_sweep,0.6,1,0.714285714286,0.833333333333,5,0,2,14,0.714285714286,1,0,0.285714285714,1,0.714285714286,0.833333333333,0.904761904762,0.587301587302,0.769230769231,0.790569415042,0.714285714286,20,13,7,0,20,0,13,0,7,11,20,0.181818181818,3.04338842975,3.63636363636,2,2.5,1.68954001271,0.464623503495,0.245454545455,1.16774841624,0.642261628933,0.336363636364,1.94000937205,1.06700515463,0.536363636364,1.05689877454,0.347276990411,3.54545454545,3.04338842975,1.05689877454,3.54545454545,0.499047619048,0.4,8,0.0484848484848,0.255555555556,11,11,11,1,0,0.0909090909091,0.636363636364,0.272727272727,11,0.118181818182,3.72727272727,2.36363636364,1.3,1.625,1.43336856898,0.6064251638,0.286713286713,0.603022689156,0.510249967747,0.237762237762,1.40129809949,1.18571377649,0.503496503497,2.05382127221,0.551025219373,7,3.72727272727,2.05382127221,7,0,0,0,0,0.22962962963,11,11,11,1,0,0.0909090909091,0.636363636364,0.272727272727,11,18,0.163636363636,3.11363636364,3.27272727273,1.8,2.25,1.42062726223,0.434080552347,0.227272727273,0.924416277737,0.564921058617,0.292929292929,1.68954001271,1.03249667443,0.525252525253,1.14353419474,0.367266456706,3.875,3.11363636364,1.14353419474,3.875,0.366666666667,0.266666666667,4,0.0242424242424,0.221111111111,11,11,11,1,0,0.0909090909091,0.636363636364,0.272727272727,-2,-0.0181818181818,0.0702479338843,-0.363636363636,-0.2,-0.25,-0.268912750482,-0.030542951148,-0.0181818181818,-0.243332138505,-0.0773405703161,-0.0434343434343,-0.250469359339,-0.0345084801933,-0.0111111111111,0.0866354202056,0.0199894662943,0.329545454545,0.0702479338843,0.0866354202056,0.329545454545,-0.132380952381,-0.133333333333,-4,-0.0242424242424,-0.0344444444444,0,0,0,18,0,2,90,0.9,1,0,0.1,1,0.9,0.947368421053,0.938314863257,0.9,0.9,5,7,0,0,0,0
2131,WLNM_dir_neg,0.918367346939,0.74227994228,00:00:01,10,50,37,1175612486,threshold_sweep,0.7,1,0.714285714286,0.833333333333,5,0,2,14,0.714285714286,1,0,0.285714285714,1,0.714285714286,0.833333333333,0.904761904762,0.587301587302,0.769230769231,0.790569415042,0.714285714286,20,13,7,0,20,0,13,0,7,11,20,0.181818181818,3.04338842975,3.63636363636,2,2.5,1.68954001271,0.464623503495,0.245454545455,1.16774841624,0.642261628933,0.336363636364,1.94000937205,1.06700515463,0.536363636364,1.05689877454,0.347276990411,3.54545454545,3.04338842975,1.05689877454,3.54545454545,0.499047619048,0.4,8,0.0484848484848,0.255555555556,11,11,11,1,0,0.0909090909091,0.636363636364,0.272727272727,11,0.118181818182,3.72727272727,2.36363636364,1.3,1.625,1.43336856898,0.6064251638,0.286713286713,0.603022689156,0.510249967747,0.237762237762,1.40129809949,1.18571377649,0.503496503497,2.05382127221,0.551025219373,7,3.72727272727,2.05382127221,7,0,0,0,0,0.22962962963,11,11,11,1,0,0.0909090909091,0.636363636364,0.272727272727,11,18,0.163636363636,3.11363636364,3.27272727273,1.8,2.25,1.42062726223,0.434080552347,0.227272727273,0.924416277737,0.564921058617,0.292929292929,1.68954001271,1.03249667443,0.525252525253,1.14353419474,0.367266456706,3.875,3.11363636364,1.14353419474,3.875,0.366666666667,0.266666666667,4,0.0242424242424,0.221111111111,11,11,11,1,0,0.0909090909091,0.636363636364,0.272727272727,-2,-0.0181818181818,0.0702479338843,-0.363636363636,-0.2,-0.25,-0.268912750482,-0.030542951148,-0.0181818181818,-0.243332138505,-0.0773405703161,-0.0434343434343,-0.250469359339,-0.0345084801933,-0.0111111111111,0.0866354202056,0.0199894662943,0.329545454545,0.0702479338843,0.0866354202056,0.329545454545,-0.132380952381,-0.133333333333,-4,-0.0242424242424,-0.0344444444444,0,0,0,18,0,2,90,0.9,1,0,0.1,1,0.9,0.947368421053,0.938314863257,0.9,0.9,5,7,0,0,0,0
2132,WLNM_dir_neg,0.918367346939,0.74227994228,00:00:01,10,50,37,1175612486,threshold_sweep,0.8,1,0.714285714286,0.833333333333,5,0,2,14,0.714285714286,1,0,0.285714285714,1,0.714285714286,0.833333333333,0.904761904762,0.587301587302,0.769230769231,0.790569415042,0.714285714286,20,13,7,0,20,0,13,0,7,11,20,0.181818181818,3.04338842975,3.63636363636,2,2.5,1.68954001271,0.464623503495,0.245454545455,1.16774841624,0.642261628933,0.336363636364,1.94000937205,1.06700515463,0.536363636364,1.05689877454,0.347276990411,3.54545454545,3.04338842975,1.05689877454,3.54545454545,0.499047619048,0.4,8,0.0484848484848,0.255555555556,11,11,11,1,0,0.0909090909091,0.636363636364,0.272727272727,11,0.118181818182,3.72727272727,2.36363636364,1.3,1.625,1.43336856898,0.6064251638,0.286713286713,0.603022689156,0.510249967747,0.237762237762,1.40129809949,1.18571377649,0.503496503497,2.05382127221,0.551025219373,7,3.72727272727,2.05382127221,7,0,0,0,0,0.22962962963,11,11,11,1,0,0.0909090909091,0.636363636364,0.272727272727,11,18,0.163636363636,3.11363636364,3.27272727273,1.8,2.25,1.42062726223,0.434080552347,0.227272727273,0.924416277737,0.564921058617,0.292929292929,1.68954001271,1.03249667443,0.525252525253,1.14353419474,0.367266456706,3.875,3.11363636364,1.14353419474,3.875,0.366666666667,0.266666666667,4,0.0242424242424,0.221111111111,11,11,11,1,0,0.0909090909091,0.636363636364,0.272727272727,-2,-0.0181818181818,0.0702479338843,-0.363636363636,-0.2,-0.25,-0.268912750482,-0.030542951148,-0.0181818181818,-0.243332138505,-0.0773405703161,-0.0434343434343,-0.250469359339,-0.0345084801933,-0.0111111111111,0.0866354202056,0.0199894662943,0.329545454545,0.0702479338843,0.0866354202056,0.329545454545,-0.132380952381,-0.133333333333,-4,-0.0242424242424,-0.0344444444444,0,0,0,18,0,2,90,0.9,1,0,0.1,1,0.9,0.947368421053,0.938314863257,0.9,0.9,5,7,0,0,0,0
2133,WLNM_dir_neg,0.918367346939,0.74227994228,00:00:01,10,50,37,1175612486,threshold_sweep,0.9,1,0.571428571429,0.727272727273,4,0,3,14,0.571428571429,1,0,0.428571428571,1,0.571428571429,0.727272727273,0.857142857143,0.603174603175,0.64,0.68599434057,0.571428571429,20,13,7,0,20,0,13,0,7,11,20,0.181818181818,3.04338842975,3.63636363636,2,2.5,1.68954001271,0.464623503495,0.245454545455,1.16774841624,0.642261628933,0.336363636364,1.94000937205,1.06700515463,0.536363636364,1.05689877454,0.347276990411,3.54545454545,3.04338842975,1.05689877454,3.54545454545,0.499047619048,0.4,8,0.0484848484848,0.255555555556,11,11,11,1,0,0.0909090909091,0.636363636364,0.272727272727,11,0.118181818182,3.72727272727,2.36363636364,1.3,1.625,1.43336856898,0.6064251638,0.286713286713,0.603022689156,0.510249967747,0.237762237762,1.40129809949,1.18571377649,0.503496503497,2.05382127221,0.551025219373,7,3.72727272727,2.05382127221,7,0,0,0,0,0.22962962963,11,11,11,1,0,0.0909090909091,0.636363636364,0.272727272727,11,17,0.154545454545,3.17727272727,3.09090909091,1.7,2.125,1.30034960334,0.420701342257,0.208556149733,0.820199532265,0.530717344407,0.267379679144,1.57249078621,1.01749403814,0.513368983957,1.2536673475,0.394573414091,4.4,3.17727272727,1.2536673475,4.4,0.213333333333,0.153846153846,2,0.0121212121212,0.205555555556,11,11,11,1,0,0.0909090909091,0.636363636364,0.272727272727,-3,-0.0272727272727,0.133884297521,-0.545454545455,-0.3,-0.375,-0.389190409368,-0.0439221612377,-0.0368983957219,-0.347548883978,-0.111544284527,-0.0689839572193,-0.367518585835,-0.0495111164884,-0.0229946524064,0.196768572961,0.0472964236795,0.854545454545,0.133884297521,0.196768572961,0.854545454545,-0.285714285714,-0.246153846154,-6,-0.0363636363636,-0.05,0,0,0,17,0,3,90,0.85,1,0,0.15,1,0.85,0.918918918919,0.906962317388,0.85,0.85,4,7,0,0,0,0
2134,WLNM_dir_neg,0.857142857143,0.559981684982,00:00:01,10,50,38,1175612487,threshold_sweep,0.1,1,0.714285714286,0.833333333333,5,0,2,14,0.714285714286,1,0,0.285714285714,1,0.714285714286,0.833333333333,0.904761904762,0.587301587302,0.769230769231,0.790569415042,0.714285714286,20,13,7,0,20,0,13,0,7,11,20,0.181818181818,3.04338842975,3.63636363636,2,2.5,1.68954001271,0.464623503495,0.245454545455,1.16774841624,0.642261628933,0.336363636364,1.94000937205,1.06700515463,0.536363636364,1.05689877454,0.347276990411,3.54545454545,3.04338842975,1.05689877454,3.54545454545,0.499047619048,0.4,8,0.0484848484848,0.255555555556,11,11,11,1,0,0.0909090909091,0.636363636364,0.272727272727,11,0.118181818182,3.72727272727,2.36363636364,1.3,1.625,1.43336856898,0.6064251638,0.286713286713,0.603022689156,0.510249967747,0.237762237762,1.40129809949,1.18571377649,0.503496503497,2.05382127221,0.551025219373,7,3.72727272727,2.05382127221,7,0,0,0,0,0.22962962963,11,11,11,1,0,0.0909090909091,0.636363636364,0.272727272727,11,18,0.163636363636,3.11363636364,3.27272727273,1.8,2.25,1.42062726223,0.434080552347,0.227272727273,0.924416277737,0.564921058617,0.292929292929,1.68954001271,1.03249667443,0.525252525253,1.14353419474,0.367266456706,3.875,3.11363636364,1.14353419474,3.875,0.366666666667,0.266666666667,4,0.0242424242424,0.221111111111,11,11,11,1,0,0.0909090909091,0.636363636364,0.272727272727,-2,-0.0181818181818,0.0702479338843,-0.363636363636,-0.2,-0.25,-0.268912750482,-0.030542951148,-0.0181818181818,-0.243332138505,-0.0773405703161,-0.0434343434343,-0.250469359339,-0.0345084801933,-0.0111111111111,0.0866354202056,0.0199894662943,0.329545454545,0.0702479338843,0.0866354202056,0.329545454545,-0.132380952381,-0.133333333333,-4,-0.0242424242424,-0.0344444444444,0,0,0,18,0,2,90,0.9,1,0,0.1,1,0.9,0.947368421053,0.938314863257,0.9,0.9,5,7,0,0,0,0
2135,WLNM_dir_neg,0.857142857143,0.559981684982,00:00:01,10,50,38,1175612487,threshold_sweep,0.2,1,0.714285714286,0.833333333333,5,0,2,14,0.714285714286,1,0,0.285714285714,1,0.714285714286,0.833333333333,0.904761904762,0.587301587302,0.769230769231,0.790569415042,0.714285714286,20,13,7,0,20,0,13,0,7,11,20,0.181818181818,3.04338842975,3.63636363636,2,2.5,1.68954001271,0.464623503495,0.245454545455,1.16774841624,0.642261628933,0.336363636364,1.94000937205,1.06700515463,0.536363636364,1.05689877454,0.347276990411,3.54545454545,3.04338842975,1.05689877454,3.54545454545,0.499047619048,0.4,8,0.0484848484848,0.255555555556,11,11,11,1,0,0.0909090909091,0.636363636364,0.272727272727,11,0.118181818182,3.72727272727,2.36363636364,1.3,1.625,1.43336856898,0.6064251638,0.286713286713,0.603022689156,0.510249967747,0.237762237762,1.40129809949,1.18571377649,0.503496503497,2.05382127221,0.551025219373,7,3.72727272727,2.05382127221,7,0,0,0,0,0.22962962963,11,11,11,1,0,0.0909090909091,0.636363636364,0.272727272727,11,18,0.163636363636,3.11363636364,3.27272727273,1.8,2.25,1.42062726223,0.434080552347,0.227272727273,0.924416277737,0.564921058617,0.292929292929,1.68954001271,1.03249667443,0.525252525253,1.14353419474,0.367266456706,3.875,3.11363636364,1.14353419474,3.875,0.366666666667,0.266666666667,4,0.0242424242424,0.221111111111,11,11,11,1,0,0.0909090909091,0.636363636364,0.272727272727,-2,-0.0181818181818,0.0702479338843,-0.363636363636,-0.2,-0.25,-0.268912750482,-0.030542951148,-0.0181818181818,-0.243332138505,-0.0773405703161,-0.0434343434343,-0.250469359339,-0.0345084801933,-0.0111111111111,0.0866354202056,0.0199894662943,0.329545454545,0.0702479338843,0.0866354202056,0.329545454545,-0.132380952381,-0.133333333333,-4,-0.0242424242424,-0.0344444444444,0,0,0,18,0,2,90,0.9,1,0,0.1,1,0.9,0.947368421053,0.938314863257,0.9,0.9,5,7,0,0,0,0
2136,WLNM_dir_neg,0.857142857143,0.559981684982,00:00:01,10,50,38,1175612487,threshold_sweep,0.3,1,0.714285714286,0.833333333333,5,0,2,14,0.714285714286,1,0,0.285714285714,1,0.714285714286,0.833333333333,0.904761904762,0.587301587302,0.769230769231,0.790569415042,0.714285714286,20,13,7,0,20,0,13,0,7,11,20,0.181818181818,3.04338842975,3.63636363636,2,2.5,1.68954001271,0.464623503495,0.245454545455,1.16774841624,0.642261628933,0.336363636364,1.94000937205,1.06700515463,0.536363636364,1.05689877454,0.347276990411,3.54545454545,3.04338842975,1.05689877454,3.54545454545,0.499047619048,0.4,8,0.0484848484848,0.255555555556,11,11,11,1,0,0.0909090909091,0.636363636364,0.272727272727,11,0.118181818182,3.72727272727,2.36363636364,1.3,1.625,1.43336856898,0.6064251638,0.286713286713,0.603022689156,0.510249967747,0.237762237762,1.40129809949,1.18571377649,0.503496503497,2.05382127221,0.551025219373,7,3.72727272727,2.05382127221,7,0,0,0,0,0.22962962963,11,11,11,1,0,0.0909090909091,0.636363636364,0.272727272727,11,18,0.163636363636,3.11363636364,3.27272727273,1.8,2.25,1.42062726223,0.434080552347,0.227272727273,0.924416277737,0.564921058617,0.292929292929,1.68954001271,1.03249667443,0.525252525253,1.14353419474,0.367266456706,3.875,3.11363636364,1.14353419474,3.875,0.366666666667,0.266666666667,4,0.0242424242424,0.221111111111,11,11,11,1,0,0.0909090909091,0.636363636364,0.272727272727,-2,-0.0181818181818,0.0702479338843,-0.363636363636,-0.2,-0.25,-0.268912750482,-0.030542951148,-0.0181818181818,-0.243332138505,-0.0773405703161,-0.0434343434343,-0.250469359339,-0.0345084801933,-0.0111111111111,0.0866354202056,0.0199894662943,0.329545454545,0.0702479338843,0.0866354202056,0.329545454545,-0.132380952381,-0.133333333333,-4,-0.0242424242424,-0.0344444444444,0,0,0,18,0,2,90,0.9,1,0,0.1,1,0.9,0.947368421053,0.938314863257,0.9,0.9,5,7,0,0,0,0
2137,WLNM_dir_neg,0.857142857143,0.559981684982,00:00:01,10,50,38,1175612487,threshold_sweep,0.4,1,0.714285714286,0.833333333333,5,0,2,14,0.714285714286,1,0,0.285714285714,1,0.714285714286,0.833333333333,0.904761904762,0.587301587302,0.769230769231,0.790569415042,0.714285714286,20,13,7,0,20,0,13,0,7,11,20,0.181818181818,3.04338842975,3.63636363636,2,2.5,1.68954001271,0.464623503495,0.245454545455,1.16774841624,0.642261628933,0.336363636364,1.94000937205,1.06700515463,0.536363636364,1.05689877454,0.347276990411,3.54545454545,3.04338842975,1.05689877454,3.54545454545,0.499047619048,0.4,8,0.0484848484848,0.255555555556,11,11,11,1,0,0.0909090909091,0.636363636364,0.272727272727,11,0.118181818182,3.72727272727,2.36363636364,1.3,1.625,1.43336856898,0.6064251638,0.286713286713,0.603022689156,0.510249967747,0.237762237762,1.40129809949,1.18571377649,0.503496503497,2.05382127221,0.551025219373,7,3.72727272727,2.05382127221,7,0,0,0,0,0.22962962963,11,11,11,1,0,0.0909090909091,0.636363636364,0.272727272727,11,18,0.163636363636,3.11363636364,3.27272727273,1.8,2.25,1.42062726223,0.434080552347,0.227272727273,0.924416277737,0.564921058617,0.292929292929,1.68954001271,1.03249667443,0.525252525253,1.14353419474,0.367266456706,3.875,3.11363636364,1.14353419474,3.875,0.366666666667,0.266666666667,4,0.0242424242424,0.221111111111,11,11,11,1,0,0.0909090909091,0.636363636364,0.272727272727,-2,-0.0181818181818,0.0702479338843,-0.363636363636,-0.2,-0.25,-0.268912750482,-0.030542951148,-0.0181818181818,-0.243332138505,-0.0773405703161,-0.0434343434343,-0.250469359339,-0.0345084801933,-0.0111111111111,0.0866354202056,0.0199894662943,0.329545454545,0.0702479338843,0.0866354202056,0.329545454545,-0.132380952381,-0.133333333333,-4,-0.0242424242424,-0.0344444444444,0,0,0,18,0,2,90,0.9,1,0,0.1,1,0.9,0.947368421053,0.938314863257,0.9,0.9,5,7,0,0,0,0
2138,WLNM_dir_neg,0.857142857143,0.559981684982,00:00:01,10,50,38,1175612487,threshold_sweep,0.5,1,0.714285714286,0.833333333333,5,0,2,14,0.714285714286,1,0,0.285714285714,1,0.714285714286,0.833333333333,0.904761904762,0.587301587302,0.769230769231,0.790569415042,0.714285714286,20,13,7,0,20,0,13,0,7,11,20,0.181818181818,3.04338842975,3.63636363636,2,2.5,1.68954001271,0.464623503495,0.245454545455,1.16774841624,0.642261628933,0.336363636364,1.94000937205,1.06700515463,0.536363636364,1.05689877454,0.347276990411,3.54545454545,3.04338842975,1.05689877454,3.54545454545,0.499047619048,0.4,8,0.0484848484848,0.255555555556,11,11,11,1,0,0.0909090909091,0.636363636364,0.272727272727,11,0.118181818182,3.72727272727,2.36363636364,1.3,1.625,1.43336856898,0.6064251638,0.286713286713,0.603022689156,0.510249967747,0.237762237762,1.40129809949,1.18571377649,0.503496503497,2.05382127221,0.551025219373,7,3.72727272727,2.05382127221,7,0,0,0,0,0.22962962963,11,11,11,1,0,0.0909090909091,0.636363636364,0.272727272727,11,18,0.163636363636,3.11363636364,3.27272727273,1.8,2.25,1.42062726223,0.434080552347,0.227272727273,0.924416277737,0.564921058617,0.292929292929,1.68954001271,1.03249667443,0.525252525253,1.14353419474,0.367266456706,3.875,3.11363636364,1.14353419474,3.875,0.366666666667,0.266666666667,4,0.0242424242424,0.221111111111,11,11,11,1,0,0.0909090909091,0.636363636364,0.272727272727,-2,-0.0181818181818,0.0702479338843,-0.363636363636,-0.2,-0.25,-0.268912750482,-0.030542951148,-0.0181818181818,-0.243332138505,-0.0773405703161,-0.0434343434343,-0.250469359339,-0.0345084801933,-0.0111111111111,0.0866354202056,0.0199894662943,0.329545454545,0.0702479338843,0.0866354202056,0.329545454545,-0.132380952381,-0.133333333333,-4,-0.0242424242424,-0.0344444444444,0,0,0,18,0,2,90,0.9,1,0,0.1,1,0.9,0.947368421053,0.938314863257,0.9,0.9,5,7,0,0,0,0
2139,WLNM_dir_neg,0.857142857143,0.559981684982,00:00:01,10,50,38,1175612487,threshold_sweep,0.6,1,0.714285714286,0.833333333333,5,0,2,14,0.714285714286,1,0,0.285714285714,1,0.714285714286,0.833333333333,0.904761904762,0.587301587302,0.769230769231,0.790569415042,0.714285714286,20,13,7,0,20,0,13,0,7,11,20,0.181818181818,3.04338842975,3.63636363636,2,2.5,1.68954001271,0.464623503495,0.245454545455,1.16774841624,0.642261628933,0.336363636364,1.94000937205,1.06700515463,0.536363636364,1.05689877454,0.347276990411,3.54545454545,3.04338842975,1.05689877454,3.54545454545,0.499047619048,0.4,8,0.0484848484848,0.255555555556,11,11,11,1,0,0.0909090909091,0.636363636364,0.272727272727,11,0.118181818182,3.72727272727,2.36363636364,1.3,1.625,1.43336856898,0.6064251638,0.286713286713,0.603022689156,0.510249967747,0.237762237762,1.40129809949,1.18571377649,0.503496503497,2.05382127221,0.551025219373,7,3.72727272727,2.05382127221,7,0,0,0,0,0.22962962963,11,11,11,1,0,0.0909090909091,0.636363636364,0.272727272727,11,18,0.163636363636,3.11363636364,3.27272727273,1.8,2.25,1.42062726223,0.434080552347,0.227272727273,0.924416277737,0.564921058617,0.292929292929,1.68954001271,1.03249667443,0.525252525253,1.14353419474,0.367266456706,3.875,3.11363636364,1.14353419474,3.875,0.366666666667,0.266666666667,4,0.0242424242424,0.221111111111,11,11,11,1,0,0.0909090909091,0.636363636364,0.272727272727,-2,-0.0181818181818,0.0702479338843,-0.363636363636,-0.2,-0.25,-0.268912750482,-0.030542951148,-0.0181818181818,-0.243332138505,-0.0773405703161,-0.0434343434343,-0.250469359339,-0.0345084801933,-0.0111111111111,0.0866354202056,0.0199894662943,0.329545454545,0.0702479338843,0.0866354202056,0.329545454545,-0.132380952381,-0.133333333333,-4,-0.0242424242424,-0.0344444444444,0,0,0,18,0,2,90,0.9,1,0,0.1,1,0.9,0.947368421053,0.938314863257,0.9,0.9,5,7,0,0,0,0
2140,WLNM_dir_neg,0.857142857143,0.559981684982,00:00:01,10,50,38,1175612487,threshold_sweep,0.7,1,0.714285714286,0.833333333333,5,0,2,14,0.714285714286,1,0,0.285714285714,1,0.714285714286,0.833333333333,0.904761904762,0.587301587302,0.769230769231,0.790569415042,0.714285714286,20,13,7,0,20,0,13,0,7,11,20,0.181818181818,3.04338842975,3.63636363636,2,2.5,1.68954001271,0.464623503495,0.245454545455,1.16774841624,0.642261628933,0.336363636364,1.94000937205,1.06700515463,0.536363636364,1.05689877454,0.347276990411,3.54545454545,3.04338842975,1.05689877454,3.54545454545,0.499047619048,0.4,8,0.0484848484848,0.255555555556,11,11,11,1,0,0.0909090909091,0.636363636364,0.272727272727,11,0.118181818182,3.72727272727,2.36363636364,1.3,1.625,1.43336856898,0.6064251638,0.286713286713,0.603022689156,0.510249967747,0.237762237762,1.40129809949,1.18571377649,0.503496503497,2.05382127221,0.551025219373,7,3.72727272727,2.05382127221,7,0,0,0,0,0.22962962963,11,11,11,1,0,0.0909090909091,0.636363636364,0.272727272727,11,18,0.163636363636,3.11363636364,3.27272727273,1.8,2.25,1.42062726223,0.434080552347,0.227272727273,0.924416277737,0.564921058617,0.292929292929,1.68954001271,1.03249667443,0.525252525253,1.14353419474,0.367266456706,3.875,3.11363636364,1.14353419474,3.875,0.366666666667,0.266666666667,4,0.0242424242424,0.221111111111,11,11,11,1,0,0.0909090909091,0.636363636364,0.272727272727,-2,-0.0181818181818,0.0702479338843,-0.363636363636,-0.2,-0.25,-0.268912750482,-0.030542951148,-0.0181818181818,-0.243332138505,-0.0773405703161,-0.0434343434343,-0.250469359339,-0.0345084801933,-0.0111111111111,0.0866354202056,0.0199894662943,0.329545454545,0.0702479338843,0.0866354202056,0.329545454545,-0.132380952381,-0.133333333333,-4,-0.0242424242424,-0.0344444444444,0,0,0,18,0,2,90,0.9,1,0,0.1,1,0.9,0.947368421053,0.938314863257,0.9,0.9,5,7,0,0,0,0
2141,WLNM_dir_neg,0.857142857143,0.559981684982,00:00:01,10,50,38,1175612487,threshold_sweep,0.8,1,0.714285714286,0.833333333333,5,0,2,14,0.714285714286,1,0,0.285714285714,1,0.714285714286,0.833333333333,0.904761904762,0.587301587302,0.769230769231,0.790569415042,0.714285714286,20,13,7,0,20,0,13,0,7,11,20,0.181818181818,3.04338842975,3.63636363636,2,2.5,1.68954001271,0.464623503495,0.245454545455,1.16774841624,0.642261628933,0.336363636364,1.94000937205,1.06700515463,0.536363636364,1.05689877454,0.347276990411,3.54545454545,3.04338842975,1.05689877454,3.54545454545,0.499047619048,0.4,8,0.0484848484848,0.255555555556,11,11,11,1,0,0.0909090909091,0.636363636364,0.272727272727,11,0.118181818182,3.72727272727,2.36363636364,1.3,1.625,1.43336856898,0.6064251638,0.286713286713,0.603022689156,0.510249967747,0.237762237762,1.40129809949,1.18571377649,0.503496503497,2.05382127221,0.551025219373,7,3.72727272727,2.05382127221,7,0,0,0,0,0.22962962963,11,11,11,1,0,0.0909090909091,0.636363636364,0.272727272727,11,18,0.163636363636,3.11363636364,3.27272727273,1.8,2.25,1.42062726223,0.434080552347,0.227272727273,0.924416277737,0.564921058617,0.292929292929,1.68954001271,1.03249667443,0.525252525253,1.14353419474,0.367266456706,3.875,3.11363636364,1.14353419474,3.875,0.366666666667,0.266666666667,4,0.0242424242424,0.221111111111,11,11,11,1,0,0.0909090909091,0.636363636364,0.272727272727,-2,-0.0181818181818,0.0702479338843,-0.363636363636,-0.2,-0.25,-0.268912750482,-0.030542951148,-0.0181818181818,-0.243332138505,-0.0773405703161,-0.0434343434343,-0.250469359339,-0.0345084801933,-0.0111111111111,0.0866354202056,0.0199894662943,0.329545454545,0.0702479338843,0.0866354202056,0.329545454545,-0.132380952381,-0.133333333333,-4,-0.0242424242424,-0.0344444444444,0,0,0,18,0,2,90,0.9,1,0,0.1,1,0.9,0.947368421053,0.938314863257,0.9,0.9,5,7,0,0,0,0
2142,WLNM_dir_neg,0.857142857143,0.559981684982,00:00:01,10,50,38,1175612487,threshold_sweep,0.9,1,0.714285714286,0.833333333333,5,0,2,14,0.714285714286,1,0,0.285714285714,1,0.714285714286,0.833333333333,0.904761904762,0.587301587302,0.769230769231,0.790569415042,0.714285714286,20,13,7,0,20,0,13,0,7,11,20,0.181818181818,3.04338842975,3.63636363636,2,2.5,1.68954001271,0.464623503495,0.245454545455,1.16774841624,0.642261628933,0.336363636364,1.94000937205,1.06700515463,0.536363636364,1.05689877454,0.347276990411,3.54545454545,3.04338842975,1.05689877454,3.54545454545,0.499047619048,0.4,8,0.0484848484848,0.255555555556,11,11,11,1,0,0.0909090909091,0.636363636364,0.272727272727,11,0.118181818182,3.72727272727,2.36363636364,1.3,1.625,1.43336856898,0.6064251638,0.286713286713,0.603022689156,0.510249967747,0.237762237762,1.40129809949,1.18571377649,0.503496503497,2.05382127221,0.551025219373,7,3.72727272727,2.05382127221,7,0,0,0,0,0.22962962963,11,11,11,1,0,0.0909090909091,0.636363636364,0.272727272727,11,18,0.163636363636,3.11363636364,3.27272727273,1.8,2.25,1.42062726223,0.434080552347,0.227272727273,0.924416277737,0.564921058617,0.292929292929,1.68954001271,1.03249667443,0.525252525253,1.14353419474,0.367266456706,3.875,3.11363636364,1.14353419474,3.875,0.366666666667,0.266666666667,4,0.0242424242424,0.221111111111,11,11,11,1,0,0.0909090909091,0.636363636364,0.272727272727,-2,-0.0181818181818,0.0702479338843,-0.363636363636,-0.2,-0.25,-0.268912750482,-0.030542951148,-0.0181818181818,-0.243332138505,-0.0773405703161,-0.0434343434343,-0.250469359339,-0.0345084801933,-0.0111111111111,0.0866354202056,0.0199894662943,0.329545454545,0.0702479338843,0.0866354202056,0.329545454545,-0.132380952381,-0.133333333333,-4,-0.0242424242424,-0.0344444444444,0,0,0,18,0,2,90,0.9,1,0,0.1,1,0.9,0.947368421053,0.938314863257,0.9,0.9,5,7,0,0,0,0
2143,WLNM_dir_neg,0.897959183673,0.583874458874,00:00:01,10,50,39,1175612488,threshold_sweep,0.1,1,0.428571428571,0.6,3,0,4,14,0.428571428571,1,0,0.571428571429,1,0.428571428571,0.6,0.809523809524,0.619047619048,0.5,0.57735026919,0.428571428571,20,13,7,0,20,0,13,0,7,11,20,0.181818181818,3.04338842975,3.63636363636,2,2.5,1.68954001271,0.464623503495,0.245454545455,1.16774841624,0.642261628933,0.336363636364,1.94000937205,1.06700515463,0.536363636364,1.05689877454,0.347276990411,3.54545454545,3.04338842975,1.05689877454,3.54545454545,0.499047619048,0.4,8,0.0484848484848,0.255555555556,11,11,11,1,0,0.0909090909091,0.636363636364,0.272727272727,11,0.118181818182,3.72727272727,2.36363636364,1.3,1.625,1.43336856898,0.6064251638,0.286713286713,0.603022689156,0.510249967747,0.237762237762,1.40129809949,1.18571377649,0.503496503497,2.05382127221,0.551025219373,7,3.72727272727,2.05382127221,7,0,0,0,0,0.22962962963,11,11,11,1,0,0.0909090909091,0.636363636364,0.272727272727,11,16,0.145454545455,3.34090909091,2.90909090909,1.6,2,1.3751033019,0.47269176003,0.238636363636,0.820199532265,0.563887178432,0.284090909091,1.57249078621,1.08108741552,0.522727272727,1.55833535894,0.4664405156,5.5,3.34090909091,1.55833535894,5.5,0.32962962963,0.25,3,0.0181818181818,0.196296296296,11,11,11,1,0,0.0909090909091,0.636363636364,0.272727272727,-4,-0.0363636363636,0.297520661157,-0.727272727273,-0.4,-0.5,-0.314436710805,0.00806825653469,-0.00681818181818,-0.347548883978,-0.0783744505013,-0.0522727272727,-0.367518585835,0.0140822608953,-0.0136363636364,0.501436584399,0.119163525188,1.95454545455,0.297520661157,0.501436584399,1.95454545455,-0.169417989418,-0.15,-5,-0.030303030303,-0.0592592592593,0,0,0,16,0,4,90,0.8,1,0,0.2,1,0.8,0.888888888889,0.875189948987,0.8,0.8,3,7,0,0,0,0
2144,WLNM_dir_neg,0.897959183673,0.583874458874,00:00:01,10,50,39,1175612488,threshold_sweep,0.2,1,0.428571428571,0.6,3,0,4,14,0.428571428571,1,0,0.571428571429,1,0.428571428571,0.6,0.809523809524,0.619047619048,0.5,0.57735026919,0.428571428571,20,13,7,0,20,0,13,0,7,11,20,0.181818181818,3.04338842975,3.63636363636,2,2.5,1.68954001271,0.464623503495,0.245454545455,1.16774841624,0.642261628933,0.336363636364,1.94000937205,1.06700515463,0.536363636364,1.05689877454,0.347276990411,3.54545454545,3.04338842975,1.05689877454,3.54545454545,0.499047619048,0.4,8,0.0484848484848,0.255555555556,11,11,11,1,0,0.0909090909091,0.636363636364,0.272727272727,11,0.118181818182,3.72727272727,2.36363636364,1.3,1.625,1.43336856898,0.6064251638,0.286713286713,0.603022689156,0.510249967747,0.237762237762,1.40129809949,1.18571377649,0.503496503497,2.05382127221,0.551025219373,7,3.72727272727,2.05382127221,7,0,0,0,0,0.22962962963,11,11,11,1,0,0.0909090909091,0.636363636364,0.272727272727,11,16,0.145454545455,3.34090909091,2.90909090909,1.6,2,1.3751033019,0.47269176003,0.238636363636,0.820199532265,0.563887178432,0.284090909091,1.57249078621,1.08108741552,0.522727272727,1.55833535894,0.4664405156,5.5,3.34090909091,1.55833535894,5.5,0.32962962963,0.25,3,0.0181818181818,0.196296296296,11,11,11,1,0,0.0909090909091,0.636363636364,0.272727272727,-4,-0.0363636363636,0.297520661157,-0.727272727273,-0.4,-0.5,-0.314436710805,0.00806825653469,-0.00681818181818,-0.347548883978,-0.0783744505013,-0.0522727272727,-0.367518585835,0.0140822608953,-0.0136363636364,0.501436584399,0.119163525188,1.95454545455,0.297520661157,0.501436584399,1.95454545455,-0.169417989418,-0.15,-5,-0.030303030303,-0.0592592592593,0,0,0,16,0,4,90,0.8,1,0,0.2,1,0.8,0.888888888889,0.875189948987,0.8,0.8,3,7,0,0,0,0
2145,WLNM_dir_neg,0.897959183673,0.583874458874,00:00:01,10,50,39,1175612488,threshold_sweep,0.3,1,0.428571428571,0.6,3,0,4,14,0.428571428571,1,0,0.571428571429,1,0.428571428571,0.6,0.809523809524,0.619047619048,0.5,0.57735026919,0.428571428571,20,13,7,0,20,0,13,0,7,11,20,0.181818181818,3.04338842975,3.63636363636,2,2.5,1.68954001271,0.464623503495,0.245454545455,1.16774841624,0.642261628933,0.336363636364,1.94000937205,1.06700515463,0.536363636364,1.05689877454,0.347276990411,3.54545454545,3.04338842975,1.05689877454,3.54545454545,0.499047619048,0.4,8,0.0484848484848,0.255555555556,11,11,11,1,0,0.0909090909091,0.636363636364,0.272727272727,11,0.118181818182,3.72727272727,2.36363636364,1.3,1.625,1.43336856898,0.6064251638,0.286713286713,0.603022689156,0.510249967747,0.237762237762,1.40129809949,1.18571377649,0.503496503497,2.05382127221,0.551025219373,7,3.72727272727,2.05382127221,7,0,0,0,0,0.22962962963,11,11,11,1,0,0.0909090909091,0.636363636364,0.272727272727,11,16,0.145454545455,3.34090909091,2.90909090909,1.6,2,1.3751033019,0.47269176003,0.238636363636,0.820199532265,0.563887178432,0.284090909091,1.57249078621,1.08108741552,0.522727272727,1.55833535894,0.4664405156,5.5,3.34090909091,1.55833535894,5.5,0.32962962963,0.25,3,0.0181818181818,0.196296296296,11,11,11,1,0,0.0909090909091,0.636363636364,0.272727272727,-4,-0.0363636363636,0.297520661157,-0.727272727273,-0.4,-0.5,-0.314436710805,0.00806825653469,-0.00681818181818,-0.347548883978,-0.0783744505013,-0.0522727272727,-0.367518585835,0.0140822608953,-0.0136363636364,0.501436584399,0.119163525188,1.95454545455,0.297520661157,0.501436584399,1.95454545455,-0.169417989418,-0.15,-5,-0.030303030303,-0.0592592592593,0,0,0,16,0,4,90,0.8,1,0,0.2,1,0.8,0.888888888889,0.875189948987,0.8,0.8,3,7,0,0,0,0
2146,WLNM_dir_neg,0.897959183673,0.583874458874,00:00:01,10,50,39,1175612488,threshold_sweep,0.4,1,0.285714285714,0.444444444444,2,0,5,14,0.285714285714,1,0,0.714285714286,1,0.285714285714,0.444444444444,0.761904761905,0.634920634921,0.347826086957,0.458831467741,0.285714285714,20,13,7,0,20,0,13,0,7,11,20,0.181818181818,3.04338842975,3.63636363636,2,2.5,1.68954001271,0.464623503495,0.245454545455,1.16774841624,0.642261628933,0.336363636364,1.94000937205,1.06700515463,0.536363636364,1.05689877454,0.347276990411,3.54545454545,3.04338842975,1.05689877454,3.54545454545,0.499047619048,0.4,8,0.0484848484848,0.255555555556,11,11,11,1,0,0.0909090909091,0.636363636364,0.272727272727,11,0.118181818182,3.72727272727,2.36363636364,1.3,1.625,1.43336856898,0.6064251638,0.286713286713,0.603022689156,0.510249967747,0.237762237762,1.40129809949,1.18571377649,0.503496503497,2.05382127221,0.551025219373,7,3.72727272727,2.05382127221,7,0,0,0,0,0.22962962963,11,11,11,1,0,0.0909090909091,0.636363636364,0.272727272727,11,15,0.136363636364,3.61363636364,2.72727272727,1.5,1.875,1.27207775634,0.466428510659,0.212121212121,0.674199862463,0.494413232473,0.242424242424,1.50151438706,1.10111055051,0.521212121212,2.09572074823,0.579947880012,7,3.61363636364,2.09572074823,7,0.237037037037,0.193548387097,2,0.0121212121212,0.185185185185,11,11,11,1,0,0.0909090909091,0.636363636364,0.272727272727,-5,-0.0454545454545,0.570247933884,-0.909090909091,-0.5,-0.625,-0.417462256367,0.00180500716395,-0.0333333333333,-0.493548553779,-0.14784839646,-0.0939393939394,-0.438494984989,0.0341053958833,-0.0151515151515,1.03882197369,0.232670889601,3.45454545455,0.570247933884,1.03882197369,3.45454545455,-0.262010582011,-0.206451612903,-6,-0.0363636363636,-0.0703703703704,0,0,0,15,0,5,90,0.75,1,0,0.25,1,0.75,0.857142857143,0.842927230424,0.75,0.75,2,7,0,0,0,0
2147,WLNM_dir_neg,0.897959183673,0.583874458874,00:00:01,10,50,39,1175612488,threshold_sweep,0.5,1,0.285714285714,0.444444444444,2,0,5,14,0.285714285714,1,0,0.714285714286,1,0.285714285714,0.444444444444,0.761904761905,0.634920634921,0.347826086957,0.458831467741,0.285714285714,20,13,7,0,20,0,13,0,7,11,20,0.181818181818,3.04338842975,3.63636363636,2,2.5,1.68954001271,0.464623503495,0.245454545455,1.16774841624,0.642261628933,0.336363636364,1.94000937205,1.06700515463,0.536363636364,1.05689877454,0.347276990411,3.54545454545,3.04338842975,1.05689877454,3.54545454545,0.499047619048,0.4,8,0.0484848484848,0.255555555556,11,11,11,1,0,0.0909090909091,0.636363636364,0.272727272727,11,0.118181818182,3.72727272727,2.36363636364,1.3,1.625,1.43336856898,0.6064251638,0.286713286713,0.603022689156,0.510249967747,0.237762237762,1.40129809949,1.18571377649,0.503496503497,2.05382127221,0.551025219373,7,3.72727272727,2.05382127221,7,0,0,0,0,0.22962962963,11,11,11,1,0,0.0909090909091,0.636363636364,0.272727272727,11,15,0.136363636364,3.61363636364,2.72727272727,1.5,1.875,1.27207775634,0.466428510659,0.212121212121,0.674199862463,0.494413232473,0.242424242424,1.50151438706,1.10111055051,0.521212121212,2.09572074823,0.579947880012,7,3.61363636364,2.09572074823,7,0.237037037037,0.193548387097,2,0.0121212121212,0.185185185185,11,11,11,1,0,0.0909090909091,0.636363636364,0.272727272727,-5,-0.0454545454545,0.570247933884,-0.909090909091,-0.5,-0.625,-0.417462256367,0.00180500716395,-0.0333333333333,-0.493548553779,-0.14784839646,-0.0939393939394,-0.438494984989,0.0341053958833,-0.0151515151515,1.03882197369,0.232670889601,3.45454545455,0.570247933884,1.03882197369,3.45454545455,-0.262010582011,-0.206451612903,-6,-0.0363636363636,-0.0703703703704,0,0,0,15,0,5,90,0.75,1,0,0.25,1,0.75,0.857142857143,0.842927230424,0.75,0.75,2,7,0,0,0,0
2148,WLNM_dir_neg,0.897959183673,0.583874458874,00:00:01,10,50,39,1175612488,threshold_sweep,0.6,1,0.285714285714,0.444444444444,2,0,5,14,0.285714285714,1,0,0.714285714286,1,0.285714285714,0.444444444444,0.761904761905,0.634920634921,0.347826086957,0.458831467741,0.285714285714,20,13,7,0,20,0,13,0,7,11,20,0.181818181818,3.04338842975,3.63636363636,2,2.5,1.68954001271,0.464623503495,0.245454545455,1.16774841624,0.642261628933,0.336363636364,1.94000937205,1.06700515463,0.536363636364,1.05689877454,0.347276990411,3.54545454545,3.04338842975,1.05689877454,3.54545454545,0.499047619048,0.4,8,0.0484848484848,0.255555555556,11,11,11,1,0,0.0909090909091,0.636363636364,0.272727272727,11,0.118181818182,3.72727272727,2.36363636364,1.3,1.625,1.43336856898,0.6064251638,0.286713286713,0.603022689156,0.510249967747,0.237762237762,1.40129809949,1.18571377649,0.503496503497,2.05382127221,0.551025219373,7,3.72727272727,2.05382127221,7,0,0,0,0,0.22962962963,11,11,11,1,0,0.0909090909091,0.636363636364,0.272727272727,11,15,0.136363636364,3.61363636364,2.72727272727,1.5,1.875,1.27207775634,0.466428510659,0.212121212121,0.674199862463,0.494413232473,0.242424242424,1.50151438706,1.10111055051,0.521212121212,2.09572074823,0.579947880012,7,3.61363636364,2.09572074823,7,0.237037037037,0.193548387097,2,0.0121212121212,0.185185185185,11,11,11,1,0,0.0909090909091,0.636363636364,0.272727272727,-5,-0.0454545454545,0.570247933884,-0.909090909091,-0.5,-0.625,-0.417462256367,0.00180500716395,-0.0333333333333,-0.493548553779,-0.14784839646,-0.0939393939394,-0.438494984989,0.0341053958833,-0.0151515151515,1.03882197369,0.232670889601,3.45454545455,0.570247933884,1.03882197369,3.45454545455,-0.262010582011,-0.206451612903,-6,-0.0363636363636,-0.0703703703704,0,0,0,15,0,5,90,0.75,1,0,0.25,1,0.75,0.857142857143,0.842927230424,0.75,0.75,2,7,0,0,0,0
2149,WLNM_dir_neg,0.897959183673,0.583874458874,00:00:01,10,50,39,1175612488,threshold_sweep,0.7,1,0.285714285714,0.444444444444,2,0,5,14,0.285714285714,1,0,0.714285714286,1,0.285714285714,0.444444444444,0.761904761905,0.634920634921,0.347826086957,0.458831467741,0.285714285714,20,13,7,0,20,0,13,0,7,11,20,0.181818181818,3.04338842975,3.63636363636,2,2.5,1.68954001271,0.464623503495,0.245454545455,1.16774841624,0.642261628933,0.336363636364,1.94000937205,1.06700515463,0.536363636364,1.05689877454,0.347276990411,3.54545454545,3.04338842975,1.05689877454,3.54545454545,0.499047619048,0.4,8,0.0484848484848,0.255555555556,11,11,11,1,0,0.0909090909091,0.636363636364,0.272727272727,11,0.118181818182,3.72727272727,2.36363636364,1.3,1.625,1.43336856898,0.6064251638,0.286713286713,0.603022689156,0.510249967747,0.237762237762,1.40129809949,1.18571377649,0.503496503497,2.05382127221,0.551025219373,7,3.72727272727,2.05382127221,7,0,0,0,0,0.22962962963,11,11,11,1,0,0.0909090909091,0.636363636364,0.272727272727,11,15,0.136363636364,3.61363636364,2.72727272727,1.5,1.875,1.27207775634,0.466428510659,0.212121212121,0.674199862463,0.494413232473,0.242424242424,1.50151438706,1.10111055051,0.521212121212,2.09572074823,0.579947880012,7,3.61363636364,2.09572074823,7,0.237037037037,0.193548387097,2,0.0121212121212,0.185185185185,11,11,11,1,0,0.0909090909091,0.636363636364,0.272727272727,-5,-0.0454545454545,0.570247933884,-0.909090909091,-0.5,-0.625,-0.417462256367,0.00180500716395,-0.0333333333333,-0.493548553779,-0.14784839646,-0.0939393939394,-0.438494984989,0.0341053958833,-0.0151515151515,1.03882197369,0.232670889601,3.45454545455,0.570247933884,1.03882197369,3.45454545455,-0.262010582011,-0.206451612903,-6,-0.0363636363636,-0.0703703703704,0,0,0,15,0,5,90,0.75,1,0,0.25,1,0.75,0.857142857143,0.842927230424,0.75,0.75,2,7,0,0,0,0
2150,WLNM_dir_neg,0.897959183673,0.583874458874,00:00:01,10,50,39,1175612488,threshold_sweep,0.8,1,0.285714285714,0.444444444444,2,0,5,14,0.285714285714,1,0,0.714285714286,1,0.285714285714,0.444444444444,0.761904761905,0.634920634921,0.347826086957,0.458831467741,0.285714285714,20,13,7,0,20,0,13,0,7,11,20,0.181818181818,3.04338842975,3.63636363636,2,2.5,1.68954001271,0.464623503495,0.245454545455,1.16774841624,0.642261628933,0.336363636364,1.94000937205,1.06700515463,0.536363636364,1.05689877454,0.347276990411,3.54545454545,3.04338842975,1.05689877454,3.54545454545,0.499047619048,0.4,8,0.0484848484848,0.255555555556,11,11,11,1,0,0.0909090909091,0.636363636364,0.272727272727,11,0.118181818182,3.72727272727,2.36363636364,1.3,1.625,1.43336856898,0.6064251638,0.286713286713,0.603022689156,0.510249967747,0.237762237762,1.40129809949,1.18571377649,0.503496503497,2.05382127221,0.551025219373,7,3.72727272727,2.05382127221,7,0,0,0,0,0.22962962963,11,11,11,1,0,0.0909090909091,0.636363636364,0.272727272727,11,15,0.136363636364,3.61363636364,2.72727272727,1.5,1.875,1.27207775634,0.466428510659,0.212121212121,0.674199862463,0.494413232473,0.242424242424,1.50151438706,1.10111055051,0.521212121212,2.09572074823,0.579947880012,7,3.61363636364,2.09572074823,7,0.237037037037,0.193548387097,2,0.0121212121212,0.185185185185,11,11,11,1,0,0.0909090909091,0.636363636364,0.272727272727,-5,-0.0454545454545,0.570247933884,-0.909090909091,-0.5,-0.625,-0.417462256367,0.00180500716395,-0.0333333333333,-0.493548553779,-0.14784839646,-0.0939393939394,-0.438494984989,0.0341053958833,-0.0151515151515,1.03882197369,0.232670889601,3.45454545455,0.570247933884,1.03882197369,3.45454545455,-0.262010582011,-0.206451612903,-6,-0.0363636363636,-0.0703703703704,0,0,0,15,0,5,90,0.75,1,0,0.25,1,0.75,0.857142857143,0.842927230424,0.75,0.75,2,7,0,0,0,0
2151,WLNM_dir_neg,0.897959183673,0.583874458874,00:00:01,10,50,39,1175612488,threshold_sweep,0.9,1,0.285714285714,0.444444444444,2,0,5,14,0.285714285714,1,0,0.714285714286,1,0.285714285714,0.444444444444,0.761904761905,0.634920634921,0.347826086957,0.458831467741,0.285714285714,20,13,7,0,20,0,13,0,7,11,20,0.181818181818,3.04338842975,3.63636363636,2,2.5,1.68954001271,0.464623503495,0.245454545455,1.16774841624,0.642261628933,0.336363636364,1.94000937205,1.06700515463,0.536363636364,1.05689877454,0.347276990411,3.54545454545,3.04338842975,1.05689877454,3.54545454545,0.499047619048,0.4,8,0.0484848484848,0.255555555556,11,11,11,1,0,0.0909090909091,0.636363636364,0.272727272727,11,0.118181818182,3.72727272727,2.36363636364,1.3,1.625,1.43336856898,0.6064251638,0.286713286713,0.603022689156,0.510249967747,0.237762237762,1.40129809949,1.18571377649,0.503496503497,2.05382127221,0.551025219373,7,3.72727272727,2.05382127221,7,0,0,0,0,0.22962962963,11,11,11,1,0,0.0909090909091,0.636363636364,0.272727272727,11,15,0.136363636364,3.61363636364,2.72727272727,1.5,1.875,1.27207775634,0.466428510659,0.212121212121,0.674199862463,0.494413232473,0.242424242424,1.50151438706,1.10111055051,0.521212121212,2.09572074823,0.579947880012,7,3.61363636364,2.09572074823,7,0.237037037037,0.193548387097,2,0.0121212121212,0.185185185185,11,11,11,1,0,0.0909090909091,0.636363636364,0.272727272727,-5,-0.0454545454545,0.570247933884,-0.909090909091,-0.5,-0.625,-0.417462256367,0.00180500716395,-0.0333333333333,-0.493548553779,-0.14784839646,-0.0939393939394,-0.438494984989,0.0341053958833,-0.0151515151515,1.03882197369,0.232670889601,3.45454545455,0.570247933884,1.03882197369,3.45454545455,-0.262010582011,-0.206451612903,-6,-0.0363636363636,-0.0703703703704,0,0,0,15,0,5,90,0.75,1,0,0.25,1,0.75,0.857142857143,0.842927230424,0.75,0.75,2,7,0,0,0,0
2152,WLNM_dir_neg,0.887755102041,0.542024840239,00:00:01,10,50,40,1175612489,threshold_sweep,0.1,1,0.571428571429,0.727272727273,4,0,3,14,0.571428571429,1,0,0.428571428571,1,0.571428571429,0.727272727273,0.857142857143,0.603174603175,0.64,0.68599434057,0.571428571429,20,13,7,0,20,0,13,0,7,11,20,0.181818181818,3.04338842975,3.63636363636,2,2.5,1.68954001271,0.464623503495,0.245454545455,1.16774841624,0.642261628933,0.336363636364,1.94000937205,1.06700515463,0.536363636364,1.05689877454,0.347276990411,3.54545454545,3.04338842975,1.05689877454,3.54545454545,0.499047619048,0.4,8,0.0484848484848,0.255555555556,11,11,11,1,0,0.0909090909091,0.636363636364,0.272727272727,11,0.118181818182,3.72727272727,2.36363636364,1.3,1.625,1.43336856898,0.6064251638,0.286713286713,0.603022689156,0.510249967747,0.237762237762,1.40129809949,1.18571377649,0.503496503497,2.05382127221,0.551025219373,7,3.72727272727,2.05382127221,7,0,0,0,0,0.22962962963,11,11,11,1,0,0.0909090909091,0.636363636364,0.272727272727,11,17,0.154545454545,3.17727272727,3.09090909091,1.7,2.125,1.30034960334,0.420701342257,0.208556149733,0.820199532265,0.530717344407,0.267379679144,1.57249078621,1.01749403814,0.513368983957,1.2536673475,0.394573414091,4.4,3.17727272727,1.2536673475,4.4,0.213333333333,0.153846153846,2,0.0121212121212,0.205555555556,11,11,11,1,0,0.0909090909091,0.636363636364,0.272727272727,-3,-0.0272727272727,0.133884297521,-0.545454545455,-0.3,-0.375,-0.389190409368,-0.0439221612377,-0.0368983957219,-0.347548883978,-0.111544284527,-0.0689839572193,-0.367518585835,-0.0495111164884,-0.0229946524064,0.196768572961,0.0472964236795,0.854545454545,0.133884297521,0.196768572961,0.854545454545,-0.285714285714,-0.246153846154,-6,-0.0363636363636,-0.05,0,0,0,17,0,3,90,0.85,1,0,0.15,1,0.85,0.918918918919,0.906962317388,0.85,0.85,4,7,0,0,0,0
2153,WLNM_dir_neg,0.887755102041,0.542024840239,00:00:01,10,50,40,1175612489,threshold_sweep,0.2,1,0.571428571429,0.727272727273,4,0,3,14,0.571428571429,1,0,0.428571428571,1,0.571428571429,0.727272727273,0.857142857143,0.603174603175,0.64,0.68599434057,0.571428571429,20,13,7,0,20,0,13,0,7,11,20,0.181818181818,3.04338842975,3.63636363636,2,2.5,1.68954001271,0.464623503495,0.245454545455,1.16774841624,0.642261628933,0.336363636364,1.94000937205,1.06700515463,0.536363636364,1.05689877454,0.347276990411,3.54545454545,3.04338842975,1.05689877454,3.54545454545,0.499047619048,0.4,8,0.0484848484848,0.255555555556,11,11,11,1,0,0.0909090909091,0.636363636364,0.272727272727,11,0.118181818182,3.72727272727,2.36363636364,1.3,1.625,1.43336856898,0.6064251638,0.286713286713,0.603022689156,0.510249967747,0.237762237762,1.40129809949,1.18571377649,0.503496503497,2.05382127221,0.551025219373,7,3.72727272727,2.05382127221,7,0,0,0,0,0.22962962963,11,11,11,1,0,0.0909090909091,0.636363636364,0.272727272727,11,17,0.154545454545,3.17727272727,3.09090909091,1.7,2.125,1.30034960334,0.420701342257,0.208556149733,0.820199532265,0.530717344407,0.267379679144,1.57249078621,1.01749403814,0.513368983957,1.2536673475,0.394573414091,4.4,3.17727272727,1.2536673475,4.4,0.213333333333,0.153846153846,2,0.0121212121212,0.205555555556,11,11,11,1,0,0.0909090909091,0.636363636364,0.272727272727,-3,-0.0272727272727,0.133884297521,-0.545454545455,-0.3,-0.375,-0.389190409368,-0.0439221612377,-0.0368983957219,-0.347548883978,-0.111544284527,-0.0689839572193,-0.367518585835,-0.0495111164884,-0.0229946524064,0.196768572961,0.0472964236795,0.854545454545,0.133884297521,0.196768572961,0.854545454545,-0.285714285714,-0.246153846154,-6,-0.0363636363636,-0.05,0,0,0,17,0,3,90,0.85,1,0,0.15,1,0.85,0.918918918919,0.906962317388,0.85,0.85,4,7,0,0,0,0
2154,WLNM_dir_neg,0.887755102041,0.542024840239,00:00:01,10,50,40,1175612489,threshold_sweep,0.3,1,0.571428571429,0.727272727273,4,0,3,14,0.571428571429,1,0,0.428571428571,1,0.571428571429,0.727272727273,0.857142857143,0.603174603175,0.64,0.68599434057,0.571428571429,20,13,7,0,20,0,13,0,7,11,20,0.181818181818,3.04338842975,3.63636363636,2,2.5,1.68954001271,0.464623503495,0.245454545455,1.16774841624,0.642261628933,0.336363636364,1.94000937205,1.06700515463,0.536363636364,1.05689877454,0.347276990411,3.54545454545,3.04338842975,1.05689877454,3.54545454545,0.499047619048,0.4,8,0.0484848484848,0.255555555556,11,11,11,1,0,0.0909090909091,0.636363636364,0.272727272727,11,0.118181818182,3.72727272727,2.36363636364,1.3,1.625,1.43336856898,0.6064251638,0.286713286713,0.603022689156,0.510249967747,0.237762237762,1.40129809949,1.18571377649,0.503496503497,2.05382127221,0.551025219373,7,3.72727272727,2.05382127221,7,0,0,0,0,0.22962962963,11,11,11,1,0,0.0909090909091,0.636363636364,0.272727272727,11,17,0.154545454545,3.17727272727,3.09090909091,1.7,2.125,1.30034960334,0.420701342257,0.208556149733,0.820199532265,0.530717344407,0.267379679144,1.57249078621,1.01749403814,0.513368983957,1.2536673475,0.394573414091,4.4,3.17727272727,1.2536673475,4.4,0.213333333333,0.153846153846,2,0.0121212121212,0.205555555556,11,11,11,1,0,0.0909090909091,0.636363636364,0.272727272727,-3,-0.0272727272727,0.133884297521,-0.545454545455,-0.3,-0.375,-0.389190409368,-0.0439221612377,-0.0368983957219,-0.347548883978,-0.111544284527,-0.0689839572193,-0.367518585835,-0.0495111164884,-0.0229946524064,0.196768572961,0.0472964236795,0.854545454545,0.133884297521,0.196768572961,0.854545454545,-0.285714285714,-0.246153846154,-6,-0.0363636363636,-0.05,0,0,0,17,0,3,90,0.85,1,0,0.15,1,0.85,0.918918918919,0.906962317388,0.85,0.85,4,7,0,0,0,0
2155,WLNM_dir_neg,0.887755102041,0.542024840239,00:00:01,10,50,40,1175612489,threshold_sweep,0.4,1,0.571428571429,0.727272727273,4,0,3,14,0.571428571429,1,0,0.428571428571,1,0.571428571429,0.727272727273,0.857142857143,0.603174603175,0.64,0.68599434057,0.571428571429,20,13,7,0,20,0,13,0,7,11,20,0.181818181818,3.04338842975,3.63636363636,2,2.5,1.68954001271,0.464623503495,0.245454545455,1.16774841624,0.642261628933,0.336363636364,1.94000937205,1.06700515463,0.536363636364,1.05689877454,0.347276990411,3.54545454545,3.04338842975,1.05689877454,3.54545454545,0.499047619048,0.4,8,0.0484848484848,0.255555555556,11,11,11,1,0,0.0909090909091,0.636363636364,0.272727272727,11,0.118181818182,3.72727272727,2.36363636364,1.3,1.625,1.43336856898,0.6064251638,0.286713286713,0.603022689156,0.510249967747,0.237762237762,1.40129809949,1.18571377649,0.503496503497,2.05382127221,0.551025219373,7,3.72727272727,2.05382127221,7,0,0,0,0,0.22962962963,11,11,11,1,0,0.0909090909091,0.636363636364,0.272727272727,11,17,0.154545454545,3.17727272727,3.09090909091,1.7,2.125,1.30034960334,0.420701342257,0.208556149733,0.820199532265,0.530717344407,0.267379679144,1.57249078621,1.01749403814,0.513368983957,1.2536673475,0.394573414091,4.4,3.17727272727,1.2536673475,4.4,0.213333333333,0.153846153846,2,0.0121212121212,0.205555555556,11,11,11,1,0,0.0909090909091,0.636363636364,0.272727272727,-3,-0.0272727272727,0.133884297521,-0.545454545455,-0.3,-0.375,-0.389190409368,-0.0439221612377,-0.0368983957219,-0.347548883978,-0.111544284527,-0.0689839572193,-0.367518585835,-0.0495111164884,-0.0229946524064,0.196768572961,0.0472964236795,0.854545454545,0.133884297521,0.196768572961,0.854545454545,-0.285714285714,-0.246153846154,-6,-0.0363636363636,-0.05,0,0,0,17,0,3,90,0.85,1,0,0.15,1,0.85,0.918918918919,0.906962317388,0.85,0.85,4,7,0,0,0,0
2156,WLNM_dir_neg,0.887755102041,0.542024840239,00:00:01,10,50,40,1175612489,threshold_sweep,0.5,1,0.571428571429,0.727272727273,4,0,3,14,0.571428571429,1,0,0.428571428571,1,0.571428571429,0.727272727273,0.857142857143,0.603174603175,0.64,0.68599434057,0.571428571429,20,13,7,0,20,0,13,0,7,11,20,0.181818181818,3.04338842975,3.63636363636,2,2.5,1.68954001271,0.464623503495,0.245454545455,1.16774841624,0.642261628933,0.336363636364,1.94000937205,1.06700515463,0.536363636364,1.05689877454,0.347276990411,3.54545454545,3.04338842975,1.05689877454,3.54545454545,0.499047619048,0.4,8,0.0484848484848,0.255555555556,11,11,11,1,0,0.0909090909091,0.636363636364,0.272727272727,11,0.118181818182,3.72727272727,2.36363636364,1.3,1.625,1.43336856898,0.6064251638,0.286713286713,0.603022689156,0.510249967747,0.237762237762,1.40129809949,1.18571377649,0.503496503497,2.05382127221,0.551025219373,7,3.72727272727,2.05382127221,7,0,0,0,0,0.22962962963,11,11,11,1,0,0.0909090909091,0.636363636364,0.272727272727,11,17,0.154545454545,3.17727272727,3.09090909091,1.7,2.125,1.30034960334,0.420701342257,0.208556149733,0.820199532265,0.530717344407,0.267379679144,1.57249078621,1.01749403814,0.513368983957,1.2536673475,0.394573414091,4.4,3.17727272727,1.2536673475,4.4,0.213333333333,0.153846153846,2,0.0121212121212,0.205555555556,11,11,11,1,0,0.0909090909091,0.636363636364,0.272727272727,-3,-0.0272727272727,0.133884297521,-0.545454545455,-0.3,-0.375,-0.389190409368,-0.0439221612377,-0.0368983957219,-0.347548883978,-0.111544284527,-0.0689839572193,-0.367518585835,-0.0495111164884,-0.0229946524064,0.196768572961,0.0472964236795,0.854545454545,0.133884297521,0.196768572961,0.854545454545,-0.285714285714,-0.246153846154,-6,-0.0363636363636,-0.05,0,0,0,17,0,3,90,0.85,1,0,0.15,1,0.85,0.918918918919,0.906962317388,0.85,0.85,4,7,0,0,0,0
2157,WLNM_dir_neg,0.887755102041,0.542024840239,00:00:01,10,50,40,1175612489,threshold_sweep,0.6,1,0.571428571429,0.727272727273,4,0,3,14,0.571428571429,1,0,0.428571428571,1,0.571428571429,0.727272727273,0.857142857143,0.603174603175,0.64,0.68599434057,0.571428571429,20,13,7,0,20,0,13,0,7,11,20,0.181818181818,3.04338842975,3.63636363636,2,2.5,1.68954001271,0.464623503495,0.245454545455,1.16774841624,0.642261628933,0.336363636364,1.94000937205,1.06700515463,0.536363636364,1.05689877454,0.347276990411,3.54545454545,3.04338842975,1.05689877454,3.54545454545,0.499047619048,0.4,8,0.0484848484848,0.255555555556,11,11,11,1,0,0.0909090909091,0.636363636364,0.272727272727,11,0.118181818182,3.72727272727,2.36363636364,1.3,1.625,1.43336856898,0.6064251638,0.286713286713,0.603022689156,0.510249967747,0.237762237762,1.40129809949,1.18571377649,0.503496503497,2.05382127221,0.551025219373,7,3.72727272727,2.05382127221,7,0,0,0,0,0.22962962963,11,11,11,1,0,0.0909090909091,0.636363636364,0.272727272727,11,17,0.154545454545,3.17727272727,3.09090909091,1.7,2.125,1.30034960334,0.420701342257,0.208556149733,0.820199532265,0.530717344407,0.267379679144,1.57249078621,1.01749403814,0.513368983957,1.2536673475,0.394573414091,4.4,3.17727272727,1.2536673475,4.4,0.213333333333,0.153846153846,2,0.0121212121212,0.205555555556,11,11,11,1,0,0.0909090909091,0.636363636364,0.272727272727,-3,-0.0272727272727,0.133884297521,-0.545454545455,-0.3,-0.375,-0.389190409368,-0.0439221612377,-0.0368983957219,-0.347548883978,-0.111544284527,-0.0689839572193,-0.367518585835,-0.0495111164884,-0.0229946524064,0.196768572961,0.0472964236795,0.854545454545,0.133884297521,0.196768572961,0.854545454545,-0.285714285714,-0.246153846154,-6,-0.0363636363636,-0.05,0,0,0,17,0,3,90,0.85,1,0,0.15,1,0.85,0.918918918919,0.906962317388,0.85,0.85,4,7,0,0,0,0
2158,WLNM_dir_neg,0.887755102041,0.542024840239,00:00:01,10,50,40,1175612489,threshold_sweep,0.7,1,0.428571428571,0.6,3,0,4,14,0.428571428571,1,0,0.571428571429,1,0.428571428571,0.6,0.809523809524,0.619047619048,0.5,0.57735026919,0.428571428571,20,13,7,0,20,0,13,0,7,11,20,0.181818181818,3.04338842975,3.63636363636,2,2.5,1.68954001271,0.464623503495,0.245454545455,1.16774841624,0.642261628933,0.336363636364,1.94000937205,1.06700515463,0.536363636364,1.05689877454,0.347276990411,3.54545454545,3.04338842975,1.05689877454,3.54545454545,0.499047619048,0.4,8,0.0484848484848,0.255555555556,11,11,11,1,0,0.0909090909091,0.636363636364,0.272727272727,11,0.118181818182,3.72727272727,2.36363636364,1.3,1.625,1.43336856898,0.6064251638,0.286713286713,0.603022689156,0.510249967747,0.237762237762,1.40129809949,1.18571377649,0.503496503497,2.05382127221,0.551025219373,7,3.72727272727,2.05382127221,7,0,0,0,0,0.22962962963,11,11,11,1,0,0.0909090909091,0.636363636364,0.272727272727,11,16,0.145454545455,3.25,2.90909090909,1.6,2,1.30034960334,0.446995176148,0.215909090909,0.687551650952,0.47269176003,0.227272727273,1.57249078621,1.08108741552,0.522727272727,1.3758835545,0.423348786001,4.66666666667,3.25,1.3758835545,4.66666666667,0.213333333333,0.171428571429,2,0.0121212121212,0.2,11,11,11,1,0,0.0909090909091,0.636363636364,0.272727272727,-4,-0.0363636363636,0.206611570248,-0.727272727273,-0.4,-0.5,-0.389190409368,-0.0176283273466,-0.0295454545455,-0.48019676529,-0.169569868904,-0.109090909091,-0.367518585835,0.0140822608953,-0.0136363636364,0.318984779967,0.07607179559,1.12121212121,0.206611570248,0.318984779967,1.12121212121,-0.285714285714,-0.228571428571,-6,-0.0363636363636,-0.0555555555556,0,0,0,16,0,4,90,0.8,1,0,0.2,1,0.8,0.888888888889,0.875189948987,0.8,0.8,3,7,0,0,0,0
2159,WLNM_dir_neg,0.887755102041,0.542024840239,00:00:01,10,50,40,1175612489,threshold_sweep,0.8,1,0.428571428571,0.6,3,0,4,14,0.428571428571,1,0,0.571428571429,1,0.428571428571,0.6,0.809523809524,0.619047619048,0.5,0.57735026919,0.428571428571,20,13,7,0,20,0,13,0,7,11,20,0.181818181818,3.04338842975,3.63636363636,2,2.5,1.68954001271,0.464623503495,0.245454545455,1.16774841624,0.642261628933,0.336363636364,1.94000937205,1.06700515463,0.536363636364,1.05689877454,0.347276990411,3.54545454545,3.04338842975,1.05689877454,3.54545454545,0.499047619048,0.4,8,0.0484848484848,0.255555555556,11,11,11,1,0,0.0909090909091,0.636363636364,0.272727272727,11,0.118181818182,3.72727272727,2.36363636364,1.3,1.625,1.43336856898,0.6064251638,0.286713286713,0.603022689156,0.510249967747,0.237762237762,1.40129809949,1.18571377649,0.503496503497,2.05382127221,0.551025219373,7,3.72727272727,2.05382127221,7,0,0,0,0,0.22962962963,11,11,11,1,0,0.0909090909091,0.636363636364,0.272727272727,11,16,0.145454545455,3.25,2.90909090909,1.6,2,1.30034960334,0.446995176148,0.215909090909,0.687551650952,0.47269176003,0.227272727273,1.57249078621,1.08108741552,0.522727272727,1.3758835545,0.423348786001,4.66666666667,3.25,1.3758835545,4.66666666667,0.213333333333,0.171428571429,2,0.0121212121212,0.2,11,11,11,1,0,0.0909090909091,0.636363636364,0.272727272727,-4,-0.0363636363636,0.206611570248,-0.727272727273,-0.4,-0.5,-0.389190409368,-0.0176283273466,-0.0295454545455,-0.48019676529,-0.169569868904,-0.109090909091,-0.367518585835,0.0140822608953,-0.0136363636364,0.318984779967,0.07607179559,1.12121212121,0.206611570248,0.318984779967,1.12121212121,-0.285714285714,-0.228571428571,-6,-0.0363636363636,-0.0555555555556,0,0,0,16,0,4,90,0.8,1,0,0.2,1,0.8,0.888888888889,0.875189948987,0.8,0.8,3,7,0,0,0,0
2160,WLNM_dir_neg,0.887755102041,0.542024840239,00:00:01,10,50,40,1175612489,threshold_sweep,0.9,1,0.285714285714,0.444444444444,2,0,5,14,0.285714285714,1,0,0.714285714286,1,0.285714285714,0.444444444444,0.761904761905,0.634920634921,0.347826086957,0.458831467741,0.285714285714,20,13,7,0,20,0,13,0,7,11,20,0.181818181818,3.04338842975,3.63636363636,2,2.5,1.68954001271,0.464623503495,0.245454545455,1.16774841624,0.642261628933,0.336363636364,1.94000937205,1.06700515463,0.536363636364,1.05689877454,0.347276990411,3.54545454545,3.04338842975,1.05689877454,3.54545454545,0.499047619048,0.4,8,0.0484848484848,0.255555555556,11,11,11,1,0,0.0909090909091,0.636363636364,0.272727272727,11,0.118181818182,3.72727272727,2.36363636364,1.3,1.625,1.43336856898,0.6064251638,0.286713286713,0.603022689156,0.510249967747,0.237762237762,1.40129809949,1.18571377649,0.503496503497,2.05382127221,0.551025219373,7,3.72727272727,2.05382127221,7,0,0,0,0,0.22962962963,11,11,11,1,0,0.0909090909091,0.636363636364,0.272727272727,11,15,0.136363636364,3.61363636364,2.72727272727,1.5,1.875,1.27207775634,0.466428510659,0.212121212121,0.674199862463,0.494413232473,0.242424242424,1.50151438706,1.10111055051,0.521212121212,2.09572074823,0.579947880012,7,3.61363636364,2.09572074823,7,0.237037037037,0.193548387097,2,0.0121212121212,0.185185185185,11,11,11,1,0,0.0909090909091,0.636363636364,0.272727272727,-5,-0.0454545454545,0.570247933884,-0.909090909091,-0.5,-0.625,-0.417462256367,0.00180500716395,-0.0333333333333,-0.493548553779,-0.14784839646,-0.0939393939394,-0.438494984989,0.0341053958833,-0.0151515151515,1.03882197369,0.232670889601,3.45454545455,0.570247933884,1.03882197369,3.45454545455,-0.262010582011,-0.206451612903,-6,-0.0363636363636,-0.0703703703704,0,0,0,15,0,5,90,0.75,1,0,0.25,1,0.75,0.857142857143,0.842927230424,0.75,0.75,2,7,0,0,0,0
2161,WLNM_dir_neg,0.918367346939,0.599422799423,00:00:01,10,50,41,1175612490,threshold_sweep,0.1,1,0.714285714286,0.833333333333,5,0,2,14,0.714285714286,1,0,0.285714285714,1,0.714285714286,0.833333333333,0.904761904762,0.587301587302,0.769230769231,0.790569415042,0.714285714286,20,13,7,0,20,0,13,0,7,11,20,0.181818181818,3.04338842975,3.63636363636,2,2.5,1.68954001271,0.464623503495,0.245454545455,1.16774841624,0.642261628933,0.336363636364,1.94000937205,1.06700515463,0.536363636364,1.05689877454,0.347276990411,3.54545454545,3.04338842975,1.05689877454,3.54545454545,0.499047619048,0.4,8,0.0484848484848,0.255555555556,11,11,11,1,0,0.0909090909091,0.636363636364,0.272727272727,11,0.118181818182,3.72727272727,2.36363636364,1.3,1.625,1.43336856898,0.6064251638,0.286713286713,0.603022689156,0.510249967747,0.237762237762,1.40129809949,1.18571377649,0.503496503497,2.05382127221,0.551025219373,7,3.72727272727,2.05382127221,7,0,0,0,0,0.22962962963,11,11,11,1,0,0.0909090909091,0.636363636364,0.272727272727,11,18,0.163636363636,3.11363636364,3.27272727273,1.8,2.25,1.42062726223,0.434080552347,0.227272727273,0.924416277737,0.564921058617,0.292929292929,1.68954001271,1.03249667443,0.525252525253,1.14353419474,0.367266456706,3.875,3.11363636364,1.14353419474,3.875,0.366666666667,0.266666666667,4,0.0242424242424,0.221111111111,11,11,11,1,0,0.0909090909091,0.636363636364,0.272727272727,-2,-0.0181818181818,0.0702479338843,-0.363636363636,-0.2,-0.25,-0.268912750482,-0.030542951148,-0.0181818181818,-0.243332138505,-0.0773405703161,-0.0434343434343,-0.250469359339,-0.0345084801933,-0.0111111111111,0.0866354202056,0.0199894662943,0.329545454545,0.0702479338843,0.0866354202056,0.329545454545,-0.132380952381,-0.133333333333,-4,-0.0242424242424,-0.0344444444444,0,0,0,18,0,2,90,0.9,1,0,0.1,1,0.9,0.947368421053,0.938314863257,0.9,0.9,5,7,0,0,0,0
2162,WLNM_dir_neg,0.918367346939,0.599422799423,00:00:01,10,50,41,1175612490,threshold_sweep,0.2,1,0.714285714286,0.833333333333,5,0,2,14,0.714285714286,1,0,0.285714285714,1,0.714285714286,0.833333333333,0.904761904762,0.587301587302,0.769230769231,0.790569415042,0.714285714286,20,13,7,0,20,0,13,0,7,11,20,0.181818181818,3.04338842975,3.63636363636,2,2.5,1.68954001271,0.464623503495,0.245454545455,1.16774841624,0.642261628933,0.336363636364,1.94000937205,1.06700515463,0.536363636364,1.05689877454,0.347276990411,3.54545454545,3.04338842975,1.05689877454,3.54545454545,0.499047619048,0.4,8,0.0484848484848,0.255555555556,11,11,11,1,0,0.0909090909091,0.636363636364,0.272727272727,11,0.118181818182,3.72727272727,2.36363636364,1.3,1.625,1.43336856898,0.6064251638,0.286713286713,0.603022689156,0.510249967747,0.237762237762,1.40129809949,1.18571377649,0.503496503497,2.05382127221,0.551025219373,7,3.72727272727,2.05382127221,7,0,0,0,0,0.22962962963,11,11,11,1,0,0.0909090909091,0.636363636364,0.272727272727,11,18,0.163636363636,3.11363636364,3.27272727273,1.8,2.25,1.42062726223,0.434080552347,0.227272727273,0.924416277737,0.564921058617,0.292929292929,1.68954001271,1.03249667443,0.525252525253,1.14353419474,0.367266456706,3.875,3.11363636364,1.14353419474,3.875,0.366666666667,0.266666666667,4,0.0242424242424,0.221111111111,11,11,11,1,0,0.0909090909091,0.636363636364,0.272727272727,-2,-0.0181818181818,0.0702479338843,-0.363636363636,-0.2,-0.25,-0.268912750482,-0.030542951148,-0.0181818181818,-0.243332138505,-0.0773405703161,-0.0434343434343,-0.250469359339,-0.0345084801933,-0.0111111111111,0.0866354202056,0.0199894662943,0.329545454545,0.0702479338843,0.0866354202056,0.329545454545,-0.132380952381,-0.133333333333,-4,-0.0242424242424,-0.0344444444444,0,0,0,18,0,2,90,0.9,1,0,0.1,1,0.9,0.947368421053,0.938314863257,0.9,0.9,5,7,0,0,0,0
2163,WLNM_dir_neg,0.918367346939,0.599422799423,00:00:01,10,50,41,1175612490,threshold_sweep,0.3,1,0.714285714286,0.833333333333,5,0,2,14,0.714285714286,1,0,0.285714285714,1,0.714285714286,0.833333333333,0.904761904762,0.587301587302,0.769230769231,0.790569415042,0.714285714286,20,13,7,0,20,0,13,0,7,11,20,0.181818181818,3.04338842975,3.63636363636,2,2.5,1.68954001271,0.464623503495,0.245454545455,1.16774841624,0.642261628933,0.336363636364,1.94000937205,1.06700515463,0.536363636364,1.05689877454,0.347276990411,3.54545454545,3.04338842975,1.05689877454,3.54545454545,0.499047619048,0.4,8,0.0484848484848,0.255555555556,11,11,11,1,0,0.0909090909091,0.636363636364,0.272727272727,11,0.118181818182,3.72727272727,2.36363636364,1.3,1.625,1.43336856898,0.6064251638,0.286713286713,0.603022689156,0.510249967747,0.237762237762,1.40129809949,1.18571377649,0.503496503497,2.05382127221,0.551025219373,7,3.72727272727,2.05382127221,7,0,0,0,0,0.22962962963,11,11,11,1,0,0.0909090909091,0.636363636364,0.272727272727,11,18,0.163636363636,3.11363636364,3.27272727273,1.8,2.25,1.42062726223,0.434080552347,0.227272727273,0.924416277737,0.564921058617,0.292929292929,1.68954001271,1.03249667443,0.525252525253,1.14353419474,0.367266456706,3.875,3.11363636364,1.14353419474,3.875,0.366666666667,0.266666666667,4,0.0242424242424,0.221111111111,11,11,11,1,0,0.0909090909091,0.636363636364,0.272727272727,-2,-0.0181818181818,0.0702479338843,-0.363636363636,-0.2,-0.25,-0.268912750482,-0.030542951148,-0.0181818181818,-0.243332138505,-0.0773405703161,-0.0434343434343,-0.250469359339,-0.0345084801933,-0.0111111111111,0.0866354202056,0.0199894662943,0.329545454545,0.0702479338843,0.0866354202056,0.329545454545,-0.132380952381,-0.133333333333,-4,-0.0242424242424,-0.0344444444444,0,0,0,18,0,2,90,0.9,1,0,0.1,1,0.9,0.947368421053,0.938314863257,0.9,0.9,5,7,0,0,0,0
2164,WLNM_dir_neg,0.918367346939,0.599422799423,00:00:01,10,50,41,1175612490,threshold_sweep,0.4,1,0.714285714286,0.833333333333,5,0,2,14,0.714285714286,1,0,0.285714285714,1,0.714285714286,0.833333333333,0.904761904762,0.587301587302,0.769230769231,0.790569415042,0.714285714286,20,13,7,0,20,0,13,0,7,11,20,0.181818181818,3.04338842975,3.63636363636,2,2.5,1.68954001271,0.464623503495,0.245454545455,1.16774841624,0.642261628933,0.336363636364,1.94000937205,1.06700515463,0.536363636364,1.05689877454,0.347276990411,3.54545454545,3.04338842975,1.05689877454,3.54545454545,0.499047619048,0.4,8,0.0484848484848,0.255555555556,11,11,11,1,0,0.0909090909091,0.636363636364,0.272727272727,11,0.118181818182,3.72727272727,2.36363636364,1.3,1.625,1.43336856898,0.6064251638,0.286713286713,0.603022689156,0.510249967747,0.237762237762,1.40129809949,1.18571377649,0.503496503497,2.05382127221,0.551025219373,7,3.72727272727,2.05382127221,7,0,0,0,0,0.22962962963,11,11,11,1,0,0.0909090909091,0.636363636364,0.272727272727,11,18,0.163636363636,3.11363636364,3.27272727273,1.8,2.25,1.42062726223,0.434080552347,0.227272727273,0.924416277737,0.564921058617,0.292929292929,1.68954001271,1.03249667443,0.525252525253,1.14353419474,0.367266456706,3.875,3.11363636364,1.14353419474,3.875,0.366666666667,0.266666666667,4,0.0242424242424,0.221111111111,11,11,11,1,0,0.0909090909091,0.636363636364,0.272727272727,-2,-0.0181818181818,0.0702479338843,-0.363636363636,-0.2,-0.25,-0.268912750482,-0.030542951148,-0.0181818181818,-0.243332138505,-0.0773405703161,-0.0434343434343,-0.250469359339,-0.0345084801933,-0.0111111111111,0.0866354202056,0.0199894662943,0.329545454545,0.0702479338843,0.0866354202056,0.329545454545,-0.132380952381,-0.133333333333,-4,-0.0242424242424,-0.0344444444444,0,0,0,18,0,2,90,0.9,1,0,0.1,1,0.9,0.947368421053,0.938314863257,0.9,0.9,5,7,0,0,0,0
2165,WLNM_dir_neg,0.918367346939,0.599422799423,00:00:01,10,50,41,1175612490,threshold_sweep,0.5,1,0.714285714286,0.833333333333,5,0,2,14,0.714285714286,1,0,0.285714285714,1,0.714285714286,0.833333333333,0.904761904762,0.587301587302,0.769230769231,0.790569415042,0.714285714286,20,13,7,0,20,0,13,0,7,11,20,0.181818181818,3.04338842975,3.63636363636,2,2.5,1.68954001271,0.464623503495,0.245454545455,1.16774841624,0.642261628933,0.336363636364,1.94000937205,1.06700515463,0.536363636364,1.05689877454,0.347276990411,3.54545454545,3.04338842975,1.05689877454,3.54545454545,0.499047619048,0.4,8,0.0484848484848,0.255555555556,11,11,11,1,0,0.0909090909091,0.636363636364,0.272727272727,11,0.118181818182,3.72727272727,2.36363636364,1.3,1.625,1.43336856898,0.6064251638,0.286713286713,0.603022689156,0.510249967747,0.237762237762,1.40129809949,1.18571377649,0.503496503497,2.05382127221,0.551025219373,7,3.72727272727,2.05382127221,7,0,0,0,0,0.22962962963,11,11,11,1,0,0.0909090909091,0.636363636364,0.272727272727,11,18,0.163636363636,3.11363636364,3.27272727273,1.8,2.25,1.42062726223,0.434080552347,0.227272727273,0.924416277737,0.564921058617,0.292929292929,1.68954001271,1.03249667443,0.525252525253,1.14353419474,0.367266456706,3.875,3.11363636364,1.14353419474,3.875,0.366666666667,0.266666666667,4,0.0242424242424,0.221111111111,11,11,11,1,0,0.0909090909091,0.636363636364,0.272727272727,-2,-0.0181818181818,0.0702479338843,-0.363636363636,-0.2,-0.25,-0.268912750482,-0.030542951148,-0.0181818181818,-0.243332138505,-0.0773405703161,-0.0434343434343,-0.250469359339,-0.0345084801933,-0.0111111111111,0.0866354202056,0.0199894662943,0.329545454545,0.0702479338843,0.0866354202056,0.329545454545,-0.132380952381,-0.133333333333,-4,-0.0242424242424,-0.0344444444444,0,0,0,18,0,2,90,0.9,1,0,0.1,1,0.9,0.947368421053,0.938314863257,0.9,0.9,5,7,0,0,0,0
2166,WLNM_dir_neg,0.918367346939,0.599422799423,00:00:01,10,50,41,1175612490,threshold_sweep,0.6,1,0.714285714286,0.833333333333,5,0,2,14,0.714285714286,1,0,0.285714285714,1,0.714285714286,0.833333333333,0.904761904762,0.587301587302,0.769230769231,0.790569415042,0.714285714286,20,13,7,0,20,0,13,0,7,11,20,0.181818181818,3.04338842975,3.63636363636,2,2.5,1.68954001271,0.464623503495,0.245454545455,1.16774841624,0.642261628933,0.336363636364,1.94000937205,1.06700515463,0.536363636364,1.05689877454,0.347276990411,3.54545454545,3.04338842975,1.05689877454,3.54545454545,0.499047619048,0.4,8,0.0484848484848,0.255555555556,11,11,11,1,0,0.0909090909091,0.636363636364,0.272727272727,11,0.118181818182,3.72727272727,2.36363636364,1.3,1.625,1.43336856898,0.6064251638,0.286713286713,0.603022689156,0.510249967747,0.237762237762,1.40129809949,1.18571377649,0.503496503497,2.05382127221,0.551025219373,7,3.72727272727,2.05382127221,7,0,0,0,0,0.22962962963,11,11,11,1,0,0.0909090909091,0.636363636364,0.272727272727,11,18,0.163636363636,3.11363636364,3.27272727273,1.8,2.25,1.42062726223,0.434080552347,0.227272727273,0.924416277737,0.564921058617,0.292929292929,1.68954001271,1.03249667443,0.525252525253,1.14353419474,0.367266456706,3.875,3.11363636364,1.14353419474,3.875,0.366666666667,0.266666666667,4,0.0242424242424,0.221111111111,11,11,11,1,0,0.0909090909091,0.636363636364,0.272727272727,-2,-0.0181818181818,0.0702479338843,-0.363636363636,-0.2,-0.25,-0.268912750482,-0.030542951148,-0.0181818181818,-0.243332138505,-0.0773405703161,-0.0434343434343,-0.250469359339,-0.0345084801933,-0.0111111111111,0.0866354202056,0.0199894662943,0.329545454545,0.0702479338843,0.0866354202056,0.329545454545,-0.132380952381,-0.133333333333,-4,-0.0242424242424,-0.0344444444444,0,0,0,18,0,2,90,0.9,1,0,0.1,1,0.9,0.947368421053,0.938314863257,0.9,0.9,5,7,0,0,0,0
2167,WLNM_dir_neg,0.918367346939,0.599422799423,00:00:01,10,50,41,1175612490,threshold_sweep,0.7,1,0.714285714286,0.833333333333,5,0,2,14,0.714285714286,1,0,0.285714285714,1,0.714285714286,0.833333333333,0.904761904762,0.587301587302,0.769230769231,0.790569415042,0.714285714286,20,13,7,0,20,0,13,0,7,11,20,0.181818181818,3.04338842975,3.63636363636,2,2.5,1.68954001271,0.464623503495,0.245454545455,1.16774841624,0.642261628933,0.336363636364,1.94000937205,1.06700515463,0.536363636364,1.05689877454,0.347276990411,3.54545454545,3.04338842975,1.05689877454,3.54545454545,0.499047619048,0.4,8,0.0484848484848,0.255555555556,11,11,11,1,0,0.0909090909091,0.636363636364,0.272727272727,11,0.118181818182,3.72727272727,2.36363636364,1.3,1.625,1.43336856898,0.6064251638,0.286713286713,0.603022689156,0.510249967747,0.237762237762,1.40129809949,1.18571377649,0.503496503497,2.05382127221,0.551025219373,7,3.72727272727,2.05382127221,7,0,0,0,0,0.22962962963,11,11,11,1,0,0.0909090909091,0.636363636364,0.272727272727,11,18,0.163636363636,3.11363636364,3.27272727273,1.8,2.25,1.42062726223,0.434080552347,0.227272727273,0.924416277737,0.564921058617,0.292929292929,1.68954001271,1.03249667443,0.525252525253,1.14353419474,0.367266456706,3.875,3.11363636364,1.14353419474,3.875,0.366666666667,0.266666666667,4,0.0242424242424,0.221111111111,11,11,11,1,0,0.0909090909091,0.636363636364,0.272727272727,-2,-0.0181818181818,0.0702479338843,-0.363636363636,-0.2,-0.25,-0.268912750482,-0.030542951148,-0.0181818181818,-0.243332138505,-0.0773405703161,-0.0434343434343,-0.250469359339,-0.0345084801933,-0.0111111111111,0.0866354202056,0.0199894662943,0.329545454545,0.0702479338843,0.0866354202056,0.329545454545,-0.132380952381,-0.133333333333,-4,-0.0242424242424,-0.0344444444444,0,0,0,18,0,2,90,0.9,1,0,0.1,1,0.9,0.947368421053,0.938314863257,0.9,0.9,5,7,0,0,0,0
2168,WLNM_dir_neg,0.918367346939,0.599422799423,00:00:01,10,50,41,1175612490,threshold_sweep,0.8,1,0.571428571429,0.727272727273,4,0,3,14,0.571428571429,1,0,0.428571428571,1,0.571428571429,0.727272727273,0.857142857143,0.603174603175,0.64,0.68599434057,0.571428571429,20,13,7,0,20,0,13,0,7,11,20,0.181818181818,3.04338842975,3.63636363636,2,2.5,1.68954001271,0.464623503495,0.245454545455,1.16774841624,0.642261628933,0.336363636364,1.94000937205,1.06700515463,0.536363636364,1.05689877454,0.347276990411,3.54545454545,3.04338842975,1.05689877454,3.54545454545,0.499047619048,0.4,8,0.0484848484848,0.255555555556,11,11,11,1,0,0.0909090909091,0.636363636364,0.272727272727,11,0.118181818182,3.72727272727,2.36363636364,1.3,1.625,1.43336856898,0.6064251638,0.286713286713,0.603022689156,0.510249967747,0.237762237762,1.40129809949,1.18571377649,0.503496503497,2.05382127221,0.551025219373,7,3.72727272727,2.05382127221,7,0,0,0,0,0.22962962963,11,11,11,1,0,0.0909090909091,0.636363636364,0.272727272727,11,17,0.154545454545,3.15909090909,3.09090909091,1.7,2.125,1.30034960334,0.420701342257,0.208556149733,0.820199532265,0.530717344407,0.267379679144,1.57249078621,1.01749403814,0.513368983957,1.21589847064,0.38488872452,4,3.15909090909,1.21589847064,4,0.296666666667,0.230769230769,3,0.0181818181818,0.203703703704,11,11,11,1,0,0.0909090909091,0.636363636364,0.272727272727,-3,-0.0272727272727,0.115702479339,-0.545454545455,-0.3,-0.375,-0.389190409368,-0.0439221612377,-0.0368983957219,-0.347548883978,-0.111544284527,-0.0689839572193,-0.367518585835,-0.0495111164884,-0.0229946524064,0.158999696105,0.0376117341084,0.454545454545,0.115702479339,0.158999696105,0.454545454545,-0.202380952381,-0.169230769231,-5,-0.030303030303,-0.0518518518519,0,0,0,17,0,3,90,0.85,1,0,0.15,1,0.85,0.918918918919,0.906962317388,0.85,0.85,4,7,0,0,0,0
2169,WLNM_dir_neg,0.918367346939,0.599422799423,00:00:01,10,50,41,1175612490,threshold_sweep,0.9,1,0.571428571429,0.727272727273,4,0,3,14,0.571428571429,1,0,0.428571428571,1,0.571428571429,0.727272727273,0.857142857143,0.603174603175,0.64,0.68599434057,0.571428571429,20,13,7,0,20,0,13,0,7,11,20,0.181818181818,3.04338842975,3.63636363636,2,2.5,1.68954001271,0.464623503495,0.245454545455,1.16774841624,0.642261628933,0.336363636364,1.94000937205,1.06700515463,0.536363636364,1.05689877454,0.347276990411,3.54545454545,3.04338842975,1.05689877454,3.54545454545,0.499047619048,0.4,8,0.0484848484848,0.255555555556,11,11,11,1,0,0.0909090909091,0.636363636364,0.272727272727,11,0.118181818182,3.72727272727,2.36363636364,1.3,1.625,1.43336856898,0.6064251638,0.286713286713,0.603022689156,0.510249967747,0.237762237762,1.40129809949,1.18571377649,0.503496503497,2.05382127221,0.551025219373,7,3.72727272727,2.05382127221,7,0,0,0,0,0.22962962963,11,11,11,1,0,0.0909090909091,0.636363636364,0.272727272727,11,17,0.154545454545,3.15909090909,3.09090909091,1.7,2.125,1.30034960334,0.420701342257,0.208556149733,0.820199532265,0.530717344407,0.267379679144,1.57249078621,1.01749403814,0.513368983957,1.21589847064,0.38488872452,4,3.15909090909,1.21589847064,4,0.296666666667,0.230769230769,3,0.0181818181818,0.203703703704,11,11,11,1,0,0.0909090909091,0.636363636364,0.272727272727,-3,-0.0272727272727,0.115702479339,-0.545454545455,-0.3,-0.375,-0.389190409368,-0.0439221612377,-0.0368983957219,-0.347548883978,-0.111544284527,-0.0689839572193,-0.367518585835,-0.0495111164884,-0.0229946524064,0.158999696105,0.0376117341084,0.454545454545,0.115702479339,0.158999696105,0.454545454545,-0.202380952381,-0.169230769231,-5,-0.030303030303,-0.0518518518519,0,0,0,17,0,3,90,0.85,1,0,0.15,1,0.85,0.918918918919,0.906962317388,0.85,0.85,4,7,0,0,0,0
2170,WLNM_dir_neg,0.928571428571,0.609145021645,00:00:01,10,50,42,1175612491,threshold_sweep,0.1,1,0.714285714286,0.833333333333,5,0,2,14,0.714285714286,1,0,0.285714285714,1,0.714285714286,0.833333333333,0.904761904762,0.587301587302,0.769230769231,0.790569415042,0.714285714286,20,13,7,0,20,0,13,0,7,11,20,0.181818181818,3.04338842975,3.63636363636,2,2.5,1.68954001271,0.464623503495,0.245454545455,1.16774841624,0.642261628933,0.336363636364,1.94000937205,1.06700515463,0.536363636364,1.05689877454,0.347276990411,3.54545454545,3.04338842975,1.05689877454,3.54545454545,0.499047619048,0.4,8,0.0484848484848,0.255555555556,11,11,11,1,0,0.0909090909091,0.636363636364,0.272727272727,11,0.118181818182,3.72727272727,2.36363636364,1.3,1.625,1.43336856898,0.6064251638,0.286713286713,0.603022689156,0.510249967747,0.237762237762,1.40129809949,1.18571377649,0.503496503497,2.05382127221,0.551025219373,7,3.72727272727,2.05382127221,7,0,0,0,0,0.22962962963,11,11,11,1,0,0.0909090909091,0.636363636364,0.272727272727,11,18,0.163636363636,3.11363636364,3.27272727273,1.8,2.25,1.42062726223,0.434080552347,0.227272727273,0.924416277737,0.564921058617,0.292929292929,1.68954001271,1.03249667443,0.525252525253,1.14353419474,0.367266456706,3.875,3.11363636364,1.14353419474,3.875,0.366666666667,0.266666666667,4,0.0242424242424,0.221111111111,11,11,11,1,0,0.0909090909091,0.636363636364,0.272727272727,-2,-0.0181818181818,0.0702479338843,-0.363636363636,-0.2,-0.25,-0.268912750482,-0.030542951148,-0.0181818181818,-0.243332138505,-0.0773405703161,-0.0434343434343,-0.250469359339,-0.0345084801933,-0.0111111111111,0.0866354202056,0.0199894662943,0.329545454545,0.0702479338843,0.0866354202056,0.329545454545,-0.132380952381,-0.133333333333,-4,-0.0242424242424,-0.0344444444444,0,0,0,18,0,2,90,0.9,1,0,0.1,1,0.9,0.947368421053,0.938314863257,0.9,0.9,5,7,0,0,0,0
2171,WLNM_dir_neg,0.928571428571,0.609145021645,00:00:01,10,50,42,1175612491,threshold_sweep,0.2,1,0.714285714286,0.833333333333,5,0,2,14,0.714285714286,1,0,0.285714285714,1,0.714285714286,0.833333333333,0.904761904762,0.587301587302,0.769230769231,0.790569415042,0.714285714286,20,13,7,0,20,0,13,0,7,11,20,0.181818181818,3.04338842975,3.63636363636,2,2.5,1.68954001271,0.464623503495,0.245454545455,1.16774841624,0.642261628933,0.336363636364,1.94000937205,1.06700515463,0.536363636364,1.05689877454,0.347276990411,3.54545454545,3.04338842975,1.05689877454,3.54545454545,0.499047619048,0.4,8,0.0484848484848,0.255555555556,11,11,11,1,0,0.0909090909091,0.636363636364,0.272727272727,11,0.118181818182,3.72727272727,2.36363636364,1.3,1.625,1.43336856898,0.6064251638,0.286713286713,0.603022689156,0.510249967747,0.237762237762,1.40129809949,1.18571377649,0.503496503497,2.05382127221,0.551025219373,7,3.72727272727,2.05382127221,7,0,0,0,0,0.22962962963,11,11,11,1,0,0.0909090909091,0.636363636364,0.272727272727,11,18,0.163636363636,3.11363636364,3.27272727273,1.8,2.25,1.42062726223,0.434080552347,0.227272727273,0.924416277737,0.564921058617,0.292929292929,1.68954001271,1.03249667443,0.525252525253,1.14353419474,0.367266456706,3.875,3.11363636364,1.14353419474,3.875,0.366666666667,0.266666666667,4,0.0242424242424,0.221111111111,11,11,11,1,0,0.0909090909091,0.636363636364,0.272727272727,-2,-0.0181818181818,0.0702479338843,-0.363636363636,-0.2,-0.25,-0.268912750482,-0.030542951148,-0.0181818181818,-0.243332138505,-0.0773405703161,-0.0434343434343,-0.250469359339,-0.0345084801933,-0.0111111111111,0.0866354202056,0.0199894662943,0.329545454545,0.0702479338843,0.0866354202056,0.329545454545,-0.132380952381,-0.133333333333,-4,-0.0242424242424,-0.0344444444444,0,0,0,18,0,2,90,0.9,1,0,0.1,1,0.9,0.947368421053,0.938314863257,0.9,0.9,5,7,0,0,0,0
2172,WLNM_dir_neg,0.928571428571,0.609145021645,00:00:01,10,50,42,1175612491,threshold_sweep,0.3,1,0.714285714286,0.833333333333,5,0,2,14,0.714285714286,1,0,0.285714285714,1,0.714285714286,0.833333333333,0.904761904762,0.587301587302,0.769230769231,0.790569415042,0.714285714286,20,13,7,0,20,0,13,0,7,11,20,0.181818181818,3.04338842975,3.63636363636,2,2.5,1.68954001271,0.464623503495,0.245454545455,1.16774841624,0.642261628933,0.336363636364,1.94000937205,1.06700515463,0.536363636364,1.05689877454,0.347276990411,3.54545454545,3.04338842975,1.05689877454,3.54545454545,0.499047619048,0.4,8,0.0484848484848,0.255555555556,11,11,11,1,0,0.0909090909091,0.636363636364,0.272727272727,11,0.118181818182,3.72727272727,2.36363636364,1.3,1.625,1.43336856898,0.6064251638,0.286713286713,0.603022689156,0.510249967747,0.237762237762,1.40129809949,1.18571377649,0.503496503497,2.05382127221,0.551025219373,7,3.72727272727,2.05382127221,7,0,0,0,0,0.22962962963,11,11,11,1,0,0.0909090909091,0.636363636364,0.272727272727,11,18,0.163636363636,3.11363636364,3.27272727273,1.8,2.25,1.42062726223,0.434080552347,0.227272727273,0.924416277737,0.564921058617,0.292929292929,1.68954001271,1.03249667443,0.525252525253,1.14353419474,0.367266456706,3.875,3.11363636364,1.14353419474,3.875,0.366666666667,0.266666666667,4,0.0242424242424,0.221111111111,11,11,11,1,0,0.0909090909091,0.636363636364,0.272727272727,-2,-0.0181818181818,0.0702479338843,-0.363636363636,-0.2,-0.25,-0.268912750482,-0.030542951148,-0.0181818181818,-0.243332138505,-0.0773405703161,-0.0434343434343,-0.250469359339,-0.0345084801933,-0.0111111111111,0.0866354202056,0.0199894662943,0.329545454545,0.0702479338843,0.0866354202056,0.329545454545,-0.132380952381,-0.133333333333,-4,-0.0242424242424,-0.0344444444444,0,0,0,18,0,2,90,0.9,1,0,0.1,1,0.9,0.947368421053,0.938314863257,0.9,0.9,5,7,0,0,0,0
2173,WLNM_dir_neg,0.928571428571,0.609145021645,00:00:01,10,50,42,1175612491,threshold_sweep,0.4,1,0.714285714286,0.833333333333,5,0,2,14,0.714285714286,1,0,0.285714285714,1,0.714285714286,0.833333333333,0.904761904762,0.587301587302,0.769230769231,0.790569415042,0.714285714286,20,13,7,0,20,0,13,0,7,11,20,0.181818181818,3.04338842975,3.63636363636,2,2.5,1.68954001271,0.464623503495,0.245454545455,1.16774841624,0.642261628933,0.336363636364,1.94000937205,1.06700515463,0.536363636364,1.05689877454,0.347276990411,3.54545454545,3.04338842975,1.05689877454,3.54545454545,0.499047619048,0.4,8,0.0484848484848,0.255555555556,11,11,11,1,0,0.0909090909091,0.636363636364,0.272727272727,11,0.118181818182,3.72727272727,2.36363636364,1.3,1.625,1.43336856898,0.6064251638,0.286713286713,0.603022689156,0.510249967747,0.237762237762,1.40129809949,1.18571377649,0.503496503497,2.05382127221,0.551025219373,7,3.72727272727,2.05382127221,7,0,0,0,0,0.22962962963,11,11,11,1,0,0.0909090909091,0.636363636364,0.272727272727,11,18,0.163636363636,3.11363636364,3.27272727273,1.8,2.25,1.42062726223,0.434080552347,0.227272727273,0.924416277737,0.564921058617,0.292929292929,1.68954001271,1.03249667443,0.525252525253,1.14353419474,0.367266456706,3.875,3.11363636364,1.14353419474,3.875,0.366666666667,0.266666666667,4,0.0242424242424,0.221111111111,11,11,11,1,0,0.0909090909091,0.636363636364,0.272727272727,-2,-0.0181818181818,0.0702479338843,-0.363636363636,-0.2,-0.25,-0.268912750482,-0.030542951148,-0.0181818181818,-0.243332138505,-0.0773405703161,-0.0434343434343,-0.250469359339,-0.0345084801933,-0.0111111111111,0.0866354202056,0.0199894662943,0.329545454545,0.0702479338843,0.0866354202056,0.329545454545,-0.132380952381,-0.133333333333,-4,-0.0242424242424,-0.0344444444444,0,0,0,18,0,2,90,0.9,1,0,0.1,1,0.9,0.947368421053,0.938314863257,0.9,0.9,5,7,0,0,0,0
2174,WLNM_dir_neg,0.928571428571,0.609145021645,00:00:01,10,50,42,1175612491,threshold_sweep,0.5,1,0.714285714286,0.833333333333,5,0,2,14,0.714285714286,1,0,0.285714285714,1,0.714285714286,0.833333333333,0.904761904762,0.587301587302,0.769230769231,0.790569415042,0.714285714286,20,13,7,0,20,0,13,0,7,11,20,0.181818181818,3.04338842975,3.63636363636,2,2.5,1.68954001271,0.464623503495,0.245454545455,1.16774841624,0.642261628933,0.336363636364,1.94000937205,1.06700515463,0.536363636364,1.05689877454,0.347276990411,3.54545454545,3.04338842975,1.05689877454,3.54545454545,0.499047619048,0.4,8,0.0484848484848,0.255555555556,11,11,11,1,0,0.0909090909091,0.636363636364,0.272727272727,11,0.118181818182,3.72727272727,2.36363636364,1.3,1.625,1.43336856898,0.6064251638,0.286713286713,0.603022689156,0.510249967747,0.237762237762,1.40129809949,1.18571377649,0.503496503497,2.05382127221,0.551025219373,7,3.72727272727,2.05382127221,7,0,0,0,0,0.22962962963,11,11,11,1,0,0.0909090909091,0.636363636364,0.272727272727,11,18,0.163636363636,3.11363636364,3.27272727273,1.8,2.25,1.42062726223,0.434080552347,0.227272727273,0.924416277737,0.564921058617,0.292929292929,1.68954001271,1.03249667443,0.525252525253,1.14353419474,0.367266456706,3.875,3.11363636364,1.14353419474,3.875,0.366666666667,0.266666666667,4,0.0242424242424,0.221111111111,11,11,11,1,0,0.0909090909091,0.636363636364,0.272727272727,-2,-0.0181818181818,0.0702479338843,-0.363636363636,-0.2,-0.25,-0.268912750482,-0.030542951148,-0.0181818181818,-0.243332138505,-0.0773405703161,-0.0434343434343,-0.250469359339,-0.0345084801933,-0.0111111111111,0.0866354202056,0.0199894662943,0.329545454545,0.0702479338843,0.0866354202056,0.329545454545,-0.132380952381,-0.133333333333,-4,-0.0242424242424,-0.0344444444444,0,0,0,18,0,2,90,0.9,1,0,0.1,1,0.9,0.947368421053,0.938314863257,0.9,0.9,5,7,0,0,0,0
2175,WLNM_dir_neg,0.928571428571,0.609145021645,00:00:01,10,50,42,1175612491,threshold_sweep,0.6,1,0.714285714286,0.833333333333,5,0,2,14,0.714285714286,1,0,0.285714285714,1,0.714285714286,0.833333333333,0.904761904762,0.587301587302,0.769230769231,0.790569415042,0.714285714286,20,13,7,0,20,0,13,0,7,11,20,0.181818181818,3.04338842975,3.63636363636,2,2.5,1.68954001271,0.464623503495,0.245454545455,1.16774841624,0.642261628933,0.336363636364,1.94000937205,1.06700515463,0.536363636364,1.05689877454,0.347276990411,3.54545454545,3.04338842975,1.05689877454,3.54545454545,0.499047619048,0.4,8,0.0484848484848,0.255555555556,11,11,11,1,0,0.0909090909091,0.636363636364,0.272727272727,11,0.118181818182,3.72727272727,2.36363636364,1.3,1.625,1.43336856898,0.6064251638,0.286713286713,0.603022689156,0.510249967747,0.237762237762,1.40129809949,1.18571377649,0.503496503497,2.05382127221,0.551025219373,7,3.72727272727,2.05382127221,7,0,0,0,0,0.22962962963,11,11,11,1,0,0.0909090909091,0.636363636364,0.272727272727,11,18,0.163636363636,3.11363636364,3.27272727273,1.8,2.25,1.42062726223,0.434080552347,0.227272727273,0.924416277737,0.564921058617,0.292929292929,1.68954001271,1.03249667443,0.525252525253,1.14353419474,0.367266456706,3.875,3.11363636364,1.14353419474,3.875,0.366666666667,0.266666666667,4,0.0242424242424,0.221111111111,11,11,11,1,0,0.0909090909091,0.636363636364,0.272727272727,-2,-0.0181818181818,0.0702479338843,-0.363636363636,-0.2,-0.25,-0.268912750482,-0.030542951148,-0.0181818181818,-0.243332138505,-0.0773405703161,-0.0434343434343,-0.250469359339,-0.0345084801933,-0.0111111111111,0.0866354202056,0.0199894662943,0.329545454545,0.0702479338843,0.0866354202056,0.329545454545,-0.132380952381,-0.133333333333,-4,-0.0242424242424,-0.0344444444444,0,0,0,18,0,2,90,0.9,1,0,0.1,1,0.9,0.947368421053,0.938314863257,0.9,0.9,5,7,0,0,0,0
2176,WLNM_dir_neg,0.928571428571,0.609145021645,00:00:01,10,50,42,1175612491,threshold_sweep,0.7,1,0.714285714286,0.833333333333,5,0,2,14,0.714285714286,1,0,0.285714285714,1,0.714285714286,0.833333333333,0.904761904762,0.587301587302,0.769230769231,0.790569415042,0.714285714286,20,13,7,0,20,0,13,0,7,11,20,0.181818181818,3.04338842975,3.63636363636,2,2.5,1.68954001271,0.464623503495,0.245454545455,1.16774841624,0.642261628933,0.336363636364,1.94000937205,1.06700515463,0.536363636364,1.05689877454,0.347276990411,3.54545454545,3.04338842975,1.05689877454,3.54545454545,0.499047619048,0.4,8,0.0484848484848,0.255555555556,11,11,11,1,0,0.0909090909091,0.636363636364,0.272727272727,11,0.118181818182,3.72727272727,2.36363636364,1.3,1.625,1.43336856898,0.6064251638,0.286713286713,0.603022689156,0.510249967747,0.237762237762,1.40129809949,1.18571377649,0.503496503497,2.05382127221,0.551025219373,7,3.72727272727,2.05382127221,7,0,0,0,0,0.22962962963,11,11,11,1,0,0.0909090909091,0.636363636364,0.272727272727,11,18,0.163636363636,3.11363636364,3.27272727273,1.8,2.25,1.42062726223,0.434080552347,0.227272727273,0.924416277737,0.564921058617,0.292929292929,1.68954001271,1.03249667443,0.525252525253,1.14353419474,0.367266456706,3.875,3.11363636364,1.14353419474,3.875,0.366666666667,0.266666666667,4,0.0242424242424,0.221111111111,11,11,11,1,0,0.0909090909091,0.636363636364,0.272727272727,-2,-0.0181818181818,0.0702479338843,-0.363636363636,-0.2,-0.25,-0.268912750482,-0.030542951148,-0.0181818181818,-0.243332138505,-0.0773405703161,-0.0434343434343,-0.250469359339,-0.0345084801933,-0.0111111111111,0.0866354202056,0.0199894662943,0.329545454545,0.0702479338843,0.0866354202056,0.329545454545,-0.132380952381,-0.133333333333,-4,-0.0242424242424,-0.0344444444444,0,0,0,18,0,2,90,0.9,1,0,0.1,1,0.9,0.947368421053,0.938314863257,0.9,0.9,5,7,0,0,0,0
2177,WLNM_dir_neg,0.928571428571,0.609145021645,00:00:01,10,50,42,1175612491,threshold_sweep,0.8,1,0.714285714286,0.833333333333,5,0,2,14,0.714285714286,1,0,0.285714285714,1,0.714285714286,0.833333333333,0.904761904762,0.587301587302,0.769230769231,0.790569415042,0.714285714286,20,13,7,0,20,0,13,0,7,11,20,0.181818181818,3.04338842975,3.63636363636,2,2.5,1.68954001271,0.464623503495,0.245454545455,1.16774841624,0.642261628933,0.336363636364,1.94000937205,1.06700515463,0.536363636364,1.05689877454,0.347276990411,3.54545454545,3.04338842975,1.05689877454,3.54545454545,0.499047619048,0.4,8,0.0484848484848,0.255555555556,11,11,11,1,0,0.0909090909091,0.636363636364,0.272727272727,11,0.118181818182,3.72727272727,2.36363636364,1.3,1.625,1.43336856898,0.6064251638,0.286713286713,0.603022689156,0.510249967747,0.237762237762,1.40129809949,1.18571377649,0.503496503497,2.05382127221,0.551025219373,7,3.72727272727,2.05382127221,7,0,0,0,0,0.22962962963,11,11,11,1,0,0.0909090909091,0.636363636364,0.272727272727,11,18,0.163636363636,3.11363636364,3.27272727273,1.8,2.25,1.42062726223,0.434080552347,0.227272727273,0.924416277737,0.564921058617,0.292929292929,1.68954001271,1.03249667443,0.525252525253,1.14353419474,0.367266456706,3.875,3.11363636364,1.14353419474,3.875,0.366666666667,0.266666666667,4,0.0242424242424,0.221111111111,11,11,11,1,0,0.0909090909091,0.636363636364,0.272727272727,-2,-0.0181818181818,0.0702479338843,-0.363636363636,-0.2,-0.25,-0.268912750482,-0.030542951148,-0.0181818181818,-0.243332138505,-0.0773405703161,-0.0434343434343,-0.250469359339,-0.0345084801933,-0.0111111111111,0.0866354202056,0.0199894662943,0.329545454545,0.0702479338843,0.0866354202056,0.329545454545,-0.132380952381,-0.133333333333,-4,-0.0242424242424,-0.0344444444444,0,0,0,18,0,2,90,0.9,1,0,0.1,1,0.9,0.947368421053,0.938314863257,0.9,0.9,5,7,0,0,0,0
2178,WLNM_dir_neg,0.928571428571,0.609145021645,00:00:01,10,50,42,1175612491,threshold_sweep,0.9,1,0.714285714286,0.833333333333,5,0,2,14,0.714285714286,1,0,0.285714285714,1,0.714285714286,0.833333333333,0.904761904762,0.587301587302,0.769230769231,0.790569415042,0.714285714286,20,13,7,0,20,0,13,0,7,11,20,0.181818181818,3.04338842975,3.63636363636,2,2.5,1.68954001271,0.464623503495,0.245454545455,1.16774841624,0.642261628933,0.336363636364,1.94000937205,1.06700515463,0.536363636364,1.05689877454,0.347276990411,3.54545454545,3.04338842975,1.05689877454,3.54545454545,0.499047619048,0.4,8,0.0484848484848,0.255555555556,11,11,11,1,0,0.0909090909091,0.636363636364,0.272727272727,11,0.118181818182,3.72727272727,2.36363636364,1.3,1.625,1.43336856898,0.6064251638,0.286713286713,0.603022689156,0.510249967747,0.237762237762,1.40129809949,1.18571377649,0.503496503497,2.05382127221,0.551025219373,7,3.72727272727,2.05382127221,7,0,0,0,0,0.22962962963,11,11,11,1,0,0.0909090909091,0.636363636364,0.272727272727,11,18,0.163636363636,3.11363636364,3.27272727273,1.8,2.25,1.42062726223,0.434080552347,0.227272727273,0.924416277737,0.564921058617,0.292929292929,1.68954001271,1.03249667443,0.525252525253,1.14353419474,0.367266456706,3.875,3.11363636364,1.14353419474,3.875,0.366666666667,0.266666666667,4,0.0242424242424,0.221111111111,11,11,11,1,0,0.0909090909091,0.636363636364,0.272727272727,-2,-0.0181818181818,0.0702479338843,-0.363636363636,-0.2,-0.25,-0.268912750482,-0.030542951148,-0.0181818181818,-0.243332138505,-0.0773405703161,-0.0434343434343,-0.250469359339,-0.0345084801933,-0.0111111111111,0.0866354202056,0.0199894662943,0.329545454545,0.0702479338843,0.0866354202056,0.329545454545,-0.132380952381,-0.133333333333,-4,-0.0242424242424,-0.0344444444444,0,0,0,18,0,2,90,0.9,1,0,0.1,1,0.9,0.947368421053,0.938314863257,0.9,0.9,5,7,0,0,0,0
2179,WLNM_dir_neg,0.816326530612,0.520287153323,00:00:01,10,50,43,1175612492,threshold_sweep,0.1,0.833333333333,0.714285714286,0.769230769231,5,1,2,13,0.714285714286,0.928571428571,0.0714285714286,0.285714285714,0.833333333333,0.714285714286,0.769230769231,0.857142857143,0.571428571429,0.666666666667,0.67082039325,0.642857142857,20,13,7,0,20,0,13,0,7,11,20,0.181818181818,3.04338842975,3.63636363636,2,2.5,1.68954001271,0.464623503495,0.245454545455,1.16774841624,0.642261628933,0.336363636364,1.94000937205,1.06700515463,0.536363636364,1.05689877454,0.347276990411,3.54545454545,3.04338842975,1.05689877454,3.54545454545,0.499047619048,0.4,8,0.0484848484848,0.255555555556,11,11,11,1,0,0.0909090909091,0.636363636364,0.272727272727,11,0.118181818182,3.72727272727,2.36363636364,1.3,1.625,1.43336856898,0.6064251638,0.286713286713,0.603022689156,0.510249967747,0.237762237762,1.40129809949,1.18571377649,0.503496503497,2.05382127221,0.551025219373,7,3.72727272727,2.05382127221,7,0,0,0,0,0.22962962963,11,11,11,1,0,0.0909090909091,0.636363636364,0.272727272727,11,19,0.172727272727,3.14772727273,3.45454545455,1.9,2.11111111111,1.36847625947,0.396137864583,0.205741626794,1.00904995822,0.584186817916,0.306220095694,1.61807966991,0.936782966791,0.468899521531,1.18338851637,0.375950142385,3.96875,3.14772727273,1.18338851637,3.96875,0.41,0.3,5,0.030303030303,0.214444444444,11,11,11,1,0,0.0909090909091,0.727272727273,0.181818181818,-1,-0.00909090909091,0.104338842975,-0.181818181818,-0.1,-0.388888888889,-0.321063753241,-0.0684856389122,-0.0397129186603,-0.158698458023,-0.058074811017,-0.0301435406699,-0.321929702137,-0.130222187836,-0.0674641148325,0.126489741835,0.0286731519741,0.423295454545,0.104338842975,0.126489741835,0.423295454545,-0.0890476190476,-0.1,-3,-0.0181818181818,-0.0411111111111,0,0.0909090909091,-0.0909090909091,18,1,2,89,0.9,0.988888888889,0.0111111111111,0.1,0.947368421053,0.9,0.923076923077,0.906956031802,0.888888888889,0.857142857143,6,7,0,0,0,0
2180,WLNM_dir_neg,0.816326530612,0.520287153323,00:00:01,10,50,43,1175612492,threshold_sweep,0.2,0.833333333333,0.714285714286,0.769230769231,5,1,2,13,0.714285714286,0.928571428571,0.0714285714286,0.285714285714,0.833333333333,0.714285714286,0.769230769231,0.857142857143,0.571428571429,0.666666666667,0.67082039325,0.642857142857,20,13,7,0,20,0,13,0,7,11,20,0.181818181818,3.04338842975,3.63636363636,2,2.5,1.68954001271,0.464623503495,0.245454545455,1.16774841624,0.642261628933,0.336363636364,1.94000937205,1.06700515463,0.536363636364,1.05689877454,0.347276990411,3.54545454545,3.04338842975,1.05689877454,3.54545454545,0.499047619048,0.4,8,0.0484848484848,0.255555555556,11,11,11,1,0,0.0909090909091,0.636363636364,0.272727272727,11,0.118181818182,3.72727272727,2.36363636364,1.3,1.625,1.43336856898,0.6064251638,0.286713286713,0.603022689156,0.510249967747,0.237762237762,1.40129809949,1.18571377649,0.503496503497,2.05382127221,0.551025219373,7,3.72727272727,2.05382127221,7,0,0,0,0,0.22962962963,11,11,11,1,0,0.0909090909091,0.636363636364,0.272727272727,11,19,0.172727272727,3.14772727273,3.45454545455,1.9,2.11111111111,1.36847625947,0.396137864583,0.205741626794,1.00904995822,0.584186817916,0.306220095694,1.61807966991,0.936782966791,0.468899521531,1.18338851637,0.375950142385,3.96875,3.14772727273,1.18338851637,3.96875,0.41,0.3,5,0.030303030303,0.214444444444,11,11,11,1,0,0.0909090909091,0.727272727273,0.181818181818,-1,-0.00909090909091,0.104338842975,-0.181818181818,-0.1,-0.388888888889,-0.321063753241,-0.0684856389122,-0.0397129186603,-0.158698458023,-0.058074811017,-0.0301435406699,-0.321929702137,-0.130222187836,-0.0674641148325,0.126489741835,0.0286731519741,0.423295454545,0.104338842975,0.126489741835,0.423295454545,-0.0890476190476,-0.1,-3,-0.0181818181818,-0.0411111111111,0,0.0909090909091,-0.0909090909091,18,1,2,89,0.9,0.988888888889,0.0111111111111,0.1,0.947368421053,0.9,0.923076923077,0.906956031802,0.888888888889,0.857142857143,6,7,0,0,0,0
2181,WLNM_dir_neg,0.816326530612,0.520287153323,00:00:01,10,50,43,1175612492,threshold_sweep,0.3,0.833333333333,0.714285714286,0.769230769231,5,1,2,13,0.714285714286,0.928571428571,0.0714285714286,0.285714285714,0.833333333333,0.714285714286,0.769230769231,0.857142857143,0.571428571429,0.666666666667,0.67082039325,0.642857142857,20,13,7,0,20,0,13,0,7,11,20,0.181818181818,3.04338842975,3.63636363636,2,2.5,1.68954001271,0.464623503495,0.245454545455,1.16774841624,0.642261628933,0.336363636364,1.94000937205,1.06700515463,0.536363636364,1.05689877454,0.347276990411,3.54545454545,3.04338842975,1.05689877454,3.54545454545,0.499047619048,0.4,8,0.0484848484848,0.255555555556,11,11,11,1,0,0.0909090909091,0.636363636364,0.272727272727,11,0.118181818182,3.72727272727,2.36363636364,1.3,1.625,1.43336856898,0.6064251638,0.286713286713,0.603022689156,0.510249967747,0.237762237762,1.40129809949,1.18571377649,0.503496503497,2.05382127221,0.551025219373,7,3.72727272727,2.05382127221,7,0,0,0,0,0.22962962963,11,11,11,1,0,0.0909090909091,0.636363636364,0.272727272727,11,19,0.172727272727,3.14772727273,3.45454545455,1.9,2.11111111111,1.36847625947,0.396137864583,0.205741626794,1.00904995822,0.584186817916,0.306220095694,1.61807966991,0.936782966791,0.468899521531,1.18338851637,0.375950142385,3.96875,3.14772727273,1.18338851637,3.96875,0.41,0.3,5,0.030303030303,0.214444444444,11,11,11,1,0,0.0909090909091,0.727272727273,0.181818181818,-1,-0.00909090909091,0.104338842975,-0.181818181818,-0.1,-0.388888888889,-0.321063753241,-0.0684856389122,-0.0397129186603,-0.158698458023,-0.058074811017,-0.0301435406699,-0.321929702137,-0.130222187836,-0.0674641148325,0.126489741835,0.0286731519741,0.423295454545,0.104338842975,0.126489741835,0.423295454545,-0.0890476190476,-0.1,-3,-0.0181818181818,-0.0411111111111,0,0.0909090909091,-0.0909090909091,18,1,2,89,0.9,0.988888888889,0.0111111111111,0.1,0.947368421053,0.9,0.923076923077,0.906956031802,0.888888888889,0.857142857143,6,7,0,0,0,0
2182,WLNM_dir_neg,0.816326530612,0.520287153323,00:00:01,10,50,43,1175612492,threshold_sweep,0.4,0.833333333333,0.714285714286,0.769230769231,5,1,2,13,0.714285714286,0.928571428571,0.0714285714286,0.285714285714,0.833333333333,0.714285714286,0.769230769231,0.857142857143,0.571428571429,0.666666666667,0.67082039325,0.642857142857,20,13,7,0,20,0,13,0,7,11,20,0.181818181818,3.04338842975,3.63636363636,2,2.5,1.68954001271,0.464623503495,0.245454545455,1.16774841624,0.642261628933,0.336363636364,1.94000937205,1.06700515463,0.536363636364,1.05689877454,0.347276990411,3.54545454545,3.04338842975,1.05689877454,3.54545454545,0.499047619048,0.4,8,0.0484848484848,0.255555555556,11,11,11,1,0,0.0909090909091,0.636363636364,0.272727272727,11,0.118181818182,3.72727272727,2.36363636364,1.3,1.625,1.43336856898,0.6064251638,0.286713286713,0.603022689156,0.510249967747,0.237762237762,1.40129809949,1.18571377649,0.503496503497,2.05382127221,0.551025219373,7,3.72727272727,2.05382127221,7,0,0,0,0,0.22962962963,11,11,11,1,0,0.0909090909091,0.636363636364,0.272727272727,11,19,0.172727272727,3.14772727273,3.45454545455,1.9,2.11111111111,1.36847625947,0.396137864583,0.205741626794,1.00904995822,0.584186817916,0.306220095694,1.61807966991,0.936782966791,0.468899521531,1.18338851637,0.375950142385,3.96875,3.14772727273,1.18338851637,3.96875,0.41,0.3,5,0.030303030303,0.214444444444,11,11,11,1,0,0.0909090909091,0.727272727273,0.181818181818,-1,-0.00909090909091,0.104338842975,-0.181818181818,-0.1,-0.388888888889,-0.321063753241,-0.0684856389122,-0.0397129186603,-0.158698458023,-0.058074811017,-0.0301435406699,-0.321929702137,-0.130222187836,-0.0674641148325,0.126489741835,0.0286731519741,0.423295454545,0.104338842975,0.126489741835,0.423295454545,-0.0890476190476,-0.1,-3,-0.0181818181818,-0.0411111111111,0,0.0909090909091,-0.0909090909091,18,1,2,89,0.9,0.988888888889,0.0111111111111,0.1,0.947368421053,0.9,0.923076923077,0.906956031802,0.888888888889,0.857142857143,6,7,0,0,0,0
2183,WLNM_dir_neg,0.816326530612,0.520287153323,00:00:01,10,50,43,1175612492,threshold_sweep,0.5,0.833333333333,0.714285714286,0.769230769231,5,1,2,13,0.714285714286,0.928571428571,0.0714285714286,0.285714285714,0.833333333333,0.714285714286,0.769230769231,0.857142857143,0.571428571429,0.666666666667,0.67082039325,0.642857142857,20,13,7,0,20,0,13,0,7,11,20,0.181818181818,3.04338842975,3.63636363636,2,2.5,1.68954001271,0.464623503495,0.245454545455,1.16774841624,0.642261628933,0.336363636364,1.94000937205,1.06700515463,0.536363636364,1.05689877454,0.347276990411,3.54545454545,3.04338842975,1.05689877454,3.54545454545,0.499047619048,0.4,8,0.0484848484848,0.255555555556,11,11,11,1,0,0.0909090909091,0.636363636364,0.272727272727,11,0.118181818182,3.72727272727,2.36363636364,1.3,1.625,1.43336856898,0.6064251638,0.286713286713,0.603022689156,0.510249967747,0.237762237762,1.40129809949,1.18571377649,0.503496503497,2.05382127221,0.551025219373,7,3.72727272727,2.05382127221,7,0,0,0,0,0.22962962963,11,11,11,1,0,0.0909090909091,0.636363636364,0.272727272727,11,19,0.172727272727,3.14772727273,3.45454545455,1.9,2.11111111111,1.36847625947,0.396137864583,0.205741626794,1.00904995822,0.584186817916,0.306220095694,1.61807966991,0.936782966791,0.468899521531,1.18338851637,0.375950142385,3.96875,3.14772727273,1.18338851637,3.96875,0.41,0.3,5,0.030303030303,0.214444444444,11,11,11,1,0,0.0909090909091,0.727272727273,0.181818181818,-1,-0.00909090909091,0.104338842975,-0.181818181818,-0.1,-0.388888888889,-0.321063753241,-0.0684856389122,-0.0397129186603,-0.158698458023,-0.058074811017,-0.0301435406699,-0.321929702137,-0.130222187836,-0.0674641148325,0.126489741835,0.0286731519741,0.423295454545,0.104338842975,0.126489741835,0.423295454545,-0.0890476190476,-0.1,-3,-0.0181818181818,-0.0411111111111,0,0.0909090909091,-0.0909090909091,18,1,2,89,0.9,0.988888888889,0.0111111111111,0.1,0.947368421053,0.9,0.923076923077,0.906956031802,0.888888888889,0.857142857143,6,7,0,0,0,0
2184,WLNM_dir_neg,0.816326530612,0.520287153323,00:00:01,10,50,43,1175612492,threshold_sweep,0.6,0.833333333333,0.714285714286,0.769230769231,5,1,2,13,0.714285714286,0.928571428571,0.0714285714286,0.285714285714,0.833333333333,0.714285714286,0.769230769231,0.857142857143,0.571428571429,0.666666666667,0.67082039325,0.642857142857,20,13,7,0,20,0,13,0,7,11,20,0.181818181818,3.04338842975,3.63636363636,2,2.5,1.68954001271,0.464623503495,0.245454545455,1.16774841624,0.642261628933,0.336363636364,1.94000937205,1.06700515463,0.536363636364,1.05689877454,0.347276990411,3.54545454545,3.04338842975,1.05689877454,3.54545454545,0.499047619048,0.4,8,0.0484848484848,0.255555555556,11,11,11,1,0,0.0909090909091,0.636363636364,0.272727272727,11,0.118181818182,3.72727272727,2.36363636364,1.3,1.625,1.43336856898,0.6064251638,0.286713286713,0.603022689156,0.510249967747,0.237762237762,1.40129809949,1.18571377649,0.503496503497,2.05382127221,0.551025219373,7,3.72727272727,2.05382127221,7,0,0,0,0,0.22962962963,11,11,11,1,0,0.0909090909091,0.636363636364,0.272727272727,11,19,0.172727272727,3.14772727273,3.45454545455,1.9,2.11111111111,1.36847625947,0.396137864583,0.205741626794,1.00904995822,0.584186817916,0.306220095694,1.61807966991,0.936782966791,0.468899521531,1.18338851637,0.375950142385,3.96875,3.14772727273,1.18338851637,3.96875,0.41,0.3,5,0.030303030303,0.214444444444,11,11,11,1,0,0.0909090909091,0.727272727273,0.181818181818,-1,-0.00909090909091,0.104338842975,-0.181818181818,-0.1,-0.388888888889,-0.321063753241,-0.0684856389122,-0.0397129186603,-0.158698458023,-0.058074811017,-0.0301435406699,-0.321929702137,-0.130222187836,-0.0674641148325,0.126489741835,0.0286731519741,0.423295454545,0.104338842975,0.126489741835,0.423295454545,-0.0890476190476,-0.1,-3,-0.0181818181818,-0.0411111111111,0,0.0909090909091,-0.0909090909091,18,1,2,89,0.9,0.988888888889,0.0111111111111,0.1,0.947368421053,0.9,0.923076923077,0.906956031802,0.888888888889,0.857142857143,6,7,0,0,0,0
2185,WLNM_dir_neg,0.816326530612,0.520287153323,00:00:01,10,50,43,1175612492,threshold_sweep,0.7,0.833333333333,0.714285714286,0.769230769231,5,1,2,13,0.714285714286,0.928571428571,0.0714285714286,0.285714285714,0.833333333333,0.714285714286,0.769230769231,0.857142857143,0.571428571429,0.666666666667,0.67082039325,0.642857142857,20,13,7,0,20,0,13,0,7,11,20,0.181818181818,3.04338842975,3.63636363636,2,2.5,1.68954001271,0.464623503495,0.245454545455,1.16774841624,0.642261628933,0.336363636364,1.94000937205,1.06700515463,0.536363636364,1.05689877454,0.347276990411,3.54545454545,3.04338842975,1.05689877454,3.54545454545,0.499047619048,0.4,8,0.0484848484848,0.255555555556,11,11,11,1,0,0.0909090909091,0.636363636364,0.272727272727,11,0.118181818182,3.72727272727,2.36363636364,1.3,1.625,1.43336856898,0.6064251638,0.286713286713,0.603022689156,0.510249967747,0.237762237762,1.40129809949,1.18571377649,0.503496503497,2.05382127221,0.551025219373,7,3.72727272727,2.05382127221,7,0,0,0,0,0.22962962963,11,11,11,1,0,0.0909090909091,0.636363636364,0.272727272727,11,19,0.172727272727,3.14772727273,3.45454545455,1.9,2.11111111111,1.36847625947,0.396137864583,0.205741626794,1.00904995822,0.584186817916,0.306220095694,1.61807966991,0.936782966791,0.468899521531,1.18338851637,0.375950142385,3.96875,3.14772727273,1.18338851637,3.96875,0.41,0.3,5,0.030303030303,0.214444444444,11,11,11,1,0,0.0909090909091,0.727272727273,0.181818181818,-1,-0.00909090909091,0.104338842975,-0.181818181818,-0.1,-0.388888888889,-0.321063753241,-0.0684856389122,-0.0397129186603,-0.158698458023,-0.058074811017,-0.0301435406699,-0.321929702137,-0.130222187836,-0.0674641148325,0.126489741835,0.0286731519741,0.423295454545,0.104338842975,0.126489741835,0.423295454545,-0.0890476190476,-0.1,-3,-0.0181818181818,-0.0411111111111,0,0.0909090909091,-0.0909090909091,18,1,2,89,0.9,0.988888888889,0.0111111111111,0.1,0.947368421053,0.9,0.923076923077,0.906956031802,0.888888888889,0.857142857143,6,7,0,0,0,0
2186,WLNM_dir_neg,0.816326530612,0.520287153323,00:00:01,10,50,43,1175612492,threshold_sweep,0.8,0.833333333333,0.714285714286,0.769230769231,5,1,2,13,0.714285714286,0.928571428571,0.0714285714286,0.285714285714,0.833333333333,0.714285714286,0.769230769231,0.857142857143,0.571428571429,0.666666666667,0.67082039325,0.642857142857,20,13,7,0,20,0,13,0,7,11,20,0.181818181818,3.04338842975,3.63636363636,2,2.5,1.68954001271,0.464623503495,0.245454545455,1.16774841624,0.642261628933,0.336363636364,1.94000937205,1.06700515463,0.536363636364,1.05689877454,0.347276990411,3.54545454545,3.04338842975,1.05689877454,3.54545454545,0.499047619048,0.4,8,0.0484848484848,0.255555555556,11,11,11,1,0,0.0909090909091,0.636363636364,0.272727272727,11,0.118181818182,3.72727272727,2.36363636364,1.3,1.625,1.43336856898,0.6064251638,0.286713286713,0.603022689156,0.510249967747,0.237762237762,1.40129809949,1.18571377649,0.503496503497,2.05382127221,0.551025219373,7,3.72727272727,2.05382127221,7,0,0,0,0,0.22962962963,11,11,11,1,0,0.0909090909091,0.636363636364,0.272727272727,11,19,0.172727272727,3.14772727273,3.45454545455,1.9,2.11111111111,1.36847625947,0.396137864583,0.205741626794,1.00904995822,0.584186817916,0.306220095694,1.61807966991,0.936782966791,0.468899521531,1.18338851637,0.375950142385,3.96875,3.14772727273,1.18338851637,3.96875,0.41,0.3,5,0.030303030303,0.214444444444,11,11,11,1,0,0.0909090909091,0.727272727273,0.181818181818,-1,-0.00909090909091,0.104338842975,-0.181818181818,-0.1,-0.388888888889,-0.321063753241,-0.0684856389122,-0.0397129186603,-0.158698458023,-0.058074811017,-0.0301435406699,-0.321929702137,-0.130222187836,-0.0674641148325,0.126489741835,0.0286731519741,0.423295454545,0.104338842975,0.126489741835,0.423295454545,-0.0890476190476,-0.1,-3,-0.0181818181818,-0.0411111111111,0,0.0909090909091,-0.0909090909091,18,1,2,89,0.9,0.988888888889,0.0111111111111,0.1,0.947368421053,0.9,0.923076923077,0.906956031802,0.888888888889,0.857142857143,6,7,0,0,0,0
2187,WLNM_dir_neg,0.816326530612,0.520287153323,00:00:01,10,50,43,1175612492,threshold_sweep,0.9,0.833333333333,0.714285714286,0.769230769231,5,1,2,13,0.714285714286,0.928571428571,0.0714285714286,0.285714285714,0.833333333333,0.714285714286,0.769230769231,0.857142857143,0.571428571429,0.666666666667,0.67082039325,0.642857142857,20,13,7,0,20,0,13,0,7,11,20,0.181818181818,3.04338842975,3.63636363636,2,2.5,1.68954001271,0.464623503495,0.245454545455,1.16774841624,0.642261628933,0.336363636364,1.94000937205,1.06700515463,0.536363636364,1.05689877454,0.347276990411,3.54545454545,3.04338842975,1.05689877454,3.54545454545,0.499047619048,0.4,8,0.0484848484848,0.255555555556,11,11,11,1,0,0.0909090909091,0.636363636364,0.272727272727,11,0.118181818182,3.72727272727,2.36363636364,1.3,1.625,1.43336856898,0.6064251638,0.286713286713,0.603022689156,0.510249967747,0.237762237762,1.40129809949,1.18571377649,0.503496503497,2.05382127221,0.551025219373,7,3.72727272727,2.05382127221,7,0,0,0,0,0.22962962963,11,11,11,1,0,0.0909090909091,0.636363636364,0.272727272727,11,19,0.172727272727,3.14772727273,3.45454545455,1.9,2.11111111111,1.36847625947,0.396137864583,0.205741626794,1.00904995822,0.584186817916,0.306220095694,1.61807966991,0.936782966791,0.468899521531,1.18338851637,0.375950142385,3.96875,3.14772727273,1.18338851637,3.96875,0.41,0.3,5,0.030303030303,0.214444444444,11,11,11,1,0,0.0909090909091,0.727272727273,0.181818181818,-1,-0.00909090909091,0.104338842975,-0.181818181818,-0.1,-0.388888888889,-0.321063753241,-0.0684856389122,-0.0397129186603,-0.158698458023,-0.058074811017,-0.0301435406699,-0.321929702137,-0.130222187836,-0.0674641148325,0.126489741835,0.0286731519741,0.423295454545,0.104338842975,0.126489741835,0.423295454545,-0.0890476190476,-0.1,-3,-0.0181818181818,-0.0411111111111,0,0.0909090909091,-0.0909090909091,18,1,2,89,0.9,0.988888888889,0.0111111111111,0.1,0.947368421053,0.9,0.923076923077,0.906956031802,0.888888888889,0.857142857143,6,7,0,0,0,0
2188,WLNM_dir_neg,0.836734693878,0.572660672661,00:00:01,10,50,44,1175612493,threshold_sweep,0.1,0.833333333333,0.714285714286,0.769230769231,5,1,2,13,0.714285714286,0.928571428571,0.0714285714286,0.285714285714,0.833333333333,0.714285714286,0.769230769231,0.857142857143,0.571428571429,0.666666666667,0.67082039325,0.642857142857,20,13,7,0,20,0,13,0,7,11,20,0.181818181818,3.04338842975,3.63636363636,2,2.5,1.68954001271,0.464623503495,0.245454545455,1.16774841624,0.642261628933,0.336363636364,1.94000937205,1.06700515463,0.536363636364,1.05689877454,0.347276990411,3.54545454545,3.04338842975,1.05689877454,3.54545454545,0.499047619048,0.4,8,0.0484848484848,0.255555555556,11,11,11,1,0,0.0909090909091,0.636363636364,0.272727272727,11,0.118181818182,3.72727272727,2.36363636364,1.3,1.625,1.43336856898,0.6064251638,0.286713286713,0.603022689156,0.510249967747,0.237762237762,1.40129809949,1.18571377649,0.503496503497,2.05382127221,0.551025219373,7,3.72727272727,2.05382127221,7,0,0,0,0,0.22962962963,11,11,11,1,0,0.0909090909091,0.636363636364,0.272727272727,11,19,0.172727272727,3.14772727273,3.45454545455,1.9,2.11111111111,1.36847625947,0.396137864583,0.205741626794,1.00904995822,0.584186817916,0.306220095694,1.61807966991,0.936782966791,0.468899521531,1.18338851637,0.375950142385,3.96875,3.14772727273,1.18338851637,3.96875,0.41,0.3,5,0.030303030303,0.214444444444,11,11,11,1,0,0.0909090909091,0.727272727273,0.181818181818,-1,-0.00909090909091,0.104338842975,-0.181818181818,-0.1,-0.388888888889,-0.321063753241,-0.0684856389122,-0.0397129186603,-0.158698458023,-0.058074811017,-0.0301435406699,-0.321929702137,-0.130222187836,-0.0674641148325,0.126489741835,0.0286731519741,0.423295454545,0.104338842975,0.126489741835,0.423295454545,-0.0890476190476,-0.1,-3,-0.0181818181818,-0.0411111111111,0,0.0909090909091,-0.0909090909091,18,1,2,89,0.9,0.988888888889,0.0111111111111,0.1,0.947368421053,0.9,0.923076923077,0.906956031802,0.888888888889,0.857142857143,6,7,0,0,0,0
2189,WLNM_dir_neg,0.836734693878,0.572660672661,00:00:01,10,50,44,1175612493,threshold_sweep,0.2,0.833333333333,0.714285714286,0.769230769231,5,1,2,13,0.714285714286,0.928571428571,0.0714285714286,0.285714285714,0.833333333333,0.714285714286,0.769230769231,0.857142857143,0.571428571429,0.666666666667,0.67082039325,0.642857142857,20,13,7,0,20,0,13,0,7,11,20,0.181818181818,3.04338842975,3.63636363636,2,2.5,1.68954001271,0.464623503495,0.245454545455,1.16774841624,0.642261628933,0.336363636364,1.94000937205,1.06700515463,0.536363636364,1.05689877454,0.347276990411,3.54545454545,3.04338842975,1.05689877454,3.54545454545,0.499047619048,0.4,8,0.0484848484848,0.255555555556,11,11,11,1,0,0.0909090909091,0.636363636364,0.272727272727,11,0.118181818182,3.72727272727,2.36363636364,1.3,1.625,1.43336856898,0.6064251638,0.286713286713,0.603022689156,0.510249967747,0.237762237762,1.40129809949,1.18571377649,0.503496503497,2.05382127221,0.551025219373,7,3.72727272727,2.05382127221,7,0,0,0,0,0.22962962963,11,11,11,1,0,0.0909090909091,0.636363636364,0.272727272727,11,19,0.172727272727,3.14772727273,3.45454545455,1.9,2.11111111111,1.36847625947,0.396137864583,0.205741626794,1.00904995822,0.584186817916,0.306220095694,1.61807966991,0.936782966791,0.468899521531,1.18338851637,0.375950142385,3.96875,3.14772727273,1.18338851637,3.96875,0.41,0.3,5,0.030303030303,0.214444444444,11,11,11,1,0,0.0909090909091,0.727272727273,0.181818181818,-1,-0.00909090909091,0.104338842975,-0.181818181818,-0.1,-0.388888888889,-0.321063753241,-0.0684856389122,-0.0397129186603,-0.158698458023,-0.058074811017,-0.0301435406699,-0.321929702137,-0.130222187836,-0.0674641148325,0.126489741835,0.0286731519741,0.423295454545,0.104338842975,0.126489741835,0.423295454545,-0.0890476190476,-0.1,-3,-0.0181818181818,-0.0411111111111,0,0.0909090909091,-0.0909090909091,18,1,2,89,0.9,0.988888888889,0.0111111111111,0.1,0.947368421053,0.9,0.923076923077,0.906956031802,0.888888888889,0.857142857143,6,7,0,0,0,0
2190,WLNM_dir_neg,0.836734693878,0.572660672661,00:00:01,10,50,44,1175612493,threshold_sweep,0.3,0.833333333333,0.714285714286,0.769230769231,5,1,2,13,0.714285714286,0.928571428571,0.0714285714286,0.285714285714,0.833333333333,0.714285714286,0.769230769231,0.857142857143,0.571428571429,0.666666666667,0.67082039325,0.642857142857,20,13,7,0,20,0,13,0,7,11,20,0.181818181818,3.04338842975,3.63636363636,2,2.5,1.68954001271,0.464623503495,0.245454545455,1.16774841624,0.642261628933,0.336363636364,1.94000937205,1.06700515463,0.536363636364,1.05689877454,0.347276990411,3.54545454545,3.04338842975,1.05689877454,3.54545454545,0.499047619048,0.4,8,0.0484848484848,0.255555555556,11,11,11,1,0,0.0909090909091,0.636363636364,0.272727272727,11,0.118181818182,3.72727272727,2.36363636364,1.3,1.625,1.43336856898,0.6064251638,0.286713286713,0.603022689156,0.510249967747,0.237762237762,1.40129809949,1.18571377649,0.503496503497,2.05382127221,0.551025219373,7,3.72727272727,2.05382127221,7,0,0,0,0,0.22962962963,11,11,11,1,0,0.0909090909091,0.636363636364,0.272727272727,11,19,0.172727272727,3.14772727273,3.45454545455,1.9,2.11111111111,1.36847625947,0.396137864583,0.205741626794,1.00904995822,0.584186817916,0.306220095694,1.61807966991,0.936782966791,0.468899521531,1.18338851637,0.375950142385,3.96875,3.14772727273,1.18338851637,3.96875,0.41,0.3,5,0.030303030303,0.214444444444,11,11,11,1,0,0.0909090909091,0.727272727273,0.181818181818,-1,-0.00909090909091,0.104338842975,-0.181818181818,-0.1,-0.388888888889,-0.321063753241,-0.0684856389122,-0.0397129186603,-0.158698458023,-0.058074811017,-0.0301435406699,-0.321929702137,-0.130222187836,-0.0674641148325,0.126489741835,0.0286731519741,0.423295454545,0.104338842975,0.126489741835,0.423295454545,-0.0890476190476,-0.1,-3,-0.0181818181818,-0.0411111111111,0,0.0909090909091,-0.0909090909091,18,1,2,89,0.9,0.988888888889,0.0111111111111,0.1,0.947368421053,0.9,0.923076923077,0.906956031802,0.888888888889,0.857142857143,6,7,0,0,0,0
2191,WLNM_dir_neg,0.836734693878,0.572660672661,00:00:01,10,50,44,1175612493,threshold_sweep,0.4,0.833333333333,0.714285714286,0.769230769231,5,1,2,13,0.714285714286,0.928571428571,0.0714285714286,0.285714285714,0.833333333333,0.714285714286,0.769230769231,0.857142857143,0.571428571429,0.666666666667,0.67082039325,0.642857142857,20,13,7,0,20,0,13,0,7,11,20,0.181818181818,3.04338842975,3.63636363636,2,2.5,1.68954001271,0.464623503495,0.245454545455,1.16774841624,0.642261628933,0.336363636364,1.94000937205,1.06700515463,0.536363636364,1.05689877454,0.347276990411,3.54545454545,3.04338842975,1.05689877454,3.54545454545,0.499047619048,0.4,8,0.0484848484848,0.255555555556,11,11,11,1,0,0.0909090909091,0.636363636364,0.272727272727,11,0.118181818182,3.72727272727,2.36363636364,1.3,1.625,1.43336856898,0.6064251638,0.286713286713,0.603022689156,0.510249967747,0.237762237762,1.40129809949,1.18571377649,0.503496503497,2.05382127221,0.551025219373,7,3.72727272727,2.05382127221,7,0,0,0,0,0.22962962963,11,11,11,1,0,0.0909090909091,0.636363636364,0.272727272727,11,19,0.172727272727,3.14772727273,3.45454545455,1.9,2.11111111111,1.36847625947,0.396137864583,0.205741626794,1.00904995822,0.584186817916,0.306220095694,1.61807966991,0.936782966791,0.468899521531,1.18338851637,0.375950142385,3.96875,3.14772727273,1.18338851637,3.96875,0.41,0.3,5,0.030303030303,0.214444444444,11,11,11,1,0,0.0909090909091,0.727272727273,0.181818181818,-1,-0.00909090909091,0.104338842975,-0.181818181818,-0.1,-0.388888888889,-0.321063753241,-0.0684856389122,-0.0397129186603,-0.158698458023,-0.058074811017,-0.0301435406699,-0.321929702137,-0.130222187836,-0.0674641148325,0.126489741835,0.0286731519741,0.423295454545,0.104338842975,0.126489741835,0.423295454545,-0.0890476190476,-0.1,-3,-0.0181818181818,-0.0411111111111,0,0.0909090909091,-0.0909090909091,18,1,2,89,0.9,0.988888888889,0.0111111111111,0.1,0.947368421053,0.9,0.923076923077,0.906956031802,0.888888888889,0.857142857143,6,7,0,0,0,0
2192,WLNM_dir_neg,0.836734693878,0.572660672661,00:00:01,10,50,44,1175612493,threshold_sweep,0.5,0.833333333333,0.714285714286,0.769230769231,5,1,2,13,0.714285714286,0.928571428571,0.0714285714286,0.285714285714,0.833333333333,0.714285714286,0.769230769231,0.857142857143,0.571428571429,0.666666666667,0.67082039325,0.642857142857,20,13,7,0,20,0,13,0,7,11,20,0.181818181818,3.04338842975,3.63636363636,2,2.5,1.68954001271,0.464623503495,0.245454545455,1.16774841624,0.642261628933,0.336363636364,1.94000937205,1.06700515463,0.536363636364,1.05689877454,0.347276990411,3.54545454545,3.04338842975,1.05689877454,3.54545454545,0.499047619048,0.4,8,0.0484848484848,0.255555555556,11,11,11,1,0,0.0909090909091,0.636363636364,0.272727272727,11,0.118181818182,3.72727272727,2.36363636364,1.3,1.625,1.43336856898,0.6064251638,0.286713286713,0.603022689156,0.510249967747,0.237762237762,1.40129809949,1.18571377649,0.503496503497,2.05382127221,0.551025219373,7,3.72727272727,2.05382127221,7,0,0,0,0,0.22962962963,11,11,11,1,0,0.0909090909091,0.636363636364,0.272727272727,11,19,0.172727272727,3.14772727273,3.45454545455,1.9,2.11111111111,1.36847625947,0.396137864583,0.205741626794,1.00904995822,0.584186817916,0.306220095694,1.61807966991,0.936782966791,0.468899521531,1.18338851637,0.375950142385,3.96875,3.14772727273,1.18338851637,3.96875,0.41,0.3,5,0.030303030303,0.214444444444,11,11,11,1,0,0.0909090909091,0.727272727273,0.181818181818,-1,-0.00909090909091,0.104338842975,-0.181818181818,-0.1,-0.388888888889,-0.321063753241,-0.0684856389122,-0.0397129186603,-0.158698458023,-0.058074811017,-0.0301435406699,-0.321929702137,-0.130222187836,-0.0674641148325,0.126489741835,0.0286731519741,0.423295454545,0.104338842975,0.126489741835,0.423295454545,-0.0890476190476,-0.1,-3,-0.0181818181818,-0.0411111111111,0,0.0909090909091,-0.0909090909091,18,1,2,89,0.9,0.988888888889,0.0111111111111,0.1,0.947368421053,0.9,0.923076923077,0.906956031802,0.888888888889,0.857142857143,6,7,0,0,0,0
2193,WLNM_dir_neg,0.836734693878,0.572660672661,00:00:01,10,50,44,1175612493,threshold_sweep,0.6,0.833333333333,0.714285714286,0.769230769231,5,1,2,13,0.714285714286,0.928571428571,0.0714285714286,0.285714285714,0.833333333333,0.714285714286,0.769230769231,0.857142857143,0.571428571429,0.666666666667,0.67082039325,0.642857142857,20,13,7,0,20,0,13,0,7,11,20,0.181818181818,3.04338842975,3.63636363636,2,2.5,1.68954001271,0.464623503495,0.245454545455,1.16774841624,0.642261628933,0.336363636364,1.94000937205,1.06700515463,0.536363636364,1.05689877454,0.347276990411,3.54545454545,3.04338842975,1.05689877454,3.54545454545,0.499047619048,0.4,8,0.0484848484848,0.255555555556,11,11,11,1,0,0.0909090909091,0.636363636364,0.272727272727,11,0.118181818182,3.72727272727,2.36363636364,1.3,1.625,1.43336856898,0.6064251638,0.286713286713,0.603022689156,0.510249967747,0.237762237762,1.40129809949,1.18571377649,0.503496503497,2.05382127221,0.551025219373,7,3.72727272727,2.05382127221,7,0,0,0,0,0.22962962963,11,11,11,1,0,0.0909090909091,0.636363636364,0.272727272727,11,19,0.172727272727,3.14772727273,3.45454545455,1.9,2.11111111111,1.36847625947,0.396137864583,0.205741626794,1.00904995822,0.584186817916,0.306220095694,1.61807966991,0.936782966791,0.468899521531,1.18338851637,0.375950142385,3.96875,3.14772727273,1.18338851637,3.96875,0.41,0.3,5,0.030303030303,0.214444444444,11,11,11,1,0,0.0909090909091,0.727272727273,0.181818181818,-1,-0.00909090909091,0.104338842975,-0.181818181818,-0.1,-0.388888888889,-0.321063753241,-0.0684856389122,-0.0397129186603,-0.158698458023,-0.058074811017,-0.0301435406699,-0.321929702137,-0.130222187836,-0.0674641148325,0.126489741835,0.0286731519741,0.423295454545,0.104338842975,0.126489741835,0.423295454545,-0.0890476190476,-0.1,-3,-0.0181818181818,-0.0411111111111,0,0.0909090909091,-0.0909090909091,18,1,2,89,0.9,0.988888888889,0.0111111111111,0.1,0.947368421053,0.9,0.923076923077,0.906956031802,0.888888888889,0.857142857143,6,7,0,0,0,0
2194,WLNM_dir_neg,0.836734693878,0.572660672661,00:00:01,10,50,44,1175612493,threshold_sweep,0.7,0.833333333333,0.714285714286,0.769230769231,5,1,2,13,0.714285714286,0.928571428571,0.0714285714286,0.285714285714,0.833333333333,0.714285714286,0.769230769231,0.857142857143,0.571428571429,0.666666666667,0.67082039325,0.642857142857,20,13,7,0,20,0,13,0,7,11,20,0.181818181818,3.04338842975,3.63636363636,2,2.5,1.68954001271,0.464623503495,0.245454545455,1.16774841624,0.642261628933,0.336363636364,1.94000937205,1.06700515463,0.536363636364,1.05689877454,0.347276990411,3.54545454545,3.04338842975,1.05689877454,3.54545454545,0.499047619048,0.4,8,0.0484848484848,0.255555555556,11,11,11,1,0,0.0909090909091,0.636363636364,0.272727272727,11,0.118181818182,3.72727272727,2.36363636364,1.3,1.625,1.43336856898,0.6064251638,0.286713286713,0.603022689156,0.510249967747,0.237762237762,1.40129809949,1.18571377649,0.503496503497,2.05382127221,0.551025219373,7,3.72727272727,2.05382127221,7,0,0,0,0,0.22962962963,11,11,11,1,0,0.0909090909091,0.636363636364,0.272727272727,11,19,0.172727272727,3.14772727273,3.45454545455,1.9,2.11111111111,1.36847625947,0.396137864583,0.205741626794,1.00904995822,0.584186817916,0.306220095694,1.61807966991,0.936782966791,0.468899521531,1.18338851637,0.375950142385,3.96875,3.14772727273,1.18338851637,3.96875,0.41,0.3,5,0.030303030303,0.214444444444,11,11,11,1,0,0.0909090909091,0.727272727273,0.181818181818,-1,-0.00909090909091,0.104338842975,-0.181818181818,-0.1,-0.388888888889,-0.321063753241,-0.0684856389122,-0.0397129186603,-0.158698458023,-0.058074811017,-0.0301435406699,-0.321929702137,-0.130222187836,-0.0674641148325,0.126489741835,0.0286731519741,0.423295454545,0.104338842975,0.126489741835,0.423295454545,-0.0890476190476,-0.1,-3,-0.0181818181818,-0.0411111111111,0,0.0909090909091,-0.0909090909091,18,1,2,89,0.9,0.988888888889,0.0111111111111,0.1,0.947368421053,0.9,0.923076923077,0.906956031802,0.888888888889,0.857142857143,6,7,0,0,0,0
2195,WLNM_dir_neg,0.836734693878,0.572660672661,00:00:01,10,50,44,1175612493,threshold_sweep,0.8,0.833333333333,0.714285714286,0.769230769231,5,1,2,13,0.714285714286,0.928571428571,0.0714285714286,0.285714285714,0.833333333333,0.714285714286,0.769230769231,0.857142857143,0.571428571429,0.666666666667,0.67082039325,0.642857142857,20,13,7,0,20,0,13,0,7,11,20,0.181818181818,3.04338842975,3.63636363636,2,2.5,1.68954001271,0.464623503495,0.245454545455,1.16774841624,0.642261628933,0.336363636364,1.94000937205,1.06700515463,0.536363636364,1.05689877454,0.347276990411,3.54545454545,3.04338842975,1.05689877454,3.54545454545,0.499047619048,0.4,8,0.0484848484848,0.255555555556,11,11,11,1,0,0.0909090909091,0.636363636364,0.272727272727,11,0.118181818182,3.72727272727,2.36363636364,1.3,1.625,1.43336856898,0.6064251638,0.286713286713,0.603022689156,0.510249967747,0.237762237762,1.40129809949,1.18571377649,0.503496503497,2.05382127221,0.551025219373,7,3.72727272727,2.05382127221,7,0,0,0,0,0.22962962963,11,11,11,1,0,0.0909090909091,0.636363636364,0.272727272727,11,19,0.172727272727,3.14772727273,3.45454545455,1.9,2.11111111111,1.36847625947,0.396137864583,0.205741626794,1.00904995822,0.584186817916,0.306220095694,1.61807966991,0.936782966791,0.468899521531,1.18338851637,0.375950142385,3.96875,3.14772727273,1.18338851637,3.96875,0.41,0.3,5,0.030303030303,0.214444444444,11,11,11,1,0,0.0909090909091,0.727272727273,0.181818181818,-1,-0.00909090909091,0.104338842975,-0.181818181818,-0.1,-0.388888888889,-0.321063753241,-0.0684856389122,-0.0397129186603,-0.158698458023,-0.058074811017,-0.0301435406699,-0.321929702137,-0.130222187836,-0.0674641148325,0.126489741835,0.0286731519741,0.423295454545,0.104338842975,0.126489741835,0.423295454545,-0.0890476190476,-0.1,-3,-0.0181818181818,-0.0411111111111,0,0.0909090909091,-0.0909090909091,18,1,2,89,0.9,0.988888888889,0.0111111111111,0.1,0.947368421053,0.9,0.923076923077,0.906956031802,0.888888888889,0.857142857143,6,7,0,0,0,0
2196,WLNM_dir_neg,0.836734693878,0.572660672661,00:00:01,10,50,44,1175612493,threshold_sweep,0.9,0.833333333333,0.714285714286,0.769230769231,5,1,2,13,0.714285714286,0.928571428571,0.0714285714286,0.285714285714,0.833333333333,0.714285714286,0.769230769231,0.857142857143,0.571428571429,0.666666666667,0.67082039325,0.642857142857,20,13,7,0,20,0,13,0,7,11,20,0.181818181818,3.04338842975,3.63636363636,2,2.5,1.68954001271,0.464623503495,0.245454545455,1.16774841624,0.642261628933,0.336363636364,1.94000937205,1.06700515463,0.536363636364,1.05689877454,0.347276990411,3.54545454545,3.04338842975,1.05689877454,3.54545454545,0.499047619048,0.4,8,0.0484848484848,0.255555555556,11,11,11,1,0,0.0909090909091,0.636363636364,0.272727272727,11,0.118181818182,3.72727272727,2.36363636364,1.3,1.625,1.43336856898,0.6064251638,0.286713286713,0.603022689156,0.510249967747,0.237762237762,1.40129809949,1.18571377649,0.503496503497,2.05382127221,0.551025219373,7,3.72727272727,2.05382127221,7,0,0,0,0,0.22962962963,11,11,11,1,0,0.0909090909091,0.636363636364,0.272727272727,11,19,0.172727272727,3.14772727273,3.45454545455,1.9,2.11111111111,1.36847625947,0.396137864583,0.205741626794,1.00904995822,0.584186817916,0.306220095694,1.61807966991,0.936782966791,0.468899521531,1.18338851637,0.375950142385,3.96875,3.14772727273,1.18338851637,3.96875,0.41,0.3,5,0.030303030303,0.214444444444,11,11,11,1,0,0.0909090909091,0.727272727273,0.181818181818,-1,-0.00909090909091,0.104338842975,-0.181818181818,-0.1,-0.388888888889,-0.321063753241,-0.0684856389122,-0.0397129186603,-0.158698458023,-0.058074811017,-0.0301435406699,-0.321929702137,-0.130222187836,-0.0674641148325,0.126489741835,0.0286731519741,0.423295454545,0.104338842975,0.126489741835,0.423295454545,-0.0890476190476,-0.1,-3,-0.0181818181818,-0.0411111111111,0,0.0909090909091,-0.0909090909091,18,1,2,89,0.9,0.988888888889,0.0111111111111,0.1,0.947368421053,0.9,0.923076923077,0.906956031802,0.888888888889,0.857142857143,6,7,0,0,0,0
2197,WLNM_dir_neg,0.887755102041,0.592984693878,00:00:01,10,50,45,1175612494,threshold_sweep,0.1,1,0.714285714286,0.833333333333,5,0,2,14,0.714285714286,1,0,0.285714285714,1,0.714285714286,0.833333333333,0.904761904762,0.587301587302,0.769230769231,0.790569415042,0.714285714286,20,13,7,0,20,0,13,0,7,11,20,0.181818181818,3.04338842975,3.63636363636,2,2.5,1.68954001271,0.464623503495,0.245454545455,1.16774841624,0.642261628933,0.336363636364,1.94000937205,1.06700515463,0.536363636364,1.05689877454,0.347276990411,3.54545454545,3.04338842975,1.05689877454,3.54545454545,0.499047619048,0.4,8,0.0484848484848,0.255555555556,11,11,11,1,0,0.0909090909091,0.636363636364,0.272727272727,11,0.118181818182,3.72727272727,2.36363636364,1.3,1.625,1.43336856898,0.6064251638,0.286713286713,0.603022689156,0.510249967747,0.237762237762,1.40129809949,1.18571377649,0.503496503497,2.05382127221,0.551025219373,7,3.72727272727,2.05382127221,7,0,0,0,0,0.22962962963,11,11,11,1,0,0.0909090909091,0.636363636364,0.272727272727,11,18,0.163636363636,3.11363636364,3.27272727273,1.8,2.25,1.42062726223,0.434080552347,0.227272727273,0.924416277737,0.564921058617,0.292929292929,1.68954001271,1.03249667443,0.525252525253,1.14353419474,0.367266456706,3.875,3.11363636364,1.14353419474,3.875,0.366666666667,0.266666666667,4,0.0242424242424,0.221111111111,11,11,11,1,0,0.0909090909091,0.636363636364,0.272727272727,-2,-0.0181818181818,0.0702479338843,-0.363636363636,-0.2,-0.25,-0.268912750482,-0.030542951148,-0.0181818181818,-0.243332138505,-0.0773405703161,-0.0434343434343,-0.250469359339,-0.0345084801933,-0.0111111111111,0.0866354202056,0.0199894662943,0.329545454545,0.0702479338843,0.0866354202056,0.329545454545,-0.132380952381,-0.133333333333,-4,-0.0242424242424,-0.0344444444444,0,0,0,18,0,2,90,0.9,1,0,0.1,1,0.9,0.947368421053,0.938314863257,0.9,0.9,5,7,0,0,0,0
2198,WLNM_dir_neg,0.887755102041,0.592984693878,00:00:01,10,50,45,1175612494,threshold_sweep,0.2,1,0.714285714286,0.833333333333,5,0,2,14,0.714285714286,1,0,0.285714285714,1,0.714285714286,0.833333333333,0.904761904762,0.587301587302,0.769230769231,0.790569415042,0.714285714286,20,13,7,0,20,0,13,0,7,11,20,0.181818181818,3.04338842975,3.63636363636,2,2.5,1.68954001271,0.464623503495,0.245454545455,1.16774841624,0.642261628933,0.336363636364,1.94000937205,1.06700515463,0.536363636364,1.05689877454,0.347276990411,3.54545454545,3.04338842975,1.05689877454,3.54545454545,0.499047619048,0.4,8,0.0484848484848,0.255555555556,11,11,11,1,0,0.0909090909091,0.636363636364,0.272727272727,11,0.118181818182,3.72727272727,2.36363636364,1.3,1.625,1.43336856898,0.6064251638,0.286713286713,0.603022689156,0.510249967747,0.237762237762,1.40129809949,1.18571377649,0.503496503497,2.05382127221,0.551025219373,7,3.72727272727,2.05382127221,7,0,0,0,0,0.22962962963,11,11,11,1,0,0.0909090909091,0.636363636364,0.272727272727,11,18,0.163636363636,3.11363636364,3.27272727273,1.8,2.25,1.42062726223,0.434080552347,0.227272727273,0.924416277737,0.564921058617,0.292929292929,1.68954001271,1.03249667443,0.525252525253,1.14353419474,0.367266456706,3.875,3.11363636364,1.14353419474,3.875,0.366666666667,0.266666666667,4,0.0242424242424,0.221111111111,11,11,11,1,0,0.0909090909091,0.636363636364,0.272727272727,-2,-0.0181818181818,0.0702479338843,-0.363636363636,-0.2,-0.25,-0.268912750482,-0.030542951148,-0.0181818181818,-0.243332138505,-0.0773405703161,-0.0434343434343,-0.250469359339,-0.0345084801933,-0.0111111111111,0.0866354202056,0.0199894662943,0.329545454545,0.0702479338843,0.0866354202056,0.329545454545,-0.132380952381,-0.133333333333,-4,-0.0242424242424,-0.0344444444444,0,0,0,18,0,2,90,0.9,1,0,0.1,1,0.9,0.947368421053,0.938314863257,0.9,0.9,5,7,0,0,0,0
2199,WLNM_dir_neg,0.887755102041,0.592984693878,00:00:01,10,50,45,1175612494,threshold_sweep,0.3,1,0.714285714286,0.833333333333,5,0,2,14,0.714285714286,1,0,0.285714285714,1,0.714285714286,0.833333333333,0.904761904762,0.587301587302,0.769230769231,0.790569415042,0.714285714286,20,13,7,0,20,0,13,0,7,11,20,0.181818181818,3.04338842975,3.63636363636,2,2.5,1.68954001271,0.464623503495,0.245454545455,1.16774841624,0.642261628933,0.336363636364,1.94000937205,1.06700515463,0.536363636364,1.05689877454,0.347276990411,3.54545454545,3.04338842975,1.05689877454,3.54545454545,0.499047619048,0.4,8,0.0484848484848,0.255555555556,11,11,11,1,0,0.0909090909091,0.636363636364,0.272727272727,11,0.118181818182,3.72727272727,2.36363636364,1.3,1.625,1.43336856898,0.6064251638,0.286713286713,0.603022689156,0.510249967747,0.237762237762,1.40129809949,1.18571377649,0.503496503497,2.05382127221,0.551025219373,7,3.72727272727,2.05382127221,7,0,0,0,0,0.22962962963,11,11,11,1,0,0.0909090909091,0.636363636364,0.272727272727,11,18,0.163636363636,3.11363636364,3.27272727273,1.8,2.25,1.42062726223,0.434080552347,0.227272727273,0.924416277737,0.564921058617,0.292929292929,1.68954001271,1.03249667443,0.525252525253,1.14353419474,0.367266456706,3.875,3.11363636364,1.14353419474,3.875,0.366666666667,0.266666666667,4,0.0242424242424,0.221111111111,11,11,11,1,0,0.0909090909091,0.636363636364,0.272727272727,-2,-0.0181818181818,0.0702479338843,-0.363636363636,-0.2,-0.25,-0.268912750482,-0.030542951148,-0.0181818181818,-0.243332138505,-0.0773405703161,-0.0434343434343,-0.250469359339,-0.0345084801933,-0.0111111111111,0.0866354202056,0.0199894662943,0.329545454545,0.0702479338843,0.0866354202056,0.329545454545,-0.132380952381,-0.133333333333,-4,-0.0242424242424,-0.0344444444444,0,0,0,18,0,2,90,0.9,1,0,0.1,1,0.9,0.947368421053,0.938314863257,0.9,0.9,5,7,0,0,0,0
2200,WLNM_dir_neg,0.887755102041,0.592984693878,00:00:01,10,50,45,1175612494,threshold_sweep,0.4,1,0.714285714286,0.833333333333,5,0,2,14,0.714285714286,1,0,0.285714285714,1,0.714285714286,0.833333333333,0.904761904762,0.587301587302,0.769230769231,0.790569415042,0.714285714286,20,13,7,0,20,0,13,0,7,11,20,0.181818181818,3.04338842975,3.63636363636,2,2.5,1.68954001271,0.464623503495,0.245454545455,1.16774841624,0.642261628933,0.336363636364,1.94000937205,1.06700515463,0.536363636364,1.05689877454,0.347276990411,3.54545454545,3.04338842975,1.05689877454,3.54545454545,0.499047619048,0.4,8,0.0484848484848,0.255555555556,11,11,11,1,0,0.0909090909091,0.636363636364,0.272727272727,11,0.118181818182,3.72727272727,2.36363636364,1.3,1.625,1.43336856898,0.6064251638,0.286713286713,0.603022689156,0.510249967747,0.237762237762,1.40129809949,1.18571377649,0.503496503497,2.05382127221,0.551025219373,7,3.72727272727,2.05382127221,7,0,0,0,0,0.22962962963,11,11,11,1,0,0.0909090909091,0.636363636364,0.272727272727,11,18,0.163636363636,3.11363636364,3.27272727273,1.8,2.25,1.42062726223,0.434080552347,0.227272727273,0.924416277737,0.564921058617,0.292929292929,1.68954001271,1.03249667443,0.525252525253,1.14353419474,0.367266456706,3.875,3.11363636364,1.14353419474,3.875,0.366666666667,0.266666666667,4,0.0242424242424,0.221111111111,11,11,11,1,0,0.0909090909091,0.636363636364,0.272727272727,-2,-0.0181818181818,0.0702479338843,-0.363636363636,-0.2,-0.25,-0.268912750482,-0.030542951148,-0.0181818181818,-0.243332138505,-0.0773405703161,-0.0434343434343,-0.250469359339,-0.0345084801933,-0.0111111111111,0.0866354202056,0.0199894662943,0.329545454545,0.0702479338843,0.0866354202056,0.329545454545,-0.132380952381,-0.133333333333,-4,-0.0242424242424,-0.0344444444444,0,0,0,18,0,2,90,0.9,1,0,0.1,1,0.9,0.947368421053,0.938314863257,0.9,0.9,5,7,0,0,0,0
2201,WLNM_dir_neg,0.887755102041,0.592984693878,00:00:01,10,50,45,1175612494,threshold_sweep,0.5,1,0.714285714286,0.833333333333,5,0,2,14,0.714285714286,1,0,0.285714285714,1,0.714285714286,0.833333333333,0.904761904762,0.587301587302,0.769230769231,0.790569415042,0.714285714286,20,13,7,0,20,0,13,0,7,11,20,0.181818181818,3.04338842975,3.63636363636,2,2.5,1.68954001271,0.464623503495,0.245454545455,1.16774841624,0.642261628933,0.336363636364,1.94000937205,1.06700515463,0.536363636364,1.05689877454,0.347276990411,3.54545454545,3.04338842975,1.05689877454,3.54545454545,0.499047619048,0.4,8,0.0484848484848,0.255555555556,11,11,11,1,0,0.0909090909091,0.636363636364,0.272727272727,11,0.118181818182,3.72727272727,2.36363636364,1.3,1.625,1.43336856898,0.6064251638,0.286713286713,0.603022689156,0.510249967747,0.237762237762,1.40129809949,1.18571377649,0.503496503497,2.05382127221,0.551025219373,7,3.72727272727,2.05382127221,7,0,0,0,0,0.22962962963,11,11,11,1,0,0.0909090909091,0.636363636364,0.272727272727,11,18,0.163636363636,3.11363636364,3.27272727273,1.8,2.25,1.42062726223,0.434080552347,0.227272727273,0.924416277737,0.564921058617,0.292929292929,1.68954001271,1.03249667443,0.525252525253,1.14353419474,0.367266456706,3.875,3.11363636364,1.14353419474,3.875,0.366666666667,0.266666666667,4,0.0242424242424,0.221111111111,11,11,11,1,0,0.0909090909091,0.636363636364,0.272727272727,-2,-0.0181818181818,0.0702479338843,-0.363636363636,-0.2,-0.25,-0.268912750482,-0.030542951148,-0.0181818181818,-0.243332138505,-0.0773405703161,-0.0434343434343,-0.250469359339,-0.0345084801933,-0.0111111111111,0.0866354202056,0.0199894662943,0.329545454545,0.0702479338843,0.0866354202056,0.329545454545,-0.132380952381,-0.133333333333,-4,-0.0242424242424,-0.0344444444444,0,0,0,18,0,2,90,0.9,1,0,0.1,1,0.9,0.947368421053,0.938314863257,0.9,0.9,5,7,0,0,0,0
2202,WLNM_dir_neg,0.887755102041,0.592984693878,00:00:01,10,50,45,1175612494,threshold_sweep,0.6,1,0.714285714286,0.833333333333,5,0,2,14,0.714285714286,1,0,0.285714285714,1,0.714285714286,0.833333333333,0.904761904762,0.587301587302,0.769230769231,0.790569415042,0.714285714286,20,13,7,0,20,0,13,0,7,11,20,0.181818181818,3.04338842975,3.63636363636,2,2.5,1.68954001271,0.464623503495,0.245454545455,1.16774841624,0.642261628933,0.336363636364,1.94000937205,1.06700515463,0.536363636364,1.05689877454,0.347276990411,3.54545454545,3.04338842975,1.05689877454,3.54545454545,0.499047619048,0.4,8,0.0484848484848,0.255555555556,11,11,11,1,0,0.0909090909091,0.636363636364,0.272727272727,11,0.118181818182,3.72727272727,2.36363636364,1.3,1.625,1.43336856898,0.6064251638,0.286713286713,0.603022689156,0.510249967747,0.237762237762,1.40129809949,1.18571377649,0.503496503497,2.05382127221,0.551025219373,7,3.72727272727,2.05382127221,7,0,0,0,0,0.22962962963,11,11,11,1,0,0.0909090909091,0.636363636364,0.272727272727,11,18,0.163636363636,3.11363636364,3.27272727273,1.8,2.25,1.42062726223,0.434080552347,0.227272727273,0.924416277737,0.564921058617,0.292929292929,1.68954001271,1.03249667443,0.525252525253,1.14353419474,0.367266456706,3.875,3.11363636364,1.14353419474,3.875,0.366666666667,0.266666666667,4,0.0242424242424,0.221111111111,11,11,11,1,0,0.0909090909091,0.636363636364,0.272727272727,-2,-0.0181818181818,0.0702479338843,-0.363636363636,-0.2,-0.25,-0.268912750482,-0.030542951148,-0.0181818181818,-0.243332138505,-0.0773405703161,-0.0434343434343,-0.250469359339,-0.0345084801933,-0.0111111111111,0.0866354202056,0.0199894662943,0.329545454545,0.0702479338843,0.0866354202056,0.329545454545,-0.132380952381,-0.133333333333,-4,-0.0242424242424,-0.0344444444444,0,0,0,18,0,2,90,0.9,1,0,0.1,1,0.9,0.947368421053,0.938314863257,0.9,0.9,5,7,0,0,0,0
2203,WLNM_dir_neg,0.887755102041,0.592984693878,00:00:01,10,50,45,1175612494,threshold_sweep,0.7,1,0.714285714286,0.833333333333,5,0,2,14,0.714285714286,1,0,0.285714285714,1,0.714285714286,0.833333333333,0.904761904762,0.587301587302,0.769230769231,0.790569415042,0.714285714286,20,13,7,0,20,0,13,0,7,11,20,0.181818181818,3.04338842975,3.63636363636,2,2.5,1.68954001271,0.464623503495,0.245454545455,1.16774841624,0.642261628933,0.336363636364,1.94000937205,1.06700515463,0.536363636364,1.05689877454,0.347276990411,3.54545454545,3.04338842975,1.05689877454,3.54545454545,0.499047619048,0.4,8,0.0484848484848,0.255555555556,11,11,11,1,0,0.0909090909091,0.636363636364,0.272727272727,11,0.118181818182,3.72727272727,2.36363636364,1.3,1.625,1.43336856898,0.6064251638,0.286713286713,0.603022689156,0.510249967747,0.237762237762,1.40129809949,1.18571377649,0.503496503497,2.05382127221,0.551025219373,7,3.72727272727,2.05382127221,7,0,0,0,0,0.22962962963,11,11,11,1,0,0.0909090909091,0.636363636364,0.272727272727,11,18,0.163636363636,3.11363636364,3.27272727273,1.8,2.25,1.42062726223,0.434080552347,0.227272727273,0.924416277737,0.564921058617,0.292929292929,1.68954001271,1.03249667443,0.525252525253,1.14353419474,0.367266456706,3.875,3.11363636364,1.14353419474,3.875,0.366666666667,0.266666666667,4,0.0242424242424,0.221111111111,11,11,11,1,0,0.0909090909091,0.636363636364,0.272727272727,-2,-0.0181818181818,0.0702479338843,-0.363636363636,-0.2,-0.25,-0.268912750482,-0.030542951148,-0.0181818181818,-0.243332138505,-0.0773405703161,-0.0434343434343,-0.250469359339,-0.0345084801933,-0.0111111111111,0.0866354202056,0.0199894662943,0.329545454545,0.0702479338843,0.0866354202056,0.329545454545,-0.132380952381,-0.133333333333,-4,-0.0242424242424,-0.0344444444444,0,0,0,18,0,2,90,0.9,1,0,0.1,1,0.9,0.947368421053,0.938314863257,0.9,0.9,5,7,0,0,0,0
2204,WLNM_dir_neg,0.887755102041,0.592984693878,00:00:01,10,50,45,1175612494,threshold_sweep,0.8,1,0.714285714286,0.833333333333,5,0,2,14,0.714285714286,1,0,0.285714285714,1,0.714285714286,0.833333333333,0.904761904762,0.587301587302,0.769230769231,0.790569415042,0.714285714286,20,13,7,0,20,0,13,0,7,11,20,0.181818181818,3.04338842975,3.63636363636,2,2.5,1.68954001271,0.464623503495,0.245454545455,1.16774841624,0.642261628933,0.336363636364,1.94000937205,1.06700515463,0.536363636364,1.05689877454,0.347276990411,3.54545454545,3.04338842975,1.05689877454,3.54545454545,0.499047619048,0.4,8,0.0484848484848,0.255555555556,11,11,11,1,0,0.0909090909091,0.636363636364,0.272727272727,11,0.118181818182,3.72727272727,2.36363636364,1.3,1.625,1.43336856898,0.6064251638,0.286713286713,0.603022689156,0.510249967747,0.237762237762,1.40129809949,1.18571377649,0.503496503497,2.05382127221,0.551025219373,7,3.72727272727,2.05382127221,7,0,0,0,0,0.22962962963,11,11,11,1,0,0.0909090909091,0.636363636364,0.272727272727,11,18,0.163636363636,3.11363636364,3.27272727273,1.8,2.25,1.42062726223,0.434080552347,0.227272727273,0.924416277737,0.564921058617,0.292929292929,1.68954001271,1.03249667443,0.525252525253,1.14353419474,0.367266456706,3.875,3.11363636364,1.14353419474,3.875,0.366666666667,0.266666666667,4,0.0242424242424,0.221111111111,11,11,11,1,0,0.0909090909091,0.636363636364,0.272727272727,-2,-0.0181818181818,0.0702479338843,-0.363636363636,-0.2,-0.25,-0.268912750482,-0.030542951148,-0.0181818181818,-0.243332138505,-0.0773405703161,-0.0434343434343,-0.250469359339,-0.0345084801933,-0.0111111111111,0.0866354202056,0.0199894662943,0.329545454545,0.0702479338843,0.0866354202056,0.329545454545,-0.132380952381,-0.133333333333,-4,-0.0242424242424,-0.0344444444444,0,0,0,18,0,2,90,0.9,1,0,0.1,1,0.9,0.947368421053,0.938314863257,0.9,0.9,5,7,0,0,0,0
2205,WLNM_dir_neg,0.887755102041,0.592984693878,00:00:01,10,50,45,1175612494,threshold_sweep,0.9,1,0.714285714286,0.833333333333,5,0,2,14,0.714285714286,1,0,0.285714285714,1,0.714285714286,0.833333333333,0.904761904762,0.587301587302,0.769230769231,0.790569415042,0.714285714286,20,13,7,0,20,0,13,0,7,11,20,0.181818181818,3.04338842975,3.63636363636,2,2.5,1.68954001271,0.464623503495,0.245454545455,1.16774841624,0.642261628933,0.336363636364,1.94000937205,1.06700515463,0.536363636364,1.05689877454,0.347276990411,3.54545454545,3.04338842975,1.05689877454,3.54545454545,0.499047619048,0.4,8,0.0484848484848,0.255555555556,11,11,11,1,0,0.0909090909091,0.636363636364,0.272727272727,11,0.118181818182,3.72727272727,2.36363636364,1.3,1.625,1.43336856898,0.6064251638,0.286713286713,0.603022689156,0.510249967747,0.237762237762,1.40129809949,1.18571377649,0.503496503497,2.05382127221,0.551025219373,7,3.72727272727,2.05382127221,7,0,0,0,0,0.22962962963,11,11,11,1,0,0.0909090909091,0.636363636364,0.272727272727,11,18,0.163636363636,3.11363636364,3.27272727273,1.8,2.25,1.42062726223,0.434080552347,0.227272727273,0.924416277737,0.564921058617,0.292929292929,1.68954001271,1.03249667443,0.525252525253,1.14353419474,0.367266456706,3.875,3.11363636364,1.14353419474,3.875,0.366666666667,0.266666666667,4,0.0242424242424,0.221111111111,11,11,11,1,0,0.0909090909091,0.636363636364,0.272727272727,-2,-0.0181818181818,0.0702479338843,-0.363636363636,-0.2,-0.25,-0.268912750482,-0.030542951148,-0.0181818181818,-0.243332138505,-0.0773405703161,-0.0434343434343,-0.250469359339,-0.0345084801933,-0.0111111111111,0.0866354202056,0.0199894662943,0.329545454545,0.0702479338843,0.0866354202056,0.329545454545,-0.132380952381,-0.133333333333,-4,-0.0242424242424,-0.0344444444444,0,0,0,18,0,2,90,0.9,1,0,0.1,1,0.9,0.947368421053,0.938314863257,0.9,0.9,5,7,0,0,0,0
2206,WLNM_dir_neg,0.918367346939,0.601461038961,00:00:01,10,50,46,1175612495,threshold_sweep,0.1,1,0.714285714286,0.833333333333,5,0,2,14,0.714285714286,1,0,0.285714285714,1,0.714285714286,0.833333333333,0.904761904762,0.587301587302,0.769230769231,0.790569415042,0.714285714286,20,13,7,0,20,0,13,0,7,11,20,0.181818181818,3.04338842975,3.63636363636,2,2.5,1.68954001271,0.464623503495,0.245454545455,1.16774841624,0.642261628933,0.336363636364,1.94000937205,1.06700515463,0.536363636364,1.05689877454,0.347276990411,3.54545454545,3.04338842975,1.05689877454,3.54545454545,0.499047619048,0.4,8,0.0484848484848,0.255555555556,11,11,11,1,0,0.0909090909091,0.636363636364,0.272727272727,11,0.118181818182,3.72727272727,2.36363636364,1.3,1.625,1.43336856898,0.6064251638,0.286713286713,0.603022689156,0.510249967747,0.237762237762,1.40129809949,1.18571377649,0.503496503497,2.05382127221,0.551025219373,7,3.72727272727,2.05382127221,7,0,0,0,0,0.22962962963,11,11,11,1,0,0.0909090909091,0.636363636364,0.272727272727,11,18,0.163636363636,3.11363636364,3.27272727273,1.8,2.25,1.42062726223,0.434080552347,0.227272727273,0.924416277737,0.564921058617,0.292929292929,1.68954001271,1.03249667443,0.525252525253,1.14353419474,0.367266456706,3.875,3.11363636364,1.14353419474,3.875,0.366666666667,0.266666666667,4,0.0242424242424,0.221111111111,11,11,11,1,0,0.0909090909091,0.636363636364,0.272727272727,-2,-0.0181818181818,0.0702479338843,-0.363636363636,-0.2,-0.25,-0.268912750482,-0.030542951148,-0.0181818181818,-0.243332138505,-0.0773405703161,-0.0434343434343,-0.250469359339,-0.0345084801933,-0.0111111111111,0.0866354202056,0.0199894662943,0.329545454545,0.0702479338843,0.0866354202056,0.329545454545,-0.132380952381,-0.133333333333,-4,-0.0242424242424,-0.0344444444444,0,0,0,18,0,2,90,0.9,1,0,0.1,1,0.9,0.947368421053,0.938314863257,0.9,0.9,5,7,0,0,0,0
2207,WLNM_dir_neg,0.918367346939,0.601461038961,00:00:01,10,50,46,1175612495,threshold_sweep,0.2,1,0.714285714286,0.833333333333,5,0,2,14,0.714285714286,1,0,0.285714285714,1,0.714285714286,0.833333333333,0.904761904762,0.587301587302,0.769230769231,0.790569415042,0.714285714286,20,13,7,0,20,0,13,0,7,11,20,0.181818181818,3.04338842975,3.63636363636,2,2.5,1.68954001271,0.464623503495,0.245454545455,1.16774841624,0.642261628933,0.336363636364,1.94000937205,1.06700515463,0.536363636364,1.05689877454,0.347276990411,3.54545454545,3.04338842975,1.05689877454,3.54545454545,0.499047619048,0.4,8,0.0484848484848,0.255555555556,11,11,11,1,0,0.0909090909091,0.636363636364,0.272727272727,11,0.118181818182,3.72727272727,2.36363636364,1.3,1.625,1.43336856898,0.6064251638,0.286713286713,0.603022689156,0.510249967747,0.237762237762,1.40129809949,1.18571377649,0.503496503497,2.05382127221,0.551025219373,7,3.72727272727,2.05382127221,7,0,0,0,0,0.22962962963,11,11,11,1,0,0.0909090909091,0.636363636364,0.272727272727,11,18,0.163636363636,3.11363636364,3.27272727273,1.8,2.25,1.42062726223,0.434080552347,0.227272727273,0.924416277737,0.564921058617,0.292929292929,1.68954001271,1.03249667443,0.525252525253,1.14353419474,0.367266456706,3.875,3.11363636364,1.14353419474,3.875,0.366666666667,0.266666666667,4,0.0242424242424,0.221111111111,11,11,11,1,0,0.0909090909091,0.636363636364,0.272727272727,-2,-0.0181818181818,0.0702479338843,-0.363636363636,-0.2,-0.25,-0.268912750482,-0.030542951148,-0.0181818181818,-0.243332138505,-0.0773405703161,-0.0434343434343,-0.250469359339,-0.0345084801933,-0.0111111111111,0.0866354202056,0.0199894662943,0.329545454545,0.0702479338843,0.0866354202056,0.329545454545,-0.132380952381,-0.133333333333,-4,-0.0242424242424,-0.0344444444444,0,0,0,18,0,2,90,0.9,1,0,0.1,1,0.9,0.947368421053,0.938314863257,0.9,0.9,5,7,0,0,0,0
2208,WLNM_dir_neg,0.918367346939,0.601461038961,00:00:01,10,50,46,1175612495,threshold_sweep,0.3,1,0.714285714286,0.833333333333,5,0,2,14,0.714285714286,1,0,0.285714285714,1,0.714285714286,0.833333333333,0.904761904762,0.587301587302,0.769230769231,0.790569415042,0.714285714286,20,13,7,0,20,0,13,0,7,11,20,0.181818181818,3.04338842975,3.63636363636,2,2.5,1.68954001271,0.464623503495,0.245454545455,1.16774841624,0.642261628933,0.336363636364,1.94000937205,1.06700515463,0.536363636364,1.05689877454,0.347276990411,3.54545454545,3.04338842975,1.05689877454,3.54545454545,0.499047619048,0.4,8,0.0484848484848,0.255555555556,11,11,11,1,0,0.0909090909091,0.636363636364,0.272727272727,11,0.118181818182,3.72727272727,2.36363636364,1.3,1.625,1.43336856898,0.6064251638,0.286713286713,0.603022689156,0.510249967747,0.237762237762,1.40129809949,1.18571377649,0.503496503497,2.05382127221,0.551025219373,7,3.72727272727,2.05382127221,7,0,0,0,0,0.22962962963,11,11,11,1,0,0.0909090909091,0.636363636364,0.272727272727,11,18,0.163636363636,3.11363636364,3.27272727273,1.8,2.25,1.42062726223,0.434080552347,0.227272727273,0.924416277737,0.564921058617,0.292929292929,1.68954001271,1.03249667443,0.525252525253,1.14353419474,0.367266456706,3.875,3.11363636364,1.14353419474,3.875,0.366666666667,0.266666666667,4,0.0242424242424,0.221111111111,11,11,11,1,0,0.0909090909091,0.636363636364,0.272727272727,-2,-0.0181818181818,0.0702479338843,-0.363636363636,-0.2,-0.25,-0.268912750482,-0.030542951148,-0.0181818181818,-0.243332138505,-0.0773405703161,-0.0434343434343,-0.250469359339,-0.0345084801933,-0.0111111111111,0.0866354202056,0.0199894662943,0.329545454545,0.0702479338843,0.0866354202056,0.329545454545,-0.132380952381,-0.133333333333,-4,-0.0242424242424,-0.0344444444444,0,0,0,18,0,2,90,0.9,1,0,0.1,1,0.9,0.947368421053,0.938314863257,0.9,0.9,5,7,0,0,0,0
2209,WLNM_dir_neg,0.918367346939,0.601461038961,00:00:01,10,50,46,1175612495,threshold_sweep,0.4,1,0.714285714286,0.833333333333,5,0,2,14,0.714285714286,1,0,0.285714285714,1,0.714285714286,0.833333333333,0.904761904762,0.587301587302,0.769230769231,0.790569415042,0.714285714286,20,13,7,0,20,0,13,0,7,11,20,0.181818181818,3.04338842975,3.63636363636,2,2.5,1.68954001271,0.464623503495,0.245454545455,1.16774841624,0.642261628933,0.336363636364,1.94000937205,1.06700515463,0.536363636364,1.05689877454,0.347276990411,3.54545454545,3.04338842975,1.05689877454,3.54545454545,0.499047619048,0.4,8,0.0484848484848,0.255555555556,11,11,11,1,0,0.0909090909091,0.636363636364,0.272727272727,11,0.118181818182,3.72727272727,2.36363636364,1.3,1.625,1.43336856898,0.6064251638,0.286713286713,0.603022689156,0.510249967747,0.237762237762,1.40129809949,1.18571377649,0.503496503497,2.05382127221,0.551025219373,7,3.72727272727,2.05382127221,7,0,0,0,0,0.22962962963,11,11,11,1,0,0.0909090909091,0.636363636364,0.272727272727,11,18,0.163636363636,3.11363636364,3.27272727273,1.8,2.25,1.42062726223,0.434080552347,0.227272727273,0.924416277737,0.564921058617,0.292929292929,1.68954001271,1.03249667443,0.525252525253,1.14353419474,0.367266456706,3.875,3.11363636364,1.14353419474,3.875,0.366666666667,0.266666666667,4,0.0242424242424,0.221111111111,11,11,11,1,0,0.0909090909091,0.636363636364,0.272727272727,-2,-0.0181818181818,0.0702479338843,-0.363636363636,-0.2,-0.25,-0.268912750482,-0.030542951148,-0.0181818181818,-0.243332138505,-0.0773405703161,-0.0434343434343,-0.250469359339,-0.0345084801933,-0.0111111111111,0.0866354202056,0.0199894662943,0.329545454545,0.0702479338843,0.0866354202056,0.329545454545,-0.132380952381,-0.133333333333,-4,-0.0242424242424,-0.0344444444444,0,0,0,18,0,2,90,0.9,1,0,0.1,1,0.9,0.947368421053,0.938314863257,0.9,0.9,5,7,0,0,0,0
2210,WLNM_dir_neg,0.918367346939,0.601461038961,00:00:01,10,50,46,1175612495,threshold_sweep,0.5,1,0.714285714286,0.833333333333,5,0,2,14,0.714285714286,1,0,0.285714285714,1,0.714285714286,0.833333333333,0.904761904762,0.587301587302,0.769230769231,0.790569415042,0.714285714286,20,13,7,0,20,0,13,0,7,11,20,0.181818181818,3.04338842975,3.63636363636,2,2.5,1.68954001271,0.464623503495,0.245454545455,1.16774841624,0.642261628933,0.336363636364,1.94000937205,1.06700515463,0.536363636364,1.05689877454,0.347276990411,3.54545454545,3.04338842975,1.05689877454,3.54545454545,0.499047619048,0.4,8,0.0484848484848,0.255555555556,11,11,11,1,0,0.0909090909091,0.636363636364,0.272727272727,11,0.118181818182,3.72727272727,2.36363636364,1.3,1.625,1.43336856898,0.6064251638,0.286713286713,0.603022689156,0.510249967747,0.237762237762,1.40129809949,1.18571377649,0.503496503497,2.05382127221,0.551025219373,7,3.72727272727,2.05382127221,7,0,0,0,0,0.22962962963,11,11,11,1,0,0.0909090909091,0.636363636364,0.272727272727,11,18,0.163636363636,3.11363636364,3.27272727273,1.8,2.25,1.42062726223,0.434080552347,0.227272727273,0.924416277737,0.564921058617,0.292929292929,1.68954001271,1.03249667443,0.525252525253,1.14353419474,0.367266456706,3.875,3.11363636364,1.14353419474,3.875,0.366666666667,0.266666666667,4,0.0242424242424,0.221111111111,11,11,11,1,0,0.0909090909091,0.636363636364,0.272727272727,-2,-0.0181818181818,0.0702479338843,-0.363636363636,-0.2,-0.25,-0.268912750482,-0.030542951148,-0.0181818181818,-0.243332138505,-0.0773405703161,-0.0434343434343,-0.250469359339,-0.0345084801933,-0.0111111111111,0.0866354202056,0.0199894662943,0.329545454545,0.0702479338843,0.0866354202056,0.329545454545,-0.132380952381,-0.133333333333,-4,-0.0242424242424,-0.0344444444444,0,0,0,18,0,2,90,0.9,1,0,0.1,1,0.9,0.947368421053,0.938314863257,0.9,0.9,5,7,0,0,0,0
2211,WLNM_dir_neg,0.918367346939,0.601461038961,00:00:01,10,50,46,1175612495,threshold_sweep,0.6,1,0.714285714286,0.833333333333,5,0,2,14,0.714285714286,1,0,0.285714285714,1,0.714285714286,0.833333333333,0.904761904762,0.587301587302,0.769230769231,0.790569415042,0.714285714286,20,13,7,0,20,0,13,0,7,11,20,0.181818181818,3.04338842975,3.63636363636,2,2.5,1.68954001271,0.464623503495,0.245454545455,1.16774841624,0.642261628933,0.336363636364,1.94000937205,1.06700515463,0.536363636364,1.05689877454,0.347276990411,3.54545454545,3.04338842975,1.05689877454,3.54545454545,0.499047619048,0.4,8,0.0484848484848,0.255555555556,11,11,11,1,0,0.0909090909091,0.636363636364,0.272727272727,11,0.118181818182,3.72727272727,2.36363636364,1.3,1.625,1.43336856898,0.6064251638,0.286713286713,0.603022689156,0.510249967747,0.237762237762,1.40129809949,1.18571377649,0.503496503497,2.05382127221,0.551025219373,7,3.72727272727,2.05382127221,7,0,0,0,0,0.22962962963,11,11,11,1,0,0.0909090909091,0.636363636364,0.272727272727,11,18,0.163636363636,3.11363636364,3.27272727273,1.8,2.25,1.42062726223,0.434080552347,0.227272727273,0.924416277737,0.564921058617,0.292929292929,1.68954001271,1.03249667443,0.525252525253,1.14353419474,0.367266456706,3.875,3.11363636364,1.14353419474,3.875,0.366666666667,0.266666666667,4,0.0242424242424,0.221111111111,11,11,11,1,0,0.0909090909091,0.636363636364,0.272727272727,-2,-0.0181818181818,0.0702479338843,-0.363636363636,-0.2,-0.25,-0.268912750482,-0.030542951148,-0.0181818181818,-0.243332138505,-0.0773405703161,-0.0434343434343,-0.250469359339,-0.0345084801933,-0.0111111111111,0.0866354202056,0.0199894662943,0.329545454545,0.0702479338843,0.0866354202056,0.329545454545,-0.132380952381,-0.133333333333,-4,-0.0242424242424,-0.0344444444444,0,0,0,18,0,2,90,0.9,1,0,0.1,1,0.9,0.947368421053,0.938314863257,0.9,0.9,5,7,0,0,0,0
2212,WLNM_dir_neg,0.918367346939,0.601461038961,00:00:01,10,50,46,1175612495,threshold_sweep,0.7,1,0.714285714286,0.833333333333,5,0,2,14,0.714285714286,1,0,0.285714285714,1,0.714285714286,0.833333333333,0.904761904762,0.587301587302,0.769230769231,0.790569415042,0.714285714286,20,13,7,0,20,0,13,0,7,11,20,0.181818181818,3.04338842975,3.63636363636,2,2.5,1.68954001271,0.464623503495,0.245454545455,1.16774841624,0.642261628933,0.336363636364,1.94000937205,1.06700515463,0.536363636364,1.05689877454,0.347276990411,3.54545454545,3.04338842975,1.05689877454,3.54545454545,0.499047619048,0.4,8,0.0484848484848,0.255555555556,11,11,11,1,0,0.0909090909091,0.636363636364,0.272727272727,11,0.118181818182,3.72727272727,2.36363636364,1.3,1.625,1.43336856898,0.6064251638,0.286713286713,0.603022689156,0.510249967747,0.237762237762,1.40129809949,1.18571377649,0.503496503497,2.05382127221,0.551025219373,7,3.72727272727,2.05382127221,7,0,0,0,0,0.22962962963,11,11,11,1,0,0.0909090909091,0.636363636364,0.272727272727,11,18,0.163636363636,3.11363636364,3.27272727273,1.8,2.25,1.42062726223,0.434080552347,0.227272727273,0.924416277737,0.564921058617,0.292929292929,1.68954001271,1.03249667443,0.525252525253,1.14353419474,0.367266456706,3.875,3.11363636364,1.14353419474,3.875,0.366666666667,0.266666666667,4,0.0242424242424,0.221111111111,11,11,11,1,0,0.0909090909091,0.636363636364,0.272727272727,-2,-0.0181818181818,0.0702479338843,-0.363636363636,-0.2,-0.25,-0.268912750482,-0.030542951148,-0.0181818181818,-0.243332138505,-0.0773405703161,-0.0434343434343,-0.250469359339,-0.0345084801933,-0.0111111111111,0.0866354202056,0.0199894662943,0.329545454545,0.0702479338843,0.0866354202056,0.329545454545,-0.132380952381,-0.133333333333,-4,-0.0242424242424,-0.0344444444444,0,0,0,18,0,2,90,0.9,1,0,0.1,1,0.9,0.947368421053,0.938314863257,0.9,0.9,5,7,0,0,0,0
2213,WLNM_dir_neg,0.918367346939,0.601461038961,00:00:01,10,50,46,1175612495,threshold_sweep,0.8,1,0.714285714286,0.833333333333,5,0,2,14,0.714285714286,1,0,0.285714285714,1,0.714285714286,0.833333333333,0.904761904762,0.587301587302,0.769230769231,0.790569415042,0.714285714286,20,13,7,0,20,0,13,0,7,11,20,0.181818181818,3.04338842975,3.63636363636,2,2.5,1.68954001271,0.464623503495,0.245454545455,1.16774841624,0.642261628933,0.336363636364,1.94000937205,1.06700515463,0.536363636364,1.05689877454,0.347276990411,3.54545454545,3.04338842975,1.05689877454,3.54545454545,0.499047619048,0.4,8,0.0484848484848,0.255555555556,11,11,11,1,0,0.0909090909091,0.636363636364,0.272727272727,11,0.118181818182,3.72727272727,2.36363636364,1.3,1.625,1.43336856898,0.6064251638,0.286713286713,0.603022689156,0.510249967747,0.237762237762,1.40129809949,1.18571377649,0.503496503497,2.05382127221,0.551025219373,7,3.72727272727,2.05382127221,7,0,0,0,0,0.22962962963,11,11,11,1,0,0.0909090909091,0.636363636364,0.272727272727,11,18,0.163636363636,3.11363636364,3.27272727273,1.8,2.25,1.42062726223,0.434080552347,0.227272727273,0.924416277737,0.564921058617,0.292929292929,1.68954001271,1.03249667443,0.525252525253,1.14353419474,0.367266456706,3.875,3.11363636364,1.14353419474,3.875,0.366666666667,0.266666666667,4,0.0242424242424,0.221111111111,11,11,11,1,0,0.0909090909091,0.636363636364,0.272727272727,-2,-0.0181818181818,0.0702479338843,-0.363636363636,-0.2,-0.25,-0.268912750482,-0.030542951148,-0.0181818181818,-0.243332138505,-0.0773405703161,-0.0434343434343,-0.250469359339,-0.0345084801933,-0.0111111111111,0.0866354202056,0.0199894662943,0.329545454545,0.0702479338843,0.0866354202056,0.329545454545,-0.132380952381,-0.133333333333,-4,-0.0242424242424,-0.0344444444444,0,0,0,18,0,2,90,0.9,1,0,0.1,1,0.9,0.947368421053,0.938314863257,0.9,0.9,5,7,0,0,0,0
2214,WLNM_dir_neg,0.918367346939,0.601461038961,00:00:01,10,50,46,1175612495,threshold_sweep,0.9,1,0.714285714286,0.833333333333,5,0,2,14,0.714285714286,1,0,0.285714285714,1,0.714285714286,0.833333333333,0.904761904762,0.587301587302,0.769230769231,0.790569415042,0.714285714286,20,13,7,0,20,0,13,0,7,11,20,0.181818181818,3.04338842975,3.63636363636,2,2.5,1.68954001271,0.464623503495,0.245454545455,1.16774841624,0.642261628933,0.336363636364,1.94000937205,1.06700515463,0.536363636364,1.05689877454,0.347276990411,3.54545454545,3.04338842975,1.05689877454,3.54545454545,0.499047619048,0.4,8,0.0484848484848,0.255555555556,11,11,11,1,0,0.0909090909091,0.636363636364,0.272727272727,11,0.118181818182,3.72727272727,2.36363636364,1.3,1.625,1.43336856898,0.6064251638,0.286713286713,0.603022689156,0.510249967747,0.237762237762,1.40129809949,1.18571377649,0.503496503497,2.05382127221,0.551025219373,7,3.72727272727,2.05382127221,7,0,0,0,0,0.22962962963,11,11,11,1,0,0.0909090909091,0.636363636364,0.272727272727,11,18,0.163636363636,3.11363636364,3.27272727273,1.8,2.25,1.42062726223,0.434080552347,0.227272727273,0.924416277737,0.564921058617,0.292929292929,1.68954001271,1.03249667443,0.525252525253,1.14353419474,0.367266456706,3.875,3.11363636364,1.14353419474,3.875,0.366666666667,0.266666666667,4,0.0242424242424,0.221111111111,11,11,11,1,0,0.0909090909091,0.636363636364,0.272727272727,-2,-0.0181818181818,0.0702479338843,-0.363636363636,-0.2,-0.25,-0.268912750482,-0.030542951148,-0.0181818181818,-0.243332138505,-0.0773405703161,-0.0434343434343,-0.250469359339,-0.0345084801933,-0.0111111111111,0.0866354202056,0.0199894662943,0.329545454545,0.0702479338843,0.0866354202056,0.329545454545,-0.132380952381,-0.133333333333,-4,-0.0242424242424,-0.0344444444444,0,0,0,18,0,2,90,0.9,1,0,0.1,1,0.9,0.947368421053,0.938314863257,0.9,0.9,5,7,0,0,0,0
2215,WLNM_dir_neg,0.918367346939,0.601461038961,00:00:01,10,50,47,1175612496,threshold_sweep,0.1,0.833333333333,0.714285714286,0.769230769231,5,1,2,13,0.714285714286,0.928571428571,0.0714285714286,0.285714285714,0.833333333333,0.714285714286,0.769230769231,0.857142857143,0.571428571429,0.666666666667,0.67082039325,0.642857142857,20,13,7,0,20,0,13,0,7,11,20,0.181818181818,3.04338842975,3.63636363636,2,2.5,1.68954001271,0.464623503495,0.245454545455,1.16774841624,0.642261628933,0.336363636364,1.94000937205,1.06700515463,0.536363636364,1.05689877454,0.347276990411,3.54545454545,3.04338842975,1.05689877454,3.54545454545,0.499047619048,0.4,8,0.0484848484848,0.255555555556,11,11,11,1,0,0.0909090909091,0.636363636364,0.272727272727,11,0.118181818182,3.72727272727,2.36363636364,1.3,1.625,1.43336856898,0.6064251638,0.286713286713,0.603022689156,0.510249967747,0.237762237762,1.40129809949,1.18571377649,0.503496503497,2.05382127221,0.551025219373,7,3.72727272727,2.05382127221,7,0,0,0,0,0.22962962963,11,11,11,1,0,0.0909090909091,0.636363636364,0.272727272727,11,19,0.172727272727,3.17803030303,3.45454545455,1.9,2.375,1.43969693781,0.416754376733,0.215311004785,1.00904995822,0.584186817916,0.306220095694,1.67874411933,0.971904490138,0.507177033493,1.20143012424,0.378042375208,3.875,3.17803030303,1.20143012424,3.875,0.393333333333,0.3,5,0.030303030303,0.223703703704,11,11,11,1,0,0.0909090909091,0.636363636364,0.272727272727,-1,-0.00909090909091,0.134641873278,-0.181818181818,-0.1,-0.125,-0.249843074903,-0.0478691267618,-0.0301435406699,-0.158698458023,-0.058074811017,-0.0301435406699,-0.26126525272,-0.0951006644889,-0.0291866028708,0.144531349704,0.0307653847969,0.329545454545,0.134641873278,0.144531349704,0.329545454545,-0.105714285714,-0.1,-3,-0.0181818181818,-0.0318518518519,0,0,0,18,1,2,89,0.9,0.988888888889,0.0111111111111,0.1,0.947368421053,0.9,0.923076923077,0.906956031802,0.888888888889,0.857142857143,6,7,0,0,0,0
2216,WLNM_dir_neg,0.918367346939,0.601461038961,00:00:01,10,50,47,1175612496,threshold_sweep,0.2,1,0.714285714286,0.833333333333,5,0,2,14,0.714285714286,1,0,0.285714285714,1,0.714285714286,0.833333333333,0.904761904762,0.587301587302,0.769230769231,0.790569415042,0.714285714286,20,13,7,0,20,0,13,0,7,11,20,0.181818181818,3.04338842975,3.63636363636,2,2.5,1.68954001271,0.464623503495,0.245454545455,1.16774841624,0.642261628933,0.336363636364,1.94000937205,1.06700515463,0.536363636364,1.05689877454,0.347276990411,3.54545454545,3.04338842975,1.05689877454,3.54545454545,0.499047619048,0.4,8,0.0484848484848,0.255555555556,11,11,11,1,0,0.0909090909091,0.636363636364,0.272727272727,11,0.118181818182,3.72727272727,2.36363636364,1.3,1.625,1.43336856898,0.6064251638,0.286713286713,0.603022689156,0.510249967747,0.237762237762,1.40129809949,1.18571377649,0.503496503497,2.05382127221,0.551025219373,7,3.72727272727,2.05382127221,7,0,0,0,0,0.22962962963,11,11,11,1,0,0.0909090909091,0.636363636364,0.272727272727,11,18,0.163636363636,3.11363636364,3.27272727273,1.8,2.25,1.42062726223,0.434080552347,0.227272727273,0.924416277737,0.564921058617,0.292929292929,1.68954001271,1.03249667443,0.525252525253,1.14353419474,0.367266456706,3.875,3.11363636364,1.14353419474,3.875,0.366666666667,0.266666666667,4,0.0242424242424,0.221111111111,11,11,11,1,0,0.0909090909091,0.636363636364,0.272727272727,-2,-0.0181818181818,0.0702479338843,-0.363636363636,-0.2,-0.25,-0.268912750482,-0.030542951148,-0.0181818181818,-0.243332138505,-0.0773405703161,-0.0434343434343,-0.250469359339,-0.0345084801933,-0.0111111111111,0.0866354202056,0.0199894662943,0.329545454545,0.0702479338843,0.0866354202056,0.329545454545,-0.132380952381,-0.133333333333,-4,-0.0242424242424,-0.0344444444444,0,0,0,18,0,2,90,0.9,1,0,0.1,1,0.9,0.947368421053,0.938314863257,0.9,0.9,5,7,0,0,0,0
2217,WLNM_dir_neg,0.918367346939,0.601461038961,00:00:01,10,50,47,1175612496,threshold_sweep,0.3,1,0.714285714286,0.833333333333,5,0,2,14,0.714285714286,1,0,0.285714285714,1,0.714285714286,0.833333333333,0.904761904762,0.587301587302,0.769230769231,0.790569415042,0.714285714286,20,13,7,0,20,0,13,0,7,11,20,0.181818181818,3.04338842975,3.63636363636,2,2.5,1.68954001271,0.464623503495,0.245454545455,1.16774841624,0.642261628933,0.336363636364,1.94000937205,1.06700515463,0.536363636364,1.05689877454,0.347276990411,3.54545454545,3.04338842975,1.05689877454,3.54545454545,0.499047619048,0.4,8,0.0484848484848,0.255555555556,11,11,11,1,0,0.0909090909091,0.636363636364,0.272727272727,11,0.118181818182,3.72727272727,2.36363636364,1.3,1.625,1.43336856898,0.6064251638,0.286713286713,0.603022689156,0.510249967747,0.237762237762,1.40129809949,1.18571377649,0.503496503497,2.05382127221,0.551025219373,7,3.72727272727,2.05382127221,7,0,0,0,0,0.22962962963,11,11,11,1,0,0.0909090909091,0.636363636364,0.272727272727,11,18,0.163636363636,3.11363636364,3.27272727273,1.8,2.25,1.42062726223,0.434080552347,0.227272727273,0.924416277737,0.564921058617,0.292929292929,1.68954001271,1.03249667443,0.525252525253,1.14353419474,0.367266456706,3.875,3.11363636364,1.14353419474,3.875,0.366666666667,0.266666666667,4,0.0242424242424,0.221111111111,11,11,11,1,0,0.0909090909091,0.636363636364,0.272727272727,-2,-0.0181818181818,0.0702479338843,-0.363636363636,-0.2,-0.25,-0.268912750482,-0.030542951148,-0.0181818181818,-0.243332138505,-0.0773405703161,-0.0434343434343,-0.250469359339,-0.0345084801933,-0.0111111111111,0.0866354202056,0.0199894662943,0.329545454545,0.0702479338843,0.0866354202056,0.329545454545,-0.132380952381,-0.133333333333,-4,-0.0242424242424,-0.0344444444444,0,0,0,18,0,2,90,0.9,1,0,0.1,1,0.9,0.947368421053,0.938314863257,0.9,0.9,5,7,0,0,0,0
2218,WLNM_dir_neg,0.918367346939,0.601461038961,00:00:01,10,50,47,1175612496,threshold_sweep,0.4,1,0.714285714286,0.833333333333,5,0,2,14,0.714285714286,1,0,0.285714285714,1,0.714285714286,0.833333333333,0.904761904762,0.587301587302,0.769230769231,0.790569415042,0.714285714286,20,13,7,0,20,0,13,0,7,11,20,0.181818181818,3.04338842975,3.63636363636,2,2.5,1.68954001271,0.464623503495,0.245454545455,1.16774841624,0.642261628933,0.336363636364,1.94000937205,1.06700515463,0.536363636364,1.05689877454,0.347276990411,3.54545454545,3.04338842975,1.05689877454,3.54545454545,0.499047619048,0.4,8,0.0484848484848,0.255555555556,11,11,11,1,0,0.0909090909091,0.636363636364,0.272727272727,11,0.118181818182,3.72727272727,2.36363636364,1.3,1.625,1.43336856898,0.6064251638,0.286713286713,0.603022689156,0.510249967747,0.237762237762,1.40129809949,1.18571377649,0.503496503497,2.05382127221,0.551025219373,7,3.72727272727,2.05382127221,7,0,0,0,0,0.22962962963,11,11,11,1,0,0.0909090909091,0.636363636364,0.272727272727,11,18,0.163636363636,3.11363636364,3.27272727273,1.8,2.25,1.42062726223,0.434080552347,0.227272727273,0.924416277737,0.564921058617,0.292929292929,1.68954001271,1.03249667443,0.525252525253,1.14353419474,0.367266456706,3.875,3.11363636364,1.14353419474,3.875,0.366666666667,0.266666666667,4,0.0242424242424,0.221111111111,11,11,11,1,0,0.0909090909091,0.636363636364,0.272727272727,-2,-0.0181818181818,0.0702479338843,-0.363636363636,-0.2,-0.25,-0.268912750482,-0.030542951148,-0.0181818181818,-0.243332138505,-0.0773405703161,-0.0434343434343,-0.250469359339,-0.0345084801933,-0.0111111111111,0.0866354202056,0.0199894662943,0.329545454545,0.0702479338843,0.0866354202056,0.329545454545,-0.132380952381,-0.133333333333,-4,-0.0242424242424,-0.0344444444444,0,0,0,18,0,2,90,0.9,1,0,0.1,1,0.9,0.947368421053,0.938314863257,0.9,0.9,5,7,0,0,0,0
2219,WLNM_dir_neg,0.918367346939,0.601461038961,00:00:01,10,50,47,1175612496,threshold_sweep,0.5,1,0.714285714286,0.833333333333,5,0,2,14,0.714285714286,1,0,0.285714285714,1,0.714285714286,0.833333333333,0.904761904762,0.587301587302,0.769230769231,0.790569415042,0.714285714286,20,13,7,0,20,0,13,0,7,11,20,0.181818181818,3.04338842975,3.63636363636,2,2.5,1.68954001271,0.464623503495,0.245454545455,1.16774841624,0.642261628933,0.336363636364,1.94000937205,1.06700515463,0.536363636364,1.05689877454,0.347276990411,3.54545454545,3.04338842975,1.05689877454,3.54545454545,0.499047619048,0.4,8,0.0484848484848,0.255555555556,11,11,11,1,0,0.0909090909091,0.636363636364,0.272727272727,11,0.118181818182,3.72727272727,2.36363636364,1.3,1.625,1.43336856898,0.6064251638,0.286713286713,0.603022689156,0.510249967747,0.237762237762,1.40129809949,1.18571377649,0.503496503497,2.05382127221,0.551025219373,7,3.72727272727,2.05382127221,7,0,0,0,0,0.22962962963,11,11,11,1,0,0.0909090909091,0.636363636364,0.272727272727,11,18,0.163636363636,3.11363636364,3.27272727273,1.8,2.25,1.42062726223,0.434080552347,0.227272727273,0.924416277737,0.564921058617,0.292929292929,1.68954001271,1.03249667443,0.525252525253,1.14353419474,0.367266456706,3.875,3.11363636364,1.14353419474,3.875,0.366666666667,0.266666666667,4,0.0242424242424,0.221111111111,11,11,11,1,0,0.0909090909091,0.636363636364,0.272727272727,-2,-0.0181818181818,0.0702479338843,-0.363636363636,-0.2,-0.25,-0.268912750482,-0.030542951148,-0.0181818181818,-0.243332138505,-0.0773405703161,-0.0434343434343,-0.250469359339,-0.0345084801933,-0.0111111111111,0.0866354202056,0.0199894662943,0.329545454545,0.0702479338843,0.0866354202056,0.329545454545,-0.132380952381,-0.133333333333,-4,-0.0242424242424,-0.0344444444444,0,0,0,18,0,2,90,0.9,1,0,0.1,1,0.9,0.947368421053,0.938314863257,0.9,0.9,5,7,0,0,0,0
2220,WLNM_dir_neg,0.918367346939,0.601461038961,00:00:01,10,50,47,1175612496,threshold_sweep,0.6,1,0.714285714286,0.833333333333,5,0,2,14,0.714285714286,1,0,0.285714285714,1,0.714285714286,0.833333333333,0.904761904762,0.587301587302,0.769230769231,0.790569415042,0.714285714286,20,13,7,0,20,0,13,0,7,11,20,0.181818181818,3.04338842975,3.63636363636,2,2.5,1.68954001271,0.464623503495,0.245454545455,1.16774841624,0.642261628933,0.336363636364,1.94000937205,1.06700515463,0.536363636364,1.05689877454,0.347276990411,3.54545454545,3.04338842975,1.05689877454,3.54545454545,0.499047619048,0.4,8,0.0484848484848,0.255555555556,11,11,11,1,0,0.0909090909091,0.636363636364,0.272727272727,11,0.118181818182,3.72727272727,2.36363636364,1.3,1.625,1.43336856898,0.6064251638,0.286713286713,0.603022689156,0.510249967747,0.237762237762,1.40129809949,1.18571377649,0.503496503497,2.05382127221,0.551025219373,7,3.72727272727,2.05382127221,7,0,0,0,0,0.22962962963,11,11,11,1,0,0.0909090909091,0.636363636364,0.272727272727,11,18,0.163636363636,3.11363636364,3.27272727273,1.8,2.25,1.42062726223,0.434080552347,0.227272727273,0.924416277737,0.564921058617,0.292929292929,1.68954001271,1.03249667443,0.525252525253,1.14353419474,0.367266456706,3.875,3.11363636364,1.14353419474,3.875,0.366666666667,0.266666666667,4,0.0242424242424,0.221111111111,11,11,11,1,0,0.0909090909091,0.636363636364,0.272727272727,-2,-0.0181818181818,0.0702479338843,-0.363636363636,-0.2,-0.25,-0.268912750482,-0.030542951148,-0.0181818181818,-0.243332138505,-0.0773405703161,-0.0434343434343,-0.250469359339,-0.0345084801933,-0.0111111111111,0.0866354202056,0.0199894662943,0.329545454545,0.0702479338843,0.0866354202056,0.329545454545,-0.132380952381,-0.133333333333,-4,-0.0242424242424,-0.0344444444444,0,0,0,18,0,2,90,0.9,1,0,0.1,1,0.9,0.947368421053,0.938314863257,0.9,0.9,5,7,0,0,0,0
2221,WLNM_dir_neg,0.918367346939,0.601461038961,00:00:01,10,50,47,1175612496,threshold_sweep,0.7,1,0.714285714286,0.833333333333,5,0,2,14,0.714285714286,1,0,0.285714285714,1,0.714285714286,0.833333333333,0.904761904762,0.587301587302,0.769230769231,0.790569415042,0.714285714286,20,13,7,0,20,0,13,0,7,11,20,0.181818181818,3.04338842975,3.63636363636,2,2.5,1.68954001271,0.464623503495,0.245454545455,1.16774841624,0.642261628933,0.336363636364,1.94000937205,1.06700515463,0.536363636364,1.05689877454,0.347276990411,3.54545454545,3.04338842975,1.05689877454,3.54545454545,0.499047619048,0.4,8,0.0484848484848,0.255555555556,11,11,11,1,0,0.0909090909091,0.636363636364,0.272727272727,11,0.118181818182,3.72727272727,2.36363636364,1.3,1.625,1.43336856898,0.6064251638,0.286713286713,0.603022689156,0.510249967747,0.237762237762,1.40129809949,1.18571377649,0.503496503497,2.05382127221,0.551025219373,7,3.72727272727,2.05382127221,7,0,0,0,0,0.22962962963,11,11,11,1,0,0.0909090909091,0.636363636364,0.272727272727,11,18,0.163636363636,3.11363636364,3.27272727273,1.8,2.25,1.42062726223,0.434080552347,0.227272727273,0.924416277737,0.564921058617,0.292929292929,1.68954001271,1.03249667443,0.525252525253,1.14353419474,0.367266456706,3.875,3.11363636364,1.14353419474,3.875,0.366666666667,0.266666666667,4,0.0242424242424,0.221111111111,11,11,11,1,0,0.0909090909091,0.636363636364,0.272727272727,-2,-0.0181818181818,0.0702479338843,-0.363636363636,-0.2,-0.25,-0.268912750482,-0.030542951148,-0.0181818181818,-0.243332138505,-0.0773405703161,-0.0434343434343,-0.250469359339,-0.0345084801933,-0.0111111111111,0.0866354202056,0.0199894662943,0.329545454545,0.0702479338843,0.0866354202056,0.329545454545,-0.132380952381,-0.133333333333,-4,-0.0242424242424,-0.0344444444444,0,0,0,18,0,2,90,0.9,1,0,0.1,1,0.9,0.947368421053,0.938314863257,0.9,0.9,5,7,0,0,0,0
2222,WLNM_dir_neg,0.918367346939,0.601461038961,00:00:01,10,50,47,1175612496,threshold_sweep,0.8,1,0.714285714286,0.833333333333,5,0,2,14,0.714285714286,1,0,0.285714285714,1,0.714285714286,0.833333333333,0.904761904762,0.587301587302,0.769230769231,0.790569415042,0.714285714286,20,13,7,0,20,0,13,0,7,11,20,0.181818181818,3.04338842975,3.63636363636,2,2.5,1.68954001271,0.464623503495,0.245454545455,1.16774841624,0.642261628933,0.336363636364,1.94000937205,1.06700515463,0.536363636364,1.05689877454,0.347276990411,3.54545454545,3.04338842975,1.05689877454,3.54545454545,0.499047619048,0.4,8,0.0484848484848,0.255555555556,11,11,11,1,0,0.0909090909091,0.636363636364,0.272727272727,11,0.118181818182,3.72727272727,2.36363636364,1.3,1.625,1.43336856898,0.6064251638,0.286713286713,0.603022689156,0.510249967747,0.237762237762,1.40129809949,1.18571377649,0.503496503497,2.05382127221,0.551025219373,7,3.72727272727,2.05382127221,7,0,0,0,0,0.22962962963,11,11,11,1,0,0.0909090909091,0.636363636364,0.272727272727,11,18,0.163636363636,3.11363636364,3.27272727273,1.8,2.25,1.42062726223,0.434080552347,0.227272727273,0.924416277737,0.564921058617,0.292929292929,1.68954001271,1.03249667443,0.525252525253,1.14353419474,0.367266456706,3.875,3.11363636364,1.14353419474,3.875,0.366666666667,0.266666666667,4,0.0242424242424,0.221111111111,11,11,11,1,0,0.0909090909091,0.636363636364,0.272727272727,-2,-0.0181818181818,0.0702479338843,-0.363636363636,-0.2,-0.25,-0.268912750482,-0.030542951148,-0.0181818181818,-0.243332138505,-0.0773405703161,-0.0434343434343,-0.250469359339,-0.0345084801933,-0.0111111111111,0.0866354202056,0.0199894662943,0.329545454545,0.0702479338843,0.0866354202056,0.329545454545,-0.132380952381,-0.133333333333,-4,-0.0242424242424,-0.0344444444444,0,0,0,18,0,2,90,0.9,1,0,0.1,1,0.9,0.947368421053,0.938314863257,0.9,0.9,5,7,0,0,0,0
2223,WLNM_dir_neg,0.918367346939,0.601461038961,00:00:01,10,50,47,1175612496,threshold_sweep,0.9,1,0.714285714286,0.833333333333,5,0,2,14,0.714285714286,1,0,0.285714285714,1,0.714285714286,0.833333333333,0.904761904762,0.587301587302,0.769230769231,0.790569415042,0.714285714286,20,13,7,0,20,0,13,0,7,11,20,0.181818181818,3.04338842975,3.63636363636,2,2.5,1.68954001271,0.464623503495,0.245454545455,1.16774841624,0.642261628933,0.336363636364,1.94000937205,1.06700515463,0.536363636364,1.05689877454,0.347276990411,3.54545454545,3.04338842975,1.05689877454,3.54545454545,0.499047619048,0.4,8,0.0484848484848,0.255555555556,11,11,11,1,0,0.0909090909091,0.636363636364,0.272727272727,11,0.118181818182,3.72727272727,2.36363636364,1.3,1.625,1.43336856898,0.6064251638,0.286713286713,0.603022689156,0.510249967747,0.237762237762,1.40129809949,1.18571377649,0.503496503497,2.05382127221,0.551025219373,7,3.72727272727,2.05382127221,7,0,0,0,0,0.22962962963,11,11,11,1,0,0.0909090909091,0.636363636364,0.272727272727,11,18,0.163636363636,3.11363636364,3.27272727273,1.8,2.25,1.42062726223,0.434080552347,0.227272727273,0.924416277737,0.564921058617,0.292929292929,1.68954001271,1.03249667443,0.525252525253,1.14353419474,0.367266456706,3.875,3.11363636364,1.14353419474,3.875,0.366666666667,0.266666666667,4,0.0242424242424,0.221111111111,11,11,11,1,0,0.0909090909091,0.636363636364,0.272727272727,-2,-0.0181818181818,0.0702479338843,-0.363636363636,-0.2,-0.25,-0.268912750482,-0.030542951148,-0.0181818181818,-0.243332138505,-0.0773405703161,-0.0434343434343,-0.250469359339,-0.0345084801933,-0.0111111111111,0.0866354202056,0.0199894662943,0.329545454545,0.0702479338843,0.0866354202056,0.329545454545,-0.132380952381,-0.133333333333,-4,-0.0242424242424,-0.0344444444444,0,0,0,18,0,2,90,0.9,1,0,0.1,1,0.9,0.947368421053,0.938314863257,0.9,0.9,5,7,0,0,0,0
2224,WLNM_dir_neg,0.836734693878,0.693978937729,00:00:01,10,50,48,1175612497,threshold_sweep,0.1,1,0.714285714286,0.833333333333,5,0,2,14,0.714285714286,1,0,0.285714285714,1,0.714285714286,0.833333333333,0.904761904762,0.587301587302,0.769230769231,0.790569415042,0.714285714286,20,13,7,0,20,0,13,0,7,11,20,0.181818181818,3.04338842975,3.63636363636,2,2.5,1.68954001271,0.464623503495,0.245454545455,1.16774841624,0.642261628933,0.336363636364,1.94000937205,1.06700515463,0.536363636364,1.05689877454,0.347276990411,3.54545454545,3.04338842975,1.05689877454,3.54545454545,0.499047619048,0.4,8,0.0484848484848,0.255555555556,11,11,11,1,0,0.0909090909091,0.636363636364,0.272727272727,11,0.118181818182,3.72727272727,2.36363636364,1.3,1.625,1.43336856898,0.6064251638,0.286713286713,0.603022689156,0.510249967747,0.237762237762,1.40129809949,1.18571377649,0.503496503497,2.05382127221,0.551025219373,7,3.72727272727,2.05382127221,7,0,0,0,0,0.22962962963,11,11,11,1,0,0.0909090909091,0.636363636364,0.272727272727,11,18,0.163636363636,3.11363636364,3.27272727273,1.8,2.25,1.42062726223,0.434080552347,0.227272727273,0.924416277737,0.564921058617,0.292929292929,1.68954001271,1.03249667443,0.525252525253,1.14353419474,0.367266456706,3.875,3.11363636364,1.14353419474,3.875,0.366666666667,0.266666666667,4,0.0242424242424,0.221111111111,11,11,11,1,0,0.0909090909091,0.636363636364,0.272727272727,-2,-0.0181818181818,0.0702479338843,-0.363636363636,-0.2,-0.25,-0.268912750482,-0.030542951148,-0.0181818181818,-0.243332138505,-0.0773405703161,-0.0434343434343,-0.250469359339,-0.0345084801933,-0.0111111111111,0.0866354202056,0.0199894662943,0.329545454545,0.0702479338843,0.0866354202056,0.329545454545,-0.132380952381,-0.133333333333,-4,-0.0242424242424,-0.0344444444444,0,0,0,18,0,2,90,0.9,1,0,0.1,1,0.9,0.947368421053,0.938314863257,0.9,0.9,5,7,0,0,0,0
2225,WLNM_dir_neg,0.836734693878,0.693978937729,00:00:01,10,50,48,1175612497,threshold_sweep,0.2,1,0.714285714286,0.833333333333,5,0,2,14,0.714285714286,1,0,0.285714285714,1,0.714285714286,0.833333333333,0.904761904762,0.587301587302,0.769230769231,0.790569415042,0.714285714286,20,13,7,0,20,0,13,0,7,11,20,0.181818181818,3.04338842975,3.63636363636,2,2.5,1.68954001271,0.464623503495,0.245454545455,1.16774841624,0.642261628933,0.336363636364,1.94000937205,1.06700515463,0.536363636364,1.05689877454,0.347276990411,3.54545454545,3.04338842975,1.05689877454,3.54545454545,0.499047619048,0.4,8,0.0484848484848,0.255555555556,11,11,11,1,0,0.0909090909091,0.636363636364,0.272727272727,11,0.118181818182,3.72727272727,2.36363636364,1.3,1.625,1.43336856898,0.6064251638,0.286713286713,0.603022689156,0.510249967747,0.237762237762,1.40129809949,1.18571377649,0.503496503497,2.05382127221,0.551025219373,7,3.72727272727,2.05382127221,7,0,0,0,0,0.22962962963,11,11,11,1,0,0.0909090909091,0.636363636364,0.272727272727,11,18,0.163636363636,3.11363636364,3.27272727273,1.8,2.25,1.42062726223,0.434080552347,0.227272727273,0.924416277737,0.564921058617,0.292929292929,1.68954001271,1.03249667443,0.525252525253,1.14353419474,0.367266456706,3.875,3.11363636364,1.14353419474,3.875,0.366666666667,0.266666666667,4,0.0242424242424,0.221111111111,11,11,11,1,0,0.0909090909091,0.636363636364,0.272727272727,-2,-0.0181818181818,0.0702479338843,-0.363636363636,-0.2,-0.25,-0.268912750482,-0.030542951148,-0.0181818181818,-0.243332138505,-0.0773405703161,-0.0434343434343,-0.250469359339,-0.0345084801933,-0.0111111111111,0.0866354202056,0.0199894662943,0.329545454545,0.0702479338843,0.0866354202056,0.329545454545,-0.132380952381,-0.133333333333,-4,-0.0242424242424,-0.0344444444444,0,0,0,18,0,2,90,0.9,1,0,0.1,1,0.9,0.947368421053,0.938314863257,0.9,0.9,5,7,0,0,0,0
2226,WLNM_dir_neg,0.836734693878,0.693978937729,00:00:01,10,50,48,1175612497,threshold_sweep,0.3,1,0.714285714286,0.833333333333,5,0,2,14,0.714285714286,1,0,0.285714285714,1,0.714285714286,0.833333333333,0.904761904762,0.587301587302,0.769230769231,0.790569415042,0.714285714286,20,13,7,0,20,0,13,0,7,11,20,0.181818181818,3.04338842975,3.63636363636,2,2.5,1.68954001271,0.464623503495,0.245454545455,1.16774841624,0.642261628933,0.336363636364,1.94000937205,1.06700515463,0.536363636364,1.05689877454,0.347276990411,3.54545454545,3.04338842975,1.05689877454,3.54545454545,0.499047619048,0.4,8,0.0484848484848,0.255555555556,11,11,11,1,0,0.0909090909091,0.636363636364,0.272727272727,11,0.118181818182,3.72727272727,2.36363636364,1.3,1.625,1.43336856898,0.6064251638,0.286713286713,0.603022689156,0.510249967747,0.237762237762,1.40129809949,1.18571377649,0.503496503497,2.05382127221,0.551025219373,7,3.72727272727,2.05382127221,7,0,0,0,0,0.22962962963,11,11,11,1,0,0.0909090909091,0.636363636364,0.272727272727,11,18,0.163636363636,3.11363636364,3.27272727273,1.8,2.25,1.42062726223,0.434080552347,0.227272727273,0.924416277737,0.564921058617,0.292929292929,1.68954001271,1.03249667443,0.525252525253,1.14353419474,0.367266456706,3.875,3.11363636364,1.14353419474,3.875,0.366666666667,0.266666666667,4,0.0242424242424,0.221111111111,11,11,11,1,0,0.0909090909091,0.636363636364,0.272727272727,-2,-0.0181818181818,0.0702479338843,-0.363636363636,-0.2,-0.25,-0.268912750482,-0.030542951148,-0.0181818181818,-0.243332138505,-0.0773405703161,-0.0434343434343,-0.250469359339,-0.0345084801933,-0.0111111111111,0.0866354202056,0.0199894662943,0.329545454545,0.0702479338843,0.0866354202056,0.329545454545,-0.132380952381,-0.133333333333,-4,-0.0242424242424,-0.0344444444444,0,0,0,18,0,2,90,0.9,1,0,0.1,1,0.9,0.947368421053,0.938314863257,0.9,0.9,5,7,0,0,0,0
2227,WLNM_dir_neg,0.836734693878,0.693978937729,00:00:01,10,50,48,1175612497,threshold_sweep,0.4,1,0.714285714286,0.833333333333,5,0,2,14,0.714285714286,1,0,0.285714285714,1,0.714285714286,0.833333333333,0.904761904762,0.587301587302,0.769230769231,0.790569415042,0.714285714286,20,13,7,0,20,0,13,0,7,11,20,0.181818181818,3.04338842975,3.63636363636,2,2.5,1.68954001271,0.464623503495,0.245454545455,1.16774841624,0.642261628933,0.336363636364,1.94000937205,1.06700515463,0.536363636364,1.05689877454,0.347276990411,3.54545454545,3.04338842975,1.05689877454,3.54545454545,0.499047619048,0.4,8,0.0484848484848,0.255555555556,11,11,11,1,0,0.0909090909091,0.636363636364,0.272727272727,11,0.118181818182,3.72727272727,2.36363636364,1.3,1.625,1.43336856898,0.6064251638,0.286713286713,0.603022689156,0.510249967747,0.237762237762,1.40129809949,1.18571377649,0.503496503497,2.05382127221,0.551025219373,7,3.72727272727,2.05382127221,7,0,0,0,0,0.22962962963,11,11,11,1,0,0.0909090909091,0.636363636364,0.272727272727,11,18,0.163636363636,3.11363636364,3.27272727273,1.8,2.25,1.42062726223,0.434080552347,0.227272727273,0.924416277737,0.564921058617,0.292929292929,1.68954001271,1.03249667443,0.525252525253,1.14353419474,0.367266456706,3.875,3.11363636364,1.14353419474,3.875,0.366666666667,0.266666666667,4,0.0242424242424,0.221111111111,11,11,11,1,0,0.0909090909091,0.636363636364,0.272727272727,-2,-0.0181818181818,0.0702479338843,-0.363636363636,-0.2,-0.25,-0.268912750482,-0.030542951148,-0.0181818181818,-0.243332138505,-0.0773405703161,-0.0434343434343,-0.250469359339,-0.0345084801933,-0.0111111111111,0.0866354202056,0.0199894662943,0.329545454545,0.0702479338843,0.0866354202056,0.329545454545,-0.132380952381,-0.133333333333,-4,-0.0242424242424,-0.0344444444444,0,0,0,18,0,2,90,0.9,1,0,0.1,1,0.9,0.947368421053,0.938314863257,0.9,0.9,5,7,0,0,0,0
2228,WLNM_dir_neg,0.836734693878,0.693978937729,00:00:01,10,50,48,1175612497,threshold_sweep,0.5,1,0.714285714286,0.833333333333,5,0,2,14,0.714285714286,1,0,0.285714285714,1,0.714285714286,0.833333333333,0.904761904762,0.587301587302,0.769230769231,0.790569415042,0.714285714286,20,13,7,0,20,0,13,0,7,11,20,0.181818181818,3.04338842975,3.63636363636,2,2.5,1.68954001271,0.464623503495,0.245454545455,1.16774841624,0.642261628933,0.336363636364,1.94000937205,1.06700515463,0.536363636364,1.05689877454,0.347276990411,3.54545454545,3.04338842975,1.05689877454,3.54545454545,0.499047619048,0.4,8,0.0484848484848,0.255555555556,11,11,11,1,0,0.0909090909091,0.636363636364,0.272727272727,11,0.118181818182,3.72727272727,2.36363636364,1.3,1.625,1.43336856898,0.6064251638,0.286713286713,0.603022689156,0.510249967747,0.237762237762,1.40129809949,1.18571377649,0.503496503497,2.05382127221,0.551025219373,7,3.72727272727,2.05382127221,7,0,0,0,0,0.22962962963,11,11,11,1,0,0.0909090909091,0.636363636364,0.272727272727,11,18,0.163636363636,3.11363636364,3.27272727273,1.8,2.25,1.42062726223,0.434080552347,0.227272727273,0.924416277737,0.564921058617,0.292929292929,1.68954001271,1.03249667443,0.525252525253,1.14353419474,0.367266456706,3.875,3.11363636364,1.14353419474,3.875,0.366666666667,0.266666666667,4,0.0242424242424,0.221111111111,11,11,11,1,0,0.0909090909091,0.636363636364,0.272727272727,-2,-0.0181818181818,0.0702479338843,-0.363636363636,-0.2,-0.25,-0.268912750482,-0.030542951148,-0.0181818181818,-0.243332138505,-0.0773405703161,-0.0434343434343,-0.250469359339,-0.0345084801933,-0.0111111111111,0.0866354202056,0.0199894662943,0.329545454545,0.0702479338843,0.0866354202056,0.329545454545,-0.132380952381,-0.133333333333,-4,-0.0242424242424,-0.0344444444444,0,0,0,18,0,2,90,0.9,1,0,0.1,1,0.9,0.947368421053,0.938314863257,0.9,0.9,5,7,0,0,0,0
2229,WLNM_dir_neg,0.836734693878,0.693978937729,00:00:01,10,50,48,1175612497,threshold_sweep,0.6,1,0.714285714286,0.833333333333,5,0,2,14,0.714285714286,1,0,0.285714285714,1,0.714285714286,0.833333333333,0.904761904762,0.587301587302,0.769230769231,0.790569415042,0.714285714286,20,13,7,0,20,0,13,0,7,11,20,0.181818181818,3.04338842975,3.63636363636,2,2.5,1.68954001271,0.464623503495,0.245454545455,1.16774841624,0.642261628933,0.336363636364,1.94000937205,1.06700515463,0.536363636364,1.05689877454,0.347276990411,3.54545454545,3.04338842975,1.05689877454,3.54545454545,0.499047619048,0.4,8,0.0484848484848,0.255555555556,11,11,11,1,0,0.0909090909091,0.636363636364,0.272727272727,11,0.118181818182,3.72727272727,2.36363636364,1.3,1.625,1.43336856898,0.6064251638,0.286713286713,0.603022689156,0.510249967747,0.237762237762,1.40129809949,1.18571377649,0.503496503497,2.05382127221,0.551025219373,7,3.72727272727,2.05382127221,7,0,0,0,0,0.22962962963,11,11,11,1,0,0.0909090909091,0.636363636364,0.272727272727,11,18,0.163636363636,3.11363636364,3.27272727273,1.8,2.25,1.42062726223,0.434080552347,0.227272727273,0.924416277737,0.564921058617,0.292929292929,1.68954001271,1.03249667443,0.525252525253,1.14353419474,0.367266456706,3.875,3.11363636364,1.14353419474,3.875,0.366666666667,0.266666666667,4,0.0242424242424,0.221111111111,11,11,11,1,0,0.0909090909091,0.636363636364,0.272727272727,-2,-0.0181818181818,0.0702479338843,-0.363636363636,-0.2,-0.25,-0.268912750482,-0.030542951148,-0.0181818181818,-0.243332138505,-0.0773405703161,-0.0434343434343,-0.250469359339,-0.0345084801933,-0.0111111111111,0.0866354202056,0.0199894662943,0.329545454545,0.0702479338843,0.0866354202056,0.329545454545,-0.132380952381,-0.133333333333,-4,-0.0242424242424,-0.0344444444444,0,0,0,18,0,2,90,0.9,1,0,0.1,1,0.9,0.947368421053,0.938314863257,0.9,0.9,5,7,0,0,0,0
2230,WLNM_dir_neg,0.836734693878,0.693978937729,00:00:01,10,50,48,1175612497,threshold_sweep,0.7,1,0.714285714286,0.833333333333,5,0,2,14,0.714285714286,1,0,0.285714285714,1,0.714285714286,0.833333333333,0.904761904762,0.587301587302,0.769230769231,0.790569415042,0.714285714286,20,13,7,0,20,0,13,0,7,11,20,0.181818181818,3.04338842975,3.63636363636,2,2.5,1.68954001271,0.464623503495,0.245454545455,1.16774841624,0.642261628933,0.336363636364,1.94000937205,1.06700515463,0.536363636364,1.05689877454,0.347276990411,3.54545454545,3.04338842975,1.05689877454,3.54545454545,0.499047619048,0.4,8,0.0484848484848,0.255555555556,11,11,11,1,0,0.0909090909091,0.636363636364,0.272727272727,11,0.118181818182,3.72727272727,2.36363636364,1.3,1.625,1.43336856898,0.6064251638,0.286713286713,0.603022689156,0.510249967747,0.237762237762,1.40129809949,1.18571377649,0.503496503497,2.05382127221,0.551025219373,7,3.72727272727,2.05382127221,7,0,0,0,0,0.22962962963,11,11,11,1,0,0.0909090909091,0.636363636364,0.272727272727,11,18,0.163636363636,3.11363636364,3.27272727273,1.8,2.25,1.42062726223,0.434080552347,0.227272727273,0.924416277737,0.564921058617,0.292929292929,1.68954001271,1.03249667443,0.525252525253,1.14353419474,0.367266456706,3.875,3.11363636364,1.14353419474,3.875,0.366666666667,0.266666666667,4,0.0242424242424,0.221111111111,11,11,11,1,0,0.0909090909091,0.636363636364,0.272727272727,-2,-0.0181818181818,0.0702479338843,-0.363636363636,-0.2,-0.25,-0.268912750482,-0.030542951148,-0.0181818181818,-0.243332138505,-0.0773405703161,-0.0434343434343,-0.250469359339,-0.0345084801933,-0.0111111111111,0.0866354202056,0.0199894662943,0.329545454545,0.0702479338843,0.0866354202056,0.329545454545,-0.132380952381,-0.133333333333,-4,-0.0242424242424,-0.0344444444444,0,0,0,18,0,2,90,0.9,1,0,0.1,1,0.9,0.947368421053,0.938314863257,0.9,0.9,5,7,0,0,0,0
2231,WLNM_dir_neg,0.836734693878,0.693978937729,00:00:01,10,50,48,1175612497,threshold_sweep,0.8,1,0.571428571429,0.727272727273,4,0,3,14,0.571428571429,1,0,0.428571428571,1,0.571428571429,0.727272727273,0.857142857143,0.603174603175,0.64,0.68599434057,0.571428571429,20,13,7,0,20,0,13,0,7,11,20,0.181818181818,3.04338842975,3.63636363636,2,2.5,1.68954001271,0.464623503495,0.245454545455,1.16774841624,0.642261628933,0.336363636364,1.94000937205,1.06700515463,0.536363636364,1.05689877454,0.347276990411,3.54545454545,3.04338842975,1.05689877454,3.54545454545,0.499047619048,0.4,8,0.0484848484848,0.255555555556,11,11,11,1,0,0.0909090909091,0.636363636364,0.272727272727,11,0.118181818182,3.72727272727,2.36363636364,1.3,1.625,1.43336856898,0.6064251638,0.286713286713,0.603022689156,0.510249967747,0.237762237762,1.40129809949,1.18571377649,0.503496503497,2.05382127221,0.551025219373,7,3.72727272727,2.05382127221,7,0,0,0,0,0.22962962963,11,11,11,1,0,0.0909090909091,0.636363636364,0.272727272727,11,17,0.154545454545,3.17727272727,3.09090909091,1.7,2.125,1.30034960334,0.420701342257,0.208556149733,0.820199532265,0.530717344407,0.267379679144,1.57249078621,1.01749403814,0.513368983957,1.2536673475,0.394573414091,4.4,3.17727272727,1.2536673475,4.4,0.213333333333,0.153846153846,2,0.0121212121212,0.205555555556,11,11,11,1,0,0.0909090909091,0.636363636364,0.272727272727,-3,-0.0272727272727,0.133884297521,-0.545454545455,-0.3,-0.375,-0.389190409368,-0.0439221612377,-0.0368983957219,-0.347548883978,-0.111544284527,-0.0689839572193,-0.367518585835,-0.0495111164884,-0.0229946524064,0.196768572961,0.0472964236795,0.854545454545,0.133884297521,0.196768572961,0.854545454545,-0.285714285714,-0.246153846154,-6,-0.0363636363636,-0.05,0,0,0,17,0,3,90,0.85,1,0,0.15,1,0.85,0.918918918919,0.906962317388,0.85,0.85,4,7,0,0,0,0
2232,WLNM_dir_neg,0.836734693878,0.693978937729,00:00:01,10,50,48,1175612497,threshold_sweep,0.9,1,0.428571428571,0.6,3,0,4,14,0.428571428571,1,0,0.571428571429,1,0.428571428571,0.6,0.809523809524,0.619047619048,0.5,0.57735026919,0.428571428571,20,13,7,0,20,0,13,0,7,11,20,0.181818181818,3.04338842975,3.63636363636,2,2.5,1.68954001271,0.464623503495,0.245454545455,1.16774841624,0.642261628933,0.336363636364,1.94000937205,1.06700515463,0.536363636364,1.05689877454,0.347276990411,3.54545454545,3.04338842975,1.05689877454,3.54545454545,0.499047619048,0.4,8,0.0484848484848,0.255555555556,11,11,11,1,0,0.0909090909091,0.636363636364,0.272727272727,11,0.118181818182,3.72727272727,2.36363636364,1.3,1.625,1.43336856898,0.6064251638,0.286713286713,0.603022689156,0.510249967747,0.237762237762,1.40129809949,1.18571377649,0.503496503497,2.05382127221,0.551025219373,7,3.72727272727,2.05382127221,7,0,0,0,0,0.22962962963,11,11,11,1,0,0.0909090909091,0.636363636364,0.272727272727,11,16,0.145454545455,3.25,2.90909090909,1.6,2,1.22102788294,0.41972833476,0.181818181818,0.687551650952,0.47269176003,0.227272727273,1.50755672289,1.03644524699,0.511363636364,1.3758835545,0.423348786001,4.66666666667,3.25,1.3758835545,4.66666666667,0.213333333333,0.176470588235,2,0.0121212121212,0.192592592593,11,11,11,1,0,0.0909090909091,0.636363636364,0.272727272727,-4,-0.0363636363636,0.206611570248,-0.727272727273,-0.4,-0.5,-0.468512129772,-0.0448951687355,-0.0636363636364,-0.48019676529,-0.169569868904,-0.109090909091,-0.43245264916,-0.0305599076407,-0.025,0.318984779967,0.07607179559,1.12121212121,0.206611570248,0.318984779967,1.12121212121,-0.285714285714,-0.223529411765,-6,-0.0363636363636,-0.062962962963,0,0,0,16,0,4,90,0.8,1,0,0.2,1,0.8,0.888888888889,0.875189948987,0.8,0.8,3,7,0,0,0,0
2233,WLNM_dir_neg,0.908163265306,0.75612244898,00:00:01,10,50,49,1175612498,threshold_sweep,0.1,1,0.714285714286,0.833333333333,5,0,2,14,0.714285714286,1,0,0.285714285714,1,0.714285714286,0.833333333333,0.904761904762,0.587301587302,0.769230769231,0.790569415042,0.714285714286,20,13,7,0,20,0,13,0,7,11,20,0.181818181818,3.04338842975,3.63636363636,2,2.5,1.68954001271,0.464623503495,0.245454545455,1.16774841624,0.642261628933,0.336363636364,1.94000937205,1.06700515463,0.536363636364,1.05689877454,0.347276990411,3.54545454545,3.04338842975,1.05689877454,3.54545454545,0.499047619048,0.4,8,0.0484848484848,0.255555555556,11,11,11,1,0,0.0909090909091,0.636363636364,0.272727272727,11,0.118181818182,3.72727272727,2.36363636364,1.3,1.625,1.43336856898,0.6064251638,0.286713286713,0.603022689156,0.510249967747,0.237762237762,1.40129809949,1.18571377649,0.503496503497,2.05382127221,0.551025219373,7,3.72727272727,2.05382127221,7,0,0,0,0,0.22962962963,11,11,11,1,0,0.0909090909091,0.636363636364,0.272727272727,11,18,0.163636363636,3.11363636364,3.27272727273,1.8,2.25,1.42062726223,0.434080552347,0.227272727273,0.924416277737,0.564921058617,0.292929292929,1.68954001271,1.03249667443,0.525252525253,1.14353419474,0.367266456706,3.875,3.11363636364,1.14353419474,3.875,0.366666666667,0.266666666667,4,0.0242424242424,0.221111111111,11,11,11,1,0,0.0909090909091,0.636363636364,0.272727272727,-2,-0.0181818181818,0.0702479338843,-0.363636363636,-0.2,-0.25,-0.268912750482,-0.030542951148,-0.0181818181818,-0.243332138505,-0.0773405703161,-0.0434343434343,-0.250469359339,-0.0345084801933,-0.0111111111111,0.0866354202056,0.0199894662943,0.329545454545,0.0702479338843,0.0866354202056,0.329545454545,-0.132380952381,-0.133333333333,-4,-0.0242424242424,-0.0344444444444,0,0,0,18,0,2,90,0.9,1,0,0.1,1,0.9,0.947368421053,0.938314863257,0.9,0.9,5,7,0,0,0,0
2234,WLNM_dir_neg,0.908163265306,0.75612244898,00:00:01,10,50,49,1175612498,threshold_sweep,0.2,1,0.714285714286,0.833333333333,5,0,2,14,0.714285714286,1,0,0.285714285714,1,0.714285714286,0.833333333333,0.904761904762,0.587301587302,0.769230769231,0.790569415042,0.714285714286,20,13,7,0,20,0,13,0,7,11,20,0.181818181818,3.04338842975,3.63636363636,2,2.5,1.68954001271,0.464623503495,0.245454545455,1.16774841624,0.642261628933,0.336363636364,1.94000937205,1.06700515463,0.536363636364,1.05689877454,0.347276990411,3.54545454545,3.04338842975,1.05689877454,3.54545454545,0.499047619048,0.4,8,0.0484848484848,0.255555555556,11,11,11,1,0,0.0909090909091,0.636363636364,0.272727272727,11,0.118181818182,3.72727272727,2.36363636364,1.3,1.625,1.43336856898,0.6064251638,0.286713286713,0.603022689156,0.510249967747,0.237762237762,1.40129809949,1.18571377649,0.503496503497,2.05382127221,0.551025219373,7,3.72727272727,2.05382127221,7,0,0,0,0,0.22962962963,11,11,11,1,0,0.0909090909091,0.636363636364,0.272727272727,11,18,0.163636363636,3.11363636364,3.27272727273,1.8,2.25,1.42062726223,0.434080552347,0.227272727273,0.924416277737,0.564921058617,0.292929292929,1.68954001271,1.03249667443,0.525252525253,1.14353419474,0.367266456706,3.875,3.11363636364,1.14353419474,3.875,0.366666666667,0.266666666667,4,0.0242424242424,0.221111111111,11,11,11,1,0,0.0909090909091,0.636363636364,0.272727272727,-2,-0.0181818181818,0.0702479338843,-0.363636363636,-0.2,-0.25,-0.268912750482,-0.030542951148,-0.0181818181818,-0.243332138505,-0.0773405703161,-0.0434343434343,-0.250469359339,-0.0345084801933,-0.0111111111111,0.0866354202056,0.0199894662943,0.329545454545,0.0702479338843,0.0866354202056,0.329545454545,-0.132380952381,-0.133333333333,-4,-0.0242424242424,-0.0344444444444,0,0,0,18,0,2,90,0.9,1,0,0.1,1,0.9,0.947368421053,0.938314863257,0.9,0.9,5,7,0,0,0,0
2235,WLNM_dir_neg,0.908163265306,0.75612244898,00:00:01,10,50,49,1175612498,threshold_sweep,0.3,1,0.714285714286,0.833333333333,5,0,2,14,0.714285714286,1,0,0.285714285714,1,0.714285714286,0.833333333333,0.904761904762,0.587301587302,0.769230769231,0.790569415042,0.714285714286,20,13,7,0,20,0,13,0,7,11,20,0.181818181818,3.04338842975,3.63636363636,2,2.5,1.68954001271,0.464623503495,0.245454545455,1.16774841624,0.642261628933,0.336363636364,1.94000937205,1.06700515463,0.536363636364,1.05689877454,0.347276990411,3.54545454545,3.04338842975,1.05689877454,3.54545454545,0.499047619048,0.4,8,0.0484848484848,0.255555555556,11,11,11,1,0,0.0909090909091,0.636363636364,0.272727272727,11,0.118181818182,3.72727272727,2.36363636364,1.3,1.625,1.43336856898,0.6064251638,0.286713286713,0.603022689156,0.510249967747,0.237762237762,1.40129809949,1.18571377649,0.503496503497,2.05382127221,0.551025219373,7,3.72727272727,2.05382127221,7,0,0,0,0,0.22962962963,11,11,11,1,0,0.0909090909091,0.636363636364,0.272727272727,11,18,0.163636363636,3.11363636364,3.27272727273,1.8,2.25,1.42062726223,0.434080552347,0.227272727273,0.924416277737,0.564921058617,0.292929292929,1.68954001271,1.03249667443,0.525252525253,1.14353419474,0.367266456706,3.875,3.11363636364,1.14353419474,3.875,0.366666666667,0.266666666667,4,0.0242424242424,0.221111111111,11,11,11,1,0,0.0909090909091,0.636363636364,0.272727272727,-2,-0.0181818181818,0.0702479338843,-0.363636363636,-0.2,-0.25,-0.268912750482,-0.030542951148,-0.0181818181818,-0.243332138505,-0.0773405703161,-0.0434343434343,-0.250469359339,-0.0345084801933,-0.0111111111111,0.0866354202056,0.0199894662943,0.329545454545,0.0702479338843,0.0866354202056,0.329545454545,-0.132380952381,-0.133333333333,-4,-0.0242424242424,-0.0344444444444,0,0,0,18,0,2,90,0.9,1,0,0.1,1,0.9,0.947368421053,0.938314863257,0.9,0.9,5,7,0,0,0,0
2236,WLNM_dir_neg,0.908163265306,0.75612244898,00:00:01,10,50,49,1175612498,threshold_sweep,0.4,1,0.714285714286,0.833333333333,5,0,2,14,0.714285714286,1,0,0.285714285714,1,0.714285714286,0.833333333333,0.904761904762,0.587301587302,0.769230769231,0.790569415042,0.714285714286,20,13,7,0,20,0,13,0,7,11,20,0.181818181818,3.04338842975,3.63636363636,2,2.5,1.68954001271,0.464623503495,0.245454545455,1.16774841624,0.642261628933,0.336363636364,1.94000937205,1.06700515463,0.536363636364,1.05689877454,0.347276990411,3.54545454545,3.04338842975,1.05689877454,3.54545454545,0.499047619048,0.4,8,0.0484848484848,0.255555555556,11,11,11,1,0,0.0909090909091,0.636363636364,0.272727272727,11,0.118181818182,3.72727272727,2.36363636364,1.3,1.625,1.43336856898,0.6064251638,0.286713286713,0.603022689156,0.510249967747,0.237762237762,1.40129809949,1.18571377649,0.503496503497,2.05382127221,0.551025219373,7,3.72727272727,2.05382127221,7,0,0,0,0,0.22962962963,11,11,11,1,0,0.0909090909091,0.636363636364,0.272727272727,11,18,0.163636363636,3.11363636364,3.27272727273,1.8,2.25,1.42062726223,0.434080552347,0.227272727273,0.924416277737,0.564921058617,0.292929292929,1.68954001271,1.03249667443,0.525252525253,1.14353419474,0.367266456706,3.875,3.11363636364,1.14353419474,3.875,0.366666666667,0.266666666667,4,0.0242424242424,0.221111111111,11,11,11,1,0,0.0909090909091,0.636363636364,0.272727272727,-2,-0.0181818181818,0.0702479338843,-0.363636363636,-0.2,-0.25,-0.268912750482,-0.030542951148,-0.0181818181818,-0.243332138505,-0.0773405703161,-0.0434343434343,-0.250469359339,-0.0345084801933,-0.0111111111111,0.0866354202056,0.0199894662943,0.329545454545,0.0702479338843,0.0866354202056,0.329545454545,-0.132380952381,-0.133333333333,-4,-0.0242424242424,-0.0344444444444,0,0,0,18,0,2,90,0.9,1,0,0.1,1,0.9,0.947368421053,0.938314863257,0.9,0.9,5,7,0,0,0,0
2237,WLNM_dir_neg,0.908163265306,0.75612244898,00:00:01,10,50,49,1175612498,threshold_sweep,0.5,1,0.714285714286,0.833333333333,5,0,2,14,0.714285714286,1,0,0.285714285714,1,0.714285714286,0.833333333333,0.904761904762,0.587301587302,0.769230769231,0.790569415042,0.714285714286,20,13,7,0,20,0,13,0,7,11,20,0.181818181818,3.04338842975,3.63636363636,2,2.5,1.68954001271,0.464623503495,0.245454545455,1.16774841624,0.642261628933,0.336363636364,1.94000937205,1.06700515463,0.536363636364,1.05689877454,0.347276990411,3.54545454545,3.04338842975,1.05689877454,3.54545454545,0.499047619048,0.4,8,0.0484848484848,0.255555555556,11,11,11,1,0,0.0909090909091,0.636363636364,0.272727272727,11,0.118181818182,3.72727272727,2.36363636364,1.3,1.625,1.43336856898,0.6064251638,0.286713286713,0.603022689156,0.510249967747,0.237762237762,1.40129809949,1.18571377649,0.503496503497,2.05382127221,0.551025219373,7,3.72727272727,2.05382127221,7,0,0,0,0,0.22962962963,11,11,11,1,0,0.0909090909091,0.636363636364,0.272727272727,11,18,0.163636363636,3.11363636364,3.27272727273,1.8,2.25,1.42062726223,0.434080552347,0.227272727273,0.924416277737,0.564921058617,0.292929292929,1.68954001271,1.03249667443,0.525252525253,1.14353419474,0.367266456706,3.875,3.11363636364,1.14353419474,3.875,0.366666666667,0.266666666667,4,0.0242424242424,0.221111111111,11,11,11,1,0,0.0909090909091,0.636363636364,0.272727272727,-2,-0.0181818181818,0.0702479338843,-0.363636363636,-0.2,-0.25,-0.268912750482,-0.030542951148,-0.0181818181818,-0.243332138505,-0.0773405703161,-0.0434343434343,-0.250469359339,-0.0345084801933,-0.0111111111111,0.0866354202056,0.0199894662943,0.329545454545,0.0702479338843,0.0866354202056,0.329545454545,-0.132380952381,-0.133333333333,-4,-0.0242424242424,-0.0344444444444,0,0,0,18,0,2,90,0.9,1,0,0.1,1,0.9,0.947368421053,0.938314863257,0.9,0.9,5,7,0,0,0,0
2238,WLNM_dir_neg,0.908163265306,0.75612244898,00:00:01,10,50,49,1175612498,threshold_sweep,0.6,1,0.714285714286,0.833333333333,5,0,2,14,0.714285714286,1,0,0.285714285714,1,0.714285714286,0.833333333333,0.904761904762,0.587301587302,0.769230769231,0.790569415042,0.714285714286,20,13,7,0,20,0,13,0,7,11,20,0.181818181818,3.04338842975,3.63636363636,2,2.5,1.68954001271,0.464623503495,0.245454545455,1.16774841624,0.642261628933,0.336363636364,1.94000937205,1.06700515463,0.536363636364,1.05689877454,0.347276990411,3.54545454545,3.04338842975,1.05689877454,3.54545454545,0.499047619048,0.4,8,0.0484848484848,0.255555555556,11,11,11,1,0,0.0909090909091,0.636363636364,0.272727272727,11,0.118181818182,3.72727272727,2.36363636364,1.3,1.625,1.43336856898,0.6064251638,0.286713286713,0.603022689156,0.510249967747,0.237762237762,1.40129809949,1.18571377649,0.503496503497,2.05382127221,0.551025219373,7,3.72727272727,2.05382127221,7,0,0,0,0,0.22962962963,11,11,11,1,0,0.0909090909091,0.636363636364,0.272727272727,11,18,0.163636363636,3.11363636364,3.27272727273,1.8,2.25,1.42062726223,0.434080552347,0.227272727273,0.924416277737,0.564921058617,0.292929292929,1.68954001271,1.03249667443,0.525252525253,1.14353419474,0.367266456706,3.875,3.11363636364,1.14353419474,3.875,0.366666666667,0.266666666667,4,0.0242424242424,0.221111111111,11,11,11,1,0,0.0909090909091,0.636363636364,0.272727272727,-2,-0.0181818181818,0.0702479338843,-0.363636363636,-0.2,-0.25,-0.268912750482,-0.030542951148,-0.0181818181818,-0.243332138505,-0.0773405703161,-0.0434343434343,-0.250469359339,-0.0345084801933,-0.0111111111111,0.0866354202056,0.0199894662943,0.329545454545,0.0702479338843,0.0866354202056,0.329545454545,-0.132380952381,-0.133333333333,-4,-0.0242424242424,-0.0344444444444,0,0,0,18,0,2,90,0.9,1,0,0.1,1,0.9,0.947368421053,0.938314863257,0.9,0.9,5,7,0,0,0,0
2239,WLNM_dir_neg,0.908163265306,0.75612244898,00:00:01,10,50,49,1175612498,threshold_sweep,0.7,1,0.714285714286,0.833333333333,5,0,2,14,0.714285714286,1,0,0.285714285714,1,0.714285714286,0.833333333333,0.904761904762,0.587301587302,0.769230769231,0.790569415042,0.714285714286,20,13,7,0,20,0,13,0,7,11,20,0.181818181818,3.04338842975,3.63636363636,2,2.5,1.68954001271,0.464623503495,0.245454545455,1.16774841624,0.642261628933,0.336363636364,1.94000937205,1.06700515463,0.536363636364,1.05689877454,0.347276990411,3.54545454545,3.04338842975,1.05689877454,3.54545454545,0.499047619048,0.4,8,0.0484848484848,0.255555555556,11,11,11,1,0,0.0909090909091,0.636363636364,0.272727272727,11,0.118181818182,3.72727272727,2.36363636364,1.3,1.625,1.43336856898,0.6064251638,0.286713286713,0.603022689156,0.510249967747,0.237762237762,1.40129809949,1.18571377649,0.503496503497,2.05382127221,0.551025219373,7,3.72727272727,2.05382127221,7,0,0,0,0,0.22962962963,11,11,11,1,0,0.0909090909091,0.636363636364,0.272727272727,11,18,0.163636363636,3.11363636364,3.27272727273,1.8,2.25,1.42062726223,0.434080552347,0.227272727273,0.924416277737,0.564921058617,0.292929292929,1.68954001271,1.03249667443,0.525252525253,1.14353419474,0.367266456706,3.875,3.11363636364,1.14353419474,3.875,0.366666666667,0.266666666667,4,0.0242424242424,0.221111111111,11,11,11,1,0,0.0909090909091,0.636363636364,0.272727272727,-2,-0.0181818181818,0.0702479338843,-0.363636363636,-0.2,-0.25,-0.268912750482,-0.030542951148,-0.0181818181818,-0.243332138505,-0.0773405703161,-0.0434343434343,-0.250469359339,-0.0345084801933,-0.0111111111111,0.0866354202056,0.0199894662943,0.329545454545,0.0702479338843,0.0866354202056,0.329545454545,-0.132380952381,-0.133333333333,-4,-0.0242424242424,-0.0344444444444,0,0,0,18,0,2,90,0.9,1,0,0.1,1,0.9,0.947368421053,0.938314863257,0.9,0.9,5,7,0,0,0,0
2240,WLNM_dir_neg,0.908163265306,0.75612244898,00:00:01,10,50,49,1175612498,threshold_sweep,0.8,1,0.714285714286,0.833333333333,5,0,2,14,0.714285714286,1,0,0.285714285714,1,0.714285714286,0.833333333333,0.904761904762,0.587301587302,0.769230769231,0.790569415042,0.714285714286,20,13,7,0,20,0,13,0,7,11,20,0.181818181818,3.04338842975,3.63636363636,2,2.5,1.68954001271,0.464623503495,0.245454545455,1.16774841624,0.642261628933,0.336363636364,1.94000937205,1.06700515463,0.536363636364,1.05689877454,0.347276990411,3.54545454545,3.04338842975,1.05689877454,3.54545454545,0.499047619048,0.4,8,0.0484848484848,0.255555555556,11,11,11,1,0,0.0909090909091,0.636363636364,0.272727272727,11,0.118181818182,3.72727272727,2.36363636364,1.3,1.625,1.43336856898,0.6064251638,0.286713286713,0.603022689156,0.510249967747,0.237762237762,1.40129809949,1.18571377649,0.503496503497,2.05382127221,0.551025219373,7,3.72727272727,2.05382127221,7,0,0,0,0,0.22962962963,11,11,11,1,0,0.0909090909091,0.636363636364,0.272727272727,11,18,0.163636363636,3.11363636364,3.27272727273,1.8,2.25,1.42062726223,0.434080552347,0.227272727273,0.924416277737,0.564921058617,0.292929292929,1.68954001271,1.03249667443,0.525252525253,1.14353419474,0.367266456706,3.875,3.11363636364,1.14353419474,3.875,0.366666666667,0.266666666667,4,0.0242424242424,0.221111111111,11,11,11,1,0,0.0909090909091,0.636363636364,0.272727272727,-2,-0.0181818181818,0.0702479338843,-0.363636363636,-0.2,-0.25,-0.268912750482,-0.030542951148,-0.0181818181818,-0.243332138505,-0.0773405703161,-0.0434343434343,-0.250469359339,-0.0345084801933,-0.0111111111111,0.0866354202056,0.0199894662943,0.329545454545,0.0702479338843,0.0866354202056,0.329545454545,-0.132380952381,-0.133333333333,-4,-0.0242424242424,-0.0344444444444,0,0,0,18,0,2,90,0.9,1,0,0.1,1,0.9,0.947368421053,0.938314863257,0.9,0.9,5,7,0,0,0,0
2241,WLNM_dir_neg,0.908163265306,0.75612244898,00:00:01,10,50,49,1175612498,threshold_sweep,0.9,1,0.714285714286,0.833333333333,5,0,2,14,0.714285714286,1,0,0.285714285714,1,0.714285714286,0.833333333333,0.904761904762,0.587301587302,0.769230769231,0.790569415042,0.714285714286,20,13,7,0,20,0,13,0,7,11,20,0.181818181818,3.04338842975,3.63636363636,2,2.5,1.68954001271,0.464623503495,0.245454545455,1.16774841624,0.642261628933,0.336363636364,1.94000937205,1.06700515463,0.536363636364,1.05689877454,0.347276990411,3.54545454545,3.04338842975,1.05689877454,3.54545454545,0.499047619048,0.4,8,0.0484848484848,0.255555555556,11,11,11,1,0,0.0909090909091,0.636363636364,0.272727272727,11,0.118181818182,3.72727272727,2.36363636364,1.3,1.625,1.43336856898,0.6064251638,0.286713286713,0.603022689156,0.510249967747,0.237762237762,1.40129809949,1.18571377649,0.503496503497,2.05382127221,0.551025219373,7,3.72727272727,2.05382127221,7,0,0,0,0,0.22962962963,11,11,11,1,0,0.0909090909091,0.636363636364,0.272727272727,11,18,0.163636363636,3.11363636364,3.27272727273,1.8,2.25,1.42062726223,0.434080552347,0.227272727273,0.924416277737,0.564921058617,0.292929292929,1.68954001271,1.03249667443,0.525252525253,1.14353419474,0.367266456706,3.875,3.11363636364,1.14353419474,3.875,0.366666666667,0.266666666667,4,0.0242424242424,0.221111111111,11,11,11,1,0,0.0909090909091,0.636363636364,0.272727272727,-2,-0.0181818181818,0.0702479338843,-0.363636363636,-0.2,-0.25,-0.268912750482,-0.030542951148,-0.0181818181818,-0.243332138505,-0.0773405703161,-0.0434343434343,-0.250469359339,-0.0345084801933,-0.0111111111111,0.0866354202056,0.0199894662943,0.329545454545,0.0702479338843,0.0866354202056,0.329545454545,-0.132380952381,-0.133333333333,-4,-0.0242424242424,-0.0344444444444,0,0,0,18,0,2,90,0.9,1,0,0.1,1,0.9,0.947368421053,0.938314863257,0.9,0.9,5,7,0,0,0,0
2242,WLNM_dir_neg,0.887755102041,0.72027972028,00:00:02,10,50,50,1175612499,threshold_sweep,0.1,0.833333333333,0.714285714286,0.769230769231,5,1,2,13,0.714285714286,0.928571428571,0.0714285714286,0.285714285714,0.833333333333,0.714285714286,0.769230769231,0.857142857143,0.571428571429,0.666666666667,0.67082039325,0.642857142857,20,13,7,0,20,0,13,0,7,11,20,0.181818181818,3.04338842975,3.63636363636,2,2.5,1.68954001271,0.464623503495,0.245454545455,1.16774841624,0.642261628933,0.336363636364,1.94000937205,1.06700515463,0.536363636364,1.05689877454,0.347276990411,3.54545454545,3.04338842975,1.05689877454,3.54545454545,0.499047619048,0.4,8,0.0484848484848,0.255555555556,11,11,11,1,0,0.0909090909091,0.636363636364,0.272727272727,11,0.118181818182,3.72727272727,2.36363636364,1.3,1.625,1.43336856898,0.6064251638,0.286713286713,0.603022689156,0.510249967747,0.237762237762,1.40129809949,1.18571377649,0.503496503497,2.05382127221,0.551025219373,7,3.72727272727,2.05382127221,7,0,0,0,0,0.22962962963,11,11,11,1,0,0.0909090909091,0.636363636364,0.272727272727,11,19,0.172727272727,3.14772727273,3.45454545455,1.9,2.11111111111,1.36847625947,0.396137864583,0.205741626794,1.00904995822,0.584186817916,0.306220095694,1.61807966991,0.936782966791,0.468899521531,1.18338851637,0.375950142385,3.96875,3.14772727273,1.18338851637,3.96875,0.41,0.3,5,0.030303030303,0.214444444444,11,11,11,1,0,0.0909090909091,0.727272727273,0.181818181818,-1,-0.00909090909091,0.104338842975,-0.181818181818,-0.1,-0.388888888889,-0.321063753241,-0.0684856389122,-0.0397129186603,-0.158698458023,-0.058074811017,-0.0301435406699,-0.321929702137,-0.130222187836,-0.0674641148325,0.126489741835,0.0286731519741,0.423295454545,0.104338842975,0.126489741835,0.423295454545,-0.0890476190476,-0.1,-3,-0.0181818181818,-0.0411111111111,0,0.0909090909091,-0.0909090909091,18,1,2,89,0.9,0.988888888889,0.0111111111111,0.1,0.947368421053,0.9,0.923076923077,0.906956031802,0.888888888889,0.857142857143,6,7,0,0,0,0
2243,WLNM_dir_neg,0.887755102041,0.72027972028,00:00:02,10,50,50,1175612499,threshold_sweep,0.2,0.833333333333,0.714285714286,0.769230769231,5,1,2,13,0.714285714286,0.928571428571,0.0714285714286,0.285714285714,0.833333333333,0.714285714286,0.769230769231,0.857142857143,0.571428571429,0.666666666667,0.67082039325,0.642857142857,20,13,7,0,20,0,13,0,7,11,20,0.181818181818,3.04338842975,3.63636363636,2,2.5,1.68954001271,0.464623503495,0.245454545455,1.16774841624,0.642261628933,0.336363636364,1.94000937205,1.06700515463,0.536363636364,1.05689877454,0.347276990411,3.54545454545,3.04338842975,1.05689877454,3.54545454545,0.499047619048,0.4,8,0.0484848484848,0.255555555556,11,11,11,1,0,0.0909090909091,0.636363636364,0.272727272727,11,0.118181818182,3.72727272727,2.36363636364,1.3,1.625,1.43336856898,0.6064251638,0.286713286713,0.603022689156,0.510249967747,0.237762237762,1.40129809949,1.18571377649,0.503496503497,2.05382127221,0.551025219373,7,3.72727272727,2.05382127221,7,0,0,0,0,0.22962962963,11,11,11,1,0,0.0909090909091,0.636363636364,0.272727272727,11,19,0.172727272727,3.14772727273,3.45454545455,1.9,2.11111111111,1.36847625947,0.396137864583,0.205741626794,1.00904995822,0.584186817916,0.306220095694,1.61807966991,0.936782966791,0.468899521531,1.18338851637,0.375950142385,3.96875,3.14772727273,1.18338851637,3.96875,0.41,0.3,5,0.030303030303,0.214444444444,11,11,11,1,0,0.0909090909091,0.727272727273,0.181818181818,-1,-0.00909090909091,0.104338842975,-0.181818181818,-0.1,-0.388888888889,-0.321063753241,-0.0684856389122,-0.0397129186603,-0.158698458023,-0.058074811017,-0.0301435406699,-0.321929702137,-0.130222187836,-0.0674641148325,0.126489741835,0.0286731519741,0.423295454545,0.104338842975,0.126489741835,0.423295454545,-0.0890476190476,-0.1,-3,-0.0181818181818,-0.0411111111111,0,0.0909090909091,-0.0909090909091,18,1,2,89,0.9,0.988888888889,0.0111111111111,0.1,0.947368421053,0.9,0.923076923077,0.906956031802,0.888888888889,0.857142857143,6,7,0,0,0,0
2244,WLNM_dir_neg,0.887755102041,0.72027972028,00:00:02,10,50,50,1175612499,threshold_sweep,0.3,0.833333333333,0.714285714286,0.769230769231,5,1,2,13,0.714285714286,0.928571428571,0.0714285714286,0.285714285714,0.833333333333,0.714285714286,0.769230769231,0.857142857143,0.571428571429,0.666666666667,0.67082039325,0.642857142857,20,13,7,0,20,0,13,0,7,11,20,0.181818181818,3.04338842975,3.63636363636,2,2.5,1.68954001271,0.464623503495,0.245454545455,1.16774841624,0.642261628933,0.336363636364,1.94000937205,1.06700515463,0.536363636364,1.05689877454,0.347276990411,3.54545454545,3.04338842975,1.05689877454,3.54545454545,0.499047619048,0.4,8,0.0484848484848,0.255555555556,11,11,11,1,0,0.0909090909091,0.636363636364,0.272727272727,11,0.118181818182,3.72727272727,2.36363636364,1.3,1.625,1.43336856898,0.6064251638,0.286713286713,0.603022689156,0.510249967747,0.237762237762,1.40129809949,1.18571377649,0.503496503497,2.05382127221,0.551025219373,7,3.72727272727,2.05382127221,7,0,0,0,0,0.22962962963,11,11,11,1,0,0.0909090909091,0.636363636364,0.272727272727,11,19,0.172727272727,3.14772727273,3.45454545455,1.9,2.11111111111,1.36847625947,0.396137864583,0.205741626794,1.00904995822,0.584186817916,0.306220095694,1.61807966991,0.936782966791,0.468899521531,1.18338851637,0.375950142385,3.96875,3.14772727273,1.18338851637,3.96875,0.41,0.3,5,0.030303030303,0.214444444444,11,11,11,1,0,0.0909090909091,0.727272727273,0.181818181818,-1,-0.00909090909091,0.104338842975,-0.181818181818,-0.1,-0.388888888889,-0.321063753241,-0.0684856389122,-0.0397129186603,-0.158698458023,-0.058074811017,-0.0301435406699,-0.321929702137,-0.130222187836,-0.0674641148325,0.126489741835,0.0286731519741,0.423295454545,0.104338842975,0.126489741835,0.423295454545,-0.0890476190476,-0.1,-3,-0.0181818181818,-0.0411111111111,0,0.0909090909091,-0.0909090909091,18,1,2,89,0.9,0.988888888889,0.0111111111111,0.1,0.947368421053,0.9,0.923076923077,0.906956031802,0.888888888889,0.857142857143,6,7,0,0,0,0
2245,WLNM_dir_neg,0.887755102041,0.72027972028,00:00:02,10,50,50,1175612499,threshold_sweep,0.4,0.833333333333,0.714285714286,0.769230769231,5,1,2,13,0.714285714286,0.928571428571,0.0714285714286,0.285714285714,0.833333333333,0.714285714286,0.769230769231,0.857142857143,0.571428571429,0.666666666667,0.67082039325,0.642857142857,20,13,7,0,20,0,13,0,7,11,20,0.181818181818,3.04338842975,3.63636363636,2,2.5,1.68954001271,0.464623503495,0.245454545455,1.16774841624,0.642261628933,0.336363636364,1.94000937205,1.06700515463,0.536363636364,1.05689877454,0.347276990411,3.54545454545,3.04338842975,1.05689877454,3.54545454545,0.499047619048,0.4,8,0.0484848484848,0.255555555556,11,11,11,1,0,0.0909090909091,0.636363636364,0.272727272727,11,0.118181818182,3.72727272727,2.36363636364,1.3,1.625,1.43336856898,0.6064251638,0.286713286713,0.603022689156,0.510249967747,0.237762237762,1.40129809949,1.18571377649,0.503496503497,2.05382127221,0.551025219373,7,3.72727272727,2.05382127221,7,0,0,0,0,0.22962962963,11,11,11,1,0,0.0909090909091,0.636363636364,0.272727272727,11,19,0.172727272727,3.14772727273,3.45454545455,1.9,2.11111111111,1.36847625947,0.396137864583,0.205741626794,1.00904995822,0.584186817916,0.306220095694,1.61807966991,0.936782966791,0.468899521531,1.18338851637,0.375950142385,3.96875,3.14772727273,1.18338851637,3.96875,0.41,0.3,5,0.030303030303,0.214444444444,11,11,11,1,0,0.0909090909091,0.727272727273,0.181818181818,-1,-0.00909090909091,0.104338842975,-0.181818181818,-0.1,-0.388888888889,-0.321063753241,-0.0684856389122,-0.0397129186603,-0.158698458023,-0.058074811017,-0.0301435406699,-0.321929702137,-0.130222187836,-0.0674641148325,0.126489741835,0.0286731519741,0.423295454545,0.104338842975,0.126489741835,0.423295454545,-0.0890476190476,-0.1,-3,-0.0181818181818,-0.0411111111111,0,0.0909090909091,-0.0909090909091,18,1,2,89,0.9,0.988888888889,0.0111111111111,0.1,0.947368421053,0.9,0.923076923077,0.906956031802,0.888888888889,0.857142857143,6,7,0,0,0,0
2246,WLNM_dir_neg,0.887755102041,0.72027972028,00:00:02,10,50,50,1175612499,threshold_sweep,0.5,0.833333333333,0.714285714286,0.769230769231,5,1,2,13,0.714285714286,0.928571428571,0.0714285714286,0.285714285714,0.833333333333,0.714285714286,0.769230769231,0.857142857143,0.571428571429,0.666666666667,0.67082039325,0.642857142857,20,13,7,0,20,0,13,0,7,11,20,0.181818181818,3.04338842975,3.63636363636,2,2.5,1.68954001271,0.464623503495,0.245454545455,1.16774841624,0.642261628933,0.336363636364,1.94000937205,1.06700515463,0.536363636364,1.05689877454,0.347276990411,3.54545454545,3.04338842975,1.05689877454,3.54545454545,0.499047619048,0.4,8,0.0484848484848,0.255555555556,11,11,11,1,0,0.0909090909091,0.636363636364,0.272727272727,11,0.118181818182,3.72727272727,2.36363636364,1.3,1.625,1.43336856898,0.6064251638,0.286713286713,0.603022689156,0.510249967747,0.237762237762,1.40129809949,1.18571377649,0.503496503497,2.05382127221,0.551025219373,7,3.72727272727,2.05382127221,7,0,0,0,0,0.22962962963,11,11,11,1,0,0.0909090909091,0.636363636364,0.272727272727,11,19,0.172727272727,3.14772727273,3.45454545455,1.9,2.11111111111,1.36847625947,0.396137864583,0.205741626794,1.00904995822,0.584186817916,0.306220095694,1.61807966991,0.936782966791,0.468899521531,1.18338851637,0.375950142385,3.96875,3.14772727273,1.18338851637,3.96875,0.41,0.3,5,0.030303030303,0.214444444444,11,11,11,1,0,0.0909090909091,0.727272727273,0.181818181818,-1,-0.00909090909091,0.104338842975,-0.181818181818,-0.1,-0.388888888889,-0.321063753241,-0.0684856389122,-0.0397129186603,-0.158698458023,-0.058074811017,-0.0301435406699,-0.321929702137,-0.130222187836,-0.0674641148325,0.126489741835,0.0286731519741,0.423295454545,0.104338842975,0.126489741835,0.423295454545,-0.0890476190476,-0.1,-3,-0.0181818181818,-0.0411111111111,0,0.0909090909091,-0.0909090909091,18,1,2,89,0.9,0.988888888889,0.0111111111111,0.1,0.947368421053,0.9,0.923076923077,0.906956031802,0.888888888889,0.857142857143,6,7,0,0,0,0
2247,WLNM_dir_neg,0.887755102041,0.72027972028,00:00:02,10,50,50,1175612499,threshold_sweep,0.6,0.833333333333,0.714285714286,0.769230769231,5,1,2,13,0.714285714286,0.928571428571,0.0714285714286,0.285714285714,0.833333333333,0.714285714286,0.769230769231,0.857142857143,0.571428571429,0.666666666667,0.67082039325,0.642857142857,20,13,7,0,20,0,13,0,7,11,20,0.181818181818,3.04338842975,3.63636363636,2,2.5,1.68954001271,0.464623503495,0.245454545455,1.16774841624,0.642261628933,0.336363636364,1.94000937205,1.06700515463,0.536363636364,1.05689877454,0.347276990411,3.54545454545,3.04338842975,1.05689877454,3.54545454545,0.499047619048,0.4,8,0.0484848484848,0.255555555556,11,11,11,1,0,0.0909090909091,0.636363636364,0.272727272727,11,0.118181818182,3.72727272727,2.36363636364,1.3,1.625,1.43336856898,0.6064251638,0.286713286713,0.603022689156,0.510249967747,0.237762237762,1.40129809949,1.18571377649,0.503496503497,2.05382127221,0.551025219373,7,3.72727272727,2.05382127221,7,0,0,0,0,0.22962962963,11,11,11,1,0,0.0909090909091,0.636363636364,0.272727272727,11,19,0.172727272727,3.14772727273,3.45454545455,1.9,2.11111111111,1.36847625947,0.396137864583,0.205741626794,1.00904995822,0.584186817916,0.306220095694,1.61807966991,0.936782966791,0.468899521531,1.18338851637,0.375950142385,3.96875,3.14772727273,1.18338851637,3.96875,0.41,0.3,5,0.030303030303,0.214444444444,11,11,11,1,0,0.0909090909091,0.727272727273,0.181818181818,-1,-0.00909090909091,0.104338842975,-0.181818181818,-0.1,-0.388888888889,-0.321063753241,-0.0684856389122,-0.0397129186603,-0.158698458023,-0.058074811017,-0.0301435406699,-0.321929702137,-0.130222187836,-0.0674641148325,0.126489741835,0.0286731519741,0.423295454545,0.104338842975,0.126489741835,0.423295454545,-0.0890476190476,-0.1,-3,-0.0181818181818,-0.0411111111111,0,0.0909090909091,-0.0909090909091,18,1,2,89,0.9,0.988888888889,0.0111111111111,0.1,0.947368421053,0.9,0.923076923077,0.906956031802,0.888888888889,0.857142857143,6,7,0,0,0,0
2248,WLNM_dir_neg,0.887755102041,0.72027972028,00:00:02,10,50,50,1175612499,threshold_sweep,0.7,0.833333333333,0.714285714286,0.769230769231,5,1,2,13,0.714285714286,0.928571428571,0.0714285714286,0.285714285714,0.833333333333,0.714285714286,0.769230769231,0.857142857143,0.571428571429,0.666666666667,0.67082039325,0.642857142857,20,13,7,0,20,0,13,0,7,11,20,0.181818181818,3.04338842975,3.63636363636,2,2.5,1.68954001271,0.464623503495,0.245454545455,1.16774841624,0.642261628933,0.336363636364,1.94000937205,1.06700515463,0.536363636364,1.05689877454,0.347276990411,3.54545454545,3.04338842975,1.05689877454,3.54545454545,0.499047619048,0.4,8,0.0484848484848,0.255555555556,11,11,11,1,0,0.0909090909091,0.636363636364,0.272727272727,11,0.118181818182,3.72727272727,2.36363636364,1.3,1.625,1.43336856898,0.6064251638,0.286713286713,0.603022689156,0.510249967747,0.237762237762,1.40129809949,1.18571377649,0.503496503497,2.05382127221,0.551025219373,7,3.72727272727,2.05382127221,7,0,0,0,0,0.22962962963,11,11,11,1,0,0.0909090909091,0.636363636364,0.272727272727,11,19,0.172727272727,3.14772727273,3.45454545455,1.9,2.11111111111,1.36847625947,0.396137864583,0.205741626794,1.00904995822,0.584186817916,0.306220095694,1.61807966991,0.936782966791,0.468899521531,1.18338851637,0.375950142385,3.96875,3.14772727273,1.18338851637,3.96875,0.41,0.3,5,0.030303030303,0.214444444444,11,11,11,1,0,0.0909090909091,0.727272727273,0.181818181818,-1,-0.00909090909091,0.104338842975,-0.181818181818,-0.1,-0.388888888889,-0.321063753241,-0.0684856389122,-0.0397129186603,-0.158698458023,-0.058074811017,-0.0301435406699,-0.321929702137,-0.130222187836,-0.0674641148325,0.126489741835,0.0286731519741,0.423295454545,0.104338842975,0.126489741835,0.423295454545,-0.0890476190476,-0.1,-3,-0.0181818181818,-0.0411111111111,0,0.0909090909091,-0.0909090909091,18,1,2,89,0.9,0.988888888889,0.0111111111111,0.1,0.947368421053,0.9,0.923076923077,0.906956031802,0.888888888889,0.857142857143,6,7,0,0,0,0
2249,WLNM_dir_neg,0.887755102041,0.72027972028,00:00:02,10,50,50,1175612499,threshold_sweep,0.8,0.833333333333,0.714285714286,0.769230769231,5,1,2,13,0.714285714286,0.928571428571,0.0714285714286,0.285714285714,0.833333333333,0.714285714286,0.769230769231,0.857142857143,0.571428571429,0.666666666667,0.67082039325,0.642857142857,20,13,7,0,20,0,13,0,7,11,20,0.181818181818,3.04338842975,3.63636363636,2,2.5,1.68954001271,0.464623503495,0.245454545455,1.16774841624,0.642261628933,0.336363636364,1.94000937205,1.06700515463,0.536363636364,1.05689877454,0.347276990411,3.54545454545,3.04338842975,1.05689877454,3.54545454545,0.499047619048,0.4,8,0.0484848484848,0.255555555556,11,11,11,1,0,0.0909090909091,0.636363636364,0.272727272727,11,0.118181818182,3.72727272727,2.36363636364,1.3,1.625,1.43336856898,0.6064251638,0.286713286713,0.603022689156,0.510249967747,0.237762237762,1.40129809949,1.18571377649,0.503496503497,2.05382127221,0.551025219373,7,3.72727272727,2.05382127221,7,0,0,0,0,0.22962962963,11,11,11,1,0,0.0909090909091,0.636363636364,0.272727272727,11,19,0.172727272727,3.14772727273,3.45454545455,1.9,2.11111111111,1.36847625947,0.396137864583,0.205741626794,1.00904995822,0.584186817916,0.306220095694,1.61807966991,0.936782966791,0.468899521531,1.18338851637,0.375950142385,3.96875,3.14772727273,1.18338851637,3.96875,0.41,0.3,5,0.030303030303,0.214444444444,11,11,11,1,0,0.0909090909091,0.727272727273,0.181818181818,-1,-0.00909090909091,0.104338842975,-0.181818181818,-0.1,-0.388888888889,-0.321063753241,-0.0684856389122,-0.0397129186603,-0.158698458023,-0.058074811017,-0.0301435406699,-0.321929702137,-0.130222187836,-0.0674641148325,0.126489741835,0.0286731519741,0.423295454545,0.104338842975,0.126489741835,0.423295454545,-0.0890476190476,-0.1,-3,-0.0181818181818,-0.0411111111111,0,0.0909090909091,-0.0909090909091,18,1,2,89,0.9,0.988888888889,0.0111111111111,0.1,0.947368421053,0.9,0.923076923077,0.906956031802,0.888888888889,0.857142857143,6,7,0,0,0,0
2250,WLNM_dir_neg,0.887755102041,0.72027972028,00:00:02,10,50,50,1175612499,threshold_sweep,0.9,0.833333333333,0.714285714286,0.769230769231,5,1,2,13,0.714285714286,0.928571428571,0.0714285714286,0.285714285714,0.833333333333,0.714285714286,0.769230769231,0.857142857143,0.571428571429,0.666666666667,0.67082039325,0.642857142857,20,13,7,0,20,0,13,0,7,11,20,0.181818181818,3.04338842975,3.63636363636,2,2.5,1.68954001271,0.464623503495,0.245454545455,1.16774841624,0.642261628933,0.336363636364,1.94000937205,1.06700515463,0.536363636364,1.05689877454,0.347276990411,3.54545454545,3.04338842975,1.05689877454,3.54545454545,0.499047619048,0.4,8,0.0484848484848,0.255555555556,11,11,11,1,0,0.0909090909091,0.636363636364,0.272727272727,11,0.118181818182,3.72727272727,2.36363636364,1.3,1.625,1.43336856898,0.6064251638,0.286713286713,0.603022689156,0.510249967747,0.237762237762,1.40129809949,1.18571377649,0.503496503497,2.05382127221,0.551025219373,7,3.72727272727,2.05382127221,7,0,0,0,0,0.22962962963,11,11,11,1,0,0.0909090909091,0.636363636364,0.272727272727,11,19,0.172727272727,3.14772727273,3.45454545455,1.9,2.11111111111,1.36847625947,0.396137864583,0.205741626794,1.00904995822,0.584186817916,0.306220095694,1.61807966991,0.936782966791,0.468899521531,1.18338851637,0.375950142385,3.96875,3.14772727273,1.18338851637,3.96875,0.41,0.3,5,0.030303030303,0.214444444444,11,11,11,1,0,0.0909090909091,0.727272727273,0.181818181818,-1,-0.00909090909091,0.104338842975,-0.181818181818,-0.1,-0.388888888889,-0.321063753241,-0.0684856389122,-0.0397129186603,-0.158698458023,-0.058074811017,-0.0301435406699,-0.321929702137,-0.130222187836,-0.0674641148325,0.126489741835,0.0286731519741,0.423295454545,0.104338842975,0.126489741835,0.423295454545,-0.0890476190476,-0.1,-3,-0.0181818181818,-0.0411111111111,0,0.0909090909091,-0.0909090909091,18,1,2,89,0.9,0.988888888889,0.0111111111111,0.1,0.947368421053,0.9,0.923076923077,0.906956031802,0.888888888889,0.857142857143,6,7,0,0,0,0
2251,WLNM_dir_neg,0.836734693878,0.590517815518,00:00:01,10,60,1,1176529750,threshold_sweep,0.1,0.833333333333,0.714285714286,0.769230769231,5,1,2,13,0.714285714286,0.928571428571,0.0714285714286,0.285714285714,0.833333333333,0.714285714286,0.769230769231,0.857142857143,0.571428571429,0.666666666667,0.67082039325,0.642857142857,20,13,7,0,20,0,13,0,7,11,20,0.181818181818,3.04338842975,3.63636363636,2,2.5,1.68954001271,0.464623503495,0.245454545455,1.16774841624,0.642261628933,0.336363636364,1.94000937205,1.06700515463,0.536363636364,1.05689877454,0.347276990411,3.54545454545,3.04338842975,1.05689877454,3.54545454545,0.499047619048,0.4,8,0.0484848484848,0.255555555556,11,11,11,1,0,0.0909090909091,0.636363636364,0.272727272727,11,0.118181818182,3.72727272727,2.36363636364,1.3,1.625,1.43336856898,0.6064251638,0.286713286713,0.603022689156,0.510249967747,0.237762237762,1.40129809949,1.18571377649,0.503496503497,2.05382127221,0.551025219373,7,3.72727272727,2.05382127221,7,0,0,0,0,0.22962962963,11,11,11,1,0,0.0909090909091,0.636363636364,0.272727272727,11,19,0.172727272727,5.99715909091,3.45454545455,1.9,2.375,1.69491217257,0.490632471007,0.253588516746,0.904534033733,0.523677598477,0.267942583732,1.67874411933,0.971904490138,0.507177033493,2.14896661873,0.35833076731,7.5,5.99715909091,2.14896661873,7.5,0.432380952381,0.333333333333,6,0.0363636363636,0.219259259259,11,11,11,1,0,0.0909090909091,0.636363636364,0.272727272727,-1,-0.00909090909091,2.95377066116,-0.181818181818,-0.1,-0.125,0.00537215986117,0.0260089675122,0.00813397129187,-0.263214382509,-0.118584030456,-0.0684210526316,-0.26126525272,-0.0951006644889,-0.0291866028708,1.09206784419,0.0110537768992,3.95454545455,2.95377066116,1.09206784419,3.95454545455,-0.0666666666667,-0.0666666666667,-2,-0.0121212121212,-0.0362962962963,0,0,0,18,1,2,89,0.9,0.988888888889,0.0111111111111,0.1,0.947368421053,0.9,0.923076923077,0.906956031802,0.888888888889,0.857142857143,6,7,0,0,0,0
2252,WLNM_dir_neg,0.836734693878,0.590517815518,00:00:01,10,60,1,1176529750,threshold_sweep,0.2,0.833333333333,0.714285714286,0.769230769231,5,1,2,13,0.714285714286,0.928571428571,0.0714285714286,0.285714285714,0.833333333333,0.714285714286,0.769230769231,0.857142857143,0.571428571429,0.666666666667,0.67082039325,0.642857142857,20,13,7,0,20,0,13,0,7,11,20,0.181818181818,3.04338842975,3.63636363636,2,2.5,1.68954001271,0.464623503495,0.245454545455,1.16774841624,0.642261628933,0.336363636364,1.94000937205,1.06700515463,0.536363636364,1.05689877454,0.347276990411,3.54545454545,3.04338842975,1.05689877454,3.54545454545,0.499047619048,0.4,8,0.0484848484848,0.255555555556,11,11,11,1,0,0.0909090909091,0.636363636364,0.272727272727,11,0.118181818182,3.72727272727,2.36363636364,1.3,1.625,1.43336856898,0.6064251638,0.286713286713,0.603022689156,0.510249967747,0.237762237762,1.40129809949,1.18571377649,0.503496503497,2.05382127221,0.551025219373,7,3.72727272727,2.05382127221,7,0,0,0,0,0.22962962963,11,11,11,1,0,0.0909090909091,0.636363636364,0.272727272727,11,19,0.172727272727,5.99715909091,3.45454545455,1.9,2.375,1.69491217257,0.490632471007,0.253588516746,0.904534033733,0.523677598477,0.267942583732,1.67874411933,0.971904490138,0.507177033493,2.14896661873,0.35833076731,7.5,5.99715909091,2.14896661873,7.5,0.432380952381,0.333333333333,6,0.0363636363636,0.219259259259,11,11,11,1,0,0.0909090909091,0.636363636364,0.272727272727,-1,-0.00909090909091,2.95377066116,-0.181818181818,-0.1,-0.125,0.00537215986117,0.0260089675122,0.00813397129187,-0.263214382509,-0.118584030456,-0.0684210526316,-0.26126525272,-0.0951006644889,-0.0291866028708,1.09206784419,0.0110537768992,3.95454545455,2.95377066116,1.09206784419,3.95454545455,-0.0666666666667,-0.0666666666667,-2,-0.0121212121212,-0.0362962962963,0,0,0,18,1,2,89,0.9,0.988888888889,0.0111111111111,0.1,0.947368421053,0.9,0.923076923077,0.906956031802,0.888888888889,0.857142857143,6,7,0,0,0,0
2253,WLNM_dir_neg,0.836734693878,0.590517815518,00:00:01,10,60,1,1176529750,threshold_sweep,0.3,0.833333333333,0.714285714286,0.769230769231,5,1,2,13,0.714285714286,0.928571428571,0.0714285714286,0.285714285714,0.833333333333,0.714285714286,0.769230769231,0.857142857143,0.571428571429,0.666666666667,0.67082039325,0.642857142857,20,13,7,0,20,0,13,0,7,11,20,0.181818181818,3.04338842975,3.63636363636,2,2.5,1.68954001271,0.464623503495,0.245454545455,1.16774841624,0.642261628933,0.336363636364,1.94000937205,1.06700515463,0.536363636364,1.05689877454,0.347276990411,3.54545454545,3.04338842975,1.05689877454,3.54545454545,0.499047619048,0.4,8,0.0484848484848,0.255555555556,11,11,11,1,0,0.0909090909091,0.636363636364,0.272727272727,11,0.118181818182,3.72727272727,2.36363636364,1.3,1.625,1.43336856898,0.6064251638,0.286713286713,0.603022689156,0.510249967747,0.237762237762,1.40129809949,1.18571377649,0.503496503497,2.05382127221,0.551025219373,7,3.72727272727,2.05382127221,7,0,0,0,0,0.22962962963,11,11,11,1,0,0.0909090909091,0.636363636364,0.272727272727,11,19,0.172727272727,5.99715909091,3.45454545455,1.9,2.375,1.69491217257,0.490632471007,0.253588516746,0.904534033733,0.523677598477,0.267942583732,1.67874411933,0.971904490138,0.507177033493,2.14896661873,0.35833076731,7.5,5.99715909091,2.14896661873,7.5,0.432380952381,0.333333333333,6,0.0363636363636,0.219259259259,11,11,11,1,0,0.0909090909091,0.636363636364,0.272727272727,-1,-0.00909090909091,2.95377066116,-0.181818181818,-0.1,-0.125,0.00537215986117,0.0260089675122,0.00813397129187,-0.263214382509,-0.118584030456,-0.0684210526316,-0.26126525272,-0.0951006644889,-0.0291866028708,1.09206784419,0.0110537768992,3.95454545455,2.95377066116,1.09206784419,3.95454545455,-0.0666666666667,-0.0666666666667,-2,-0.0121212121212,-0.0362962962963,0,0,0,18,1,2,89,0.9,0.988888888889,0.0111111111111,0.1,0.947368421053,0.9,0.923076923077,0.906956031802,0.888888888889,0.857142857143,6,7,0,0,0,0
2254,WLNM_dir_neg,0.836734693878,0.590517815518,00:00:01,10,60,1,1176529750,threshold_sweep,0.4,0.833333333333,0.714285714286,0.769230769231,5,1,2,13,0.714285714286,0.928571428571,0.0714285714286,0.285714285714,0.833333333333,0.714285714286,0.769230769231,0.857142857143,0.571428571429,0.666666666667,0.67082039325,0.642857142857,20,13,7,0,20,0,13,0,7,11,20,0.181818181818,3.04338842975,3.63636363636,2,2.5,1.68954001271,0.464623503495,0.245454545455,1.16774841624,0.642261628933,0.336363636364,1.94000937205,1.06700515463,0.536363636364,1.05689877454,0.347276990411,3.54545454545,3.04338842975,1.05689877454,3.54545454545,0.499047619048,0.4,8,0.0484848484848,0.255555555556,11,11,11,1,0,0.0909090909091,0.636363636364,0.272727272727,11,0.118181818182,3.72727272727,2.36363636364,1.3,1.625,1.43336856898,0.6064251638,0.286713286713,0.603022689156,0.510249967747,0.237762237762,1.40129809949,1.18571377649,0.503496503497,2.05382127221,0.551025219373,7,3.72727272727,2.05382127221,7,0,0,0,0,0.22962962963,11,11,11,1,0,0.0909090909091,0.636363636364,0.272727272727,11,19,0.172727272727,5.99715909091,3.45454545455,1.9,2.375,1.69491217257,0.490632471007,0.253588516746,0.904534033733,0.523677598477,0.267942583732,1.67874411933,0.971904490138,0.507177033493,2.14896661873,0.35833076731,7.5,5.99715909091,2.14896661873,7.5,0.432380952381,0.333333333333,6,0.0363636363636,0.219259259259,11,11,11,1,0,0.0909090909091,0.636363636364,0.272727272727,-1,-0.00909090909091,2.95377066116,-0.181818181818,-0.1,-0.125,0.00537215986117,0.0260089675122,0.00813397129187,-0.263214382509,-0.118584030456,-0.0684210526316,-0.26126525272,-0.0951006644889,-0.0291866028708,1.09206784419,0.0110537768992,3.95454545455,2.95377066116,1.09206784419,3.95454545455,-0.0666666666667,-0.0666666666667,-2,-0.0121212121212,-0.0362962962963,0,0,0,18,1,2,89,0.9,0.988888888889,0.0111111111111,0.1,0.947368421053,0.9,0.923076923077,0.906956031802,0.888888888889,0.857142857143,6,7,0,0,0,0
2255,WLNM_dir_neg,0.836734693878,0.590517815518,00:00:01,10,60,1,1176529750,threshold_sweep,0.5,0.833333333333,0.714285714286,0.769230769231,5,1,2,13,0.714285714286,0.928571428571,0.0714285714286,0.285714285714,0.833333333333,0.714285714286,0.769230769231,0.857142857143,0.571428571429,0.666666666667,0.67082039325,0.642857142857,20,13,7,0,20,0,13,0,7,11,20,0.181818181818,3.04338842975,3.63636363636,2,2.5,1.68954001271,0.464623503495,0.245454545455,1.16774841624,0.642261628933,0.336363636364,1.94000937205,1.06700515463,0.536363636364,1.05689877454,0.347276990411,3.54545454545,3.04338842975,1.05689877454,3.54545454545,0.499047619048,0.4,8,0.0484848484848,0.255555555556,11,11,11,1,0,0.0909090909091,0.636363636364,0.272727272727,11,0.118181818182,3.72727272727,2.36363636364,1.3,1.625,1.43336856898,0.6064251638,0.286713286713,0.603022689156,0.510249967747,0.237762237762,1.40129809949,1.18571377649,0.503496503497,2.05382127221,0.551025219373,7,3.72727272727,2.05382127221,7,0,0,0,0,0.22962962963,11,11,11,1,0,0.0909090909091,0.636363636364,0.272727272727,11,19,0.172727272727,5.99715909091,3.45454545455,1.9,2.375,1.69491217257,0.490632471007,0.253588516746,0.904534033733,0.523677598477,0.267942583732,1.67874411933,0.971904490138,0.507177033493,2.14896661873,0.35833076731,7.5,5.99715909091,2.14896661873,7.5,0.432380952381,0.333333333333,6,0.0363636363636,0.219259259259,11,11,11,1,0,0.0909090909091,0.636363636364,0.272727272727,-1,-0.00909090909091,2.95377066116,-0.181818181818,-0.1,-0.125,0.00537215986117,0.0260089675122,0.00813397129187,-0.263214382509,-0.118584030456,-0.0684210526316,-0.26126525272,-0.0951006644889,-0.0291866028708,1.09206784419,0.0110537768992,3.95454545455,2.95377066116,1.09206784419,3.95454545455,-0.0666666666667,-0.0666666666667,-2,-0.0121212121212,-0.0362962962963,0,0,0,18,1,2,89,0.9,0.988888888889,0.0111111111111,0.1,0.947368421053,0.9,0.923076923077,0.906956031802,0.888888888889,0.857142857143,6,7,0,0,0,0
2256,WLNM_dir_neg,0.836734693878,0.590517815518,00:00:01,10,60,1,1176529750,threshold_sweep,0.6,0.833333333333,0.714285714286,0.769230769231,5,1,2,13,0.714285714286,0.928571428571,0.0714285714286,0.285714285714,0.833333333333,0.714285714286,0.769230769231,0.857142857143,0.571428571429,0.666666666667,0.67082039325,0.642857142857,20,13,7,0,20,0,13,0,7,11,20,0.181818181818,3.04338842975,3.63636363636,2,2.5,1.68954001271,0.464623503495,0.245454545455,1.16774841624,0.642261628933,0.336363636364,1.94000937205,1.06700515463,0.536363636364,1.05689877454,0.347276990411,3.54545454545,3.04338842975,1.05689877454,3.54545454545,0.499047619048,0.4,8,0.0484848484848,0.255555555556,11,11,11,1,0,0.0909090909091,0.636363636364,0.272727272727,11,0.118181818182,3.72727272727,2.36363636364,1.3,1.625,1.43336856898,0.6064251638,0.286713286713,0.603022689156,0.510249967747,0.237762237762,1.40129809949,1.18571377649,0.503496503497,2.05382127221,0.551025219373,7,3.72727272727,2.05382127221,7,0,0,0,0,0.22962962963,11,11,11,1,0,0.0909090909091,0.636363636364,0.272727272727,11,19,0.172727272727,5.99715909091,3.45454545455,1.9,2.375,1.69491217257,0.490632471007,0.253588516746,0.904534033733,0.523677598477,0.267942583732,1.67874411933,0.971904490138,0.507177033493,2.14896661873,0.35833076731,7.5,5.99715909091,2.14896661873,7.5,0.432380952381,0.333333333333,6,0.0363636363636,0.219259259259,11,11,11,1,0,0.0909090909091,0.636363636364,0.272727272727,-1,-0.00909090909091,2.95377066116,-0.181818181818,-0.1,-0.125,0.00537215986117,0.0260089675122,0.00813397129187,-0.263214382509,-0.118584030456,-0.0684210526316,-0.26126525272,-0.0951006644889,-0.0291866028708,1.09206784419,0.0110537768992,3.95454545455,2.95377066116,1.09206784419,3.95454545455,-0.0666666666667,-0.0666666666667,-2,-0.0121212121212,-0.0362962962963,0,0,0,18,1,2,89,0.9,0.988888888889,0.0111111111111,0.1,0.947368421053,0.9,0.923076923077,0.906956031802,0.888888888889,0.857142857143,6,7,0,0,0,0
2257,WLNM_dir_neg,0.836734693878,0.590517815518,00:00:01,10,60,1,1176529750,threshold_sweep,0.7,0.833333333333,0.714285714286,0.769230769231,5,1,2,13,0.714285714286,0.928571428571,0.0714285714286,0.285714285714,0.833333333333,0.714285714286,0.769230769231,0.857142857143,0.571428571429,0.666666666667,0.67082039325,0.642857142857,20,13,7,0,20,0,13,0,7,11,20,0.181818181818,3.04338842975,3.63636363636,2,2.5,1.68954001271,0.464623503495,0.245454545455,1.16774841624,0.642261628933,0.336363636364,1.94000937205,1.06700515463,0.536363636364,1.05689877454,0.347276990411,3.54545454545,3.04338842975,1.05689877454,3.54545454545,0.499047619048,0.4,8,0.0484848484848,0.255555555556,11,11,11,1,0,0.0909090909091,0.636363636364,0.272727272727,11,0.118181818182,3.72727272727,2.36363636364,1.3,1.625,1.43336856898,0.6064251638,0.286713286713,0.603022689156,0.510249967747,0.237762237762,1.40129809949,1.18571377649,0.503496503497,2.05382127221,0.551025219373,7,3.72727272727,2.05382127221,7,0,0,0,0,0.22962962963,11,11,11,1,0,0.0909090909091,0.636363636364,0.272727272727,11,19,0.172727272727,5.99715909091,3.45454545455,1.9,2.375,1.69491217257,0.490632471007,0.253588516746,0.904534033733,0.523677598477,0.267942583732,1.67874411933,0.971904490138,0.507177033493,2.14896661873,0.35833076731,7.5,5.99715909091,2.14896661873,7.5,0.432380952381,0.333333333333,6,0.0363636363636,0.219259259259,11,11,11,1,0,0.0909090909091,0.636363636364,0.272727272727,-1,-0.00909090909091,2.95377066116,-0.181818181818,-0.1,-0.125,0.00537215986117,0.0260089675122,0.00813397129187,-0.263214382509,-0.118584030456,-0.0684210526316,-0.26126525272,-0.0951006644889,-0.0291866028708,1.09206784419,0.0110537768992,3.95454545455,2.95377066116,1.09206784419,3.95454545455,-0.0666666666667,-0.0666666666667,-2,-0.0121212121212,-0.0362962962963,0,0,0,18,1,2,89,0.9,0.988888888889,0.0111111111111,0.1,0.947368421053,0.9,0.923076923077,0.906956031802,0.888888888889,0.857142857143,6,7,0,0,0,0
2258,WLNM_dir_neg,0.836734693878,0.590517815518,00:00:01,10,60,1,1176529750,threshold_sweep,0.8,0.833333333333,0.714285714286,0.769230769231,5,1,2,13,0.714285714286,0.928571428571,0.0714285714286,0.285714285714,0.833333333333,0.714285714286,0.769230769231,0.857142857143,0.571428571429,0.666666666667,0.67082039325,0.642857142857,20,13,7,0,20,0,13,0,7,11,20,0.181818181818,3.04338842975,3.63636363636,2,2.5,1.68954001271,0.464623503495,0.245454545455,1.16774841624,0.642261628933,0.336363636364,1.94000937205,1.06700515463,0.536363636364,1.05689877454,0.347276990411,3.54545454545,3.04338842975,1.05689877454,3.54545454545,0.499047619048,0.4,8,0.0484848484848,0.255555555556,11,11,11,1,0,0.0909090909091,0.636363636364,0.272727272727,11,0.118181818182,3.72727272727,2.36363636364,1.3,1.625,1.43336856898,0.6064251638,0.286713286713,0.603022689156,0.510249967747,0.237762237762,1.40129809949,1.18571377649,0.503496503497,2.05382127221,0.551025219373,7,3.72727272727,2.05382127221,7,0,0,0,0,0.22962962963,11,11,11,1,0,0.0909090909091,0.636363636364,0.272727272727,11,19,0.172727272727,5.99715909091,3.45454545455,1.9,2.375,1.69491217257,0.490632471007,0.253588516746,0.904534033733,0.523677598477,0.267942583732,1.67874411933,0.971904490138,0.507177033493,2.14896661873,0.35833076731,7.5,5.99715909091,2.14896661873,7.5,0.432380952381,0.333333333333,6,0.0363636363636,0.219259259259,11,11,11,1,0,0.0909090909091,0.636363636364,0.272727272727,-1,-0.00909090909091,2.95377066116,-0.181818181818,-0.1,-0.125,0.00537215986117,0.0260089675122,0.00813397129187,-0.263214382509,-0.118584030456,-0.0684210526316,-0.26126525272,-0.0951006644889,-0.0291866028708,1.09206784419,0.0110537768992,3.95454545455,2.95377066116,1.09206784419,3.95454545455,-0.0666666666667,-0.0666666666667,-2,-0.0121212121212,-0.0362962962963,0,0,0,18,1,2,89,0.9,0.988888888889,0.0111111111111,0.1,0.947368421053,0.9,0.923076923077,0.906956031802,0.888888888889,0.857142857143,6,7,0,0,0,0
2259,WLNM_dir_neg,0.836734693878,0.590517815518,00:00:01,10,60,1,1176529750,threshold_sweep,0.9,0.8,0.571428571429,0.666666666667,4,1,3,13,0.571428571429,0.928571428571,0.0714285714286,0.428571428571,0.8,0.571428571429,0.666666666667,0.809523809524,0.587301587302,0.538461538462,0.553398590529,0.5,20,13,7,0,20,0,13,0,7,11,20,0.181818181818,3.04338842975,3.63636363636,2,2.5,1.68954001271,0.464623503495,0.245454545455,1.16774841624,0.642261628933,0.336363636364,1.94000937205,1.06700515463,0.536363636364,1.05689877454,0.347276990411,3.54545454545,3.04338842975,1.05689877454,3.54545454545,0.499047619048,0.4,8,0.0484848484848,0.255555555556,11,11,11,1,0,0.0909090909091,0.636363636364,0.272727272727,11,0.118181818182,3.72727272727,2.36363636364,1.3,1.625,1.43336856898,0.6064251638,0.286713286713,0.603022689156,0.510249967747,0.237762237762,1.40129809949,1.18571377649,0.503496503497,2.05382127221,0.551025219373,7,3.72727272727,2.05382127221,7,0,0,0,0,0.22962962963,11,11,11,1,0,0.0909090909091,0.636363636364,0.272727272727,11,18,0.163636363636,6.2,3.27272727273,1.8,2.25,1.61807966991,0.494413232473,0.242424242424,0.809039834956,0.494413232473,0.242424242424,1.5666989036,0.957427107756,0.494949494949,2.28560714035,0.368646312959,8.2,6.2,2.28560714035,8.2,0.302380952381,0.25,4,0.0242424242424,0.205555555556,11,11,11,1,0,0.0909090909091,0.636363636364,0.272727272727,-2,-0.0181818181818,3.15661157025,-0.363636363636,-0.2,-0.25,-0.0714603427974,0.029789728978,-0.0030303030303,-0.358708581286,-0.14784839646,-0.0939393939394,-0.373310468447,-0.10957804687,-0.0414141414141,1.22870836581,0.0213693225477,4.65454545455,3.15661157025,1.22870836581,4.65454545455,-0.196666666667,-0.15,-4,-0.0242424242424,-0.05,0,0,0,17,1,3,89,0.85,0.988888888889,0.0111111111111,0.15,0.944444444444,0.85,0.894736842105,0.874602125628,0.838888888889,0.809523809524,5,7,0,0,0,0
2260,WLNM_dir_neg,0.785714285714,0.516954474097,00:00:01,10,60,2,1176529751,threshold_sweep,0.1,0.666666666667,0.571428571429,0.615384615385,4,2,3,12,0.571428571429,0.857142857143,0.142857142857,0.428571428571,0.666666666667,0.571428571429,0.615384615385,0.761904761905,0.571428571429,0.444444444444,0.4472135955,0.428571428571,20,13,7,0,20,0,13,0,7,11,20,0.181818181818,3.04338842975,3.63636363636,2,2.5,1.68954001271,0.464623503495,0.245454545455,1.16774841624,0.642261628933,0.336363636364,1.94000937205,1.06700515463,0.536363636364,1.05689877454,0.347276990411,3.54545454545,3.04338842975,1.05689877454,3.54545454545,0.499047619048,0.4,8,0.0484848484848,0.255555555556,11,11,11,1,0,0.0909090909091,0.636363636364,0.272727272727,11,0.118181818182,3.72727272727,2.36363636364,1.3,1.625,1.43336856898,0.6064251638,0.286713286713,0.603022689156,0.510249967747,0.237762237762,1.40129809949,1.18571377649,0.503496503497,2.05382127221,0.551025219373,7,3.72727272727,2.05382127221,7,0,0,0,0,0.22962962963,11,11,11,1,0,0.0909090909091,0.636363636364,0.272727272727,11,19,0.172727272727,6.31594634873,3.45454545455,1.9,2.11111111111,1.50755672289,0.436397998731,0.210526315789,0.904534033733,0.523677598477,0.267942583732,1.48935617573,0.86225883858,0.44019138756,2.30274004447,0.364591451118,7.96721311475,6.31594634873,2.30274004447,7.96721311475,0.414285714286,0.288461538462,5,0.030303030303,0.197037037037,11,11,11,1,0,0.0909090909091,0.727272727273,0.181818181818,-1,-0.00909090909091,3.27255791898,-0.181818181818,-0.1,-0.388888888889,-0.18198328982,-0.0282255047641,-0.0349282296651,-0.263214382509,-0.118584030456,-0.0684210526316,-0.45065319632,-0.204746316047,-0.0961722488038,1.24584126993,0.0173144607066,4.4217585693,3.27255791898,1.24584126993,4.4217585693,-0.0847619047619,-0.111538461538,-3,-0.0181818181818,-0.0585185185185,0,0.0909090909091,-0.0909090909091,17,2,3,88,0.85,0.977777777778,0.0222222222222,0.15,0.894736842105,0.85,0.871794871795,0.844602804616,0.827777777778,0.772727272727,6,7,0,0,0,0
2261,WLNM_dir_neg,0.785714285714,0.516954474097,00:00:01,10,60,2,1176529751,threshold_sweep,0.2,0.666666666667,0.571428571429,0.615384615385,4,2,3,12,0.571428571429,0.857142857143,0.142857142857,0.428571428571,0.666666666667,0.571428571429,0.615384615385,0.761904761905,0.571428571429,0.444444444444,0.4472135955,0.428571428571,20,13,7,0,20,0,13,0,7,11,20,0.181818181818,3.04338842975,3.63636363636,2,2.5,1.68954001271,0.464623503495,0.245454545455,1.16774841624,0.642261628933,0.336363636364,1.94000937205,1.06700515463,0.536363636364,1.05689877454,0.347276990411,3.54545454545,3.04338842975,1.05689877454,3.54545454545,0.499047619048,0.4,8,0.0484848484848,0.255555555556,11,11,11,1,0,0.0909090909091,0.636363636364,0.272727272727,11,0.118181818182,3.72727272727,2.36363636364,1.3,1.625,1.43336856898,0.6064251638,0.286713286713,0.603022689156,0.510249967747,0.237762237762,1.40129809949,1.18571377649,0.503496503497,2.05382127221,0.551025219373,7,3.72727272727,2.05382127221,7,0,0,0,0,0.22962962963,11,11,11,1,0,0.0909090909091,0.636363636364,0.272727272727,11,19,0.172727272727,6.31594634873,3.45454545455,1.9,2.11111111111,1.50755672289,0.436397998731,0.210526315789,0.904534033733,0.523677598477,0.267942583732,1.48935617573,0.86225883858,0.44019138756,2.30274004447,0.364591451118,7.96721311475,6.31594634873,2.30274004447,7.96721311475,0.414285714286,0.288461538462,5,0.030303030303,0.197037037037,11,11,11,1,0,0.0909090909091,0.727272727273,0.181818181818,-1,-0.00909090909091,3.27255791898,-0.181818181818,-0.1,-0.388888888889,-0.18198328982,-0.0282255047641,-0.0349282296651,-0.263214382509,-0.118584030456,-0.0684210526316,-0.45065319632,-0.204746316047,-0.0961722488038,1.24584126993,0.0173144607066,4.4217585693,3.27255791898,1.24584126993,4.4217585693,-0.0847619047619,-0.111538461538,-3,-0.0181818181818,-0.0585185185185,0,0.0909090909091,-0.0909090909091,17,2,3,88,0.85,0.977777777778,0.0222222222222,0.15,0.894736842105,0.85,0.871794871795,0.844602804616,0.827777777778,0.772727272727,6,7,0,0,0,0
2262,WLNM_dir_neg,0.785714285714,0.516954474097,00:00:01,10,60,2,1176529751,threshold_sweep,0.3,0.666666666667,0.571428571429,0.615384615385,4,2,3,12,0.571428571429,0.857142857143,0.142857142857,0.428571428571,0.666666666667,0.571428571429,0.615384615385,0.761904761905,0.571428571429,0.444444444444,0.4472135955,0.428571428571,20,13,7,0,20,0,13,0,7,11,20,0.181818181818,3.04338842975,3.63636363636,2,2.5,1.68954001271,0.464623503495,0.245454545455,1.16774841624,0.642261628933,0.336363636364,1.94000937205,1.06700515463,0.536363636364,1.05689877454,0.347276990411,3.54545454545,3.04338842975,1.05689877454,3.54545454545,0.499047619048,0.4,8,0.0484848484848,0.255555555556,11,11,11,1,0,0.0909090909091,0.636363636364,0.272727272727,11,0.118181818182,3.72727272727,2.36363636364,1.3,1.625,1.43336856898,0.6064251638,0.286713286713,0.603022689156,0.510249967747,0.237762237762,1.40129809949,1.18571377649,0.503496503497,2.05382127221,0.551025219373,7,3.72727272727,2.05382127221,7,0,0,0,0,0.22962962963,11,11,11,1,0,0.0909090909091,0.636363636364,0.272727272727,11,19,0.172727272727,6.31594634873,3.45454545455,1.9,2.11111111111,1.50755672289,0.436397998731,0.210526315789,0.904534033733,0.523677598477,0.267942583732,1.48935617573,0.86225883858,0.44019138756,2.30274004447,0.364591451118,7.96721311475,6.31594634873,2.30274004447,7.96721311475,0.414285714286,0.288461538462,5,0.030303030303,0.197037037037,11,11,11,1,0,0.0909090909091,0.727272727273,0.181818181818,-1,-0.00909090909091,3.27255791898,-0.181818181818,-0.1,-0.388888888889,-0.18198328982,-0.0282255047641,-0.0349282296651,-0.263214382509,-0.118584030456,-0.0684210526316,-0.45065319632,-0.204746316047,-0.0961722488038,1.24584126993,0.0173144607066,4.4217585693,3.27255791898,1.24584126993,4.4217585693,-0.0847619047619,-0.111538461538,-3,-0.0181818181818,-0.0585185185185,0,0.0909090909091,-0.0909090909091,17,2,3,88,0.85,0.977777777778,0.0222222222222,0.15,0.894736842105,0.85,0.871794871795,0.844602804616,0.827777777778,0.772727272727,6,7,0,0,0,0
2263,WLNM_dir_neg,0.785714285714,0.516954474097,00:00:01,10,60,2,1176529751,threshold_sweep,0.4,0.666666666667,0.571428571429,0.615384615385,4,2,3,12,0.571428571429,0.857142857143,0.142857142857,0.428571428571,0.666666666667,0.571428571429,0.615384615385,0.761904761905,0.571428571429,0.444444444444,0.4472135955,0.428571428571,20,13,7,0,20,0,13,0,7,11,20,0.181818181818,3.04338842975,3.63636363636,2,2.5,1.68954001271,0.464623503495,0.245454545455,1.16774841624,0.642261628933,0.336363636364,1.94000937205,1.06700515463,0.536363636364,1.05689877454,0.347276990411,3.54545454545,3.04338842975,1.05689877454,3.54545454545,0.499047619048,0.4,8,0.0484848484848,0.255555555556,11,11,11,1,0,0.0909090909091,0.636363636364,0.272727272727,11,0.118181818182,3.72727272727,2.36363636364,1.3,1.625,1.43336856898,0.6064251638,0.286713286713,0.603022689156,0.510249967747,0.237762237762,1.40129809949,1.18571377649,0.503496503497,2.05382127221,0.551025219373,7,3.72727272727,2.05382127221,7,0,0,0,0,0.22962962963,11,11,11,1,0,0.0909090909091,0.636363636364,0.272727272727,11,19,0.172727272727,6.31594634873,3.45454545455,1.9,2.11111111111,1.50755672289,0.436397998731,0.210526315789,0.904534033733,0.523677598477,0.267942583732,1.48935617573,0.86225883858,0.44019138756,2.30274004447,0.364591451118,7.96721311475,6.31594634873,2.30274004447,7.96721311475,0.414285714286,0.288461538462,5,0.030303030303,0.197037037037,11,11,11,1,0,0.0909090909091,0.727272727273,0.181818181818,-1,-0.00909090909091,3.27255791898,-0.181818181818,-0.1,-0.388888888889,-0.18198328982,-0.0282255047641,-0.0349282296651,-0.263214382509,-0.118584030456,-0.0684210526316,-0.45065319632,-0.204746316047,-0.0961722488038,1.24584126993,0.0173144607066,4.4217585693,3.27255791898,1.24584126993,4.4217585693,-0.0847619047619,-0.111538461538,-3,-0.0181818181818,-0.0585185185185,0,0.0909090909091,-0.0909090909091,17,2,3,88,0.85,0.977777777778,0.0222222222222,0.15,0.894736842105,0.85,0.871794871795,0.844602804616,0.827777777778,0.772727272727,6,7,0,0,0,0
2264,WLNM_dir_neg,0.785714285714,0.516954474097,00:00:01,10,60,2,1176529751,threshold_sweep,0.5,0.666666666667,0.571428571429,0.615384615385,4,2,3,12,0.571428571429,0.857142857143,0.142857142857,0.428571428571,0.666666666667,0.571428571429,0.615384615385,0.761904761905,0.571428571429,0.444444444444,0.4472135955,0.428571428571,20,13,7,0,20,0,13,0,7,11,20,0.181818181818,3.04338842975,3.63636363636,2,2.5,1.68954001271,0.464623503495,0.245454545455,1.16774841624,0.642261628933,0.336363636364,1.94000937205,1.06700515463,0.536363636364,1.05689877454,0.347276990411,3.54545454545,3.04338842975,1.05689877454,3.54545454545,0.499047619048,0.4,8,0.0484848484848,0.255555555556,11,11,11,1,0,0.0909090909091,0.636363636364,0.272727272727,11,0.118181818182,3.72727272727,2.36363636364,1.3,1.625,1.43336856898,0.6064251638,0.286713286713,0.603022689156,0.510249967747,0.237762237762,1.40129809949,1.18571377649,0.503496503497,2.05382127221,0.551025219373,7,3.72727272727,2.05382127221,7,0,0,0,0,0.22962962963,11,11,11,1,0,0.0909090909091,0.636363636364,0.272727272727,11,19,0.172727272727,6.31594634873,3.45454545455,1.9,2.11111111111,1.50755672289,0.436397998731,0.210526315789,0.904534033733,0.523677598477,0.267942583732,1.48935617573,0.86225883858,0.44019138756,2.30274004447,0.364591451118,7.96721311475,6.31594634873,2.30274004447,7.96721311475,0.414285714286,0.288461538462,5,0.030303030303,0.197037037037,11,11,11,1,0,0.0909090909091,0.727272727273,0.181818181818,-1,-0.00909090909091,3.27255791898,-0.181818181818,-0.1,-0.388888888889,-0.18198328982,-0.0282255047641,-0.0349282296651,-0.263214382509,-0.118584030456,-0.0684210526316,-0.45065319632,-0.204746316047,-0.0961722488038,1.24584126993,0.0173144607066,4.4217585693,3.27255791898,1.24584126993,4.4217585693,-0.0847619047619,-0.111538461538,-3,-0.0181818181818,-0.0585185185185,0,0.0909090909091,-0.0909090909091,17,2,3,88,0.85,0.977777777778,0.0222222222222,0.15,0.894736842105,0.85,0.871794871795,0.844602804616,0.827777777778,0.772727272727,6,7,0,0,0,0
2265,WLNM_dir_neg,0.785714285714,0.516954474097,00:00:01,10,60,2,1176529751,threshold_sweep,0.6,0.666666666667,0.571428571429,0.615384615385,4,2,3,12,0.571428571429,0.857142857143,0.142857142857,0.428571428571,0.666666666667,0.571428571429,0.615384615385,0.761904761905,0.571428571429,0.444444444444,0.4472135955,0.428571428571,20,13,7,0,20,0,13,0,7,11,20,0.181818181818,3.04338842975,3.63636363636,2,2.5,1.68954001271,0.464623503495,0.245454545455,1.16774841624,0.642261628933,0.336363636364,1.94000937205,1.06700515463,0.536363636364,1.05689877454,0.347276990411,3.54545454545,3.04338842975,1.05689877454,3.54545454545,0.499047619048,0.4,8,0.0484848484848,0.255555555556,11,11,11,1,0,0.0909090909091,0.636363636364,0.272727272727,11,0.118181818182,3.72727272727,2.36363636364,1.3,1.625,1.43336856898,0.6064251638,0.286713286713,0.603022689156,0.510249967747,0.237762237762,1.40129809949,1.18571377649,0.503496503497,2.05382127221,0.551025219373,7,3.72727272727,2.05382127221,7,0,0,0,0,0.22962962963,11,11,11,1,0,0.0909090909091,0.636363636364,0.272727272727,11,19,0.172727272727,6.31594634873,3.45454545455,1.9,2.11111111111,1.50755672289,0.436397998731,0.210526315789,0.904534033733,0.523677598477,0.267942583732,1.48935617573,0.86225883858,0.44019138756,2.30274004447,0.364591451118,7.96721311475,6.31594634873,2.30274004447,7.96721311475,0.414285714286,0.288461538462,5,0.030303030303,0.197037037037,11,11,11,1,0,0.0909090909091,0.727272727273,0.181818181818,-1,-0.00909090909091,3.27255791898,-0.181818181818,-0.1,-0.388888888889,-0.18198328982,-0.0282255047641,-0.0349282296651,-0.263214382509,-0.118584030456,-0.0684210526316,-0.45065319632,-0.204746316047,-0.0961722488038,1.24584126993,0.0173144607066,4.4217585693,3.27255791898,1.24584126993,4.4217585693,-0.0847619047619,-0.111538461538,-3,-0.0181818181818,-0.0585185185185,0,0.0909090909091,-0.0909090909091,17,2,3,88,0.85,0.977777777778,0.0222222222222,0.15,0.894736842105,0.85,0.871794871795,0.844602804616,0.827777777778,0.772727272727,6,7,0,0,0,0
2266,WLNM_dir_neg,0.785714285714,0.516954474097,00:00:01,10,60,2,1176529751,threshold_sweep,0.7,0.666666666667,0.571428571429,0.615384615385,4,2,3,12,0.571428571429,0.857142857143,0.142857142857,0.428571428571,0.666666666667,0.571428571429,0.615384615385,0.761904761905,0.571428571429,0.444444444444,0.4472135955,0.428571428571,20,13,7,0,20,0,13,0,7,11,20,0.181818181818,3.04338842975,3.63636363636,2,2.5,1.68954001271,0.464623503495,0.245454545455,1.16774841624,0.642261628933,0.336363636364,1.94000937205,1.06700515463,0.536363636364,1.05689877454,0.347276990411,3.54545454545,3.04338842975,1.05689877454,3.54545454545,0.499047619048,0.4,8,0.0484848484848,0.255555555556,11,11,11,1,0,0.0909090909091,0.636363636364,0.272727272727,11,0.118181818182,3.72727272727,2.36363636364,1.3,1.625,1.43336856898,0.6064251638,0.286713286713,0.603022689156,0.510249967747,0.237762237762,1.40129809949,1.18571377649,0.503496503497,2.05382127221,0.551025219373,7,3.72727272727,2.05382127221,7,0,0,0,0,0.22962962963,11,11,11,1,0,0.0909090909091,0.636363636364,0.272727272727,11,19,0.172727272727,6.31594634873,3.45454545455,1.9,2.11111111111,1.50755672289,0.436397998731,0.210526315789,0.904534033733,0.523677598477,0.267942583732,1.48935617573,0.86225883858,0.44019138756,2.30274004447,0.364591451118,7.96721311475,6.31594634873,2.30274004447,7.96721311475,0.414285714286,0.288461538462,5,0.030303030303,0.197037037037,11,11,11,1,0,0.0909090909091,0.727272727273,0.181818181818,-1,-0.00909090909091,3.27255791898,-0.181818181818,-0.1,-0.388888888889,-0.18198328982,-0.0282255047641,-0.0349282296651,-0.263214382509,-0.118584030456,-0.0684210526316,-0.45065319632,-0.204746316047,-0.0961722488038,1.24584126993,0.0173144607066,4.4217585693,3.27255791898,1.24584126993,4.4217585693,-0.0847619047619,-0.111538461538,-3,-0.0181818181818,-0.0585185185185,0,0.0909090909091,-0.0909090909091,17,2,3,88,0.85,0.977777777778,0.0222222222222,0.15,0.894736842105,0.85,0.871794871795,0.844602804616,0.827777777778,0.772727272727,6,7,0,0,0,0
2267,WLNM_dir_neg,0.785714285714,0.516954474097,00:00:01,10,60,2,1176529751,threshold_sweep,0.8,0.6,0.428571428571,0.5,3,2,4,12,0.428571428571,0.857142857143,0.142857142857,0.571428571429,0.6,0.428571428571,0.5,0.714285714286,0.587301587302,0.307692307692,0.316227766017,0.285714285714,20,13,7,0,20,0,13,0,7,11,20,0.181818181818,3.04338842975,3.63636363636,2,2.5,1.68954001271,0.464623503495,0.245454545455,1.16774841624,0.642261628933,0.336363636364,1.94000937205,1.06700515463,0.536363636364,1.05689877454,0.347276990411,3.54545454545,3.04338842975,1.05689877454,3.54545454545,0.499047619048,0.4,8,0.0484848484848,0.255555555556,11,11,11,1,0,0.0909090909091,0.636363636364,0.272727272727,11,0.118181818182,3.72727272727,2.36363636364,1.3,1.625,1.43336856898,0.6064251638,0.286713286713,0.603022689156,0.510249967747,0.237762237762,1.40129809949,1.18571377649,0.503496503497,2.05382127221,0.551025219373,7,3.72727272727,2.05382127221,7,0,0,0,0,0.22962962963,11,11,11,1,0,0.0909090909091,0.636363636364,0.272727272727,11,18,0.163636363636,6.64864864865,3.27272727273,1.8,2,1.48935617573,0.455081053695,0.207070707071,0.809039834956,0.494413232473,0.242424242424,1.43336856898,0.875947458822,0.434343434343,2.50935430364,0.377423208271,8.89189189189,6.64864864865,2.50935430364,8.89189189189,0.364285714286,0.255319148936,4,0.0242424242424,0.188888888889,11,11,11,1,0,0.0909090909091,0.727272727273,0.181818181818,-2,-0.0181818181818,3.6052602189,-0.363636363636,-0.2,-0.5,-0.20018383698,-0.00954244980009,-0.0383838383838,-0.358708581286,-0.14784839646,-0.0939393939394,-0.506640803067,-0.191057695804,-0.10202020202,1.4524555291,0.0301462178593,5.34643734644,3.6052602189,1.4524555291,5.34643734644,-0.134761904762,-0.144680851064,-4,-0.0242424242424,-0.0666666666667,0,0.0909090909091,-0.0909090909091,16,2,4,88,0.8,0.977777777778,0.0222222222222,0.2,0.888888888889,0.8,0.842105263158,0.810889388,0.777777777778,0.727272727273,5,7,0,0,0,0
2268,WLNM_dir_neg,0.785714285714,0.516954474097,00:00:01,10,60,2,1176529751,threshold_sweep,0.9,0.6,0.428571428571,0.5,3,2,4,12,0.428571428571,0.857142857143,0.142857142857,0.571428571429,0.6,0.428571428571,0.5,0.714285714286,0.587301587302,0.307692307692,0.316227766017,0.285714285714,20,13,7,0,20,0,13,0,7,11,20,0.181818181818,3.04338842975,3.63636363636,2,2.5,1.68954001271,0.464623503495,0.245454545455,1.16774841624,0.642261628933,0.336363636364,1.94000937205,1.06700515463,0.536363636364,1.05689877454,0.347276990411,3.54545454545,3.04338842975,1.05689877454,3.54545454545,0.499047619048,0.4,8,0.0484848484848,0.255555555556,11,11,11,1,0,0.0909090909091,0.636363636364,0.272727272727,11,0.118181818182,3.72727272727,2.36363636364,1.3,1.625,1.43336856898,0.6064251638,0.286713286713,0.603022689156,0.510249967747,0.237762237762,1.40129809949,1.18571377649,0.503496503497,2.05382127221,0.551025219373,7,3.72727272727,2.05382127221,7,0,0,0,0,0.22962962963,11,11,11,1,0,0.0909090909091,0.636363636364,0.272727272727,11,18,0.163636363636,6.64864864865,3.27272727273,1.8,2,1.48935617573,0.455081053695,0.207070707071,0.809039834956,0.494413232473,0.242424242424,1.43336856898,0.875947458822,0.434343434343,2.50935430364,0.377423208271,8.89189189189,6.64864864865,2.50935430364,8.89189189189,0.364285714286,0.255319148936,4,0.0242424242424,0.188888888889,11,11,11,1,0,0.0909090909091,0.727272727273,0.181818181818,-2,-0.0181818181818,3.6052602189,-0.363636363636,-0.2,-0.5,-0.20018383698,-0.00954244980009,-0.0383838383838,-0.358708581286,-0.14784839646,-0.0939393939394,-0.506640803067,-0.191057695804,-0.10202020202,1.4524555291,0.0301462178593,5.34643734644,3.6052602189,1.4524555291,5.34643734644,-0.134761904762,-0.144680851064,-4,-0.0242424242424,-0.0666666666667,0,0.0909090909091,-0.0909090909091,16,2,4,88,0.8,0.977777777778,0.0222222222222,0.2,0.888888888889,0.8,0.842105263158,0.810889388,0.777777777778,0.727272727273,5,7,0,0,0,0
2269,WLNM_dir_neg,0.867346938776,0.535574742718,00:00:01,10,60,3,1176529752,threshold_sweep,0.1,0.714285714286,0.714285714286,0.714285714286,5,2,2,12,0.714285714286,0.857142857143,0.142857142857,0.285714285714,0.714285714286,0.714285714286,0.714285714286,0.809523809524,0.555555555556,0.571428571429,0.571428571429,0.571428571429,20,13,7,0,20,0,13,0,7,11,20,0.181818181818,3.04338842975,3.63636363636,2,2.5,1.68954001271,0.464623503495,0.245454545455,1.16774841624,0.642261628933,0.336363636364,1.94000937205,1.06700515463,0.536363636364,1.05689877454,0.347276990411,3.54545454545,3.04338842975,1.05689877454,3.54545454545,0.499047619048,0.4,8,0.0484848484848,0.255555555556,11,11,11,1,0,0.0909090909091,0.636363636364,0.272727272727,11,0.118181818182,3.72727272727,2.36363636364,1.3,1.625,1.43336856898,0.6064251638,0.286713286713,0.603022689156,0.510249967747,0.237762237762,1.40129809949,1.18571377649,0.503496503497,2.05382127221,0.551025219373,7,3.72727272727,2.05382127221,7,0,0,0,0,0.22962962963,11,11,11,1,0,0.0909090909091,0.636363636364,0.272727272727,11,20,0.181818181818,4.9696969697,3.63636363636,2,2,1.68954001271,0.464623503495,0.213636363636,0.981649817214,0.539907399468,0.281818181818,1.53741222957,0.845576726264,0.409090909091,1.7624646282,0.354642272748,6.20833333333,4.9696969697,1.7624646282,6.20833333333,0.366666666667,0.266666666667,4,0.0242424242424,0.21,11,11,11,1,0,0.0909090909091,0.818181818182,0.0909090909091,0,0,1.92630853994,0,0,-0.5,0,0,-0.0318181818182,-0.186098599028,-0.102354229466,-0.0545454545455,-0.402597142477,-0.221428428362,-0.127272727273,0.705565853663,0.00736528233626,2.66287878788,1.92630853994,0.705565853663,2.66287878788,-0.132380952381,-0.133333333333,-4,-0.0242424242424,-0.0455555555556,0,0.181818181818,-0.181818181818,18,2,2,88,0.9,0.977777777778,0.0222222222222,0.1,0.9,0.9,0.9,0.877777777778,0.877777777778,0.818181818182,7,7,0,0,0,0
2270,WLNM_dir_neg,0.867346938776,0.535574742718,00:00:01,10,60,3,1176529752,threshold_sweep,0.2,0.714285714286,0.714285714286,0.714285714286,5,2,2,12,0.714285714286,0.857142857143,0.142857142857,0.285714285714,0.714285714286,0.714285714286,0.714285714286,0.809523809524,0.555555555556,0.571428571429,0.571428571429,0.571428571429,20,13,7,0,20,0,13,0,7,11,20,0.181818181818,3.04338842975,3.63636363636,2,2.5,1.68954001271,0.464623503495,0.245454545455,1.16774841624,0.642261628933,0.336363636364,1.94000937205,1.06700515463,0.536363636364,1.05689877454,0.347276990411,3.54545454545,3.04338842975,1.05689877454,3.54545454545,0.499047619048,0.4,8,0.0484848484848,0.255555555556,11,11,11,1,0,0.0909090909091,0.636363636364,0.272727272727,11,0.118181818182,3.72727272727,2.36363636364,1.3,1.625,1.43336856898,0.6064251638,0.286713286713,0.603022689156,0.510249967747,0.237762237762,1.40129809949,1.18571377649,0.503496503497,2.05382127221,0.551025219373,7,3.72727272727,2.05382127221,7,0,0,0,0,0.22962962963,11,11,11,1,0,0.0909090909091,0.636363636364,0.272727272727,11,20,0.181818181818,4.9696969697,3.63636363636,2,2,1.68954001271,0.464623503495,0.213636363636,0.981649817214,0.539907399468,0.281818181818,1.53741222957,0.845576726264,0.409090909091,1.7624646282,0.354642272748,6.20833333333,4.9696969697,1.7624646282,6.20833333333,0.366666666667,0.266666666667,4,0.0242424242424,0.21,11,11,11,1,0,0.0909090909091,0.818181818182,0.0909090909091,0,0,1.92630853994,0,0,-0.5,0,0,-0.0318181818182,-0.186098599028,-0.102354229466,-0.0545454545455,-0.402597142477,-0.221428428362,-0.127272727273,0.705565853663,0.00736528233626,2.66287878788,1.92630853994,0.705565853663,2.66287878788,-0.132380952381,-0.133333333333,-4,-0.0242424242424,-0.0455555555556,0,0.181818181818,-0.181818181818,18,2,2,88,0.9,0.977777777778,0.0222222222222,0.1,0.9,0.9,0.9,0.877777777778,0.877777777778,0.818181818182,7,7,0,0,0,0
2271,WLNM_dir_neg,0.867346938776,0.535574742718,00:00:01,10,60,3,1176529752,threshold_sweep,0.3,0.714285714286,0.714285714286,0.714285714286,5,2,2,12,0.714285714286,0.857142857143,0.142857142857,0.285714285714,0.714285714286,0.714285714286,0.714285714286,0.809523809524,0.555555555556,0.571428571429,0.571428571429,0.571428571429,20,13,7,0,20,0,13,0,7,11,20,0.181818181818,3.04338842975,3.63636363636,2,2.5,1.68954001271,0.464623503495,0.245454545455,1.16774841624,0.642261628933,0.336363636364,1.94000937205,1.06700515463,0.536363636364,1.05689877454,0.347276990411,3.54545454545,3.04338842975,1.05689877454,3.54545454545,0.499047619048,0.4,8,0.0484848484848,0.255555555556,11,11,11,1,0,0.0909090909091,0.636363636364,0.272727272727,11,0.118181818182,3.72727272727,2.36363636364,1.3,1.625,1.43336856898,0.6064251638,0.286713286713,0.603022689156,0.510249967747,0.237762237762,1.40129809949,1.18571377649,0.503496503497,2.05382127221,0.551025219373,7,3.72727272727,2.05382127221,7,0,0,0,0,0.22962962963,11,11,11,1,0,0.0909090909091,0.636363636364,0.272727272727,11,20,0.181818181818,4.9696969697,3.63636363636,2,2,1.68954001271,0.464623503495,0.213636363636,0.981649817214,0.539907399468,0.281818181818,1.53741222957,0.845576726264,0.409090909091,1.7624646282,0.354642272748,6.20833333333,4.9696969697,1.7624646282,6.20833333333,0.366666666667,0.266666666667,4,0.0242424242424,0.21,11,11,11,1,0,0.0909090909091,0.818181818182,0.0909090909091,0,0,1.92630853994,0,0,-0.5,0,0,-0.0318181818182,-0.186098599028,-0.102354229466,-0.0545454545455,-0.402597142477,-0.221428428362,-0.127272727273,0.705565853663,0.00736528233626,2.66287878788,1.92630853994,0.705565853663,2.66287878788,-0.132380952381,-0.133333333333,-4,-0.0242424242424,-0.0455555555556,0,0.181818181818,-0.181818181818,18,2,2,88,0.9,0.977777777778,0.0222222222222,0.1,0.9,0.9,0.9,0.877777777778,0.877777777778,0.818181818182,7,7,0,0,0,0
2272,WLNM_dir_neg,0.867346938776,0.535574742718,00:00:01,10,60,3,1176529752,threshold_sweep,0.4,0.714285714286,0.714285714286,0.714285714286,5,2,2,12,0.714285714286,0.857142857143,0.142857142857,0.285714285714,0.714285714286,0.714285714286,0.714285714286,0.809523809524,0.555555555556,0.571428571429,0.571428571429,0.571428571429,20,13,7,0,20,0,13,0,7,11,20,0.181818181818,3.04338842975,3.63636363636,2,2.5,1.68954001271,0.464623503495,0.245454545455,1.16774841624,0.642261628933,0.336363636364,1.94000937205,1.06700515463,0.536363636364,1.05689877454,0.347276990411,3.54545454545,3.04338842975,1.05689877454,3.54545454545,0.499047619048,0.4,8,0.0484848484848,0.255555555556,11,11,11,1,0,0.0909090909091,0.636363636364,0.272727272727,11,0.118181818182,3.72727272727,2.36363636364,1.3,1.625,1.43336856898,0.6064251638,0.286713286713,0.603022689156,0.510249967747,0.237762237762,1.40129809949,1.18571377649,0.503496503497,2.05382127221,0.551025219373,7,3.72727272727,2.05382127221,7,0,0,0,0,0.22962962963,11,11,11,1,0,0.0909090909091,0.636363636364,0.272727272727,11,20,0.181818181818,4.9696969697,3.63636363636,2,2,1.68954001271,0.464623503495,0.213636363636,0.981649817214,0.539907399468,0.281818181818,1.53741222957,0.845576726264,0.409090909091,1.7624646282,0.354642272748,6.20833333333,4.9696969697,1.7624646282,6.20833333333,0.366666666667,0.266666666667,4,0.0242424242424,0.21,11,11,11,1,0,0.0909090909091,0.818181818182,0.0909090909091,0,0,1.92630853994,0,0,-0.5,0,0,-0.0318181818182,-0.186098599028,-0.102354229466,-0.0545454545455,-0.402597142477,-0.221428428362,-0.127272727273,0.705565853663,0.00736528233626,2.66287878788,1.92630853994,0.705565853663,2.66287878788,-0.132380952381,-0.133333333333,-4,-0.0242424242424,-0.0455555555556,0,0.181818181818,-0.181818181818,18,2,2,88,0.9,0.977777777778,0.0222222222222,0.1,0.9,0.9,0.9,0.877777777778,0.877777777778,0.818181818182,7,7,0,0,0,0
2273,WLNM_dir_neg,0.867346938776,0.535574742718,00:00:01,10,60,3,1176529752,threshold_sweep,0.5,0.714285714286,0.714285714286,0.714285714286,5,2,2,12,0.714285714286,0.857142857143,0.142857142857,0.285714285714,0.714285714286,0.714285714286,0.714285714286,0.809523809524,0.555555555556,0.571428571429,0.571428571429,0.571428571429,20,13,7,0,20,0,13,0,7,11,20,0.181818181818,3.04338842975,3.63636363636,2,2.5,1.68954001271,0.464623503495,0.245454545455,1.16774841624,0.642261628933,0.336363636364,1.94000937205,1.06700515463,0.536363636364,1.05689877454,0.347276990411,3.54545454545,3.04338842975,1.05689877454,3.54545454545,0.499047619048,0.4,8,0.0484848484848,0.255555555556,11,11,11,1,0,0.0909090909091,0.636363636364,0.272727272727,11,0.118181818182,3.72727272727,2.36363636364,1.3,1.625,1.43336856898,0.6064251638,0.286713286713,0.603022689156,0.510249967747,0.237762237762,1.40129809949,1.18571377649,0.503496503497,2.05382127221,0.551025219373,7,3.72727272727,2.05382127221,7,0,0,0,0,0.22962962963,11,11,11,1,0,0.0909090909091,0.636363636364,0.272727272727,11,20,0.181818181818,4.9696969697,3.63636363636,2,2,1.68954001271,0.464623503495,0.213636363636,0.981649817214,0.539907399468,0.281818181818,1.53741222957,0.845576726264,0.409090909091,1.7624646282,0.354642272748,6.20833333333,4.9696969697,1.7624646282,6.20833333333,0.366666666667,0.266666666667,4,0.0242424242424,0.21,11,11,11,1,0,0.0909090909091,0.818181818182,0.0909090909091,0,0,1.92630853994,0,0,-0.5,0,0,-0.0318181818182,-0.186098599028,-0.102354229466,-0.0545454545455,-0.402597142477,-0.221428428362,-0.127272727273,0.705565853663,0.00736528233626,2.66287878788,1.92630853994,0.705565853663,2.66287878788,-0.132380952381,-0.133333333333,-4,-0.0242424242424,-0.0455555555556,0,0.181818181818,-0.181818181818,18,2,2,88,0.9,0.977777777778,0.0222222222222,0.1,0.9,0.9,0.9,0.877777777778,0.877777777778,0.818181818182,7,7,0,0,0,0
2274,WLNM_dir_neg,0.867346938776,0.535574742718,00:00:01,10,60,3,1176529752,threshold_sweep,0.6,0.714285714286,0.714285714286,0.714285714286,5,2,2,12,0.714285714286,0.857142857143,0.142857142857,0.285714285714,0.714285714286,0.714285714286,0.714285714286,0.809523809524,0.555555555556,0.571428571429,0.571428571429,0.571428571429,20,13,7,0,20,0,13,0,7,11,20,0.181818181818,3.04338842975,3.63636363636,2,2.5,1.68954001271,0.464623503495,0.245454545455,1.16774841624,0.642261628933,0.336363636364,1.94000937205,1.06700515463,0.536363636364,1.05689877454,0.347276990411,3.54545454545,3.04338842975,1.05689877454,3.54545454545,0.499047619048,0.4,8,0.0484848484848,0.255555555556,11,11,11,1,0,0.0909090909091,0.636363636364,0.272727272727,11,0.118181818182,3.72727272727,2.36363636364,1.3,1.625,1.43336856898,0.6064251638,0.286713286713,0.603022689156,0.510249967747,0.237762237762,1.40129809949,1.18571377649,0.503496503497,2.05382127221,0.551025219373,7,3.72727272727,2.05382127221,7,0,0,0,0,0.22962962963,11,11,11,1,0,0.0909090909091,0.636363636364,0.272727272727,11,20,0.181818181818,4.9696969697,3.63636363636,2,2,1.68954001271,0.464623503495,0.213636363636,0.981649817214,0.539907399468,0.281818181818,1.53741222957,0.845576726264,0.409090909091,1.7624646282,0.354642272748,6.20833333333,4.9696969697,1.7624646282,6.20833333333,0.366666666667,0.266666666667,4,0.0242424242424,0.21,11,11,11,1,0,0.0909090909091,0.818181818182,0.0909090909091,0,0,1.92630853994,0,0,-0.5,0,0,-0.0318181818182,-0.186098599028,-0.102354229466,-0.0545454545455,-0.402597142477,-0.221428428362,-0.127272727273,0.705565853663,0.00736528233626,2.66287878788,1.92630853994,0.705565853663,2.66287878788,-0.132380952381,-0.133333333333,-4,-0.0242424242424,-0.0455555555556,0,0.181818181818,-0.181818181818,18,2,2,88,0.9,0.977777777778,0.0222222222222,0.1,0.9,0.9,0.9,0.877777777778,0.877777777778,0.818181818182,7,7,0,0,0,0
2275,WLNM_dir_neg,0.867346938776,0.535574742718,00:00:01,10,60,3,1176529752,threshold_sweep,0.7,0.714285714286,0.714285714286,0.714285714286,5,2,2,12,0.714285714286,0.857142857143,0.142857142857,0.285714285714,0.714285714286,0.714285714286,0.714285714286,0.809523809524,0.555555555556,0.571428571429,0.571428571429,0.571428571429,20,13,7,0,20,0,13,0,7,11,20,0.181818181818,3.04338842975,3.63636363636,2,2.5,1.68954001271,0.464623503495,0.245454545455,1.16774841624,0.642261628933,0.336363636364,1.94000937205,1.06700515463,0.536363636364,1.05689877454,0.347276990411,3.54545454545,3.04338842975,1.05689877454,3.54545454545,0.499047619048,0.4,8,0.0484848484848,0.255555555556,11,11,11,1,0,0.0909090909091,0.636363636364,0.272727272727,11,0.118181818182,3.72727272727,2.36363636364,1.3,1.625,1.43336856898,0.6064251638,0.286713286713,0.603022689156,0.510249967747,0.237762237762,1.40129809949,1.18571377649,0.503496503497,2.05382127221,0.551025219373,7,3.72727272727,2.05382127221,7,0,0,0,0,0.22962962963,11,11,11,1,0,0.0909090909091,0.636363636364,0.272727272727,11,20,0.181818181818,4.9696969697,3.63636363636,2,2,1.68954001271,0.464623503495,0.213636363636,0.981649817214,0.539907399468,0.281818181818,1.53741222957,0.845576726264,0.409090909091,1.7624646282,0.354642272748,6.20833333333,4.9696969697,1.7624646282,6.20833333333,0.366666666667,0.266666666667,4,0.0242424242424,0.21,11,11,11,1,0,0.0909090909091,0.818181818182,0.0909090909091,0,0,1.92630853994,0,0,-0.5,0,0,-0.0318181818182,-0.186098599028,-0.102354229466,-0.0545454545455,-0.402597142477,-0.221428428362,-0.127272727273,0.705565853663,0.00736528233626,2.66287878788,1.92630853994,0.705565853663,2.66287878788,-0.132380952381,-0.133333333333,-4,-0.0242424242424,-0.0455555555556,0,0.181818181818,-0.181818181818,18,2,2,88,0.9,0.977777777778,0.0222222222222,0.1,0.9,0.9,0.9,0.877777777778,0.877777777778,0.818181818182,7,7,0,0,0,0
2276,WLNM_dir_neg,0.867346938776,0.535574742718,00:00:01,10,60,3,1176529752,threshold_sweep,0.8,0.666666666667,0.571428571429,0.615384615385,4,2,3,12,0.571428571429,0.857142857143,0.142857142857,0.428571428571,0.666666666667,0.571428571429,0.615384615385,0.761904761905,0.571428571429,0.444444444444,0.4472135955,0.428571428571,20,13,7,0,20,0,13,0,7,11,20,0.181818181818,3.04338842975,3.63636363636,2,2.5,1.68954001271,0.464623503495,0.245454545455,1.16774841624,0.642261628933,0.336363636364,1.94000937205,1.06700515463,0.536363636364,1.05689877454,0.347276990411,3.54545454545,3.04338842975,1.05689877454,3.54545454545,0.499047619048,0.4,8,0.0484848484848,0.255555555556,11,11,11,1,0,0.0909090909091,0.636363636364,0.272727272727,11,0.118181818182,3.72727272727,2.36363636364,1.3,1.625,1.43336856898,0.6064251638,0.286713286713,0.603022689156,0.510249967747,0.237762237762,1.40129809949,1.18571377649,0.503496503497,2.05382127221,0.551025219373,7,3.72727272727,2.05382127221,7,0,0,0,0,0.22962962963,11,11,11,1,0,0.0909090909091,0.636363636364,0.272727272727,11,19,0.172727272727,5.01515151515,3.45454545455,1.9,1.9,1.63484778274,0.473245410793,0.196172248804,0.904534033733,0.523677598477,0.267942583732,1.42062726223,0.822468414973,0.392344497608,1.82338900807,0.36357605599,6.33333333333,5.01515151515,1.82338900807,6.33333333333,0.296666666667,0.230769230769,3,0.0181818181818,0.192592592593,11,11,11,1,0,0.0909090909091,0.818181818182,0.0909090909091,-1,-0.00909090909091,1.9717630854,-0.181818181818,-0.1,-0.6,-0.05469222997,0.00862190729789,-0.0492822966507,-0.263214382509,-0.118584030456,-0.0684210526316,-0.519382109822,-0.244536739653,-0.144019138756,0.766490233532,0.0162990655783,2.78787878788,1.9717630854,0.766490233532,2.78787878788,-0.202380952381,-0.169230769231,-5,-0.030303030303,-0.062962962963,0,0.181818181818,-0.181818181818,17,2,3,88,0.85,0.977777777778,0.0222222222222,0.15,0.894736842105,0.85,0.871794871795,0.844602804616,0.827777777778,0.772727272727,6,7,0,0,0,0
2277,WLNM_dir_neg,0.867346938776,0.535574742718,00:00:01,10,60,3,1176529752,threshold_sweep,0.9,1,0.571428571429,0.727272727273,4,0,3,14,0.571428571429,1,0,0.428571428571,1,0.571428571429,0.727272727273,0.857142857143,0.603174603175,0.64,0.68599434057,0.571428571429,20,13,7,0,20,0,13,0,7,11,20,0.181818181818,3.04338842975,3.63636363636,2,2.5,1.68954001271,0.464623503495,0.245454545455,1.16774841624,0.642261628933,0.336363636364,1.94000937205,1.06700515463,0.536363636364,1.05689877454,0.347276990411,3.54545454545,3.04338842975,1.05689877454,3.54545454545,0.499047619048,0.4,8,0.0484848484848,0.255555555556,11,11,11,1,0,0.0909090909091,0.636363636364,0.272727272727,11,0.118181818182,3.72727272727,2.36363636364,1.3,1.625,1.43336856898,0.6064251638,0.286713286713,0.603022689156,0.510249967747,0.237762237762,1.40129809949,1.18571377649,0.503496503497,2.05382127221,0.551025219373,7,3.72727272727,2.05382127221,7,0,0,0,0,0.22962962963,11,11,11,1,0,0.0909090909091,0.636363636364,0.272727272727,11,17,0.154545454545,3.15909090909,3.09090909091,1.7,2.125,1.30034960334,0.420701342257,0.208556149733,0.820199532265,0.530717344407,0.267379679144,1.57249078621,1.01749403814,0.513368983957,1.21589847064,0.38488872452,4,3.15909090909,1.21589847064,4,0.296666666667,0.230769230769,3,0.0181818181818,0.203703703704,11,11,11,1,0,0.0909090909091,0.636363636364,0.272727272727,-3,-0.0272727272727,0.115702479339,-0.545454545455,-0.3,-0.375,-0.389190409368,-0.0439221612377,-0.0368983957219,-0.347548883978,-0.111544284527,-0.0689839572193,-0.367518585835,-0.0495111164884,-0.0229946524064,0.158999696105,0.0376117341084,0.454545454545,0.115702479339,0.158999696105,0.454545454545,-0.202380952381,-0.169230769231,-5,-0.030303030303,-0.0518518518519,0,0,0,17,0,3,90,0.85,1,0,0.15,1,0.85,0.918918918919,0.906962317388,0.85,0.85,4,7,0,0,0,0
2278,WLNM_dir_neg,0.857142857143,0.563068181818,00:00:00,10,60,4,1176529753,threshold_sweep,0.1,1,0.571428571429,0.727272727273,4,0,3,14,0.571428571429,1,0,0.428571428571,1,0.571428571429,0.727272727273,0.857142857143,0.603174603175,0.64,0.68599434057,0.571428571429,20,13,7,0,20,0,13,0,7,11,20,0.181818181818,3.04338842975,3.63636363636,2,2.5,1.68954001271,0.464623503495,0.245454545455,1.16774841624,0.642261628933,0.336363636364,1.94000937205,1.06700515463,0.536363636364,1.05689877454,0.347276990411,3.54545454545,3.04338842975,1.05689877454,3.54545454545,0.499047619048,0.4,8,0.0484848484848,0.255555555556,11,11,11,1,0,0.0909090909091,0.636363636364,0.272727272727,11,0.118181818182,3.72727272727,2.36363636364,1.3,1.625,1.43336856898,0.6064251638,0.286713286713,0.603022689156,0.510249967747,0.237762237762,1.40129809949,1.18571377649,0.503496503497,2.05382127221,0.551025219373,7,3.72727272727,2.05382127221,7,0,0,0,0,0.22962962963,11,11,11,1,0,0.0909090909091,0.636363636364,0.272727272727,11,17,0.154545454545,3.17727272727,3.09090909091,1.7,2.125,1.30034960334,0.420701342257,0.208556149733,0.820199532265,0.530717344407,0.267379679144,1.57249078621,1.01749403814,0.513368983957,1.2536673475,0.394573414091,4.4,3.17727272727,1.2536673475,4.4,0.213333333333,0.153846153846,2,0.0121212121212,0.205555555556,11,11,11,1,0,0.0909090909091,0.636363636364,0.272727272727,-3,-0.0272727272727,0.133884297521,-0.545454545455,-0.3,-0.375,-0.389190409368,-0.0439221612377,-0.0368983957219,-0.347548883978,-0.111544284527,-0.0689839572193,-0.367518585835,-0.0495111164884,-0.0229946524064,0.196768572961,0.0472964236795,0.854545454545,0.133884297521,0.196768572961,0.854545454545,-0.285714285714,-0.246153846154,-6,-0.0363636363636,-0.05,0,0,0,17,0,3,90,0.85,1,0,0.15,1,0.85,0.918918918919,0.906962317388,0.85,0.85,4,7,0,0,0,0
2279,WLNM_dir_neg,0.857142857143,0.563068181818,00:00:00,10,60,4,1176529753,threshold_sweep,0.2,1,0.571428571429,0.727272727273,4,0,3,14,0.571428571429,1,0,0.428571428571,1,0.571428571429,0.727272727273,0.857142857143,0.603174603175,0.64,0.68599434057,0.571428571429,20,13,7,0,20,0,13,0,7,11,20,0.181818181818,3.04338842975,3.63636363636,2,2.5,1.68954001271,0.464623503495,0.245454545455,1.16774841624,0.642261628933,0.336363636364,1.94000937205,1.06700515463,0.536363636364,1.05689877454,0.347276990411,3.54545454545,3.04338842975,1.05689877454,3.54545454545,0.499047619048,0.4,8,0.0484848484848,0.255555555556,11,11,11,1,0,0.0909090909091,0.636363636364,0.272727272727,11,0.118181818182,3.72727272727,2.36363636364,1.3,1.625,1.43336856898,0.6064251638,0.286713286713,0.603022689156,0.510249967747,0.237762237762,1.40129809949,1.18571377649,0.503496503497,2.05382127221,0.551025219373,7,3.72727272727,2.05382127221,7,0,0,0,0,0.22962962963,11,11,11,1,0,0.0909090909091,0.636363636364,0.272727272727,11,17,0.154545454545,3.17727272727,3.09090909091,1.7,2.125,1.30034960334,0.420701342257,0.208556149733,0.820199532265,0.530717344407,0.267379679144,1.57249078621,1.01749403814,0.513368983957,1.2536673475,0.394573414091,4.4,3.17727272727,1.2536673475,4.4,0.213333333333,0.153846153846,2,0.0121212121212,0.205555555556,11,11,11,1,0,0.0909090909091,0.636363636364,0.272727272727,-3,-0.0272727272727,0.133884297521,-0.545454545455,-0.3,-0.375,-0.389190409368,-0.0439221612377,-0.0368983957219,-0.347548883978,-0.111544284527,-0.0689839572193,-0.367518585835,-0.0495111164884,-0.0229946524064,0.196768572961,0.0472964236795,0.854545454545,0.133884297521,0.196768572961,0.854545454545,-0.285714285714,-0.246153846154,-6,-0.0363636363636,-0.05,0,0,0,17,0,3,90,0.85,1,0,0.15,1,0.85,0.918918918919,0.906962317388,0.85,0.85,4,7,0,0,0,0
2280,WLNM_dir_neg,0.857142857143,0.563068181818,00:00:00,10,60,4,1176529753,threshold_sweep,0.3,1,0.571428571429,0.727272727273,4,0,3,14,0.571428571429,1,0,0.428571428571,1,0.571428571429,0.727272727273,0.857142857143,0.603174603175,0.64,0.68599434057,0.571428571429,20,13,7,0,20,0,13,0,7,11,20,0.181818181818,3.04338842975,3.63636363636,2,2.5,1.68954001271,0.464623503495,0.245454545455,1.16774841624,0.642261628933,0.336363636364,1.94000937205,1.06700515463,0.536363636364,1.05689877454,0.347276990411,3.54545454545,3.04338842975,1.05689877454,3.54545454545,0.499047619048,0.4,8,0.0484848484848,0.255555555556,11,11,11,1,0,0.0909090909091,0.636363636364,0.272727272727,11,0.118181818182,3.72727272727,2.36363636364,1.3,1.625,1.43336856898,0.6064251638,0.286713286713,0.603022689156,0.510249967747,0.237762237762,1.40129809949,1.18571377649,0.503496503497,2.05382127221,0.551025219373,7,3.72727272727,2.05382127221,7,0,0,0,0,0.22962962963,11,11,11,1,0,0.0909090909091,0.636363636364,0.272727272727,11,17,0.154545454545,3.17727272727,3.09090909091,1.7,2.125,1.30034960334,0.420701342257,0.208556149733,0.820199532265,0.530717344407,0.267379679144,1.57249078621,1.01749403814,0.513368983957,1.2536673475,0.394573414091,4.4,3.17727272727,1.2536673475,4.4,0.213333333333,0.153846153846,2,0.0121212121212,0.205555555556,11,11,11,1,0,0.0909090909091,0.636363636364,0.272727272727,-3,-0.0272727272727,0.133884297521,-0.545454545455,-0.3,-0.375,-0.389190409368,-0.0439221612377,-0.0368983957219,-0.347548883978,-0.111544284527,-0.0689839572193,-0.367518585835,-0.0495111164884,-0.0229946524064,0.196768572961,0.0472964236795,0.854545454545,0.133884297521,0.196768572961,0.854545454545,-0.285714285714,-0.246153846154,-6,-0.0363636363636,-0.05,0,0,0,17,0,3,90,0.85,1,0,0.15,1,0.85,0.918918918919,0.906962317388,0.85,0.85,4,7,0,0,0,0
2281,WLNM_dir_neg,0.857142857143,0.563068181818,00:00:00,10,60,4,1176529753,threshold_sweep,0.4,1,0.571428571429,0.727272727273,4,0,3,14,0.571428571429,1,0,0.428571428571,1,0.571428571429,0.727272727273,0.857142857143,0.603174603175,0.64,0.68599434057,0.571428571429,20,13,7,0,20,0,13,0,7,11,20,0.181818181818,3.04338842975,3.63636363636,2,2.5,1.68954001271,0.464623503495,0.245454545455,1.16774841624,0.642261628933,0.336363636364,1.94000937205,1.06700515463,0.536363636364,1.05689877454,0.347276990411,3.54545454545,3.04338842975,1.05689877454,3.54545454545,0.499047619048,0.4,8,0.0484848484848,0.255555555556,11,11,11,1,0,0.0909090909091,0.636363636364,0.272727272727,11,0.118181818182,3.72727272727,2.36363636364,1.3,1.625,1.43336856898,0.6064251638,0.286713286713,0.603022689156,0.510249967747,0.237762237762,1.40129809949,1.18571377649,0.503496503497,2.05382127221,0.551025219373,7,3.72727272727,2.05382127221,7,0,0,0,0,0.22962962963,11,11,11,1,0,0.0909090909091,0.636363636364,0.272727272727,11,17,0.154545454545,3.17727272727,3.09090909091,1.7,2.125,1.30034960334,0.420701342257,0.208556149733,0.820199532265,0.530717344407,0.267379679144,1.57249078621,1.01749403814,0.513368983957,1.2536673475,0.394573414091,4.4,3.17727272727,1.2536673475,4.4,0.213333333333,0.153846153846,2,0.0121212121212,0.205555555556,11,11,11,1,0,0.0909090909091,0.636363636364,0.272727272727,-3,-0.0272727272727,0.133884297521,-0.545454545455,-0.3,-0.375,-0.389190409368,-0.0439221612377,-0.0368983957219,-0.347548883978,-0.111544284527,-0.0689839572193,-0.367518585835,-0.0495111164884,-0.0229946524064,0.196768572961,0.0472964236795,0.854545454545,0.133884297521,0.196768572961,0.854545454545,-0.285714285714,-0.246153846154,-6,-0.0363636363636,-0.05,0,0,0,17,0,3,90,0.85,1,0,0.15,1,0.85,0.918918918919,0.906962317388,0.85,0.85,4,7,0,0,0,0
2282,WLNM_dir_neg,0.857142857143,0.563068181818,00:00:00,10,60,4,1176529753,threshold_sweep,0.5,1,0.571428571429,0.727272727273,4,0,3,14,0.571428571429,1,0,0.428571428571,1,0.571428571429,0.727272727273,0.857142857143,0.603174603175,0.64,0.68599434057,0.571428571429,20,13,7,0,20,0,13,0,7,11,20,0.181818181818,3.04338842975,3.63636363636,2,2.5,1.68954001271,0.464623503495,0.245454545455,1.16774841624,0.642261628933,0.336363636364,1.94000937205,1.06700515463,0.536363636364,1.05689877454,0.347276990411,3.54545454545,3.04338842975,1.05689877454,3.54545454545,0.499047619048,0.4,8,0.0484848484848,0.255555555556,11,11,11,1,0,0.0909090909091,0.636363636364,0.272727272727,11,0.118181818182,3.72727272727,2.36363636364,1.3,1.625,1.43336856898,0.6064251638,0.286713286713,0.603022689156,0.510249967747,0.237762237762,1.40129809949,1.18571377649,0.503496503497,2.05382127221,0.551025219373,7,3.72727272727,2.05382127221,7,0,0,0,0,0.22962962963,11,11,11,1,0,0.0909090909091,0.636363636364,0.272727272727,11,17,0.154545454545,3.17727272727,3.09090909091,1.7,2.125,1.30034960334,0.420701342257,0.208556149733,0.820199532265,0.530717344407,0.267379679144,1.57249078621,1.01749403814,0.513368983957,1.2536673475,0.394573414091,4.4,3.17727272727,1.2536673475,4.4,0.213333333333,0.153846153846,2,0.0121212121212,0.205555555556,11,11,11,1,0,0.0909090909091,0.636363636364,0.272727272727,-3,-0.0272727272727,0.133884297521,-0.545454545455,-0.3,-0.375,-0.389190409368,-0.0439221612377,-0.0368983957219,-0.347548883978,-0.111544284527,-0.0689839572193,-0.367518585835,-0.0495111164884,-0.0229946524064,0.196768572961,0.0472964236795,0.854545454545,0.133884297521,0.196768572961,0.854545454545,-0.285714285714,-0.246153846154,-6,-0.0363636363636,-0.05,0,0,0,17,0,3,90,0.85,1,0,0.15,1,0.85,0.918918918919,0.906962317388,0.85,0.85,4,7,0,0,0,0
2283,WLNM_dir_neg,0.857142857143,0.563068181818,00:00:00,10,60,4,1176529753,threshold_sweep,0.6,1,0.571428571429,0.727272727273,4,0,3,14,0.571428571429,1,0,0.428571428571,1,0.571428571429,0.727272727273,0.857142857143,0.603174603175,0.64,0.68599434057,0.571428571429,20,13,7,0,20,0,13,0,7,11,20,0.181818181818,3.04338842975,3.63636363636,2,2.5,1.68954001271,0.464623503495,0.245454545455,1.16774841624,0.642261628933,0.336363636364,1.94000937205,1.06700515463,0.536363636364,1.05689877454,0.347276990411,3.54545454545,3.04338842975,1.05689877454,3.54545454545,0.499047619048,0.4,8,0.0484848484848,0.255555555556,11,11,11,1,0,0.0909090909091,0.636363636364,0.272727272727,11,0.118181818182,3.72727272727,2.36363636364,1.3,1.625,1.43336856898,0.6064251638,0.286713286713,0.603022689156,0.510249967747,0.237762237762,1.40129809949,1.18571377649,0.503496503497,2.05382127221,0.551025219373,7,3.72727272727,2.05382127221,7,0,0,0,0,0.22962962963,11,11,11,1,0,0.0909090909091,0.636363636364,0.272727272727,11,17,0.154545454545,3.17727272727,3.09090909091,1.7,2.125,1.30034960334,0.420701342257,0.208556149733,0.820199532265,0.530717344407,0.267379679144,1.57249078621,1.01749403814,0.513368983957,1.2536673475,0.394573414091,4.4,3.17727272727,1.2536673475,4.4,0.213333333333,0.153846153846,2,0.0121212121212,0.205555555556,11,11,11,1,0,0.0909090909091,0.636363636364,0.272727272727,-3,-0.0272727272727,0.133884297521,-0.545454545455,-0.3,-0.375,-0.389190409368,-0.0439221612377,-0.0368983957219,-0.347548883978,-0.111544284527,-0.0689839572193,-0.367518585835,-0.0495111164884,-0.0229946524064,0.196768572961,0.0472964236795,0.854545454545,0.133884297521,0.196768572961,0.854545454545,-0.285714285714,-0.246153846154,-6,-0.0363636363636,-0.05,0,0,0,17,0,3,90,0.85,1,0,0.15,1,0.85,0.918918918919,0.906962317388,0.85,0.85,4,7,0,0,0,0
2284,WLNM_dir_neg,0.857142857143,0.563068181818,00:00:00,10,60,4,1176529753,threshold_sweep,0.7,1,0.571428571429,0.727272727273,4,0,3,14,0.571428571429,1,0,0.428571428571,1,0.571428571429,0.727272727273,0.857142857143,0.603174603175,0.64,0.68599434057,0.571428571429,20,13,7,0,20,0,13,0,7,11,20,0.181818181818,3.04338842975,3.63636363636,2,2.5,1.68954001271,0.464623503495,0.245454545455,1.16774841624,0.642261628933,0.336363636364,1.94000937205,1.06700515463,0.536363636364,1.05689877454,0.347276990411,3.54545454545,3.04338842975,1.05689877454,3.54545454545,0.499047619048,0.4,8,0.0484848484848,0.255555555556,11,11,11,1,0,0.0909090909091,0.636363636364,0.272727272727,11,0.118181818182,3.72727272727,2.36363636364,1.3,1.625,1.43336856898,0.6064251638,0.286713286713,0.603022689156,0.510249967747,0.237762237762,1.40129809949,1.18571377649,0.503496503497,2.05382127221,0.551025219373,7,3.72727272727,2.05382127221,7,0,0,0,0,0.22962962963,11,11,11,1,0,0.0909090909091,0.636363636364,0.272727272727,11,17,0.154545454545,3.17727272727,3.09090909091,1.7,2.125,1.30034960334,0.420701342257,0.208556149733,0.820199532265,0.530717344407,0.267379679144,1.57249078621,1.01749403814,0.513368983957,1.2536673475,0.394573414091,4.4,3.17727272727,1.2536673475,4.4,0.213333333333,0.153846153846,2,0.0121212121212,0.205555555556,11,11,11,1,0,0.0909090909091,0.636363636364,0.272727272727,-3,-0.0272727272727,0.133884297521,-0.545454545455,-0.3,-0.375,-0.389190409368,-0.0439221612377,-0.0368983957219,-0.347548883978,-0.111544284527,-0.0689839572193,-0.367518585835,-0.0495111164884,-0.0229946524064,0.196768572961,0.0472964236795,0.854545454545,0.133884297521,0.196768572961,0.854545454545,-0.285714285714,-0.246153846154,-6,-0.0363636363636,-0.05,0,0,0,17,0,3,90,0.85,1,0,0.15,1,0.85,0.918918918919,0.906962317388,0.85,0.85,4,7,0,0,0,0
2285,WLNM_dir_neg,0.857142857143,0.563068181818,00:00:00,10,60,4,1176529753,threshold_sweep,0.8,1,0.571428571429,0.727272727273,4,0,3,14,0.571428571429,1,0,0.428571428571,1,0.571428571429,0.727272727273,0.857142857143,0.603174603175,0.64,0.68599434057,0.571428571429,20,13,7,0,20,0,13,0,7,11,20,0.181818181818,3.04338842975,3.63636363636,2,2.5,1.68954001271,0.464623503495,0.245454545455,1.16774841624,0.642261628933,0.336363636364,1.94000937205,1.06700515463,0.536363636364,1.05689877454,0.347276990411,3.54545454545,3.04338842975,1.05689877454,3.54545454545,0.499047619048,0.4,8,0.0484848484848,0.255555555556,11,11,11,1,0,0.0909090909091,0.636363636364,0.272727272727,11,0.118181818182,3.72727272727,2.36363636364,1.3,1.625,1.43336856898,0.6064251638,0.286713286713,0.603022689156,0.510249967747,0.237762237762,1.40129809949,1.18571377649,0.503496503497,2.05382127221,0.551025219373,7,3.72727272727,2.05382127221,7,0,0,0,0,0.22962962963,11,11,11,1,0,0.0909090909091,0.636363636364,0.272727272727,11,17,0.154545454545,3.17727272727,3.09090909091,1.7,2.125,1.30034960334,0.420701342257,0.208556149733,0.820199532265,0.530717344407,0.267379679144,1.57249078621,1.01749403814,0.513368983957,1.2536673475,0.394573414091,4.4,3.17727272727,1.2536673475,4.4,0.213333333333,0.153846153846,2,0.0121212121212,0.205555555556,11,11,11,1,0,0.0909090909091,0.636363636364,0.272727272727,-3,-0.0272727272727,0.133884297521,-0.545454545455,-0.3,-0.375,-0.389190409368,-0.0439221612377,-0.0368983957219,-0.347548883978,-0.111544284527,-0.0689839572193,-0.367518585835,-0.0495111164884,-0.0229946524064,0.196768572961,0.0472964236795,0.854545454545,0.133884297521,0.196768572961,0.854545454545,-0.285714285714,-0.246153846154,-6,-0.0363636363636,-0.05,0,0,0,17,0,3,90,0.85,1,0,0.15,1,0.85,0.918918918919,0.906962317388,0.85,0.85,4,7,0,0,0,0
2286,WLNM_dir_neg,0.857142857143,0.563068181818,00:00:00,10,60,4,1176529753,threshold_sweep,0.9,1,0.571428571429,0.727272727273,4,0,3,14,0.571428571429,1,0,0.428571428571,1,0.571428571429,0.727272727273,0.857142857143,0.603174603175,0.64,0.68599434057,0.571428571429,20,13,7,0,20,0,13,0,7,11,20,0.181818181818,3.04338842975,3.63636363636,2,2.5,1.68954001271,0.464623503495,0.245454545455,1.16774841624,0.642261628933,0.336363636364,1.94000937205,1.06700515463,0.536363636364,1.05689877454,0.347276990411,3.54545454545,3.04338842975,1.05689877454,3.54545454545,0.499047619048,0.4,8,0.0484848484848,0.255555555556,11,11,11,1,0,0.0909090909091,0.636363636364,0.272727272727,11,0.118181818182,3.72727272727,2.36363636364,1.3,1.625,1.43336856898,0.6064251638,0.286713286713,0.603022689156,0.510249967747,0.237762237762,1.40129809949,1.18571377649,0.503496503497,2.05382127221,0.551025219373,7,3.72727272727,2.05382127221,7,0,0,0,0,0.22962962963,11,11,11,1,0,0.0909090909091,0.636363636364,0.272727272727,11,17,0.154545454545,3.17727272727,3.09090909091,1.7,2.125,1.30034960334,0.420701342257,0.208556149733,0.820199532265,0.530717344407,0.267379679144,1.57249078621,1.01749403814,0.513368983957,1.2536673475,0.394573414091,4.4,3.17727272727,1.2536673475,4.4,0.213333333333,0.153846153846,2,0.0121212121212,0.205555555556,11,11,11,1,0,0.0909090909091,0.636363636364,0.272727272727,-3,-0.0272727272727,0.133884297521,-0.545454545455,-0.3,-0.375,-0.389190409368,-0.0439221612377,-0.0368983957219,-0.347548883978,-0.111544284527,-0.0689839572193,-0.367518585835,-0.0495111164884,-0.0229946524064,0.196768572961,0.0472964236795,0.854545454545,0.133884297521,0.196768572961,0.854545454545,-0.285714285714,-0.246153846154,-6,-0.0363636363636,-0.05,0,0,0,17,0,3,90,0.85,1,0,0.15,1,0.85,0.918918918919,0.906962317388,0.85,0.85,4,7,0,0,0,0
2287,WLNM_dir_neg,0.826530612245,0.667788461538,00:00:01,10,60,5,1176529754,threshold_sweep,0.1,1,0.571428571429,0.727272727273,4,0,3,14,0.571428571429,1,0,0.428571428571,1,0.571428571429,0.727272727273,0.857142857143,0.603174603175,0.64,0.68599434057,0.571428571429,20,13,7,0,20,0,13,0,7,11,20,0.181818181818,3.04338842975,3.63636363636,2,2.5,1.68954001271,0.464623503495,0.245454545455,1.16774841624,0.642261628933,0.336363636364,1.94000937205,1.06700515463,0.536363636364,1.05689877454,0.347276990411,3.54545454545,3.04338842975,1.05689877454,3.54545454545,0.499047619048,0.4,8,0.0484848484848,0.255555555556,11,11,11,1,0,0.0909090909091,0.636363636364,0.272727272727,11,0.118181818182,3.72727272727,2.36363636364,1.3,1.625,1.43336856898,0.6064251638,0.286713286713,0.603022689156,0.510249967747,0.237762237762,1.40129809949,1.18571377649,0.503496503497,2.05382127221,0.551025219373,7,3.72727272727,2.05382127221,7,0,0,0,0,0.22962962963,11,11,11,1,0,0.0909090909091,0.636363636364,0.272727272727,11,17,0.154545454545,3.17727272727,3.09090909091,1.7,2.125,1.30034960334,0.420701342257,0.208556149733,0.820199532265,0.530717344407,0.267379679144,1.57249078621,1.01749403814,0.513368983957,1.2536673475,0.394573414091,4.4,3.17727272727,1.2536673475,4.4,0.213333333333,0.153846153846,2,0.0121212121212,0.205555555556,11,11,11,1,0,0.0909090909091,0.636363636364,0.272727272727,-3,-0.0272727272727,0.133884297521,-0.545454545455,-0.3,-0.375,-0.389190409368,-0.0439221612377,-0.0368983957219,-0.347548883978,-0.111544284527,-0.0689839572193,-0.367518585835,-0.0495111164884,-0.0229946524064,0.196768572961,0.0472964236795,0.854545454545,0.133884297521,0.196768572961,0.854545454545,-0.285714285714,-0.246153846154,-6,-0.0363636363636,-0.05,0,0,0,17,0,3,90,0.85,1,0,0.15,1,0.85,0.918918918919,0.906962317388,0.85,0.85,4,7,0,0,0,0
2288,WLNM_dir_neg,0.826530612245,0.667788461538,00:00:01,10,60,5,1176529754,threshold_sweep,0.2,1,0.571428571429,0.727272727273,4,0,3,14,0.571428571429,1,0,0.428571428571,1,0.571428571429,0.727272727273,0.857142857143,0.603174603175,0.64,0.68599434057,0.571428571429,20,13,7,0,20,0,13,0,7,11,20,0.181818181818,3.04338842975,3.63636363636,2,2.5,1.68954001271,0.464623503495,0.245454545455,1.16774841624,0.642261628933,0.336363636364,1.94000937205,1.06700515463,0.536363636364,1.05689877454,0.347276990411,3.54545454545,3.04338842975,1.05689877454,3.54545454545,0.499047619048,0.4,8,0.0484848484848,0.255555555556,11,11,11,1,0,0.0909090909091,0.636363636364,0.272727272727,11,0.118181818182,3.72727272727,2.36363636364,1.3,1.625,1.43336856898,0.6064251638,0.286713286713,0.603022689156,0.510249967747,0.237762237762,1.40129809949,1.18571377649,0.503496503497,2.05382127221,0.551025219373,7,3.72727272727,2.05382127221,7,0,0,0,0,0.22962962963,11,11,11,1,0,0.0909090909091,0.636363636364,0.272727272727,11,17,0.154545454545,3.17727272727,3.09090909091,1.7,2.125,1.30034960334,0.420701342257,0.208556149733,0.820199532265,0.530717344407,0.267379679144,1.57249078621,1.01749403814,0.513368983957,1.2536673475,0.394573414091,4.4,3.17727272727,1.2536673475,4.4,0.213333333333,0.153846153846,2,0.0121212121212,0.205555555556,11,11,11,1,0,0.0909090909091,0.636363636364,0.272727272727,-3,-0.0272727272727,0.133884297521,-0.545454545455,-0.3,-0.375,-0.389190409368,-0.0439221612377,-0.0368983957219,-0.347548883978,-0.111544284527,-0.0689839572193,-0.367518585835,-0.0495111164884,-0.0229946524064,0.196768572961,0.0472964236795,0.854545454545,0.133884297521,0.196768572961,0.854545454545,-0.285714285714,-0.246153846154,-6,-0.0363636363636,-0.05,0,0,0,17,0,3,90,0.85,1,0,0.15,1,0.85,0.918918918919,0.906962317388,0.85,0.85,4,7,0,0,0,0
2289,WLNM_dir_neg,0.826530612245,0.667788461538,00:00:01,10,60,5,1176529754,threshold_sweep,0.3,1,0.571428571429,0.727272727273,4,0,3,14,0.571428571429,1,0,0.428571428571,1,0.571428571429,0.727272727273,0.857142857143,0.603174603175,0.64,0.68599434057,0.571428571429,20,13,7,0,20,0,13,0,7,11,20,0.181818181818,3.04338842975,3.63636363636,2,2.5,1.68954001271,0.464623503495,0.245454545455,1.16774841624,0.642261628933,0.336363636364,1.94000937205,1.06700515463,0.536363636364,1.05689877454,0.347276990411,3.54545454545,3.04338842975,1.05689877454,3.54545454545,0.499047619048,0.4,8,0.0484848484848,0.255555555556,11,11,11,1,0,0.0909090909091,0.636363636364,0.272727272727,11,0.118181818182,3.72727272727,2.36363636364,1.3,1.625,1.43336856898,0.6064251638,0.286713286713,0.603022689156,0.510249967747,0.237762237762,1.40129809949,1.18571377649,0.503496503497,2.05382127221,0.551025219373,7,3.72727272727,2.05382127221,7,0,0,0,0,0.22962962963,11,11,11,1,0,0.0909090909091,0.636363636364,0.272727272727,11,17,0.154545454545,3.17727272727,3.09090909091,1.7,2.125,1.30034960334,0.420701342257,0.208556149733,0.820199532265,0.530717344407,0.267379679144,1.57249078621,1.01749403814,0.513368983957,1.2536673475,0.394573414091,4.4,3.17727272727,1.2536673475,4.4,0.213333333333,0.153846153846,2,0.0121212121212,0.205555555556,11,11,11,1,0,0.0909090909091,0.636363636364,0.272727272727,-3,-0.0272727272727,0.133884297521,-0.545454545455,-0.3,-0.375,-0.389190409368,-0.0439221612377,-0.0368983957219,-0.347548883978,-0.111544284527,-0.0689839572193,-0.367518585835,-0.0495111164884,-0.0229946524064,0.196768572961,0.0472964236795,0.854545454545,0.133884297521,0.196768572961,0.854545454545,-0.285714285714,-0.246153846154,-6,-0.0363636363636,-0.05,0,0,0,17,0,3,90,0.85,1,0,0.15,1,0.85,0.918918918919,0.906962317388,0.85,0.85,4,7,0,0,0,0
2290,WLNM_dir_neg,0.826530612245,0.667788461538,00:00:01,10,60,5,1176529754,threshold_sweep,0.4,1,0.571428571429,0.727272727273,4,0,3,14,0.571428571429,1,0,0.428571428571,1,0.571428571429,0.727272727273,0.857142857143,0.603174603175,0.64,0.68599434057,0.571428571429,20,13,7,0,20,0,13,0,7,11,20,0.181818181818,3.04338842975,3.63636363636,2,2.5,1.68954001271,0.464623503495,0.245454545455,1.16774841624,0.642261628933,0.336363636364,1.94000937205,1.06700515463,0.536363636364,1.05689877454,0.347276990411,3.54545454545,3.04338842975,1.05689877454,3.54545454545,0.499047619048,0.4,8,0.0484848484848,0.255555555556,11,11,11,1,0,0.0909090909091,0.636363636364,0.272727272727,11,0.118181818182,3.72727272727,2.36363636364,1.3,1.625,1.43336856898,0.6064251638,0.286713286713,0.603022689156,0.510249967747,0.237762237762,1.40129809949,1.18571377649,0.503496503497,2.05382127221,0.551025219373,7,3.72727272727,2.05382127221,7,0,0,0,0,0.22962962963,11,11,11,1,0,0.0909090909091,0.636363636364,0.272727272727,11,17,0.154545454545,3.17727272727,3.09090909091,1.7,2.125,1.30034960334,0.420701342257,0.208556149733,0.820199532265,0.530717344407,0.267379679144,1.57249078621,1.01749403814,0.513368983957,1.2536673475,0.394573414091,4.4,3.17727272727,1.2536673475,4.4,0.213333333333,0.153846153846,2,0.0121212121212,0.205555555556,11,11,11,1,0,0.0909090909091,0.636363636364,0.272727272727,-3,-0.0272727272727,0.133884297521,-0.545454545455,-0.3,-0.375,-0.389190409368,-0.0439221612377,-0.0368983957219,-0.347548883978,-0.111544284527,-0.0689839572193,-0.367518585835,-0.0495111164884,-0.0229946524064,0.196768572961,0.0472964236795,0.854545454545,0.133884297521,0.196768572961,0.854545454545,-0.285714285714,-0.246153846154,-6,-0.0363636363636,-0.05,0,0,0,17,0,3,90,0.85,1,0,0.15,1,0.85,0.918918918919,0.906962317388,0.85,0.85,4,7,0,0,0,0
2291,WLNM_dir_neg,0.826530612245,0.667788461538,00:00:01,10,60,5,1176529754,threshold_sweep,0.5,1,0.571428571429,0.727272727273,4,0,3,14,0.571428571429,1,0,0.428571428571,1,0.571428571429,0.727272727273,0.857142857143,0.603174603175,0.64,0.68599434057,0.571428571429,20,13,7,0,20,0,13,0,7,11,20,0.181818181818,3.04338842975,3.63636363636,2,2.5,1.68954001271,0.464623503495,0.245454545455,1.16774841624,0.642261628933,0.336363636364,1.94000937205,1.06700515463,0.536363636364,1.05689877454,0.347276990411,3.54545454545,3.04338842975,1.05689877454,3.54545454545,0.499047619048,0.4,8,0.0484848484848,0.255555555556,11,11,11,1,0,0.0909090909091,0.636363636364,0.272727272727,11,0.118181818182,3.72727272727,2.36363636364,1.3,1.625,1.43336856898,0.6064251638,0.286713286713,0.603022689156,0.510249967747,0.237762237762,1.40129809949,1.18571377649,0.503496503497,2.05382127221,0.551025219373,7,3.72727272727,2.05382127221,7,0,0,0,0,0.22962962963,11,11,11,1,0,0.0909090909091,0.636363636364,0.272727272727,11,17,0.154545454545,3.17727272727,3.09090909091,1.7,2.125,1.30034960334,0.420701342257,0.208556149733,0.820199532265,0.530717344407,0.267379679144,1.57249078621,1.01749403814,0.513368983957,1.2536673475,0.394573414091,4.4,3.17727272727,1.2536673475,4.4,0.213333333333,0.153846153846,2,0.0121212121212,0.205555555556,11,11,11,1,0,0.0909090909091,0.636363636364,0.272727272727,-3,-0.0272727272727,0.133884297521,-0.545454545455,-0.3,-0.375,-0.389190409368,-0.0439221612377,-0.0368983957219,-0.347548883978,-0.111544284527,-0.0689839572193,-0.367518585835,-0.0495111164884,-0.0229946524064,0.196768572961,0.0472964236795,0.854545454545,0.133884297521,0.196768572961,0.854545454545,-0.285714285714,-0.246153846154,-6,-0.0363636363636,-0.05,0,0,0,17,0,3,90,0.85,1,0,0.15,1,0.85,0.918918918919,0.906962317388,0.85,0.85,4,7,0,0,0,0
2292,WLNM_dir_neg,0.826530612245,0.667788461538,00:00:01,10,60,5,1176529754,threshold_sweep,0.6,1,0.571428571429,0.727272727273,4,0,3,14,0.571428571429,1,0,0.428571428571,1,0.571428571429,0.727272727273,0.857142857143,0.603174603175,0.64,0.68599434057,0.571428571429,20,13,7,0,20,0,13,0,7,11,20,0.181818181818,3.04338842975,3.63636363636,2,2.5,1.68954001271,0.464623503495,0.245454545455,1.16774841624,0.642261628933,0.336363636364,1.94000937205,1.06700515463,0.536363636364,1.05689877454,0.347276990411,3.54545454545,3.04338842975,1.05689877454,3.54545454545,0.499047619048,0.4,8,0.0484848484848,0.255555555556,11,11,11,1,0,0.0909090909091,0.636363636364,0.272727272727,11,0.118181818182,3.72727272727,2.36363636364,1.3,1.625,1.43336856898,0.6064251638,0.286713286713,0.603022689156,0.510249967747,0.237762237762,1.40129809949,1.18571377649,0.503496503497,2.05382127221,0.551025219373,7,3.72727272727,2.05382127221,7,0,0,0,0,0.22962962963,11,11,11,1,0,0.0909090909091,0.636363636364,0.272727272727,11,17,0.154545454545,3.17727272727,3.09090909091,1.7,2.125,1.30034960334,0.420701342257,0.208556149733,0.820199532265,0.530717344407,0.267379679144,1.57249078621,1.01749403814,0.513368983957,1.2536673475,0.394573414091,4.4,3.17727272727,1.2536673475,4.4,0.213333333333,0.153846153846,2,0.0121212121212,0.205555555556,11,11,11,1,0,0.0909090909091,0.636363636364,0.272727272727,-3,-0.0272727272727,0.133884297521,-0.545454545455,-0.3,-0.375,-0.389190409368,-0.0439221612377,-0.0368983957219,-0.347548883978,-0.111544284527,-0.0689839572193,-0.367518585835,-0.0495111164884,-0.0229946524064,0.196768572961,0.0472964236795,0.854545454545,0.133884297521,0.196768572961,0.854545454545,-0.285714285714,-0.246153846154,-6,-0.0363636363636,-0.05,0,0,0,17,0,3,90,0.85,1,0,0.15,1,0.85,0.918918918919,0.906962317388,0.85,0.85,4,7,0,0,0,0
2293,WLNM_dir_neg,0.826530612245,0.667788461538,00:00:01,10,60,5,1176529754,threshold_sweep,0.7,1,0.571428571429,0.727272727273,4,0,3,14,0.571428571429,1,0,0.428571428571,1,0.571428571429,0.727272727273,0.857142857143,0.603174603175,0.64,0.68599434057,0.571428571429,20,13,7,0,20,0,13,0,7,11,20,0.181818181818,3.04338842975,3.63636363636,2,2.5,1.68954001271,0.464623503495,0.245454545455,1.16774841624,0.642261628933,0.336363636364,1.94000937205,1.06700515463,0.536363636364,1.05689877454,0.347276990411,3.54545454545,3.04338842975,1.05689877454,3.54545454545,0.499047619048,0.4,8,0.0484848484848,0.255555555556,11,11,11,1,0,0.0909090909091,0.636363636364,0.272727272727,11,0.118181818182,3.72727272727,2.36363636364,1.3,1.625,1.43336856898,0.6064251638,0.286713286713,0.603022689156,0.510249967747,0.237762237762,1.40129809949,1.18571377649,0.503496503497,2.05382127221,0.551025219373,7,3.72727272727,2.05382127221,7,0,0,0,0,0.22962962963,11,11,11,1,0,0.0909090909091,0.636363636364,0.272727272727,11,17,0.154545454545,3.17727272727,3.09090909091,1.7,2.125,1.30034960334,0.420701342257,0.208556149733,0.820199532265,0.530717344407,0.267379679144,1.57249078621,1.01749403814,0.513368983957,1.2536673475,0.394573414091,4.4,3.17727272727,1.2536673475,4.4,0.213333333333,0.153846153846,2,0.0121212121212,0.205555555556,11,11,11,1,0,0.0909090909091,0.636363636364,0.272727272727,-3,-0.0272727272727,0.133884297521,-0.545454545455,-0.3,-0.375,-0.389190409368,-0.0439221612377,-0.0368983957219,-0.347548883978,-0.111544284527,-0.0689839572193,-0.367518585835,-0.0495111164884,-0.0229946524064,0.196768572961,0.0472964236795,0.854545454545,0.133884297521,0.196768572961,0.854545454545,-0.285714285714,-0.246153846154,-6,-0.0363636363636,-0.05,0,0,0,17,0,3,90,0.85,1,0,0.15,1,0.85,0.918918918919,0.906962317388,0.85,0.85,4,7,0,0,0,0
2294,WLNM_dir_neg,0.826530612245,0.667788461538,00:00:01,10,60,5,1176529754,threshold_sweep,0.8,1,0.571428571429,0.727272727273,4,0,3,14,0.571428571429,1,0,0.428571428571,1,0.571428571429,0.727272727273,0.857142857143,0.603174603175,0.64,0.68599434057,0.571428571429,20,13,7,0,20,0,13,0,7,11,20,0.181818181818,3.04338842975,3.63636363636,2,2.5,1.68954001271,0.464623503495,0.245454545455,1.16774841624,0.642261628933,0.336363636364,1.94000937205,1.06700515463,0.536363636364,1.05689877454,0.347276990411,3.54545454545,3.04338842975,1.05689877454,3.54545454545,0.499047619048,0.4,8,0.0484848484848,0.255555555556,11,11,11,1,0,0.0909090909091,0.636363636364,0.272727272727,11,0.118181818182,3.72727272727,2.36363636364,1.3,1.625,1.43336856898,0.6064251638,0.286713286713,0.603022689156,0.510249967747,0.237762237762,1.40129809949,1.18571377649,0.503496503497,2.05382127221,0.551025219373,7,3.72727272727,2.05382127221,7,0,0,0,0,0.22962962963,11,11,11,1,0,0.0909090909091,0.636363636364,0.272727272727,11,17,0.154545454545,3.17727272727,3.09090909091,1.7,2.125,1.30034960334,0.420701342257,0.208556149733,0.820199532265,0.530717344407,0.267379679144,1.57249078621,1.01749403814,0.513368983957,1.2536673475,0.394573414091,4.4,3.17727272727,1.2536673475,4.4,0.213333333333,0.153846153846,2,0.0121212121212,0.205555555556,11,11,11,1,0,0.0909090909091,0.636363636364,0.272727272727,-3,-0.0272727272727,0.133884297521,-0.545454545455,-0.3,-0.375,-0.389190409368,-0.0439221612377,-0.0368983957219,-0.347548883978,-0.111544284527,-0.0689839572193,-0.367518585835,-0.0495111164884,-0.0229946524064,0.196768572961,0.0472964236795,0.854545454545,0.133884297521,0.196768572961,0.854545454545,-0.285714285714,-0.246153846154,-6,-0.0363636363636,-0.05,0,0,0,17,0,3,90,0.85,1,0,0.15,1,0.85,0.918918918919,0.906962317388,0.85,0.85,4,7,0,0,0,0
2295,WLNM_dir_neg,0.826530612245,0.667788461538,00:00:01,10,60,5,1176529754,threshold_sweep,0.9,1,0.571428571429,0.727272727273,4,0,3,14,0.571428571429,1,0,0.428571428571,1,0.571428571429,0.727272727273,0.857142857143,0.603174603175,0.64,0.68599434057,0.571428571429,20,13,7,0,20,0,13,0,7,11,20,0.181818181818,3.04338842975,3.63636363636,2,2.5,1.68954001271,0.464623503495,0.245454545455,1.16774841624,0.642261628933,0.336363636364,1.94000937205,1.06700515463,0.536363636364,1.05689877454,0.347276990411,3.54545454545,3.04338842975,1.05689877454,3.54545454545,0.499047619048,0.4,8,0.0484848484848,0.255555555556,11,11,11,1,0,0.0909090909091,0.636363636364,0.272727272727,11,0.118181818182,3.72727272727,2.36363636364,1.3,1.625,1.43336856898,0.6064251638,0.286713286713,0.603022689156,0.510249967747,0.237762237762,1.40129809949,1.18571377649,0.503496503497,2.05382127221,0.551025219373,7,3.72727272727,2.05382127221,7,0,0,0,0,0.22962962963,11,11,11,1,0,0.0909090909091,0.636363636364,0.272727272727,11,17,0.154545454545,3.17727272727,3.09090909091,1.7,2.125,1.30034960334,0.420701342257,0.208556149733,0.820199532265,0.530717344407,0.267379679144,1.57249078621,1.01749403814,0.513368983957,1.2536673475,0.394573414091,4.4,3.17727272727,1.2536673475,4.4,0.213333333333,0.153846153846,2,0.0121212121212,0.205555555556,11,11,11,1,0,0.0909090909091,0.636363636364,0.272727272727,-3,-0.0272727272727,0.133884297521,-0.545454545455,-0.3,-0.375,-0.389190409368,-0.0439221612377,-0.0368983957219,-0.347548883978,-0.111544284527,-0.0689839572193,-0.367518585835,-0.0495111164884,-0.0229946524064,0.196768572961,0.0472964236795,0.854545454545,0.133884297521,0.196768572961,0.854545454545,-0.285714285714,-0.246153846154,-6,-0.0363636363636,-0.05,0,0,0,17,0,3,90,0.85,1,0,0.15,1,0.85,0.918918918919,0.906962317388,0.85,0.85,4,7,0,0,0,0
2296,WLNM_dir_neg,0.897959183673,0.583874458874,00:00:01,10,60,6,1176529755,threshold_sweep,0.1,1,0.714285714286,0.833333333333,5,0,2,14,0.714285714286,1,0,0.285714285714,1,0.714285714286,0.833333333333,0.904761904762,0.587301587302,0.769230769231,0.790569415042,0.714285714286,20,13,7,0,20,0,13,0,7,11,20,0.181818181818,3.04338842975,3.63636363636,2,2.5,1.68954001271,0.464623503495,0.245454545455,1.16774841624,0.642261628933,0.336363636364,1.94000937205,1.06700515463,0.536363636364,1.05689877454,0.347276990411,3.54545454545,3.04338842975,1.05689877454,3.54545454545,0.499047619048,0.4,8,0.0484848484848,0.255555555556,11,11,11,1,0,0.0909090909091,0.636363636364,0.272727272727,11,0.118181818182,3.72727272727,2.36363636364,1.3,1.625,1.43336856898,0.6064251638,0.286713286713,0.603022689156,0.510249967747,0.237762237762,1.40129809949,1.18571377649,0.503496503497,2.05382127221,0.551025219373,7,3.72727272727,2.05382127221,7,0,0,0,0,0.22962962963,11,11,11,1,0,0.0909090909091,0.636363636364,0.272727272727,11,18,0.163636363636,3.11363636364,3.27272727273,1.8,2.25,1.42062726223,0.434080552347,0.227272727273,0.924416277737,0.564921058617,0.292929292929,1.68954001271,1.03249667443,0.525252525253,1.14353419474,0.367266456706,3.875,3.11363636364,1.14353419474,3.875,0.366666666667,0.266666666667,4,0.0242424242424,0.221111111111,11,11,11,1,0,0.0909090909091,0.636363636364,0.272727272727,-2,-0.0181818181818,0.0702479338843,-0.363636363636,-0.2,-0.25,-0.268912750482,-0.030542951148,-0.0181818181818,-0.243332138505,-0.0773405703161,-0.0434343434343,-0.250469359339,-0.0345084801933,-0.0111111111111,0.0866354202056,0.0199894662943,0.329545454545,0.0702479338843,0.0866354202056,0.329545454545,-0.132380952381,-0.133333333333,-4,-0.0242424242424,-0.0344444444444,0,0,0,18,0,2,90,0.9,1,0,0.1,1,0.9,0.947368421053,0.938314863257,0.9,0.9,5,7,0,0,0,0
2297,WLNM_dir_neg,0.897959183673,0.583874458874,00:00:01,10,60,6,1176529755,threshold_sweep,0.2,1,0.714285714286,0.833333333333,5,0,2,14,0.714285714286,1,0,0.285714285714,1,0.714285714286,0.833333333333,0.904761904762,0.587301587302,0.769230769231,0.790569415042,0.714285714286,20,13,7,0,20,0,13,0,7,11,20,0.181818181818,3.04338842975,3.63636363636,2,2.5,1.68954001271,0.464623503495,0.245454545455,1.16774841624,0.642261628933,0.336363636364,1.94000937205,1.06700515463,0.536363636364,1.05689877454,0.347276990411,3.54545454545,3.04338842975,1.05689877454,3.54545454545,0.499047619048,0.4,8,0.0484848484848,0.255555555556,11,11,11,1,0,0.0909090909091,0.636363636364,0.272727272727,11,0.118181818182,3.72727272727,2.36363636364,1.3,1.625,1.43336856898,0.6064251638,0.286713286713,0.603022689156,0.510249967747,0.237762237762,1.40129809949,1.18571377649,0.503496503497,2.05382127221,0.551025219373,7,3.72727272727,2.05382127221,7,0,0,0,0,0.22962962963,11,11,11,1,0,0.0909090909091,0.636363636364,0.272727272727,11,18,0.163636363636,3.11363636364,3.27272727273,1.8,2.25,1.42062726223,0.434080552347,0.227272727273,0.924416277737,0.564921058617,0.292929292929,1.68954001271,1.03249667443,0.525252525253,1.14353419474,0.367266456706,3.875,3.11363636364,1.14353419474,3.875,0.366666666667,0.266666666667,4,0.0242424242424,0.221111111111,11,11,11,1,0,0.0909090909091,0.636363636364,0.272727272727,-2,-0.0181818181818,0.0702479338843,-0.363636363636,-0.2,-0.25,-0.268912750482,-0.030542951148,-0.0181818181818,-0.243332138505,-0.0773405703161,-0.0434343434343,-0.250469359339,-0.0345084801933,-0.0111111111111,0.0866354202056,0.0199894662943,0.329545454545,0.0702479338843,0.0866354202056,0.329545454545,-0.132380952381,-0.133333333333,-4,-0.0242424242424,-0.0344444444444,0,0,0,18,0,2,90,0.9,1,0,0.1,1,0.9,0.947368421053,0.938314863257,0.9,0.9,5,7,0,0,0,0
2298,WLNM_dir_neg,0.897959183673,0.583874458874,00:00:01,10,60,6,1176529755,threshold_sweep,0.3,1,0.714285714286,0.833333333333,5,0,2,14,0.714285714286,1,0,0.285714285714,1,0.714285714286,0.833333333333,0.904761904762,0.587301587302,0.769230769231,0.790569415042,0.714285714286,20,13,7,0,20,0,13,0,7,11,20,0.181818181818,3.04338842975,3.63636363636,2,2.5,1.68954001271,0.464623503495,0.245454545455,1.16774841624,0.642261628933,0.336363636364,1.94000937205,1.06700515463,0.536363636364,1.05689877454,0.347276990411,3.54545454545,3.04338842975,1.05689877454,3.54545454545,0.499047619048,0.4,8,0.0484848484848,0.255555555556,11,11,11,1,0,0.0909090909091,0.636363636364,0.272727272727,11,0.118181818182,3.72727272727,2.36363636364,1.3,1.625,1.43336856898,0.6064251638,0.286713286713,0.603022689156,0.510249967747,0.237762237762,1.40129809949,1.18571377649,0.503496503497,2.05382127221,0.551025219373,7,3.72727272727,2.05382127221,7,0,0,0,0,0.22962962963,11,11,11,1,0,0.0909090909091,0.636363636364,0.272727272727,11,18,0.163636363636,3.11363636364,3.27272727273,1.8,2.25,1.42062726223,0.434080552347,0.227272727273,0.924416277737,0.564921058617,0.292929292929,1.68954001271,1.03249667443,0.525252525253,1.14353419474,0.367266456706,3.875,3.11363636364,1.14353419474,3.875,0.366666666667,0.266666666667,4,0.0242424242424,0.221111111111,11,11,11,1,0,0.0909090909091,0.636363636364,0.272727272727,-2,-0.0181818181818,0.0702479338843,-0.363636363636,-0.2,-0.25,-0.268912750482,-0.030542951148,-0.0181818181818,-0.243332138505,-0.0773405703161,-0.0434343434343,-0.250469359339,-0.0345084801933,-0.0111111111111,0.0866354202056,0.0199894662943,0.329545454545,0.0702479338843,0.0866354202056,0.329545454545,-0.132380952381,-0.133333333333,-4,-0.0242424242424,-0.0344444444444,0,0,0,18,0,2,90,0.9,1,0,0.1,1,0.9,0.947368421053,0.938314863257,0.9,0.9,5,7,0,0,0,0
2299,WLNM_dir_neg,0.897959183673,0.583874458874,00:00:01,10,60,6,1176529755,threshold_sweep,0.4,1,0.714285714286,0.833333333333,5,0,2,14,0.714285714286,1,0,0.285714285714,1,0.714285714286,0.833333333333,0.904761904762,0.587301587302,0.769230769231,0.790569415042,0.714285714286,20,13,7,0,20,0,13,0,7,11,20,0.181818181818,3.04338842975,3.63636363636,2,2.5,1.68954001271,0.464623503495,0.245454545455,1.16774841624,0.642261628933,0.336363636364,1.94000937205,1.06700515463,0.536363636364,1.05689877454,0.347276990411,3.54545454545,3.04338842975,1.05689877454,3.54545454545,0.499047619048,0.4,8,0.0484848484848,0.255555555556,11,11,11,1,0,0.0909090909091,0.636363636364,0.272727272727,11,0.118181818182,3.72727272727,2.36363636364,1.3,1.625,1.43336856898,0.6064251638,0.286713286713,0.603022689156,0.510249967747,0.237762237762,1.40129809949,1.18571377649,0.503496503497,2.05382127221,0.551025219373,7,3.72727272727,2.05382127221,7,0,0,0,0,0.22962962963,11,11,11,1,0,0.0909090909091,0.636363636364,0.272727272727,11,18,0.163636363636,3.11363636364,3.27272727273,1.8,2.25,1.42062726223,0.434080552347,0.227272727273,0.924416277737,0.564921058617,0.292929292929,1.68954001271,1.03249667443,0.525252525253,1.14353419474,0.367266456706,3.875,3.11363636364,1.14353419474,3.875,0.366666666667,0.266666666667,4,0.0242424242424,0.221111111111,11,11,11,1,0,0.0909090909091,0.636363636364,0.272727272727,-2,-0.0181818181818,0.0702479338843,-0.363636363636,-0.2,-0.25,-0.268912750482,-0.030542951148,-0.0181818181818,-0.243332138505,-0.0773405703161,-0.0434343434343,-0.250469359339,-0.0345084801933,-0.0111111111111,0.0866354202056,0.0199894662943,0.329545454545,0.0702479338843,0.0866354202056,0.329545454545,-0.132380952381,-0.133333333333,-4,-0.0242424242424,-0.0344444444444,0,0,0,18,0,2,90,0.9,1,0,0.1,1,0.9,0.947368421053,0.938314863257,0.9,0.9,5,7,0,0,0,0
2300,WLNM_dir_neg,0.897959183673,0.583874458874,00:00:01,10,60,6,1176529755,threshold_sweep,0.5,1,0.714285714286,0.833333333333,5,0,2,14,0.714285714286,1,0,0.285714285714,1,0.714285714286,0.833333333333,0.904761904762,0.587301587302,0.769230769231,0.790569415042,0.714285714286,20,13,7,0,20,0,13,0,7,11,20,0.181818181818,3.04338842975,3.63636363636,2,2.5,1.68954001271,0.464623503495,0.245454545455,1.16774841624,0.642261628933,0.336363636364,1.94000937205,1.06700515463,0.536363636364,1.05689877454,0.347276990411,3.54545454545,3.04338842975,1.05689877454,3.54545454545,0.499047619048,0.4,8,0.0484848484848,0.255555555556,11,11,11,1,0,0.0909090909091,0.636363636364,0.272727272727,11,0.118181818182,3.72727272727,2.36363636364,1.3,1.625,1.43336856898,0.6064251638,0.286713286713,0.603022689156,0.510249967747,0.237762237762,1.40129809949,1.18571377649,0.503496503497,2.05382127221,0.551025219373,7,3.72727272727,2.05382127221,7,0,0,0,0,0.22962962963,11,11,11,1,0,0.0909090909091,0.636363636364,0.272727272727,11,18,0.163636363636,3.11363636364,3.27272727273,1.8,2.25,1.42062726223,0.434080552347,0.227272727273,0.924416277737,0.564921058617,0.292929292929,1.68954001271,1.03249667443,0.525252525253,1.14353419474,0.367266456706,3.875,3.11363636364,1.14353419474,3.875,0.366666666667,0.266666666667,4,0.0242424242424,0.221111111111,11,11,11,1,0,0.0909090909091,0.636363636364,0.272727272727,-2,-0.0181818181818,0.0702479338843,-0.363636363636,-0.2,-0.25,-0.268912750482,-0.030542951148,-0.0181818181818,-0.243332138505,-0.0773405703161,-0.0434343434343,-0.250469359339,-0.0345084801933,-0.0111111111111,0.0866354202056,0.0199894662943,0.329545454545,0.0702479338843,0.0866354202056,0.329545454545,-0.132380952381,-0.133333333333,-4,-0.0242424242424,-0.0344444444444,0,0,0,18,0,2,90,0.9,1,0,0.1,1,0.9,0.947368421053,0.938314863257,0.9,0.9,5,7,0,0,0,0
2301,WLNM_dir_neg,0.897959183673,0.583874458874,00:00:01,10,60,6,1176529755,threshold_sweep,0.6,1,0.714285714286,0.833333333333,5,0,2,14,0.714285714286,1,0,0.285714285714,1,0.714285714286,0.833333333333,0.904761904762,0.587301587302,0.769230769231,0.790569415042,0.714285714286,20,13,7,0,20,0,13,0,7,11,20,0.181818181818,3.04338842975,3.63636363636,2,2.5,1.68954001271,0.464623503495,0.245454545455,1.16774841624,0.642261628933,0.336363636364,1.94000937205,1.06700515463,0.536363636364,1.05689877454,0.347276990411,3.54545454545,3.04338842975,1.05689877454,3.54545454545,0.499047619048,0.4,8,0.0484848484848,0.255555555556,11,11,11,1,0,0.0909090909091,0.636363636364,0.272727272727,11,0.118181818182,3.72727272727,2.36363636364,1.3,1.625,1.43336856898,0.6064251638,0.286713286713,0.603022689156,0.510249967747,0.237762237762,1.40129809949,1.18571377649,0.503496503497,2.05382127221,0.551025219373,7,3.72727272727,2.05382127221,7,0,0,0,0,0.22962962963,11,11,11,1,0,0.0909090909091,0.636363636364,0.272727272727,11,18,0.163636363636,3.11363636364,3.27272727273,1.8,2.25,1.42062726223,0.434080552347,0.227272727273,0.924416277737,0.564921058617,0.292929292929,1.68954001271,1.03249667443,0.525252525253,1.14353419474,0.367266456706,3.875,3.11363636364,1.14353419474,3.875,0.366666666667,0.266666666667,4,0.0242424242424,0.221111111111,11,11,11,1,0,0.0909090909091,0.636363636364,0.272727272727,-2,-0.0181818181818,0.0702479338843,-0.363636363636,-0.2,-0.25,-0.268912750482,-0.030542951148,-0.0181818181818,-0.243332138505,-0.0773405703161,-0.0434343434343,-0.250469359339,-0.0345084801933,-0.0111111111111,0.0866354202056,0.0199894662943,0.329545454545,0.0702479338843,0.0866354202056,0.329545454545,-0.132380952381,-0.133333333333,-4,-0.0242424242424,-0.0344444444444,0,0,0,18,0,2,90,0.9,1,0,0.1,1,0.9,0.947368421053,0.938314863257,0.9,0.9,5,7,0,0,0,0
2302,WLNM_dir_neg,0.897959183673,0.583874458874,00:00:01,10,60,6,1176529755,threshold_sweep,0.7,1,0.714285714286,0.833333333333,5,0,2,14,0.714285714286,1,0,0.285714285714,1,0.714285714286,0.833333333333,0.904761904762,0.587301587302,0.769230769231,0.790569415042,0.714285714286,20,13,7,0,20,0,13,0,7,11,20,0.181818181818,3.04338842975,3.63636363636,2,2.5,1.68954001271,0.464623503495,0.245454545455,1.16774841624,0.642261628933,0.336363636364,1.94000937205,1.06700515463,0.536363636364,1.05689877454,0.347276990411,3.54545454545,3.04338842975,1.05689877454,3.54545454545,0.499047619048,0.4,8,0.0484848484848,0.255555555556,11,11,11,1,0,0.0909090909091,0.636363636364,0.272727272727,11,0.118181818182,3.72727272727,2.36363636364,1.3,1.625,1.43336856898,0.6064251638,0.286713286713,0.603022689156,0.510249967747,0.237762237762,1.40129809949,1.18571377649,0.503496503497,2.05382127221,0.551025219373,7,3.72727272727,2.05382127221,7,0,0,0,0,0.22962962963,11,11,11,1,0,0.0909090909091,0.636363636364,0.272727272727,11,18,0.163636363636,3.11363636364,3.27272727273,1.8,2.25,1.42062726223,0.434080552347,0.227272727273,0.924416277737,0.564921058617,0.292929292929,1.68954001271,1.03249667443,0.525252525253,1.14353419474,0.367266456706,3.875,3.11363636364,1.14353419474,3.875,0.366666666667,0.266666666667,4,0.0242424242424,0.221111111111,11,11,11,1,0,0.0909090909091,0.636363636364,0.272727272727,-2,-0.0181818181818,0.0702479338843,-0.363636363636,-0.2,-0.25,-0.268912750482,-0.030542951148,-0.0181818181818,-0.243332138505,-0.0773405703161,-0.0434343434343,-0.250469359339,-0.0345084801933,-0.0111111111111,0.0866354202056,0.0199894662943,0.329545454545,0.0702479338843,0.0866354202056,0.329545454545,-0.132380952381,-0.133333333333,-4,-0.0242424242424,-0.0344444444444,0,0,0,18,0,2,90,0.9,1,0,0.1,1,0.9,0.947368421053,0.938314863257,0.9,0.9,5,7,0,0,0,0
2303,WLNM_dir_neg,0.897959183673,0.583874458874,00:00:01,10,60,6,1176529755,threshold_sweep,0.8,1,0.714285714286,0.833333333333,5,0,2,14,0.714285714286,1,0,0.285714285714,1,0.714285714286,0.833333333333,0.904761904762,0.587301587302,0.769230769231,0.790569415042,0.714285714286,20,13,7,0,20,0,13,0,7,11,20,0.181818181818,3.04338842975,3.63636363636,2,2.5,1.68954001271,0.464623503495,0.245454545455,1.16774841624,0.642261628933,0.336363636364,1.94000937205,1.06700515463,0.536363636364,1.05689877454,0.347276990411,3.54545454545,3.04338842975,1.05689877454,3.54545454545,0.499047619048,0.4,8,0.0484848484848,0.255555555556,11,11,11,1,0,0.0909090909091,0.636363636364,0.272727272727,11,0.118181818182,3.72727272727,2.36363636364,1.3,1.625,1.43336856898,0.6064251638,0.286713286713,0.603022689156,0.510249967747,0.237762237762,1.40129809949,1.18571377649,0.503496503497,2.05382127221,0.551025219373,7,3.72727272727,2.05382127221,7,0,0,0,0,0.22962962963,11,11,11,1,0,0.0909090909091,0.636363636364,0.272727272727,11,18,0.163636363636,3.11363636364,3.27272727273,1.8,2.25,1.42062726223,0.434080552347,0.227272727273,0.924416277737,0.564921058617,0.292929292929,1.68954001271,1.03249667443,0.525252525253,1.14353419474,0.367266456706,3.875,3.11363636364,1.14353419474,3.875,0.366666666667,0.266666666667,4,0.0242424242424,0.221111111111,11,11,11,1,0,0.0909090909091,0.636363636364,0.272727272727,-2,-0.0181818181818,0.0702479338843,-0.363636363636,-0.2,-0.25,-0.268912750482,-0.030542951148,-0.0181818181818,-0.243332138505,-0.0773405703161,-0.0434343434343,-0.250469359339,-0.0345084801933,-0.0111111111111,0.0866354202056,0.0199894662943,0.329545454545,0.0702479338843,0.0866354202056,0.329545454545,-0.132380952381,-0.133333333333,-4,-0.0242424242424,-0.0344444444444,0,0,0,18,0,2,90,0.9,1,0,0.1,1,0.9,0.947368421053,0.938314863257,0.9,0.9,5,7,0,0,0,0
2304,WLNM_dir_neg,0.897959183673,0.583874458874,00:00:01,10,60,6,1176529755,threshold_sweep,0.9,1,0.714285714286,0.833333333333,5,0,2,14,0.714285714286,1,0,0.285714285714,1,0.714285714286,0.833333333333,0.904761904762,0.587301587302,0.769230769231,0.790569415042,0.714285714286,20,13,7,0,20,0,13,0,7,11,20,0.181818181818,3.04338842975,3.63636363636,2,2.5,1.68954001271,0.464623503495,0.245454545455,1.16774841624,0.642261628933,0.336363636364,1.94000937205,1.06700515463,0.536363636364,1.05689877454,0.347276990411,3.54545454545,3.04338842975,1.05689877454,3.54545454545,0.499047619048,0.4,8,0.0484848484848,0.255555555556,11,11,11,1,0,0.0909090909091,0.636363636364,0.272727272727,11,0.118181818182,3.72727272727,2.36363636364,1.3,1.625,1.43336856898,0.6064251638,0.286713286713,0.603022689156,0.510249967747,0.237762237762,1.40129809949,1.18571377649,0.503496503497,2.05382127221,0.551025219373,7,3.72727272727,2.05382127221,7,0,0,0,0,0.22962962963,11,11,11,1,0,0.0909090909091,0.636363636364,0.272727272727,11,18,0.163636363636,3.11363636364,3.27272727273,1.8,2.25,1.42062726223,0.434080552347,0.227272727273,0.924416277737,0.564921058617,0.292929292929,1.68954001271,1.03249667443,0.525252525253,1.14353419474,0.367266456706,3.875,3.11363636364,1.14353419474,3.875,0.366666666667,0.266666666667,4,0.0242424242424,0.221111111111,11,11,11,1,0,0.0909090909091,0.636363636364,0.272727272727,-2,-0.0181818181818,0.0702479338843,-0.363636363636,-0.2,-0.25,-0.268912750482,-0.030542951148,-0.0181818181818,-0.243332138505,-0.0773405703161,-0.0434343434343,-0.250469359339,-0.0345084801933,-0.0111111111111,0.0866354202056,0.0199894662943,0.329545454545,0.0702479338843,0.0866354202056,0.329545454545,-0.132380952381,-0.133333333333,-4,-0.0242424242424,-0.0344444444444,0,0,0,18,0,2,90,0.9,1,0,0.1,1,0.9,0.947368421053,0.938314863257,0.9,0.9,5,7,0,0,0,0
2305,WLNM_dir_neg,0.84693877551,0.606181318681,00:00:01,10,60,7,1176529756,threshold_sweep,0.1,0.714285714286,0.714285714286,0.714285714286,5,2,2,12,0.714285714286,0.857142857143,0.142857142857,0.285714285714,0.714285714286,0.714285714286,0.714285714286,0.809523809524,0.555555555556,0.571428571429,0.571428571429,0.571428571429,20,13,7,0,20,0,13,0,7,11,20,0.181818181818,3.04338842975,3.63636363636,2,2.5,1.68954001271,0.464623503495,0.245454545455,1.16774841624,0.642261628933,0.336363636364,1.94000937205,1.06700515463,0.536363636364,1.05689877454,0.347276990411,3.54545454545,3.04338842975,1.05689877454,3.54545454545,0.499047619048,0.4,8,0.0484848484848,0.255555555556,11,11,11,1,0,0.0909090909091,0.636363636364,0.272727272727,11,0.118181818182,3.72727272727,2.36363636364,1.3,1.625,1.43336856898,0.6064251638,0.286713286713,0.603022689156,0.510249967747,0.237762237762,1.40129809949,1.18571377649,0.503496503497,2.05382127221,0.551025219373,7,3.72727272727,2.05382127221,7,0,0,0,0,0.22962962963,11,11,11,1,0,0.0909090909091,0.636363636364,0.272727272727,11,20,0.181818181818,7.35375494071,3.63636363636,2,2.5,1.91168654715,0.525713800466,0.272727272727,0.873862897505,0.480624593628,0.236363636364,1.72152152575,0.946836839165,0.5,2.90384809078,0.394879638252,9.78260869565,7.35375494071,2.90384809078,9.78260869565,0.432380952381,0.333333333333,6,0.0363636363636,0.202592592593,11,11,11,1,0,0.0909090909091,0.636363636364,0.272727272727,0,0,4.31036651096,0,0,0,0.222146534438,0.0610902969706,0.0272727272727,-0.293885518737,-0.161637035305,-0.1,-0.218487846294,-0.120168315462,-0.0363636363636,1.84694931624,0.0476026478402,6.2371541502,4.31036651096,1.84694931624,6.2371541502,-0.0666666666667,-0.0666666666667,-2,-0.0121212121212,-0.052962962963,0,0,0,18,2,2,88,0.9,0.977777777778,0.0222222222222,0.1,0.9,0.9,0.9,0.877777777778,0.877777777778,0.818181818182,7,7,0,0,0,0
2306,WLNM_dir_neg,0.84693877551,0.606181318681,00:00:01,10,60,7,1176529756,threshold_sweep,0.2,0.714285714286,0.714285714286,0.714285714286,5,2,2,12,0.714285714286,0.857142857143,0.142857142857,0.285714285714,0.714285714286,0.714285714286,0.714285714286,0.809523809524,0.555555555556,0.571428571429,0.571428571429,0.571428571429,20,13,7,0,20,0,13,0,7,11,20,0.181818181818,3.04338842975,3.63636363636,2,2.5,1.68954001271,0.464623503495,0.245454545455,1.16774841624,0.642261628933,0.336363636364,1.94000937205,1.06700515463,0.536363636364,1.05689877454,0.347276990411,3.54545454545,3.04338842975,1.05689877454,3.54545454545,0.499047619048,0.4,8,0.0484848484848,0.255555555556,11,11,11,1,0,0.0909090909091,0.636363636364,0.272727272727,11,0.118181818182,3.72727272727,2.36363636364,1.3,1.625,1.43336856898,0.6064251638,0.286713286713,0.603022689156,0.510249967747,0.237762237762,1.40129809949,1.18571377649,0.503496503497,2.05382127221,0.551025219373,7,3.72727272727,2.05382127221,7,0,0,0,0,0.22962962963,11,11,11,1,0,0.0909090909091,0.636363636364,0.272727272727,11,20,0.181818181818,7.35375494071,3.63636363636,2,2.5,1.91168654715,0.525713800466,0.272727272727,0.873862897505,0.480624593628,0.236363636364,1.72152152575,0.946836839165,0.5,2.90384809078,0.394879638252,9.78260869565,7.35375494071,2.90384809078,9.78260869565,0.432380952381,0.333333333333,6,0.0363636363636,0.202592592593,11,11,11,1,0,0.0909090909091,0.636363636364,0.272727272727,0,0,4.31036651096,0,0,0,0.222146534438,0.0610902969706,0.0272727272727,-0.293885518737,-0.161637035305,-0.1,-0.218487846294,-0.120168315462,-0.0363636363636,1.84694931624,0.0476026478402,6.2371541502,4.31036651096,1.84694931624,6.2371541502,-0.0666666666667,-0.0666666666667,-2,-0.0121212121212,-0.052962962963,0,0,0,18,2,2,88,0.9,0.977777777778,0.0222222222222,0.1,0.9,0.9,0.9,0.877777777778,0.877777777778,0.818181818182,7,7,0,0,0,0
2307,WLNM_dir_neg,0.84693877551,0.606181318681,00:00:01,10,60,7,1176529756,threshold_sweep,0.3,0.833333333333,0.714285714286,0.769230769231,5,1,2,13,0.714285714286,0.928571428571,0.0714285714286,0.285714285714,0.833333333333,0.714285714286,0.769230769231,0.857142857143,0.571428571429,0.666666666667,0.67082039325,0.642857142857,20,13,7,0,20,0,13,0,7,11,20,0.181818181818,3.04338842975,3.63636363636,2,2.5,1.68954001271,0.464623503495,0.245454545455,1.16774841624,0.642261628933,0.336363636364,1.94000937205,1.06700515463,0.536363636364,1.05689877454,0.347276990411,3.54545454545,3.04338842975,1.05689877454,3.54545454545,0.499047619048,0.4,8,0.0484848484848,0.255555555556,11,11,11,1,0,0.0909090909091,0.636363636364,0.272727272727,11,0.118181818182,3.72727272727,2.36363636364,1.3,1.625,1.43336856898,0.6064251638,0.286713286713,0.603022689156,0.510249967747,0.237762237762,1.40129809949,1.18571377649,0.503496503497,2.05382127221,0.551025219373,7,3.72727272727,2.05382127221,7,0,0,0,0,0.22962962963,11,11,11,1,0,0.0909090909091,0.636363636364,0.272727272727,11,19,0.172727272727,5.99715909091,3.45454545455,1.9,2.375,1.69491217257,0.490632471007,0.253588516746,0.904534033733,0.523677598477,0.267942583732,1.67874411933,0.971904490138,0.507177033493,2.14896661873,0.35833076731,7.5,5.99715909091,2.14896661873,7.5,0.432380952381,0.333333333333,6,0.0363636363636,0.219259259259,11,11,11,1,0,0.0909090909091,0.636363636364,0.272727272727,-1,-0.00909090909091,2.95377066116,-0.181818181818,-0.1,-0.125,0.00537215986117,0.0260089675122,0.00813397129187,-0.263214382509,-0.118584030456,-0.0684210526316,-0.26126525272,-0.0951006644889,-0.0291866028708,1.09206784419,0.0110537768992,3.95454545455,2.95377066116,1.09206784419,3.95454545455,-0.0666666666667,-0.0666666666667,-2,-0.0121212121212,-0.0362962962963,0,0,0,18,1,2,89,0.9,0.988888888889,0.0111111111111,0.1,0.947368421053,0.9,0.923076923077,0.906956031802,0.888888888889,0.857142857143,6,7,0,0,0,0
2308,WLNM_dir_neg,0.84693877551,0.606181318681,00:00:01,10,60,7,1176529756,threshold_sweep,0.4,0.833333333333,0.714285714286,0.769230769231,5,1,2,13,0.714285714286,0.928571428571,0.0714285714286,0.285714285714,0.833333333333,0.714285714286,0.769230769231,0.857142857143,0.571428571429,0.666666666667,0.67082039325,0.642857142857,20,13,7,0,20,0,13,0,7,11,20,0.181818181818,3.04338842975,3.63636363636,2,2.5,1.68954001271,0.464623503495,0.245454545455,1.16774841624,0.642261628933,0.336363636364,1.94000937205,1.06700515463,0.536363636364,1.05689877454,0.347276990411,3.54545454545,3.04338842975,1.05689877454,3.54545454545,0.499047619048,0.4,8,0.0484848484848,0.255555555556,11,11,11,1,0,0.0909090909091,0.636363636364,0.272727272727,11,0.118181818182,3.72727272727,2.36363636364,1.3,1.625,1.43336856898,0.6064251638,0.286713286713,0.603022689156,0.510249967747,0.237762237762,1.40129809949,1.18571377649,0.503496503497,2.05382127221,0.551025219373,7,3.72727272727,2.05382127221,7,0,0,0,0,0.22962962963,11,11,11,1,0,0.0909090909091,0.636363636364,0.272727272727,11,19,0.172727272727,5.99715909091,3.45454545455,1.9,2.375,1.69491217257,0.490632471007,0.253588516746,0.904534033733,0.523677598477,0.267942583732,1.67874411933,0.971904490138,0.507177033493,2.14896661873,0.35833076731,7.5,5.99715909091,2.14896661873,7.5,0.432380952381,0.333333333333,6,0.0363636363636,0.219259259259,11,11,11,1,0,0.0909090909091,0.636363636364,0.272727272727,-1,-0.00909090909091,2.95377066116,-0.181818181818,-0.1,-0.125,0.00537215986117,0.0260089675122,0.00813397129187,-0.263214382509,-0.118584030456,-0.0684210526316,-0.26126525272,-0.0951006644889,-0.0291866028708,1.09206784419,0.0110537768992,3.95454545455,2.95377066116,1.09206784419,3.95454545455,-0.0666666666667,-0.0666666666667,-2,-0.0121212121212,-0.0362962962963,0,0,0,18,1,2,89,0.9,0.988888888889,0.0111111111111,0.1,0.947368421053,0.9,0.923076923077,0.906956031802,0.888888888889,0.857142857143,6,7,0,0,0,0
2309,WLNM_dir_neg,0.84693877551,0.606181318681,00:00:01,10,60,7,1176529756,threshold_sweep,0.5,0.833333333333,0.714285714286,0.769230769231,5,1,2,13,0.714285714286,0.928571428571,0.0714285714286,0.285714285714,0.833333333333,0.714285714286,0.769230769231,0.857142857143,0.571428571429,0.666666666667,0.67082039325,0.642857142857,20,13,7,0,20,0,13,0,7,11,20,0.181818181818,3.04338842975,3.63636363636,2,2.5,1.68954001271,0.464623503495,0.245454545455,1.16774841624,0.642261628933,0.336363636364,1.94000937205,1.06700515463,0.536363636364,1.05689877454,0.347276990411,3.54545454545,3.04338842975,1.05689877454,3.54545454545,0.499047619048,0.4,8,0.0484848484848,0.255555555556,11,11,11,1,0,0.0909090909091,0.636363636364,0.272727272727,11,0.118181818182,3.72727272727,2.36363636364,1.3,1.625,1.43336856898,0.6064251638,0.286713286713,0.603022689156,0.510249967747,0.237762237762,1.40129809949,1.18571377649,0.503496503497,2.05382127221,0.551025219373,7,3.72727272727,2.05382127221,7,0,0,0,0,0.22962962963,11,11,11,1,0,0.0909090909091,0.636363636364,0.272727272727,11,19,0.172727272727,5.99715909091,3.45454545455,1.9,2.375,1.69491217257,0.490632471007,0.253588516746,0.904534033733,0.523677598477,0.267942583732,1.67874411933,0.971904490138,0.507177033493,2.14896661873,0.35833076731,7.5,5.99715909091,2.14896661873,7.5,0.432380952381,0.333333333333,6,0.0363636363636,0.219259259259,11,11,11,1,0,0.0909090909091,0.636363636364,0.272727272727,-1,-0.00909090909091,2.95377066116,-0.181818181818,-0.1,-0.125,0.00537215986117,0.0260089675122,0.00813397129187,-0.263214382509,-0.118584030456,-0.0684210526316,-0.26126525272,-0.0951006644889,-0.0291866028708,1.09206784419,0.0110537768992,3.95454545455,2.95377066116,1.09206784419,3.95454545455,-0.0666666666667,-0.0666666666667,-2,-0.0121212121212,-0.0362962962963,0,0,0,18,1,2,89,0.9,0.988888888889,0.0111111111111,0.1,0.947368421053,0.9,0.923076923077,0.906956031802,0.888888888889,0.857142857143,6,7,0,0,0,0
2310,WLNM_dir_neg,0.84693877551,0.606181318681,00:00:01,10,60,7,1176529756,threshold_sweep,0.6,0.833333333333,0.714285714286,0.769230769231,5,1,2,13,0.714285714286,0.928571428571,0.0714285714286,0.285714285714,0.833333333333,0.714285714286,0.769230769231,0.857142857143,0.571428571429,0.666666666667,0.67082039325,0.642857142857,20,13,7,0,20,0,13,0,7,11,20,0.181818181818,3.04338842975,3.63636363636,2,2.5,1.68954001271,0.464623503495,0.245454545455,1.16774841624,0.642261628933,0.336363636364,1.94000937205,1.06700515463,0.536363636364,1.05689877454,0.347276990411,3.54545454545,3.04338842975,1.05689877454,3.54545454545,0.499047619048,0.4,8,0.0484848484848,0.255555555556,11,11,11,1,0,0.0909090909091,0.636363636364,0.272727272727,11,0.118181818182,3.72727272727,2.36363636364,1.3,1.625,1.43336856898,0.6064251638,0.286713286713,0.603022689156,0.510249967747,0.237762237762,1.40129809949,1.18571377649,0.503496503497,2.05382127221,0.551025219373,7,3.72727272727,2.05382127221,7,0,0,0,0,0.22962962963,11,11,11,1,0,0.0909090909091,0.636363636364,0.272727272727,11,19,0.172727272727,5.99715909091,3.45454545455,1.9,2.375,1.69491217257,0.490632471007,0.253588516746,0.904534033733,0.523677598477,0.267942583732,1.67874411933,0.971904490138,0.507177033493,2.14896661873,0.35833076731,7.5,5.99715909091,2.14896661873,7.5,0.432380952381,0.333333333333,6,0.0363636363636,0.219259259259,11,11,11,1,0,0.0909090909091,0.636363636364,0.272727272727,-1,-0.00909090909091,2.95377066116,-0.181818181818,-0.1,-0.125,0.00537215986117,0.0260089675122,0.00813397129187,-0.263214382509,-0.118584030456,-0.0684210526316,-0.26126525272,-0.0951006644889,-0.0291866028708,1.09206784419,0.0110537768992,3.95454545455,2.95377066116,1.09206784419,3.95454545455,-0.0666666666667,-0.0666666666667,-2,-0.0121212121212,-0.0362962962963,0,0,0,18,1,2,89,0.9,0.988888888889,0.0111111111111,0.1,0.947368421053,0.9,0.923076923077,0.906956031802,0.888888888889,0.857142857143,6,7,0,0,0,0
2311,WLNM_dir_neg,0.84693877551,0.606181318681,00:00:01,10,60,7,1176529756,threshold_sweep,0.7,0.833333333333,0.714285714286,0.769230769231,5,1,2,13,0.714285714286,0.928571428571,0.0714285714286,0.285714285714,0.833333333333,0.714285714286,0.769230769231,0.857142857143,0.571428571429,0.666666666667,0.67082039325,0.642857142857,20,13,7,0,20,0,13,0,7,11,20,0.181818181818,3.04338842975,3.63636363636,2,2.5,1.68954001271,0.464623503495,0.245454545455,1.16774841624,0.642261628933,0.336363636364,1.94000937205,1.06700515463,0.536363636364,1.05689877454,0.347276990411,3.54545454545,3.04338842975,1.05689877454,3.54545454545,0.499047619048,0.4,8,0.0484848484848,0.255555555556,11,11,11,1,0,0.0909090909091,0.636363636364,0.272727272727,11,0.118181818182,3.72727272727,2.36363636364,1.3,1.625,1.43336856898,0.6064251638,0.286713286713,0.603022689156,0.510249967747,0.237762237762,1.40129809949,1.18571377649,0.503496503497,2.05382127221,0.551025219373,7,3.72727272727,2.05382127221,7,0,0,0,0,0.22962962963,11,11,11,1,0,0.0909090909091,0.636363636364,0.272727272727,11,19,0.172727272727,5.99715909091,3.45454545455,1.9,2.375,1.69491217257,0.490632471007,0.253588516746,0.904534033733,0.523677598477,0.267942583732,1.67874411933,0.971904490138,0.507177033493,2.14896661873,0.35833076731,7.5,5.99715909091,2.14896661873,7.5,0.432380952381,0.333333333333,6,0.0363636363636,0.219259259259,11,11,11,1,0,0.0909090909091,0.636363636364,0.272727272727,-1,-0.00909090909091,2.95377066116,-0.181818181818,-0.1,-0.125,0.00537215986117,0.0260089675122,0.00813397129187,-0.263214382509,-0.118584030456,-0.0684210526316,-0.26126525272,-0.0951006644889,-0.0291866028708,1.09206784419,0.0110537768992,3.95454545455,2.95377066116,1.09206784419,3.95454545455,-0.0666666666667,-0.0666666666667,-2,-0.0121212121212,-0.0362962962963,0,0,0,18,1,2,89,0.9,0.988888888889,0.0111111111111,0.1,0.947368421053,0.9,0.923076923077,0.906956031802,0.888888888889,0.857142857143,6,7,0,0,0,0
2312,WLNM_dir_neg,0.84693877551,0.606181318681,00:00:01,10,60,7,1176529756,threshold_sweep,0.8,0.833333333333,0.714285714286,0.769230769231,5,1,2,13,0.714285714286,0.928571428571,0.0714285714286,0.285714285714,0.833333333333,0.714285714286,0.769230769231,0.857142857143,0.571428571429,0.666666666667,0.67082039325,0.642857142857,20,13,7,0,20,0,13,0,7,11,20,0.181818181818,3.04338842975,3.63636363636,2,2.5,1.68954001271,0.464623503495,0.245454545455,1.16774841624,0.642261628933,0.336363636364,1.94000937205,1.06700515463,0.536363636364,1.05689877454,0.347276990411,3.54545454545,3.04338842975,1.05689877454,3.54545454545,0.499047619048,0.4,8,0.0484848484848,0.255555555556,11,11,11,1,0,0.0909090909091,0.636363636364,0.272727272727,11,0.118181818182,3.72727272727,2.36363636364,1.3,1.625,1.43336856898,0.6064251638,0.286713286713,0.603022689156,0.510249967747,0.237762237762,1.40129809949,1.18571377649,0.503496503497,2.05382127221,0.551025219373,7,3.72727272727,2.05382127221,7,0,0,0,0,0.22962962963,11,11,11,1,0,0.0909090909091,0.636363636364,0.272727272727,11,19,0.172727272727,5.99715909091,3.45454545455,1.9,2.375,1.69491217257,0.490632471007,0.253588516746,0.904534033733,0.523677598477,0.267942583732,1.67874411933,0.971904490138,0.507177033493,2.14896661873,0.35833076731,7.5,5.99715909091,2.14896661873,7.5,0.432380952381,0.333333333333,6,0.0363636363636,0.219259259259,11,11,11,1,0,0.0909090909091,0.636363636364,0.272727272727,-1,-0.00909090909091,2.95377066116,-0.181818181818,-0.1,-0.125,0.00537215986117,0.0260089675122,0.00813397129187,-0.263214382509,-0.118584030456,-0.0684210526316,-0.26126525272,-0.0951006644889,-0.0291866028708,1.09206784419,0.0110537768992,3.95454545455,2.95377066116,1.09206784419,3.95454545455,-0.0666666666667,-0.0666666666667,-2,-0.0121212121212,-0.0362962962963,0,0,0,18,1,2,89,0.9,0.988888888889,0.0111111111111,0.1,0.947368421053,0.9,0.923076923077,0.906956031802,0.888888888889,0.857142857143,6,7,0,0,0,0
2313,WLNM_dir_neg,0.84693877551,0.606181318681,00:00:01,10,60,7,1176529756,threshold_sweep,0.9,0.833333333333,0.714285714286,0.769230769231,5,1,2,13,0.714285714286,0.928571428571,0.0714285714286,0.285714285714,0.833333333333,0.714285714286,0.769230769231,0.857142857143,0.571428571429,0.666666666667,0.67082039325,0.642857142857,20,13,7,0,20,0,13,0,7,11,20,0.181818181818,3.04338842975,3.63636363636,2,2.5,1.68954001271,0.464623503495,0.245454545455,1.16774841624,0.642261628933,0.336363636364,1.94000937205,1.06700515463,0.536363636364,1.05689877454,0.347276990411,3.54545454545,3.04338842975,1.05689877454,3.54545454545,0.499047619048,0.4,8,0.0484848484848,0.255555555556,11,11,11,1,0,0.0909090909091,0.636363636364,0.272727272727,11,0.118181818182,3.72727272727,2.36363636364,1.3,1.625,1.43336856898,0.6064251638,0.286713286713,0.603022689156,0.510249967747,0.237762237762,1.40129809949,1.18571377649,0.503496503497,2.05382127221,0.551025219373,7,3.72727272727,2.05382127221,7,0,0,0,0,0.22962962963,11,11,11,1,0,0.0909090909091,0.636363636364,0.272727272727,11,19,0.172727272727,5.99715909091,3.45454545455,1.9,2.375,1.69491217257,0.490632471007,0.253588516746,0.904534033733,0.523677598477,0.267942583732,1.67874411933,0.971904490138,0.507177033493,2.14896661873,0.35833076731,7.5,5.99715909091,2.14896661873,7.5,0.432380952381,0.333333333333,6,0.0363636363636,0.219259259259,11,11,11,1,0,0.0909090909091,0.636363636364,0.272727272727,-1,-0.00909090909091,2.95377066116,-0.181818181818,-0.1,-0.125,0.00537215986117,0.0260089675122,0.00813397129187,-0.263214382509,-0.118584030456,-0.0684210526316,-0.26126525272,-0.0951006644889,-0.0291866028708,1.09206784419,0.0110537768992,3.95454545455,2.95377066116,1.09206784419,3.95454545455,-0.0666666666667,-0.0666666666667,-2,-0.0121212121212,-0.0362962962963,0,0,0,18,1,2,89,0.9,0.988888888889,0.0111111111111,0.1,0.947368421053,0.9,0.923076923077,0.906956031802,0.888888888889,0.857142857143,6,7,0,0,0,0
2314,WLNM_dir_neg,0.80612244898,0.516284013605,00:00:00,10,60,8,1176529757,threshold_sweep,0.1,0.833333333333,0.714285714286,0.769230769231,5,1,2,13,0.714285714286,0.928571428571,0.0714285714286,0.285714285714,0.833333333333,0.714285714286,0.769230769231,0.857142857143,0.571428571429,0.666666666667,0.67082039325,0.642857142857,20,13,7,0,20,0,13,0,7,11,20,0.181818181818,3.04338842975,3.63636363636,2,2.5,1.68954001271,0.464623503495,0.245454545455,1.16774841624,0.642261628933,0.336363636364,1.94000937205,1.06700515463,0.536363636364,1.05689877454,0.347276990411,3.54545454545,3.04338842975,1.05689877454,3.54545454545,0.499047619048,0.4,8,0.0484848484848,0.255555555556,11,11,11,1,0,0.0909090909091,0.636363636364,0.272727272727,11,0.118181818182,3.72727272727,2.36363636364,1.3,1.625,1.43336856898,0.6064251638,0.286713286713,0.603022689156,0.510249967747,0.237762237762,1.40129809949,1.18571377649,0.503496503497,2.05382127221,0.551025219373,7,3.72727272727,2.05382127221,7,0,0,0,0,0.22962962963,11,11,11,1,0,0.0909090909091,0.636363636364,0.272727272727,11,19,0.172727272727,3.17803030303,3.45454545455,1.9,2.375,1.43969693781,0.416754376733,0.215311004785,1.00904995822,0.584186817916,0.306220095694,1.67874411933,0.971904490138,0.507177033493,1.20143012424,0.378042375208,3.875,3.17803030303,1.20143012424,3.875,0.393333333333,0.3,5,0.030303030303,0.223703703704,11,11,11,1,0,0.0909090909091,0.636363636364,0.272727272727,-1,-0.00909090909091,0.134641873278,-0.181818181818,-0.1,-0.125,-0.249843074903,-0.0478691267618,-0.0301435406699,-0.158698458023,-0.058074811017,-0.0301435406699,-0.26126525272,-0.0951006644889,-0.0291866028708,0.144531349704,0.0307653847969,0.329545454545,0.134641873278,0.144531349704,0.329545454545,-0.105714285714,-0.1,-3,-0.0181818181818,-0.0318518518519,0,0,0,18,1,2,89,0.9,0.988888888889,0.0111111111111,0.1,0.947368421053,0.9,0.923076923077,0.906956031802,0.888888888889,0.857142857143,6,7,0,0,0,0
2315,WLNM_dir_neg,0.80612244898,0.516284013605,00:00:00,10,60,8,1176529757,threshold_sweep,0.2,0.833333333333,0.714285714286,0.769230769231,5,1,2,13,0.714285714286,0.928571428571,0.0714285714286,0.285714285714,0.833333333333,0.714285714286,0.769230769231,0.857142857143,0.571428571429,0.666666666667,0.67082039325,0.642857142857,20,13,7,0,20,0,13,0,7,11,20,0.181818181818,3.04338842975,3.63636363636,2,2.5,1.68954001271,0.464623503495,0.245454545455,1.16774841624,0.642261628933,0.336363636364,1.94000937205,1.06700515463,0.536363636364,1.05689877454,0.347276990411,3.54545454545,3.04338842975,1.05689877454,3.54545454545,0.499047619048,0.4,8,0.0484848484848,0.255555555556,11,11,11,1,0,0.0909090909091,0.636363636364,0.272727272727,11,0.118181818182,3.72727272727,2.36363636364,1.3,1.625,1.43336856898,0.6064251638,0.286713286713,0.603022689156,0.510249967747,0.237762237762,1.40129809949,1.18571377649,0.503496503497,2.05382127221,0.551025219373,7,3.72727272727,2.05382127221,7,0,0,0,0,0.22962962963,11,11,11,1,0,0.0909090909091,0.636363636364,0.272727272727,11,19,0.172727272727,3.17803030303,3.45454545455,1.9,2.375,1.43969693781,0.416754376733,0.215311004785,1.00904995822,0.584186817916,0.306220095694,1.67874411933,0.971904490138,0.507177033493,1.20143012424,0.378042375208,3.875,3.17803030303,1.20143012424,3.875,0.393333333333,0.3,5,0.030303030303,0.223703703704,11,11,11,1,0,0.0909090909091,0.636363636364,0.272727272727,-1,-0.00909090909091,0.134641873278,-0.181818181818,-0.1,-0.125,-0.249843074903,-0.0478691267618,-0.0301435406699,-0.158698458023,-0.058074811017,-0.0301435406699,-0.26126525272,-0.0951006644889,-0.0291866028708,0.144531349704,0.0307653847969,0.329545454545,0.134641873278,0.144531349704,0.329545454545,-0.105714285714,-0.1,-3,-0.0181818181818,-0.0318518518519,0,0,0,18,1,2,89,0.9,0.988888888889,0.0111111111111,0.1,0.947368421053,0.9,0.923076923077,0.906956031802,0.888888888889,0.857142857143,6,7,0,0,0,0
2316,WLNM_dir_neg,0.80612244898,0.516284013605,00:00:00,10,60,8,1176529757,threshold_sweep,0.3,0.8,0.571428571429,0.666666666667,4,1,3,13,0.571428571429,0.928571428571,0.0714285714286,0.428571428571,0.8,0.571428571429,0.666666666667,0.809523809524,0.587301587302,0.538461538462,0.553398590529,0.5,20,13,7,0,20,0,13,0,7,11,20,0.181818181818,3.04338842975,3.63636363636,2,2.5,1.68954001271,0.464623503495,0.245454545455,1.16774841624,0.642261628933,0.336363636364,1.94000937205,1.06700515463,0.536363636364,1.05689877454,0.347276990411,3.54545454545,3.04338842975,1.05689877454,3.54545454545,0.499047619048,0.4,8,0.0484848484848,0.255555555556,11,11,11,1,0,0.0909090909091,0.636363636364,0.272727272727,11,0.118181818182,3.72727272727,2.36363636364,1.3,1.625,1.43336856898,0.6064251638,0.286713286713,0.603022689156,0.510249967747,0.237762237762,1.40129809949,1.18571377649,0.503496503497,2.05382127221,0.551025219373,7,3.72727272727,2.05382127221,7,0,0,0,0,0.22962962963,11,11,11,1,0,0.0909090909091,0.636363636364,0.272727272727,11,18,0.163636363636,3.25757575758,3.27272727273,1.8,2.25,1.27207775634,0.388690425549,0.191919191919,0.924416277737,0.564921058617,0.292929292929,1.5666989036,0.957427107756,0.494949494949,1.32052943163,0.405371825523,4.4,3.25757575758,1.32052943163,4.4,0.213333333333,0.139534883721,2,0.0121212121212,0.209259259259,11,11,11,1,0,0.0909090909091,0.636363636364,0.272727272727,-2,-0.0181818181818,0.214187327824,-0.363636363636,-0.2,-0.25,-0.417462256367,-0.0759330779459,-0.0535353535354,-0.243332138505,-0.0773405703161,-0.0434343434343,-0.373310468447,-0.10957804687,-0.0414141414141,0.263630657092,0.058094835112,0.854545454545,0.214187327824,0.263630657092,0.854545454545,-0.285714285714,-0.260465116279,-6,-0.0363636363636,-0.0462962962963,0,0,0,17,1,3,89,0.85,0.988888888889,0.0111111111111,0.15,0.944444444444,0.85,0.894736842105,0.874602125628,0.838888888889,0.809523809524,5,7,0,0,0,0
2317,WLNM_dir_neg,0.80612244898,0.516284013605,00:00:00,10,60,8,1176529757,threshold_sweep,0.4,0.8,0.571428571429,0.666666666667,4,1,3,13,0.571428571429,0.928571428571,0.0714285714286,0.428571428571,0.8,0.571428571429,0.666666666667,0.809523809524,0.587301587302,0.538461538462,0.553398590529,0.5,20,13,7,0,20,0,13,0,7,11,20,0.181818181818,3.04338842975,3.63636363636,2,2.5,1.68954001271,0.464623503495,0.245454545455,1.16774841624,0.642261628933,0.336363636364,1.94000937205,1.06700515463,0.536363636364,1.05689877454,0.347276990411,3.54545454545,3.04338842975,1.05689877454,3.54545454545,0.499047619048,0.4,8,0.0484848484848,0.255555555556,11,11,11,1,0,0.0909090909091,0.636363636364,0.272727272727,11,0.118181818182,3.72727272727,2.36363636364,1.3,1.625,1.43336856898,0.6064251638,0.286713286713,0.603022689156,0.510249967747,0.237762237762,1.40129809949,1.18571377649,0.503496503497,2.05382127221,0.551025219373,7,3.72727272727,2.05382127221,7,0,0,0,0,0.22962962963,11,11,11,1,0,0.0909090909091,0.636363636364,0.272727272727,11,18,0.163636363636,3.25757575758,3.27272727273,1.8,2.25,1.27207775634,0.388690425549,0.191919191919,0.924416277737,0.564921058617,0.292929292929,1.5666989036,0.957427107756,0.494949494949,1.32052943163,0.405371825523,4.4,3.25757575758,1.32052943163,4.4,0.213333333333,0.139534883721,2,0.0121212121212,0.209259259259,11,11,11,1,0,0.0909090909091,0.636363636364,0.272727272727,-2,-0.0181818181818,0.214187327824,-0.363636363636,-0.2,-0.25,-0.417462256367,-0.0759330779459,-0.0535353535354,-0.243332138505,-0.0773405703161,-0.0434343434343,-0.373310468447,-0.10957804687,-0.0414141414141,0.263630657092,0.058094835112,0.854545454545,0.214187327824,0.263630657092,0.854545454545,-0.285714285714,-0.260465116279,-6,-0.0363636363636,-0.0462962962963,0,0,0,17,1,3,89,0.85,0.988888888889,0.0111111111111,0.15,0.944444444444,0.85,0.894736842105,0.874602125628,0.838888888889,0.809523809524,5,7,0,0,0,0
2318,WLNM_dir_neg,0.80612244898,0.516284013605,00:00:00,10,60,8,1176529757,threshold_sweep,0.5,0.8,0.571428571429,0.666666666667,4,1,3,13,0.571428571429,0.928571428571,0.0714285714286,0.428571428571,0.8,0.571428571429,0.666666666667,0.809523809524,0.587301587302,0.538461538462,0.553398590529,0.5,20,13,7,0,20,0,13,0,7,11,20,0.181818181818,3.04338842975,3.63636363636,2,2.5,1.68954001271,0.464623503495,0.245454545455,1.16774841624,0.642261628933,0.336363636364,1.94000937205,1.06700515463,0.536363636364,1.05689877454,0.347276990411,3.54545454545,3.04338842975,1.05689877454,3.54545454545,0.499047619048,0.4,8,0.0484848484848,0.255555555556,11,11,11,1,0,0.0909090909091,0.636363636364,0.272727272727,11,0.118181818182,3.72727272727,2.36363636364,1.3,1.625,1.43336856898,0.6064251638,0.286713286713,0.603022689156,0.510249967747,0.237762237762,1.40129809949,1.18571377649,0.503496503497,2.05382127221,0.551025219373,7,3.72727272727,2.05382127221,7,0,0,0,0,0.22962962963,11,11,11,1,0,0.0909090909091,0.636363636364,0.272727272727,11,18,0.163636363636,3.25757575758,3.27272727273,1.8,2.25,1.27207775634,0.388690425549,0.191919191919,0.924416277737,0.564921058617,0.292929292929,1.5666989036,0.957427107756,0.494949494949,1.32052943163,0.405371825523,4.4,3.25757575758,1.32052943163,4.4,0.213333333333,0.139534883721,2,0.0121212121212,0.209259259259,11,11,11,1,0,0.0909090909091,0.636363636364,0.272727272727,-2,-0.0181818181818,0.214187327824,-0.363636363636,-0.2,-0.25,-0.417462256367,-0.0759330779459,-0.0535353535354,-0.243332138505,-0.0773405703161,-0.0434343434343,-0.373310468447,-0.10957804687,-0.0414141414141,0.263630657092,0.058094835112,0.854545454545,0.214187327824,0.263630657092,0.854545454545,-0.285714285714,-0.260465116279,-6,-0.0363636363636,-0.0462962962963,0,0,0,17,1,3,89,0.85,0.988888888889,0.0111111111111,0.15,0.944444444444,0.85,0.894736842105,0.874602125628,0.838888888889,0.809523809524,5,7,0,0,0,0
2319,WLNM_dir_neg,0.80612244898,0.516284013605,00:00:00,10,60,8,1176529757,threshold_sweep,0.6,0.8,0.571428571429,0.666666666667,4,1,3,13,0.571428571429,0.928571428571,0.0714285714286,0.428571428571,0.8,0.571428571429,0.666666666667,0.809523809524,0.587301587302,0.538461538462,0.553398590529,0.5,20,13,7,0,20,0,13,0,7,11,20,0.181818181818,3.04338842975,3.63636363636,2,2.5,1.68954001271,0.464623503495,0.245454545455,1.16774841624,0.642261628933,0.336363636364,1.94000937205,1.06700515463,0.536363636364,1.05689877454,0.347276990411,3.54545454545,3.04338842975,1.05689877454,3.54545454545,0.499047619048,0.4,8,0.0484848484848,0.255555555556,11,11,11,1,0,0.0909090909091,0.636363636364,0.272727272727,11,0.118181818182,3.72727272727,2.36363636364,1.3,1.625,1.43336856898,0.6064251638,0.286713286713,0.603022689156,0.510249967747,0.237762237762,1.40129809949,1.18571377649,0.503496503497,2.05382127221,0.551025219373,7,3.72727272727,2.05382127221,7,0,0,0,0,0.22962962963,11,11,11,1,0,0.0909090909091,0.636363636364,0.272727272727,11,18,0.163636363636,3.25757575758,3.27272727273,1.8,2.25,1.27207775634,0.388690425549,0.191919191919,0.924416277737,0.564921058617,0.292929292929,1.5666989036,0.957427107756,0.494949494949,1.32052943163,0.405371825523,4.4,3.25757575758,1.32052943163,4.4,0.213333333333,0.139534883721,2,0.0121212121212,0.209259259259,11,11,11,1,0,0.0909090909091,0.636363636364,0.272727272727,-2,-0.0181818181818,0.214187327824,-0.363636363636,-0.2,-0.25,-0.417462256367,-0.0759330779459,-0.0535353535354,-0.243332138505,-0.0773405703161,-0.0434343434343,-0.373310468447,-0.10957804687,-0.0414141414141,0.263630657092,0.058094835112,0.854545454545,0.214187327824,0.263630657092,0.854545454545,-0.285714285714,-0.260465116279,-6,-0.0363636363636,-0.0462962962963,0,0,0,17,1,3,89,0.85,0.988888888889,0.0111111111111,0.15,0.944444444444,0.85,0.894736842105,0.874602125628,0.838888888889,0.809523809524,5,7,0,0,0,0
2320,WLNM_dir_neg,0.80612244898,0.516284013605,00:00:00,10,60,8,1176529757,threshold_sweep,0.7,0.8,0.571428571429,0.666666666667,4,1,3,13,0.571428571429,0.928571428571,0.0714285714286,0.428571428571,0.8,0.571428571429,0.666666666667,0.809523809524,0.587301587302,0.538461538462,0.553398590529,0.5,20,13,7,0,20,0,13,0,7,11,20,0.181818181818,3.04338842975,3.63636363636,2,2.5,1.68954001271,0.464623503495,0.245454545455,1.16774841624,0.642261628933,0.336363636364,1.94000937205,1.06700515463,0.536363636364,1.05689877454,0.347276990411,3.54545454545,3.04338842975,1.05689877454,3.54545454545,0.499047619048,0.4,8,0.0484848484848,0.255555555556,11,11,11,1,0,0.0909090909091,0.636363636364,0.272727272727,11,0.118181818182,3.72727272727,2.36363636364,1.3,1.625,1.43336856898,0.6064251638,0.286713286713,0.603022689156,0.510249967747,0.237762237762,1.40129809949,1.18571377649,0.503496503497,2.05382127221,0.551025219373,7,3.72727272727,2.05382127221,7,0,0,0,0,0.22962962963,11,11,11,1,0,0.0909090909091,0.636363636364,0.272727272727,11,18,0.163636363636,3.25757575758,3.27272727273,1.8,2.25,1.27207775634,0.388690425549,0.191919191919,0.924416277737,0.564921058617,0.292929292929,1.5666989036,0.957427107756,0.494949494949,1.32052943163,0.405371825523,4.4,3.25757575758,1.32052943163,4.4,0.213333333333,0.139534883721,2,0.0121212121212,0.209259259259,11,11,11,1,0,0.0909090909091,0.636363636364,0.272727272727,-2,-0.0181818181818,0.214187327824,-0.363636363636,-0.2,-0.25,-0.417462256367,-0.0759330779459,-0.0535353535354,-0.243332138505,-0.0773405703161,-0.0434343434343,-0.373310468447,-0.10957804687,-0.0414141414141,0.263630657092,0.058094835112,0.854545454545,0.214187327824,0.263630657092,0.854545454545,-0.285714285714,-0.260465116279,-6,-0.0363636363636,-0.0462962962963,0,0,0,17,1,3,89,0.85,0.988888888889,0.0111111111111,0.15,0.944444444444,0.85,0.894736842105,0.874602125628,0.838888888889,0.809523809524,5,7,0,0,0,0
2321,WLNM_dir_neg,0.80612244898,0.516284013605,00:00:00,10,60,8,1176529757,threshold_sweep,0.8,0.8,0.571428571429,0.666666666667,4,1,3,13,0.571428571429,0.928571428571,0.0714285714286,0.428571428571,0.8,0.571428571429,0.666666666667,0.809523809524,0.587301587302,0.538461538462,0.553398590529,0.5,20,13,7,0,20,0,13,0,7,11,20,0.181818181818,3.04338842975,3.63636363636,2,2.5,1.68954001271,0.464623503495,0.245454545455,1.16774841624,0.642261628933,0.336363636364,1.94000937205,1.06700515463,0.536363636364,1.05689877454,0.347276990411,3.54545454545,3.04338842975,1.05689877454,3.54545454545,0.499047619048,0.4,8,0.0484848484848,0.255555555556,11,11,11,1,0,0.0909090909091,0.636363636364,0.272727272727,11,0.118181818182,3.72727272727,2.36363636364,1.3,1.625,1.43336856898,0.6064251638,0.286713286713,0.603022689156,0.510249967747,0.237762237762,1.40129809949,1.18571377649,0.503496503497,2.05382127221,0.551025219373,7,3.72727272727,2.05382127221,7,0,0,0,0,0.22962962963,11,11,11,1,0,0.0909090909091,0.636363636364,0.272727272727,11,18,0.163636363636,3.25757575758,3.27272727273,1.8,2.25,1.27207775634,0.388690425549,0.191919191919,0.924416277737,0.564921058617,0.292929292929,1.5666989036,0.957427107756,0.494949494949,1.32052943163,0.405371825523,4.4,3.25757575758,1.32052943163,4.4,0.213333333333,0.139534883721,2,0.0121212121212,0.209259259259,11,11,11,1,0,0.0909090909091,0.636363636364,0.272727272727,-2,-0.0181818181818,0.214187327824,-0.363636363636,-0.2,-0.25,-0.417462256367,-0.0759330779459,-0.0535353535354,-0.243332138505,-0.0773405703161,-0.0434343434343,-0.373310468447,-0.10957804687,-0.0414141414141,0.263630657092,0.058094835112,0.854545454545,0.214187327824,0.263630657092,0.854545454545,-0.285714285714,-0.260465116279,-6,-0.0363636363636,-0.0462962962963,0,0,0,17,1,3,89,0.85,0.988888888889,0.0111111111111,0.15,0.944444444444,0.85,0.894736842105,0.874602125628,0.838888888889,0.809523809524,5,7,0,0,0,0
2322,WLNM_dir_neg,0.80612244898,0.516284013605,00:00:00,10,60,8,1176529757,threshold_sweep,0.9,1,0.428571428571,0.6,3,0,4,14,0.428571428571,1,0,0.571428571429,1,0.428571428571,0.6,0.809523809524,0.619047619048,0.5,0.57735026919,0.428571428571,20,13,7,0,20,0,13,0,7,11,20,0.181818181818,3.04338842975,3.63636363636,2,2.5,1.68954001271,0.464623503495,0.245454545455,1.16774841624,0.642261628933,0.336363636364,1.94000937205,1.06700515463,0.536363636364,1.05689877454,0.347276990411,3.54545454545,3.04338842975,1.05689877454,3.54545454545,0.499047619048,0.4,8,0.0484848484848,0.255555555556,11,11,11,1,0,0.0909090909091,0.636363636364,0.272727272727,11,0.118181818182,3.72727272727,2.36363636364,1.3,1.625,1.43336856898,0.6064251638,0.286713286713,0.603022689156,0.510249967747,0.237762237762,1.40129809949,1.18571377649,0.503496503497,2.05382127221,0.551025219373,7,3.72727272727,2.05382127221,7,0,0,0,0,0.22962962963,11,11,11,1,0,0.0909090909091,0.636363636364,0.272727272727,11,16,0.145454545455,3.25,2.90909090909,1.6,2,1.30034960334,0.446995176148,0.215909090909,0.687551650952,0.47269176003,0.227272727273,1.57249078621,1.08108741552,0.522727272727,1.3758835545,0.423348786001,4.66666666667,3.25,1.3758835545,4.66666666667,0.213333333333,0.171428571429,2,0.0121212121212,0.2,11,11,11,1,0,0.0909090909091,0.636363636364,0.272727272727,-4,-0.0363636363636,0.206611570248,-0.727272727273,-0.4,-0.5,-0.389190409368,-0.0176283273466,-0.0295454545455,-0.48019676529,-0.169569868904,-0.109090909091,-0.367518585835,0.0140822608953,-0.0136363636364,0.318984779967,0.07607179559,1.12121212121,0.206611570248,0.318984779967,1.12121212121,-0.285714285714,-0.228571428571,-6,-0.0363636363636,-0.0555555555556,0,0,0,16,0,4,90,0.8,1,0,0.2,1,0.8,0.888888888889,0.875189948987,0.8,0.8,3,7,0,0,0,0
2323,WLNM_dir_neg,0.84693877551,0.556574675325,00:00:01,10,60,9,1176529758,threshold_sweep,0.1,1,0.714285714286,0.833333333333,5,0,2,14,0.714285714286,1,0,0.285714285714,1,0.714285714286,0.833333333333,0.904761904762,0.587301587302,0.769230769231,0.790569415042,0.714285714286,20,13,7,0,20,0,13,0,7,11,20,0.181818181818,3.04338842975,3.63636363636,2,2.5,1.68954001271,0.464623503495,0.245454545455,1.16774841624,0.642261628933,0.336363636364,1.94000937205,1.06700515463,0.536363636364,1.05689877454,0.347276990411,3.54545454545,3.04338842975,1.05689877454,3.54545454545,0.499047619048,0.4,8,0.0484848484848,0.255555555556,11,11,11,1,0,0.0909090909091,0.636363636364,0.272727272727,11,0.118181818182,3.72727272727,2.36363636364,1.3,1.625,1.43336856898,0.6064251638,0.286713286713,0.603022689156,0.510249967747,0.237762237762,1.40129809949,1.18571377649,0.503496503497,2.05382127221,0.551025219373,7,3.72727272727,2.05382127221,7,0,0,0,0,0.22962962963,11,11,11,1,0,0.0909090909091,0.636363636364,0.272727272727,11,18,0.163636363636,3.11363636364,3.27272727273,1.8,2.25,1.42062726223,0.434080552347,0.227272727273,0.924416277737,0.564921058617,0.292929292929,1.68954001271,1.03249667443,0.525252525253,1.14353419474,0.367266456706,3.875,3.11363636364,1.14353419474,3.875,0.366666666667,0.266666666667,4,0.0242424242424,0.221111111111,11,11,11,1,0,0.0909090909091,0.636363636364,0.272727272727,-2,-0.0181818181818,0.0702479338843,-0.363636363636,-0.2,-0.25,-0.268912750482,-0.030542951148,-0.0181818181818,-0.243332138505,-0.0773405703161,-0.0434343434343,-0.250469359339,-0.0345084801933,-0.0111111111111,0.0866354202056,0.0199894662943,0.329545454545,0.0702479338843,0.0866354202056,0.329545454545,-0.132380952381,-0.133333333333,-4,-0.0242424242424,-0.0344444444444,0,0,0,18,0,2,90,0.9,1,0,0.1,1,0.9,0.947368421053,0.938314863257,0.9,0.9,5,7,0,0,0,0
2324,WLNM_dir_neg,0.84693877551,0.556574675325,00:00:01,10,60,9,1176529758,threshold_sweep,0.2,1,0.714285714286,0.833333333333,5,0,2,14,0.714285714286,1,0,0.285714285714,1,0.714285714286,0.833333333333,0.904761904762,0.587301587302,0.769230769231,0.790569415042,0.714285714286,20,13,7,0,20,0,13,0,7,11,20,0.181818181818,3.04338842975,3.63636363636,2,2.5,1.68954001271,0.464623503495,0.245454545455,1.16774841624,0.642261628933,0.336363636364,1.94000937205,1.06700515463,0.536363636364,1.05689877454,0.347276990411,3.54545454545,3.04338842975,1.05689877454,3.54545454545,0.499047619048,0.4,8,0.0484848484848,0.255555555556,11,11,11,1,0,0.0909090909091,0.636363636364,0.272727272727,11,0.118181818182,3.72727272727,2.36363636364,1.3,1.625,1.43336856898,0.6064251638,0.286713286713,0.603022689156,0.510249967747,0.237762237762,1.40129809949,1.18571377649,0.503496503497,2.05382127221,0.551025219373,7,3.72727272727,2.05382127221,7,0,0,0,0,0.22962962963,11,11,11,1,0,0.0909090909091,0.636363636364,0.272727272727,11,18,0.163636363636,3.11363636364,3.27272727273,1.8,2.25,1.42062726223,0.434080552347,0.227272727273,0.924416277737,0.564921058617,0.292929292929,1.68954001271,1.03249667443,0.525252525253,1.14353419474,0.367266456706,3.875,3.11363636364,1.14353419474,3.875,0.366666666667,0.266666666667,4,0.0242424242424,0.221111111111,11,11,11,1,0,0.0909090909091,0.636363636364,0.272727272727,-2,-0.0181818181818,0.0702479338843,-0.363636363636,-0.2,-0.25,-0.268912750482,-0.030542951148,-0.0181818181818,-0.243332138505,-0.0773405703161,-0.0434343434343,-0.250469359339,-0.0345084801933,-0.0111111111111,0.0866354202056,0.0199894662943,0.329545454545,0.0702479338843,0.0866354202056,0.329545454545,-0.132380952381,-0.133333333333,-4,-0.0242424242424,-0.0344444444444,0,0,0,18,0,2,90,0.9,1,0,0.1,1,0.9,0.947368421053,0.938314863257,0.9,0.9,5,7,0,0,0,0
2325,WLNM_dir_neg,0.84693877551,0.556574675325,00:00:01,10,60,9,1176529758,threshold_sweep,0.3,1,0.714285714286,0.833333333333,5,0,2,14,0.714285714286,1,0,0.285714285714,1,0.714285714286,0.833333333333,0.904761904762,0.587301587302,0.769230769231,0.790569415042,0.714285714286,20,13,7,0,20,0,13,0,7,11,20,0.181818181818,3.04338842975,3.63636363636,2,2.5,1.68954001271,0.464623503495,0.245454545455,1.16774841624,0.642261628933,0.336363636364,1.94000937205,1.06700515463,0.536363636364,1.05689877454,0.347276990411,3.54545454545,3.04338842975,1.05689877454,3.54545454545,0.499047619048,0.4,8,0.0484848484848,0.255555555556,11,11,11,1,0,0.0909090909091,0.636363636364,0.272727272727,11,0.118181818182,3.72727272727,2.36363636364,1.3,1.625,1.43336856898,0.6064251638,0.286713286713,0.603022689156,0.510249967747,0.237762237762,1.40129809949,1.18571377649,0.503496503497,2.05382127221,0.551025219373,7,3.72727272727,2.05382127221,7,0,0,0,0,0.22962962963,11,11,11,1,0,0.0909090909091,0.636363636364,0.272727272727,11,18,0.163636363636,3.11363636364,3.27272727273,1.8,2.25,1.42062726223,0.434080552347,0.227272727273,0.924416277737,0.564921058617,0.292929292929,1.68954001271,1.03249667443,0.525252525253,1.14353419474,0.367266456706,3.875,3.11363636364,1.14353419474,3.875,0.366666666667,0.266666666667,4,0.0242424242424,0.221111111111,11,11,11,1,0,0.0909090909091,0.636363636364,0.272727272727,-2,-0.0181818181818,0.0702479338843,-0.363636363636,-0.2,-0.25,-0.268912750482,-0.030542951148,-0.0181818181818,-0.243332138505,-0.0773405703161,-0.0434343434343,-0.250469359339,-0.0345084801933,-0.0111111111111,0.0866354202056,0.0199894662943,0.329545454545,0.0702479338843,0.0866354202056,0.329545454545,-0.132380952381,-0.133333333333,-4,-0.0242424242424,-0.0344444444444,0,0,0,18,0,2,90,0.9,1,0,0.1,1,0.9,0.947368421053,0.938314863257,0.9,0.9,5,7,0,0,0,0
2326,WLNM_dir_neg,0.84693877551,0.556574675325,00:00:01,10,60,9,1176529758,threshold_sweep,0.4,1,0.714285714286,0.833333333333,5,0,2,14,0.714285714286,1,0,0.285714285714,1,0.714285714286,0.833333333333,0.904761904762,0.587301587302,0.769230769231,0.790569415042,0.714285714286,20,13,7,0,20,0,13,0,7,11,20,0.181818181818,3.04338842975,3.63636363636,2,2.5,1.68954001271,0.464623503495,0.245454545455,1.16774841624,0.642261628933,0.336363636364,1.94000937205,1.06700515463,0.536363636364,1.05689877454,0.347276990411,3.54545454545,3.04338842975,1.05689877454,3.54545454545,0.499047619048,0.4,8,0.0484848484848,0.255555555556,11,11,11,1,0,0.0909090909091,0.636363636364,0.272727272727,11,0.118181818182,3.72727272727,2.36363636364,1.3,1.625,1.43336856898,0.6064251638,0.286713286713,0.603022689156,0.510249967747,0.237762237762,1.40129809949,1.18571377649,0.503496503497,2.05382127221,0.551025219373,7,3.72727272727,2.05382127221,7,0,0,0,0,0.22962962963,11,11,11,1,0,0.0909090909091,0.636363636364,0.272727272727,11,18,0.163636363636,3.11363636364,3.27272727273,1.8,2.25,1.42062726223,0.434080552347,0.227272727273,0.924416277737,0.564921058617,0.292929292929,1.68954001271,1.03249667443,0.525252525253,1.14353419474,0.367266456706,3.875,3.11363636364,1.14353419474,3.875,0.366666666667,0.266666666667,4,0.0242424242424,0.221111111111,11,11,11,1,0,0.0909090909091,0.636363636364,0.272727272727,-2,-0.0181818181818,0.0702479338843,-0.363636363636,-0.2,-0.25,-0.268912750482,-0.030542951148,-0.0181818181818,-0.243332138505,-0.0773405703161,-0.0434343434343,-0.250469359339,-0.0345084801933,-0.0111111111111,0.0866354202056,0.0199894662943,0.329545454545,0.0702479338843,0.0866354202056,0.329545454545,-0.132380952381,-0.133333333333,-4,-0.0242424242424,-0.0344444444444,0,0,0,18,0,2,90,0.9,1,0,0.1,1,0.9,0.947368421053,0.938314863257,0.9,0.9,5,7,0,0,0,0
2327,WLNM_dir_neg,0.84693877551,0.556574675325,00:00:01,10,60,9,1176529758,threshold_sweep,0.5,1,0.714285714286,0.833333333333,5,0,2,14,0.714285714286,1,0,0.285714285714,1,0.714285714286,0.833333333333,0.904761904762,0.587301587302,0.769230769231,0.790569415042,0.714285714286,20,13,7,0,20,0,13,0,7,11,20,0.181818181818,3.04338842975,3.63636363636,2,2.5,1.68954001271,0.464623503495,0.245454545455,1.16774841624,0.642261628933,0.336363636364,1.94000937205,1.06700515463,0.536363636364,1.05689877454,0.347276990411,3.54545454545,3.04338842975,1.05689877454,3.54545454545,0.499047619048,0.4,8,0.0484848484848,0.255555555556,11,11,11,1,0,0.0909090909091,0.636363636364,0.272727272727,11,0.118181818182,3.72727272727,2.36363636364,1.3,1.625,1.43336856898,0.6064251638,0.286713286713,0.603022689156,0.510249967747,0.237762237762,1.40129809949,1.18571377649,0.503496503497,2.05382127221,0.551025219373,7,3.72727272727,2.05382127221,7,0,0,0,0,0.22962962963,11,11,11,1,0,0.0909090909091,0.636363636364,0.272727272727,11,18,0.163636363636,3.11363636364,3.27272727273,1.8,2.25,1.42062726223,0.434080552347,0.227272727273,0.924416277737,0.564921058617,0.292929292929,1.68954001271,1.03249667443,0.525252525253,1.14353419474,0.367266456706,3.875,3.11363636364,1.14353419474,3.875,0.366666666667,0.266666666667,4,0.0242424242424,0.221111111111,11,11,11,1,0,0.0909090909091,0.636363636364,0.272727272727,-2,-0.0181818181818,0.0702479338843,-0.363636363636,-0.2,-0.25,-0.268912750482,-0.030542951148,-0.0181818181818,-0.243332138505,-0.0773405703161,-0.0434343434343,-0.250469359339,-0.0345084801933,-0.0111111111111,0.0866354202056,0.0199894662943,0.329545454545,0.0702479338843,0.0866354202056,0.329545454545,-0.132380952381,-0.133333333333,-4,-0.0242424242424,-0.0344444444444,0,0,0,18,0,2,90,0.9,1,0,0.1,1,0.9,0.947368421053,0.938314863257,0.9,0.9,5,7,0,0,0,0
2328,WLNM_dir_neg,0.84693877551,0.556574675325,00:00:01,10,60,9,1176529758,threshold_sweep,0.6,1,0.714285714286,0.833333333333,5,0,2,14,0.714285714286,1,0,0.285714285714,1,0.714285714286,0.833333333333,0.904761904762,0.587301587302,0.769230769231,0.790569415042,0.714285714286,20,13,7,0,20,0,13,0,7,11,20,0.181818181818,3.04338842975,3.63636363636,2,2.5,1.68954001271,0.464623503495,0.245454545455,1.16774841624,0.642261628933,0.336363636364,1.94000937205,1.06700515463,0.536363636364,1.05689877454,0.347276990411,3.54545454545,3.04338842975,1.05689877454,3.54545454545,0.499047619048,0.4,8,0.0484848484848,0.255555555556,11,11,11,1,0,0.0909090909091,0.636363636364,0.272727272727,11,0.118181818182,3.72727272727,2.36363636364,1.3,1.625,1.43336856898,0.6064251638,0.286713286713,0.603022689156,0.510249967747,0.237762237762,1.40129809949,1.18571377649,0.503496503497,2.05382127221,0.551025219373,7,3.72727272727,2.05382127221,7,0,0,0,0,0.22962962963,11,11,11,1,0,0.0909090909091,0.636363636364,0.272727272727,11,18,0.163636363636,3.11363636364,3.27272727273,1.8,2.25,1.42062726223,0.434080552347,0.227272727273,0.924416277737,0.564921058617,0.292929292929,1.68954001271,1.03249667443,0.525252525253,1.14353419474,0.367266456706,3.875,3.11363636364,1.14353419474,3.875,0.366666666667,0.266666666667,4,0.0242424242424,0.221111111111,11,11,11,1,0,0.0909090909091,0.636363636364,0.272727272727,-2,-0.0181818181818,0.0702479338843,-0.363636363636,-0.2,-0.25,-0.268912750482,-0.030542951148,-0.0181818181818,-0.243332138505,-0.0773405703161,-0.0434343434343,-0.250469359339,-0.0345084801933,-0.0111111111111,0.0866354202056,0.0199894662943,0.329545454545,0.0702479338843,0.0866354202056,0.329545454545,-0.132380952381,-0.133333333333,-4,-0.0242424242424,-0.0344444444444,0,0,0,18,0,2,90,0.9,1,0,0.1,1,0.9,0.947368421053,0.938314863257,0.9,0.9,5,7,0,0,0,0
2329,WLNM_dir_neg,0.84693877551,0.556574675325,00:00:01,10,60,9,1176529758,threshold_sweep,0.7,1,0.714285714286,0.833333333333,5,0,2,14,0.714285714286,1,0,0.285714285714,1,0.714285714286,0.833333333333,0.904761904762,0.587301587302,0.769230769231,0.790569415042,0.714285714286,20,13,7,0,20,0,13,0,7,11,20,0.181818181818,3.04338842975,3.63636363636,2,2.5,1.68954001271,0.464623503495,0.245454545455,1.16774841624,0.642261628933,0.336363636364,1.94000937205,1.06700515463,0.536363636364,1.05689877454,0.347276990411,3.54545454545,3.04338842975,1.05689877454,3.54545454545,0.499047619048,0.4,8,0.0484848484848,0.255555555556,11,11,11,1,0,0.0909090909091,0.636363636364,0.272727272727,11,0.118181818182,3.72727272727,2.36363636364,1.3,1.625,1.43336856898,0.6064251638,0.286713286713,0.603022689156,0.510249967747,0.237762237762,1.40129809949,1.18571377649,0.503496503497,2.05382127221,0.551025219373,7,3.72727272727,2.05382127221,7,0,0,0,0,0.22962962963,11,11,11,1,0,0.0909090909091,0.636363636364,0.272727272727,11,18,0.163636363636,3.11363636364,3.27272727273,1.8,2.25,1.42062726223,0.434080552347,0.227272727273,0.924416277737,0.564921058617,0.292929292929,1.68954001271,1.03249667443,0.525252525253,1.14353419474,0.367266456706,3.875,3.11363636364,1.14353419474,3.875,0.366666666667,0.266666666667,4,0.0242424242424,0.221111111111,11,11,11,1,0,0.0909090909091,0.636363636364,0.272727272727,-2,-0.0181818181818,0.0702479338843,-0.363636363636,-0.2,-0.25,-0.268912750482,-0.030542951148,-0.0181818181818,-0.243332138505,-0.0773405703161,-0.0434343434343,-0.250469359339,-0.0345084801933,-0.0111111111111,0.0866354202056,0.0199894662943,0.329545454545,0.0702479338843,0.0866354202056,0.329545454545,-0.132380952381,-0.133333333333,-4,-0.0242424242424,-0.0344444444444,0,0,0,18,0,2,90,0.9,1,0,0.1,1,0.9,0.947368421053,0.938314863257,0.9,0.9,5,7,0,0,0,0
2330,WLNM_dir_neg,0.84693877551,0.556574675325,00:00:01,10,60,9,1176529758,threshold_sweep,0.8,1,0.714285714286,0.833333333333,5,0,2,14,0.714285714286,1,0,0.285714285714,1,0.714285714286,0.833333333333,0.904761904762,0.587301587302,0.769230769231,0.790569415042,0.714285714286,20,13,7,0,20,0,13,0,7,11,20,0.181818181818,3.04338842975,3.63636363636,2,2.5,1.68954001271,0.464623503495,0.245454545455,1.16774841624,0.642261628933,0.336363636364,1.94000937205,1.06700515463,0.536363636364,1.05689877454,0.347276990411,3.54545454545,3.04338842975,1.05689877454,3.54545454545,0.499047619048,0.4,8,0.0484848484848,0.255555555556,11,11,11,1,0,0.0909090909091,0.636363636364,0.272727272727,11,0.118181818182,3.72727272727,2.36363636364,1.3,1.625,1.43336856898,0.6064251638,0.286713286713,0.603022689156,0.510249967747,0.237762237762,1.40129809949,1.18571377649,0.503496503497,2.05382127221,0.551025219373,7,3.72727272727,2.05382127221,7,0,0,0,0,0.22962962963,11,11,11,1,0,0.0909090909091,0.636363636364,0.272727272727,11,18,0.163636363636,3.11363636364,3.27272727273,1.8,2.25,1.42062726223,0.434080552347,0.227272727273,0.924416277737,0.564921058617,0.292929292929,1.68954001271,1.03249667443,0.525252525253,1.14353419474,0.367266456706,3.875,3.11363636364,1.14353419474,3.875,0.366666666667,0.266666666667,4,0.0242424242424,0.221111111111,11,11,11,1,0,0.0909090909091,0.636363636364,0.272727272727,-2,-0.0181818181818,0.0702479338843,-0.363636363636,-0.2,-0.25,-0.268912750482,-0.030542951148,-0.0181818181818,-0.243332138505,-0.0773405703161,-0.0434343434343,-0.250469359339,-0.0345084801933,-0.0111111111111,0.0866354202056,0.0199894662943,0.329545454545,0.0702479338843,0.0866354202056,0.329545454545,-0.132380952381,-0.133333333333,-4,-0.0242424242424,-0.0344444444444,0,0,0,18,0,2,90,0.9,1,0,0.1,1,0.9,0.947368421053,0.938314863257,0.9,0.9,5,7,0,0,0,0
2331,WLNM_dir_neg,0.84693877551,0.556574675325,00:00:01,10,60,9,1176529758,threshold_sweep,0.9,1,0.714285714286,0.833333333333,5,0,2,14,0.714285714286,1,0,0.285714285714,1,0.714285714286,0.833333333333,0.904761904762,0.587301587302,0.769230769231,0.790569415042,0.714285714286,20,13,7,0,20,0,13,0,7,11,20,0.181818181818,3.04338842975,3.63636363636,2,2.5,1.68954001271,0.464623503495,0.245454545455,1.16774841624,0.642261628933,0.336363636364,1.94000937205,1.06700515463,0.536363636364,1.05689877454,0.347276990411,3.54545454545,3.04338842975,1.05689877454,3.54545454545,0.499047619048,0.4,8,0.0484848484848,0.255555555556,11,11,11,1,0,0.0909090909091,0.636363636364,0.272727272727,11,0.118181818182,3.72727272727,2.36363636364,1.3,1.625,1.43336856898,0.6064251638,0.286713286713,0.603022689156,0.510249967747,0.237762237762,1.40129809949,1.18571377649,0.503496503497,2.05382127221,0.551025219373,7,3.72727272727,2.05382127221,7,0,0,0,0,0.22962962963,11,11,11,1,0,0.0909090909091,0.636363636364,0.272727272727,11,18,0.163636363636,3.11363636364,3.27272727273,1.8,2.25,1.42062726223,0.434080552347,0.227272727273,0.924416277737,0.564921058617,0.292929292929,1.68954001271,1.03249667443,0.525252525253,1.14353419474,0.367266456706,3.875,3.11363636364,1.14353419474,3.875,0.366666666667,0.266666666667,4,0.0242424242424,0.221111111111,11,11,11,1,0,0.0909090909091,0.636363636364,0.272727272727,-2,-0.0181818181818,0.0702479338843,-0.363636363636,-0.2,-0.25,-0.268912750482,-0.030542951148,-0.0181818181818,-0.243332138505,-0.0773405703161,-0.0434343434343,-0.250469359339,-0.0345084801933,-0.0111111111111,0.0866354202056,0.0199894662943,0.329545454545,0.0702479338843,0.0866354202056,0.329545454545,-0.132380952381,-0.133333333333,-4,-0.0242424242424,-0.0344444444444,0,0,0,18,0,2,90,0.9,1,0,0.1,1,0.9,0.947368421053,0.938314863257,0.9,0.9,5,7,0,0,0,0
2332,WLNM_dir_neg,0.928571428571,0.609145021645,00:00:00,10,60,10,1176529759,threshold_sweep,0.1,1,0.714285714286,0.833333333333,5,0,2,14,0.714285714286,1,0,0.285714285714,1,0.714285714286,0.833333333333,0.904761904762,0.587301587302,0.769230769231,0.790569415042,0.714285714286,20,13,7,0,20,0,13,0,7,11,20,0.181818181818,3.04338842975,3.63636363636,2,2.5,1.68954001271,0.464623503495,0.245454545455,1.16774841624,0.642261628933,0.336363636364,1.94000937205,1.06700515463,0.536363636364,1.05689877454,0.347276990411,3.54545454545,3.04338842975,1.05689877454,3.54545454545,0.499047619048,0.4,8,0.0484848484848,0.255555555556,11,11,11,1,0,0.0909090909091,0.636363636364,0.272727272727,11,0.118181818182,3.72727272727,2.36363636364,1.3,1.625,1.43336856898,0.6064251638,0.286713286713,0.603022689156,0.510249967747,0.237762237762,1.40129809949,1.18571377649,0.503496503497,2.05382127221,0.551025219373,7,3.72727272727,2.05382127221,7,0,0,0,0,0.22962962963,11,11,11,1,0,0.0909090909091,0.636363636364,0.272727272727,11,18,0.163636363636,3.11363636364,3.27272727273,1.8,2.25,1.42062726223,0.434080552347,0.227272727273,0.924416277737,0.564921058617,0.292929292929,1.68954001271,1.03249667443,0.525252525253,1.14353419474,0.367266456706,3.875,3.11363636364,1.14353419474,3.875,0.366666666667,0.266666666667,4,0.0242424242424,0.221111111111,11,11,11,1,0,0.0909090909091,0.636363636364,0.272727272727,-2,-0.0181818181818,0.0702479338843,-0.363636363636,-0.2,-0.25,-0.268912750482,-0.030542951148,-0.0181818181818,-0.243332138505,-0.0773405703161,-0.0434343434343,-0.250469359339,-0.0345084801933,-0.0111111111111,0.0866354202056,0.0199894662943,0.329545454545,0.0702479338843,0.0866354202056,0.329545454545,-0.132380952381,-0.133333333333,-4,-0.0242424242424,-0.0344444444444,0,0,0,18,0,2,90,0.9,1,0,0.1,1,0.9,0.947368421053,0.938314863257,0.9,0.9,5,7,0,0,0,0
2333,WLNM_dir_neg,0.928571428571,0.609145021645,00:00:00,10,60,10,1176529759,threshold_sweep,0.2,1,0.714285714286,0.833333333333,5,0,2,14,0.714285714286,1,0,0.285714285714,1,0.714285714286,0.833333333333,0.904761904762,0.587301587302,0.769230769231,0.790569415042,0.714285714286,20,13,7,0,20,0,13,0,7,11,20,0.181818181818,3.04338842975,3.63636363636,2,2.5,1.68954001271,0.464623503495,0.245454545455,1.16774841624,0.642261628933,0.336363636364,1.94000937205,1.06700515463,0.536363636364,1.05689877454,0.347276990411,3.54545454545,3.04338842975,1.05689877454,3.54545454545,0.499047619048,0.4,8,0.0484848484848,0.255555555556,11,11,11,1,0,0.0909090909091,0.636363636364,0.272727272727,11,0.118181818182,3.72727272727,2.36363636364,1.3,1.625,1.43336856898,0.6064251638,0.286713286713,0.603022689156,0.510249967747,0.237762237762,1.40129809949,1.18571377649,0.503496503497,2.05382127221,0.551025219373,7,3.72727272727,2.05382127221,7,0,0,0,0,0.22962962963,11,11,11,1,0,0.0909090909091,0.636363636364,0.272727272727,11,18,0.163636363636,3.11363636364,3.27272727273,1.8,2.25,1.42062726223,0.434080552347,0.227272727273,0.924416277737,0.564921058617,0.292929292929,1.68954001271,1.03249667443,0.525252525253,1.14353419474,0.367266456706,3.875,3.11363636364,1.14353419474,3.875,0.366666666667,0.266666666667,4,0.0242424242424,0.221111111111,11,11,11,1,0,0.0909090909091,0.636363636364,0.272727272727,-2,-0.0181818181818,0.0702479338843,-0.363636363636,-0.2,-0.25,-0.268912750482,-0.030542951148,-0.0181818181818,-0.243332138505,-0.0773405703161,-0.0434343434343,-0.250469359339,-0.0345084801933,-0.0111111111111,0.0866354202056,0.0199894662943,0.329545454545,0.0702479338843,0.0866354202056,0.329545454545,-0.132380952381,-0.133333333333,-4,-0.0242424242424,-0.0344444444444,0,0,0,18,0,2,90,0.9,1,0,0.1,1,0.9,0.947368421053,0.938314863257,0.9,0.9,5,7,0,0,0,0
2334,WLNM_dir_neg,0.928571428571,0.609145021645,00:00:00,10,60,10,1176529759,threshold_sweep,0.3,1,0.714285714286,0.833333333333,5,0,2,14,0.714285714286,1,0,0.285714285714,1,0.714285714286,0.833333333333,0.904761904762,0.587301587302,0.769230769231,0.790569415042,0.714285714286,20,13,7,0,20,0,13,0,7,11,20,0.181818181818,3.04338842975,3.63636363636,2,2.5,1.68954001271,0.464623503495,0.245454545455,1.16774841624,0.642261628933,0.336363636364,1.94000937205,1.06700515463,0.536363636364,1.05689877454,0.347276990411,3.54545454545,3.04338842975,1.05689877454,3.54545454545,0.499047619048,0.4,8,0.0484848484848,0.255555555556,11,11,11,1,0,0.0909090909091,0.636363636364,0.272727272727,11,0.118181818182,3.72727272727,2.36363636364,1.3,1.625,1.43336856898,0.6064251638,0.286713286713,0.603022689156,0.510249967747,0.237762237762,1.40129809949,1.18571377649,0.503496503497,2.05382127221,0.551025219373,7,3.72727272727,2.05382127221,7,0,0,0,0,0.22962962963,11,11,11,1,0,0.0909090909091,0.636363636364,0.272727272727,11,18,0.163636363636,3.11363636364,3.27272727273,1.8,2.25,1.42062726223,0.434080552347,0.227272727273,0.924416277737,0.564921058617,0.292929292929,1.68954001271,1.03249667443,0.525252525253,1.14353419474,0.367266456706,3.875,3.11363636364,1.14353419474,3.875,0.366666666667,0.266666666667,4,0.0242424242424,0.221111111111,11,11,11,1,0,0.0909090909091,0.636363636364,0.272727272727,-2,-0.0181818181818,0.0702479338843,-0.363636363636,-0.2,-0.25,-0.268912750482,-0.030542951148,-0.0181818181818,-0.243332138505,-0.0773405703161,-0.0434343434343,-0.250469359339,-0.0345084801933,-0.0111111111111,0.0866354202056,0.0199894662943,0.329545454545,0.0702479338843,0.0866354202056,0.329545454545,-0.132380952381,-0.133333333333,-4,-0.0242424242424,-0.0344444444444,0,0,0,18,0,2,90,0.9,1,0,0.1,1,0.9,0.947368421053,0.938314863257,0.9,0.9,5,7,0,0,0,0
2335,WLNM_dir_neg,0.928571428571,0.609145021645,00:00:00,10,60,10,1176529759,threshold_sweep,0.4,1,0.714285714286,0.833333333333,5,0,2,14,0.714285714286,1,0,0.285714285714,1,0.714285714286,0.833333333333,0.904761904762,0.587301587302,0.769230769231,0.790569415042,0.714285714286,20,13,7,0,20,0,13,0,7,11,20,0.181818181818,3.04338842975,3.63636363636,2,2.5,1.68954001271,0.464623503495,0.245454545455,1.16774841624,0.642261628933,0.336363636364,1.94000937205,1.06700515463,0.536363636364,1.05689877454,0.347276990411,3.54545454545,3.04338842975,1.05689877454,3.54545454545,0.499047619048,0.4,8,0.0484848484848,0.255555555556,11,11,11,1,0,0.0909090909091,0.636363636364,0.272727272727,11,0.118181818182,3.72727272727,2.36363636364,1.3,1.625,1.43336856898,0.6064251638,0.286713286713,0.603022689156,0.510249967747,0.237762237762,1.40129809949,1.18571377649,0.503496503497,2.05382127221,0.551025219373,7,3.72727272727,2.05382127221,7,0,0,0,0,0.22962962963,11,11,11,1,0,0.0909090909091,0.636363636364,0.272727272727,11,18,0.163636363636,3.11363636364,3.27272727273,1.8,2.25,1.42062726223,0.434080552347,0.227272727273,0.924416277737,0.564921058617,0.292929292929,1.68954001271,1.03249667443,0.525252525253,1.14353419474,0.367266456706,3.875,3.11363636364,1.14353419474,3.875,0.366666666667,0.266666666667,4,0.0242424242424,0.221111111111,11,11,11,1,0,0.0909090909091,0.636363636364,0.272727272727,-2,-0.0181818181818,0.0702479338843,-0.363636363636,-0.2,-0.25,-0.268912750482,-0.030542951148,-0.0181818181818,-0.243332138505,-0.0773405703161,-0.0434343434343,-0.250469359339,-0.0345084801933,-0.0111111111111,0.0866354202056,0.0199894662943,0.329545454545,0.0702479338843,0.0866354202056,0.329545454545,-0.132380952381,-0.133333333333,-4,-0.0242424242424,-0.0344444444444,0,0,0,18,0,2,90,0.9,1,0,0.1,1,0.9,0.947368421053,0.938314863257,0.9,0.9,5,7,0,0,0,0
2336,WLNM_dir_neg,0.928571428571,0.609145021645,00:00:00,10,60,10,1176529759,threshold_sweep,0.5,1,0.714285714286,0.833333333333,5,0,2,14,0.714285714286,1,0,0.285714285714,1,0.714285714286,0.833333333333,0.904761904762,0.587301587302,0.769230769231,0.790569415042,0.714285714286,20,13,7,0,20,0,13,0,7,11,20,0.181818181818,3.04338842975,3.63636363636,2,2.5,1.68954001271,0.464623503495,0.245454545455,1.16774841624,0.642261628933,0.336363636364,1.94000937205,1.06700515463,0.536363636364,1.05689877454,0.347276990411,3.54545454545,3.04338842975,1.05689877454,3.54545454545,0.499047619048,0.4,8,0.0484848484848,0.255555555556,11,11,11,1,0,0.0909090909091,0.636363636364,0.272727272727,11,0.118181818182,3.72727272727,2.36363636364,1.3,1.625,1.43336856898,0.6064251638,0.286713286713,0.603022689156,0.510249967747,0.237762237762,1.40129809949,1.18571377649,0.503496503497,2.05382127221,0.551025219373,7,3.72727272727,2.05382127221,7,0,0,0,0,0.22962962963,11,11,11,1,0,0.0909090909091,0.636363636364,0.272727272727,11,18,0.163636363636,3.11363636364,3.27272727273,1.8,2.25,1.42062726223,0.434080552347,0.227272727273,0.924416277737,0.564921058617,0.292929292929,1.68954001271,1.03249667443,0.525252525253,1.14353419474,0.367266456706,3.875,3.11363636364,1.14353419474,3.875,0.366666666667,0.266666666667,4,0.0242424242424,0.221111111111,11,11,11,1,0,0.0909090909091,0.636363636364,0.272727272727,-2,-0.0181818181818,0.0702479338843,-0.363636363636,-0.2,-0.25,-0.268912750482,-0.030542951148,-0.0181818181818,-0.243332138505,-0.0773405703161,-0.0434343434343,-0.250469359339,-0.0345084801933,-0.0111111111111,0.0866354202056,0.0199894662943,0.329545454545,0.0702479338843,0.0866354202056,0.329545454545,-0.132380952381,-0.133333333333,-4,-0.0242424242424,-0.0344444444444,0,0,0,18,0,2,90,0.9,1,0,0.1,1,0.9,0.947368421053,0.938314863257,0.9,0.9,5,7,0,0,0,0
2337,WLNM_dir_neg,0.928571428571,0.609145021645,00:00:00,10,60,10,1176529759,threshold_sweep,0.6,1,0.714285714286,0.833333333333,5,0,2,14,0.714285714286,1,0,0.285714285714,1,0.714285714286,0.833333333333,0.904761904762,0.587301587302,0.769230769231,0.790569415042,0.714285714286,20,13,7,0,20,0,13,0,7,11,20,0.181818181818,3.04338842975,3.63636363636,2,2.5,1.68954001271,0.464623503495,0.245454545455,1.16774841624,0.642261628933,0.336363636364,1.94000937205,1.06700515463,0.536363636364,1.05689877454,0.347276990411,3.54545454545,3.04338842975,1.05689877454,3.54545454545,0.499047619048,0.4,8,0.0484848484848,0.255555555556,11,11,11,1,0,0.0909090909091,0.636363636364,0.272727272727,11,0.118181818182,3.72727272727,2.36363636364,1.3,1.625,1.43336856898,0.6064251638,0.286713286713,0.603022689156,0.510249967747,0.237762237762,1.40129809949,1.18571377649,0.503496503497,2.05382127221,0.551025219373,7,3.72727272727,2.05382127221,7,0,0,0,0,0.22962962963,11,11,11,1,0,0.0909090909091,0.636363636364,0.272727272727,11,18,0.163636363636,3.11363636364,3.27272727273,1.8,2.25,1.42062726223,0.434080552347,0.227272727273,0.924416277737,0.564921058617,0.292929292929,1.68954001271,1.03249667443,0.525252525253,1.14353419474,0.367266456706,3.875,3.11363636364,1.14353419474,3.875,0.366666666667,0.266666666667,4,0.0242424242424,0.221111111111,11,11,11,1,0,0.0909090909091,0.636363636364,0.272727272727,-2,-0.0181818181818,0.0702479338843,-0.363636363636,-0.2,-0.25,-0.268912750482,-0.030542951148,-0.0181818181818,-0.243332138505,-0.0773405703161,-0.0434343434343,-0.250469359339,-0.0345084801933,-0.0111111111111,0.0866354202056,0.0199894662943,0.329545454545,0.0702479338843,0.0866354202056,0.329545454545,-0.132380952381,-0.133333333333,-4,-0.0242424242424,-0.0344444444444,0,0,0,18,0,2,90,0.9,1,0,0.1,1,0.9,0.947368421053,0.938314863257,0.9,0.9,5,7,0,0,0,0
2338,WLNM_dir_neg,0.928571428571,0.609145021645,00:00:00,10,60,10,1176529759,threshold_sweep,0.7,1,0.714285714286,0.833333333333,5,0,2,14,0.714285714286,1,0,0.285714285714,1,0.714285714286,0.833333333333,0.904761904762,0.587301587302,0.769230769231,0.790569415042,0.714285714286,20,13,7,0,20,0,13,0,7,11,20,0.181818181818,3.04338842975,3.63636363636,2,2.5,1.68954001271,0.464623503495,0.245454545455,1.16774841624,0.642261628933,0.336363636364,1.94000937205,1.06700515463,0.536363636364,1.05689877454,0.347276990411,3.54545454545,3.04338842975,1.05689877454,3.54545454545,0.499047619048,0.4,8,0.0484848484848,0.255555555556,11,11,11,1,0,0.0909090909091,0.636363636364,0.272727272727,11,0.118181818182,3.72727272727,2.36363636364,1.3,1.625,1.43336856898,0.6064251638,0.286713286713,0.603022689156,0.510249967747,0.237762237762,1.40129809949,1.18571377649,0.503496503497,2.05382127221,0.551025219373,7,3.72727272727,2.05382127221,7,0,0,0,0,0.22962962963,11,11,11,1,0,0.0909090909091,0.636363636364,0.272727272727,11,18,0.163636363636,3.11363636364,3.27272727273,1.8,2.25,1.42062726223,0.434080552347,0.227272727273,0.924416277737,0.564921058617,0.292929292929,1.68954001271,1.03249667443,0.525252525253,1.14353419474,0.367266456706,3.875,3.11363636364,1.14353419474,3.875,0.366666666667,0.266666666667,4,0.0242424242424,0.221111111111,11,11,11,1,0,0.0909090909091,0.636363636364,0.272727272727,-2,-0.0181818181818,0.0702479338843,-0.363636363636,-0.2,-0.25,-0.268912750482,-0.030542951148,-0.0181818181818,-0.243332138505,-0.0773405703161,-0.0434343434343,-0.250469359339,-0.0345084801933,-0.0111111111111,0.0866354202056,0.0199894662943,0.329545454545,0.0702479338843,0.0866354202056,0.329545454545,-0.132380952381,-0.133333333333,-4,-0.0242424242424,-0.0344444444444,0,0,0,18,0,2,90,0.9,1,0,0.1,1,0.9,0.947368421053,0.938314863257,0.9,0.9,5,7,0,0,0,0
2339,WLNM_dir_neg,0.928571428571,0.609145021645,00:00:00,10,60,10,1176529759,threshold_sweep,0.8,1,0.714285714286,0.833333333333,5,0,2,14,0.714285714286,1,0,0.285714285714,1,0.714285714286,0.833333333333,0.904761904762,0.587301587302,0.769230769231,0.790569415042,0.714285714286,20,13,7,0,20,0,13,0,7,11,20,0.181818181818,3.04338842975,3.63636363636,2,2.5,1.68954001271,0.464623503495,0.245454545455,1.16774841624,0.642261628933,0.336363636364,1.94000937205,1.06700515463,0.536363636364,1.05689877454,0.347276990411,3.54545454545,3.04338842975,1.05689877454,3.54545454545,0.499047619048,0.4,8,0.0484848484848,0.255555555556,11,11,11,1,0,0.0909090909091,0.636363636364,0.272727272727,11,0.118181818182,3.72727272727,2.36363636364,1.3,1.625,1.43336856898,0.6064251638,0.286713286713,0.603022689156,0.510249967747,0.237762237762,1.40129809949,1.18571377649,0.503496503497,2.05382127221,0.551025219373,7,3.72727272727,2.05382127221,7,0,0,0,0,0.22962962963,11,11,11,1,0,0.0909090909091,0.636363636364,0.272727272727,11,18,0.163636363636,3.11363636364,3.27272727273,1.8,2.25,1.42062726223,0.434080552347,0.227272727273,0.924416277737,0.564921058617,0.292929292929,1.68954001271,1.03249667443,0.525252525253,1.14353419474,0.367266456706,3.875,3.11363636364,1.14353419474,3.875,0.366666666667,0.266666666667,4,0.0242424242424,0.221111111111,11,11,11,1,0,0.0909090909091,0.636363636364,0.272727272727,-2,-0.0181818181818,0.0702479338843,-0.363636363636,-0.2,-0.25,-0.268912750482,-0.030542951148,-0.0181818181818,-0.243332138505,-0.0773405703161,-0.0434343434343,-0.250469359339,-0.0345084801933,-0.0111111111111,0.0866354202056,0.0199894662943,0.329545454545,0.0702479338843,0.0866354202056,0.329545454545,-0.132380952381,-0.133333333333,-4,-0.0242424242424,-0.0344444444444,0,0,0,18,0,2,90,0.9,1,0,0.1,1,0.9,0.947368421053,0.938314863257,0.9,0.9,5,7,0,0,0,0
2340,WLNM_dir_neg,0.928571428571,0.609145021645,00:00:00,10,60,10,1176529759,threshold_sweep,0.9,1,0.714285714286,0.833333333333,5,0,2,14,0.714285714286,1,0,0.285714285714,1,0.714285714286,0.833333333333,0.904761904762,0.587301587302,0.769230769231,0.790569415042,0.714285714286,20,13,7,0,20,0,13,0,7,11,20,0.181818181818,3.04338842975,3.63636363636,2,2.5,1.68954001271,0.464623503495,0.245454545455,1.16774841624,0.642261628933,0.336363636364,1.94000937205,1.06700515463,0.536363636364,1.05689877454,0.347276990411,3.54545454545,3.04338842975,1.05689877454,3.54545454545,0.499047619048,0.4,8,0.0484848484848,0.255555555556,11,11,11,1,0,0.0909090909091,0.636363636364,0.272727272727,11,0.118181818182,3.72727272727,2.36363636364,1.3,1.625,1.43336856898,0.6064251638,0.286713286713,0.603022689156,0.510249967747,0.237762237762,1.40129809949,1.18571377649,0.503496503497,2.05382127221,0.551025219373,7,3.72727272727,2.05382127221,7,0,0,0,0,0.22962962963,11,11,11,1,0,0.0909090909091,0.636363636364,0.272727272727,11,18,0.163636363636,3.11363636364,3.27272727273,1.8,2.25,1.42062726223,0.434080552347,0.227272727273,0.924416277737,0.564921058617,0.292929292929,1.68954001271,1.03249667443,0.525252525253,1.14353419474,0.367266456706,3.875,3.11363636364,1.14353419474,3.875,0.366666666667,0.266666666667,4,0.0242424242424,0.221111111111,11,11,11,1,0,0.0909090909091,0.636363636364,0.272727272727,-2,-0.0181818181818,0.0702479338843,-0.363636363636,-0.2,-0.25,-0.268912750482,-0.030542951148,-0.0181818181818,-0.243332138505,-0.0773405703161,-0.0434343434343,-0.250469359339,-0.0345084801933,-0.0111111111111,0.0866354202056,0.0199894662943,0.329545454545,0.0702479338843,0.0866354202056,0.329545454545,-0.132380952381,-0.133333333333,-4,-0.0242424242424,-0.0344444444444,0,0,0,18,0,2,90,0.9,1,0,0.1,1,0.9,0.947368421053,0.938314863257,0.9,0.9,5,7,0,0,0,0
2341,WLNM_dir_neg,0.816326530612,0.594189342404,00:00:01,10,60,11,1176529760,threshold_sweep,0.1,1,0.428571428571,0.6,3,0,4,14,0.428571428571,1,0,0.571428571429,1,0.428571428571,0.6,0.809523809524,0.619047619048,0.5,0.57735026919,0.428571428571,20,13,7,0,20,0,13,0,7,11,20,0.181818181818,3.04338842975,3.63636363636,2,2.5,1.68954001271,0.464623503495,0.245454545455,1.16774841624,0.642261628933,0.336363636364,1.94000937205,1.06700515463,0.536363636364,1.05689877454,0.347276990411,3.54545454545,3.04338842975,1.05689877454,3.54545454545,0.499047619048,0.4,8,0.0484848484848,0.255555555556,11,11,11,1,0,0.0909090909091,0.636363636364,0.272727272727,11,0.118181818182,3.72727272727,2.36363636364,1.3,1.625,1.43336856898,0.6064251638,0.286713286713,0.603022689156,0.510249967747,0.237762237762,1.40129809949,1.18571377649,0.503496503497,2.05382127221,0.551025219373,7,3.72727272727,2.05382127221,7,0,0,0,0,0.22962962963,11,11,11,1,0,0.0909090909091,0.636363636364,0.272727272727,11,16,0.145454545455,3.25,2.90909090909,1.6,2,1.22102788294,0.41972833476,0.181818181818,0.687551650952,0.47269176003,0.227272727273,1.50755672289,1.03644524699,0.511363636364,1.3758835545,0.423348786001,4.66666666667,3.25,1.3758835545,4.66666666667,0.213333333333,0.176470588235,2,0.0121212121212,0.192592592593,11,11,11,1,0,0.0909090909091,0.636363636364,0.272727272727,-4,-0.0363636363636,0.206611570248,-0.727272727273,-0.4,-0.5,-0.468512129772,-0.0448951687355,-0.0636363636364,-0.48019676529,-0.169569868904,-0.109090909091,-0.43245264916,-0.0305599076407,-0.025,0.318984779967,0.07607179559,1.12121212121,0.206611570248,0.318984779967,1.12121212121,-0.285714285714,-0.223529411765,-6,-0.0363636363636,-0.062962962963,0,0,0,16,0,4,90,0.8,1,0,0.2,1,0.8,0.888888888889,0.875189948987,0.8,0.8,3,7,0,0,0,0
2342,WLNM_dir_neg,0.816326530612,0.594189342404,00:00:01,10,60,11,1176529760,threshold_sweep,0.2,1,0.142857142857,0.25,1,0,6,14,0.142857142857,1,0,0.857142857143,1,0.142857142857,0.25,0.714285714286,0.650793650794,0.181818181818,0.316227766017,0.142857142857,20,13,7,0,20,0,13,0,7,11,20,0.181818181818,3.04338842975,3.63636363636,2,2.5,1.68954001271,0.464623503495,0.245454545455,1.16774841624,0.642261628933,0.336363636364,1.94000937205,1.06700515463,0.536363636364,1.05689877454,0.347276990411,3.54545454545,3.04338842975,1.05689877454,3.54545454545,0.499047619048,0.4,8,0.0484848484848,0.255555555556,11,11,11,1,0,0.0909090909091,0.636363636364,0.272727272727,11,0.118181818182,3.72727272727,2.36363636364,1.3,1.625,1.43336856898,0.6064251638,0.286713286713,0.603022689156,0.510249967747,0.237762237762,1.40129809949,1.18571377649,0.503496503497,2.05382127221,0.551025219373,7,3.72727272727,2.05382127221,7,0,0,0,0,0.22962962963,11,11,11,1,0,0.0909090909091,0.636363636364,0.272727272727,11,14,0.127272727273,3.36363636364,2.54545454545,1.4,1.75,1.43969693781,0.565595225567,0.272727272727,0.646669790683,0.508097692679,0.246753246753,1.42062726223,1.11620713461,0.506493506494,1.34539994429,0.399983767222,4.66666666667,3.36363636364,1.34539994429,4.66666666667,0,0,0,0,0.237037037037,11,11,11,1,0,0.0909090909091,0.636363636364,0.272727272727,-6,-0.0545454545455,0.320247933884,-1.09090909091,-0.6,-0.75,-0.249843074903,0.100971722072,0.0272727272727,-0.521078625559,-0.134163936254,-0.0896103896104,-0.519382109822,0.04920197998,-0.0298701298701,0.288501169755,0.0527067768106,1.12121212121,0.320247933884,0.288501169755,1.12121212121,-0.499047619048,-0.4,-8,-0.0484848484848,-0.0185185185185,0,0,0,14,0,6,90,0.7,1,0,0.3,1,0.7,0.823529411765,0.810092587301,0.7,0.7,1,7,0,0,0,0
2343,WLNM_dir_neg,0.816326530612,0.594189342404,00:00:01,10,60,11,1176529760,threshold_sweep,0.3,1,0.142857142857,0.25,1,0,6,14,0.142857142857,1,0,0.857142857143,1,0.142857142857,0.25,0.714285714286,0.650793650794,0.181818181818,0.316227766017,0.142857142857,20,13,7,0,20,0,13,0,7,11,20,0.181818181818,3.04338842975,3.63636363636,2,2.5,1.68954001271,0.464623503495,0.245454545455,1.16774841624,0.642261628933,0.336363636364,1.94000937205,1.06700515463,0.536363636364,1.05689877454,0.347276990411,3.54545454545,3.04338842975,1.05689877454,3.54545454545,0.499047619048,0.4,8,0.0484848484848,0.255555555556,11,11,11,1,0,0.0909090909091,0.636363636364,0.272727272727,11,0.118181818182,3.72727272727,2.36363636364,1.3,1.625,1.43336856898,0.6064251638,0.286713286713,0.603022689156,0.510249967747,0.237762237762,1.40129809949,1.18571377649,0.503496503497,2.05382127221,0.551025219373,7,3.72727272727,2.05382127221,7,0,0,0,0,0.22962962963,11,11,11,1,0,0.0909090909091,0.636363636364,0.272727272727,11,14,0.127272727273,3.36363636364,2.54545454545,1.4,1.75,1.43969693781,0.565595225567,0.272727272727,0.646669790683,0.508097692679,0.246753246753,1.42062726223,1.11620713461,0.506493506494,1.34539994429,0.399983767222,4.66666666667,3.36363636364,1.34539994429,4.66666666667,0,0,0,0,0.237037037037,11,11,11,1,0,0.0909090909091,0.636363636364,0.272727272727,-6,-0.0545454545455,0.320247933884,-1.09090909091,-0.6,-0.75,-0.249843074903,0.100971722072,0.0272727272727,-0.521078625559,-0.134163936254,-0.0896103896104,-0.519382109822,0.04920197998,-0.0298701298701,0.288501169755,0.0527067768106,1.12121212121,0.320247933884,0.288501169755,1.12121212121,-0.499047619048,-0.4,-8,-0.0484848484848,-0.0185185185185,0,0,0,14,0,6,90,0.7,1,0,0.3,1,0.7,0.823529411765,0.810092587301,0.7,0.7,1,7,0,0,0,0
2344,WLNM_dir_neg,0.816326530612,0.594189342404,00:00:01,10,60,11,1176529760,threshold_sweep,0.4,1,0.142857142857,0.25,1,0,6,14,0.142857142857,1,0,0.857142857143,1,0.142857142857,0.25,0.714285714286,0.650793650794,0.181818181818,0.316227766017,0.142857142857,20,13,7,0,20,0,13,0,7,11,20,0.181818181818,3.04338842975,3.63636363636,2,2.5,1.68954001271,0.464623503495,0.245454545455,1.16774841624,0.642261628933,0.336363636364,1.94000937205,1.06700515463,0.536363636364,1.05689877454,0.347276990411,3.54545454545,3.04338842975,1.05689877454,3.54545454545,0.499047619048,0.4,8,0.0484848484848,0.255555555556,11,11,11,1,0,0.0909090909091,0.636363636364,0.272727272727,11,0.118181818182,3.72727272727,2.36363636364,1.3,1.625,1.43336856898,0.6064251638,0.286713286713,0.603022689156,0.510249967747,0.237762237762,1.40129809949,1.18571377649,0.503496503497,2.05382127221,0.551025219373,7,3.72727272727,2.05382127221,7,0,0,0,0,0.22962962963,11,11,11,1,0,0.0909090909091,0.636363636364,0.272727272727,11,14,0.127272727273,3.36363636364,2.54545454545,1.4,1.75,1.43969693781,0.565595225567,0.272727272727,0.646669790683,0.508097692679,0.246753246753,1.42062726223,1.11620713461,0.506493506494,1.34539994429,0.399983767222,4.66666666667,3.36363636364,1.34539994429,4.66666666667,0,0,0,0,0.237037037037,11,11,11,1,0,0.0909090909091,0.636363636364,0.272727272727,-6,-0.0545454545455,0.320247933884,-1.09090909091,-0.6,-0.75,-0.249843074903,0.100971722072,0.0272727272727,-0.521078625559,-0.134163936254,-0.0896103896104,-0.519382109822,0.04920197998,-0.0298701298701,0.288501169755,0.0527067768106,1.12121212121,0.320247933884,0.288501169755,1.12121212121,-0.499047619048,-0.4,-8,-0.0484848484848,-0.0185185185185,0,0,0,14,0,6,90,0.7,1,0,0.3,1,0.7,0.823529411765,0.810092587301,0.7,0.7,1,7,0,0,0,0
2345,WLNM_dir_neg,0.816326530612,0.594189342404,00:00:01,10,60,11,1176529760,threshold_sweep,0.5,1,0.142857142857,0.25,1,0,6,14,0.142857142857,1,0,0.857142857143,1,0.142857142857,0.25,0.714285714286,0.650793650794,0.181818181818,0.316227766017,0.142857142857,20,13,7,0,20,0,13,0,7,11,20,0.181818181818,3.04338842975,3.63636363636,2,2.5,1.68954001271,0.464623503495,0.245454545455,1.16774841624,0.642261628933,0.336363636364,1.94000937205,1.06700515463,0.536363636364,1.05689877454,0.347276990411,3.54545454545,3.04338842975,1.05689877454,3.54545454545,0.499047619048,0.4,8,0.0484848484848,0.255555555556,11,11,11,1,0,0.0909090909091,0.636363636364,0.272727272727,11,0.118181818182,3.72727272727,2.36363636364,1.3,1.625,1.43336856898,0.6064251638,0.286713286713,0.603022689156,0.510249967747,0.237762237762,1.40129809949,1.18571377649,0.503496503497,2.05382127221,0.551025219373,7,3.72727272727,2.05382127221,7,0,0,0,0,0.22962962963,11,11,11,1,0,0.0909090909091,0.636363636364,0.272727272727,11,14,0.127272727273,3.36363636364,2.54545454545,1.4,1.75,1.43969693781,0.565595225567,0.272727272727,0.646669790683,0.508097692679,0.246753246753,1.42062726223,1.11620713461,0.506493506494,1.34539994429,0.399983767222,4.66666666667,3.36363636364,1.34539994429,4.66666666667,0,0,0,0,0.237037037037,11,11,11,1,0,0.0909090909091,0.636363636364,0.272727272727,-6,-0.0545454545455,0.320247933884,-1.09090909091,-0.6,-0.75,-0.249843074903,0.100971722072,0.0272727272727,-0.521078625559,-0.134163936254,-0.0896103896104,-0.519382109822,0.04920197998,-0.0298701298701,0.288501169755,0.0527067768106,1.12121212121,0.320247933884,0.288501169755,1.12121212121,-0.499047619048,-0.4,-8,-0.0484848484848,-0.0185185185185,0,0,0,14,0,6,90,0.7,1,0,0.3,1,0.7,0.823529411765,0.810092587301,0.7,0.7,1,7,0,0,0,0
2346,WLNM_dir_neg,0.816326530612,0.594189342404,00:00:01,10,60,11,1176529760,threshold_sweep,0.6,1,0.142857142857,0.25,1,0,6,14,0.142857142857,1,0,0.857142857143,1,0.142857142857,0.25,0.714285714286,0.650793650794,0.181818181818,0.316227766017,0.142857142857,20,13,7,0,20,0,13,0,7,11,20,0.181818181818,3.04338842975,3.63636363636,2,2.5,1.68954001271,0.464623503495,0.245454545455,1.16774841624,0.642261628933,0.336363636364,1.94000937205,1.06700515463,0.536363636364,1.05689877454,0.347276990411,3.54545454545,3.04338842975,1.05689877454,3.54545454545,0.499047619048,0.4,8,0.0484848484848,0.255555555556,11,11,11,1,0,0.0909090909091,0.636363636364,0.272727272727,11,0.118181818182,3.72727272727,2.36363636364,1.3,1.625,1.43336856898,0.6064251638,0.286713286713,0.603022689156,0.510249967747,0.237762237762,1.40129809949,1.18571377649,0.503496503497,2.05382127221,0.551025219373,7,3.72727272727,2.05382127221,7,0,0,0,0,0.22962962963,11,11,11,1,0,0.0909090909091,0.636363636364,0.272727272727,11,14,0.127272727273,3.36363636364,2.54545454545,1.4,1.75,1.43969693781,0.565595225567,0.272727272727,0.646669790683,0.508097692679,0.246753246753,1.42062726223,1.11620713461,0.506493506494,1.34539994429,0.399983767222,4.66666666667,3.36363636364,1.34539994429,4.66666666667,0,0,0,0,0.237037037037,11,11,11,1,0,0.0909090909091,0.636363636364,0.272727272727,-6,-0.0545454545455,0.320247933884,-1.09090909091,-0.6,-0.75,-0.249843074903,0.100971722072,0.0272727272727,-0.521078625559,-0.134163936254,-0.0896103896104,-0.519382109822,0.04920197998,-0.0298701298701,0.288501169755,0.0527067768106,1.12121212121,0.320247933884,0.288501169755,1.12121212121,-0.499047619048,-0.4,-8,-0.0484848484848,-0.0185185185185,0,0,0,14,0,6,90,0.7,1,0,0.3,1,0.7,0.823529411765,0.810092587301,0.7,0.7,1,7,0,0,0,0
2347,WLNM_dir_neg,0.816326530612,0.594189342404,00:00:01,10,60,11,1176529760,threshold_sweep,0.7,1,0.142857142857,0.25,1,0,6,14,0.142857142857,1,0,0.857142857143,1,0.142857142857,0.25,0.714285714286,0.650793650794,0.181818181818,0.316227766017,0.142857142857,20,13,7,0,20,0,13,0,7,11,20,0.181818181818,3.04338842975,3.63636363636,2,2.5,1.68954001271,0.464623503495,0.245454545455,1.16774841624,0.642261628933,0.336363636364,1.94000937205,1.06700515463,0.536363636364,1.05689877454,0.347276990411,3.54545454545,3.04338842975,1.05689877454,3.54545454545,0.499047619048,0.4,8,0.0484848484848,0.255555555556,11,11,11,1,0,0.0909090909091,0.636363636364,0.272727272727,11,0.118181818182,3.72727272727,2.36363636364,1.3,1.625,1.43336856898,0.6064251638,0.286713286713,0.603022689156,0.510249967747,0.237762237762,1.40129809949,1.18571377649,0.503496503497,2.05382127221,0.551025219373,7,3.72727272727,2.05382127221,7,0,0,0,0,0.22962962963,11,11,11,1,0,0.0909090909091,0.636363636364,0.272727272727,11,14,0.127272727273,3.36363636364,2.54545454545,1.4,1.75,1.43969693781,0.565595225567,0.272727272727,0.646669790683,0.508097692679,0.246753246753,1.42062726223,1.11620713461,0.506493506494,1.34539994429,0.399983767222,4.66666666667,3.36363636364,1.34539994429,4.66666666667,0,0,0,0,0.237037037037,11,11,11,1,0,0.0909090909091,0.636363636364,0.272727272727,-6,-0.0545454545455,0.320247933884,-1.09090909091,-0.6,-0.75,-0.249843074903,0.100971722072,0.0272727272727,-0.521078625559,-0.134163936254,-0.0896103896104,-0.519382109822,0.04920197998,-0.0298701298701,0.288501169755,0.0527067768106,1.12121212121,0.320247933884,0.288501169755,1.12121212121,-0.499047619048,-0.4,-8,-0.0484848484848,-0.0185185185185,0,0,0,14,0,6,90,0.7,1,0,0.3,1,0.7,0.823529411765,0.810092587301,0.7,0.7,1,7,0,0,0,0
2348,WLNM_dir_neg,0.816326530612,0.594189342404,00:00:01,10,60,11,1176529760,threshold_sweep,0.8,1,0.142857142857,0.25,1,0,6,14,0.142857142857,1,0,0.857142857143,1,0.142857142857,0.25,0.714285714286,0.650793650794,0.181818181818,0.316227766017,0.142857142857,20,13,7,0,20,0,13,0,7,11,20,0.181818181818,3.04338842975,3.63636363636,2,2.5,1.68954001271,0.464623503495,0.245454545455,1.16774841624,0.642261628933,0.336363636364,1.94000937205,1.06700515463,0.536363636364,1.05689877454,0.347276990411,3.54545454545,3.04338842975,1.05689877454,3.54545454545,0.499047619048,0.4,8,0.0484848484848,0.255555555556,11,11,11,1,0,0.0909090909091,0.636363636364,0.272727272727,11,0.118181818182,3.72727272727,2.36363636364,1.3,1.625,1.43336856898,0.6064251638,0.286713286713,0.603022689156,0.510249967747,0.237762237762,1.40129809949,1.18571377649,0.503496503497,2.05382127221,0.551025219373,7,3.72727272727,2.05382127221,7,0,0,0,0,0.22962962963,11,11,11,1,0,0.0909090909091,0.636363636364,0.272727272727,11,14,0.127272727273,3.36363636364,2.54545454545,1.4,1.75,1.43969693781,0.565595225567,0.272727272727,0.646669790683,0.508097692679,0.246753246753,1.42062726223,1.11620713461,0.506493506494,1.34539994429,0.399983767222,4.66666666667,3.36363636364,1.34539994429,4.66666666667,0,0,0,0,0.237037037037,11,11,11,1,0,0.0909090909091,0.636363636364,0.272727272727,-6,-0.0545454545455,0.320247933884,-1.09090909091,-0.6,-0.75,-0.249843074903,0.100971722072,0.0272727272727,-0.521078625559,-0.134163936254,-0.0896103896104,-0.519382109822,0.04920197998,-0.0298701298701,0.288501169755,0.0527067768106,1.12121212121,0.320247933884,0.288501169755,1.12121212121,-0.499047619048,-0.4,-8,-0.0484848484848,-0.0185185185185,0,0,0,14,0,6,90,0.7,1,0,0.3,1,0.7,0.823529411765,0.810092587301,0.7,0.7,1,7,0,0,0,0
2349,WLNM_dir_neg,0.816326530612,0.594189342404,00:00:01,10,60,11,1176529760,threshold_sweep,0.9,1,0.142857142857,0.25,1,0,6,14,0.142857142857,1,0,0.857142857143,1,0.142857142857,0.25,0.714285714286,0.650793650794,0.181818181818,0.316227766017,0.142857142857,20,13,7,0,20,0,13,0,7,11,20,0.181818181818,3.04338842975,3.63636363636,2,2.5,1.68954001271,0.464623503495,0.245454545455,1.16774841624,0.642261628933,0.336363636364,1.94000937205,1.06700515463,0.536363636364,1.05689877454,0.347276990411,3.54545454545,3.04338842975,1.05689877454,3.54545454545,0.499047619048,0.4,8,0.0484848484848,0.255555555556,11,11,11,1,0,0.0909090909091,0.636363636364,0.272727272727,11,0.118181818182,3.72727272727,2.36363636364,1.3,1.625,1.43336856898,0.6064251638,0.286713286713,0.603022689156,0.510249967747,0.237762237762,1.40129809949,1.18571377649,0.503496503497,2.05382127221,0.551025219373,7,3.72727272727,2.05382127221,7,0,0,0,0,0.22962962963,11,11,11,1,0,0.0909090909091,0.636363636364,0.272727272727,11,14,0.127272727273,3.36363636364,2.54545454545,1.4,1.75,1.43969693781,0.565595225567,0.272727272727,0.646669790683,0.508097692679,0.246753246753,1.42062726223,1.11620713461,0.506493506494,1.34539994429,0.399983767222,4.66666666667,3.36363636364,1.34539994429,4.66666666667,0,0,0,0,0.237037037037,11,11,11,1,0,0.0909090909091,0.636363636364,0.272727272727,-6,-0.0545454545455,0.320247933884,-1.09090909091,-0.6,-0.75,-0.249843074903,0.100971722072,0.0272727272727,-0.521078625559,-0.134163936254,-0.0896103896104,-0.519382109822,0.04920197998,-0.0298701298701,0.288501169755,0.0527067768106,1.12121212121,0.320247933884,0.288501169755,1.12121212121,-0.499047619048,-0.4,-8,-0.0484848484848,-0.0185185185185,0,0,0,14,0,6,90,0.7,1,0,0.3,1,0.7,0.823529411765,0.810092587301,0.7,0.7,1,7,0,0,0,0
2350,WLNM_dir_neg,0.928571428571,0.756648113791,00:00:00,10,60,12,1176529761,threshold_sweep,0.1,1,0.714285714286,0.833333333333,5,0,2,14,0.714285714286,1,0,0.285714285714,1,0.714285714286,0.833333333333,0.904761904762,0.587301587302,0.769230769231,0.790569415042,0.714285714286,20,13,7,0,20,0,13,0,7,11,20,0.181818181818,3.04338842975,3.63636363636,2,2.5,1.68954001271,0.464623503495,0.245454545455,1.16774841624,0.642261628933,0.336363636364,1.94000937205,1.06700515463,0.536363636364,1.05689877454,0.347276990411,3.54545454545,3.04338842975,1.05689877454,3.54545454545,0.499047619048,0.4,8,0.0484848484848,0.255555555556,11,11,11,1,0,0.0909090909091,0.636363636364,0.272727272727,11,0.118181818182,3.72727272727,2.36363636364,1.3,1.625,1.43336856898,0.6064251638,0.286713286713,0.603022689156,0.510249967747,0.237762237762,1.40129809949,1.18571377649,0.503496503497,2.05382127221,0.551025219373,7,3.72727272727,2.05382127221,7,0,0,0,0,0.22962962963,11,11,11,1,0,0.0909090909091,0.636363636364,0.272727272727,11,18,0.163636363636,3.11363636364,3.27272727273,1.8,2.25,1.42062726223,0.434080552347,0.227272727273,0.924416277737,0.564921058617,0.292929292929,1.68954001271,1.03249667443,0.525252525253,1.14353419474,0.367266456706,3.875,3.11363636364,1.14353419474,3.875,0.366666666667,0.266666666667,4,0.0242424242424,0.221111111111,11,11,11,1,0,0.0909090909091,0.636363636364,0.272727272727,-2,-0.0181818181818,0.0702479338843,-0.363636363636,-0.2,-0.25,-0.268912750482,-0.030542951148,-0.0181818181818,-0.243332138505,-0.0773405703161,-0.0434343434343,-0.250469359339,-0.0345084801933,-0.0111111111111,0.0866354202056,0.0199894662943,0.329545454545,0.0702479338843,0.0866354202056,0.329545454545,-0.132380952381,-0.133333333333,-4,-0.0242424242424,-0.0344444444444,0,0,0,18,0,2,90,0.9,1,0,0.1,1,0.9,0.947368421053,0.938314863257,0.9,0.9,5,7,0,0,0,0
2351,WLNM_dir_neg,0.928571428571,0.756648113791,00:00:00,10,60,12,1176529761,threshold_sweep,0.2,1,0.714285714286,0.833333333333,5,0,2,14,0.714285714286,1,0,0.285714285714,1,0.714285714286,0.833333333333,0.904761904762,0.587301587302,0.769230769231,0.790569415042,0.714285714286,20,13,7,0,20,0,13,0,7,11,20,0.181818181818,3.04338842975,3.63636363636,2,2.5,1.68954001271,0.464623503495,0.245454545455,1.16774841624,0.642261628933,0.336363636364,1.94000937205,1.06700515463,0.536363636364,1.05689877454,0.347276990411,3.54545454545,3.04338842975,1.05689877454,3.54545454545,0.499047619048,0.4,8,0.0484848484848,0.255555555556,11,11,11,1,0,0.0909090909091,0.636363636364,0.272727272727,11,0.118181818182,3.72727272727,2.36363636364,1.3,1.625,1.43336856898,0.6064251638,0.286713286713,0.603022689156,0.510249967747,0.237762237762,1.40129809949,1.18571377649,0.503496503497,2.05382127221,0.551025219373,7,3.72727272727,2.05382127221,7,0,0,0,0,0.22962962963,11,11,11,1,0,0.0909090909091,0.636363636364,0.272727272727,11,18,0.163636363636,3.11363636364,3.27272727273,1.8,2.25,1.42062726223,0.434080552347,0.227272727273,0.924416277737,0.564921058617,0.292929292929,1.68954001271,1.03249667443,0.525252525253,1.14353419474,0.367266456706,3.875,3.11363636364,1.14353419474,3.875,0.366666666667,0.266666666667,4,0.0242424242424,0.221111111111,11,11,11,1,0,0.0909090909091,0.636363636364,0.272727272727,-2,-0.0181818181818,0.0702479338843,-0.363636363636,-0.2,-0.25,-0.268912750482,-0.030542951148,-0.0181818181818,-0.243332138505,-0.0773405703161,-0.0434343434343,-0.250469359339,-0.0345084801933,-0.0111111111111,0.0866354202056,0.0199894662943,0.329545454545,0.0702479338843,0.0866354202056,0.329545454545,-0.132380952381,-0.133333333333,-4,-0.0242424242424,-0.0344444444444,0,0,0,18,0,2,90,0.9,1,0,0.1,1,0.9,0.947368421053,0.938314863257,0.9,0.9,5,7,0,0,0,0
2352,WLNM_dir_neg,0.928571428571,0.756648113791,00:00:00,10,60,12,1176529761,threshold_sweep,0.3,1,0.714285714286,0.833333333333,5,0,2,14,0.714285714286,1,0,0.285714285714,1,0.714285714286,0.833333333333,0.904761904762,0.587301587302,0.769230769231,0.790569415042,0.714285714286,20,13,7,0,20,0,13,0,7,11,20,0.181818181818,3.04338842975,3.63636363636,2,2.5,1.68954001271,0.464623503495,0.245454545455,1.16774841624,0.642261628933,0.336363636364,1.94000937205,1.06700515463,0.536363636364,1.05689877454,0.347276990411,3.54545454545,3.04338842975,1.05689877454,3.54545454545,0.499047619048,0.4,8,0.0484848484848,0.255555555556,11,11,11,1,0,0.0909090909091,0.636363636364,0.272727272727,11,0.118181818182,3.72727272727,2.36363636364,1.3,1.625,1.43336856898,0.6064251638,0.286713286713,0.603022689156,0.510249967747,0.237762237762,1.40129809949,1.18571377649,0.503496503497,2.05382127221,0.551025219373,7,3.72727272727,2.05382127221,7,0,0,0,0,0.22962962963,11,11,11,1,0,0.0909090909091,0.636363636364,0.272727272727,11,18,0.163636363636,3.11363636364,3.27272727273,1.8,2.25,1.42062726223,0.434080552347,0.227272727273,0.924416277737,0.564921058617,0.292929292929,1.68954001271,1.03249667443,0.525252525253,1.14353419474,0.367266456706,3.875,3.11363636364,1.14353419474,3.875,0.366666666667,0.266666666667,4,0.0242424242424,0.221111111111,11,11,11,1,0,0.0909090909091,0.636363636364,0.272727272727,-2,-0.0181818181818,0.0702479338843,-0.363636363636,-0.2,-0.25,-0.268912750482,-0.030542951148,-0.0181818181818,-0.243332138505,-0.0773405703161,-0.0434343434343,-0.250469359339,-0.0345084801933,-0.0111111111111,0.0866354202056,0.0199894662943,0.329545454545,0.0702479338843,0.0866354202056,0.329545454545,-0.132380952381,-0.133333333333,-4,-0.0242424242424,-0.0344444444444,0,0,0,18,0,2,90,0.9,1,0,0.1,1,0.9,0.947368421053,0.938314863257,0.9,0.9,5,7,0,0,0,0
2353,WLNM_dir_neg,0.928571428571,0.756648113791,00:00:00,10,60,12,1176529761,threshold_sweep,0.4,1,0.714285714286,0.833333333333,5,0,2,14,0.714285714286,1,0,0.285714285714,1,0.714285714286,0.833333333333,0.904761904762,0.587301587302,0.769230769231,0.790569415042,0.714285714286,20,13,7,0,20,0,13,0,7,11,20,0.181818181818,3.04338842975,3.63636363636,2,2.5,1.68954001271,0.464623503495,0.245454545455,1.16774841624,0.642261628933,0.336363636364,1.94000937205,1.06700515463,0.536363636364,1.05689877454,0.347276990411,3.54545454545,3.04338842975,1.05689877454,3.54545454545,0.499047619048,0.4,8,0.0484848484848,0.255555555556,11,11,11,1,0,0.0909090909091,0.636363636364,0.272727272727,11,0.118181818182,3.72727272727,2.36363636364,1.3,1.625,1.43336856898,0.6064251638,0.286713286713,0.603022689156,0.510249967747,0.237762237762,1.40129809949,1.18571377649,0.503496503497,2.05382127221,0.551025219373,7,3.72727272727,2.05382127221,7,0,0,0,0,0.22962962963,11,11,11,1,0,0.0909090909091,0.636363636364,0.272727272727,11,18,0.163636363636,3.11363636364,3.27272727273,1.8,2.25,1.42062726223,0.434080552347,0.227272727273,0.924416277737,0.564921058617,0.292929292929,1.68954001271,1.03249667443,0.525252525253,1.14353419474,0.367266456706,3.875,3.11363636364,1.14353419474,3.875,0.366666666667,0.266666666667,4,0.0242424242424,0.221111111111,11,11,11,1,0,0.0909090909091,0.636363636364,0.272727272727,-2,-0.0181818181818,0.0702479338843,-0.363636363636,-0.2,-0.25,-0.268912750482,-0.030542951148,-0.0181818181818,-0.243332138505,-0.0773405703161,-0.0434343434343,-0.250469359339,-0.0345084801933,-0.0111111111111,0.0866354202056,0.0199894662943,0.329545454545,0.0702479338843,0.0866354202056,0.329545454545,-0.132380952381,-0.133333333333,-4,-0.0242424242424,-0.0344444444444,0,0,0,18,0,2,90,0.9,1,0,0.1,1,0.9,0.947368421053,0.938314863257,0.9,0.9,5,7,0,0,0,0
2354,WLNM_dir_neg,0.928571428571,0.756648113791,00:00:00,10,60,12,1176529761,threshold_sweep,0.5,1,0.714285714286,0.833333333333,5,0,2,14,0.714285714286,1,0,0.285714285714,1,0.714285714286,0.833333333333,0.904761904762,0.587301587302,0.769230769231,0.790569415042,0.714285714286,20,13,7,0,20,0,13,0,7,11,20,0.181818181818,3.04338842975,3.63636363636,2,2.5,1.68954001271,0.464623503495,0.245454545455,1.16774841624,0.642261628933,0.336363636364,1.94000937205,1.06700515463,0.536363636364,1.05689877454,0.347276990411,3.54545454545,3.04338842975,1.05689877454,3.54545454545,0.499047619048,0.4,8,0.0484848484848,0.255555555556,11,11,11,1,0,0.0909090909091,0.636363636364,0.272727272727,11,0.118181818182,3.72727272727,2.36363636364,1.3,1.625,1.43336856898,0.6064251638,0.286713286713,0.603022689156,0.510249967747,0.237762237762,1.40129809949,1.18571377649,0.503496503497,2.05382127221,0.551025219373,7,3.72727272727,2.05382127221,7,0,0,0,0,0.22962962963,11,11,11,1,0,0.0909090909091,0.636363636364,0.272727272727,11,18,0.163636363636,3.11363636364,3.27272727273,1.8,2.25,1.42062726223,0.434080552347,0.227272727273,0.924416277737,0.564921058617,0.292929292929,1.68954001271,1.03249667443,0.525252525253,1.14353419474,0.367266456706,3.875,3.11363636364,1.14353419474,3.875,0.366666666667,0.266666666667,4,0.0242424242424,0.221111111111,11,11,11,1,0,0.0909090909091,0.636363636364,0.272727272727,-2,-0.0181818181818,0.0702479338843,-0.363636363636,-0.2,-0.25,-0.268912750482,-0.030542951148,-0.0181818181818,-0.243332138505,-0.0773405703161,-0.0434343434343,-0.250469359339,-0.0345084801933,-0.0111111111111,0.0866354202056,0.0199894662943,0.329545454545,0.0702479338843,0.0866354202056,0.329545454545,-0.132380952381,-0.133333333333,-4,-0.0242424242424,-0.0344444444444,0,0,0,18,0,2,90,0.9,1,0,0.1,1,0.9,0.947368421053,0.938314863257,0.9,0.9,5,7,0,0,0,0
2355,WLNM_dir_neg,0.928571428571,0.756648113791,00:00:00,10,60,12,1176529761,threshold_sweep,0.6,1,0.714285714286,0.833333333333,5,0,2,14,0.714285714286,1,0,0.285714285714,1,0.714285714286,0.833333333333,0.904761904762,0.587301587302,0.769230769231,0.790569415042,0.714285714286,20,13,7,0,20,0,13,0,7,11,20,0.181818181818,3.04338842975,3.63636363636,2,2.5,1.68954001271,0.464623503495,0.245454545455,1.16774841624,0.642261628933,0.336363636364,1.94000937205,1.06700515463,0.536363636364,1.05689877454,0.347276990411,3.54545454545,3.04338842975,1.05689877454,3.54545454545,0.499047619048,0.4,8,0.0484848484848,0.255555555556,11,11,11,1,0,0.0909090909091,0.636363636364,0.272727272727,11,0.118181818182,3.72727272727,2.36363636364,1.3,1.625,1.43336856898,0.6064251638,0.286713286713,0.603022689156,0.510249967747,0.237762237762,1.40129809949,1.18571377649,0.503496503497,2.05382127221,0.551025219373,7,3.72727272727,2.05382127221,7,0,0,0,0,0.22962962963,11,11,11,1,0,0.0909090909091,0.636363636364,0.272727272727,11,18,0.163636363636,3.11363636364,3.27272727273,1.8,2.25,1.42062726223,0.434080552347,0.227272727273,0.924416277737,0.564921058617,0.292929292929,1.68954001271,1.03249667443,0.525252525253,1.14353419474,0.367266456706,3.875,3.11363636364,1.14353419474,3.875,0.366666666667,0.266666666667,4,0.0242424242424,0.221111111111,11,11,11,1,0,0.0909090909091,0.636363636364,0.272727272727,-2,-0.0181818181818,0.0702479338843,-0.363636363636,-0.2,-0.25,-0.268912750482,-0.030542951148,-0.0181818181818,-0.243332138505,-0.0773405703161,-0.0434343434343,-0.250469359339,-0.0345084801933,-0.0111111111111,0.0866354202056,0.0199894662943,0.329545454545,0.0702479338843,0.0866354202056,0.329545454545,-0.132380952381,-0.133333333333,-4,-0.0242424242424,-0.0344444444444,0,0,0,18,0,2,90,0.9,1,0,0.1,1,0.9,0.947368421053,0.938314863257,0.9,0.9,5,7,0,0,0,0
2356,WLNM_dir_neg,0.928571428571,0.756648113791,00:00:00,10,60,12,1176529761,threshold_sweep,0.7,1,0.714285714286,0.833333333333,5,0,2,14,0.714285714286,1,0,0.285714285714,1,0.714285714286,0.833333333333,0.904761904762,0.587301587302,0.769230769231,0.790569415042,0.714285714286,20,13,7,0,20,0,13,0,7,11,20,0.181818181818,3.04338842975,3.63636363636,2,2.5,1.68954001271,0.464623503495,0.245454545455,1.16774841624,0.642261628933,0.336363636364,1.94000937205,1.06700515463,0.536363636364,1.05689877454,0.347276990411,3.54545454545,3.04338842975,1.05689877454,3.54545454545,0.499047619048,0.4,8,0.0484848484848,0.255555555556,11,11,11,1,0,0.0909090909091,0.636363636364,0.272727272727,11,0.118181818182,3.72727272727,2.36363636364,1.3,1.625,1.43336856898,0.6064251638,0.286713286713,0.603022689156,0.510249967747,0.237762237762,1.40129809949,1.18571377649,0.503496503497,2.05382127221,0.551025219373,7,3.72727272727,2.05382127221,7,0,0,0,0,0.22962962963,11,11,11,1,0,0.0909090909091,0.636363636364,0.272727272727,11,18,0.163636363636,3.11363636364,3.27272727273,1.8,2.25,1.42062726223,0.434080552347,0.227272727273,0.924416277737,0.564921058617,0.292929292929,1.68954001271,1.03249667443,0.525252525253,1.14353419474,0.367266456706,3.875,3.11363636364,1.14353419474,3.875,0.366666666667,0.266666666667,4,0.0242424242424,0.221111111111,11,11,11,1,0,0.0909090909091,0.636363636364,0.272727272727,-2,-0.0181818181818,0.0702479338843,-0.363636363636,-0.2,-0.25,-0.268912750482,-0.030542951148,-0.0181818181818,-0.243332138505,-0.0773405703161,-0.0434343434343,-0.250469359339,-0.0345084801933,-0.0111111111111,0.0866354202056,0.0199894662943,0.329545454545,0.0702479338843,0.0866354202056,0.329545454545,-0.132380952381,-0.133333333333,-4,-0.0242424242424,-0.0344444444444,0,0,0,18,0,2,90,0.9,1,0,0.1,1,0.9,0.947368421053,0.938314863257,0.9,0.9,5,7,0,0,0,0
2357,WLNM_dir_neg,0.928571428571,0.756648113791,00:00:00,10,60,12,1176529761,threshold_sweep,0.8,1,0.714285714286,0.833333333333,5,0,2,14,0.714285714286,1,0,0.285714285714,1,0.714285714286,0.833333333333,0.904761904762,0.587301587302,0.769230769231,0.790569415042,0.714285714286,20,13,7,0,20,0,13,0,7,11,20,0.181818181818,3.04338842975,3.63636363636,2,2.5,1.68954001271,0.464623503495,0.245454545455,1.16774841624,0.642261628933,0.336363636364,1.94000937205,1.06700515463,0.536363636364,1.05689877454,0.347276990411,3.54545454545,3.04338842975,1.05689877454,3.54545454545,0.499047619048,0.4,8,0.0484848484848,0.255555555556,11,11,11,1,0,0.0909090909091,0.636363636364,0.272727272727,11,0.118181818182,3.72727272727,2.36363636364,1.3,1.625,1.43336856898,0.6064251638,0.286713286713,0.603022689156,0.510249967747,0.237762237762,1.40129809949,1.18571377649,0.503496503497,2.05382127221,0.551025219373,7,3.72727272727,2.05382127221,7,0,0,0,0,0.22962962963,11,11,11,1,0,0.0909090909091,0.636363636364,0.272727272727,11,18,0.163636363636,3.11363636364,3.27272727273,1.8,2.25,1.42062726223,0.434080552347,0.227272727273,0.924416277737,0.564921058617,0.292929292929,1.68954001271,1.03249667443,0.525252525253,1.14353419474,0.367266456706,3.875,3.11363636364,1.14353419474,3.875,0.366666666667,0.266666666667,4,0.0242424242424,0.221111111111,11,11,11,1,0,0.0909090909091,0.636363636364,0.272727272727,-2,-0.0181818181818,0.0702479338843,-0.363636363636,-0.2,-0.25,-0.268912750482,-0.030542951148,-0.0181818181818,-0.243332138505,-0.0773405703161,-0.0434343434343,-0.250469359339,-0.0345084801933,-0.0111111111111,0.0866354202056,0.0199894662943,0.329545454545,0.0702479338843,0.0866354202056,0.329545454545,-0.132380952381,-0.133333333333,-4,-0.0242424242424,-0.0344444444444,0,0,0,18,0,2,90,0.9,1,0,0.1,1,0.9,0.947368421053,0.938314863257,0.9,0.9,5,7,0,0,0,0
2358,WLNM_dir_neg,0.928571428571,0.756648113791,00:00:00,10,60,12,1176529761,threshold_sweep,0.9,1,0.714285714286,0.833333333333,5,0,2,14,0.714285714286,1,0,0.285714285714,1,0.714285714286,0.833333333333,0.904761904762,0.587301587302,0.769230769231,0.790569415042,0.714285714286,20,13,7,0,20,0,13,0,7,11,20,0.181818181818,3.04338842975,3.63636363636,2,2.5,1.68954001271,0.464623503495,0.245454545455,1.16774841624,0.642261628933,0.336363636364,1.94000937205,1.06700515463,0.536363636364,1.05689877454,0.347276990411,3.54545454545,3.04338842975,1.05689877454,3.54545454545,0.499047619048,0.4,8,0.0484848484848,0.255555555556,11,11,11,1,0,0.0909090909091,0.636363636364,0.272727272727,11,0.118181818182,3.72727272727,2.36363636364,1.3,1.625,1.43336856898,0.6064251638,0.286713286713,0.603022689156,0.510249967747,0.237762237762,1.40129809949,1.18571377649,0.503496503497,2.05382127221,0.551025219373,7,3.72727272727,2.05382127221,7,0,0,0,0,0.22962962963,11,11,11,1,0,0.0909090909091,0.636363636364,0.272727272727,11,18,0.163636363636,3.11363636364,3.27272727273,1.8,2.25,1.42062726223,0.434080552347,0.227272727273,0.924416277737,0.564921058617,0.292929292929,1.68954001271,1.03249667443,0.525252525253,1.14353419474,0.367266456706,3.875,3.11363636364,1.14353419474,3.875,0.366666666667,0.266666666667,4,0.0242424242424,0.221111111111,11,11,11,1,0,0.0909090909091,0.636363636364,0.272727272727,-2,-0.0181818181818,0.0702479338843,-0.363636363636,-0.2,-0.25,-0.268912750482,-0.030542951148,-0.0181818181818,-0.243332138505,-0.0773405703161,-0.0434343434343,-0.250469359339,-0.0345084801933,-0.0111111111111,0.0866354202056,0.0199894662943,0.329545454545,0.0702479338843,0.0866354202056,0.329545454545,-0.132380952381,-0.133333333333,-4,-0.0242424242424,-0.0344444444444,0,0,0,18,0,2,90,0.9,1,0,0.1,1,0.9,0.947368421053,0.938314863257,0.9,0.9,5,7,0,0,0,0
2359,WLNM_dir_neg,0.857142857143,0.619701726845,00:00:01,10,60,13,1176529762,threshold_sweep,0.1,0.714285714286,0.714285714286,0.714285714286,5,2,2,12,0.714285714286,0.857142857143,0.142857142857,0.285714285714,0.714285714286,0.714285714286,0.714285714286,0.809523809524,0.555555555556,0.571428571429,0.571428571429,0.571428571429,20,13,7,0,20,0,13,0,7,11,20,0.181818181818,3.04338842975,3.63636363636,2,2.5,1.68954001271,0.464623503495,0.245454545455,1.16774841624,0.642261628933,0.336363636364,1.94000937205,1.06700515463,0.536363636364,1.05689877454,0.347276990411,3.54545454545,3.04338842975,1.05689877454,3.54545454545,0.499047619048,0.4,8,0.0484848484848,0.255555555556,11,11,11,1,0,0.0909090909091,0.636363636364,0.272727272727,11,0.118181818182,3.72727272727,2.36363636364,1.3,1.625,1.43336856898,0.6064251638,0.286713286713,0.603022689156,0.510249967747,0.237762237762,1.40129809949,1.18571377649,0.503496503497,2.05382127221,0.551025219373,7,3.72727272727,2.05382127221,7,0,0,0,0,0.22962962963,11,11,11,1,0,0.0909090909091,0.636363636364,0.272727272727,11,20,0.181818181818,6.08901515152,3.63636363636,2,2.5,1.68954001271,0.464623503495,0.236363636364,0.981649817214,0.539907399468,0.281818181818,1.66241882919,0.914330356053,0.481818181818,2.19229812887,0.360041496748,7.5,6.08901515152,2.19229812887,7.5,0.459047619048,0.35593220339,7,0.0424242424242,0.221851851852,11,11,11,1,0,0.0909090909091,0.636363636364,0.272727272727,0,0,3.04562672176,0,0,0,0,0,-0.00909090909091,-0.186098599028,-0.102354229466,-0.0545454545455,-0.277590542861,-0.152674798574,-0.0545454545455,1.13539935434,0.0127645063367,3.95454545455,3.04562672176,1.13539935434,3.95454545455,-0.04,-0.0440677966102,-1,-0.00606060606061,-0.0337037037037,0,0,0,18,2,2,88,0.9,0.977777777778,0.0222222222222,0.1,0.9,0.9,0.9,0.877777777778,0.877777777778,0.818181818182,7,7,0,0,0,0
2360,WLNM_dir_neg,0.857142857143,0.619701726845,00:00:01,10,60,13,1176529762,threshold_sweep,0.2,0.714285714286,0.714285714286,0.714285714286,5,2,2,12,0.714285714286,0.857142857143,0.142857142857,0.285714285714,0.714285714286,0.714285714286,0.714285714286,0.809523809524,0.555555555556,0.571428571429,0.571428571429,0.571428571429,20,13,7,0,20,0,13,0,7,11,20,0.181818181818,3.04338842975,3.63636363636,2,2.5,1.68954001271,0.464623503495,0.245454545455,1.16774841624,0.642261628933,0.336363636364,1.94000937205,1.06700515463,0.536363636364,1.05689877454,0.347276990411,3.54545454545,3.04338842975,1.05689877454,3.54545454545,0.499047619048,0.4,8,0.0484848484848,0.255555555556,11,11,11,1,0,0.0909090909091,0.636363636364,0.272727272727,11,0.118181818182,3.72727272727,2.36363636364,1.3,1.625,1.43336856898,0.6064251638,0.286713286713,0.603022689156,0.510249967747,0.237762237762,1.40129809949,1.18571377649,0.503496503497,2.05382127221,0.551025219373,7,3.72727272727,2.05382127221,7,0,0,0,0,0.22962962963,11,11,11,1,0,0.0909090909091,0.636363636364,0.272727272727,11,20,0.181818181818,6.08901515152,3.63636363636,2,2.5,1.68954001271,0.464623503495,0.236363636364,0.981649817214,0.539907399468,0.281818181818,1.66241882919,0.914330356053,0.481818181818,2.19229812887,0.360041496748,7.5,6.08901515152,2.19229812887,7.5,0.459047619048,0.35593220339,7,0.0424242424242,0.221851851852,11,11,11,1,0,0.0909090909091,0.636363636364,0.272727272727,0,0,3.04562672176,0,0,0,0,0,-0.00909090909091,-0.186098599028,-0.102354229466,-0.0545454545455,-0.277590542861,-0.152674798574,-0.0545454545455,1.13539935434,0.0127645063367,3.95454545455,3.04562672176,1.13539935434,3.95454545455,-0.04,-0.0440677966102,-1,-0.00606060606061,-0.0337037037037,0,0,0,18,2,2,88,0.9,0.977777777778,0.0222222222222,0.1,0.9,0.9,0.9,0.877777777778,0.877777777778,0.818181818182,7,7,0,0,0,0
2361,WLNM_dir_neg,0.857142857143,0.619701726845,00:00:01,10,60,13,1176529762,threshold_sweep,0.3,0.714285714286,0.714285714286,0.714285714286,5,2,2,12,0.714285714286,0.857142857143,0.142857142857,0.285714285714,0.714285714286,0.714285714286,0.714285714286,0.809523809524,0.555555555556,0.571428571429,0.571428571429,0.571428571429,20,13,7,0,20,0,13,0,7,11,20,0.181818181818,3.04338842975,3.63636363636,2,2.5,1.68954001271,0.464623503495,0.245454545455,1.16774841624,0.642261628933,0.336363636364,1.94000937205,1.06700515463,0.536363636364,1.05689877454,0.347276990411,3.54545454545,3.04338842975,1.05689877454,3.54545454545,0.499047619048,0.4,8,0.0484848484848,0.255555555556,11,11,11,1,0,0.0909090909091,0.636363636364,0.272727272727,11,0.118181818182,3.72727272727,2.36363636364,1.3,1.625,1.43336856898,0.6064251638,0.286713286713,0.603022689156,0.510249967747,0.237762237762,1.40129809949,1.18571377649,0.503496503497,2.05382127221,0.551025219373,7,3.72727272727,2.05382127221,7,0,0,0,0,0.22962962963,11,11,11,1,0,0.0909090909091,0.636363636364,0.272727272727,11,20,0.181818181818,6.08901515152,3.63636363636,2,2.5,1.68954001271,0.464623503495,0.236363636364,0.981649817214,0.539907399468,0.281818181818,1.66241882919,0.914330356053,0.481818181818,2.19229812887,0.360041496748,7.5,6.08901515152,2.19229812887,7.5,0.459047619048,0.35593220339,7,0.0424242424242,0.221851851852,11,11,11,1,0,0.0909090909091,0.636363636364,0.272727272727,0,0,3.04562672176,0,0,0,0,0,-0.00909090909091,-0.186098599028,-0.102354229466,-0.0545454545455,-0.277590542861,-0.152674798574,-0.0545454545455,1.13539935434,0.0127645063367,3.95454545455,3.04562672176,1.13539935434,3.95454545455,-0.04,-0.0440677966102,-1,-0.00606060606061,-0.0337037037037,0,0,0,18,2,2,88,0.9,0.977777777778,0.0222222222222,0.1,0.9,0.9,0.9,0.877777777778,0.877777777778,0.818181818182,7,7,0,0,0,0
2362,WLNM_dir_neg,0.857142857143,0.619701726845,00:00:01,10,60,13,1176529762,threshold_sweep,0.4,0.714285714286,0.714285714286,0.714285714286,5,2,2,12,0.714285714286,0.857142857143,0.142857142857,0.285714285714,0.714285714286,0.714285714286,0.714285714286,0.809523809524,0.555555555556,0.571428571429,0.571428571429,0.571428571429,20,13,7,0,20,0,13,0,7,11,20,0.181818181818,3.04338842975,3.63636363636,2,2.5,1.68954001271,0.464623503495,0.245454545455,1.16774841624,0.642261628933,0.336363636364,1.94000937205,1.06700515463,0.536363636364,1.05689877454,0.347276990411,3.54545454545,3.04338842975,1.05689877454,3.54545454545,0.499047619048,0.4,8,0.0484848484848,0.255555555556,11,11,11,1,0,0.0909090909091,0.636363636364,0.272727272727,11,0.118181818182,3.72727272727,2.36363636364,1.3,1.625,1.43336856898,0.6064251638,0.286713286713,0.603022689156,0.510249967747,0.237762237762,1.40129809949,1.18571377649,0.503496503497,2.05382127221,0.551025219373,7,3.72727272727,2.05382127221,7,0,0,0,0,0.22962962963,11,11,11,1,0,0.0909090909091,0.636363636364,0.272727272727,11,20,0.181818181818,6.08901515152,3.63636363636,2,2.5,1.68954001271,0.464623503495,0.236363636364,0.981649817214,0.539907399468,0.281818181818,1.66241882919,0.914330356053,0.481818181818,2.19229812887,0.360041496748,7.5,6.08901515152,2.19229812887,7.5,0.459047619048,0.35593220339,7,0.0424242424242,0.221851851852,11,11,11,1,0,0.0909090909091,0.636363636364,0.272727272727,0,0,3.04562672176,0,0,0,0,0,-0.00909090909091,-0.186098599028,-0.102354229466,-0.0545454545455,-0.277590542861,-0.152674798574,-0.0545454545455,1.13539935434,0.0127645063367,3.95454545455,3.04562672176,1.13539935434,3.95454545455,-0.04,-0.0440677966102,-1,-0.00606060606061,-0.0337037037037,0,0,0,18,2,2,88,0.9,0.977777777778,0.0222222222222,0.1,0.9,0.9,0.9,0.877777777778,0.877777777778,0.818181818182,7,7,0,0,0,0
2363,WLNM_dir_neg,0.857142857143,0.619701726845,00:00:01,10,60,13,1176529762,threshold_sweep,0.5,0.714285714286,0.714285714286,0.714285714286,5,2,2,12,0.714285714286,0.857142857143,0.142857142857,0.285714285714,0.714285714286,0.714285714286,0.714285714286,0.809523809524,0.555555555556,0.571428571429,0.571428571429,0.571428571429,20,13,7,0,20,0,13,0,7,11,20,0.181818181818,3.04338842975,3.63636363636,2,2.5,1.68954001271,0.464623503495,0.245454545455,1.16774841624,0.642261628933,0.336363636364,1.94000937205,1.06700515463,0.536363636364,1.05689877454,0.347276990411,3.54545454545,3.04338842975,1.05689877454,3.54545454545,0.499047619048,0.4,8,0.0484848484848,0.255555555556,11,11,11,1,0,0.0909090909091,0.636363636364,0.272727272727,11,0.118181818182,3.72727272727,2.36363636364,1.3,1.625,1.43336856898,0.6064251638,0.286713286713,0.603022689156,0.510249967747,0.237762237762,1.40129809949,1.18571377649,0.503496503497,2.05382127221,0.551025219373,7,3.72727272727,2.05382127221,7,0,0,0,0,0.22962962963,11,11,11,1,0,0.0909090909091,0.636363636364,0.272727272727,11,20,0.181818181818,6.08901515152,3.63636363636,2,2.5,1.68954001271,0.464623503495,0.236363636364,0.981649817214,0.539907399468,0.281818181818,1.66241882919,0.914330356053,0.481818181818,2.19229812887,0.360041496748,7.5,6.08901515152,2.19229812887,7.5,0.459047619048,0.35593220339,7,0.0424242424242,0.221851851852,11,11,11,1,0,0.0909090909091,0.636363636364,0.272727272727,0,0,3.04562672176,0,0,0,0,0,-0.00909090909091,-0.186098599028,-0.102354229466,-0.0545454545455,-0.277590542861,-0.152674798574,-0.0545454545455,1.13539935434,0.0127645063367,3.95454545455,3.04562672176,1.13539935434,3.95454545455,-0.04,-0.0440677966102,-1,-0.00606060606061,-0.0337037037037,0,0,0,18,2,2,88,0.9,0.977777777778,0.0222222222222,0.1,0.9,0.9,0.9,0.877777777778,0.877777777778,0.818181818182,7,7,0,0,0,0
2364,WLNM_dir_neg,0.857142857143,0.619701726845,00:00:01,10,60,13,1176529762,threshold_sweep,0.6,0.833333333333,0.714285714286,0.769230769231,5,1,2,13,0.714285714286,0.928571428571,0.0714285714286,0.285714285714,0.833333333333,0.714285714286,0.769230769231,0.857142857143,0.571428571429,0.666666666667,0.67082039325,0.642857142857,20,13,7,0,20,0,13,0,7,11,20,0.181818181818,3.04338842975,3.63636363636,2,2.5,1.68954001271,0.464623503495,0.245454545455,1.16774841624,0.642261628933,0.336363636364,1.94000937205,1.06700515463,0.536363636364,1.05689877454,0.347276990411,3.54545454545,3.04338842975,1.05689877454,3.54545454545,0.499047619048,0.4,8,0.0484848484848,0.255555555556,11,11,11,1,0,0.0909090909091,0.636363636364,0.272727272727,11,0.118181818182,3.72727272727,2.36363636364,1.3,1.625,1.43336856898,0.6064251638,0.286713286713,0.603022689156,0.510249967747,0.237762237762,1.40129809949,1.18571377649,0.503496503497,2.05382127221,0.551025219373,7,3.72727272727,2.05382127221,7,0,0,0,0,0.22962962963,11,11,11,1,0,0.0909090909091,0.636363636364,0.272727272727,11,19,0.172727272727,5.99715909091,3.45454545455,1.9,2.375,1.69491217257,0.490632471007,0.253588516746,0.904534033733,0.523677598477,0.267942583732,1.67874411933,0.971904490138,0.507177033493,2.14896661873,0.35833076731,7.5,5.99715909091,2.14896661873,7.5,0.432380952381,0.333333333333,6,0.0363636363636,0.219259259259,11,11,11,1,0,0.0909090909091,0.636363636364,0.272727272727,-1,-0.00909090909091,2.95377066116,-0.181818181818,-0.1,-0.125,0.00537215986117,0.0260089675122,0.00813397129187,-0.263214382509,-0.118584030456,-0.0684210526316,-0.26126525272,-0.0951006644889,-0.0291866028708,1.09206784419,0.0110537768992,3.95454545455,2.95377066116,1.09206784419,3.95454545455,-0.0666666666667,-0.0666666666667,-2,-0.0121212121212,-0.0362962962963,0,0,0,18,1,2,89,0.9,0.988888888889,0.0111111111111,0.1,0.947368421053,0.9,0.923076923077,0.906956031802,0.888888888889,0.857142857143,6,7,0,0,0,0
2365,WLNM_dir_neg,0.857142857143,0.619701726845,00:00:01,10,60,13,1176529762,threshold_sweep,0.7,0.75,0.428571428571,0.545454545455,3,1,4,13,0.428571428571,0.928571428571,0.0714285714286,0.571428571429,0.75,0.428571428571,0.545454545455,0.761904761905,0.603174603175,0.4,0.428746462856,0.357142857143,20,13,7,0,20,0,13,0,7,11,20,0.181818181818,3.04338842975,3.63636363636,2,2.5,1.68954001271,0.464623503495,0.245454545455,1.16774841624,0.642261628933,0.336363636364,1.94000937205,1.06700515463,0.536363636364,1.05689877454,0.347276990411,3.54545454545,3.04338842975,1.05689877454,3.54545454545,0.499047619048,0.4,8,0.0484848484848,0.255555555556,11,11,11,1,0,0.0909090909091,0.636363636364,0.272727272727,11,0.118181818182,3.72727272727,2.36363636364,1.3,1.625,1.43336856898,0.6064251638,0.286713286713,0.603022689156,0.510249967747,0.237762237762,1.40129809949,1.18571377649,0.503496503497,2.05382127221,0.551025219373,7,3.72727272727,2.05382127221,7,0,0,0,0,0.22962962963,11,11,11,1,0,0.0909090909091,0.636363636364,0.272727272727,11,17,0.154545454545,6.52272727273,3.09090909091,1.7,2.125,1.97253874256,0.638174299064,0.336898395722,0.934198732994,0.604481533114,0.310160427807,1.63484778274,1.05784268295,0.524064171123,2.01697343021,0.309222407419,7.5,6.52272727273,2.01697343021,7.5,0.278571428571,0.25,4,0.0242424242424,0.271111111111,11,11,11,1,0,0.0909090909091,0.636363636364,0.272727272727,-3,-0.0272727272727,3.47933884298,-0.545454545455,-0.3,-0.375,0.282998729853,0.173550795569,0.0914438502674,-0.233549683248,-0.0377800958196,-0.0262032085561,-0.305161589309,-0.00916247167783,-0.0122994652406,0.960074655675,-0.038054582992,3.95454545455,3.47933884298,0.960074655675,3.95454545455,-0.220476190476,-0.15,-4,-0.0242424242424,0.0155555555556,0,0,0,16,1,4,89,0.8,0.988888888889,0.0111111111111,0.2,0.941176470588,0.8,0.864864864865,0.841755876268,0.788888888889,0.761904761905,4,7,0,0,0,0
2366,WLNM_dir_neg,0.857142857143,0.619701726845,00:00:01,10,60,13,1176529762,threshold_sweep,0.8,0.75,0.428571428571,0.545454545455,3,1,4,13,0.428571428571,0.928571428571,0.0714285714286,0.571428571429,0.75,0.428571428571,0.545454545455,0.761904761905,0.603174603175,0.4,0.428746462856,0.357142857143,20,13,7,0,20,0,13,0,7,11,20,0.181818181818,3.04338842975,3.63636363636,2,2.5,1.68954001271,0.464623503495,0.245454545455,1.16774841624,0.642261628933,0.336363636364,1.94000937205,1.06700515463,0.536363636364,1.05689877454,0.347276990411,3.54545454545,3.04338842975,1.05689877454,3.54545454545,0.499047619048,0.4,8,0.0484848484848,0.255555555556,11,11,11,1,0,0.0909090909091,0.636363636364,0.272727272727,11,0.118181818182,3.72727272727,2.36363636364,1.3,1.625,1.43336856898,0.6064251638,0.286713286713,0.603022689156,0.510249967747,0.237762237762,1.40129809949,1.18571377649,0.503496503497,2.05382127221,0.551025219373,7,3.72727272727,2.05382127221,7,0,0,0,0,0.22962962963,11,11,11,1,0,0.0909090909091,0.636363636364,0.272727272727,11,17,0.154545454545,6.52272727273,3.09090909091,1.7,2.125,1.97253874256,0.638174299064,0.336898395722,0.934198732994,0.604481533114,0.310160427807,1.63484778274,1.05784268295,0.524064171123,2.01697343021,0.309222407419,7.5,6.52272727273,2.01697343021,7.5,0.278571428571,0.25,4,0.0242424242424,0.271111111111,11,11,11,1,0,0.0909090909091,0.636363636364,0.272727272727,-3,-0.0272727272727,3.47933884298,-0.545454545455,-0.3,-0.375,0.282998729853,0.173550795569,0.0914438502674,-0.233549683248,-0.0377800958196,-0.0262032085561,-0.305161589309,-0.00916247167783,-0.0122994652406,0.960074655675,-0.038054582992,3.95454545455,3.47933884298,0.960074655675,3.95454545455,-0.220476190476,-0.15,-4,-0.0242424242424,0.0155555555556,0,0,0,16,1,4,89,0.8,0.988888888889,0.0111111111111,0.2,0.941176470588,0.8,0.864864864865,0.841755876268,0.788888888889,0.761904761905,4,7,0,0,0,0
2367,WLNM_dir_neg,0.857142857143,0.619701726845,00:00:01,10,60,13,1176529762,threshold_sweep,0.9,0.75,0.428571428571,0.545454545455,3,1,4,13,0.428571428571,0.928571428571,0.0714285714286,0.571428571429,0.75,0.428571428571,0.545454545455,0.761904761905,0.603174603175,0.4,0.428746462856,0.357142857143,20,13,7,0,20,0,13,0,7,11,20,0.181818181818,3.04338842975,3.63636363636,2,2.5,1.68954001271,0.464623503495,0.245454545455,1.16774841624,0.642261628933,0.336363636364,1.94000937205,1.06700515463,0.536363636364,1.05689877454,0.347276990411,3.54545454545,3.04338842975,1.05689877454,3.54545454545,0.499047619048,0.4,8,0.0484848484848,0.255555555556,11,11,11,1,0,0.0909090909091,0.636363636364,0.272727272727,11,0.118181818182,3.72727272727,2.36363636364,1.3,1.625,1.43336856898,0.6064251638,0.286713286713,0.603022689156,0.510249967747,0.237762237762,1.40129809949,1.18571377649,0.503496503497,2.05382127221,0.551025219373,7,3.72727272727,2.05382127221,7,0,0,0,0,0.22962962963,11,11,11,1,0,0.0909090909091,0.636363636364,0.272727272727,11,17,0.154545454545,6.52272727273,3.09090909091,1.7,2.125,1.97253874256,0.638174299064,0.336898395722,0.934198732994,0.604481533114,0.310160427807,1.63484778274,1.05784268295,0.524064171123,2.01697343021,0.309222407419,7.5,6.52272727273,2.01697343021,7.5,0.278571428571,0.25,4,0.0242424242424,0.271111111111,11,11,11,1,0,0.0909090909091,0.636363636364,0.272727272727,-3,-0.0272727272727,3.47933884298,-0.545454545455,-0.3,-0.375,0.282998729853,0.173550795569,0.0914438502674,-0.233549683248,-0.0377800958196,-0.0262032085561,-0.305161589309,-0.00916247167783,-0.0122994652406,0.960074655675,-0.038054582992,3.95454545455,3.47933884298,0.960074655675,3.95454545455,-0.220476190476,-0.15,-4,-0.0242424242424,0.0155555555556,0,0,0,16,1,4,89,0.8,0.988888888889,0.0111111111111,0.2,0.941176470588,0.8,0.864864864865,0.841755876268,0.788888888889,0.761904761905,4,7,0,0,0,0
2368,WLNM_dir_neg,0.938775510204,0.76130952381,00:00:01,10,60,14,1176529763,threshold_sweep,0.1,1,0.571428571429,0.727272727273,4,0,3,14,0.571428571429,1,0,0.428571428571,1,0.571428571429,0.727272727273,0.857142857143,0.603174603175,0.64,0.68599434057,0.571428571429,20,13,7,0,20,0,13,0,7,11,20,0.181818181818,3.04338842975,3.63636363636,2,2.5,1.68954001271,0.464623503495,0.245454545455,1.16774841624,0.642261628933,0.336363636364,1.94000937205,1.06700515463,0.536363636364,1.05689877454,0.347276990411,3.54545454545,3.04338842975,1.05689877454,3.54545454545,0.499047619048,0.4,8,0.0484848484848,0.255555555556,11,11,11,1,0,0.0909090909091,0.636363636364,0.272727272727,11,0.118181818182,3.72727272727,2.36363636364,1.3,1.625,1.43336856898,0.6064251638,0.286713286713,0.603022689156,0.510249967747,0.237762237762,1.40129809949,1.18571377649,0.503496503497,2.05382127221,0.551025219373,7,3.72727272727,2.05382127221,7,0,0,0,0,0.22962962963,11,11,11,1,0,0.0909090909091,0.636363636364,0.272727272727,11,17,0.154545454545,3.17727272727,3.09090909091,1.7,2.125,1.30034960334,0.420701342257,0.208556149733,0.820199532265,0.530717344407,0.267379679144,1.57249078621,1.01749403814,0.513368983957,1.2536673475,0.394573414091,4.4,3.17727272727,1.2536673475,4.4,0.213333333333,0.153846153846,2,0.0121212121212,0.205555555556,11,11,11,1,0,0.0909090909091,0.636363636364,0.272727272727,-3,-0.0272727272727,0.133884297521,-0.545454545455,-0.3,-0.375,-0.389190409368,-0.0439221612377,-0.0368983957219,-0.347548883978,-0.111544284527,-0.0689839572193,-0.367518585835,-0.0495111164884,-0.0229946524064,0.196768572961,0.0472964236795,0.854545454545,0.133884297521,0.196768572961,0.854545454545,-0.285714285714,-0.246153846154,-6,-0.0363636363636,-0.05,0,0,0,17,0,3,90,0.85,1,0,0.15,1,0.85,0.918918918919,0.906962317388,0.85,0.85,4,7,0,0,0,0
2369,WLNM_dir_neg,0.938775510204,0.76130952381,00:00:01,10,60,14,1176529763,threshold_sweep,0.2,1,0.571428571429,0.727272727273,4,0,3,14,0.571428571429,1,0,0.428571428571,1,0.571428571429,0.727272727273,0.857142857143,0.603174603175,0.64,0.68599434057,0.571428571429,20,13,7,0,20,0,13,0,7,11,20,0.181818181818,3.04338842975,3.63636363636,2,2.5,1.68954001271,0.464623503495,0.245454545455,1.16774841624,0.642261628933,0.336363636364,1.94000937205,1.06700515463,0.536363636364,1.05689877454,0.347276990411,3.54545454545,3.04338842975,1.05689877454,3.54545454545,0.499047619048,0.4,8,0.0484848484848,0.255555555556,11,11,11,1,0,0.0909090909091,0.636363636364,0.272727272727,11,0.118181818182,3.72727272727,2.36363636364,1.3,1.625,1.43336856898,0.6064251638,0.286713286713,0.603022689156,0.510249967747,0.237762237762,1.40129809949,1.18571377649,0.503496503497,2.05382127221,0.551025219373,7,3.72727272727,2.05382127221,7,0,0,0,0,0.22962962963,11,11,11,1,0,0.0909090909091,0.636363636364,0.272727272727,11,17,0.154545454545,3.17727272727,3.09090909091,1.7,2.125,1.30034960334,0.420701342257,0.208556149733,0.820199532265,0.530717344407,0.267379679144,1.57249078621,1.01749403814,0.513368983957,1.2536673475,0.394573414091,4.4,3.17727272727,1.2536673475,4.4,0.213333333333,0.153846153846,2,0.0121212121212,0.205555555556,11,11,11,1,0,0.0909090909091,0.636363636364,0.272727272727,-3,-0.0272727272727,0.133884297521,-0.545454545455,-0.3,-0.375,-0.389190409368,-0.0439221612377,-0.0368983957219,-0.347548883978,-0.111544284527,-0.0689839572193,-0.367518585835,-0.0495111164884,-0.0229946524064,0.196768572961,0.0472964236795,0.854545454545,0.133884297521,0.196768572961,0.854545454545,-0.285714285714,-0.246153846154,-6,-0.0363636363636,-0.05,0,0,0,17,0,3,90,0.85,1,0,0.15,1,0.85,0.918918918919,0.906962317388,0.85,0.85,4,7,0,0,0,0
2370,WLNM_dir_neg,0.938775510204,0.76130952381,00:00:01,10,60,14,1176529763,threshold_sweep,0.3,1,0.571428571429,0.727272727273,4,0,3,14,0.571428571429,1,0,0.428571428571,1,0.571428571429,0.727272727273,0.857142857143,0.603174603175,0.64,0.68599434057,0.571428571429,20,13,7,0,20,0,13,0,7,11,20,0.181818181818,3.04338842975,3.63636363636,2,2.5,1.68954001271,0.464623503495,0.245454545455,1.16774841624,0.642261628933,0.336363636364,1.94000937205,1.06700515463,0.536363636364,1.05689877454,0.347276990411,3.54545454545,3.04338842975,1.05689877454,3.54545454545,0.499047619048,0.4,8,0.0484848484848,0.255555555556,11,11,11,1,0,0.0909090909091,0.636363636364,0.272727272727,11,0.118181818182,3.72727272727,2.36363636364,1.3,1.625,1.43336856898,0.6064251638,0.286713286713,0.603022689156,0.510249967747,0.237762237762,1.40129809949,1.18571377649,0.503496503497,2.05382127221,0.551025219373,7,3.72727272727,2.05382127221,7,0,0,0,0,0.22962962963,11,11,11,1,0,0.0909090909091,0.636363636364,0.272727272727,11,17,0.154545454545,3.17727272727,3.09090909091,1.7,2.125,1.30034960334,0.420701342257,0.208556149733,0.820199532265,0.530717344407,0.267379679144,1.57249078621,1.01749403814,0.513368983957,1.2536673475,0.394573414091,4.4,3.17727272727,1.2536673475,4.4,0.213333333333,0.153846153846,2,0.0121212121212,0.205555555556,11,11,11,1,0,0.0909090909091,0.636363636364,0.272727272727,-3,-0.0272727272727,0.133884297521,-0.545454545455,-0.3,-0.375,-0.389190409368,-0.0439221612377,-0.0368983957219,-0.347548883978,-0.111544284527,-0.0689839572193,-0.367518585835,-0.0495111164884,-0.0229946524064,0.196768572961,0.0472964236795,0.854545454545,0.133884297521,0.196768572961,0.854545454545,-0.285714285714,-0.246153846154,-6,-0.0363636363636,-0.05,0,0,0,17,0,3,90,0.85,1,0,0.15,1,0.85,0.918918918919,0.906962317388,0.85,0.85,4,7,0,0,0,0
2371,WLNM_dir_neg,0.938775510204,0.76130952381,00:00:01,10,60,14,1176529763,threshold_sweep,0.4,1,0.571428571429,0.727272727273,4,0,3,14,0.571428571429,1,0,0.428571428571,1,0.571428571429,0.727272727273,0.857142857143,0.603174603175,0.64,0.68599434057,0.571428571429,20,13,7,0,20,0,13,0,7,11,20,0.181818181818,3.04338842975,3.63636363636,2,2.5,1.68954001271,0.464623503495,0.245454545455,1.16774841624,0.642261628933,0.336363636364,1.94000937205,1.06700515463,0.536363636364,1.05689877454,0.347276990411,3.54545454545,3.04338842975,1.05689877454,3.54545454545,0.499047619048,0.4,8,0.0484848484848,0.255555555556,11,11,11,1,0,0.0909090909091,0.636363636364,0.272727272727,11,0.118181818182,3.72727272727,2.36363636364,1.3,1.625,1.43336856898,0.6064251638,0.286713286713,0.603022689156,0.510249967747,0.237762237762,1.40129809949,1.18571377649,0.503496503497,2.05382127221,0.551025219373,7,3.72727272727,2.05382127221,7,0,0,0,0,0.22962962963,11,11,11,1,0,0.0909090909091,0.636363636364,0.272727272727,11,17,0.154545454545,3.17727272727,3.09090909091,1.7,2.125,1.30034960334,0.420701342257,0.208556149733,0.820199532265,0.530717344407,0.267379679144,1.57249078621,1.01749403814,0.513368983957,1.2536673475,0.394573414091,4.4,3.17727272727,1.2536673475,4.4,0.213333333333,0.153846153846,2,0.0121212121212,0.205555555556,11,11,11,1,0,0.0909090909091,0.636363636364,0.272727272727,-3,-0.0272727272727,0.133884297521,-0.545454545455,-0.3,-0.375,-0.389190409368,-0.0439221612377,-0.0368983957219,-0.347548883978,-0.111544284527,-0.0689839572193,-0.367518585835,-0.0495111164884,-0.0229946524064,0.196768572961,0.0472964236795,0.854545454545,0.133884297521,0.196768572961,0.854545454545,-0.285714285714,-0.246153846154,-6,-0.0363636363636,-0.05,0,0,0,17,0,3,90,0.85,1,0,0.15,1,0.85,0.918918918919,0.906962317388,0.85,0.85,4,7,0,0,0,0
2372,WLNM_dir_neg,0.938775510204,0.76130952381,00:00:01,10,60,14,1176529763,threshold_sweep,0.5,1,0.428571428571,0.6,3,0,4,14,0.428571428571,1,0,0.571428571429,1,0.428571428571,0.6,0.809523809524,0.619047619048,0.5,0.57735026919,0.428571428571,20,13,7,0,20,0,13,0,7,11,20,0.181818181818,3.04338842975,3.63636363636,2,2.5,1.68954001271,0.464623503495,0.245454545455,1.16774841624,0.642261628933,0.336363636364,1.94000937205,1.06700515463,0.536363636364,1.05689877454,0.347276990411,3.54545454545,3.04338842975,1.05689877454,3.54545454545,0.499047619048,0.4,8,0.0484848484848,0.255555555556,11,11,11,1,0,0.0909090909091,0.636363636364,0.272727272727,11,0.118181818182,3.72727272727,2.36363636364,1.3,1.625,1.43336856898,0.6064251638,0.286713286713,0.603022689156,0.510249967747,0.237762237762,1.40129809949,1.18571377649,0.503496503497,2.05382127221,0.551025219373,7,3.72727272727,2.05382127221,7,0,0,0,0,0.22962962963,11,11,11,1,0,0.0909090909091,0.636363636364,0.272727272727,11,16,0.145454545455,3.25,2.90909090909,1.6,2,1.22102788294,0.41972833476,0.181818181818,0.687551650952,0.47269176003,0.227272727273,1.50755672289,1.03644524699,0.511363636364,1.3758835545,0.423348786001,4.66666666667,3.25,1.3758835545,4.66666666667,0.213333333333,0.176470588235,2,0.0121212121212,0.192592592593,11,11,11,1,0,0.0909090909091,0.636363636364,0.272727272727,-4,-0.0363636363636,0.206611570248,-0.727272727273,-0.4,-0.5,-0.468512129772,-0.0448951687355,-0.0636363636364,-0.48019676529,-0.169569868904,-0.109090909091,-0.43245264916,-0.0305599076407,-0.025,0.318984779967,0.07607179559,1.12121212121,0.206611570248,0.318984779967,1.12121212121,-0.285714285714,-0.223529411765,-6,-0.0363636363636,-0.062962962963,0,0,0,16,0,4,90,0.8,1,0,0.2,1,0.8,0.888888888889,0.875189948987,0.8,0.8,3,7,0,0,0,0
2373,WLNM_dir_neg,0.938775510204,0.76130952381,00:00:01,10,60,14,1176529763,threshold_sweep,0.6,1,0.428571428571,0.6,3,0,4,14,0.428571428571,1,0,0.571428571429,1,0.428571428571,0.6,0.809523809524,0.619047619048,0.5,0.57735026919,0.428571428571,20,13,7,0,20,0,13,0,7,11,20,0.181818181818,3.04338842975,3.63636363636,2,2.5,1.68954001271,0.464623503495,0.245454545455,1.16774841624,0.642261628933,0.336363636364,1.94000937205,1.06700515463,0.536363636364,1.05689877454,0.347276990411,3.54545454545,3.04338842975,1.05689877454,3.54545454545,0.499047619048,0.4,8,0.0484848484848,0.255555555556,11,11,11,1,0,0.0909090909091,0.636363636364,0.272727272727,11,0.118181818182,3.72727272727,2.36363636364,1.3,1.625,1.43336856898,0.6064251638,0.286713286713,0.603022689156,0.510249967747,0.237762237762,1.40129809949,1.18571377649,0.503496503497,2.05382127221,0.551025219373,7,3.72727272727,2.05382127221,7,0,0,0,0,0.22962962963,11,11,11,1,0,0.0909090909091,0.636363636364,0.272727272727,11,16,0.145454545455,3.25,2.90909090909,1.6,2,1.22102788294,0.41972833476,0.181818181818,0.687551650952,0.47269176003,0.227272727273,1.50755672289,1.03644524699,0.511363636364,1.3758835545,0.423348786001,4.66666666667,3.25,1.3758835545,4.66666666667,0.213333333333,0.176470588235,2,0.0121212121212,0.192592592593,11,11,11,1,0,0.0909090909091,0.636363636364,0.272727272727,-4,-0.0363636363636,0.206611570248,-0.727272727273,-0.4,-0.5,-0.468512129772,-0.0448951687355,-0.0636363636364,-0.48019676529,-0.169569868904,-0.109090909091,-0.43245264916,-0.0305599076407,-0.025,0.318984779967,0.07607179559,1.12121212121,0.206611570248,0.318984779967,1.12121212121,-0.285714285714,-0.223529411765,-6,-0.0363636363636,-0.062962962963,0,0,0,16,0,4,90,0.8,1,0,0.2,1,0.8,0.888888888889,0.875189948987,0.8,0.8,3,7,0,0,0,0
2374,WLNM_dir_neg,0.938775510204,0.76130952381,00:00:01,10,60,14,1176529763,threshold_sweep,0.7,1,0.428571428571,0.6,3,0,4,14,0.428571428571,1,0,0.571428571429,1,0.428571428571,0.6,0.809523809524,0.619047619048,0.5,0.57735026919,0.428571428571,20,13,7,0,20,0,13,0,7,11,20,0.181818181818,3.04338842975,3.63636363636,2,2.5,1.68954001271,0.464623503495,0.245454545455,1.16774841624,0.642261628933,0.336363636364,1.94000937205,1.06700515463,0.536363636364,1.05689877454,0.347276990411,3.54545454545,3.04338842975,1.05689877454,3.54545454545,0.499047619048,0.4,8,0.0484848484848,0.255555555556,11,11,11,1,0,0.0909090909091,0.636363636364,0.272727272727,11,0.118181818182,3.72727272727,2.36363636364,1.3,1.625,1.43336856898,0.6064251638,0.286713286713,0.603022689156,0.510249967747,0.237762237762,1.40129809949,1.18571377649,0.503496503497,2.05382127221,0.551025219373,7,3.72727272727,2.05382127221,7,0,0,0,0,0.22962962963,11,11,11,1,0,0.0909090909091,0.636363636364,0.272727272727,11,16,0.145454545455,3.25,2.90909090909,1.6,2,1.22102788294,0.41972833476,0.181818181818,0.687551650952,0.47269176003,0.227272727273,1.50755672289,1.03644524699,0.511363636364,1.3758835545,0.423348786001,4.66666666667,3.25,1.3758835545,4.66666666667,0.213333333333,0.176470588235,2,0.0121212121212,0.192592592593,11,11,11,1,0,0.0909090909091,0.636363636364,0.272727272727,-4,-0.0363636363636,0.206611570248,-0.727272727273,-0.4,-0.5,-0.468512129772,-0.0448951687355,-0.0636363636364,-0.48019676529,-0.169569868904,-0.109090909091,-0.43245264916,-0.0305599076407,-0.025,0.318984779967,0.07607179559,1.12121212121,0.206611570248,0.318984779967,1.12121212121,-0.285714285714,-0.223529411765,-6,-0.0363636363636,-0.062962962963,0,0,0,16,0,4,90,0.8,1,0,0.2,1,0.8,0.888888888889,0.875189948987,0.8,0.8,3,7,0,0,0,0
2375,WLNM_dir_neg,0.938775510204,0.76130952381,00:00:01,10,60,14,1176529763,threshold_sweep,0.8,1,0.428571428571,0.6,3,0,4,14,0.428571428571,1,0,0.571428571429,1,0.428571428571,0.6,0.809523809524,0.619047619048,0.5,0.57735026919,0.428571428571,20,13,7,0,20,0,13,0,7,11,20,0.181818181818,3.04338842975,3.63636363636,2,2.5,1.68954001271,0.464623503495,0.245454545455,1.16774841624,0.642261628933,0.336363636364,1.94000937205,1.06700515463,0.536363636364,1.05689877454,0.347276990411,3.54545454545,3.04338842975,1.05689877454,3.54545454545,0.499047619048,0.4,8,0.0484848484848,0.255555555556,11,11,11,1,0,0.0909090909091,0.636363636364,0.272727272727,11,0.118181818182,3.72727272727,2.36363636364,1.3,1.625,1.43336856898,0.6064251638,0.286713286713,0.603022689156,0.510249967747,0.237762237762,1.40129809949,1.18571377649,0.503496503497,2.05382127221,0.551025219373,7,3.72727272727,2.05382127221,7,0,0,0,0,0.22962962963,11,11,11,1,0,0.0909090909091,0.636363636364,0.272727272727,11,16,0.145454545455,3.25,2.90909090909,1.6,2,1.22102788294,0.41972833476,0.181818181818,0.687551650952,0.47269176003,0.227272727273,1.50755672289,1.03644524699,0.511363636364,1.3758835545,0.423348786001,4.66666666667,3.25,1.3758835545,4.66666666667,0.213333333333,0.176470588235,2,0.0121212121212,0.192592592593,11,11,11,1,0,0.0909090909091,0.636363636364,0.272727272727,-4,-0.0363636363636,0.206611570248,-0.727272727273,-0.4,-0.5,-0.468512129772,-0.0448951687355,-0.0636363636364,-0.48019676529,-0.169569868904,-0.109090909091,-0.43245264916,-0.0305599076407,-0.025,0.318984779967,0.07607179559,1.12121212121,0.206611570248,0.318984779967,1.12121212121,-0.285714285714,-0.223529411765,-6,-0.0363636363636,-0.062962962963,0,0,0,16,0,4,90,0.8,1,0,0.2,1,0.8,0.888888888889,0.875189948987,0.8,0.8,3,7,0,0,0,0
2376,WLNM_dir_neg,0.938775510204,0.76130952381,00:00:01,10,60,14,1176529763,threshold_sweep,0.9,1,0.428571428571,0.6,3,0,4,14,0.428571428571,1,0,0.571428571429,1,0.428571428571,0.6,0.809523809524,0.619047619048,0.5,0.57735026919,0.428571428571,20,13,7,0,20,0,13,0,7,11,20,0.181818181818,3.04338842975,3.63636363636,2,2.5,1.68954001271,0.464623503495,0.245454545455,1.16774841624,0.642261628933,0.336363636364,1.94000937205,1.06700515463,0.536363636364,1.05689877454,0.347276990411,3.54545454545,3.04338842975,1.05689877454,3.54545454545,0.499047619048,0.4,8,0.0484848484848,0.255555555556,11,11,11,1,0,0.0909090909091,0.636363636364,0.272727272727,11,0.118181818182,3.72727272727,2.36363636364,1.3,1.625,1.43336856898,0.6064251638,0.286713286713,0.603022689156,0.510249967747,0.237762237762,1.40129809949,1.18571377649,0.503496503497,2.05382127221,0.551025219373,7,3.72727272727,2.05382127221,7,0,0,0,0,0.22962962963,11,11,11,1,0,0.0909090909091,0.636363636364,0.272727272727,11,16,0.145454545455,3.25,2.90909090909,1.6,2,1.22102788294,0.41972833476,0.181818181818,0.687551650952,0.47269176003,0.227272727273,1.50755672289,1.03644524699,0.511363636364,1.3758835545,0.423348786001,4.66666666667,3.25,1.3758835545,4.66666666667,0.213333333333,0.176470588235,2,0.0121212121212,0.192592592593,11,11,11,1,0,0.0909090909091,0.636363636364,0.272727272727,-4,-0.0363636363636,0.206611570248,-0.727272727273,-0.4,-0.5,-0.468512129772,-0.0448951687355,-0.0636363636364,-0.48019676529,-0.169569868904,-0.109090909091,-0.43245264916,-0.0305599076407,-0.025,0.318984779967,0.07607179559,1.12121212121,0.206611570248,0.318984779967,1.12121212121,-0.285714285714,-0.223529411765,-6,-0.0363636363636,-0.062962962963,0,0,0,16,0,4,90,0.8,1,0,0.2,1,0.8,0.888888888889,0.875189948987,0.8,0.8,3,7,0,0,0,0
2377,WLNM_dir_neg,0.877551020408,0.580654761905,00:00:01,10,60,15,1176529764,threshold_sweep,0.1,1,0.714285714286,0.833333333333,5,0,2,14,0.714285714286,1,0,0.285714285714,1,0.714285714286,0.833333333333,0.904761904762,0.587301587302,0.769230769231,0.790569415042,0.714285714286,20,13,7,0,20,0,13,0,7,11,20,0.181818181818,3.04338842975,3.63636363636,2,2.5,1.68954001271,0.464623503495,0.245454545455,1.16774841624,0.642261628933,0.336363636364,1.94000937205,1.06700515463,0.536363636364,1.05689877454,0.347276990411,3.54545454545,3.04338842975,1.05689877454,3.54545454545,0.499047619048,0.4,8,0.0484848484848,0.255555555556,11,11,11,1,0,0.0909090909091,0.636363636364,0.272727272727,11,0.118181818182,3.72727272727,2.36363636364,1.3,1.625,1.43336856898,0.6064251638,0.286713286713,0.603022689156,0.510249967747,0.237762237762,1.40129809949,1.18571377649,0.503496503497,2.05382127221,0.551025219373,7,3.72727272727,2.05382127221,7,0,0,0,0,0.22962962963,11,11,11,1,0,0.0909090909091,0.636363636364,0.272727272727,11,18,0.163636363636,3.11363636364,3.27272727273,1.8,2.25,1.42062726223,0.434080552347,0.227272727273,0.924416277737,0.564921058617,0.292929292929,1.68954001271,1.03249667443,0.525252525253,1.14353419474,0.367266456706,3.875,3.11363636364,1.14353419474,3.875,0.366666666667,0.266666666667,4,0.0242424242424,0.221111111111,11,11,11,1,0,0.0909090909091,0.636363636364,0.272727272727,-2,-0.0181818181818,0.0702479338843,-0.363636363636,-0.2,-0.25,-0.268912750482,-0.030542951148,-0.0181818181818,-0.243332138505,-0.0773405703161,-0.0434343434343,-0.250469359339,-0.0345084801933,-0.0111111111111,0.0866354202056,0.0199894662943,0.329545454545,0.0702479338843,0.0866354202056,0.329545454545,-0.132380952381,-0.133333333333,-4,-0.0242424242424,-0.0344444444444,0,0,0,18,0,2,90,0.9,1,0,0.1,1,0.9,0.947368421053,0.938314863257,0.9,0.9,5,7,0,0,0,0
2378,WLNM_dir_neg,0.877551020408,0.580654761905,00:00:01,10,60,15,1176529764,threshold_sweep,0.2,1,0.714285714286,0.833333333333,5,0,2,14,0.714285714286,1,0,0.285714285714,1,0.714285714286,0.833333333333,0.904761904762,0.587301587302,0.769230769231,0.790569415042,0.714285714286,20,13,7,0,20,0,13,0,7,11,20,0.181818181818,3.04338842975,3.63636363636,2,2.5,1.68954001271,0.464623503495,0.245454545455,1.16774841624,0.642261628933,0.336363636364,1.94000937205,1.06700515463,0.536363636364,1.05689877454,0.347276990411,3.54545454545,3.04338842975,1.05689877454,3.54545454545,0.499047619048,0.4,8,0.0484848484848,0.255555555556,11,11,11,1,0,0.0909090909091,0.636363636364,0.272727272727,11,0.118181818182,3.72727272727,2.36363636364,1.3,1.625,1.43336856898,0.6064251638,0.286713286713,0.603022689156,0.510249967747,0.237762237762,1.40129809949,1.18571377649,0.503496503497,2.05382127221,0.551025219373,7,3.72727272727,2.05382127221,7,0,0,0,0,0.22962962963,11,11,11,1,0,0.0909090909091,0.636363636364,0.272727272727,11,18,0.163636363636,3.11363636364,3.27272727273,1.8,2.25,1.42062726223,0.434080552347,0.227272727273,0.924416277737,0.564921058617,0.292929292929,1.68954001271,1.03249667443,0.525252525253,1.14353419474,0.367266456706,3.875,3.11363636364,1.14353419474,3.875,0.366666666667,0.266666666667,4,0.0242424242424,0.221111111111,11,11,11,1,0,0.0909090909091,0.636363636364,0.272727272727,-2,-0.0181818181818,0.0702479338843,-0.363636363636,-0.2,-0.25,-0.268912750482,-0.030542951148,-0.0181818181818,-0.243332138505,-0.0773405703161,-0.0434343434343,-0.250469359339,-0.0345084801933,-0.0111111111111,0.0866354202056,0.0199894662943,0.329545454545,0.0702479338843,0.0866354202056,0.329545454545,-0.132380952381,-0.133333333333,-4,-0.0242424242424,-0.0344444444444,0,0,0,18,0,2,90,0.9,1,0,0.1,1,0.9,0.947368421053,0.938314863257,0.9,0.9,5,7,0,0,0,0
2379,WLNM_dir_neg,0.877551020408,0.580654761905,00:00:01,10,60,15,1176529764,threshold_sweep,0.3,1,0.714285714286,0.833333333333,5,0,2,14,0.714285714286,1,0,0.285714285714,1,0.714285714286,0.833333333333,0.904761904762,0.587301587302,0.769230769231,0.790569415042,0.714285714286,20,13,7,0,20,0,13,0,7,11,20,0.181818181818,3.04338842975,3.63636363636,2,2.5,1.68954001271,0.464623503495,0.245454545455,1.16774841624,0.642261628933,0.336363636364,1.94000937205,1.06700515463,0.536363636364,1.05689877454,0.347276990411,3.54545454545,3.04338842975,1.05689877454,3.54545454545,0.499047619048,0.4,8,0.0484848484848,0.255555555556,11,11,11,1,0,0.0909090909091,0.636363636364,0.272727272727,11,0.118181818182,3.72727272727,2.36363636364,1.3,1.625,1.43336856898,0.6064251638,0.286713286713,0.603022689156,0.510249967747,0.237762237762,1.40129809949,1.18571377649,0.503496503497,2.05382127221,0.551025219373,7,3.72727272727,2.05382127221,7,0,0,0,0,0.22962962963,11,11,11,1,0,0.0909090909091,0.636363636364,0.272727272727,11,18,0.163636363636,3.11363636364,3.27272727273,1.8,2.25,1.42062726223,0.434080552347,0.227272727273,0.924416277737,0.564921058617,0.292929292929,1.68954001271,1.03249667443,0.525252525253,1.14353419474,0.367266456706,3.875,3.11363636364,1.14353419474,3.875,0.366666666667,0.266666666667,4,0.0242424242424,0.221111111111,11,11,11,1,0,0.0909090909091,0.636363636364,0.272727272727,-2,-0.0181818181818,0.0702479338843,-0.363636363636,-0.2,-0.25,-0.268912750482,-0.030542951148,-0.0181818181818,-0.243332138505,-0.0773405703161,-0.0434343434343,-0.250469359339,-0.0345084801933,-0.0111111111111,0.0866354202056,0.0199894662943,0.329545454545,0.0702479338843,0.0866354202056,0.329545454545,-0.132380952381,-0.133333333333,-4,-0.0242424242424,-0.0344444444444,0,0,0,18,0,2,90,0.9,1,0,0.1,1,0.9,0.947368421053,0.938314863257,0.9,0.9,5,7,0,0,0,0
2380,WLNM_dir_neg,0.877551020408,0.580654761905,00:00:01,10,60,15,1176529764,threshold_sweep,0.4,1,0.714285714286,0.833333333333,5,0,2,14,0.714285714286,1,0,0.285714285714,1,0.714285714286,0.833333333333,0.904761904762,0.587301587302,0.769230769231,0.790569415042,0.714285714286,20,13,7,0,20,0,13,0,7,11,20,0.181818181818,3.04338842975,3.63636363636,2,2.5,1.68954001271,0.464623503495,0.245454545455,1.16774841624,0.642261628933,0.336363636364,1.94000937205,1.06700515463,0.536363636364,1.05689877454,0.347276990411,3.54545454545,3.04338842975,1.05689877454,3.54545454545,0.499047619048,0.4,8,0.0484848484848,0.255555555556,11,11,11,1,0,0.0909090909091,0.636363636364,0.272727272727,11,0.118181818182,3.72727272727,2.36363636364,1.3,1.625,1.43336856898,0.6064251638,0.286713286713,0.603022689156,0.510249967747,0.237762237762,1.40129809949,1.18571377649,0.503496503497,2.05382127221,0.551025219373,7,3.72727272727,2.05382127221,7,0,0,0,0,0.22962962963,11,11,11,1,0,0.0909090909091,0.636363636364,0.272727272727,11,18,0.163636363636,3.11363636364,3.27272727273,1.8,2.25,1.42062726223,0.434080552347,0.227272727273,0.924416277737,0.564921058617,0.292929292929,1.68954001271,1.03249667443,0.525252525253,1.14353419474,0.367266456706,3.875,3.11363636364,1.14353419474,3.875,0.366666666667,0.266666666667,4,0.0242424242424,0.221111111111,11,11,11,1,0,0.0909090909091,0.636363636364,0.272727272727,-2,-0.0181818181818,0.0702479338843,-0.363636363636,-0.2,-0.25,-0.268912750482,-0.030542951148,-0.0181818181818,-0.243332138505,-0.0773405703161,-0.0434343434343,-0.250469359339,-0.0345084801933,-0.0111111111111,0.0866354202056,0.0199894662943,0.329545454545,0.0702479338843,0.0866354202056,0.329545454545,-0.132380952381,-0.133333333333,-4,-0.0242424242424,-0.0344444444444,0,0,0,18,0,2,90,0.9,1,0,0.1,1,0.9,0.947368421053,0.938314863257,0.9,0.9,5,7,0,0,0,0
2381,WLNM_dir_neg,0.877551020408,0.580654761905,00:00:01,10,60,15,1176529764,threshold_sweep,0.5,1,0.714285714286,0.833333333333,5,0,2,14,0.714285714286,1,0,0.285714285714,1,0.714285714286,0.833333333333,0.904761904762,0.587301587302,0.769230769231,0.790569415042,0.714285714286,20,13,7,0,20,0,13,0,7,11,20,0.181818181818,3.04338842975,3.63636363636,2,2.5,1.68954001271,0.464623503495,0.245454545455,1.16774841624,0.642261628933,0.336363636364,1.94000937205,1.06700515463,0.536363636364,1.05689877454,0.347276990411,3.54545454545,3.04338842975,1.05689877454,3.54545454545,0.499047619048,0.4,8,0.0484848484848,0.255555555556,11,11,11,1,0,0.0909090909091,0.636363636364,0.272727272727,11,0.118181818182,3.72727272727,2.36363636364,1.3,1.625,1.43336856898,0.6064251638,0.286713286713,0.603022689156,0.510249967747,0.237762237762,1.40129809949,1.18571377649,0.503496503497,2.05382127221,0.551025219373,7,3.72727272727,2.05382127221,7,0,0,0,0,0.22962962963,11,11,11,1,0,0.0909090909091,0.636363636364,0.272727272727,11,18,0.163636363636,3.11363636364,3.27272727273,1.8,2.25,1.42062726223,0.434080552347,0.227272727273,0.924416277737,0.564921058617,0.292929292929,1.68954001271,1.03249667443,0.525252525253,1.14353419474,0.367266456706,3.875,3.11363636364,1.14353419474,3.875,0.366666666667,0.266666666667,4,0.0242424242424,0.221111111111,11,11,11,1,0,0.0909090909091,0.636363636364,0.272727272727,-2,-0.0181818181818,0.0702479338843,-0.363636363636,-0.2,-0.25,-0.268912750482,-0.030542951148,-0.0181818181818,-0.243332138505,-0.0773405703161,-0.0434343434343,-0.250469359339,-0.0345084801933,-0.0111111111111,0.0866354202056,0.0199894662943,0.329545454545,0.0702479338843,0.0866354202056,0.329545454545,-0.132380952381,-0.133333333333,-4,-0.0242424242424,-0.0344444444444,0,0,0,18,0,2,90,0.9,1,0,0.1,1,0.9,0.947368421053,0.938314863257,0.9,0.9,5,7,0,0,0,0
2382,WLNM_dir_neg,0.877551020408,0.580654761905,00:00:01,10,60,15,1176529764,threshold_sweep,0.6,1,0.714285714286,0.833333333333,5,0,2,14,0.714285714286,1,0,0.285714285714,1,0.714285714286,0.833333333333,0.904761904762,0.587301587302,0.769230769231,0.790569415042,0.714285714286,20,13,7,0,20,0,13,0,7,11,20,0.181818181818,3.04338842975,3.63636363636,2,2.5,1.68954001271,0.464623503495,0.245454545455,1.16774841624,0.642261628933,0.336363636364,1.94000937205,1.06700515463,0.536363636364,1.05689877454,0.347276990411,3.54545454545,3.04338842975,1.05689877454,3.54545454545,0.499047619048,0.4,8,0.0484848484848,0.255555555556,11,11,11,1,0,0.0909090909091,0.636363636364,0.272727272727,11,0.118181818182,3.72727272727,2.36363636364,1.3,1.625,1.43336856898,0.6064251638,0.286713286713,0.603022689156,0.510249967747,0.237762237762,1.40129809949,1.18571377649,0.503496503497,2.05382127221,0.551025219373,7,3.72727272727,2.05382127221,7,0,0,0,0,0.22962962963,11,11,11,1,0,0.0909090909091,0.636363636364,0.272727272727,11,18,0.163636363636,3.11363636364,3.27272727273,1.8,2.25,1.42062726223,0.434080552347,0.227272727273,0.924416277737,0.564921058617,0.292929292929,1.68954001271,1.03249667443,0.525252525253,1.14353419474,0.367266456706,3.875,3.11363636364,1.14353419474,3.875,0.366666666667,0.266666666667,4,0.0242424242424,0.221111111111,11,11,11,1,0,0.0909090909091,0.636363636364,0.272727272727,-2,-0.0181818181818,0.0702479338843,-0.363636363636,-0.2,-0.25,-0.268912750482,-0.030542951148,-0.0181818181818,-0.243332138505,-0.0773405703161,-0.0434343434343,-0.250469359339,-0.0345084801933,-0.0111111111111,0.0866354202056,0.0199894662943,0.329545454545,0.0702479338843,0.0866354202056,0.329545454545,-0.132380952381,-0.133333333333,-4,-0.0242424242424,-0.0344444444444,0,0,0,18,0,2,90,0.9,1,0,0.1,1,0.9,0.947368421053,0.938314863257,0.9,0.9,5,7,0,0,0,0
2383,WLNM_dir_neg,0.877551020408,0.580654761905,00:00:01,10,60,15,1176529764,threshold_sweep,0.7,1,0.714285714286,0.833333333333,5,0,2,14,0.714285714286,1,0,0.285714285714,1,0.714285714286,0.833333333333,0.904761904762,0.587301587302,0.769230769231,0.790569415042,0.714285714286,20,13,7,0,20,0,13,0,7,11,20,0.181818181818,3.04338842975,3.63636363636,2,2.5,1.68954001271,0.464623503495,0.245454545455,1.16774841624,0.642261628933,0.336363636364,1.94000937205,1.06700515463,0.536363636364,1.05689877454,0.347276990411,3.54545454545,3.04338842975,1.05689877454,3.54545454545,0.499047619048,0.4,8,0.0484848484848,0.255555555556,11,11,11,1,0,0.0909090909091,0.636363636364,0.272727272727,11,0.118181818182,3.72727272727,2.36363636364,1.3,1.625,1.43336856898,0.6064251638,0.286713286713,0.603022689156,0.510249967747,0.237762237762,1.40129809949,1.18571377649,0.503496503497,2.05382127221,0.551025219373,7,3.72727272727,2.05382127221,7,0,0,0,0,0.22962962963,11,11,11,1,0,0.0909090909091,0.636363636364,0.272727272727,11,18,0.163636363636,3.11363636364,3.27272727273,1.8,2.25,1.42062726223,0.434080552347,0.227272727273,0.924416277737,0.564921058617,0.292929292929,1.68954001271,1.03249667443,0.525252525253,1.14353419474,0.367266456706,3.875,3.11363636364,1.14353419474,3.875,0.366666666667,0.266666666667,4,0.0242424242424,0.221111111111,11,11,11,1,0,0.0909090909091,0.636363636364,0.272727272727,-2,-0.0181818181818,0.0702479338843,-0.363636363636,-0.2,-0.25,-0.268912750482,-0.030542951148,-0.0181818181818,-0.243332138505,-0.0773405703161,-0.0434343434343,-0.250469359339,-0.0345084801933,-0.0111111111111,0.0866354202056,0.0199894662943,0.329545454545,0.0702479338843,0.0866354202056,0.329545454545,-0.132380952381,-0.133333333333,-4,-0.0242424242424,-0.0344444444444,0,0,0,18,0,2,90,0.9,1,0,0.1,1,0.9,0.947368421053,0.938314863257,0.9,0.9,5,7,0,0,0,0
2384,WLNM_dir_neg,0.877551020408,0.580654761905,00:00:01,10,60,15,1176529764,threshold_sweep,0.8,1,0.571428571429,0.727272727273,4,0,3,14,0.571428571429,1,0,0.428571428571,1,0.571428571429,0.727272727273,0.857142857143,0.603174603175,0.64,0.68599434057,0.571428571429,20,13,7,0,20,0,13,0,7,11,20,0.181818181818,3.04338842975,3.63636363636,2,2.5,1.68954001271,0.464623503495,0.245454545455,1.16774841624,0.642261628933,0.336363636364,1.94000937205,1.06700515463,0.536363636364,1.05689877454,0.347276990411,3.54545454545,3.04338842975,1.05689877454,3.54545454545,0.499047619048,0.4,8,0.0484848484848,0.255555555556,11,11,11,1,0,0.0909090909091,0.636363636364,0.272727272727,11,0.118181818182,3.72727272727,2.36363636364,1.3,1.625,1.43336856898,0.6064251638,0.286713286713,0.603022689156,0.510249967747,0.237762237762,1.40129809949,1.18571377649,0.503496503497,2.05382127221,0.551025219373,7,3.72727272727,2.05382127221,7,0,0,0,0,0.22962962963,11,11,11,1,0,0.0909090909091,0.636363636364,0.272727272727,11,17,0.154545454545,3.17727272727,3.09090909091,1.7,2.125,1.30034960334,0.420701342257,0.208556149733,0.820199532265,0.530717344407,0.267379679144,1.57249078621,1.01749403814,0.513368983957,1.2536673475,0.394573414091,4.4,3.17727272727,1.2536673475,4.4,0.213333333333,0.153846153846,2,0.0121212121212,0.205555555556,11,11,11,1,0,0.0909090909091,0.636363636364,0.272727272727,-3,-0.0272727272727,0.133884297521,-0.545454545455,-0.3,-0.375,-0.389190409368,-0.0439221612377,-0.0368983957219,-0.347548883978,-0.111544284527,-0.0689839572193,-0.367518585835,-0.0495111164884,-0.0229946524064,0.196768572961,0.0472964236795,0.854545454545,0.133884297521,0.196768572961,0.854545454545,-0.285714285714,-0.246153846154,-6,-0.0363636363636,-0.05,0,0,0,17,0,3,90,0.85,1,0,0.15,1,0.85,0.918918918919,0.906962317388,0.85,0.85,4,7,0,0,0,0
2385,WLNM_dir_neg,0.877551020408,0.580654761905,00:00:01,10,60,15,1176529764,threshold_sweep,0.9,1,0.571428571429,0.727272727273,4,0,3,14,0.571428571429,1,0,0.428571428571,1,0.571428571429,0.727272727273,0.857142857143,0.603174603175,0.64,0.68599434057,0.571428571429,20,13,7,0,20,0,13,0,7,11,20,0.181818181818,3.04338842975,3.63636363636,2,2.5,1.68954001271,0.464623503495,0.245454545455,1.16774841624,0.642261628933,0.336363636364,1.94000937205,1.06700515463,0.536363636364,1.05689877454,0.347276990411,3.54545454545,3.04338842975,1.05689877454,3.54545454545,0.499047619048,0.4,8,0.0484848484848,0.255555555556,11,11,11,1,0,0.0909090909091,0.636363636364,0.272727272727,11,0.118181818182,3.72727272727,2.36363636364,1.3,1.625,1.43336856898,0.6064251638,0.286713286713,0.603022689156,0.510249967747,0.237762237762,1.40129809949,1.18571377649,0.503496503497,2.05382127221,0.551025219373,7,3.72727272727,2.05382127221,7,0,0,0,0,0.22962962963,11,11,11,1,0,0.0909090909091,0.636363636364,0.272727272727,11,17,0.154545454545,3.17727272727,3.09090909091,1.7,2.125,1.30034960334,0.420701342257,0.208556149733,0.820199532265,0.530717344407,0.267379679144,1.57249078621,1.01749403814,0.513368983957,1.2536673475,0.394573414091,4.4,3.17727272727,1.2536673475,4.4,0.213333333333,0.153846153846,2,0.0121212121212,0.205555555556,11,11,11,1,0,0.0909090909091,0.636363636364,0.272727272727,-3,-0.0272727272727,0.133884297521,-0.545454545455,-0.3,-0.375,-0.389190409368,-0.0439221612377,-0.0368983957219,-0.347548883978,-0.111544284527,-0.0689839572193,-0.367518585835,-0.0495111164884,-0.0229946524064,0.196768572961,0.0472964236795,0.854545454545,0.133884297521,0.196768572961,0.854545454545,-0.285714285714,-0.246153846154,-6,-0.0363636363636,-0.05,0,0,0,17,0,3,90,0.85,1,0,0.15,1,0.85,0.918918918919,0.906962317388,0.85,0.85,4,7,0,0,0,0
2386,WLNM_dir_neg,0.857142857143,0.503431885575,00:00:01,10,60,16,1176529765,threshold_sweep,0.1,0.666666666667,0.571428571429,0.615384615385,4,2,3,12,0.571428571429,0.857142857143,0.142857142857,0.428571428571,0.666666666667,0.571428571429,0.615384615385,0.761904761905,0.571428571429,0.444444444444,0.4472135955,0.428571428571,20,13,7,0,20,0,13,0,7,11,20,0.181818181818,3.04338842975,3.63636363636,2,2.5,1.68954001271,0.464623503495,0.245454545455,1.16774841624,0.642261628933,0.336363636364,1.94000937205,1.06700515463,0.536363636364,1.05689877454,0.347276990411,3.54545454545,3.04338842975,1.05689877454,3.54545454545,0.499047619048,0.4,8,0.0484848484848,0.255555555556,11,11,11,1,0,0.0909090909091,0.636363636364,0.272727272727,11,0.118181818182,3.72727272727,2.36363636364,1.3,1.625,1.43336856898,0.6064251638,0.286713286713,0.603022689156,0.510249967747,0.237762237762,1.40129809949,1.18571377649,0.503496503497,2.05382127221,0.551025219373,7,3.72727272727,2.05382127221,7,0,0,0,0,0.22962962963,11,11,11,1,0,0.0909090909091,0.636363636364,0.272727272727,11,19,0.172727272727,3.30972515856,3.45454545455,1.9,2.11111111111,1.36847625947,0.396137864583,0.205741626794,1.00904995822,0.584186817916,0.306220095694,1.48935617573,0.86225883858,0.44019138756,1.36161025873,0.411396775714,4.20930232558,3.30972515856,1.36161025873,4.20930232558,0.413333333333,0.36,6,0.0363636363636,0.202222222222,11,11,11,1,0,0.0909090909091,0.727272727273,0.181818181818,-1,-0.00909090909091,0.26633672881,-0.181818181818,-0.1,-0.388888888889,-0.321063753241,-0.0684856389122,-0.0397129186603,-0.158698458023,-0.058074811017,-0.0301435406699,-0.45065319632,-0.204746316047,-0.0961722488038,0.304711484194,0.0641197853023,0.663847780127,0.26633672881,0.304711484194,0.663847780127,-0.0857142857143,-0.04,-2,-0.0121212121212,-0.0533333333333,0,0.0909090909091,-0.0909090909091,17,2,3,88,0.85,0.977777777778,0.0222222222222,0.15,0.894736842105,0.85,0.871794871795,0.844602804616,0.827777777778,0.772727272727,6,7,0,0,0,0
2387,WLNM_dir_neg,0.857142857143,0.503431885575,00:00:01,10,60,16,1176529765,threshold_sweep,0.2,0.666666666667,0.571428571429,0.615384615385,4,2,3,12,0.571428571429,0.857142857143,0.142857142857,0.428571428571,0.666666666667,0.571428571429,0.615384615385,0.761904761905,0.571428571429,0.444444444444,0.4472135955,0.428571428571,20,13,7,0,20,0,13,0,7,11,20,0.181818181818,3.04338842975,3.63636363636,2,2.5,1.68954001271,0.464623503495,0.245454545455,1.16774841624,0.642261628933,0.336363636364,1.94000937205,1.06700515463,0.536363636364,1.05689877454,0.347276990411,3.54545454545,3.04338842975,1.05689877454,3.54545454545,0.499047619048,0.4,8,0.0484848484848,0.255555555556,11,11,11,1,0,0.0909090909091,0.636363636364,0.272727272727,11,0.118181818182,3.72727272727,2.36363636364,1.3,1.625,1.43336856898,0.6064251638,0.286713286713,0.603022689156,0.510249967747,0.237762237762,1.40129809949,1.18571377649,0.503496503497,2.05382127221,0.551025219373,7,3.72727272727,2.05382127221,7,0,0,0,0,0.22962962963,11,11,11,1,0,0.0909090909091,0.636363636364,0.272727272727,11,19,0.172727272727,3.30972515856,3.45454545455,1.9,2.11111111111,1.36847625947,0.396137864583,0.205741626794,1.00904995822,0.584186817916,0.306220095694,1.48935617573,0.86225883858,0.44019138756,1.36161025873,0.411396775714,4.20930232558,3.30972515856,1.36161025873,4.20930232558,0.413333333333,0.36,6,0.0363636363636,0.202222222222,11,11,11,1,0,0.0909090909091,0.727272727273,0.181818181818,-1,-0.00909090909091,0.26633672881,-0.181818181818,-0.1,-0.388888888889,-0.321063753241,-0.0684856389122,-0.0397129186603,-0.158698458023,-0.058074811017,-0.0301435406699,-0.45065319632,-0.204746316047,-0.0961722488038,0.304711484194,0.0641197853023,0.663847780127,0.26633672881,0.304711484194,0.663847780127,-0.0857142857143,-0.04,-2,-0.0121212121212,-0.0533333333333,0,0.0909090909091,-0.0909090909091,17,2,3,88,0.85,0.977777777778,0.0222222222222,0.15,0.894736842105,0.85,0.871794871795,0.844602804616,0.827777777778,0.772727272727,6,7,0,0,0,0
2388,WLNM_dir_neg,0.857142857143,0.503431885575,00:00:01,10,60,16,1176529765,threshold_sweep,0.3,0.666666666667,0.571428571429,0.615384615385,4,2,3,12,0.571428571429,0.857142857143,0.142857142857,0.428571428571,0.666666666667,0.571428571429,0.615384615385,0.761904761905,0.571428571429,0.444444444444,0.4472135955,0.428571428571,20,13,7,0,20,0,13,0,7,11,20,0.181818181818,3.04338842975,3.63636363636,2,2.5,1.68954001271,0.464623503495,0.245454545455,1.16774841624,0.642261628933,0.336363636364,1.94000937205,1.06700515463,0.536363636364,1.05689877454,0.347276990411,3.54545454545,3.04338842975,1.05689877454,3.54545454545,0.499047619048,0.4,8,0.0484848484848,0.255555555556,11,11,11,1,0,0.0909090909091,0.636363636364,0.272727272727,11,0.118181818182,3.72727272727,2.36363636364,1.3,1.625,1.43336856898,0.6064251638,0.286713286713,0.603022689156,0.510249967747,0.237762237762,1.40129809949,1.18571377649,0.503496503497,2.05382127221,0.551025219373,7,3.72727272727,2.05382127221,7,0,0,0,0,0.22962962963,11,11,11,1,0,0.0909090909091,0.636363636364,0.272727272727,11,19,0.172727272727,3.30972515856,3.45454545455,1.9,2.11111111111,1.36847625947,0.396137864583,0.205741626794,1.00904995822,0.584186817916,0.306220095694,1.48935617573,0.86225883858,0.44019138756,1.36161025873,0.411396775714,4.20930232558,3.30972515856,1.36161025873,4.20930232558,0.413333333333,0.36,6,0.0363636363636,0.202222222222,11,11,11,1,0,0.0909090909091,0.727272727273,0.181818181818,-1,-0.00909090909091,0.26633672881,-0.181818181818,-0.1,-0.388888888889,-0.321063753241,-0.0684856389122,-0.0397129186603,-0.158698458023,-0.058074811017,-0.0301435406699,-0.45065319632,-0.204746316047,-0.0961722488038,0.304711484194,0.0641197853023,0.663847780127,0.26633672881,0.304711484194,0.663847780127,-0.0857142857143,-0.04,-2,-0.0121212121212,-0.0533333333333,0,0.0909090909091,-0.0909090909091,17,2,3,88,0.85,0.977777777778,0.0222222222222,0.15,0.894736842105,0.85,0.871794871795,0.844602804616,0.827777777778,0.772727272727,6,7,0,0,0,0
2389,WLNM_dir_neg,0.857142857143,0.503431885575,00:00:01,10,60,16,1176529765,threshold_sweep,0.4,0.666666666667,0.571428571429,0.615384615385,4,2,3,12,0.571428571429,0.857142857143,0.142857142857,0.428571428571,0.666666666667,0.571428571429,0.615384615385,0.761904761905,0.571428571429,0.444444444444,0.4472135955,0.428571428571,20,13,7,0,20,0,13,0,7,11,20,0.181818181818,3.04338842975,3.63636363636,2,2.5,1.68954001271,0.464623503495,0.245454545455,1.16774841624,0.642261628933,0.336363636364,1.94000937205,1.06700515463,0.536363636364,1.05689877454,0.347276990411,3.54545454545,3.04338842975,1.05689877454,3.54545454545,0.499047619048,0.4,8,0.0484848484848,0.255555555556,11,11,11,1,0,0.0909090909091,0.636363636364,0.272727272727,11,0.118181818182,3.72727272727,2.36363636364,1.3,1.625,1.43336856898,0.6064251638,0.286713286713,0.603022689156,0.510249967747,0.237762237762,1.40129809949,1.18571377649,0.503496503497,2.05382127221,0.551025219373,7,3.72727272727,2.05382127221,7,0,0,0,0,0.22962962963,11,11,11,1,0,0.0909090909091,0.636363636364,0.272727272727,11,19,0.172727272727,3.30972515856,3.45454545455,1.9,2.11111111111,1.36847625947,0.396137864583,0.205741626794,1.00904995822,0.584186817916,0.306220095694,1.48935617573,0.86225883858,0.44019138756,1.36161025873,0.411396775714,4.20930232558,3.30972515856,1.36161025873,4.20930232558,0.413333333333,0.36,6,0.0363636363636,0.202222222222,11,11,11,1,0,0.0909090909091,0.727272727273,0.181818181818,-1,-0.00909090909091,0.26633672881,-0.181818181818,-0.1,-0.388888888889,-0.321063753241,-0.0684856389122,-0.0397129186603,-0.158698458023,-0.058074811017,-0.0301435406699,-0.45065319632,-0.204746316047,-0.0961722488038,0.304711484194,0.0641197853023,0.663847780127,0.26633672881,0.304711484194,0.663847780127,-0.0857142857143,-0.04,-2,-0.0121212121212,-0.0533333333333,0,0.0909090909091,-0.0909090909091,17,2,3,88,0.85,0.977777777778,0.0222222222222,0.15,0.894736842105,0.85,0.871794871795,0.844602804616,0.827777777778,0.772727272727,6,7,0,0,0,0
2390,WLNM_dir_neg,0.857142857143,0.503431885575,00:00:01,10,60,16,1176529765,threshold_sweep,0.5,0.666666666667,0.571428571429,0.615384615385,4,2,3,12,0.571428571429,0.857142857143,0.142857142857,0.428571428571,0.666666666667,0.571428571429,0.615384615385,0.761904761905,0.571428571429,0.444444444444,0.4472135955,0.428571428571,20,13,7,0,20,0,13,0,7,11,20,0.181818181818,3.04338842975,3.63636363636,2,2.5,1.68954001271,0.464623503495,0.245454545455,1.16774841624,0.642261628933,0.336363636364,1.94000937205,1.06700515463,0.536363636364,1.05689877454,0.347276990411,3.54545454545,3.04338842975,1.05689877454,3.54545454545,0.499047619048,0.4,8,0.0484848484848,0.255555555556,11,11,11,1,0,0.0909090909091,0.636363636364,0.272727272727,11,0.118181818182,3.72727272727,2.36363636364,1.3,1.625,1.43336856898,0.6064251638,0.286713286713,0.603022689156,0.510249967747,0.237762237762,1.40129809949,1.18571377649,0.503496503497,2.05382127221,0.551025219373,7,3.72727272727,2.05382127221,7,0,0,0,0,0.22962962963,11,11,11,1,0,0.0909090909091,0.636363636364,0.272727272727,11,19,0.172727272727,3.30972515856,3.45454545455,1.9,2.11111111111,1.36847625947,0.396137864583,0.205741626794,1.00904995822,0.584186817916,0.306220095694,1.48935617573,0.86225883858,0.44019138756,1.36161025873,0.411396775714,4.20930232558,3.30972515856,1.36161025873,4.20930232558,0.413333333333,0.36,6,0.0363636363636,0.202222222222,11,11,11,1,0,0.0909090909091,0.727272727273,0.181818181818,-1,-0.00909090909091,0.26633672881,-0.181818181818,-0.1,-0.388888888889,-0.321063753241,-0.0684856389122,-0.0397129186603,-0.158698458023,-0.058074811017,-0.0301435406699,-0.45065319632,-0.204746316047,-0.0961722488038,0.304711484194,0.0641197853023,0.663847780127,0.26633672881,0.304711484194,0.663847780127,-0.0857142857143,-0.04,-2,-0.0121212121212,-0.0533333333333,0,0.0909090909091,-0.0909090909091,17,2,3,88,0.85,0.977777777778,0.0222222222222,0.15,0.894736842105,0.85,0.871794871795,0.844602804616,0.827777777778,0.772727272727,6,7,0,0,0,0
2391,WLNM_dir_neg,0.857142857143,0.503431885575,00:00:01,10,60,16,1176529765,threshold_sweep,0.6,0.666666666667,0.571428571429,0.615384615385,4,2,3,12,0.571428571429,0.857142857143,0.142857142857,0.428571428571,0.666666666667,0.571428571429,0.615384615385,0.761904761905,0.571428571429,0.444444444444,0.4472135955,0.428571428571,20,13,7,0,20,0,13,0,7,11,20,0.181818181818,3.04338842975,3.63636363636,2,2.5,1.68954001271,0.464623503495,0.245454545455,1.16774841624,0.642261628933,0.336363636364,1.94000937205,1.06700515463,0.536363636364,1.05689877454,0.347276990411,3.54545454545,3.04338842975,1.05689877454,3.54545454545,0.499047619048,0.4,8,0.0484848484848,0.255555555556,11,11,11,1,0,0.0909090909091,0.636363636364,0.272727272727,11,0.118181818182,3.72727272727,2.36363636364,1.3,1.625,1.43336856898,0.6064251638,0.286713286713,0.603022689156,0.510249967747,0.237762237762,1.40129809949,1.18571377649,0.503496503497,2.05382127221,0.551025219373,7,3.72727272727,2.05382127221,7,0,0,0,0,0.22962962963,11,11,11,1,0,0.0909090909091,0.636363636364,0.272727272727,11,19,0.172727272727,3.30972515856,3.45454545455,1.9,2.11111111111,1.36847625947,0.396137864583,0.205741626794,1.00904995822,0.584186817916,0.306220095694,1.48935617573,0.86225883858,0.44019138756,1.36161025873,0.411396775714,4.20930232558,3.30972515856,1.36161025873,4.20930232558,0.413333333333,0.36,6,0.0363636363636,0.202222222222,11,11,11,1,0,0.0909090909091,0.727272727273,0.181818181818,-1,-0.00909090909091,0.26633672881,-0.181818181818,-0.1,-0.388888888889,-0.321063753241,-0.0684856389122,-0.0397129186603,-0.158698458023,-0.058074811017,-0.0301435406699,-0.45065319632,-0.204746316047,-0.0961722488038,0.304711484194,0.0641197853023,0.663847780127,0.26633672881,0.304711484194,0.663847780127,-0.0857142857143,-0.04,-2,-0.0121212121212,-0.0533333333333,0,0.0909090909091,-0.0909090909091,17,2,3,88,0.85,0.977777777778,0.0222222222222,0.15,0.894736842105,0.85,0.871794871795,0.844602804616,0.827777777778,0.772727272727,6,7,0,0,0,0
2392,WLNM_dir_neg,0.857142857143,0.503431885575,00:00:01,10,60,16,1176529765,threshold_sweep,0.7,0.8,0.571428571429,0.666666666667,4,1,3,13,0.571428571429,0.928571428571,0.0714285714286,0.428571428571,0.8,0.571428571429,0.666666666667,0.809523809524,0.587301587302,0.538461538462,0.553398590529,0.5,20,13,7,0,20,0,13,0,7,11,20,0.181818181818,3.04338842975,3.63636363636,2,2.5,1.68954001271,0.464623503495,0.245454545455,1.16774841624,0.642261628933,0.336363636364,1.94000937205,1.06700515463,0.536363636364,1.05689877454,0.347276990411,3.54545454545,3.04338842975,1.05689877454,3.54545454545,0.499047619048,0.4,8,0.0484848484848,0.255555555556,11,11,11,1,0,0.0909090909091,0.636363636364,0.272727272727,11,0.118181818182,3.72727272727,2.36363636364,1.3,1.625,1.43336856898,0.6064251638,0.286713286713,0.603022689156,0.510249967747,0.237762237762,1.40129809949,1.18571377649,0.503496503497,2.05382127221,0.551025219373,7,3.72727272727,2.05382127221,7,0,0,0,0,0.22962962963,11,11,11,1,0,0.0909090909091,0.636363636364,0.272727272727,11,18,0.163636363636,3.22727272727,3.27272727273,1.8,2.25,1.34839972493,0.412011027061,0.20202020202,0.924416277737,0.564921058617,0.292929292929,1.5666989036,0.957427107756,0.494949494949,1.27207775634,0.394164938585,4,3.22727272727,1.27207775634,4,0.346666666667,0.272727272727,4,0.0242424242424,0.206296296296,11,11,11,1,0,0.0909090909091,0.636363636364,0.272727272727,-2,-0.0181818181818,0.183884297521,-0.363636363636,-0.2,-0.25,-0.341140287783,-0.0526124764342,-0.0434343434343,-0.243332138505,-0.0773405703161,-0.0434343434343,-0.373310468447,-0.10957804687,-0.0414141414141,0.215178981806,0.0468879481737,0.454545454545,0.183884297521,0.215178981806,0.454545454545,-0.152380952381,-0.127272727273,-4,-0.0242424242424,-0.0492592592593,0,0,0,17,1,3,89,0.85,0.988888888889,0.0111111111111,0.15,0.944444444444,0.85,0.894736842105,0.874602125628,0.838888888889,0.809523809524,5,7,0,0,0,0
2393,WLNM_dir_neg,0.857142857143,0.503431885575,00:00:01,10,60,16,1176529765,threshold_sweep,0.8,0.8,0.571428571429,0.666666666667,4,1,3,13,0.571428571429,0.928571428571,0.0714285714286,0.428571428571,0.8,0.571428571429,0.666666666667,0.809523809524,0.587301587302,0.538461538462,0.553398590529,0.5,20,13,7,0,20,0,13,0,7,11,20,0.181818181818,3.04338842975,3.63636363636,2,2.5,1.68954001271,0.464623503495,0.245454545455,1.16774841624,0.642261628933,0.336363636364,1.94000937205,1.06700515463,0.536363636364,1.05689877454,0.347276990411,3.54545454545,3.04338842975,1.05689877454,3.54545454545,0.499047619048,0.4,8,0.0484848484848,0.255555555556,11,11,11,1,0,0.0909090909091,0.636363636364,0.272727272727,11,0.118181818182,3.72727272727,2.36363636364,1.3,1.625,1.43336856898,0.6064251638,0.286713286713,0.603022689156,0.510249967747,0.237762237762,1.40129809949,1.18571377649,0.503496503497,2.05382127221,0.551025219373,7,3.72727272727,2.05382127221,7,0,0,0,0,0.22962962963,11,11,11,1,0,0.0909090909091,0.636363636364,0.272727272727,11,18,0.163636363636,3.22727272727,3.27272727273,1.8,2.25,1.34839972493,0.412011027061,0.20202020202,0.924416277737,0.564921058617,0.292929292929,1.5666989036,0.957427107756,0.494949494949,1.27207775634,0.394164938585,4,3.22727272727,1.27207775634,4,0.346666666667,0.272727272727,4,0.0242424242424,0.206296296296,11,11,11,1,0,0.0909090909091,0.636363636364,0.272727272727,-2,-0.0181818181818,0.183884297521,-0.363636363636,-0.2,-0.25,-0.341140287783,-0.0526124764342,-0.0434343434343,-0.243332138505,-0.0773405703161,-0.0434343434343,-0.373310468447,-0.10957804687,-0.0414141414141,0.215178981806,0.0468879481737,0.454545454545,0.183884297521,0.215178981806,0.454545454545,-0.152380952381,-0.127272727273,-4,-0.0242424242424,-0.0492592592593,0,0,0,17,1,3,89,0.85,0.988888888889,0.0111111111111,0.15,0.944444444444,0.85,0.894736842105,0.874602125628,0.838888888889,0.809523809524,5,7,0,0,0,0
2394,WLNM_dir_neg,0.857142857143,0.503431885575,00:00:01,10,60,16,1176529765,threshold_sweep,0.9,0.8,0.571428571429,0.666666666667,4,1,3,13,0.571428571429,0.928571428571,0.0714285714286,0.428571428571,0.8,0.571428571429,0.666666666667,0.809523809524,0.587301587302,0.538461538462,0.553398590529,0.5,20,13,7,0,20,0,13,0,7,11,20,0.181818181818,3.04338842975,3.63636363636,2,2.5,1.68954001271,0.464623503495,0.245454545455,1.16774841624,0.642261628933,0.336363636364,1.94000937205,1.06700515463,0.536363636364,1.05689877454,0.347276990411,3.54545454545,3.04338842975,1.05689877454,3.54545454545,0.499047619048,0.4,8,0.0484848484848,0.255555555556,11,11,11,1,0,0.0909090909091,0.636363636364,0.272727272727,11,0.118181818182,3.72727272727,2.36363636364,1.3,1.625,1.43336856898,0.6064251638,0.286713286713,0.603022689156,0.510249967747,0.237762237762,1.40129809949,1.18571377649,0.503496503497,2.05382127221,0.551025219373,7,3.72727272727,2.05382127221,7,0,0,0,0,0.22962962963,11,11,11,1,0,0.0909090909091,0.636363636364,0.272727272727,11,18,0.163636363636,3.22727272727,3.27272727273,1.8,2.25,1.34839972493,0.412011027061,0.20202020202,0.924416277737,0.564921058617,0.292929292929,1.5666989036,0.957427107756,0.494949494949,1.27207775634,0.394164938585,4,3.22727272727,1.27207775634,4,0.346666666667,0.272727272727,4,0.0242424242424,0.206296296296,11,11,11,1,0,0.0909090909091,0.636363636364,0.272727272727,-2,-0.0181818181818,0.183884297521,-0.363636363636,-0.2,-0.25,-0.341140287783,-0.0526124764342,-0.0434343434343,-0.243332138505,-0.0773405703161,-0.0434343434343,-0.373310468447,-0.10957804687,-0.0414141414141,0.215178981806,0.0468879481737,0.454545454545,0.183884297521,0.215178981806,0.454545454545,-0.152380952381,-0.127272727273,-4,-0.0242424242424,-0.0492592592593,0,0,0,17,1,3,89,0.85,0.988888888889,0.0111111111111,0.15,0.944444444444,0.85,0.894736842105,0.874602125628,0.838888888889,0.809523809524,5,7,0,0,0,0
2395,WLNM_dir_neg,0.836734693878,0.695807868602,00:00:01,10,60,17,1176529766,threshold_sweep,0.1,0.833333333333,0.714285714286,0.769230769231,5,1,2,13,0.714285714286,0.928571428571,0.0714285714286,0.285714285714,0.833333333333,0.714285714286,0.769230769231,0.857142857143,0.571428571429,0.666666666667,0.67082039325,0.642857142857,20,13,7,0,20,0,13,0,7,11,20,0.181818181818,3.04338842975,3.63636363636,2,2.5,1.68954001271,0.464623503495,0.245454545455,1.16774841624,0.642261628933,0.336363636364,1.94000937205,1.06700515463,0.536363636364,1.05689877454,0.347276990411,3.54545454545,3.04338842975,1.05689877454,3.54545454545,0.499047619048,0.4,8,0.0484848484848,0.255555555556,11,11,11,1,0,0.0909090909091,0.636363636364,0.272727272727,11,0.118181818182,3.72727272727,2.36363636364,1.3,1.625,1.43336856898,0.6064251638,0.286713286713,0.603022689156,0.510249967747,0.237762237762,1.40129809949,1.18571377649,0.503496503497,2.05382127221,0.551025219373,7,3.72727272727,2.05382127221,7,0,0,0,0,0.22962962963,11,11,11,1,0,0.0909090909091,0.636363636364,0.272727272727,11,19,0.172727272727,4.70454545455,3.45454545455,1.9,2.375,1.7529196424,0.507424107012,0.258373205742,0.904534033733,0.523677598477,0.267942583732,1.84883255547,1.07037674264,0.535885167464,1.66608891501,0.354144503674,5.875,4.70454545455,1.66608891501,5.875,0.366666666667,0.266666666667,4,0.0242424242424,0.23962962963,11,11,11,1,0,0.0909090909091,0.636363636364,0.272727272727,-1,-0.00909090909091,1.66115702479,-0.181818181818,-0.1,-0.125,0.0633796296952,0.0428006035168,0.0129186602871,-0.263214382509,-0.118584030456,-0.0684210526316,-0.0911768165742,0.00337158801632,-0.000478468899521,0.609190140475,0.00686751326282,2.32954545455,1.66115702479,0.609190140475,2.32954545455,-0.132380952381,-0.133333333333,-4,-0.0242424242424,-0.0159259259259,0,0,0,18,1,2,89,0.9,0.988888888889,0.0111111111111,0.1,0.947368421053,0.9,0.923076923077,0.906956031802,0.888888888889,0.857142857143,6,7,0,0,0,0
2396,WLNM_dir_neg,0.836734693878,0.695807868602,00:00:01,10,60,17,1176529766,threshold_sweep,0.2,0.833333333333,0.714285714286,0.769230769231,5,1,2,13,0.714285714286,0.928571428571,0.0714285714286,0.285714285714,0.833333333333,0.714285714286,0.769230769231,0.857142857143,0.571428571429,0.666666666667,0.67082039325,0.642857142857,20,13,7,0,20,0,13,0,7,11,20,0.181818181818,3.04338842975,3.63636363636,2,2.5,1.68954001271,0.464623503495,0.245454545455,1.16774841624,0.642261628933,0.336363636364,1.94000937205,1.06700515463,0.536363636364,1.05689877454,0.347276990411,3.54545454545,3.04338842975,1.05689877454,3.54545454545,0.499047619048,0.4,8,0.0484848484848,0.255555555556,11,11,11,1,0,0.0909090909091,0.636363636364,0.272727272727,11,0.118181818182,3.72727272727,2.36363636364,1.3,1.625,1.43336856898,0.6064251638,0.286713286713,0.603022689156,0.510249967747,0.237762237762,1.40129809949,1.18571377649,0.503496503497,2.05382127221,0.551025219373,7,3.72727272727,2.05382127221,7,0,0,0,0,0.22962962963,11,11,11,1,0,0.0909090909091,0.636363636364,0.272727272727,11,19,0.172727272727,4.70454545455,3.45454545455,1.9,2.375,1.7529196424,0.507424107012,0.258373205742,0.904534033733,0.523677598477,0.267942583732,1.84883255547,1.07037674264,0.535885167464,1.66608891501,0.354144503674,5.875,4.70454545455,1.66608891501,5.875,0.366666666667,0.266666666667,4,0.0242424242424,0.23962962963,11,11,11,1,0,0.0909090909091,0.636363636364,0.272727272727,-1,-0.00909090909091,1.66115702479,-0.181818181818,-0.1,-0.125,0.0633796296952,0.0428006035168,0.0129186602871,-0.263214382509,-0.118584030456,-0.0684210526316,-0.0911768165742,0.00337158801632,-0.000478468899521,0.609190140475,0.00686751326282,2.32954545455,1.66115702479,0.609190140475,2.32954545455,-0.132380952381,-0.133333333333,-4,-0.0242424242424,-0.0159259259259,0,0,0,18,1,2,89,0.9,0.988888888889,0.0111111111111,0.1,0.947368421053,0.9,0.923076923077,0.906956031802,0.888888888889,0.857142857143,6,7,0,0,0,0
2397,WLNM_dir_neg,0.836734693878,0.695807868602,00:00:01,10,60,17,1176529766,threshold_sweep,0.3,0.833333333333,0.714285714286,0.769230769231,5,1,2,13,0.714285714286,0.928571428571,0.0714285714286,0.285714285714,0.833333333333,0.714285714286,0.769230769231,0.857142857143,0.571428571429,0.666666666667,0.67082039325,0.642857142857,20,13,7,0,20,0,13,0,7,11,20,0.181818181818,3.04338842975,3.63636363636,2,2.5,1.68954001271,0.464623503495,0.245454545455,1.16774841624,0.642261628933,0.336363636364,1.94000937205,1.06700515463,0.536363636364,1.05689877454,0.347276990411,3.54545454545,3.04338842975,1.05689877454,3.54545454545,0.499047619048,0.4,8,0.0484848484848,0.255555555556,11,11,11,1,0,0.0909090909091,0.636363636364,0.272727272727,11,0.118181818182,3.72727272727,2.36363636364,1.3,1.625,1.43336856898,0.6064251638,0.286713286713,0.603022689156,0.510249967747,0.237762237762,1.40129809949,1.18571377649,0.503496503497,2.05382127221,0.551025219373,7,3.72727272727,2.05382127221,7,0,0,0,0,0.22962962963,11,11,11,1,0,0.0909090909091,0.636363636364,0.272727272727,11,19,0.172727272727,4.70454545455,3.45454545455,1.9,2.375,1.7529196424,0.507424107012,0.258373205742,0.904534033733,0.523677598477,0.267942583732,1.84883255547,1.07037674264,0.535885167464,1.66608891501,0.354144503674,5.875,4.70454545455,1.66608891501,5.875,0.366666666667,0.266666666667,4,0.0242424242424,0.23962962963,11,11,11,1,0,0.0909090909091,0.636363636364,0.272727272727,-1,-0.00909090909091,1.66115702479,-0.181818181818,-0.1,-0.125,0.0633796296952,0.0428006035168,0.0129186602871,-0.263214382509,-0.118584030456,-0.0684210526316,-0.0911768165742,0.00337158801632,-0.000478468899521,0.609190140475,0.00686751326282,2.32954545455,1.66115702479,0.609190140475,2.32954545455,-0.132380952381,-0.133333333333,-4,-0.0242424242424,-0.0159259259259,0,0,0,18,1,2,89,0.9,0.988888888889,0.0111111111111,0.1,0.947368421053,0.9,0.923076923077,0.906956031802,0.888888888889,0.857142857143,6,7,0,0,0,0
2398,WLNM_dir_neg,0.836734693878,0.695807868602,00:00:01,10,60,17,1176529766,threshold_sweep,0.4,0.833333333333,0.714285714286,0.769230769231,5,1,2,13,0.714285714286,0.928571428571,0.0714285714286,0.285714285714,0.833333333333,0.714285714286,0.769230769231,0.857142857143,0.571428571429,0.666666666667,0.67082039325,0.642857142857,20,13,7,0,20,0,13,0,7,11,20,0.181818181818,3.04338842975,3.63636363636,2,2.5,1.68954001271,0.464623503495,0.245454545455,1.16774841624,0.642261628933,0.336363636364,1.94000937205,1.06700515463,0.536363636364,1.05689877454,0.347276990411,3.54545454545,3.04338842975,1.05689877454,3.54545454545,0.499047619048,0.4,8,0.0484848484848,0.255555555556,11,11,11,1,0,0.0909090909091,0.636363636364,0.272727272727,11,0.118181818182,3.72727272727,2.36363636364,1.3,1.625,1.43336856898,0.6064251638,0.286713286713,0.603022689156,0.510249967747,0.237762237762,1.40129809949,1.18571377649,0.503496503497,2.05382127221,0.551025219373,7,3.72727272727,2.05382127221,7,0,0,0,0,0.22962962963,11,11,11,1,0,0.0909090909091,0.636363636364,0.272727272727,11,19,0.172727272727,4.70454545455,3.45454545455,1.9,2.375,1.7529196424,0.507424107012,0.258373205742,0.904534033733,0.523677598477,0.267942583732,1.84883255547,1.07037674264,0.535885167464,1.66608891501,0.354144503674,5.875,4.70454545455,1.66608891501,5.875,0.366666666667,0.266666666667,4,0.0242424242424,0.23962962963,11,11,11,1,0,0.0909090909091,0.636363636364,0.272727272727,-1,-0.00909090909091,1.66115702479,-0.181818181818,-0.1,-0.125,0.0633796296952,0.0428006035168,0.0129186602871,-0.263214382509,-0.118584030456,-0.0684210526316,-0.0911768165742,0.00337158801632,-0.000478468899521,0.609190140475,0.00686751326282,2.32954545455,1.66115702479,0.609190140475,2.32954545455,-0.132380952381,-0.133333333333,-4,-0.0242424242424,-0.0159259259259,0,0,0,18,1,2,89,0.9,0.988888888889,0.0111111111111,0.1,0.947368421053,0.9,0.923076923077,0.906956031802,0.888888888889,0.857142857143,6,7,0,0,0,0
2399,WLNM_dir_neg,0.836734693878,0.695807868602,00:00:01,10,60,17,1176529766,threshold_sweep,0.5,0.833333333333,0.714285714286,0.769230769231,5,1,2,13,0.714285714286,0.928571428571,0.0714285714286,0.285714285714,0.833333333333,0.714285714286,0.769230769231,0.857142857143,0.571428571429,0.666666666667,0.67082039325,0.642857142857,20,13,7,0,20,0,13,0,7,11,20,0.181818181818,3.04338842975,3.63636363636,2,2.5,1.68954001271,0.464623503495,0.245454545455,1.16774841624,0.642261628933,0.336363636364,1.94000937205,1.06700515463,0.536363636364,1.05689877454,0.347276990411,3.54545454545,3.04338842975,1.05689877454,3.54545454545,0.499047619048,0.4,8,0.0484848484848,0.255555555556,11,11,11,1,0,0.0909090909091,0.636363636364,0.272727272727,11,0.118181818182,3.72727272727,2.36363636364,1.3,1.625,1.43336856898,0.6064251638,0.286713286713,0.603022689156,0.510249967747,0.237762237762,1.40129809949,1.18571377649,0.503496503497,2.05382127221,0.551025219373,7,3.72727272727,2.05382127221,7,0,0,0,0,0.22962962963,11,11,11,1,0,0.0909090909091,0.636363636364,0.272727272727,11,19,0.172727272727,4.70454545455,3.45454545455,1.9,2.375,1.7529196424,0.507424107012,0.258373205742,0.904534033733,0.523677598477,0.267942583732,1.84883255547,1.07037674264,0.535885167464,1.66608891501,0.354144503674,5.875,4.70454545455,1.66608891501,5.875,0.366666666667,0.266666666667,4,0.0242424242424,0.23962962963,11,11,11,1,0,0.0909090909091,0.636363636364,0.272727272727,-1,-0.00909090909091,1.66115702479,-0.181818181818,-0.1,-0.125,0.0633796296952,0.0428006035168,0.0129186602871,-0.263214382509,-0.118584030456,-0.0684210526316,-0.0911768165742,0.00337158801632,-0.000478468899521,0.609190140475,0.00686751326282,2.32954545455,1.66115702479,0.609190140475,2.32954545455,-0.132380952381,-0.133333333333,-4,-0.0242424242424,-0.0159259259259,0,0,0,18,1,2,89,0.9,0.988888888889,0.0111111111111,0.1,0.947368421053,0.9,0.923076923077,0.906956031802,0.888888888889,0.857142857143,6,7,0,0,0,0
2400,WLNM_dir_neg,0.836734693878,0.695807868602,00:00:01,10,60,17,1176529766,threshold_sweep,0.6,0.833333333333,0.714285714286,0.769230769231,5,1,2,13,0.714285714286,0.928571428571,0.0714285714286,0.285714285714,0.833333333333,0.714285714286,0.769230769231,0.857142857143,0.571428571429,0.666666666667,0.67082039325,0.642857142857,20,13,7,0,20,0,13,0,7,11,20,0.181818181818,3.04338842975,3.63636363636,2,2.5,1.68954001271,0.464623503495,0.245454545455,1.16774841624,0.642261628933,0.336363636364,1.94000937205,1.06700515463,0.536363636364,1.05689877454,0.347276990411,3.54545454545,3.04338842975,1.05689877454,3.54545454545,0.499047619048,0.4,8,0.0484848484848,0.255555555556,11,11,11,1,0,0.0909090909091,0.636363636364,0.272727272727,11,0.118181818182,3.72727272727,2.36363636364,1.3,1.625,1.43336856898,0.6064251638,0.286713286713,0.603022689156,0.510249967747,0.237762237762,1.40129809949,1.18571377649,0.503496503497,2.05382127221,0.551025219373,7,3.72727272727,2.05382127221,7,0,0,0,0,0.22962962963,11,11,11,1,0,0.0909090909091,0.636363636364,0.272727272727,11,19,0.172727272727,4.70454545455,3.45454545455,1.9,2.375,1.7529196424,0.507424107012,0.258373205742,0.904534033733,0.523677598477,0.267942583732,1.84883255547,1.07037674264,0.535885167464,1.66608891501,0.354144503674,5.875,4.70454545455,1.66608891501,5.875,0.366666666667,0.266666666667,4,0.0242424242424,0.23962962963,11,11,11,1,0,0.0909090909091,0.636363636364,0.272727272727,-1,-0.00909090909091,1.66115702479,-0.181818181818,-0.1,-0.125,0.0633796296952,0.0428006035168,0.0129186602871,-0.263214382509,-0.118584030456,-0.0684210526316,-0.0911768165742,0.00337158801632,-0.000478468899521,0.609190140475,0.00686751326282,2.32954545455,1.66115702479,0.609190140475,2.32954545455,-0.132380952381,-0.133333333333,-4,-0.0242424242424,-0.0159259259259,0,0,0,18,1,2,89,0.9,0.988888888889,0.0111111111111,0.1,0.947368421053,0.9,0.923076923077,0.906956031802,0.888888888889,0.857142857143,6,7,0,0,0,0
2401,WLNM_dir_neg,0.836734693878,0.695807868602,00:00:01,10,60,17,1176529766,threshold_sweep,0.7,0.833333333333,0.714285714286,0.769230769231,5,1,2,13,0.714285714286,0.928571428571,0.0714285714286,0.285714285714,0.833333333333,0.714285714286,0.769230769231,0.857142857143,0.571428571429,0.666666666667,0.67082039325,0.642857142857,20,13,7,0,20,0,13,0,7,11,20,0.181818181818,3.04338842975,3.63636363636,2,2.5,1.68954001271,0.464623503495,0.245454545455,1.16774841624,0.642261628933,0.336363636364,1.94000937205,1.06700515463,0.536363636364,1.05689877454,0.347276990411,3.54545454545,3.04338842975,1.05689877454,3.54545454545,0.499047619048,0.4,8,0.0484848484848,0.255555555556,11,11,11,1,0,0.0909090909091,0.636363636364,0.272727272727,11,0.118181818182,3.72727272727,2.36363636364,1.3,1.625,1.43336856898,0.6064251638,0.286713286713,0.603022689156,0.510249967747,0.237762237762,1.40129809949,1.18571377649,0.503496503497,2.05382127221,0.551025219373,7,3.72727272727,2.05382127221,7,0,0,0,0,0.22962962963,11,11,11,1,0,0.0909090909091,0.636363636364,0.272727272727,11,19,0.172727272727,4.70454545455,3.45454545455,1.9,2.375,1.7529196424,0.507424107012,0.258373205742,0.904534033733,0.523677598477,0.267942583732,1.84883255547,1.07037674264,0.535885167464,1.66608891501,0.354144503674,5.875,4.70454545455,1.66608891501,5.875,0.366666666667,0.266666666667,4,0.0242424242424,0.23962962963,11,11,11,1,0,0.0909090909091,0.636363636364,0.272727272727,-1,-0.00909090909091,1.66115702479,-0.181818181818,-0.1,-0.125,0.0633796296952,0.0428006035168,0.0129186602871,-0.263214382509,-0.118584030456,-0.0684210526316,-0.0911768165742,0.00337158801632,-0.000478468899521,0.609190140475,0.00686751326282,2.32954545455,1.66115702479,0.609190140475,2.32954545455,-0.132380952381,-0.133333333333,-4,-0.0242424242424,-0.0159259259259,0,0,0,18,1,2,89,0.9,0.988888888889,0.0111111111111,0.1,0.947368421053,0.9,0.923076923077,0.906956031802,0.888888888889,0.857142857143,6,7,0,0,0,0
2402,WLNM_dir_neg,0.836734693878,0.695807868602,00:00:01,10,60,17,1176529766,threshold_sweep,0.8,0.833333333333,0.714285714286,0.769230769231,5,1,2,13,0.714285714286,0.928571428571,0.0714285714286,0.285714285714,0.833333333333,0.714285714286,0.769230769231,0.857142857143,0.571428571429,0.666666666667,0.67082039325,0.642857142857,20,13,7,0,20,0,13,0,7,11,20,0.181818181818,3.04338842975,3.63636363636,2,2.5,1.68954001271,0.464623503495,0.245454545455,1.16774841624,0.642261628933,0.336363636364,1.94000937205,1.06700515463,0.536363636364,1.05689877454,0.347276990411,3.54545454545,3.04338842975,1.05689877454,3.54545454545,0.499047619048,0.4,8,0.0484848484848,0.255555555556,11,11,11,1,0,0.0909090909091,0.636363636364,0.272727272727,11,0.118181818182,3.72727272727,2.36363636364,1.3,1.625,1.43336856898,0.6064251638,0.286713286713,0.603022689156,0.510249967747,0.237762237762,1.40129809949,1.18571377649,0.503496503497,2.05382127221,0.551025219373,7,3.72727272727,2.05382127221,7,0,0,0,0,0.22962962963,11,11,11,1,0,0.0909090909091,0.636363636364,0.272727272727,11,19,0.172727272727,4.70454545455,3.45454545455,1.9,2.375,1.7529196424,0.507424107012,0.258373205742,0.904534033733,0.523677598477,0.267942583732,1.84883255547,1.07037674264,0.535885167464,1.66608891501,0.354144503674,5.875,4.70454545455,1.66608891501,5.875,0.366666666667,0.266666666667,4,0.0242424242424,0.23962962963,11,11,11,1,0,0.0909090909091,0.636363636364,0.272727272727,-1,-0.00909090909091,1.66115702479,-0.181818181818,-0.1,-0.125,0.0633796296952,0.0428006035168,0.0129186602871,-0.263214382509,-0.118584030456,-0.0684210526316,-0.0911768165742,0.00337158801632,-0.000478468899521,0.609190140475,0.00686751326282,2.32954545455,1.66115702479,0.609190140475,2.32954545455,-0.132380952381,-0.133333333333,-4,-0.0242424242424,-0.0159259259259,0,0,0,18,1,2,89,0.9,0.988888888889,0.0111111111111,0.1,0.947368421053,0.9,0.923076923077,0.906956031802,0.888888888889,0.857142857143,6,7,0,0,0,0
2403,WLNM_dir_neg,0.836734693878,0.695807868602,00:00:01,10,60,17,1176529766,threshold_sweep,0.9,1,0.714285714286,0.833333333333,5,0,2,14,0.714285714286,1,0,0.285714285714,1,0.714285714286,0.833333333333,0.904761904762,0.587301587302,0.769230769231,0.790569415042,0.714285714286,20,13,7,0,20,0,13,0,7,11,20,0.181818181818,3.04338842975,3.63636363636,2,2.5,1.68954001271,0.464623503495,0.245454545455,1.16774841624,0.642261628933,0.336363636364,1.94000937205,1.06700515463,0.536363636364,1.05689877454,0.347276990411,3.54545454545,3.04338842975,1.05689877454,3.54545454545,0.499047619048,0.4,8,0.0484848484848,0.255555555556,11,11,11,1,0,0.0909090909091,0.636363636364,0.272727272727,11,0.118181818182,3.72727272727,2.36363636364,1.3,1.625,1.43336856898,0.6064251638,0.286713286713,0.603022689156,0.510249967747,0.237762237762,1.40129809949,1.18571377649,0.503496503497,2.05382127221,0.551025219373,7,3.72727272727,2.05382127221,7,0,0,0,0,0.22962962963,11,11,11,1,0,0.0909090909091,0.636363636364,0.272727272727,11,18,0.163636363636,3.11363636364,3.27272727273,1.8,2.25,1.42062726223,0.434080552347,0.227272727273,0.924416277737,0.564921058617,0.292929292929,1.68954001271,1.03249667443,0.525252525253,1.14353419474,0.367266456706,3.875,3.11363636364,1.14353419474,3.875,0.366666666667,0.266666666667,4,0.0242424242424,0.221111111111,11,11,11,1,0,0.0909090909091,0.636363636364,0.272727272727,-2,-0.0181818181818,0.0702479338843,-0.363636363636,-0.2,-0.25,-0.268912750482,-0.030542951148,-0.0181818181818,-0.243332138505,-0.0773405703161,-0.0434343434343,-0.250469359339,-0.0345084801933,-0.0111111111111,0.0866354202056,0.0199894662943,0.329545454545,0.0702479338843,0.0866354202056,0.329545454545,-0.132380952381,-0.133333333333,-4,-0.0242424242424,-0.0344444444444,0,0,0,18,0,2,90,0.9,1,0,0.1,1,0.9,0.947368421053,0.938314863257,0.9,0.9,5,7,0,0,0,0
2404,WLNM_dir_neg,0.877551020408,0.714785214785,00:00:01,10,60,18,1176529767,threshold_sweep,0.1,1,0.714285714286,0.833333333333,5,0,2,14,0.714285714286,1,0,0.285714285714,1,0.714285714286,0.833333333333,0.904761904762,0.587301587302,0.769230769231,0.790569415042,0.714285714286,20,13,7,0,20,0,13,0,7,11,20,0.181818181818,3.04338842975,3.63636363636,2,2.5,1.68954001271,0.464623503495,0.245454545455,1.16774841624,0.642261628933,0.336363636364,1.94000937205,1.06700515463,0.536363636364,1.05689877454,0.347276990411,3.54545454545,3.04338842975,1.05689877454,3.54545454545,0.499047619048,0.4,8,0.0484848484848,0.255555555556,11,11,11,1,0,0.0909090909091,0.636363636364,0.272727272727,11,0.118181818182,3.72727272727,2.36363636364,1.3,1.625,1.43336856898,0.6064251638,0.286713286713,0.603022689156,0.510249967747,0.237762237762,1.40129809949,1.18571377649,0.503496503497,2.05382127221,0.551025219373,7,3.72727272727,2.05382127221,7,0,0,0,0,0.22962962963,11,11,11,1,0,0.0909090909091,0.636363636364,0.272727272727,11,18,0.163636363636,3.11363636364,3.27272727273,1.8,2.25,1.42062726223,0.434080552347,0.227272727273,0.924416277737,0.564921058617,0.292929292929,1.68954001271,1.03249667443,0.525252525253,1.14353419474,0.367266456706,3.875,3.11363636364,1.14353419474,3.875,0.366666666667,0.266666666667,4,0.0242424242424,0.221111111111,11,11,11,1,0,0.0909090909091,0.636363636364,0.272727272727,-2,-0.0181818181818,0.0702479338843,-0.363636363636,-0.2,-0.25,-0.268912750482,-0.030542951148,-0.0181818181818,-0.243332138505,-0.0773405703161,-0.0434343434343,-0.250469359339,-0.0345084801933,-0.0111111111111,0.0866354202056,0.0199894662943,0.329545454545,0.0702479338843,0.0866354202056,0.329545454545,-0.132380952381,-0.133333333333,-4,-0.0242424242424,-0.0344444444444,0,0,0,18,0,2,90,0.9,1,0,0.1,1,0.9,0.947368421053,0.938314863257,0.9,0.9,5,7,0,0,0,0
2405,WLNM_dir_neg,0.877551020408,0.714785214785,00:00:01,10,60,18,1176529767,threshold_sweep,0.2,1,0.714285714286,0.833333333333,5,0,2,14,0.714285714286,1,0,0.285714285714,1,0.714285714286,0.833333333333,0.904761904762,0.587301587302,0.769230769231,0.790569415042,0.714285714286,20,13,7,0,20,0,13,0,7,11,20,0.181818181818,3.04338842975,3.63636363636,2,2.5,1.68954001271,0.464623503495,0.245454545455,1.16774841624,0.642261628933,0.336363636364,1.94000937205,1.06700515463,0.536363636364,1.05689877454,0.347276990411,3.54545454545,3.04338842975,1.05689877454,3.54545454545,0.499047619048,0.4,8,0.0484848484848,0.255555555556,11,11,11,1,0,0.0909090909091,0.636363636364,0.272727272727,11,0.118181818182,3.72727272727,2.36363636364,1.3,1.625,1.43336856898,0.6064251638,0.286713286713,0.603022689156,0.510249967747,0.237762237762,1.40129809949,1.18571377649,0.503496503497,2.05382127221,0.551025219373,7,3.72727272727,2.05382127221,7,0,0,0,0,0.22962962963,11,11,11,1,0,0.0909090909091,0.636363636364,0.272727272727,11,18,0.163636363636,3.11363636364,3.27272727273,1.8,2.25,1.42062726223,0.434080552347,0.227272727273,0.924416277737,0.564921058617,0.292929292929,1.68954001271,1.03249667443,0.525252525253,1.14353419474,0.367266456706,3.875,3.11363636364,1.14353419474,3.875,0.366666666667,0.266666666667,4,0.0242424242424,0.221111111111,11,11,11,1,0,0.0909090909091,0.636363636364,0.272727272727,-2,-0.0181818181818,0.0702479338843,-0.363636363636,-0.2,-0.25,-0.268912750482,-0.030542951148,-0.0181818181818,-0.243332138505,-0.0773405703161,-0.0434343434343,-0.250469359339,-0.0345084801933,-0.0111111111111,0.0866354202056,0.0199894662943,0.329545454545,0.0702479338843,0.0866354202056,0.329545454545,-0.132380952381,-0.133333333333,-4,-0.0242424242424,-0.0344444444444,0,0,0,18,0,2,90,0.9,1,0,0.1,1,0.9,0.947368421053,0.938314863257,0.9,0.9,5,7,0,0,0,0
2406,WLNM_dir_neg,0.877551020408,0.714785214785,00:00:01,10,60,18,1176529767,threshold_sweep,0.3,1,0.714285714286,0.833333333333,5,0,2,14,0.714285714286,1,0,0.285714285714,1,0.714285714286,0.833333333333,0.904761904762,0.587301587302,0.769230769231,0.790569415042,0.714285714286,20,13,7,0,20,0,13,0,7,11,20,0.181818181818,3.04338842975,3.63636363636,2,2.5,1.68954001271,0.464623503495,0.245454545455,1.16774841624,0.642261628933,0.336363636364,1.94000937205,1.06700515463,0.536363636364,1.05689877454,0.347276990411,3.54545454545,3.04338842975,1.05689877454,3.54545454545,0.499047619048,0.4,8,0.0484848484848,0.255555555556,11,11,11,1,0,0.0909090909091,0.636363636364,0.272727272727,11,0.118181818182,3.72727272727,2.36363636364,1.3,1.625,1.43336856898,0.6064251638,0.286713286713,0.603022689156,0.510249967747,0.237762237762,1.40129809949,1.18571377649,0.503496503497,2.05382127221,0.551025219373,7,3.72727272727,2.05382127221,7,0,0,0,0,0.22962962963,11,11,11,1,0,0.0909090909091,0.636363636364,0.272727272727,11,18,0.163636363636,3.11363636364,3.27272727273,1.8,2.25,1.42062726223,0.434080552347,0.227272727273,0.924416277737,0.564921058617,0.292929292929,1.68954001271,1.03249667443,0.525252525253,1.14353419474,0.367266456706,3.875,3.11363636364,1.14353419474,3.875,0.366666666667,0.266666666667,4,0.0242424242424,0.221111111111,11,11,11,1,0,0.0909090909091,0.636363636364,0.272727272727,-2,-0.0181818181818,0.0702479338843,-0.363636363636,-0.2,-0.25,-0.268912750482,-0.030542951148,-0.0181818181818,-0.243332138505,-0.0773405703161,-0.0434343434343,-0.250469359339,-0.0345084801933,-0.0111111111111,0.0866354202056,0.0199894662943,0.329545454545,0.0702479338843,0.0866354202056,0.329545454545,-0.132380952381,-0.133333333333,-4,-0.0242424242424,-0.0344444444444,0,0,0,18,0,2,90,0.9,1,0,0.1,1,0.9,0.947368421053,0.938314863257,0.9,0.9,5,7,0,0,0,0
2407,WLNM_dir_neg,0.877551020408,0.714785214785,00:00:01,10,60,18,1176529767,threshold_sweep,0.4,1,0.714285714286,0.833333333333,5,0,2,14,0.714285714286,1,0,0.285714285714,1,0.714285714286,0.833333333333,0.904761904762,0.587301587302,0.769230769231,0.790569415042,0.714285714286,20,13,7,0,20,0,13,0,7,11,20,0.181818181818,3.04338842975,3.63636363636,2,2.5,1.68954001271,0.464623503495,0.245454545455,1.16774841624,0.642261628933,0.336363636364,1.94000937205,1.06700515463,0.536363636364,1.05689877454,0.347276990411,3.54545454545,3.04338842975,1.05689877454,3.54545454545,0.499047619048,0.4,8,0.0484848484848,0.255555555556,11,11,11,1,0,0.0909090909091,0.636363636364,0.272727272727,11,0.118181818182,3.72727272727,2.36363636364,1.3,1.625,1.43336856898,0.6064251638,0.286713286713,0.603022689156,0.510249967747,0.237762237762,1.40129809949,1.18571377649,0.503496503497,2.05382127221,0.551025219373,7,3.72727272727,2.05382127221,7,0,0,0,0,0.22962962963,11,11,11,1,0,0.0909090909091,0.636363636364,0.272727272727,11,18,0.163636363636,3.11363636364,3.27272727273,1.8,2.25,1.42062726223,0.434080552347,0.227272727273,0.924416277737,0.564921058617,0.292929292929,1.68954001271,1.03249667443,0.525252525253,1.14353419474,0.367266456706,3.875,3.11363636364,1.14353419474,3.875,0.366666666667,0.266666666667,4,0.0242424242424,0.221111111111,11,11,11,1,0,0.0909090909091,0.636363636364,0.272727272727,-2,-0.0181818181818,0.0702479338843,-0.363636363636,-0.2,-0.25,-0.268912750482,-0.030542951148,-0.0181818181818,-0.243332138505,-0.0773405703161,-0.0434343434343,-0.250469359339,-0.0345084801933,-0.0111111111111,0.0866354202056,0.0199894662943,0.329545454545,0.0702479338843,0.0866354202056,0.329545454545,-0.132380952381,-0.133333333333,-4,-0.0242424242424,-0.0344444444444,0,0,0,18,0,2,90,0.9,1,0,0.1,1,0.9,0.947368421053,0.938314863257,0.9,0.9,5,7,0,0,0,0
2408,WLNM_dir_neg,0.877551020408,0.714785214785,00:00:01,10,60,18,1176529767,threshold_sweep,0.5,1,0.714285714286,0.833333333333,5,0,2,14,0.714285714286,1,0,0.285714285714,1,0.714285714286,0.833333333333,0.904761904762,0.587301587302,0.769230769231,0.790569415042,0.714285714286,20,13,7,0,20,0,13,0,7,11,20,0.181818181818,3.04338842975,3.63636363636,2,2.5,1.68954001271,0.464623503495,0.245454545455,1.16774841624,0.642261628933,0.336363636364,1.94000937205,1.06700515463,0.536363636364,1.05689877454,0.347276990411,3.54545454545,3.04338842975,1.05689877454,3.54545454545,0.499047619048,0.4,8,0.0484848484848,0.255555555556,11,11,11,1,0,0.0909090909091,0.636363636364,0.272727272727,11,0.118181818182,3.72727272727,2.36363636364,1.3,1.625,1.43336856898,0.6064251638,0.286713286713,0.603022689156,0.510249967747,0.237762237762,1.40129809949,1.18571377649,0.503496503497,2.05382127221,0.551025219373,7,3.72727272727,2.05382127221,7,0,0,0,0,0.22962962963,11,11,11,1,0,0.0909090909091,0.636363636364,0.272727272727,11,18,0.163636363636,3.11363636364,3.27272727273,1.8,2.25,1.42062726223,0.434080552347,0.227272727273,0.924416277737,0.564921058617,0.292929292929,1.68954001271,1.03249667443,0.525252525253,1.14353419474,0.367266456706,3.875,3.11363636364,1.14353419474,3.875,0.366666666667,0.266666666667,4,0.0242424242424,0.221111111111,11,11,11,1,0,0.0909090909091,0.636363636364,0.272727272727,-2,-0.0181818181818,0.0702479338843,-0.363636363636,-0.2,-0.25,-0.268912750482,-0.030542951148,-0.0181818181818,-0.243332138505,-0.0773405703161,-0.0434343434343,-0.250469359339,-0.0345084801933,-0.0111111111111,0.0866354202056,0.0199894662943,0.329545454545,0.0702479338843,0.0866354202056,0.329545454545,-0.132380952381,-0.133333333333,-4,-0.0242424242424,-0.0344444444444,0,0,0,18,0,2,90,0.9,1,0,0.1,1,0.9,0.947368421053,0.938314863257,0.9,0.9,5,7,0,0,0,0
2409,WLNM_dir_neg,0.877551020408,0.714785214785,00:00:01,10,60,18,1176529767,threshold_sweep,0.6,1,0.571428571429,0.727272727273,4,0,3,14,0.571428571429,1,0,0.428571428571,1,0.571428571429,0.727272727273,0.857142857143,0.603174603175,0.64,0.68599434057,0.571428571429,20,13,7,0,20,0,13,0,7,11,20,0.181818181818,3.04338842975,3.63636363636,2,2.5,1.68954001271,0.464623503495,0.245454545455,1.16774841624,0.642261628933,0.336363636364,1.94000937205,1.06700515463,0.536363636364,1.05689877454,0.347276990411,3.54545454545,3.04338842975,1.05689877454,3.54545454545,0.499047619048,0.4,8,0.0484848484848,0.255555555556,11,11,11,1,0,0.0909090909091,0.636363636364,0.272727272727,11,0.118181818182,3.72727272727,2.36363636364,1.3,1.625,1.43336856898,0.6064251638,0.286713286713,0.603022689156,0.510249967747,0.237762237762,1.40129809949,1.18571377649,0.503496503497,2.05382127221,0.551025219373,7,3.72727272727,2.05382127221,7,0,0,0,0,0.22962962963,11,11,11,1,0,0.0909090909091,0.636363636364,0.272727272727,11,17,0.154545454545,3.15909090909,3.09090909091,1.7,2.125,1.44599761096,0.467822756488,0.24064171123,0.820199532265,0.530717344407,0.267379679144,1.69491217257,1.09670787637,0.534759358289,1.21589847064,0.38488872452,4,3.15909090909,1.21589847064,4,0.433333333333,0.292682926829,4,0.0242424242424,0.216666666667,11,11,11,1,0,0.0909090909091,0.636363636364,0.272727272727,-3,-0.0272727272727,0.115702479339,-0.545454545455,-0.3,-0.375,-0.243542401747,0.00319925299281,-0.0048128342246,-0.347548883978,-0.111544284527,-0.0689839572193,-0.245097199478,0.0297027217424,-0.00160427807487,0.158999696105,0.0376117341084,0.454545454545,0.115702479339,0.158999696105,0.454545454545,-0.0657142857143,-0.107317073171,-4,-0.0242424242424,-0.0388888888889,0,0,0,17,0,3,90,0.85,1,0,0.15,1,0.85,0.918918918919,0.906962317388,0.85,0.85,4,7,0,0,0,0
2410,WLNM_dir_neg,0.877551020408,0.714785214785,00:00:01,10,60,18,1176529767,threshold_sweep,0.7,1,0.571428571429,0.727272727273,4,0,3,14,0.571428571429,1,0,0.428571428571,1,0.571428571429,0.727272727273,0.857142857143,0.603174603175,0.64,0.68599434057,0.571428571429,20,13,7,0,20,0,13,0,7,11,20,0.181818181818,3.04338842975,3.63636363636,2,2.5,1.68954001271,0.464623503495,0.245454545455,1.16774841624,0.642261628933,0.336363636364,1.94000937205,1.06700515463,0.536363636364,1.05689877454,0.347276990411,3.54545454545,3.04338842975,1.05689877454,3.54545454545,0.499047619048,0.4,8,0.0484848484848,0.255555555556,11,11,11,1,0,0.0909090909091,0.636363636364,0.272727272727,11,0.118181818182,3.72727272727,2.36363636364,1.3,1.625,1.43336856898,0.6064251638,0.286713286713,0.603022689156,0.510249967747,0.237762237762,1.40129809949,1.18571377649,0.503496503497,2.05382127221,0.551025219373,7,3.72727272727,2.05382127221,7,0,0,0,0,0.22962962963,11,11,11,1,0,0.0909090909091,0.636363636364,0.272727272727,11,17,0.154545454545,3.15909090909,3.09090909091,1.7,2.125,1.44599761096,0.467822756488,0.24064171123,0.820199532265,0.530717344407,0.267379679144,1.69491217257,1.09670787637,0.534759358289,1.21589847064,0.38488872452,4,3.15909090909,1.21589847064,4,0.433333333333,0.292682926829,4,0.0242424242424,0.216666666667,11,11,11,1,0,0.0909090909091,0.636363636364,0.272727272727,-3,-0.0272727272727,0.115702479339,-0.545454545455,-0.3,-0.375,-0.243542401747,0.00319925299281,-0.0048128342246,-0.347548883978,-0.111544284527,-0.0689839572193,-0.245097199478,0.0297027217424,-0.00160427807487,0.158999696105,0.0376117341084,0.454545454545,0.115702479339,0.158999696105,0.454545454545,-0.0657142857143,-0.107317073171,-4,-0.0242424242424,-0.0388888888889,0,0,0,17,0,3,90,0.85,1,0,0.15,1,0.85,0.918918918919,0.906962317388,0.85,0.85,4,7,0,0,0,0
2411,WLNM_dir_neg,0.877551020408,0.714785214785,00:00:01,10,60,18,1176529767,threshold_sweep,0.8,1,0.571428571429,0.727272727273,4,0,3,14,0.571428571429,1,0,0.428571428571,1,0.571428571429,0.727272727273,0.857142857143,0.603174603175,0.64,0.68599434057,0.571428571429,20,13,7,0,20,0,13,0,7,11,20,0.181818181818,3.04338842975,3.63636363636,2,2.5,1.68954001271,0.464623503495,0.245454545455,1.16774841624,0.642261628933,0.336363636364,1.94000937205,1.06700515463,0.536363636364,1.05689877454,0.347276990411,3.54545454545,3.04338842975,1.05689877454,3.54545454545,0.499047619048,0.4,8,0.0484848484848,0.255555555556,11,11,11,1,0,0.0909090909091,0.636363636364,0.272727272727,11,0.118181818182,3.72727272727,2.36363636364,1.3,1.625,1.43336856898,0.6064251638,0.286713286713,0.603022689156,0.510249967747,0.237762237762,1.40129809949,1.18571377649,0.503496503497,2.05382127221,0.551025219373,7,3.72727272727,2.05382127221,7,0,0,0,0,0.22962962963,11,11,11,1,0,0.0909090909091,0.636363636364,0.272727272727,11,17,0.154545454545,3.15909090909,3.09090909091,1.7,2.125,1.44599761096,0.467822756488,0.24064171123,0.820199532265,0.530717344407,0.267379679144,1.69491217257,1.09670787637,0.534759358289,1.21589847064,0.38488872452,4,3.15909090909,1.21589847064,4,0.433333333333,0.292682926829,4,0.0242424242424,0.216666666667,11,11,11,1,0,0.0909090909091,0.636363636364,0.272727272727,-3,-0.0272727272727,0.115702479339,-0.545454545455,-0.3,-0.375,-0.243542401747,0.00319925299281,-0.0048128342246,-0.347548883978,-0.111544284527,-0.0689839572193,-0.245097199478,0.0297027217424,-0.00160427807487,0.158999696105,0.0376117341084,0.454545454545,0.115702479339,0.158999696105,0.454545454545,-0.0657142857143,-0.107317073171,-4,-0.0242424242424,-0.0388888888889,0,0,0,17,0,3,90,0.85,1,0,0.15,1,0.85,0.918918918919,0.906962317388,0.85,0.85,4,7,0,0,0,0
2412,WLNM_dir_neg,0.877551020408,0.714785214785,00:00:01,10,60,18,1176529767,threshold_sweep,0.9,1,0.571428571429,0.727272727273,4,0,3,14,0.571428571429,1,0,0.428571428571,1,0.571428571429,0.727272727273,0.857142857143,0.603174603175,0.64,0.68599434057,0.571428571429,20,13,7,0,20,0,13,0,7,11,20,0.181818181818,3.04338842975,3.63636363636,2,2.5,1.68954001271,0.464623503495,0.245454545455,1.16774841624,0.642261628933,0.336363636364,1.94000937205,1.06700515463,0.536363636364,1.05689877454,0.347276990411,3.54545454545,3.04338842975,1.05689877454,3.54545454545,0.499047619048,0.4,8,0.0484848484848,0.255555555556,11,11,11,1,0,0.0909090909091,0.636363636364,0.272727272727,11,0.118181818182,3.72727272727,2.36363636364,1.3,1.625,1.43336856898,0.6064251638,0.286713286713,0.603022689156,0.510249967747,0.237762237762,1.40129809949,1.18571377649,0.503496503497,2.05382127221,0.551025219373,7,3.72727272727,2.05382127221,7,0,0,0,0,0.22962962963,11,11,11,1,0,0.0909090909091,0.636363636364,0.272727272727,11,17,0.154545454545,3.15909090909,3.09090909091,1.7,2.125,1.44599761096,0.467822756488,0.24064171123,0.820199532265,0.530717344407,0.267379679144,1.69491217257,1.09670787637,0.534759358289,1.21589847064,0.38488872452,4,3.15909090909,1.21589847064,4,0.433333333333,0.292682926829,4,0.0242424242424,0.216666666667,11,11,11,1,0,0.0909090909091,0.636363636364,0.272727272727,-3,-0.0272727272727,0.115702479339,-0.545454545455,-0.3,-0.375,-0.243542401747,0.00319925299281,-0.0048128342246,-0.347548883978,-0.111544284527,-0.0689839572193,-0.245097199478,0.0297027217424,-0.00160427807487,0.158999696105,0.0376117341084,0.454545454545,0.115702479339,0.158999696105,0.454545454545,-0.0657142857143,-0.107317073171,-4,-0.0242424242424,-0.0388888888889,0,0,0,17,0,3,90,0.85,1,0,0.15,1,0.85,0.918918918919,0.906962317388,0.85,0.85,4,7,0,0,0,0
2413,WLNM_dir_neg,0.857142857143,0.479792429792,00:00:00,10,60,19,1176529768,threshold_sweep,0.1,0.8,0.571428571429,0.666666666667,4,1,3,13,0.571428571429,0.928571428571,0.0714285714286,0.428571428571,0.8,0.571428571429,0.666666666667,0.809523809524,0.587301587302,0.538461538462,0.553398590529,0.5,20,13,7,0,20,0,13,0,7,11,20,0.181818181818,3.04338842975,3.63636363636,2,2.5,1.68954001271,0.464623503495,0.245454545455,1.16774841624,0.642261628933,0.336363636364,1.94000937205,1.06700515463,0.536363636364,1.05689877454,0.347276990411,3.54545454545,3.04338842975,1.05689877454,3.54545454545,0.499047619048,0.4,8,0.0484848484848,0.255555555556,11,11,11,1,0,0.0909090909091,0.636363636364,0.272727272727,11,0.118181818182,3.72727272727,2.36363636364,1.3,1.625,1.43336856898,0.6064251638,0.286713286713,0.603022689156,0.510249967747,0.237762237762,1.40129809949,1.18571377649,0.503496503497,2.05382127221,0.551025219373,7,3.72727272727,2.05382127221,7,0,0,0,0,0.22962962963,11,11,11,1,0,0.0909090909091,0.636363636364,0.272727272727,11,18,0.163636363636,3.25757575758,3.27272727273,1.8,2.25,1.27207775634,0.388690425549,0.191919191919,0.924416277737,0.564921058617,0.292929292929,1.5666989036,0.957427107756,0.494949494949,1.32052943163,0.405371825523,4.4,3.25757575758,1.32052943163,4.4,0.213333333333,0.139534883721,2,0.0121212121212,0.209259259259,11,11,11,1,0,0.0909090909091,0.636363636364,0.272727272727,-2,-0.0181818181818,0.214187327824,-0.363636363636,-0.2,-0.25,-0.417462256367,-0.0759330779459,-0.0535353535354,-0.243332138505,-0.0773405703161,-0.0434343434343,-0.373310468447,-0.10957804687,-0.0414141414141,0.263630657092,0.058094835112,0.854545454545,0.214187327824,0.263630657092,0.854545454545,-0.285714285714,-0.260465116279,-6,-0.0363636363636,-0.0462962962963,0,0,0,17,1,3,89,0.85,0.988888888889,0.0111111111111,0.15,0.944444444444,0.85,0.894736842105,0.874602125628,0.838888888889,0.809523809524,5,7,0,0,0,0
2414,WLNM_dir_neg,0.857142857143,0.479792429792,00:00:00,10,60,19,1176529768,threshold_sweep,0.2,0.75,0.428571428571,0.545454545455,3,1,4,13,0.428571428571,0.928571428571,0.0714285714286,0.571428571429,0.75,0.428571428571,0.545454545455,0.761904761905,0.603174603175,0.4,0.428746462856,0.357142857143,20,13,7,0,20,0,13,0,7,11,20,0.181818181818,3.04338842975,3.63636363636,2,2.5,1.68954001271,0.464623503495,0.245454545455,1.16774841624,0.642261628933,0.336363636364,1.94000937205,1.06700515463,0.536363636364,1.05689877454,0.347276990411,3.54545454545,3.04338842975,1.05689877454,3.54545454545,0.499047619048,0.4,8,0.0484848484848,0.255555555556,11,11,11,1,0,0.0909090909091,0.636363636364,0.272727272727,11,0.118181818182,3.72727272727,2.36363636364,1.3,1.625,1.43336856898,0.6064251638,0.286713286713,0.603022689156,0.510249967747,0.237762237762,1.40129809949,1.18571377649,0.503496503497,2.05382127221,0.551025219373,7,3.72727272727,2.05382127221,7,0,0,0,0,0.22962962963,11,11,11,1,0,0.0909090909091,0.636363636364,0.272727272727,11,17,0.154545454545,3.33838383838,3.09090909091,1.7,2.125,1.22102788294,0.395038432715,0.176470588235,0.820199532265,0.530717344407,0.267379679144,1.50755672289,0.975477879516,0.491978609626,1.44090475381,0.431617460293,4.66666666667,3.33838383838,1.44090475381,4.66666666667,0.213333333333,0.157894736842,2,0.0121212121212,0.196296296296,11,11,11,1,0,0.0909090909091,0.636363636364,0.272727272727,-3,-0.0272727272727,0.294995408632,-0.545454545455,-0.3,-0.375,-0.468512129772,-0.0695850707802,-0.0689839572193,-0.347548883978,-0.111544284527,-0.0689839572193,-0.43245264916,-0.0915272751104,-0.044385026738,0.384005979269,0.0843404698815,1.12121212121,0.294995408632,0.384005979269,1.12121212121,-0.285714285714,-0.242105263158,-6,-0.0363636363636,-0.0592592592593,0,0,0,16,1,4,89,0.8,0.988888888889,0.0111111111111,0.2,0.941176470588,0.8,0.864864864865,0.841755876268,0.788888888889,0.761904761905,4,7,0,0,0,0
2415,WLNM_dir_neg,0.857142857143,0.479792429792,00:00:00,10,60,19,1176529768,threshold_sweep,0.3,0.75,0.428571428571,0.545454545455,3,1,4,13,0.428571428571,0.928571428571,0.0714285714286,0.571428571429,0.75,0.428571428571,0.545454545455,0.761904761905,0.603174603175,0.4,0.428746462856,0.357142857143,20,13,7,0,20,0,13,0,7,11,20,0.181818181818,3.04338842975,3.63636363636,2,2.5,1.68954001271,0.464623503495,0.245454545455,1.16774841624,0.642261628933,0.336363636364,1.94000937205,1.06700515463,0.536363636364,1.05689877454,0.347276990411,3.54545454545,3.04338842975,1.05689877454,3.54545454545,0.499047619048,0.4,8,0.0484848484848,0.255555555556,11,11,11,1,0,0.0909090909091,0.636363636364,0.272727272727,11,0.118181818182,3.72727272727,2.36363636364,1.3,1.625,1.43336856898,0.6064251638,0.286713286713,0.603022689156,0.510249967747,0.237762237762,1.40129809949,1.18571377649,0.503496503497,2.05382127221,0.551025219373,7,3.72727272727,2.05382127221,7,0,0,0,0,0.22962962963,11,11,11,1,0,0.0909090909091,0.636363636364,0.272727272727,11,17,0.154545454545,3.33838383838,3.09090909091,1.7,2.125,1.22102788294,0.395038432715,0.176470588235,0.820199532265,0.530717344407,0.267379679144,1.50755672289,0.975477879516,0.491978609626,1.44090475381,0.431617460293,4.66666666667,3.33838383838,1.44090475381,4.66666666667,0.213333333333,0.157894736842,2,0.0121212121212,0.196296296296,11,11,11,1,0,0.0909090909091,0.636363636364,0.272727272727,-3,-0.0272727272727,0.294995408632,-0.545454545455,-0.3,-0.375,-0.468512129772,-0.0695850707802,-0.0689839572193,-0.347548883978,-0.111544284527,-0.0689839572193,-0.43245264916,-0.0915272751104,-0.044385026738,0.384005979269,0.0843404698815,1.12121212121,0.294995408632,0.384005979269,1.12121212121,-0.285714285714,-0.242105263158,-6,-0.0363636363636,-0.0592592592593,0,0,0,16,1,4,89,0.8,0.988888888889,0.0111111111111,0.2,0.941176470588,0.8,0.864864864865,0.841755876268,0.788888888889,0.761904761905,4,7,0,0,0,0
2416,WLNM_dir_neg,0.857142857143,0.479792429792,00:00:00,10,60,19,1176529768,threshold_sweep,0.4,0.75,0.428571428571,0.545454545455,3,1,4,13,0.428571428571,0.928571428571,0.0714285714286,0.571428571429,0.75,0.428571428571,0.545454545455,0.761904761905,0.603174603175,0.4,0.428746462856,0.357142857143,20,13,7,0,20,0,13,0,7,11,20,0.181818181818,3.04338842975,3.63636363636,2,2.5,1.68954001271,0.464623503495,0.245454545455,1.16774841624,0.642261628933,0.336363636364,1.94000937205,1.06700515463,0.536363636364,1.05689877454,0.347276990411,3.54545454545,3.04338842975,1.05689877454,3.54545454545,0.499047619048,0.4,8,0.0484848484848,0.255555555556,11,11,11,1,0,0.0909090909091,0.636363636364,0.272727272727,11,0.118181818182,3.72727272727,2.36363636364,1.3,1.625,1.43336856898,0.6064251638,0.286713286713,0.603022689156,0.510249967747,0.237762237762,1.40129809949,1.18571377649,0.503496503497,2.05382127221,0.551025219373,7,3.72727272727,2.05382127221,7,0,0,0,0,0.22962962963,11,11,11,1,0,0.0909090909091,0.636363636364,0.272727272727,11,17,0.154545454545,3.33838383838,3.09090909091,1.7,2.125,1.22102788294,0.395038432715,0.176470588235,0.820199532265,0.530717344407,0.267379679144,1.50755672289,0.975477879516,0.491978609626,1.44090475381,0.431617460293,4.66666666667,3.33838383838,1.44090475381,4.66666666667,0.213333333333,0.157894736842,2,0.0121212121212,0.196296296296,11,11,11,1,0,0.0909090909091,0.636363636364,0.272727272727,-3,-0.0272727272727,0.294995408632,-0.545454545455,-0.3,-0.375,-0.468512129772,-0.0695850707802,-0.0689839572193,-0.347548883978,-0.111544284527,-0.0689839572193,-0.43245264916,-0.0915272751104,-0.044385026738,0.384005979269,0.0843404698815,1.12121212121,0.294995408632,0.384005979269,1.12121212121,-0.285714285714,-0.242105263158,-6,-0.0363636363636,-0.0592592592593,0,0,0,16,1,4,89,0.8,0.988888888889,0.0111111111111,0.2,0.941176470588,0.8,0.864864864865,0.841755876268,0.788888888889,0.761904761905,4,7,0,0,0,0
2417,WLNM_dir_neg,0.857142857143,0.479792429792,00:00:00,10,60,19,1176529768,threshold_sweep,0.5,0.75,0.428571428571,0.545454545455,3,1,4,13,0.428571428571,0.928571428571,0.0714285714286,0.571428571429,0.75,0.428571428571,0.545454545455,0.761904761905,0.603174603175,0.4,0.428746462856,0.357142857143,20,13,7,0,20,0,13,0,7,11,20,0.181818181818,3.04338842975,3.63636363636,2,2.5,1.68954001271,0.464623503495,0.245454545455,1.16774841624,0.642261628933,0.336363636364,1.94000937205,1.06700515463,0.536363636364,1.05689877454,0.347276990411,3.54545454545,3.04338842975,1.05689877454,3.54545454545,0.499047619048,0.4,8,0.0484848484848,0.255555555556,11,11,11,1,0,0.0909090909091,0.636363636364,0.272727272727,11,0.118181818182,3.72727272727,2.36363636364,1.3,1.625,1.43336856898,0.6064251638,0.286713286713,0.603022689156,0.510249967747,0.237762237762,1.40129809949,1.18571377649,0.503496503497,2.05382127221,0.551025219373,7,3.72727272727,2.05382127221,7,0,0,0,0,0.22962962963,11,11,11,1,0,0.0909090909091,0.636363636364,0.272727272727,11,17,0.154545454545,3.33838383838,3.09090909091,1.7,2.125,1.22102788294,0.395038432715,0.176470588235,0.820199532265,0.530717344407,0.267379679144,1.50755672289,0.975477879516,0.491978609626,1.44090475381,0.431617460293,4.66666666667,3.33838383838,1.44090475381,4.66666666667,0.213333333333,0.157894736842,2,0.0121212121212,0.196296296296,11,11,11,1,0,0.0909090909091,0.636363636364,0.272727272727,-3,-0.0272727272727,0.294995408632,-0.545454545455,-0.3,-0.375,-0.468512129772,-0.0695850707802,-0.0689839572193,-0.347548883978,-0.111544284527,-0.0689839572193,-0.43245264916,-0.0915272751104,-0.044385026738,0.384005979269,0.0843404698815,1.12121212121,0.294995408632,0.384005979269,1.12121212121,-0.285714285714,-0.242105263158,-6,-0.0363636363636,-0.0592592592593,0,0,0,16,1,4,89,0.8,0.988888888889,0.0111111111111,0.2,0.941176470588,0.8,0.864864864865,0.841755876268,0.788888888889,0.761904761905,4,7,0,0,0,0
2418,WLNM_dir_neg,0.857142857143,0.479792429792,00:00:00,10,60,19,1176529768,threshold_sweep,0.6,0.75,0.428571428571,0.545454545455,3,1,4,13,0.428571428571,0.928571428571,0.0714285714286,0.571428571429,0.75,0.428571428571,0.545454545455,0.761904761905,0.603174603175,0.4,0.428746462856,0.357142857143,20,13,7,0,20,0,13,0,7,11,20,0.181818181818,3.04338842975,3.63636363636,2,2.5,1.68954001271,0.464623503495,0.245454545455,1.16774841624,0.642261628933,0.336363636364,1.94000937205,1.06700515463,0.536363636364,1.05689877454,0.347276990411,3.54545454545,3.04338842975,1.05689877454,3.54545454545,0.499047619048,0.4,8,0.0484848484848,0.255555555556,11,11,11,1,0,0.0909090909091,0.636363636364,0.272727272727,11,0.118181818182,3.72727272727,2.36363636364,1.3,1.625,1.43336856898,0.6064251638,0.286713286713,0.603022689156,0.510249967747,0.237762237762,1.40129809949,1.18571377649,0.503496503497,2.05382127221,0.551025219373,7,3.72727272727,2.05382127221,7,0,0,0,0,0.22962962963,11,11,11,1,0,0.0909090909091,0.636363636364,0.272727272727,11,17,0.154545454545,3.33838383838,3.09090909091,1.7,2.125,1.22102788294,0.395038432715,0.176470588235,0.820199532265,0.530717344407,0.267379679144,1.50755672289,0.975477879516,0.491978609626,1.44090475381,0.431617460293,4.66666666667,3.33838383838,1.44090475381,4.66666666667,0.213333333333,0.157894736842,2,0.0121212121212,0.196296296296,11,11,11,1,0,0.0909090909091,0.636363636364,0.272727272727,-3,-0.0272727272727,0.294995408632,-0.545454545455,-0.3,-0.375,-0.468512129772,-0.0695850707802,-0.0689839572193,-0.347548883978,-0.111544284527,-0.0689839572193,-0.43245264916,-0.0915272751104,-0.044385026738,0.384005979269,0.0843404698815,1.12121212121,0.294995408632,0.384005979269,1.12121212121,-0.285714285714,-0.242105263158,-6,-0.0363636363636,-0.0592592592593,0,0,0,16,1,4,89,0.8,0.988888888889,0.0111111111111,0.2,0.941176470588,0.8,0.864864864865,0.841755876268,0.788888888889,0.761904761905,4,7,0,0,0,0
2419,WLNM_dir_neg,0.857142857143,0.479792429792,00:00:00,10,60,19,1176529768,threshold_sweep,0.7,0.75,0.428571428571,0.545454545455,3,1,4,13,0.428571428571,0.928571428571,0.0714285714286,0.571428571429,0.75,0.428571428571,0.545454545455,0.761904761905,0.603174603175,0.4,0.428746462856,0.357142857143,20,13,7,0,20,0,13,0,7,11,20,0.181818181818,3.04338842975,3.63636363636,2,2.5,1.68954001271,0.464623503495,0.245454545455,1.16774841624,0.642261628933,0.336363636364,1.94000937205,1.06700515463,0.536363636364,1.05689877454,0.347276990411,3.54545454545,3.04338842975,1.05689877454,3.54545454545,0.499047619048,0.4,8,0.0484848484848,0.255555555556,11,11,11,1,0,0.0909090909091,0.636363636364,0.272727272727,11,0.118181818182,3.72727272727,2.36363636364,1.3,1.625,1.43336856898,0.6064251638,0.286713286713,0.603022689156,0.510249967747,0.237762237762,1.40129809949,1.18571377649,0.503496503497,2.05382127221,0.551025219373,7,3.72727272727,2.05382127221,7,0,0,0,0,0.22962962963,11,11,11,1,0,0.0909090909091,0.636363636364,0.272727272727,11,17,0.154545454545,3.33838383838,3.09090909091,1.7,2.125,1.22102788294,0.395038432715,0.176470588235,0.820199532265,0.530717344407,0.267379679144,1.50755672289,0.975477879516,0.491978609626,1.44090475381,0.431617460293,4.66666666667,3.33838383838,1.44090475381,4.66666666667,0.213333333333,0.157894736842,2,0.0121212121212,0.196296296296,11,11,11,1,0,0.0909090909091,0.636363636364,0.272727272727,-3,-0.0272727272727,0.294995408632,-0.545454545455,-0.3,-0.375,-0.468512129772,-0.0695850707802,-0.0689839572193,-0.347548883978,-0.111544284527,-0.0689839572193,-0.43245264916,-0.0915272751104,-0.044385026738,0.384005979269,0.0843404698815,1.12121212121,0.294995408632,0.384005979269,1.12121212121,-0.285714285714,-0.242105263158,-6,-0.0363636363636,-0.0592592592593,0,0,0,16,1,4,89,0.8,0.988888888889,0.0111111111111,0.2,0.941176470588,0.8,0.864864864865,0.841755876268,0.788888888889,0.761904761905,4,7,0,0,0,0
2420,WLNM_dir_neg,0.857142857143,0.479792429792,00:00:00,10,60,19,1176529768,threshold_sweep,0.8,0.75,0.428571428571,0.545454545455,3,1,4,13,0.428571428571,0.928571428571,0.0714285714286,0.571428571429,0.75,0.428571428571,0.545454545455,0.761904761905,0.603174603175,0.4,0.428746462856,0.357142857143,20,13,7,0,20,0,13,0,7,11,20,0.181818181818,3.04338842975,3.63636363636,2,2.5,1.68954001271,0.464623503495,0.245454545455,1.16774841624,0.642261628933,0.336363636364,1.94000937205,1.06700515463,0.536363636364,1.05689877454,0.347276990411,3.54545454545,3.04338842975,1.05689877454,3.54545454545,0.499047619048,0.4,8,0.0484848484848,0.255555555556,11,11,11,1,0,0.0909090909091,0.636363636364,0.272727272727,11,0.118181818182,3.72727272727,2.36363636364,1.3,1.625,1.43336856898,0.6064251638,0.286713286713,0.603022689156,0.510249967747,0.237762237762,1.40129809949,1.18571377649,0.503496503497,2.05382127221,0.551025219373,7,3.72727272727,2.05382127221,7,0,0,0,0,0.22962962963,11,11,11,1,0,0.0909090909091,0.636363636364,0.272727272727,11,17,0.154545454545,3.33838383838,3.09090909091,1.7,2.125,1.22102788294,0.395038432715,0.176470588235,0.820199532265,0.530717344407,0.267379679144,1.50755672289,0.975477879516,0.491978609626,1.44090475381,0.431617460293,4.66666666667,3.33838383838,1.44090475381,4.66666666667,0.213333333333,0.157894736842,2,0.0121212121212,0.196296296296,11,11,11,1,0,0.0909090909091,0.636363636364,0.272727272727,-3,-0.0272727272727,0.294995408632,-0.545454545455,-0.3,-0.375,-0.468512129772,-0.0695850707802,-0.0689839572193,-0.347548883978,-0.111544284527,-0.0689839572193,-0.43245264916,-0.0915272751104,-0.044385026738,0.384005979269,0.0843404698815,1.12121212121,0.294995408632,0.384005979269,1.12121212121,-0.285714285714,-0.242105263158,-6,-0.0363636363636,-0.0592592592593,0,0,0,16,1,4,89,0.8,0.988888888889,0.0111111111111,0.2,0.941176470588,0.8,0.864864864865,0.841755876268,0.788888888889,0.761904761905,4,7,0,0,0,0
2421,WLNM_dir_neg,0.857142857143,0.479792429792,00:00:00,10,60,19,1176529768,threshold_sweep,0.9,0.75,0.428571428571,0.545454545455,3,1,4,13,0.428571428571,0.928571428571,0.0714285714286,0.571428571429,0.75,0.428571428571,0.545454545455,0.761904761905,0.603174603175,0.4,0.428746462856,0.357142857143,20,13,7,0,20,0,13,0,7,11,20,0.181818181818,3.04338842975,3.63636363636,2,2.5,1.68954001271,0.464623503495,0.245454545455,1.16774841624,0.642261628933,0.336363636364,1.94000937205,1.06700515463,0.536363636364,1.05689877454,0.347276990411,3.54545454545,3.04338842975,1.05689877454,3.54545454545,0.499047619048,0.4,8,0.0484848484848,0.255555555556,11,11,11,1,0,0.0909090909091,0.636363636364,0.272727272727,11,0.118181818182,3.72727272727,2.36363636364,1.3,1.625,1.43336856898,0.6064251638,0.286713286713,0.603022689156,0.510249967747,0.237762237762,1.40129809949,1.18571377649,0.503496503497,2.05382127221,0.551025219373,7,3.72727272727,2.05382127221,7,0,0,0,0,0.22962962963,11,11,11,1,0,0.0909090909091,0.636363636364,0.272727272727,11,17,0.154545454545,3.33838383838,3.09090909091,1.7,2.125,1.22102788294,0.395038432715,0.176470588235,0.820199532265,0.530717344407,0.267379679144,1.50755672289,0.975477879516,0.491978609626,1.44090475381,0.431617460293,4.66666666667,3.33838383838,1.44090475381,4.66666666667,0.213333333333,0.157894736842,2,0.0121212121212,0.196296296296,11,11,11,1,0,0.0909090909091,0.636363636364,0.272727272727,-3,-0.0272727272727,0.294995408632,-0.545454545455,-0.3,-0.375,-0.468512129772,-0.0695850707802,-0.0689839572193,-0.347548883978,-0.111544284527,-0.0689839572193,-0.43245264916,-0.0915272751104,-0.044385026738,0.384005979269,0.0843404698815,1.12121212121,0.294995408632,0.384005979269,1.12121212121,-0.285714285714,-0.242105263158,-6,-0.0363636363636,-0.0592592592593,0,0,0,16,1,4,89,0.8,0.988888888889,0.0111111111111,0.2,0.941176470588,0.8,0.864864864865,0.841755876268,0.788888888889,0.761904761905,4,7,0,0,0,0
2422,WLNM_dir_neg,0.887755102041,0.72264957265,00:00:01,10,60,20,1176529769,threshold_sweep,0.1,1,0.714285714286,0.833333333333,5,0,2,14,0.714285714286,1,0,0.285714285714,1,0.714285714286,0.833333333333,0.904761904762,0.587301587302,0.769230769231,0.790569415042,0.714285714286,20,13,7,0,20,0,13,0,7,11,20,0.181818181818,3.04338842975,3.63636363636,2,2.5,1.68954001271,0.464623503495,0.245454545455,1.16774841624,0.642261628933,0.336363636364,1.94000937205,1.06700515463,0.536363636364,1.05689877454,0.347276990411,3.54545454545,3.04338842975,1.05689877454,3.54545454545,0.499047619048,0.4,8,0.0484848484848,0.255555555556,11,11,11,1,0,0.0909090909091,0.636363636364,0.272727272727,11,0.118181818182,3.72727272727,2.36363636364,1.3,1.625,1.43336856898,0.6064251638,0.286713286713,0.603022689156,0.510249967747,0.237762237762,1.40129809949,1.18571377649,0.503496503497,2.05382127221,0.551025219373,7,3.72727272727,2.05382127221,7,0,0,0,0,0.22962962963,11,11,11,1,0,0.0909090909091,0.636363636364,0.272727272727,11,18,0.163636363636,3.11363636364,3.27272727273,1.8,2.25,1.42062726223,0.434080552347,0.227272727273,0.924416277737,0.564921058617,0.292929292929,1.68954001271,1.03249667443,0.525252525253,1.14353419474,0.367266456706,3.875,3.11363636364,1.14353419474,3.875,0.366666666667,0.266666666667,4,0.0242424242424,0.221111111111,11,11,11,1,0,0.0909090909091,0.636363636364,0.272727272727,-2,-0.0181818181818,0.0702479338843,-0.363636363636,-0.2,-0.25,-0.268912750482,-0.030542951148,-0.0181818181818,-0.243332138505,-0.0773405703161,-0.0434343434343,-0.250469359339,-0.0345084801933,-0.0111111111111,0.0866354202056,0.0199894662943,0.329545454545,0.0702479338843,0.0866354202056,0.329545454545,-0.132380952381,-0.133333333333,-4,-0.0242424242424,-0.0344444444444,0,0,0,18,0,2,90,0.9,1,0,0.1,1,0.9,0.947368421053,0.938314863257,0.9,0.9,5,7,0,0,0,0
2423,WLNM_dir_neg,0.887755102041,0.72264957265,00:00:01,10,60,20,1176529769,threshold_sweep,0.2,1,0.571428571429,0.727272727273,4,0,3,14,0.571428571429,1,0,0.428571428571,1,0.571428571429,0.727272727273,0.857142857143,0.603174603175,0.64,0.68599434057,0.571428571429,20,13,7,0,20,0,13,0,7,11,20,0.181818181818,3.04338842975,3.63636363636,2,2.5,1.68954001271,0.464623503495,0.245454545455,1.16774841624,0.642261628933,0.336363636364,1.94000937205,1.06700515463,0.536363636364,1.05689877454,0.347276990411,3.54545454545,3.04338842975,1.05689877454,3.54545454545,0.499047619048,0.4,8,0.0484848484848,0.255555555556,11,11,11,1,0,0.0909090909091,0.636363636364,0.272727272727,11,0.118181818182,3.72727272727,2.36363636364,1.3,1.625,1.43336856898,0.6064251638,0.286713286713,0.603022689156,0.510249967747,0.237762237762,1.40129809949,1.18571377649,0.503496503497,2.05382127221,0.551025219373,7,3.72727272727,2.05382127221,7,0,0,0,0,0.22962962963,11,11,11,1,0,0.0909090909091,0.636363636364,0.272727272727,11,17,0.154545454545,3.17727272727,3.09090909091,1.7,2.125,1.30034960334,0.420701342257,0.208556149733,0.820199532265,0.530717344407,0.267379679144,1.57249078621,1.01749403814,0.513368983957,1.2536673475,0.394573414091,4.4,3.17727272727,1.2536673475,4.4,0.213333333333,0.153846153846,2,0.0121212121212,0.205555555556,11,11,11,1,0,0.0909090909091,0.636363636364,0.272727272727,-3,-0.0272727272727,0.133884297521,-0.545454545455,-0.3,-0.375,-0.389190409368,-0.0439221612377,-0.0368983957219,-0.347548883978,-0.111544284527,-0.0689839572193,-0.367518585835,-0.0495111164884,-0.0229946524064,0.196768572961,0.0472964236795,0.854545454545,0.133884297521,0.196768572961,0.854545454545,-0.285714285714,-0.246153846154,-6,-0.0363636363636,-0.05,0,0,0,17,0,3,90,0.85,1,0,0.15,1,0.85,0.918918918919,0.906962317388,0.85,0.85,4,7,0,0,0,0
2424,WLNM_dir_neg,0.887755102041,0.72264957265,00:00:01,10,60,20,1176529769,threshold_sweep,0.3,1,0.571428571429,0.727272727273,4,0,3,14,0.571428571429,1,0,0.428571428571,1,0.571428571429,0.727272727273,0.857142857143,0.603174603175,0.64,0.68599434057,0.571428571429,20,13,7,0,20,0,13,0,7,11,20,0.181818181818,3.04338842975,3.63636363636,2,2.5,1.68954001271,0.464623503495,0.245454545455,1.16774841624,0.642261628933,0.336363636364,1.94000937205,1.06700515463,0.536363636364,1.05689877454,0.347276990411,3.54545454545,3.04338842975,1.05689877454,3.54545454545,0.499047619048,0.4,8,0.0484848484848,0.255555555556,11,11,11,1,0,0.0909090909091,0.636363636364,0.272727272727,11,0.118181818182,3.72727272727,2.36363636364,1.3,1.625,1.43336856898,0.6064251638,0.286713286713,0.603022689156,0.510249967747,0.237762237762,1.40129809949,1.18571377649,0.503496503497,2.05382127221,0.551025219373,7,3.72727272727,2.05382127221,7,0,0,0,0,0.22962962963,11,11,11,1,0,0.0909090909091,0.636363636364,0.272727272727,11,17,0.154545454545,3.17727272727,3.09090909091,1.7,2.125,1.30034960334,0.420701342257,0.208556149733,0.820199532265,0.530717344407,0.267379679144,1.57249078621,1.01749403814,0.513368983957,1.2536673475,0.394573414091,4.4,3.17727272727,1.2536673475,4.4,0.213333333333,0.153846153846,2,0.0121212121212,0.205555555556,11,11,11,1,0,0.0909090909091,0.636363636364,0.272727272727,-3,-0.0272727272727,0.133884297521,-0.545454545455,-0.3,-0.375,-0.389190409368,-0.0439221612377,-0.0368983957219,-0.347548883978,-0.111544284527,-0.0689839572193,-0.367518585835,-0.0495111164884,-0.0229946524064,0.196768572961,0.0472964236795,0.854545454545,0.133884297521,0.196768572961,0.854545454545,-0.285714285714,-0.246153846154,-6,-0.0363636363636,-0.05,0,0,0,17,0,3,90,0.85,1,0,0.15,1,0.85,0.918918918919,0.906962317388,0.85,0.85,4,7,0,0,0,0
2425,WLNM_dir_neg,0.887755102041,0.72264957265,00:00:01,10,60,20,1176529769,threshold_sweep,0.4,1,0.571428571429,0.727272727273,4,0,3,14,0.571428571429,1,0,0.428571428571,1,0.571428571429,0.727272727273,0.857142857143,0.603174603175,0.64,0.68599434057,0.571428571429,20,13,7,0,20,0,13,0,7,11,20,0.181818181818,3.04338842975,3.63636363636,2,2.5,1.68954001271,0.464623503495,0.245454545455,1.16774841624,0.642261628933,0.336363636364,1.94000937205,1.06700515463,0.536363636364,1.05689877454,0.347276990411,3.54545454545,3.04338842975,1.05689877454,3.54545454545,0.499047619048,0.4,8,0.0484848484848,0.255555555556,11,11,11,1,0,0.0909090909091,0.636363636364,0.272727272727,11,0.118181818182,3.72727272727,2.36363636364,1.3,1.625,1.43336856898,0.6064251638,0.286713286713,0.603022689156,0.510249967747,0.237762237762,1.40129809949,1.18571377649,0.503496503497,2.05382127221,0.551025219373,7,3.72727272727,2.05382127221,7,0,0,0,0,0.22962962963,11,11,11,1,0,0.0909090909091,0.636363636364,0.272727272727,11,17,0.154545454545,3.17727272727,3.09090909091,1.7,2.125,1.30034960334,0.420701342257,0.208556149733,0.820199532265,0.530717344407,0.267379679144,1.57249078621,1.01749403814,0.513368983957,1.2536673475,0.394573414091,4.4,3.17727272727,1.2536673475,4.4,0.213333333333,0.153846153846,2,0.0121212121212,0.205555555556,11,11,11,1,0,0.0909090909091,0.636363636364,0.272727272727,-3,-0.0272727272727,0.133884297521,-0.545454545455,-0.3,-0.375,-0.389190409368,-0.0439221612377,-0.0368983957219,-0.347548883978,-0.111544284527,-0.0689839572193,-0.367518585835,-0.0495111164884,-0.0229946524064,0.196768572961,0.0472964236795,0.854545454545,0.133884297521,0.196768572961,0.854545454545,-0.285714285714,-0.246153846154,-6,-0.0363636363636,-0.05,0,0,0,17,0,3,90,0.85,1,0,0.15,1,0.85,0.918918918919,0.906962317388,0.85,0.85,4,7,0,0,0,0
2426,WLNM_dir_neg,0.887755102041,0.72264957265,00:00:01,10,60,20,1176529769,threshold_sweep,0.5,1,0.571428571429,0.727272727273,4,0,3,14,0.571428571429,1,0,0.428571428571,1,0.571428571429,0.727272727273,0.857142857143,0.603174603175,0.64,0.68599434057,0.571428571429,20,13,7,0,20,0,13,0,7,11,20,0.181818181818,3.04338842975,3.63636363636,2,2.5,1.68954001271,0.464623503495,0.245454545455,1.16774841624,0.642261628933,0.336363636364,1.94000937205,1.06700515463,0.536363636364,1.05689877454,0.347276990411,3.54545454545,3.04338842975,1.05689877454,3.54545454545,0.499047619048,0.4,8,0.0484848484848,0.255555555556,11,11,11,1,0,0.0909090909091,0.636363636364,0.272727272727,11,0.118181818182,3.72727272727,2.36363636364,1.3,1.625,1.43336856898,0.6064251638,0.286713286713,0.603022689156,0.510249967747,0.237762237762,1.40129809949,1.18571377649,0.503496503497,2.05382127221,0.551025219373,7,3.72727272727,2.05382127221,7,0,0,0,0,0.22962962963,11,11,11,1,0,0.0909090909091,0.636363636364,0.272727272727,11,17,0.154545454545,3.17727272727,3.09090909091,1.7,2.125,1.30034960334,0.420701342257,0.208556149733,0.820199532265,0.530717344407,0.267379679144,1.57249078621,1.01749403814,0.513368983957,1.2536673475,0.394573414091,4.4,3.17727272727,1.2536673475,4.4,0.213333333333,0.153846153846,2,0.0121212121212,0.205555555556,11,11,11,1,0,0.0909090909091,0.636363636364,0.272727272727,-3,-0.0272727272727,0.133884297521,-0.545454545455,-0.3,-0.375,-0.389190409368,-0.0439221612377,-0.0368983957219,-0.347548883978,-0.111544284527,-0.0689839572193,-0.367518585835,-0.0495111164884,-0.0229946524064,0.196768572961,0.0472964236795,0.854545454545,0.133884297521,0.196768572961,0.854545454545,-0.285714285714,-0.246153846154,-6,-0.0363636363636,-0.05,0,0,0,17,0,3,90,0.85,1,0,0.15,1,0.85,0.918918918919,0.906962317388,0.85,0.85,4,7,0,0,0,0
2427,WLNM_dir_neg,0.887755102041,0.72264957265,00:00:01,10,60,20,1176529769,threshold_sweep,0.6,1,0.571428571429,0.727272727273,4,0,3,14,0.571428571429,1,0,0.428571428571,1,0.571428571429,0.727272727273,0.857142857143,0.603174603175,0.64,0.68599434057,0.571428571429,20,13,7,0,20,0,13,0,7,11,20,0.181818181818,3.04338842975,3.63636363636,2,2.5,1.68954001271,0.464623503495,0.245454545455,1.16774841624,0.642261628933,0.336363636364,1.94000937205,1.06700515463,0.536363636364,1.05689877454,0.347276990411,3.54545454545,3.04338842975,1.05689877454,3.54545454545,0.499047619048,0.4,8,0.0484848484848,0.255555555556,11,11,11,1,0,0.0909090909091,0.636363636364,0.272727272727,11,0.118181818182,3.72727272727,2.36363636364,1.3,1.625,1.43336856898,0.6064251638,0.286713286713,0.603022689156,0.510249967747,0.237762237762,1.40129809949,1.18571377649,0.503496503497,2.05382127221,0.551025219373,7,3.72727272727,2.05382127221,7,0,0,0,0,0.22962962963,11,11,11,1,0,0.0909090909091,0.636363636364,0.272727272727,11,17,0.154545454545,3.17727272727,3.09090909091,1.7,2.125,1.30034960334,0.420701342257,0.208556149733,0.820199532265,0.530717344407,0.267379679144,1.57249078621,1.01749403814,0.513368983957,1.2536673475,0.394573414091,4.4,3.17727272727,1.2536673475,4.4,0.213333333333,0.153846153846,2,0.0121212121212,0.205555555556,11,11,11,1,0,0.0909090909091,0.636363636364,0.272727272727,-3,-0.0272727272727,0.133884297521,-0.545454545455,-0.3,-0.375,-0.389190409368,-0.0439221612377,-0.0368983957219,-0.347548883978,-0.111544284527,-0.0689839572193,-0.367518585835,-0.0495111164884,-0.0229946524064,0.196768572961,0.0472964236795,0.854545454545,0.133884297521,0.196768572961,0.854545454545,-0.285714285714,-0.246153846154,-6,-0.0363636363636,-0.05,0,0,0,17,0,3,90,0.85,1,0,0.15,1,0.85,0.918918918919,0.906962317388,0.85,0.85,4,7,0,0,0,0
2428,WLNM_dir_neg,0.887755102041,0.72264957265,00:00:01,10,60,20,1176529769,threshold_sweep,0.7,1,0.571428571429,0.727272727273,4,0,3,14,0.571428571429,1,0,0.428571428571,1,0.571428571429,0.727272727273,0.857142857143,0.603174603175,0.64,0.68599434057,0.571428571429,20,13,7,0,20,0,13,0,7,11,20,0.181818181818,3.04338842975,3.63636363636,2,2.5,1.68954001271,0.464623503495,0.245454545455,1.16774841624,0.642261628933,0.336363636364,1.94000937205,1.06700515463,0.536363636364,1.05689877454,0.347276990411,3.54545454545,3.04338842975,1.05689877454,3.54545454545,0.499047619048,0.4,8,0.0484848484848,0.255555555556,11,11,11,1,0,0.0909090909091,0.636363636364,0.272727272727,11,0.118181818182,3.72727272727,2.36363636364,1.3,1.625,1.43336856898,0.6064251638,0.286713286713,0.603022689156,0.510249967747,0.237762237762,1.40129809949,1.18571377649,0.503496503497,2.05382127221,0.551025219373,7,3.72727272727,2.05382127221,7,0,0,0,0,0.22962962963,11,11,11,1,0,0.0909090909091,0.636363636364,0.272727272727,11,17,0.154545454545,3.17727272727,3.09090909091,1.7,2.125,1.30034960334,0.420701342257,0.208556149733,0.820199532265,0.530717344407,0.267379679144,1.57249078621,1.01749403814,0.513368983957,1.2536673475,0.394573414091,4.4,3.17727272727,1.2536673475,4.4,0.213333333333,0.153846153846,2,0.0121212121212,0.205555555556,11,11,11,1,0,0.0909090909091,0.636363636364,0.272727272727,-3,-0.0272727272727,0.133884297521,-0.545454545455,-0.3,-0.375,-0.389190409368,-0.0439221612377,-0.0368983957219,-0.347548883978,-0.111544284527,-0.0689839572193,-0.367518585835,-0.0495111164884,-0.0229946524064,0.196768572961,0.0472964236795,0.854545454545,0.133884297521,0.196768572961,0.854545454545,-0.285714285714,-0.246153846154,-6,-0.0363636363636,-0.05,0,0,0,17,0,3,90,0.85,1,0,0.15,1,0.85,0.918918918919,0.906962317388,0.85,0.85,4,7,0,0,0,0
2429,WLNM_dir_neg,0.887755102041,0.72264957265,00:00:01,10,60,20,1176529769,threshold_sweep,0.8,1,0.428571428571,0.6,3,0,4,14,0.428571428571,1,0,0.571428571429,1,0.428571428571,0.6,0.809523809524,0.619047619048,0.5,0.57735026919,0.428571428571,20,13,7,0,20,0,13,0,7,11,20,0.181818181818,3.04338842975,3.63636363636,2,2.5,1.68954001271,0.464623503495,0.245454545455,1.16774841624,0.642261628933,0.336363636364,1.94000937205,1.06700515463,0.536363636364,1.05689877454,0.347276990411,3.54545454545,3.04338842975,1.05689877454,3.54545454545,0.499047619048,0.4,8,0.0484848484848,0.255555555556,11,11,11,1,0,0.0909090909091,0.636363636364,0.272727272727,11,0.118181818182,3.72727272727,2.36363636364,1.3,1.625,1.43336856898,0.6064251638,0.286713286713,0.603022689156,0.510249967747,0.237762237762,1.40129809949,1.18571377649,0.503496503497,2.05382127221,0.551025219373,7,3.72727272727,2.05382127221,7,0,0,0,0,0.22962962963,11,11,11,1,0,0.0909090909091,0.636363636364,0.272727272727,11,16,0.145454545455,3.25,2.90909090909,1.6,2,1.30034960334,0.446995176148,0.215909090909,0.687551650952,0.47269176003,0.227272727273,1.57249078621,1.08108741552,0.522727272727,1.3758835545,0.423348786001,4.66666666667,3.25,1.3758835545,4.66666666667,0.213333333333,0.171428571429,2,0.0121212121212,0.2,11,11,11,1,0,0.0909090909091,0.636363636364,0.272727272727,-4,-0.0363636363636,0.206611570248,-0.727272727273,-0.4,-0.5,-0.389190409368,-0.0176283273466,-0.0295454545455,-0.48019676529,-0.169569868904,-0.109090909091,-0.367518585835,0.0140822608953,-0.0136363636364,0.318984779967,0.07607179559,1.12121212121,0.206611570248,0.318984779967,1.12121212121,-0.285714285714,-0.228571428571,-6,-0.0363636363636,-0.0555555555556,0,0,0,16,0,4,90,0.8,1,0,0.2,1,0.8,0.888888888889,0.875189948987,0.8,0.8,3,7,0,0,0,0
2430,WLNM_dir_neg,0.887755102041,0.72264957265,00:00:01,10,60,20,1176529769,threshold_sweep,0.9,1,0.428571428571,0.6,3,0,4,14,0.428571428571,1,0,0.571428571429,1,0.428571428571,0.6,0.809523809524,0.619047619048,0.5,0.57735026919,0.428571428571,20,13,7,0,20,0,13,0,7,11,20,0.181818181818,3.04338842975,3.63636363636,2,2.5,1.68954001271,0.464623503495,0.245454545455,1.16774841624,0.642261628933,0.336363636364,1.94000937205,1.06700515463,0.536363636364,1.05689877454,0.347276990411,3.54545454545,3.04338842975,1.05689877454,3.54545454545,0.499047619048,0.4,8,0.0484848484848,0.255555555556,11,11,11,1,0,0.0909090909091,0.636363636364,0.272727272727,11,0.118181818182,3.72727272727,2.36363636364,1.3,1.625,1.43336856898,0.6064251638,0.286713286713,0.603022689156,0.510249967747,0.237762237762,1.40129809949,1.18571377649,0.503496503497,2.05382127221,0.551025219373,7,3.72727272727,2.05382127221,7,0,0,0,0,0.22962962963,11,11,11,1,0,0.0909090909091,0.636363636364,0.272727272727,11,16,0.145454545455,3.25,2.90909090909,1.6,2,1.30034960334,0.446995176148,0.215909090909,0.687551650952,0.47269176003,0.227272727273,1.57249078621,1.08108741552,0.522727272727,1.3758835545,0.423348786001,4.66666666667,3.25,1.3758835545,4.66666666667,0.213333333333,0.171428571429,2,0.0121212121212,0.2,11,11,11,1,0,0.0909090909091,0.636363636364,0.272727272727,-4,-0.0363636363636,0.206611570248,-0.727272727273,-0.4,-0.5,-0.389190409368,-0.0176283273466,-0.0295454545455,-0.48019676529,-0.169569868904,-0.109090909091,-0.367518585835,0.0140822608953,-0.0136363636364,0.318984779967,0.07607179559,1.12121212121,0.206611570248,0.318984779967,1.12121212121,-0.285714285714,-0.228571428571,-6,-0.0363636363636,-0.0555555555556,0,0,0,16,0,4,90,0.8,1,0,0.2,1,0.8,0.888888888889,0.875189948987,0.8,0.8,3,7,0,0,0,0
2431,WLNM_dir_neg,0.887755102041,0.577422577423,00:00:01,10,60,21,1176529770,threshold_sweep,0.1,1,0.571428571429,0.727272727273,4,0,3,14,0.571428571429,1,0,0.428571428571,1,0.571428571429,0.727272727273,0.857142857143,0.603174603175,0.64,0.68599434057,0.571428571429,20,13,7,0,20,0,13,0,7,11,20,0.181818181818,3.04338842975,3.63636363636,2,2.5,1.68954001271,0.464623503495,0.245454545455,1.16774841624,0.642261628933,0.336363636364,1.94000937205,1.06700515463,0.536363636364,1.05689877454,0.347276990411,3.54545454545,3.04338842975,1.05689877454,3.54545454545,0.499047619048,0.4,8,0.0484848484848,0.255555555556,11,11,11,1,0,0.0909090909091,0.636363636364,0.272727272727,11,0.118181818182,3.72727272727,2.36363636364,1.3,1.625,1.43336856898,0.6064251638,0.286713286713,0.603022689156,0.510249967747,0.237762237762,1.40129809949,1.18571377649,0.503496503497,2.05382127221,0.551025219373,7,3.72727272727,2.05382127221,7,0,0,0,0,0.22962962963,11,11,11,1,0,0.0909090909091,0.636363636364,0.272727272727,11,17,0.154545454545,3.17727272727,3.09090909091,1.7,2.125,1.30034960334,0.420701342257,0.208556149733,0.820199532265,0.530717344407,0.267379679144,1.57249078621,1.01749403814,0.513368983957,1.2536673475,0.394573414091,4.4,3.17727272727,1.2536673475,4.4,0.213333333333,0.153846153846,2,0.0121212121212,0.205555555556,11,11,11,1,0,0.0909090909091,0.636363636364,0.272727272727,-3,-0.0272727272727,0.133884297521,-0.545454545455,-0.3,-0.375,-0.389190409368,-0.0439221612377,-0.0368983957219,-0.347548883978,-0.111544284527,-0.0689839572193,-0.367518585835,-0.0495111164884,-0.0229946524064,0.196768572961,0.0472964236795,0.854545454545,0.133884297521,0.196768572961,0.854545454545,-0.285714285714,-0.246153846154,-6,-0.0363636363636,-0.05,0,0,0,17,0,3,90,0.85,1,0,0.15,1,0.85,0.918918918919,0.906962317388,0.85,0.85,4,7,0,0,0,0
2432,WLNM_dir_neg,0.887755102041,0.577422577423,00:00:01,10,60,21,1176529770,threshold_sweep,0.2,1,0.571428571429,0.727272727273,4,0,3,14,0.571428571429,1,0,0.428571428571,1,0.571428571429,0.727272727273,0.857142857143,0.603174603175,0.64,0.68599434057,0.571428571429,20,13,7,0,20,0,13,0,7,11,20,0.181818181818,3.04338842975,3.63636363636,2,2.5,1.68954001271,0.464623503495,0.245454545455,1.16774841624,0.642261628933,0.336363636364,1.94000937205,1.06700515463,0.536363636364,1.05689877454,0.347276990411,3.54545454545,3.04338842975,1.05689877454,3.54545454545,0.499047619048,0.4,8,0.0484848484848,0.255555555556,11,11,11,1,0,0.0909090909091,0.636363636364,0.272727272727,11,0.118181818182,3.72727272727,2.36363636364,1.3,1.625,1.43336856898,0.6064251638,0.286713286713,0.603022689156,0.510249967747,0.237762237762,1.40129809949,1.18571377649,0.503496503497,2.05382127221,0.551025219373,7,3.72727272727,2.05382127221,7,0,0,0,0,0.22962962963,11,11,11,1,0,0.0909090909091,0.636363636364,0.272727272727,11,17,0.154545454545,3.17727272727,3.09090909091,1.7,2.125,1.30034960334,0.420701342257,0.208556149733,0.820199532265,0.530717344407,0.267379679144,1.57249078621,1.01749403814,0.513368983957,1.2536673475,0.394573414091,4.4,3.17727272727,1.2536673475,4.4,0.213333333333,0.153846153846,2,0.0121212121212,0.205555555556,11,11,11,1,0,0.0909090909091,0.636363636364,0.272727272727,-3,-0.0272727272727,0.133884297521,-0.545454545455,-0.3,-0.375,-0.389190409368,-0.0439221612377,-0.0368983957219,-0.347548883978,-0.111544284527,-0.0689839572193,-0.367518585835,-0.0495111164884,-0.0229946524064,0.196768572961,0.0472964236795,0.854545454545,0.133884297521,0.196768572961,0.854545454545,-0.285714285714,-0.246153846154,-6,-0.0363636363636,-0.05,0,0,0,17,0,3,90,0.85,1,0,0.15,1,0.85,0.918918918919,0.906962317388,0.85,0.85,4,7,0,0,0,0
2433,WLNM_dir_neg,0.887755102041,0.577422577423,00:00:01,10,60,21,1176529770,threshold_sweep,0.3,1,0.571428571429,0.727272727273,4,0,3,14,0.571428571429,1,0,0.428571428571,1,0.571428571429,0.727272727273,0.857142857143,0.603174603175,0.64,0.68599434057,0.571428571429,20,13,7,0,20,0,13,0,7,11,20,0.181818181818,3.04338842975,3.63636363636,2,2.5,1.68954001271,0.464623503495,0.245454545455,1.16774841624,0.642261628933,0.336363636364,1.94000937205,1.06700515463,0.536363636364,1.05689877454,0.347276990411,3.54545454545,3.04338842975,1.05689877454,3.54545454545,0.499047619048,0.4,8,0.0484848484848,0.255555555556,11,11,11,1,0,0.0909090909091,0.636363636364,0.272727272727,11,0.118181818182,3.72727272727,2.36363636364,1.3,1.625,1.43336856898,0.6064251638,0.286713286713,0.603022689156,0.510249967747,0.237762237762,1.40129809949,1.18571377649,0.503496503497,2.05382127221,0.551025219373,7,3.72727272727,2.05382127221,7,0,0,0,0,0.22962962963,11,11,11,1,0,0.0909090909091,0.636363636364,0.272727272727,11,17,0.154545454545,3.17727272727,3.09090909091,1.7,2.125,1.30034960334,0.420701342257,0.208556149733,0.820199532265,0.530717344407,0.267379679144,1.57249078621,1.01749403814,0.513368983957,1.2536673475,0.394573414091,4.4,3.17727272727,1.2536673475,4.4,0.213333333333,0.153846153846,2,0.0121212121212,0.205555555556,11,11,11,1,0,0.0909090909091,0.636363636364,0.272727272727,-3,-0.0272727272727,0.133884297521,-0.545454545455,-0.3,-0.375,-0.389190409368,-0.0439221612377,-0.0368983957219,-0.347548883978,-0.111544284527,-0.0689839572193,-0.367518585835,-0.0495111164884,-0.0229946524064,0.196768572961,0.0472964236795,0.854545454545,0.133884297521,0.196768572961,0.854545454545,-0.285714285714,-0.246153846154,-6,-0.0363636363636,-0.05,0,0,0,17,0,3,90,0.85,1,0,0.15,1,0.85,0.918918918919,0.906962317388,0.85,0.85,4,7,0,0,0,0
2434,WLNM_dir_neg,0.887755102041,0.577422577423,00:00:01,10,60,21,1176529770,threshold_sweep,0.4,1,0.571428571429,0.727272727273,4,0,3,14,0.571428571429,1,0,0.428571428571,1,0.571428571429,0.727272727273,0.857142857143,0.603174603175,0.64,0.68599434057,0.571428571429,20,13,7,0,20,0,13,0,7,11,20,0.181818181818,3.04338842975,3.63636363636,2,2.5,1.68954001271,0.464623503495,0.245454545455,1.16774841624,0.642261628933,0.336363636364,1.94000937205,1.06700515463,0.536363636364,1.05689877454,0.347276990411,3.54545454545,3.04338842975,1.05689877454,3.54545454545,0.499047619048,0.4,8,0.0484848484848,0.255555555556,11,11,11,1,0,0.0909090909091,0.636363636364,0.272727272727,11,0.118181818182,3.72727272727,2.36363636364,1.3,1.625,1.43336856898,0.6064251638,0.286713286713,0.603022689156,0.510249967747,0.237762237762,1.40129809949,1.18571377649,0.503496503497,2.05382127221,0.551025219373,7,3.72727272727,2.05382127221,7,0,0,0,0,0.22962962963,11,11,11,1,0,0.0909090909091,0.636363636364,0.272727272727,11,17,0.154545454545,3.17727272727,3.09090909091,1.7,2.125,1.30034960334,0.420701342257,0.208556149733,0.820199532265,0.530717344407,0.267379679144,1.57249078621,1.01749403814,0.513368983957,1.2536673475,0.394573414091,4.4,3.17727272727,1.2536673475,4.4,0.213333333333,0.153846153846,2,0.0121212121212,0.205555555556,11,11,11,1,0,0.0909090909091,0.636363636364,0.272727272727,-3,-0.0272727272727,0.133884297521,-0.545454545455,-0.3,-0.375,-0.389190409368,-0.0439221612377,-0.0368983957219,-0.347548883978,-0.111544284527,-0.0689839572193,-0.367518585835,-0.0495111164884,-0.0229946524064,0.196768572961,0.0472964236795,0.854545454545,0.133884297521,0.196768572961,0.854545454545,-0.285714285714,-0.246153846154,-6,-0.0363636363636,-0.05,0,0,0,17,0,3,90,0.85,1,0,0.15,1,0.85,0.918918918919,0.906962317388,0.85,0.85,4,7,0,0,0,0
2435,WLNM_dir_neg,0.887755102041,0.577422577423,00:00:01,10,60,21,1176529770,threshold_sweep,0.5,1,0.571428571429,0.727272727273,4,0,3,14,0.571428571429,1,0,0.428571428571,1,0.571428571429,0.727272727273,0.857142857143,0.603174603175,0.64,0.68599434057,0.571428571429,20,13,7,0,20,0,13,0,7,11,20,0.181818181818,3.04338842975,3.63636363636,2,2.5,1.68954001271,0.464623503495,0.245454545455,1.16774841624,0.642261628933,0.336363636364,1.94000937205,1.06700515463,0.536363636364,1.05689877454,0.347276990411,3.54545454545,3.04338842975,1.05689877454,3.54545454545,0.499047619048,0.4,8,0.0484848484848,0.255555555556,11,11,11,1,0,0.0909090909091,0.636363636364,0.272727272727,11,0.118181818182,3.72727272727,2.36363636364,1.3,1.625,1.43336856898,0.6064251638,0.286713286713,0.603022689156,0.510249967747,0.237762237762,1.40129809949,1.18571377649,0.503496503497,2.05382127221,0.551025219373,7,3.72727272727,2.05382127221,7,0,0,0,0,0.22962962963,11,11,11,1,0,0.0909090909091,0.636363636364,0.272727272727,11,17,0.154545454545,3.17727272727,3.09090909091,1.7,2.125,1.30034960334,0.420701342257,0.208556149733,0.820199532265,0.530717344407,0.267379679144,1.57249078621,1.01749403814,0.513368983957,1.2536673475,0.394573414091,4.4,3.17727272727,1.2536673475,4.4,0.213333333333,0.153846153846,2,0.0121212121212,0.205555555556,11,11,11,1,0,0.0909090909091,0.636363636364,0.272727272727,-3,-0.0272727272727,0.133884297521,-0.545454545455,-0.3,-0.375,-0.389190409368,-0.0439221612377,-0.0368983957219,-0.347548883978,-0.111544284527,-0.0689839572193,-0.367518585835,-0.0495111164884,-0.0229946524064,0.196768572961,0.0472964236795,0.854545454545,0.133884297521,0.196768572961,0.854545454545,-0.285714285714,-0.246153846154,-6,-0.0363636363636,-0.05,0,0,0,17,0,3,90,0.85,1,0,0.15,1,0.85,0.918918918919,0.906962317388,0.85,0.85,4,7,0,0,0,0
2436,WLNM_dir_neg,0.887755102041,0.577422577423,00:00:01,10,60,21,1176529770,threshold_sweep,0.6,1,0.571428571429,0.727272727273,4,0,3,14,0.571428571429,1,0,0.428571428571,1,0.571428571429,0.727272727273,0.857142857143,0.603174603175,0.64,0.68599434057,0.571428571429,20,13,7,0,20,0,13,0,7,11,20,0.181818181818,3.04338842975,3.63636363636,2,2.5,1.68954001271,0.464623503495,0.245454545455,1.16774841624,0.642261628933,0.336363636364,1.94000937205,1.06700515463,0.536363636364,1.05689877454,0.347276990411,3.54545454545,3.04338842975,1.05689877454,3.54545454545,0.499047619048,0.4,8,0.0484848484848,0.255555555556,11,11,11,1,0,0.0909090909091,0.636363636364,0.272727272727,11,0.118181818182,3.72727272727,2.36363636364,1.3,1.625,1.43336856898,0.6064251638,0.286713286713,0.603022689156,0.510249967747,0.237762237762,1.40129809949,1.18571377649,0.503496503497,2.05382127221,0.551025219373,7,3.72727272727,2.05382127221,7,0,0,0,0,0.22962962963,11,11,11,1,0,0.0909090909091,0.636363636364,0.272727272727,11,17,0.154545454545,3.17727272727,3.09090909091,1.7,2.125,1.30034960334,0.420701342257,0.208556149733,0.820199532265,0.530717344407,0.267379679144,1.57249078621,1.01749403814,0.513368983957,1.2536673475,0.394573414091,4.4,3.17727272727,1.2536673475,4.4,0.213333333333,0.153846153846,2,0.0121212121212,0.205555555556,11,11,11,1,0,0.0909090909091,0.636363636364,0.272727272727,-3,-0.0272727272727,0.133884297521,-0.545454545455,-0.3,-0.375,-0.389190409368,-0.0439221612377,-0.0368983957219,-0.347548883978,-0.111544284527,-0.0689839572193,-0.367518585835,-0.0495111164884,-0.0229946524064,0.196768572961,0.0472964236795,0.854545454545,0.133884297521,0.196768572961,0.854545454545,-0.285714285714,-0.246153846154,-6,-0.0363636363636,-0.05,0,0,0,17,0,3,90,0.85,1,0,0.15,1,0.85,0.918918918919,0.906962317388,0.85,0.85,4,7,0,0,0,0
2437,WLNM_dir_neg,0.887755102041,0.577422577423,00:00:01,10,60,21,1176529770,threshold_sweep,0.7,1,0.571428571429,0.727272727273,4,0,3,14,0.571428571429,1,0,0.428571428571,1,0.571428571429,0.727272727273,0.857142857143,0.603174603175,0.64,0.68599434057,0.571428571429,20,13,7,0,20,0,13,0,7,11,20,0.181818181818,3.04338842975,3.63636363636,2,2.5,1.68954001271,0.464623503495,0.245454545455,1.16774841624,0.642261628933,0.336363636364,1.94000937205,1.06700515463,0.536363636364,1.05689877454,0.347276990411,3.54545454545,3.04338842975,1.05689877454,3.54545454545,0.499047619048,0.4,8,0.0484848484848,0.255555555556,11,11,11,1,0,0.0909090909091,0.636363636364,0.272727272727,11,0.118181818182,3.72727272727,2.36363636364,1.3,1.625,1.43336856898,0.6064251638,0.286713286713,0.603022689156,0.510249967747,0.237762237762,1.40129809949,1.18571377649,0.503496503497,2.05382127221,0.551025219373,7,3.72727272727,2.05382127221,7,0,0,0,0,0.22962962963,11,11,11,1,0,0.0909090909091,0.636363636364,0.272727272727,11,17,0.154545454545,3.17727272727,3.09090909091,1.7,2.125,1.30034960334,0.420701342257,0.208556149733,0.820199532265,0.530717344407,0.267379679144,1.57249078621,1.01749403814,0.513368983957,1.2536673475,0.394573414091,4.4,3.17727272727,1.2536673475,4.4,0.213333333333,0.153846153846,2,0.0121212121212,0.205555555556,11,11,11,1,0,0.0909090909091,0.636363636364,0.272727272727,-3,-0.0272727272727,0.133884297521,-0.545454545455,-0.3,-0.375,-0.389190409368,-0.0439221612377,-0.0368983957219,-0.347548883978,-0.111544284527,-0.0689839572193,-0.367518585835,-0.0495111164884,-0.0229946524064,0.196768572961,0.0472964236795,0.854545454545,0.133884297521,0.196768572961,0.854545454545,-0.285714285714,-0.246153846154,-6,-0.0363636363636,-0.05,0,0,0,17,0,3,90,0.85,1,0,0.15,1,0.85,0.918918918919,0.906962317388,0.85,0.85,4,7,0,0,0,0
2438,WLNM_dir_neg,0.887755102041,0.577422577423,00:00:01,10,60,21,1176529770,threshold_sweep,0.8,1,0.571428571429,0.727272727273,4,0,3,14,0.571428571429,1,0,0.428571428571,1,0.571428571429,0.727272727273,0.857142857143,0.603174603175,0.64,0.68599434057,0.571428571429,20,13,7,0,20,0,13,0,7,11,20,0.181818181818,3.04338842975,3.63636363636,2,2.5,1.68954001271,0.464623503495,0.245454545455,1.16774841624,0.642261628933,0.336363636364,1.94000937205,1.06700515463,0.536363636364,1.05689877454,0.347276990411,3.54545454545,3.04338842975,1.05689877454,3.54545454545,0.499047619048,0.4,8,0.0484848484848,0.255555555556,11,11,11,1,0,0.0909090909091,0.636363636364,0.272727272727,11,0.118181818182,3.72727272727,2.36363636364,1.3,1.625,1.43336856898,0.6064251638,0.286713286713,0.603022689156,0.510249967747,0.237762237762,1.40129809949,1.18571377649,0.503496503497,2.05382127221,0.551025219373,7,3.72727272727,2.05382127221,7,0,0,0,0,0.22962962963,11,11,11,1,0,0.0909090909091,0.636363636364,0.272727272727,11,17,0.154545454545,3.17727272727,3.09090909091,1.7,2.125,1.30034960334,0.420701342257,0.208556149733,0.820199532265,0.530717344407,0.267379679144,1.57249078621,1.01749403814,0.513368983957,1.2536673475,0.394573414091,4.4,3.17727272727,1.2536673475,4.4,0.213333333333,0.153846153846,2,0.0121212121212,0.205555555556,11,11,11,1,0,0.0909090909091,0.636363636364,0.272727272727,-3,-0.0272727272727,0.133884297521,-0.545454545455,-0.3,-0.375,-0.389190409368,-0.0439221612377,-0.0368983957219,-0.347548883978,-0.111544284527,-0.0689839572193,-0.367518585835,-0.0495111164884,-0.0229946524064,0.196768572961,0.0472964236795,0.854545454545,0.133884297521,0.196768572961,0.854545454545,-0.285714285714,-0.246153846154,-6,-0.0363636363636,-0.05,0,0,0,17,0,3,90,0.85,1,0,0.15,1,0.85,0.918918918919,0.906962317388,0.85,0.85,4,7,0,0,0,0
2439,WLNM_dir_neg,0.887755102041,0.577422577423,00:00:01,10,60,21,1176529770,threshold_sweep,0.9,1,0.571428571429,0.727272727273,4,0,3,14,0.571428571429,1,0,0.428571428571,1,0.571428571429,0.727272727273,0.857142857143,0.603174603175,0.64,0.68599434057,0.571428571429,20,13,7,0,20,0,13,0,7,11,20,0.181818181818,3.04338842975,3.63636363636,2,2.5,1.68954001271,0.464623503495,0.245454545455,1.16774841624,0.642261628933,0.336363636364,1.94000937205,1.06700515463,0.536363636364,1.05689877454,0.347276990411,3.54545454545,3.04338842975,1.05689877454,3.54545454545,0.499047619048,0.4,8,0.0484848484848,0.255555555556,11,11,11,1,0,0.0909090909091,0.636363636364,0.272727272727,11,0.118181818182,3.72727272727,2.36363636364,1.3,1.625,1.43336856898,0.6064251638,0.286713286713,0.603022689156,0.510249967747,0.237762237762,1.40129809949,1.18571377649,0.503496503497,2.05382127221,0.551025219373,7,3.72727272727,2.05382127221,7,0,0,0,0,0.22962962963,11,11,11,1,0,0.0909090909091,0.636363636364,0.272727272727,11,17,0.154545454545,3.17727272727,3.09090909091,1.7,2.125,1.30034960334,0.420701342257,0.208556149733,0.820199532265,0.530717344407,0.267379679144,1.57249078621,1.01749403814,0.513368983957,1.2536673475,0.394573414091,4.4,3.17727272727,1.2536673475,4.4,0.213333333333,0.153846153846,2,0.0121212121212,0.205555555556,11,11,11,1,0,0.0909090909091,0.636363636364,0.272727272727,-3,-0.0272727272727,0.133884297521,-0.545454545455,-0.3,-0.375,-0.389190409368,-0.0439221612377,-0.0368983957219,-0.347548883978,-0.111544284527,-0.0689839572193,-0.367518585835,-0.0495111164884,-0.0229946524064,0.196768572961,0.0472964236795,0.854545454545,0.133884297521,0.196768572961,0.854545454545,-0.285714285714,-0.246153846154,-6,-0.0363636363636,-0.05,0,0,0,17,0,3,90,0.85,1,0,0.15,1,0.85,0.918918918919,0.906962317388,0.85,0.85,4,7,0,0,0,0
2440,WLNM_dir_neg,0.877551020408,0.580654761905,00:00:01,10,60,22,1176529771,threshold_sweep,0.1,1,0.714285714286,0.833333333333,5,0,2,14,0.714285714286,1,0,0.285714285714,1,0.714285714286,0.833333333333,0.904761904762,0.587301587302,0.769230769231,0.790569415042,0.714285714286,20,13,7,0,20,0,13,0,7,11,20,0.181818181818,3.04338842975,3.63636363636,2,2.5,1.68954001271,0.464623503495,0.245454545455,1.16774841624,0.642261628933,0.336363636364,1.94000937205,1.06700515463,0.536363636364,1.05689877454,0.347276990411,3.54545454545,3.04338842975,1.05689877454,3.54545454545,0.499047619048,0.4,8,0.0484848484848,0.255555555556,11,11,11,1,0,0.0909090909091,0.636363636364,0.272727272727,11,0.118181818182,3.72727272727,2.36363636364,1.3,1.625,1.43336856898,0.6064251638,0.286713286713,0.603022689156,0.510249967747,0.237762237762,1.40129809949,1.18571377649,0.503496503497,2.05382127221,0.551025219373,7,3.72727272727,2.05382127221,7,0,0,0,0,0.22962962963,11,11,11,1,0,0.0909090909091,0.636363636364,0.272727272727,11,18,0.163636363636,3.11363636364,3.27272727273,1.8,2.25,1.42062726223,0.434080552347,0.227272727273,0.924416277737,0.564921058617,0.292929292929,1.68954001271,1.03249667443,0.525252525253,1.14353419474,0.367266456706,3.875,3.11363636364,1.14353419474,3.875,0.366666666667,0.266666666667,4,0.0242424242424,0.221111111111,11,11,11,1,0,0.0909090909091,0.636363636364,0.272727272727,-2,-0.0181818181818,0.0702479338843,-0.363636363636,-0.2,-0.25,-0.268912750482,-0.030542951148,-0.0181818181818,-0.243332138505,-0.0773405703161,-0.0434343434343,-0.250469359339,-0.0345084801933,-0.0111111111111,0.0866354202056,0.0199894662943,0.329545454545,0.0702479338843,0.0866354202056,0.329545454545,-0.132380952381,-0.133333333333,-4,-0.0242424242424,-0.0344444444444,0,0,0,18,0,2,90,0.9,1,0,0.1,1,0.9,0.947368421053,0.938314863257,0.9,0.9,5,7,0,0,0,0
2441,WLNM_dir_neg,0.877551020408,0.580654761905,00:00:01,10,60,22,1176529771,threshold_sweep,0.2,1,0.714285714286,0.833333333333,5,0,2,14,0.714285714286,1,0,0.285714285714,1,0.714285714286,0.833333333333,0.904761904762,0.587301587302,0.769230769231,0.790569415042,0.714285714286,20,13,7,0,20,0,13,0,7,11,20,0.181818181818,3.04338842975,3.63636363636,2,2.5,1.68954001271,0.464623503495,0.245454545455,1.16774841624,0.642261628933,0.336363636364,1.94000937205,1.06700515463,0.536363636364,1.05689877454,0.347276990411,3.54545454545,3.04338842975,1.05689877454,3.54545454545,0.499047619048,0.4,8,0.0484848484848,0.255555555556,11,11,11,1,0,0.0909090909091,0.636363636364,0.272727272727,11,0.118181818182,3.72727272727,2.36363636364,1.3,1.625,1.43336856898,0.6064251638,0.286713286713,0.603022689156,0.510249967747,0.237762237762,1.40129809949,1.18571377649,0.503496503497,2.05382127221,0.551025219373,7,3.72727272727,2.05382127221,7,0,0,0,0,0.22962962963,11,11,11,1,0,0.0909090909091,0.636363636364,0.272727272727,11,18,0.163636363636,3.11363636364,3.27272727273,1.8,2.25,1.42062726223,0.434080552347,0.227272727273,0.924416277737,0.564921058617,0.292929292929,1.68954001271,1.03249667443,0.525252525253,1.14353419474,0.367266456706,3.875,3.11363636364,1.14353419474,3.875,0.366666666667,0.266666666667,4,0.0242424242424,0.221111111111,11,11,11,1,0,0.0909090909091,0.636363636364,0.272727272727,-2,-0.0181818181818,0.0702479338843,-0.363636363636,-0.2,-0.25,-0.268912750482,-0.030542951148,-0.0181818181818,-0.243332138505,-0.0773405703161,-0.0434343434343,-0.250469359339,-0.0345084801933,-0.0111111111111,0.0866354202056,0.0199894662943,0.329545454545,0.0702479338843,0.0866354202056,0.329545454545,-0.132380952381,-0.133333333333,-4,-0.0242424242424,-0.0344444444444,0,0,0,18,0,2,90,0.9,1,0,0.1,1,0.9,0.947368421053,0.938314863257,0.9,0.9,5,7,0,0,0,0
2442,WLNM_dir_neg,0.877551020408,0.580654761905,00:00:01,10,60,22,1176529771,threshold_sweep,0.3,1,0.714285714286,0.833333333333,5,0,2,14,0.714285714286,1,0,0.285714285714,1,0.714285714286,0.833333333333,0.904761904762,0.587301587302,0.769230769231,0.790569415042,0.714285714286,20,13,7,0,20,0,13,0,7,11,20,0.181818181818,3.04338842975,3.63636363636,2,2.5,1.68954001271,0.464623503495,0.245454545455,1.16774841624,0.642261628933,0.336363636364,1.94000937205,1.06700515463,0.536363636364,1.05689877454,0.347276990411,3.54545454545,3.04338842975,1.05689877454,3.54545454545,0.499047619048,0.4,8,0.0484848484848,0.255555555556,11,11,11,1,0,0.0909090909091,0.636363636364,0.272727272727,11,0.118181818182,3.72727272727,2.36363636364,1.3,1.625,1.43336856898,0.6064251638,0.286713286713,0.603022689156,0.510249967747,0.237762237762,1.40129809949,1.18571377649,0.503496503497,2.05382127221,0.551025219373,7,3.72727272727,2.05382127221,7,0,0,0,0,0.22962962963,11,11,11,1,0,0.0909090909091,0.636363636364,0.272727272727,11,18,0.163636363636,3.11363636364,3.27272727273,1.8,2.25,1.42062726223,0.434080552347,0.227272727273,0.924416277737,0.564921058617,0.292929292929,1.68954001271,1.03249667443,0.525252525253,1.14353419474,0.367266456706,3.875,3.11363636364,1.14353419474,3.875,0.366666666667,0.266666666667,4,0.0242424242424,0.221111111111,11,11,11,1,0,0.0909090909091,0.636363636364,0.272727272727,-2,-0.0181818181818,0.0702479338843,-0.363636363636,-0.2,-0.25,-0.268912750482,-0.030542951148,-0.0181818181818,-0.243332138505,-0.0773405703161,-0.0434343434343,-0.250469359339,-0.0345084801933,-0.0111111111111,0.0866354202056,0.0199894662943,0.329545454545,0.0702479338843,0.0866354202056,0.329545454545,-0.132380952381,-0.133333333333,-4,-0.0242424242424,-0.0344444444444,0,0,0,18,0,2,90,0.9,1,0,0.1,1,0.9,0.947368421053,0.938314863257,0.9,0.9,5,7,0,0,0,0
2443,WLNM_dir_neg,0.877551020408,0.580654761905,00:00:01,10,60,22,1176529771,threshold_sweep,0.4,1,0.714285714286,0.833333333333,5,0,2,14,0.714285714286,1,0,0.285714285714,1,0.714285714286,0.833333333333,0.904761904762,0.587301587302,0.769230769231,0.790569415042,0.714285714286,20,13,7,0,20,0,13,0,7,11,20,0.181818181818,3.04338842975,3.63636363636,2,2.5,1.68954001271,0.464623503495,0.245454545455,1.16774841624,0.642261628933,0.336363636364,1.94000937205,1.06700515463,0.536363636364,1.05689877454,0.347276990411,3.54545454545,3.04338842975,1.05689877454,3.54545454545,0.499047619048,0.4,8,0.0484848484848,0.255555555556,11,11,11,1,0,0.0909090909091,0.636363636364,0.272727272727,11,0.118181818182,3.72727272727,2.36363636364,1.3,1.625,1.43336856898,0.6064251638,0.286713286713,0.603022689156,0.510249967747,0.237762237762,1.40129809949,1.18571377649,0.503496503497,2.05382127221,0.551025219373,7,3.72727272727,2.05382127221,7,0,0,0,0,0.22962962963,11,11,11,1,0,0.0909090909091,0.636363636364,0.272727272727,11,18,0.163636363636,3.11363636364,3.27272727273,1.8,2.25,1.42062726223,0.434080552347,0.227272727273,0.924416277737,0.564921058617,0.292929292929,1.68954001271,1.03249667443,0.525252525253,1.14353419474,0.367266456706,3.875,3.11363636364,1.14353419474,3.875,0.366666666667,0.266666666667,4,0.0242424242424,0.221111111111,11,11,11,1,0,0.0909090909091,0.636363636364,0.272727272727,-2,-0.0181818181818,0.0702479338843,-0.363636363636,-0.2,-0.25,-0.268912750482,-0.030542951148,-0.0181818181818,-0.243332138505,-0.0773405703161,-0.0434343434343,-0.250469359339,-0.0345084801933,-0.0111111111111,0.0866354202056,0.0199894662943,0.329545454545,0.0702479338843,0.0866354202056,0.329545454545,-0.132380952381,-0.133333333333,-4,-0.0242424242424,-0.0344444444444,0,0,0,18,0,2,90,0.9,1,0,0.1,1,0.9,0.947368421053,0.938314863257,0.9,0.9,5,7,0,0,0,0
2444,WLNM_dir_neg,0.877551020408,0.580654761905,00:00:01,10,60,22,1176529771,threshold_sweep,0.5,1,0.714285714286,0.833333333333,5,0,2,14,0.714285714286,1,0,0.285714285714,1,0.714285714286,0.833333333333,0.904761904762,0.587301587302,0.769230769231,0.790569415042,0.714285714286,20,13,7,0,20,0,13,0,7,11,20,0.181818181818,3.04338842975,3.63636363636,2,2.5,1.68954001271,0.464623503495,0.245454545455,1.16774841624,0.642261628933,0.336363636364,1.94000937205,1.06700515463,0.536363636364,1.05689877454,0.347276990411,3.54545454545,3.04338842975,1.05689877454,3.54545454545,0.499047619048,0.4,8,0.0484848484848,0.255555555556,11,11,11,1,0,0.0909090909091,0.636363636364,0.272727272727,11,0.118181818182,3.72727272727,2.36363636364,1.3,1.625,1.43336856898,0.6064251638,0.286713286713,0.603022689156,0.510249967747,0.237762237762,1.40129809949,1.18571377649,0.503496503497,2.05382127221,0.551025219373,7,3.72727272727,2.05382127221,7,0,0,0,0,0.22962962963,11,11,11,1,0,0.0909090909091,0.636363636364,0.272727272727,11,18,0.163636363636,3.11363636364,3.27272727273,1.8,2.25,1.42062726223,0.434080552347,0.227272727273,0.924416277737,0.564921058617,0.292929292929,1.68954001271,1.03249667443,0.525252525253,1.14353419474,0.367266456706,3.875,3.11363636364,1.14353419474,3.875,0.366666666667,0.266666666667,4,0.0242424242424,0.221111111111,11,11,11,1,0,0.0909090909091,0.636363636364,0.272727272727,-2,-0.0181818181818,0.0702479338843,-0.363636363636,-0.2,-0.25,-0.268912750482,-0.030542951148,-0.0181818181818,-0.243332138505,-0.0773405703161,-0.0434343434343,-0.250469359339,-0.0345084801933,-0.0111111111111,0.0866354202056,0.0199894662943,0.329545454545,0.0702479338843,0.0866354202056,0.329545454545,-0.132380952381,-0.133333333333,-4,-0.0242424242424,-0.0344444444444,0,0,0,18,0,2,90,0.9,1,0,0.1,1,0.9,0.947368421053,0.938314863257,0.9,0.9,5,7,0,0,0,0
2445,WLNM_dir_neg,0.877551020408,0.580654761905,00:00:01,10,60,22,1176529771,threshold_sweep,0.6,1,0.714285714286,0.833333333333,5,0,2,14,0.714285714286,1,0,0.285714285714,1,0.714285714286,0.833333333333,0.904761904762,0.587301587302,0.769230769231,0.790569415042,0.714285714286,20,13,7,0,20,0,13,0,7,11,20,0.181818181818,3.04338842975,3.63636363636,2,2.5,1.68954001271,0.464623503495,0.245454545455,1.16774841624,0.642261628933,0.336363636364,1.94000937205,1.06700515463,0.536363636364,1.05689877454,0.347276990411,3.54545454545,3.04338842975,1.05689877454,3.54545454545,0.499047619048,0.4,8,0.0484848484848,0.255555555556,11,11,11,1,0,0.0909090909091,0.636363636364,0.272727272727,11,0.118181818182,3.72727272727,2.36363636364,1.3,1.625,1.43336856898,0.6064251638,0.286713286713,0.603022689156,0.510249967747,0.237762237762,1.40129809949,1.18571377649,0.503496503497,2.05382127221,0.551025219373,7,3.72727272727,2.05382127221,7,0,0,0,0,0.22962962963,11,11,11,1,0,0.0909090909091,0.636363636364,0.272727272727,11,18,0.163636363636,3.11363636364,3.27272727273,1.8,2.25,1.42062726223,0.434080552347,0.227272727273,0.924416277737,0.564921058617,0.292929292929,1.68954001271,1.03249667443,0.525252525253,1.14353419474,0.367266456706,3.875,3.11363636364,1.14353419474,3.875,0.366666666667,0.266666666667,4,0.0242424242424,0.221111111111,11,11,11,1,0,0.0909090909091,0.636363636364,0.272727272727,-2,-0.0181818181818,0.0702479338843,-0.363636363636,-0.2,-0.25,-0.268912750482,-0.030542951148,-0.0181818181818,-0.243332138505,-0.0773405703161,-0.0434343434343,-0.250469359339,-0.0345084801933,-0.0111111111111,0.0866354202056,0.0199894662943,0.329545454545,0.0702479338843,0.0866354202056,0.329545454545,-0.132380952381,-0.133333333333,-4,-0.0242424242424,-0.0344444444444,0,0,0,18,0,2,90,0.9,1,0,0.1,1,0.9,0.947368421053,0.938314863257,0.9,0.9,5,7,0,0,0,0
2446,WLNM_dir_neg,0.877551020408,0.580654761905,00:00:01,10,60,22,1176529771,threshold_sweep,0.7,1,0.714285714286,0.833333333333,5,0,2,14,0.714285714286,1,0,0.285714285714,1,0.714285714286,0.833333333333,0.904761904762,0.587301587302,0.769230769231,0.790569415042,0.714285714286,20,13,7,0,20,0,13,0,7,11,20,0.181818181818,3.04338842975,3.63636363636,2,2.5,1.68954001271,0.464623503495,0.245454545455,1.16774841624,0.642261628933,0.336363636364,1.94000937205,1.06700515463,0.536363636364,1.05689877454,0.347276990411,3.54545454545,3.04338842975,1.05689877454,3.54545454545,0.499047619048,0.4,8,0.0484848484848,0.255555555556,11,11,11,1,0,0.0909090909091,0.636363636364,0.272727272727,11,0.118181818182,3.72727272727,2.36363636364,1.3,1.625,1.43336856898,0.6064251638,0.286713286713,0.603022689156,0.510249967747,0.237762237762,1.40129809949,1.18571377649,0.503496503497,2.05382127221,0.551025219373,7,3.72727272727,2.05382127221,7,0,0,0,0,0.22962962963,11,11,11,1,0,0.0909090909091,0.636363636364,0.272727272727,11,18,0.163636363636,3.11363636364,3.27272727273,1.8,2.25,1.42062726223,0.434080552347,0.227272727273,0.924416277737,0.564921058617,0.292929292929,1.68954001271,1.03249667443,0.525252525253,1.14353419474,0.367266456706,3.875,3.11363636364,1.14353419474,3.875,0.366666666667,0.266666666667,4,0.0242424242424,0.221111111111,11,11,11,1,0,0.0909090909091,0.636363636364,0.272727272727,-2,-0.0181818181818,0.0702479338843,-0.363636363636,-0.2,-0.25,-0.268912750482,-0.030542951148,-0.0181818181818,-0.243332138505,-0.0773405703161,-0.0434343434343,-0.250469359339,-0.0345084801933,-0.0111111111111,0.0866354202056,0.0199894662943,0.329545454545,0.0702479338843,0.0866354202056,0.329545454545,-0.132380952381,-0.133333333333,-4,-0.0242424242424,-0.0344444444444,0,0,0,18,0,2,90,0.9,1,0,0.1,1,0.9,0.947368421053,0.938314863257,0.9,0.9,5,7,0,0,0,0
2447,WLNM_dir_neg,0.877551020408,0.580654761905,00:00:01,10,60,22,1176529771,threshold_sweep,0.8,1,0.714285714286,0.833333333333,5,0,2,14,0.714285714286,1,0,0.285714285714,1,0.714285714286,0.833333333333,0.904761904762,0.587301587302,0.769230769231,0.790569415042,0.714285714286,20,13,7,0,20,0,13,0,7,11,20,0.181818181818,3.04338842975,3.63636363636,2,2.5,1.68954001271,0.464623503495,0.245454545455,1.16774841624,0.642261628933,0.336363636364,1.94000937205,1.06700515463,0.536363636364,1.05689877454,0.347276990411,3.54545454545,3.04338842975,1.05689877454,3.54545454545,0.499047619048,0.4,8,0.0484848484848,0.255555555556,11,11,11,1,0,0.0909090909091,0.636363636364,0.272727272727,11,0.118181818182,3.72727272727,2.36363636364,1.3,1.625,1.43336856898,0.6064251638,0.286713286713,0.603022689156,0.510249967747,0.237762237762,1.40129809949,1.18571377649,0.503496503497,2.05382127221,0.551025219373,7,3.72727272727,2.05382127221,7,0,0,0,0,0.22962962963,11,11,11,1,0,0.0909090909091,0.636363636364,0.272727272727,11,18,0.163636363636,3.11363636364,3.27272727273,1.8,2.25,1.42062726223,0.434080552347,0.227272727273,0.924416277737,0.564921058617,0.292929292929,1.68954001271,1.03249667443,0.525252525253,1.14353419474,0.367266456706,3.875,3.11363636364,1.14353419474,3.875,0.366666666667,0.266666666667,4,0.0242424242424,0.221111111111,11,11,11,1,0,0.0909090909091,0.636363636364,0.272727272727,-2,-0.0181818181818,0.0702479338843,-0.363636363636,-0.2,-0.25,-0.268912750482,-0.030542951148,-0.0181818181818,-0.243332138505,-0.0773405703161,-0.0434343434343,-0.250469359339,-0.0345084801933,-0.0111111111111,0.0866354202056,0.0199894662943,0.329545454545,0.0702479338843,0.0866354202056,0.329545454545,-0.132380952381,-0.133333333333,-4,-0.0242424242424,-0.0344444444444,0,0,0,18,0,2,90,0.9,1,0,0.1,1,0.9,0.947368421053,0.938314863257,0.9,0.9,5,7,0,0,0,0
2448,WLNM_dir_neg,0.877551020408,0.580654761905,00:00:01,10,60,22,1176529771,threshold_sweep,0.9,1,0.571428571429,0.727272727273,4,0,3,14,0.571428571429,1,0,0.428571428571,1,0.571428571429,0.727272727273,0.857142857143,0.603174603175,0.64,0.68599434057,0.571428571429,20,13,7,0,20,0,13,0,7,11,20,0.181818181818,3.04338842975,3.63636363636,2,2.5,1.68954001271,0.464623503495,0.245454545455,1.16774841624,0.642261628933,0.336363636364,1.94000937205,1.06700515463,0.536363636364,1.05689877454,0.347276990411,3.54545454545,3.04338842975,1.05689877454,3.54545454545,0.499047619048,0.4,8,0.0484848484848,0.255555555556,11,11,11,1,0,0.0909090909091,0.636363636364,0.272727272727,11,0.118181818182,3.72727272727,2.36363636364,1.3,1.625,1.43336856898,0.6064251638,0.286713286713,0.603022689156,0.510249967747,0.237762237762,1.40129809949,1.18571377649,0.503496503497,2.05382127221,0.551025219373,7,3.72727272727,2.05382127221,7,0,0,0,0,0.22962962963,11,11,11,1,0,0.0909090909091,0.636363636364,0.272727272727,11,17,0.154545454545,3.15909090909,3.09090909091,1.7,2.125,1.30034960334,0.420701342257,0.208556149733,0.820199532265,0.530717344407,0.267379679144,1.57249078621,1.01749403814,0.513368983957,1.21589847064,0.38488872452,4,3.15909090909,1.21589847064,4,0.296666666667,0.230769230769,3,0.0181818181818,0.203703703704,11,11,11,1,0,0.0909090909091,0.636363636364,0.272727272727,-3,-0.0272727272727,0.115702479339,-0.545454545455,-0.3,-0.375,-0.389190409368,-0.0439221612377,-0.0368983957219,-0.347548883978,-0.111544284527,-0.0689839572193,-0.367518585835,-0.0495111164884,-0.0229946524064,0.158999696105,0.0376117341084,0.454545454545,0.115702479339,0.158999696105,0.454545454545,-0.202380952381,-0.169230769231,-5,-0.030303030303,-0.0518518518519,0,0,0,17,0,3,90,0.85,1,0,0.15,1,0.85,0.918918918919,0.906962317388,0.85,0.85,4,7,0,0,0,0
2449,WLNM_dir_neg,0.938775510204,0.788461538462,00:00:01,10,60,23,1176529772,threshold_sweep,0.1,1,0.714285714286,0.833333333333,5,0,2,14,0.714285714286,1,0,0.285714285714,1,0.714285714286,0.833333333333,0.904761904762,0.587301587302,0.769230769231,0.790569415042,0.714285714286,20,13,7,0,20,0,13,0,7,11,20,0.181818181818,3.04338842975,3.63636363636,2,2.5,1.68954001271,0.464623503495,0.245454545455,1.16774841624,0.642261628933,0.336363636364,1.94000937205,1.06700515463,0.536363636364,1.05689877454,0.347276990411,3.54545454545,3.04338842975,1.05689877454,3.54545454545,0.499047619048,0.4,8,0.0484848484848,0.255555555556,11,11,11,1,0,0.0909090909091,0.636363636364,0.272727272727,11,0.118181818182,3.72727272727,2.36363636364,1.3,1.625,1.43336856898,0.6064251638,0.286713286713,0.603022689156,0.510249967747,0.237762237762,1.40129809949,1.18571377649,0.503496503497,2.05382127221,0.551025219373,7,3.72727272727,2.05382127221,7,0,0,0,0,0.22962962963,11,11,11,1,0,0.0909090909091,0.636363636364,0.272727272727,11,18,0.163636363636,3.11363636364,3.27272727273,1.8,2.25,1.42062726223,0.434080552347,0.227272727273,0.924416277737,0.564921058617,0.292929292929,1.68954001271,1.03249667443,0.525252525253,1.14353419474,0.367266456706,3.875,3.11363636364,1.14353419474,3.875,0.366666666667,0.266666666667,4,0.0242424242424,0.221111111111,11,11,11,1,0,0.0909090909091,0.636363636364,0.272727272727,-2,-0.0181818181818,0.0702479338843,-0.363636363636,-0.2,-0.25,-0.268912750482,-0.030542951148,-0.0181818181818,-0.243332138505,-0.0773405703161,-0.0434343434343,-0.250469359339,-0.0345084801933,-0.0111111111111,0.0866354202056,0.0199894662943,0.329545454545,0.0702479338843,0.0866354202056,0.329545454545,-0.132380952381,-0.133333333333,-4,-0.0242424242424,-0.0344444444444,0,0,0,18,0,2,90,0.9,1,0,0.1,1,0.9,0.947368421053,0.938314863257,0.9,0.9,5,7,0,0,0,0
2450,WLNM_dir_neg,0.938775510204,0.788461538462,00:00:01,10,60,23,1176529772,threshold_sweep,0.2,1,0.714285714286,0.833333333333,5,0,2,14,0.714285714286,1,0,0.285714285714,1,0.714285714286,0.833333333333,0.904761904762,0.587301587302,0.769230769231,0.790569415042,0.714285714286,20,13,7,0,20,0,13,0,7,11,20,0.181818181818,3.04338842975,3.63636363636,2,2.5,1.68954001271,0.464623503495,0.245454545455,1.16774841624,0.642261628933,0.336363636364,1.94000937205,1.06700515463,0.536363636364,1.05689877454,0.347276990411,3.54545454545,3.04338842975,1.05689877454,3.54545454545,0.499047619048,0.4,8,0.0484848484848,0.255555555556,11,11,11,1,0,0.0909090909091,0.636363636364,0.272727272727,11,0.118181818182,3.72727272727,2.36363636364,1.3,1.625,1.43336856898,0.6064251638,0.286713286713,0.603022689156,0.510249967747,0.237762237762,1.40129809949,1.18571377649,0.503496503497,2.05382127221,0.551025219373,7,3.72727272727,2.05382127221,7,0,0,0,0,0.22962962963,11,11,11,1,0,0.0909090909091,0.636363636364,0.272727272727,11,18,0.163636363636,3.11363636364,3.27272727273,1.8,2.25,1.42062726223,0.434080552347,0.227272727273,0.924416277737,0.564921058617,0.292929292929,1.68954001271,1.03249667443,0.525252525253,1.14353419474,0.367266456706,3.875,3.11363636364,1.14353419474,3.875,0.366666666667,0.266666666667,4,0.0242424242424,0.221111111111,11,11,11,1,0,0.0909090909091,0.636363636364,0.272727272727,-2,-0.0181818181818,0.0702479338843,-0.363636363636,-0.2,-0.25,-0.268912750482,-0.030542951148,-0.0181818181818,-0.243332138505,-0.0773405703161,-0.0434343434343,-0.250469359339,-0.0345084801933,-0.0111111111111,0.0866354202056,0.0199894662943,0.329545454545,0.0702479338843,0.0866354202056,0.329545454545,-0.132380952381,-0.133333333333,-4,-0.0242424242424,-0.0344444444444,0,0,0,18,0,2,90,0.9,1,0,0.1,1,0.9,0.947368421053,0.938314863257,0.9,0.9,5,7,0,0,0,0
2451,WLNM_dir_neg,0.938775510204,0.788461538462,00:00:01,10,60,23,1176529772,threshold_sweep,0.3,1,0.714285714286,0.833333333333,5,0,2,14,0.714285714286,1,0,0.285714285714,1,0.714285714286,0.833333333333,0.904761904762,0.587301587302,0.769230769231,0.790569415042,0.714285714286,20,13,7,0,20,0,13,0,7,11,20,0.181818181818,3.04338842975,3.63636363636,2,2.5,1.68954001271,0.464623503495,0.245454545455,1.16774841624,0.642261628933,0.336363636364,1.94000937205,1.06700515463,0.536363636364,1.05689877454,0.347276990411,3.54545454545,3.04338842975,1.05689877454,3.54545454545,0.499047619048,0.4,8,0.0484848484848,0.255555555556,11,11,11,1,0,0.0909090909091,0.636363636364,0.272727272727,11,0.118181818182,3.72727272727,2.36363636364,1.3,1.625,1.43336856898,0.6064251638,0.286713286713,0.603022689156,0.510249967747,0.237762237762,1.40129809949,1.18571377649,0.503496503497,2.05382127221,0.551025219373,7,3.72727272727,2.05382127221,7,0,0,0,0,0.22962962963,11,11,11,1,0,0.0909090909091,0.636363636364,0.272727272727,11,18,0.163636363636,3.11363636364,3.27272727273,1.8,2.25,1.42062726223,0.434080552347,0.227272727273,0.924416277737,0.564921058617,0.292929292929,1.68954001271,1.03249667443,0.525252525253,1.14353419474,0.367266456706,3.875,3.11363636364,1.14353419474,3.875,0.366666666667,0.266666666667,4,0.0242424242424,0.221111111111,11,11,11,1,0,0.0909090909091,0.636363636364,0.272727272727,-2,-0.0181818181818,0.0702479338843,-0.363636363636,-0.2,-0.25,-0.268912750482,-0.030542951148,-0.0181818181818,-0.243332138505,-0.0773405703161,-0.0434343434343,-0.250469359339,-0.0345084801933,-0.0111111111111,0.0866354202056,0.0199894662943,0.329545454545,0.0702479338843,0.0866354202056,0.329545454545,-0.132380952381,-0.133333333333,-4,-0.0242424242424,-0.0344444444444,0,0,0,18,0,2,90,0.9,1,0,0.1,1,0.9,0.947368421053,0.938314863257,0.9,0.9,5,7,0,0,0,0
2452,WLNM_dir_neg,0.938775510204,0.788461538462,00:00:01,10,60,23,1176529772,threshold_sweep,0.4,1,0.714285714286,0.833333333333,5,0,2,14,0.714285714286,1,0,0.285714285714,1,0.714285714286,0.833333333333,0.904761904762,0.587301587302,0.769230769231,0.790569415042,0.714285714286,20,13,7,0,20,0,13,0,7,11,20,0.181818181818,3.04338842975,3.63636363636,2,2.5,1.68954001271,0.464623503495,0.245454545455,1.16774841624,0.642261628933,0.336363636364,1.94000937205,1.06700515463,0.536363636364,1.05689877454,0.347276990411,3.54545454545,3.04338842975,1.05689877454,3.54545454545,0.499047619048,0.4,8,0.0484848484848,0.255555555556,11,11,11,1,0,0.0909090909091,0.636363636364,0.272727272727,11,0.118181818182,3.72727272727,2.36363636364,1.3,1.625,1.43336856898,0.6064251638,0.286713286713,0.603022689156,0.510249967747,0.237762237762,1.40129809949,1.18571377649,0.503496503497,2.05382127221,0.551025219373,7,3.72727272727,2.05382127221,7,0,0,0,0,0.22962962963,11,11,11,1,0,0.0909090909091,0.636363636364,0.272727272727,11,18,0.163636363636,3.11363636364,3.27272727273,1.8,2.25,1.42062726223,0.434080552347,0.227272727273,0.924416277737,0.564921058617,0.292929292929,1.68954001271,1.03249667443,0.525252525253,1.14353419474,0.367266456706,3.875,3.11363636364,1.14353419474,3.875,0.366666666667,0.266666666667,4,0.0242424242424,0.221111111111,11,11,11,1,0,0.0909090909091,0.636363636364,0.272727272727,-2,-0.0181818181818,0.0702479338843,-0.363636363636,-0.2,-0.25,-0.268912750482,-0.030542951148,-0.0181818181818,-0.243332138505,-0.0773405703161,-0.0434343434343,-0.250469359339,-0.0345084801933,-0.0111111111111,0.0866354202056,0.0199894662943,0.329545454545,0.0702479338843,0.0866354202056,0.329545454545,-0.132380952381,-0.133333333333,-4,-0.0242424242424,-0.0344444444444,0,0,0,18,0,2,90,0.9,1,0,0.1,1,0.9,0.947368421053,0.938314863257,0.9,0.9,5,7,0,0,0,0
2453,WLNM_dir_neg,0.938775510204,0.788461538462,00:00:01,10,60,23,1176529772,threshold_sweep,0.5,1,0.714285714286,0.833333333333,5,0,2,14,0.714285714286,1,0,0.285714285714,1,0.714285714286,0.833333333333,0.904761904762,0.587301587302,0.769230769231,0.790569415042,0.714285714286,20,13,7,0,20,0,13,0,7,11,20,0.181818181818,3.04338842975,3.63636363636,2,2.5,1.68954001271,0.464623503495,0.245454545455,1.16774841624,0.642261628933,0.336363636364,1.94000937205,1.06700515463,0.536363636364,1.05689877454,0.347276990411,3.54545454545,3.04338842975,1.05689877454,3.54545454545,0.499047619048,0.4,8,0.0484848484848,0.255555555556,11,11,11,1,0,0.0909090909091,0.636363636364,0.272727272727,11,0.118181818182,3.72727272727,2.36363636364,1.3,1.625,1.43336856898,0.6064251638,0.286713286713,0.603022689156,0.510249967747,0.237762237762,1.40129809949,1.18571377649,0.503496503497,2.05382127221,0.551025219373,7,3.72727272727,2.05382127221,7,0,0,0,0,0.22962962963,11,11,11,1,0,0.0909090909091,0.636363636364,0.272727272727,11,18,0.163636363636,3.11363636364,3.27272727273,1.8,2.25,1.42062726223,0.434080552347,0.227272727273,0.924416277737,0.564921058617,0.292929292929,1.68954001271,1.03249667443,0.525252525253,1.14353419474,0.367266456706,3.875,3.11363636364,1.14353419474,3.875,0.366666666667,0.266666666667,4,0.0242424242424,0.221111111111,11,11,11,1,0,0.0909090909091,0.636363636364,0.272727272727,-2,-0.0181818181818,0.0702479338843,-0.363636363636,-0.2,-0.25,-0.268912750482,-0.030542951148,-0.0181818181818,-0.243332138505,-0.0773405703161,-0.0434343434343,-0.250469359339,-0.0345084801933,-0.0111111111111,0.0866354202056,0.0199894662943,0.329545454545,0.0702479338843,0.0866354202056,0.329545454545,-0.132380952381,-0.133333333333,-4,-0.0242424242424,-0.0344444444444,0,0,0,18,0,2,90,0.9,1,0,0.1,1,0.9,0.947368421053,0.938314863257,0.9,0.9,5,7,0,0,0,0
2454,WLNM_dir_neg,0.938775510204,0.788461538462,00:00:01,10,60,23,1176529772,threshold_sweep,0.6,1,0.714285714286,0.833333333333,5,0,2,14,0.714285714286,1,0,0.285714285714,1,0.714285714286,0.833333333333,0.904761904762,0.587301587302,0.769230769231,0.790569415042,0.714285714286,20,13,7,0,20,0,13,0,7,11,20,0.181818181818,3.04338842975,3.63636363636,2,2.5,1.68954001271,0.464623503495,0.245454545455,1.16774841624,0.642261628933,0.336363636364,1.94000937205,1.06700515463,0.536363636364,1.05689877454,0.347276990411,3.54545454545,3.04338842975,1.05689877454,3.54545454545,0.499047619048,0.4,8,0.0484848484848,0.255555555556,11,11,11,1,0,0.0909090909091,0.636363636364,0.272727272727,11,0.118181818182,3.72727272727,2.36363636364,1.3,1.625,1.43336856898,0.6064251638,0.286713286713,0.603022689156,0.510249967747,0.237762237762,1.40129809949,1.18571377649,0.503496503497,2.05382127221,0.551025219373,7,3.72727272727,2.05382127221,7,0,0,0,0,0.22962962963,11,11,11,1,0,0.0909090909091,0.636363636364,0.272727272727,11,18,0.163636363636,3.11363636364,3.27272727273,1.8,2.25,1.42062726223,0.434080552347,0.227272727273,0.924416277737,0.564921058617,0.292929292929,1.68954001271,1.03249667443,0.525252525253,1.14353419474,0.367266456706,3.875,3.11363636364,1.14353419474,3.875,0.366666666667,0.266666666667,4,0.0242424242424,0.221111111111,11,11,11,1,0,0.0909090909091,0.636363636364,0.272727272727,-2,-0.0181818181818,0.0702479338843,-0.363636363636,-0.2,-0.25,-0.268912750482,-0.030542951148,-0.0181818181818,-0.243332138505,-0.0773405703161,-0.0434343434343,-0.250469359339,-0.0345084801933,-0.0111111111111,0.0866354202056,0.0199894662943,0.329545454545,0.0702479338843,0.0866354202056,0.329545454545,-0.132380952381,-0.133333333333,-4,-0.0242424242424,-0.0344444444444,0,0,0,18,0,2,90,0.9,1,0,0.1,1,0.9,0.947368421053,0.938314863257,0.9,0.9,5,7,0,0,0,0
2455,WLNM_dir_neg,0.938775510204,0.788461538462,00:00:01,10,60,23,1176529772,threshold_sweep,0.7,1,0.714285714286,0.833333333333,5,0,2,14,0.714285714286,1,0,0.285714285714,1,0.714285714286,0.833333333333,0.904761904762,0.587301587302,0.769230769231,0.790569415042,0.714285714286,20,13,7,0,20,0,13,0,7,11,20,0.181818181818,3.04338842975,3.63636363636,2,2.5,1.68954001271,0.464623503495,0.245454545455,1.16774841624,0.642261628933,0.336363636364,1.94000937205,1.06700515463,0.536363636364,1.05689877454,0.347276990411,3.54545454545,3.04338842975,1.05689877454,3.54545454545,0.499047619048,0.4,8,0.0484848484848,0.255555555556,11,11,11,1,0,0.0909090909091,0.636363636364,0.272727272727,11,0.118181818182,3.72727272727,2.36363636364,1.3,1.625,1.43336856898,0.6064251638,0.286713286713,0.603022689156,0.510249967747,0.237762237762,1.40129809949,1.18571377649,0.503496503497,2.05382127221,0.551025219373,7,3.72727272727,2.05382127221,7,0,0,0,0,0.22962962963,11,11,11,1,0,0.0909090909091,0.636363636364,0.272727272727,11,18,0.163636363636,3.11363636364,3.27272727273,1.8,2.25,1.42062726223,0.434080552347,0.227272727273,0.924416277737,0.564921058617,0.292929292929,1.68954001271,1.03249667443,0.525252525253,1.14353419474,0.367266456706,3.875,3.11363636364,1.14353419474,3.875,0.366666666667,0.266666666667,4,0.0242424242424,0.221111111111,11,11,11,1,0,0.0909090909091,0.636363636364,0.272727272727,-2,-0.0181818181818,0.0702479338843,-0.363636363636,-0.2,-0.25,-0.268912750482,-0.030542951148,-0.0181818181818,-0.243332138505,-0.0773405703161,-0.0434343434343,-0.250469359339,-0.0345084801933,-0.0111111111111,0.0866354202056,0.0199894662943,0.329545454545,0.0702479338843,0.0866354202056,0.329545454545,-0.132380952381,-0.133333333333,-4,-0.0242424242424,-0.0344444444444,0,0,0,18,0,2,90,0.9,1,0,0.1,1,0.9,0.947368421053,0.938314863257,0.9,0.9,5,7,0,0,0,0
2456,WLNM_dir_neg,0.938775510204,0.788461538462,00:00:01,10,60,23,1176529772,threshold_sweep,0.8,1,0.714285714286,0.833333333333,5,0,2,14,0.714285714286,1,0,0.285714285714,1,0.714285714286,0.833333333333,0.904761904762,0.587301587302,0.769230769231,0.790569415042,0.714285714286,20,13,7,0,20,0,13,0,7,11,20,0.181818181818,3.04338842975,3.63636363636,2,2.5,1.68954001271,0.464623503495,0.245454545455,1.16774841624,0.642261628933,0.336363636364,1.94000937205,1.06700515463,0.536363636364,1.05689877454,0.347276990411,3.54545454545,3.04338842975,1.05689877454,3.54545454545,0.499047619048,0.4,8,0.0484848484848,0.255555555556,11,11,11,1,0,0.0909090909091,0.636363636364,0.272727272727,11,0.118181818182,3.72727272727,2.36363636364,1.3,1.625,1.43336856898,0.6064251638,0.286713286713,0.603022689156,0.510249967747,0.237762237762,1.40129809949,1.18571377649,0.503496503497,2.05382127221,0.551025219373,7,3.72727272727,2.05382127221,7,0,0,0,0,0.22962962963,11,11,11,1,0,0.0909090909091,0.636363636364,0.272727272727,11,18,0.163636363636,3.11363636364,3.27272727273,1.8,2.25,1.42062726223,0.434080552347,0.227272727273,0.924416277737,0.564921058617,0.292929292929,1.68954001271,1.03249667443,0.525252525253,1.14353419474,0.367266456706,3.875,3.11363636364,1.14353419474,3.875,0.366666666667,0.266666666667,4,0.0242424242424,0.221111111111,11,11,11,1,0,0.0909090909091,0.636363636364,0.272727272727,-2,-0.0181818181818,0.0702479338843,-0.363636363636,-0.2,-0.25,-0.268912750482,-0.030542951148,-0.0181818181818,-0.243332138505,-0.0773405703161,-0.0434343434343,-0.250469359339,-0.0345084801933,-0.0111111111111,0.0866354202056,0.0199894662943,0.329545454545,0.0702479338843,0.0866354202056,0.329545454545,-0.132380952381,-0.133333333333,-4,-0.0242424242424,-0.0344444444444,0,0,0,18,0,2,90,0.9,1,0,0.1,1,0.9,0.947368421053,0.938314863257,0.9,0.9,5,7,0,0,0,0
2457,WLNM_dir_neg,0.938775510204,0.788461538462,00:00:01,10,60,23,1176529772,threshold_sweep,0.9,1,0.714285714286,0.833333333333,5,0,2,14,0.714285714286,1,0,0.285714285714,1,0.714285714286,0.833333333333,0.904761904762,0.587301587302,0.769230769231,0.790569415042,0.714285714286,20,13,7,0,20,0,13,0,7,11,20,0.181818181818,3.04338842975,3.63636363636,2,2.5,1.68954001271,0.464623503495,0.245454545455,1.16774841624,0.642261628933,0.336363636364,1.94000937205,1.06700515463,0.536363636364,1.05689877454,0.347276990411,3.54545454545,3.04338842975,1.05689877454,3.54545454545,0.499047619048,0.4,8,0.0484848484848,0.255555555556,11,11,11,1,0,0.0909090909091,0.636363636364,0.272727272727,11,0.118181818182,3.72727272727,2.36363636364,1.3,1.625,1.43336856898,0.6064251638,0.286713286713,0.603022689156,0.510249967747,0.237762237762,1.40129809949,1.18571377649,0.503496503497,2.05382127221,0.551025219373,7,3.72727272727,2.05382127221,7,0,0,0,0,0.22962962963,11,11,11,1,0,0.0909090909091,0.636363636364,0.272727272727,11,18,0.163636363636,3.11363636364,3.27272727273,1.8,2.25,1.42062726223,0.434080552347,0.227272727273,0.924416277737,0.564921058617,0.292929292929,1.68954001271,1.03249667443,0.525252525253,1.14353419474,0.367266456706,3.875,3.11363636364,1.14353419474,3.875,0.366666666667,0.266666666667,4,0.0242424242424,0.221111111111,11,11,11,1,0,0.0909090909091,0.636363636364,0.272727272727,-2,-0.0181818181818,0.0702479338843,-0.363636363636,-0.2,-0.25,-0.268912750482,-0.030542951148,-0.0181818181818,-0.243332138505,-0.0773405703161,-0.0434343434343,-0.250469359339,-0.0345084801933,-0.0111111111111,0.0866354202056,0.0199894662943,0.329545454545,0.0702479338843,0.0866354202056,0.329545454545,-0.132380952381,-0.133333333333,-4,-0.0242424242424,-0.0344444444444,0,0,0,18,0,2,90,0.9,1,0,0.1,1,0.9,0.947368421053,0.938314863257,0.9,0.9,5,7,0,0,0,0
2458,WLNM_dir_neg,0.826530612245,0.54219924812,00:00:00,10,60,24,1176529773,threshold_sweep,0.1,1,0.571428571429,0.727272727273,4,0,3,14,0.571428571429,1,0,0.428571428571,1,0.571428571429,0.727272727273,0.857142857143,0.603174603175,0.64,0.68599434057,0.571428571429,20,13,7,0,20,0,13,0,7,11,20,0.181818181818,3.04338842975,3.63636363636,2,2.5,1.68954001271,0.464623503495,0.245454545455,1.16774841624,0.642261628933,0.336363636364,1.94000937205,1.06700515463,0.536363636364,1.05689877454,0.347276990411,3.54545454545,3.04338842975,1.05689877454,3.54545454545,0.499047619048,0.4,8,0.0484848484848,0.255555555556,11,11,11,1,0,0.0909090909091,0.636363636364,0.272727272727,11,0.118181818182,3.72727272727,2.36363636364,1.3,1.625,1.43336856898,0.6064251638,0.286713286713,0.603022689156,0.510249967747,0.237762237762,1.40129809949,1.18571377649,0.503496503497,2.05382127221,0.551025219373,7,3.72727272727,2.05382127221,7,0,0,0,0,0.22962962963,11,11,11,1,0,0.0909090909091,0.636363636364,0.272727272727,11,17,0.154545454545,3.17727272727,3.09090909091,1.7,2.125,1.30034960334,0.420701342257,0.208556149733,0.820199532265,0.530717344407,0.267379679144,1.57249078621,1.01749403814,0.513368983957,1.2536673475,0.394573414091,4.4,3.17727272727,1.2536673475,4.4,0.213333333333,0.153846153846,2,0.0121212121212,0.205555555556,11,11,11,1,0,0.0909090909091,0.636363636364,0.272727272727,-3,-0.0272727272727,0.133884297521,-0.545454545455,-0.3,-0.375,-0.389190409368,-0.0439221612377,-0.0368983957219,-0.347548883978,-0.111544284527,-0.0689839572193,-0.367518585835,-0.0495111164884,-0.0229946524064,0.196768572961,0.0472964236795,0.854545454545,0.133884297521,0.196768572961,0.854545454545,-0.285714285714,-0.246153846154,-6,-0.0363636363636,-0.05,0,0,0,17,0,3,90,0.85,1,0,0.15,1,0.85,0.918918918919,0.906962317388,0.85,0.85,4,7,0,0,0,0
2459,WLNM_dir_neg,0.826530612245,0.54219924812,00:00:00,10,60,24,1176529773,threshold_sweep,0.2,1,0.428571428571,0.6,3,0,4,14,0.428571428571,1,0,0.571428571429,1,0.428571428571,0.6,0.809523809524,0.619047619048,0.5,0.57735026919,0.428571428571,20,13,7,0,20,0,13,0,7,11,20,0.181818181818,3.04338842975,3.63636363636,2,2.5,1.68954001271,0.464623503495,0.245454545455,1.16774841624,0.642261628933,0.336363636364,1.94000937205,1.06700515463,0.536363636364,1.05689877454,0.347276990411,3.54545454545,3.04338842975,1.05689877454,3.54545454545,0.499047619048,0.4,8,0.0484848484848,0.255555555556,11,11,11,1,0,0.0909090909091,0.636363636364,0.272727272727,11,0.118181818182,3.72727272727,2.36363636364,1.3,1.625,1.43336856898,0.6064251638,0.286713286713,0.603022689156,0.510249967747,0.237762237762,1.40129809949,1.18571377649,0.503496503497,2.05382127221,0.551025219373,7,3.72727272727,2.05382127221,7,0,0,0,0,0.22962962963,11,11,11,1,0,0.0909090909091,0.636363636364,0.272727272727,11,16,0.145454545455,3.25,2.90909090909,1.6,2,1.22102788294,0.41972833476,0.181818181818,0.687551650952,0.47269176003,0.227272727273,1.50755672289,1.03644524699,0.511363636364,1.3758835545,0.423348786001,4.66666666667,3.25,1.3758835545,4.66666666667,0.213333333333,0.176470588235,2,0.0121212121212,0.192592592593,11,11,11,1,0,0.0909090909091,0.636363636364,0.272727272727,-4,-0.0363636363636,0.206611570248,-0.727272727273,-0.4,-0.5,-0.468512129772,-0.0448951687355,-0.0636363636364,-0.48019676529,-0.169569868904,-0.109090909091,-0.43245264916,-0.0305599076407,-0.025,0.318984779967,0.07607179559,1.12121212121,0.206611570248,0.318984779967,1.12121212121,-0.285714285714,-0.223529411765,-6,-0.0363636363636,-0.062962962963,0,0,0,16,0,4,90,0.8,1,0,0.2,1,0.8,0.888888888889,0.875189948987,0.8,0.8,3,7,0,0,0,0
2460,WLNM_dir_neg,0.826530612245,0.54219924812,00:00:00,10,60,24,1176529773,threshold_sweep,0.3,1,0.428571428571,0.6,3,0,4,14,0.428571428571,1,0,0.571428571429,1,0.428571428571,0.6,0.809523809524,0.619047619048,0.5,0.57735026919,0.428571428571,20,13,7,0,20,0,13,0,7,11,20,0.181818181818,3.04338842975,3.63636363636,2,2.5,1.68954001271,0.464623503495,0.245454545455,1.16774841624,0.642261628933,0.336363636364,1.94000937205,1.06700515463,0.536363636364,1.05689877454,0.347276990411,3.54545454545,3.04338842975,1.05689877454,3.54545454545,0.499047619048,0.4,8,0.0484848484848,0.255555555556,11,11,11,1,0,0.0909090909091,0.636363636364,0.272727272727,11,0.118181818182,3.72727272727,2.36363636364,1.3,1.625,1.43336856898,0.6064251638,0.286713286713,0.603022689156,0.510249967747,0.237762237762,1.40129809949,1.18571377649,0.503496503497,2.05382127221,0.551025219373,7,3.72727272727,2.05382127221,7,0,0,0,0,0.22962962963,11,11,11,1,0,0.0909090909091,0.636363636364,0.272727272727,11,16,0.145454545455,3.25,2.90909090909,1.6,2,1.22102788294,0.41972833476,0.181818181818,0.687551650952,0.47269176003,0.227272727273,1.50755672289,1.03644524699,0.511363636364,1.3758835545,0.423348786001,4.66666666667,3.25,1.3758835545,4.66666666667,0.213333333333,0.176470588235,2,0.0121212121212,0.192592592593,11,11,11,1,0,0.0909090909091,0.636363636364,0.272727272727,-4,-0.0363636363636,0.206611570248,-0.727272727273,-0.4,-0.5,-0.468512129772,-0.0448951687355,-0.0636363636364,-0.48019676529,-0.169569868904,-0.109090909091,-0.43245264916,-0.0305599076407,-0.025,0.318984779967,0.07607179559,1.12121212121,0.206611570248,0.318984779967,1.12121212121,-0.285714285714,-0.223529411765,-6,-0.0363636363636,-0.062962962963,0,0,0,16,0,4,90,0.8,1,0,0.2,1,0.8,0.888888888889,0.875189948987,0.8,0.8,3,7,0,0,0,0
2461,WLNM_dir_neg,0.826530612245,0.54219924812,00:00:00,10,60,24,1176529773,threshold_sweep,0.4,1,0.428571428571,0.6,3,0,4,14,0.428571428571,1,0,0.571428571429,1,0.428571428571,0.6,0.809523809524,0.619047619048,0.5,0.57735026919,0.428571428571,20,13,7,0,20,0,13,0,7,11,20,0.181818181818,3.04338842975,3.63636363636,2,2.5,1.68954001271,0.464623503495,0.245454545455,1.16774841624,0.642261628933,0.336363636364,1.94000937205,1.06700515463,0.536363636364,1.05689877454,0.347276990411,3.54545454545,3.04338842975,1.05689877454,3.54545454545,0.499047619048,0.4,8,0.0484848484848,0.255555555556,11,11,11,1,0,0.0909090909091,0.636363636364,0.272727272727,11,0.118181818182,3.72727272727,2.36363636364,1.3,1.625,1.43336856898,0.6064251638,0.286713286713,0.603022689156,0.510249967747,0.237762237762,1.40129809949,1.18571377649,0.503496503497,2.05382127221,0.551025219373,7,3.72727272727,2.05382127221,7,0,0,0,0,0.22962962963,11,11,11,1,0,0.0909090909091,0.636363636364,0.272727272727,11,16,0.145454545455,3.25,2.90909090909,1.6,2,1.22102788294,0.41972833476,0.181818181818,0.687551650952,0.47269176003,0.227272727273,1.50755672289,1.03644524699,0.511363636364,1.3758835545,0.423348786001,4.66666666667,3.25,1.3758835545,4.66666666667,0.213333333333,0.176470588235,2,0.0121212121212,0.192592592593,11,11,11,1,0,0.0909090909091,0.636363636364,0.272727272727,-4,-0.0363636363636,0.206611570248,-0.727272727273,-0.4,-0.5,-0.468512129772,-0.0448951687355,-0.0636363636364,-0.48019676529,-0.169569868904,-0.109090909091,-0.43245264916,-0.0305599076407,-0.025,0.318984779967,0.07607179559,1.12121212121,0.206611570248,0.318984779967,1.12121212121,-0.285714285714,-0.223529411765,-6,-0.0363636363636,-0.062962962963,0,0,0,16,0,4,90,0.8,1,0,0.2,1,0.8,0.888888888889,0.875189948987,0.8,0.8,3,7,0,0,0,0
2462,WLNM_dir_neg,0.826530612245,0.54219924812,00:00:00,10,60,24,1176529773,threshold_sweep,0.5,1,0.428571428571,0.6,3,0,4,14,0.428571428571,1,0,0.571428571429,1,0.428571428571,0.6,0.809523809524,0.619047619048,0.5,0.57735026919,0.428571428571,20,13,7,0,20,0,13,0,7,11,20,0.181818181818,3.04338842975,3.63636363636,2,2.5,1.68954001271,0.464623503495,0.245454545455,1.16774841624,0.642261628933,0.336363636364,1.94000937205,1.06700515463,0.536363636364,1.05689877454,0.347276990411,3.54545454545,3.04338842975,1.05689877454,3.54545454545,0.499047619048,0.4,8,0.0484848484848,0.255555555556,11,11,11,1,0,0.0909090909091,0.636363636364,0.272727272727,11,0.118181818182,3.72727272727,2.36363636364,1.3,1.625,1.43336856898,0.6064251638,0.286713286713,0.603022689156,0.510249967747,0.237762237762,1.40129809949,1.18571377649,0.503496503497,2.05382127221,0.551025219373,7,3.72727272727,2.05382127221,7,0,0,0,0,0.22962962963,11,11,11,1,0,0.0909090909091,0.636363636364,0.272727272727,11,16,0.145454545455,3.25,2.90909090909,1.6,2,1.22102788294,0.41972833476,0.181818181818,0.687551650952,0.47269176003,0.227272727273,1.50755672289,1.03644524699,0.511363636364,1.3758835545,0.423348786001,4.66666666667,3.25,1.3758835545,4.66666666667,0.213333333333,0.176470588235,2,0.0121212121212,0.192592592593,11,11,11,1,0,0.0909090909091,0.636363636364,0.272727272727,-4,-0.0363636363636,0.206611570248,-0.727272727273,-0.4,-0.5,-0.468512129772,-0.0448951687355,-0.0636363636364,-0.48019676529,-0.169569868904,-0.109090909091,-0.43245264916,-0.0305599076407,-0.025,0.318984779967,0.07607179559,1.12121212121,0.206611570248,0.318984779967,1.12121212121,-0.285714285714,-0.223529411765,-6,-0.0363636363636,-0.062962962963,0,0,0,16,0,4,90,0.8,1,0,0.2,1,0.8,0.888888888889,0.875189948987,0.8,0.8,3,7,0,0,0,0
2463,WLNM_dir_neg,0.826530612245,0.54219924812,00:00:00,10,60,24,1176529773,threshold_sweep,0.6,1,0.428571428571,0.6,3,0,4,14,0.428571428571,1,0,0.571428571429,1,0.428571428571,0.6,0.809523809524,0.619047619048,0.5,0.57735026919,0.428571428571,20,13,7,0,20,0,13,0,7,11,20,0.181818181818,3.04338842975,3.63636363636,2,2.5,1.68954001271,0.464623503495,0.245454545455,1.16774841624,0.642261628933,0.336363636364,1.94000937205,1.06700515463,0.536363636364,1.05689877454,0.347276990411,3.54545454545,3.04338842975,1.05689877454,3.54545454545,0.499047619048,0.4,8,0.0484848484848,0.255555555556,11,11,11,1,0,0.0909090909091,0.636363636364,0.272727272727,11,0.118181818182,3.72727272727,2.36363636364,1.3,1.625,1.43336856898,0.6064251638,0.286713286713,0.603022689156,0.510249967747,0.237762237762,1.40129809949,1.18571377649,0.503496503497,2.05382127221,0.551025219373,7,3.72727272727,2.05382127221,7,0,0,0,0,0.22962962963,11,11,11,1,0,0.0909090909091,0.636363636364,0.272727272727,11,16,0.145454545455,3.25,2.90909090909,1.6,2,1.22102788294,0.41972833476,0.181818181818,0.687551650952,0.47269176003,0.227272727273,1.50755672289,1.03644524699,0.511363636364,1.3758835545,0.423348786001,4.66666666667,3.25,1.3758835545,4.66666666667,0.213333333333,0.176470588235,2,0.0121212121212,0.192592592593,11,11,11,1,0,0.0909090909091,0.636363636364,0.272727272727,-4,-0.0363636363636,0.206611570248,-0.727272727273,-0.4,-0.5,-0.468512129772,-0.0448951687355,-0.0636363636364,-0.48019676529,-0.169569868904,-0.109090909091,-0.43245264916,-0.0305599076407,-0.025,0.318984779967,0.07607179559,1.12121212121,0.206611570248,0.318984779967,1.12121212121,-0.285714285714,-0.223529411765,-6,-0.0363636363636,-0.062962962963,0,0,0,16,0,4,90,0.8,1,0,0.2,1,0.8,0.888888888889,0.875189948987,0.8,0.8,3,7,0,0,0,0
2464,WLNM_dir_neg,0.826530612245,0.54219924812,00:00:00,10,60,24,1176529773,threshold_sweep,0.7,1,0.428571428571,0.6,3,0,4,14,0.428571428571,1,0,0.571428571429,1,0.428571428571,0.6,0.809523809524,0.619047619048,0.5,0.57735026919,0.428571428571,20,13,7,0,20,0,13,0,7,11,20,0.181818181818,3.04338842975,3.63636363636,2,2.5,1.68954001271,0.464623503495,0.245454545455,1.16774841624,0.642261628933,0.336363636364,1.94000937205,1.06700515463,0.536363636364,1.05689877454,0.347276990411,3.54545454545,3.04338842975,1.05689877454,3.54545454545,0.499047619048,0.4,8,0.0484848484848,0.255555555556,11,11,11,1,0,0.0909090909091,0.636363636364,0.272727272727,11,0.118181818182,3.72727272727,2.36363636364,1.3,1.625,1.43336856898,0.6064251638,0.286713286713,0.603022689156,0.510249967747,0.237762237762,1.40129809949,1.18571377649,0.503496503497,2.05382127221,0.551025219373,7,3.72727272727,2.05382127221,7,0,0,0,0,0.22962962963,11,11,11,1,0,0.0909090909091,0.636363636364,0.272727272727,11,16,0.145454545455,3.25,2.90909090909,1.6,2,1.22102788294,0.41972833476,0.181818181818,0.687551650952,0.47269176003,0.227272727273,1.50755672289,1.03644524699,0.511363636364,1.3758835545,0.423348786001,4.66666666667,3.25,1.3758835545,4.66666666667,0.213333333333,0.176470588235,2,0.0121212121212,0.192592592593,11,11,11,1,0,0.0909090909091,0.636363636364,0.272727272727,-4,-0.0363636363636,0.206611570248,-0.727272727273,-0.4,-0.5,-0.468512129772,-0.0448951687355,-0.0636363636364,-0.48019676529,-0.169569868904,-0.109090909091,-0.43245264916,-0.0305599076407,-0.025,0.318984779967,0.07607179559,1.12121212121,0.206611570248,0.318984779967,1.12121212121,-0.285714285714,-0.223529411765,-6,-0.0363636363636,-0.062962962963,0,0,0,16,0,4,90,0.8,1,0,0.2,1,0.8,0.888888888889,0.875189948987,0.8,0.8,3,7,0,0,0,0
2465,WLNM_dir_neg,0.826530612245,0.54219924812,00:00:00,10,60,24,1176529773,threshold_sweep,0.8,1,0.428571428571,0.6,3,0,4,14,0.428571428571,1,0,0.571428571429,1,0.428571428571,0.6,0.809523809524,0.619047619048,0.5,0.57735026919,0.428571428571,20,13,7,0,20,0,13,0,7,11,20,0.181818181818,3.04338842975,3.63636363636,2,2.5,1.68954001271,0.464623503495,0.245454545455,1.16774841624,0.642261628933,0.336363636364,1.94000937205,1.06700515463,0.536363636364,1.05689877454,0.347276990411,3.54545454545,3.04338842975,1.05689877454,3.54545454545,0.499047619048,0.4,8,0.0484848484848,0.255555555556,11,11,11,1,0,0.0909090909091,0.636363636364,0.272727272727,11,0.118181818182,3.72727272727,2.36363636364,1.3,1.625,1.43336856898,0.6064251638,0.286713286713,0.603022689156,0.510249967747,0.237762237762,1.40129809949,1.18571377649,0.503496503497,2.05382127221,0.551025219373,7,3.72727272727,2.05382127221,7,0,0,0,0,0.22962962963,11,11,11,1,0,0.0909090909091,0.636363636364,0.272727272727,11,16,0.145454545455,3.25,2.90909090909,1.6,2,1.22102788294,0.41972833476,0.181818181818,0.687551650952,0.47269176003,0.227272727273,1.50755672289,1.03644524699,0.511363636364,1.3758835545,0.423348786001,4.66666666667,3.25,1.3758835545,4.66666666667,0.213333333333,0.176470588235,2,0.0121212121212,0.192592592593,11,11,11,1,0,0.0909090909091,0.636363636364,0.272727272727,-4,-0.0363636363636,0.206611570248,-0.727272727273,-0.4,-0.5,-0.468512129772,-0.0448951687355,-0.0636363636364,-0.48019676529,-0.169569868904,-0.109090909091,-0.43245264916,-0.0305599076407,-0.025,0.318984779967,0.07607179559,1.12121212121,0.206611570248,0.318984779967,1.12121212121,-0.285714285714,-0.223529411765,-6,-0.0363636363636,-0.062962962963,0,0,0,16,0,4,90,0.8,1,0,0.2,1,0.8,0.888888888889,0.875189948987,0.8,0.8,3,7,0,0,0,0
2466,WLNM_dir_neg,0.826530612245,0.54219924812,00:00:00,10,60,24,1176529773,threshold_sweep,0.9,1,0.428571428571,0.6,3,0,4,14,0.428571428571,1,0,0.571428571429,1,0.428571428571,0.6,0.809523809524,0.619047619048,0.5,0.57735026919,0.428571428571,20,13,7,0,20,0,13,0,7,11,20,0.181818181818,3.04338842975,3.63636363636,2,2.5,1.68954001271,0.464623503495,0.245454545455,1.16774841624,0.642261628933,0.336363636364,1.94000937205,1.06700515463,0.536363636364,1.05689877454,0.347276990411,3.54545454545,3.04338842975,1.05689877454,3.54545454545,0.499047619048,0.4,8,0.0484848484848,0.255555555556,11,11,11,1,0,0.0909090909091,0.636363636364,0.272727272727,11,0.118181818182,3.72727272727,2.36363636364,1.3,1.625,1.43336856898,0.6064251638,0.286713286713,0.603022689156,0.510249967747,0.237762237762,1.40129809949,1.18571377649,0.503496503497,2.05382127221,0.551025219373,7,3.72727272727,2.05382127221,7,0,0,0,0,0.22962962963,11,11,11,1,0,0.0909090909091,0.636363636364,0.272727272727,11,16,0.145454545455,3.25,2.90909090909,1.6,2,1.22102788294,0.41972833476,0.181818181818,0.687551650952,0.47269176003,0.227272727273,1.50755672289,1.03644524699,0.511363636364,1.3758835545,0.423348786001,4.66666666667,3.25,1.3758835545,4.66666666667,0.213333333333,0.176470588235,2,0.0121212121212,0.192592592593,11,11,11,1,0,0.0909090909091,0.636363636364,0.272727272727,-4,-0.0363636363636,0.206611570248,-0.727272727273,-0.4,-0.5,-0.468512129772,-0.0448951687355,-0.0636363636364,-0.48019676529,-0.169569868904,-0.109090909091,-0.43245264916,-0.0305599076407,-0.025,0.318984779967,0.07607179559,1.12121212121,0.206611570248,0.318984779967,1.12121212121,-0.285714285714,-0.223529411765,-6,-0.0363636363636,-0.062962962963,0,0,0,16,0,4,90,0.8,1,0,0.2,1,0.8,0.888888888889,0.875189948987,0.8,0.8,3,7,0,0,0,0
2467,WLNM_dir_neg,0.887755102041,0.577422577423,00:00:01,10,60,25,1176529774,threshold_sweep,0.1,0.833333333333,0.714285714286,0.769230769231,5,1,2,13,0.714285714286,0.928571428571,0.0714285714286,0.285714285714,0.833333333333,0.714285714286,0.769230769231,0.857142857143,0.571428571429,0.666666666667,0.67082039325,0.642857142857,20,13,7,0,20,0,13,0,7,11,20,0.181818181818,3.04338842975,3.63636363636,2,2.5,1.68954001271,0.464623503495,0.245454545455,1.16774841624,0.642261628933,0.336363636364,1.94000937205,1.06700515463,0.536363636364,1.05689877454,0.347276990411,3.54545454545,3.04338842975,1.05689877454,3.54545454545,0.499047619048,0.4,8,0.0484848484848,0.255555555556,11,11,11,1,0,0.0909090909091,0.636363636364,0.272727272727,11,0.118181818182,3.72727272727,2.36363636364,1.3,1.625,1.43336856898,0.6064251638,0.286713286713,0.603022689156,0.510249967747,0.237762237762,1.40129809949,1.18571377649,0.503496503497,2.05382127221,0.551025219373,7,3.72727272727,2.05382127221,7,0,0,0,0,0.22962962963,11,11,11,1,0,0.0909090909091,0.636363636364,0.272727272727,11,19,0.172727272727,NaN,3.45454545455,1.72727272727,2.375,1.57249078621,0.455194701272,0.239234449761,0.786245393107,0.455194701272,0.22966507177,1.84883255547,1.07037674264,0.535885167464,NaN,NaN,NaN,NaN,NaN,NaN,0.356666666667,0.283018867925,5,0.030303030303,0.211212121212,11,11,0,1,2,0,0.727272727273,0.272727272727,-1,-0.00909090909091,NaN,-0.181818181818,-0.272727272727,-0.125,-0.117049226495,-0.00942880222262,-0.00622009569378,-0.381503023135,-0.187066927661,-0.106698564593,-0.0911768165742,0.00337158801632,-0.000478468899521,NaN,NaN,NaN,NaN,NaN,NaN,-0.142380952381,-0.116981132075,-3,-0.0181818181818,-0.0443434343434,-0.0909090909091,0.0909090909091,0,18,1,2,89,0.9,0.988888888889,0.0111111111111,0.1,0.947368421053,0.9,0.923076923077,0.906956031802,0.888888888889,0.857142857143,6,7,0,0,0,0
2468,WLNM_dir_neg,0.887755102041,0.577422577423,00:00:01,10,60,25,1176529774,threshold_sweep,0.2,0.833333333333,0.714285714286,0.769230769231,5,1,2,13,0.714285714286,0.928571428571,0.0714285714286,0.285714285714,0.833333333333,0.714285714286,0.769230769231,0.857142857143,0.571428571429,0.666666666667,0.67082039325,0.642857142857,20,13,7,0,20,0,13,0,7,11,20,0.181818181818,3.04338842975,3.63636363636,2,2.5,1.68954001271,0.464623503495,0.245454545455,1.16774841624,0.642261628933,0.336363636364,1.94000937205,1.06700515463,0.536363636364,1.05689877454,0.347276990411,3.54545454545,3.04338842975,1.05689877454,3.54545454545,0.499047619048,0.4,8,0.0484848484848,0.255555555556,11,11,11,1,0,0.0909090909091,0.636363636364,0.272727272727,11,0.118181818182,3.72727272727,2.36363636364,1.3,1.625,1.43336856898,0.6064251638,0.286713286713,0.603022689156,0.510249967747,0.237762237762,1.40129809949,1.18571377649,0.503496503497,2.05382127221,0.551025219373,7,3.72727272727,2.05382127221,7,0,0,0,0,0.22962962963,11,11,11,1,0,0.0909090909091,0.636363636364,0.272727272727,11,19,0.172727272727,NaN,3.45454545455,1.72727272727,2.375,1.57249078621,0.455194701272,0.239234449761,0.786245393107,0.455194701272,0.22966507177,1.84883255547,1.07037674264,0.535885167464,NaN,NaN,NaN,NaN,NaN,NaN,0.356666666667,0.283018867925,5,0.030303030303,0.211212121212,11,11,0,1,2,0,0.727272727273,0.272727272727,-1,-0.00909090909091,NaN,-0.181818181818,-0.272727272727,-0.125,-0.117049226495,-0.00942880222262,-0.00622009569378,-0.381503023135,-0.187066927661,-0.106698564593,-0.0911768165742,0.00337158801632,-0.000478468899521,NaN,NaN,NaN,NaN,NaN,NaN,-0.142380952381,-0.116981132075,-3,-0.0181818181818,-0.0443434343434,-0.0909090909091,0.0909090909091,0,18,1,2,89,0.9,0.988888888889,0.0111111111111,0.1,0.947368421053,0.9,0.923076923077,0.906956031802,0.888888888889,0.857142857143,6,7,0,0,0,0
2469,WLNM_dir_neg,0.887755102041,0.577422577423,00:00:01,10,60,25,1176529774,threshold_sweep,0.3,0.833333333333,0.714285714286,0.769230769231,5,1,2,13,0.714285714286,0.928571428571,0.0714285714286,0.285714285714,0.833333333333,0.714285714286,0.769230769231,0.857142857143,0.571428571429,0.666666666667,0.67082039325,0.642857142857,20,13,7,0,20,0,13,0,7,11,20,0.181818181818,3.04338842975,3.63636363636,2,2.5,1.68954001271,0.464623503495,0.245454545455,1.16774841624,0.642261628933,0.336363636364,1.94000937205,1.06700515463,0.536363636364,1.05689877454,0.347276990411,3.54545454545,3.04338842975,1.05689877454,3.54545454545,0.499047619048,0.4,8,0.0484848484848,0.255555555556,11,11,11,1,0,0.0909090909091,0.636363636364,0.272727272727,11,0.118181818182,3.72727272727,2.36363636364,1.3,1.625,1.43336856898,0.6064251638,0.286713286713,0.603022689156,0.510249967747,0.237762237762,1.40129809949,1.18571377649,0.503496503497,2.05382127221,0.551025219373,7,3.72727272727,2.05382127221,7,0,0,0,0,0.22962962963,11,11,11,1,0,0.0909090909091,0.636363636364,0.272727272727,11,19,0.172727272727,NaN,3.45454545455,1.72727272727,2.375,1.57249078621,0.455194701272,0.239234449761,0.786245393107,0.455194701272,0.22966507177,1.84883255547,1.07037674264,0.535885167464,NaN,NaN,NaN,NaN,NaN,NaN,0.356666666667,0.283018867925,5,0.030303030303,0.211212121212,11,11,0,1,2,0,0.727272727273,0.272727272727,-1,-0.00909090909091,NaN,-0.181818181818,-0.272727272727,-0.125,-0.117049226495,-0.00942880222262,-0.00622009569378,-0.381503023135,-0.187066927661,-0.106698564593,-0.0911768165742,0.00337158801632,-0.000478468899521,NaN,NaN,NaN,NaN,NaN,NaN,-0.142380952381,-0.116981132075,-3,-0.0181818181818,-0.0443434343434,-0.0909090909091,0.0909090909091,0,18,1,2,89,0.9,0.988888888889,0.0111111111111,0.1,0.947368421053,0.9,0.923076923077,0.906956031802,0.888888888889,0.857142857143,6,7,0,0,0,0
2470,WLNM_dir_neg,0.887755102041,0.577422577423,00:00:01,10,60,25,1176529774,threshold_sweep,0.4,0.833333333333,0.714285714286,0.769230769231,5,1,2,13,0.714285714286,0.928571428571,0.0714285714286,0.285714285714,0.833333333333,0.714285714286,0.769230769231,0.857142857143,0.571428571429,0.666666666667,0.67082039325,0.642857142857,20,13,7,0,20,0,13,0,7,11,20,0.181818181818,3.04338842975,3.63636363636,2,2.5,1.68954001271,0.464623503495,0.245454545455,1.16774841624,0.642261628933,0.336363636364,1.94000937205,1.06700515463,0.536363636364,1.05689877454,0.347276990411,3.54545454545,3.04338842975,1.05689877454,3.54545454545,0.499047619048,0.4,8,0.0484848484848,0.255555555556,11,11,11,1,0,0.0909090909091,0.636363636364,0.272727272727,11,0.118181818182,3.72727272727,2.36363636364,1.3,1.625,1.43336856898,0.6064251638,0.286713286713,0.603022689156,0.510249967747,0.237762237762,1.40129809949,1.18571377649,0.503496503497,2.05382127221,0.551025219373,7,3.72727272727,2.05382127221,7,0,0,0,0,0.22962962963,11,11,11,1,0,0.0909090909091,0.636363636364,0.272727272727,11,19,0.172727272727,NaN,3.45454545455,1.72727272727,2.375,1.57249078621,0.455194701272,0.239234449761,0.786245393107,0.455194701272,0.22966507177,1.84883255547,1.07037674264,0.535885167464,NaN,NaN,NaN,NaN,NaN,NaN,0.356666666667,0.283018867925,5,0.030303030303,0.211212121212,11,11,0,1,2,0,0.727272727273,0.272727272727,-1,-0.00909090909091,NaN,-0.181818181818,-0.272727272727,-0.125,-0.117049226495,-0.00942880222262,-0.00622009569378,-0.381503023135,-0.187066927661,-0.106698564593,-0.0911768165742,0.00337158801632,-0.000478468899521,NaN,NaN,NaN,NaN,NaN,NaN,-0.142380952381,-0.116981132075,-3,-0.0181818181818,-0.0443434343434,-0.0909090909091,0.0909090909091,0,18,1,2,89,0.9,0.988888888889,0.0111111111111,0.1,0.947368421053,0.9,0.923076923077,0.906956031802,0.888888888889,0.857142857143,6,7,0,0,0,0
2471,WLNM_dir_neg,0.887755102041,0.577422577423,00:00:01,10,60,25,1176529774,threshold_sweep,0.5,0.833333333333,0.714285714286,0.769230769231,5,1,2,13,0.714285714286,0.928571428571,0.0714285714286,0.285714285714,0.833333333333,0.714285714286,0.769230769231,0.857142857143,0.571428571429,0.666666666667,0.67082039325,0.642857142857,20,13,7,0,20,0,13,0,7,11,20,0.181818181818,3.04338842975,3.63636363636,2,2.5,1.68954001271,0.464623503495,0.245454545455,1.16774841624,0.642261628933,0.336363636364,1.94000937205,1.06700515463,0.536363636364,1.05689877454,0.347276990411,3.54545454545,3.04338842975,1.05689877454,3.54545454545,0.499047619048,0.4,8,0.0484848484848,0.255555555556,11,11,11,1,0,0.0909090909091,0.636363636364,0.272727272727,11,0.118181818182,3.72727272727,2.36363636364,1.3,1.625,1.43336856898,0.6064251638,0.286713286713,0.603022689156,0.510249967747,0.237762237762,1.40129809949,1.18571377649,0.503496503497,2.05382127221,0.551025219373,7,3.72727272727,2.05382127221,7,0,0,0,0,0.22962962963,11,11,11,1,0,0.0909090909091,0.636363636364,0.272727272727,11,19,0.172727272727,NaN,3.45454545455,1.72727272727,2.375,1.57249078621,0.455194701272,0.239234449761,0.786245393107,0.455194701272,0.22966507177,1.84883255547,1.07037674264,0.535885167464,NaN,NaN,NaN,NaN,NaN,NaN,0.356666666667,0.283018867925,5,0.030303030303,0.211212121212,11,11,0,1,2,0,0.727272727273,0.272727272727,-1,-0.00909090909091,NaN,-0.181818181818,-0.272727272727,-0.125,-0.117049226495,-0.00942880222262,-0.00622009569378,-0.381503023135,-0.187066927661,-0.106698564593,-0.0911768165742,0.00337158801632,-0.000478468899521,NaN,NaN,NaN,NaN,NaN,NaN,-0.142380952381,-0.116981132075,-3,-0.0181818181818,-0.0443434343434,-0.0909090909091,0.0909090909091,0,18,1,2,89,0.9,0.988888888889,0.0111111111111,0.1,0.947368421053,0.9,0.923076923077,0.906956031802,0.888888888889,0.857142857143,6,7,0,0,0,0
2472,WLNM_dir_neg,0.887755102041,0.577422577423,00:00:01,10,60,25,1176529774,threshold_sweep,0.6,0.833333333333,0.714285714286,0.769230769231,5,1,2,13,0.714285714286,0.928571428571,0.0714285714286,0.285714285714,0.833333333333,0.714285714286,0.769230769231,0.857142857143,0.571428571429,0.666666666667,0.67082039325,0.642857142857,20,13,7,0,20,0,13,0,7,11,20,0.181818181818,3.04338842975,3.63636363636,2,2.5,1.68954001271,0.464623503495,0.245454545455,1.16774841624,0.642261628933,0.336363636364,1.94000937205,1.06700515463,0.536363636364,1.05689877454,0.347276990411,3.54545454545,3.04338842975,1.05689877454,3.54545454545,0.499047619048,0.4,8,0.0484848484848,0.255555555556,11,11,11,1,0,0.0909090909091,0.636363636364,0.272727272727,11,0.118181818182,3.72727272727,2.36363636364,1.3,1.625,1.43336856898,0.6064251638,0.286713286713,0.603022689156,0.510249967747,0.237762237762,1.40129809949,1.18571377649,0.503496503497,2.05382127221,0.551025219373,7,3.72727272727,2.05382127221,7,0,0,0,0,0.22962962963,11,11,11,1,0,0.0909090909091,0.636363636364,0.272727272727,11,19,0.172727272727,NaN,3.45454545455,1.72727272727,2.375,1.57249078621,0.455194701272,0.239234449761,0.786245393107,0.455194701272,0.22966507177,1.84883255547,1.07037674264,0.535885167464,NaN,NaN,NaN,NaN,NaN,NaN,0.356666666667,0.283018867925,5,0.030303030303,0.211212121212,11,11,0,1,2,0,0.727272727273,0.272727272727,-1,-0.00909090909091,NaN,-0.181818181818,-0.272727272727,-0.125,-0.117049226495,-0.00942880222262,-0.00622009569378,-0.381503023135,-0.187066927661,-0.106698564593,-0.0911768165742,0.00337158801632,-0.000478468899521,NaN,NaN,NaN,NaN,NaN,NaN,-0.142380952381,-0.116981132075,-3,-0.0181818181818,-0.0443434343434,-0.0909090909091,0.0909090909091,0,18,1,2,89,0.9,0.988888888889,0.0111111111111,0.1,0.947368421053,0.9,0.923076923077,0.906956031802,0.888888888889,0.857142857143,6,7,0,0,0,0
2473,WLNM_dir_neg,0.887755102041,0.577422577423,00:00:01,10,60,25,1176529774,threshold_sweep,0.7,0.833333333333,0.714285714286,0.769230769231,5,1,2,13,0.714285714286,0.928571428571,0.0714285714286,0.285714285714,0.833333333333,0.714285714286,0.769230769231,0.857142857143,0.571428571429,0.666666666667,0.67082039325,0.642857142857,20,13,7,0,20,0,13,0,7,11,20,0.181818181818,3.04338842975,3.63636363636,2,2.5,1.68954001271,0.464623503495,0.245454545455,1.16774841624,0.642261628933,0.336363636364,1.94000937205,1.06700515463,0.536363636364,1.05689877454,0.347276990411,3.54545454545,3.04338842975,1.05689877454,3.54545454545,0.499047619048,0.4,8,0.0484848484848,0.255555555556,11,11,11,1,0,0.0909090909091,0.636363636364,0.272727272727,11,0.118181818182,3.72727272727,2.36363636364,1.3,1.625,1.43336856898,0.6064251638,0.286713286713,0.603022689156,0.510249967747,0.237762237762,1.40129809949,1.18571377649,0.503496503497,2.05382127221,0.551025219373,7,3.72727272727,2.05382127221,7,0,0,0,0,0.22962962963,11,11,11,1,0,0.0909090909091,0.636363636364,0.272727272727,11,19,0.172727272727,NaN,3.45454545455,1.72727272727,2.375,1.57249078621,0.455194701272,0.239234449761,0.786245393107,0.455194701272,0.22966507177,1.84883255547,1.07037674264,0.535885167464,NaN,NaN,NaN,NaN,NaN,NaN,0.356666666667,0.283018867925,5,0.030303030303,0.211212121212,11,11,0,1,2,0,0.727272727273,0.272727272727,-1,-0.00909090909091,NaN,-0.181818181818,-0.272727272727,-0.125,-0.117049226495,-0.00942880222262,-0.00622009569378,-0.381503023135,-0.187066927661,-0.106698564593,-0.0911768165742,0.00337158801632,-0.000478468899521,NaN,NaN,NaN,NaN,NaN,NaN,-0.142380952381,-0.116981132075,-3,-0.0181818181818,-0.0443434343434,-0.0909090909091,0.0909090909091,0,18,1,2,89,0.9,0.988888888889,0.0111111111111,0.1,0.947368421053,0.9,0.923076923077,0.906956031802,0.888888888889,0.857142857143,6,7,0,0,0,0
2474,WLNM_dir_neg,0.887755102041,0.577422577423,00:00:01,10,60,25,1176529774,threshold_sweep,0.8,1,0.714285714286,0.833333333333,5,0,2,14,0.714285714286,1,0,0.285714285714,1,0.714285714286,0.833333333333,0.904761904762,0.587301587302,0.769230769231,0.790569415042,0.714285714286,20,13,7,0,20,0,13,0,7,11,20,0.181818181818,3.04338842975,3.63636363636,2,2.5,1.68954001271,0.464623503495,0.245454545455,1.16774841624,0.642261628933,0.336363636364,1.94000937205,1.06700515463,0.536363636364,1.05689877454,0.347276990411,3.54545454545,3.04338842975,1.05689877454,3.54545454545,0.499047619048,0.4,8,0.0484848484848,0.255555555556,11,11,11,1,0,0.0909090909091,0.636363636364,0.272727272727,11,0.118181818182,3.72727272727,2.36363636364,1.3,1.625,1.43336856898,0.6064251638,0.286713286713,0.603022689156,0.510249967747,0.237762237762,1.40129809949,1.18571377649,0.503496503497,2.05382127221,0.551025219373,7,3.72727272727,2.05382127221,7,0,0,0,0,0.22962962963,11,11,11,1,0,0.0909090909091,0.636363636364,0.272727272727,11,18,0.163636363636,3.11363636364,3.27272727273,1.8,2.25,1.42062726223,0.434080552347,0.227272727273,0.924416277737,0.564921058617,0.292929292929,1.68954001271,1.03249667443,0.525252525253,1.14353419474,0.367266456706,3.875,3.11363636364,1.14353419474,3.875,0.366666666667,0.266666666667,4,0.0242424242424,0.221111111111,11,11,11,1,0,0.0909090909091,0.636363636364,0.272727272727,-2,-0.0181818181818,0.0702479338843,-0.363636363636,-0.2,-0.25,-0.268912750482,-0.030542951148,-0.0181818181818,-0.243332138505,-0.0773405703161,-0.0434343434343,-0.250469359339,-0.0345084801933,-0.0111111111111,0.0866354202056,0.0199894662943,0.329545454545,0.0702479338843,0.0866354202056,0.329545454545,-0.132380952381,-0.133333333333,-4,-0.0242424242424,-0.0344444444444,0,0,0,18,0,2,90,0.9,1,0,0.1,1,0.9,0.947368421053,0.938314863257,0.9,0.9,5,7,0,0,0,0
2475,WLNM_dir_neg,0.887755102041,0.577422577423,00:00:01,10,60,25,1176529774,threshold_sweep,0.9,1,0.714285714286,0.833333333333,5,0,2,14,0.714285714286,1,0,0.285714285714,1,0.714285714286,0.833333333333,0.904761904762,0.587301587302,0.769230769231,0.790569415042,0.714285714286,20,13,7,0,20,0,13,0,7,11,20,0.181818181818,3.04338842975,3.63636363636,2,2.5,1.68954001271,0.464623503495,0.245454545455,1.16774841624,0.642261628933,0.336363636364,1.94000937205,1.06700515463,0.536363636364,1.05689877454,0.347276990411,3.54545454545,3.04338842975,1.05689877454,3.54545454545,0.499047619048,0.4,8,0.0484848484848,0.255555555556,11,11,11,1,0,0.0909090909091,0.636363636364,0.272727272727,11,0.118181818182,3.72727272727,2.36363636364,1.3,1.625,1.43336856898,0.6064251638,0.286713286713,0.603022689156,0.510249967747,0.237762237762,1.40129809949,1.18571377649,0.503496503497,2.05382127221,0.551025219373,7,3.72727272727,2.05382127221,7,0,0,0,0,0.22962962963,11,11,11,1,0,0.0909090909091,0.636363636364,0.272727272727,11,18,0.163636363636,3.11363636364,3.27272727273,1.8,2.25,1.42062726223,0.434080552347,0.227272727273,0.924416277737,0.564921058617,0.292929292929,1.68954001271,1.03249667443,0.525252525253,1.14353419474,0.367266456706,3.875,3.11363636364,1.14353419474,3.875,0.366666666667,0.266666666667,4,0.0242424242424,0.221111111111,11,11,11,1,0,0.0909090909091,0.636363636364,0.272727272727,-2,-0.0181818181818,0.0702479338843,-0.363636363636,-0.2,-0.25,-0.268912750482,-0.030542951148,-0.0181818181818,-0.243332138505,-0.0773405703161,-0.0434343434343,-0.250469359339,-0.0345084801933,-0.0111111111111,0.0866354202056,0.0199894662943,0.329545454545,0.0702479338843,0.0866354202056,0.329545454545,-0.132380952381,-0.133333333333,-4,-0.0242424242424,-0.0344444444444,0,0,0,18,0,2,90,0.9,1,0,0.1,1,0.9,0.947368421053,0.938314863257,0.9,0.9,5,7,0,0,0,0
2476,WLNM_dir_neg,0.857142857143,0.597082679226,00:00:02,10,60,26,1176529775,threshold_sweep,0.1,0.833333333333,0.714285714286,0.769230769231,5,1,2,13,0.714285714286,0.928571428571,0.0714285714286,0.285714285714,0.833333333333,0.714285714286,0.769230769231,0.857142857143,0.571428571429,0.666666666667,0.67082039325,0.642857142857,20,13,7,0,20,0,13,0,7,11,20,0.181818181818,3.04338842975,3.63636363636,2,2.5,1.68954001271,0.464623503495,0.245454545455,1.16774841624,0.642261628933,0.336363636364,1.94000937205,1.06700515463,0.536363636364,1.05689877454,0.347276990411,3.54545454545,3.04338842975,1.05689877454,3.54545454545,0.499047619048,0.4,8,0.0484848484848,0.255555555556,11,11,11,1,0,0.0909090909091,0.636363636364,0.272727272727,11,0.118181818182,3.72727272727,2.36363636364,1.3,1.625,1.43336856898,0.6064251638,0.286713286713,0.603022689156,0.510249967747,0.237762237762,1.40129809949,1.18571377649,0.503496503497,2.05382127221,0.551025219373,7,3.72727272727,2.05382127221,7,0,0,0,0,0.22962962963,11,11,11,1,0,0.0909090909091,0.636363636364,0.272727272727,11,19,0.172727272727,5.99715909091,3.45454545455,1.9,2.375,1.69491217257,0.490632471007,0.253588516746,0.904534033733,0.523677598477,0.267942583732,1.67874411933,0.971904490138,0.507177033493,2.14896661873,0.35833076731,7.5,5.99715909091,2.14896661873,7.5,0.432380952381,0.333333333333,6,0.0363636363636,0.219259259259,11,11,11,1,0,0.0909090909091,0.636363636364,0.272727272727,-1,-0.00909090909091,2.95377066116,-0.181818181818,-0.1,-0.125,0.00537215986117,0.0260089675122,0.00813397129187,-0.263214382509,-0.118584030456,-0.0684210526316,-0.26126525272,-0.0951006644889,-0.0291866028708,1.09206784419,0.0110537768992,3.95454545455,2.95377066116,1.09206784419,3.95454545455,-0.0666666666667,-0.0666666666667,-2,-0.0121212121212,-0.0362962962963,0,0,0,18,1,2,89,0.9,0.988888888889,0.0111111111111,0.1,0.947368421053,0.9,0.923076923077,0.906956031802,0.888888888889,0.857142857143,6,7,0,0,0,0
2477,WLNM_dir_neg,0.857142857143,0.597082679226,00:00:02,10,60,26,1176529775,threshold_sweep,0.2,0.833333333333,0.714285714286,0.769230769231,5,1,2,13,0.714285714286,0.928571428571,0.0714285714286,0.285714285714,0.833333333333,0.714285714286,0.769230769231,0.857142857143,0.571428571429,0.666666666667,0.67082039325,0.642857142857,20,13,7,0,20,0,13,0,7,11,20,0.181818181818,3.04338842975,3.63636363636,2,2.5,1.68954001271,0.464623503495,0.245454545455,1.16774841624,0.642261628933,0.336363636364,1.94000937205,1.06700515463,0.536363636364,1.05689877454,0.347276990411,3.54545454545,3.04338842975,1.05689877454,3.54545454545,0.499047619048,0.4,8,0.0484848484848,0.255555555556,11,11,11,1,0,0.0909090909091,0.636363636364,0.272727272727,11,0.118181818182,3.72727272727,2.36363636364,1.3,1.625,1.43336856898,0.6064251638,0.286713286713,0.603022689156,0.510249967747,0.237762237762,1.40129809949,1.18571377649,0.503496503497,2.05382127221,0.551025219373,7,3.72727272727,2.05382127221,7,0,0,0,0,0.22962962963,11,11,11,1,0,0.0909090909091,0.636363636364,0.272727272727,11,19,0.172727272727,5.99715909091,3.45454545455,1.9,2.375,1.69491217257,0.490632471007,0.253588516746,0.904534033733,0.523677598477,0.267942583732,1.67874411933,0.971904490138,0.507177033493,2.14896661873,0.35833076731,7.5,5.99715909091,2.14896661873,7.5,0.432380952381,0.333333333333,6,0.0363636363636,0.219259259259,11,11,11,1,0,0.0909090909091,0.636363636364,0.272727272727,-1,-0.00909090909091,2.95377066116,-0.181818181818,-0.1,-0.125,0.00537215986117,0.0260089675122,0.00813397129187,-0.263214382509,-0.118584030456,-0.0684210526316,-0.26126525272,-0.0951006644889,-0.0291866028708,1.09206784419,0.0110537768992,3.95454545455,2.95377066116,1.09206784419,3.95454545455,-0.0666666666667,-0.0666666666667,-2,-0.0121212121212,-0.0362962962963,0,0,0,18,1,2,89,0.9,0.988888888889,0.0111111111111,0.1,0.947368421053,0.9,0.923076923077,0.906956031802,0.888888888889,0.857142857143,6,7,0,0,0,0
2478,WLNM_dir_neg,0.857142857143,0.597082679226,00:00:02,10,60,26,1176529775,threshold_sweep,0.3,0.833333333333,0.714285714286,0.769230769231,5,1,2,13,0.714285714286,0.928571428571,0.0714285714286,0.285714285714,0.833333333333,0.714285714286,0.769230769231,0.857142857143,0.571428571429,0.666666666667,0.67082039325,0.642857142857,20,13,7,0,20,0,13,0,7,11,20,0.181818181818,3.04338842975,3.63636363636,2,2.5,1.68954001271,0.464623503495,0.245454545455,1.16774841624,0.642261628933,0.336363636364,1.94000937205,1.06700515463,0.536363636364,1.05689877454,0.347276990411,3.54545454545,3.04338842975,1.05689877454,3.54545454545,0.499047619048,0.4,8,0.0484848484848,0.255555555556,11,11,11,1,0,0.0909090909091,0.636363636364,0.272727272727,11,0.118181818182,3.72727272727,2.36363636364,1.3,1.625,1.43336856898,0.6064251638,0.286713286713,0.603022689156,0.510249967747,0.237762237762,1.40129809949,1.18571377649,0.503496503497,2.05382127221,0.551025219373,7,3.72727272727,2.05382127221,7,0,0,0,0,0.22962962963,11,11,11,1,0,0.0909090909091,0.636363636364,0.272727272727,11,19,0.172727272727,5.99715909091,3.45454545455,1.9,2.375,1.69491217257,0.490632471007,0.253588516746,0.904534033733,0.523677598477,0.267942583732,1.67874411933,0.971904490138,0.507177033493,2.14896661873,0.35833076731,7.5,5.99715909091,2.14896661873,7.5,0.432380952381,0.333333333333,6,0.0363636363636,0.219259259259,11,11,11,1,0,0.0909090909091,0.636363636364,0.272727272727,-1,-0.00909090909091,2.95377066116,-0.181818181818,-0.1,-0.125,0.00537215986117,0.0260089675122,0.00813397129187,-0.263214382509,-0.118584030456,-0.0684210526316,-0.26126525272,-0.0951006644889,-0.0291866028708,1.09206784419,0.0110537768992,3.95454545455,2.95377066116,1.09206784419,3.95454545455,-0.0666666666667,-0.0666666666667,-2,-0.0121212121212,-0.0362962962963,0,0,0,18,1,2,89,0.9,0.988888888889,0.0111111111111,0.1,0.947368421053,0.9,0.923076923077,0.906956031802,0.888888888889,0.857142857143,6,7,0,0,0,0
2479,WLNM_dir_neg,0.857142857143,0.597082679226,00:00:02,10,60,26,1176529775,threshold_sweep,0.4,0.833333333333,0.714285714286,0.769230769231,5,1,2,13,0.714285714286,0.928571428571,0.0714285714286,0.285714285714,0.833333333333,0.714285714286,0.769230769231,0.857142857143,0.571428571429,0.666666666667,0.67082039325,0.642857142857,20,13,7,0,20,0,13,0,7,11,20,0.181818181818,3.04338842975,3.63636363636,2,2.5,1.68954001271,0.464623503495,0.245454545455,1.16774841624,0.642261628933,0.336363636364,1.94000937205,1.06700515463,0.536363636364,1.05689877454,0.347276990411,3.54545454545,3.04338842975,1.05689877454,3.54545454545,0.499047619048,0.4,8,0.0484848484848,0.255555555556,11,11,11,1,0,0.0909090909091,0.636363636364,0.272727272727,11,0.118181818182,3.72727272727,2.36363636364,1.3,1.625,1.43336856898,0.6064251638,0.286713286713,0.603022689156,0.510249967747,0.237762237762,1.40129809949,1.18571377649,0.503496503497,2.05382127221,0.551025219373,7,3.72727272727,2.05382127221,7,0,0,0,0,0.22962962963,11,11,11,1,0,0.0909090909091,0.636363636364,0.272727272727,11,19,0.172727272727,5.99715909091,3.45454545455,1.9,2.375,1.69491217257,0.490632471007,0.253588516746,0.904534033733,0.523677598477,0.267942583732,1.67874411933,0.971904490138,0.507177033493,2.14896661873,0.35833076731,7.5,5.99715909091,2.14896661873,7.5,0.432380952381,0.333333333333,6,0.0363636363636,0.219259259259,11,11,11,1,0,0.0909090909091,0.636363636364,0.272727272727,-1,-0.00909090909091,2.95377066116,-0.181818181818,-0.1,-0.125,0.00537215986117,0.0260089675122,0.00813397129187,-0.263214382509,-0.118584030456,-0.0684210526316,-0.26126525272,-0.0951006644889,-0.0291866028708,1.09206784419,0.0110537768992,3.95454545455,2.95377066116,1.09206784419,3.95454545455,-0.0666666666667,-0.0666666666667,-2,-0.0121212121212,-0.0362962962963,0,0,0,18,1,2,89,0.9,0.988888888889,0.0111111111111,0.1,0.947368421053,0.9,0.923076923077,0.906956031802,0.888888888889,0.857142857143,6,7,0,0,0,0
2480,WLNM_dir_neg,0.857142857143,0.597082679226,00:00:02,10,60,26,1176529775,threshold_sweep,0.5,0.833333333333,0.714285714286,0.769230769231,5,1,2,13,0.714285714286,0.928571428571,0.0714285714286,0.285714285714,0.833333333333,0.714285714286,0.769230769231,0.857142857143,0.571428571429,0.666666666667,0.67082039325,0.642857142857,20,13,7,0,20,0,13,0,7,11,20,0.181818181818,3.04338842975,3.63636363636,2,2.5,1.68954001271,0.464623503495,0.245454545455,1.16774841624,0.642261628933,0.336363636364,1.94000937205,1.06700515463,0.536363636364,1.05689877454,0.347276990411,3.54545454545,3.04338842975,1.05689877454,3.54545454545,0.499047619048,0.4,8,0.0484848484848,0.255555555556,11,11,11,1,0,0.0909090909091,0.636363636364,0.272727272727,11,0.118181818182,3.72727272727,2.36363636364,1.3,1.625,1.43336856898,0.6064251638,0.286713286713,0.603022689156,0.510249967747,0.237762237762,1.40129809949,1.18571377649,0.503496503497,2.05382127221,0.551025219373,7,3.72727272727,2.05382127221,7,0,0,0,0,0.22962962963,11,11,11,1,0,0.0909090909091,0.636363636364,0.272727272727,11,19,0.172727272727,5.99715909091,3.45454545455,1.9,2.375,1.69491217257,0.490632471007,0.253588516746,0.904534033733,0.523677598477,0.267942583732,1.67874411933,0.971904490138,0.507177033493,2.14896661873,0.35833076731,7.5,5.99715909091,2.14896661873,7.5,0.432380952381,0.333333333333,6,0.0363636363636,0.219259259259,11,11,11,1,0,0.0909090909091,0.636363636364,0.272727272727,-1,-0.00909090909091,2.95377066116,-0.181818181818,-0.1,-0.125,0.00537215986117,0.0260089675122,0.00813397129187,-0.263214382509,-0.118584030456,-0.0684210526316,-0.26126525272,-0.0951006644889,-0.0291866028708,1.09206784419,0.0110537768992,3.95454545455,2.95377066116,1.09206784419,3.95454545455,-0.0666666666667,-0.0666666666667,-2,-0.0121212121212,-0.0362962962963,0,0,0,18,1,2,89,0.9,0.988888888889,0.0111111111111,0.1,0.947368421053,0.9,0.923076923077,0.906956031802,0.888888888889,0.857142857143,6,7,0,0,0,0
2481,WLNM_dir_neg,0.857142857143,0.597082679226,00:00:02,10,60,26,1176529775,threshold_sweep,0.6,0.8,0.571428571429,0.666666666667,4,1,3,13,0.571428571429,0.928571428571,0.0714285714286,0.428571428571,0.8,0.571428571429,0.666666666667,0.809523809524,0.587301587302,0.538461538462,0.553398590529,0.5,20,13,7,0,20,0,13,0,7,11,20,0.181818181818,3.04338842975,3.63636363636,2,2.5,1.68954001271,0.464623503495,0.245454545455,1.16774841624,0.642261628933,0.336363636364,1.94000937205,1.06700515463,0.536363636364,1.05689877454,0.347276990411,3.54545454545,3.04338842975,1.05689877454,3.54545454545,0.499047619048,0.4,8,0.0484848484848,0.255555555556,11,11,11,1,0,0.0909090909091,0.636363636364,0.272727272727,11,0.118181818182,3.72727272727,2.36363636364,1.3,1.625,1.43336856898,0.6064251638,0.286713286713,0.603022689156,0.510249967747,0.237762237762,1.40129809949,1.18571377649,0.503496503497,2.05382127221,0.551025219373,7,3.72727272727,2.05382127221,7,0,0,0,0,0.22962962963,11,11,11,1,0,0.0909090909091,0.636363636364,0.272727272727,11,18,0.163636363636,6.34090909091,3.27272727273,1.8,2.25,1.55505042304,0.475154295927,0.232323232323,0.809039834956,0.494413232473,0.242424242424,1.5666989036,0.957427107756,0.494949494949,2.31913973079,0.365742466504,8,6.34090909091,2.31913973079,8,0.364285714286,0.255319148936,4,0.0242424242424,0.201851851852,11,11,11,1,0,0.0909090909091,0.636363636364,0.272727272727,-2,-0.0181818181818,3.29752066116,-0.363636363636,-0.2,-0.25,-0.134489589674,0.0105307924324,-0.0131313131313,-0.358708581286,-0.14784839646,-0.0939393939394,-0.373310468447,-0.10957804687,-0.0414141414141,1.26224095625,0.0184654760925,4.45454545455,3.29752066116,1.26224095625,4.45454545455,-0.134761904762,-0.144680851064,-4,-0.0242424242424,-0.0537037037037,0,0,0,17,1,3,89,0.85,0.988888888889,0.0111111111111,0.15,0.944444444444,0.85,0.894736842105,0.874602125628,0.838888888889,0.809523809524,5,7,0,0,0,0
2482,WLNM_dir_neg,0.857142857143,0.597082679226,00:00:02,10,60,26,1176529775,threshold_sweep,0.7,0.8,0.571428571429,0.666666666667,4,1,3,13,0.571428571429,0.928571428571,0.0714285714286,0.428571428571,0.8,0.571428571429,0.666666666667,0.809523809524,0.587301587302,0.538461538462,0.553398590529,0.5,20,13,7,0,20,0,13,0,7,11,20,0.181818181818,3.04338842975,3.63636363636,2,2.5,1.68954001271,0.464623503495,0.245454545455,1.16774841624,0.642261628933,0.336363636364,1.94000937205,1.06700515463,0.536363636364,1.05689877454,0.347276990411,3.54545454545,3.04338842975,1.05689877454,3.54545454545,0.499047619048,0.4,8,0.0484848484848,0.255555555556,11,11,11,1,0,0.0909090909091,0.636363636364,0.272727272727,11,0.118181818182,3.72727272727,2.36363636364,1.3,1.625,1.43336856898,0.6064251638,0.286713286713,0.603022689156,0.510249967747,0.237762237762,1.40129809949,1.18571377649,0.503496503497,2.05382127221,0.551025219373,7,3.72727272727,2.05382127221,7,0,0,0,0,0.22962962963,11,11,11,1,0,0.0909090909091,0.636363636364,0.272727272727,11,18,0.163636363636,6.34090909091,3.27272727273,1.8,2.25,1.55505042304,0.475154295927,0.232323232323,0.809039834956,0.494413232473,0.242424242424,1.5666989036,0.957427107756,0.494949494949,2.31913973079,0.365742466504,8,6.34090909091,2.31913973079,8,0.364285714286,0.255319148936,4,0.0242424242424,0.201851851852,11,11,11,1,0,0.0909090909091,0.636363636364,0.272727272727,-2,-0.0181818181818,3.29752066116,-0.363636363636,-0.2,-0.25,-0.134489589674,0.0105307924324,-0.0131313131313,-0.358708581286,-0.14784839646,-0.0939393939394,-0.373310468447,-0.10957804687,-0.0414141414141,1.26224095625,0.0184654760925,4.45454545455,3.29752066116,1.26224095625,4.45454545455,-0.134761904762,-0.144680851064,-4,-0.0242424242424,-0.0537037037037,0,0,0,17,1,3,89,0.85,0.988888888889,0.0111111111111,0.15,0.944444444444,0.85,0.894736842105,0.874602125628,0.838888888889,0.809523809524,5,7,0,0,0,0
2483,WLNM_dir_neg,0.857142857143,0.597082679226,00:00:02,10,60,26,1176529775,threshold_sweep,0.8,0.8,0.571428571429,0.666666666667,4,1,3,13,0.571428571429,0.928571428571,0.0714285714286,0.428571428571,0.8,0.571428571429,0.666666666667,0.809523809524,0.587301587302,0.538461538462,0.553398590529,0.5,20,13,7,0,20,0,13,0,7,11,20,0.181818181818,3.04338842975,3.63636363636,2,2.5,1.68954001271,0.464623503495,0.245454545455,1.16774841624,0.642261628933,0.336363636364,1.94000937205,1.06700515463,0.536363636364,1.05689877454,0.347276990411,3.54545454545,3.04338842975,1.05689877454,3.54545454545,0.499047619048,0.4,8,0.0484848484848,0.255555555556,11,11,11,1,0,0.0909090909091,0.636363636364,0.272727272727,11,0.118181818182,3.72727272727,2.36363636364,1.3,1.625,1.43336856898,0.6064251638,0.286713286713,0.603022689156,0.510249967747,0.237762237762,1.40129809949,1.18571377649,0.503496503497,2.05382127221,0.551025219373,7,3.72727272727,2.05382127221,7,0,0,0,0,0.22962962963,11,11,11,1,0,0.0909090909091,0.636363636364,0.272727272727,11,18,0.163636363636,6.34090909091,3.27272727273,1.8,2.25,1.55505042304,0.475154295927,0.232323232323,0.809039834956,0.494413232473,0.242424242424,1.5666989036,0.957427107756,0.494949494949,2.31913973079,0.365742466504,8,6.34090909091,2.31913973079,8,0.364285714286,0.255319148936,4,0.0242424242424,0.201851851852,11,11,11,1,0,0.0909090909091,0.636363636364,0.272727272727,-2,-0.0181818181818,3.29752066116,-0.363636363636,-0.2,-0.25,-0.134489589674,0.0105307924324,-0.0131313131313,-0.358708581286,-0.14784839646,-0.0939393939394,-0.373310468447,-0.10957804687,-0.0414141414141,1.26224095625,0.0184654760925,4.45454545455,3.29752066116,1.26224095625,4.45454545455,-0.134761904762,-0.144680851064,-4,-0.0242424242424,-0.0537037037037,0,0,0,17,1,3,89,0.85,0.988888888889,0.0111111111111,0.15,0.944444444444,0.85,0.894736842105,0.874602125628,0.838888888889,0.809523809524,5,7,0,0,0,0
2484,WLNM_dir_neg,0.857142857143,0.597082679226,00:00:02,10,60,26,1176529775,threshold_sweep,0.9,0.8,0.571428571429,0.666666666667,4,1,3,13,0.571428571429,0.928571428571,0.0714285714286,0.428571428571,0.8,0.571428571429,0.666666666667,0.809523809524,0.587301587302,0.538461538462,0.553398590529,0.5,20,13,7,0,20,0,13,0,7,11,20,0.181818181818,3.04338842975,3.63636363636,2,2.5,1.68954001271,0.464623503495,0.245454545455,1.16774841624,0.642261628933,0.336363636364,1.94000937205,1.06700515463,0.536363636364,1.05689877454,0.347276990411,3.54545454545,3.04338842975,1.05689877454,3.54545454545,0.499047619048,0.4,8,0.0484848484848,0.255555555556,11,11,11,1,0,0.0909090909091,0.636363636364,0.272727272727,11,0.118181818182,3.72727272727,2.36363636364,1.3,1.625,1.43336856898,0.6064251638,0.286713286713,0.603022689156,0.510249967747,0.237762237762,1.40129809949,1.18571377649,0.503496503497,2.05382127221,0.551025219373,7,3.72727272727,2.05382127221,7,0,0,0,0,0.22962962963,11,11,11,1,0,0.0909090909091,0.636363636364,0.272727272727,11,18,0.163636363636,6.34090909091,3.27272727273,1.8,2.25,1.55505042304,0.475154295927,0.232323232323,0.809039834956,0.494413232473,0.242424242424,1.5666989036,0.957427107756,0.494949494949,2.31913973079,0.365742466504,8,6.34090909091,2.31913973079,8,0.364285714286,0.255319148936,4,0.0242424242424,0.201851851852,11,11,11,1,0,0.0909090909091,0.636363636364,0.272727272727,-2,-0.0181818181818,3.29752066116,-0.363636363636,-0.2,-0.25,-0.134489589674,0.0105307924324,-0.0131313131313,-0.358708581286,-0.14784839646,-0.0939393939394,-0.373310468447,-0.10957804687,-0.0414141414141,1.26224095625,0.0184654760925,4.45454545455,3.29752066116,1.26224095625,4.45454545455,-0.134761904762,-0.144680851064,-4,-0.0242424242424,-0.0537037037037,0,0,0,17,1,3,89,0.85,0.988888888889,0.0111111111111,0.15,0.944444444444,0.85,0.894736842105,0.874602125628,0.838888888889,0.809523809524,5,7,0,0,0,0
2485,WLNM_dir_neg,0.918367346939,0.601461038961,00:00:01,10,60,27,1176529776,threshold_sweep,0.1,1,0.714285714286,0.833333333333,5,0,2,14,0.714285714286,1,0,0.285714285714,1,0.714285714286,0.833333333333,0.904761904762,0.587301587302,0.769230769231,0.790569415042,0.714285714286,20,13,7,0,20,0,13,0,7,11,20,0.181818181818,3.04338842975,3.63636363636,2,2.5,1.68954001271,0.464623503495,0.245454545455,1.16774841624,0.642261628933,0.336363636364,1.94000937205,1.06700515463,0.536363636364,1.05689877454,0.347276990411,3.54545454545,3.04338842975,1.05689877454,3.54545454545,0.499047619048,0.4,8,0.0484848484848,0.255555555556,11,11,11,1,0,0.0909090909091,0.636363636364,0.272727272727,11,0.118181818182,3.72727272727,2.36363636364,1.3,1.625,1.43336856898,0.6064251638,0.286713286713,0.603022689156,0.510249967747,0.237762237762,1.40129809949,1.18571377649,0.503496503497,2.05382127221,0.551025219373,7,3.72727272727,2.05382127221,7,0,0,0,0,0.22962962963,11,11,11,1,0,0.0909090909091,0.636363636364,0.272727272727,11,18,0.163636363636,3.11363636364,3.27272727273,1.8,2.25,1.42062726223,0.434080552347,0.227272727273,0.924416277737,0.564921058617,0.292929292929,1.68954001271,1.03249667443,0.525252525253,1.14353419474,0.367266456706,3.875,3.11363636364,1.14353419474,3.875,0.366666666667,0.266666666667,4,0.0242424242424,0.221111111111,11,11,11,1,0,0.0909090909091,0.636363636364,0.272727272727,-2,-0.0181818181818,0.0702479338843,-0.363636363636,-0.2,-0.25,-0.268912750482,-0.030542951148,-0.0181818181818,-0.243332138505,-0.0773405703161,-0.0434343434343,-0.250469359339,-0.0345084801933,-0.0111111111111,0.0866354202056,0.0199894662943,0.329545454545,0.0702479338843,0.0866354202056,0.329545454545,-0.132380952381,-0.133333333333,-4,-0.0242424242424,-0.0344444444444,0,0,0,18,0,2,90,0.9,1,0,0.1,1,0.9,0.947368421053,0.938314863257,0.9,0.9,5,7,0,0,0,0
2486,WLNM_dir_neg,0.918367346939,0.601461038961,00:00:01,10,60,27,1176529776,threshold_sweep,0.2,1,0.571428571429,0.727272727273,4,0,3,14,0.571428571429,1,0,0.428571428571,1,0.571428571429,0.727272727273,0.857142857143,0.603174603175,0.64,0.68599434057,0.571428571429,20,13,7,0,20,0,13,0,7,11,20,0.181818181818,3.04338842975,3.63636363636,2,2.5,1.68954001271,0.464623503495,0.245454545455,1.16774841624,0.642261628933,0.336363636364,1.94000937205,1.06700515463,0.536363636364,1.05689877454,0.347276990411,3.54545454545,3.04338842975,1.05689877454,3.54545454545,0.499047619048,0.4,8,0.0484848484848,0.255555555556,11,11,11,1,0,0.0909090909091,0.636363636364,0.272727272727,11,0.118181818182,3.72727272727,2.36363636364,1.3,1.625,1.43336856898,0.6064251638,0.286713286713,0.603022689156,0.510249967747,0.237762237762,1.40129809949,1.18571377649,0.503496503497,2.05382127221,0.551025219373,7,3.72727272727,2.05382127221,7,0,0,0,0,0.22962962963,11,11,11,1,0,0.0909090909091,0.636363636364,0.272727272727,11,17,0.154545454545,3.17727272727,3.09090909091,1.7,2.125,1.30034960334,0.420701342257,0.208556149733,0.820199532265,0.530717344407,0.267379679144,1.57249078621,1.01749403814,0.513368983957,1.2536673475,0.394573414091,4.4,3.17727272727,1.2536673475,4.4,0.213333333333,0.153846153846,2,0.0121212121212,0.205555555556,11,11,11,1,0,0.0909090909091,0.636363636364,0.272727272727,-3,-0.0272727272727,0.133884297521,-0.545454545455,-0.3,-0.375,-0.389190409368,-0.0439221612377,-0.0368983957219,-0.347548883978,-0.111544284527,-0.0689839572193,-0.367518585835,-0.0495111164884,-0.0229946524064,0.196768572961,0.0472964236795,0.854545454545,0.133884297521,0.196768572961,0.854545454545,-0.285714285714,-0.246153846154,-6,-0.0363636363636,-0.05,0,0,0,17,0,3,90,0.85,1,0,0.15,1,0.85,0.918918918919,0.906962317388,0.85,0.85,4,7,0,0,0,0
2487,WLNM_dir_neg,0.918367346939,0.601461038961,00:00:01,10,60,27,1176529776,threshold_sweep,0.3,1,0.428571428571,0.6,3,0,4,14,0.428571428571,1,0,0.571428571429,1,0.428571428571,0.6,0.809523809524,0.619047619048,0.5,0.57735026919,0.428571428571,20,13,7,0,20,0,13,0,7,11,20,0.181818181818,3.04338842975,3.63636363636,2,2.5,1.68954001271,0.464623503495,0.245454545455,1.16774841624,0.642261628933,0.336363636364,1.94000937205,1.06700515463,0.536363636364,1.05689877454,0.347276990411,3.54545454545,3.04338842975,1.05689877454,3.54545454545,0.499047619048,0.4,8,0.0484848484848,0.255555555556,11,11,11,1,0,0.0909090909091,0.636363636364,0.272727272727,11,0.118181818182,3.72727272727,2.36363636364,1.3,1.625,1.43336856898,0.6064251638,0.286713286713,0.603022689156,0.510249967747,0.237762237762,1.40129809949,1.18571377649,0.503496503497,2.05382127221,0.551025219373,7,3.72727272727,2.05382127221,7,0,0,0,0,0.22962962963,11,11,11,1,0,0.0909090909091,0.636363636364,0.272727272727,11,16,0.145454545455,3.25,2.90909090909,1.6,2,1.22102788294,0.41972833476,0.181818181818,0.687551650952,0.47269176003,0.227272727273,1.50755672289,1.03644524699,0.511363636364,1.3758835545,0.423348786001,4.66666666667,3.25,1.3758835545,4.66666666667,0.213333333333,0.176470588235,2,0.0121212121212,0.192592592593,11,11,11,1,0,0.0909090909091,0.636363636364,0.272727272727,-4,-0.0363636363636,0.206611570248,-0.727272727273,-0.4,-0.5,-0.468512129772,-0.0448951687355,-0.0636363636364,-0.48019676529,-0.169569868904,-0.109090909091,-0.43245264916,-0.0305599076407,-0.025,0.318984779967,0.07607179559,1.12121212121,0.206611570248,0.318984779967,1.12121212121,-0.285714285714,-0.223529411765,-6,-0.0363636363636,-0.062962962963,0,0,0,16,0,4,90,0.8,1,0,0.2,1,0.8,0.888888888889,0.875189948987,0.8,0.8,3,7,0,0,0,0
2488,WLNM_dir_neg,0.918367346939,0.601461038961,00:00:01,10,60,27,1176529776,threshold_sweep,0.4,1,0.428571428571,0.6,3,0,4,14,0.428571428571,1,0,0.571428571429,1,0.428571428571,0.6,0.809523809524,0.619047619048,0.5,0.57735026919,0.428571428571,20,13,7,0,20,0,13,0,7,11,20,0.181818181818,3.04338842975,3.63636363636,2,2.5,1.68954001271,0.464623503495,0.245454545455,1.16774841624,0.642261628933,0.336363636364,1.94000937205,1.06700515463,0.536363636364,1.05689877454,0.347276990411,3.54545454545,3.04338842975,1.05689877454,3.54545454545,0.499047619048,0.4,8,0.0484848484848,0.255555555556,11,11,11,1,0,0.0909090909091,0.636363636364,0.272727272727,11,0.118181818182,3.72727272727,2.36363636364,1.3,1.625,1.43336856898,0.6064251638,0.286713286713,0.603022689156,0.510249967747,0.237762237762,1.40129809949,1.18571377649,0.503496503497,2.05382127221,0.551025219373,7,3.72727272727,2.05382127221,7,0,0,0,0,0.22962962963,11,11,11,1,0,0.0909090909091,0.636363636364,0.272727272727,11,16,0.145454545455,3.25,2.90909090909,1.6,2,1.22102788294,0.41972833476,0.181818181818,0.687551650952,0.47269176003,0.227272727273,1.50755672289,1.03644524699,0.511363636364,1.3758835545,0.423348786001,4.66666666667,3.25,1.3758835545,4.66666666667,0.213333333333,0.176470588235,2,0.0121212121212,0.192592592593,11,11,11,1,0,0.0909090909091,0.636363636364,0.272727272727,-4,-0.0363636363636,0.206611570248,-0.727272727273,-0.4,-0.5,-0.468512129772,-0.0448951687355,-0.0636363636364,-0.48019676529,-0.169569868904,-0.109090909091,-0.43245264916,-0.0305599076407,-0.025,0.318984779967,0.07607179559,1.12121212121,0.206611570248,0.318984779967,1.12121212121,-0.285714285714,-0.223529411765,-6,-0.0363636363636,-0.062962962963,0,0,0,16,0,4,90,0.8,1,0,0.2,1,0.8,0.888888888889,0.875189948987,0.8,0.8,3,7,0,0,0,0
2489,WLNM_dir_neg,0.918367346939,0.601461038961,00:00:01,10,60,27,1176529776,threshold_sweep,0.5,1,0.428571428571,0.6,3,0,4,14,0.428571428571,1,0,0.571428571429,1,0.428571428571,0.6,0.809523809524,0.619047619048,0.5,0.57735026919,0.428571428571,20,13,7,0,20,0,13,0,7,11,20,0.181818181818,3.04338842975,3.63636363636,2,2.5,1.68954001271,0.464623503495,0.245454545455,1.16774841624,0.642261628933,0.336363636364,1.94000937205,1.06700515463,0.536363636364,1.05689877454,0.347276990411,3.54545454545,3.04338842975,1.05689877454,3.54545454545,0.499047619048,0.4,8,0.0484848484848,0.255555555556,11,11,11,1,0,0.0909090909091,0.636363636364,0.272727272727,11,0.118181818182,3.72727272727,2.36363636364,1.3,1.625,1.43336856898,0.6064251638,0.286713286713,0.603022689156,0.510249967747,0.237762237762,1.40129809949,1.18571377649,0.503496503497,2.05382127221,0.551025219373,7,3.72727272727,2.05382127221,7,0,0,0,0,0.22962962963,11,11,11,1,0,0.0909090909091,0.636363636364,0.272727272727,11,16,0.145454545455,3.25,2.90909090909,1.6,2,1.22102788294,0.41972833476,0.181818181818,0.687551650952,0.47269176003,0.227272727273,1.50755672289,1.03644524699,0.511363636364,1.3758835545,0.423348786001,4.66666666667,3.25,1.3758835545,4.66666666667,0.213333333333,0.176470588235,2,0.0121212121212,0.192592592593,11,11,11,1,0,0.0909090909091,0.636363636364,0.272727272727,-4,-0.0363636363636,0.206611570248,-0.727272727273,-0.4,-0.5,-0.468512129772,-0.0448951687355,-0.0636363636364,-0.48019676529,-0.169569868904,-0.109090909091,-0.43245264916,-0.0305599076407,-0.025,0.318984779967,0.07607179559,1.12121212121,0.206611570248,0.318984779967,1.12121212121,-0.285714285714,-0.223529411765,-6,-0.0363636363636,-0.062962962963,0,0,0,16,0,4,90,0.8,1,0,0.2,1,0.8,0.888888888889,0.875189948987,0.8,0.8,3,7,0,0,0,0
2490,WLNM_dir_neg,0.918367346939,0.601461038961,00:00:01,10,60,27,1176529776,threshold_sweep,0.6,1,0.428571428571,0.6,3,0,4,14,0.428571428571,1,0,0.571428571429,1,0.428571428571,0.6,0.809523809524,0.619047619048,0.5,0.57735026919,0.428571428571,20,13,7,0,20,0,13,0,7,11,20,0.181818181818,3.04338842975,3.63636363636,2,2.5,1.68954001271,0.464623503495,0.245454545455,1.16774841624,0.642261628933,0.336363636364,1.94000937205,1.06700515463,0.536363636364,1.05689877454,0.347276990411,3.54545454545,3.04338842975,1.05689877454,3.54545454545,0.499047619048,0.4,8,0.0484848484848,0.255555555556,11,11,11,1,0,0.0909090909091,0.636363636364,0.272727272727,11,0.118181818182,3.72727272727,2.36363636364,1.3,1.625,1.43336856898,0.6064251638,0.286713286713,0.603022689156,0.510249967747,0.237762237762,1.40129809949,1.18571377649,0.503496503497,2.05382127221,0.551025219373,7,3.72727272727,2.05382127221,7,0,0,0,0,0.22962962963,11,11,11,1,0,0.0909090909091,0.636363636364,0.272727272727,11,16,0.145454545455,3.25,2.90909090909,1.6,2,1.22102788294,0.41972833476,0.181818181818,0.687551650952,0.47269176003,0.227272727273,1.50755672289,1.03644524699,0.511363636364,1.3758835545,0.423348786001,4.66666666667,3.25,1.3758835545,4.66666666667,0.213333333333,0.176470588235,2,0.0121212121212,0.192592592593,11,11,11,1,0,0.0909090909091,0.636363636364,0.272727272727,-4,-0.0363636363636,0.206611570248,-0.727272727273,-0.4,-0.5,-0.468512129772,-0.0448951687355,-0.0636363636364,-0.48019676529,-0.169569868904,-0.109090909091,-0.43245264916,-0.0305599076407,-0.025,0.318984779967,0.07607179559,1.12121212121,0.206611570248,0.318984779967,1.12121212121,-0.285714285714,-0.223529411765,-6,-0.0363636363636,-0.062962962963,0,0,0,16,0,4,90,0.8,1,0,0.2,1,0.8,0.888888888889,0.875189948987,0.8,0.8,3,7,0,0,0,0
2491,WLNM_dir_neg,0.918367346939,0.601461038961,00:00:01,10,60,27,1176529776,threshold_sweep,0.7,1,0.428571428571,0.6,3,0,4,14,0.428571428571,1,0,0.571428571429,1,0.428571428571,0.6,0.809523809524,0.619047619048,0.5,0.57735026919,0.428571428571,20,13,7,0,20,0,13,0,7,11,20,0.181818181818,3.04338842975,3.63636363636,2,2.5,1.68954001271,0.464623503495,0.245454545455,1.16774841624,0.642261628933,0.336363636364,1.94000937205,1.06700515463,0.536363636364,1.05689877454,0.347276990411,3.54545454545,3.04338842975,1.05689877454,3.54545454545,0.499047619048,0.4,8,0.0484848484848,0.255555555556,11,11,11,1,0,0.0909090909091,0.636363636364,0.272727272727,11,0.118181818182,3.72727272727,2.36363636364,1.3,1.625,1.43336856898,0.6064251638,0.286713286713,0.603022689156,0.510249967747,0.237762237762,1.40129809949,1.18571377649,0.503496503497,2.05382127221,0.551025219373,7,3.72727272727,2.05382127221,7,0,0,0,0,0.22962962963,11,11,11,1,0,0.0909090909091,0.636363636364,0.272727272727,11,16,0.145454545455,3.25,2.90909090909,1.6,2,1.22102788294,0.41972833476,0.181818181818,0.687551650952,0.47269176003,0.227272727273,1.50755672289,1.03644524699,0.511363636364,1.3758835545,0.423348786001,4.66666666667,3.25,1.3758835545,4.66666666667,0.213333333333,0.176470588235,2,0.0121212121212,0.192592592593,11,11,11,1,0,0.0909090909091,0.636363636364,0.272727272727,-4,-0.0363636363636,0.206611570248,-0.727272727273,-0.4,-0.5,-0.468512129772,-0.0448951687355,-0.0636363636364,-0.48019676529,-0.169569868904,-0.109090909091,-0.43245264916,-0.0305599076407,-0.025,0.318984779967,0.07607179559,1.12121212121,0.206611570248,0.318984779967,1.12121212121,-0.285714285714,-0.223529411765,-6,-0.0363636363636,-0.062962962963,0,0,0,16,0,4,90,0.8,1,0,0.2,1,0.8,0.888888888889,0.875189948987,0.8,0.8,3,7,0,0,0,0
2492,WLNM_dir_neg,0.918367346939,0.601461038961,00:00:01,10,60,27,1176529776,threshold_sweep,0.8,1,0.428571428571,0.6,3,0,4,14,0.428571428571,1,0,0.571428571429,1,0.428571428571,0.6,0.809523809524,0.619047619048,0.5,0.57735026919,0.428571428571,20,13,7,0,20,0,13,0,7,11,20,0.181818181818,3.04338842975,3.63636363636,2,2.5,1.68954001271,0.464623503495,0.245454545455,1.16774841624,0.642261628933,0.336363636364,1.94000937205,1.06700515463,0.536363636364,1.05689877454,0.347276990411,3.54545454545,3.04338842975,1.05689877454,3.54545454545,0.499047619048,0.4,8,0.0484848484848,0.255555555556,11,11,11,1,0,0.0909090909091,0.636363636364,0.272727272727,11,0.118181818182,3.72727272727,2.36363636364,1.3,1.625,1.43336856898,0.6064251638,0.286713286713,0.603022689156,0.510249967747,0.237762237762,1.40129809949,1.18571377649,0.503496503497,2.05382127221,0.551025219373,7,3.72727272727,2.05382127221,7,0,0,0,0,0.22962962963,11,11,11,1,0,0.0909090909091,0.636363636364,0.272727272727,11,16,0.145454545455,3.25,2.90909090909,1.6,2,1.22102788294,0.41972833476,0.181818181818,0.687551650952,0.47269176003,0.227272727273,1.50755672289,1.03644524699,0.511363636364,1.3758835545,0.423348786001,4.66666666667,3.25,1.3758835545,4.66666666667,0.213333333333,0.176470588235,2,0.0121212121212,0.192592592593,11,11,11,1,0,0.0909090909091,0.636363636364,0.272727272727,-4,-0.0363636363636,0.206611570248,-0.727272727273,-0.4,-0.5,-0.468512129772,-0.0448951687355,-0.0636363636364,-0.48019676529,-0.169569868904,-0.109090909091,-0.43245264916,-0.0305599076407,-0.025,0.318984779967,0.07607179559,1.12121212121,0.206611570248,0.318984779967,1.12121212121,-0.285714285714,-0.223529411765,-6,-0.0363636363636,-0.062962962963,0,0,0,16,0,4,90,0.8,1,0,0.2,1,0.8,0.888888888889,0.875189948987,0.8,0.8,3,7,0,0,0,0
2493,WLNM_dir_neg,0.918367346939,0.601461038961,00:00:01,10,60,27,1176529776,threshold_sweep,0.9,1,0.285714285714,0.444444444444,2,0,5,14,0.285714285714,1,0,0.714285714286,1,0.285714285714,0.444444444444,0.761904761905,0.634920634921,0.347826086957,0.458831467741,0.285714285714,20,13,7,0,20,0,13,0,7,11,20,0.181818181818,3.04338842975,3.63636363636,2,2.5,1.68954001271,0.464623503495,0.245454545455,1.16774841624,0.642261628933,0.336363636364,1.94000937205,1.06700515463,0.536363636364,1.05689877454,0.347276990411,3.54545454545,3.04338842975,1.05689877454,3.54545454545,0.499047619048,0.4,8,0.0484848484848,0.255555555556,11,11,11,1,0,0.0909090909091,0.636363636364,0.272727272727,11,0.118181818182,3.72727272727,2.36363636364,1.3,1.625,1.43336856898,0.6064251638,0.286713286713,0.603022689156,0.510249967747,0.237762237762,1.40129809949,1.18571377649,0.503496503497,2.05382127221,0.551025219373,7,3.72727272727,2.05382127221,7,0,0,0,0,0.22962962963,11,11,11,1,0,0.0909090909091,0.636363636364,0.272727272727,11,15,0.136363636364,3.61363636364,2.72727272727,1.5,1.875,1.27207775634,0.466428510659,0.212121212121,0.674199862463,0.494413232473,0.242424242424,1.50151438706,1.10111055051,0.521212121212,2.09572074823,0.579947880012,7,3.61363636364,2.09572074823,7,0.237037037037,0.193548387097,2,0.0121212121212,0.185185185185,11,11,11,1,0,0.0909090909091,0.636363636364,0.272727272727,-5,-0.0454545454545,0.570247933884,-0.909090909091,-0.5,-0.625,-0.417462256367,0.00180500716395,-0.0333333333333,-0.493548553779,-0.14784839646,-0.0939393939394,-0.438494984989,0.0341053958833,-0.0151515151515,1.03882197369,0.232670889601,3.45454545455,0.570247933884,1.03882197369,3.45454545455,-0.262010582011,-0.206451612903,-6,-0.0363636363636,-0.0703703703704,0,0,0,15,0,5,90,0.75,1,0,0.25,1,0.75,0.857142857143,0.842927230424,0.75,0.75,2,7,0,0,0,0
2494,WLNM_dir_neg,0.928571428571,0.609145021645,00:00:00,10,60,28,1176529777,threshold_sweep,0.1,1,0.714285714286,0.833333333333,5,0,2,14,0.714285714286,1,0,0.285714285714,1,0.714285714286,0.833333333333,0.904761904762,0.587301587302,0.769230769231,0.790569415042,0.714285714286,20,13,7,0,20,0,13,0,7,11,20,0.181818181818,3.04338842975,3.63636363636,2,2.5,1.68954001271,0.464623503495,0.245454545455,1.16774841624,0.642261628933,0.336363636364,1.94000937205,1.06700515463,0.536363636364,1.05689877454,0.347276990411,3.54545454545,3.04338842975,1.05689877454,3.54545454545,0.499047619048,0.4,8,0.0484848484848,0.255555555556,11,11,11,1,0,0.0909090909091,0.636363636364,0.272727272727,11,0.118181818182,3.72727272727,2.36363636364,1.3,1.625,1.43336856898,0.6064251638,0.286713286713,0.603022689156,0.510249967747,0.237762237762,1.40129809949,1.18571377649,0.503496503497,2.05382127221,0.551025219373,7,3.72727272727,2.05382127221,7,0,0,0,0,0.22962962963,11,11,11,1,0,0.0909090909091,0.636363636364,0.272727272727,11,18,0.163636363636,3.11363636364,3.27272727273,1.8,2.25,1.42062726223,0.434080552347,0.227272727273,0.924416277737,0.564921058617,0.292929292929,1.68954001271,1.03249667443,0.525252525253,1.14353419474,0.367266456706,3.875,3.11363636364,1.14353419474,3.875,0.366666666667,0.266666666667,4,0.0242424242424,0.221111111111,11,11,11,1,0,0.0909090909091,0.636363636364,0.272727272727,-2,-0.0181818181818,0.0702479338843,-0.363636363636,-0.2,-0.25,-0.268912750482,-0.030542951148,-0.0181818181818,-0.243332138505,-0.0773405703161,-0.0434343434343,-0.250469359339,-0.0345084801933,-0.0111111111111,0.0866354202056,0.0199894662943,0.329545454545,0.0702479338843,0.0866354202056,0.329545454545,-0.132380952381,-0.133333333333,-4,-0.0242424242424,-0.0344444444444,0,0,0,18,0,2,90,0.9,1,0,0.1,1,0.9,0.947368421053,0.938314863257,0.9,0.9,5,7,0,0,0,0
2495,WLNM_dir_neg,0.928571428571,0.609145021645,00:00:00,10,60,28,1176529777,threshold_sweep,0.2,1,0.714285714286,0.833333333333,5,0,2,14,0.714285714286,1,0,0.285714285714,1,0.714285714286,0.833333333333,0.904761904762,0.587301587302,0.769230769231,0.790569415042,0.714285714286,20,13,7,0,20,0,13,0,7,11,20,0.181818181818,3.04338842975,3.63636363636,2,2.5,1.68954001271,0.464623503495,0.245454545455,1.16774841624,0.642261628933,0.336363636364,1.94000937205,1.06700515463,0.536363636364,1.05689877454,0.347276990411,3.54545454545,3.04338842975,1.05689877454,3.54545454545,0.499047619048,0.4,8,0.0484848484848,0.255555555556,11,11,11,1,0,0.0909090909091,0.636363636364,0.272727272727,11,0.118181818182,3.72727272727,2.36363636364,1.3,1.625,1.43336856898,0.6064251638,0.286713286713,0.603022689156,0.510249967747,0.237762237762,1.40129809949,1.18571377649,0.503496503497,2.05382127221,0.551025219373,7,3.72727272727,2.05382127221,7,0,0,0,0,0.22962962963,11,11,11,1,0,0.0909090909091,0.636363636364,0.272727272727,11,18,0.163636363636,3.11363636364,3.27272727273,1.8,2.25,1.42062726223,0.434080552347,0.227272727273,0.924416277737,0.564921058617,0.292929292929,1.68954001271,1.03249667443,0.525252525253,1.14353419474,0.367266456706,3.875,3.11363636364,1.14353419474,3.875,0.366666666667,0.266666666667,4,0.0242424242424,0.221111111111,11,11,11,1,0,0.0909090909091,0.636363636364,0.272727272727,-2,-0.0181818181818,0.0702479338843,-0.363636363636,-0.2,-0.25,-0.268912750482,-0.030542951148,-0.0181818181818,-0.243332138505,-0.0773405703161,-0.0434343434343,-0.250469359339,-0.0345084801933,-0.0111111111111,0.0866354202056,0.0199894662943,0.329545454545,0.0702479338843,0.0866354202056,0.329545454545,-0.132380952381,-0.133333333333,-4,-0.0242424242424,-0.0344444444444,0,0,0,18,0,2,90,0.9,1,0,0.1,1,0.9,0.947368421053,0.938314863257,0.9,0.9,5,7,0,0,0,0
2496,WLNM_dir_neg,0.928571428571,0.609145021645,00:00:00,10,60,28,1176529777,threshold_sweep,0.3,1,0.714285714286,0.833333333333,5,0,2,14,0.714285714286,1,0,0.285714285714,1,0.714285714286,0.833333333333,0.904761904762,0.587301587302,0.769230769231,0.790569415042,0.714285714286,20,13,7,0,20,0,13,0,7,11,20,0.181818181818,3.04338842975,3.63636363636,2,2.5,1.68954001271,0.464623503495,0.245454545455,1.16774841624,0.642261628933,0.336363636364,1.94000937205,1.06700515463,0.536363636364,1.05689877454,0.347276990411,3.54545454545,3.04338842975,1.05689877454,3.54545454545,0.499047619048,0.4,8,0.0484848484848,0.255555555556,11,11,11,1,0,0.0909090909091,0.636363636364,0.272727272727,11,0.118181818182,3.72727272727,2.36363636364,1.3,1.625,1.43336856898,0.6064251638,0.286713286713,0.603022689156,0.510249967747,0.237762237762,1.40129809949,1.18571377649,0.503496503497,2.05382127221,0.551025219373,7,3.72727272727,2.05382127221,7,0,0,0,0,0.22962962963,11,11,11,1,0,0.0909090909091,0.636363636364,0.272727272727,11,18,0.163636363636,3.11363636364,3.27272727273,1.8,2.25,1.42062726223,0.434080552347,0.227272727273,0.924416277737,0.564921058617,0.292929292929,1.68954001271,1.03249667443,0.525252525253,1.14353419474,0.367266456706,3.875,3.11363636364,1.14353419474,3.875,0.366666666667,0.266666666667,4,0.0242424242424,0.221111111111,11,11,11,1,0,0.0909090909091,0.636363636364,0.272727272727,-2,-0.0181818181818,0.0702479338843,-0.363636363636,-0.2,-0.25,-0.268912750482,-0.030542951148,-0.0181818181818,-0.243332138505,-0.0773405703161,-0.0434343434343,-0.250469359339,-0.0345084801933,-0.0111111111111,0.0866354202056,0.0199894662943,0.329545454545,0.0702479338843,0.0866354202056,0.329545454545,-0.132380952381,-0.133333333333,-4,-0.0242424242424,-0.0344444444444,0,0,0,18,0,2,90,0.9,1,0,0.1,1,0.9,0.947368421053,0.938314863257,0.9,0.9,5,7,0,0,0,0
2497,WLNM_dir_neg,0.928571428571,0.609145021645,00:00:00,10,60,28,1176529777,threshold_sweep,0.4,1,0.714285714286,0.833333333333,5,0,2,14,0.714285714286,1,0,0.285714285714,1,0.714285714286,0.833333333333,0.904761904762,0.587301587302,0.769230769231,0.790569415042,0.714285714286,20,13,7,0,20,0,13,0,7,11,20,0.181818181818,3.04338842975,3.63636363636,2,2.5,1.68954001271,0.464623503495,0.245454545455,1.16774841624,0.642261628933,0.336363636364,1.94000937205,1.06700515463,0.536363636364,1.05689877454,0.347276990411,3.54545454545,3.04338842975,1.05689877454,3.54545454545,0.499047619048,0.4,8,0.0484848484848,0.255555555556,11,11,11,1,0,0.0909090909091,0.636363636364,0.272727272727,11,0.118181818182,3.72727272727,2.36363636364,1.3,1.625,1.43336856898,0.6064251638,0.286713286713,0.603022689156,0.510249967747,0.237762237762,1.40129809949,1.18571377649,0.503496503497,2.05382127221,0.551025219373,7,3.72727272727,2.05382127221,7,0,0,0,0,0.22962962963,11,11,11,1,0,0.0909090909091,0.636363636364,0.272727272727,11,18,0.163636363636,3.11363636364,3.27272727273,1.8,2.25,1.42062726223,0.434080552347,0.227272727273,0.924416277737,0.564921058617,0.292929292929,1.68954001271,1.03249667443,0.525252525253,1.14353419474,0.367266456706,3.875,3.11363636364,1.14353419474,3.875,0.366666666667,0.266666666667,4,0.0242424242424,0.221111111111,11,11,11,1,0,0.0909090909091,0.636363636364,0.272727272727,-2,-0.0181818181818,0.0702479338843,-0.363636363636,-0.2,-0.25,-0.268912750482,-0.030542951148,-0.0181818181818,-0.243332138505,-0.0773405703161,-0.0434343434343,-0.250469359339,-0.0345084801933,-0.0111111111111,0.0866354202056,0.0199894662943,0.329545454545,0.0702479338843,0.0866354202056,0.329545454545,-0.132380952381,-0.133333333333,-4,-0.0242424242424,-0.0344444444444,0,0,0,18,0,2,90,0.9,1,0,0.1,1,0.9,0.947368421053,0.938314863257,0.9,0.9,5,7,0,0,0,0
2498,WLNM_dir_neg,0.928571428571,0.609145021645,00:00:00,10,60,28,1176529777,threshold_sweep,0.5,1,0.714285714286,0.833333333333,5,0,2,14,0.714285714286,1,0,0.285714285714,1,0.714285714286,0.833333333333,0.904761904762,0.587301587302,0.769230769231,0.790569415042,0.714285714286,20,13,7,0,20,0,13,0,7,11,20,0.181818181818,3.04338842975,3.63636363636,2,2.5,1.68954001271,0.464623503495,0.245454545455,1.16774841624,0.642261628933,0.336363636364,1.94000937205,1.06700515463,0.536363636364,1.05689877454,0.347276990411,3.54545454545,3.04338842975,1.05689877454,3.54545454545,0.499047619048,0.4,8,0.0484848484848,0.255555555556,11,11,11,1,0,0.0909090909091,0.636363636364,0.272727272727,11,0.118181818182,3.72727272727,2.36363636364,1.3,1.625,1.43336856898,0.6064251638,0.286713286713,0.603022689156,0.510249967747,0.237762237762,1.40129809949,1.18571377649,0.503496503497,2.05382127221,0.551025219373,7,3.72727272727,2.05382127221,7,0,0,0,0,0.22962962963,11,11,11,1,0,0.0909090909091,0.636363636364,0.272727272727,11,18,0.163636363636,3.11363636364,3.27272727273,1.8,2.25,1.42062726223,0.434080552347,0.227272727273,0.924416277737,0.564921058617,0.292929292929,1.68954001271,1.03249667443,0.525252525253,1.14353419474,0.367266456706,3.875,3.11363636364,1.14353419474,3.875,0.366666666667,0.266666666667,4,0.0242424242424,0.221111111111,11,11,11,1,0,0.0909090909091,0.636363636364,0.272727272727,-2,-0.0181818181818,0.0702479338843,-0.363636363636,-0.2,-0.25,-0.268912750482,-0.030542951148,-0.0181818181818,-0.243332138505,-0.0773405703161,-0.0434343434343,-0.250469359339,-0.0345084801933,-0.0111111111111,0.0866354202056,0.0199894662943,0.329545454545,0.0702479338843,0.0866354202056,0.329545454545,-0.132380952381,-0.133333333333,-4,-0.0242424242424,-0.0344444444444,0,0,0,18,0,2,90,0.9,1,0,0.1,1,0.9,0.947368421053,0.938314863257,0.9,0.9,5,7,0,0,0,0
2499,WLNM_dir_neg,0.928571428571,0.609145021645,00:00:00,10,60,28,1176529777,threshold_sweep,0.6,1,0.714285714286,0.833333333333,5,0,2,14,0.714285714286,1,0,0.285714285714,1,0.714285714286,0.833333333333,0.904761904762,0.587301587302,0.769230769231,0.790569415042,0.714285714286,20,13,7,0,20,0,13,0,7,11,20,0.181818181818,3.04338842975,3.63636363636,2,2.5,1.68954001271,0.464623503495,0.245454545455,1.16774841624,0.642261628933,0.336363636364,1.94000937205,1.06700515463,0.536363636364,1.05689877454,0.347276990411,3.54545454545,3.04338842975,1.05689877454,3.54545454545,0.499047619048,0.4,8,0.0484848484848,0.255555555556,11,11,11,1,0,0.0909090909091,0.636363636364,0.272727272727,11,0.118181818182,3.72727272727,2.36363636364,1.3,1.625,1.43336856898,0.6064251638,0.286713286713,0.603022689156,0.510249967747,0.237762237762,1.40129809949,1.18571377649,0.503496503497,2.05382127221,0.551025219373,7,3.72727272727,2.05382127221,7,0,0,0,0,0.22962962963,11,11,11,1,0,0.0909090909091,0.636363636364,0.272727272727,11,18,0.163636363636,3.11363636364,3.27272727273,1.8,2.25,1.42062726223,0.434080552347,0.227272727273,0.924416277737,0.564921058617,0.292929292929,1.68954001271,1.03249667443,0.525252525253,1.14353419474,0.367266456706,3.875,3.11363636364,1.14353419474,3.875,0.366666666667,0.266666666667,4,0.0242424242424,0.221111111111,11,11,11,1,0,0.0909090909091,0.636363636364,0.272727272727,-2,-0.0181818181818,0.0702479338843,-0.363636363636,-0.2,-0.25,-0.268912750482,-0.030542951148,-0.0181818181818,-0.243332138505,-0.0773405703161,-0.0434343434343,-0.250469359339,-0.0345084801933,-0.0111111111111,0.0866354202056,0.0199894662943,0.329545454545,0.0702479338843,0.0866354202056,0.329545454545,-0.132380952381,-0.133333333333,-4,-0.0242424242424,-0.0344444444444,0,0,0,18,0,2,90,0.9,1,0,0.1,1,0.9,0.947368421053,0.938314863257,0.9,0.9,5,7,0,0,0,0
2500,WLNM_dir_neg,0.928571428571,0.609145021645,00:00:00,10,60,28,1176529777,threshold_sweep,0.7,1,0.714285714286,0.833333333333,5,0,2,14,0.714285714286,1,0,0.285714285714,1,0.714285714286,0.833333333333,0.904761904762,0.587301587302,0.769230769231,0.790569415042,0.714285714286,20,13,7,0,20,0,13,0,7,11,20,0.181818181818,3.04338842975,3.63636363636,2,2.5,1.68954001271,0.464623503495,0.245454545455,1.16774841624,0.642261628933,0.336363636364,1.94000937205,1.06700515463,0.536363636364,1.05689877454,0.347276990411,3.54545454545,3.04338842975,1.05689877454,3.54545454545,0.499047619048,0.4,8,0.0484848484848,0.255555555556,11,11,11,1,0,0.0909090909091,0.636363636364,0.272727272727,11,0.118181818182,3.72727272727,2.36363636364,1.3,1.625,1.43336856898,0.6064251638,0.286713286713,0.603022689156,0.510249967747,0.237762237762,1.40129809949,1.18571377649,0.503496503497,2.05382127221,0.551025219373,7,3.72727272727,2.05382127221,7,0,0,0,0,0.22962962963,11,11,11,1,0,0.0909090909091,0.636363636364,0.272727272727,11,18,0.163636363636,3.11363636364,3.27272727273,1.8,2.25,1.42062726223,0.434080552347,0.227272727273,0.924416277737,0.564921058617,0.292929292929,1.68954001271,1.03249667443,0.525252525253,1.14353419474,0.367266456706,3.875,3.11363636364,1.14353419474,3.875,0.366666666667,0.266666666667,4,0.0242424242424,0.221111111111,11,11,11,1,0,0.0909090909091,0.636363636364,0.272727272727,-2,-0.0181818181818,0.0702479338843,-0.363636363636,-0.2,-0.25,-0.268912750482,-0.030542951148,-0.0181818181818,-0.243332138505,-0.0773405703161,-0.0434343434343,-0.250469359339,-0.0345084801933,-0.0111111111111,0.0866354202056,0.0199894662943,0.329545454545,0.0702479338843,0.0866354202056,0.329545454545,-0.132380952381,-0.133333333333,-4,-0.0242424242424,-0.0344444444444,0,0,0,18,0,2,90,0.9,1,0,0.1,1,0.9,0.947368421053,0.938314863257,0.9,0.9,5,7,0,0,0,0
2501,WLNM_dir_neg,0.928571428571,0.609145021645,00:00:00,10,60,28,1176529777,threshold_sweep,0.8,1,0.571428571429,0.727272727273,4,0,3,14,0.571428571429,1,0,0.428571428571,1,0.571428571429,0.727272727273,0.857142857143,0.603174603175,0.64,0.68599434057,0.571428571429,20,13,7,0,20,0,13,0,7,11,20,0.181818181818,3.04338842975,3.63636363636,2,2.5,1.68954001271,0.464623503495,0.245454545455,1.16774841624,0.642261628933,0.336363636364,1.94000937205,1.06700515463,0.536363636364,1.05689877454,0.347276990411,3.54545454545,3.04338842975,1.05689877454,3.54545454545,0.499047619048,0.4,8,0.0484848484848,0.255555555556,11,11,11,1,0,0.0909090909091,0.636363636364,0.272727272727,11,0.118181818182,3.72727272727,2.36363636364,1.3,1.625,1.43336856898,0.6064251638,0.286713286713,0.603022689156,0.510249967747,0.237762237762,1.40129809949,1.18571377649,0.503496503497,2.05382127221,0.551025219373,7,3.72727272727,2.05382127221,7,0,0,0,0,0.22962962963,11,11,11,1,0,0.0909090909091,0.636363636364,0.272727272727,11,17,0.154545454545,3.15909090909,3.09090909091,1.7,2.125,1.30034960334,0.420701342257,0.208556149733,0.820199532265,0.530717344407,0.267379679144,1.57249078621,1.01749403814,0.513368983957,1.21589847064,0.38488872452,4,3.15909090909,1.21589847064,4,0.296666666667,0.230769230769,3,0.0181818181818,0.203703703704,11,11,11,1,0,0.0909090909091,0.636363636364,0.272727272727,-3,-0.0272727272727,0.115702479339,-0.545454545455,-0.3,-0.375,-0.389190409368,-0.0439221612377,-0.0368983957219,-0.347548883978,-0.111544284527,-0.0689839572193,-0.367518585835,-0.0495111164884,-0.0229946524064,0.158999696105,0.0376117341084,0.454545454545,0.115702479339,0.158999696105,0.454545454545,-0.202380952381,-0.169230769231,-5,-0.030303030303,-0.0518518518519,0,0,0,17,0,3,90,0.85,1,0,0.15,1,0.85,0.918918918919,0.906962317388,0.85,0.85,4,7,0,0,0,0
2502,WLNM_dir_neg,0.928571428571,0.609145021645,00:00:00,10,60,28,1176529777,threshold_sweep,0.9,1,0.571428571429,0.727272727273,4,0,3,14,0.571428571429,1,0,0.428571428571,1,0.571428571429,0.727272727273,0.857142857143,0.603174603175,0.64,0.68599434057,0.571428571429,20,13,7,0,20,0,13,0,7,11,20,0.181818181818,3.04338842975,3.63636363636,2,2.5,1.68954001271,0.464623503495,0.245454545455,1.16774841624,0.642261628933,0.336363636364,1.94000937205,1.06700515463,0.536363636364,1.05689877454,0.347276990411,3.54545454545,3.04338842975,1.05689877454,3.54545454545,0.499047619048,0.4,8,0.0484848484848,0.255555555556,11,11,11,1,0,0.0909090909091,0.636363636364,0.272727272727,11,0.118181818182,3.72727272727,2.36363636364,1.3,1.625,1.43336856898,0.6064251638,0.286713286713,0.603022689156,0.510249967747,0.237762237762,1.40129809949,1.18571377649,0.503496503497,2.05382127221,0.551025219373,7,3.72727272727,2.05382127221,7,0,0,0,0,0.22962962963,11,11,11,1,0,0.0909090909091,0.636363636364,0.272727272727,11,17,0.154545454545,3.15909090909,3.09090909091,1.7,2.125,1.30034960334,0.420701342257,0.208556149733,0.820199532265,0.530717344407,0.267379679144,1.57249078621,1.01749403814,0.513368983957,1.21589847064,0.38488872452,4,3.15909090909,1.21589847064,4,0.296666666667,0.230769230769,3,0.0181818181818,0.203703703704,11,11,11,1,0,0.0909090909091,0.636363636364,0.272727272727,-3,-0.0272727272727,0.115702479339,-0.545454545455,-0.3,-0.375,-0.389190409368,-0.0439221612377,-0.0368983957219,-0.347548883978,-0.111544284527,-0.0689839572193,-0.367518585835,-0.0495111164884,-0.0229946524064,0.158999696105,0.0376117341084,0.454545454545,0.115702479339,0.158999696105,0.454545454545,-0.202380952381,-0.169230769231,-5,-0.030303030303,-0.0518518518519,0,0,0,17,0,3,90,0.85,1,0,0.15,1,0.85,0.918918918919,0.906962317388,0.85,0.85,4,7,0,0,0,0
2503,WLNM_dir_neg,0.816326530612,0.439883529169,00:00:00,10,60,29,1176529778,threshold_sweep,0.1,0.428571428571,0.428571428571,0.428571428571,3,4,4,10,0.428571428571,0.714285714286,0.285714285714,0.571428571429,0.428571428571,0.428571428571,0.428571428571,0.619047619048,0.555555555556,0.142857142857,0.142857142857,0.142857142857,20,13,7,0,20,0,13,0,7,11,20,0.181818181818,3.04338842975,3.63636363636,2,2.5,1.68954001271,0.464623503495,0.245454545455,1.16774841624,0.642261628933,0.336363636364,1.94000937205,1.06700515463,0.536363636364,1.05689877454,0.347276990411,3.54545454545,3.04338842975,1.05689877454,3.54545454545,0.499047619048,0.4,8,0.0484848484848,0.255555555556,11,11,11,1,0,0.0909090909091,0.636363636364,0.272727272727,11,0.118181818182,3.72727272727,2.36363636364,1.3,1.625,1.43336856898,0.6064251638,0.286713286713,0.603022689156,0.510249967747,0.237762237762,1.40129809949,1.18571377649,0.503496503497,2.05382127221,0.551025219373,7,3.72727272727,2.05382127221,7,0,0,0,0,0.22962962963,11,11,11,1,0,0.0909090909091,0.636363636364,0.272727272727,11,20,0.181818181818,NaN,3.63636363636,1.81818181818,1.81818181818,1.50151438706,0.412916456441,0.181818181818,0.873862897505,0.480624593628,0.218181818182,1.25045446284,0.687749954562,0.309090909091,NaN,NaN,NaN,NaN,NaN,NaN,0.315151515152,0.235294117647,4,0.0242424242424,0.161212121212,11,11,0,1,2,0,1,0,0,0,NaN,0,-0.181818181818,-0.681818181818,-0.18802562565,-0.0517070470538,-0.0636363636364,-0.293885518737,-0.161637035305,-0.118181818182,-0.689554909209,-0.379255200065,-0.227272727273,NaN,NaN,NaN,NaN,NaN,NaN,-0.183896103896,-0.164705882353,-4,-0.0242424242424,-0.0943434343434,-0.0909090909091,0.363636363636,-0.272727272727,16,4,4,86,0.8,0.955555555556,0.0444444444444,0.2,0.8,0.8,0.8,0.755555555556,0.755555555556,0.666666666667,7,7,0,0,0,0
2504,WLNM_dir_neg,0.816326530612,0.439883529169,00:00:00,10,60,29,1176529778,threshold_sweep,0.2,0.5,0.428571428571,0.461538461538,3,3,4,11,0.428571428571,0.785714285714,0.214285714286,0.571428571429,0.5,0.428571428571,0.461538461538,0.666666666667,0.571428571429,0.222222222222,0.22360679775,0.214285714286,20,13,7,0,20,0,13,0,7,11,20,0.181818181818,3.04338842975,3.63636363636,2,2.5,1.68954001271,0.464623503495,0.245454545455,1.16774841624,0.642261628933,0.336363636364,1.94000937205,1.06700515463,0.536363636364,1.05689877454,0.347276990411,3.54545454545,3.04338842975,1.05689877454,3.54545454545,0.499047619048,0.4,8,0.0484848484848,0.255555555556,11,11,11,1,0,0.0909090909091,0.636363636364,0.272727272727,11,0.118181818182,3.72727272727,2.36363636364,1.3,1.625,1.43336856898,0.6064251638,0.286713286713,0.603022689156,0.510249967747,0.237762237762,1.40129809949,1.18571377649,0.503496503497,2.05382127221,0.551025219373,7,3.72727272727,2.05382127221,7,0,0,0,0,0.22962962963,11,11,11,1,0,0.0909090909091,0.636363636364,0.272727272727,11,19,0.172727272727,NaN,3.45454545455,1.72727272727,1.72727272727,1.29333958137,0.374387773553,0.153110047847,0.646669790683,0.374387773553,0.181818181818,1.27207775634,0.736466069462,0.315789473684,NaN,NaN,NaN,NaN,NaN,NaN,0.327272727273,0.272727272727,4,0.0242424242424,0.157575757576,11,11,0,1,2,0,1,0,-1,-0.00909090909091,NaN,-0.181818181818,-0.272727272727,-0.772727272727,-0.396200431343,-0.0902357299418,-0.0923444976077,-0.521078625559,-0.26787385538,-0.154545454545,-0.667931615706,-0.330539085165,-0.220574162679,NaN,NaN,NaN,NaN,NaN,NaN,-0.171774891775,-0.127272727273,-4,-0.0242424242424,-0.0979797979798,-0.0909090909091,0.363636363636,-0.272727272727,16,3,4,87,0.8,0.966666666667,0.0333333333333,0.2,0.842105263158,0.8,0.820512820513,0.782249577429,0.766666666667,0.695652173913,6,7,0,0,0,0
2505,WLNM_dir_neg,0.816326530612,0.439883529169,00:00:00,10,60,29,1176529778,threshold_sweep,0.3,1,0.428571428571,0.6,3,0,4,14,0.428571428571,1,0,0.571428571429,1,0.428571428571,0.6,0.809523809524,0.619047619048,0.5,0.57735026919,0.428571428571,20,13,7,0,20,0,13,0,7,11,20,0.181818181818,3.04338842975,3.63636363636,2,2.5,1.68954001271,0.464623503495,0.245454545455,1.16774841624,0.642261628933,0.336363636364,1.94000937205,1.06700515463,0.536363636364,1.05689877454,0.347276990411,3.54545454545,3.04338842975,1.05689877454,3.54545454545,0.499047619048,0.4,8,0.0484848484848,0.255555555556,11,11,11,1,0,0.0909090909091,0.636363636364,0.272727272727,11,0.118181818182,3.72727272727,2.36363636364,1.3,1.625,1.43336856898,0.6064251638,0.286713286713,0.603022689156,0.510249967747,0.237762237762,1.40129809949,1.18571377649,0.503496503497,2.05382127221,0.551025219373,7,3.72727272727,2.05382127221,7,0,0,0,0,0.22962962963,11,11,11,1,0,0.0909090909091,0.636363636364,0.272727272727,11,16,0.145454545455,3.25,2.90909090909,1.6,2,1.22102788294,0.41972833476,0.181818181818,0.687551650952,0.47269176003,0.227272727273,1.50755672289,1.03644524699,0.511363636364,1.3758835545,0.423348786001,4.66666666667,3.25,1.3758835545,4.66666666667,0.213333333333,0.176470588235,2,0.0121212121212,0.192592592593,11,11,11,1,0,0.0909090909091,0.636363636364,0.272727272727,-4,-0.0363636363636,0.206611570248,-0.727272727273,-0.4,-0.5,-0.468512129772,-0.0448951687355,-0.0636363636364,-0.48019676529,-0.169569868904,-0.109090909091,-0.43245264916,-0.0305599076407,-0.025,0.318984779967,0.07607179559,1.12121212121,0.206611570248,0.318984779967,1.12121212121,-0.285714285714,-0.223529411765,-6,-0.0363636363636,-0.062962962963,0,0,0,16,0,4,90,0.8,1,0,0.2,1,0.8,0.888888888889,0.875189948987,0.8,0.8,3,7,0,0,0,0
2506,WLNM_dir_neg,0.816326530612,0.439883529169,00:00:00,10,60,29,1176529778,threshold_sweep,0.4,1,0.428571428571,0.6,3,0,4,14,0.428571428571,1,0,0.571428571429,1,0.428571428571,0.6,0.809523809524,0.619047619048,0.5,0.57735026919,0.428571428571,20,13,7,0,20,0,13,0,7,11,20,0.181818181818,3.04338842975,3.63636363636,2,2.5,1.68954001271,0.464623503495,0.245454545455,1.16774841624,0.642261628933,0.336363636364,1.94000937205,1.06700515463,0.536363636364,1.05689877454,0.347276990411,3.54545454545,3.04338842975,1.05689877454,3.54545454545,0.499047619048,0.4,8,0.0484848484848,0.255555555556,11,11,11,1,0,0.0909090909091,0.636363636364,0.272727272727,11,0.118181818182,3.72727272727,2.36363636364,1.3,1.625,1.43336856898,0.6064251638,0.286713286713,0.603022689156,0.510249967747,0.237762237762,1.40129809949,1.18571377649,0.503496503497,2.05382127221,0.551025219373,7,3.72727272727,2.05382127221,7,0,0,0,0,0.22962962963,11,11,11,1,0,0.0909090909091,0.636363636364,0.272727272727,11,16,0.145454545455,3.25,2.90909090909,1.6,2,1.22102788294,0.41972833476,0.181818181818,0.687551650952,0.47269176003,0.227272727273,1.50755672289,1.03644524699,0.511363636364,1.3758835545,0.423348786001,4.66666666667,3.25,1.3758835545,4.66666666667,0.213333333333,0.176470588235,2,0.0121212121212,0.192592592593,11,11,11,1,0,0.0909090909091,0.636363636364,0.272727272727,-4,-0.0363636363636,0.206611570248,-0.727272727273,-0.4,-0.5,-0.468512129772,-0.0448951687355,-0.0636363636364,-0.48019676529,-0.169569868904,-0.109090909091,-0.43245264916,-0.0305599076407,-0.025,0.318984779967,0.07607179559,1.12121212121,0.206611570248,0.318984779967,1.12121212121,-0.285714285714,-0.223529411765,-6,-0.0363636363636,-0.062962962963,0,0,0,16,0,4,90,0.8,1,0,0.2,1,0.8,0.888888888889,0.875189948987,0.8,0.8,3,7,0,0,0,0
2507,WLNM_dir_neg,0.816326530612,0.439883529169,00:00:00,10,60,29,1176529778,threshold_sweep,0.5,1,0.428571428571,0.6,3,0,4,14,0.428571428571,1,0,0.571428571429,1,0.428571428571,0.6,0.809523809524,0.619047619048,0.5,0.57735026919,0.428571428571,20,13,7,0,20,0,13,0,7,11,20,0.181818181818,3.04338842975,3.63636363636,2,2.5,1.68954001271,0.464623503495,0.245454545455,1.16774841624,0.642261628933,0.336363636364,1.94000937205,1.06700515463,0.536363636364,1.05689877454,0.347276990411,3.54545454545,3.04338842975,1.05689877454,3.54545454545,0.499047619048,0.4,8,0.0484848484848,0.255555555556,11,11,11,1,0,0.0909090909091,0.636363636364,0.272727272727,11,0.118181818182,3.72727272727,2.36363636364,1.3,1.625,1.43336856898,0.6064251638,0.286713286713,0.603022689156,0.510249967747,0.237762237762,1.40129809949,1.18571377649,0.503496503497,2.05382127221,0.551025219373,7,3.72727272727,2.05382127221,7,0,0,0,0,0.22962962963,11,11,11,1,0,0.0909090909091,0.636363636364,0.272727272727,11,16,0.145454545455,3.25,2.90909090909,1.6,2,1.22102788294,0.41972833476,0.181818181818,0.687551650952,0.47269176003,0.227272727273,1.50755672289,1.03644524699,0.511363636364,1.3758835545,0.423348786001,4.66666666667,3.25,1.3758835545,4.66666666667,0.213333333333,0.176470588235,2,0.0121212121212,0.192592592593,11,11,11,1,0,0.0909090909091,0.636363636364,0.272727272727,-4,-0.0363636363636,0.206611570248,-0.727272727273,-0.4,-0.5,-0.468512129772,-0.0448951687355,-0.0636363636364,-0.48019676529,-0.169569868904,-0.109090909091,-0.43245264916,-0.0305599076407,-0.025,0.318984779967,0.07607179559,1.12121212121,0.206611570248,0.318984779967,1.12121212121,-0.285714285714,-0.223529411765,-6,-0.0363636363636,-0.062962962963,0,0,0,16,0,4,90,0.8,1,0,0.2,1,0.8,0.888888888889,0.875189948987,0.8,0.8,3,7,0,0,0,0
2508,WLNM_dir_neg,0.816326530612,0.439883529169,00:00:00,10,60,29,1176529778,threshold_sweep,0.6,1,0.428571428571,0.6,3,0,4,14,0.428571428571,1,0,0.571428571429,1,0.428571428571,0.6,0.809523809524,0.619047619048,0.5,0.57735026919,0.428571428571,20,13,7,0,20,0,13,0,7,11,20,0.181818181818,3.04338842975,3.63636363636,2,2.5,1.68954001271,0.464623503495,0.245454545455,1.16774841624,0.642261628933,0.336363636364,1.94000937205,1.06700515463,0.536363636364,1.05689877454,0.347276990411,3.54545454545,3.04338842975,1.05689877454,3.54545454545,0.499047619048,0.4,8,0.0484848484848,0.255555555556,11,11,11,1,0,0.0909090909091,0.636363636364,0.272727272727,11,0.118181818182,3.72727272727,2.36363636364,1.3,1.625,1.43336856898,0.6064251638,0.286713286713,0.603022689156,0.510249967747,0.237762237762,1.40129809949,1.18571377649,0.503496503497,2.05382127221,0.551025219373,7,3.72727272727,2.05382127221,7,0,0,0,0,0.22962962963,11,11,11,1,0,0.0909090909091,0.636363636364,0.272727272727,11,16,0.145454545455,3.25,2.90909090909,1.6,2,1.22102788294,0.41972833476,0.181818181818,0.687551650952,0.47269176003,0.227272727273,1.50755672289,1.03644524699,0.511363636364,1.3758835545,0.423348786001,4.66666666667,3.25,1.3758835545,4.66666666667,0.213333333333,0.176470588235,2,0.0121212121212,0.192592592593,11,11,11,1,0,0.0909090909091,0.636363636364,0.272727272727,-4,-0.0363636363636,0.206611570248,-0.727272727273,-0.4,-0.5,-0.468512129772,-0.0448951687355,-0.0636363636364,-0.48019676529,-0.169569868904,-0.109090909091,-0.43245264916,-0.0305599076407,-0.025,0.318984779967,0.07607179559,1.12121212121,0.206611570248,0.318984779967,1.12121212121,-0.285714285714,-0.223529411765,-6,-0.0363636363636,-0.062962962963,0,0,0,16,0,4,90,0.8,1,0,0.2,1,0.8,0.888888888889,0.875189948987,0.8,0.8,3,7,0,0,0,0
2509,WLNM_dir_neg,0.816326530612,0.439883529169,00:00:00,10,60,29,1176529778,threshold_sweep,0.7,1,0.428571428571,0.6,3,0,4,14,0.428571428571,1,0,0.571428571429,1,0.428571428571,0.6,0.809523809524,0.619047619048,0.5,0.57735026919,0.428571428571,20,13,7,0,20,0,13,0,7,11,20,0.181818181818,3.04338842975,3.63636363636,2,2.5,1.68954001271,0.464623503495,0.245454545455,1.16774841624,0.642261628933,0.336363636364,1.94000937205,1.06700515463,0.536363636364,1.05689877454,0.347276990411,3.54545454545,3.04338842975,1.05689877454,3.54545454545,0.499047619048,0.4,8,0.0484848484848,0.255555555556,11,11,11,1,0,0.0909090909091,0.636363636364,0.272727272727,11,0.118181818182,3.72727272727,2.36363636364,1.3,1.625,1.43336856898,0.6064251638,0.286713286713,0.603022689156,0.510249967747,0.237762237762,1.40129809949,1.18571377649,0.503496503497,2.05382127221,0.551025219373,7,3.72727272727,2.05382127221,7,0,0,0,0,0.22962962963,11,11,11,1,0,0.0909090909091,0.636363636364,0.272727272727,11,16,0.145454545455,3.25,2.90909090909,1.6,2,1.22102788294,0.41972833476,0.181818181818,0.687551650952,0.47269176003,0.227272727273,1.50755672289,1.03644524699,0.511363636364,1.3758835545,0.423348786001,4.66666666667,3.25,1.3758835545,4.66666666667,0.213333333333,0.176470588235,2,0.0121212121212,0.192592592593,11,11,11,1,0,0.0909090909091,0.636363636364,0.272727272727,-4,-0.0363636363636,0.206611570248,-0.727272727273,-0.4,-0.5,-0.468512129772,-0.0448951687355,-0.0636363636364,-0.48019676529,-0.169569868904,-0.109090909091,-0.43245264916,-0.0305599076407,-0.025,0.318984779967,0.07607179559,1.12121212121,0.206611570248,0.318984779967,1.12121212121,-0.285714285714,-0.223529411765,-6,-0.0363636363636,-0.062962962963,0,0,0,16,0,4,90,0.8,1,0,0.2,1,0.8,0.888888888889,0.875189948987,0.8,0.8,3,7,0,0,0,0
2510,WLNM_dir_neg,0.816326530612,0.439883529169,00:00:00,10,60,29,1176529778,threshold_sweep,0.8,1,0.428571428571,0.6,3,0,4,14,0.428571428571,1,0,0.571428571429,1,0.428571428571,0.6,0.809523809524,0.619047619048,0.5,0.57735026919,0.428571428571,20,13,7,0,20,0,13,0,7,11,20,0.181818181818,3.04338842975,3.63636363636,2,2.5,1.68954001271,0.464623503495,0.245454545455,1.16774841624,0.642261628933,0.336363636364,1.94000937205,1.06700515463,0.536363636364,1.05689877454,0.347276990411,3.54545454545,3.04338842975,1.05689877454,3.54545454545,0.499047619048,0.4,8,0.0484848484848,0.255555555556,11,11,11,1,0,0.0909090909091,0.636363636364,0.272727272727,11,0.118181818182,3.72727272727,2.36363636364,1.3,1.625,1.43336856898,0.6064251638,0.286713286713,0.603022689156,0.510249967747,0.237762237762,1.40129809949,1.18571377649,0.503496503497,2.05382127221,0.551025219373,7,3.72727272727,2.05382127221,7,0,0,0,0,0.22962962963,11,11,11,1,0,0.0909090909091,0.636363636364,0.272727272727,11,16,0.145454545455,3.25,2.90909090909,1.6,2,1.22102788294,0.41972833476,0.181818181818,0.687551650952,0.47269176003,0.227272727273,1.50755672289,1.03644524699,0.511363636364,1.3758835545,0.423348786001,4.66666666667,3.25,1.3758835545,4.66666666667,0.213333333333,0.176470588235,2,0.0121212121212,0.192592592593,11,11,11,1,0,0.0909090909091,0.636363636364,0.272727272727,-4,-0.0363636363636,0.206611570248,-0.727272727273,-0.4,-0.5,-0.468512129772,-0.0448951687355,-0.0636363636364,-0.48019676529,-0.169569868904,-0.109090909091,-0.43245264916,-0.0305599076407,-0.025,0.318984779967,0.07607179559,1.12121212121,0.206611570248,0.318984779967,1.12121212121,-0.285714285714,-0.223529411765,-6,-0.0363636363636,-0.062962962963,0,0,0,16,0,4,90,0.8,1,0,0.2,1,0.8,0.888888888889,0.875189948987,0.8,0.8,3,7,0,0,0,0
2511,WLNM_dir_neg,0.816326530612,0.439883529169,00:00:00,10,60,29,1176529778,threshold_sweep,0.9,1,0.428571428571,0.6,3,0,4,14,0.428571428571,1,0,0.571428571429,1,0.428571428571,0.6,0.809523809524,0.619047619048,0.5,0.57735026919,0.428571428571,20,13,7,0,20,0,13,0,7,11,20,0.181818181818,3.04338842975,3.63636363636,2,2.5,1.68954001271,0.464623503495,0.245454545455,1.16774841624,0.642261628933,0.336363636364,1.94000937205,1.06700515463,0.536363636364,1.05689877454,0.347276990411,3.54545454545,3.04338842975,1.05689877454,3.54545454545,0.499047619048,0.4,8,0.0484848484848,0.255555555556,11,11,11,1,0,0.0909090909091,0.636363636364,0.272727272727,11,0.118181818182,3.72727272727,2.36363636364,1.3,1.625,1.43336856898,0.6064251638,0.286713286713,0.603022689156,0.510249967747,0.237762237762,1.40129809949,1.18571377649,0.503496503497,2.05382127221,0.551025219373,7,3.72727272727,2.05382127221,7,0,0,0,0,0.22962962963,11,11,11,1,0,0.0909090909091,0.636363636364,0.272727272727,11,16,0.145454545455,3.25,2.90909090909,1.6,2,1.22102788294,0.41972833476,0.181818181818,0.687551650952,0.47269176003,0.227272727273,1.50755672289,1.03644524699,0.511363636364,1.3758835545,0.423348786001,4.66666666667,3.25,1.3758835545,4.66666666667,0.213333333333,0.176470588235,2,0.0121212121212,0.192592592593,11,11,11,1,0,0.0909090909091,0.636363636364,0.272727272727,-4,-0.0363636363636,0.206611570248,-0.727272727273,-0.4,-0.5,-0.468512129772,-0.0448951687355,-0.0636363636364,-0.48019676529,-0.169569868904,-0.109090909091,-0.43245264916,-0.0305599076407,-0.025,0.318984779967,0.07607179559,1.12121212121,0.206611570248,0.318984779967,1.12121212121,-0.285714285714,-0.223529411765,-6,-0.0363636363636,-0.062962962963,0,0,0,16,0,4,90,0.8,1,0,0.2,1,0.8,0.888888888889,0.875189948987,0.8,0.8,3,7,0,0,0,0
2512,WLNM_dir_neg,0.836734693878,0.550601779173,00:00:01,10,60,30,1176529779,threshold_sweep,0.1,1,0.714285714286,0.833333333333,5,0,2,14,0.714285714286,1,0,0.285714285714,1,0.714285714286,0.833333333333,0.904761904762,0.587301587302,0.769230769231,0.790569415042,0.714285714286,20,13,7,0,20,0,13,0,7,11,20,0.181818181818,3.04338842975,3.63636363636,2,2.5,1.68954001271,0.464623503495,0.245454545455,1.16774841624,0.642261628933,0.336363636364,1.94000937205,1.06700515463,0.536363636364,1.05689877454,0.347276990411,3.54545454545,3.04338842975,1.05689877454,3.54545454545,0.499047619048,0.4,8,0.0484848484848,0.255555555556,11,11,11,1,0,0.0909090909091,0.636363636364,0.272727272727,11,0.118181818182,3.72727272727,2.36363636364,1.3,1.625,1.43336856898,0.6064251638,0.286713286713,0.603022689156,0.510249967747,0.237762237762,1.40129809949,1.18571377649,0.503496503497,2.05382127221,0.551025219373,7,3.72727272727,2.05382127221,7,0,0,0,0,0.22962962963,11,11,11,1,0,0.0909090909091,0.636363636364,0.272727272727,11,18,0.163636363636,3.11363636364,3.27272727273,1.8,2.25,1.42062726223,0.434080552347,0.227272727273,0.924416277737,0.564921058617,0.292929292929,1.68954001271,1.03249667443,0.525252525253,1.14353419474,0.367266456706,3.875,3.11363636364,1.14353419474,3.875,0.366666666667,0.266666666667,4,0.0242424242424,0.221111111111,11,11,11,1,0,0.0909090909091,0.636363636364,0.272727272727,-2,-0.0181818181818,0.0702479338843,-0.363636363636,-0.2,-0.25,-0.268912750482,-0.030542951148,-0.0181818181818,-0.243332138505,-0.0773405703161,-0.0434343434343,-0.250469359339,-0.0345084801933,-0.0111111111111,0.0866354202056,0.0199894662943,0.329545454545,0.0702479338843,0.0866354202056,0.329545454545,-0.132380952381,-0.133333333333,-4,-0.0242424242424,-0.0344444444444,0,0,0,18,0,2,90,0.9,1,0,0.1,1,0.9,0.947368421053,0.938314863257,0.9,0.9,5,7,0,0,0,0
2513,WLNM_dir_neg,0.836734693878,0.550601779173,00:00:01,10,60,30,1176529779,threshold_sweep,0.2,1,0.714285714286,0.833333333333,5,0,2,14,0.714285714286,1,0,0.285714285714,1,0.714285714286,0.833333333333,0.904761904762,0.587301587302,0.769230769231,0.790569415042,0.714285714286,20,13,7,0,20,0,13,0,7,11,20,0.181818181818,3.04338842975,3.63636363636,2,2.5,1.68954001271,0.464623503495,0.245454545455,1.16774841624,0.642261628933,0.336363636364,1.94000937205,1.06700515463,0.536363636364,1.05689877454,0.347276990411,3.54545454545,3.04338842975,1.05689877454,3.54545454545,0.499047619048,0.4,8,0.0484848484848,0.255555555556,11,11,11,1,0,0.0909090909091,0.636363636364,0.272727272727,11,0.118181818182,3.72727272727,2.36363636364,1.3,1.625,1.43336856898,0.6064251638,0.286713286713,0.603022689156,0.510249967747,0.237762237762,1.40129809949,1.18571377649,0.503496503497,2.05382127221,0.551025219373,7,3.72727272727,2.05382127221,7,0,0,0,0,0.22962962963,11,11,11,1,0,0.0909090909091,0.636363636364,0.272727272727,11,18,0.163636363636,3.11363636364,3.27272727273,1.8,2.25,1.42062726223,0.434080552347,0.227272727273,0.924416277737,0.564921058617,0.292929292929,1.68954001271,1.03249667443,0.525252525253,1.14353419474,0.367266456706,3.875,3.11363636364,1.14353419474,3.875,0.366666666667,0.266666666667,4,0.0242424242424,0.221111111111,11,11,11,1,0,0.0909090909091,0.636363636364,0.272727272727,-2,-0.0181818181818,0.0702479338843,-0.363636363636,-0.2,-0.25,-0.268912750482,-0.030542951148,-0.0181818181818,-0.243332138505,-0.0773405703161,-0.0434343434343,-0.250469359339,-0.0345084801933,-0.0111111111111,0.0866354202056,0.0199894662943,0.329545454545,0.0702479338843,0.0866354202056,0.329545454545,-0.132380952381,-0.133333333333,-4,-0.0242424242424,-0.0344444444444,0,0,0,18,0,2,90,0.9,1,0,0.1,1,0.9,0.947368421053,0.938314863257,0.9,0.9,5,7,0,0,0,0
2514,WLNM_dir_neg,0.836734693878,0.550601779173,00:00:01,10,60,30,1176529779,threshold_sweep,0.3,1,0.714285714286,0.833333333333,5,0,2,14,0.714285714286,1,0,0.285714285714,1,0.714285714286,0.833333333333,0.904761904762,0.587301587302,0.769230769231,0.790569415042,0.714285714286,20,13,7,0,20,0,13,0,7,11,20,0.181818181818,3.04338842975,3.63636363636,2,2.5,1.68954001271,0.464623503495,0.245454545455,1.16774841624,0.642261628933,0.336363636364,1.94000937205,1.06700515463,0.536363636364,1.05689877454,0.347276990411,3.54545454545,3.04338842975,1.05689877454,3.54545454545,0.499047619048,0.4,8,0.0484848484848,0.255555555556,11,11,11,1,0,0.0909090909091,0.636363636364,0.272727272727,11,0.118181818182,3.72727272727,2.36363636364,1.3,1.625,1.43336856898,0.6064251638,0.286713286713,0.603022689156,0.510249967747,0.237762237762,1.40129809949,1.18571377649,0.503496503497,2.05382127221,0.551025219373,7,3.72727272727,2.05382127221,7,0,0,0,0,0.22962962963,11,11,11,1,0,0.0909090909091,0.636363636364,0.272727272727,11,18,0.163636363636,3.11363636364,3.27272727273,1.8,2.25,1.42062726223,0.434080552347,0.227272727273,0.924416277737,0.564921058617,0.292929292929,1.68954001271,1.03249667443,0.525252525253,1.14353419474,0.367266456706,3.875,3.11363636364,1.14353419474,3.875,0.366666666667,0.266666666667,4,0.0242424242424,0.221111111111,11,11,11,1,0,0.0909090909091,0.636363636364,0.272727272727,-2,-0.0181818181818,0.0702479338843,-0.363636363636,-0.2,-0.25,-0.268912750482,-0.030542951148,-0.0181818181818,-0.243332138505,-0.0773405703161,-0.0434343434343,-0.250469359339,-0.0345084801933,-0.0111111111111,0.0866354202056,0.0199894662943,0.329545454545,0.0702479338843,0.0866354202056,0.329545454545,-0.132380952381,-0.133333333333,-4,-0.0242424242424,-0.0344444444444,0,0,0,18,0,2,90,0.9,1,0,0.1,1,0.9,0.947368421053,0.938314863257,0.9,0.9,5,7,0,0,0,0
2515,WLNM_dir_neg,0.836734693878,0.550601779173,00:00:01,10,60,30,1176529779,threshold_sweep,0.4,1,0.714285714286,0.833333333333,5,0,2,14,0.714285714286,1,0,0.285714285714,1,0.714285714286,0.833333333333,0.904761904762,0.587301587302,0.769230769231,0.790569415042,0.714285714286,20,13,7,0,20,0,13,0,7,11,20,0.181818181818,3.04338842975,3.63636363636,2,2.5,1.68954001271,0.464623503495,0.245454545455,1.16774841624,0.642261628933,0.336363636364,1.94000937205,1.06700515463,0.536363636364,1.05689877454,0.347276990411,3.54545454545,3.04338842975,1.05689877454,3.54545454545,0.499047619048,0.4,8,0.0484848484848,0.255555555556,11,11,11,1,0,0.0909090909091,0.636363636364,0.272727272727,11,0.118181818182,3.72727272727,2.36363636364,1.3,1.625,1.43336856898,0.6064251638,0.286713286713,0.603022689156,0.510249967747,0.237762237762,1.40129809949,1.18571377649,0.503496503497,2.05382127221,0.551025219373,7,3.72727272727,2.05382127221,7,0,0,0,0,0.22962962963,11,11,11,1,0,0.0909090909091,0.636363636364,0.272727272727,11,18,0.163636363636,3.11363636364,3.27272727273,1.8,2.25,1.42062726223,0.434080552347,0.227272727273,0.924416277737,0.564921058617,0.292929292929,1.68954001271,1.03249667443,0.525252525253,1.14353419474,0.367266456706,3.875,3.11363636364,1.14353419474,3.875,0.366666666667,0.266666666667,4,0.0242424242424,0.221111111111,11,11,11,1,0,0.0909090909091,0.636363636364,0.272727272727,-2,-0.0181818181818,0.0702479338843,-0.363636363636,-0.2,-0.25,-0.268912750482,-0.030542951148,-0.0181818181818,-0.243332138505,-0.0773405703161,-0.0434343434343,-0.250469359339,-0.0345084801933,-0.0111111111111,0.0866354202056,0.0199894662943,0.329545454545,0.0702479338843,0.0866354202056,0.329545454545,-0.132380952381,-0.133333333333,-4,-0.0242424242424,-0.0344444444444,0,0,0,18,0,2,90,0.9,1,0,0.1,1,0.9,0.947368421053,0.938314863257,0.9,0.9,5,7,0,0,0,0
2516,WLNM_dir_neg,0.836734693878,0.550601779173,00:00:01,10,60,30,1176529779,threshold_sweep,0.5,1,0.714285714286,0.833333333333,5,0,2,14,0.714285714286,1,0,0.285714285714,1,0.714285714286,0.833333333333,0.904761904762,0.587301587302,0.769230769231,0.790569415042,0.714285714286,20,13,7,0,20,0,13,0,7,11,20,0.181818181818,3.04338842975,3.63636363636,2,2.5,1.68954001271,0.464623503495,0.245454545455,1.16774841624,0.642261628933,0.336363636364,1.94000937205,1.06700515463,0.536363636364,1.05689877454,0.347276990411,3.54545454545,3.04338842975,1.05689877454,3.54545454545,0.499047619048,0.4,8,0.0484848484848,0.255555555556,11,11,11,1,0,0.0909090909091,0.636363636364,0.272727272727,11,0.118181818182,3.72727272727,2.36363636364,1.3,1.625,1.43336856898,0.6064251638,0.286713286713,0.603022689156,0.510249967747,0.237762237762,1.40129809949,1.18571377649,0.503496503497,2.05382127221,0.551025219373,7,3.72727272727,2.05382127221,7,0,0,0,0,0.22962962963,11,11,11,1,0,0.0909090909091,0.636363636364,0.272727272727,11,18,0.163636363636,3.11363636364,3.27272727273,1.8,2.25,1.42062726223,0.434080552347,0.227272727273,0.924416277737,0.564921058617,0.292929292929,1.68954001271,1.03249667443,0.525252525253,1.14353419474,0.367266456706,3.875,3.11363636364,1.14353419474,3.875,0.366666666667,0.266666666667,4,0.0242424242424,0.221111111111,11,11,11,1,0,0.0909090909091,0.636363636364,0.272727272727,-2,-0.0181818181818,0.0702479338843,-0.363636363636,-0.2,-0.25,-0.268912750482,-0.030542951148,-0.0181818181818,-0.243332138505,-0.0773405703161,-0.0434343434343,-0.250469359339,-0.0345084801933,-0.0111111111111,0.0866354202056,0.0199894662943,0.329545454545,0.0702479338843,0.0866354202056,0.329545454545,-0.132380952381,-0.133333333333,-4,-0.0242424242424,-0.0344444444444,0,0,0,18,0,2,90,0.9,1,0,0.1,1,0.9,0.947368421053,0.938314863257,0.9,0.9,5,7,0,0,0,0
2517,WLNM_dir_neg,0.836734693878,0.550601779173,00:00:01,10,60,30,1176529779,threshold_sweep,0.6,1,0.714285714286,0.833333333333,5,0,2,14,0.714285714286,1,0,0.285714285714,1,0.714285714286,0.833333333333,0.904761904762,0.587301587302,0.769230769231,0.790569415042,0.714285714286,20,13,7,0,20,0,13,0,7,11,20,0.181818181818,3.04338842975,3.63636363636,2,2.5,1.68954001271,0.464623503495,0.245454545455,1.16774841624,0.642261628933,0.336363636364,1.94000937205,1.06700515463,0.536363636364,1.05689877454,0.347276990411,3.54545454545,3.04338842975,1.05689877454,3.54545454545,0.499047619048,0.4,8,0.0484848484848,0.255555555556,11,11,11,1,0,0.0909090909091,0.636363636364,0.272727272727,11,0.118181818182,3.72727272727,2.36363636364,1.3,1.625,1.43336856898,0.6064251638,0.286713286713,0.603022689156,0.510249967747,0.237762237762,1.40129809949,1.18571377649,0.503496503497,2.05382127221,0.551025219373,7,3.72727272727,2.05382127221,7,0,0,0,0,0.22962962963,11,11,11,1,0,0.0909090909091,0.636363636364,0.272727272727,11,18,0.163636363636,3.11363636364,3.27272727273,1.8,2.25,1.42062726223,0.434080552347,0.227272727273,0.924416277737,0.564921058617,0.292929292929,1.68954001271,1.03249667443,0.525252525253,1.14353419474,0.367266456706,3.875,3.11363636364,1.14353419474,3.875,0.366666666667,0.266666666667,4,0.0242424242424,0.221111111111,11,11,11,1,0,0.0909090909091,0.636363636364,0.272727272727,-2,-0.0181818181818,0.0702479338843,-0.363636363636,-0.2,-0.25,-0.268912750482,-0.030542951148,-0.0181818181818,-0.243332138505,-0.0773405703161,-0.0434343434343,-0.250469359339,-0.0345084801933,-0.0111111111111,0.0866354202056,0.0199894662943,0.329545454545,0.0702479338843,0.0866354202056,0.329545454545,-0.132380952381,-0.133333333333,-4,-0.0242424242424,-0.0344444444444,0,0,0,18,0,2,90,0.9,1,0,0.1,1,0.9,0.947368421053,0.938314863257,0.9,0.9,5,7,0,0,0,0
2518,WLNM_dir_neg,0.836734693878,0.550601779173,00:00:01,10,60,30,1176529779,threshold_sweep,0.7,1,0.714285714286,0.833333333333,5,0,2,14,0.714285714286,1,0,0.285714285714,1,0.714285714286,0.833333333333,0.904761904762,0.587301587302,0.769230769231,0.790569415042,0.714285714286,20,13,7,0,20,0,13,0,7,11,20,0.181818181818,3.04338842975,3.63636363636,2,2.5,1.68954001271,0.464623503495,0.245454545455,1.16774841624,0.642261628933,0.336363636364,1.94000937205,1.06700515463,0.536363636364,1.05689877454,0.347276990411,3.54545454545,3.04338842975,1.05689877454,3.54545454545,0.499047619048,0.4,8,0.0484848484848,0.255555555556,11,11,11,1,0,0.0909090909091,0.636363636364,0.272727272727,11,0.118181818182,3.72727272727,2.36363636364,1.3,1.625,1.43336856898,0.6064251638,0.286713286713,0.603022689156,0.510249967747,0.237762237762,1.40129809949,1.18571377649,0.503496503497,2.05382127221,0.551025219373,7,3.72727272727,2.05382127221,7,0,0,0,0,0.22962962963,11,11,11,1,0,0.0909090909091,0.636363636364,0.272727272727,11,18,0.163636363636,3.11363636364,3.27272727273,1.8,2.25,1.42062726223,0.434080552347,0.227272727273,0.924416277737,0.564921058617,0.292929292929,1.68954001271,1.03249667443,0.525252525253,1.14353419474,0.367266456706,3.875,3.11363636364,1.14353419474,3.875,0.366666666667,0.266666666667,4,0.0242424242424,0.221111111111,11,11,11,1,0,0.0909090909091,0.636363636364,0.272727272727,-2,-0.0181818181818,0.0702479338843,-0.363636363636,-0.2,-0.25,-0.268912750482,-0.030542951148,-0.0181818181818,-0.243332138505,-0.0773405703161,-0.0434343434343,-0.250469359339,-0.0345084801933,-0.0111111111111,0.0866354202056,0.0199894662943,0.329545454545,0.0702479338843,0.0866354202056,0.329545454545,-0.132380952381,-0.133333333333,-4,-0.0242424242424,-0.0344444444444,0,0,0,18,0,2,90,0.9,1,0,0.1,1,0.9,0.947368421053,0.938314863257,0.9,0.9,5,7,0,0,0,0
2519,WLNM_dir_neg,0.836734693878,0.550601779173,00:00:01,10,60,30,1176529779,threshold_sweep,0.8,1,0.714285714286,0.833333333333,5,0,2,14,0.714285714286,1,0,0.285714285714,1,0.714285714286,0.833333333333,0.904761904762,0.587301587302,0.769230769231,0.790569415042,0.714285714286,20,13,7,0,20,0,13,0,7,11,20,0.181818181818,3.04338842975,3.63636363636,2,2.5,1.68954001271,0.464623503495,0.245454545455,1.16774841624,0.642261628933,0.336363636364,1.94000937205,1.06700515463,0.536363636364,1.05689877454,0.347276990411,3.54545454545,3.04338842975,1.05689877454,3.54545454545,0.499047619048,0.4,8,0.0484848484848,0.255555555556,11,11,11,1,0,0.0909090909091,0.636363636364,0.272727272727,11,0.118181818182,3.72727272727,2.36363636364,1.3,1.625,1.43336856898,0.6064251638,0.286713286713,0.603022689156,0.510249967747,0.237762237762,1.40129809949,1.18571377649,0.503496503497,2.05382127221,0.551025219373,7,3.72727272727,2.05382127221,7,0,0,0,0,0.22962962963,11,11,11,1,0,0.0909090909091,0.636363636364,0.272727272727,11,18,0.163636363636,3.11363636364,3.27272727273,1.8,2.25,1.42062726223,0.434080552347,0.227272727273,0.924416277737,0.564921058617,0.292929292929,1.68954001271,1.03249667443,0.525252525253,1.14353419474,0.367266456706,3.875,3.11363636364,1.14353419474,3.875,0.366666666667,0.266666666667,4,0.0242424242424,0.221111111111,11,11,11,1,0,0.0909090909091,0.636363636364,0.272727272727,-2,-0.0181818181818,0.0702479338843,-0.363636363636,-0.2,-0.25,-0.268912750482,-0.030542951148,-0.0181818181818,-0.243332138505,-0.0773405703161,-0.0434343434343,-0.250469359339,-0.0345084801933,-0.0111111111111,0.0866354202056,0.0199894662943,0.329545454545,0.0702479338843,0.0866354202056,0.329545454545,-0.132380952381,-0.133333333333,-4,-0.0242424242424,-0.0344444444444,0,0,0,18,0,2,90,0.9,1,0,0.1,1,0.9,0.947368421053,0.938314863257,0.9,0.9,5,7,0,0,0,0
2520,WLNM_dir_neg,0.836734693878,0.550601779173,00:00:01,10,60,30,1176529779,threshold_sweep,0.9,1,0.571428571429,0.727272727273,4,0,3,14,0.571428571429,1,0,0.428571428571,1,0.571428571429,0.727272727273,0.857142857143,0.603174603175,0.64,0.68599434057,0.571428571429,20,13,7,0,20,0,13,0,7,11,20,0.181818181818,3.04338842975,3.63636363636,2,2.5,1.68954001271,0.464623503495,0.245454545455,1.16774841624,0.642261628933,0.336363636364,1.94000937205,1.06700515463,0.536363636364,1.05689877454,0.347276990411,3.54545454545,3.04338842975,1.05689877454,3.54545454545,0.499047619048,0.4,8,0.0484848484848,0.255555555556,11,11,11,1,0,0.0909090909091,0.636363636364,0.272727272727,11,0.118181818182,3.72727272727,2.36363636364,1.3,1.625,1.43336856898,0.6064251638,0.286713286713,0.603022689156,0.510249967747,0.237762237762,1.40129809949,1.18571377649,0.503496503497,2.05382127221,0.551025219373,7,3.72727272727,2.05382127221,7,0,0,0,0,0.22962962963,11,11,11,1,0,0.0909090909091,0.636363636364,0.272727272727,11,17,0.154545454545,3.17727272727,3.09090909091,1.7,2.125,1.30034960334,0.420701342257,0.208556149733,0.820199532265,0.530717344407,0.267379679144,1.57249078621,1.01749403814,0.513368983957,1.2536673475,0.394573414091,4.4,3.17727272727,1.2536673475,4.4,0.213333333333,0.153846153846,2,0.0121212121212,0.205555555556,11,11,11,1,0,0.0909090909091,0.636363636364,0.272727272727,-3,-0.0272727272727,0.133884297521,-0.545454545455,-0.3,-0.375,-0.389190409368,-0.0439221612377,-0.0368983957219,-0.347548883978,-0.111544284527,-0.0689839572193,-0.367518585835,-0.0495111164884,-0.0229946524064,0.196768572961,0.0472964236795,0.854545454545,0.133884297521,0.196768572961,0.854545454545,-0.285714285714,-0.246153846154,-6,-0.0363636363636,-0.05,0,0,0,17,0,3,90,0.85,1,0,0.15,1,0.85,0.918918918919,0.906962317388,0.85,0.85,4,7,0,0,0,0
2521,WLNM_dir_neg,0.80612244898,0.541425679584,00:00:01,10,60,31,1176529780,threshold_sweep,0.1,0.833333333333,0.714285714286,0.769230769231,5,1,2,13,0.714285714286,0.928571428571,0.0714285714286,0.285714285714,0.833333333333,0.714285714286,0.769230769231,0.857142857143,0.571428571429,0.666666666667,0.67082039325,0.642857142857,20,13,7,0,20,0,13,0,7,11,20,0.181818181818,3.04338842975,3.63636363636,2,2.5,1.68954001271,0.464623503495,0.245454545455,1.16774841624,0.642261628933,0.336363636364,1.94000937205,1.06700515463,0.536363636364,1.05689877454,0.347276990411,3.54545454545,3.04338842975,1.05689877454,3.54545454545,0.499047619048,0.4,8,0.0484848484848,0.255555555556,11,11,11,1,0,0.0909090909091,0.636363636364,0.272727272727,11,0.118181818182,3.72727272727,2.36363636364,1.3,1.625,1.43336856898,0.6064251638,0.286713286713,0.603022689156,0.510249967747,0.237762237762,1.40129809949,1.18571377649,0.503496503497,2.05382127221,0.551025219373,7,3.72727272727,2.05382127221,7,0,0,0,0,0.22962962963,11,11,11,1,0,0.0909090909091,0.636363636364,0.272727272727,11,19,0.172727272727,4.70454545455,3.45454545455,1.9,2.375,1.7529196424,0.507424107012,0.258373205742,0.904534033733,0.523677598477,0.267942583732,1.84883255547,1.07037674264,0.535885167464,1.66608891501,0.354144503674,5.875,4.70454545455,1.66608891501,5.875,0.366666666667,0.266666666667,4,0.0242424242424,0.23962962963,11,11,11,1,0,0.0909090909091,0.636363636364,0.272727272727,-1,-0.00909090909091,1.66115702479,-0.181818181818,-0.1,-0.125,0.0633796296952,0.0428006035168,0.0129186602871,-0.263214382509,-0.118584030456,-0.0684210526316,-0.0911768165742,0.00337158801632,-0.000478468899521,0.609190140475,0.00686751326282,2.32954545455,1.66115702479,0.609190140475,2.32954545455,-0.132380952381,-0.133333333333,-4,-0.0242424242424,-0.0159259259259,0,0,0,18,1,2,89,0.9,0.988888888889,0.0111111111111,0.1,0.947368421053,0.9,0.923076923077,0.906956031802,0.888888888889,0.857142857143,6,7,0,0,0,0
2522,WLNM_dir_neg,0.80612244898,0.541425679584,00:00:01,10,60,31,1176529780,threshold_sweep,0.2,0.833333333333,0.714285714286,0.769230769231,5,1,2,13,0.714285714286,0.928571428571,0.0714285714286,0.285714285714,0.833333333333,0.714285714286,0.769230769231,0.857142857143,0.571428571429,0.666666666667,0.67082039325,0.642857142857,20,13,7,0,20,0,13,0,7,11,20,0.181818181818,3.04338842975,3.63636363636,2,2.5,1.68954001271,0.464623503495,0.245454545455,1.16774841624,0.642261628933,0.336363636364,1.94000937205,1.06700515463,0.536363636364,1.05689877454,0.347276990411,3.54545454545,3.04338842975,1.05689877454,3.54545454545,0.499047619048,0.4,8,0.0484848484848,0.255555555556,11,11,11,1,0,0.0909090909091,0.636363636364,0.272727272727,11,0.118181818182,3.72727272727,2.36363636364,1.3,1.625,1.43336856898,0.6064251638,0.286713286713,0.603022689156,0.510249967747,0.237762237762,1.40129809949,1.18571377649,0.503496503497,2.05382127221,0.551025219373,7,3.72727272727,2.05382127221,7,0,0,0,0,0.22962962963,11,11,11,1,0,0.0909090909091,0.636363636364,0.272727272727,11,19,0.172727272727,4.70454545455,3.45454545455,1.9,2.375,1.7529196424,0.507424107012,0.258373205742,0.904534033733,0.523677598477,0.267942583732,1.84883255547,1.07037674264,0.535885167464,1.66608891501,0.354144503674,5.875,4.70454545455,1.66608891501,5.875,0.366666666667,0.266666666667,4,0.0242424242424,0.23962962963,11,11,11,1,0,0.0909090909091,0.636363636364,0.272727272727,-1,-0.00909090909091,1.66115702479,-0.181818181818,-0.1,-0.125,0.0633796296952,0.0428006035168,0.0129186602871,-0.263214382509,-0.118584030456,-0.0684210526316,-0.0911768165742,0.00337158801632,-0.000478468899521,0.609190140475,0.00686751326282,2.32954545455,1.66115702479,0.609190140475,2.32954545455,-0.132380952381,-0.133333333333,-4,-0.0242424242424,-0.0159259259259,0,0,0,18,1,2,89,0.9,0.988888888889,0.0111111111111,0.1,0.947368421053,0.9,0.923076923077,0.906956031802,0.888888888889,0.857142857143,6,7,0,0,0,0
2523,WLNM_dir_neg,0.80612244898,0.541425679584,00:00:01,10,60,31,1176529780,threshold_sweep,0.3,0.833333333333,0.714285714286,0.769230769231,5,1,2,13,0.714285714286,0.928571428571,0.0714285714286,0.285714285714,0.833333333333,0.714285714286,0.769230769231,0.857142857143,0.571428571429,0.666666666667,0.67082039325,0.642857142857,20,13,7,0,20,0,13,0,7,11,20,0.181818181818,3.04338842975,3.63636363636,2,2.5,1.68954001271,0.464623503495,0.245454545455,1.16774841624,0.642261628933,0.336363636364,1.94000937205,1.06700515463,0.536363636364,1.05689877454,0.347276990411,3.54545454545,3.04338842975,1.05689877454,3.54545454545,0.499047619048,0.4,8,0.0484848484848,0.255555555556,11,11,11,1,0,0.0909090909091,0.636363636364,0.272727272727,11,0.118181818182,3.72727272727,2.36363636364,1.3,1.625,1.43336856898,0.6064251638,0.286713286713,0.603022689156,0.510249967747,0.237762237762,1.40129809949,1.18571377649,0.503496503497,2.05382127221,0.551025219373,7,3.72727272727,2.05382127221,7,0,0,0,0,0.22962962963,11,11,11,1,0,0.0909090909091,0.636363636364,0.272727272727,11,19,0.172727272727,4.70454545455,3.45454545455,1.9,2.375,1.7529196424,0.507424107012,0.258373205742,0.904534033733,0.523677598477,0.267942583732,1.84883255547,1.07037674264,0.535885167464,1.66608891501,0.354144503674,5.875,4.70454545455,1.66608891501,5.875,0.366666666667,0.266666666667,4,0.0242424242424,0.23962962963,11,11,11,1,0,0.0909090909091,0.636363636364,0.272727272727,-1,-0.00909090909091,1.66115702479,-0.181818181818,-0.1,-0.125,0.0633796296952,0.0428006035168,0.0129186602871,-0.263214382509,-0.118584030456,-0.0684210526316,-0.0911768165742,0.00337158801632,-0.000478468899521,0.609190140475,0.00686751326282,2.32954545455,1.66115702479,0.609190140475,2.32954545455,-0.132380952381,-0.133333333333,-4,-0.0242424242424,-0.0159259259259,0,0,0,18,1,2,89,0.9,0.988888888889,0.0111111111111,0.1,0.947368421053,0.9,0.923076923077,0.906956031802,0.888888888889,0.857142857143,6,7,0,0,0,0
2524,WLNM_dir_neg,0.80612244898,0.541425679584,00:00:01,10,60,31,1176529780,threshold_sweep,0.4,0.833333333333,0.714285714286,0.769230769231,5,1,2,13,0.714285714286,0.928571428571,0.0714285714286,0.285714285714,0.833333333333,0.714285714286,0.769230769231,0.857142857143,0.571428571429,0.666666666667,0.67082039325,0.642857142857,20,13,7,0,20,0,13,0,7,11,20,0.181818181818,3.04338842975,3.63636363636,2,2.5,1.68954001271,0.464623503495,0.245454545455,1.16774841624,0.642261628933,0.336363636364,1.94000937205,1.06700515463,0.536363636364,1.05689877454,0.347276990411,3.54545454545,3.04338842975,1.05689877454,3.54545454545,0.499047619048,0.4,8,0.0484848484848,0.255555555556,11,11,11,1,0,0.0909090909091,0.636363636364,0.272727272727,11,0.118181818182,3.72727272727,2.36363636364,1.3,1.625,1.43336856898,0.6064251638,0.286713286713,0.603022689156,0.510249967747,0.237762237762,1.40129809949,1.18571377649,0.503496503497,2.05382127221,0.551025219373,7,3.72727272727,2.05382127221,7,0,0,0,0,0.22962962963,11,11,11,1,0,0.0909090909091,0.636363636364,0.272727272727,11,19,0.172727272727,4.70454545455,3.45454545455,1.9,2.375,1.7529196424,0.507424107012,0.258373205742,0.904534033733,0.523677598477,0.267942583732,1.84883255547,1.07037674264,0.535885167464,1.66608891501,0.354144503674,5.875,4.70454545455,1.66608891501,5.875,0.366666666667,0.266666666667,4,0.0242424242424,0.23962962963,11,11,11,1,0,0.0909090909091,0.636363636364,0.272727272727,-1,-0.00909090909091,1.66115702479,-0.181818181818,-0.1,-0.125,0.0633796296952,0.0428006035168,0.0129186602871,-0.263214382509,-0.118584030456,-0.0684210526316,-0.0911768165742,0.00337158801632,-0.000478468899521,0.609190140475,0.00686751326282,2.32954545455,1.66115702479,0.609190140475,2.32954545455,-0.132380952381,-0.133333333333,-4,-0.0242424242424,-0.0159259259259,0,0,0,18,1,2,89,0.9,0.988888888889,0.0111111111111,0.1,0.947368421053,0.9,0.923076923077,0.906956031802,0.888888888889,0.857142857143,6,7,0,0,0,0
2525,WLNM_dir_neg,0.80612244898,0.541425679584,00:00:01,10,60,31,1176529780,threshold_sweep,0.5,0.833333333333,0.714285714286,0.769230769231,5,1,2,13,0.714285714286,0.928571428571,0.0714285714286,0.285714285714,0.833333333333,0.714285714286,0.769230769231,0.857142857143,0.571428571429,0.666666666667,0.67082039325,0.642857142857,20,13,7,0,20,0,13,0,7,11,20,0.181818181818,3.04338842975,3.63636363636,2,2.5,1.68954001271,0.464623503495,0.245454545455,1.16774841624,0.642261628933,0.336363636364,1.94000937205,1.06700515463,0.536363636364,1.05689877454,0.347276990411,3.54545454545,3.04338842975,1.05689877454,3.54545454545,0.499047619048,0.4,8,0.0484848484848,0.255555555556,11,11,11,1,0,0.0909090909091,0.636363636364,0.272727272727,11,0.118181818182,3.72727272727,2.36363636364,1.3,1.625,1.43336856898,0.6064251638,0.286713286713,0.603022689156,0.510249967747,0.237762237762,1.40129809949,1.18571377649,0.503496503497,2.05382127221,0.551025219373,7,3.72727272727,2.05382127221,7,0,0,0,0,0.22962962963,11,11,11,1,0,0.0909090909091,0.636363636364,0.272727272727,11,19,0.172727272727,4.70454545455,3.45454545455,1.9,2.375,1.7529196424,0.507424107012,0.258373205742,0.904534033733,0.523677598477,0.267942583732,1.84883255547,1.07037674264,0.535885167464,1.66608891501,0.354144503674,5.875,4.70454545455,1.66608891501,5.875,0.366666666667,0.266666666667,4,0.0242424242424,0.23962962963,11,11,11,1,0,0.0909090909091,0.636363636364,0.272727272727,-1,-0.00909090909091,1.66115702479,-0.181818181818,-0.1,-0.125,0.0633796296952,0.0428006035168,0.0129186602871,-0.263214382509,-0.118584030456,-0.0684210526316,-0.0911768165742,0.00337158801632,-0.000478468899521,0.609190140475,0.00686751326282,2.32954545455,1.66115702479,0.609190140475,2.32954545455,-0.132380952381,-0.133333333333,-4,-0.0242424242424,-0.0159259259259,0,0,0,18,1,2,89,0.9,0.988888888889,0.0111111111111,0.1,0.947368421053,0.9,0.923076923077,0.906956031802,0.888888888889,0.857142857143,6,7,0,0,0,0
2526,WLNM_dir_neg,0.80612244898,0.541425679584,00:00:01,10,60,31,1176529780,threshold_sweep,0.6,0.833333333333,0.714285714286,0.769230769231,5,1,2,13,0.714285714286,0.928571428571,0.0714285714286,0.285714285714,0.833333333333,0.714285714286,0.769230769231,0.857142857143,0.571428571429,0.666666666667,0.67082039325,0.642857142857,20,13,7,0,20,0,13,0,7,11,20,0.181818181818,3.04338842975,3.63636363636,2,2.5,1.68954001271,0.464623503495,0.245454545455,1.16774841624,0.642261628933,0.336363636364,1.94000937205,1.06700515463,0.536363636364,1.05689877454,0.347276990411,3.54545454545,3.04338842975,1.05689877454,3.54545454545,0.499047619048,0.4,8,0.0484848484848,0.255555555556,11,11,11,1,0,0.0909090909091,0.636363636364,0.272727272727,11,0.118181818182,3.72727272727,2.36363636364,1.3,1.625,1.43336856898,0.6064251638,0.286713286713,0.603022689156,0.510249967747,0.237762237762,1.40129809949,1.18571377649,0.503496503497,2.05382127221,0.551025219373,7,3.72727272727,2.05382127221,7,0,0,0,0,0.22962962963,11,11,11,1,0,0.0909090909091,0.636363636364,0.272727272727,11,19,0.172727272727,4.70454545455,3.45454545455,1.9,2.375,1.7529196424,0.507424107012,0.258373205742,0.904534033733,0.523677598477,0.267942583732,1.84883255547,1.07037674264,0.535885167464,1.66608891501,0.354144503674,5.875,4.70454545455,1.66608891501,5.875,0.366666666667,0.266666666667,4,0.0242424242424,0.23962962963,11,11,11,1,0,0.0909090909091,0.636363636364,0.272727272727,-1,-0.00909090909091,1.66115702479,-0.181818181818,-0.1,-0.125,0.0633796296952,0.0428006035168,0.0129186602871,-0.263214382509,-0.118584030456,-0.0684210526316,-0.0911768165742,0.00337158801632,-0.000478468899521,0.609190140475,0.00686751326282,2.32954545455,1.66115702479,0.609190140475,2.32954545455,-0.132380952381,-0.133333333333,-4,-0.0242424242424,-0.0159259259259,0,0,0,18,1,2,89,0.9,0.988888888889,0.0111111111111,0.1,0.947368421053,0.9,0.923076923077,0.906956031802,0.888888888889,0.857142857143,6,7,0,0,0,0
2527,WLNM_dir_neg,0.80612244898,0.541425679584,00:00:01,10,60,31,1176529780,threshold_sweep,0.7,0.833333333333,0.714285714286,0.769230769231,5,1,2,13,0.714285714286,0.928571428571,0.0714285714286,0.285714285714,0.833333333333,0.714285714286,0.769230769231,0.857142857143,0.571428571429,0.666666666667,0.67082039325,0.642857142857,20,13,7,0,20,0,13,0,7,11,20,0.181818181818,3.04338842975,3.63636363636,2,2.5,1.68954001271,0.464623503495,0.245454545455,1.16774841624,0.642261628933,0.336363636364,1.94000937205,1.06700515463,0.536363636364,1.05689877454,0.347276990411,3.54545454545,3.04338842975,1.05689877454,3.54545454545,0.499047619048,0.4,8,0.0484848484848,0.255555555556,11,11,11,1,0,0.0909090909091,0.636363636364,0.272727272727,11,0.118181818182,3.72727272727,2.36363636364,1.3,1.625,1.43336856898,0.6064251638,0.286713286713,0.603022689156,0.510249967747,0.237762237762,1.40129809949,1.18571377649,0.503496503497,2.05382127221,0.551025219373,7,3.72727272727,2.05382127221,7,0,0,0,0,0.22962962963,11,11,11,1,0,0.0909090909091,0.636363636364,0.272727272727,11,19,0.172727272727,4.70454545455,3.45454545455,1.9,2.375,1.7529196424,0.507424107012,0.258373205742,0.904534033733,0.523677598477,0.267942583732,1.84883255547,1.07037674264,0.535885167464,1.66608891501,0.354144503674,5.875,4.70454545455,1.66608891501,5.875,0.366666666667,0.266666666667,4,0.0242424242424,0.23962962963,11,11,11,1,0,0.0909090909091,0.636363636364,0.272727272727,-1,-0.00909090909091,1.66115702479,-0.181818181818,-0.1,-0.125,0.0633796296952,0.0428006035168,0.0129186602871,-0.263214382509,-0.118584030456,-0.0684210526316,-0.0911768165742,0.00337158801632,-0.000478468899521,0.609190140475,0.00686751326282,2.32954545455,1.66115702479,0.609190140475,2.32954545455,-0.132380952381,-0.133333333333,-4,-0.0242424242424,-0.0159259259259,0,0,0,18,1,2,89,0.9,0.988888888889,0.0111111111111,0.1,0.947368421053,0.9,0.923076923077,0.906956031802,0.888888888889,0.857142857143,6,7,0,0,0,0
2528,WLNM_dir_neg,0.80612244898,0.541425679584,00:00:01,10,60,31,1176529780,threshold_sweep,0.8,0.833333333333,0.714285714286,0.769230769231,5,1,2,13,0.714285714286,0.928571428571,0.0714285714286,0.285714285714,0.833333333333,0.714285714286,0.769230769231,0.857142857143,0.571428571429,0.666666666667,0.67082039325,0.642857142857,20,13,7,0,20,0,13,0,7,11,20,0.181818181818,3.04338842975,3.63636363636,2,2.5,1.68954001271,0.464623503495,0.245454545455,1.16774841624,0.642261628933,0.336363636364,1.94000937205,1.06700515463,0.536363636364,1.05689877454,0.347276990411,3.54545454545,3.04338842975,1.05689877454,3.54545454545,0.499047619048,0.4,8,0.0484848484848,0.255555555556,11,11,11,1,0,0.0909090909091,0.636363636364,0.272727272727,11,0.118181818182,3.72727272727,2.36363636364,1.3,1.625,1.43336856898,0.6064251638,0.286713286713,0.603022689156,0.510249967747,0.237762237762,1.40129809949,1.18571377649,0.503496503497,2.05382127221,0.551025219373,7,3.72727272727,2.05382127221,7,0,0,0,0,0.22962962963,11,11,11,1,0,0.0909090909091,0.636363636364,0.272727272727,11,19,0.172727272727,4.70454545455,3.45454545455,1.9,2.375,1.7529196424,0.507424107012,0.258373205742,0.904534033733,0.523677598477,0.267942583732,1.84883255547,1.07037674264,0.535885167464,1.66608891501,0.354144503674,5.875,4.70454545455,1.66608891501,5.875,0.366666666667,0.266666666667,4,0.0242424242424,0.23962962963,11,11,11,1,0,0.0909090909091,0.636363636364,0.272727272727,-1,-0.00909090909091,1.66115702479,-0.181818181818,-0.1,-0.125,0.0633796296952,0.0428006035168,0.0129186602871,-0.263214382509,-0.118584030456,-0.0684210526316,-0.0911768165742,0.00337158801632,-0.000478468899521,0.609190140475,0.00686751326282,2.32954545455,1.66115702479,0.609190140475,2.32954545455,-0.132380952381,-0.133333333333,-4,-0.0242424242424,-0.0159259259259,0,0,0,18,1,2,89,0.9,0.988888888889,0.0111111111111,0.1,0.947368421053,0.9,0.923076923077,0.906956031802,0.888888888889,0.857142857143,6,7,0,0,0,0
2529,WLNM_dir_neg,0.80612244898,0.541425679584,00:00:01,10,60,31,1176529780,threshold_sweep,0.9,0.833333333333,0.714285714286,0.769230769231,5,1,2,13,0.714285714286,0.928571428571,0.0714285714286,0.285714285714,0.833333333333,0.714285714286,0.769230769231,0.857142857143,0.571428571429,0.666666666667,0.67082039325,0.642857142857,20,13,7,0,20,0,13,0,7,11,20,0.181818181818,3.04338842975,3.63636363636,2,2.5,1.68954001271,0.464623503495,0.245454545455,1.16774841624,0.642261628933,0.336363636364,1.94000937205,1.06700515463,0.536363636364,1.05689877454,0.347276990411,3.54545454545,3.04338842975,1.05689877454,3.54545454545,0.499047619048,0.4,8,0.0484848484848,0.255555555556,11,11,11,1,0,0.0909090909091,0.636363636364,0.272727272727,11,0.118181818182,3.72727272727,2.36363636364,1.3,1.625,1.43336856898,0.6064251638,0.286713286713,0.603022689156,0.510249967747,0.237762237762,1.40129809949,1.18571377649,0.503496503497,2.05382127221,0.551025219373,7,3.72727272727,2.05382127221,7,0,0,0,0,0.22962962963,11,11,11,1,0,0.0909090909091,0.636363636364,0.272727272727,11,19,0.172727272727,4.70454545455,3.45454545455,1.9,2.375,1.7529196424,0.507424107012,0.258373205742,0.904534033733,0.523677598477,0.267942583732,1.84883255547,1.07037674264,0.535885167464,1.66608891501,0.354144503674,5.875,4.70454545455,1.66608891501,5.875,0.366666666667,0.266666666667,4,0.0242424242424,0.23962962963,11,11,11,1,0,0.0909090909091,0.636363636364,0.272727272727,-1,-0.00909090909091,1.66115702479,-0.181818181818,-0.1,-0.125,0.0633796296952,0.0428006035168,0.0129186602871,-0.263214382509,-0.118584030456,-0.0684210526316,-0.0911768165742,0.00337158801632,-0.000478468899521,0.609190140475,0.00686751326282,2.32954545455,1.66115702479,0.609190140475,2.32954545455,-0.132380952381,-0.133333333333,-4,-0.0242424242424,-0.0159259259259,0,0,0,18,1,2,89,0.9,0.988888888889,0.0111111111111,0.1,0.947368421053,0.9,0.923076923077,0.906956031802,0.888888888889,0.857142857143,6,7,0,0,0,0
2530,WLNM_dir_neg,0.785714285714,0.456349206349,00:00:01,10,60,32,1176529781,threshold_sweep,0.1,0.833333333333,0.714285714286,0.769230769231,5,1,2,13,0.714285714286,0.928571428571,0.0714285714286,0.285714285714,0.833333333333,0.714285714286,0.769230769231,0.857142857143,0.571428571429,0.666666666667,0.67082039325,0.642857142857,20,13,7,0,20,0,13,0,7,11,20,0.181818181818,3.04338842975,3.63636363636,2,2.5,1.68954001271,0.464623503495,0.245454545455,1.16774841624,0.642261628933,0.336363636364,1.94000937205,1.06700515463,0.536363636364,1.05689877454,0.347276990411,3.54545454545,3.04338842975,1.05689877454,3.54545454545,0.499047619048,0.4,8,0.0484848484848,0.255555555556,11,11,11,1,0,0.0909090909091,0.636363636364,0.272727272727,11,0.118181818182,3.72727272727,2.36363636364,1.3,1.625,1.43336856898,0.6064251638,0.286713286713,0.603022689156,0.510249967747,0.237762237762,1.40129809949,1.18571377649,0.503496503497,2.05382127221,0.551025219373,7,3.72727272727,2.05382127221,7,0,0,0,0,0.22962962963,11,11,11,1,0,0.0909090909091,0.636363636364,0.272727272727,11,19,0.172727272727,3.17045454545,3.45454545455,1.9,2.375,1.43969693781,0.416754376733,0.215311004785,1.00904995822,0.584186817916,0.306220095694,1.67874411933,0.971904490138,0.507177033493,1.19278131807,0.376217763404,3.875,3.17045454545,1.19278131807,3.875,0.41,0.3,5,0.030303030303,0.223703703704,11,11,11,1,0,0.0909090909091,0.636363636364,0.272727272727,-1,-0.00909090909091,0.127066115702,-0.181818181818,-0.1,-0.125,-0.249843074903,-0.0478691267618,-0.0301435406699,-0.158698458023,-0.058074811017,-0.0301435406699,-0.26126525272,-0.0951006644889,-0.0291866028708,0.135882543529,0.028940772993,0.329545454545,0.127066115702,0.135882543529,0.329545454545,-0.0890476190476,-0.1,-3,-0.0181818181818,-0.0318518518519,0,0,0,18,1,2,89,0.9,0.988888888889,0.0111111111111,0.1,0.947368421053,0.9,0.923076923077,0.906956031802,0.888888888889,0.857142857143,6,7,0,0,0,0
2531,WLNM_dir_neg,0.785714285714,0.456349206349,00:00:01,10,60,32,1176529781,threshold_sweep,0.2,0.833333333333,0.714285714286,0.769230769231,5,1,2,13,0.714285714286,0.928571428571,0.0714285714286,0.285714285714,0.833333333333,0.714285714286,0.769230769231,0.857142857143,0.571428571429,0.666666666667,0.67082039325,0.642857142857,20,13,7,0,20,0,13,0,7,11,20,0.181818181818,3.04338842975,3.63636363636,2,2.5,1.68954001271,0.464623503495,0.245454545455,1.16774841624,0.642261628933,0.336363636364,1.94000937205,1.06700515463,0.536363636364,1.05689877454,0.347276990411,3.54545454545,3.04338842975,1.05689877454,3.54545454545,0.499047619048,0.4,8,0.0484848484848,0.255555555556,11,11,11,1,0,0.0909090909091,0.636363636364,0.272727272727,11,0.118181818182,3.72727272727,2.36363636364,1.3,1.625,1.43336856898,0.6064251638,0.286713286713,0.603022689156,0.510249967747,0.237762237762,1.40129809949,1.18571377649,0.503496503497,2.05382127221,0.551025219373,7,3.72727272727,2.05382127221,7,0,0,0,0,0.22962962963,11,11,11,1,0,0.0909090909091,0.636363636364,0.272727272727,11,19,0.172727272727,3.17045454545,3.45454545455,1.9,2.375,1.43969693781,0.416754376733,0.215311004785,1.00904995822,0.584186817916,0.306220095694,1.67874411933,0.971904490138,0.507177033493,1.19278131807,0.376217763404,3.875,3.17045454545,1.19278131807,3.875,0.41,0.3,5,0.030303030303,0.223703703704,11,11,11,1,0,0.0909090909091,0.636363636364,0.272727272727,-1,-0.00909090909091,0.127066115702,-0.181818181818,-0.1,-0.125,-0.249843074903,-0.0478691267618,-0.0301435406699,-0.158698458023,-0.058074811017,-0.0301435406699,-0.26126525272,-0.0951006644889,-0.0291866028708,0.135882543529,0.028940772993,0.329545454545,0.127066115702,0.135882543529,0.329545454545,-0.0890476190476,-0.1,-3,-0.0181818181818,-0.0318518518519,0,0,0,18,1,2,89,0.9,0.988888888889,0.0111111111111,0.1,0.947368421053,0.9,0.923076923077,0.906956031802,0.888888888889,0.857142857143,6,7,0,0,0,0
2532,WLNM_dir_neg,0.785714285714,0.456349206349,00:00:01,10,60,32,1176529781,threshold_sweep,0.3,0.833333333333,0.714285714286,0.769230769231,5,1,2,13,0.714285714286,0.928571428571,0.0714285714286,0.285714285714,0.833333333333,0.714285714286,0.769230769231,0.857142857143,0.571428571429,0.666666666667,0.67082039325,0.642857142857,20,13,7,0,20,0,13,0,7,11,20,0.181818181818,3.04338842975,3.63636363636,2,2.5,1.68954001271,0.464623503495,0.245454545455,1.16774841624,0.642261628933,0.336363636364,1.94000937205,1.06700515463,0.536363636364,1.05689877454,0.347276990411,3.54545454545,3.04338842975,1.05689877454,3.54545454545,0.499047619048,0.4,8,0.0484848484848,0.255555555556,11,11,11,1,0,0.0909090909091,0.636363636364,0.272727272727,11,0.118181818182,3.72727272727,2.36363636364,1.3,1.625,1.43336856898,0.6064251638,0.286713286713,0.603022689156,0.510249967747,0.237762237762,1.40129809949,1.18571377649,0.503496503497,2.05382127221,0.551025219373,7,3.72727272727,2.05382127221,7,0,0,0,0,0.22962962963,11,11,11,1,0,0.0909090909091,0.636363636364,0.272727272727,11,19,0.172727272727,3.17045454545,3.45454545455,1.9,2.375,1.43969693781,0.416754376733,0.215311004785,1.00904995822,0.584186817916,0.306220095694,1.67874411933,0.971904490138,0.507177033493,1.19278131807,0.376217763404,3.875,3.17045454545,1.19278131807,3.875,0.41,0.3,5,0.030303030303,0.223703703704,11,11,11,1,0,0.0909090909091,0.636363636364,0.272727272727,-1,-0.00909090909091,0.127066115702,-0.181818181818,-0.1,-0.125,-0.249843074903,-0.0478691267618,-0.0301435406699,-0.158698458023,-0.058074811017,-0.0301435406699,-0.26126525272,-0.0951006644889,-0.0291866028708,0.135882543529,0.028940772993,0.329545454545,0.127066115702,0.135882543529,0.329545454545,-0.0890476190476,-0.1,-3,-0.0181818181818,-0.0318518518519,0,0,0,18,1,2,89,0.9,0.988888888889,0.0111111111111,0.1,0.947368421053,0.9,0.923076923077,0.906956031802,0.888888888889,0.857142857143,6,7,0,0,0,0
2533,WLNM_dir_neg,0.785714285714,0.456349206349,00:00:01,10,60,32,1176529781,threshold_sweep,0.4,0.8,0.571428571429,0.666666666667,4,1,3,13,0.571428571429,0.928571428571,0.0714285714286,0.428571428571,0.8,0.571428571429,0.666666666667,0.809523809524,0.587301587302,0.538461538462,0.553398590529,0.5,20,13,7,0,20,0,13,0,7,11,20,0.181818181818,3.04338842975,3.63636363636,2,2.5,1.68954001271,0.464623503495,0.245454545455,1.16774841624,0.642261628933,0.336363636364,1.94000937205,1.06700515463,0.536363636364,1.05689877454,0.347276990411,3.54545454545,3.04338842975,1.05689877454,3.54545454545,0.499047619048,0.4,8,0.0484848484848,0.255555555556,11,11,11,1,0,0.0909090909091,0.636363636364,0.272727272727,11,0.118181818182,3.72727272727,2.36363636364,1.3,1.625,1.43336856898,0.6064251638,0.286713286713,0.603022689156,0.510249967747,0.237762237762,1.40129809949,1.18571377649,0.503496503497,2.05382127221,0.551025219373,7,3.72727272727,2.05382127221,7,0,0,0,0,0.22962962963,11,11,11,1,0,0.0909090909091,0.636363636364,0.272727272727,11,18,0.163636363636,3.22727272727,3.27272727273,1.8,2.25,1.42062726223,0.434080552347,0.227272727273,0.924416277737,0.564921058617,0.292929292929,1.68954001271,1.03249667443,0.525252525253,1.27207775634,0.394164938585,4,3.22727272727,1.27207775634,4,0.443333333333,0.333333333333,5,0.030303030303,0.218518518519,11,11,11,1,0,0.0909090909091,0.636363636364,0.272727272727,-2,-0.0181818181818,0.183884297521,-0.363636363636,-0.2,-0.25,-0.268912750482,-0.030542951148,-0.0181818181818,-0.243332138505,-0.0773405703161,-0.0434343434343,-0.250469359339,-0.0345084801933,-0.0111111111111,0.215178981806,0.0468879481737,0.454545454545,0.183884297521,0.215178981806,0.454545454545,-0.0557142857143,-0.0666666666667,-3,-0.0181818181818,-0.037037037037,0,0,0,17,1,3,89,0.85,0.988888888889,0.0111111111111,0.15,0.944444444444,0.85,0.894736842105,0.874602125628,0.838888888889,0.809523809524,5,7,0,0,0,0
2534,WLNM_dir_neg,0.785714285714,0.456349206349,00:00:01,10,60,32,1176529781,threshold_sweep,0.5,0.75,0.428571428571,0.545454545455,3,1,4,13,0.428571428571,0.928571428571,0.0714285714286,0.571428571429,0.75,0.428571428571,0.545454545455,0.761904761905,0.603174603175,0.4,0.428746462856,0.357142857143,20,13,7,0,20,0,13,0,7,11,20,0.181818181818,3.04338842975,3.63636363636,2,2.5,1.68954001271,0.464623503495,0.245454545455,1.16774841624,0.642261628933,0.336363636364,1.94000937205,1.06700515463,0.536363636364,1.05689877454,0.347276990411,3.54545454545,3.04338842975,1.05689877454,3.54545454545,0.499047619048,0.4,8,0.0484848484848,0.255555555556,11,11,11,1,0,0.0909090909091,0.636363636364,0.272727272727,11,0.118181818182,3.72727272727,2.36363636364,1.3,1.625,1.43336856898,0.6064251638,0.286713286713,0.603022689156,0.510249967747,0.237762237762,1.40129809949,1.18571377649,0.503496503497,2.05382127221,0.551025219373,7,3.72727272727,2.05382127221,7,0,0,0,0,0.22962962963,11,11,11,1,0,0.0909090909091,0.636363636364,0.272727272727,11,17,0.154545454545,3.32828282828,3.09090909091,1.7,2.125,1.30034960334,0.420701342257,0.208556149733,0.820199532265,0.530717344407,0.267379679144,1.57249078621,1.01749403814,0.513368983957,1.4305862015,0.429827113651,4.66666666667,3.32828282828,1.4305862015,4.66666666667,0.296666666667,0.230769230769,3,0.0181818181818,0.201851851852,11,11,11,1,0,0.0909090909091,0.636363636364,0.272727272727,-3,-0.0272727272727,0.284894398531,-0.545454545455,-0.3,-0.375,-0.389190409368,-0.0439221612377,-0.0368983957219,-0.347548883978,-0.111544284527,-0.0689839572193,-0.367518585835,-0.0495111164884,-0.0229946524064,0.373687426959,0.0825501232399,1.12121212121,0.284894398531,0.373687426959,1.12121212121,-0.202380952381,-0.169230769231,-5,-0.030303030303,-0.0537037037037,0,0,0,16,1,4,89,0.8,0.988888888889,0.0111111111111,0.2,0.941176470588,0.8,0.864864864865,0.841755876268,0.788888888889,0.761904761905,4,7,0,0,0,0
2535,WLNM_dir_neg,0.785714285714,0.456349206349,00:00:01,10,60,32,1176529781,threshold_sweep,0.6,0.666666666667,0.285714285714,0.4,2,1,5,13,0.285714285714,0.928571428571,0.0714285714286,0.714285714286,0.666666666667,0.285714285714,0.4,0.714285714286,0.619047619048,0.25,0.288675134595,0.214285714286,20,13,7,0,20,0,13,0,7,11,20,0.181818181818,3.04338842975,3.63636363636,2,2.5,1.68954001271,0.464623503495,0.245454545455,1.16774841624,0.642261628933,0.336363636364,1.94000937205,1.06700515463,0.536363636364,1.05689877454,0.347276990411,3.54545454545,3.04338842975,1.05689877454,3.54545454545,0.499047619048,0.4,8,0.0484848484848,0.255555555556,11,11,11,1,0,0.0909090909091,0.636363636364,0.272727272727,11,0.118181818182,3.72727272727,2.36363636364,1.3,1.625,1.43336856898,0.6064251638,0.286713286713,0.603022689156,0.510249967747,0.237762237762,1.40129809949,1.18571377649,0.503496503497,2.05382127221,0.551025219373,7,3.72727272727,2.05382127221,7,0,0,0,0,0.22962962963,11,11,11,1,0,0.0909090909091,0.636363636364,0.272727272727,11,16,0.145454545455,3.77272727273,2.90909090909,1.6,2,1.22102788294,0.41972833476,0.181818181818,0.820199532265,0.563887178432,0.284090909091,1.50755672289,1.03644524699,0.511363636364,2.17213761493,0.575747319619,7,3.77272727273,2.17213761493,7,0.213333333333,0.176470588235,2,0.0121212121212,0.188888888889,11,11,11,1,0,0.0909090909091,0.636363636364,0.272727272727,-4,-0.0363636363636,0.729338842975,-0.727272727273,-0.4,-0.5,-0.468512129772,-0.0448951687355,-0.0636363636364,-0.347548883978,-0.0783744505013,-0.0522727272727,-0.43245264916,-0.0305599076407,-0.025,1.11523884039,0.228470329208,3.45454545455,0.729338842975,1.11523884039,3.45454545455,-0.285714285714,-0.223529411765,-6,-0.0363636363636,-0.0666666666667,0,0,0,15,1,5,89,0.75,0.988888888889,0.0111111111111,0.25,0.9375,0.75,0.833333333333,0.808335161217,0.738888888889,0.714285714286,3,7,0,0,0,0
2536,WLNM_dir_neg,0.785714285714,0.456349206349,00:00:01,10,60,32,1176529781,threshold_sweep,0.7,0.666666666667,0.285714285714,0.4,2,1,5,13,0.285714285714,0.928571428571,0.0714285714286,0.714285714286,0.666666666667,0.285714285714,0.4,0.714285714286,0.619047619048,0.25,0.288675134595,0.214285714286,20,13,7,0,20,0,13,0,7,11,20,0.181818181818,3.04338842975,3.63636363636,2,2.5,1.68954001271,0.464623503495,0.245454545455,1.16774841624,0.642261628933,0.336363636364,1.94000937205,1.06700515463,0.536363636364,1.05689877454,0.347276990411,3.54545454545,3.04338842975,1.05689877454,3.54545454545,0.499047619048,0.4,8,0.0484848484848,0.255555555556,11,11,11,1,0,0.0909090909091,0.636363636364,0.272727272727,11,0.118181818182,3.72727272727,2.36363636364,1.3,1.625,1.43336856898,0.6064251638,0.286713286713,0.603022689156,0.510249967747,0.237762237762,1.40129809949,1.18571377649,0.503496503497,2.05382127221,0.551025219373,7,3.72727272727,2.05382127221,7,0,0,0,0,0.22962962963,11,11,11,1,0,0.0909090909091,0.636363636364,0.272727272727,11,16,0.145454545455,3.77272727273,2.90909090909,1.6,2,1.22102788294,0.41972833476,0.181818181818,0.820199532265,0.563887178432,0.284090909091,1.50755672289,1.03644524699,0.511363636364,2.17213761493,0.575747319619,7,3.77272727273,2.17213761493,7,0.213333333333,0.176470588235,2,0.0121212121212,0.188888888889,11,11,11,1,0,0.0909090909091,0.636363636364,0.272727272727,-4,-0.0363636363636,0.729338842975,-0.727272727273,-0.4,-0.5,-0.468512129772,-0.0448951687355,-0.0636363636364,-0.347548883978,-0.0783744505013,-0.0522727272727,-0.43245264916,-0.0305599076407,-0.025,1.11523884039,0.228470329208,3.45454545455,0.729338842975,1.11523884039,3.45454545455,-0.285714285714,-0.223529411765,-6,-0.0363636363636,-0.0666666666667,0,0,0,15,1,5,89,0.75,0.988888888889,0.0111111111111,0.25,0.9375,0.75,0.833333333333,0.808335161217,0.738888888889,0.714285714286,3,7,0,0,0,0
2537,WLNM_dir_neg,0.785714285714,0.456349206349,00:00:01,10,60,32,1176529781,threshold_sweep,0.8,0.666666666667,0.285714285714,0.4,2,1,5,13,0.285714285714,0.928571428571,0.0714285714286,0.714285714286,0.666666666667,0.285714285714,0.4,0.714285714286,0.619047619048,0.25,0.288675134595,0.214285714286,20,13,7,0,20,0,13,0,7,11,20,0.181818181818,3.04338842975,3.63636363636,2,2.5,1.68954001271,0.464623503495,0.245454545455,1.16774841624,0.642261628933,0.336363636364,1.94000937205,1.06700515463,0.536363636364,1.05689877454,0.347276990411,3.54545454545,3.04338842975,1.05689877454,3.54545454545,0.499047619048,0.4,8,0.0484848484848,0.255555555556,11,11,11,1,0,0.0909090909091,0.636363636364,0.272727272727,11,0.118181818182,3.72727272727,2.36363636364,1.3,1.625,1.43336856898,0.6064251638,0.286713286713,0.603022689156,0.510249967747,0.237762237762,1.40129809949,1.18571377649,0.503496503497,2.05382127221,0.551025219373,7,3.72727272727,2.05382127221,7,0,0,0,0,0.22962962963,11,11,11,1,0,0.0909090909091,0.636363636364,0.272727272727,11,16,0.145454545455,3.77272727273,2.90909090909,1.6,2,1.22102788294,0.41972833476,0.181818181818,0.820199532265,0.563887178432,0.284090909091,1.50755672289,1.03644524699,0.511363636364,2.17213761493,0.575747319619,7,3.77272727273,2.17213761493,7,0.213333333333,0.176470588235,2,0.0121212121212,0.188888888889,11,11,11,1,0,0.0909090909091,0.636363636364,0.272727272727,-4,-0.0363636363636,0.729338842975,-0.727272727273,-0.4,-0.5,-0.468512129772,-0.0448951687355,-0.0636363636364,-0.347548883978,-0.0783744505013,-0.0522727272727,-0.43245264916,-0.0305599076407,-0.025,1.11523884039,0.228470329208,3.45454545455,0.729338842975,1.11523884039,3.45454545455,-0.285714285714,-0.223529411765,-6,-0.0363636363636,-0.0666666666667,0,0,0,15,1,5,89,0.75,0.988888888889,0.0111111111111,0.25,0.9375,0.75,0.833333333333,0.808335161217,0.738888888889,0.714285714286,3,7,0,0,0,0
2538,WLNM_dir_neg,0.785714285714,0.456349206349,00:00:01,10,60,32,1176529781,threshold_sweep,0.9,0.666666666667,0.285714285714,0.4,2,1,5,13,0.285714285714,0.928571428571,0.0714285714286,0.714285714286,0.666666666667,0.285714285714,0.4,0.714285714286,0.619047619048,0.25,0.288675134595,0.214285714286,20,13,7,0,20,0,13,0,7,11,20,0.181818181818,3.04338842975,3.63636363636,2,2.5,1.68954001271,0.464623503495,0.245454545455,1.16774841624,0.642261628933,0.336363636364,1.94000937205,1.06700515463,0.536363636364,1.05689877454,0.347276990411,3.54545454545,3.04338842975,1.05689877454,3.54545454545,0.499047619048,0.4,8,0.0484848484848,0.255555555556,11,11,11,1,0,0.0909090909091,0.636363636364,0.272727272727,11,0.118181818182,3.72727272727,2.36363636364,1.3,1.625,1.43336856898,0.6064251638,0.286713286713,0.603022689156,0.510249967747,0.237762237762,1.40129809949,1.18571377649,0.503496503497,2.05382127221,0.551025219373,7,3.72727272727,2.05382127221,7,0,0,0,0,0.22962962963,11,11,11,1,0,0.0909090909091,0.636363636364,0.272727272727,11,16,0.145454545455,3.77272727273,2.90909090909,1.6,2,1.22102788294,0.41972833476,0.181818181818,0.820199532265,0.563887178432,0.284090909091,1.50755672289,1.03644524699,0.511363636364,2.17213761493,0.575747319619,7,3.77272727273,2.17213761493,7,0.213333333333,0.176470588235,2,0.0121212121212,0.188888888889,11,11,11,1,0,0.0909090909091,0.636363636364,0.272727272727,-4,-0.0363636363636,0.729338842975,-0.727272727273,-0.4,-0.5,-0.468512129772,-0.0448951687355,-0.0636363636364,-0.347548883978,-0.0783744505013,-0.0522727272727,-0.43245264916,-0.0305599076407,-0.025,1.11523884039,0.228470329208,3.45454545455,0.729338842975,1.11523884039,3.45454545455,-0.285714285714,-0.223529411765,-6,-0.0363636363636,-0.0666666666667,0,0,0,15,1,5,89,0.75,0.988888888889,0.0111111111111,0.25,0.9375,0.75,0.833333333333,0.808335161217,0.738888888889,0.714285714286,3,7,0,0,0,0
2539,WLNM_dir_neg,0.877551020408,0.553601953602,00:00:01,10,60,33,1176529782,threshold_sweep,0.1,0.833333333333,0.714285714286,0.769230769231,5,1,2,13,0.714285714286,0.928571428571,0.0714285714286,0.285714285714,0.833333333333,0.714285714286,0.769230769231,0.857142857143,0.571428571429,0.666666666667,0.67082039325,0.642857142857,20,13,7,0,20,0,13,0,7,11,20,0.181818181818,3.04338842975,3.63636363636,2,2.5,1.68954001271,0.464623503495,0.245454545455,1.16774841624,0.642261628933,0.336363636364,1.94000937205,1.06700515463,0.536363636364,1.05689877454,0.347276990411,3.54545454545,3.04338842975,1.05689877454,3.54545454545,0.499047619048,0.4,8,0.0484848484848,0.255555555556,11,11,11,1,0,0.0909090909091,0.636363636364,0.272727272727,11,0.118181818182,3.72727272727,2.36363636364,1.3,1.625,1.43336856898,0.6064251638,0.286713286713,0.603022689156,0.510249967747,0.237762237762,1.40129809949,1.18571377649,0.503496503497,2.05382127221,0.551025219373,7,3.72727272727,2.05382127221,7,0,0,0,0,0.22962962963,11,11,11,1,0,0.0909090909091,0.636363636364,0.272727272727,11,19,0.172727272727,3.65316205534,3.45454545455,1.9,2.375,1.63484778274,0.473245410793,0.248803827751,0.904534033733,0.523677598477,0.267942583732,1.67874411933,0.971904490138,0.507177033493,1.65532062001,0.453119953328,5.13043478261,3.65316205534,1.65532062001,5.13043478261,0.366666666667,0.266666666667,4,0.0242424242424,0.197037037037,11,11,11,1,0,0.0909090909091,0.636363636364,0.272727272727,-1,-0.00909090909091,0.609773625584,-0.181818181818,-0.1,-0.125,-0.05469222997,0.00862190729789,0.00334928229665,-0.263214382509,-0.118584030456,-0.0684210526316,-0.26126525272,-0.0951006644889,-0.0291866028708,0.598421845477,0.105842962917,1.58498023715,0.609773625584,0.598421845477,1.58498023715,-0.132380952381,-0.133333333333,-4,-0.0242424242424,-0.0585185185185,0,0,0,18,1,2,89,0.9,0.988888888889,0.0111111111111,0.1,0.947368421053,0.9,0.923076923077,0.906956031802,0.888888888889,0.857142857143,6,7,0,0,0,0
2540,WLNM_dir_neg,0.877551020408,0.553601953602,00:00:01,10,60,33,1176529782,threshold_sweep,0.2,0.833333333333,0.714285714286,0.769230769231,5,1,2,13,0.714285714286,0.928571428571,0.0714285714286,0.285714285714,0.833333333333,0.714285714286,0.769230769231,0.857142857143,0.571428571429,0.666666666667,0.67082039325,0.642857142857,20,13,7,0,20,0,13,0,7,11,20,0.181818181818,3.04338842975,3.63636363636,2,2.5,1.68954001271,0.464623503495,0.245454545455,1.16774841624,0.642261628933,0.336363636364,1.94000937205,1.06700515463,0.536363636364,1.05689877454,0.347276990411,3.54545454545,3.04338842975,1.05689877454,3.54545454545,0.499047619048,0.4,8,0.0484848484848,0.255555555556,11,11,11,1,0,0.0909090909091,0.636363636364,0.272727272727,11,0.118181818182,3.72727272727,2.36363636364,1.3,1.625,1.43336856898,0.6064251638,0.286713286713,0.603022689156,0.510249967747,0.237762237762,1.40129809949,1.18571377649,0.503496503497,2.05382127221,0.551025219373,7,3.72727272727,2.05382127221,7,0,0,0,0,0.22962962963,11,11,11,1,0,0.0909090909091,0.636363636364,0.272727272727,11,19,0.172727272727,3.65316205534,3.45454545455,1.9,2.375,1.63484778274,0.473245410793,0.248803827751,0.904534033733,0.523677598477,0.267942583732,1.67874411933,0.971904490138,0.507177033493,1.65532062001,0.453119953328,5.13043478261,3.65316205534,1.65532062001,5.13043478261,0.366666666667,0.266666666667,4,0.0242424242424,0.197037037037,11,11,11,1,0,0.0909090909091,0.636363636364,0.272727272727,-1,-0.00909090909091,0.609773625584,-0.181818181818,-0.1,-0.125,-0.05469222997,0.00862190729789,0.00334928229665,-0.263214382509,-0.118584030456,-0.0684210526316,-0.26126525272,-0.0951006644889,-0.0291866028708,0.598421845477,0.105842962917,1.58498023715,0.609773625584,0.598421845477,1.58498023715,-0.132380952381,-0.133333333333,-4,-0.0242424242424,-0.0585185185185,0,0,0,18,1,2,89,0.9,0.988888888889,0.0111111111111,0.1,0.947368421053,0.9,0.923076923077,0.906956031802,0.888888888889,0.857142857143,6,7,0,0,0,0
2541,WLNM_dir_neg,0.877551020408,0.553601953602,00:00:01,10,60,33,1176529782,threshold_sweep,0.3,0.833333333333,0.714285714286,0.769230769231,5,1,2,13,0.714285714286,0.928571428571,0.0714285714286,0.285714285714,0.833333333333,0.714285714286,0.769230769231,0.857142857143,0.571428571429,0.666666666667,0.67082039325,0.642857142857,20,13,7,0,20,0,13,0,7,11,20,0.181818181818,3.04338842975,3.63636363636,2,2.5,1.68954001271,0.464623503495,0.245454545455,1.16774841624,0.642261628933,0.336363636364,1.94000937205,1.06700515463,0.536363636364,1.05689877454,0.347276990411,3.54545454545,3.04338842975,1.05689877454,3.54545454545,0.499047619048,0.4,8,0.0484848484848,0.255555555556,11,11,11,1,0,0.0909090909091,0.636363636364,0.272727272727,11,0.118181818182,3.72727272727,2.36363636364,1.3,1.625,1.43336856898,0.6064251638,0.286713286713,0.603022689156,0.510249967747,0.237762237762,1.40129809949,1.18571377649,0.503496503497,2.05382127221,0.551025219373,7,3.72727272727,2.05382127221,7,0,0,0,0,0.22962962963,11,11,11,1,0,0.0909090909091,0.636363636364,0.272727272727,11,19,0.172727272727,3.65316205534,3.45454545455,1.9,2.375,1.63484778274,0.473245410793,0.248803827751,0.904534033733,0.523677598477,0.267942583732,1.67874411933,0.971904490138,0.507177033493,1.65532062001,0.453119953328,5.13043478261,3.65316205534,1.65532062001,5.13043478261,0.366666666667,0.266666666667,4,0.0242424242424,0.197037037037,11,11,11,1,0,0.0909090909091,0.636363636364,0.272727272727,-1,-0.00909090909091,0.609773625584,-0.181818181818,-0.1,-0.125,-0.05469222997,0.00862190729789,0.00334928229665,-0.263214382509,-0.118584030456,-0.0684210526316,-0.26126525272,-0.0951006644889,-0.0291866028708,0.598421845477,0.105842962917,1.58498023715,0.609773625584,0.598421845477,1.58498023715,-0.132380952381,-0.133333333333,-4,-0.0242424242424,-0.0585185185185,0,0,0,18,1,2,89,0.9,0.988888888889,0.0111111111111,0.1,0.947368421053,0.9,0.923076923077,0.906956031802,0.888888888889,0.857142857143,6,7,0,0,0,0
2542,WLNM_dir_neg,0.877551020408,0.553601953602,00:00:01,10,60,33,1176529782,threshold_sweep,0.4,0.8,0.571428571429,0.666666666667,4,1,3,13,0.571428571429,0.928571428571,0.0714285714286,0.428571428571,0.8,0.571428571429,0.666666666667,0.809523809524,0.587301587302,0.538461538462,0.553398590529,0.5,20,13,7,0,20,0,13,0,7,11,20,0.181818181818,3.04338842975,3.63636363636,2,2.5,1.68954001271,0.464623503495,0.245454545455,1.16774841624,0.642261628933,0.336363636364,1.94000937205,1.06700515463,0.536363636364,1.05689877454,0.347276990411,3.54545454545,3.04338842975,1.05689877454,3.54545454545,0.499047619048,0.4,8,0.0484848484848,0.255555555556,11,11,11,1,0,0.0909090909091,0.636363636364,0.272727272727,11,0.118181818182,3.72727272727,2.36363636364,1.3,1.625,1.43336856898,0.6064251638,0.286713286713,0.603022689156,0.510249967747,0.237762237762,1.40129809949,1.18571377649,0.503496503497,2.05382127221,0.551025219373,7,3.72727272727,2.05382127221,7,0,0,0,0,0.22962962963,11,11,11,1,0,0.0909090909091,0.636363636364,0.272727272727,11,18,0.163636363636,3.68636363636,3.27272727273,1.8,2.25,1.48935617573,0.455081053695,0.232323232323,0.809039834956,0.494413232473,0.242424242424,1.5666989036,0.957427107756,0.494949494949,1.70164655851,0.461605724874,5.33333333333,3.68636363636,1.70164655851,5.33333333333,0.213333333333,0.153846153846,2,0.0121212121212,0.183333333333,11,11,11,1,0,0.0909090909091,0.636363636364,0.272727272727,-2,-0.0181818181818,0.642975206612,-0.363636363636,-0.2,-0.25,-0.20018383698,-0.00954244980009,-0.0131313131313,-0.358708581286,-0.14784839646,-0.0939393939394,-0.373310468447,-0.10957804687,-0.0414141414141,0.644747783977,0.114328734463,1.78787878788,0.642975206612,0.644747783977,1.78787878788,-0.285714285714,-0.246153846154,-6,-0.0363636363636,-0.0722222222222,0,0,0,17,1,3,89,0.85,0.988888888889,0.0111111111111,0.15,0.944444444444,0.85,0.894736842105,0.874602125628,0.838888888889,0.809523809524,5,7,0,0,0,0
2543,WLNM_dir_neg,0.877551020408,0.553601953602,00:00:01,10,60,33,1176529782,threshold_sweep,0.5,0.8,0.571428571429,0.666666666667,4,1,3,13,0.571428571429,0.928571428571,0.0714285714286,0.428571428571,0.8,0.571428571429,0.666666666667,0.809523809524,0.587301587302,0.538461538462,0.553398590529,0.5,20,13,7,0,20,0,13,0,7,11,20,0.181818181818,3.04338842975,3.63636363636,2,2.5,1.68954001271,0.464623503495,0.245454545455,1.16774841624,0.642261628933,0.336363636364,1.94000937205,1.06700515463,0.536363636364,1.05689877454,0.347276990411,3.54545454545,3.04338842975,1.05689877454,3.54545454545,0.499047619048,0.4,8,0.0484848484848,0.255555555556,11,11,11,1,0,0.0909090909091,0.636363636364,0.272727272727,11,0.118181818182,3.72727272727,2.36363636364,1.3,1.625,1.43336856898,0.6064251638,0.286713286713,0.603022689156,0.510249967747,0.237762237762,1.40129809949,1.18571377649,0.503496503497,2.05382127221,0.551025219373,7,3.72727272727,2.05382127221,7,0,0,0,0,0.22962962963,11,11,11,1,0,0.0909090909091,0.636363636364,0.272727272727,11,18,0.163636363636,3.68636363636,3.27272727273,1.8,2.25,1.48935617573,0.455081053695,0.232323232323,0.809039834956,0.494413232473,0.242424242424,1.5666989036,0.957427107756,0.494949494949,1.70164655851,0.461605724874,5.33333333333,3.68636363636,1.70164655851,5.33333333333,0.213333333333,0.153846153846,2,0.0121212121212,0.183333333333,11,11,11,1,0,0.0909090909091,0.636363636364,0.272727272727,-2,-0.0181818181818,0.642975206612,-0.363636363636,-0.2,-0.25,-0.20018383698,-0.00954244980009,-0.0131313131313,-0.358708581286,-0.14784839646,-0.0939393939394,-0.373310468447,-0.10957804687,-0.0414141414141,0.644747783977,0.114328734463,1.78787878788,0.642975206612,0.644747783977,1.78787878788,-0.285714285714,-0.246153846154,-6,-0.0363636363636,-0.0722222222222,0,0,0,17,1,3,89,0.85,0.988888888889,0.0111111111111,0.15,0.944444444444,0.85,0.894736842105,0.874602125628,0.838888888889,0.809523809524,5,7,0,0,0,0
2544,WLNM_dir_neg,0.877551020408,0.553601953602,00:00:01,10,60,33,1176529782,threshold_sweep,0.6,0.8,0.571428571429,0.666666666667,4,1,3,13,0.571428571429,0.928571428571,0.0714285714286,0.428571428571,0.8,0.571428571429,0.666666666667,0.809523809524,0.587301587302,0.538461538462,0.553398590529,0.5,20,13,7,0,20,0,13,0,7,11,20,0.181818181818,3.04338842975,3.63636363636,2,2.5,1.68954001271,0.464623503495,0.245454545455,1.16774841624,0.642261628933,0.336363636364,1.94000937205,1.06700515463,0.536363636364,1.05689877454,0.347276990411,3.54545454545,3.04338842975,1.05689877454,3.54545454545,0.499047619048,0.4,8,0.0484848484848,0.255555555556,11,11,11,1,0,0.0909090909091,0.636363636364,0.272727272727,11,0.118181818182,3.72727272727,2.36363636364,1.3,1.625,1.43336856898,0.6064251638,0.286713286713,0.603022689156,0.510249967747,0.237762237762,1.40129809949,1.18571377649,0.503496503497,2.05382127221,0.551025219373,7,3.72727272727,2.05382127221,7,0,0,0,0,0.22962962963,11,11,11,1,0,0.0909090909091,0.636363636364,0.272727272727,11,18,0.163636363636,3.68636363636,3.27272727273,1.8,2.25,1.48935617573,0.455081053695,0.232323232323,0.809039834956,0.494413232473,0.242424242424,1.5666989036,0.957427107756,0.494949494949,1.70164655851,0.461605724874,5.33333333333,3.68636363636,1.70164655851,5.33333333333,0.213333333333,0.153846153846,2,0.0121212121212,0.183333333333,11,11,11,1,0,0.0909090909091,0.636363636364,0.272727272727,-2,-0.0181818181818,0.642975206612,-0.363636363636,-0.2,-0.25,-0.20018383698,-0.00954244980009,-0.0131313131313,-0.358708581286,-0.14784839646,-0.0939393939394,-0.373310468447,-0.10957804687,-0.0414141414141,0.644747783977,0.114328734463,1.78787878788,0.642975206612,0.644747783977,1.78787878788,-0.285714285714,-0.246153846154,-6,-0.0363636363636,-0.0722222222222,0,0,0,17,1,3,89,0.85,0.988888888889,0.0111111111111,0.15,0.944444444444,0.85,0.894736842105,0.874602125628,0.838888888889,0.809523809524,5,7,0,0,0,0
2545,WLNM_dir_neg,0.877551020408,0.553601953602,00:00:01,10,60,33,1176529782,threshold_sweep,0.7,0.8,0.571428571429,0.666666666667,4,1,3,13,0.571428571429,0.928571428571,0.0714285714286,0.428571428571,0.8,0.571428571429,0.666666666667,0.809523809524,0.587301587302,0.538461538462,0.553398590529,0.5,20,13,7,0,20,0,13,0,7,11,20,0.181818181818,3.04338842975,3.63636363636,2,2.5,1.68954001271,0.464623503495,0.245454545455,1.16774841624,0.642261628933,0.336363636364,1.94000937205,1.06700515463,0.536363636364,1.05689877454,0.347276990411,3.54545454545,3.04338842975,1.05689877454,3.54545454545,0.499047619048,0.4,8,0.0484848484848,0.255555555556,11,11,11,1,0,0.0909090909091,0.636363636364,0.272727272727,11,0.118181818182,3.72727272727,2.36363636364,1.3,1.625,1.43336856898,0.6064251638,0.286713286713,0.603022689156,0.510249967747,0.237762237762,1.40129809949,1.18571377649,0.503496503497,2.05382127221,0.551025219373,7,3.72727272727,2.05382127221,7,0,0,0,0,0.22962962963,11,11,11,1,0,0.0909090909091,0.636363636364,0.272727272727,11,18,0.163636363636,3.68636363636,3.27272727273,1.8,2.25,1.48935617573,0.455081053695,0.232323232323,0.809039834956,0.494413232473,0.242424242424,1.5666989036,0.957427107756,0.494949494949,1.70164655851,0.461605724874,5.33333333333,3.68636363636,1.70164655851,5.33333333333,0.213333333333,0.153846153846,2,0.0121212121212,0.183333333333,11,11,11,1,0,0.0909090909091,0.636363636364,0.272727272727,-2,-0.0181818181818,0.642975206612,-0.363636363636,-0.2,-0.25,-0.20018383698,-0.00954244980009,-0.0131313131313,-0.358708581286,-0.14784839646,-0.0939393939394,-0.373310468447,-0.10957804687,-0.0414141414141,0.644747783977,0.114328734463,1.78787878788,0.642975206612,0.644747783977,1.78787878788,-0.285714285714,-0.246153846154,-6,-0.0363636363636,-0.0722222222222,0,0,0,17,1,3,89,0.85,0.988888888889,0.0111111111111,0.15,0.944444444444,0.85,0.894736842105,0.874602125628,0.838888888889,0.809523809524,5,7,0,0,0,0
2546,WLNM_dir_neg,0.877551020408,0.553601953602,00:00:01,10,60,33,1176529782,threshold_sweep,0.8,0.8,0.571428571429,0.666666666667,4,1,3,13,0.571428571429,0.928571428571,0.0714285714286,0.428571428571,0.8,0.571428571429,0.666666666667,0.809523809524,0.587301587302,0.538461538462,0.553398590529,0.5,20,13,7,0,20,0,13,0,7,11,20,0.181818181818,3.04338842975,3.63636363636,2,2.5,1.68954001271,0.464623503495,0.245454545455,1.16774841624,0.642261628933,0.336363636364,1.94000937205,1.06700515463,0.536363636364,1.05689877454,0.347276990411,3.54545454545,3.04338842975,1.05689877454,3.54545454545,0.499047619048,0.4,8,0.0484848484848,0.255555555556,11,11,11,1,0,0.0909090909091,0.636363636364,0.272727272727,11,0.118181818182,3.72727272727,2.36363636364,1.3,1.625,1.43336856898,0.6064251638,0.286713286713,0.603022689156,0.510249967747,0.237762237762,1.40129809949,1.18571377649,0.503496503497,2.05382127221,0.551025219373,7,3.72727272727,2.05382127221,7,0,0,0,0,0.22962962963,11,11,11,1,0,0.0909090909091,0.636363636364,0.272727272727,11,18,0.163636363636,3.68636363636,3.27272727273,1.8,2.25,1.48935617573,0.455081053695,0.232323232323,0.809039834956,0.494413232473,0.242424242424,1.5666989036,0.957427107756,0.494949494949,1.70164655851,0.461605724874,5.33333333333,3.68636363636,1.70164655851,5.33333333333,0.213333333333,0.153846153846,2,0.0121212121212,0.183333333333,11,11,11,1,0,0.0909090909091,0.636363636364,0.272727272727,-2,-0.0181818181818,0.642975206612,-0.363636363636,-0.2,-0.25,-0.20018383698,-0.00954244980009,-0.0131313131313,-0.358708581286,-0.14784839646,-0.0939393939394,-0.373310468447,-0.10957804687,-0.0414141414141,0.644747783977,0.114328734463,1.78787878788,0.642975206612,0.644747783977,1.78787878788,-0.285714285714,-0.246153846154,-6,-0.0363636363636,-0.0722222222222,0,0,0,17,1,3,89,0.85,0.988888888889,0.0111111111111,0.15,0.944444444444,0.85,0.894736842105,0.874602125628,0.838888888889,0.809523809524,5,7,0,0,0,0
2547,WLNM_dir_neg,0.877551020408,0.553601953602,00:00:01,10,60,33,1176529782,threshold_sweep,0.9,1,0.571428571429,0.727272727273,4,0,3,14,0.571428571429,1,0,0.428571428571,1,0.571428571429,0.727272727273,0.857142857143,0.603174603175,0.64,0.68599434057,0.571428571429,20,13,7,0,20,0,13,0,7,11,20,0.181818181818,3.04338842975,3.63636363636,2,2.5,1.68954001271,0.464623503495,0.245454545455,1.16774841624,0.642261628933,0.336363636364,1.94000937205,1.06700515463,0.536363636364,1.05689877454,0.347276990411,3.54545454545,3.04338842975,1.05689877454,3.54545454545,0.499047619048,0.4,8,0.0484848484848,0.255555555556,11,11,11,1,0,0.0909090909091,0.636363636364,0.272727272727,11,0.118181818182,3.72727272727,2.36363636364,1.3,1.625,1.43336856898,0.6064251638,0.286713286713,0.603022689156,0.510249967747,0.237762237762,1.40129809949,1.18571377649,0.503496503497,2.05382127221,0.551025219373,7,3.72727272727,2.05382127221,7,0,0,0,0,0.22962962963,11,11,11,1,0,0.0909090909091,0.636363636364,0.272727272727,11,17,0.154545454545,3.17727272727,3.09090909091,1.7,2.125,1.30034960334,0.420701342257,0.208556149733,0.820199532265,0.530717344407,0.267379679144,1.57249078621,1.01749403814,0.513368983957,1.2536673475,0.394573414091,4.4,3.17727272727,1.2536673475,4.4,0.213333333333,0.153846153846,2,0.0121212121212,0.205555555556,11,11,11,1,0,0.0909090909091,0.636363636364,0.272727272727,-3,-0.0272727272727,0.133884297521,-0.545454545455,-0.3,-0.375,-0.389190409368,-0.0439221612377,-0.0368983957219,-0.347548883978,-0.111544284527,-0.0689839572193,-0.367518585835,-0.0495111164884,-0.0229946524064,0.196768572961,0.0472964236795,0.854545454545,0.133884297521,0.196768572961,0.854545454545,-0.285714285714,-0.246153846154,-6,-0.0363636363636,-0.05,0,0,0,17,0,3,90,0.85,1,0,0.15,1,0.85,0.918918918919,0.906962317388,0.85,0.85,4,7,0,0,0,0
2548,WLNM_dir_neg,0.84693877551,0.699431818182,00:00:01,10,60,34,1176529783,threshold_sweep,0.1,1,0.714285714286,0.833333333333,5,0,2,14,0.714285714286,1,0,0.285714285714,1,0.714285714286,0.833333333333,0.904761904762,0.587301587302,0.769230769231,0.790569415042,0.714285714286,20,13,7,0,20,0,13,0,7,11,20,0.181818181818,3.04338842975,3.63636363636,2,2.5,1.68954001271,0.464623503495,0.245454545455,1.16774841624,0.642261628933,0.336363636364,1.94000937205,1.06700515463,0.536363636364,1.05689877454,0.347276990411,3.54545454545,3.04338842975,1.05689877454,3.54545454545,0.499047619048,0.4,8,0.0484848484848,0.255555555556,11,11,11,1,0,0.0909090909091,0.636363636364,0.272727272727,11,0.118181818182,3.72727272727,2.36363636364,1.3,1.625,1.43336856898,0.6064251638,0.286713286713,0.603022689156,0.510249967747,0.237762237762,1.40129809949,1.18571377649,0.503496503497,2.05382127221,0.551025219373,7,3.72727272727,2.05382127221,7,0,0,0,0,0.22962962963,11,11,11,1,0,0.0909090909091,0.636363636364,0.272727272727,11,18,0.163636363636,3.11363636364,3.27272727273,1.8,2.25,1.42062726223,0.434080552347,0.227272727273,0.924416277737,0.564921058617,0.292929292929,1.68954001271,1.03249667443,0.525252525253,1.14353419474,0.367266456706,3.875,3.11363636364,1.14353419474,3.875,0.366666666667,0.266666666667,4,0.0242424242424,0.221111111111,11,11,11,1,0,0.0909090909091,0.636363636364,0.272727272727,-2,-0.0181818181818,0.0702479338843,-0.363636363636,-0.2,-0.25,-0.268912750482,-0.030542951148,-0.0181818181818,-0.243332138505,-0.0773405703161,-0.0434343434343,-0.250469359339,-0.0345084801933,-0.0111111111111,0.0866354202056,0.0199894662943,0.329545454545,0.0702479338843,0.0866354202056,0.329545454545,-0.132380952381,-0.133333333333,-4,-0.0242424242424,-0.0344444444444,0,0,0,18,0,2,90,0.9,1,0,0.1,1,0.9,0.947368421053,0.938314863257,0.9,0.9,5,7,0,0,0,0
2549,WLNM_dir_neg,0.84693877551,0.699431818182,00:00:01,10,60,34,1176529783,threshold_sweep,0.2,1,0.714285714286,0.833333333333,5,0,2,14,0.714285714286,1,0,0.285714285714,1,0.714285714286,0.833333333333,0.904761904762,0.587301587302,0.769230769231,0.790569415042,0.714285714286,20,13,7,0,20,0,13,0,7,11,20,0.181818181818,3.04338842975,3.63636363636,2,2.5,1.68954001271,0.464623503495,0.245454545455,1.16774841624,0.642261628933,0.336363636364,1.94000937205,1.06700515463,0.536363636364,1.05689877454,0.347276990411,3.54545454545,3.04338842975,1.05689877454,3.54545454545,0.499047619048,0.4,8,0.0484848484848,0.255555555556,11,11,11,1,0,0.0909090909091,0.636363636364,0.272727272727,11,0.118181818182,3.72727272727,2.36363636364,1.3,1.625,1.43336856898,0.6064251638,0.286713286713,0.603022689156,0.510249967747,0.237762237762,1.40129809949,1.18571377649,0.503496503497,2.05382127221,0.551025219373,7,3.72727272727,2.05382127221,7,0,0,0,0,0.22962962963,11,11,11,1,0,0.0909090909091,0.636363636364,0.272727272727,11,18,0.163636363636,3.11363636364,3.27272727273,1.8,2.25,1.42062726223,0.434080552347,0.227272727273,0.924416277737,0.564921058617,0.292929292929,1.68954001271,1.03249667443,0.525252525253,1.14353419474,0.367266456706,3.875,3.11363636364,1.14353419474,3.875,0.366666666667,0.266666666667,4,0.0242424242424,0.221111111111,11,11,11,1,0,0.0909090909091,0.636363636364,0.272727272727,-2,-0.0181818181818,0.0702479338843,-0.363636363636,-0.2,-0.25,-0.268912750482,-0.030542951148,-0.0181818181818,-0.243332138505,-0.0773405703161,-0.0434343434343,-0.250469359339,-0.0345084801933,-0.0111111111111,0.0866354202056,0.0199894662943,0.329545454545,0.0702479338843,0.0866354202056,0.329545454545,-0.132380952381,-0.133333333333,-4,-0.0242424242424,-0.0344444444444,0,0,0,18,0,2,90,0.9,1,0,0.1,1,0.9,0.947368421053,0.938314863257,0.9,0.9,5,7,0,0,0,0
2550,WLNM_dir_neg,0.84693877551,0.699431818182,00:00:01,10,60,34,1176529783,threshold_sweep,0.3,1,0.714285714286,0.833333333333,5,0,2,14,0.714285714286,1,0,0.285714285714,1,0.714285714286,0.833333333333,0.904761904762,0.587301587302,0.769230769231,0.790569415042,0.714285714286,20,13,7,0,20,0,13,0,7,11,20,0.181818181818,3.04338842975,3.63636363636,2,2.5,1.68954001271,0.464623503495,0.245454545455,1.16774841624,0.642261628933,0.336363636364,1.94000937205,1.06700515463,0.536363636364,1.05689877454,0.347276990411,3.54545454545,3.04338842975,1.05689877454,3.54545454545,0.499047619048,0.4,8,0.0484848484848,0.255555555556,11,11,11,1,0,0.0909090909091,0.636363636364,0.272727272727,11,0.118181818182,3.72727272727,2.36363636364,1.3,1.625,1.43336856898,0.6064251638,0.286713286713,0.603022689156,0.510249967747,0.237762237762,1.40129809949,1.18571377649,0.503496503497,2.05382127221,0.551025219373,7,3.72727272727,2.05382127221,7,0,0,0,0,0.22962962963,11,11,11,1,0,0.0909090909091,0.636363636364,0.272727272727,11,18,0.163636363636,3.11363636364,3.27272727273,1.8,2.25,1.42062726223,0.434080552347,0.227272727273,0.924416277737,0.564921058617,0.292929292929,1.68954001271,1.03249667443,0.525252525253,1.14353419474,0.367266456706,3.875,3.11363636364,1.14353419474,3.875,0.366666666667,0.266666666667,4,0.0242424242424,0.221111111111,11,11,11,1,0,0.0909090909091,0.636363636364,0.272727272727,-2,-0.0181818181818,0.0702479338843,-0.363636363636,-0.2,-0.25,-0.268912750482,-0.030542951148,-0.0181818181818,-0.243332138505,-0.0773405703161,-0.0434343434343,-0.250469359339,-0.0345084801933,-0.0111111111111,0.0866354202056,0.0199894662943,0.329545454545,0.0702479338843,0.0866354202056,0.329545454545,-0.132380952381,-0.133333333333,-4,-0.0242424242424,-0.0344444444444,0,0,0,18,0,2,90,0.9,1,0,0.1,1,0.9,0.947368421053,0.938314863257,0.9,0.9,5,7,0,0,0,0
2551,WLNM_dir_neg,0.84693877551,0.699431818182,00:00:01,10,60,34,1176529783,threshold_sweep,0.4,1,0.714285714286,0.833333333333,5,0,2,14,0.714285714286,1,0,0.285714285714,1,0.714285714286,0.833333333333,0.904761904762,0.587301587302,0.769230769231,0.790569415042,0.714285714286,20,13,7,0,20,0,13,0,7,11,20,0.181818181818,3.04338842975,3.63636363636,2,2.5,1.68954001271,0.464623503495,0.245454545455,1.16774841624,0.642261628933,0.336363636364,1.94000937205,1.06700515463,0.536363636364,1.05689877454,0.347276990411,3.54545454545,3.04338842975,1.05689877454,3.54545454545,0.499047619048,0.4,8,0.0484848484848,0.255555555556,11,11,11,1,0,0.0909090909091,0.636363636364,0.272727272727,11,0.118181818182,3.72727272727,2.36363636364,1.3,1.625,1.43336856898,0.6064251638,0.286713286713,0.603022689156,0.510249967747,0.237762237762,1.40129809949,1.18571377649,0.503496503497,2.05382127221,0.551025219373,7,3.72727272727,2.05382127221,7,0,0,0,0,0.22962962963,11,11,11,1,0,0.0909090909091,0.636363636364,0.272727272727,11,18,0.163636363636,3.11363636364,3.27272727273,1.8,2.25,1.42062726223,0.434080552347,0.227272727273,0.924416277737,0.564921058617,0.292929292929,1.68954001271,1.03249667443,0.525252525253,1.14353419474,0.367266456706,3.875,3.11363636364,1.14353419474,3.875,0.366666666667,0.266666666667,4,0.0242424242424,0.221111111111,11,11,11,1,0,0.0909090909091,0.636363636364,0.272727272727,-2,-0.0181818181818,0.0702479338843,-0.363636363636,-0.2,-0.25,-0.268912750482,-0.030542951148,-0.0181818181818,-0.243332138505,-0.0773405703161,-0.0434343434343,-0.250469359339,-0.0345084801933,-0.0111111111111,0.0866354202056,0.0199894662943,0.329545454545,0.0702479338843,0.0866354202056,0.329545454545,-0.132380952381,-0.133333333333,-4,-0.0242424242424,-0.0344444444444,0,0,0,18,0,2,90,0.9,1,0,0.1,1,0.9,0.947368421053,0.938314863257,0.9,0.9,5,7,0,0,0,0
2552,WLNM_dir_neg,0.84693877551,0.699431818182,00:00:01,10,60,34,1176529783,threshold_sweep,0.5,1,0.714285714286,0.833333333333,5,0,2,14,0.714285714286,1,0,0.285714285714,1,0.714285714286,0.833333333333,0.904761904762,0.587301587302,0.769230769231,0.790569415042,0.714285714286,20,13,7,0,20,0,13,0,7,11,20,0.181818181818,3.04338842975,3.63636363636,2,2.5,1.68954001271,0.464623503495,0.245454545455,1.16774841624,0.642261628933,0.336363636364,1.94000937205,1.06700515463,0.536363636364,1.05689877454,0.347276990411,3.54545454545,3.04338842975,1.05689877454,3.54545454545,0.499047619048,0.4,8,0.0484848484848,0.255555555556,11,11,11,1,0,0.0909090909091,0.636363636364,0.272727272727,11,0.118181818182,3.72727272727,2.36363636364,1.3,1.625,1.43336856898,0.6064251638,0.286713286713,0.603022689156,0.510249967747,0.237762237762,1.40129809949,1.18571377649,0.503496503497,2.05382127221,0.551025219373,7,3.72727272727,2.05382127221,7,0,0,0,0,0.22962962963,11,11,11,1,0,0.0909090909091,0.636363636364,0.272727272727,11,18,0.163636363636,3.11363636364,3.27272727273,1.8,2.25,1.42062726223,0.434080552347,0.227272727273,0.924416277737,0.564921058617,0.292929292929,1.68954001271,1.03249667443,0.525252525253,1.14353419474,0.367266456706,3.875,3.11363636364,1.14353419474,3.875,0.366666666667,0.266666666667,4,0.0242424242424,0.221111111111,11,11,11,1,0,0.0909090909091,0.636363636364,0.272727272727,-2,-0.0181818181818,0.0702479338843,-0.363636363636,-0.2,-0.25,-0.268912750482,-0.030542951148,-0.0181818181818,-0.243332138505,-0.0773405703161,-0.0434343434343,-0.250469359339,-0.0345084801933,-0.0111111111111,0.0866354202056,0.0199894662943,0.329545454545,0.0702479338843,0.0866354202056,0.329545454545,-0.132380952381,-0.133333333333,-4,-0.0242424242424,-0.0344444444444,0,0,0,18,0,2,90,0.9,1,0,0.1,1,0.9,0.947368421053,0.938314863257,0.9,0.9,5,7,0,0,0,0
2553,WLNM_dir_neg,0.84693877551,0.699431818182,00:00:01,10,60,34,1176529783,threshold_sweep,0.6,1,0.714285714286,0.833333333333,5,0,2,14,0.714285714286,1,0,0.285714285714,1,0.714285714286,0.833333333333,0.904761904762,0.587301587302,0.769230769231,0.790569415042,0.714285714286,20,13,7,0,20,0,13,0,7,11,20,0.181818181818,3.04338842975,3.63636363636,2,2.5,1.68954001271,0.464623503495,0.245454545455,1.16774841624,0.642261628933,0.336363636364,1.94000937205,1.06700515463,0.536363636364,1.05689877454,0.347276990411,3.54545454545,3.04338842975,1.05689877454,3.54545454545,0.499047619048,0.4,8,0.0484848484848,0.255555555556,11,11,11,1,0,0.0909090909091,0.636363636364,0.272727272727,11,0.118181818182,3.72727272727,2.36363636364,1.3,1.625,1.43336856898,0.6064251638,0.286713286713,0.603022689156,0.510249967747,0.237762237762,1.40129809949,1.18571377649,0.503496503497,2.05382127221,0.551025219373,7,3.72727272727,2.05382127221,7,0,0,0,0,0.22962962963,11,11,11,1,0,0.0909090909091,0.636363636364,0.272727272727,11,18,0.163636363636,3.11363636364,3.27272727273,1.8,2.25,1.42062726223,0.434080552347,0.227272727273,0.924416277737,0.564921058617,0.292929292929,1.68954001271,1.03249667443,0.525252525253,1.14353419474,0.367266456706,3.875,3.11363636364,1.14353419474,3.875,0.366666666667,0.266666666667,4,0.0242424242424,0.221111111111,11,11,11,1,0,0.0909090909091,0.636363636364,0.272727272727,-2,-0.0181818181818,0.0702479338843,-0.363636363636,-0.2,-0.25,-0.268912750482,-0.030542951148,-0.0181818181818,-0.243332138505,-0.0773405703161,-0.0434343434343,-0.250469359339,-0.0345084801933,-0.0111111111111,0.0866354202056,0.0199894662943,0.329545454545,0.0702479338843,0.0866354202056,0.329545454545,-0.132380952381,-0.133333333333,-4,-0.0242424242424,-0.0344444444444,0,0,0,18,0,2,90,0.9,1,0,0.1,1,0.9,0.947368421053,0.938314863257,0.9,0.9,5,7,0,0,0,0
2554,WLNM_dir_neg,0.84693877551,0.699431818182,00:00:01,10,60,34,1176529783,threshold_sweep,0.7,1,0.714285714286,0.833333333333,5,0,2,14,0.714285714286,1,0,0.285714285714,1,0.714285714286,0.833333333333,0.904761904762,0.587301587302,0.769230769231,0.790569415042,0.714285714286,20,13,7,0,20,0,13,0,7,11,20,0.181818181818,3.04338842975,3.63636363636,2,2.5,1.68954001271,0.464623503495,0.245454545455,1.16774841624,0.642261628933,0.336363636364,1.94000937205,1.06700515463,0.536363636364,1.05689877454,0.347276990411,3.54545454545,3.04338842975,1.05689877454,3.54545454545,0.499047619048,0.4,8,0.0484848484848,0.255555555556,11,11,11,1,0,0.0909090909091,0.636363636364,0.272727272727,11,0.118181818182,3.72727272727,2.36363636364,1.3,1.625,1.43336856898,0.6064251638,0.286713286713,0.603022689156,0.510249967747,0.237762237762,1.40129809949,1.18571377649,0.503496503497,2.05382127221,0.551025219373,7,3.72727272727,2.05382127221,7,0,0,0,0,0.22962962963,11,11,11,1,0,0.0909090909091,0.636363636364,0.272727272727,11,18,0.163636363636,3.11363636364,3.27272727273,1.8,2.25,1.42062726223,0.434080552347,0.227272727273,0.924416277737,0.564921058617,0.292929292929,1.68954001271,1.03249667443,0.525252525253,1.14353419474,0.367266456706,3.875,3.11363636364,1.14353419474,3.875,0.366666666667,0.266666666667,4,0.0242424242424,0.221111111111,11,11,11,1,0,0.0909090909091,0.636363636364,0.272727272727,-2,-0.0181818181818,0.0702479338843,-0.363636363636,-0.2,-0.25,-0.268912750482,-0.030542951148,-0.0181818181818,-0.243332138505,-0.0773405703161,-0.0434343434343,-0.250469359339,-0.0345084801933,-0.0111111111111,0.0866354202056,0.0199894662943,0.329545454545,0.0702479338843,0.0866354202056,0.329545454545,-0.132380952381,-0.133333333333,-4,-0.0242424242424,-0.0344444444444,0,0,0,18,0,2,90,0.9,1,0,0.1,1,0.9,0.947368421053,0.938314863257,0.9,0.9,5,7,0,0,0,0
2555,WLNM_dir_neg,0.84693877551,0.699431818182,00:00:01,10,60,34,1176529783,threshold_sweep,0.8,1,0.714285714286,0.833333333333,5,0,2,14,0.714285714286,1,0,0.285714285714,1,0.714285714286,0.833333333333,0.904761904762,0.587301587302,0.769230769231,0.790569415042,0.714285714286,20,13,7,0,20,0,13,0,7,11,20,0.181818181818,3.04338842975,3.63636363636,2,2.5,1.68954001271,0.464623503495,0.245454545455,1.16774841624,0.642261628933,0.336363636364,1.94000937205,1.06700515463,0.536363636364,1.05689877454,0.347276990411,3.54545454545,3.04338842975,1.05689877454,3.54545454545,0.499047619048,0.4,8,0.0484848484848,0.255555555556,11,11,11,1,0,0.0909090909091,0.636363636364,0.272727272727,11,0.118181818182,3.72727272727,2.36363636364,1.3,1.625,1.43336856898,0.6064251638,0.286713286713,0.603022689156,0.510249967747,0.237762237762,1.40129809949,1.18571377649,0.503496503497,2.05382127221,0.551025219373,7,3.72727272727,2.05382127221,7,0,0,0,0,0.22962962963,11,11,11,1,0,0.0909090909091,0.636363636364,0.272727272727,11,18,0.163636363636,3.11363636364,3.27272727273,1.8,2.25,1.42062726223,0.434080552347,0.227272727273,0.924416277737,0.564921058617,0.292929292929,1.68954001271,1.03249667443,0.525252525253,1.14353419474,0.367266456706,3.875,3.11363636364,1.14353419474,3.875,0.366666666667,0.266666666667,4,0.0242424242424,0.221111111111,11,11,11,1,0,0.0909090909091,0.636363636364,0.272727272727,-2,-0.0181818181818,0.0702479338843,-0.363636363636,-0.2,-0.25,-0.268912750482,-0.030542951148,-0.0181818181818,-0.243332138505,-0.0773405703161,-0.0434343434343,-0.250469359339,-0.0345084801933,-0.0111111111111,0.0866354202056,0.0199894662943,0.329545454545,0.0702479338843,0.0866354202056,0.329545454545,-0.132380952381,-0.133333333333,-4,-0.0242424242424,-0.0344444444444,0,0,0,18,0,2,90,0.9,1,0,0.1,1,0.9,0.947368421053,0.938314863257,0.9,0.9,5,7,0,0,0,0
2556,WLNM_dir_neg,0.84693877551,0.699431818182,00:00:01,10,60,34,1176529783,threshold_sweep,0.9,1,0.714285714286,0.833333333333,5,0,2,14,0.714285714286,1,0,0.285714285714,1,0.714285714286,0.833333333333,0.904761904762,0.587301587302,0.769230769231,0.790569415042,0.714285714286,20,13,7,0,20,0,13,0,7,11,20,0.181818181818,3.04338842975,3.63636363636,2,2.5,1.68954001271,0.464623503495,0.245454545455,1.16774841624,0.642261628933,0.336363636364,1.94000937205,1.06700515463,0.536363636364,1.05689877454,0.347276990411,3.54545454545,3.04338842975,1.05689877454,3.54545454545,0.499047619048,0.4,8,0.0484848484848,0.255555555556,11,11,11,1,0,0.0909090909091,0.636363636364,0.272727272727,11,0.118181818182,3.72727272727,2.36363636364,1.3,1.625,1.43336856898,0.6064251638,0.286713286713,0.603022689156,0.510249967747,0.237762237762,1.40129809949,1.18571377649,0.503496503497,2.05382127221,0.551025219373,7,3.72727272727,2.05382127221,7,0,0,0,0,0.22962962963,11,11,11,1,0,0.0909090909091,0.636363636364,0.272727272727,11,18,0.163636363636,3.11363636364,3.27272727273,1.8,2.25,1.42062726223,0.434080552347,0.227272727273,0.924416277737,0.564921058617,0.292929292929,1.68954001271,1.03249667443,0.525252525253,1.14353419474,0.367266456706,3.875,3.11363636364,1.14353419474,3.875,0.366666666667,0.266666666667,4,0.0242424242424,0.221111111111,11,11,11,1,0,0.0909090909091,0.636363636364,0.272727272727,-2,-0.0181818181818,0.0702479338843,-0.363636363636,-0.2,-0.25,-0.268912750482,-0.030542951148,-0.0181818181818,-0.243332138505,-0.0773405703161,-0.0434343434343,-0.250469359339,-0.0345084801933,-0.0111111111111,0.0866354202056,0.0199894662943,0.329545454545,0.0702479338843,0.0866354202056,0.329545454545,-0.132380952381,-0.133333333333,-4,-0.0242424242424,-0.0344444444444,0,0,0,18,0,2,90,0.9,1,0,0.1,1,0.9,0.947368421053,0.938314863257,0.9,0.9,5,7,0,0,0,0
2557,WLNM_dir_neg,0.84693877551,0.698103087389,00:00:01,10,60,35,1176529784,threshold_sweep,0.1,0.714285714286,0.714285714286,0.714285714286,5,2,2,12,0.714285714286,0.857142857143,0.142857142857,0.285714285714,0.714285714286,0.714285714286,0.714285714286,0.809523809524,0.555555555556,0.571428571429,0.571428571429,0.571428571429,20,13,7,0,20,0,13,0,7,11,20,0.181818181818,3.04338842975,3.63636363636,2,2.5,1.68954001271,0.464623503495,0.245454545455,1.16774841624,0.642261628933,0.336363636364,1.94000937205,1.06700515463,0.536363636364,1.05689877454,0.347276990411,3.54545454545,3.04338842975,1.05689877454,3.54545454545,0.499047619048,0.4,8,0.0484848484848,0.255555555556,11,11,11,1,0,0.0909090909091,0.636363636364,0.272727272727,11,0.118181818182,3.72727272727,2.36363636364,1.3,1.625,1.43336856898,0.6064251638,0.286713286713,0.603022689156,0.510249967747,0.237762237762,1.40129809949,1.18571377649,0.503496503497,2.05382127221,0.551025219373,7,3.72727272727,2.05382127221,7,0,0,0,0,0.22962962963,11,11,11,1,0,0.0909090909091,0.636363636364,0.272727272727,11,20,0.181818181818,NaN,3.63636363636,1.81818181818,2.5,1.80403587951,0.496109866864,0.263636363636,0.75075719353,0.412916456441,0.209090909091,1.72152152575,0.946836839165,0.5,NaN,NaN,NaN,NaN,NaN,NaN,0.339047619048,0.295081967213,6,0.0363636363636,0.194545454545,11,11,0,1,2,0,0.727272727273,0.272727272727,0,0,NaN,0,-0.181818181818,0,0.114495866797,0.0314863633692,0.0181818181818,-0.416991222713,-0.229345172492,-0.127272727273,-0.218487846294,-0.120168315462,-0.0363636363636,NaN,NaN,NaN,NaN,NaN,NaN,-0.16,-0.104918032787,-2,-0.0121212121212,-0.0610101010101,-0.0909090909091,0.0909090909091,0,18,2,2,88,0.9,0.977777777778,0.0222222222222,0.1,0.9,0.9,0.9,0.877777777778,0.877777777778,0.818181818182,7,7,0,0,0,0
2558,WLNM_dir_neg,0.84693877551,0.698103087389,00:00:01,10,60,35,1176529784,threshold_sweep,0.2,0.833333333333,0.714285714286,0.769230769231,5,1,2,13,0.714285714286,0.928571428571,0.0714285714286,0.285714285714,0.833333333333,0.714285714286,0.769230769231,0.857142857143,0.571428571429,0.666666666667,0.67082039325,0.642857142857,20,13,7,0,20,0,13,0,7,11,20,0.181818181818,3.04338842975,3.63636363636,2,2.5,1.68954001271,0.464623503495,0.245454545455,1.16774841624,0.642261628933,0.336363636364,1.94000937205,1.06700515463,0.536363636364,1.05689877454,0.347276990411,3.54545454545,3.04338842975,1.05689877454,3.54545454545,0.499047619048,0.4,8,0.0484848484848,0.255555555556,11,11,11,1,0,0.0909090909091,0.636363636364,0.272727272727,11,0.118181818182,3.72727272727,2.36363636364,1.3,1.625,1.43336856898,0.6064251638,0.286713286713,0.603022689156,0.510249967747,0.237762237762,1.40129809949,1.18571377649,0.503496503497,2.05382127221,0.551025219373,7,3.72727272727,2.05382127221,7,0,0,0,0,0.22962962963,11,11,11,1,0,0.0909090909091,0.636363636364,0.272727272727,11,19,0.172727272727,6.19602272727,3.45454545455,1.9,2.375,1.69491217257,0.490632471007,0.253588516746,0.904534033733,0.523677598477,0.267942583732,1.67874411933,0.971904490138,0.507177033493,2.22556571588,0.359192632732,7.75,6.19602272727,2.22556571588,7.75,0.360952380952,0.277777777778,5,0.030303030303,0.219259259259,11,11,11,1,0,0.0909090909091,0.636363636364,0.272727272727,-1,-0.00909090909091,3.15263429752,-0.181818181818,-0.1,-0.125,0.00537215986117,0.0260089675122,0.00813397129187,-0.263214382509,-0.118584030456,-0.0684210526316,-0.26126525272,-0.0951006644889,-0.0291866028708,1.16866694134,0.0119156423206,4.20454545455,3.15263429752,1.16866694134,4.20454545455,-0.138095238095,-0.122222222222,-3,-0.0181818181818,-0.0362962962963,0,0,0,18,1,2,89,0.9,0.988888888889,0.0111111111111,0.1,0.947368421053,0.9,0.923076923077,0.906956031802,0.888888888889,0.857142857143,6,7,0,0,0,0
2559,WLNM_dir_neg,0.84693877551,0.698103087389,00:00:01,10,60,35,1176529784,threshold_sweep,0.3,1,0.714285714286,0.833333333333,5,0,2,14,0.714285714286,1,0,0.285714285714,1,0.714285714286,0.833333333333,0.904761904762,0.587301587302,0.769230769231,0.790569415042,0.714285714286,20,13,7,0,20,0,13,0,7,11,20,0.181818181818,3.04338842975,3.63636363636,2,2.5,1.68954001271,0.464623503495,0.245454545455,1.16774841624,0.642261628933,0.336363636364,1.94000937205,1.06700515463,0.536363636364,1.05689877454,0.347276990411,3.54545454545,3.04338842975,1.05689877454,3.54545454545,0.499047619048,0.4,8,0.0484848484848,0.255555555556,11,11,11,1,0,0.0909090909091,0.636363636364,0.272727272727,11,0.118181818182,3.72727272727,2.36363636364,1.3,1.625,1.43336856898,0.6064251638,0.286713286713,0.603022689156,0.510249967747,0.237762237762,1.40129809949,1.18571377649,0.503496503497,2.05382127221,0.551025219373,7,3.72727272727,2.05382127221,7,0,0,0,0,0.22962962963,11,11,11,1,0,0.0909090909091,0.636363636364,0.272727272727,11,18,0.163636363636,3.11363636364,3.27272727273,1.8,2.25,1.42062726223,0.434080552347,0.227272727273,0.924416277737,0.564921058617,0.292929292929,1.68954001271,1.03249667443,0.525252525253,1.14353419474,0.367266456706,3.875,3.11363636364,1.14353419474,3.875,0.366666666667,0.266666666667,4,0.0242424242424,0.221111111111,11,11,11,1,0,0.0909090909091,0.636363636364,0.272727272727,-2,-0.0181818181818,0.0702479338843,-0.363636363636,-0.2,-0.25,-0.268912750482,-0.030542951148,-0.0181818181818,-0.243332138505,-0.0773405703161,-0.0434343434343,-0.250469359339,-0.0345084801933,-0.0111111111111,0.0866354202056,0.0199894662943,0.329545454545,0.0702479338843,0.0866354202056,0.329545454545,-0.132380952381,-0.133333333333,-4,-0.0242424242424,-0.0344444444444,0,0,0,18,0,2,90,0.9,1,0,0.1,1,0.9,0.947368421053,0.938314863257,0.9,0.9,5,7,0,0,0,0
2560,WLNM_dir_neg,0.84693877551,0.698103087389,00:00:01,10,60,35,1176529784,threshold_sweep,0.4,1,0.714285714286,0.833333333333,5,0,2,14,0.714285714286,1,0,0.285714285714,1,0.714285714286,0.833333333333,0.904761904762,0.587301587302,0.769230769231,0.790569415042,0.714285714286,20,13,7,0,20,0,13,0,7,11,20,0.181818181818,3.04338842975,3.63636363636,2,2.5,1.68954001271,0.464623503495,0.245454545455,1.16774841624,0.642261628933,0.336363636364,1.94000937205,1.06700515463,0.536363636364,1.05689877454,0.347276990411,3.54545454545,3.04338842975,1.05689877454,3.54545454545,0.499047619048,0.4,8,0.0484848484848,0.255555555556,11,11,11,1,0,0.0909090909091,0.636363636364,0.272727272727,11,0.118181818182,3.72727272727,2.36363636364,1.3,1.625,1.43336856898,0.6064251638,0.286713286713,0.603022689156,0.510249967747,0.237762237762,1.40129809949,1.18571377649,0.503496503497,2.05382127221,0.551025219373,7,3.72727272727,2.05382127221,7,0,0,0,0,0.22962962963,11,11,11,1,0,0.0909090909091,0.636363636364,0.272727272727,11,18,0.163636363636,3.11363636364,3.27272727273,1.8,2.25,1.42062726223,0.434080552347,0.227272727273,0.924416277737,0.564921058617,0.292929292929,1.68954001271,1.03249667443,0.525252525253,1.14353419474,0.367266456706,3.875,3.11363636364,1.14353419474,3.875,0.366666666667,0.266666666667,4,0.0242424242424,0.221111111111,11,11,11,1,0,0.0909090909091,0.636363636364,0.272727272727,-2,-0.0181818181818,0.0702479338843,-0.363636363636,-0.2,-0.25,-0.268912750482,-0.030542951148,-0.0181818181818,-0.243332138505,-0.0773405703161,-0.0434343434343,-0.250469359339,-0.0345084801933,-0.0111111111111,0.0866354202056,0.0199894662943,0.329545454545,0.0702479338843,0.0866354202056,0.329545454545,-0.132380952381,-0.133333333333,-4,-0.0242424242424,-0.0344444444444,0,0,0,18,0,2,90,0.9,1,0,0.1,1,0.9,0.947368421053,0.938314863257,0.9,0.9,5,7,0,0,0,0
2561,WLNM_dir_neg,0.84693877551,0.698103087389,00:00:01,10,60,35,1176529784,threshold_sweep,0.5,1,0.714285714286,0.833333333333,5,0,2,14,0.714285714286,1,0,0.285714285714,1,0.714285714286,0.833333333333,0.904761904762,0.587301587302,0.769230769231,0.790569415042,0.714285714286,20,13,7,0,20,0,13,0,7,11,20,0.181818181818,3.04338842975,3.63636363636,2,2.5,1.68954001271,0.464623503495,0.245454545455,1.16774841624,0.642261628933,0.336363636364,1.94000937205,1.06700515463,0.536363636364,1.05689877454,0.347276990411,3.54545454545,3.04338842975,1.05689877454,3.54545454545,0.499047619048,0.4,8,0.0484848484848,0.255555555556,11,11,11,1,0,0.0909090909091,0.636363636364,0.272727272727,11,0.118181818182,3.72727272727,2.36363636364,1.3,1.625,1.43336856898,0.6064251638,0.286713286713,0.603022689156,0.510249967747,0.237762237762,1.40129809949,1.18571377649,0.503496503497,2.05382127221,0.551025219373,7,3.72727272727,2.05382127221,7,0,0,0,0,0.22962962963,11,11,11,1,0,0.0909090909091,0.636363636364,0.272727272727,11,18,0.163636363636,3.11363636364,3.27272727273,1.8,2.25,1.42062726223,0.434080552347,0.227272727273,0.924416277737,0.564921058617,0.292929292929,1.68954001271,1.03249667443,0.525252525253,1.14353419474,0.367266456706,3.875,3.11363636364,1.14353419474,3.875,0.366666666667,0.266666666667,4,0.0242424242424,0.221111111111,11,11,11,1,0,0.0909090909091,0.636363636364,0.272727272727,-2,-0.0181818181818,0.0702479338843,-0.363636363636,-0.2,-0.25,-0.268912750482,-0.030542951148,-0.0181818181818,-0.243332138505,-0.0773405703161,-0.0434343434343,-0.250469359339,-0.0345084801933,-0.0111111111111,0.0866354202056,0.0199894662943,0.329545454545,0.0702479338843,0.0866354202056,0.329545454545,-0.132380952381,-0.133333333333,-4,-0.0242424242424,-0.0344444444444,0,0,0,18,0,2,90,0.9,1,0,0.1,1,0.9,0.947368421053,0.938314863257,0.9,0.9,5,7,0,0,0,0
2562,WLNM_dir_neg,0.84693877551,0.698103087389,00:00:01,10,60,35,1176529784,threshold_sweep,0.6,1,0.714285714286,0.833333333333,5,0,2,14,0.714285714286,1,0,0.285714285714,1,0.714285714286,0.833333333333,0.904761904762,0.587301587302,0.769230769231,0.790569415042,0.714285714286,20,13,7,0,20,0,13,0,7,11,20,0.181818181818,3.04338842975,3.63636363636,2,2.5,1.68954001271,0.464623503495,0.245454545455,1.16774841624,0.642261628933,0.336363636364,1.94000937205,1.06700515463,0.536363636364,1.05689877454,0.347276990411,3.54545454545,3.04338842975,1.05689877454,3.54545454545,0.499047619048,0.4,8,0.0484848484848,0.255555555556,11,11,11,1,0,0.0909090909091,0.636363636364,0.272727272727,11,0.118181818182,3.72727272727,2.36363636364,1.3,1.625,1.43336856898,0.6064251638,0.286713286713,0.603022689156,0.510249967747,0.237762237762,1.40129809949,1.18571377649,0.503496503497,2.05382127221,0.551025219373,7,3.72727272727,2.05382127221,7,0,0,0,0,0.22962962963,11,11,11,1,0,0.0909090909091,0.636363636364,0.272727272727,11,18,0.163636363636,3.11363636364,3.27272727273,1.8,2.25,1.42062726223,0.434080552347,0.227272727273,0.924416277737,0.564921058617,0.292929292929,1.68954001271,1.03249667443,0.525252525253,1.14353419474,0.367266456706,3.875,3.11363636364,1.14353419474,3.875,0.366666666667,0.266666666667,4,0.0242424242424,0.221111111111,11,11,11,1,0,0.0909090909091,0.636363636364,0.272727272727,-2,-0.0181818181818,0.0702479338843,-0.363636363636,-0.2,-0.25,-0.268912750482,-0.030542951148,-0.0181818181818,-0.243332138505,-0.0773405703161,-0.0434343434343,-0.250469359339,-0.0345084801933,-0.0111111111111,0.0866354202056,0.0199894662943,0.329545454545,0.0702479338843,0.0866354202056,0.329545454545,-0.132380952381,-0.133333333333,-4,-0.0242424242424,-0.0344444444444,0,0,0,18,0,2,90,0.9,1,0,0.1,1,0.9,0.947368421053,0.938314863257,0.9,0.9,5,7,0,0,0,0
2563,WLNM_dir_neg,0.84693877551,0.698103087389,00:00:01,10,60,35,1176529784,threshold_sweep,0.7,1,0.714285714286,0.833333333333,5,0,2,14,0.714285714286,1,0,0.285714285714,1,0.714285714286,0.833333333333,0.904761904762,0.587301587302,0.769230769231,0.790569415042,0.714285714286,20,13,7,0,20,0,13,0,7,11,20,0.181818181818,3.04338842975,3.63636363636,2,2.5,1.68954001271,0.464623503495,0.245454545455,1.16774841624,0.642261628933,0.336363636364,1.94000937205,1.06700515463,0.536363636364,1.05689877454,0.347276990411,3.54545454545,3.04338842975,1.05689877454,3.54545454545,0.499047619048,0.4,8,0.0484848484848,0.255555555556,11,11,11,1,0,0.0909090909091,0.636363636364,0.272727272727,11,0.118181818182,3.72727272727,2.36363636364,1.3,1.625,1.43336856898,0.6064251638,0.286713286713,0.603022689156,0.510249967747,0.237762237762,1.40129809949,1.18571377649,0.503496503497,2.05382127221,0.551025219373,7,3.72727272727,2.05382127221,7,0,0,0,0,0.22962962963,11,11,11,1,0,0.0909090909091,0.636363636364,0.272727272727,11,18,0.163636363636,3.11363636364,3.27272727273,1.8,2.25,1.42062726223,0.434080552347,0.227272727273,0.924416277737,0.564921058617,0.292929292929,1.68954001271,1.03249667443,0.525252525253,1.14353419474,0.367266456706,3.875,3.11363636364,1.14353419474,3.875,0.366666666667,0.266666666667,4,0.0242424242424,0.221111111111,11,11,11,1,0,0.0909090909091,0.636363636364,0.272727272727,-2,-0.0181818181818,0.0702479338843,-0.363636363636,-0.2,-0.25,-0.268912750482,-0.030542951148,-0.0181818181818,-0.243332138505,-0.0773405703161,-0.0434343434343,-0.250469359339,-0.0345084801933,-0.0111111111111,0.0866354202056,0.0199894662943,0.329545454545,0.0702479338843,0.0866354202056,0.329545454545,-0.132380952381,-0.133333333333,-4,-0.0242424242424,-0.0344444444444,0,0,0,18,0,2,90,0.9,1,0,0.1,1,0.9,0.947368421053,0.938314863257,0.9,0.9,5,7,0,0,0,0
2564,WLNM_dir_neg,0.84693877551,0.698103087389,00:00:01,10,60,35,1176529784,threshold_sweep,0.8,1,0.714285714286,0.833333333333,5,0,2,14,0.714285714286,1,0,0.285714285714,1,0.714285714286,0.833333333333,0.904761904762,0.587301587302,0.769230769231,0.790569415042,0.714285714286,20,13,7,0,20,0,13,0,7,11,20,0.181818181818,3.04338842975,3.63636363636,2,2.5,1.68954001271,0.464623503495,0.245454545455,1.16774841624,0.642261628933,0.336363636364,1.94000937205,1.06700515463,0.536363636364,1.05689877454,0.347276990411,3.54545454545,3.04338842975,1.05689877454,3.54545454545,0.499047619048,0.4,8,0.0484848484848,0.255555555556,11,11,11,1,0,0.0909090909091,0.636363636364,0.272727272727,11,0.118181818182,3.72727272727,2.36363636364,1.3,1.625,1.43336856898,0.6064251638,0.286713286713,0.603022689156,0.510249967747,0.237762237762,1.40129809949,1.18571377649,0.503496503497,2.05382127221,0.551025219373,7,3.72727272727,2.05382127221,7,0,0,0,0,0.22962962963,11,11,11,1,0,0.0909090909091,0.636363636364,0.272727272727,11,18,0.163636363636,3.11363636364,3.27272727273,1.8,2.25,1.42062726223,0.434080552347,0.227272727273,0.924416277737,0.564921058617,0.292929292929,1.68954001271,1.03249667443,0.525252525253,1.14353419474,0.367266456706,3.875,3.11363636364,1.14353419474,3.875,0.366666666667,0.266666666667,4,0.0242424242424,0.221111111111,11,11,11,1,0,0.0909090909091,0.636363636364,0.272727272727,-2,-0.0181818181818,0.0702479338843,-0.363636363636,-0.2,-0.25,-0.268912750482,-0.030542951148,-0.0181818181818,-0.243332138505,-0.0773405703161,-0.0434343434343,-0.250469359339,-0.0345084801933,-0.0111111111111,0.0866354202056,0.0199894662943,0.329545454545,0.0702479338843,0.0866354202056,0.329545454545,-0.132380952381,-0.133333333333,-4,-0.0242424242424,-0.0344444444444,0,0,0,18,0,2,90,0.9,1,0,0.1,1,0.9,0.947368421053,0.938314863257,0.9,0.9,5,7,0,0,0,0
2565,WLNM_dir_neg,0.84693877551,0.698103087389,00:00:01,10,60,35,1176529784,threshold_sweep,0.9,1,0.571428571429,0.727272727273,4,0,3,14,0.571428571429,1,0,0.428571428571,1,0.571428571429,0.727272727273,0.857142857143,0.603174603175,0.64,0.68599434057,0.571428571429,20,13,7,0,20,0,13,0,7,11,20,0.181818181818,3.04338842975,3.63636363636,2,2.5,1.68954001271,0.464623503495,0.245454545455,1.16774841624,0.642261628933,0.336363636364,1.94000937205,1.06700515463,0.536363636364,1.05689877454,0.347276990411,3.54545454545,3.04338842975,1.05689877454,3.54545454545,0.499047619048,0.4,8,0.0484848484848,0.255555555556,11,11,11,1,0,0.0909090909091,0.636363636364,0.272727272727,11,0.118181818182,3.72727272727,2.36363636364,1.3,1.625,1.43336856898,0.6064251638,0.286713286713,0.603022689156,0.510249967747,0.237762237762,1.40129809949,1.18571377649,0.503496503497,2.05382127221,0.551025219373,7,3.72727272727,2.05382127221,7,0,0,0,0,0.22962962963,11,11,11,1,0,0.0909090909091,0.636363636364,0.272727272727,11,17,0.154545454545,3.17727272727,3.09090909091,1.7,2.125,1.30034960334,0.420701342257,0.208556149733,0.820199532265,0.530717344407,0.267379679144,1.57249078621,1.01749403814,0.513368983957,1.2536673475,0.394573414091,4.4,3.17727272727,1.2536673475,4.4,0.213333333333,0.153846153846,2,0.0121212121212,0.205555555556,11,11,11,1,0,0.0909090909091,0.636363636364,0.272727272727,-3,-0.0272727272727,0.133884297521,-0.545454545455,-0.3,-0.375,-0.389190409368,-0.0439221612377,-0.0368983957219,-0.347548883978,-0.111544284527,-0.0689839572193,-0.367518585835,-0.0495111164884,-0.0229946524064,0.196768572961,0.0472964236795,0.854545454545,0.133884297521,0.196768572961,0.854545454545,-0.285714285714,-0.246153846154,-6,-0.0363636363636,-0.05,0,0,0,17,0,3,90,0.85,1,0,0.15,1,0.85,0.918918918919,0.906962317388,0.85,0.85,4,7,0,0,0,0
2566,WLNM_dir_neg,0.908163265306,0.75612244898,00:00:01,10,60,36,1176529785,threshold_sweep,0.1,1,0.714285714286,0.833333333333,5,0,2,14,0.714285714286,1,0,0.285714285714,1,0.714285714286,0.833333333333,0.904761904762,0.587301587302,0.769230769231,0.790569415042,0.714285714286,20,13,7,0,20,0,13,0,7,11,20,0.181818181818,3.04338842975,3.63636363636,2,2.5,1.68954001271,0.464623503495,0.245454545455,1.16774841624,0.642261628933,0.336363636364,1.94000937205,1.06700515463,0.536363636364,1.05689877454,0.347276990411,3.54545454545,3.04338842975,1.05689877454,3.54545454545,0.499047619048,0.4,8,0.0484848484848,0.255555555556,11,11,11,1,0,0.0909090909091,0.636363636364,0.272727272727,11,0.118181818182,3.72727272727,2.36363636364,1.3,1.625,1.43336856898,0.6064251638,0.286713286713,0.603022689156,0.510249967747,0.237762237762,1.40129809949,1.18571377649,0.503496503497,2.05382127221,0.551025219373,7,3.72727272727,2.05382127221,7,0,0,0,0,0.22962962963,11,11,11,1,0,0.0909090909091,0.636363636364,0.272727272727,11,18,0.163636363636,3.11363636364,3.27272727273,1.8,2.25,1.42062726223,0.434080552347,0.227272727273,0.924416277737,0.564921058617,0.292929292929,1.68954001271,1.03249667443,0.525252525253,1.14353419474,0.367266456706,3.875,3.11363636364,1.14353419474,3.875,0.366666666667,0.266666666667,4,0.0242424242424,0.221111111111,11,11,11,1,0,0.0909090909091,0.636363636364,0.272727272727,-2,-0.0181818181818,0.0702479338843,-0.363636363636,-0.2,-0.25,-0.268912750482,-0.030542951148,-0.0181818181818,-0.243332138505,-0.0773405703161,-0.0434343434343,-0.250469359339,-0.0345084801933,-0.0111111111111,0.0866354202056,0.0199894662943,0.329545454545,0.0702479338843,0.0866354202056,0.329545454545,-0.132380952381,-0.133333333333,-4,-0.0242424242424,-0.0344444444444,0,0,0,18,0,2,90,0.9,1,0,0.1,1,0.9,0.947368421053,0.938314863257,0.9,0.9,5,7,0,0,0,0
2567,WLNM_dir_neg,0.908163265306,0.75612244898,00:00:01,10,60,36,1176529785,threshold_sweep,0.2,1,0.714285714286,0.833333333333,5,0,2,14,0.714285714286,1,0,0.285714285714,1,0.714285714286,0.833333333333,0.904761904762,0.587301587302,0.769230769231,0.790569415042,0.714285714286,20,13,7,0,20,0,13,0,7,11,20,0.181818181818,3.04338842975,3.63636363636,2,2.5,1.68954001271,0.464623503495,0.245454545455,1.16774841624,0.642261628933,0.336363636364,1.94000937205,1.06700515463,0.536363636364,1.05689877454,0.347276990411,3.54545454545,3.04338842975,1.05689877454,3.54545454545,0.499047619048,0.4,8,0.0484848484848,0.255555555556,11,11,11,1,0,0.0909090909091,0.636363636364,0.272727272727,11,0.118181818182,3.72727272727,2.36363636364,1.3,1.625,1.43336856898,0.6064251638,0.286713286713,0.603022689156,0.510249967747,0.237762237762,1.40129809949,1.18571377649,0.503496503497,2.05382127221,0.551025219373,7,3.72727272727,2.05382127221,7,0,0,0,0,0.22962962963,11,11,11,1,0,0.0909090909091,0.636363636364,0.272727272727,11,18,0.163636363636,3.11363636364,3.27272727273,1.8,2.25,1.42062726223,0.434080552347,0.227272727273,0.924416277737,0.564921058617,0.292929292929,1.68954001271,1.03249667443,0.525252525253,1.14353419474,0.367266456706,3.875,3.11363636364,1.14353419474,3.875,0.366666666667,0.266666666667,4,0.0242424242424,0.221111111111,11,11,11,1,0,0.0909090909091,0.636363636364,0.272727272727,-2,-0.0181818181818,0.0702479338843,-0.363636363636,-0.2,-0.25,-0.268912750482,-0.030542951148,-0.0181818181818,-0.243332138505,-0.0773405703161,-0.0434343434343,-0.250469359339,-0.0345084801933,-0.0111111111111,0.0866354202056,0.0199894662943,0.329545454545,0.0702479338843,0.0866354202056,0.329545454545,-0.132380952381,-0.133333333333,-4,-0.0242424242424,-0.0344444444444,0,0,0,18,0,2,90,0.9,1,0,0.1,1,0.9,0.947368421053,0.938314863257,0.9,0.9,5,7,0,0,0,0
2568,WLNM_dir_neg,0.908163265306,0.75612244898,00:00:01,10,60,36,1176529785,threshold_sweep,0.3,1,0.714285714286,0.833333333333,5,0,2,14,0.714285714286,1,0,0.285714285714,1,0.714285714286,0.833333333333,0.904761904762,0.587301587302,0.769230769231,0.790569415042,0.714285714286,20,13,7,0,20,0,13,0,7,11,20,0.181818181818,3.04338842975,3.63636363636,2,2.5,1.68954001271,0.464623503495,0.245454545455,1.16774841624,0.642261628933,0.336363636364,1.94000937205,1.06700515463,0.536363636364,1.05689877454,0.347276990411,3.54545454545,3.04338842975,1.05689877454,3.54545454545,0.499047619048,0.4,8,0.0484848484848,0.255555555556,11,11,11,1,0,0.0909090909091,0.636363636364,0.272727272727,11,0.118181818182,3.72727272727,2.36363636364,1.3,1.625,1.43336856898,0.6064251638,0.286713286713,0.603022689156,0.510249967747,0.237762237762,1.40129809949,1.18571377649,0.503496503497,2.05382127221,0.551025219373,7,3.72727272727,2.05382127221,7,0,0,0,0,0.22962962963,11,11,11,1,0,0.0909090909091,0.636363636364,0.272727272727,11,18,0.163636363636,3.11363636364,3.27272727273,1.8,2.25,1.42062726223,0.434080552347,0.227272727273,0.924416277737,0.564921058617,0.292929292929,1.68954001271,1.03249667443,0.525252525253,1.14353419474,0.367266456706,3.875,3.11363636364,1.14353419474,3.875,0.366666666667,0.266666666667,4,0.0242424242424,0.221111111111,11,11,11,1,0,0.0909090909091,0.636363636364,0.272727272727,-2,-0.0181818181818,0.0702479338843,-0.363636363636,-0.2,-0.25,-0.268912750482,-0.030542951148,-0.0181818181818,-0.243332138505,-0.0773405703161,-0.0434343434343,-0.250469359339,-0.0345084801933,-0.0111111111111,0.0866354202056,0.0199894662943,0.329545454545,0.0702479338843,0.0866354202056,0.329545454545,-0.132380952381,-0.133333333333,-4,-0.0242424242424,-0.0344444444444,0,0,0,18,0,2,90,0.9,1,0,0.1,1,0.9,0.947368421053,0.938314863257,0.9,0.9,5,7,0,0,0,0
2569,WLNM_dir_neg,0.908163265306,0.75612244898,00:00:01,10,60,36,1176529785,threshold_sweep,0.4,1,0.714285714286,0.833333333333,5,0,2,14,0.714285714286,1,0,0.285714285714,1,0.714285714286,0.833333333333,0.904761904762,0.587301587302,0.769230769231,0.790569415042,0.714285714286,20,13,7,0,20,0,13,0,7,11,20,0.181818181818,3.04338842975,3.63636363636,2,2.5,1.68954001271,0.464623503495,0.245454545455,1.16774841624,0.642261628933,0.336363636364,1.94000937205,1.06700515463,0.536363636364,1.05689877454,0.347276990411,3.54545454545,3.04338842975,1.05689877454,3.54545454545,0.499047619048,0.4,8,0.0484848484848,0.255555555556,11,11,11,1,0,0.0909090909091,0.636363636364,0.272727272727,11,0.118181818182,3.72727272727,2.36363636364,1.3,1.625,1.43336856898,0.6064251638,0.286713286713,0.603022689156,0.510249967747,0.237762237762,1.40129809949,1.18571377649,0.503496503497,2.05382127221,0.551025219373,7,3.72727272727,2.05382127221,7,0,0,0,0,0.22962962963,11,11,11,1,0,0.0909090909091,0.636363636364,0.272727272727,11,18,0.163636363636,3.11363636364,3.27272727273,1.8,2.25,1.42062726223,0.434080552347,0.227272727273,0.924416277737,0.564921058617,0.292929292929,1.68954001271,1.03249667443,0.525252525253,1.14353419474,0.367266456706,3.875,3.11363636364,1.14353419474,3.875,0.366666666667,0.266666666667,4,0.0242424242424,0.221111111111,11,11,11,1,0,0.0909090909091,0.636363636364,0.272727272727,-2,-0.0181818181818,0.0702479338843,-0.363636363636,-0.2,-0.25,-0.268912750482,-0.030542951148,-0.0181818181818,-0.243332138505,-0.0773405703161,-0.0434343434343,-0.250469359339,-0.0345084801933,-0.0111111111111,0.0866354202056,0.0199894662943,0.329545454545,0.0702479338843,0.0866354202056,0.329545454545,-0.132380952381,-0.133333333333,-4,-0.0242424242424,-0.0344444444444,0,0,0,18,0,2,90,0.9,1,0,0.1,1,0.9,0.947368421053,0.938314863257,0.9,0.9,5,7,0,0,0,0
2570,WLNM_dir_neg,0.908163265306,0.75612244898,00:00:01,10,60,36,1176529785,threshold_sweep,0.5,1,0.714285714286,0.833333333333,5,0,2,14,0.714285714286,1,0,0.285714285714,1,0.714285714286,0.833333333333,0.904761904762,0.587301587302,0.769230769231,0.790569415042,0.714285714286,20,13,7,0,20,0,13,0,7,11,20,0.181818181818,3.04338842975,3.63636363636,2,2.5,1.68954001271,0.464623503495,0.245454545455,1.16774841624,0.642261628933,0.336363636364,1.94000937205,1.06700515463,0.536363636364,1.05689877454,0.347276990411,3.54545454545,3.04338842975,1.05689877454,3.54545454545,0.499047619048,0.4,8,0.0484848484848,0.255555555556,11,11,11,1,0,0.0909090909091,0.636363636364,0.272727272727,11,0.118181818182,3.72727272727,2.36363636364,1.3,1.625,1.43336856898,0.6064251638,0.286713286713,0.603022689156,0.510249967747,0.237762237762,1.40129809949,1.18571377649,0.503496503497,2.05382127221,0.551025219373,7,3.72727272727,2.05382127221,7,0,0,0,0,0.22962962963,11,11,11,1,0,0.0909090909091,0.636363636364,0.272727272727,11,18,0.163636363636,3.11363636364,3.27272727273,1.8,2.25,1.42062726223,0.434080552347,0.227272727273,0.924416277737,0.564921058617,0.292929292929,1.68954001271,1.03249667443,0.525252525253,1.14353419474,0.367266456706,3.875,3.11363636364,1.14353419474,3.875,0.366666666667,0.266666666667,4,0.0242424242424,0.221111111111,11,11,11,1,0,0.0909090909091,0.636363636364,0.272727272727,-2,-0.0181818181818,0.0702479338843,-0.363636363636,-0.2,-0.25,-0.268912750482,-0.030542951148,-0.0181818181818,-0.243332138505,-0.0773405703161,-0.0434343434343,-0.250469359339,-0.0345084801933,-0.0111111111111,0.0866354202056,0.0199894662943,0.329545454545,0.0702479338843,0.0866354202056,0.329545454545,-0.132380952381,-0.133333333333,-4,-0.0242424242424,-0.0344444444444,0,0,0,18,0,2,90,0.9,1,0,0.1,1,0.9,0.947368421053,0.938314863257,0.9,0.9,5,7,0,0,0,0
2571,WLNM_dir_neg,0.908163265306,0.75612244898,00:00:01,10,60,36,1176529785,threshold_sweep,0.6,1,0.714285714286,0.833333333333,5,0,2,14,0.714285714286,1,0,0.285714285714,1,0.714285714286,0.833333333333,0.904761904762,0.587301587302,0.769230769231,0.790569415042,0.714285714286,20,13,7,0,20,0,13,0,7,11,20,0.181818181818,3.04338842975,3.63636363636,2,2.5,1.68954001271,0.464623503495,0.245454545455,1.16774841624,0.642261628933,0.336363636364,1.94000937205,1.06700515463,0.536363636364,1.05689877454,0.347276990411,3.54545454545,3.04338842975,1.05689877454,3.54545454545,0.499047619048,0.4,8,0.0484848484848,0.255555555556,11,11,11,1,0,0.0909090909091,0.636363636364,0.272727272727,11,0.118181818182,3.72727272727,2.36363636364,1.3,1.625,1.43336856898,0.6064251638,0.286713286713,0.603022689156,0.510249967747,0.237762237762,1.40129809949,1.18571377649,0.503496503497,2.05382127221,0.551025219373,7,3.72727272727,2.05382127221,7,0,0,0,0,0.22962962963,11,11,11,1,0,0.0909090909091,0.636363636364,0.272727272727,11,18,0.163636363636,3.11363636364,3.27272727273,1.8,2.25,1.42062726223,0.434080552347,0.227272727273,0.924416277737,0.564921058617,0.292929292929,1.68954001271,1.03249667443,0.525252525253,1.14353419474,0.367266456706,3.875,3.11363636364,1.14353419474,3.875,0.366666666667,0.266666666667,4,0.0242424242424,0.221111111111,11,11,11,1,0,0.0909090909091,0.636363636364,0.272727272727,-2,-0.0181818181818,0.0702479338843,-0.363636363636,-0.2,-0.25,-0.268912750482,-0.030542951148,-0.0181818181818,-0.243332138505,-0.0773405703161,-0.0434343434343,-0.250469359339,-0.0345084801933,-0.0111111111111,0.0866354202056,0.0199894662943,0.329545454545,0.0702479338843,0.0866354202056,0.329545454545,-0.132380952381,-0.133333333333,-4,-0.0242424242424,-0.0344444444444,0,0,0,18,0,2,90,0.9,1,0,0.1,1,0.9,0.947368421053,0.938314863257,0.9,0.9,5,7,0,0,0,0
2572,WLNM_dir_neg,0.908163265306,0.75612244898,00:00:01,10,60,36,1176529785,threshold_sweep,0.7,1,0.714285714286,0.833333333333,5,0,2,14,0.714285714286,1,0,0.285714285714,1,0.714285714286,0.833333333333,0.904761904762,0.587301587302,0.769230769231,0.790569415042,0.714285714286,20,13,7,0,20,0,13,0,7,11,20,0.181818181818,3.04338842975,3.63636363636,2,2.5,1.68954001271,0.464623503495,0.245454545455,1.16774841624,0.642261628933,0.336363636364,1.94000937205,1.06700515463,0.536363636364,1.05689877454,0.347276990411,3.54545454545,3.04338842975,1.05689877454,3.54545454545,0.499047619048,0.4,8,0.0484848484848,0.255555555556,11,11,11,1,0,0.0909090909091,0.636363636364,0.272727272727,11,0.118181818182,3.72727272727,2.36363636364,1.3,1.625,1.43336856898,0.6064251638,0.286713286713,0.603022689156,0.510249967747,0.237762237762,1.40129809949,1.18571377649,0.503496503497,2.05382127221,0.551025219373,7,3.72727272727,2.05382127221,7,0,0,0,0,0.22962962963,11,11,11,1,0,0.0909090909091,0.636363636364,0.272727272727,11,18,0.163636363636,3.11363636364,3.27272727273,1.8,2.25,1.42062726223,0.434080552347,0.227272727273,0.924416277737,0.564921058617,0.292929292929,1.68954001271,1.03249667443,0.525252525253,1.14353419474,0.367266456706,3.875,3.11363636364,1.14353419474,3.875,0.366666666667,0.266666666667,4,0.0242424242424,0.221111111111,11,11,11,1,0,0.0909090909091,0.636363636364,0.272727272727,-2,-0.0181818181818,0.0702479338843,-0.363636363636,-0.2,-0.25,-0.268912750482,-0.030542951148,-0.0181818181818,-0.243332138505,-0.0773405703161,-0.0434343434343,-0.250469359339,-0.0345084801933,-0.0111111111111,0.0866354202056,0.0199894662943,0.329545454545,0.0702479338843,0.0866354202056,0.329545454545,-0.132380952381,-0.133333333333,-4,-0.0242424242424,-0.0344444444444,0,0,0,18,0,2,90,0.9,1,0,0.1,1,0.9,0.947368421053,0.938314863257,0.9,0.9,5,7,0,0,0,0
2573,WLNM_dir_neg,0.908163265306,0.75612244898,00:00:01,10,60,36,1176529785,threshold_sweep,0.8,1,0.714285714286,0.833333333333,5,0,2,14,0.714285714286,1,0,0.285714285714,1,0.714285714286,0.833333333333,0.904761904762,0.587301587302,0.769230769231,0.790569415042,0.714285714286,20,13,7,0,20,0,13,0,7,11,20,0.181818181818,3.04338842975,3.63636363636,2,2.5,1.68954001271,0.464623503495,0.245454545455,1.16774841624,0.642261628933,0.336363636364,1.94000937205,1.06700515463,0.536363636364,1.05689877454,0.347276990411,3.54545454545,3.04338842975,1.05689877454,3.54545454545,0.499047619048,0.4,8,0.0484848484848,0.255555555556,11,11,11,1,0,0.0909090909091,0.636363636364,0.272727272727,11,0.118181818182,3.72727272727,2.36363636364,1.3,1.625,1.43336856898,0.6064251638,0.286713286713,0.603022689156,0.510249967747,0.237762237762,1.40129809949,1.18571377649,0.503496503497,2.05382127221,0.551025219373,7,3.72727272727,2.05382127221,7,0,0,0,0,0.22962962963,11,11,11,1,0,0.0909090909091,0.636363636364,0.272727272727,11,18,0.163636363636,3.11363636364,3.27272727273,1.8,2.25,1.42062726223,0.434080552347,0.227272727273,0.924416277737,0.564921058617,0.292929292929,1.68954001271,1.03249667443,0.525252525253,1.14353419474,0.367266456706,3.875,3.11363636364,1.14353419474,3.875,0.366666666667,0.266666666667,4,0.0242424242424,0.221111111111,11,11,11,1,0,0.0909090909091,0.636363636364,0.272727272727,-2,-0.0181818181818,0.0702479338843,-0.363636363636,-0.2,-0.25,-0.268912750482,-0.030542951148,-0.0181818181818,-0.243332138505,-0.0773405703161,-0.0434343434343,-0.250469359339,-0.0345084801933,-0.0111111111111,0.0866354202056,0.0199894662943,0.329545454545,0.0702479338843,0.0866354202056,0.329545454545,-0.132380952381,-0.133333333333,-4,-0.0242424242424,-0.0344444444444,0,0,0,18,0,2,90,0.9,1,0,0.1,1,0.9,0.947368421053,0.938314863257,0.9,0.9,5,7,0,0,0,0
2574,WLNM_dir_neg,0.908163265306,0.75612244898,00:00:01,10,60,36,1176529785,threshold_sweep,0.9,1,0.714285714286,0.833333333333,5,0,2,14,0.714285714286,1,0,0.285714285714,1,0.714285714286,0.833333333333,0.904761904762,0.587301587302,0.769230769231,0.790569415042,0.714285714286,20,13,7,0,20,0,13,0,7,11,20,0.181818181818,3.04338842975,3.63636363636,2,2.5,1.68954001271,0.464623503495,0.245454545455,1.16774841624,0.642261628933,0.336363636364,1.94000937205,1.06700515463,0.536363636364,1.05689877454,0.347276990411,3.54545454545,3.04338842975,1.05689877454,3.54545454545,0.499047619048,0.4,8,0.0484848484848,0.255555555556,11,11,11,1,0,0.0909090909091,0.636363636364,0.272727272727,11,0.118181818182,3.72727272727,2.36363636364,1.3,1.625,1.43336856898,0.6064251638,0.286713286713,0.603022689156,0.510249967747,0.237762237762,1.40129809949,1.18571377649,0.503496503497,2.05382127221,0.551025219373,7,3.72727272727,2.05382127221,7,0,0,0,0,0.22962962963,11,11,11,1,0,0.0909090909091,0.636363636364,0.272727272727,11,18,0.163636363636,3.11363636364,3.27272727273,1.8,2.25,1.42062726223,0.434080552347,0.227272727273,0.924416277737,0.564921058617,0.292929292929,1.68954001271,1.03249667443,0.525252525253,1.14353419474,0.367266456706,3.875,3.11363636364,1.14353419474,3.875,0.366666666667,0.266666666667,4,0.0242424242424,0.221111111111,11,11,11,1,0,0.0909090909091,0.636363636364,0.272727272727,-2,-0.0181818181818,0.0702479338843,-0.363636363636,-0.2,-0.25,-0.268912750482,-0.030542951148,-0.0181818181818,-0.243332138505,-0.0773405703161,-0.0434343434343,-0.250469359339,-0.0345084801933,-0.0111111111111,0.0866354202056,0.0199894662943,0.329545454545,0.0702479338843,0.0866354202056,0.329545454545,-0.132380952381,-0.133333333333,-4,-0.0242424242424,-0.0344444444444,0,0,0,18,0,2,90,0.9,1,0,0.1,1,0.9,0.947368421053,0.938314863257,0.9,0.9,5,7,0,0,0,0
2575,WLNM_dir_neg,0.877551020408,0.570929070929,00:00:01,10,60,37,1176529786,threshold_sweep,0.1,1,0.714285714286,0.833333333333,5,0,2,14,0.714285714286,1,0,0.285714285714,1,0.714285714286,0.833333333333,0.904761904762,0.587301587302,0.769230769231,0.790569415042,0.714285714286,20,13,7,0,20,0,13,0,7,11,20,0.181818181818,3.04338842975,3.63636363636,2,2.5,1.68954001271,0.464623503495,0.245454545455,1.16774841624,0.642261628933,0.336363636364,1.94000937205,1.06700515463,0.536363636364,1.05689877454,0.347276990411,3.54545454545,3.04338842975,1.05689877454,3.54545454545,0.499047619048,0.4,8,0.0484848484848,0.255555555556,11,11,11,1,0,0.0909090909091,0.636363636364,0.272727272727,11,0.118181818182,3.72727272727,2.36363636364,1.3,1.625,1.43336856898,0.6064251638,0.286713286713,0.603022689156,0.510249967747,0.237762237762,1.40129809949,1.18571377649,0.503496503497,2.05382127221,0.551025219373,7,3.72727272727,2.05382127221,7,0,0,0,0,0.22962962963,11,11,11,1,0,0.0909090909091,0.636363636364,0.272727272727,11,18,0.163636363636,3.11363636364,3.27272727273,1.8,2.25,1.42062726223,0.434080552347,0.227272727273,0.924416277737,0.564921058617,0.292929292929,1.68954001271,1.03249667443,0.525252525253,1.14353419474,0.367266456706,3.875,3.11363636364,1.14353419474,3.875,0.366666666667,0.266666666667,4,0.0242424242424,0.221111111111,11,11,11,1,0,0.0909090909091,0.636363636364,0.272727272727,-2,-0.0181818181818,0.0702479338843,-0.363636363636,-0.2,-0.25,-0.268912750482,-0.030542951148,-0.0181818181818,-0.243332138505,-0.0773405703161,-0.0434343434343,-0.250469359339,-0.0345084801933,-0.0111111111111,0.0866354202056,0.0199894662943,0.329545454545,0.0702479338843,0.0866354202056,0.329545454545,-0.132380952381,-0.133333333333,-4,-0.0242424242424,-0.0344444444444,0,0,0,18,0,2,90,0.9,1,0,0.1,1,0.9,0.947368421053,0.938314863257,0.9,0.9,5,7,0,0,0,0
2576,WLNM_dir_neg,0.877551020408,0.570929070929,00:00:01,10,60,37,1176529786,threshold_sweep,0.2,1,0.714285714286,0.833333333333,5,0,2,14,0.714285714286,1,0,0.285714285714,1,0.714285714286,0.833333333333,0.904761904762,0.587301587302,0.769230769231,0.790569415042,0.714285714286,20,13,7,0,20,0,13,0,7,11,20,0.181818181818,3.04338842975,3.63636363636,2,2.5,1.68954001271,0.464623503495,0.245454545455,1.16774841624,0.642261628933,0.336363636364,1.94000937205,1.06700515463,0.536363636364,1.05689877454,0.347276990411,3.54545454545,3.04338842975,1.05689877454,3.54545454545,0.499047619048,0.4,8,0.0484848484848,0.255555555556,11,11,11,1,0,0.0909090909091,0.636363636364,0.272727272727,11,0.118181818182,3.72727272727,2.36363636364,1.3,1.625,1.43336856898,0.6064251638,0.286713286713,0.603022689156,0.510249967747,0.237762237762,1.40129809949,1.18571377649,0.503496503497,2.05382127221,0.551025219373,7,3.72727272727,2.05382127221,7,0,0,0,0,0.22962962963,11,11,11,1,0,0.0909090909091,0.636363636364,0.272727272727,11,18,0.163636363636,3.11363636364,3.27272727273,1.8,2.25,1.42062726223,0.434080552347,0.227272727273,0.924416277737,0.564921058617,0.292929292929,1.68954001271,1.03249667443,0.525252525253,1.14353419474,0.367266456706,3.875,3.11363636364,1.14353419474,3.875,0.366666666667,0.266666666667,4,0.0242424242424,0.221111111111,11,11,11,1,0,0.0909090909091,0.636363636364,0.272727272727,-2,-0.0181818181818,0.0702479338843,-0.363636363636,-0.2,-0.25,-0.268912750482,-0.030542951148,-0.0181818181818,-0.243332138505,-0.0773405703161,-0.0434343434343,-0.250469359339,-0.0345084801933,-0.0111111111111,0.0866354202056,0.0199894662943,0.329545454545,0.0702479338843,0.0866354202056,0.329545454545,-0.132380952381,-0.133333333333,-4,-0.0242424242424,-0.0344444444444,0,0,0,18,0,2,90,0.9,1,0,0.1,1,0.9,0.947368421053,0.938314863257,0.9,0.9,5,7,0,0,0,0
2577,WLNM_dir_neg,0.877551020408,0.570929070929,00:00:01,10,60,37,1176529786,threshold_sweep,0.3,1,0.714285714286,0.833333333333,5,0,2,14,0.714285714286,1,0,0.285714285714,1,0.714285714286,0.833333333333,0.904761904762,0.587301587302,0.769230769231,0.790569415042,0.714285714286,20,13,7,0,20,0,13,0,7,11,20,0.181818181818,3.04338842975,3.63636363636,2,2.5,1.68954001271,0.464623503495,0.245454545455,1.16774841624,0.642261628933,0.336363636364,1.94000937205,1.06700515463,0.536363636364,1.05689877454,0.347276990411,3.54545454545,3.04338842975,1.05689877454,3.54545454545,0.499047619048,0.4,8,0.0484848484848,0.255555555556,11,11,11,1,0,0.0909090909091,0.636363636364,0.272727272727,11,0.118181818182,3.72727272727,2.36363636364,1.3,1.625,1.43336856898,0.6064251638,0.286713286713,0.603022689156,0.510249967747,0.237762237762,1.40129809949,1.18571377649,0.503496503497,2.05382127221,0.551025219373,7,3.72727272727,2.05382127221,7,0,0,0,0,0.22962962963,11,11,11,1,0,0.0909090909091,0.636363636364,0.272727272727,11,18,0.163636363636,3.11363636364,3.27272727273,1.8,2.25,1.42062726223,0.434080552347,0.227272727273,0.924416277737,0.564921058617,0.292929292929,1.68954001271,1.03249667443,0.525252525253,1.14353419474,0.367266456706,3.875,3.11363636364,1.14353419474,3.875,0.366666666667,0.266666666667,4,0.0242424242424,0.221111111111,11,11,11,1,0,0.0909090909091,0.636363636364,0.272727272727,-2,-0.0181818181818,0.0702479338843,-0.363636363636,-0.2,-0.25,-0.268912750482,-0.030542951148,-0.0181818181818,-0.243332138505,-0.0773405703161,-0.0434343434343,-0.250469359339,-0.0345084801933,-0.0111111111111,0.0866354202056,0.0199894662943,0.329545454545,0.0702479338843,0.0866354202056,0.329545454545,-0.132380952381,-0.133333333333,-4,-0.0242424242424,-0.0344444444444,0,0,0,18,0,2,90,0.9,1,0,0.1,1,0.9,0.947368421053,0.938314863257,0.9,0.9,5,7,0,0,0,0
2578,WLNM_dir_neg,0.877551020408,0.570929070929,00:00:01,10,60,37,1176529786,threshold_sweep,0.4,1,0.714285714286,0.833333333333,5,0,2,14,0.714285714286,1,0,0.285714285714,1,0.714285714286,0.833333333333,0.904761904762,0.587301587302,0.769230769231,0.790569415042,0.714285714286,20,13,7,0,20,0,13,0,7,11,20,0.181818181818,3.04338842975,3.63636363636,2,2.5,1.68954001271,0.464623503495,0.245454545455,1.16774841624,0.642261628933,0.336363636364,1.94000937205,1.06700515463,0.536363636364,1.05689877454,0.347276990411,3.54545454545,3.04338842975,1.05689877454,3.54545454545,0.499047619048,0.4,8,0.0484848484848,0.255555555556,11,11,11,1,0,0.0909090909091,0.636363636364,0.272727272727,11,0.118181818182,3.72727272727,2.36363636364,1.3,1.625,1.43336856898,0.6064251638,0.286713286713,0.603022689156,0.510249967747,0.237762237762,1.40129809949,1.18571377649,0.503496503497,2.05382127221,0.551025219373,7,3.72727272727,2.05382127221,7,0,0,0,0,0.22962962963,11,11,11,1,0,0.0909090909091,0.636363636364,0.272727272727,11,18,0.163636363636,3.11363636364,3.27272727273,1.8,2.25,1.42062726223,0.434080552347,0.227272727273,0.924416277737,0.564921058617,0.292929292929,1.68954001271,1.03249667443,0.525252525253,1.14353419474,0.367266456706,3.875,3.11363636364,1.14353419474,3.875,0.366666666667,0.266666666667,4,0.0242424242424,0.221111111111,11,11,11,1,0,0.0909090909091,0.636363636364,0.272727272727,-2,-0.0181818181818,0.0702479338843,-0.363636363636,-0.2,-0.25,-0.268912750482,-0.030542951148,-0.0181818181818,-0.243332138505,-0.0773405703161,-0.0434343434343,-0.250469359339,-0.0345084801933,-0.0111111111111,0.0866354202056,0.0199894662943,0.329545454545,0.0702479338843,0.0866354202056,0.329545454545,-0.132380952381,-0.133333333333,-4,-0.0242424242424,-0.0344444444444,0,0,0,18,0,2,90,0.9,1,0,0.1,1,0.9,0.947368421053,0.938314863257,0.9,0.9,5,7,0,0,0,0
2579,WLNM_dir_neg,0.877551020408,0.570929070929,00:00:01,10,60,37,1176529786,threshold_sweep,0.5,1,0.714285714286,0.833333333333,5,0,2,14,0.714285714286,1,0,0.285714285714,1,0.714285714286,0.833333333333,0.904761904762,0.587301587302,0.769230769231,0.790569415042,0.714285714286,20,13,7,0,20,0,13,0,7,11,20,0.181818181818,3.04338842975,3.63636363636,2,2.5,1.68954001271,0.464623503495,0.245454545455,1.16774841624,0.642261628933,0.336363636364,1.94000937205,1.06700515463,0.536363636364,1.05689877454,0.347276990411,3.54545454545,3.04338842975,1.05689877454,3.54545454545,0.499047619048,0.4,8,0.0484848484848,0.255555555556,11,11,11,1,0,0.0909090909091,0.636363636364,0.272727272727,11,0.118181818182,3.72727272727,2.36363636364,1.3,1.625,1.43336856898,0.6064251638,0.286713286713,0.603022689156,0.510249967747,0.237762237762,1.40129809949,1.18571377649,0.503496503497,2.05382127221,0.551025219373,7,3.72727272727,2.05382127221,7,0,0,0,0,0.22962962963,11,11,11,1,0,0.0909090909091,0.636363636364,0.272727272727,11,18,0.163636363636,3.11363636364,3.27272727273,1.8,2.25,1.42062726223,0.434080552347,0.227272727273,0.924416277737,0.564921058617,0.292929292929,1.68954001271,1.03249667443,0.525252525253,1.14353419474,0.367266456706,3.875,3.11363636364,1.14353419474,3.875,0.366666666667,0.266666666667,4,0.0242424242424,0.221111111111,11,11,11,1,0,0.0909090909091,0.636363636364,0.272727272727,-2,-0.0181818181818,0.0702479338843,-0.363636363636,-0.2,-0.25,-0.268912750482,-0.030542951148,-0.0181818181818,-0.243332138505,-0.0773405703161,-0.0434343434343,-0.250469359339,-0.0345084801933,-0.0111111111111,0.0866354202056,0.0199894662943,0.329545454545,0.0702479338843,0.0866354202056,0.329545454545,-0.132380952381,-0.133333333333,-4,-0.0242424242424,-0.0344444444444,0,0,0,18,0,2,90,0.9,1,0,0.1,1,0.9,0.947368421053,0.938314863257,0.9,0.9,5,7,0,0,0,0
2580,WLNM_dir_neg,0.877551020408,0.570929070929,00:00:01,10,60,37,1176529786,threshold_sweep,0.6,1,0.714285714286,0.833333333333,5,0,2,14,0.714285714286,1,0,0.285714285714,1,0.714285714286,0.833333333333,0.904761904762,0.587301587302,0.769230769231,0.790569415042,0.714285714286,20,13,7,0,20,0,13,0,7,11,20,0.181818181818,3.04338842975,3.63636363636,2,2.5,1.68954001271,0.464623503495,0.245454545455,1.16774841624,0.642261628933,0.336363636364,1.94000937205,1.06700515463,0.536363636364,1.05689877454,0.347276990411,3.54545454545,3.04338842975,1.05689877454,3.54545454545,0.499047619048,0.4,8,0.0484848484848,0.255555555556,11,11,11,1,0,0.0909090909091,0.636363636364,0.272727272727,11,0.118181818182,3.72727272727,2.36363636364,1.3,1.625,1.43336856898,0.6064251638,0.286713286713,0.603022689156,0.510249967747,0.237762237762,1.40129809949,1.18571377649,0.503496503497,2.05382127221,0.551025219373,7,3.72727272727,2.05382127221,7,0,0,0,0,0.22962962963,11,11,11,1,0,0.0909090909091,0.636363636364,0.272727272727,11,18,0.163636363636,3.11363636364,3.27272727273,1.8,2.25,1.42062726223,0.434080552347,0.227272727273,0.924416277737,0.564921058617,0.292929292929,1.68954001271,1.03249667443,0.525252525253,1.14353419474,0.367266456706,3.875,3.11363636364,1.14353419474,3.875,0.366666666667,0.266666666667,4,0.0242424242424,0.221111111111,11,11,11,1,0,0.0909090909091,0.636363636364,0.272727272727,-2,-0.0181818181818,0.0702479338843,-0.363636363636,-0.2,-0.25,-0.268912750482,-0.030542951148,-0.0181818181818,-0.243332138505,-0.0773405703161,-0.0434343434343,-0.250469359339,-0.0345084801933,-0.0111111111111,0.0866354202056,0.0199894662943,0.329545454545,0.0702479338843,0.0866354202056,0.329545454545,-0.132380952381,-0.133333333333,-4,-0.0242424242424,-0.0344444444444,0,0,0,18,0,2,90,0.9,1,0,0.1,1,0.9,0.947368421053,0.938314863257,0.9,0.9,5,7,0,0,0,0
2581,WLNM_dir_neg,0.877551020408,0.570929070929,00:00:01,10,60,37,1176529786,threshold_sweep,0.7,1,0.714285714286,0.833333333333,5,0,2,14,0.714285714286,1,0,0.285714285714,1,0.714285714286,0.833333333333,0.904761904762,0.587301587302,0.769230769231,0.790569415042,0.714285714286,20,13,7,0,20,0,13,0,7,11,20,0.181818181818,3.04338842975,3.63636363636,2,2.5,1.68954001271,0.464623503495,0.245454545455,1.16774841624,0.642261628933,0.336363636364,1.94000937205,1.06700515463,0.536363636364,1.05689877454,0.347276990411,3.54545454545,3.04338842975,1.05689877454,3.54545454545,0.499047619048,0.4,8,0.0484848484848,0.255555555556,11,11,11,1,0,0.0909090909091,0.636363636364,0.272727272727,11,0.118181818182,3.72727272727,2.36363636364,1.3,1.625,1.43336856898,0.6064251638,0.286713286713,0.603022689156,0.510249967747,0.237762237762,1.40129809949,1.18571377649,0.503496503497,2.05382127221,0.551025219373,7,3.72727272727,2.05382127221,7,0,0,0,0,0.22962962963,11,11,11,1,0,0.0909090909091,0.636363636364,0.272727272727,11,18,0.163636363636,3.11363636364,3.27272727273,1.8,2.25,1.42062726223,0.434080552347,0.227272727273,0.924416277737,0.564921058617,0.292929292929,1.68954001271,1.03249667443,0.525252525253,1.14353419474,0.367266456706,3.875,3.11363636364,1.14353419474,3.875,0.366666666667,0.266666666667,4,0.0242424242424,0.221111111111,11,11,11,1,0,0.0909090909091,0.636363636364,0.272727272727,-2,-0.0181818181818,0.0702479338843,-0.363636363636,-0.2,-0.25,-0.268912750482,-0.030542951148,-0.0181818181818,-0.243332138505,-0.0773405703161,-0.0434343434343,-0.250469359339,-0.0345084801933,-0.0111111111111,0.0866354202056,0.0199894662943,0.329545454545,0.0702479338843,0.0866354202056,0.329545454545,-0.132380952381,-0.133333333333,-4,-0.0242424242424,-0.0344444444444,0,0,0,18,0,2,90,0.9,1,0,0.1,1,0.9,0.947368421053,0.938314863257,0.9,0.9,5,7,0,0,0,0
2582,WLNM_dir_neg,0.877551020408,0.570929070929,00:00:01,10,60,37,1176529786,threshold_sweep,0.8,1,0.714285714286,0.833333333333,5,0,2,14,0.714285714286,1,0,0.285714285714,1,0.714285714286,0.833333333333,0.904761904762,0.587301587302,0.769230769231,0.790569415042,0.714285714286,20,13,7,0,20,0,13,0,7,11,20,0.181818181818,3.04338842975,3.63636363636,2,2.5,1.68954001271,0.464623503495,0.245454545455,1.16774841624,0.642261628933,0.336363636364,1.94000937205,1.06700515463,0.536363636364,1.05689877454,0.347276990411,3.54545454545,3.04338842975,1.05689877454,3.54545454545,0.499047619048,0.4,8,0.0484848484848,0.255555555556,11,11,11,1,0,0.0909090909091,0.636363636364,0.272727272727,11,0.118181818182,3.72727272727,2.36363636364,1.3,1.625,1.43336856898,0.6064251638,0.286713286713,0.603022689156,0.510249967747,0.237762237762,1.40129809949,1.18571377649,0.503496503497,2.05382127221,0.551025219373,7,3.72727272727,2.05382127221,7,0,0,0,0,0.22962962963,11,11,11,1,0,0.0909090909091,0.636363636364,0.272727272727,11,18,0.163636363636,3.11363636364,3.27272727273,1.8,2.25,1.42062726223,0.434080552347,0.227272727273,0.924416277737,0.564921058617,0.292929292929,1.68954001271,1.03249667443,0.525252525253,1.14353419474,0.367266456706,3.875,3.11363636364,1.14353419474,3.875,0.366666666667,0.266666666667,4,0.0242424242424,0.221111111111,11,11,11,1,0,0.0909090909091,0.636363636364,0.272727272727,-2,-0.0181818181818,0.0702479338843,-0.363636363636,-0.2,-0.25,-0.268912750482,-0.030542951148,-0.0181818181818,-0.243332138505,-0.0773405703161,-0.0434343434343,-0.250469359339,-0.0345084801933,-0.0111111111111,0.0866354202056,0.0199894662943,0.329545454545,0.0702479338843,0.0866354202056,0.329545454545,-0.132380952381,-0.133333333333,-4,-0.0242424242424,-0.0344444444444,0,0,0,18,0,2,90,0.9,1,0,0.1,1,0.9,0.947368421053,0.938314863257,0.9,0.9,5,7,0,0,0,0
2583,WLNM_dir_neg,0.877551020408,0.570929070929,00:00:01,10,60,37,1176529786,threshold_sweep,0.9,1,0.714285714286,0.833333333333,5,0,2,14,0.714285714286,1,0,0.285714285714,1,0.714285714286,0.833333333333,0.904761904762,0.587301587302,0.769230769231,0.790569415042,0.714285714286,20,13,7,0,20,0,13,0,7,11,20,0.181818181818,3.04338842975,3.63636363636,2,2.5,1.68954001271,0.464623503495,0.245454545455,1.16774841624,0.642261628933,0.336363636364,1.94000937205,1.06700515463,0.536363636364,1.05689877454,0.347276990411,3.54545454545,3.04338842975,1.05689877454,3.54545454545,0.499047619048,0.4,8,0.0484848484848,0.255555555556,11,11,11,1,0,0.0909090909091,0.636363636364,0.272727272727,11,0.118181818182,3.72727272727,2.36363636364,1.3,1.625,1.43336856898,0.6064251638,0.286713286713,0.603022689156,0.510249967747,0.237762237762,1.40129809949,1.18571377649,0.503496503497,2.05382127221,0.551025219373,7,3.72727272727,2.05382127221,7,0,0,0,0,0.22962962963,11,11,11,1,0,0.0909090909091,0.636363636364,0.272727272727,11,18,0.163636363636,3.11363636364,3.27272727273,1.8,2.25,1.42062726223,0.434080552347,0.227272727273,0.924416277737,0.564921058617,0.292929292929,1.68954001271,1.03249667443,0.525252525253,1.14353419474,0.367266456706,3.875,3.11363636364,1.14353419474,3.875,0.366666666667,0.266666666667,4,0.0242424242424,0.221111111111,11,11,11,1,0,0.0909090909091,0.636363636364,0.272727272727,-2,-0.0181818181818,0.0702479338843,-0.363636363636,-0.2,-0.25,-0.268912750482,-0.030542951148,-0.0181818181818,-0.243332138505,-0.0773405703161,-0.0434343434343,-0.250469359339,-0.0345084801933,-0.0111111111111,0.0866354202056,0.0199894662943,0.329545454545,0.0702479338843,0.0866354202056,0.329545454545,-0.132380952381,-0.133333333333,-4,-0.0242424242424,-0.0344444444444,0,0,0,18,0,2,90,0.9,1,0,0.1,1,0.9,0.947368421053,0.938314863257,0.9,0.9,5,7,0,0,0,0
2584,WLNM_dir_neg,0.826530612245,0.558667502089,00:00:02,10,60,38,1176529787,threshold_sweep,0.1,1,0.714285714286,0.833333333333,5,0,2,14,0.714285714286,1,0,0.285714285714,1,0.714285714286,0.833333333333,0.904761904762,0.587301587302,0.769230769231,0.790569415042,0.714285714286,20,13,7,0,20,0,13,0,7,11,20,0.181818181818,3.04338842975,3.63636363636,2,2.5,1.68954001271,0.464623503495,0.245454545455,1.16774841624,0.642261628933,0.336363636364,1.94000937205,1.06700515463,0.536363636364,1.05689877454,0.347276990411,3.54545454545,3.04338842975,1.05689877454,3.54545454545,0.499047619048,0.4,8,0.0484848484848,0.255555555556,11,11,11,1,0,0.0909090909091,0.636363636364,0.272727272727,11,0.118181818182,3.72727272727,2.36363636364,1.3,1.625,1.43336856898,0.6064251638,0.286713286713,0.603022689156,0.510249967747,0.237762237762,1.40129809949,1.18571377649,0.503496503497,2.05382127221,0.551025219373,7,3.72727272727,2.05382127221,7,0,0,0,0,0.22962962963,11,11,11,1,0,0.0909090909091,0.636363636364,0.272727272727,11,18,0.163636363636,3.11363636364,3.27272727273,1.8,2.25,1.42062726223,0.434080552347,0.227272727273,0.924416277737,0.564921058617,0.292929292929,1.68954001271,1.03249667443,0.525252525253,1.14353419474,0.367266456706,3.875,3.11363636364,1.14353419474,3.875,0.366666666667,0.266666666667,4,0.0242424242424,0.221111111111,11,11,11,1,0,0.0909090909091,0.636363636364,0.272727272727,-2,-0.0181818181818,0.0702479338843,-0.363636363636,-0.2,-0.25,-0.268912750482,-0.030542951148,-0.0181818181818,-0.243332138505,-0.0773405703161,-0.0434343434343,-0.250469359339,-0.0345084801933,-0.0111111111111,0.0866354202056,0.0199894662943,0.329545454545,0.0702479338843,0.0866354202056,0.329545454545,-0.132380952381,-0.133333333333,-4,-0.0242424242424,-0.0344444444444,0,0,0,18,0,2,90,0.9,1,0,0.1,1,0.9,0.947368421053,0.938314863257,0.9,0.9,5,7,0,0,0,0
2585,WLNM_dir_neg,0.826530612245,0.558667502089,00:00:02,10,60,38,1176529787,threshold_sweep,0.2,1,0.714285714286,0.833333333333,5,0,2,14,0.714285714286,1,0,0.285714285714,1,0.714285714286,0.833333333333,0.904761904762,0.587301587302,0.769230769231,0.790569415042,0.714285714286,20,13,7,0,20,0,13,0,7,11,20,0.181818181818,3.04338842975,3.63636363636,2,2.5,1.68954001271,0.464623503495,0.245454545455,1.16774841624,0.642261628933,0.336363636364,1.94000937205,1.06700515463,0.536363636364,1.05689877454,0.347276990411,3.54545454545,3.04338842975,1.05689877454,3.54545454545,0.499047619048,0.4,8,0.0484848484848,0.255555555556,11,11,11,1,0,0.0909090909091,0.636363636364,0.272727272727,11,0.118181818182,3.72727272727,2.36363636364,1.3,1.625,1.43336856898,0.6064251638,0.286713286713,0.603022689156,0.510249967747,0.237762237762,1.40129809949,1.18571377649,0.503496503497,2.05382127221,0.551025219373,7,3.72727272727,2.05382127221,7,0,0,0,0,0.22962962963,11,11,11,1,0,0.0909090909091,0.636363636364,0.272727272727,11,18,0.163636363636,3.11363636364,3.27272727273,1.8,2.25,1.42062726223,0.434080552347,0.227272727273,0.924416277737,0.564921058617,0.292929292929,1.68954001271,1.03249667443,0.525252525253,1.14353419474,0.367266456706,3.875,3.11363636364,1.14353419474,3.875,0.366666666667,0.266666666667,4,0.0242424242424,0.221111111111,11,11,11,1,0,0.0909090909091,0.636363636364,0.272727272727,-2,-0.0181818181818,0.0702479338843,-0.363636363636,-0.2,-0.25,-0.268912750482,-0.030542951148,-0.0181818181818,-0.243332138505,-0.0773405703161,-0.0434343434343,-0.250469359339,-0.0345084801933,-0.0111111111111,0.0866354202056,0.0199894662943,0.329545454545,0.0702479338843,0.0866354202056,0.329545454545,-0.132380952381,-0.133333333333,-4,-0.0242424242424,-0.0344444444444,0,0,0,18,0,2,90,0.9,1,0,0.1,1,0.9,0.947368421053,0.938314863257,0.9,0.9,5,7,0,0,0,0
2586,WLNM_dir_neg,0.826530612245,0.558667502089,00:00:02,10,60,38,1176529787,threshold_sweep,0.3,1,0.714285714286,0.833333333333,5,0,2,14,0.714285714286,1,0,0.285714285714,1,0.714285714286,0.833333333333,0.904761904762,0.587301587302,0.769230769231,0.790569415042,0.714285714286,20,13,7,0,20,0,13,0,7,11,20,0.181818181818,3.04338842975,3.63636363636,2,2.5,1.68954001271,0.464623503495,0.245454545455,1.16774841624,0.642261628933,0.336363636364,1.94000937205,1.06700515463,0.536363636364,1.05689877454,0.347276990411,3.54545454545,3.04338842975,1.05689877454,3.54545454545,0.499047619048,0.4,8,0.0484848484848,0.255555555556,11,11,11,1,0,0.0909090909091,0.636363636364,0.272727272727,11,0.118181818182,3.72727272727,2.36363636364,1.3,1.625,1.43336856898,0.6064251638,0.286713286713,0.603022689156,0.510249967747,0.237762237762,1.40129809949,1.18571377649,0.503496503497,2.05382127221,0.551025219373,7,3.72727272727,2.05382127221,7,0,0,0,0,0.22962962963,11,11,11,1,0,0.0909090909091,0.636363636364,0.272727272727,11,18,0.163636363636,3.11363636364,3.27272727273,1.8,2.25,1.42062726223,0.434080552347,0.227272727273,0.924416277737,0.564921058617,0.292929292929,1.68954001271,1.03249667443,0.525252525253,1.14353419474,0.367266456706,3.875,3.11363636364,1.14353419474,3.875,0.366666666667,0.266666666667,4,0.0242424242424,0.221111111111,11,11,11,1,0,0.0909090909091,0.636363636364,0.272727272727,-2,-0.0181818181818,0.0702479338843,-0.363636363636,-0.2,-0.25,-0.268912750482,-0.030542951148,-0.0181818181818,-0.243332138505,-0.0773405703161,-0.0434343434343,-0.250469359339,-0.0345084801933,-0.0111111111111,0.0866354202056,0.0199894662943,0.329545454545,0.0702479338843,0.0866354202056,0.329545454545,-0.132380952381,-0.133333333333,-4,-0.0242424242424,-0.0344444444444,0,0,0,18,0,2,90,0.9,1,0,0.1,1,0.9,0.947368421053,0.938314863257,0.9,0.9,5,7,0,0,0,0
2587,WLNM_dir_neg,0.826530612245,0.558667502089,00:00:02,10,60,38,1176529787,threshold_sweep,0.4,1,0.714285714286,0.833333333333,5,0,2,14,0.714285714286,1,0,0.285714285714,1,0.714285714286,0.833333333333,0.904761904762,0.587301587302,0.769230769231,0.790569415042,0.714285714286,20,13,7,0,20,0,13,0,7,11,20,0.181818181818,3.04338842975,3.63636363636,2,2.5,1.68954001271,0.464623503495,0.245454545455,1.16774841624,0.642261628933,0.336363636364,1.94000937205,1.06700515463,0.536363636364,1.05689877454,0.347276990411,3.54545454545,3.04338842975,1.05689877454,3.54545454545,0.499047619048,0.4,8,0.0484848484848,0.255555555556,11,11,11,1,0,0.0909090909091,0.636363636364,0.272727272727,11,0.118181818182,3.72727272727,2.36363636364,1.3,1.625,1.43336856898,0.6064251638,0.286713286713,0.603022689156,0.510249967747,0.237762237762,1.40129809949,1.18571377649,0.503496503497,2.05382127221,0.551025219373,7,3.72727272727,2.05382127221,7,0,0,0,0,0.22962962963,11,11,11,1,0,0.0909090909091,0.636363636364,0.272727272727,11,18,0.163636363636,3.11363636364,3.27272727273,1.8,2.25,1.42062726223,0.434080552347,0.227272727273,0.924416277737,0.564921058617,0.292929292929,1.68954001271,1.03249667443,0.525252525253,1.14353419474,0.367266456706,3.875,3.11363636364,1.14353419474,3.875,0.366666666667,0.266666666667,4,0.0242424242424,0.221111111111,11,11,11,1,0,0.0909090909091,0.636363636364,0.272727272727,-2,-0.0181818181818,0.0702479338843,-0.363636363636,-0.2,-0.25,-0.268912750482,-0.030542951148,-0.0181818181818,-0.243332138505,-0.0773405703161,-0.0434343434343,-0.250469359339,-0.0345084801933,-0.0111111111111,0.0866354202056,0.0199894662943,0.329545454545,0.0702479338843,0.0866354202056,0.329545454545,-0.132380952381,-0.133333333333,-4,-0.0242424242424,-0.0344444444444,0,0,0,18,0,2,90,0.9,1,0,0.1,1,0.9,0.947368421053,0.938314863257,0.9,0.9,5,7,0,0,0,0
2588,WLNM_dir_neg,0.826530612245,0.558667502089,00:00:02,10,60,38,1176529787,threshold_sweep,0.5,1,0.714285714286,0.833333333333,5,0,2,14,0.714285714286,1,0,0.285714285714,1,0.714285714286,0.833333333333,0.904761904762,0.587301587302,0.769230769231,0.790569415042,0.714285714286,20,13,7,0,20,0,13,0,7,11,20,0.181818181818,3.04338842975,3.63636363636,2,2.5,1.68954001271,0.464623503495,0.245454545455,1.16774841624,0.642261628933,0.336363636364,1.94000937205,1.06700515463,0.536363636364,1.05689877454,0.347276990411,3.54545454545,3.04338842975,1.05689877454,3.54545454545,0.499047619048,0.4,8,0.0484848484848,0.255555555556,11,11,11,1,0,0.0909090909091,0.636363636364,0.272727272727,11,0.118181818182,3.72727272727,2.36363636364,1.3,1.625,1.43336856898,0.6064251638,0.286713286713,0.603022689156,0.510249967747,0.237762237762,1.40129809949,1.18571377649,0.503496503497,2.05382127221,0.551025219373,7,3.72727272727,2.05382127221,7,0,0,0,0,0.22962962963,11,11,11,1,0,0.0909090909091,0.636363636364,0.272727272727,11,18,0.163636363636,3.11363636364,3.27272727273,1.8,2.25,1.42062726223,0.434080552347,0.227272727273,0.924416277737,0.564921058617,0.292929292929,1.68954001271,1.03249667443,0.525252525253,1.14353419474,0.367266456706,3.875,3.11363636364,1.14353419474,3.875,0.366666666667,0.266666666667,4,0.0242424242424,0.221111111111,11,11,11,1,0,0.0909090909091,0.636363636364,0.272727272727,-2,-0.0181818181818,0.0702479338843,-0.363636363636,-0.2,-0.25,-0.268912750482,-0.030542951148,-0.0181818181818,-0.243332138505,-0.0773405703161,-0.0434343434343,-0.250469359339,-0.0345084801933,-0.0111111111111,0.0866354202056,0.0199894662943,0.329545454545,0.0702479338843,0.0866354202056,0.329545454545,-0.132380952381,-0.133333333333,-4,-0.0242424242424,-0.0344444444444,0,0,0,18,0,2,90,0.9,1,0,0.1,1,0.9,0.947368421053,0.938314863257,0.9,0.9,5,7,0,0,0,0
2589,WLNM_dir_neg,0.826530612245,0.558667502089,00:00:02,10,60,38,1176529787,threshold_sweep,0.6,1,0.714285714286,0.833333333333,5,0,2,14,0.714285714286,1,0,0.285714285714,1,0.714285714286,0.833333333333,0.904761904762,0.587301587302,0.769230769231,0.790569415042,0.714285714286,20,13,7,0,20,0,13,0,7,11,20,0.181818181818,3.04338842975,3.63636363636,2,2.5,1.68954001271,0.464623503495,0.245454545455,1.16774841624,0.642261628933,0.336363636364,1.94000937205,1.06700515463,0.536363636364,1.05689877454,0.347276990411,3.54545454545,3.04338842975,1.05689877454,3.54545454545,0.499047619048,0.4,8,0.0484848484848,0.255555555556,11,11,11,1,0,0.0909090909091,0.636363636364,0.272727272727,11,0.118181818182,3.72727272727,2.36363636364,1.3,1.625,1.43336856898,0.6064251638,0.286713286713,0.603022689156,0.510249967747,0.237762237762,1.40129809949,1.18571377649,0.503496503497,2.05382127221,0.551025219373,7,3.72727272727,2.05382127221,7,0,0,0,0,0.22962962963,11,11,11,1,0,0.0909090909091,0.636363636364,0.272727272727,11,18,0.163636363636,3.11363636364,3.27272727273,1.8,2.25,1.42062726223,0.434080552347,0.227272727273,0.924416277737,0.564921058617,0.292929292929,1.68954001271,1.03249667443,0.525252525253,1.14353419474,0.367266456706,3.875,3.11363636364,1.14353419474,3.875,0.366666666667,0.266666666667,4,0.0242424242424,0.221111111111,11,11,11,1,0,0.0909090909091,0.636363636364,0.272727272727,-2,-0.0181818181818,0.0702479338843,-0.363636363636,-0.2,-0.25,-0.268912750482,-0.030542951148,-0.0181818181818,-0.243332138505,-0.0773405703161,-0.0434343434343,-0.250469359339,-0.0345084801933,-0.0111111111111,0.0866354202056,0.0199894662943,0.329545454545,0.0702479338843,0.0866354202056,0.329545454545,-0.132380952381,-0.133333333333,-4,-0.0242424242424,-0.0344444444444,0,0,0,18,0,2,90,0.9,1,0,0.1,1,0.9,0.947368421053,0.938314863257,0.9,0.9,5,7,0,0,0,0
2590,WLNM_dir_neg,0.826530612245,0.558667502089,00:00:02,10,60,38,1176529787,threshold_sweep,0.7,1,0.714285714286,0.833333333333,5,0,2,14,0.714285714286,1,0,0.285714285714,1,0.714285714286,0.833333333333,0.904761904762,0.587301587302,0.769230769231,0.790569415042,0.714285714286,20,13,7,0,20,0,13,0,7,11,20,0.181818181818,3.04338842975,3.63636363636,2,2.5,1.68954001271,0.464623503495,0.245454545455,1.16774841624,0.642261628933,0.336363636364,1.94000937205,1.06700515463,0.536363636364,1.05689877454,0.347276990411,3.54545454545,3.04338842975,1.05689877454,3.54545454545,0.499047619048,0.4,8,0.0484848484848,0.255555555556,11,11,11,1,0,0.0909090909091,0.636363636364,0.272727272727,11,0.118181818182,3.72727272727,2.36363636364,1.3,1.625,1.43336856898,0.6064251638,0.286713286713,0.603022689156,0.510249967747,0.237762237762,1.40129809949,1.18571377649,0.503496503497,2.05382127221,0.551025219373,7,3.72727272727,2.05382127221,7,0,0,0,0,0.22962962963,11,11,11,1,0,0.0909090909091,0.636363636364,0.272727272727,11,18,0.163636363636,3.11363636364,3.27272727273,1.8,2.25,1.42062726223,0.434080552347,0.227272727273,0.924416277737,0.564921058617,0.292929292929,1.68954001271,1.03249667443,0.525252525253,1.14353419474,0.367266456706,3.875,3.11363636364,1.14353419474,3.875,0.366666666667,0.266666666667,4,0.0242424242424,0.221111111111,11,11,11,1,0,0.0909090909091,0.636363636364,0.272727272727,-2,-0.0181818181818,0.0702479338843,-0.363636363636,-0.2,-0.25,-0.268912750482,-0.030542951148,-0.0181818181818,-0.243332138505,-0.0773405703161,-0.0434343434343,-0.250469359339,-0.0345084801933,-0.0111111111111,0.0866354202056,0.0199894662943,0.329545454545,0.0702479338843,0.0866354202056,0.329545454545,-0.132380952381,-0.133333333333,-4,-0.0242424242424,-0.0344444444444,0,0,0,18,0,2,90,0.9,1,0,0.1,1,0.9,0.947368421053,0.938314863257,0.9,0.9,5,7,0,0,0,0
2591,WLNM_dir_neg,0.826530612245,0.558667502089,00:00:02,10,60,38,1176529787,threshold_sweep,0.8,1,0.714285714286,0.833333333333,5,0,2,14,0.714285714286,1,0,0.285714285714,1,0.714285714286,0.833333333333,0.904761904762,0.587301587302,0.769230769231,0.790569415042,0.714285714286,20,13,7,0,20,0,13,0,7,11,20,0.181818181818,3.04338842975,3.63636363636,2,2.5,1.68954001271,0.464623503495,0.245454545455,1.16774841624,0.642261628933,0.336363636364,1.94000937205,1.06700515463,0.536363636364,1.05689877454,0.347276990411,3.54545454545,3.04338842975,1.05689877454,3.54545454545,0.499047619048,0.4,8,0.0484848484848,0.255555555556,11,11,11,1,0,0.0909090909091,0.636363636364,0.272727272727,11,0.118181818182,3.72727272727,2.36363636364,1.3,1.625,1.43336856898,0.6064251638,0.286713286713,0.603022689156,0.510249967747,0.237762237762,1.40129809949,1.18571377649,0.503496503497,2.05382127221,0.551025219373,7,3.72727272727,2.05382127221,7,0,0,0,0,0.22962962963,11,11,11,1,0,0.0909090909091,0.636363636364,0.272727272727,11,18,0.163636363636,3.11363636364,3.27272727273,1.8,2.25,1.42062726223,0.434080552347,0.227272727273,0.924416277737,0.564921058617,0.292929292929,1.68954001271,1.03249667443,0.525252525253,1.14353419474,0.367266456706,3.875,3.11363636364,1.14353419474,3.875,0.366666666667,0.266666666667,4,0.0242424242424,0.221111111111,11,11,11,1,0,0.0909090909091,0.636363636364,0.272727272727,-2,-0.0181818181818,0.0702479338843,-0.363636363636,-0.2,-0.25,-0.268912750482,-0.030542951148,-0.0181818181818,-0.243332138505,-0.0773405703161,-0.0434343434343,-0.250469359339,-0.0345084801933,-0.0111111111111,0.0866354202056,0.0199894662943,0.329545454545,0.0702479338843,0.0866354202056,0.329545454545,-0.132380952381,-0.133333333333,-4,-0.0242424242424,-0.0344444444444,0,0,0,18,0,2,90,0.9,1,0,0.1,1,0.9,0.947368421053,0.938314863257,0.9,0.9,5,7,0,0,0,0
2592,WLNM_dir_neg,0.826530612245,0.558667502089,00:00:02,10,60,38,1176529787,threshold_sweep,0.9,1,0.714285714286,0.833333333333,5,0,2,14,0.714285714286,1,0,0.285714285714,1,0.714285714286,0.833333333333,0.904761904762,0.587301587302,0.769230769231,0.790569415042,0.714285714286,20,13,7,0,20,0,13,0,7,11,20,0.181818181818,3.04338842975,3.63636363636,2,2.5,1.68954001271,0.464623503495,0.245454545455,1.16774841624,0.642261628933,0.336363636364,1.94000937205,1.06700515463,0.536363636364,1.05689877454,0.347276990411,3.54545454545,3.04338842975,1.05689877454,3.54545454545,0.499047619048,0.4,8,0.0484848484848,0.255555555556,11,11,11,1,0,0.0909090909091,0.636363636364,0.272727272727,11,0.118181818182,3.72727272727,2.36363636364,1.3,1.625,1.43336856898,0.6064251638,0.286713286713,0.603022689156,0.510249967747,0.237762237762,1.40129809949,1.18571377649,0.503496503497,2.05382127221,0.551025219373,7,3.72727272727,2.05382127221,7,0,0,0,0,0.22962962963,11,11,11,1,0,0.0909090909091,0.636363636364,0.272727272727,11,18,0.163636363636,3.11363636364,3.27272727273,1.8,2.25,1.42062726223,0.434080552347,0.227272727273,0.924416277737,0.564921058617,0.292929292929,1.68954001271,1.03249667443,0.525252525253,1.14353419474,0.367266456706,3.875,3.11363636364,1.14353419474,3.875,0.366666666667,0.266666666667,4,0.0242424242424,0.221111111111,11,11,11,1,0,0.0909090909091,0.636363636364,0.272727272727,-2,-0.0181818181818,0.0702479338843,-0.363636363636,-0.2,-0.25,-0.268912750482,-0.030542951148,-0.0181818181818,-0.243332138505,-0.0773405703161,-0.0434343434343,-0.250469359339,-0.0345084801933,-0.0111111111111,0.0866354202056,0.0199894662943,0.329545454545,0.0702479338843,0.0866354202056,0.329545454545,-0.132380952381,-0.133333333333,-4,-0.0242424242424,-0.0344444444444,0,0,0,18,0,2,90,0.9,1,0,0.1,1,0.9,0.947368421053,0.938314863257,0.9,0.9,5,7,0,0,0,0
2593,WLNM_dir_neg,0.867346938776,0.708291708292,00:00:02,10,60,39,1176529788,threshold_sweep,0.1,1,0.714285714286,0.833333333333,5,0,2,14,0.714285714286,1,0,0.285714285714,1,0.714285714286,0.833333333333,0.904761904762,0.587301587302,0.769230769231,0.790569415042,0.714285714286,20,13,7,0,20,0,13,0,7,11,20,0.181818181818,3.04338842975,3.63636363636,2,2.5,1.68954001271,0.464623503495,0.245454545455,1.16774841624,0.642261628933,0.336363636364,1.94000937205,1.06700515463,0.536363636364,1.05689877454,0.347276990411,3.54545454545,3.04338842975,1.05689877454,3.54545454545,0.499047619048,0.4,8,0.0484848484848,0.255555555556,11,11,11,1,0,0.0909090909091,0.636363636364,0.272727272727,11,0.118181818182,3.72727272727,2.36363636364,1.3,1.625,1.43336856898,0.6064251638,0.286713286713,0.603022689156,0.510249967747,0.237762237762,1.40129809949,1.18571377649,0.503496503497,2.05382127221,0.551025219373,7,3.72727272727,2.05382127221,7,0,0,0,0,0.22962962963,11,11,11,1,0,0.0909090909091,0.636363636364,0.272727272727,11,18,0.163636363636,3.11363636364,3.27272727273,1.8,2.25,1.42062726223,0.434080552347,0.227272727273,0.924416277737,0.564921058617,0.292929292929,1.68954001271,1.03249667443,0.525252525253,1.14353419474,0.367266456706,3.875,3.11363636364,1.14353419474,3.875,0.366666666667,0.266666666667,4,0.0242424242424,0.221111111111,11,11,11,1,0,0.0909090909091,0.636363636364,0.272727272727,-2,-0.0181818181818,0.0702479338843,-0.363636363636,-0.2,-0.25,-0.268912750482,-0.030542951148,-0.0181818181818,-0.243332138505,-0.0773405703161,-0.0434343434343,-0.250469359339,-0.0345084801933,-0.0111111111111,0.0866354202056,0.0199894662943,0.329545454545,0.0702479338843,0.0866354202056,0.329545454545,-0.132380952381,-0.133333333333,-4,-0.0242424242424,-0.0344444444444,0,0,0,18,0,2,90,0.9,1,0,0.1,1,0.9,0.947368421053,0.938314863257,0.9,0.9,5,7,0,0,0,0
2594,WLNM_dir_neg,0.867346938776,0.708291708292,00:00:02,10,60,39,1176529788,threshold_sweep,0.2,1,0.714285714286,0.833333333333,5,0,2,14,0.714285714286,1,0,0.285714285714,1,0.714285714286,0.833333333333,0.904761904762,0.587301587302,0.769230769231,0.790569415042,0.714285714286,20,13,7,0,20,0,13,0,7,11,20,0.181818181818,3.04338842975,3.63636363636,2,2.5,1.68954001271,0.464623503495,0.245454545455,1.16774841624,0.642261628933,0.336363636364,1.94000937205,1.06700515463,0.536363636364,1.05689877454,0.347276990411,3.54545454545,3.04338842975,1.05689877454,3.54545454545,0.499047619048,0.4,8,0.0484848484848,0.255555555556,11,11,11,1,0,0.0909090909091,0.636363636364,0.272727272727,11,0.118181818182,3.72727272727,2.36363636364,1.3,1.625,1.43336856898,0.6064251638,0.286713286713,0.603022689156,0.510249967747,0.237762237762,1.40129809949,1.18571377649,0.503496503497,2.05382127221,0.551025219373,7,3.72727272727,2.05382127221,7,0,0,0,0,0.22962962963,11,11,11,1,0,0.0909090909091,0.636363636364,0.272727272727,11,18,0.163636363636,3.11363636364,3.27272727273,1.8,2.25,1.42062726223,0.434080552347,0.227272727273,0.924416277737,0.564921058617,0.292929292929,1.68954001271,1.03249667443,0.525252525253,1.14353419474,0.367266456706,3.875,3.11363636364,1.14353419474,3.875,0.366666666667,0.266666666667,4,0.0242424242424,0.221111111111,11,11,11,1,0,0.0909090909091,0.636363636364,0.272727272727,-2,-0.0181818181818,0.0702479338843,-0.363636363636,-0.2,-0.25,-0.268912750482,-0.030542951148,-0.0181818181818,-0.243332138505,-0.0773405703161,-0.0434343434343,-0.250469359339,-0.0345084801933,-0.0111111111111,0.0866354202056,0.0199894662943,0.329545454545,0.0702479338843,0.0866354202056,0.329545454545,-0.132380952381,-0.133333333333,-4,-0.0242424242424,-0.0344444444444,0,0,0,18,0,2,90,0.9,1,0,0.1,1,0.9,0.947368421053,0.938314863257,0.9,0.9,5,7,0,0,0,0
2595,WLNM_dir_neg,0.867346938776,0.708291708292,00:00:02,10,60,39,1176529788,threshold_sweep,0.3,1,0.714285714286,0.833333333333,5,0,2,14,0.714285714286,1,0,0.285714285714,1,0.714285714286,0.833333333333,0.904761904762,0.587301587302,0.769230769231,0.790569415042,0.714285714286,20,13,7,0,20,0,13,0,7,11,20,0.181818181818,3.04338842975,3.63636363636,2,2.5,1.68954001271,0.464623503495,0.245454545455,1.16774841624,0.642261628933,0.336363636364,1.94000937205,1.06700515463,0.536363636364,1.05689877454,0.347276990411,3.54545454545,3.04338842975,1.05689877454,3.54545454545,0.499047619048,0.4,8,0.0484848484848,0.255555555556,11,11,11,1,0,0.0909090909091,0.636363636364,0.272727272727,11,0.118181818182,3.72727272727,2.36363636364,1.3,1.625,1.43336856898,0.6064251638,0.286713286713,0.603022689156,0.510249967747,0.237762237762,1.40129809949,1.18571377649,0.503496503497,2.05382127221,0.551025219373,7,3.72727272727,2.05382127221,7,0,0,0,0,0.22962962963,11,11,11,1,0,0.0909090909091,0.636363636364,0.272727272727,11,18,0.163636363636,3.11363636364,3.27272727273,1.8,2.25,1.42062726223,0.434080552347,0.227272727273,0.924416277737,0.564921058617,0.292929292929,1.68954001271,1.03249667443,0.525252525253,1.14353419474,0.367266456706,3.875,3.11363636364,1.14353419474,3.875,0.366666666667,0.266666666667,4,0.0242424242424,0.221111111111,11,11,11,1,0,0.0909090909091,0.636363636364,0.272727272727,-2,-0.0181818181818,0.0702479338843,-0.363636363636,-0.2,-0.25,-0.268912750482,-0.030542951148,-0.0181818181818,-0.243332138505,-0.0773405703161,-0.0434343434343,-0.250469359339,-0.0345084801933,-0.0111111111111,0.0866354202056,0.0199894662943,0.329545454545,0.0702479338843,0.0866354202056,0.329545454545,-0.132380952381,-0.133333333333,-4,-0.0242424242424,-0.0344444444444,0,0,0,18,0,2,90,0.9,1,0,0.1,1,0.9,0.947368421053,0.938314863257,0.9,0.9,5,7,0,0,0,0
2596,WLNM_dir_neg,0.867346938776,0.708291708292,00:00:02,10,60,39,1176529788,threshold_sweep,0.4,1,0.714285714286,0.833333333333,5,0,2,14,0.714285714286,1,0,0.285714285714,1,0.714285714286,0.833333333333,0.904761904762,0.587301587302,0.769230769231,0.790569415042,0.714285714286,20,13,7,0,20,0,13,0,7,11,20,0.181818181818,3.04338842975,3.63636363636,2,2.5,1.68954001271,0.464623503495,0.245454545455,1.16774841624,0.642261628933,0.336363636364,1.94000937205,1.06700515463,0.536363636364,1.05689877454,0.347276990411,3.54545454545,3.04338842975,1.05689877454,3.54545454545,0.499047619048,0.4,8,0.0484848484848,0.255555555556,11,11,11,1,0,0.0909090909091,0.636363636364,0.272727272727,11,0.118181818182,3.72727272727,2.36363636364,1.3,1.625,1.43336856898,0.6064251638,0.286713286713,0.603022689156,0.510249967747,0.237762237762,1.40129809949,1.18571377649,0.503496503497,2.05382127221,0.551025219373,7,3.72727272727,2.05382127221,7,0,0,0,0,0.22962962963,11,11,11,1,0,0.0909090909091,0.636363636364,0.272727272727,11,18,0.163636363636,3.11363636364,3.27272727273,1.8,2.25,1.42062726223,0.434080552347,0.227272727273,0.924416277737,0.564921058617,0.292929292929,1.68954001271,1.03249667443,0.525252525253,1.14353419474,0.367266456706,3.875,3.11363636364,1.14353419474,3.875,0.366666666667,0.266666666667,4,0.0242424242424,0.221111111111,11,11,11,1,0,0.0909090909091,0.636363636364,0.272727272727,-2,-0.0181818181818,0.0702479338843,-0.363636363636,-0.2,-0.25,-0.268912750482,-0.030542951148,-0.0181818181818,-0.243332138505,-0.0773405703161,-0.0434343434343,-0.250469359339,-0.0345084801933,-0.0111111111111,0.0866354202056,0.0199894662943,0.329545454545,0.0702479338843,0.0866354202056,0.329545454545,-0.132380952381,-0.133333333333,-4,-0.0242424242424,-0.0344444444444,0,0,0,18,0,2,90,0.9,1,0,0.1,1,0.9,0.947368421053,0.938314863257,0.9,0.9,5,7,0,0,0,0
2597,WLNM_dir_neg,0.867346938776,0.708291708292,00:00:02,10,60,39,1176529788,threshold_sweep,0.5,1,0.714285714286,0.833333333333,5,0,2,14,0.714285714286,1,0,0.285714285714,1,0.714285714286,0.833333333333,0.904761904762,0.587301587302,0.769230769231,0.790569415042,0.714285714286,20,13,7,0,20,0,13,0,7,11,20,0.181818181818,3.04338842975,3.63636363636,2,2.5,1.68954001271,0.464623503495,0.245454545455,1.16774841624,0.642261628933,0.336363636364,1.94000937205,1.06700515463,0.536363636364,1.05689877454,0.347276990411,3.54545454545,3.04338842975,1.05689877454,3.54545454545,0.499047619048,0.4,8,0.0484848484848,0.255555555556,11,11,11,1,0,0.0909090909091,0.636363636364,0.272727272727,11,0.118181818182,3.72727272727,2.36363636364,1.3,1.625,1.43336856898,0.6064251638,0.286713286713,0.603022689156,0.510249967747,0.237762237762,1.40129809949,1.18571377649,0.503496503497,2.05382127221,0.551025219373,7,3.72727272727,2.05382127221,7,0,0,0,0,0.22962962963,11,11,11,1,0,0.0909090909091,0.636363636364,0.272727272727,11,18,0.163636363636,3.11363636364,3.27272727273,1.8,2.25,1.42062726223,0.434080552347,0.227272727273,0.924416277737,0.564921058617,0.292929292929,1.68954001271,1.03249667443,0.525252525253,1.14353419474,0.367266456706,3.875,3.11363636364,1.14353419474,3.875,0.366666666667,0.266666666667,4,0.0242424242424,0.221111111111,11,11,11,1,0,0.0909090909091,0.636363636364,0.272727272727,-2,-0.0181818181818,0.0702479338843,-0.363636363636,-0.2,-0.25,-0.268912750482,-0.030542951148,-0.0181818181818,-0.243332138505,-0.0773405703161,-0.0434343434343,-0.250469359339,-0.0345084801933,-0.0111111111111,0.0866354202056,0.0199894662943,0.329545454545,0.0702479338843,0.0866354202056,0.329545454545,-0.132380952381,-0.133333333333,-4,-0.0242424242424,-0.0344444444444,0,0,0,18,0,2,90,0.9,1,0,0.1,1,0.9,0.947368421053,0.938314863257,0.9,0.9,5,7,0,0,0,0
2598,WLNM_dir_neg,0.867346938776,0.708291708292,00:00:02,10,60,39,1176529788,threshold_sweep,0.6,1,0.714285714286,0.833333333333,5,0,2,14,0.714285714286,1,0,0.285714285714,1,0.714285714286,0.833333333333,0.904761904762,0.587301587302,0.769230769231,0.790569415042,0.714285714286,20,13,7,0,20,0,13,0,7,11,20,0.181818181818,3.04338842975,3.63636363636,2,2.5,1.68954001271,0.464623503495,0.245454545455,1.16774841624,0.642261628933,0.336363636364,1.94000937205,1.06700515463,0.536363636364,1.05689877454,0.347276990411,3.54545454545,3.04338842975,1.05689877454,3.54545454545,0.499047619048,0.4,8,0.0484848484848,0.255555555556,11,11,11,1,0,0.0909090909091,0.636363636364,0.272727272727,11,0.118181818182,3.72727272727,2.36363636364,1.3,1.625,1.43336856898,0.6064251638,0.286713286713,0.603022689156,0.510249967747,0.237762237762,1.40129809949,1.18571377649,0.503496503497,2.05382127221,0.551025219373,7,3.72727272727,2.05382127221,7,0,0,0,0,0.22962962963,11,11,11,1,0,0.0909090909091,0.636363636364,0.272727272727,11,18,0.163636363636,3.11363636364,3.27272727273,1.8,2.25,1.42062726223,0.434080552347,0.227272727273,0.924416277737,0.564921058617,0.292929292929,1.68954001271,1.03249667443,0.525252525253,1.14353419474,0.367266456706,3.875,3.11363636364,1.14353419474,3.875,0.366666666667,0.266666666667,4,0.0242424242424,0.221111111111,11,11,11,1,0,0.0909090909091,0.636363636364,0.272727272727,-2,-0.0181818181818,0.0702479338843,-0.363636363636,-0.2,-0.25,-0.268912750482,-0.030542951148,-0.0181818181818,-0.243332138505,-0.0773405703161,-0.0434343434343,-0.250469359339,-0.0345084801933,-0.0111111111111,0.0866354202056,0.0199894662943,0.329545454545,0.0702479338843,0.0866354202056,0.329545454545,-0.132380952381,-0.133333333333,-4,-0.0242424242424,-0.0344444444444,0,0,0,18,0,2,90,0.9,1,0,0.1,1,0.9,0.947368421053,0.938314863257,0.9,0.9,5,7,0,0,0,0
2599,WLNM_dir_neg,0.867346938776,0.708291708292,00:00:02,10,60,39,1176529788,threshold_sweep,0.7,1,0.714285714286,0.833333333333,5,0,2,14,0.714285714286,1,0,0.285714285714,1,0.714285714286,0.833333333333,0.904761904762,0.587301587302,0.769230769231,0.790569415042,0.714285714286,20,13,7,0,20,0,13,0,7,11,20,0.181818181818,3.04338842975,3.63636363636,2,2.5,1.68954001271,0.464623503495,0.245454545455,1.16774841624,0.642261628933,0.336363636364,1.94000937205,1.06700515463,0.536363636364,1.05689877454,0.347276990411,3.54545454545,3.04338842975,1.05689877454,3.54545454545,0.499047619048,0.4,8,0.0484848484848,0.255555555556,11,11,11,1,0,0.0909090909091,0.636363636364,0.272727272727,11,0.118181818182,3.72727272727,2.36363636364,1.3,1.625,1.43336856898,0.6064251638,0.286713286713,0.603022689156,0.510249967747,0.237762237762,1.40129809949,1.18571377649,0.503496503497,2.05382127221,0.551025219373,7,3.72727272727,2.05382127221,7,0,0,0,0,0.22962962963,11,11,11,1,0,0.0909090909091,0.636363636364,0.272727272727,11,18,0.163636363636,3.11363636364,3.27272727273,1.8,2.25,1.42062726223,0.434080552347,0.227272727273,0.924416277737,0.564921058617,0.292929292929,1.68954001271,1.03249667443,0.525252525253,1.14353419474,0.367266456706,3.875,3.11363636364,1.14353419474,3.875,0.366666666667,0.266666666667,4,0.0242424242424,0.221111111111,11,11,11,1,0,0.0909090909091,0.636363636364,0.272727272727,-2,-0.0181818181818,0.0702479338843,-0.363636363636,-0.2,-0.25,-0.268912750482,-0.030542951148,-0.0181818181818,-0.243332138505,-0.0773405703161,-0.0434343434343,-0.250469359339,-0.0345084801933,-0.0111111111111,0.0866354202056,0.0199894662943,0.329545454545,0.0702479338843,0.0866354202056,0.329545454545,-0.132380952381,-0.133333333333,-4,-0.0242424242424,-0.0344444444444,0,0,0,18,0,2,90,0.9,1,0,0.1,1,0.9,0.947368421053,0.938314863257,0.9,0.9,5,7,0,0,0,0
2600,WLNM_dir_neg,0.867346938776,0.708291708292,00:00:02,10,60,39,1176529788,threshold_sweep,0.8,1,0.714285714286,0.833333333333,5,0,2,14,0.714285714286,1,0,0.285714285714,1,0.714285714286,0.833333333333,0.904761904762,0.587301587302,0.769230769231,0.790569415042,0.714285714286,20,13,7,0,20,0,13,0,7,11,20,0.181818181818,3.04338842975,3.63636363636,2,2.5,1.68954001271,0.464623503495,0.245454545455,1.16774841624,0.642261628933,0.336363636364,1.94000937205,1.06700515463,0.536363636364,1.05689877454,0.347276990411,3.54545454545,3.04338842975,1.05689877454,3.54545454545,0.499047619048,0.4,8,0.0484848484848,0.255555555556,11,11,11,1,0,0.0909090909091,0.636363636364,0.272727272727,11,0.118181818182,3.72727272727,2.36363636364,1.3,1.625,1.43336856898,0.6064251638,0.286713286713,0.603022689156,0.510249967747,0.237762237762,1.40129809949,1.18571377649,0.503496503497,2.05382127221,0.551025219373,7,3.72727272727,2.05382127221,7,0,0,0,0,0.22962962963,11,11,11,1,0,0.0909090909091,0.636363636364,0.272727272727,11,18,0.163636363636,3.11363636364,3.27272727273,1.8,2.25,1.42062726223,0.434080552347,0.227272727273,0.924416277737,0.564921058617,0.292929292929,1.68954001271,1.03249667443,0.525252525253,1.14353419474,0.367266456706,3.875,3.11363636364,1.14353419474,3.875,0.366666666667,0.266666666667,4,0.0242424242424,0.221111111111,11,11,11,1,0,0.0909090909091,0.636363636364,0.272727272727,-2,-0.0181818181818,0.0702479338843,-0.363636363636,-0.2,-0.25,-0.268912750482,-0.030542951148,-0.0181818181818,-0.243332138505,-0.0773405703161,-0.0434343434343,-0.250469359339,-0.0345084801933,-0.0111111111111,0.0866354202056,0.0199894662943,0.329545454545,0.0702479338843,0.0866354202056,0.329545454545,-0.132380952381,-0.133333333333,-4,-0.0242424242424,-0.0344444444444,0,0,0,18,0,2,90,0.9,1,0,0.1,1,0.9,0.947368421053,0.938314863257,0.9,0.9,5,7,0,0,0,0
2601,WLNM_dir_neg,0.867346938776,0.708291708292,00:00:02,10,60,39,1176529788,threshold_sweep,0.9,1,0.714285714286,0.833333333333,5,0,2,14,0.714285714286,1,0,0.285714285714,1,0.714285714286,0.833333333333,0.904761904762,0.587301587302,0.769230769231,0.790569415042,0.714285714286,20,13,7,0,20,0,13,0,7,11,20,0.181818181818,3.04338842975,3.63636363636,2,2.5,1.68954001271,0.464623503495,0.245454545455,1.16774841624,0.642261628933,0.336363636364,1.94000937205,1.06700515463,0.536363636364,1.05689877454,0.347276990411,3.54545454545,3.04338842975,1.05689877454,3.54545454545,0.499047619048,0.4,8,0.0484848484848,0.255555555556,11,11,11,1,0,0.0909090909091,0.636363636364,0.272727272727,11,0.118181818182,3.72727272727,2.36363636364,1.3,1.625,1.43336856898,0.6064251638,0.286713286713,0.603022689156,0.510249967747,0.237762237762,1.40129809949,1.18571377649,0.503496503497,2.05382127221,0.551025219373,7,3.72727272727,2.05382127221,7,0,0,0,0,0.22962962963,11,11,11,1,0,0.0909090909091,0.636363636364,0.272727272727,11,18,0.163636363636,3.11363636364,3.27272727273,1.8,2.25,1.42062726223,0.434080552347,0.227272727273,0.924416277737,0.564921058617,0.292929292929,1.68954001271,1.03249667443,0.525252525253,1.14353419474,0.367266456706,3.875,3.11363636364,1.14353419474,3.875,0.366666666667,0.266666666667,4,0.0242424242424,0.221111111111,11,11,11,1,0,0.0909090909091,0.636363636364,0.272727272727,-2,-0.0181818181818,0.0702479338843,-0.363636363636,-0.2,-0.25,-0.268912750482,-0.030542951148,-0.0181818181818,-0.243332138505,-0.0773405703161,-0.0434343434343,-0.250469359339,-0.0345084801933,-0.0111111111111,0.0866354202056,0.0199894662943,0.329545454545,0.0702479338843,0.0866354202056,0.329545454545,-0.132380952381,-0.133333333333,-4,-0.0242424242424,-0.0344444444444,0,0,0,18,0,2,90,0.9,1,0,0.1,1,0.9,0.947368421053,0.938314863257,0.9,0.9,5,7,0,0,0,0
2602,WLNM_dir_neg,0.836734693878,0.693978937729,00:00:01,10,60,40,1176529789,threshold_sweep,0.1,1,0.714285714286,0.833333333333,5,0,2,14,0.714285714286,1,0,0.285714285714,1,0.714285714286,0.833333333333,0.904761904762,0.587301587302,0.769230769231,0.790569415042,0.714285714286,20,13,7,0,20,0,13,0,7,11,20,0.181818181818,3.04338842975,3.63636363636,2,2.5,1.68954001271,0.464623503495,0.245454545455,1.16774841624,0.642261628933,0.336363636364,1.94000937205,1.06700515463,0.536363636364,1.05689877454,0.347276990411,3.54545454545,3.04338842975,1.05689877454,3.54545454545,0.499047619048,0.4,8,0.0484848484848,0.255555555556,11,11,11,1,0,0.0909090909091,0.636363636364,0.272727272727,11,0.118181818182,3.72727272727,2.36363636364,1.3,1.625,1.43336856898,0.6064251638,0.286713286713,0.603022689156,0.510249967747,0.237762237762,1.40129809949,1.18571377649,0.503496503497,2.05382127221,0.551025219373,7,3.72727272727,2.05382127221,7,0,0,0,0,0.22962962963,11,11,11,1,0,0.0909090909091,0.636363636364,0.272727272727,11,18,0.163636363636,3.11363636364,3.27272727273,1.8,2.25,1.42062726223,0.434080552347,0.227272727273,0.924416277737,0.564921058617,0.292929292929,1.68954001271,1.03249667443,0.525252525253,1.14353419474,0.367266456706,3.875,3.11363636364,1.14353419474,3.875,0.366666666667,0.266666666667,4,0.0242424242424,0.221111111111,11,11,11,1,0,0.0909090909091,0.636363636364,0.272727272727,-2,-0.0181818181818,0.0702479338843,-0.363636363636,-0.2,-0.25,-0.268912750482,-0.030542951148,-0.0181818181818,-0.243332138505,-0.0773405703161,-0.0434343434343,-0.250469359339,-0.0345084801933,-0.0111111111111,0.0866354202056,0.0199894662943,0.329545454545,0.0702479338843,0.0866354202056,0.329545454545,-0.132380952381,-0.133333333333,-4,-0.0242424242424,-0.0344444444444,0,0,0,18,0,2,90,0.9,1,0,0.1,1,0.9,0.947368421053,0.938314863257,0.9,0.9,5,7,0,0,0,0
2603,WLNM_dir_neg,0.836734693878,0.693978937729,00:00:01,10,60,40,1176529789,threshold_sweep,0.2,1,0.714285714286,0.833333333333,5,0,2,14,0.714285714286,1,0,0.285714285714,1,0.714285714286,0.833333333333,0.904761904762,0.587301587302,0.769230769231,0.790569415042,0.714285714286,20,13,7,0,20,0,13,0,7,11,20,0.181818181818,3.04338842975,3.63636363636,2,2.5,1.68954001271,0.464623503495,0.245454545455,1.16774841624,0.642261628933,0.336363636364,1.94000937205,1.06700515463,0.536363636364,1.05689877454,0.347276990411,3.54545454545,3.04338842975,1.05689877454,3.54545454545,0.499047619048,0.4,8,0.0484848484848,0.255555555556,11,11,11,1,0,0.0909090909091,0.636363636364,0.272727272727,11,0.118181818182,3.72727272727,2.36363636364,1.3,1.625,1.43336856898,0.6064251638,0.286713286713,0.603022689156,0.510249967747,0.237762237762,1.40129809949,1.18571377649,0.503496503497,2.05382127221,0.551025219373,7,3.72727272727,2.05382127221,7,0,0,0,0,0.22962962963,11,11,11,1,0,0.0909090909091,0.636363636364,0.272727272727,11,18,0.163636363636,3.11363636364,3.27272727273,1.8,2.25,1.42062726223,0.434080552347,0.227272727273,0.924416277737,0.564921058617,0.292929292929,1.68954001271,1.03249667443,0.525252525253,1.14353419474,0.367266456706,3.875,3.11363636364,1.14353419474,3.875,0.366666666667,0.266666666667,4,0.0242424242424,0.221111111111,11,11,11,1,0,0.0909090909091,0.636363636364,0.272727272727,-2,-0.0181818181818,0.0702479338843,-0.363636363636,-0.2,-0.25,-0.268912750482,-0.030542951148,-0.0181818181818,-0.243332138505,-0.0773405703161,-0.0434343434343,-0.250469359339,-0.0345084801933,-0.0111111111111,0.0866354202056,0.0199894662943,0.329545454545,0.0702479338843,0.0866354202056,0.329545454545,-0.132380952381,-0.133333333333,-4,-0.0242424242424,-0.0344444444444,0,0,0,18,0,2,90,0.9,1,0,0.1,1,0.9,0.947368421053,0.938314863257,0.9,0.9,5,7,0,0,0,0
2604,WLNM_dir_neg,0.836734693878,0.693978937729,00:00:01,10,60,40,1176529789,threshold_sweep,0.3,1,0.714285714286,0.833333333333,5,0,2,14,0.714285714286,1,0,0.285714285714,1,0.714285714286,0.833333333333,0.904761904762,0.587301587302,0.769230769231,0.790569415042,0.714285714286,20,13,7,0,20,0,13,0,7,11,20,0.181818181818,3.04338842975,3.63636363636,2,2.5,1.68954001271,0.464623503495,0.245454545455,1.16774841624,0.642261628933,0.336363636364,1.94000937205,1.06700515463,0.536363636364,1.05689877454,0.347276990411,3.54545454545,3.04338842975,1.05689877454,3.54545454545,0.499047619048,0.4,8,0.0484848484848,0.255555555556,11,11,11,1,0,0.0909090909091,0.636363636364,0.272727272727,11,0.118181818182,3.72727272727,2.36363636364,1.3,1.625,1.43336856898,0.6064251638,0.286713286713,0.603022689156,0.510249967747,0.237762237762,1.40129809949,1.18571377649,0.503496503497,2.05382127221,0.551025219373,7,3.72727272727,2.05382127221,7,0,0,0,0,0.22962962963,11,11,11,1,0,0.0909090909091,0.636363636364,0.272727272727,11,18,0.163636363636,3.11363636364,3.27272727273,1.8,2.25,1.42062726223,0.434080552347,0.227272727273,0.924416277737,0.564921058617,0.292929292929,1.68954001271,1.03249667443,0.525252525253,1.14353419474,0.367266456706,3.875,3.11363636364,1.14353419474,3.875,0.366666666667,0.266666666667,4,0.0242424242424,0.221111111111,11,11,11,1,0,0.0909090909091,0.636363636364,0.272727272727,-2,-0.0181818181818,0.0702479338843,-0.363636363636,-0.2,-0.25,-0.268912750482,-0.030542951148,-0.0181818181818,-0.243332138505,-0.0773405703161,-0.0434343434343,-0.250469359339,-0.0345084801933,-0.0111111111111,0.0866354202056,0.0199894662943,0.329545454545,0.0702479338843,0.0866354202056,0.329545454545,-0.132380952381,-0.133333333333,-4,-0.0242424242424,-0.0344444444444,0,0,0,18,0,2,90,0.9,1,0,0.1,1,0.9,0.947368421053,0.938314863257,0.9,0.9,5,7,0,0,0,0
2605,WLNM_dir_neg,0.836734693878,0.693978937729,00:00:01,10,60,40,1176529789,threshold_sweep,0.4,1,0.714285714286,0.833333333333,5,0,2,14,0.714285714286,1,0,0.285714285714,1,0.714285714286,0.833333333333,0.904761904762,0.587301587302,0.769230769231,0.790569415042,0.714285714286,20,13,7,0,20,0,13,0,7,11,20,0.181818181818,3.04338842975,3.63636363636,2,2.5,1.68954001271,0.464623503495,0.245454545455,1.16774841624,0.642261628933,0.336363636364,1.94000937205,1.06700515463,0.536363636364,1.05689877454,0.347276990411,3.54545454545,3.04338842975,1.05689877454,3.54545454545,0.499047619048,0.4,8,0.0484848484848,0.255555555556,11,11,11,1,0,0.0909090909091,0.636363636364,0.272727272727,11,0.118181818182,3.72727272727,2.36363636364,1.3,1.625,1.43336856898,0.6064251638,0.286713286713,0.603022689156,0.510249967747,0.237762237762,1.40129809949,1.18571377649,0.503496503497,2.05382127221,0.551025219373,7,3.72727272727,2.05382127221,7,0,0,0,0,0.22962962963,11,11,11,1,0,0.0909090909091,0.636363636364,0.272727272727,11,18,0.163636363636,3.11363636364,3.27272727273,1.8,2.25,1.42062726223,0.434080552347,0.227272727273,0.924416277737,0.564921058617,0.292929292929,1.68954001271,1.03249667443,0.525252525253,1.14353419474,0.367266456706,3.875,3.11363636364,1.14353419474,3.875,0.366666666667,0.266666666667,4,0.0242424242424,0.221111111111,11,11,11,1,0,0.0909090909091,0.636363636364,0.272727272727,-2,-0.0181818181818,0.0702479338843,-0.363636363636,-0.2,-0.25,-0.268912750482,-0.030542951148,-0.0181818181818,-0.243332138505,-0.0773405703161,-0.0434343434343,-0.250469359339,-0.0345084801933,-0.0111111111111,0.0866354202056,0.0199894662943,0.329545454545,0.0702479338843,0.0866354202056,0.329545454545,-0.132380952381,-0.133333333333,-4,-0.0242424242424,-0.0344444444444,0,0,0,18,0,2,90,0.9,1,0,0.1,1,0.9,0.947368421053,0.938314863257,0.9,0.9,5,7,0,0,0,0
2606,WLNM_dir_neg,0.836734693878,0.693978937729,00:00:01,10,60,40,1176529789,threshold_sweep,0.5,1,0.714285714286,0.833333333333,5,0,2,14,0.714285714286,1,0,0.285714285714,1,0.714285714286,0.833333333333,0.904761904762,0.587301587302,0.769230769231,0.790569415042,0.714285714286,20,13,7,0,20,0,13,0,7,11,20,0.181818181818,3.04338842975,3.63636363636,2,2.5,1.68954001271,0.464623503495,0.245454545455,1.16774841624,0.642261628933,0.336363636364,1.94000937205,1.06700515463,0.536363636364,1.05689877454,0.347276990411,3.54545454545,3.04338842975,1.05689877454,3.54545454545,0.499047619048,0.4,8,0.0484848484848,0.255555555556,11,11,11,1,0,0.0909090909091,0.636363636364,0.272727272727,11,0.118181818182,3.72727272727,2.36363636364,1.3,1.625,1.43336856898,0.6064251638,0.286713286713,0.603022689156,0.510249967747,0.237762237762,1.40129809949,1.18571377649,0.503496503497,2.05382127221,0.551025219373,7,3.72727272727,2.05382127221,7,0,0,0,0,0.22962962963,11,11,11,1,0,0.0909090909091,0.636363636364,0.272727272727,11,18,0.163636363636,3.11363636364,3.27272727273,1.8,2.25,1.42062726223,0.434080552347,0.227272727273,0.924416277737,0.564921058617,0.292929292929,1.68954001271,1.03249667443,0.525252525253,1.14353419474,0.367266456706,3.875,3.11363636364,1.14353419474,3.875,0.366666666667,0.266666666667,4,0.0242424242424,0.221111111111,11,11,11,1,0,0.0909090909091,0.636363636364,0.272727272727,-2,-0.0181818181818,0.0702479338843,-0.363636363636,-0.2,-0.25,-0.268912750482,-0.030542951148,-0.0181818181818,-0.243332138505,-0.0773405703161,-0.0434343434343,-0.250469359339,-0.0345084801933,-0.0111111111111,0.0866354202056,0.0199894662943,0.329545454545,0.0702479338843,0.0866354202056,0.329545454545,-0.132380952381,-0.133333333333,-4,-0.0242424242424,-0.0344444444444,0,0,0,18,0,2,90,0.9,1,0,0.1,1,0.9,0.947368421053,0.938314863257,0.9,0.9,5,7,0,0,0,0
2607,WLNM_dir_neg,0.836734693878,0.693978937729,00:00:01,10,60,40,1176529789,threshold_sweep,0.6,1,0.714285714286,0.833333333333,5,0,2,14,0.714285714286,1,0,0.285714285714,1,0.714285714286,0.833333333333,0.904761904762,0.587301587302,0.769230769231,0.790569415042,0.714285714286,20,13,7,0,20,0,13,0,7,11,20,0.181818181818,3.04338842975,3.63636363636,2,2.5,1.68954001271,0.464623503495,0.245454545455,1.16774841624,0.642261628933,0.336363636364,1.94000937205,1.06700515463,0.536363636364,1.05689877454,0.347276990411,3.54545454545,3.04338842975,1.05689877454,3.54545454545,0.499047619048,0.4,8,0.0484848484848,0.255555555556,11,11,11,1,0,0.0909090909091,0.636363636364,0.272727272727,11,0.118181818182,3.72727272727,2.36363636364,1.3,1.625,1.43336856898,0.6064251638,0.286713286713,0.603022689156,0.510249967747,0.237762237762,1.40129809949,1.18571377649,0.503496503497,2.05382127221,0.551025219373,7,3.72727272727,2.05382127221,7,0,0,0,0,0.22962962963,11,11,11,1,0,0.0909090909091,0.636363636364,0.272727272727,11,18,0.163636363636,3.11363636364,3.27272727273,1.8,2.25,1.42062726223,0.434080552347,0.227272727273,0.924416277737,0.564921058617,0.292929292929,1.68954001271,1.03249667443,0.525252525253,1.14353419474,0.367266456706,3.875,3.11363636364,1.14353419474,3.875,0.366666666667,0.266666666667,4,0.0242424242424,0.221111111111,11,11,11,1,0,0.0909090909091,0.636363636364,0.272727272727,-2,-0.0181818181818,0.0702479338843,-0.363636363636,-0.2,-0.25,-0.268912750482,-0.030542951148,-0.0181818181818,-0.243332138505,-0.0773405703161,-0.0434343434343,-0.250469359339,-0.0345084801933,-0.0111111111111,0.0866354202056,0.0199894662943,0.329545454545,0.0702479338843,0.0866354202056,0.329545454545,-0.132380952381,-0.133333333333,-4,-0.0242424242424,-0.0344444444444,0,0,0,18,0,2,90,0.9,1,0,0.1,1,0.9,0.947368421053,0.938314863257,0.9,0.9,5,7,0,0,0,0
2608,WLNM_dir_neg,0.836734693878,0.693978937729,00:00:01,10,60,40,1176529789,threshold_sweep,0.7,1,0.714285714286,0.833333333333,5,0,2,14,0.714285714286,1,0,0.285714285714,1,0.714285714286,0.833333333333,0.904761904762,0.587301587302,0.769230769231,0.790569415042,0.714285714286,20,13,7,0,20,0,13,0,7,11,20,0.181818181818,3.04338842975,3.63636363636,2,2.5,1.68954001271,0.464623503495,0.245454545455,1.16774841624,0.642261628933,0.336363636364,1.94000937205,1.06700515463,0.536363636364,1.05689877454,0.347276990411,3.54545454545,3.04338842975,1.05689877454,3.54545454545,0.499047619048,0.4,8,0.0484848484848,0.255555555556,11,11,11,1,0,0.0909090909091,0.636363636364,0.272727272727,11,0.118181818182,3.72727272727,2.36363636364,1.3,1.625,1.43336856898,0.6064251638,0.286713286713,0.603022689156,0.510249967747,0.237762237762,1.40129809949,1.18571377649,0.503496503497,2.05382127221,0.551025219373,7,3.72727272727,2.05382127221,7,0,0,0,0,0.22962962963,11,11,11,1,0,0.0909090909091,0.636363636364,0.272727272727,11,18,0.163636363636,3.11363636364,3.27272727273,1.8,2.25,1.42062726223,0.434080552347,0.227272727273,0.924416277737,0.564921058617,0.292929292929,1.68954001271,1.03249667443,0.525252525253,1.14353419474,0.367266456706,3.875,3.11363636364,1.14353419474,3.875,0.366666666667,0.266666666667,4,0.0242424242424,0.221111111111,11,11,11,1,0,0.0909090909091,0.636363636364,0.272727272727,-2,-0.0181818181818,0.0702479338843,-0.363636363636,-0.2,-0.25,-0.268912750482,-0.030542951148,-0.0181818181818,-0.243332138505,-0.0773405703161,-0.0434343434343,-0.250469359339,-0.0345084801933,-0.0111111111111,0.0866354202056,0.0199894662943,0.329545454545,0.0702479338843,0.0866354202056,0.329545454545,-0.132380952381,-0.133333333333,-4,-0.0242424242424,-0.0344444444444,0,0,0,18,0,2,90,0.9,1,0,0.1,1,0.9,0.947368421053,0.938314863257,0.9,0.9,5,7,0,0,0,0
2609,WLNM_dir_neg,0.836734693878,0.693978937729,00:00:01,10,60,40,1176529789,threshold_sweep,0.8,1,0.714285714286,0.833333333333,5,0,2,14,0.714285714286,1,0,0.285714285714,1,0.714285714286,0.833333333333,0.904761904762,0.587301587302,0.769230769231,0.790569415042,0.714285714286,20,13,7,0,20,0,13,0,7,11,20,0.181818181818,3.04338842975,3.63636363636,2,2.5,1.68954001271,0.464623503495,0.245454545455,1.16774841624,0.642261628933,0.336363636364,1.94000937205,1.06700515463,0.536363636364,1.05689877454,0.347276990411,3.54545454545,3.04338842975,1.05689877454,3.54545454545,0.499047619048,0.4,8,0.0484848484848,0.255555555556,11,11,11,1,0,0.0909090909091,0.636363636364,0.272727272727,11,0.118181818182,3.72727272727,2.36363636364,1.3,1.625,1.43336856898,0.6064251638,0.286713286713,0.603022689156,0.510249967747,0.237762237762,1.40129809949,1.18571377649,0.503496503497,2.05382127221,0.551025219373,7,3.72727272727,2.05382127221,7,0,0,0,0,0.22962962963,11,11,11,1,0,0.0909090909091,0.636363636364,0.272727272727,11,18,0.163636363636,3.11363636364,3.27272727273,1.8,2.25,1.42062726223,0.434080552347,0.227272727273,0.924416277737,0.564921058617,0.292929292929,1.68954001271,1.03249667443,0.525252525253,1.14353419474,0.367266456706,3.875,3.11363636364,1.14353419474,3.875,0.366666666667,0.266666666667,4,0.0242424242424,0.221111111111,11,11,11,1,0,0.0909090909091,0.636363636364,0.272727272727,-2,-0.0181818181818,0.0702479338843,-0.363636363636,-0.2,-0.25,-0.268912750482,-0.030542951148,-0.0181818181818,-0.243332138505,-0.0773405703161,-0.0434343434343,-0.250469359339,-0.0345084801933,-0.0111111111111,0.0866354202056,0.0199894662943,0.329545454545,0.0702479338843,0.0866354202056,0.329545454545,-0.132380952381,-0.133333333333,-4,-0.0242424242424,-0.0344444444444,0,0,0,18,0,2,90,0.9,1,0,0.1,1,0.9,0.947368421053,0.938314863257,0.9,0.9,5,7,0,0,0,0
2610,WLNM_dir_neg,0.836734693878,0.693978937729,00:00:01,10,60,40,1176529789,threshold_sweep,0.9,1,0.714285714286,0.833333333333,5,0,2,14,0.714285714286,1,0,0.285714285714,1,0.714285714286,0.833333333333,0.904761904762,0.587301587302,0.769230769231,0.790569415042,0.714285714286,20,13,7,0,20,0,13,0,7,11,20,0.181818181818,3.04338842975,3.63636363636,2,2.5,1.68954001271,0.464623503495,0.245454545455,1.16774841624,0.642261628933,0.336363636364,1.94000937205,1.06700515463,0.536363636364,1.05689877454,0.347276990411,3.54545454545,3.04338842975,1.05689877454,3.54545454545,0.499047619048,0.4,8,0.0484848484848,0.255555555556,11,11,11,1,0,0.0909090909091,0.636363636364,0.272727272727,11,0.118181818182,3.72727272727,2.36363636364,1.3,1.625,1.43336856898,0.6064251638,0.286713286713,0.603022689156,0.510249967747,0.237762237762,1.40129809949,1.18571377649,0.503496503497,2.05382127221,0.551025219373,7,3.72727272727,2.05382127221,7,0,0,0,0,0.22962962963,11,11,11,1,0,0.0909090909091,0.636363636364,0.272727272727,11,18,0.163636363636,3.11363636364,3.27272727273,1.8,2.25,1.42062726223,0.434080552347,0.227272727273,0.924416277737,0.564921058617,0.292929292929,1.68954001271,1.03249667443,0.525252525253,1.14353419474,0.367266456706,3.875,3.11363636364,1.14353419474,3.875,0.366666666667,0.266666666667,4,0.0242424242424,0.221111111111,11,11,11,1,0,0.0909090909091,0.636363636364,0.272727272727,-2,-0.0181818181818,0.0702479338843,-0.363636363636,-0.2,-0.25,-0.268912750482,-0.030542951148,-0.0181818181818,-0.243332138505,-0.0773405703161,-0.0434343434343,-0.250469359339,-0.0345084801933,-0.0111111111111,0.0866354202056,0.0199894662943,0.329545454545,0.0702479338843,0.0866354202056,0.329545454545,-0.132380952381,-0.133333333333,-4,-0.0242424242424,-0.0344444444444,0,0,0,18,0,2,90,0.9,1,0,0.1,1,0.9,0.947368421053,0.938314863257,0.9,0.9,5,7,0,0,0,0
2611,WLNM_dir_neg,0.816326530612,0.531436420722,00:00:01,10,60,41,1176529790,threshold_sweep,0.1,0.666666666667,0.571428571429,0.615384615385,4,2,3,12,0.571428571429,0.857142857143,0.142857142857,0.428571428571,0.666666666667,0.571428571429,0.615384615385,0.761904761905,0.571428571429,0.444444444444,0.4472135955,0.428571428571,20,13,7,0,20,0,13,0,7,11,20,0.181818181818,3.04338842975,3.63636363636,2,2.5,1.68954001271,0.464623503495,0.245454545455,1.16774841624,0.642261628933,0.336363636364,1.94000937205,1.06700515463,0.536363636364,1.05689877454,0.347276990411,3.54545454545,3.04338842975,1.05689877454,3.54545454545,0.499047619048,0.4,8,0.0484848484848,0.255555555556,11,11,11,1,0,0.0909090909091,0.636363636364,0.272727272727,11,0.118181818182,3.72727272727,2.36363636364,1.3,1.625,1.43336856898,0.6064251638,0.286713286713,0.603022689156,0.510249967747,0.237762237762,1.40129809949,1.18571377649,0.503496503497,2.05382127221,0.551025219373,7,3.72727272727,2.05382127221,7,0,0,0,0,0.22962962963,11,11,11,1,0,0.0909090909091,0.636363636364,0.272727272727,11,19,0.172727272727,7.36666666667,3.45454545455,1.9,2.375,1.7529196424,0.507424107012,0.258373205742,0.786245393107,0.455194701272,0.210526315789,1.61807966991,0.936782966791,0.488038277512,2.95443169944,0.401054076847,10.0666666667,7.36666666667,2.95443169944,10.0666666667,0.302380952381,0.25,4,0.0242424242424,0.190740740741,11,11,11,1,0,0.0909090909091,0.636363636364,0.272727272727,-1,-0.00909090909091,4.32327823691,-0.181818181818,-0.1,-0.125,0.0633796296952,0.0428006035168,0.0129186602871,-0.381503023135,-0.187066927661,-0.125837320574,-0.321929702137,-0.130222187836,-0.0483253588517,1.8975329249,0.053777086436,6.52121212121,4.32327823691,1.8975329249,6.52121212121,-0.196666666667,-0.15,-4,-0.0242424242424,-0.0648148148148,0,0,0,17,2,3,88,0.85,0.977777777778,0.0222222222222,0.15,0.894736842105,0.85,0.871794871795,0.844602804616,0.827777777778,0.772727272727,6,7,0,0,0,0
2612,WLNM_dir_neg,0.816326530612,0.531436420722,00:00:01,10,60,41,1176529790,threshold_sweep,0.2,0.666666666667,0.571428571429,0.615384615385,4,2,3,12,0.571428571429,0.857142857143,0.142857142857,0.428571428571,0.666666666667,0.571428571429,0.615384615385,0.761904761905,0.571428571429,0.444444444444,0.4472135955,0.428571428571,20,13,7,0,20,0,13,0,7,11,20,0.181818181818,3.04338842975,3.63636363636,2,2.5,1.68954001271,0.464623503495,0.245454545455,1.16774841624,0.642261628933,0.336363636364,1.94000937205,1.06700515463,0.536363636364,1.05689877454,0.347276990411,3.54545454545,3.04338842975,1.05689877454,3.54545454545,0.499047619048,0.4,8,0.0484848484848,0.255555555556,11,11,11,1,0,0.0909090909091,0.636363636364,0.272727272727,11,0.118181818182,3.72727272727,2.36363636364,1.3,1.625,1.43336856898,0.6064251638,0.286713286713,0.603022689156,0.510249967747,0.237762237762,1.40129809949,1.18571377649,0.503496503497,2.05382127221,0.551025219373,7,3.72727272727,2.05382127221,7,0,0,0,0,0.22962962963,11,11,11,1,0,0.0909090909091,0.636363636364,0.272727272727,11,19,0.172727272727,7.36666666667,3.45454545455,1.9,2.375,1.7529196424,0.507424107012,0.258373205742,0.786245393107,0.455194701272,0.210526315789,1.61807966991,0.936782966791,0.488038277512,2.95443169944,0.401054076847,10.0666666667,7.36666666667,2.95443169944,10.0666666667,0.302380952381,0.25,4,0.0242424242424,0.190740740741,11,11,11,1,0,0.0909090909091,0.636363636364,0.272727272727,-1,-0.00909090909091,4.32327823691,-0.181818181818,-0.1,-0.125,0.0633796296952,0.0428006035168,0.0129186602871,-0.381503023135,-0.187066927661,-0.125837320574,-0.321929702137,-0.130222187836,-0.0483253588517,1.8975329249,0.053777086436,6.52121212121,4.32327823691,1.8975329249,6.52121212121,-0.196666666667,-0.15,-4,-0.0242424242424,-0.0648148148148,0,0,0,17,2,3,88,0.85,0.977777777778,0.0222222222222,0.15,0.894736842105,0.85,0.871794871795,0.844602804616,0.827777777778,0.772727272727,6,7,0,0,0,0
2613,WLNM_dir_neg,0.816326530612,0.531436420722,00:00:01,10,60,41,1176529790,threshold_sweep,0.3,0.666666666667,0.571428571429,0.615384615385,4,2,3,12,0.571428571429,0.857142857143,0.142857142857,0.428571428571,0.666666666667,0.571428571429,0.615384615385,0.761904761905,0.571428571429,0.444444444444,0.4472135955,0.428571428571,20,13,7,0,20,0,13,0,7,11,20,0.181818181818,3.04338842975,3.63636363636,2,2.5,1.68954001271,0.464623503495,0.245454545455,1.16774841624,0.642261628933,0.336363636364,1.94000937205,1.06700515463,0.536363636364,1.05689877454,0.347276990411,3.54545454545,3.04338842975,1.05689877454,3.54545454545,0.499047619048,0.4,8,0.0484848484848,0.255555555556,11,11,11,1,0,0.0909090909091,0.636363636364,0.272727272727,11,0.118181818182,3.72727272727,2.36363636364,1.3,1.625,1.43336856898,0.6064251638,0.286713286713,0.603022689156,0.510249967747,0.237762237762,1.40129809949,1.18571377649,0.503496503497,2.05382127221,0.551025219373,7,3.72727272727,2.05382127221,7,0,0,0,0,0.22962962963,11,11,11,1,0,0.0909090909091,0.636363636364,0.272727272727,11,19,0.172727272727,7.36666666667,3.45454545455,1.9,2.375,1.7529196424,0.507424107012,0.258373205742,0.786245393107,0.455194701272,0.210526315789,1.61807966991,0.936782966791,0.488038277512,2.95443169944,0.401054076847,10.0666666667,7.36666666667,2.95443169944,10.0666666667,0.302380952381,0.25,4,0.0242424242424,0.190740740741,11,11,11,1,0,0.0909090909091,0.636363636364,0.272727272727,-1,-0.00909090909091,4.32327823691,-0.181818181818,-0.1,-0.125,0.0633796296952,0.0428006035168,0.0129186602871,-0.381503023135,-0.187066927661,-0.125837320574,-0.321929702137,-0.130222187836,-0.0483253588517,1.8975329249,0.053777086436,6.52121212121,4.32327823691,1.8975329249,6.52121212121,-0.196666666667,-0.15,-4,-0.0242424242424,-0.0648148148148,0,0,0,17,2,3,88,0.85,0.977777777778,0.0222222222222,0.15,0.894736842105,0.85,0.871794871795,0.844602804616,0.827777777778,0.772727272727,6,7,0,0,0,0
2614,WLNM_dir_neg,0.816326530612,0.531436420722,00:00:01,10,60,41,1176529790,threshold_sweep,0.4,0.666666666667,0.571428571429,0.615384615385,4,2,3,12,0.571428571429,0.857142857143,0.142857142857,0.428571428571,0.666666666667,0.571428571429,0.615384615385,0.761904761905,0.571428571429,0.444444444444,0.4472135955,0.428571428571,20,13,7,0,20,0,13,0,7,11,20,0.181818181818,3.04338842975,3.63636363636,2,2.5,1.68954001271,0.464623503495,0.245454545455,1.16774841624,0.642261628933,0.336363636364,1.94000937205,1.06700515463,0.536363636364,1.05689877454,0.347276990411,3.54545454545,3.04338842975,1.05689877454,3.54545454545,0.499047619048,0.4,8,0.0484848484848,0.255555555556,11,11,11,1,0,0.0909090909091,0.636363636364,0.272727272727,11,0.118181818182,3.72727272727,2.36363636364,1.3,1.625,1.43336856898,0.6064251638,0.286713286713,0.603022689156,0.510249967747,0.237762237762,1.40129809949,1.18571377649,0.503496503497,2.05382127221,0.551025219373,7,3.72727272727,2.05382127221,7,0,0,0,0,0.22962962963,11,11,11,1,0,0.0909090909091,0.636363636364,0.272727272727,11,19,0.172727272727,7.36666666667,3.45454545455,1.9,2.375,1.7529196424,0.507424107012,0.258373205742,0.786245393107,0.455194701272,0.210526315789,1.61807966991,0.936782966791,0.488038277512,2.95443169944,0.401054076847,10.0666666667,7.36666666667,2.95443169944,10.0666666667,0.302380952381,0.25,4,0.0242424242424,0.190740740741,11,11,11,1,0,0.0909090909091,0.636363636364,0.272727272727,-1,-0.00909090909091,4.32327823691,-0.181818181818,-0.1,-0.125,0.0633796296952,0.0428006035168,0.0129186602871,-0.381503023135,-0.187066927661,-0.125837320574,-0.321929702137,-0.130222187836,-0.0483253588517,1.8975329249,0.053777086436,6.52121212121,4.32327823691,1.8975329249,6.52121212121,-0.196666666667,-0.15,-4,-0.0242424242424,-0.0648148148148,0,0,0,17,2,3,88,0.85,0.977777777778,0.0222222222222,0.15,0.894736842105,0.85,0.871794871795,0.844602804616,0.827777777778,0.772727272727,6,7,0,0,0,0
2615,WLNM_dir_neg,0.816326530612,0.531436420722,00:00:01,10,60,41,1176529790,threshold_sweep,0.5,0.666666666667,0.571428571429,0.615384615385,4,2,3,12,0.571428571429,0.857142857143,0.142857142857,0.428571428571,0.666666666667,0.571428571429,0.615384615385,0.761904761905,0.571428571429,0.444444444444,0.4472135955,0.428571428571,20,13,7,0,20,0,13,0,7,11,20,0.181818181818,3.04338842975,3.63636363636,2,2.5,1.68954001271,0.464623503495,0.245454545455,1.16774841624,0.642261628933,0.336363636364,1.94000937205,1.06700515463,0.536363636364,1.05689877454,0.347276990411,3.54545454545,3.04338842975,1.05689877454,3.54545454545,0.499047619048,0.4,8,0.0484848484848,0.255555555556,11,11,11,1,0,0.0909090909091,0.636363636364,0.272727272727,11,0.118181818182,3.72727272727,2.36363636364,1.3,1.625,1.43336856898,0.6064251638,0.286713286713,0.603022689156,0.510249967747,0.237762237762,1.40129809949,1.18571377649,0.503496503497,2.05382127221,0.551025219373,7,3.72727272727,2.05382127221,7,0,0,0,0,0.22962962963,11,11,11,1,0,0.0909090909091,0.636363636364,0.272727272727,11,19,0.172727272727,7.36666666667,3.45454545455,1.9,2.375,1.7529196424,0.507424107012,0.258373205742,0.786245393107,0.455194701272,0.210526315789,1.61807966991,0.936782966791,0.488038277512,2.95443169944,0.401054076847,10.0666666667,7.36666666667,2.95443169944,10.0666666667,0.302380952381,0.25,4,0.0242424242424,0.190740740741,11,11,11,1,0,0.0909090909091,0.636363636364,0.272727272727,-1,-0.00909090909091,4.32327823691,-0.181818181818,-0.1,-0.125,0.0633796296952,0.0428006035168,0.0129186602871,-0.381503023135,-0.187066927661,-0.125837320574,-0.321929702137,-0.130222187836,-0.0483253588517,1.8975329249,0.053777086436,6.52121212121,4.32327823691,1.8975329249,6.52121212121,-0.196666666667,-0.15,-4,-0.0242424242424,-0.0648148148148,0,0,0,17,2,3,88,0.85,0.977777777778,0.0222222222222,0.15,0.894736842105,0.85,0.871794871795,0.844602804616,0.827777777778,0.772727272727,6,7,0,0,0,0
2616,WLNM_dir_neg,0.816326530612,0.531436420722,00:00:01,10,60,41,1176529790,threshold_sweep,0.6,0.666666666667,0.571428571429,0.615384615385,4,2,3,12,0.571428571429,0.857142857143,0.142857142857,0.428571428571,0.666666666667,0.571428571429,0.615384615385,0.761904761905,0.571428571429,0.444444444444,0.4472135955,0.428571428571,20,13,7,0,20,0,13,0,7,11,20,0.181818181818,3.04338842975,3.63636363636,2,2.5,1.68954001271,0.464623503495,0.245454545455,1.16774841624,0.642261628933,0.336363636364,1.94000937205,1.06700515463,0.536363636364,1.05689877454,0.347276990411,3.54545454545,3.04338842975,1.05689877454,3.54545454545,0.499047619048,0.4,8,0.0484848484848,0.255555555556,11,11,11,1,0,0.0909090909091,0.636363636364,0.272727272727,11,0.118181818182,3.72727272727,2.36363636364,1.3,1.625,1.43336856898,0.6064251638,0.286713286713,0.603022689156,0.510249967747,0.237762237762,1.40129809949,1.18571377649,0.503496503497,2.05382127221,0.551025219373,7,3.72727272727,2.05382127221,7,0,0,0,0,0.22962962963,11,11,11,1,0,0.0909090909091,0.636363636364,0.272727272727,11,19,0.172727272727,7.36666666667,3.45454545455,1.9,2.375,1.7529196424,0.507424107012,0.258373205742,0.786245393107,0.455194701272,0.210526315789,1.61807966991,0.936782966791,0.488038277512,2.95443169944,0.401054076847,10.0666666667,7.36666666667,2.95443169944,10.0666666667,0.302380952381,0.25,4,0.0242424242424,0.190740740741,11,11,11,1,0,0.0909090909091,0.636363636364,0.272727272727,-1,-0.00909090909091,4.32327823691,-0.181818181818,-0.1,-0.125,0.0633796296952,0.0428006035168,0.0129186602871,-0.381503023135,-0.187066927661,-0.125837320574,-0.321929702137,-0.130222187836,-0.0483253588517,1.8975329249,0.053777086436,6.52121212121,4.32327823691,1.8975329249,6.52121212121,-0.196666666667,-0.15,-4,-0.0242424242424,-0.0648148148148,0,0,0,17,2,3,88,0.85,0.977777777778,0.0222222222222,0.15,0.894736842105,0.85,0.871794871795,0.844602804616,0.827777777778,0.772727272727,6,7,0,0,0,0
2617,WLNM_dir_neg,0.816326530612,0.531436420722,00:00:01,10,60,41,1176529790,threshold_sweep,0.7,0.666666666667,0.571428571429,0.615384615385,4,2,3,12,0.571428571429,0.857142857143,0.142857142857,0.428571428571,0.666666666667,0.571428571429,0.615384615385,0.761904761905,0.571428571429,0.444444444444,0.4472135955,0.428571428571,20,13,7,0,20,0,13,0,7,11,20,0.181818181818,3.04338842975,3.63636363636,2,2.5,1.68954001271,0.464623503495,0.245454545455,1.16774841624,0.642261628933,0.336363636364,1.94000937205,1.06700515463,0.536363636364,1.05689877454,0.347276990411,3.54545454545,3.04338842975,1.05689877454,3.54545454545,0.499047619048,0.4,8,0.0484848484848,0.255555555556,11,11,11,1,0,0.0909090909091,0.636363636364,0.272727272727,11,0.118181818182,3.72727272727,2.36363636364,1.3,1.625,1.43336856898,0.6064251638,0.286713286713,0.603022689156,0.510249967747,0.237762237762,1.40129809949,1.18571377649,0.503496503497,2.05382127221,0.551025219373,7,3.72727272727,2.05382127221,7,0,0,0,0,0.22962962963,11,11,11,1,0,0.0909090909091,0.636363636364,0.272727272727,11,19,0.172727272727,7.36666666667,3.45454545455,1.9,2.375,1.7529196424,0.507424107012,0.258373205742,0.786245393107,0.455194701272,0.210526315789,1.61807966991,0.936782966791,0.488038277512,2.95443169944,0.401054076847,10.0666666667,7.36666666667,2.95443169944,10.0666666667,0.302380952381,0.25,4,0.0242424242424,0.190740740741,11,11,11,1,0,0.0909090909091,0.636363636364,0.272727272727,-1,-0.00909090909091,4.32327823691,-0.181818181818,-0.1,-0.125,0.0633796296952,0.0428006035168,0.0129186602871,-0.381503023135,-0.187066927661,-0.125837320574,-0.321929702137,-0.130222187836,-0.0483253588517,1.8975329249,0.053777086436,6.52121212121,4.32327823691,1.8975329249,6.52121212121,-0.196666666667,-0.15,-4,-0.0242424242424,-0.0648148148148,0,0,0,17,2,3,88,0.85,0.977777777778,0.0222222222222,0.15,0.894736842105,0.85,0.871794871795,0.844602804616,0.827777777778,0.772727272727,6,7,0,0,0,0
2618,WLNM_dir_neg,0.816326530612,0.531436420722,00:00:01,10,60,41,1176529790,threshold_sweep,0.8,0.666666666667,0.571428571429,0.615384615385,4,2,3,12,0.571428571429,0.857142857143,0.142857142857,0.428571428571,0.666666666667,0.571428571429,0.615384615385,0.761904761905,0.571428571429,0.444444444444,0.4472135955,0.428571428571,20,13,7,0,20,0,13,0,7,11,20,0.181818181818,3.04338842975,3.63636363636,2,2.5,1.68954001271,0.464623503495,0.245454545455,1.16774841624,0.642261628933,0.336363636364,1.94000937205,1.06700515463,0.536363636364,1.05689877454,0.347276990411,3.54545454545,3.04338842975,1.05689877454,3.54545454545,0.499047619048,0.4,8,0.0484848484848,0.255555555556,11,11,11,1,0,0.0909090909091,0.636363636364,0.272727272727,11,0.118181818182,3.72727272727,2.36363636364,1.3,1.625,1.43336856898,0.6064251638,0.286713286713,0.603022689156,0.510249967747,0.237762237762,1.40129809949,1.18571377649,0.503496503497,2.05382127221,0.551025219373,7,3.72727272727,2.05382127221,7,0,0,0,0,0.22962962963,11,11,11,1,0,0.0909090909091,0.636363636364,0.272727272727,11,19,0.172727272727,7.36666666667,3.45454545455,1.9,2.375,1.7529196424,0.507424107012,0.258373205742,0.786245393107,0.455194701272,0.210526315789,1.61807966991,0.936782966791,0.488038277512,2.95443169944,0.401054076847,10.0666666667,7.36666666667,2.95443169944,10.0666666667,0.302380952381,0.25,4,0.0242424242424,0.190740740741,11,11,11,1,0,0.0909090909091,0.636363636364,0.272727272727,-1,-0.00909090909091,4.32327823691,-0.181818181818,-0.1,-0.125,0.0633796296952,0.0428006035168,0.0129186602871,-0.381503023135,-0.187066927661,-0.125837320574,-0.321929702137,-0.130222187836,-0.0483253588517,1.8975329249,0.053777086436,6.52121212121,4.32327823691,1.8975329249,6.52121212121,-0.196666666667,-0.15,-4,-0.0242424242424,-0.0648148148148,0,0,0,17,2,3,88,0.85,0.977777777778,0.0222222222222,0.15,0.894736842105,0.85,0.871794871795,0.844602804616,0.827777777778,0.772727272727,6,7,0,0,0,0
2619,WLNM_dir_neg,0.816326530612,0.531436420722,00:00:01,10,60,41,1176529790,threshold_sweep,0.9,0.666666666667,0.571428571429,0.615384615385,4,2,3,12,0.571428571429,0.857142857143,0.142857142857,0.428571428571,0.666666666667,0.571428571429,0.615384615385,0.761904761905,0.571428571429,0.444444444444,0.4472135955,0.428571428571,20,13,7,0,20,0,13,0,7,11,20,0.181818181818,3.04338842975,3.63636363636,2,2.5,1.68954001271,0.464623503495,0.245454545455,1.16774841624,0.642261628933,0.336363636364,1.94000937205,1.06700515463,0.536363636364,1.05689877454,0.347276990411,3.54545454545,3.04338842975,1.05689877454,3.54545454545,0.499047619048,0.4,8,0.0484848484848,0.255555555556,11,11,11,1,0,0.0909090909091,0.636363636364,0.272727272727,11,0.118181818182,3.72727272727,2.36363636364,1.3,1.625,1.43336856898,0.6064251638,0.286713286713,0.603022689156,0.510249967747,0.237762237762,1.40129809949,1.18571377649,0.503496503497,2.05382127221,0.551025219373,7,3.72727272727,2.05382127221,7,0,0,0,0,0.22962962963,11,11,11,1,0,0.0909090909091,0.636363636364,0.272727272727,11,19,0.172727272727,7.36666666667,3.45454545455,1.9,2.375,1.7529196424,0.507424107012,0.258373205742,0.786245393107,0.455194701272,0.210526315789,1.61807966991,0.936782966791,0.488038277512,2.95443169944,0.401054076847,10.0666666667,7.36666666667,2.95443169944,10.0666666667,0.302380952381,0.25,4,0.0242424242424,0.190740740741,11,11,11,1,0,0.0909090909091,0.636363636364,0.272727272727,-1,-0.00909090909091,4.32327823691,-0.181818181818,-0.1,-0.125,0.0633796296952,0.0428006035168,0.0129186602871,-0.381503023135,-0.187066927661,-0.125837320574,-0.321929702137,-0.130222187836,-0.0483253588517,1.8975329249,0.053777086436,6.52121212121,4.32327823691,1.8975329249,6.52121212121,-0.196666666667,-0.15,-4,-0.0242424242424,-0.0648148148148,0,0,0,17,2,3,88,0.85,0.977777777778,0.0222222222222,0.15,0.894736842105,0.85,0.871794871795,0.844602804616,0.827777777778,0.772727272727,6,7,0,0,0,0
2620,WLNM_dir_neg,0.867346938776,0.544738594739,00:00:01,10,60,42,1176529791,threshold_sweep,0.1,0.833333333333,0.714285714286,0.769230769231,5,1,2,13,0.714285714286,0.928571428571,0.0714285714286,0.285714285714,0.833333333333,0.714285714286,0.769230769231,0.857142857143,0.571428571429,0.666666666667,0.67082039325,0.642857142857,20,13,7,0,20,0,13,0,7,11,20,0.181818181818,3.04338842975,3.63636363636,2,2.5,1.68954001271,0.464623503495,0.245454545455,1.16774841624,0.642261628933,0.336363636364,1.94000937205,1.06700515463,0.536363636364,1.05689877454,0.347276990411,3.54545454545,3.04338842975,1.05689877454,3.54545454545,0.499047619048,0.4,8,0.0484848484848,0.255555555556,11,11,11,1,0,0.0909090909091,0.636363636364,0.272727272727,11,0.118181818182,3.72727272727,2.36363636364,1.3,1.625,1.43336856898,0.6064251638,0.286713286713,0.603022689156,0.510249967747,0.237762237762,1.40129809949,1.18571377649,0.503496503497,2.05382127221,0.551025219373,7,3.72727272727,2.05382127221,7,0,0,0,0,0.22962962963,11,11,11,1,0,0.0909090909091,0.636363636364,0.272727272727,11,19,0.172727272727,4.70454545455,3.45454545455,1.9,2.375,1.7529196424,0.507424107012,0.258373205742,0.904534033733,0.523677598477,0.267942583732,1.84883255547,1.07037674264,0.535885167464,1.66608891501,0.354144503674,5.875,4.70454545455,1.66608891501,5.875,0.366666666667,0.266666666667,4,0.0242424242424,0.23962962963,11,11,11,1,0,0.0909090909091,0.636363636364,0.272727272727,-1,-0.00909090909091,1.66115702479,-0.181818181818,-0.1,-0.125,0.0633796296952,0.0428006035168,0.0129186602871,-0.263214382509,-0.118584030456,-0.0684210526316,-0.0911768165742,0.00337158801632,-0.000478468899521,0.609190140475,0.00686751326282,2.32954545455,1.66115702479,0.609190140475,2.32954545455,-0.132380952381,-0.133333333333,-4,-0.0242424242424,-0.0159259259259,0,0,0,18,1,2,89,0.9,0.988888888889,0.0111111111111,0.1,0.947368421053,0.9,0.923076923077,0.906956031802,0.888888888889,0.857142857143,6,7,0,0,0,0
2621,WLNM_dir_neg,0.867346938776,0.544738594739,00:00:01,10,60,42,1176529791,threshold_sweep,0.2,0.833333333333,0.714285714286,0.769230769231,5,1,2,13,0.714285714286,0.928571428571,0.0714285714286,0.285714285714,0.833333333333,0.714285714286,0.769230769231,0.857142857143,0.571428571429,0.666666666667,0.67082039325,0.642857142857,20,13,7,0,20,0,13,0,7,11,20,0.181818181818,3.04338842975,3.63636363636,2,2.5,1.68954001271,0.464623503495,0.245454545455,1.16774841624,0.642261628933,0.336363636364,1.94000937205,1.06700515463,0.536363636364,1.05689877454,0.347276990411,3.54545454545,3.04338842975,1.05689877454,3.54545454545,0.499047619048,0.4,8,0.0484848484848,0.255555555556,11,11,11,1,0,0.0909090909091,0.636363636364,0.272727272727,11,0.118181818182,3.72727272727,2.36363636364,1.3,1.625,1.43336856898,0.6064251638,0.286713286713,0.603022689156,0.510249967747,0.237762237762,1.40129809949,1.18571377649,0.503496503497,2.05382127221,0.551025219373,7,3.72727272727,2.05382127221,7,0,0,0,0,0.22962962963,11,11,11,1,0,0.0909090909091,0.636363636364,0.272727272727,11,19,0.172727272727,4.70454545455,3.45454545455,1.9,2.375,1.7529196424,0.507424107012,0.258373205742,0.904534033733,0.523677598477,0.267942583732,1.84883255547,1.07037674264,0.535885167464,1.66608891501,0.354144503674,5.875,4.70454545455,1.66608891501,5.875,0.366666666667,0.266666666667,4,0.0242424242424,0.23962962963,11,11,11,1,0,0.0909090909091,0.636363636364,0.272727272727,-1,-0.00909090909091,1.66115702479,-0.181818181818,-0.1,-0.125,0.0633796296952,0.0428006035168,0.0129186602871,-0.263214382509,-0.118584030456,-0.0684210526316,-0.0911768165742,0.00337158801632,-0.000478468899521,0.609190140475,0.00686751326282,2.32954545455,1.66115702479,0.609190140475,2.32954545455,-0.132380952381,-0.133333333333,-4,-0.0242424242424,-0.0159259259259,0,0,0,18,1,2,89,0.9,0.988888888889,0.0111111111111,0.1,0.947368421053,0.9,0.923076923077,0.906956031802,0.888888888889,0.857142857143,6,7,0,0,0,0
2622,WLNM_dir_neg,0.867346938776,0.544738594739,00:00:01,10,60,42,1176529791,threshold_sweep,0.3,0.833333333333,0.714285714286,0.769230769231,5,1,2,13,0.714285714286,0.928571428571,0.0714285714286,0.285714285714,0.833333333333,0.714285714286,0.769230769231,0.857142857143,0.571428571429,0.666666666667,0.67082039325,0.642857142857,20,13,7,0,20,0,13,0,7,11,20,0.181818181818,3.04338842975,3.63636363636,2,2.5,1.68954001271,0.464623503495,0.245454545455,1.16774841624,0.642261628933,0.336363636364,1.94000937205,1.06700515463,0.536363636364,1.05689877454,0.347276990411,3.54545454545,3.04338842975,1.05689877454,3.54545454545,0.499047619048,0.4,8,0.0484848484848,0.255555555556,11,11,11,1,0,0.0909090909091,0.636363636364,0.272727272727,11,0.118181818182,3.72727272727,2.36363636364,1.3,1.625,1.43336856898,0.6064251638,0.286713286713,0.603022689156,0.510249967747,0.237762237762,1.40129809949,1.18571377649,0.503496503497,2.05382127221,0.551025219373,7,3.72727272727,2.05382127221,7,0,0,0,0,0.22962962963,11,11,11,1,0,0.0909090909091,0.636363636364,0.272727272727,11,19,0.172727272727,4.70454545455,3.45454545455,1.9,2.375,1.7529196424,0.507424107012,0.258373205742,0.904534033733,0.523677598477,0.267942583732,1.84883255547,1.07037674264,0.535885167464,1.66608891501,0.354144503674,5.875,4.70454545455,1.66608891501,5.875,0.366666666667,0.266666666667,4,0.0242424242424,0.23962962963,11,11,11,1,0,0.0909090909091,0.636363636364,0.272727272727,-1,-0.00909090909091,1.66115702479,-0.181818181818,-0.1,-0.125,0.0633796296952,0.0428006035168,0.0129186602871,-0.263214382509,-0.118584030456,-0.0684210526316,-0.0911768165742,0.00337158801632,-0.000478468899521,0.609190140475,0.00686751326282,2.32954545455,1.66115702479,0.609190140475,2.32954545455,-0.132380952381,-0.133333333333,-4,-0.0242424242424,-0.0159259259259,0,0,0,18,1,2,89,0.9,0.988888888889,0.0111111111111,0.1,0.947368421053,0.9,0.923076923077,0.906956031802,0.888888888889,0.857142857143,6,7,0,0,0,0
2623,WLNM_dir_neg,0.867346938776,0.544738594739,00:00:01,10,60,42,1176529791,threshold_sweep,0.4,0.833333333333,0.714285714286,0.769230769231,5,1,2,13,0.714285714286,0.928571428571,0.0714285714286,0.285714285714,0.833333333333,0.714285714286,0.769230769231,0.857142857143,0.571428571429,0.666666666667,0.67082039325,0.642857142857,20,13,7,0,20,0,13,0,7,11,20,0.181818181818,3.04338842975,3.63636363636,2,2.5,1.68954001271,0.464623503495,0.245454545455,1.16774841624,0.642261628933,0.336363636364,1.94000937205,1.06700515463,0.536363636364,1.05689877454,0.347276990411,3.54545454545,3.04338842975,1.05689877454,3.54545454545,0.499047619048,0.4,8,0.0484848484848,0.255555555556,11,11,11,1,0,0.0909090909091,0.636363636364,0.272727272727,11,0.118181818182,3.72727272727,2.36363636364,1.3,1.625,1.43336856898,0.6064251638,0.286713286713,0.603022689156,0.510249967747,0.237762237762,1.40129809949,1.18571377649,0.503496503497,2.05382127221,0.551025219373,7,3.72727272727,2.05382127221,7,0,0,0,0,0.22962962963,11,11,11,1,0,0.0909090909091,0.636363636364,0.272727272727,11,19,0.172727272727,4.70454545455,3.45454545455,1.9,2.375,1.7529196424,0.507424107012,0.258373205742,0.904534033733,0.523677598477,0.267942583732,1.84883255547,1.07037674264,0.535885167464,1.66608891501,0.354144503674,5.875,4.70454545455,1.66608891501,5.875,0.366666666667,0.266666666667,4,0.0242424242424,0.23962962963,11,11,11,1,0,0.0909090909091,0.636363636364,0.272727272727,-1,-0.00909090909091,1.66115702479,-0.181818181818,-0.1,-0.125,0.0633796296952,0.0428006035168,0.0129186602871,-0.263214382509,-0.118584030456,-0.0684210526316,-0.0911768165742,0.00337158801632,-0.000478468899521,0.609190140475,0.00686751326282,2.32954545455,1.66115702479,0.609190140475,2.32954545455,-0.132380952381,-0.133333333333,-4,-0.0242424242424,-0.0159259259259,0,0,0,18,1,2,89,0.9,0.988888888889,0.0111111111111,0.1,0.947368421053,0.9,0.923076923077,0.906956031802,0.888888888889,0.857142857143,6,7,0,0,0,0
2624,WLNM_dir_neg,0.867346938776,0.544738594739,00:00:01,10,60,42,1176529791,threshold_sweep,0.5,0.8,0.571428571429,0.666666666667,4,1,3,13,0.571428571429,0.928571428571,0.0714285714286,0.428571428571,0.8,0.571428571429,0.666666666667,0.809523809524,0.587301587302,0.538461538462,0.553398590529,0.5,20,13,7,0,20,0,13,0,7,11,20,0.181818181818,3.04338842975,3.63636363636,2,2.5,1.68954001271,0.464623503495,0.245454545455,1.16774841624,0.642261628933,0.336363636364,1.94000937205,1.06700515463,0.536363636364,1.05689877454,0.347276990411,3.54545454545,3.04338842975,1.05689877454,3.54545454545,0.499047619048,0.4,8,0.0484848484848,0.255555555556,11,11,11,1,0,0.0909090909091,0.636363636364,0.272727272727,11,0.118181818182,3.72727272727,2.36363636364,1.3,1.625,1.43336856898,0.6064251638,0.286713286713,0.603022689156,0.510249967747,0.237762237762,1.40129809949,1.18571377649,0.503496503497,2.05382127221,0.551025219373,7,3.72727272727,2.05382127221,7,0,0,0,0,0.22962962963,11,11,11,1,0,0.0909090909091,0.636363636364,0.272727272727,11,18,0.163636363636,4.76818181818,3.27272727273,1.8,2.25,1.61807966991,0.494413232473,0.242424242424,0.809039834956,0.494413232473,0.242424242424,1.68954001271,1.03249667443,0.525252525253,1.75986828019,0.369085816628,6.4,4.76818181818,1.75986828019,6.4,0.213333333333,0.153846153846,2,0.0121212121212,0.218518518519,11,11,11,1,0,0.0909090909091,0.636363636364,0.272727272727,-2,-0.0181818181818,1.72479338843,-0.363636363636,-0.2,-0.25,-0.0714603427974,0.029789728978,-0.0030303030303,-0.358708581286,-0.14784839646,-0.0939393939394,-0.250469359339,-0.0345084801933,-0.0111111111111,0.702969505658,0.0218088262168,2.85454545455,1.72479338843,0.702969505658,2.85454545455,-0.285714285714,-0.246153846154,-6,-0.0363636363636,-0.037037037037,0,0,0,17,1,3,89,0.85,0.988888888889,0.0111111111111,0.15,0.944444444444,0.85,0.894736842105,0.874602125628,0.838888888889,0.809523809524,5,7,0,0,0,0
2625,WLNM_dir_neg,0.867346938776,0.544738594739,00:00:01,10,60,42,1176529791,threshold_sweep,0.6,0.8,0.571428571429,0.666666666667,4,1,3,13,0.571428571429,0.928571428571,0.0714285714286,0.428571428571,0.8,0.571428571429,0.666666666667,0.809523809524,0.587301587302,0.538461538462,0.553398590529,0.5,20,13,7,0,20,0,13,0,7,11,20,0.181818181818,3.04338842975,3.63636363636,2,2.5,1.68954001271,0.464623503495,0.245454545455,1.16774841624,0.642261628933,0.336363636364,1.94000937205,1.06700515463,0.536363636364,1.05689877454,0.347276990411,3.54545454545,3.04338842975,1.05689877454,3.54545454545,0.499047619048,0.4,8,0.0484848484848,0.255555555556,11,11,11,1,0,0.0909090909091,0.636363636364,0.272727272727,11,0.118181818182,3.72727272727,2.36363636364,1.3,1.625,1.43336856898,0.6064251638,0.286713286713,0.603022689156,0.510249967747,0.237762237762,1.40129809949,1.18571377649,0.503496503497,2.05382127221,0.551025219373,7,3.72727272727,2.05382127221,7,0,0,0,0,0.22962962963,11,11,11,1,0,0.0909090909091,0.636363636364,0.272727272727,11,18,0.163636363636,4.76818181818,3.27272727273,1.8,2.25,1.61807966991,0.494413232473,0.242424242424,0.809039834956,0.494413232473,0.242424242424,1.68954001271,1.03249667443,0.525252525253,1.75986828019,0.369085816628,6.4,4.76818181818,1.75986828019,6.4,0.213333333333,0.153846153846,2,0.0121212121212,0.218518518519,11,11,11,1,0,0.0909090909091,0.636363636364,0.272727272727,-2,-0.0181818181818,1.72479338843,-0.363636363636,-0.2,-0.25,-0.0714603427974,0.029789728978,-0.0030303030303,-0.358708581286,-0.14784839646,-0.0939393939394,-0.250469359339,-0.0345084801933,-0.0111111111111,0.702969505658,0.0218088262168,2.85454545455,1.72479338843,0.702969505658,2.85454545455,-0.285714285714,-0.246153846154,-6,-0.0363636363636,-0.037037037037,0,0,0,17,1,3,89,0.85,0.988888888889,0.0111111111111,0.15,0.944444444444,0.85,0.894736842105,0.874602125628,0.838888888889,0.809523809524,5,7,0,0,0,0
2626,WLNM_dir_neg,0.867346938776,0.544738594739,00:00:01,10,60,42,1176529791,threshold_sweep,0.7,0.8,0.571428571429,0.666666666667,4,1,3,13,0.571428571429,0.928571428571,0.0714285714286,0.428571428571,0.8,0.571428571429,0.666666666667,0.809523809524,0.587301587302,0.538461538462,0.553398590529,0.5,20,13,7,0,20,0,13,0,7,11,20,0.181818181818,3.04338842975,3.63636363636,2,2.5,1.68954001271,0.464623503495,0.245454545455,1.16774841624,0.642261628933,0.336363636364,1.94000937205,1.06700515463,0.536363636364,1.05689877454,0.347276990411,3.54545454545,3.04338842975,1.05689877454,3.54545454545,0.499047619048,0.4,8,0.0484848484848,0.255555555556,11,11,11,1,0,0.0909090909091,0.636363636364,0.272727272727,11,0.118181818182,3.72727272727,2.36363636364,1.3,1.625,1.43336856898,0.6064251638,0.286713286713,0.603022689156,0.510249967747,0.237762237762,1.40129809949,1.18571377649,0.503496503497,2.05382127221,0.551025219373,7,3.72727272727,2.05382127221,7,0,0,0,0,0.22962962963,11,11,11,1,0,0.0909090909091,0.636363636364,0.272727272727,11,18,0.163636363636,4.76818181818,3.27272727273,1.8,2.25,1.61807966991,0.494413232473,0.242424242424,0.809039834956,0.494413232473,0.242424242424,1.68954001271,1.03249667443,0.525252525253,1.75986828019,0.369085816628,6.4,4.76818181818,1.75986828019,6.4,0.213333333333,0.153846153846,2,0.0121212121212,0.218518518519,11,11,11,1,0,0.0909090909091,0.636363636364,0.272727272727,-2,-0.0181818181818,1.72479338843,-0.363636363636,-0.2,-0.25,-0.0714603427974,0.029789728978,-0.0030303030303,-0.358708581286,-0.14784839646,-0.0939393939394,-0.250469359339,-0.0345084801933,-0.0111111111111,0.702969505658,0.0218088262168,2.85454545455,1.72479338843,0.702969505658,2.85454545455,-0.285714285714,-0.246153846154,-6,-0.0363636363636,-0.037037037037,0,0,0,17,1,3,89,0.85,0.988888888889,0.0111111111111,0.15,0.944444444444,0.85,0.894736842105,0.874602125628,0.838888888889,0.809523809524,5,7,0,0,0,0
2627,WLNM_dir_neg,0.867346938776,0.544738594739,00:00:01,10,60,42,1176529791,threshold_sweep,0.8,0.8,0.571428571429,0.666666666667,4,1,3,13,0.571428571429,0.928571428571,0.0714285714286,0.428571428571,0.8,0.571428571429,0.666666666667,0.809523809524,0.587301587302,0.538461538462,0.553398590529,0.5,20,13,7,0,20,0,13,0,7,11,20,0.181818181818,3.04338842975,3.63636363636,2,2.5,1.68954001271,0.464623503495,0.245454545455,1.16774841624,0.642261628933,0.336363636364,1.94000937205,1.06700515463,0.536363636364,1.05689877454,0.347276990411,3.54545454545,3.04338842975,1.05689877454,3.54545454545,0.499047619048,0.4,8,0.0484848484848,0.255555555556,11,11,11,1,0,0.0909090909091,0.636363636364,0.272727272727,11,0.118181818182,3.72727272727,2.36363636364,1.3,1.625,1.43336856898,0.6064251638,0.286713286713,0.603022689156,0.510249967747,0.237762237762,1.40129809949,1.18571377649,0.503496503497,2.05382127221,0.551025219373,7,3.72727272727,2.05382127221,7,0,0,0,0,0.22962962963,11,11,11,1,0,0.0909090909091,0.636363636364,0.272727272727,11,18,0.163636363636,4.76818181818,3.27272727273,1.8,2.25,1.61807966991,0.494413232473,0.242424242424,0.809039834956,0.494413232473,0.242424242424,1.68954001271,1.03249667443,0.525252525253,1.75986828019,0.369085816628,6.4,4.76818181818,1.75986828019,6.4,0.213333333333,0.153846153846,2,0.0121212121212,0.218518518519,11,11,11,1,0,0.0909090909091,0.636363636364,0.272727272727,-2,-0.0181818181818,1.72479338843,-0.363636363636,-0.2,-0.25,-0.0714603427974,0.029789728978,-0.0030303030303,-0.358708581286,-0.14784839646,-0.0939393939394,-0.250469359339,-0.0345084801933,-0.0111111111111,0.702969505658,0.0218088262168,2.85454545455,1.72479338843,0.702969505658,2.85454545455,-0.285714285714,-0.246153846154,-6,-0.0363636363636,-0.037037037037,0,0,0,17,1,3,89,0.85,0.988888888889,0.0111111111111,0.15,0.944444444444,0.85,0.894736842105,0.874602125628,0.838888888889,0.809523809524,5,7,0,0,0,0
2628,WLNM_dir_neg,0.867346938776,0.544738594739,00:00:01,10,60,42,1176529791,threshold_sweep,0.9,1,0.571428571429,0.727272727273,4,0,3,14,0.571428571429,1,0,0.428571428571,1,0.571428571429,0.727272727273,0.857142857143,0.603174603175,0.64,0.68599434057,0.571428571429,20,13,7,0,20,0,13,0,7,11,20,0.181818181818,3.04338842975,3.63636363636,2,2.5,1.68954001271,0.464623503495,0.245454545455,1.16774841624,0.642261628933,0.336363636364,1.94000937205,1.06700515463,0.536363636364,1.05689877454,0.347276990411,3.54545454545,3.04338842975,1.05689877454,3.54545454545,0.499047619048,0.4,8,0.0484848484848,0.255555555556,11,11,11,1,0,0.0909090909091,0.636363636364,0.272727272727,11,0.118181818182,3.72727272727,2.36363636364,1.3,1.625,1.43336856898,0.6064251638,0.286713286713,0.603022689156,0.510249967747,0.237762237762,1.40129809949,1.18571377649,0.503496503497,2.05382127221,0.551025219373,7,3.72727272727,2.05382127221,7,0,0,0,0,0.22962962963,11,11,11,1,0,0.0909090909091,0.636363636364,0.272727272727,11,17,0.154545454545,3.17727272727,3.09090909091,1.7,2.125,1.30034960334,0.420701342257,0.208556149733,0.820199532265,0.530717344407,0.267379679144,1.57249078621,1.01749403814,0.513368983957,1.2536673475,0.394573414091,4.4,3.17727272727,1.2536673475,4.4,0.213333333333,0.153846153846,2,0.0121212121212,0.205555555556,11,11,11,1,0,0.0909090909091,0.636363636364,0.272727272727,-3,-0.0272727272727,0.133884297521,-0.545454545455,-0.3,-0.375,-0.389190409368,-0.0439221612377,-0.0368983957219,-0.347548883978,-0.111544284527,-0.0689839572193,-0.367518585835,-0.0495111164884,-0.0229946524064,0.196768572961,0.0472964236795,0.854545454545,0.133884297521,0.196768572961,0.854545454545,-0.285714285714,-0.246153846154,-6,-0.0363636363636,-0.05,0,0,0,17,0,3,90,0.85,1,0,0.15,1,0.85,0.918918918919,0.906962317388,0.85,0.85,4,7,0,0,0,0
2629,WLNM_dir_neg,0.908163265306,0.716089466089,00:00:01,10,60,43,1176529792,threshold_sweep,0.1,0.714285714286,0.714285714286,0.714285714286,5,2,2,12,0.714285714286,0.857142857143,0.142857142857,0.285714285714,0.714285714286,0.714285714286,0.714285714286,0.809523809524,0.555555555556,0.571428571429,0.571428571429,0.571428571429,20,13,7,0,20,0,13,0,7,11,20,0.181818181818,3.04338842975,3.63636363636,2,2.5,1.68954001271,0.464623503495,0.245454545455,1.16774841624,0.642261628933,0.336363636364,1.94000937205,1.06700515463,0.536363636364,1.05689877454,0.347276990411,3.54545454545,3.04338842975,1.05689877454,3.54545454545,0.499047619048,0.4,8,0.0484848484848,0.255555555556,11,11,11,1,0,0.0909090909091,0.636363636364,0.272727272727,11,0.118181818182,3.72727272727,2.36363636364,1.3,1.625,1.43336856898,0.6064251638,0.286713286713,0.603022689156,0.510249967747,0.237762237762,1.40129809949,1.18571377649,0.503496503497,2.05382127221,0.551025219373,7,3.72727272727,2.05382127221,7,0,0,0,0,0.22962962963,11,11,11,1,0,0.0909090909091,0.636363636364,0.272727272727,11,20,0.181818181818,NaN,3.63636363636,1.81818181818,2.22222222222,1.50151438706,0.412916456441,0.213636363636,0.873862897505,0.480624593628,0.245454545455,1.77866139657,0.978263768112,0.481818181818,NaN,NaN,NaN,NaN,NaN,NaN,0.396666666667,0.310344827586,6,0.0363636363636,0.202727272727,11,11,0,1,2,0,0.818181818182,0.181818181818,0,0,NaN,0,-0.181818181818,-0.277777777778,-0.18802562565,-0.0517070470538,-0.0318181818182,-0.293885518737,-0.161637035305,-0.0909090909091,-0.161347975482,-0.0887413865151,-0.0545454545455,NaN,NaN,NaN,NaN,NaN,NaN,-0.102380952381,-0.0896551724138,-2,-0.0121212121212,-0.0528282828283,-0.0909090909091,0.181818181818,-0.0909090909091,18,2,2,88,0.9,0.977777777778,0.0222222222222,0.1,0.9,0.9,0.9,0.877777777778,0.877777777778,0.818181818182,7,7,0,0,0,0
2630,WLNM_dir_neg,0.908163265306,0.716089466089,00:00:01,10,60,43,1176529792,threshold_sweep,0.2,0.714285714286,0.714285714286,0.714285714286,5,2,2,12,0.714285714286,0.857142857143,0.142857142857,0.285714285714,0.714285714286,0.714285714286,0.714285714286,0.809523809524,0.555555555556,0.571428571429,0.571428571429,0.571428571429,20,13,7,0,20,0,13,0,7,11,20,0.181818181818,3.04338842975,3.63636363636,2,2.5,1.68954001271,0.464623503495,0.245454545455,1.16774841624,0.642261628933,0.336363636364,1.94000937205,1.06700515463,0.536363636364,1.05689877454,0.347276990411,3.54545454545,3.04338842975,1.05689877454,3.54545454545,0.499047619048,0.4,8,0.0484848484848,0.255555555556,11,11,11,1,0,0.0909090909091,0.636363636364,0.272727272727,11,0.118181818182,3.72727272727,2.36363636364,1.3,1.625,1.43336856898,0.6064251638,0.286713286713,0.603022689156,0.510249967747,0.237762237762,1.40129809949,1.18571377649,0.503496503497,2.05382127221,0.551025219373,7,3.72727272727,2.05382127221,7,0,0,0,0,0.22962962963,11,11,11,1,0,0.0909090909091,0.636363636364,0.272727272727,11,20,0.181818181818,NaN,3.63636363636,1.81818181818,2.22222222222,1.50151438706,0.412916456441,0.213636363636,0.873862897505,0.480624593628,0.245454545455,1.77866139657,0.978263768112,0.481818181818,NaN,NaN,NaN,NaN,NaN,NaN,0.396666666667,0.310344827586,6,0.0363636363636,0.202727272727,11,11,0,1,2,0,0.818181818182,0.181818181818,0,0,NaN,0,-0.181818181818,-0.277777777778,-0.18802562565,-0.0517070470538,-0.0318181818182,-0.293885518737,-0.161637035305,-0.0909090909091,-0.161347975482,-0.0887413865151,-0.0545454545455,NaN,NaN,NaN,NaN,NaN,NaN,-0.102380952381,-0.0896551724138,-2,-0.0121212121212,-0.0528282828283,-0.0909090909091,0.181818181818,-0.0909090909091,18,2,2,88,0.9,0.977777777778,0.0222222222222,0.1,0.9,0.9,0.9,0.877777777778,0.877777777778,0.818181818182,7,7,0,0,0,0
2631,WLNM_dir_neg,0.908163265306,0.716089466089,00:00:01,10,60,43,1176529792,threshold_sweep,0.3,0.714285714286,0.714285714286,0.714285714286,5,2,2,12,0.714285714286,0.857142857143,0.142857142857,0.285714285714,0.714285714286,0.714285714286,0.714285714286,0.809523809524,0.555555555556,0.571428571429,0.571428571429,0.571428571429,20,13,7,0,20,0,13,0,7,11,20,0.181818181818,3.04338842975,3.63636363636,2,2.5,1.68954001271,0.464623503495,0.245454545455,1.16774841624,0.642261628933,0.336363636364,1.94000937205,1.06700515463,0.536363636364,1.05689877454,0.347276990411,3.54545454545,3.04338842975,1.05689877454,3.54545454545,0.499047619048,0.4,8,0.0484848484848,0.255555555556,11,11,11,1,0,0.0909090909091,0.636363636364,0.272727272727,11,0.118181818182,3.72727272727,2.36363636364,1.3,1.625,1.43336856898,0.6064251638,0.286713286713,0.603022689156,0.510249967747,0.237762237762,1.40129809949,1.18571377649,0.503496503497,2.05382127221,0.551025219373,7,3.72727272727,2.05382127221,7,0,0,0,0,0.22962962963,11,11,11,1,0,0.0909090909091,0.636363636364,0.272727272727,11,20,0.181818181818,NaN,3.63636363636,1.81818181818,2.22222222222,1.50151438706,0.412916456441,0.213636363636,0.873862897505,0.480624593628,0.245454545455,1.77866139657,0.978263768112,0.481818181818,NaN,NaN,NaN,NaN,NaN,NaN,0.396666666667,0.310344827586,6,0.0363636363636,0.202727272727,11,11,0,1,2,0,0.818181818182,0.181818181818,0,0,NaN,0,-0.181818181818,-0.277777777778,-0.18802562565,-0.0517070470538,-0.0318181818182,-0.293885518737,-0.161637035305,-0.0909090909091,-0.161347975482,-0.0887413865151,-0.0545454545455,NaN,NaN,NaN,NaN,NaN,NaN,-0.102380952381,-0.0896551724138,-2,-0.0121212121212,-0.0528282828283,-0.0909090909091,0.181818181818,-0.0909090909091,18,2,2,88,0.9,0.977777777778,0.0222222222222,0.1,0.9,0.9,0.9,0.877777777778,0.877777777778,0.818181818182,7,7,0,0,0,0
2632,WLNM_dir_neg,0.908163265306,0.716089466089,00:00:01,10,60,43,1176529792,threshold_sweep,0.4,0.833333333333,0.714285714286,0.769230769231,5,1,2,13,0.714285714286,0.928571428571,0.0714285714286,0.285714285714,0.833333333333,0.714285714286,0.769230769231,0.857142857143,0.571428571429,0.666666666667,0.67082039325,0.642857142857,20,13,7,0,20,0,13,0,7,11,20,0.181818181818,3.04338842975,3.63636363636,2,2.5,1.68954001271,0.464623503495,0.245454545455,1.16774841624,0.642261628933,0.336363636364,1.94000937205,1.06700515463,0.536363636364,1.05689877454,0.347276990411,3.54545454545,3.04338842975,1.05689877454,3.54545454545,0.499047619048,0.4,8,0.0484848484848,0.255555555556,11,11,11,1,0,0.0909090909091,0.636363636364,0.272727272727,11,0.118181818182,3.72727272727,2.36363636364,1.3,1.625,1.43336856898,0.6064251638,0.286713286713,0.603022689156,0.510249967747,0.237762237762,1.40129809949,1.18571377649,0.503496503497,2.05382127221,0.551025219373,7,3.72727272727,2.05382127221,7,0,0,0,0,0.22962962963,11,11,11,1,0,0.0909090909091,0.636363636364,0.272727272727,11,19,0.172727272727,3.14772727273,3.45454545455,1.9,2.11111111111,1.36847625947,0.396137864583,0.205741626794,1.00904995822,0.584186817916,0.306220095694,1.61807966991,0.936782966791,0.468899521531,1.18338851637,0.375950142385,3.96875,3.14772727273,1.18338851637,3.96875,0.41,0.3,5,0.030303030303,0.214444444444,11,11,11,1,0,0.0909090909091,0.727272727273,0.181818181818,-1,-0.00909090909091,0.104338842975,-0.181818181818,-0.1,-0.388888888889,-0.321063753241,-0.0684856389122,-0.0397129186603,-0.158698458023,-0.058074811017,-0.0301435406699,-0.321929702137,-0.130222187836,-0.0674641148325,0.126489741835,0.0286731519741,0.423295454545,0.104338842975,0.126489741835,0.423295454545,-0.0890476190476,-0.1,-3,-0.0181818181818,-0.0411111111111,0,0.0909090909091,-0.0909090909091,18,1,2,89,0.9,0.988888888889,0.0111111111111,0.1,0.947368421053,0.9,0.923076923077,0.906956031802,0.888888888889,0.857142857143,6,7,0,0,0,0
2633,WLNM_dir_neg,0.908163265306,0.716089466089,00:00:01,10,60,43,1176529792,threshold_sweep,0.5,0.833333333333,0.714285714286,0.769230769231,5,1,2,13,0.714285714286,0.928571428571,0.0714285714286,0.285714285714,0.833333333333,0.714285714286,0.769230769231,0.857142857143,0.571428571429,0.666666666667,0.67082039325,0.642857142857,20,13,7,0,20,0,13,0,7,11,20,0.181818181818,3.04338842975,3.63636363636,2,2.5,1.68954001271,0.464623503495,0.245454545455,1.16774841624,0.642261628933,0.336363636364,1.94000937205,1.06700515463,0.536363636364,1.05689877454,0.347276990411,3.54545454545,3.04338842975,1.05689877454,3.54545454545,0.499047619048,0.4,8,0.0484848484848,0.255555555556,11,11,11,1,0,0.0909090909091,0.636363636364,0.272727272727,11,0.118181818182,3.72727272727,2.36363636364,1.3,1.625,1.43336856898,0.6064251638,0.286713286713,0.603022689156,0.510249967747,0.237762237762,1.40129809949,1.18571377649,0.503496503497,2.05382127221,0.551025219373,7,3.72727272727,2.05382127221,7,0,0,0,0,0.22962962963,11,11,11,1,0,0.0909090909091,0.636363636364,0.272727272727,11,19,0.172727272727,3.14772727273,3.45454545455,1.9,2.11111111111,1.36847625947,0.396137864583,0.205741626794,1.00904995822,0.584186817916,0.306220095694,1.61807966991,0.936782966791,0.468899521531,1.18338851637,0.375950142385,3.96875,3.14772727273,1.18338851637,3.96875,0.41,0.3,5,0.030303030303,0.214444444444,11,11,11,1,0,0.0909090909091,0.727272727273,0.181818181818,-1,-0.00909090909091,0.104338842975,-0.181818181818,-0.1,-0.388888888889,-0.321063753241,-0.0684856389122,-0.0397129186603,-0.158698458023,-0.058074811017,-0.0301435406699,-0.321929702137,-0.130222187836,-0.0674641148325,0.126489741835,0.0286731519741,0.423295454545,0.104338842975,0.126489741835,0.423295454545,-0.0890476190476,-0.1,-3,-0.0181818181818,-0.0411111111111,0,0.0909090909091,-0.0909090909091,18,1,2,89,0.9,0.988888888889,0.0111111111111,0.1,0.947368421053,0.9,0.923076923077,0.906956031802,0.888888888889,0.857142857143,6,7,0,0,0,0
2634,WLNM_dir_neg,0.908163265306,0.716089466089,00:00:01,10,60,43,1176529792,threshold_sweep,0.6,0.833333333333,0.714285714286,0.769230769231,5,1,2,13,0.714285714286,0.928571428571,0.0714285714286,0.285714285714,0.833333333333,0.714285714286,0.769230769231,0.857142857143,0.571428571429,0.666666666667,0.67082039325,0.642857142857,20,13,7,0,20,0,13,0,7,11,20,0.181818181818,3.04338842975,3.63636363636,2,2.5,1.68954001271,0.464623503495,0.245454545455,1.16774841624,0.642261628933,0.336363636364,1.94000937205,1.06700515463,0.536363636364,1.05689877454,0.347276990411,3.54545454545,3.04338842975,1.05689877454,3.54545454545,0.499047619048,0.4,8,0.0484848484848,0.255555555556,11,11,11,1,0,0.0909090909091,0.636363636364,0.272727272727,11,0.118181818182,3.72727272727,2.36363636364,1.3,1.625,1.43336856898,0.6064251638,0.286713286713,0.603022689156,0.510249967747,0.237762237762,1.40129809949,1.18571377649,0.503496503497,2.05382127221,0.551025219373,7,3.72727272727,2.05382127221,7,0,0,0,0,0.22962962963,11,11,11,1,0,0.0909090909091,0.636363636364,0.272727272727,11,19,0.172727272727,3.14772727273,3.45454545455,1.9,2.11111111111,1.36847625947,0.396137864583,0.205741626794,1.00904995822,0.584186817916,0.306220095694,1.61807966991,0.936782966791,0.468899521531,1.18338851637,0.375950142385,3.96875,3.14772727273,1.18338851637,3.96875,0.41,0.3,5,0.030303030303,0.214444444444,11,11,11,1,0,0.0909090909091,0.727272727273,0.181818181818,-1,-0.00909090909091,0.104338842975,-0.181818181818,-0.1,-0.388888888889,-0.321063753241,-0.0684856389122,-0.0397129186603,-0.158698458023,-0.058074811017,-0.0301435406699,-0.321929702137,-0.130222187836,-0.0674641148325,0.126489741835,0.0286731519741,0.423295454545,0.104338842975,0.126489741835,0.423295454545,-0.0890476190476,-0.1,-3,-0.0181818181818,-0.0411111111111,0,0.0909090909091,-0.0909090909091,18,1,2,89,0.9,0.988888888889,0.0111111111111,0.1,0.947368421053,0.9,0.923076923077,0.906956031802,0.888888888889,0.857142857143,6,7,0,0,0,0
2635,WLNM_dir_neg,0.908163265306,0.716089466089,00:00:01,10,60,43,1176529792,threshold_sweep,0.7,0.833333333333,0.714285714286,0.769230769231,5,1,2,13,0.714285714286,0.928571428571,0.0714285714286,0.285714285714,0.833333333333,0.714285714286,0.769230769231,0.857142857143,0.571428571429,0.666666666667,0.67082039325,0.642857142857,20,13,7,0,20,0,13,0,7,11,20,0.181818181818,3.04338842975,3.63636363636,2,2.5,1.68954001271,0.464623503495,0.245454545455,1.16774841624,0.642261628933,0.336363636364,1.94000937205,1.06700515463,0.536363636364,1.05689877454,0.347276990411,3.54545454545,3.04338842975,1.05689877454,3.54545454545,0.499047619048,0.4,8,0.0484848484848,0.255555555556,11,11,11,1,0,0.0909090909091,0.636363636364,0.272727272727,11,0.118181818182,3.72727272727,2.36363636364,1.3,1.625,1.43336856898,0.6064251638,0.286713286713,0.603022689156,0.510249967747,0.237762237762,1.40129809949,1.18571377649,0.503496503497,2.05382127221,0.551025219373,7,3.72727272727,2.05382127221,7,0,0,0,0,0.22962962963,11,11,11,1,0,0.0909090909091,0.636363636364,0.272727272727,11,19,0.172727272727,3.14772727273,3.45454545455,1.9,2.11111111111,1.36847625947,0.396137864583,0.205741626794,1.00904995822,0.584186817916,0.306220095694,1.61807966991,0.936782966791,0.468899521531,1.18338851637,0.375950142385,3.96875,3.14772727273,1.18338851637,3.96875,0.41,0.3,5,0.030303030303,0.214444444444,11,11,11,1,0,0.0909090909091,0.727272727273,0.181818181818,-1,-0.00909090909091,0.104338842975,-0.181818181818,-0.1,-0.388888888889,-0.321063753241,-0.0684856389122,-0.0397129186603,-0.158698458023,-0.058074811017,-0.0301435406699,-0.321929702137,-0.130222187836,-0.0674641148325,0.126489741835,0.0286731519741,0.423295454545,0.104338842975,0.126489741835,0.423295454545,-0.0890476190476,-0.1,-3,-0.0181818181818,-0.0411111111111,0,0.0909090909091,-0.0909090909091,18,1,2,89,0.9,0.988888888889,0.0111111111111,0.1,0.947368421053,0.9,0.923076923077,0.906956031802,0.888888888889,0.857142857143,6,7,0,0,0,0
2636,WLNM_dir_neg,0.908163265306,0.716089466089,00:00:01,10,60,43,1176529792,threshold_sweep,0.8,0.833333333333,0.714285714286,0.769230769231,5,1,2,13,0.714285714286,0.928571428571,0.0714285714286,0.285714285714,0.833333333333,0.714285714286,0.769230769231,0.857142857143,0.571428571429,0.666666666667,0.67082039325,0.642857142857,20,13,7,0,20,0,13,0,7,11,20,0.181818181818,3.04338842975,3.63636363636,2,2.5,1.68954001271,0.464623503495,0.245454545455,1.16774841624,0.642261628933,0.336363636364,1.94000937205,1.06700515463,0.536363636364,1.05689877454,0.347276990411,3.54545454545,3.04338842975,1.05689877454,3.54545454545,0.499047619048,0.4,8,0.0484848484848,0.255555555556,11,11,11,1,0,0.0909090909091,0.636363636364,0.272727272727,11,0.118181818182,3.72727272727,2.36363636364,1.3,1.625,1.43336856898,0.6064251638,0.286713286713,0.603022689156,0.510249967747,0.237762237762,1.40129809949,1.18571377649,0.503496503497,2.05382127221,0.551025219373,7,3.72727272727,2.05382127221,7,0,0,0,0,0.22962962963,11,11,11,1,0,0.0909090909091,0.636363636364,0.272727272727,11,19,0.172727272727,3.14772727273,3.45454545455,1.9,2.11111111111,1.36847625947,0.396137864583,0.205741626794,1.00904995822,0.584186817916,0.306220095694,1.61807966991,0.936782966791,0.468899521531,1.18338851637,0.375950142385,3.96875,3.14772727273,1.18338851637,3.96875,0.41,0.3,5,0.030303030303,0.214444444444,11,11,11,1,0,0.0909090909091,0.727272727273,0.181818181818,-1,-0.00909090909091,0.104338842975,-0.181818181818,-0.1,-0.388888888889,-0.321063753241,-0.0684856389122,-0.0397129186603,-0.158698458023,-0.058074811017,-0.0301435406699,-0.321929702137,-0.130222187836,-0.0674641148325,0.126489741835,0.0286731519741,0.423295454545,0.104338842975,0.126489741835,0.423295454545,-0.0890476190476,-0.1,-3,-0.0181818181818,-0.0411111111111,0,0.0909090909091,-0.0909090909091,18,1,2,89,0.9,0.988888888889,0.0111111111111,0.1,0.947368421053,0.9,0.923076923077,0.906956031802,0.888888888889,0.857142857143,6,7,0,0,0,0
2637,WLNM_dir_neg,0.908163265306,0.716089466089,00:00:01,10,60,43,1176529792,threshold_sweep,0.9,0.833333333333,0.714285714286,0.769230769231,5,1,2,13,0.714285714286,0.928571428571,0.0714285714286,0.285714285714,0.833333333333,0.714285714286,0.769230769231,0.857142857143,0.571428571429,0.666666666667,0.67082039325,0.642857142857,20,13,7,0,20,0,13,0,7,11,20,0.181818181818,3.04338842975,3.63636363636,2,2.5,1.68954001271,0.464623503495,0.245454545455,1.16774841624,0.642261628933,0.336363636364,1.94000937205,1.06700515463,0.536363636364,1.05689877454,0.347276990411,3.54545454545,3.04338842975,1.05689877454,3.54545454545,0.499047619048,0.4,8,0.0484848484848,0.255555555556,11,11,11,1,0,0.0909090909091,0.636363636364,0.272727272727,11,0.118181818182,3.72727272727,2.36363636364,1.3,1.625,1.43336856898,0.6064251638,0.286713286713,0.603022689156,0.510249967747,0.237762237762,1.40129809949,1.18571377649,0.503496503497,2.05382127221,0.551025219373,7,3.72727272727,2.05382127221,7,0,0,0,0,0.22962962963,11,11,11,1,0,0.0909090909091,0.636363636364,0.272727272727,11,19,0.172727272727,3.14772727273,3.45454545455,1.9,2.11111111111,1.36847625947,0.396137864583,0.205741626794,1.00904995822,0.584186817916,0.306220095694,1.61807966991,0.936782966791,0.468899521531,1.18338851637,0.375950142385,3.96875,3.14772727273,1.18338851637,3.96875,0.41,0.3,5,0.030303030303,0.214444444444,11,11,11,1,0,0.0909090909091,0.727272727273,0.181818181818,-1,-0.00909090909091,0.104338842975,-0.181818181818,-0.1,-0.388888888889,-0.321063753241,-0.0684856389122,-0.0397129186603,-0.158698458023,-0.058074811017,-0.0301435406699,-0.321929702137,-0.130222187836,-0.0674641148325,0.126489741835,0.0286731519741,0.423295454545,0.104338842975,0.126489741835,0.423295454545,-0.0890476190476,-0.1,-3,-0.0181818181818,-0.0411111111111,0,0.0909090909091,-0.0909090909091,18,1,2,89,0.9,0.988888888889,0.0111111111111,0.1,0.947368421053,0.9,0.923076923077,0.906956031802,0.888888888889,0.857142857143,6,7,0,0,0,0
2638,WLNM_dir_neg,0.836734693878,0.550601779173,00:00:01,10,60,44,1176529793,threshold_sweep,0.1,1,0.714285714286,0.833333333333,5,0,2,14,0.714285714286,1,0,0.285714285714,1,0.714285714286,0.833333333333,0.904761904762,0.587301587302,0.769230769231,0.790569415042,0.714285714286,20,13,7,0,20,0,13,0,7,11,20,0.181818181818,3.04338842975,3.63636363636,2,2.5,1.68954001271,0.464623503495,0.245454545455,1.16774841624,0.642261628933,0.336363636364,1.94000937205,1.06700515463,0.536363636364,1.05689877454,0.347276990411,3.54545454545,3.04338842975,1.05689877454,3.54545454545,0.499047619048,0.4,8,0.0484848484848,0.255555555556,11,11,11,1,0,0.0909090909091,0.636363636364,0.272727272727,11,0.118181818182,3.72727272727,2.36363636364,1.3,1.625,1.43336856898,0.6064251638,0.286713286713,0.603022689156,0.510249967747,0.237762237762,1.40129809949,1.18571377649,0.503496503497,2.05382127221,0.551025219373,7,3.72727272727,2.05382127221,7,0,0,0,0,0.22962962963,11,11,11,1,0,0.0909090909091,0.636363636364,0.272727272727,11,18,0.163636363636,3.11363636364,3.27272727273,1.8,2.25,1.42062726223,0.434080552347,0.227272727273,0.924416277737,0.564921058617,0.292929292929,1.68954001271,1.03249667443,0.525252525253,1.14353419474,0.367266456706,3.875,3.11363636364,1.14353419474,3.875,0.366666666667,0.266666666667,4,0.0242424242424,0.221111111111,11,11,11,1,0,0.0909090909091,0.636363636364,0.272727272727,-2,-0.0181818181818,0.0702479338843,-0.363636363636,-0.2,-0.25,-0.268912750482,-0.030542951148,-0.0181818181818,-0.243332138505,-0.0773405703161,-0.0434343434343,-0.250469359339,-0.0345084801933,-0.0111111111111,0.0866354202056,0.0199894662943,0.329545454545,0.0702479338843,0.0866354202056,0.329545454545,-0.132380952381,-0.133333333333,-4,-0.0242424242424,-0.0344444444444,0,0,0,18,0,2,90,0.9,1,0,0.1,1,0.9,0.947368421053,0.938314863257,0.9,0.9,5,7,0,0,0,0
2639,WLNM_dir_neg,0.836734693878,0.550601779173,00:00:01,10,60,44,1176529793,threshold_sweep,0.2,1,0.571428571429,0.727272727273,4,0,3,14,0.571428571429,1,0,0.428571428571,1,0.571428571429,0.727272727273,0.857142857143,0.603174603175,0.64,0.68599434057,0.571428571429,20,13,7,0,20,0,13,0,7,11,20,0.181818181818,3.04338842975,3.63636363636,2,2.5,1.68954001271,0.464623503495,0.245454545455,1.16774841624,0.642261628933,0.336363636364,1.94000937205,1.06700515463,0.536363636364,1.05689877454,0.347276990411,3.54545454545,3.04338842975,1.05689877454,3.54545454545,0.499047619048,0.4,8,0.0484848484848,0.255555555556,11,11,11,1,0,0.0909090909091,0.636363636364,0.272727272727,11,0.118181818182,3.72727272727,2.36363636364,1.3,1.625,1.43336856898,0.6064251638,0.286713286713,0.603022689156,0.510249967747,0.237762237762,1.40129809949,1.18571377649,0.503496503497,2.05382127221,0.551025219373,7,3.72727272727,2.05382127221,7,0,0,0,0,0.22962962963,11,11,11,1,0,0.0909090909091,0.636363636364,0.272727272727,11,17,0.154545454545,3.17727272727,3.09090909091,1.7,2.125,1.30034960334,0.420701342257,0.208556149733,0.820199532265,0.530717344407,0.267379679144,1.57249078621,1.01749403814,0.513368983957,1.2536673475,0.394573414091,4.4,3.17727272727,1.2536673475,4.4,0.213333333333,0.153846153846,2,0.0121212121212,0.205555555556,11,11,11,1,0,0.0909090909091,0.636363636364,0.272727272727,-3,-0.0272727272727,0.133884297521,-0.545454545455,-0.3,-0.375,-0.389190409368,-0.0439221612377,-0.0368983957219,-0.347548883978,-0.111544284527,-0.0689839572193,-0.367518585835,-0.0495111164884,-0.0229946524064,0.196768572961,0.0472964236795,0.854545454545,0.133884297521,0.196768572961,0.854545454545,-0.285714285714,-0.246153846154,-6,-0.0363636363636,-0.05,0,0,0,17,0,3,90,0.85,1,0,0.15,1,0.85,0.918918918919,0.906962317388,0.85,0.85,4,7,0,0,0,0
2640,WLNM_dir_neg,0.836734693878,0.550601779173,00:00:01,10,60,44,1176529793,threshold_sweep,0.3,1,0.571428571429,0.727272727273,4,0,3,14,0.571428571429,1,0,0.428571428571,1,0.571428571429,0.727272727273,0.857142857143,0.603174603175,0.64,0.68599434057,0.571428571429,20,13,7,0,20,0,13,0,7,11,20,0.181818181818,3.04338842975,3.63636363636,2,2.5,1.68954001271,0.464623503495,0.245454545455,1.16774841624,0.642261628933,0.336363636364,1.94000937205,1.06700515463,0.536363636364,1.05689877454,0.347276990411,3.54545454545,3.04338842975,1.05689877454,3.54545454545,0.499047619048,0.4,8,0.0484848484848,0.255555555556,11,11,11,1,0,0.0909090909091,0.636363636364,0.272727272727,11,0.118181818182,3.72727272727,2.36363636364,1.3,1.625,1.43336856898,0.6064251638,0.286713286713,0.603022689156,0.510249967747,0.237762237762,1.40129809949,1.18571377649,0.503496503497,2.05382127221,0.551025219373,7,3.72727272727,2.05382127221,7,0,0,0,0,0.22962962963,11,11,11,1,0,0.0909090909091,0.636363636364,0.272727272727,11,17,0.154545454545,3.17727272727,3.09090909091,1.7,2.125,1.30034960334,0.420701342257,0.208556149733,0.820199532265,0.530717344407,0.267379679144,1.57249078621,1.01749403814,0.513368983957,1.2536673475,0.394573414091,4.4,3.17727272727,1.2536673475,4.4,0.213333333333,0.153846153846,2,0.0121212121212,0.205555555556,11,11,11,1,0,0.0909090909091,0.636363636364,0.272727272727,-3,-0.0272727272727,0.133884297521,-0.545454545455,-0.3,-0.375,-0.389190409368,-0.0439221612377,-0.0368983957219,-0.347548883978,-0.111544284527,-0.0689839572193,-0.367518585835,-0.0495111164884,-0.0229946524064,0.196768572961,0.0472964236795,0.854545454545,0.133884297521,0.196768572961,0.854545454545,-0.285714285714,-0.246153846154,-6,-0.0363636363636,-0.05,0,0,0,17,0,3,90,0.85,1,0,0.15,1,0.85,0.918918918919,0.906962317388,0.85,0.85,4,7,0,0,0,0
2641,WLNM_dir_neg,0.836734693878,0.550601779173,00:00:01,10,60,44,1176529793,threshold_sweep,0.4,1,0.428571428571,0.6,3,0,4,14,0.428571428571,1,0,0.571428571429,1,0.428571428571,0.6,0.809523809524,0.619047619048,0.5,0.57735026919,0.428571428571,20,13,7,0,20,0,13,0,7,11,20,0.181818181818,3.04338842975,3.63636363636,2,2.5,1.68954001271,0.464623503495,0.245454545455,1.16774841624,0.642261628933,0.336363636364,1.94000937205,1.06700515463,0.536363636364,1.05689877454,0.347276990411,3.54545454545,3.04338842975,1.05689877454,3.54545454545,0.499047619048,0.4,8,0.0484848484848,0.255555555556,11,11,11,1,0,0.0909090909091,0.636363636364,0.272727272727,11,0.118181818182,3.72727272727,2.36363636364,1.3,1.625,1.43336856898,0.6064251638,0.286713286713,0.603022689156,0.510249967747,0.237762237762,1.40129809949,1.18571377649,0.503496503497,2.05382127221,0.551025219373,7,3.72727272727,2.05382127221,7,0,0,0,0,0.22962962963,11,11,11,1,0,0.0909090909091,0.636363636364,0.272727272727,11,16,0.145454545455,3.25,2.90909090909,1.6,2,1.22102788294,0.41972833476,0.181818181818,0.687551650952,0.47269176003,0.227272727273,1.50755672289,1.03644524699,0.511363636364,1.3758835545,0.423348786001,4.66666666667,3.25,1.3758835545,4.66666666667,0.213333333333,0.176470588235,2,0.0121212121212,0.192592592593,11,11,11,1,0,0.0909090909091,0.636363636364,0.272727272727,-4,-0.0363636363636,0.206611570248,-0.727272727273,-0.4,-0.5,-0.468512129772,-0.0448951687355,-0.0636363636364,-0.48019676529,-0.169569868904,-0.109090909091,-0.43245264916,-0.0305599076407,-0.025,0.318984779967,0.07607179559,1.12121212121,0.206611570248,0.318984779967,1.12121212121,-0.285714285714,-0.223529411765,-6,-0.0363636363636,-0.062962962963,0,0,0,16,0,4,90,0.8,1,0,0.2,1,0.8,0.888888888889,0.875189948987,0.8,0.8,3,7,0,0,0,0
2642,WLNM_dir_neg,0.836734693878,0.550601779173,00:00:01,10,60,44,1176529793,threshold_sweep,0.5,1,0.428571428571,0.6,3,0,4,14,0.428571428571,1,0,0.571428571429,1,0.428571428571,0.6,0.809523809524,0.619047619048,0.5,0.57735026919,0.428571428571,20,13,7,0,20,0,13,0,7,11,20,0.181818181818,3.04338842975,3.63636363636,2,2.5,1.68954001271,0.464623503495,0.245454545455,1.16774841624,0.642261628933,0.336363636364,1.94000937205,1.06700515463,0.536363636364,1.05689877454,0.347276990411,3.54545454545,3.04338842975,1.05689877454,3.54545454545,0.499047619048,0.4,8,0.0484848484848,0.255555555556,11,11,11,1,0,0.0909090909091,0.636363636364,0.272727272727,11,0.118181818182,3.72727272727,2.36363636364,1.3,1.625,1.43336856898,0.6064251638,0.286713286713,0.603022689156,0.510249967747,0.237762237762,1.40129809949,1.18571377649,0.503496503497,2.05382127221,0.551025219373,7,3.72727272727,2.05382127221,7,0,0,0,0,0.22962962963,11,11,11,1,0,0.0909090909091,0.636363636364,0.272727272727,11,16,0.145454545455,3.25,2.90909090909,1.6,2,1.22102788294,0.41972833476,0.181818181818,0.687551650952,0.47269176003,0.227272727273,1.50755672289,1.03644524699,0.511363636364,1.3758835545,0.423348786001,4.66666666667,3.25,1.3758835545,4.66666666667,0.213333333333,0.176470588235,2,0.0121212121212,0.192592592593,11,11,11,1,0,0.0909090909091,0.636363636364,0.272727272727,-4,-0.0363636363636,0.206611570248,-0.727272727273,-0.4,-0.5,-0.468512129772,-0.0448951687355,-0.0636363636364,-0.48019676529,-0.169569868904,-0.109090909091,-0.43245264916,-0.0305599076407,-0.025,0.318984779967,0.07607179559,1.12121212121,0.206611570248,0.318984779967,1.12121212121,-0.285714285714,-0.223529411765,-6,-0.0363636363636,-0.062962962963,0,0,0,16,0,4,90,0.8,1,0,0.2,1,0.8,0.888888888889,0.875189948987,0.8,0.8,3,7,0,0,0,0
2643,WLNM_dir_neg,0.836734693878,0.550601779173,00:00:01,10,60,44,1176529793,threshold_sweep,0.6,1,0.428571428571,0.6,3,0,4,14,0.428571428571,1,0,0.571428571429,1,0.428571428571,0.6,0.809523809524,0.619047619048,0.5,0.57735026919,0.428571428571,20,13,7,0,20,0,13,0,7,11,20,0.181818181818,3.04338842975,3.63636363636,2,2.5,1.68954001271,0.464623503495,0.245454545455,1.16774841624,0.642261628933,0.336363636364,1.94000937205,1.06700515463,0.536363636364,1.05689877454,0.347276990411,3.54545454545,3.04338842975,1.05689877454,3.54545454545,0.499047619048,0.4,8,0.0484848484848,0.255555555556,11,11,11,1,0,0.0909090909091,0.636363636364,0.272727272727,11,0.118181818182,3.72727272727,2.36363636364,1.3,1.625,1.43336856898,0.6064251638,0.286713286713,0.603022689156,0.510249967747,0.237762237762,1.40129809949,1.18571377649,0.503496503497,2.05382127221,0.551025219373,7,3.72727272727,2.05382127221,7,0,0,0,0,0.22962962963,11,11,11,1,0,0.0909090909091,0.636363636364,0.272727272727,11,16,0.145454545455,3.25,2.90909090909,1.6,2,1.22102788294,0.41972833476,0.181818181818,0.687551650952,0.47269176003,0.227272727273,1.50755672289,1.03644524699,0.511363636364,1.3758835545,0.423348786001,4.66666666667,3.25,1.3758835545,4.66666666667,0.213333333333,0.176470588235,2,0.0121212121212,0.192592592593,11,11,11,1,0,0.0909090909091,0.636363636364,0.272727272727,-4,-0.0363636363636,0.206611570248,-0.727272727273,-0.4,-0.5,-0.468512129772,-0.0448951687355,-0.0636363636364,-0.48019676529,-0.169569868904,-0.109090909091,-0.43245264916,-0.0305599076407,-0.025,0.318984779967,0.07607179559,1.12121212121,0.206611570248,0.318984779967,1.12121212121,-0.285714285714,-0.223529411765,-6,-0.0363636363636,-0.062962962963,0,0,0,16,0,4,90,0.8,1,0,0.2,1,0.8,0.888888888889,0.875189948987,0.8,0.8,3,7,0,0,0,0
2644,WLNM_dir_neg,0.836734693878,0.550601779173,00:00:01,10,60,44,1176529793,threshold_sweep,0.7,1,0.428571428571,0.6,3,0,4,14,0.428571428571,1,0,0.571428571429,1,0.428571428571,0.6,0.809523809524,0.619047619048,0.5,0.57735026919,0.428571428571,20,13,7,0,20,0,13,0,7,11,20,0.181818181818,3.04338842975,3.63636363636,2,2.5,1.68954001271,0.464623503495,0.245454545455,1.16774841624,0.642261628933,0.336363636364,1.94000937205,1.06700515463,0.536363636364,1.05689877454,0.347276990411,3.54545454545,3.04338842975,1.05689877454,3.54545454545,0.499047619048,0.4,8,0.0484848484848,0.255555555556,11,11,11,1,0,0.0909090909091,0.636363636364,0.272727272727,11,0.118181818182,3.72727272727,2.36363636364,1.3,1.625,1.43336856898,0.6064251638,0.286713286713,0.603022689156,0.510249967747,0.237762237762,1.40129809949,1.18571377649,0.503496503497,2.05382127221,0.551025219373,7,3.72727272727,2.05382127221,7,0,0,0,0,0.22962962963,11,11,11,1,0,0.0909090909091,0.636363636364,0.272727272727,11,16,0.145454545455,3.25,2.90909090909,1.6,2,1.22102788294,0.41972833476,0.181818181818,0.687551650952,0.47269176003,0.227272727273,1.50755672289,1.03644524699,0.511363636364,1.3758835545,0.423348786001,4.66666666667,3.25,1.3758835545,4.66666666667,0.213333333333,0.176470588235,2,0.0121212121212,0.192592592593,11,11,11,1,0,0.0909090909091,0.636363636364,0.272727272727,-4,-0.0363636363636,0.206611570248,-0.727272727273,-0.4,-0.5,-0.468512129772,-0.0448951687355,-0.0636363636364,-0.48019676529,-0.169569868904,-0.109090909091,-0.43245264916,-0.0305599076407,-0.025,0.318984779967,0.07607179559,1.12121212121,0.206611570248,0.318984779967,1.12121212121,-0.285714285714,-0.223529411765,-6,-0.0363636363636,-0.062962962963,0,0,0,16,0,4,90,0.8,1,0,0.2,1,0.8,0.888888888889,0.875189948987,0.8,0.8,3,7,0,0,0,0
2645,WLNM_dir_neg,0.836734693878,0.550601779173,00:00:01,10,60,44,1176529793,threshold_sweep,0.8,1,0.428571428571,0.6,3,0,4,14,0.428571428571,1,0,0.571428571429,1,0.428571428571,0.6,0.809523809524,0.619047619048,0.5,0.57735026919,0.428571428571,20,13,7,0,20,0,13,0,7,11,20,0.181818181818,3.04338842975,3.63636363636,2,2.5,1.68954001271,0.464623503495,0.245454545455,1.16774841624,0.642261628933,0.336363636364,1.94000937205,1.06700515463,0.536363636364,1.05689877454,0.347276990411,3.54545454545,3.04338842975,1.05689877454,3.54545454545,0.499047619048,0.4,8,0.0484848484848,0.255555555556,11,11,11,1,0,0.0909090909091,0.636363636364,0.272727272727,11,0.118181818182,3.72727272727,2.36363636364,1.3,1.625,1.43336856898,0.6064251638,0.286713286713,0.603022689156,0.510249967747,0.237762237762,1.40129809949,1.18571377649,0.503496503497,2.05382127221,0.551025219373,7,3.72727272727,2.05382127221,7,0,0,0,0,0.22962962963,11,11,11,1,0,0.0909090909091,0.636363636364,0.272727272727,11,16,0.145454545455,3.25,2.90909090909,1.6,2,1.22102788294,0.41972833476,0.181818181818,0.687551650952,0.47269176003,0.227272727273,1.50755672289,1.03644524699,0.511363636364,1.3758835545,0.423348786001,4.66666666667,3.25,1.3758835545,4.66666666667,0.213333333333,0.176470588235,2,0.0121212121212,0.192592592593,11,11,11,1,0,0.0909090909091,0.636363636364,0.272727272727,-4,-0.0363636363636,0.206611570248,-0.727272727273,-0.4,-0.5,-0.468512129772,-0.0448951687355,-0.0636363636364,-0.48019676529,-0.169569868904,-0.109090909091,-0.43245264916,-0.0305599076407,-0.025,0.318984779967,0.07607179559,1.12121212121,0.206611570248,0.318984779967,1.12121212121,-0.285714285714,-0.223529411765,-6,-0.0363636363636,-0.062962962963,0,0,0,16,0,4,90,0.8,1,0,0.2,1,0.8,0.888888888889,0.875189948987,0.8,0.8,3,7,0,0,0,0
2646,WLNM_dir_neg,0.836734693878,0.550601779173,00:00:01,10,60,44,1176529793,threshold_sweep,0.9,1,0.428571428571,0.6,3,0,4,14,0.428571428571,1,0,0.571428571429,1,0.428571428571,0.6,0.809523809524,0.619047619048,0.5,0.57735026919,0.428571428571,20,13,7,0,20,0,13,0,7,11,20,0.181818181818,3.04338842975,3.63636363636,2,2.5,1.68954001271,0.464623503495,0.245454545455,1.16774841624,0.642261628933,0.336363636364,1.94000937205,1.06700515463,0.536363636364,1.05689877454,0.347276990411,3.54545454545,3.04338842975,1.05689877454,3.54545454545,0.499047619048,0.4,8,0.0484848484848,0.255555555556,11,11,11,1,0,0.0909090909091,0.636363636364,0.272727272727,11,0.118181818182,3.72727272727,2.36363636364,1.3,1.625,1.43336856898,0.6064251638,0.286713286713,0.603022689156,0.510249967747,0.237762237762,1.40129809949,1.18571377649,0.503496503497,2.05382127221,0.551025219373,7,3.72727272727,2.05382127221,7,0,0,0,0,0.22962962963,11,11,11,1,0,0.0909090909091,0.636363636364,0.272727272727,11,16,0.145454545455,3.25,2.90909090909,1.6,2,1.22102788294,0.41972833476,0.181818181818,0.687551650952,0.47269176003,0.227272727273,1.50755672289,1.03644524699,0.511363636364,1.3758835545,0.423348786001,4.66666666667,3.25,1.3758835545,4.66666666667,0.213333333333,0.176470588235,2,0.0121212121212,0.192592592593,11,11,11,1,0,0.0909090909091,0.636363636364,0.272727272727,-4,-0.0363636363636,0.206611570248,-0.727272727273,-0.4,-0.5,-0.468512129772,-0.0448951687355,-0.0636363636364,-0.48019676529,-0.169569868904,-0.109090909091,-0.43245264916,-0.0305599076407,-0.025,0.318984779967,0.07607179559,1.12121212121,0.206611570248,0.318984779967,1.12121212121,-0.285714285714,-0.223529411765,-6,-0.0363636363636,-0.062962962963,0,0,0,16,0,4,90,0.8,1,0,0.2,1,0.8,0.888888888889,0.875189948987,0.8,0.8,3,7,0,0,0,0
2647,WLNM_dir_neg,0.938775510204,0.772804576376,00:00:01,10,60,45,1176529794,threshold_sweep,0.1,0.833333333333,0.714285714286,0.769230769231,5,1,2,13,0.714285714286,0.928571428571,0.0714285714286,0.285714285714,0.833333333333,0.714285714286,0.769230769231,0.857142857143,0.571428571429,0.666666666667,0.67082039325,0.642857142857,20,13,7,0,20,0,13,0,7,11,20,0.181818181818,3.04338842975,3.63636363636,2,2.5,1.68954001271,0.464623503495,0.245454545455,1.16774841624,0.642261628933,0.336363636364,1.94000937205,1.06700515463,0.536363636364,1.05689877454,0.347276990411,3.54545454545,3.04338842975,1.05689877454,3.54545454545,0.499047619048,0.4,8,0.0484848484848,0.255555555556,11,11,11,1,0,0.0909090909091,0.636363636364,0.272727272727,11,0.118181818182,3.72727272727,2.36363636364,1.3,1.625,1.43336856898,0.6064251638,0.286713286713,0.603022689156,0.510249967747,0.237762237762,1.40129809949,1.18571377649,0.503496503497,2.05382127221,0.551025219373,7,3.72727272727,2.05382127221,7,0,0,0,0,0.22962962963,11,11,11,1,0,0.0909090909091,0.636363636364,0.272727272727,11,19,0.172727272727,5.5,3.45454545455,1.9,2.375,1.63484778274,0.473245410793,0.244019138756,0.904534033733,0.523677598477,0.267942583732,1.67874411933,0.971904490138,0.507177033493,1.95975125973,0.356318410859,6.875,5.5,1.95975125973,6.875,0.432380952381,0.333333333333,6,0.0363636363636,0.219259259259,11,11,11,1,0,0.0909090909091,0.636363636364,0.272727272727,-1,-0.00909090909091,2.45661157025,-0.181818181818,-0.1,-0.125,-0.05469222997,0.00862190729789,-0.00143540669856,-0.263214382509,-0.118584030456,-0.0684210526316,-0.26126525272,-0.0951006644889,-0.0291866028708,0.90285248519,0.00904142044806,3.32954545455,2.45661157025,0.90285248519,3.32954545455,-0.0666666666667,-0.0666666666667,-2,-0.0121212121212,-0.0362962962963,0,0,0,18,1,2,89,0.9,0.988888888889,0.0111111111111,0.1,0.947368421053,0.9,0.923076923077,0.906956031802,0.888888888889,0.857142857143,6,7,0,0,0,0
2648,WLNM_dir_neg,0.938775510204,0.772804576376,00:00:01,10,60,45,1176529794,threshold_sweep,0.2,0.833333333333,0.714285714286,0.769230769231,5,1,2,13,0.714285714286,0.928571428571,0.0714285714286,0.285714285714,0.833333333333,0.714285714286,0.769230769231,0.857142857143,0.571428571429,0.666666666667,0.67082039325,0.642857142857,20,13,7,0,20,0,13,0,7,11,20,0.181818181818,3.04338842975,3.63636363636,2,2.5,1.68954001271,0.464623503495,0.245454545455,1.16774841624,0.642261628933,0.336363636364,1.94000937205,1.06700515463,0.536363636364,1.05689877454,0.347276990411,3.54545454545,3.04338842975,1.05689877454,3.54545454545,0.499047619048,0.4,8,0.0484848484848,0.255555555556,11,11,11,1,0,0.0909090909091,0.636363636364,0.272727272727,11,0.118181818182,3.72727272727,2.36363636364,1.3,1.625,1.43336856898,0.6064251638,0.286713286713,0.603022689156,0.510249967747,0.237762237762,1.40129809949,1.18571377649,0.503496503497,2.05382127221,0.551025219373,7,3.72727272727,2.05382127221,7,0,0,0,0,0.22962962963,11,11,11,1,0,0.0909090909091,0.636363636364,0.272727272727,11,19,0.172727272727,5.5,3.45454545455,1.9,2.375,1.63484778274,0.473245410793,0.244019138756,0.904534033733,0.523677598477,0.267942583732,1.67874411933,0.971904490138,0.507177033493,1.95975125973,0.356318410859,6.875,5.5,1.95975125973,6.875,0.432380952381,0.333333333333,6,0.0363636363636,0.219259259259,11,11,11,1,0,0.0909090909091,0.636363636364,0.272727272727,-1,-0.00909090909091,2.45661157025,-0.181818181818,-0.1,-0.125,-0.05469222997,0.00862190729789,-0.00143540669856,-0.263214382509,-0.118584030456,-0.0684210526316,-0.26126525272,-0.0951006644889,-0.0291866028708,0.90285248519,0.00904142044806,3.32954545455,2.45661157025,0.90285248519,3.32954545455,-0.0666666666667,-0.0666666666667,-2,-0.0121212121212,-0.0362962962963,0,0,0,18,1,2,89,0.9,0.988888888889,0.0111111111111,0.1,0.947368421053,0.9,0.923076923077,0.906956031802,0.888888888889,0.857142857143,6,7,0,0,0,0
2649,WLNM_dir_neg,0.938775510204,0.772804576376,00:00:01,10,60,45,1176529794,threshold_sweep,0.3,0.833333333333,0.714285714286,0.769230769231,5,1,2,13,0.714285714286,0.928571428571,0.0714285714286,0.285714285714,0.833333333333,0.714285714286,0.769230769231,0.857142857143,0.571428571429,0.666666666667,0.67082039325,0.642857142857,20,13,7,0,20,0,13,0,7,11,20,0.181818181818,3.04338842975,3.63636363636,2,2.5,1.68954001271,0.464623503495,0.245454545455,1.16774841624,0.642261628933,0.336363636364,1.94000937205,1.06700515463,0.536363636364,1.05689877454,0.347276990411,3.54545454545,3.04338842975,1.05689877454,3.54545454545,0.499047619048,0.4,8,0.0484848484848,0.255555555556,11,11,11,1,0,0.0909090909091,0.636363636364,0.272727272727,11,0.118181818182,3.72727272727,2.36363636364,1.3,1.625,1.43336856898,0.6064251638,0.286713286713,0.603022689156,0.510249967747,0.237762237762,1.40129809949,1.18571377649,0.503496503497,2.05382127221,0.551025219373,7,3.72727272727,2.05382127221,7,0,0,0,0,0.22962962963,11,11,11,1,0,0.0909090909091,0.636363636364,0.272727272727,11,19,0.172727272727,5.5,3.45454545455,1.9,2.375,1.63484778274,0.473245410793,0.244019138756,0.904534033733,0.523677598477,0.267942583732,1.67874411933,0.971904490138,0.507177033493,1.95975125973,0.356318410859,6.875,5.5,1.95975125973,6.875,0.432380952381,0.333333333333,6,0.0363636363636,0.219259259259,11,11,11,1,0,0.0909090909091,0.636363636364,0.272727272727,-1,-0.00909090909091,2.45661157025,-0.181818181818,-0.1,-0.125,-0.05469222997,0.00862190729789,-0.00143540669856,-0.263214382509,-0.118584030456,-0.0684210526316,-0.26126525272,-0.0951006644889,-0.0291866028708,0.90285248519,0.00904142044806,3.32954545455,2.45661157025,0.90285248519,3.32954545455,-0.0666666666667,-0.0666666666667,-2,-0.0121212121212,-0.0362962962963,0,0,0,18,1,2,89,0.9,0.988888888889,0.0111111111111,0.1,0.947368421053,0.9,0.923076923077,0.906956031802,0.888888888889,0.857142857143,6,7,0,0,0,0
2650,WLNM_dir_neg,0.938775510204,0.772804576376,00:00:01,10,60,45,1176529794,threshold_sweep,0.4,1,0.714285714286,0.833333333333,5,0,2,14,0.714285714286,1,0,0.285714285714,1,0.714285714286,0.833333333333,0.904761904762,0.587301587302,0.769230769231,0.790569415042,0.714285714286,20,13,7,0,20,0,13,0,7,11,20,0.181818181818,3.04338842975,3.63636363636,2,2.5,1.68954001271,0.464623503495,0.245454545455,1.16774841624,0.642261628933,0.336363636364,1.94000937205,1.06700515463,0.536363636364,1.05689877454,0.347276990411,3.54545454545,3.04338842975,1.05689877454,3.54545454545,0.499047619048,0.4,8,0.0484848484848,0.255555555556,11,11,11,1,0,0.0909090909091,0.636363636364,0.272727272727,11,0.118181818182,3.72727272727,2.36363636364,1.3,1.625,1.43336856898,0.6064251638,0.286713286713,0.603022689156,0.510249967747,0.237762237762,1.40129809949,1.18571377649,0.503496503497,2.05382127221,0.551025219373,7,3.72727272727,2.05382127221,7,0,0,0,0,0.22962962963,11,11,11,1,0,0.0909090909091,0.636363636364,0.272727272727,11,18,0.163636363636,3.11363636364,3.27272727273,1.8,2.25,1.42062726223,0.434080552347,0.227272727273,0.924416277737,0.564921058617,0.292929292929,1.68954001271,1.03249667443,0.525252525253,1.14353419474,0.367266456706,3.875,3.11363636364,1.14353419474,3.875,0.366666666667,0.266666666667,4,0.0242424242424,0.221111111111,11,11,11,1,0,0.0909090909091,0.636363636364,0.272727272727,-2,-0.0181818181818,0.0702479338843,-0.363636363636,-0.2,-0.25,-0.268912750482,-0.030542951148,-0.0181818181818,-0.243332138505,-0.0773405703161,-0.0434343434343,-0.250469359339,-0.0345084801933,-0.0111111111111,0.0866354202056,0.0199894662943,0.329545454545,0.0702479338843,0.0866354202056,0.329545454545,-0.132380952381,-0.133333333333,-4,-0.0242424242424,-0.0344444444444,0,0,0,18,0,2,90,0.9,1,0,0.1,1,0.9,0.947368421053,0.938314863257,0.9,0.9,5,7,0,0,0,0
2651,WLNM_dir_neg,0.938775510204,0.772804576376,00:00:01,10,60,45,1176529794,threshold_sweep,0.5,1,0.714285714286,0.833333333333,5,0,2,14,0.714285714286,1,0,0.285714285714,1,0.714285714286,0.833333333333,0.904761904762,0.587301587302,0.769230769231,0.790569415042,0.714285714286,20,13,7,0,20,0,13,0,7,11,20,0.181818181818,3.04338842975,3.63636363636,2,2.5,1.68954001271,0.464623503495,0.245454545455,1.16774841624,0.642261628933,0.336363636364,1.94000937205,1.06700515463,0.536363636364,1.05689877454,0.347276990411,3.54545454545,3.04338842975,1.05689877454,3.54545454545,0.499047619048,0.4,8,0.0484848484848,0.255555555556,11,11,11,1,0,0.0909090909091,0.636363636364,0.272727272727,11,0.118181818182,3.72727272727,2.36363636364,1.3,1.625,1.43336856898,0.6064251638,0.286713286713,0.603022689156,0.510249967747,0.237762237762,1.40129809949,1.18571377649,0.503496503497,2.05382127221,0.551025219373,7,3.72727272727,2.05382127221,7,0,0,0,0,0.22962962963,11,11,11,1,0,0.0909090909091,0.636363636364,0.272727272727,11,18,0.163636363636,3.11363636364,3.27272727273,1.8,2.25,1.42062726223,0.434080552347,0.227272727273,0.924416277737,0.564921058617,0.292929292929,1.68954001271,1.03249667443,0.525252525253,1.14353419474,0.367266456706,3.875,3.11363636364,1.14353419474,3.875,0.366666666667,0.266666666667,4,0.0242424242424,0.221111111111,11,11,11,1,0,0.0909090909091,0.636363636364,0.272727272727,-2,-0.0181818181818,0.0702479338843,-0.363636363636,-0.2,-0.25,-0.268912750482,-0.030542951148,-0.0181818181818,-0.243332138505,-0.0773405703161,-0.0434343434343,-0.250469359339,-0.0345084801933,-0.0111111111111,0.0866354202056,0.0199894662943,0.329545454545,0.0702479338843,0.0866354202056,0.329545454545,-0.132380952381,-0.133333333333,-4,-0.0242424242424,-0.0344444444444,0,0,0,18,0,2,90,0.9,1,0,0.1,1,0.9,0.947368421053,0.938314863257,0.9,0.9,5,7,0,0,0,0
2652,WLNM_dir_neg,0.938775510204,0.772804576376,00:00:01,10,60,45,1176529794,threshold_sweep,0.6,1,0.714285714286,0.833333333333,5,0,2,14,0.714285714286,1,0,0.285714285714,1,0.714285714286,0.833333333333,0.904761904762,0.587301587302,0.769230769231,0.790569415042,0.714285714286,20,13,7,0,20,0,13,0,7,11,20,0.181818181818,3.04338842975,3.63636363636,2,2.5,1.68954001271,0.464623503495,0.245454545455,1.16774841624,0.642261628933,0.336363636364,1.94000937205,1.06700515463,0.536363636364,1.05689877454,0.347276990411,3.54545454545,3.04338842975,1.05689877454,3.54545454545,0.499047619048,0.4,8,0.0484848484848,0.255555555556,11,11,11,1,0,0.0909090909091,0.636363636364,0.272727272727,11,0.118181818182,3.72727272727,2.36363636364,1.3,1.625,1.43336856898,0.6064251638,0.286713286713,0.603022689156,0.510249967747,0.237762237762,1.40129809949,1.18571377649,0.503496503497,2.05382127221,0.551025219373,7,3.72727272727,2.05382127221,7,0,0,0,0,0.22962962963,11,11,11,1,0,0.0909090909091,0.636363636364,0.272727272727,11,18,0.163636363636,3.11363636364,3.27272727273,1.8,2.25,1.42062726223,0.434080552347,0.227272727273,0.924416277737,0.564921058617,0.292929292929,1.68954001271,1.03249667443,0.525252525253,1.14353419474,0.367266456706,3.875,3.11363636364,1.14353419474,3.875,0.366666666667,0.266666666667,4,0.0242424242424,0.221111111111,11,11,11,1,0,0.0909090909091,0.636363636364,0.272727272727,-2,-0.0181818181818,0.0702479338843,-0.363636363636,-0.2,-0.25,-0.268912750482,-0.030542951148,-0.0181818181818,-0.243332138505,-0.0773405703161,-0.0434343434343,-0.250469359339,-0.0345084801933,-0.0111111111111,0.0866354202056,0.0199894662943,0.329545454545,0.0702479338843,0.0866354202056,0.329545454545,-0.132380952381,-0.133333333333,-4,-0.0242424242424,-0.0344444444444,0,0,0,18,0,2,90,0.9,1,0,0.1,1,0.9,0.947368421053,0.938314863257,0.9,0.9,5,7,0,0,0,0
2653,WLNM_dir_neg,0.938775510204,0.772804576376,00:00:01,10,60,45,1176529794,threshold_sweep,0.7,1,0.714285714286,0.833333333333,5,0,2,14,0.714285714286,1,0,0.285714285714,1,0.714285714286,0.833333333333,0.904761904762,0.587301587302,0.769230769231,0.790569415042,0.714285714286,20,13,7,0,20,0,13,0,7,11,20,0.181818181818,3.04338842975,3.63636363636,2,2.5,1.68954001271,0.464623503495,0.245454545455,1.16774841624,0.642261628933,0.336363636364,1.94000937205,1.06700515463,0.536363636364,1.05689877454,0.347276990411,3.54545454545,3.04338842975,1.05689877454,3.54545454545,0.499047619048,0.4,8,0.0484848484848,0.255555555556,11,11,11,1,0,0.0909090909091,0.636363636364,0.272727272727,11,0.118181818182,3.72727272727,2.36363636364,1.3,1.625,1.43336856898,0.6064251638,0.286713286713,0.603022689156,0.510249967747,0.237762237762,1.40129809949,1.18571377649,0.503496503497,2.05382127221,0.551025219373,7,3.72727272727,2.05382127221,7,0,0,0,0,0.22962962963,11,11,11,1,0,0.0909090909091,0.636363636364,0.272727272727,11,18,0.163636363636,3.11363636364,3.27272727273,1.8,2.25,1.42062726223,0.434080552347,0.227272727273,0.924416277737,0.564921058617,0.292929292929,1.68954001271,1.03249667443,0.525252525253,1.14353419474,0.367266456706,3.875,3.11363636364,1.14353419474,3.875,0.366666666667,0.266666666667,4,0.0242424242424,0.221111111111,11,11,11,1,0,0.0909090909091,0.636363636364,0.272727272727,-2,-0.0181818181818,0.0702479338843,-0.363636363636,-0.2,-0.25,-0.268912750482,-0.030542951148,-0.0181818181818,-0.243332138505,-0.0773405703161,-0.0434343434343,-0.250469359339,-0.0345084801933,-0.0111111111111,0.0866354202056,0.0199894662943,0.329545454545,0.0702479338843,0.0866354202056,0.329545454545,-0.132380952381,-0.133333333333,-4,-0.0242424242424,-0.0344444444444,0,0,0,18,0,2,90,0.9,1,0,0.1,1,0.9,0.947368421053,0.938314863257,0.9,0.9,5,7,0,0,0,0
2654,WLNM_dir_neg,0.938775510204,0.772804576376,00:00:01,10,60,45,1176529794,threshold_sweep,0.8,1,0.714285714286,0.833333333333,5,0,2,14,0.714285714286,1,0,0.285714285714,1,0.714285714286,0.833333333333,0.904761904762,0.587301587302,0.769230769231,0.790569415042,0.714285714286,20,13,7,0,20,0,13,0,7,11,20,0.181818181818,3.04338842975,3.63636363636,2,2.5,1.68954001271,0.464623503495,0.245454545455,1.16774841624,0.642261628933,0.336363636364,1.94000937205,1.06700515463,0.536363636364,1.05689877454,0.347276990411,3.54545454545,3.04338842975,1.05689877454,3.54545454545,0.499047619048,0.4,8,0.0484848484848,0.255555555556,11,11,11,1,0,0.0909090909091,0.636363636364,0.272727272727,11,0.118181818182,3.72727272727,2.36363636364,1.3,1.625,1.43336856898,0.6064251638,0.286713286713,0.603022689156,0.510249967747,0.237762237762,1.40129809949,1.18571377649,0.503496503497,2.05382127221,0.551025219373,7,3.72727272727,2.05382127221,7,0,0,0,0,0.22962962963,11,11,11,1,0,0.0909090909091,0.636363636364,0.272727272727,11,18,0.163636363636,3.11363636364,3.27272727273,1.8,2.25,1.42062726223,0.434080552347,0.227272727273,0.924416277737,0.564921058617,0.292929292929,1.68954001271,1.03249667443,0.525252525253,1.14353419474,0.367266456706,3.875,3.11363636364,1.14353419474,3.875,0.366666666667,0.266666666667,4,0.0242424242424,0.221111111111,11,11,11,1,0,0.0909090909091,0.636363636364,0.272727272727,-2,-0.0181818181818,0.0702479338843,-0.363636363636,-0.2,-0.25,-0.268912750482,-0.030542951148,-0.0181818181818,-0.243332138505,-0.0773405703161,-0.0434343434343,-0.250469359339,-0.0345084801933,-0.0111111111111,0.0866354202056,0.0199894662943,0.329545454545,0.0702479338843,0.0866354202056,0.329545454545,-0.132380952381,-0.133333333333,-4,-0.0242424242424,-0.0344444444444,0,0,0,18,0,2,90,0.9,1,0,0.1,1,0.9,0.947368421053,0.938314863257,0.9,0.9,5,7,0,0,0,0
2655,WLNM_dir_neg,0.938775510204,0.772804576376,00:00:01,10,60,45,1176529794,threshold_sweep,0.9,1,0.714285714286,0.833333333333,5,0,2,14,0.714285714286,1,0,0.285714285714,1,0.714285714286,0.833333333333,0.904761904762,0.587301587302,0.769230769231,0.790569415042,0.714285714286,20,13,7,0,20,0,13,0,7,11,20,0.181818181818,3.04338842975,3.63636363636,2,2.5,1.68954001271,0.464623503495,0.245454545455,1.16774841624,0.642261628933,0.336363636364,1.94000937205,1.06700515463,0.536363636364,1.05689877454,0.347276990411,3.54545454545,3.04338842975,1.05689877454,3.54545454545,0.499047619048,0.4,8,0.0484848484848,0.255555555556,11,11,11,1,0,0.0909090909091,0.636363636364,0.272727272727,11,0.118181818182,3.72727272727,2.36363636364,1.3,1.625,1.43336856898,0.6064251638,0.286713286713,0.603022689156,0.510249967747,0.237762237762,1.40129809949,1.18571377649,0.503496503497,2.05382127221,0.551025219373,7,3.72727272727,2.05382127221,7,0,0,0,0,0.22962962963,11,11,11,1,0,0.0909090909091,0.636363636364,0.272727272727,11,18,0.163636363636,3.11363636364,3.27272727273,1.8,2.25,1.42062726223,0.434080552347,0.227272727273,0.924416277737,0.564921058617,0.292929292929,1.68954001271,1.03249667443,0.525252525253,1.14353419474,0.367266456706,3.875,3.11363636364,1.14353419474,3.875,0.366666666667,0.266666666667,4,0.0242424242424,0.221111111111,11,11,11,1,0,0.0909090909091,0.636363636364,0.272727272727,-2,-0.0181818181818,0.0702479338843,-0.363636363636,-0.2,-0.25,-0.268912750482,-0.030542951148,-0.0181818181818,-0.243332138505,-0.0773405703161,-0.0434343434343,-0.250469359339,-0.0345084801933,-0.0111111111111,0.0866354202056,0.0199894662943,0.329545454545,0.0702479338843,0.0866354202056,0.329545454545,-0.132380952381,-0.133333333333,-4,-0.0242424242424,-0.0344444444444,0,0,0,18,0,2,90,0.9,1,0,0.1,1,0.9,0.947368421053,0.938314863257,0.9,0.9,5,7,0,0,0,0
2656,WLNM_dir_neg,0.897959183673,0.726731601732,00:00:01,10,60,46,1176529795,threshold_sweep,0.1,1,0.714285714286,0.833333333333,5,0,2,14,0.714285714286,1,0,0.285714285714,1,0.714285714286,0.833333333333,0.904761904762,0.587301587302,0.769230769231,0.790569415042,0.714285714286,20,13,7,0,20,0,13,0,7,11,20,0.181818181818,3.04338842975,3.63636363636,2,2.5,1.68954001271,0.464623503495,0.245454545455,1.16774841624,0.642261628933,0.336363636364,1.94000937205,1.06700515463,0.536363636364,1.05689877454,0.347276990411,3.54545454545,3.04338842975,1.05689877454,3.54545454545,0.499047619048,0.4,8,0.0484848484848,0.255555555556,11,11,11,1,0,0.0909090909091,0.636363636364,0.272727272727,11,0.118181818182,3.72727272727,2.36363636364,1.3,1.625,1.43336856898,0.6064251638,0.286713286713,0.603022689156,0.510249967747,0.237762237762,1.40129809949,1.18571377649,0.503496503497,2.05382127221,0.551025219373,7,3.72727272727,2.05382127221,7,0,0,0,0,0.22962962963,11,11,11,1,0,0.0909090909091,0.636363636364,0.272727272727,11,18,0.163636363636,3.11363636364,3.27272727273,1.8,2.25,1.42062726223,0.434080552347,0.227272727273,0.924416277737,0.564921058617,0.292929292929,1.68954001271,1.03249667443,0.525252525253,1.14353419474,0.367266456706,3.875,3.11363636364,1.14353419474,3.875,0.366666666667,0.266666666667,4,0.0242424242424,0.221111111111,11,11,11,1,0,0.0909090909091,0.636363636364,0.272727272727,-2,-0.0181818181818,0.0702479338843,-0.363636363636,-0.2,-0.25,-0.268912750482,-0.030542951148,-0.0181818181818,-0.243332138505,-0.0773405703161,-0.0434343434343,-0.250469359339,-0.0345084801933,-0.0111111111111,0.0866354202056,0.0199894662943,0.329545454545,0.0702479338843,0.0866354202056,0.329545454545,-0.132380952381,-0.133333333333,-4,-0.0242424242424,-0.0344444444444,0,0,0,18,0,2,90,0.9,1,0,0.1,1,0.9,0.947368421053,0.938314863257,0.9,0.9,5,7,0,0,0,0
2657,WLNM_dir_neg,0.897959183673,0.726731601732,00:00:01,10,60,46,1176529795,threshold_sweep,0.2,1,0.714285714286,0.833333333333,5,0,2,14,0.714285714286,1,0,0.285714285714,1,0.714285714286,0.833333333333,0.904761904762,0.587301587302,0.769230769231,0.790569415042,0.714285714286,20,13,7,0,20,0,13,0,7,11,20,0.181818181818,3.04338842975,3.63636363636,2,2.5,1.68954001271,0.464623503495,0.245454545455,1.16774841624,0.642261628933,0.336363636364,1.94000937205,1.06700515463,0.536363636364,1.05689877454,0.347276990411,3.54545454545,3.04338842975,1.05689877454,3.54545454545,0.499047619048,0.4,8,0.0484848484848,0.255555555556,11,11,11,1,0,0.0909090909091,0.636363636364,0.272727272727,11,0.118181818182,3.72727272727,2.36363636364,1.3,1.625,1.43336856898,0.6064251638,0.286713286713,0.603022689156,0.510249967747,0.237762237762,1.40129809949,1.18571377649,0.503496503497,2.05382127221,0.551025219373,7,3.72727272727,2.05382127221,7,0,0,0,0,0.22962962963,11,11,11,1,0,0.0909090909091,0.636363636364,0.272727272727,11,18,0.163636363636,3.11363636364,3.27272727273,1.8,2.25,1.42062726223,0.434080552347,0.227272727273,0.924416277737,0.564921058617,0.292929292929,1.68954001271,1.03249667443,0.525252525253,1.14353419474,0.367266456706,3.875,3.11363636364,1.14353419474,3.875,0.366666666667,0.266666666667,4,0.0242424242424,0.221111111111,11,11,11,1,0,0.0909090909091,0.636363636364,0.272727272727,-2,-0.0181818181818,0.0702479338843,-0.363636363636,-0.2,-0.25,-0.268912750482,-0.030542951148,-0.0181818181818,-0.243332138505,-0.0773405703161,-0.0434343434343,-0.250469359339,-0.0345084801933,-0.0111111111111,0.0866354202056,0.0199894662943,0.329545454545,0.0702479338843,0.0866354202056,0.329545454545,-0.132380952381,-0.133333333333,-4,-0.0242424242424,-0.0344444444444,0,0,0,18,0,2,90,0.9,1,0,0.1,1,0.9,0.947368421053,0.938314863257,0.9,0.9,5,7,0,0,0,0
2658,WLNM_dir_neg,0.897959183673,0.726731601732,00:00:01,10,60,46,1176529795,threshold_sweep,0.3,1,0.714285714286,0.833333333333,5,0,2,14,0.714285714286,1,0,0.285714285714,1,0.714285714286,0.833333333333,0.904761904762,0.587301587302,0.769230769231,0.790569415042,0.714285714286,20,13,7,0,20,0,13,0,7,11,20,0.181818181818,3.04338842975,3.63636363636,2,2.5,1.68954001271,0.464623503495,0.245454545455,1.16774841624,0.642261628933,0.336363636364,1.94000937205,1.06700515463,0.536363636364,1.05689877454,0.347276990411,3.54545454545,3.04338842975,1.05689877454,3.54545454545,0.499047619048,0.4,8,0.0484848484848,0.255555555556,11,11,11,1,0,0.0909090909091,0.636363636364,0.272727272727,11,0.118181818182,3.72727272727,2.36363636364,1.3,1.625,1.43336856898,0.6064251638,0.286713286713,0.603022689156,0.510249967747,0.237762237762,1.40129809949,1.18571377649,0.503496503497,2.05382127221,0.551025219373,7,3.72727272727,2.05382127221,7,0,0,0,0,0.22962962963,11,11,11,1,0,0.0909090909091,0.636363636364,0.272727272727,11,18,0.163636363636,3.11363636364,3.27272727273,1.8,2.25,1.42062726223,0.434080552347,0.227272727273,0.924416277737,0.564921058617,0.292929292929,1.68954001271,1.03249667443,0.525252525253,1.14353419474,0.367266456706,3.875,3.11363636364,1.14353419474,3.875,0.366666666667,0.266666666667,4,0.0242424242424,0.221111111111,11,11,11,1,0,0.0909090909091,0.636363636364,0.272727272727,-2,-0.0181818181818,0.0702479338843,-0.363636363636,-0.2,-0.25,-0.268912750482,-0.030542951148,-0.0181818181818,-0.243332138505,-0.0773405703161,-0.0434343434343,-0.250469359339,-0.0345084801933,-0.0111111111111,0.0866354202056,0.0199894662943,0.329545454545,0.0702479338843,0.0866354202056,0.329545454545,-0.132380952381,-0.133333333333,-4,-0.0242424242424,-0.0344444444444,0,0,0,18,0,2,90,0.9,1,0,0.1,1,0.9,0.947368421053,0.938314863257,0.9,0.9,5,7,0,0,0,0
2659,WLNM_dir_neg,0.897959183673,0.726731601732,00:00:01,10,60,46,1176529795,threshold_sweep,0.4,1,0.714285714286,0.833333333333,5,0,2,14,0.714285714286,1,0,0.285714285714,1,0.714285714286,0.833333333333,0.904761904762,0.587301587302,0.769230769231,0.790569415042,0.714285714286,20,13,7,0,20,0,13,0,7,11,20,0.181818181818,3.04338842975,3.63636363636,2,2.5,1.68954001271,0.464623503495,0.245454545455,1.16774841624,0.642261628933,0.336363636364,1.94000937205,1.06700515463,0.536363636364,1.05689877454,0.347276990411,3.54545454545,3.04338842975,1.05689877454,3.54545454545,0.499047619048,0.4,8,0.0484848484848,0.255555555556,11,11,11,1,0,0.0909090909091,0.636363636364,0.272727272727,11,0.118181818182,3.72727272727,2.36363636364,1.3,1.625,1.43336856898,0.6064251638,0.286713286713,0.603022689156,0.510249967747,0.237762237762,1.40129809949,1.18571377649,0.503496503497,2.05382127221,0.551025219373,7,3.72727272727,2.05382127221,7,0,0,0,0,0.22962962963,11,11,11,1,0,0.0909090909091,0.636363636364,0.272727272727,11,18,0.163636363636,3.11363636364,3.27272727273,1.8,2.25,1.42062726223,0.434080552347,0.227272727273,0.924416277737,0.564921058617,0.292929292929,1.68954001271,1.03249667443,0.525252525253,1.14353419474,0.367266456706,3.875,3.11363636364,1.14353419474,3.875,0.366666666667,0.266666666667,4,0.0242424242424,0.221111111111,11,11,11,1,0,0.0909090909091,0.636363636364,0.272727272727,-2,-0.0181818181818,0.0702479338843,-0.363636363636,-0.2,-0.25,-0.268912750482,-0.030542951148,-0.0181818181818,-0.243332138505,-0.0773405703161,-0.0434343434343,-0.250469359339,-0.0345084801933,-0.0111111111111,0.0866354202056,0.0199894662943,0.329545454545,0.0702479338843,0.0866354202056,0.329545454545,-0.132380952381,-0.133333333333,-4,-0.0242424242424,-0.0344444444444,0,0,0,18,0,2,90,0.9,1,0,0.1,1,0.9,0.947368421053,0.938314863257,0.9,0.9,5,7,0,0,0,0
2660,WLNM_dir_neg,0.897959183673,0.726731601732,00:00:01,10,60,46,1176529795,threshold_sweep,0.5,1,0.714285714286,0.833333333333,5,0,2,14,0.714285714286,1,0,0.285714285714,1,0.714285714286,0.833333333333,0.904761904762,0.587301587302,0.769230769231,0.790569415042,0.714285714286,20,13,7,0,20,0,13,0,7,11,20,0.181818181818,3.04338842975,3.63636363636,2,2.5,1.68954001271,0.464623503495,0.245454545455,1.16774841624,0.642261628933,0.336363636364,1.94000937205,1.06700515463,0.536363636364,1.05689877454,0.347276990411,3.54545454545,3.04338842975,1.05689877454,3.54545454545,0.499047619048,0.4,8,0.0484848484848,0.255555555556,11,11,11,1,0,0.0909090909091,0.636363636364,0.272727272727,11,0.118181818182,3.72727272727,2.36363636364,1.3,1.625,1.43336856898,0.6064251638,0.286713286713,0.603022689156,0.510249967747,0.237762237762,1.40129809949,1.18571377649,0.503496503497,2.05382127221,0.551025219373,7,3.72727272727,2.05382127221,7,0,0,0,0,0.22962962963,11,11,11,1,0,0.0909090909091,0.636363636364,0.272727272727,11,18,0.163636363636,3.11363636364,3.27272727273,1.8,2.25,1.42062726223,0.434080552347,0.227272727273,0.924416277737,0.564921058617,0.292929292929,1.68954001271,1.03249667443,0.525252525253,1.14353419474,0.367266456706,3.875,3.11363636364,1.14353419474,3.875,0.366666666667,0.266666666667,4,0.0242424242424,0.221111111111,11,11,11,1,0,0.0909090909091,0.636363636364,0.272727272727,-2,-0.0181818181818,0.0702479338843,-0.363636363636,-0.2,-0.25,-0.268912750482,-0.030542951148,-0.0181818181818,-0.243332138505,-0.0773405703161,-0.0434343434343,-0.250469359339,-0.0345084801933,-0.0111111111111,0.0866354202056,0.0199894662943,0.329545454545,0.0702479338843,0.0866354202056,0.329545454545,-0.132380952381,-0.133333333333,-4,-0.0242424242424,-0.0344444444444,0,0,0,18,0,2,90,0.9,1,0,0.1,1,0.9,0.947368421053,0.938314863257,0.9,0.9,5,7,0,0,0,0
2661,WLNM_dir_neg,0.897959183673,0.726731601732,00:00:01,10,60,46,1176529795,threshold_sweep,0.6,1,0.714285714286,0.833333333333,5,0,2,14,0.714285714286,1,0,0.285714285714,1,0.714285714286,0.833333333333,0.904761904762,0.587301587302,0.769230769231,0.790569415042,0.714285714286,20,13,7,0,20,0,13,0,7,11,20,0.181818181818,3.04338842975,3.63636363636,2,2.5,1.68954001271,0.464623503495,0.245454545455,1.16774841624,0.642261628933,0.336363636364,1.94000937205,1.06700515463,0.536363636364,1.05689877454,0.347276990411,3.54545454545,3.04338842975,1.05689877454,3.54545454545,0.499047619048,0.4,8,0.0484848484848,0.255555555556,11,11,11,1,0,0.0909090909091,0.636363636364,0.272727272727,11,0.118181818182,3.72727272727,2.36363636364,1.3,1.625,1.43336856898,0.6064251638,0.286713286713,0.603022689156,0.510249967747,0.237762237762,1.40129809949,1.18571377649,0.503496503497,2.05382127221,0.551025219373,7,3.72727272727,2.05382127221,7,0,0,0,0,0.22962962963,11,11,11,1,0,0.0909090909091,0.636363636364,0.272727272727,11,18,0.163636363636,3.11363636364,3.27272727273,1.8,2.25,1.42062726223,0.434080552347,0.227272727273,0.924416277737,0.564921058617,0.292929292929,1.68954001271,1.03249667443,0.525252525253,1.14353419474,0.367266456706,3.875,3.11363636364,1.14353419474,3.875,0.366666666667,0.266666666667,4,0.0242424242424,0.221111111111,11,11,11,1,0,0.0909090909091,0.636363636364,0.272727272727,-2,-0.0181818181818,0.0702479338843,-0.363636363636,-0.2,-0.25,-0.268912750482,-0.030542951148,-0.0181818181818,-0.243332138505,-0.0773405703161,-0.0434343434343,-0.250469359339,-0.0345084801933,-0.0111111111111,0.0866354202056,0.0199894662943,0.329545454545,0.0702479338843,0.0866354202056,0.329545454545,-0.132380952381,-0.133333333333,-4,-0.0242424242424,-0.0344444444444,0,0,0,18,0,2,90,0.9,1,0,0.1,1,0.9,0.947368421053,0.938314863257,0.9,0.9,5,7,0,0,0,0
2662,WLNM_dir_neg,0.897959183673,0.726731601732,00:00:01,10,60,46,1176529795,threshold_sweep,0.7,1,0.714285714286,0.833333333333,5,0,2,14,0.714285714286,1,0,0.285714285714,1,0.714285714286,0.833333333333,0.904761904762,0.587301587302,0.769230769231,0.790569415042,0.714285714286,20,13,7,0,20,0,13,0,7,11,20,0.181818181818,3.04338842975,3.63636363636,2,2.5,1.68954001271,0.464623503495,0.245454545455,1.16774841624,0.642261628933,0.336363636364,1.94000937205,1.06700515463,0.536363636364,1.05689877454,0.347276990411,3.54545454545,3.04338842975,1.05689877454,3.54545454545,0.499047619048,0.4,8,0.0484848484848,0.255555555556,11,11,11,1,0,0.0909090909091,0.636363636364,0.272727272727,11,0.118181818182,3.72727272727,2.36363636364,1.3,1.625,1.43336856898,0.6064251638,0.286713286713,0.603022689156,0.510249967747,0.237762237762,1.40129809949,1.18571377649,0.503496503497,2.05382127221,0.551025219373,7,3.72727272727,2.05382127221,7,0,0,0,0,0.22962962963,11,11,11,1,0,0.0909090909091,0.636363636364,0.272727272727,11,18,0.163636363636,3.11363636364,3.27272727273,1.8,2.25,1.42062726223,0.434080552347,0.227272727273,0.924416277737,0.564921058617,0.292929292929,1.68954001271,1.03249667443,0.525252525253,1.14353419474,0.367266456706,3.875,3.11363636364,1.14353419474,3.875,0.366666666667,0.266666666667,4,0.0242424242424,0.221111111111,11,11,11,1,0,0.0909090909091,0.636363636364,0.272727272727,-2,-0.0181818181818,0.0702479338843,-0.363636363636,-0.2,-0.25,-0.268912750482,-0.030542951148,-0.0181818181818,-0.243332138505,-0.0773405703161,-0.0434343434343,-0.250469359339,-0.0345084801933,-0.0111111111111,0.0866354202056,0.0199894662943,0.329545454545,0.0702479338843,0.0866354202056,0.329545454545,-0.132380952381,-0.133333333333,-4,-0.0242424242424,-0.0344444444444,0,0,0,18,0,2,90,0.9,1,0,0.1,1,0.9,0.947368421053,0.938314863257,0.9,0.9,5,7,0,0,0,0
2663,WLNM_dir_neg,0.897959183673,0.726731601732,00:00:01,10,60,46,1176529795,threshold_sweep,0.8,1,0.714285714286,0.833333333333,5,0,2,14,0.714285714286,1,0,0.285714285714,1,0.714285714286,0.833333333333,0.904761904762,0.587301587302,0.769230769231,0.790569415042,0.714285714286,20,13,7,0,20,0,13,0,7,11,20,0.181818181818,3.04338842975,3.63636363636,2,2.5,1.68954001271,0.464623503495,0.245454545455,1.16774841624,0.642261628933,0.336363636364,1.94000937205,1.06700515463,0.536363636364,1.05689877454,0.347276990411,3.54545454545,3.04338842975,1.05689877454,3.54545454545,0.499047619048,0.4,8,0.0484848484848,0.255555555556,11,11,11,1,0,0.0909090909091,0.636363636364,0.272727272727,11,0.118181818182,3.72727272727,2.36363636364,1.3,1.625,1.43336856898,0.6064251638,0.286713286713,0.603022689156,0.510249967747,0.237762237762,1.40129809949,1.18571377649,0.503496503497,2.05382127221,0.551025219373,7,3.72727272727,2.05382127221,7,0,0,0,0,0.22962962963,11,11,11,1,0,0.0909090909091,0.636363636364,0.272727272727,11,18,0.163636363636,3.11363636364,3.27272727273,1.8,2.25,1.42062726223,0.434080552347,0.227272727273,0.924416277737,0.564921058617,0.292929292929,1.68954001271,1.03249667443,0.525252525253,1.14353419474,0.367266456706,3.875,3.11363636364,1.14353419474,3.875,0.366666666667,0.266666666667,4,0.0242424242424,0.221111111111,11,11,11,1,0,0.0909090909091,0.636363636364,0.272727272727,-2,-0.0181818181818,0.0702479338843,-0.363636363636,-0.2,-0.25,-0.268912750482,-0.030542951148,-0.0181818181818,-0.243332138505,-0.0773405703161,-0.0434343434343,-0.250469359339,-0.0345084801933,-0.0111111111111,0.0866354202056,0.0199894662943,0.329545454545,0.0702479338843,0.0866354202056,0.329545454545,-0.132380952381,-0.133333333333,-4,-0.0242424242424,-0.0344444444444,0,0,0,18,0,2,90,0.9,1,0,0.1,1,0.9,0.947368421053,0.938314863257,0.9,0.9,5,7,0,0,0,0
2664,WLNM_dir_neg,0.897959183673,0.726731601732,00:00:01,10,60,46,1176529795,threshold_sweep,0.9,1,0.714285714286,0.833333333333,5,0,2,14,0.714285714286,1,0,0.285714285714,1,0.714285714286,0.833333333333,0.904761904762,0.587301587302,0.769230769231,0.790569415042,0.714285714286,20,13,7,0,20,0,13,0,7,11,20,0.181818181818,3.04338842975,3.63636363636,2,2.5,1.68954001271,0.464623503495,0.245454545455,1.16774841624,0.642261628933,0.336363636364,1.94000937205,1.06700515463,0.536363636364,1.05689877454,0.347276990411,3.54545454545,3.04338842975,1.05689877454,3.54545454545,0.499047619048,0.4,8,0.0484848484848,0.255555555556,11,11,11,1,0,0.0909090909091,0.636363636364,0.272727272727,11,0.118181818182,3.72727272727,2.36363636364,1.3,1.625,1.43336856898,0.6064251638,0.286713286713,0.603022689156,0.510249967747,0.237762237762,1.40129809949,1.18571377649,0.503496503497,2.05382127221,0.551025219373,7,3.72727272727,2.05382127221,7,0,0,0,0,0.22962962963,11,11,11,1,0,0.0909090909091,0.636363636364,0.272727272727,11,18,0.163636363636,3.11363636364,3.27272727273,1.8,2.25,1.42062726223,0.434080552347,0.227272727273,0.924416277737,0.564921058617,0.292929292929,1.68954001271,1.03249667443,0.525252525253,1.14353419474,0.367266456706,3.875,3.11363636364,1.14353419474,3.875,0.366666666667,0.266666666667,4,0.0242424242424,0.221111111111,11,11,11,1,0,0.0909090909091,0.636363636364,0.272727272727,-2,-0.0181818181818,0.0702479338843,-0.363636363636,-0.2,-0.25,-0.268912750482,-0.030542951148,-0.0181818181818,-0.243332138505,-0.0773405703161,-0.0434343434343,-0.250469359339,-0.0345084801933,-0.0111111111111,0.0866354202056,0.0199894662943,0.329545454545,0.0702479338843,0.0866354202056,0.329545454545,-0.132380952381,-0.133333333333,-4,-0.0242424242424,-0.0344444444444,0,0,0,18,0,2,90,0.9,1,0,0.1,1,0.9,0.947368421053,0.938314863257,0.9,0.9,5,7,0,0,0,0
2665,WLNM_dir_neg,0.857142857143,0.702838827839,00:00:01,10,60,47,1176529796,threshold_sweep,0.1,0.833333333333,0.714285714286,0.769230769231,5,1,2,13,0.714285714286,0.928571428571,0.0714285714286,0.285714285714,0.833333333333,0.714285714286,0.769230769231,0.857142857143,0.571428571429,0.666666666667,0.67082039325,0.642857142857,20,13,7,0,20,0,13,0,7,11,20,0.181818181818,3.04338842975,3.63636363636,2,2.5,1.68954001271,0.464623503495,0.245454545455,1.16774841624,0.642261628933,0.336363636364,1.94000937205,1.06700515463,0.536363636364,1.05689877454,0.347276990411,3.54545454545,3.04338842975,1.05689877454,3.54545454545,0.499047619048,0.4,8,0.0484848484848,0.255555555556,11,11,11,1,0,0.0909090909091,0.636363636364,0.272727272727,11,0.118181818182,3.72727272727,2.36363636364,1.3,1.625,1.43336856898,0.6064251638,0.286713286713,0.603022689156,0.510249967747,0.237762237762,1.40129809949,1.18571377649,0.503496503497,2.05382127221,0.551025219373,7,3.72727272727,2.05382127221,7,0,0,0,0,0.22962962963,11,11,11,1,0,0.0909090909091,0.636363636364,0.272727272727,11,19,0.172727272727,3.26704545455,3.45454545455,1.9,2.375,1.50755672289,0.436397998731,0.234449760766,1.00904995822,0.584186817916,0.306220095694,1.67874411933,0.971904490138,0.507177033493,1.17196779936,0.358724056846,3.875,3.26704545455,1.17196779936,3.875,0.316666666667,0.235294117647,4,0.0242424242424,0.203333333333,11,11,11,1,0,0.0909090909091,0.636363636364,0.272727272727,-1,-0.00909090909091,0.223657024793,-0.181818181818,-0.1,-0.125,-0.18198328982,-0.0282255047641,-0.011004784689,-0.158698458023,-0.058074811017,-0.0301435406699,-0.26126525272,-0.0951006644889,-0.0291866028708,0.115069024819,0.011447066435,0.329545454545,0.223657024793,0.115069024819,0.329545454545,-0.182380952381,-0.164705882353,-4,-0.0242424242424,-0.0522222222222,0,0,0,18,1,2,89,0.9,0.988888888889,0.0111111111111,0.1,0.947368421053,0.9,0.923076923077,0.906956031802,0.888888888889,0.857142857143,6,7,0,0,0,0
2666,WLNM_dir_neg,0.857142857143,0.702838827839,00:00:01,10,60,47,1176529796,threshold_sweep,0.2,0.833333333333,0.714285714286,0.769230769231,5,1,2,13,0.714285714286,0.928571428571,0.0714285714286,0.285714285714,0.833333333333,0.714285714286,0.769230769231,0.857142857143,0.571428571429,0.666666666667,0.67082039325,0.642857142857,20,13,7,0,20,0,13,0,7,11,20,0.181818181818,3.04338842975,3.63636363636,2,2.5,1.68954001271,0.464623503495,0.245454545455,1.16774841624,0.642261628933,0.336363636364,1.94000937205,1.06700515463,0.536363636364,1.05689877454,0.347276990411,3.54545454545,3.04338842975,1.05689877454,3.54545454545,0.499047619048,0.4,8,0.0484848484848,0.255555555556,11,11,11,1,0,0.0909090909091,0.636363636364,0.272727272727,11,0.118181818182,3.72727272727,2.36363636364,1.3,1.625,1.43336856898,0.6064251638,0.286713286713,0.603022689156,0.510249967747,0.237762237762,1.40129809949,1.18571377649,0.503496503497,2.05382127221,0.551025219373,7,3.72727272727,2.05382127221,7,0,0,0,0,0.22962962963,11,11,11,1,0,0.0909090909091,0.636363636364,0.272727272727,11,19,0.172727272727,3.26704545455,3.45454545455,1.9,2.375,1.50755672289,0.436397998731,0.234449760766,1.00904995822,0.584186817916,0.306220095694,1.67874411933,0.971904490138,0.507177033493,1.17196779936,0.358724056846,3.875,3.26704545455,1.17196779936,3.875,0.316666666667,0.235294117647,4,0.0242424242424,0.203333333333,11,11,11,1,0,0.0909090909091,0.636363636364,0.272727272727,-1,-0.00909090909091,0.223657024793,-0.181818181818,-0.1,-0.125,-0.18198328982,-0.0282255047641,-0.011004784689,-0.158698458023,-0.058074811017,-0.0301435406699,-0.26126525272,-0.0951006644889,-0.0291866028708,0.115069024819,0.011447066435,0.329545454545,0.223657024793,0.115069024819,0.329545454545,-0.182380952381,-0.164705882353,-4,-0.0242424242424,-0.0522222222222,0,0,0,18,1,2,89,0.9,0.988888888889,0.0111111111111,0.1,0.947368421053,0.9,0.923076923077,0.906956031802,0.888888888889,0.857142857143,6,7,0,0,0,0
2667,WLNM_dir_neg,0.857142857143,0.702838827839,00:00:01,10,60,47,1176529796,threshold_sweep,0.3,0.833333333333,0.714285714286,0.769230769231,5,1,2,13,0.714285714286,0.928571428571,0.0714285714286,0.285714285714,0.833333333333,0.714285714286,0.769230769231,0.857142857143,0.571428571429,0.666666666667,0.67082039325,0.642857142857,20,13,7,0,20,0,13,0,7,11,20,0.181818181818,3.04338842975,3.63636363636,2,2.5,1.68954001271,0.464623503495,0.245454545455,1.16774841624,0.642261628933,0.336363636364,1.94000937205,1.06700515463,0.536363636364,1.05689877454,0.347276990411,3.54545454545,3.04338842975,1.05689877454,3.54545454545,0.499047619048,0.4,8,0.0484848484848,0.255555555556,11,11,11,1,0,0.0909090909091,0.636363636364,0.272727272727,11,0.118181818182,3.72727272727,2.36363636364,1.3,1.625,1.43336856898,0.6064251638,0.286713286713,0.603022689156,0.510249967747,0.237762237762,1.40129809949,1.18571377649,0.503496503497,2.05382127221,0.551025219373,7,3.72727272727,2.05382127221,7,0,0,0,0,0.22962962963,11,11,11,1,0,0.0909090909091,0.636363636364,0.272727272727,11,19,0.172727272727,3.26704545455,3.45454545455,1.9,2.375,1.50755672289,0.436397998731,0.234449760766,1.00904995822,0.584186817916,0.306220095694,1.67874411933,0.971904490138,0.507177033493,1.17196779936,0.358724056846,3.875,3.26704545455,1.17196779936,3.875,0.316666666667,0.235294117647,4,0.0242424242424,0.203333333333,11,11,11,1,0,0.0909090909091,0.636363636364,0.272727272727,-1,-0.00909090909091,0.223657024793,-0.181818181818,-0.1,-0.125,-0.18198328982,-0.0282255047641,-0.011004784689,-0.158698458023,-0.058074811017,-0.0301435406699,-0.26126525272,-0.0951006644889,-0.0291866028708,0.115069024819,0.011447066435,0.329545454545,0.223657024793,0.115069024819,0.329545454545,-0.182380952381,-0.164705882353,-4,-0.0242424242424,-0.0522222222222,0,0,0,18,1,2,89,0.9,0.988888888889,0.0111111111111,0.1,0.947368421053,0.9,0.923076923077,0.906956031802,0.888888888889,0.857142857143,6,7,0,0,0,0
2668,WLNM_dir_neg,0.857142857143,0.702838827839,00:00:01,10,60,47,1176529796,threshold_sweep,0.4,1,0.714285714286,0.833333333333,5,0,2,14,0.714285714286,1,0,0.285714285714,1,0.714285714286,0.833333333333,0.904761904762,0.587301587302,0.769230769231,0.790569415042,0.714285714286,20,13,7,0,20,0,13,0,7,11,20,0.181818181818,3.04338842975,3.63636363636,2,2.5,1.68954001271,0.464623503495,0.245454545455,1.16774841624,0.642261628933,0.336363636364,1.94000937205,1.06700515463,0.536363636364,1.05689877454,0.347276990411,3.54545454545,3.04338842975,1.05689877454,3.54545454545,0.499047619048,0.4,8,0.0484848484848,0.255555555556,11,11,11,1,0,0.0909090909091,0.636363636364,0.272727272727,11,0.118181818182,3.72727272727,2.36363636364,1.3,1.625,1.43336856898,0.6064251638,0.286713286713,0.603022689156,0.510249967747,0.237762237762,1.40129809949,1.18571377649,0.503496503497,2.05382127221,0.551025219373,7,3.72727272727,2.05382127221,7,0,0,0,0,0.22962962963,11,11,11,1,0,0.0909090909091,0.636363636364,0.272727272727,11,18,0.163636363636,3.11363636364,3.27272727273,1.8,2.25,1.42062726223,0.434080552347,0.227272727273,0.924416277737,0.564921058617,0.292929292929,1.68954001271,1.03249667443,0.525252525253,1.14353419474,0.367266456706,3.875,3.11363636364,1.14353419474,3.875,0.366666666667,0.266666666667,4,0.0242424242424,0.221111111111,11,11,11,1,0,0.0909090909091,0.636363636364,0.272727272727,-2,-0.0181818181818,0.0702479338843,-0.363636363636,-0.2,-0.25,-0.268912750482,-0.030542951148,-0.0181818181818,-0.243332138505,-0.0773405703161,-0.0434343434343,-0.250469359339,-0.0345084801933,-0.0111111111111,0.0866354202056,0.0199894662943,0.329545454545,0.0702479338843,0.0866354202056,0.329545454545,-0.132380952381,-0.133333333333,-4,-0.0242424242424,-0.0344444444444,0,0,0,18,0,2,90,0.9,1,0,0.1,1,0.9,0.947368421053,0.938314863257,0.9,0.9,5,7,0,0,0,0
2669,WLNM_dir_neg,0.857142857143,0.702838827839,00:00:01,10,60,47,1176529796,threshold_sweep,0.5,1,0.714285714286,0.833333333333,5,0,2,14,0.714285714286,1,0,0.285714285714,1,0.714285714286,0.833333333333,0.904761904762,0.587301587302,0.769230769231,0.790569415042,0.714285714286,20,13,7,0,20,0,13,0,7,11,20,0.181818181818,3.04338842975,3.63636363636,2,2.5,1.68954001271,0.464623503495,0.245454545455,1.16774841624,0.642261628933,0.336363636364,1.94000937205,1.06700515463,0.536363636364,1.05689877454,0.347276990411,3.54545454545,3.04338842975,1.05689877454,3.54545454545,0.499047619048,0.4,8,0.0484848484848,0.255555555556,11,11,11,1,0,0.0909090909091,0.636363636364,0.272727272727,11,0.118181818182,3.72727272727,2.36363636364,1.3,1.625,1.43336856898,0.6064251638,0.286713286713,0.603022689156,0.510249967747,0.237762237762,1.40129809949,1.18571377649,0.503496503497,2.05382127221,0.551025219373,7,3.72727272727,2.05382127221,7,0,0,0,0,0.22962962963,11,11,11,1,0,0.0909090909091,0.636363636364,0.272727272727,11,18,0.163636363636,3.11363636364,3.27272727273,1.8,2.25,1.42062726223,0.434080552347,0.227272727273,0.924416277737,0.564921058617,0.292929292929,1.68954001271,1.03249667443,0.525252525253,1.14353419474,0.367266456706,3.875,3.11363636364,1.14353419474,3.875,0.366666666667,0.266666666667,4,0.0242424242424,0.221111111111,11,11,11,1,0,0.0909090909091,0.636363636364,0.272727272727,-2,-0.0181818181818,0.0702479338843,-0.363636363636,-0.2,-0.25,-0.268912750482,-0.030542951148,-0.0181818181818,-0.243332138505,-0.0773405703161,-0.0434343434343,-0.250469359339,-0.0345084801933,-0.0111111111111,0.0866354202056,0.0199894662943,0.329545454545,0.0702479338843,0.0866354202056,0.329545454545,-0.132380952381,-0.133333333333,-4,-0.0242424242424,-0.0344444444444,0,0,0,18,0,2,90,0.9,1,0,0.1,1,0.9,0.947368421053,0.938314863257,0.9,0.9,5,7,0,0,0,0
2670,WLNM_dir_neg,0.857142857143,0.702838827839,00:00:01,10,60,47,1176529796,threshold_sweep,0.6,1,0.714285714286,0.833333333333,5,0,2,14,0.714285714286,1,0,0.285714285714,1,0.714285714286,0.833333333333,0.904761904762,0.587301587302,0.769230769231,0.790569415042,0.714285714286,20,13,7,0,20,0,13,0,7,11,20,0.181818181818,3.04338842975,3.63636363636,2,2.5,1.68954001271,0.464623503495,0.245454545455,1.16774841624,0.642261628933,0.336363636364,1.94000937205,1.06700515463,0.536363636364,1.05689877454,0.347276990411,3.54545454545,3.04338842975,1.05689877454,3.54545454545,0.499047619048,0.4,8,0.0484848484848,0.255555555556,11,11,11,1,0,0.0909090909091,0.636363636364,0.272727272727,11,0.118181818182,3.72727272727,2.36363636364,1.3,1.625,1.43336856898,0.6064251638,0.286713286713,0.603022689156,0.510249967747,0.237762237762,1.40129809949,1.18571377649,0.503496503497,2.05382127221,0.551025219373,7,3.72727272727,2.05382127221,7,0,0,0,0,0.22962962963,11,11,11,1,0,0.0909090909091,0.636363636364,0.272727272727,11,18,0.163636363636,3.11363636364,3.27272727273,1.8,2.25,1.42062726223,0.434080552347,0.227272727273,0.924416277737,0.564921058617,0.292929292929,1.68954001271,1.03249667443,0.525252525253,1.14353419474,0.367266456706,3.875,3.11363636364,1.14353419474,3.875,0.366666666667,0.266666666667,4,0.0242424242424,0.221111111111,11,11,11,1,0,0.0909090909091,0.636363636364,0.272727272727,-2,-0.0181818181818,0.0702479338843,-0.363636363636,-0.2,-0.25,-0.268912750482,-0.030542951148,-0.0181818181818,-0.243332138505,-0.0773405703161,-0.0434343434343,-0.250469359339,-0.0345084801933,-0.0111111111111,0.0866354202056,0.0199894662943,0.329545454545,0.0702479338843,0.0866354202056,0.329545454545,-0.132380952381,-0.133333333333,-4,-0.0242424242424,-0.0344444444444,0,0,0,18,0,2,90,0.9,1,0,0.1,1,0.9,0.947368421053,0.938314863257,0.9,0.9,5,7,0,0,0,0
2671,WLNM_dir_neg,0.857142857143,0.702838827839,00:00:01,10,60,47,1176529796,threshold_sweep,0.7,1,0.714285714286,0.833333333333,5,0,2,14,0.714285714286,1,0,0.285714285714,1,0.714285714286,0.833333333333,0.904761904762,0.587301587302,0.769230769231,0.790569415042,0.714285714286,20,13,7,0,20,0,13,0,7,11,20,0.181818181818,3.04338842975,3.63636363636,2,2.5,1.68954001271,0.464623503495,0.245454545455,1.16774841624,0.642261628933,0.336363636364,1.94000937205,1.06700515463,0.536363636364,1.05689877454,0.347276990411,3.54545454545,3.04338842975,1.05689877454,3.54545454545,0.499047619048,0.4,8,0.0484848484848,0.255555555556,11,11,11,1,0,0.0909090909091,0.636363636364,0.272727272727,11,0.118181818182,3.72727272727,2.36363636364,1.3,1.625,1.43336856898,0.6064251638,0.286713286713,0.603022689156,0.510249967747,0.237762237762,1.40129809949,1.18571377649,0.503496503497,2.05382127221,0.551025219373,7,3.72727272727,2.05382127221,7,0,0,0,0,0.22962962963,11,11,11,1,0,0.0909090909091,0.636363636364,0.272727272727,11,18,0.163636363636,3.11363636364,3.27272727273,1.8,2.25,1.42062726223,0.434080552347,0.227272727273,0.924416277737,0.564921058617,0.292929292929,1.68954001271,1.03249667443,0.525252525253,1.14353419474,0.367266456706,3.875,3.11363636364,1.14353419474,3.875,0.366666666667,0.266666666667,4,0.0242424242424,0.221111111111,11,11,11,1,0,0.0909090909091,0.636363636364,0.272727272727,-2,-0.0181818181818,0.0702479338843,-0.363636363636,-0.2,-0.25,-0.268912750482,-0.030542951148,-0.0181818181818,-0.243332138505,-0.0773405703161,-0.0434343434343,-0.250469359339,-0.0345084801933,-0.0111111111111,0.0866354202056,0.0199894662943,0.329545454545,0.0702479338843,0.0866354202056,0.329545454545,-0.132380952381,-0.133333333333,-4,-0.0242424242424,-0.0344444444444,0,0,0,18,0,2,90,0.9,1,0,0.1,1,0.9,0.947368421053,0.938314863257,0.9,0.9,5,7,0,0,0,0
2672,WLNM_dir_neg,0.857142857143,0.702838827839,00:00:01,10,60,47,1176529796,threshold_sweep,0.8,1,0.714285714286,0.833333333333,5,0,2,14,0.714285714286,1,0,0.285714285714,1,0.714285714286,0.833333333333,0.904761904762,0.587301587302,0.769230769231,0.790569415042,0.714285714286,20,13,7,0,20,0,13,0,7,11,20,0.181818181818,3.04338842975,3.63636363636,2,2.5,1.68954001271,0.464623503495,0.245454545455,1.16774841624,0.642261628933,0.336363636364,1.94000937205,1.06700515463,0.536363636364,1.05689877454,0.347276990411,3.54545454545,3.04338842975,1.05689877454,3.54545454545,0.499047619048,0.4,8,0.0484848484848,0.255555555556,11,11,11,1,0,0.0909090909091,0.636363636364,0.272727272727,11,0.118181818182,3.72727272727,2.36363636364,1.3,1.625,1.43336856898,0.6064251638,0.286713286713,0.603022689156,0.510249967747,0.237762237762,1.40129809949,1.18571377649,0.503496503497,2.05382127221,0.551025219373,7,3.72727272727,2.05382127221,7,0,0,0,0,0.22962962963,11,11,11,1,0,0.0909090909091,0.636363636364,0.272727272727,11,18,0.163636363636,3.11363636364,3.27272727273,1.8,2.25,1.42062726223,0.434080552347,0.227272727273,0.924416277737,0.564921058617,0.292929292929,1.68954001271,1.03249667443,0.525252525253,1.14353419474,0.367266456706,3.875,3.11363636364,1.14353419474,3.875,0.366666666667,0.266666666667,4,0.0242424242424,0.221111111111,11,11,11,1,0,0.0909090909091,0.636363636364,0.272727272727,-2,-0.0181818181818,0.0702479338843,-0.363636363636,-0.2,-0.25,-0.268912750482,-0.030542951148,-0.0181818181818,-0.243332138505,-0.0773405703161,-0.0434343434343,-0.250469359339,-0.0345084801933,-0.0111111111111,0.0866354202056,0.0199894662943,0.329545454545,0.0702479338843,0.0866354202056,0.329545454545,-0.132380952381,-0.133333333333,-4,-0.0242424242424,-0.0344444444444,0,0,0,18,0,2,90,0.9,1,0,0.1,1,0.9,0.947368421053,0.938314863257,0.9,0.9,5,7,0,0,0,0
2673,WLNM_dir_neg,0.857142857143,0.702838827839,00:00:01,10,60,47,1176529796,threshold_sweep,0.9,1,0.714285714286,0.833333333333,5,0,2,14,0.714285714286,1,0,0.285714285714,1,0.714285714286,0.833333333333,0.904761904762,0.587301587302,0.769230769231,0.790569415042,0.714285714286,20,13,7,0,20,0,13,0,7,11,20,0.181818181818,3.04338842975,3.63636363636,2,2.5,1.68954001271,0.464623503495,0.245454545455,1.16774841624,0.642261628933,0.336363636364,1.94000937205,1.06700515463,0.536363636364,1.05689877454,0.347276990411,3.54545454545,3.04338842975,1.05689877454,3.54545454545,0.499047619048,0.4,8,0.0484848484848,0.255555555556,11,11,11,1,0,0.0909090909091,0.636363636364,0.272727272727,11,0.118181818182,3.72727272727,2.36363636364,1.3,1.625,1.43336856898,0.6064251638,0.286713286713,0.603022689156,0.510249967747,0.237762237762,1.40129809949,1.18571377649,0.503496503497,2.05382127221,0.551025219373,7,3.72727272727,2.05382127221,7,0,0,0,0,0.22962962963,11,11,11,1,0,0.0909090909091,0.636363636364,0.272727272727,11,18,0.163636363636,3.11363636364,3.27272727273,1.8,2.25,1.42062726223,0.434080552347,0.227272727273,0.924416277737,0.564921058617,0.292929292929,1.68954001271,1.03249667443,0.525252525253,1.14353419474,0.367266456706,3.875,3.11363636364,1.14353419474,3.875,0.366666666667,0.266666666667,4,0.0242424242424,0.221111111111,11,11,11,1,0,0.0909090909091,0.636363636364,0.272727272727,-2,-0.0181818181818,0.0702479338843,-0.363636363636,-0.2,-0.25,-0.268912750482,-0.030542951148,-0.0181818181818,-0.243332138505,-0.0773405703161,-0.0434343434343,-0.250469359339,-0.0345084801933,-0.0111111111111,0.0866354202056,0.0199894662943,0.329545454545,0.0702479338843,0.0866354202056,0.329545454545,-0.132380952381,-0.133333333333,-4,-0.0242424242424,-0.0344444444444,0,0,0,18,0,2,90,0.9,1,0,0.1,1,0.9,0.947368421053,0.938314863257,0.9,0.9,5,7,0,0,0,0
2674,WLNM_dir_neg,0.897959183673,0.585286935287,00:00:01,10,60,48,1176529797,threshold_sweep,0.1,1,0.714285714286,0.833333333333,5,0,2,14,0.714285714286,1,0,0.285714285714,1,0.714285714286,0.833333333333,0.904761904762,0.587301587302,0.769230769231,0.790569415042,0.714285714286,20,13,7,0,20,0,13,0,7,11,20,0.181818181818,3.04338842975,3.63636363636,2,2.5,1.68954001271,0.464623503495,0.245454545455,1.16774841624,0.642261628933,0.336363636364,1.94000937205,1.06700515463,0.536363636364,1.05689877454,0.347276990411,3.54545454545,3.04338842975,1.05689877454,3.54545454545,0.499047619048,0.4,8,0.0484848484848,0.255555555556,11,11,11,1,0,0.0909090909091,0.636363636364,0.272727272727,11,0.118181818182,3.72727272727,2.36363636364,1.3,1.625,1.43336856898,0.6064251638,0.286713286713,0.603022689156,0.510249967747,0.237762237762,1.40129809949,1.18571377649,0.503496503497,2.05382127221,0.551025219373,7,3.72727272727,2.05382127221,7,0,0,0,0,0.22962962963,11,11,11,1,0,0.0909090909091,0.636363636364,0.272727272727,11,18,0.163636363636,3.11363636364,3.27272727273,1.8,2.25,1.42062726223,0.434080552347,0.227272727273,0.924416277737,0.564921058617,0.292929292929,1.68954001271,1.03249667443,0.525252525253,1.14353419474,0.367266456706,3.875,3.11363636364,1.14353419474,3.875,0.366666666667,0.266666666667,4,0.0242424242424,0.221111111111,11,11,11,1,0,0.0909090909091,0.636363636364,0.272727272727,-2,-0.0181818181818,0.0702479338843,-0.363636363636,-0.2,-0.25,-0.268912750482,-0.030542951148,-0.0181818181818,-0.243332138505,-0.0773405703161,-0.0434343434343,-0.250469359339,-0.0345084801933,-0.0111111111111,0.0866354202056,0.0199894662943,0.329545454545,0.0702479338843,0.0866354202056,0.329545454545,-0.132380952381,-0.133333333333,-4,-0.0242424242424,-0.0344444444444,0,0,0,18,0,2,90,0.9,1,0,0.1,1,0.9,0.947368421053,0.938314863257,0.9,0.9,5,7,0,0,0,0
2675,WLNM_dir_neg,0.897959183673,0.585286935287,00:00:01,10,60,48,1176529797,threshold_sweep,0.2,1,0.714285714286,0.833333333333,5,0,2,14,0.714285714286,1,0,0.285714285714,1,0.714285714286,0.833333333333,0.904761904762,0.587301587302,0.769230769231,0.790569415042,0.714285714286,20,13,7,0,20,0,13,0,7,11,20,0.181818181818,3.04338842975,3.63636363636,2,2.5,1.68954001271,0.464623503495,0.245454545455,1.16774841624,0.642261628933,0.336363636364,1.94000937205,1.06700515463,0.536363636364,1.05689877454,0.347276990411,3.54545454545,3.04338842975,1.05689877454,3.54545454545,0.499047619048,0.4,8,0.0484848484848,0.255555555556,11,11,11,1,0,0.0909090909091,0.636363636364,0.272727272727,11,0.118181818182,3.72727272727,2.36363636364,1.3,1.625,1.43336856898,0.6064251638,0.286713286713,0.603022689156,0.510249967747,0.237762237762,1.40129809949,1.18571377649,0.503496503497,2.05382127221,0.551025219373,7,3.72727272727,2.05382127221,7,0,0,0,0,0.22962962963,11,11,11,1,0,0.0909090909091,0.636363636364,0.272727272727,11,18,0.163636363636,3.11363636364,3.27272727273,1.8,2.25,1.42062726223,0.434080552347,0.227272727273,0.924416277737,0.564921058617,0.292929292929,1.68954001271,1.03249667443,0.525252525253,1.14353419474,0.367266456706,3.875,3.11363636364,1.14353419474,3.875,0.366666666667,0.266666666667,4,0.0242424242424,0.221111111111,11,11,11,1,0,0.0909090909091,0.636363636364,0.272727272727,-2,-0.0181818181818,0.0702479338843,-0.363636363636,-0.2,-0.25,-0.268912750482,-0.030542951148,-0.0181818181818,-0.243332138505,-0.0773405703161,-0.0434343434343,-0.250469359339,-0.0345084801933,-0.0111111111111,0.0866354202056,0.0199894662943,0.329545454545,0.0702479338843,0.0866354202056,0.329545454545,-0.132380952381,-0.133333333333,-4,-0.0242424242424,-0.0344444444444,0,0,0,18,0,2,90,0.9,1,0,0.1,1,0.9,0.947368421053,0.938314863257,0.9,0.9,5,7,0,0,0,0
2676,WLNM_dir_neg,0.897959183673,0.585286935287,00:00:01,10,60,48,1176529797,threshold_sweep,0.3,1,0.714285714286,0.833333333333,5,0,2,14,0.714285714286,1,0,0.285714285714,1,0.714285714286,0.833333333333,0.904761904762,0.587301587302,0.769230769231,0.790569415042,0.714285714286,20,13,7,0,20,0,13,0,7,11,20,0.181818181818,3.04338842975,3.63636363636,2,2.5,1.68954001271,0.464623503495,0.245454545455,1.16774841624,0.642261628933,0.336363636364,1.94000937205,1.06700515463,0.536363636364,1.05689877454,0.347276990411,3.54545454545,3.04338842975,1.05689877454,3.54545454545,0.499047619048,0.4,8,0.0484848484848,0.255555555556,11,11,11,1,0,0.0909090909091,0.636363636364,0.272727272727,11,0.118181818182,3.72727272727,2.36363636364,1.3,1.625,1.43336856898,0.6064251638,0.286713286713,0.603022689156,0.510249967747,0.237762237762,1.40129809949,1.18571377649,0.503496503497,2.05382127221,0.551025219373,7,3.72727272727,2.05382127221,7,0,0,0,0,0.22962962963,11,11,11,1,0,0.0909090909091,0.636363636364,0.272727272727,11,18,0.163636363636,3.11363636364,3.27272727273,1.8,2.25,1.42062726223,0.434080552347,0.227272727273,0.924416277737,0.564921058617,0.292929292929,1.68954001271,1.03249667443,0.525252525253,1.14353419474,0.367266456706,3.875,3.11363636364,1.14353419474,3.875,0.366666666667,0.266666666667,4,0.0242424242424,0.221111111111,11,11,11,1,0,0.0909090909091,0.636363636364,0.272727272727,-2,-0.0181818181818,0.0702479338843,-0.363636363636,-0.2,-0.25,-0.268912750482,-0.030542951148,-0.0181818181818,-0.243332138505,-0.0773405703161,-0.0434343434343,-0.250469359339,-0.0345084801933,-0.0111111111111,0.0866354202056,0.0199894662943,0.329545454545,0.0702479338843,0.0866354202056,0.329545454545,-0.132380952381,-0.133333333333,-4,-0.0242424242424,-0.0344444444444,0,0,0,18,0,2,90,0.9,1,0,0.1,1,0.9,0.947368421053,0.938314863257,0.9,0.9,5,7,0,0,0,0
2677,WLNM_dir_neg,0.897959183673,0.585286935287,00:00:01,10,60,48,1176529797,threshold_sweep,0.4,1,0.714285714286,0.833333333333,5,0,2,14,0.714285714286,1,0,0.285714285714,1,0.714285714286,0.833333333333,0.904761904762,0.587301587302,0.769230769231,0.790569415042,0.714285714286,20,13,7,0,20,0,13,0,7,11,20,0.181818181818,3.04338842975,3.63636363636,2,2.5,1.68954001271,0.464623503495,0.245454545455,1.16774841624,0.642261628933,0.336363636364,1.94000937205,1.06700515463,0.536363636364,1.05689877454,0.347276990411,3.54545454545,3.04338842975,1.05689877454,3.54545454545,0.499047619048,0.4,8,0.0484848484848,0.255555555556,11,11,11,1,0,0.0909090909091,0.636363636364,0.272727272727,11,0.118181818182,3.72727272727,2.36363636364,1.3,1.625,1.43336856898,0.6064251638,0.286713286713,0.603022689156,0.510249967747,0.237762237762,1.40129809949,1.18571377649,0.503496503497,2.05382127221,0.551025219373,7,3.72727272727,2.05382127221,7,0,0,0,0,0.22962962963,11,11,11,1,0,0.0909090909091,0.636363636364,0.272727272727,11,18,0.163636363636,3.11363636364,3.27272727273,1.8,2.25,1.42062726223,0.434080552347,0.227272727273,0.924416277737,0.564921058617,0.292929292929,1.68954001271,1.03249667443,0.525252525253,1.14353419474,0.367266456706,3.875,3.11363636364,1.14353419474,3.875,0.366666666667,0.266666666667,4,0.0242424242424,0.221111111111,11,11,11,1,0,0.0909090909091,0.636363636364,0.272727272727,-2,-0.0181818181818,0.0702479338843,-0.363636363636,-0.2,-0.25,-0.268912750482,-0.030542951148,-0.0181818181818,-0.243332138505,-0.0773405703161,-0.0434343434343,-0.250469359339,-0.0345084801933,-0.0111111111111,0.0866354202056,0.0199894662943,0.329545454545,0.0702479338843,0.0866354202056,0.329545454545,-0.132380952381,-0.133333333333,-4,-0.0242424242424,-0.0344444444444,0,0,0,18,0,2,90,0.9,1,0,0.1,1,0.9,0.947368421053,0.938314863257,0.9,0.9,5,7,0,0,0,0
2678,WLNM_dir_neg,0.897959183673,0.585286935287,00:00:01,10,60,48,1176529797,threshold_sweep,0.5,1,0.714285714286,0.833333333333,5,0,2,14,0.714285714286,1,0,0.285714285714,1,0.714285714286,0.833333333333,0.904761904762,0.587301587302,0.769230769231,0.790569415042,0.714285714286,20,13,7,0,20,0,13,0,7,11,20,0.181818181818,3.04338842975,3.63636363636,2,2.5,1.68954001271,0.464623503495,0.245454545455,1.16774841624,0.642261628933,0.336363636364,1.94000937205,1.06700515463,0.536363636364,1.05689877454,0.347276990411,3.54545454545,3.04338842975,1.05689877454,3.54545454545,0.499047619048,0.4,8,0.0484848484848,0.255555555556,11,11,11,1,0,0.0909090909091,0.636363636364,0.272727272727,11,0.118181818182,3.72727272727,2.36363636364,1.3,1.625,1.43336856898,0.6064251638,0.286713286713,0.603022689156,0.510249967747,0.237762237762,1.40129809949,1.18571377649,0.503496503497,2.05382127221,0.551025219373,7,3.72727272727,2.05382127221,7,0,0,0,0,0.22962962963,11,11,11,1,0,0.0909090909091,0.636363636364,0.272727272727,11,18,0.163636363636,3.11363636364,3.27272727273,1.8,2.25,1.42062726223,0.434080552347,0.227272727273,0.924416277737,0.564921058617,0.292929292929,1.68954001271,1.03249667443,0.525252525253,1.14353419474,0.367266456706,3.875,3.11363636364,1.14353419474,3.875,0.366666666667,0.266666666667,4,0.0242424242424,0.221111111111,11,11,11,1,0,0.0909090909091,0.636363636364,0.272727272727,-2,-0.0181818181818,0.0702479338843,-0.363636363636,-0.2,-0.25,-0.268912750482,-0.030542951148,-0.0181818181818,-0.243332138505,-0.0773405703161,-0.0434343434343,-0.250469359339,-0.0345084801933,-0.0111111111111,0.0866354202056,0.0199894662943,0.329545454545,0.0702479338843,0.0866354202056,0.329545454545,-0.132380952381,-0.133333333333,-4,-0.0242424242424,-0.0344444444444,0,0,0,18,0,2,90,0.9,1,0,0.1,1,0.9,0.947368421053,0.938314863257,0.9,0.9,5,7,0,0,0,0
2679,WLNM_dir_neg,0.897959183673,0.585286935287,00:00:01,10,60,48,1176529797,threshold_sweep,0.6,1,0.714285714286,0.833333333333,5,0,2,14,0.714285714286,1,0,0.285714285714,1,0.714285714286,0.833333333333,0.904761904762,0.587301587302,0.769230769231,0.790569415042,0.714285714286,20,13,7,0,20,0,13,0,7,11,20,0.181818181818,3.04338842975,3.63636363636,2,2.5,1.68954001271,0.464623503495,0.245454545455,1.16774841624,0.642261628933,0.336363636364,1.94000937205,1.06700515463,0.536363636364,1.05689877454,0.347276990411,3.54545454545,3.04338842975,1.05689877454,3.54545454545,0.499047619048,0.4,8,0.0484848484848,0.255555555556,11,11,11,1,0,0.0909090909091,0.636363636364,0.272727272727,11,0.118181818182,3.72727272727,2.36363636364,1.3,1.625,1.43336856898,0.6064251638,0.286713286713,0.603022689156,0.510249967747,0.237762237762,1.40129809949,1.18571377649,0.503496503497,2.05382127221,0.551025219373,7,3.72727272727,2.05382127221,7,0,0,0,0,0.22962962963,11,11,11,1,0,0.0909090909091,0.636363636364,0.272727272727,11,18,0.163636363636,3.11363636364,3.27272727273,1.8,2.25,1.42062726223,0.434080552347,0.227272727273,0.924416277737,0.564921058617,0.292929292929,1.68954001271,1.03249667443,0.525252525253,1.14353419474,0.367266456706,3.875,3.11363636364,1.14353419474,3.875,0.366666666667,0.266666666667,4,0.0242424242424,0.221111111111,11,11,11,1,0,0.0909090909091,0.636363636364,0.272727272727,-2,-0.0181818181818,0.0702479338843,-0.363636363636,-0.2,-0.25,-0.268912750482,-0.030542951148,-0.0181818181818,-0.243332138505,-0.0773405703161,-0.0434343434343,-0.250469359339,-0.0345084801933,-0.0111111111111,0.0866354202056,0.0199894662943,0.329545454545,0.0702479338843,0.0866354202056,0.329545454545,-0.132380952381,-0.133333333333,-4,-0.0242424242424,-0.0344444444444,0,0,0,18,0,2,90,0.9,1,0,0.1,1,0.9,0.947368421053,0.938314863257,0.9,0.9,5,7,0,0,0,0
2680,WLNM_dir_neg,0.897959183673,0.585286935287,00:00:01,10,60,48,1176529797,threshold_sweep,0.7,1,0.714285714286,0.833333333333,5,0,2,14,0.714285714286,1,0,0.285714285714,1,0.714285714286,0.833333333333,0.904761904762,0.587301587302,0.769230769231,0.790569415042,0.714285714286,20,13,7,0,20,0,13,0,7,11,20,0.181818181818,3.04338842975,3.63636363636,2,2.5,1.68954001271,0.464623503495,0.245454545455,1.16774841624,0.642261628933,0.336363636364,1.94000937205,1.06700515463,0.536363636364,1.05689877454,0.347276990411,3.54545454545,3.04338842975,1.05689877454,3.54545454545,0.499047619048,0.4,8,0.0484848484848,0.255555555556,11,11,11,1,0,0.0909090909091,0.636363636364,0.272727272727,11,0.118181818182,3.72727272727,2.36363636364,1.3,1.625,1.43336856898,0.6064251638,0.286713286713,0.603022689156,0.510249967747,0.237762237762,1.40129809949,1.18571377649,0.503496503497,2.05382127221,0.551025219373,7,3.72727272727,2.05382127221,7,0,0,0,0,0.22962962963,11,11,11,1,0,0.0909090909091,0.636363636364,0.272727272727,11,18,0.163636363636,3.11363636364,3.27272727273,1.8,2.25,1.42062726223,0.434080552347,0.227272727273,0.924416277737,0.564921058617,0.292929292929,1.68954001271,1.03249667443,0.525252525253,1.14353419474,0.367266456706,3.875,3.11363636364,1.14353419474,3.875,0.366666666667,0.266666666667,4,0.0242424242424,0.221111111111,11,11,11,1,0,0.0909090909091,0.636363636364,0.272727272727,-2,-0.0181818181818,0.0702479338843,-0.363636363636,-0.2,-0.25,-0.268912750482,-0.030542951148,-0.0181818181818,-0.243332138505,-0.0773405703161,-0.0434343434343,-0.250469359339,-0.0345084801933,-0.0111111111111,0.0866354202056,0.0199894662943,0.329545454545,0.0702479338843,0.0866354202056,0.329545454545,-0.132380952381,-0.133333333333,-4,-0.0242424242424,-0.0344444444444,0,0,0,18,0,2,90,0.9,1,0,0.1,1,0.9,0.947368421053,0.938314863257,0.9,0.9,5,7,0,0,0,0
2681,WLNM_dir_neg,0.897959183673,0.585286935287,00:00:01,10,60,48,1176529797,threshold_sweep,0.8,1,0.714285714286,0.833333333333,5,0,2,14,0.714285714286,1,0,0.285714285714,1,0.714285714286,0.833333333333,0.904761904762,0.587301587302,0.769230769231,0.790569415042,0.714285714286,20,13,7,0,20,0,13,0,7,11,20,0.181818181818,3.04338842975,3.63636363636,2,2.5,1.68954001271,0.464623503495,0.245454545455,1.16774841624,0.642261628933,0.336363636364,1.94000937205,1.06700515463,0.536363636364,1.05689877454,0.347276990411,3.54545454545,3.04338842975,1.05689877454,3.54545454545,0.499047619048,0.4,8,0.0484848484848,0.255555555556,11,11,11,1,0,0.0909090909091,0.636363636364,0.272727272727,11,0.118181818182,3.72727272727,2.36363636364,1.3,1.625,1.43336856898,0.6064251638,0.286713286713,0.603022689156,0.510249967747,0.237762237762,1.40129809949,1.18571377649,0.503496503497,2.05382127221,0.551025219373,7,3.72727272727,2.05382127221,7,0,0,0,0,0.22962962963,11,11,11,1,0,0.0909090909091,0.636363636364,0.272727272727,11,18,0.163636363636,3.11363636364,3.27272727273,1.8,2.25,1.42062726223,0.434080552347,0.227272727273,0.924416277737,0.564921058617,0.292929292929,1.68954001271,1.03249667443,0.525252525253,1.14353419474,0.367266456706,3.875,3.11363636364,1.14353419474,3.875,0.366666666667,0.266666666667,4,0.0242424242424,0.221111111111,11,11,11,1,0,0.0909090909091,0.636363636364,0.272727272727,-2,-0.0181818181818,0.0702479338843,-0.363636363636,-0.2,-0.25,-0.268912750482,-0.030542951148,-0.0181818181818,-0.243332138505,-0.0773405703161,-0.0434343434343,-0.250469359339,-0.0345084801933,-0.0111111111111,0.0866354202056,0.0199894662943,0.329545454545,0.0702479338843,0.0866354202056,0.329545454545,-0.132380952381,-0.133333333333,-4,-0.0242424242424,-0.0344444444444,0,0,0,18,0,2,90,0.9,1,0,0.1,1,0.9,0.947368421053,0.938314863257,0.9,0.9,5,7,0,0,0,0
2682,WLNM_dir_neg,0.897959183673,0.585286935287,00:00:01,10,60,48,1176529797,threshold_sweep,0.9,1,0.571428571429,0.727272727273,4,0,3,14,0.571428571429,1,0,0.428571428571,1,0.571428571429,0.727272727273,0.857142857143,0.603174603175,0.64,0.68599434057,0.571428571429,20,13,7,0,20,0,13,0,7,11,20,0.181818181818,3.04338842975,3.63636363636,2,2.5,1.68954001271,0.464623503495,0.245454545455,1.16774841624,0.642261628933,0.336363636364,1.94000937205,1.06700515463,0.536363636364,1.05689877454,0.347276990411,3.54545454545,3.04338842975,1.05689877454,3.54545454545,0.499047619048,0.4,8,0.0484848484848,0.255555555556,11,11,11,1,0,0.0909090909091,0.636363636364,0.272727272727,11,0.118181818182,3.72727272727,2.36363636364,1.3,1.625,1.43336856898,0.6064251638,0.286713286713,0.603022689156,0.510249967747,0.237762237762,1.40129809949,1.18571377649,0.503496503497,2.05382127221,0.551025219373,7,3.72727272727,2.05382127221,7,0,0,0,0,0.22962962963,11,11,11,1,0,0.0909090909091,0.636363636364,0.272727272727,11,17,0.154545454545,3.17727272727,3.09090909091,1.7,2.125,1.30034960334,0.420701342257,0.208556149733,0.820199532265,0.530717344407,0.267379679144,1.57249078621,1.01749403814,0.513368983957,1.2536673475,0.394573414091,4.4,3.17727272727,1.2536673475,4.4,0.213333333333,0.153846153846,2,0.0121212121212,0.205555555556,11,11,11,1,0,0.0909090909091,0.636363636364,0.272727272727,-3,-0.0272727272727,0.133884297521,-0.545454545455,-0.3,-0.375,-0.389190409368,-0.0439221612377,-0.0368983957219,-0.347548883978,-0.111544284527,-0.0689839572193,-0.367518585835,-0.0495111164884,-0.0229946524064,0.196768572961,0.0472964236795,0.854545454545,0.133884297521,0.196768572961,0.854545454545,-0.285714285714,-0.246153846154,-6,-0.0363636363636,-0.05,0,0,0,17,0,3,90,0.85,1,0,0.15,1,0.85,0.918918918919,0.906962317388,0.85,0.85,4,7,0,0,0,0
2683,WLNM_dir_neg,0.795918367347,0.5617076376,00:00:01,10,60,49,1176529798,threshold_sweep,0.1,0.666666666667,0.571428571429,0.615384615385,4,2,3,12,0.571428571429,0.857142857143,0.142857142857,0.428571428571,0.666666666667,0.571428571429,0.615384615385,0.761904761905,0.571428571429,0.444444444444,0.4472135955,0.428571428571,20,13,7,0,20,0,13,0,7,11,20,0.181818181818,3.04338842975,3.63636363636,2,2.5,1.68954001271,0.464623503495,0.245454545455,1.16774841624,0.642261628933,0.336363636364,1.94000937205,1.06700515463,0.536363636364,1.05689877454,0.347276990411,3.54545454545,3.04338842975,1.05689877454,3.54545454545,0.499047619048,0.4,8,0.0484848484848,0.255555555556,11,11,11,1,0,0.0909090909091,0.636363636364,0.272727272727,11,0.118181818182,3.72727272727,2.36363636364,1.3,1.625,1.43336856898,0.6064251638,0.286713286713,0.603022689156,0.510249967747,0.237762237762,1.40129809949,1.18571377649,0.503496503497,2.05382127221,0.551025219373,7,3.72727272727,2.05382127221,7,0,0,0,0,0.22962962963,11,11,11,1,0,0.0909090909091,0.636363636364,0.272727272727,11,19,0.172727272727,8.58636363636,3.45454545455,1.9,2.375,1.86352549559,0.53944159083,0.263157894737,0.904534033733,0.523677598477,0.267942583732,1.55505042304,0.900292350178,0.468899521531,3.21808102051,0.374789742992,11.2,8.58636363636,3.21808102051,11.2,0.388095238095,0.310344827586,6,0.0363636363636,0.209259259259,11,11,11,1,0,0.0909090909091,0.636363636364,0.272727272727,-1,-0.00909090909091,5.54297520661,-0.181818181818,-0.1,-0.125,0.173985482884,0.0748180873347,0.0177033492823,-0.263214382509,-0.118584030456,-0.0684210526316,-0.384958949013,-0.166712804448,-0.0674641148325,2.16118224597,0.0275127525805,7.65454545455,5.54297520661,2.16118224597,7.65454545455,-0.110952380952,-0.0896551724138,-2,-0.0121212121212,-0.0462962962963,0,0,0,17,2,3,88,0.85,0.977777777778,0.0222222222222,0.15,0.894736842105,0.85,0.871794871795,0.844602804616,0.827777777778,0.772727272727,6,7,0,0,0,0
2684,WLNM_dir_neg,0.795918367347,0.5617076376,00:00:01,10,60,49,1176529798,threshold_sweep,0.2,0.666666666667,0.571428571429,0.615384615385,4,2,3,12,0.571428571429,0.857142857143,0.142857142857,0.428571428571,0.666666666667,0.571428571429,0.615384615385,0.761904761905,0.571428571429,0.444444444444,0.4472135955,0.428571428571,20,13,7,0,20,0,13,0,7,11,20,0.181818181818,3.04338842975,3.63636363636,2,2.5,1.68954001271,0.464623503495,0.245454545455,1.16774841624,0.642261628933,0.336363636364,1.94000937205,1.06700515463,0.536363636364,1.05689877454,0.347276990411,3.54545454545,3.04338842975,1.05689877454,3.54545454545,0.499047619048,0.4,8,0.0484848484848,0.255555555556,11,11,11,1,0,0.0909090909091,0.636363636364,0.272727272727,11,0.118181818182,3.72727272727,2.36363636364,1.3,1.625,1.43336856898,0.6064251638,0.286713286713,0.603022689156,0.510249967747,0.237762237762,1.40129809949,1.18571377649,0.503496503497,2.05382127221,0.551025219373,7,3.72727272727,2.05382127221,7,0,0,0,0,0.22962962963,11,11,11,1,0,0.0909090909091,0.636363636364,0.272727272727,11,19,0.172727272727,8.58636363636,3.45454545455,1.9,2.375,1.86352549559,0.53944159083,0.263157894737,0.904534033733,0.523677598477,0.267942583732,1.55505042304,0.900292350178,0.468899521531,3.21808102051,0.374789742992,11.2,8.58636363636,3.21808102051,11.2,0.388095238095,0.310344827586,6,0.0363636363636,0.209259259259,11,11,11,1,0,0.0909090909091,0.636363636364,0.272727272727,-1,-0.00909090909091,5.54297520661,-0.181818181818,-0.1,-0.125,0.173985482884,0.0748180873347,0.0177033492823,-0.263214382509,-0.118584030456,-0.0684210526316,-0.384958949013,-0.166712804448,-0.0674641148325,2.16118224597,0.0275127525805,7.65454545455,5.54297520661,2.16118224597,7.65454545455,-0.110952380952,-0.0896551724138,-2,-0.0121212121212,-0.0462962962963,0,0,0,17,2,3,88,0.85,0.977777777778,0.0222222222222,0.15,0.894736842105,0.85,0.871794871795,0.844602804616,0.827777777778,0.772727272727,6,7,0,0,0,0
2685,WLNM_dir_neg,0.795918367347,0.5617076376,00:00:01,10,60,49,1176529798,threshold_sweep,0.3,0.666666666667,0.571428571429,0.615384615385,4,2,3,12,0.571428571429,0.857142857143,0.142857142857,0.428571428571,0.666666666667,0.571428571429,0.615384615385,0.761904761905,0.571428571429,0.444444444444,0.4472135955,0.428571428571,20,13,7,0,20,0,13,0,7,11,20,0.181818181818,3.04338842975,3.63636363636,2,2.5,1.68954001271,0.464623503495,0.245454545455,1.16774841624,0.642261628933,0.336363636364,1.94000937205,1.06700515463,0.536363636364,1.05689877454,0.347276990411,3.54545454545,3.04338842975,1.05689877454,3.54545454545,0.499047619048,0.4,8,0.0484848484848,0.255555555556,11,11,11,1,0,0.0909090909091,0.636363636364,0.272727272727,11,0.118181818182,3.72727272727,2.36363636364,1.3,1.625,1.43336856898,0.6064251638,0.286713286713,0.603022689156,0.510249967747,0.237762237762,1.40129809949,1.18571377649,0.503496503497,2.05382127221,0.551025219373,7,3.72727272727,2.05382127221,7,0,0,0,0,0.22962962963,11,11,11,1,0,0.0909090909091,0.636363636364,0.272727272727,11,19,0.172727272727,8.58636363636,3.45454545455,1.9,2.375,1.86352549559,0.53944159083,0.263157894737,0.904534033733,0.523677598477,0.267942583732,1.55505042304,0.900292350178,0.468899521531,3.21808102051,0.374789742992,11.2,8.58636363636,3.21808102051,11.2,0.388095238095,0.310344827586,6,0.0363636363636,0.209259259259,11,11,11,1,0,0.0909090909091,0.636363636364,0.272727272727,-1,-0.00909090909091,5.54297520661,-0.181818181818,-0.1,-0.125,0.173985482884,0.0748180873347,0.0177033492823,-0.263214382509,-0.118584030456,-0.0684210526316,-0.384958949013,-0.166712804448,-0.0674641148325,2.16118224597,0.0275127525805,7.65454545455,5.54297520661,2.16118224597,7.65454545455,-0.110952380952,-0.0896551724138,-2,-0.0121212121212,-0.0462962962963,0,0,0,17,2,3,88,0.85,0.977777777778,0.0222222222222,0.15,0.894736842105,0.85,0.871794871795,0.844602804616,0.827777777778,0.772727272727,6,7,0,0,0,0
2686,WLNM_dir_neg,0.795918367347,0.5617076376,00:00:01,10,60,49,1176529798,threshold_sweep,0.4,0.8,0.571428571429,0.666666666667,4,1,3,13,0.571428571429,0.928571428571,0.0714285714286,0.428571428571,0.8,0.571428571429,0.666666666667,0.809523809524,0.587301587302,0.538461538462,0.553398590529,0.5,20,13,7,0,20,0,13,0,7,11,20,0.181818181818,3.04338842975,3.63636363636,2,2.5,1.68954001271,0.464623503495,0.245454545455,1.16774841624,0.642261628933,0.336363636364,1.94000937205,1.06700515463,0.536363636364,1.05689877454,0.347276990411,3.54545454545,3.04338842975,1.05689877454,3.54545454545,0.499047619048,0.4,8,0.0484848484848,0.255555555556,11,11,11,1,0,0.0909090909091,0.636363636364,0.272727272727,11,0.118181818182,3.72727272727,2.36363636364,1.3,1.625,1.43336856898,0.6064251638,0.286713286713,0.603022689156,0.510249967747,0.237762237762,1.40129809949,1.18571377649,0.503496503497,2.05382127221,0.551025219373,7,3.72727272727,2.05382127221,7,0,0,0,0,0.22962962963,11,11,11,1,0,0.0909090909091,0.636363636364,0.272727272727,11,18,0.163636363636,6.2,3.27272727273,1.8,2.25,1.61807966991,0.494413232473,0.242424242424,0.809039834956,0.494413232473,0.242424242424,1.5666989036,0.957427107756,0.494949494949,2.28560714035,0.368646312959,8.2,6.2,2.28560714035,8.2,0.302380952381,0.25,4,0.0242424242424,0.205555555556,11,11,11,1,0,0.0909090909091,0.636363636364,0.272727272727,-2,-0.0181818181818,3.15661157025,-0.363636363636,-0.2,-0.25,-0.0714603427974,0.029789728978,-0.0030303030303,-0.358708581286,-0.14784839646,-0.0939393939394,-0.373310468447,-0.10957804687,-0.0414141414141,1.22870836581,0.0213693225477,4.65454545455,3.15661157025,1.22870836581,4.65454545455,-0.196666666667,-0.15,-4,-0.0242424242424,-0.05,0,0,0,17,1,3,89,0.85,0.988888888889,0.0111111111111,0.15,0.944444444444,0.85,0.894736842105,0.874602125628,0.838888888889,0.809523809524,5,7,0,0,0,0
2687,WLNM_dir_neg,0.795918367347,0.5617076376,00:00:01,10,60,49,1176529798,threshold_sweep,0.5,0.8,0.571428571429,0.666666666667,4,1,3,13,0.571428571429,0.928571428571,0.0714285714286,0.428571428571,0.8,0.571428571429,0.666666666667,0.809523809524,0.587301587302,0.538461538462,0.553398590529,0.5,20,13,7,0,20,0,13,0,7,11,20,0.181818181818,3.04338842975,3.63636363636,2,2.5,1.68954001271,0.464623503495,0.245454545455,1.16774841624,0.642261628933,0.336363636364,1.94000937205,1.06700515463,0.536363636364,1.05689877454,0.347276990411,3.54545454545,3.04338842975,1.05689877454,3.54545454545,0.499047619048,0.4,8,0.0484848484848,0.255555555556,11,11,11,1,0,0.0909090909091,0.636363636364,0.272727272727,11,0.118181818182,3.72727272727,2.36363636364,1.3,1.625,1.43336856898,0.6064251638,0.286713286713,0.603022689156,0.510249967747,0.237762237762,1.40129809949,1.18571377649,0.503496503497,2.05382127221,0.551025219373,7,3.72727272727,2.05382127221,7,0,0,0,0,0.22962962963,11,11,11,1,0,0.0909090909091,0.636363636364,0.272727272727,11,18,0.163636363636,6.2,3.27272727273,1.8,2.25,1.61807966991,0.494413232473,0.242424242424,0.809039834956,0.494413232473,0.242424242424,1.5666989036,0.957427107756,0.494949494949,2.28560714035,0.368646312959,8.2,6.2,2.28560714035,8.2,0.302380952381,0.25,4,0.0242424242424,0.205555555556,11,11,11,1,0,0.0909090909091,0.636363636364,0.272727272727,-2,-0.0181818181818,3.15661157025,-0.363636363636,-0.2,-0.25,-0.0714603427974,0.029789728978,-0.0030303030303,-0.358708581286,-0.14784839646,-0.0939393939394,-0.373310468447,-0.10957804687,-0.0414141414141,1.22870836581,0.0213693225477,4.65454545455,3.15661157025,1.22870836581,4.65454545455,-0.196666666667,-0.15,-4,-0.0242424242424,-0.05,0,0,0,17,1,3,89,0.85,0.988888888889,0.0111111111111,0.15,0.944444444444,0.85,0.894736842105,0.874602125628,0.838888888889,0.809523809524,5,7,0,0,0,0
2688,WLNM_dir_neg,0.795918367347,0.5617076376,00:00:01,10,60,49,1176529798,threshold_sweep,0.6,0.8,0.571428571429,0.666666666667,4,1,3,13,0.571428571429,0.928571428571,0.0714285714286,0.428571428571,0.8,0.571428571429,0.666666666667,0.809523809524,0.587301587302,0.538461538462,0.553398590529,0.5,20,13,7,0,20,0,13,0,7,11,20,0.181818181818,3.04338842975,3.63636363636,2,2.5,1.68954001271,0.464623503495,0.245454545455,1.16774841624,0.642261628933,0.336363636364,1.94000937205,1.06700515463,0.536363636364,1.05689877454,0.347276990411,3.54545454545,3.04338842975,1.05689877454,3.54545454545,0.499047619048,0.4,8,0.0484848484848,0.255555555556,11,11,11,1,0,0.0909090909091,0.636363636364,0.272727272727,11,0.118181818182,3.72727272727,2.36363636364,1.3,1.625,1.43336856898,0.6064251638,0.286713286713,0.603022689156,0.510249967747,0.237762237762,1.40129809949,1.18571377649,0.503496503497,2.05382127221,0.551025219373,7,3.72727272727,2.05382127221,7,0,0,0,0,0.22962962963,11,11,11,1,0,0.0909090909091,0.636363636364,0.272727272727,11,18,0.163636363636,6.2,3.27272727273,1.8,2.25,1.61807966991,0.494413232473,0.242424242424,0.809039834956,0.494413232473,0.242424242424,1.5666989036,0.957427107756,0.494949494949,2.28560714035,0.368646312959,8.2,6.2,2.28560714035,8.2,0.302380952381,0.25,4,0.0242424242424,0.205555555556,11,11,11,1,0,0.0909090909091,0.636363636364,0.272727272727,-2,-0.0181818181818,3.15661157025,-0.363636363636,-0.2,-0.25,-0.0714603427974,0.029789728978,-0.0030303030303,-0.358708581286,-0.14784839646,-0.0939393939394,-0.373310468447,-0.10957804687,-0.0414141414141,1.22870836581,0.0213693225477,4.65454545455,3.15661157025,1.22870836581,4.65454545455,-0.196666666667,-0.15,-4,-0.0242424242424,-0.05,0,0,0,17,1,3,89,0.85,0.988888888889,0.0111111111111,0.15,0.944444444444,0.85,0.894736842105,0.874602125628,0.838888888889,0.809523809524,5,7,0,0,0,0
2689,WLNM_dir_neg,0.795918367347,0.5617076376,00:00:01,10,60,49,1176529798,threshold_sweep,0.7,0.8,0.571428571429,0.666666666667,4,1,3,13,0.571428571429,0.928571428571,0.0714285714286,0.428571428571,0.8,0.571428571429,0.666666666667,0.809523809524,0.587301587302,0.538461538462,0.553398590529,0.5,20,13,7,0,20,0,13,0,7,11,20,0.181818181818,3.04338842975,3.63636363636,2,2.5,1.68954001271,0.464623503495,0.245454545455,1.16774841624,0.642261628933,0.336363636364,1.94000937205,1.06700515463,0.536363636364,1.05689877454,0.347276990411,3.54545454545,3.04338842975,1.05689877454,3.54545454545,0.499047619048,0.4,8,0.0484848484848,0.255555555556,11,11,11,1,0,0.0909090909091,0.636363636364,0.272727272727,11,0.118181818182,3.72727272727,2.36363636364,1.3,1.625,1.43336856898,0.6064251638,0.286713286713,0.603022689156,0.510249967747,0.237762237762,1.40129809949,1.18571377649,0.503496503497,2.05382127221,0.551025219373,7,3.72727272727,2.05382127221,7,0,0,0,0,0.22962962963,11,11,11,1,0,0.0909090909091,0.636363636364,0.272727272727,11,18,0.163636363636,6.2,3.27272727273,1.8,2.25,1.61807966991,0.494413232473,0.242424242424,0.809039834956,0.494413232473,0.242424242424,1.5666989036,0.957427107756,0.494949494949,2.28560714035,0.368646312959,8.2,6.2,2.28560714035,8.2,0.302380952381,0.25,4,0.0242424242424,0.205555555556,11,11,11,1,0,0.0909090909091,0.636363636364,0.272727272727,-2,-0.0181818181818,3.15661157025,-0.363636363636,-0.2,-0.25,-0.0714603427974,0.029789728978,-0.0030303030303,-0.358708581286,-0.14784839646,-0.0939393939394,-0.373310468447,-0.10957804687,-0.0414141414141,1.22870836581,0.0213693225477,4.65454545455,3.15661157025,1.22870836581,4.65454545455,-0.196666666667,-0.15,-4,-0.0242424242424,-0.05,0,0,0,17,1,3,89,0.85,0.988888888889,0.0111111111111,0.15,0.944444444444,0.85,0.894736842105,0.874602125628,0.838888888889,0.809523809524,5,7,0,0,0,0
2690,WLNM_dir_neg,0.795918367347,0.5617076376,00:00:01,10,60,49,1176529798,threshold_sweep,0.8,0.8,0.571428571429,0.666666666667,4,1,3,13,0.571428571429,0.928571428571,0.0714285714286,0.428571428571,0.8,0.571428571429,0.666666666667,0.809523809524,0.587301587302,0.538461538462,0.553398590529,0.5,20,13,7,0,20,0,13,0,7,11,20,0.181818181818,3.04338842975,3.63636363636,2,2.5,1.68954001271,0.464623503495,0.245454545455,1.16774841624,0.642261628933,0.336363636364,1.94000937205,1.06700515463,0.536363636364,1.05689877454,0.347276990411,3.54545454545,3.04338842975,1.05689877454,3.54545454545,0.499047619048,0.4,8,0.0484848484848,0.255555555556,11,11,11,1,0,0.0909090909091,0.636363636364,0.272727272727,11,0.118181818182,3.72727272727,2.36363636364,1.3,1.625,1.43336856898,0.6064251638,0.286713286713,0.603022689156,0.510249967747,0.237762237762,1.40129809949,1.18571377649,0.503496503497,2.05382127221,0.551025219373,7,3.72727272727,2.05382127221,7,0,0,0,0,0.22962962963,11,11,11,1,0,0.0909090909091,0.636363636364,0.272727272727,11,18,0.163636363636,6.2,3.27272727273,1.8,2.25,1.61807966991,0.494413232473,0.242424242424,0.809039834956,0.494413232473,0.242424242424,1.5666989036,0.957427107756,0.494949494949,2.28560714035,0.368646312959,8.2,6.2,2.28560714035,8.2,0.302380952381,0.25,4,0.0242424242424,0.205555555556,11,11,11,1,0,0.0909090909091,0.636363636364,0.272727272727,-2,-0.0181818181818,3.15661157025,-0.363636363636,-0.2,-0.25,-0.0714603427974,0.029789728978,-0.0030303030303,-0.358708581286,-0.14784839646,-0.0939393939394,-0.373310468447,-0.10957804687,-0.0414141414141,1.22870836581,0.0213693225477,4.65454545455,3.15661157025,1.22870836581,4.65454545455,-0.196666666667,-0.15,-4,-0.0242424242424,-0.05,0,0,0,17,1,3,89,0.85,0.988888888889,0.0111111111111,0.15,0.944444444444,0.85,0.894736842105,0.874602125628,0.838888888889,0.809523809524,5,7,0,0,0,0
2691,WLNM_dir_neg,0.795918367347,0.5617076376,00:00:01,10,60,49,1176529798,threshold_sweep,0.9,0.8,0.571428571429,0.666666666667,4,1,3,13,0.571428571429,0.928571428571,0.0714285714286,0.428571428571,0.8,0.571428571429,0.666666666667,0.809523809524,0.587301587302,0.538461538462,0.553398590529,0.5,20,13,7,0,20,0,13,0,7,11,20,0.181818181818,3.04338842975,3.63636363636,2,2.5,1.68954001271,0.464623503495,0.245454545455,1.16774841624,0.642261628933,0.336363636364,1.94000937205,1.06700515463,0.536363636364,1.05689877454,0.347276990411,3.54545454545,3.04338842975,1.05689877454,3.54545454545,0.499047619048,0.4,8,0.0484848484848,0.255555555556,11,11,11,1,0,0.0909090909091,0.636363636364,0.272727272727,11,0.118181818182,3.72727272727,2.36363636364,1.3,1.625,1.43336856898,0.6064251638,0.286713286713,0.603022689156,0.510249967747,0.237762237762,1.40129809949,1.18571377649,0.503496503497,2.05382127221,0.551025219373,7,3.72727272727,2.05382127221,7,0,0,0,0,0.22962962963,11,11,11,1,0,0.0909090909091,0.636363636364,0.272727272727,11,18,0.163636363636,6.2,3.27272727273,1.8,2.25,1.61807966991,0.494413232473,0.242424242424,0.809039834956,0.494413232473,0.242424242424,1.5666989036,0.957427107756,0.494949494949,2.28560714035,0.368646312959,8.2,6.2,2.28560714035,8.2,0.302380952381,0.25,4,0.0242424242424,0.205555555556,11,11,11,1,0,0.0909090909091,0.636363636364,0.272727272727,-2,-0.0181818181818,3.15661157025,-0.363636363636,-0.2,-0.25,-0.0714603427974,0.029789728978,-0.0030303030303,-0.358708581286,-0.14784839646,-0.0939393939394,-0.373310468447,-0.10957804687,-0.0414141414141,1.22870836581,0.0213693225477,4.65454545455,3.15661157025,1.22870836581,4.65454545455,-0.196666666667,-0.15,-4,-0.0242424242424,-0.05,0,0,0,17,1,3,89,0.85,0.988888888889,0.0111111111111,0.15,0.944444444444,0.85,0.894736842105,0.874602125628,0.838888888889,0.809523809524,5,7,0,0,0,0
2692,WLNM_dir_neg,0.877551020408,0.713786213786,00:00:02,10,60,50,1176529799,threshold_sweep,0.1,1,0.714285714286,0.833333333333,5,0,2,14,0.714285714286,1,0,0.285714285714,1,0.714285714286,0.833333333333,0.904761904762,0.587301587302,0.769230769231,0.790569415042,0.714285714286,20,13,7,0,20,0,13,0,7,11,20,0.181818181818,3.04338842975,3.63636363636,2,2.5,1.68954001271,0.464623503495,0.245454545455,1.16774841624,0.642261628933,0.336363636364,1.94000937205,1.06700515463,0.536363636364,1.05689877454,0.347276990411,3.54545454545,3.04338842975,1.05689877454,3.54545454545,0.499047619048,0.4,8,0.0484848484848,0.255555555556,11,11,11,1,0,0.0909090909091,0.636363636364,0.272727272727,11,0.118181818182,3.72727272727,2.36363636364,1.3,1.625,1.43336856898,0.6064251638,0.286713286713,0.603022689156,0.510249967747,0.237762237762,1.40129809949,1.18571377649,0.503496503497,2.05382127221,0.551025219373,7,3.72727272727,2.05382127221,7,0,0,0,0,0.22962962963,11,11,11,1,0,0.0909090909091,0.636363636364,0.272727272727,11,18,0.163636363636,3.11363636364,3.27272727273,1.8,2.25,1.42062726223,0.434080552347,0.227272727273,0.924416277737,0.564921058617,0.292929292929,1.68954001271,1.03249667443,0.525252525253,1.14353419474,0.367266456706,3.875,3.11363636364,1.14353419474,3.875,0.366666666667,0.266666666667,4,0.0242424242424,0.221111111111,11,11,11,1,0,0.0909090909091,0.636363636364,0.272727272727,-2,-0.0181818181818,0.0702479338843,-0.363636363636,-0.2,-0.25,-0.268912750482,-0.030542951148,-0.0181818181818,-0.243332138505,-0.0773405703161,-0.0434343434343,-0.250469359339,-0.0345084801933,-0.0111111111111,0.0866354202056,0.0199894662943,0.329545454545,0.0702479338843,0.0866354202056,0.329545454545,-0.132380952381,-0.133333333333,-4,-0.0242424242424,-0.0344444444444,0,0,0,18,0,2,90,0.9,1,0,0.1,1,0.9,0.947368421053,0.938314863257,0.9,0.9,5,7,0,0,0,0
2693,WLNM_dir_neg,0.877551020408,0.713786213786,00:00:02,10,60,50,1176529799,threshold_sweep,0.2,1,0.714285714286,0.833333333333,5,0,2,14,0.714285714286,1,0,0.285714285714,1,0.714285714286,0.833333333333,0.904761904762,0.587301587302,0.769230769231,0.790569415042,0.714285714286,20,13,7,0,20,0,13,0,7,11,20,0.181818181818,3.04338842975,3.63636363636,2,2.5,1.68954001271,0.464623503495,0.245454545455,1.16774841624,0.642261628933,0.336363636364,1.94000937205,1.06700515463,0.536363636364,1.05689877454,0.347276990411,3.54545454545,3.04338842975,1.05689877454,3.54545454545,0.499047619048,0.4,8,0.0484848484848,0.255555555556,11,11,11,1,0,0.0909090909091,0.636363636364,0.272727272727,11,0.118181818182,3.72727272727,2.36363636364,1.3,1.625,1.43336856898,0.6064251638,0.286713286713,0.603022689156,0.510249967747,0.237762237762,1.40129809949,1.18571377649,0.503496503497,2.05382127221,0.551025219373,7,3.72727272727,2.05382127221,7,0,0,0,0,0.22962962963,11,11,11,1,0,0.0909090909091,0.636363636364,0.272727272727,11,18,0.163636363636,3.11363636364,3.27272727273,1.8,2.25,1.42062726223,0.434080552347,0.227272727273,0.924416277737,0.564921058617,0.292929292929,1.68954001271,1.03249667443,0.525252525253,1.14353419474,0.367266456706,3.875,3.11363636364,1.14353419474,3.875,0.366666666667,0.266666666667,4,0.0242424242424,0.221111111111,11,11,11,1,0,0.0909090909091,0.636363636364,0.272727272727,-2,-0.0181818181818,0.0702479338843,-0.363636363636,-0.2,-0.25,-0.268912750482,-0.030542951148,-0.0181818181818,-0.243332138505,-0.0773405703161,-0.0434343434343,-0.250469359339,-0.0345084801933,-0.0111111111111,0.0866354202056,0.0199894662943,0.329545454545,0.0702479338843,0.0866354202056,0.329545454545,-0.132380952381,-0.133333333333,-4,-0.0242424242424,-0.0344444444444,0,0,0,18,0,2,90,0.9,1,0,0.1,1,0.9,0.947368421053,0.938314863257,0.9,0.9,5,7,0,0,0,0
2694,WLNM_dir_neg,0.877551020408,0.713786213786,00:00:02,10,60,50,1176529799,threshold_sweep,0.3,1,0.714285714286,0.833333333333,5,0,2,14,0.714285714286,1,0,0.285714285714,1,0.714285714286,0.833333333333,0.904761904762,0.587301587302,0.769230769231,0.790569415042,0.714285714286,20,13,7,0,20,0,13,0,7,11,20,0.181818181818,3.04338842975,3.63636363636,2,2.5,1.68954001271,0.464623503495,0.245454545455,1.16774841624,0.642261628933,0.336363636364,1.94000937205,1.06700515463,0.536363636364,1.05689877454,0.347276990411,3.54545454545,3.04338842975,1.05689877454,3.54545454545,0.499047619048,0.4,8,0.0484848484848,0.255555555556,11,11,11,1,0,0.0909090909091,0.636363636364,0.272727272727,11,0.118181818182,3.72727272727,2.36363636364,1.3,1.625,1.43336856898,0.6064251638,0.286713286713,0.603022689156,0.510249967747,0.237762237762,1.40129809949,1.18571377649,0.503496503497,2.05382127221,0.551025219373,7,3.72727272727,2.05382127221,7,0,0,0,0,0.22962962963,11,11,11,1,0,0.0909090909091,0.636363636364,0.272727272727,11,18,0.163636363636,3.11363636364,3.27272727273,1.8,2.25,1.42062726223,0.434080552347,0.227272727273,0.924416277737,0.564921058617,0.292929292929,1.68954001271,1.03249667443,0.525252525253,1.14353419474,0.367266456706,3.875,3.11363636364,1.14353419474,3.875,0.366666666667,0.266666666667,4,0.0242424242424,0.221111111111,11,11,11,1,0,0.0909090909091,0.636363636364,0.272727272727,-2,-0.0181818181818,0.0702479338843,-0.363636363636,-0.2,-0.25,-0.268912750482,-0.030542951148,-0.0181818181818,-0.243332138505,-0.0773405703161,-0.0434343434343,-0.250469359339,-0.0345084801933,-0.0111111111111,0.0866354202056,0.0199894662943,0.329545454545,0.0702479338843,0.0866354202056,0.329545454545,-0.132380952381,-0.133333333333,-4,-0.0242424242424,-0.0344444444444,0,0,0,18,0,2,90,0.9,1,0,0.1,1,0.9,0.947368421053,0.938314863257,0.9,0.9,5,7,0,0,0,0
2695,WLNM_dir_neg,0.877551020408,0.713786213786,00:00:02,10,60,50,1176529799,threshold_sweep,0.4,1,0.714285714286,0.833333333333,5,0,2,14,0.714285714286,1,0,0.285714285714,1,0.714285714286,0.833333333333,0.904761904762,0.587301587302,0.769230769231,0.790569415042,0.714285714286,20,13,7,0,20,0,13,0,7,11,20,0.181818181818,3.04338842975,3.63636363636,2,2.5,1.68954001271,0.464623503495,0.245454545455,1.16774841624,0.642261628933,0.336363636364,1.94000937205,1.06700515463,0.536363636364,1.05689877454,0.347276990411,3.54545454545,3.04338842975,1.05689877454,3.54545454545,0.499047619048,0.4,8,0.0484848484848,0.255555555556,11,11,11,1,0,0.0909090909091,0.636363636364,0.272727272727,11,0.118181818182,3.72727272727,2.36363636364,1.3,1.625,1.43336856898,0.6064251638,0.286713286713,0.603022689156,0.510249967747,0.237762237762,1.40129809949,1.18571377649,0.503496503497,2.05382127221,0.551025219373,7,3.72727272727,2.05382127221,7,0,0,0,0,0.22962962963,11,11,11,1,0,0.0909090909091,0.636363636364,0.272727272727,11,18,0.163636363636,3.11363636364,3.27272727273,1.8,2.25,1.42062726223,0.434080552347,0.227272727273,0.924416277737,0.564921058617,0.292929292929,1.68954001271,1.03249667443,0.525252525253,1.14353419474,0.367266456706,3.875,3.11363636364,1.14353419474,3.875,0.366666666667,0.266666666667,4,0.0242424242424,0.221111111111,11,11,11,1,0,0.0909090909091,0.636363636364,0.272727272727,-2,-0.0181818181818,0.0702479338843,-0.363636363636,-0.2,-0.25,-0.268912750482,-0.030542951148,-0.0181818181818,-0.243332138505,-0.0773405703161,-0.0434343434343,-0.250469359339,-0.0345084801933,-0.0111111111111,0.0866354202056,0.0199894662943,0.329545454545,0.0702479338843,0.0866354202056,0.329545454545,-0.132380952381,-0.133333333333,-4,-0.0242424242424,-0.0344444444444,0,0,0,18,0,2,90,0.9,1,0,0.1,1,0.9,0.947368421053,0.938314863257,0.9,0.9,5,7,0,0,0,0
2696,WLNM_dir_neg,0.877551020408,0.713786213786,00:00:02,10,60,50,1176529799,threshold_sweep,0.5,1,0.714285714286,0.833333333333,5,0,2,14,0.714285714286,1,0,0.285714285714,1,0.714285714286,0.833333333333,0.904761904762,0.587301587302,0.769230769231,0.790569415042,0.714285714286,20,13,7,0,20,0,13,0,7,11,20,0.181818181818,3.04338842975,3.63636363636,2,2.5,1.68954001271,0.464623503495,0.245454545455,1.16774841624,0.642261628933,0.336363636364,1.94000937205,1.06700515463,0.536363636364,1.05689877454,0.347276990411,3.54545454545,3.04338842975,1.05689877454,3.54545454545,0.499047619048,0.4,8,0.0484848484848,0.255555555556,11,11,11,1,0,0.0909090909091,0.636363636364,0.272727272727,11,0.118181818182,3.72727272727,2.36363636364,1.3,1.625,1.43336856898,0.6064251638,0.286713286713,0.603022689156,0.510249967747,0.237762237762,1.40129809949,1.18571377649,0.503496503497,2.05382127221,0.551025219373,7,3.72727272727,2.05382127221,7,0,0,0,0,0.22962962963,11,11,11,1,0,0.0909090909091,0.636363636364,0.272727272727,11,18,0.163636363636,3.11363636364,3.27272727273,1.8,2.25,1.42062726223,0.434080552347,0.227272727273,0.924416277737,0.564921058617,0.292929292929,1.68954001271,1.03249667443,0.525252525253,1.14353419474,0.367266456706,3.875,3.11363636364,1.14353419474,3.875,0.366666666667,0.266666666667,4,0.0242424242424,0.221111111111,11,11,11,1,0,0.0909090909091,0.636363636364,0.272727272727,-2,-0.0181818181818,0.0702479338843,-0.363636363636,-0.2,-0.25,-0.268912750482,-0.030542951148,-0.0181818181818,-0.243332138505,-0.0773405703161,-0.0434343434343,-0.250469359339,-0.0345084801933,-0.0111111111111,0.0866354202056,0.0199894662943,0.329545454545,0.0702479338843,0.0866354202056,0.329545454545,-0.132380952381,-0.133333333333,-4,-0.0242424242424,-0.0344444444444,0,0,0,18,0,2,90,0.9,1,0,0.1,1,0.9,0.947368421053,0.938314863257,0.9,0.9,5,7,0,0,0,0
2697,WLNM_dir_neg,0.877551020408,0.713786213786,00:00:02,10,60,50,1176529799,threshold_sweep,0.6,1,0.714285714286,0.833333333333,5,0,2,14,0.714285714286,1,0,0.285714285714,1,0.714285714286,0.833333333333,0.904761904762,0.587301587302,0.769230769231,0.790569415042,0.714285714286,20,13,7,0,20,0,13,0,7,11,20,0.181818181818,3.04338842975,3.63636363636,2,2.5,1.68954001271,0.464623503495,0.245454545455,1.16774841624,0.642261628933,0.336363636364,1.94000937205,1.06700515463,0.536363636364,1.05689877454,0.347276990411,3.54545454545,3.04338842975,1.05689877454,3.54545454545,0.499047619048,0.4,8,0.0484848484848,0.255555555556,11,11,11,1,0,0.0909090909091,0.636363636364,0.272727272727,11,0.118181818182,3.72727272727,2.36363636364,1.3,1.625,1.43336856898,0.6064251638,0.286713286713,0.603022689156,0.510249967747,0.237762237762,1.40129809949,1.18571377649,0.503496503497,2.05382127221,0.551025219373,7,3.72727272727,2.05382127221,7,0,0,0,0,0.22962962963,11,11,11,1,0,0.0909090909091,0.636363636364,0.272727272727,11,18,0.163636363636,3.11363636364,3.27272727273,1.8,2.25,1.42062726223,0.434080552347,0.227272727273,0.924416277737,0.564921058617,0.292929292929,1.68954001271,1.03249667443,0.525252525253,1.14353419474,0.367266456706,3.875,3.11363636364,1.14353419474,3.875,0.366666666667,0.266666666667,4,0.0242424242424,0.221111111111,11,11,11,1,0,0.0909090909091,0.636363636364,0.272727272727,-2,-0.0181818181818,0.0702479338843,-0.363636363636,-0.2,-0.25,-0.268912750482,-0.030542951148,-0.0181818181818,-0.243332138505,-0.0773405703161,-0.0434343434343,-0.250469359339,-0.0345084801933,-0.0111111111111,0.0866354202056,0.0199894662943,0.329545454545,0.0702479338843,0.0866354202056,0.329545454545,-0.132380952381,-0.133333333333,-4,-0.0242424242424,-0.0344444444444,0,0,0,18,0,2,90,0.9,1,0,0.1,1,0.9,0.947368421053,0.938314863257,0.9,0.9,5,7,0,0,0,0
2698,WLNM_dir_neg,0.877551020408,0.713786213786,00:00:02,10,60,50,1176529799,threshold_sweep,0.7,1,0.714285714286,0.833333333333,5,0,2,14,0.714285714286,1,0,0.285714285714,1,0.714285714286,0.833333333333,0.904761904762,0.587301587302,0.769230769231,0.790569415042,0.714285714286,20,13,7,0,20,0,13,0,7,11,20,0.181818181818,3.04338842975,3.63636363636,2,2.5,1.68954001271,0.464623503495,0.245454545455,1.16774841624,0.642261628933,0.336363636364,1.94000937205,1.06700515463,0.536363636364,1.05689877454,0.347276990411,3.54545454545,3.04338842975,1.05689877454,3.54545454545,0.499047619048,0.4,8,0.0484848484848,0.255555555556,11,11,11,1,0,0.0909090909091,0.636363636364,0.272727272727,11,0.118181818182,3.72727272727,2.36363636364,1.3,1.625,1.43336856898,0.6064251638,0.286713286713,0.603022689156,0.510249967747,0.237762237762,1.40129809949,1.18571377649,0.503496503497,2.05382127221,0.551025219373,7,3.72727272727,2.05382127221,7,0,0,0,0,0.22962962963,11,11,11,1,0,0.0909090909091,0.636363636364,0.272727272727,11,18,0.163636363636,3.11363636364,3.27272727273,1.8,2.25,1.42062726223,0.434080552347,0.227272727273,0.924416277737,0.564921058617,0.292929292929,1.68954001271,1.03249667443,0.525252525253,1.14353419474,0.367266456706,3.875,3.11363636364,1.14353419474,3.875,0.366666666667,0.266666666667,4,0.0242424242424,0.221111111111,11,11,11,1,0,0.0909090909091,0.636363636364,0.272727272727,-2,-0.0181818181818,0.0702479338843,-0.363636363636,-0.2,-0.25,-0.268912750482,-0.030542951148,-0.0181818181818,-0.243332138505,-0.0773405703161,-0.0434343434343,-0.250469359339,-0.0345084801933,-0.0111111111111,0.0866354202056,0.0199894662943,0.329545454545,0.0702479338843,0.0866354202056,0.329545454545,-0.132380952381,-0.133333333333,-4,-0.0242424242424,-0.0344444444444,0,0,0,18,0,2,90,0.9,1,0,0.1,1,0.9,0.947368421053,0.938314863257,0.9,0.9,5,7,0,0,0,0
2699,WLNM_dir_neg,0.877551020408,0.713786213786,00:00:02,10,60,50,1176529799,threshold_sweep,0.8,1,0.714285714286,0.833333333333,5,0,2,14,0.714285714286,1,0,0.285714285714,1,0.714285714286,0.833333333333,0.904761904762,0.587301587302,0.769230769231,0.790569415042,0.714285714286,20,13,7,0,20,0,13,0,7,11,20,0.181818181818,3.04338842975,3.63636363636,2,2.5,1.68954001271,0.464623503495,0.245454545455,1.16774841624,0.642261628933,0.336363636364,1.94000937205,1.06700515463,0.536363636364,1.05689877454,0.347276990411,3.54545454545,3.04338842975,1.05689877454,3.54545454545,0.499047619048,0.4,8,0.0484848484848,0.255555555556,11,11,11,1,0,0.0909090909091,0.636363636364,0.272727272727,11,0.118181818182,3.72727272727,2.36363636364,1.3,1.625,1.43336856898,0.6064251638,0.286713286713,0.603022689156,0.510249967747,0.237762237762,1.40129809949,1.18571377649,0.503496503497,2.05382127221,0.551025219373,7,3.72727272727,2.05382127221,7,0,0,0,0,0.22962962963,11,11,11,1,0,0.0909090909091,0.636363636364,0.272727272727,11,18,0.163636363636,3.11363636364,3.27272727273,1.8,2.25,1.42062726223,0.434080552347,0.227272727273,0.924416277737,0.564921058617,0.292929292929,1.68954001271,1.03249667443,0.525252525253,1.14353419474,0.367266456706,3.875,3.11363636364,1.14353419474,3.875,0.366666666667,0.266666666667,4,0.0242424242424,0.221111111111,11,11,11,1,0,0.0909090909091,0.636363636364,0.272727272727,-2,-0.0181818181818,0.0702479338843,-0.363636363636,-0.2,-0.25,-0.268912750482,-0.030542951148,-0.0181818181818,-0.243332138505,-0.0773405703161,-0.0434343434343,-0.250469359339,-0.0345084801933,-0.0111111111111,0.0866354202056,0.0199894662943,0.329545454545,0.0702479338843,0.0866354202056,0.329545454545,-0.132380952381,-0.133333333333,-4,-0.0242424242424,-0.0344444444444,0,0,0,18,0,2,90,0.9,1,0,0.1,1,0.9,0.947368421053,0.938314863257,0.9,0.9,5,7,0,0,0,0
2700,WLNM_dir_neg,0.877551020408,0.713786213786,00:00:02,10,60,50,1176529799,threshold_sweep,0.9,1,0.428571428571,0.6,3,0,4,14,0.428571428571,1,0,0.571428571429,1,0.428571428571,0.6,0.809523809524,0.619047619048,0.5,0.57735026919,0.428571428571,20,13,7,0,20,0,13,0,7,11,20,0.181818181818,3.04338842975,3.63636363636,2,2.5,1.68954001271,0.464623503495,0.245454545455,1.16774841624,0.642261628933,0.336363636364,1.94000937205,1.06700515463,0.536363636364,1.05689877454,0.347276990411,3.54545454545,3.04338842975,1.05689877454,3.54545454545,0.499047619048,0.4,8,0.0484848484848,0.255555555556,11,11,11,1,0,0.0909090909091,0.636363636364,0.272727272727,11,0.118181818182,3.72727272727,2.36363636364,1.3,1.625,1.43336856898,0.6064251638,0.286713286713,0.603022689156,0.510249967747,0.237762237762,1.40129809949,1.18571377649,0.503496503497,2.05382127221,0.551025219373,7,3.72727272727,2.05382127221,7,0,0,0,0,0.22962962963,11,11,11,1,0,0.0909090909091,0.636363636364,0.272727272727,11,16,0.145454545455,3.22727272727,2.90909090909,1.6,2,1.70026735866,0.584466904538,0.3125,0.934198732994,0.642261628933,0.318181818182,1.63484778274,1.12395785063,0.534090909091,1.12196560472,0.34765131414,3.875,3.22727272727,1.12196560472,3.875,0.191666666667,0.153846153846,2,0.0121212121212,0.265555555556,11,11,11,1,0,0.0909090909091,0.636363636364,0.272727272727,-4,-0.0363636363636,0.183884297521,-0.727272727273,-0.4,-0.5,0.0107273459462,0.119843401043,0.0670454545455,-0.233549683248,0,-0.0181818181818,-0.305161589309,0.0569526960065,-0.00227272727273,0.0650668301862,0.000374323728253,0.329545454545,0.183884297521,0.0650668301862,0.329545454545,-0.307380952381,-0.246153846154,-6,-0.0363636363636,0.01,0,0,0,16,0,4,90,0.8,1,0,0.2,1,0.8,0.888888888889,0.875189948987,0.8,0.8,3,7,0,0,0,0
2701,WLNM_dir_neg,0.80612244898,0.68250120561,00:00:00,10,70,1,1177447050,threshold_sweep,0.1,0.555555555556,0.714285714286,0.625,5,4,2,10,0.714285714286,0.714285714286,0.285714285714,0.285714285714,0.555555555556,0.714285714286,0.625,0.714285714286,0.52380952381,0.4,0.408248290464,0.428571428571,20,13,7,0,20,0,13,0,7,11,20,0.181818181818,3.04338842975,3.63636363636,2,2.5,1.68954001271,0.464623503495,0.245454545455,1.16774841624,0.642261628933,0.336363636364,1.94000937205,1.06700515463,0.536363636364,1.05689877454,0.347276990411,3.54545454545,3.04338842975,1.05689877454,3.54545454545,0.499047619048,0.4,8,0.0484848484848,0.255555555556,11,11,11,1,0,0.0909090909091,0.636363636364,0.272727272727,11,0.118181818182,3.72727272727,2.36363636364,1.3,1.625,1.43336856898,0.6064251638,0.286713286713,0.603022689156,0.510249967747,0.237762237762,1.40129809949,1.18571377649,0.503496503497,2.05382127221,0.551025219373,7,3.72727272727,2.05382127221,7,0,0,0,0,0.22962962963,11,11,11,1,0,0.0909090909091,0.636363636364,0.272727272727,11,22,0.2,6.55454545455,4,2.2,2,1.84390889146,0.460977222865,0.202479338843,1.18321595662,0.59160797831,0.314049586777,1.41421356237,0.707106781187,0.338842975207,2.26082999642,0.344925519565,8.075,6.55454545455,2.26082999642,8.075,0.437142857143,0.362068965517,7,0.0424242424242,0.193703703704,11,11,11,1,0,0.0909090909091,0.909090909091,0,2,0.0181818181818,3.51115702479,0.363636363636,0.2,-0.5,0.154368878749,-0.00364628063039,-0.0429752066116,0.0154675403776,-0.0506536506233,-0.0223140495868,-0.525795809675,-0.35989837344,-0.197520661157,1.20393122189,-0.00235147084605,4.52954545455,3.51115702479,1.20393122189,4.52954545455,-0.0619047619048,-0.0379310344828,-1,-0.00606060606061,-0.0618518518519,0,0.272727272727,-0.272727272727,18,4,2,86,0.9,0.955555555556,0.0444444444444,0.1,0.818181818182,0.9,0.857142857143,0.824957911384,0.855555555556,0.75,9,7,0,0,0,0
2702,WLNM_dir_neg,0.80612244898,0.68250120561,00:00:00,10,70,1,1177447050,threshold_sweep,0.2,0.555555555556,0.714285714286,0.625,5,4,2,10,0.714285714286,0.714285714286,0.285714285714,0.285714285714,0.555555555556,0.714285714286,0.625,0.714285714286,0.52380952381,0.4,0.408248290464,0.428571428571,20,13,7,0,20,0,13,0,7,11,20,0.181818181818,3.04338842975,3.63636363636,2,2.5,1.68954001271,0.464623503495,0.245454545455,1.16774841624,0.642261628933,0.336363636364,1.94000937205,1.06700515463,0.536363636364,1.05689877454,0.347276990411,3.54545454545,3.04338842975,1.05689877454,3.54545454545,0.499047619048,0.4,8,0.0484848484848,0.255555555556,11,11,11,1,0,0.0909090909091,0.636363636364,0.272727272727,11,0.118181818182,3.72727272727,2.36363636364,1.3,1.625,1.43336856898,0.6064251638,0.286713286713,0.603022689156,0.510249967747,0.237762237762,1.40129809949,1.18571377649,0.503496503497,2.05382127221,0.551025219373,7,3.72727272727,2.05382127221,7,0,0,0,0,0.22962962963,11,11,11,1,0,0.0909090909091,0.636363636364,0.272727272727,11,22,0.2,6.55454545455,4,2.2,2,1.84390889146,0.460977222865,0.202479338843,1.18321595662,0.59160797831,0.314049586777,1.41421356237,0.707106781187,0.338842975207,2.26082999642,0.344925519565,8.075,6.55454545455,2.26082999642,8.075,0.437142857143,0.362068965517,7,0.0424242424242,0.193703703704,11,11,11,1,0,0.0909090909091,0.909090909091,0,2,0.0181818181818,3.51115702479,0.363636363636,0.2,-0.5,0.154368878749,-0.00364628063039,-0.0429752066116,0.0154675403776,-0.0506536506233,-0.0223140495868,-0.525795809675,-0.35989837344,-0.197520661157,1.20393122189,-0.00235147084605,4.52954545455,3.51115702479,1.20393122189,4.52954545455,-0.0619047619048,-0.0379310344828,-1,-0.00606060606061,-0.0618518518519,0,0.272727272727,-0.272727272727,18,4,2,86,0.9,0.955555555556,0.0444444444444,0.1,0.818181818182,0.9,0.857142857143,0.824957911384,0.855555555556,0.75,9,7,0,0,0,0
2703,WLNM_dir_neg,0.80612244898,0.68250120561,00:00:00,10,70,1,1177447050,threshold_sweep,0.3,0.555555555556,0.714285714286,0.625,5,4,2,10,0.714285714286,0.714285714286,0.285714285714,0.285714285714,0.555555555556,0.714285714286,0.625,0.714285714286,0.52380952381,0.4,0.408248290464,0.428571428571,20,13,7,0,20,0,13,0,7,11,20,0.181818181818,3.04338842975,3.63636363636,2,2.5,1.68954001271,0.464623503495,0.245454545455,1.16774841624,0.642261628933,0.336363636364,1.94000937205,1.06700515463,0.536363636364,1.05689877454,0.347276990411,3.54545454545,3.04338842975,1.05689877454,3.54545454545,0.499047619048,0.4,8,0.0484848484848,0.255555555556,11,11,11,1,0,0.0909090909091,0.636363636364,0.272727272727,11,0.118181818182,3.72727272727,2.36363636364,1.3,1.625,1.43336856898,0.6064251638,0.286713286713,0.603022689156,0.510249967747,0.237762237762,1.40129809949,1.18571377649,0.503496503497,2.05382127221,0.551025219373,7,3.72727272727,2.05382127221,7,0,0,0,0,0.22962962963,11,11,11,1,0,0.0909090909091,0.636363636364,0.272727272727,11,22,0.2,6.55454545455,4,2.2,2,1.84390889146,0.460977222865,0.202479338843,1.18321595662,0.59160797831,0.314049586777,1.41421356237,0.707106781187,0.338842975207,2.26082999642,0.344925519565,8.075,6.55454545455,2.26082999642,8.075,0.437142857143,0.362068965517,7,0.0424242424242,0.193703703704,11,11,11,1,0,0.0909090909091,0.909090909091,0,2,0.0181818181818,3.51115702479,0.363636363636,0.2,-0.5,0.154368878749,-0.00364628063039,-0.0429752066116,0.0154675403776,-0.0506536506233,-0.0223140495868,-0.525795809675,-0.35989837344,-0.197520661157,1.20393122189,-0.00235147084605,4.52954545455,3.51115702479,1.20393122189,4.52954545455,-0.0619047619048,-0.0379310344828,-1,-0.00606060606061,-0.0618518518519,0,0.272727272727,-0.272727272727,18,4,2,86,0.9,0.955555555556,0.0444444444444,0.1,0.818181818182,0.9,0.857142857143,0.824957911384,0.855555555556,0.75,9,7,0,0,0,0
2704,WLNM_dir_neg,0.80612244898,0.68250120561,00:00:00,10,70,1,1177447050,threshold_sweep,0.4,0.555555555556,0.714285714286,0.625,5,4,2,10,0.714285714286,0.714285714286,0.285714285714,0.285714285714,0.555555555556,0.714285714286,0.625,0.714285714286,0.52380952381,0.4,0.408248290464,0.428571428571,20,13,7,0,20,0,13,0,7,11,20,0.181818181818,3.04338842975,3.63636363636,2,2.5,1.68954001271,0.464623503495,0.245454545455,1.16774841624,0.642261628933,0.336363636364,1.94000937205,1.06700515463,0.536363636364,1.05689877454,0.347276990411,3.54545454545,3.04338842975,1.05689877454,3.54545454545,0.499047619048,0.4,8,0.0484848484848,0.255555555556,11,11,11,1,0,0.0909090909091,0.636363636364,0.272727272727,11,0.118181818182,3.72727272727,2.36363636364,1.3,1.625,1.43336856898,0.6064251638,0.286713286713,0.603022689156,0.510249967747,0.237762237762,1.40129809949,1.18571377649,0.503496503497,2.05382127221,0.551025219373,7,3.72727272727,2.05382127221,7,0,0,0,0,0.22962962963,11,11,11,1,0,0.0909090909091,0.636363636364,0.272727272727,11,22,0.2,6.55454545455,4,2.2,2,1.84390889146,0.460977222865,0.202479338843,1.18321595662,0.59160797831,0.314049586777,1.41421356237,0.707106781187,0.338842975207,2.26082999642,0.344925519565,8.075,6.55454545455,2.26082999642,8.075,0.437142857143,0.362068965517,7,0.0424242424242,0.193703703704,11,11,11,1,0,0.0909090909091,0.909090909091,0,2,0.0181818181818,3.51115702479,0.363636363636,0.2,-0.5,0.154368878749,-0.00364628063039,-0.0429752066116,0.0154675403776,-0.0506536506233,-0.0223140495868,-0.525795809675,-0.35989837344,-0.197520661157,1.20393122189,-0.00235147084605,4.52954545455,3.51115702479,1.20393122189,4.52954545455,-0.0619047619048,-0.0379310344828,-1,-0.00606060606061,-0.0618518518519,0,0.272727272727,-0.272727272727,18,4,2,86,0.9,0.955555555556,0.0444444444444,0.1,0.818181818182,0.9,0.857142857143,0.824957911384,0.855555555556,0.75,9,7,0,0,0,0
2705,WLNM_dir_neg,0.80612244898,0.68250120561,00:00:00,10,70,1,1177447050,threshold_sweep,0.5,0.555555555556,0.714285714286,0.625,5,4,2,10,0.714285714286,0.714285714286,0.285714285714,0.285714285714,0.555555555556,0.714285714286,0.625,0.714285714286,0.52380952381,0.4,0.408248290464,0.428571428571,20,13,7,0,20,0,13,0,7,11,20,0.181818181818,3.04338842975,3.63636363636,2,2.5,1.68954001271,0.464623503495,0.245454545455,1.16774841624,0.642261628933,0.336363636364,1.94000937205,1.06700515463,0.536363636364,1.05689877454,0.347276990411,3.54545454545,3.04338842975,1.05689877454,3.54545454545,0.499047619048,0.4,8,0.0484848484848,0.255555555556,11,11,11,1,0,0.0909090909091,0.636363636364,0.272727272727,11,0.118181818182,3.72727272727,2.36363636364,1.3,1.625,1.43336856898,0.6064251638,0.286713286713,0.603022689156,0.510249967747,0.237762237762,1.40129809949,1.18571377649,0.503496503497,2.05382127221,0.551025219373,7,3.72727272727,2.05382127221,7,0,0,0,0,0.22962962963,11,11,11,1,0,0.0909090909091,0.636363636364,0.272727272727,11,22,0.2,6.55454545455,4,2.2,2,1.84390889146,0.460977222865,0.202479338843,1.18321595662,0.59160797831,0.314049586777,1.41421356237,0.707106781187,0.338842975207,2.26082999642,0.344925519565,8.075,6.55454545455,2.26082999642,8.075,0.437142857143,0.362068965517,7,0.0424242424242,0.193703703704,11,11,11,1,0,0.0909090909091,0.909090909091,0,2,0.0181818181818,3.51115702479,0.363636363636,0.2,-0.5,0.154368878749,-0.00364628063039,-0.0429752066116,0.0154675403776,-0.0506536506233,-0.0223140495868,-0.525795809675,-0.35989837344,-0.197520661157,1.20393122189,-0.00235147084605,4.52954545455,3.51115702479,1.20393122189,4.52954545455,-0.0619047619048,-0.0379310344828,-1,-0.00606060606061,-0.0618518518519,0,0.272727272727,-0.272727272727,18,4,2,86,0.9,0.955555555556,0.0444444444444,0.1,0.818181818182,0.9,0.857142857143,0.824957911384,0.855555555556,0.75,9,7,0,0,0,0
2706,WLNM_dir_neg,0.80612244898,0.68250120561,00:00:00,10,70,1,1177447050,threshold_sweep,0.6,0.555555555556,0.714285714286,0.625,5,4,2,10,0.714285714286,0.714285714286,0.285714285714,0.285714285714,0.555555555556,0.714285714286,0.625,0.714285714286,0.52380952381,0.4,0.408248290464,0.428571428571,20,13,7,0,20,0,13,0,7,11,20,0.181818181818,3.04338842975,3.63636363636,2,2.5,1.68954001271,0.464623503495,0.245454545455,1.16774841624,0.642261628933,0.336363636364,1.94000937205,1.06700515463,0.536363636364,1.05689877454,0.347276990411,3.54545454545,3.04338842975,1.05689877454,3.54545454545,0.499047619048,0.4,8,0.0484848484848,0.255555555556,11,11,11,1,0,0.0909090909091,0.636363636364,0.272727272727,11,0.118181818182,3.72727272727,2.36363636364,1.3,1.625,1.43336856898,0.6064251638,0.286713286713,0.603022689156,0.510249967747,0.237762237762,1.40129809949,1.18571377649,0.503496503497,2.05382127221,0.551025219373,7,3.72727272727,2.05382127221,7,0,0,0,0,0.22962962963,11,11,11,1,0,0.0909090909091,0.636363636364,0.272727272727,11,22,0.2,6.55454545455,4,2.2,2,1.84390889146,0.460977222865,0.202479338843,1.18321595662,0.59160797831,0.314049586777,1.41421356237,0.707106781187,0.338842975207,2.26082999642,0.344925519565,8.075,6.55454545455,2.26082999642,8.075,0.437142857143,0.362068965517,7,0.0424242424242,0.193703703704,11,11,11,1,0,0.0909090909091,0.909090909091,0,2,0.0181818181818,3.51115702479,0.363636363636,0.2,-0.5,0.154368878749,-0.00364628063039,-0.0429752066116,0.0154675403776,-0.0506536506233,-0.0223140495868,-0.525795809675,-0.35989837344,-0.197520661157,1.20393122189,-0.00235147084605,4.52954545455,3.51115702479,1.20393122189,4.52954545455,-0.0619047619048,-0.0379310344828,-1,-0.00606060606061,-0.0618518518519,0,0.272727272727,-0.272727272727,18,4,2,86,0.9,0.955555555556,0.0444444444444,0.1,0.818181818182,0.9,0.857142857143,0.824957911384,0.855555555556,0.75,9,7,0,0,0,0
2707,WLNM_dir_neg,0.80612244898,0.68250120561,00:00:00,10,70,1,1177447050,threshold_sweep,0.7,0.625,0.714285714286,0.666666666667,5,3,2,11,0.714285714286,0.785714285714,0.214285714286,0.285714285714,0.625,0.714285714286,0.666666666667,0.761904761905,0.539682539683,0.48275862069,0.485362671697,0.5,20,13,7,0,20,0,13,0,7,11,20,0.181818181818,3.04338842975,3.63636363636,2,2.5,1.68954001271,0.464623503495,0.245454545455,1.16774841624,0.642261628933,0.336363636364,1.94000937205,1.06700515463,0.536363636364,1.05689877454,0.347276990411,3.54545454545,3.04338842975,1.05689877454,3.54545454545,0.499047619048,0.4,8,0.0484848484848,0.255555555556,11,11,11,1,0,0.0909090909091,0.636363636364,0.272727272727,11,0.118181818182,3.72727272727,2.36363636364,1.3,1.625,1.43336856898,0.6064251638,0.286713286713,0.603022689156,0.510249967747,0.237762237762,1.40129809949,1.18571377649,0.503496503497,2.05382127221,0.551025219373,7,3.72727272727,2.05382127221,7,0,0,0,0,0.22962962963,11,11,11,1,0,0.0909090909091,0.636363636364,0.272727272727,11,21,0.190909090909,5.95454545455,3.81818181818,2.1,1.90909090909,1.8877596149,0.494413232473,0.207792207792,1.13618180363,0.595142849523,0.311688311688,1.44599761096,0.757427320028,0.34632034632,2.13261486215,0.35814906082,7.44642857143,5.95454545455,2.13261486215,7.44642857143,0.482380952381,0.339622641509,6,0.0363636363636,0.207777777778,11,11,11,1,0,0.0909090909091,0.909090909091,0,1,0.00909090909091,2.91115702479,0.181818181818,0.1,-0.590909090909,0.198219602188,0.029789728978,-0.0376623376623,-0.0315666126082,-0.0471187794107,-0.0246753246753,-0.494011761086,-0.309577834599,-0.190043290043,1.07571608762,0.0108720704084,3.90097402597,2.91115702479,1.07571608762,3.90097402597,-0.0166666666667,-0.0603773584906,-2,-0.0121212121212,-0.0477777777778,0,0.272727272727,-0.272727272727,18,3,2,87,0.9,0.966666666667,0.0333333333333,0.1,0.857142857143,0.9,0.878048780488,0.850518363956,0.866666666667,0.782608695652,8,7,0,0,0,0
2708,WLNM_dir_neg,0.80612244898,0.68250120561,00:00:00,10,70,1,1177447050,threshold_sweep,0.8,0.625,0.714285714286,0.666666666667,5,3,2,11,0.714285714286,0.785714285714,0.214285714286,0.285714285714,0.625,0.714285714286,0.666666666667,0.761904761905,0.539682539683,0.48275862069,0.485362671697,0.5,20,13,7,0,20,0,13,0,7,11,20,0.181818181818,3.04338842975,3.63636363636,2,2.5,1.68954001271,0.464623503495,0.245454545455,1.16774841624,0.642261628933,0.336363636364,1.94000937205,1.06700515463,0.536363636364,1.05689877454,0.347276990411,3.54545454545,3.04338842975,1.05689877454,3.54545454545,0.499047619048,0.4,8,0.0484848484848,0.255555555556,11,11,11,1,0,0.0909090909091,0.636363636364,0.272727272727,11,0.118181818182,3.72727272727,2.36363636364,1.3,1.625,1.43336856898,0.6064251638,0.286713286713,0.603022689156,0.510249967747,0.237762237762,1.40129809949,1.18571377649,0.503496503497,2.05382127221,0.551025219373,7,3.72727272727,2.05382127221,7,0,0,0,0,0.22962962963,11,11,11,1,0,0.0909090909091,0.636363636364,0.272727272727,11,21,0.190909090909,5.95454545455,3.81818181818,2.1,1.90909090909,1.8877596149,0.494413232473,0.207792207792,1.13618180363,0.595142849523,0.311688311688,1.44599761096,0.757427320028,0.34632034632,2.13261486215,0.35814906082,7.44642857143,5.95454545455,2.13261486215,7.44642857143,0.482380952381,0.339622641509,6,0.0363636363636,0.207777777778,11,11,11,1,0,0.0909090909091,0.909090909091,0,1,0.00909090909091,2.91115702479,0.181818181818,0.1,-0.590909090909,0.198219602188,0.029789728978,-0.0376623376623,-0.0315666126082,-0.0471187794107,-0.0246753246753,-0.494011761086,-0.309577834599,-0.190043290043,1.07571608762,0.0108720704084,3.90097402597,2.91115702479,1.07571608762,3.90097402597,-0.0166666666667,-0.0603773584906,-2,-0.0121212121212,-0.0477777777778,0,0.272727272727,-0.272727272727,18,3,2,87,0.9,0.966666666667,0.0333333333333,0.1,0.857142857143,0.9,0.878048780488,0.850518363956,0.866666666667,0.782608695652,8,7,0,0,0,0
2709,WLNM_dir_neg,0.80612244898,0.68250120561,00:00:00,10,70,1,1177447050,threshold_sweep,0.9,0.625,0.714285714286,0.666666666667,5,3,2,11,0.714285714286,0.785714285714,0.214285714286,0.285714285714,0.625,0.714285714286,0.666666666667,0.761904761905,0.539682539683,0.48275862069,0.485362671697,0.5,20,13,7,0,20,0,13,0,7,11,20,0.181818181818,3.04338842975,3.63636363636,2,2.5,1.68954001271,0.464623503495,0.245454545455,1.16774841624,0.642261628933,0.336363636364,1.94000937205,1.06700515463,0.536363636364,1.05689877454,0.347276990411,3.54545454545,3.04338842975,1.05689877454,3.54545454545,0.499047619048,0.4,8,0.0484848484848,0.255555555556,11,11,11,1,0,0.0909090909091,0.636363636364,0.272727272727,11,0.118181818182,3.72727272727,2.36363636364,1.3,1.625,1.43336856898,0.6064251638,0.286713286713,0.603022689156,0.510249967747,0.237762237762,1.40129809949,1.18571377649,0.503496503497,2.05382127221,0.551025219373,7,3.72727272727,2.05382127221,7,0,0,0,0,0.22962962963,11,11,11,1,0,0.0909090909091,0.636363636364,0.272727272727,11,21,0.190909090909,5.95454545455,3.81818181818,2.1,1.90909090909,1.8877596149,0.494413232473,0.207792207792,1.13618180363,0.595142849523,0.311688311688,1.44599761096,0.757427320028,0.34632034632,2.13261486215,0.35814906082,7.44642857143,5.95454545455,2.13261486215,7.44642857143,0.482380952381,0.339622641509,6,0.0363636363636,0.207777777778,11,11,11,1,0,0.0909090909091,0.909090909091,0,1,0.00909090909091,2.91115702479,0.181818181818,0.1,-0.590909090909,0.198219602188,0.029789728978,-0.0376623376623,-0.0315666126082,-0.0471187794107,-0.0246753246753,-0.494011761086,-0.309577834599,-0.190043290043,1.07571608762,0.0108720704084,3.90097402597,2.91115702479,1.07571608762,3.90097402597,-0.0166666666667,-0.0603773584906,-2,-0.0121212121212,-0.0477777777778,0,0.272727272727,-0.272727272727,18,3,2,87,0.9,0.966666666667,0.0333333333333,0.1,0.857142857143,0.9,0.878048780488,0.850518363956,0.866666666667,0.782608695652,8,7,0,0,0,0
2710,WLNM_dir_neg,0.84693877551,0.579112554113,00:00:00,10,70,2,1177447051,threshold_sweep,0.1,0.8,0.571428571429,0.666666666667,4,1,3,13,0.571428571429,0.928571428571,0.0714285714286,0.428571428571,0.8,0.571428571429,0.666666666667,0.809523809524,0.587301587302,0.538461538462,0.553398590529,0.5,20,13,7,0,20,0,13,0,7,11,20,0.181818181818,3.04338842975,3.63636363636,2,2.5,1.68954001271,0.464623503495,0.245454545455,1.16774841624,0.642261628933,0.336363636364,1.94000937205,1.06700515463,0.536363636364,1.05689877454,0.347276990411,3.54545454545,3.04338842975,1.05689877454,3.54545454545,0.499047619048,0.4,8,0.0484848484848,0.255555555556,11,11,11,1,0,0.0909090909091,0.636363636364,0.272727272727,11,0.118181818182,3.72727272727,2.36363636364,1.3,1.625,1.43336856898,0.6064251638,0.286713286713,0.603022689156,0.510249967747,0.237762237762,1.40129809949,1.18571377649,0.503496503497,2.05382127221,0.551025219373,7,3.72727272727,2.05382127221,7,0,0,0,0,0.22962962963,11,11,11,1,0,0.0909090909091,0.636363636364,0.272727272727,11,18,0.163636363636,6.2,3.27272727273,1.8,2.25,1.61807966991,0.494413232473,0.242424242424,0.809039834956,0.494413232473,0.242424242424,1.5666989036,0.957427107756,0.494949494949,2.28560714035,0.368646312959,8.2,6.2,2.28560714035,8.2,0.302380952381,0.25,4,0.0242424242424,0.205555555556,11,11,11,1,0,0.0909090909091,0.636363636364,0.272727272727,-2,-0.0181818181818,3.15661157025,-0.363636363636,-0.2,-0.25,-0.0714603427974,0.029789728978,-0.0030303030303,-0.358708581286,-0.14784839646,-0.0939393939394,-0.373310468447,-0.10957804687,-0.0414141414141,1.22870836581,0.0213693225477,4.65454545455,3.15661157025,1.22870836581,4.65454545455,-0.196666666667,-0.15,-4,-0.0242424242424,-0.05,0,0,0,17,1,3,89,0.85,0.988888888889,0.0111111111111,0.15,0.944444444444,0.85,0.894736842105,0.874602125628,0.838888888889,0.809523809524,5,7,0,0,0,0
2711,WLNM_dir_neg,0.84693877551,0.579112554113,00:00:00,10,70,2,1177447051,threshold_sweep,0.2,0.8,0.571428571429,0.666666666667,4,1,3,13,0.571428571429,0.928571428571,0.0714285714286,0.428571428571,0.8,0.571428571429,0.666666666667,0.809523809524,0.587301587302,0.538461538462,0.553398590529,0.5,20,13,7,0,20,0,13,0,7,11,20,0.181818181818,3.04338842975,3.63636363636,2,2.5,1.68954001271,0.464623503495,0.245454545455,1.16774841624,0.642261628933,0.336363636364,1.94000937205,1.06700515463,0.536363636364,1.05689877454,0.347276990411,3.54545454545,3.04338842975,1.05689877454,3.54545454545,0.499047619048,0.4,8,0.0484848484848,0.255555555556,11,11,11,1,0,0.0909090909091,0.636363636364,0.272727272727,11,0.118181818182,3.72727272727,2.36363636364,1.3,1.625,1.43336856898,0.6064251638,0.286713286713,0.603022689156,0.510249967747,0.237762237762,1.40129809949,1.18571377649,0.503496503497,2.05382127221,0.551025219373,7,3.72727272727,2.05382127221,7,0,0,0,0,0.22962962963,11,11,11,1,0,0.0909090909091,0.636363636364,0.272727272727,11,18,0.163636363636,6.2,3.27272727273,1.8,2.25,1.61807966991,0.494413232473,0.242424242424,0.809039834956,0.494413232473,0.242424242424,1.5666989036,0.957427107756,0.494949494949,2.28560714035,0.368646312959,8.2,6.2,2.28560714035,8.2,0.302380952381,0.25,4,0.0242424242424,0.205555555556,11,11,11,1,0,0.0909090909091,0.636363636364,0.272727272727,-2,-0.0181818181818,3.15661157025,-0.363636363636,-0.2,-0.25,-0.0714603427974,0.029789728978,-0.0030303030303,-0.358708581286,-0.14784839646,-0.0939393939394,-0.373310468447,-0.10957804687,-0.0414141414141,1.22870836581,0.0213693225477,4.65454545455,3.15661157025,1.22870836581,4.65454545455,-0.196666666667,-0.15,-4,-0.0242424242424,-0.05,0,0,0,17,1,3,89,0.85,0.988888888889,0.0111111111111,0.15,0.944444444444,0.85,0.894736842105,0.874602125628,0.838888888889,0.809523809524,5,7,0,0,0,0
2712,WLNM_dir_neg,0.84693877551,0.579112554113,00:00:00,10,70,2,1177447051,threshold_sweep,0.3,0.8,0.571428571429,0.666666666667,4,1,3,13,0.571428571429,0.928571428571,0.0714285714286,0.428571428571,0.8,0.571428571429,0.666666666667,0.809523809524,0.587301587302,0.538461538462,0.553398590529,0.5,20,13,7,0,20,0,13,0,7,11,20,0.181818181818,3.04338842975,3.63636363636,2,2.5,1.68954001271,0.464623503495,0.245454545455,1.16774841624,0.642261628933,0.336363636364,1.94000937205,1.06700515463,0.536363636364,1.05689877454,0.347276990411,3.54545454545,3.04338842975,1.05689877454,3.54545454545,0.499047619048,0.4,8,0.0484848484848,0.255555555556,11,11,11,1,0,0.0909090909091,0.636363636364,0.272727272727,11,0.118181818182,3.72727272727,2.36363636364,1.3,1.625,1.43336856898,0.6064251638,0.286713286713,0.603022689156,0.510249967747,0.237762237762,1.40129809949,1.18571377649,0.503496503497,2.05382127221,0.551025219373,7,3.72727272727,2.05382127221,7,0,0,0,0,0.22962962963,11,11,11,1,0,0.0909090909091,0.636363636364,0.272727272727,11,18,0.163636363636,6.2,3.27272727273,1.8,2.25,1.61807966991,0.494413232473,0.242424242424,0.809039834956,0.494413232473,0.242424242424,1.5666989036,0.957427107756,0.494949494949,2.28560714035,0.368646312959,8.2,6.2,2.28560714035,8.2,0.302380952381,0.25,4,0.0242424242424,0.205555555556,11,11,11,1,0,0.0909090909091,0.636363636364,0.272727272727,-2,-0.0181818181818,3.15661157025,-0.363636363636,-0.2,-0.25,-0.0714603427974,0.029789728978,-0.0030303030303,-0.358708581286,-0.14784839646,-0.0939393939394,-0.373310468447,-0.10957804687,-0.0414141414141,1.22870836581,0.0213693225477,4.65454545455,3.15661157025,1.22870836581,4.65454545455,-0.196666666667,-0.15,-4,-0.0242424242424,-0.05,0,0,0,17,1,3,89,0.85,0.988888888889,0.0111111111111,0.15,0.944444444444,0.85,0.894736842105,0.874602125628,0.838888888889,0.809523809524,5,7,0,0,0,0
2713,WLNM_dir_neg,0.84693877551,0.579112554113,00:00:00,10,70,2,1177447051,threshold_sweep,0.4,0.8,0.571428571429,0.666666666667,4,1,3,13,0.571428571429,0.928571428571,0.0714285714286,0.428571428571,0.8,0.571428571429,0.666666666667,0.809523809524,0.587301587302,0.538461538462,0.553398590529,0.5,20,13,7,0,20,0,13,0,7,11,20,0.181818181818,3.04338842975,3.63636363636,2,2.5,1.68954001271,0.464623503495,0.245454545455,1.16774841624,0.642261628933,0.336363636364,1.94000937205,1.06700515463,0.536363636364,1.05689877454,0.347276990411,3.54545454545,3.04338842975,1.05689877454,3.54545454545,0.499047619048,0.4,8,0.0484848484848,0.255555555556,11,11,11,1,0,0.0909090909091,0.636363636364,0.272727272727,11,0.118181818182,3.72727272727,2.36363636364,1.3,1.625,1.43336856898,0.6064251638,0.286713286713,0.603022689156,0.510249967747,0.237762237762,1.40129809949,1.18571377649,0.503496503497,2.05382127221,0.551025219373,7,3.72727272727,2.05382127221,7,0,0,0,0,0.22962962963,11,11,11,1,0,0.0909090909091,0.636363636364,0.272727272727,11,18,0.163636363636,6.2,3.27272727273,1.8,2.25,1.61807966991,0.494413232473,0.242424242424,0.809039834956,0.494413232473,0.242424242424,1.5666989036,0.957427107756,0.494949494949,2.28560714035,0.368646312959,8.2,6.2,2.28560714035,8.2,0.302380952381,0.25,4,0.0242424242424,0.205555555556,11,11,11,1,0,0.0909090909091,0.636363636364,0.272727272727,-2,-0.0181818181818,3.15661157025,-0.363636363636,-0.2,-0.25,-0.0714603427974,0.029789728978,-0.0030303030303,-0.358708581286,-0.14784839646,-0.0939393939394,-0.373310468447,-0.10957804687,-0.0414141414141,1.22870836581,0.0213693225477,4.65454545455,3.15661157025,1.22870836581,4.65454545455,-0.196666666667,-0.15,-4,-0.0242424242424,-0.05,0,0,0,17,1,3,89,0.85,0.988888888889,0.0111111111111,0.15,0.944444444444,0.85,0.894736842105,0.874602125628,0.838888888889,0.809523809524,5,7,0,0,0,0
2714,WLNM_dir_neg,0.84693877551,0.579112554113,00:00:00,10,70,2,1177447051,threshold_sweep,0.5,0.8,0.571428571429,0.666666666667,4,1,3,13,0.571428571429,0.928571428571,0.0714285714286,0.428571428571,0.8,0.571428571429,0.666666666667,0.809523809524,0.587301587302,0.538461538462,0.553398590529,0.5,20,13,7,0,20,0,13,0,7,11,20,0.181818181818,3.04338842975,3.63636363636,2,2.5,1.68954001271,0.464623503495,0.245454545455,1.16774841624,0.642261628933,0.336363636364,1.94000937205,1.06700515463,0.536363636364,1.05689877454,0.347276990411,3.54545454545,3.04338842975,1.05689877454,3.54545454545,0.499047619048,0.4,8,0.0484848484848,0.255555555556,11,11,11,1,0,0.0909090909091,0.636363636364,0.272727272727,11,0.118181818182,3.72727272727,2.36363636364,1.3,1.625,1.43336856898,0.6064251638,0.286713286713,0.603022689156,0.510249967747,0.237762237762,1.40129809949,1.18571377649,0.503496503497,2.05382127221,0.551025219373,7,3.72727272727,2.05382127221,7,0,0,0,0,0.22962962963,11,11,11,1,0,0.0909090909091,0.636363636364,0.272727272727,11,18,0.163636363636,6.2,3.27272727273,1.8,2.25,1.61807966991,0.494413232473,0.242424242424,0.809039834956,0.494413232473,0.242424242424,1.5666989036,0.957427107756,0.494949494949,2.28560714035,0.368646312959,8.2,6.2,2.28560714035,8.2,0.302380952381,0.25,4,0.0242424242424,0.205555555556,11,11,11,1,0,0.0909090909091,0.636363636364,0.272727272727,-2,-0.0181818181818,3.15661157025,-0.363636363636,-0.2,-0.25,-0.0714603427974,0.029789728978,-0.0030303030303,-0.358708581286,-0.14784839646,-0.0939393939394,-0.373310468447,-0.10957804687,-0.0414141414141,1.22870836581,0.0213693225477,4.65454545455,3.15661157025,1.22870836581,4.65454545455,-0.196666666667,-0.15,-4,-0.0242424242424,-0.05,0,0,0,17,1,3,89,0.85,0.988888888889,0.0111111111111,0.15,0.944444444444,0.85,0.894736842105,0.874602125628,0.838888888889,0.809523809524,5,7,0,0,0,0
2715,WLNM_dir_neg,0.84693877551,0.579112554113,00:00:00,10,70,2,1177447051,threshold_sweep,0.6,0.8,0.571428571429,0.666666666667,4,1,3,13,0.571428571429,0.928571428571,0.0714285714286,0.428571428571,0.8,0.571428571429,0.666666666667,0.809523809524,0.587301587302,0.538461538462,0.553398590529,0.5,20,13,7,0,20,0,13,0,7,11,20,0.181818181818,3.04338842975,3.63636363636,2,2.5,1.68954001271,0.464623503495,0.245454545455,1.16774841624,0.642261628933,0.336363636364,1.94000937205,1.06700515463,0.536363636364,1.05689877454,0.347276990411,3.54545454545,3.04338842975,1.05689877454,3.54545454545,0.499047619048,0.4,8,0.0484848484848,0.255555555556,11,11,11,1,0,0.0909090909091,0.636363636364,0.272727272727,11,0.118181818182,3.72727272727,2.36363636364,1.3,1.625,1.43336856898,0.6064251638,0.286713286713,0.603022689156,0.510249967747,0.237762237762,1.40129809949,1.18571377649,0.503496503497,2.05382127221,0.551025219373,7,3.72727272727,2.05382127221,7,0,0,0,0,0.22962962963,11,11,11,1,0,0.0909090909091,0.636363636364,0.272727272727,11,18,0.163636363636,6.2,3.27272727273,1.8,2.25,1.61807966991,0.494413232473,0.242424242424,0.809039834956,0.494413232473,0.242424242424,1.5666989036,0.957427107756,0.494949494949,2.28560714035,0.368646312959,8.2,6.2,2.28560714035,8.2,0.302380952381,0.25,4,0.0242424242424,0.205555555556,11,11,11,1,0,0.0909090909091,0.636363636364,0.272727272727,-2,-0.0181818181818,3.15661157025,-0.363636363636,-0.2,-0.25,-0.0714603427974,0.029789728978,-0.0030303030303,-0.358708581286,-0.14784839646,-0.0939393939394,-0.373310468447,-0.10957804687,-0.0414141414141,1.22870836581,0.0213693225477,4.65454545455,3.15661157025,1.22870836581,4.65454545455,-0.196666666667,-0.15,-4,-0.0242424242424,-0.05,0,0,0,17,1,3,89,0.85,0.988888888889,0.0111111111111,0.15,0.944444444444,0.85,0.894736842105,0.874602125628,0.838888888889,0.809523809524,5,7,0,0,0,0
2716,WLNM_dir_neg,0.84693877551,0.579112554113,00:00:00,10,70,2,1177447051,threshold_sweep,0.7,0.8,0.571428571429,0.666666666667,4,1,3,13,0.571428571429,0.928571428571,0.0714285714286,0.428571428571,0.8,0.571428571429,0.666666666667,0.809523809524,0.587301587302,0.538461538462,0.553398590529,0.5,20,13,7,0,20,0,13,0,7,11,20,0.181818181818,3.04338842975,3.63636363636,2,2.5,1.68954001271,0.464623503495,0.245454545455,1.16774841624,0.642261628933,0.336363636364,1.94000937205,1.06700515463,0.536363636364,1.05689877454,0.347276990411,3.54545454545,3.04338842975,1.05689877454,3.54545454545,0.499047619048,0.4,8,0.0484848484848,0.255555555556,11,11,11,1,0,0.0909090909091,0.636363636364,0.272727272727,11,0.118181818182,3.72727272727,2.36363636364,1.3,1.625,1.43336856898,0.6064251638,0.286713286713,0.603022689156,0.510249967747,0.237762237762,1.40129809949,1.18571377649,0.503496503497,2.05382127221,0.551025219373,7,3.72727272727,2.05382127221,7,0,0,0,0,0.22962962963,11,11,11,1,0,0.0909090909091,0.636363636364,0.272727272727,11,18,0.163636363636,6.2,3.27272727273,1.8,2.25,1.61807966991,0.494413232473,0.242424242424,0.809039834956,0.494413232473,0.242424242424,1.5666989036,0.957427107756,0.494949494949,2.28560714035,0.368646312959,8.2,6.2,2.28560714035,8.2,0.302380952381,0.25,4,0.0242424242424,0.205555555556,11,11,11,1,0,0.0909090909091,0.636363636364,0.272727272727,-2,-0.0181818181818,3.15661157025,-0.363636363636,-0.2,-0.25,-0.0714603427974,0.029789728978,-0.0030303030303,-0.358708581286,-0.14784839646,-0.0939393939394,-0.373310468447,-0.10957804687,-0.0414141414141,1.22870836581,0.0213693225477,4.65454545455,3.15661157025,1.22870836581,4.65454545455,-0.196666666667,-0.15,-4,-0.0242424242424,-0.05,0,0,0,17,1,3,89,0.85,0.988888888889,0.0111111111111,0.15,0.944444444444,0.85,0.894736842105,0.874602125628,0.838888888889,0.809523809524,5,7,0,0,0,0
2717,WLNM_dir_neg,0.84693877551,0.579112554113,00:00:00,10,70,2,1177447051,threshold_sweep,0.8,0.8,0.571428571429,0.666666666667,4,1,3,13,0.571428571429,0.928571428571,0.0714285714286,0.428571428571,0.8,0.571428571429,0.666666666667,0.809523809524,0.587301587302,0.538461538462,0.553398590529,0.5,20,13,7,0,20,0,13,0,7,11,20,0.181818181818,3.04338842975,3.63636363636,2,2.5,1.68954001271,0.464623503495,0.245454545455,1.16774841624,0.642261628933,0.336363636364,1.94000937205,1.06700515463,0.536363636364,1.05689877454,0.347276990411,3.54545454545,3.04338842975,1.05689877454,3.54545454545,0.499047619048,0.4,8,0.0484848484848,0.255555555556,11,11,11,1,0,0.0909090909091,0.636363636364,0.272727272727,11,0.118181818182,3.72727272727,2.36363636364,1.3,1.625,1.43336856898,0.6064251638,0.286713286713,0.603022689156,0.510249967747,0.237762237762,1.40129809949,1.18571377649,0.503496503497,2.05382127221,0.551025219373,7,3.72727272727,2.05382127221,7,0,0,0,0,0.22962962963,11,11,11,1,0,0.0909090909091,0.636363636364,0.272727272727,11,18,0.163636363636,6.2,3.27272727273,1.8,2.25,1.61807966991,0.494413232473,0.242424242424,0.809039834956,0.494413232473,0.242424242424,1.5666989036,0.957427107756,0.494949494949,2.28560714035,0.368646312959,8.2,6.2,2.28560714035,8.2,0.302380952381,0.25,4,0.0242424242424,0.205555555556,11,11,11,1,0,0.0909090909091,0.636363636364,0.272727272727,-2,-0.0181818181818,3.15661157025,-0.363636363636,-0.2,-0.25,-0.0714603427974,0.029789728978,-0.0030303030303,-0.358708581286,-0.14784839646,-0.0939393939394,-0.373310468447,-0.10957804687,-0.0414141414141,1.22870836581,0.0213693225477,4.65454545455,3.15661157025,1.22870836581,4.65454545455,-0.196666666667,-0.15,-4,-0.0242424242424,-0.05,0,0,0,17,1,3,89,0.85,0.988888888889,0.0111111111111,0.15,0.944444444444,0.85,0.894736842105,0.874602125628,0.838888888889,0.809523809524,5,7,0,0,0,0
2718,WLNM_dir_neg,0.84693877551,0.579112554113,00:00:00,10,70,2,1177447051,threshold_sweep,0.9,0.8,0.571428571429,0.666666666667,4,1,3,13,0.571428571429,0.928571428571,0.0714285714286,0.428571428571,0.8,0.571428571429,0.666666666667,0.809523809524,0.587301587302,0.538461538462,0.553398590529,0.5,20,13,7,0,20,0,13,0,7,11,20,0.181818181818,3.04338842975,3.63636363636,2,2.5,1.68954001271,0.464623503495,0.245454545455,1.16774841624,0.642261628933,0.336363636364,1.94000937205,1.06700515463,0.536363636364,1.05689877454,0.347276990411,3.54545454545,3.04338842975,1.05689877454,3.54545454545,0.499047619048,0.4,8,0.0484848484848,0.255555555556,11,11,11,1,0,0.0909090909091,0.636363636364,0.272727272727,11,0.118181818182,3.72727272727,2.36363636364,1.3,1.625,1.43336856898,0.6064251638,0.286713286713,0.603022689156,0.510249967747,0.237762237762,1.40129809949,1.18571377649,0.503496503497,2.05382127221,0.551025219373,7,3.72727272727,2.05382127221,7,0,0,0,0,0.22962962963,11,11,11,1,0,0.0909090909091,0.636363636364,0.272727272727,11,18,0.163636363636,6.2,3.27272727273,1.8,2.25,1.61807966991,0.494413232473,0.242424242424,0.809039834956,0.494413232473,0.242424242424,1.5666989036,0.957427107756,0.494949494949,2.28560714035,0.368646312959,8.2,6.2,2.28560714035,8.2,0.302380952381,0.25,4,0.0242424242424,0.205555555556,11,11,11,1,0,0.0909090909091,0.636363636364,0.272727272727,-2,-0.0181818181818,3.15661157025,-0.363636363636,-0.2,-0.25,-0.0714603427974,0.029789728978,-0.0030303030303,-0.358708581286,-0.14784839646,-0.0939393939394,-0.373310468447,-0.10957804687,-0.0414141414141,1.22870836581,0.0213693225477,4.65454545455,3.15661157025,1.22870836581,4.65454545455,-0.196666666667,-0.15,-4,-0.0242424242424,-0.05,0,0,0,17,1,3,89,0.85,0.988888888889,0.0111111111111,0.15,0.944444444444,0.85,0.894736842105,0.874602125628,0.838888888889,0.809523809524,5,7,0,0,0,0
2719,WLNM_dir_neg,0.887755102041,0.700541125541,00:00:00,10,70,3,1177447052,threshold_sweep,0.1,1,0.571428571429,0.727272727273,4,0,3,14,0.571428571429,1,0,0.428571428571,1,0.571428571429,0.727272727273,0.857142857143,0.603174603175,0.64,0.68599434057,0.571428571429,20,13,7,0,20,0,13,0,7,11,20,0.181818181818,3.04338842975,3.63636363636,2,2.5,1.68954001271,0.464623503495,0.245454545455,1.16774841624,0.642261628933,0.336363636364,1.94000937205,1.06700515463,0.536363636364,1.05689877454,0.347276990411,3.54545454545,3.04338842975,1.05689877454,3.54545454545,0.499047619048,0.4,8,0.0484848484848,0.255555555556,11,11,11,1,0,0.0909090909091,0.636363636364,0.272727272727,11,0.118181818182,3.72727272727,2.36363636364,1.3,1.625,1.43336856898,0.6064251638,0.286713286713,0.603022689156,0.510249967747,0.237762237762,1.40129809949,1.18571377649,0.503496503497,2.05382127221,0.551025219373,7,3.72727272727,2.05382127221,7,0,0,0,0,0.22962962963,11,11,11,1,0,0.0909090909091,0.636363636364,0.272727272727,11,17,0.154545454545,3.17727272727,3.09090909091,1.7,2.125,1.30034960334,0.420701342257,0.208556149733,0.820199532265,0.530717344407,0.267379679144,1.57249078621,1.01749403814,0.513368983957,1.2536673475,0.394573414091,4.4,3.17727272727,1.2536673475,4.4,0.213333333333,0.153846153846,2,0.0121212121212,0.205555555556,11,11,11,1,0,0.0909090909091,0.636363636364,0.272727272727,-3,-0.0272727272727,0.133884297521,-0.545454545455,-0.3,-0.375,-0.389190409368,-0.0439221612377,-0.0368983957219,-0.347548883978,-0.111544284527,-0.0689839572193,-0.367518585835,-0.0495111164884,-0.0229946524064,0.196768572961,0.0472964236795,0.854545454545,0.133884297521,0.196768572961,0.854545454545,-0.285714285714,-0.246153846154,-6,-0.0363636363636,-0.05,0,0,0,17,0,3,90,0.85,1,0,0.15,1,0.85,0.918918918919,0.906962317388,0.85,0.85,4,7,0,0,0,0
2720,WLNM_dir_neg,0.887755102041,0.700541125541,00:00:00,10,70,3,1177447052,threshold_sweep,0.2,1,0.571428571429,0.727272727273,4,0,3,14,0.571428571429,1,0,0.428571428571,1,0.571428571429,0.727272727273,0.857142857143,0.603174603175,0.64,0.68599434057,0.571428571429,20,13,7,0,20,0,13,0,7,11,20,0.181818181818,3.04338842975,3.63636363636,2,2.5,1.68954001271,0.464623503495,0.245454545455,1.16774841624,0.642261628933,0.336363636364,1.94000937205,1.06700515463,0.536363636364,1.05689877454,0.347276990411,3.54545454545,3.04338842975,1.05689877454,3.54545454545,0.499047619048,0.4,8,0.0484848484848,0.255555555556,11,11,11,1,0,0.0909090909091,0.636363636364,0.272727272727,11,0.118181818182,3.72727272727,2.36363636364,1.3,1.625,1.43336856898,0.6064251638,0.286713286713,0.603022689156,0.510249967747,0.237762237762,1.40129809949,1.18571377649,0.503496503497,2.05382127221,0.551025219373,7,3.72727272727,2.05382127221,7,0,0,0,0,0.22962962963,11,11,11,1,0,0.0909090909091,0.636363636364,0.272727272727,11,17,0.154545454545,3.17727272727,3.09090909091,1.7,2.125,1.30034960334,0.420701342257,0.208556149733,0.820199532265,0.530717344407,0.267379679144,1.57249078621,1.01749403814,0.513368983957,1.2536673475,0.394573414091,4.4,3.17727272727,1.2536673475,4.4,0.213333333333,0.153846153846,2,0.0121212121212,0.205555555556,11,11,11,1,0,0.0909090909091,0.636363636364,0.272727272727,-3,-0.0272727272727,0.133884297521,-0.545454545455,-0.3,-0.375,-0.389190409368,-0.0439221612377,-0.0368983957219,-0.347548883978,-0.111544284527,-0.0689839572193,-0.367518585835,-0.0495111164884,-0.0229946524064,0.196768572961,0.0472964236795,0.854545454545,0.133884297521,0.196768572961,0.854545454545,-0.285714285714,-0.246153846154,-6,-0.0363636363636,-0.05,0,0,0,17,0,3,90,0.85,1,0,0.15,1,0.85,0.918918918919,0.906962317388,0.85,0.85,4,7,0,0,0,0
2721,WLNM_dir_neg,0.887755102041,0.700541125541,00:00:00,10,70,3,1177447052,threshold_sweep,0.3,1,0.571428571429,0.727272727273,4,0,3,14,0.571428571429,1,0,0.428571428571,1,0.571428571429,0.727272727273,0.857142857143,0.603174603175,0.64,0.68599434057,0.571428571429,20,13,7,0,20,0,13,0,7,11,20,0.181818181818,3.04338842975,3.63636363636,2,2.5,1.68954001271,0.464623503495,0.245454545455,1.16774841624,0.642261628933,0.336363636364,1.94000937205,1.06700515463,0.536363636364,1.05689877454,0.347276990411,3.54545454545,3.04338842975,1.05689877454,3.54545454545,0.499047619048,0.4,8,0.0484848484848,0.255555555556,11,11,11,1,0,0.0909090909091,0.636363636364,0.272727272727,11,0.118181818182,3.72727272727,2.36363636364,1.3,1.625,1.43336856898,0.6064251638,0.286713286713,0.603022689156,0.510249967747,0.237762237762,1.40129809949,1.18571377649,0.503496503497,2.05382127221,0.551025219373,7,3.72727272727,2.05382127221,7,0,0,0,0,0.22962962963,11,11,11,1,0,0.0909090909091,0.636363636364,0.272727272727,11,17,0.154545454545,3.17727272727,3.09090909091,1.7,2.125,1.30034960334,0.420701342257,0.208556149733,0.820199532265,0.530717344407,0.267379679144,1.57249078621,1.01749403814,0.513368983957,1.2536673475,0.394573414091,4.4,3.17727272727,1.2536673475,4.4,0.213333333333,0.153846153846,2,0.0121212121212,0.205555555556,11,11,11,1,0,0.0909090909091,0.636363636364,0.272727272727,-3,-0.0272727272727,0.133884297521,-0.545454545455,-0.3,-0.375,-0.389190409368,-0.0439221612377,-0.0368983957219,-0.347548883978,-0.111544284527,-0.0689839572193,-0.367518585835,-0.0495111164884,-0.0229946524064,0.196768572961,0.0472964236795,0.854545454545,0.133884297521,0.196768572961,0.854545454545,-0.285714285714,-0.246153846154,-6,-0.0363636363636,-0.05,0,0,0,17,0,3,90,0.85,1,0,0.15,1,0.85,0.918918918919,0.906962317388,0.85,0.85,4,7,0,0,0,0
2722,WLNM_dir_neg,0.887755102041,0.700541125541,00:00:00,10,70,3,1177447052,threshold_sweep,0.4,1,0.571428571429,0.727272727273,4,0,3,14,0.571428571429,1,0,0.428571428571,1,0.571428571429,0.727272727273,0.857142857143,0.603174603175,0.64,0.68599434057,0.571428571429,20,13,7,0,20,0,13,0,7,11,20,0.181818181818,3.04338842975,3.63636363636,2,2.5,1.68954001271,0.464623503495,0.245454545455,1.16774841624,0.642261628933,0.336363636364,1.94000937205,1.06700515463,0.536363636364,1.05689877454,0.347276990411,3.54545454545,3.04338842975,1.05689877454,3.54545454545,0.499047619048,0.4,8,0.0484848484848,0.255555555556,11,11,11,1,0,0.0909090909091,0.636363636364,0.272727272727,11,0.118181818182,3.72727272727,2.36363636364,1.3,1.625,1.43336856898,0.6064251638,0.286713286713,0.603022689156,0.510249967747,0.237762237762,1.40129809949,1.18571377649,0.503496503497,2.05382127221,0.551025219373,7,3.72727272727,2.05382127221,7,0,0,0,0,0.22962962963,11,11,11,1,0,0.0909090909091,0.636363636364,0.272727272727,11,17,0.154545454545,3.17727272727,3.09090909091,1.7,2.125,1.30034960334,0.420701342257,0.208556149733,0.820199532265,0.530717344407,0.267379679144,1.57249078621,1.01749403814,0.513368983957,1.2536673475,0.394573414091,4.4,3.17727272727,1.2536673475,4.4,0.213333333333,0.153846153846,2,0.0121212121212,0.205555555556,11,11,11,1,0,0.0909090909091,0.636363636364,0.272727272727,-3,-0.0272727272727,0.133884297521,-0.545454545455,-0.3,-0.375,-0.389190409368,-0.0439221612377,-0.0368983957219,-0.347548883978,-0.111544284527,-0.0689839572193,-0.367518585835,-0.0495111164884,-0.0229946524064,0.196768572961,0.0472964236795,0.854545454545,0.133884297521,0.196768572961,0.854545454545,-0.285714285714,-0.246153846154,-6,-0.0363636363636,-0.05,0,0,0,17,0,3,90,0.85,1,0,0.15,1,0.85,0.918918918919,0.906962317388,0.85,0.85,4,7,0,0,0,0
2723,WLNM_dir_neg,0.887755102041,0.700541125541,00:00:00,10,70,3,1177447052,threshold_sweep,0.5,1,0.571428571429,0.727272727273,4,0,3,14,0.571428571429,1,0,0.428571428571,1,0.571428571429,0.727272727273,0.857142857143,0.603174603175,0.64,0.68599434057,0.571428571429,20,13,7,0,20,0,13,0,7,11,20,0.181818181818,3.04338842975,3.63636363636,2,2.5,1.68954001271,0.464623503495,0.245454545455,1.16774841624,0.642261628933,0.336363636364,1.94000937205,1.06700515463,0.536363636364,1.05689877454,0.347276990411,3.54545454545,3.04338842975,1.05689877454,3.54545454545,0.499047619048,0.4,8,0.0484848484848,0.255555555556,11,11,11,1,0,0.0909090909091,0.636363636364,0.272727272727,11,0.118181818182,3.72727272727,2.36363636364,1.3,1.625,1.43336856898,0.6064251638,0.286713286713,0.603022689156,0.510249967747,0.237762237762,1.40129809949,1.18571377649,0.503496503497,2.05382127221,0.551025219373,7,3.72727272727,2.05382127221,7,0,0,0,0,0.22962962963,11,11,11,1,0,0.0909090909091,0.636363636364,0.272727272727,11,17,0.154545454545,3.17727272727,3.09090909091,1.7,2.125,1.30034960334,0.420701342257,0.208556149733,0.820199532265,0.530717344407,0.267379679144,1.57249078621,1.01749403814,0.513368983957,1.2536673475,0.394573414091,4.4,3.17727272727,1.2536673475,4.4,0.213333333333,0.153846153846,2,0.0121212121212,0.205555555556,11,11,11,1,0,0.0909090909091,0.636363636364,0.272727272727,-3,-0.0272727272727,0.133884297521,-0.545454545455,-0.3,-0.375,-0.389190409368,-0.0439221612377,-0.0368983957219,-0.347548883978,-0.111544284527,-0.0689839572193,-0.367518585835,-0.0495111164884,-0.0229946524064,0.196768572961,0.0472964236795,0.854545454545,0.133884297521,0.196768572961,0.854545454545,-0.285714285714,-0.246153846154,-6,-0.0363636363636,-0.05,0,0,0,17,0,3,90,0.85,1,0,0.15,1,0.85,0.918918918919,0.906962317388,0.85,0.85,4,7,0,0,0,0
2724,WLNM_dir_neg,0.887755102041,0.700541125541,00:00:00,10,70,3,1177447052,threshold_sweep,0.6,1,0.571428571429,0.727272727273,4,0,3,14,0.571428571429,1,0,0.428571428571,1,0.571428571429,0.727272727273,0.857142857143,0.603174603175,0.64,0.68599434057,0.571428571429,20,13,7,0,20,0,13,0,7,11,20,0.181818181818,3.04338842975,3.63636363636,2,2.5,1.68954001271,0.464623503495,0.245454545455,1.16774841624,0.642261628933,0.336363636364,1.94000937205,1.06700515463,0.536363636364,1.05689877454,0.347276990411,3.54545454545,3.04338842975,1.05689877454,3.54545454545,0.499047619048,0.4,8,0.0484848484848,0.255555555556,11,11,11,1,0,0.0909090909091,0.636363636364,0.272727272727,11,0.118181818182,3.72727272727,2.36363636364,1.3,1.625,1.43336856898,0.6064251638,0.286713286713,0.603022689156,0.510249967747,0.237762237762,1.40129809949,1.18571377649,0.503496503497,2.05382127221,0.551025219373,7,3.72727272727,2.05382127221,7,0,0,0,0,0.22962962963,11,11,11,1,0,0.0909090909091,0.636363636364,0.272727272727,11,17,0.154545454545,3.17727272727,3.09090909091,1.7,2.125,1.30034960334,0.420701342257,0.208556149733,0.820199532265,0.530717344407,0.267379679144,1.57249078621,1.01749403814,0.513368983957,1.2536673475,0.394573414091,4.4,3.17727272727,1.2536673475,4.4,0.213333333333,0.153846153846,2,0.0121212121212,0.205555555556,11,11,11,1,0,0.0909090909091,0.636363636364,0.272727272727,-3,-0.0272727272727,0.133884297521,-0.545454545455,-0.3,-0.375,-0.389190409368,-0.0439221612377,-0.0368983957219,-0.347548883978,-0.111544284527,-0.0689839572193,-0.367518585835,-0.0495111164884,-0.0229946524064,0.196768572961,0.0472964236795,0.854545454545,0.133884297521,0.196768572961,0.854545454545,-0.285714285714,-0.246153846154,-6,-0.0363636363636,-0.05,0,0,0,17,0,3,90,0.85,1,0,0.15,1,0.85,0.918918918919,0.906962317388,0.85,0.85,4,7,0,0,0,0
2725,WLNM_dir_neg,0.887755102041,0.700541125541,00:00:00,10,70,3,1177447052,threshold_sweep,0.7,1,0.571428571429,0.727272727273,4,0,3,14,0.571428571429,1,0,0.428571428571,1,0.571428571429,0.727272727273,0.857142857143,0.603174603175,0.64,0.68599434057,0.571428571429,20,13,7,0,20,0,13,0,7,11,20,0.181818181818,3.04338842975,3.63636363636,2,2.5,1.68954001271,0.464623503495,0.245454545455,1.16774841624,0.642261628933,0.336363636364,1.94000937205,1.06700515463,0.536363636364,1.05689877454,0.347276990411,3.54545454545,3.04338842975,1.05689877454,3.54545454545,0.499047619048,0.4,8,0.0484848484848,0.255555555556,11,11,11,1,0,0.0909090909091,0.636363636364,0.272727272727,11,0.118181818182,3.72727272727,2.36363636364,1.3,1.625,1.43336856898,0.6064251638,0.286713286713,0.603022689156,0.510249967747,0.237762237762,1.40129809949,1.18571377649,0.503496503497,2.05382127221,0.551025219373,7,3.72727272727,2.05382127221,7,0,0,0,0,0.22962962963,11,11,11,1,0,0.0909090909091,0.636363636364,0.272727272727,11,17,0.154545454545,3.17727272727,3.09090909091,1.7,2.125,1.30034960334,0.420701342257,0.208556149733,0.820199532265,0.530717344407,0.267379679144,1.57249078621,1.01749403814,0.513368983957,1.2536673475,0.394573414091,4.4,3.17727272727,1.2536673475,4.4,0.213333333333,0.153846153846,2,0.0121212121212,0.205555555556,11,11,11,1,0,0.0909090909091,0.636363636364,0.272727272727,-3,-0.0272727272727,0.133884297521,-0.545454545455,-0.3,-0.375,-0.389190409368,-0.0439221612377,-0.0368983957219,-0.347548883978,-0.111544284527,-0.0689839572193,-0.367518585835,-0.0495111164884,-0.0229946524064,0.196768572961,0.0472964236795,0.854545454545,0.133884297521,0.196768572961,0.854545454545,-0.285714285714,-0.246153846154,-6,-0.0363636363636,-0.05,0,0,0,17,0,3,90,0.85,1,0,0.15,1,0.85,0.918918918919,0.906962317388,0.85,0.85,4,7,0,0,0,0
2726,WLNM_dir_neg,0.887755102041,0.700541125541,00:00:00,10,70,3,1177447052,threshold_sweep,0.8,1,0.571428571429,0.727272727273,4,0,3,14,0.571428571429,1,0,0.428571428571,1,0.571428571429,0.727272727273,0.857142857143,0.603174603175,0.64,0.68599434057,0.571428571429,20,13,7,0,20,0,13,0,7,11,20,0.181818181818,3.04338842975,3.63636363636,2,2.5,1.68954001271,0.464623503495,0.245454545455,1.16774841624,0.642261628933,0.336363636364,1.94000937205,1.06700515463,0.536363636364,1.05689877454,0.347276990411,3.54545454545,3.04338842975,1.05689877454,3.54545454545,0.499047619048,0.4,8,0.0484848484848,0.255555555556,11,11,11,1,0,0.0909090909091,0.636363636364,0.272727272727,11,0.118181818182,3.72727272727,2.36363636364,1.3,1.625,1.43336856898,0.6064251638,0.286713286713,0.603022689156,0.510249967747,0.237762237762,1.40129809949,1.18571377649,0.503496503497,2.05382127221,0.551025219373,7,3.72727272727,2.05382127221,7,0,0,0,0,0.22962962963,11,11,11,1,0,0.0909090909091,0.636363636364,0.272727272727,11,17,0.154545454545,3.17727272727,3.09090909091,1.7,2.125,1.30034960334,0.420701342257,0.208556149733,0.820199532265,0.530717344407,0.267379679144,1.57249078621,1.01749403814,0.513368983957,1.2536673475,0.394573414091,4.4,3.17727272727,1.2536673475,4.4,0.213333333333,0.153846153846,2,0.0121212121212,0.205555555556,11,11,11,1,0,0.0909090909091,0.636363636364,0.272727272727,-3,-0.0272727272727,0.133884297521,-0.545454545455,-0.3,-0.375,-0.389190409368,-0.0439221612377,-0.0368983957219,-0.347548883978,-0.111544284527,-0.0689839572193,-0.367518585835,-0.0495111164884,-0.0229946524064,0.196768572961,0.0472964236795,0.854545454545,0.133884297521,0.196768572961,0.854545454545,-0.285714285714,-0.246153846154,-6,-0.0363636363636,-0.05,0,0,0,17,0,3,90,0.85,1,0,0.15,1,0.85,0.918918918919,0.906962317388,0.85,0.85,4,7,0,0,0,0
2727,WLNM_dir_neg,0.887755102041,0.700541125541,00:00:00,10,70,3,1177447052,threshold_sweep,0.9,1,0.571428571429,0.727272727273,4,0,3,14,0.571428571429,1,0,0.428571428571,1,0.571428571429,0.727272727273,0.857142857143,0.603174603175,0.64,0.68599434057,0.571428571429,20,13,7,0,20,0,13,0,7,11,20,0.181818181818,3.04338842975,3.63636363636,2,2.5,1.68954001271,0.464623503495,0.245454545455,1.16774841624,0.642261628933,0.336363636364,1.94000937205,1.06700515463,0.536363636364,1.05689877454,0.347276990411,3.54545454545,3.04338842975,1.05689877454,3.54545454545,0.499047619048,0.4,8,0.0484848484848,0.255555555556,11,11,11,1,0,0.0909090909091,0.636363636364,0.272727272727,11,0.118181818182,3.72727272727,2.36363636364,1.3,1.625,1.43336856898,0.6064251638,0.286713286713,0.603022689156,0.510249967747,0.237762237762,1.40129809949,1.18571377649,0.503496503497,2.05382127221,0.551025219373,7,3.72727272727,2.05382127221,7,0,0,0,0,0.22962962963,11,11,11,1,0,0.0909090909091,0.636363636364,0.272727272727,11,17,0.154545454545,3.17727272727,3.09090909091,1.7,2.125,1.30034960334,0.420701342257,0.208556149733,0.820199532265,0.530717344407,0.267379679144,1.57249078621,1.01749403814,0.513368983957,1.2536673475,0.394573414091,4.4,3.17727272727,1.2536673475,4.4,0.213333333333,0.153846153846,2,0.0121212121212,0.205555555556,11,11,11,1,0,0.0909090909091,0.636363636364,0.272727272727,-3,-0.0272727272727,0.133884297521,-0.545454545455,-0.3,-0.375,-0.389190409368,-0.0439221612377,-0.0368983957219,-0.347548883978,-0.111544284527,-0.0689839572193,-0.367518585835,-0.0495111164884,-0.0229946524064,0.196768572961,0.0472964236795,0.854545454545,0.133884297521,0.196768572961,0.854545454545,-0.285714285714,-0.246153846154,-6,-0.0363636363636,-0.05,0,0,0,17,0,3,90,0.85,1,0,0.15,1,0.85,0.918918918919,0.906962317388,0.85,0.85,4,7,0,0,0,0
2728,WLNM_dir_neg,0.908163265306,0.573232323232,00:00:00,10,70,4,1177447053,threshold_sweep,0.1,1,0.571428571429,0.727272727273,4,0,3,14,0.571428571429,1,0,0.428571428571,1,0.571428571429,0.727272727273,0.857142857143,0.603174603175,0.64,0.68599434057,0.571428571429,20,13,7,0,20,0,13,0,7,11,20,0.181818181818,3.04338842975,3.63636363636,2,2.5,1.68954001271,0.464623503495,0.245454545455,1.16774841624,0.642261628933,0.336363636364,1.94000937205,1.06700515463,0.536363636364,1.05689877454,0.347276990411,3.54545454545,3.04338842975,1.05689877454,3.54545454545,0.499047619048,0.4,8,0.0484848484848,0.255555555556,11,11,11,1,0,0.0909090909091,0.636363636364,0.272727272727,11,0.118181818182,3.72727272727,2.36363636364,1.3,1.625,1.43336856898,0.6064251638,0.286713286713,0.603022689156,0.510249967747,0.237762237762,1.40129809949,1.18571377649,0.503496503497,2.05382127221,0.551025219373,7,3.72727272727,2.05382127221,7,0,0,0,0,0.22962962963,11,11,11,1,0,0.0909090909091,0.636363636364,0.272727272727,11,17,0.154545454545,3.15909090909,3.09090909091,1.7,2.125,1.30034960334,0.420701342257,0.208556149733,0.820199532265,0.530717344407,0.267379679144,1.57249078621,1.01749403814,0.513368983957,1.21589847064,0.38488872452,4,3.15909090909,1.21589847064,4,0.296666666667,0.230769230769,3,0.0181818181818,0.203703703704,11,11,11,1,0,0.0909090909091,0.636363636364,0.272727272727,-3,-0.0272727272727,0.115702479339,-0.545454545455,-0.3,-0.375,-0.389190409368,-0.0439221612377,-0.0368983957219,-0.347548883978,-0.111544284527,-0.0689839572193,-0.367518585835,-0.0495111164884,-0.0229946524064,0.158999696105,0.0376117341084,0.454545454545,0.115702479339,0.158999696105,0.454545454545,-0.202380952381,-0.169230769231,-5,-0.030303030303,-0.0518518518519,0,0,0,17,0,3,90,0.85,1,0,0.15,1,0.85,0.918918918919,0.906962317388,0.85,0.85,4,7,0,0,0,0
2729,WLNM_dir_neg,0.908163265306,0.573232323232,00:00:00,10,70,4,1177447053,threshold_sweep,0.2,1,0.571428571429,0.727272727273,4,0,3,14,0.571428571429,1,0,0.428571428571,1,0.571428571429,0.727272727273,0.857142857143,0.603174603175,0.64,0.68599434057,0.571428571429,20,13,7,0,20,0,13,0,7,11,20,0.181818181818,3.04338842975,3.63636363636,2,2.5,1.68954001271,0.464623503495,0.245454545455,1.16774841624,0.642261628933,0.336363636364,1.94000937205,1.06700515463,0.536363636364,1.05689877454,0.347276990411,3.54545454545,3.04338842975,1.05689877454,3.54545454545,0.499047619048,0.4,8,0.0484848484848,0.255555555556,11,11,11,1,0,0.0909090909091,0.636363636364,0.272727272727,11,0.118181818182,3.72727272727,2.36363636364,1.3,1.625,1.43336856898,0.6064251638,0.286713286713,0.603022689156,0.510249967747,0.237762237762,1.40129809949,1.18571377649,0.503496503497,2.05382127221,0.551025219373,7,3.72727272727,2.05382127221,7,0,0,0,0,0.22962962963,11,11,11,1,0,0.0909090909091,0.636363636364,0.272727272727,11,17,0.154545454545,3.15909090909,3.09090909091,1.7,2.125,1.30034960334,0.420701342257,0.208556149733,0.820199532265,0.530717344407,0.267379679144,1.57249078621,1.01749403814,0.513368983957,1.21589847064,0.38488872452,4,3.15909090909,1.21589847064,4,0.296666666667,0.230769230769,3,0.0181818181818,0.203703703704,11,11,11,1,0,0.0909090909091,0.636363636364,0.272727272727,-3,-0.0272727272727,0.115702479339,-0.545454545455,-0.3,-0.375,-0.389190409368,-0.0439221612377,-0.0368983957219,-0.347548883978,-0.111544284527,-0.0689839572193,-0.367518585835,-0.0495111164884,-0.0229946524064,0.158999696105,0.0376117341084,0.454545454545,0.115702479339,0.158999696105,0.454545454545,-0.202380952381,-0.169230769231,-5,-0.030303030303,-0.0518518518519,0,0,0,17,0,3,90,0.85,1,0,0.15,1,0.85,0.918918918919,0.906962317388,0.85,0.85,4,7,0,0,0,0
2730,WLNM_dir_neg,0.908163265306,0.573232323232,00:00:00,10,70,4,1177447053,threshold_sweep,0.3,1,0.571428571429,0.727272727273,4,0,3,14,0.571428571429,1,0,0.428571428571,1,0.571428571429,0.727272727273,0.857142857143,0.603174603175,0.64,0.68599434057,0.571428571429,20,13,7,0,20,0,13,0,7,11,20,0.181818181818,3.04338842975,3.63636363636,2,2.5,1.68954001271,0.464623503495,0.245454545455,1.16774841624,0.642261628933,0.336363636364,1.94000937205,1.06700515463,0.536363636364,1.05689877454,0.347276990411,3.54545454545,3.04338842975,1.05689877454,3.54545454545,0.499047619048,0.4,8,0.0484848484848,0.255555555556,11,11,11,1,0,0.0909090909091,0.636363636364,0.272727272727,11,0.118181818182,3.72727272727,2.36363636364,1.3,1.625,1.43336856898,0.6064251638,0.286713286713,0.603022689156,0.510249967747,0.237762237762,1.40129809949,1.18571377649,0.503496503497,2.05382127221,0.551025219373,7,3.72727272727,2.05382127221,7,0,0,0,0,0.22962962963,11,11,11,1,0,0.0909090909091,0.636363636364,0.272727272727,11,17,0.154545454545,3.15909090909,3.09090909091,1.7,2.125,1.30034960334,0.420701342257,0.208556149733,0.820199532265,0.530717344407,0.267379679144,1.57249078621,1.01749403814,0.513368983957,1.21589847064,0.38488872452,4,3.15909090909,1.21589847064,4,0.296666666667,0.230769230769,3,0.0181818181818,0.203703703704,11,11,11,1,0,0.0909090909091,0.636363636364,0.272727272727,-3,-0.0272727272727,0.115702479339,-0.545454545455,-0.3,-0.375,-0.389190409368,-0.0439221612377,-0.0368983957219,-0.347548883978,-0.111544284527,-0.0689839572193,-0.367518585835,-0.0495111164884,-0.0229946524064,0.158999696105,0.0376117341084,0.454545454545,0.115702479339,0.158999696105,0.454545454545,-0.202380952381,-0.169230769231,-5,-0.030303030303,-0.0518518518519,0,0,0,17,0,3,90,0.85,1,0,0.15,1,0.85,0.918918918919,0.906962317388,0.85,0.85,4,7,0,0,0,0
2731,WLNM_dir_neg,0.908163265306,0.573232323232,00:00:00,10,70,4,1177447053,threshold_sweep,0.4,1,0.428571428571,0.6,3,0,4,14,0.428571428571,1,0,0.571428571429,1,0.428571428571,0.6,0.809523809524,0.619047619048,0.5,0.57735026919,0.428571428571,20,13,7,0,20,0,13,0,7,11,20,0.181818181818,3.04338842975,3.63636363636,2,2.5,1.68954001271,0.464623503495,0.245454545455,1.16774841624,0.642261628933,0.336363636364,1.94000937205,1.06700515463,0.536363636364,1.05689877454,0.347276990411,3.54545454545,3.04338842975,1.05689877454,3.54545454545,0.499047619048,0.4,8,0.0484848484848,0.255555555556,11,11,11,1,0,0.0909090909091,0.636363636364,0.272727272727,11,0.118181818182,3.72727272727,2.36363636364,1.3,1.625,1.43336856898,0.6064251638,0.286713286713,0.603022689156,0.510249967747,0.237762237762,1.40129809949,1.18571377649,0.503496503497,2.05382127221,0.551025219373,7,3.72727272727,2.05382127221,7,0,0,0,0,0.22962962963,11,11,11,1,0,0.0909090909091,0.636363636364,0.272727272727,11,16,0.145454545455,3.25,2.90909090909,1.6,2,1.22102788294,0.41972833476,0.181818181818,0.687551650952,0.47269176003,0.227272727273,1.50755672289,1.03644524699,0.511363636364,1.3758835545,0.423348786001,4.66666666667,3.25,1.3758835545,4.66666666667,0.213333333333,0.176470588235,2,0.0121212121212,0.192592592593,11,11,11,1,0,0.0909090909091,0.636363636364,0.272727272727,-4,-0.0363636363636,0.206611570248,-0.727272727273,-0.4,-0.5,-0.468512129772,-0.0448951687355,-0.0636363636364,-0.48019676529,-0.169569868904,-0.109090909091,-0.43245264916,-0.0305599076407,-0.025,0.318984779967,0.07607179559,1.12121212121,0.206611570248,0.318984779967,1.12121212121,-0.285714285714,-0.223529411765,-6,-0.0363636363636,-0.062962962963,0,0,0,16,0,4,90,0.8,1,0,0.2,1,0.8,0.888888888889,0.875189948987,0.8,0.8,3,7,0,0,0,0
2732,WLNM_dir_neg,0.908163265306,0.573232323232,00:00:00,10,70,4,1177447053,threshold_sweep,0.5,1,0.428571428571,0.6,3,0,4,14,0.428571428571,1,0,0.571428571429,1,0.428571428571,0.6,0.809523809524,0.619047619048,0.5,0.57735026919,0.428571428571,20,13,7,0,20,0,13,0,7,11,20,0.181818181818,3.04338842975,3.63636363636,2,2.5,1.68954001271,0.464623503495,0.245454545455,1.16774841624,0.642261628933,0.336363636364,1.94000937205,1.06700515463,0.536363636364,1.05689877454,0.347276990411,3.54545454545,3.04338842975,1.05689877454,3.54545454545,0.499047619048,0.4,8,0.0484848484848,0.255555555556,11,11,11,1,0,0.0909090909091,0.636363636364,0.272727272727,11,0.118181818182,3.72727272727,2.36363636364,1.3,1.625,1.43336856898,0.6064251638,0.286713286713,0.603022689156,0.510249967747,0.237762237762,1.40129809949,1.18571377649,0.503496503497,2.05382127221,0.551025219373,7,3.72727272727,2.05382127221,7,0,0,0,0,0.22962962963,11,11,11,1,0,0.0909090909091,0.636363636364,0.272727272727,11,16,0.145454545455,3.25,2.90909090909,1.6,2,1.22102788294,0.41972833476,0.181818181818,0.687551650952,0.47269176003,0.227272727273,1.50755672289,1.03644524699,0.511363636364,1.3758835545,0.423348786001,4.66666666667,3.25,1.3758835545,4.66666666667,0.213333333333,0.176470588235,2,0.0121212121212,0.192592592593,11,11,11,1,0,0.0909090909091,0.636363636364,0.272727272727,-4,-0.0363636363636,0.206611570248,-0.727272727273,-0.4,-0.5,-0.468512129772,-0.0448951687355,-0.0636363636364,-0.48019676529,-0.169569868904,-0.109090909091,-0.43245264916,-0.0305599076407,-0.025,0.318984779967,0.07607179559,1.12121212121,0.206611570248,0.318984779967,1.12121212121,-0.285714285714,-0.223529411765,-6,-0.0363636363636,-0.062962962963,0,0,0,16,0,4,90,0.8,1,0,0.2,1,0.8,0.888888888889,0.875189948987,0.8,0.8,3,7,0,0,0,0
2733,WLNM_dir_neg,0.908163265306,0.573232323232,00:00:00,10,70,4,1177447053,threshold_sweep,0.6,1,0.428571428571,0.6,3,0,4,14,0.428571428571,1,0,0.571428571429,1,0.428571428571,0.6,0.809523809524,0.619047619048,0.5,0.57735026919,0.428571428571,20,13,7,0,20,0,13,0,7,11,20,0.181818181818,3.04338842975,3.63636363636,2,2.5,1.68954001271,0.464623503495,0.245454545455,1.16774841624,0.642261628933,0.336363636364,1.94000937205,1.06700515463,0.536363636364,1.05689877454,0.347276990411,3.54545454545,3.04338842975,1.05689877454,3.54545454545,0.499047619048,0.4,8,0.0484848484848,0.255555555556,11,11,11,1,0,0.0909090909091,0.636363636364,0.272727272727,11,0.118181818182,3.72727272727,2.36363636364,1.3,1.625,1.43336856898,0.6064251638,0.286713286713,0.603022689156,0.510249967747,0.237762237762,1.40129809949,1.18571377649,0.503496503497,2.05382127221,0.551025219373,7,3.72727272727,2.05382127221,7,0,0,0,0,0.22962962963,11,11,11,1,0,0.0909090909091,0.636363636364,0.272727272727,11,16,0.145454545455,3.25,2.90909090909,1.6,2,1.22102788294,0.41972833476,0.181818181818,0.687551650952,0.47269176003,0.227272727273,1.50755672289,1.03644524699,0.511363636364,1.3758835545,0.423348786001,4.66666666667,3.25,1.3758835545,4.66666666667,0.213333333333,0.176470588235,2,0.0121212121212,0.192592592593,11,11,11,1,0,0.0909090909091,0.636363636364,0.272727272727,-4,-0.0363636363636,0.206611570248,-0.727272727273,-0.4,-0.5,-0.468512129772,-0.0448951687355,-0.0636363636364,-0.48019676529,-0.169569868904,-0.109090909091,-0.43245264916,-0.0305599076407,-0.025,0.318984779967,0.07607179559,1.12121212121,0.206611570248,0.318984779967,1.12121212121,-0.285714285714,-0.223529411765,-6,-0.0363636363636,-0.062962962963,0,0,0,16,0,4,90,0.8,1,0,0.2,1,0.8,0.888888888889,0.875189948987,0.8,0.8,3,7,0,0,0,0
2734,WLNM_dir_neg,0.908163265306,0.573232323232,00:00:00,10,70,4,1177447053,threshold_sweep,0.7,1,0.428571428571,0.6,3,0,4,14,0.428571428571,1,0,0.571428571429,1,0.428571428571,0.6,0.809523809524,0.619047619048,0.5,0.57735026919,0.428571428571,20,13,7,0,20,0,13,0,7,11,20,0.181818181818,3.04338842975,3.63636363636,2,2.5,1.68954001271,0.464623503495,0.245454545455,1.16774841624,0.642261628933,0.336363636364,1.94000937205,1.06700515463,0.536363636364,1.05689877454,0.347276990411,3.54545454545,3.04338842975,1.05689877454,3.54545454545,0.499047619048,0.4,8,0.0484848484848,0.255555555556,11,11,11,1,0,0.0909090909091,0.636363636364,0.272727272727,11,0.118181818182,3.72727272727,2.36363636364,1.3,1.625,1.43336856898,0.6064251638,0.286713286713,0.603022689156,0.510249967747,0.237762237762,1.40129809949,1.18571377649,0.503496503497,2.05382127221,0.551025219373,7,3.72727272727,2.05382127221,7,0,0,0,0,0.22962962963,11,11,11,1,0,0.0909090909091,0.636363636364,0.272727272727,11,16,0.145454545455,3.25,2.90909090909,1.6,2,1.22102788294,0.41972833476,0.181818181818,0.687551650952,0.47269176003,0.227272727273,1.50755672289,1.03644524699,0.511363636364,1.3758835545,0.423348786001,4.66666666667,3.25,1.3758835545,4.66666666667,0.213333333333,0.176470588235,2,0.0121212121212,0.192592592593,11,11,11,1,0,0.0909090909091,0.636363636364,0.272727272727,-4,-0.0363636363636,0.206611570248,-0.727272727273,-0.4,-0.5,-0.468512129772,-0.0448951687355,-0.0636363636364,-0.48019676529,-0.169569868904,-0.109090909091,-0.43245264916,-0.0305599076407,-0.025,0.318984779967,0.07607179559,1.12121212121,0.206611570248,0.318984779967,1.12121212121,-0.285714285714,-0.223529411765,-6,-0.0363636363636,-0.062962962963,0,0,0,16,0,4,90,0.8,1,0,0.2,1,0.8,0.888888888889,0.875189948987,0.8,0.8,3,7,0,0,0,0
2735,WLNM_dir_neg,0.908163265306,0.573232323232,00:00:00,10,70,4,1177447053,threshold_sweep,0.8,1,0.428571428571,0.6,3,0,4,14,0.428571428571,1,0,0.571428571429,1,0.428571428571,0.6,0.809523809524,0.619047619048,0.5,0.57735026919,0.428571428571,20,13,7,0,20,0,13,0,7,11,20,0.181818181818,3.04338842975,3.63636363636,2,2.5,1.68954001271,0.464623503495,0.245454545455,1.16774841624,0.642261628933,0.336363636364,1.94000937205,1.06700515463,0.536363636364,1.05689877454,0.347276990411,3.54545454545,3.04338842975,1.05689877454,3.54545454545,0.499047619048,0.4,8,0.0484848484848,0.255555555556,11,11,11,1,0,0.0909090909091,0.636363636364,0.272727272727,11,0.118181818182,3.72727272727,2.36363636364,1.3,1.625,1.43336856898,0.6064251638,0.286713286713,0.603022689156,0.510249967747,0.237762237762,1.40129809949,1.18571377649,0.503496503497,2.05382127221,0.551025219373,7,3.72727272727,2.05382127221,7,0,0,0,0,0.22962962963,11,11,11,1,0,0.0909090909091,0.636363636364,0.272727272727,11,16,0.145454545455,3.25,2.90909090909,1.6,2,1.22102788294,0.41972833476,0.181818181818,0.687551650952,0.47269176003,0.227272727273,1.50755672289,1.03644524699,0.511363636364,1.3758835545,0.423348786001,4.66666666667,3.25,1.3758835545,4.66666666667,0.213333333333,0.176470588235,2,0.0121212121212,0.192592592593,11,11,11,1,0,0.0909090909091,0.636363636364,0.272727272727,-4,-0.0363636363636,0.206611570248,-0.727272727273,-0.4,-0.5,-0.468512129772,-0.0448951687355,-0.0636363636364,-0.48019676529,-0.169569868904,-0.109090909091,-0.43245264916,-0.0305599076407,-0.025,0.318984779967,0.07607179559,1.12121212121,0.206611570248,0.318984779967,1.12121212121,-0.285714285714,-0.223529411765,-6,-0.0363636363636,-0.062962962963,0,0,0,16,0,4,90,0.8,1,0,0.2,1,0.8,0.888888888889,0.875189948987,0.8,0.8,3,7,0,0,0,0
2736,WLNM_dir_neg,0.908163265306,0.573232323232,00:00:00,10,70,4,1177447053,threshold_sweep,0.9,1,0.428571428571,0.6,3,0,4,14,0.428571428571,1,0,0.571428571429,1,0.428571428571,0.6,0.809523809524,0.619047619048,0.5,0.57735026919,0.428571428571,20,13,7,0,20,0,13,0,7,11,20,0.181818181818,3.04338842975,3.63636363636,2,2.5,1.68954001271,0.464623503495,0.245454545455,1.16774841624,0.642261628933,0.336363636364,1.94000937205,1.06700515463,0.536363636364,1.05689877454,0.347276990411,3.54545454545,3.04338842975,1.05689877454,3.54545454545,0.499047619048,0.4,8,0.0484848484848,0.255555555556,11,11,11,1,0,0.0909090909091,0.636363636364,0.272727272727,11,0.118181818182,3.72727272727,2.36363636364,1.3,1.625,1.43336856898,0.6064251638,0.286713286713,0.603022689156,0.510249967747,0.237762237762,1.40129809949,1.18571377649,0.503496503497,2.05382127221,0.551025219373,7,3.72727272727,2.05382127221,7,0,0,0,0,0.22962962963,11,11,11,1,0,0.0909090909091,0.636363636364,0.272727272727,11,16,0.145454545455,3.25,2.90909090909,1.6,2,1.22102788294,0.41972833476,0.181818181818,0.687551650952,0.47269176003,0.227272727273,1.50755672289,1.03644524699,0.511363636364,1.3758835545,0.423348786001,4.66666666667,3.25,1.3758835545,4.66666666667,0.213333333333,0.176470588235,2,0.0121212121212,0.192592592593,11,11,11,1,0,0.0909090909091,0.636363636364,0.272727272727,-4,-0.0363636363636,0.206611570248,-0.727272727273,-0.4,-0.5,-0.468512129772,-0.0448951687355,-0.0636363636364,-0.48019676529,-0.169569868904,-0.109090909091,-0.43245264916,-0.0305599076407,-0.025,0.318984779967,0.07607179559,1.12121212121,0.206611570248,0.318984779967,1.12121212121,-0.285714285714,-0.223529411765,-6,-0.0363636363636,-0.062962962963,0,0,0,16,0,4,90,0.8,1,0,0.2,1,0.8,0.888888888889,0.875189948987,0.8,0.8,3,7,0,0,0,0
2737,WLNM_dir_neg,0.857142857143,0.527710384853,00:00:00,10,70,5,1177447054,threshold_sweep,0.1,0.714285714286,0.714285714286,0.714285714286,5,2,2,12,0.714285714286,0.857142857143,0.142857142857,0.285714285714,0.714285714286,0.714285714286,0.714285714286,0.809523809524,0.555555555556,0.571428571429,0.571428571429,0.571428571429,20,13,7,0,20,0,13,0,7,11,20,0.181818181818,3.04338842975,3.63636363636,2,2.5,1.68954001271,0.464623503495,0.245454545455,1.16774841624,0.642261628933,0.336363636364,1.94000937205,1.06700515463,0.536363636364,1.05689877454,0.347276990411,3.54545454545,3.04338842975,1.05689877454,3.54545454545,0.499047619048,0.4,8,0.0484848484848,0.255555555556,11,11,11,1,0,0.0909090909091,0.636363636364,0.272727272727,11,0.118181818182,3.72727272727,2.36363636364,1.3,1.625,1.43336856898,0.6064251638,0.286713286713,0.603022689156,0.510249967747,0.237762237762,1.40129809949,1.18571377649,0.503496503497,2.05382127221,0.551025219373,7,3.72727272727,2.05382127221,7,0,0,0,0,0.22962962963,11,11,11,1,0,0.0909090909091,0.636363636364,0.272727272727,11,20,0.181818181818,4.9696969697,3.63636363636,2,2,1.68954001271,0.464623503495,0.213636363636,0.981649817214,0.539907399468,0.281818181818,1.53741222957,0.845576726264,0.409090909091,1.7624646282,0.354642272748,6.20833333333,4.9696969697,1.7624646282,6.20833333333,0.366666666667,0.266666666667,4,0.0242424242424,0.21,11,11,11,1,0,0.0909090909091,0.818181818182,0.0909090909091,0,0,1.92630853994,0,0,-0.5,0,0,-0.0318181818182,-0.186098599028,-0.102354229466,-0.0545454545455,-0.402597142477,-0.221428428362,-0.127272727273,0.705565853663,0.00736528233626,2.66287878788,1.92630853994,0.705565853663,2.66287878788,-0.132380952381,-0.133333333333,-4,-0.0242424242424,-0.0455555555556,0,0.181818181818,-0.181818181818,18,2,2,88,0.9,0.977777777778,0.0222222222222,0.1,0.9,0.9,0.9,0.877777777778,0.877777777778,0.818181818182,7,7,0,0,0,0
2738,WLNM_dir_neg,0.857142857143,0.527710384853,00:00:00,10,70,5,1177447054,threshold_sweep,0.2,0.666666666667,0.571428571429,0.615384615385,4,2,3,12,0.571428571429,0.857142857143,0.142857142857,0.428571428571,0.666666666667,0.571428571429,0.615384615385,0.761904761905,0.571428571429,0.444444444444,0.4472135955,0.428571428571,20,13,7,0,20,0,13,0,7,11,20,0.181818181818,3.04338842975,3.63636363636,2,2.5,1.68954001271,0.464623503495,0.245454545455,1.16774841624,0.642261628933,0.336363636364,1.94000937205,1.06700515463,0.536363636364,1.05689877454,0.347276990411,3.54545454545,3.04338842975,1.05689877454,3.54545454545,0.499047619048,0.4,8,0.0484848484848,0.255555555556,11,11,11,1,0,0.0909090909091,0.636363636364,0.272727272727,11,0.118181818182,3.72727272727,2.36363636364,1.3,1.625,1.43336856898,0.6064251638,0.286713286713,0.603022689156,0.510249967747,0.237762237762,1.40129809949,1.18571377649,0.503496503497,2.05382127221,0.551025219373,7,3.72727272727,2.05382127221,7,0,0,0,0,0.22962962963,11,11,11,1,0,0.0909090909091,0.636363636364,0.272727272727,11,19,0.172727272727,5.03333333333,3.45454545455,1.9,1.9,1.63484778274,0.473245410793,0.196172248804,0.904534033733,0.523677598477,0.267942583732,1.42062726223,0.822468414973,0.392344497608,1.85394474327,0.368333392703,6.73333333333,5.03333333333,1.85394474327,6.73333333333,0.213333333333,0.153846153846,2,0.0121212121212,0.194444444444,11,11,11,1,0,0.0909090909091,0.818181818182,0.0909090909091,-1,-0.00909090909091,1.98994490358,-0.181818181818,-0.1,-0.6,-0.05469222997,0.00862190729789,-0.0492822966507,-0.263214382509,-0.118584030456,-0.0684210526316,-0.519382109822,-0.244536739653,-0.144019138756,0.797045968736,0.021056402292,3.18787878788,1.98994490358,0.797045968736,3.18787878788,-0.285714285714,-0.246153846154,-6,-0.0363636363636,-0.0611111111111,0,0.181818181818,-0.181818181818,17,2,3,88,0.85,0.977777777778,0.0222222222222,0.15,0.894736842105,0.85,0.871794871795,0.844602804616,0.827777777778,0.772727272727,6,7,0,0,0,0
2739,WLNM_dir_neg,0.857142857143,0.527710384853,00:00:00,10,70,5,1177447054,threshold_sweep,0.3,0.666666666667,0.571428571429,0.615384615385,4,2,3,12,0.571428571429,0.857142857143,0.142857142857,0.428571428571,0.666666666667,0.571428571429,0.615384615385,0.761904761905,0.571428571429,0.444444444444,0.4472135955,0.428571428571,20,13,7,0,20,0,13,0,7,11,20,0.181818181818,3.04338842975,3.63636363636,2,2.5,1.68954001271,0.464623503495,0.245454545455,1.16774841624,0.642261628933,0.336363636364,1.94000937205,1.06700515463,0.536363636364,1.05689877454,0.347276990411,3.54545454545,3.04338842975,1.05689877454,3.54545454545,0.499047619048,0.4,8,0.0484848484848,0.255555555556,11,11,11,1,0,0.0909090909091,0.636363636364,0.272727272727,11,0.118181818182,3.72727272727,2.36363636364,1.3,1.625,1.43336856898,0.6064251638,0.286713286713,0.603022689156,0.510249967747,0.237762237762,1.40129809949,1.18571377649,0.503496503497,2.05382127221,0.551025219373,7,3.72727272727,2.05382127221,7,0,0,0,0,0.22962962963,11,11,11,1,0,0.0909090909091,0.636363636364,0.272727272727,11,19,0.172727272727,5.03333333333,3.45454545455,1.9,1.9,1.63484778274,0.473245410793,0.196172248804,0.904534033733,0.523677598477,0.267942583732,1.42062726223,0.822468414973,0.392344497608,1.85394474327,0.368333392703,6.73333333333,5.03333333333,1.85394474327,6.73333333333,0.213333333333,0.153846153846,2,0.0121212121212,0.194444444444,11,11,11,1,0,0.0909090909091,0.818181818182,0.0909090909091,-1,-0.00909090909091,1.98994490358,-0.181818181818,-0.1,-0.6,-0.05469222997,0.00862190729789,-0.0492822966507,-0.263214382509,-0.118584030456,-0.0684210526316,-0.519382109822,-0.244536739653,-0.144019138756,0.797045968736,0.021056402292,3.18787878788,1.98994490358,0.797045968736,3.18787878788,-0.285714285714,-0.246153846154,-6,-0.0363636363636,-0.0611111111111,0,0.181818181818,-0.181818181818,17,2,3,88,0.85,0.977777777778,0.0222222222222,0.15,0.894736842105,0.85,0.871794871795,0.844602804616,0.827777777778,0.772727272727,6,7,0,0,0,0
2740,WLNM_dir_neg,0.857142857143,0.527710384853,00:00:00,10,70,5,1177447054,threshold_sweep,0.4,0.666666666667,0.571428571429,0.615384615385,4,2,3,12,0.571428571429,0.857142857143,0.142857142857,0.428571428571,0.666666666667,0.571428571429,0.615384615385,0.761904761905,0.571428571429,0.444444444444,0.4472135955,0.428571428571,20,13,7,0,20,0,13,0,7,11,20,0.181818181818,3.04338842975,3.63636363636,2,2.5,1.68954001271,0.464623503495,0.245454545455,1.16774841624,0.642261628933,0.336363636364,1.94000937205,1.06700515463,0.536363636364,1.05689877454,0.347276990411,3.54545454545,3.04338842975,1.05689877454,3.54545454545,0.499047619048,0.4,8,0.0484848484848,0.255555555556,11,11,11,1,0,0.0909090909091,0.636363636364,0.272727272727,11,0.118181818182,3.72727272727,2.36363636364,1.3,1.625,1.43336856898,0.6064251638,0.286713286713,0.603022689156,0.510249967747,0.237762237762,1.40129809949,1.18571377649,0.503496503497,2.05382127221,0.551025219373,7,3.72727272727,2.05382127221,7,0,0,0,0,0.22962962963,11,11,11,1,0,0.0909090909091,0.636363636364,0.272727272727,11,19,0.172727272727,5.03333333333,3.45454545455,1.9,1.9,1.63484778274,0.473245410793,0.196172248804,0.904534033733,0.523677598477,0.267942583732,1.42062726223,0.822468414973,0.392344497608,1.85394474327,0.368333392703,6.73333333333,5.03333333333,1.85394474327,6.73333333333,0.213333333333,0.153846153846,2,0.0121212121212,0.194444444444,11,11,11,1,0,0.0909090909091,0.818181818182,0.0909090909091,-1,-0.00909090909091,1.98994490358,-0.181818181818,-0.1,-0.6,-0.05469222997,0.00862190729789,-0.0492822966507,-0.263214382509,-0.118584030456,-0.0684210526316,-0.519382109822,-0.244536739653,-0.144019138756,0.797045968736,0.021056402292,3.18787878788,1.98994490358,0.797045968736,3.18787878788,-0.285714285714,-0.246153846154,-6,-0.0363636363636,-0.0611111111111,0,0.181818181818,-0.181818181818,17,2,3,88,0.85,0.977777777778,0.0222222222222,0.15,0.894736842105,0.85,0.871794871795,0.844602804616,0.827777777778,0.772727272727,6,7,0,0,0,0
2741,WLNM_dir_neg,0.857142857143,0.527710384853,00:00:00,10,70,5,1177447054,threshold_sweep,0.5,0.666666666667,0.571428571429,0.615384615385,4,2,3,12,0.571428571429,0.857142857143,0.142857142857,0.428571428571,0.666666666667,0.571428571429,0.615384615385,0.761904761905,0.571428571429,0.444444444444,0.4472135955,0.428571428571,20,13,7,0,20,0,13,0,7,11,20,0.181818181818,3.04338842975,3.63636363636,2,2.5,1.68954001271,0.464623503495,0.245454545455,1.16774841624,0.642261628933,0.336363636364,1.94000937205,1.06700515463,0.536363636364,1.05689877454,0.347276990411,3.54545454545,3.04338842975,1.05689877454,3.54545454545,0.499047619048,0.4,8,0.0484848484848,0.255555555556,11,11,11,1,0,0.0909090909091,0.636363636364,0.272727272727,11,0.118181818182,3.72727272727,2.36363636364,1.3,1.625,1.43336856898,0.6064251638,0.286713286713,0.603022689156,0.510249967747,0.237762237762,1.40129809949,1.18571377649,0.503496503497,2.05382127221,0.551025219373,7,3.72727272727,2.05382127221,7,0,0,0,0,0.22962962963,11,11,11,1,0,0.0909090909091,0.636363636364,0.272727272727,11,19,0.172727272727,5.03333333333,3.45454545455,1.9,1.9,1.63484778274,0.473245410793,0.196172248804,0.904534033733,0.523677598477,0.267942583732,1.42062726223,0.822468414973,0.392344497608,1.85394474327,0.368333392703,6.73333333333,5.03333333333,1.85394474327,6.73333333333,0.213333333333,0.153846153846,2,0.0121212121212,0.194444444444,11,11,11,1,0,0.0909090909091,0.818181818182,0.0909090909091,-1,-0.00909090909091,1.98994490358,-0.181818181818,-0.1,-0.6,-0.05469222997,0.00862190729789,-0.0492822966507,-0.263214382509,-0.118584030456,-0.0684210526316,-0.519382109822,-0.244536739653,-0.144019138756,0.797045968736,0.021056402292,3.18787878788,1.98994490358,0.797045968736,3.18787878788,-0.285714285714,-0.246153846154,-6,-0.0363636363636,-0.0611111111111,0,0.181818181818,-0.181818181818,17,2,3,88,0.85,0.977777777778,0.0222222222222,0.15,0.894736842105,0.85,0.871794871795,0.844602804616,0.827777777778,0.772727272727,6,7,0,0,0,0
2742,WLNM_dir_neg,0.857142857143,0.527710384853,00:00:00,10,70,5,1177447054,threshold_sweep,0.6,0.666666666667,0.571428571429,0.615384615385,4,2,3,12,0.571428571429,0.857142857143,0.142857142857,0.428571428571,0.666666666667,0.571428571429,0.615384615385,0.761904761905,0.571428571429,0.444444444444,0.4472135955,0.428571428571,20,13,7,0,20,0,13,0,7,11,20,0.181818181818,3.04338842975,3.63636363636,2,2.5,1.68954001271,0.464623503495,0.245454545455,1.16774841624,0.642261628933,0.336363636364,1.94000937205,1.06700515463,0.536363636364,1.05689877454,0.347276990411,3.54545454545,3.04338842975,1.05689877454,3.54545454545,0.499047619048,0.4,8,0.0484848484848,0.255555555556,11,11,11,1,0,0.0909090909091,0.636363636364,0.272727272727,11,0.118181818182,3.72727272727,2.36363636364,1.3,1.625,1.43336856898,0.6064251638,0.286713286713,0.603022689156,0.510249967747,0.237762237762,1.40129809949,1.18571377649,0.503496503497,2.05382127221,0.551025219373,7,3.72727272727,2.05382127221,7,0,0,0,0,0.22962962963,11,11,11,1,0,0.0909090909091,0.636363636364,0.272727272727,11,19,0.172727272727,5.03333333333,3.45454545455,1.9,1.9,1.63484778274,0.473245410793,0.196172248804,0.904534033733,0.523677598477,0.267942583732,1.42062726223,0.822468414973,0.392344497608,1.85394474327,0.368333392703,6.73333333333,5.03333333333,1.85394474327,6.73333333333,0.213333333333,0.153846153846,2,0.0121212121212,0.194444444444,11,11,11,1,0,0.0909090909091,0.818181818182,0.0909090909091,-1,-0.00909090909091,1.98994490358,-0.181818181818,-0.1,-0.6,-0.05469222997,0.00862190729789,-0.0492822966507,-0.263214382509,-0.118584030456,-0.0684210526316,-0.519382109822,-0.244536739653,-0.144019138756,0.797045968736,0.021056402292,3.18787878788,1.98994490358,0.797045968736,3.18787878788,-0.285714285714,-0.246153846154,-6,-0.0363636363636,-0.0611111111111,0,0.181818181818,-0.181818181818,17,2,3,88,0.85,0.977777777778,0.0222222222222,0.15,0.894736842105,0.85,0.871794871795,0.844602804616,0.827777777778,0.772727272727,6,7,0,0,0,0
2743,WLNM_dir_neg,0.857142857143,0.527710384853,00:00:00,10,70,5,1177447054,threshold_sweep,0.7,0.666666666667,0.571428571429,0.615384615385,4,2,3,12,0.571428571429,0.857142857143,0.142857142857,0.428571428571,0.666666666667,0.571428571429,0.615384615385,0.761904761905,0.571428571429,0.444444444444,0.4472135955,0.428571428571,20,13,7,0,20,0,13,0,7,11,20,0.181818181818,3.04338842975,3.63636363636,2,2.5,1.68954001271,0.464623503495,0.245454545455,1.16774841624,0.642261628933,0.336363636364,1.94000937205,1.06700515463,0.536363636364,1.05689877454,0.347276990411,3.54545454545,3.04338842975,1.05689877454,3.54545454545,0.499047619048,0.4,8,0.0484848484848,0.255555555556,11,11,11,1,0,0.0909090909091,0.636363636364,0.272727272727,11,0.118181818182,3.72727272727,2.36363636364,1.3,1.625,1.43336856898,0.6064251638,0.286713286713,0.603022689156,0.510249967747,0.237762237762,1.40129809949,1.18571377649,0.503496503497,2.05382127221,0.551025219373,7,3.72727272727,2.05382127221,7,0,0,0,0,0.22962962963,11,11,11,1,0,0.0909090909091,0.636363636364,0.272727272727,11,19,0.172727272727,5.03333333333,3.45454545455,1.9,1.9,1.63484778274,0.473245410793,0.196172248804,0.904534033733,0.523677598477,0.267942583732,1.42062726223,0.822468414973,0.392344497608,1.85394474327,0.368333392703,6.73333333333,5.03333333333,1.85394474327,6.73333333333,0.213333333333,0.153846153846,2,0.0121212121212,0.194444444444,11,11,11,1,0,0.0909090909091,0.818181818182,0.0909090909091,-1,-0.00909090909091,1.98994490358,-0.181818181818,-0.1,-0.6,-0.05469222997,0.00862190729789,-0.0492822966507,-0.263214382509,-0.118584030456,-0.0684210526316,-0.519382109822,-0.244536739653,-0.144019138756,0.797045968736,0.021056402292,3.18787878788,1.98994490358,0.797045968736,3.18787878788,-0.285714285714,-0.246153846154,-6,-0.0363636363636,-0.0611111111111,0,0.181818181818,-0.181818181818,17,2,3,88,0.85,0.977777777778,0.0222222222222,0.15,0.894736842105,0.85,0.871794871795,0.844602804616,0.827777777778,0.772727272727,6,7,0,0,0,0
2744,WLNM_dir_neg,0.857142857143,0.527710384853,00:00:00,10,70,5,1177447054,threshold_sweep,0.8,0.666666666667,0.571428571429,0.615384615385,4,2,3,12,0.571428571429,0.857142857143,0.142857142857,0.428571428571,0.666666666667,0.571428571429,0.615384615385,0.761904761905,0.571428571429,0.444444444444,0.4472135955,0.428571428571,20,13,7,0,20,0,13,0,7,11,20,0.181818181818,3.04338842975,3.63636363636,2,2.5,1.68954001271,0.464623503495,0.245454545455,1.16774841624,0.642261628933,0.336363636364,1.94000937205,1.06700515463,0.536363636364,1.05689877454,0.347276990411,3.54545454545,3.04338842975,1.05689877454,3.54545454545,0.499047619048,0.4,8,0.0484848484848,0.255555555556,11,11,11,1,0,0.0909090909091,0.636363636364,0.272727272727,11,0.118181818182,3.72727272727,2.36363636364,1.3,1.625,1.43336856898,0.6064251638,0.286713286713,0.603022689156,0.510249967747,0.237762237762,1.40129809949,1.18571377649,0.503496503497,2.05382127221,0.551025219373,7,3.72727272727,2.05382127221,7,0,0,0,0,0.22962962963,11,11,11,1,0,0.0909090909091,0.636363636364,0.272727272727,11,19,0.172727272727,5.03333333333,3.45454545455,1.9,1.9,1.63484778274,0.473245410793,0.196172248804,0.904534033733,0.523677598477,0.267942583732,1.42062726223,0.822468414973,0.392344497608,1.85394474327,0.368333392703,6.73333333333,5.03333333333,1.85394474327,6.73333333333,0.213333333333,0.153846153846,2,0.0121212121212,0.194444444444,11,11,11,1,0,0.0909090909091,0.818181818182,0.0909090909091,-1,-0.00909090909091,1.98994490358,-0.181818181818,-0.1,-0.6,-0.05469222997,0.00862190729789,-0.0492822966507,-0.263214382509,-0.118584030456,-0.0684210526316,-0.519382109822,-0.244536739653,-0.144019138756,0.797045968736,0.021056402292,3.18787878788,1.98994490358,0.797045968736,3.18787878788,-0.285714285714,-0.246153846154,-6,-0.0363636363636,-0.0611111111111,0,0.181818181818,-0.181818181818,17,2,3,88,0.85,0.977777777778,0.0222222222222,0.15,0.894736842105,0.85,0.871794871795,0.844602804616,0.827777777778,0.772727272727,6,7,0,0,0,0
2745,WLNM_dir_neg,0.857142857143,0.527710384853,00:00:00,10,70,5,1177447054,threshold_sweep,0.9,1,0.571428571429,0.727272727273,4,0,3,14,0.571428571429,1,0,0.428571428571,1,0.571428571429,0.727272727273,0.857142857143,0.603174603175,0.64,0.68599434057,0.571428571429,20,13,7,0,20,0,13,0,7,11,20,0.181818181818,3.04338842975,3.63636363636,2,2.5,1.68954001271,0.464623503495,0.245454545455,1.16774841624,0.642261628933,0.336363636364,1.94000937205,1.06700515463,0.536363636364,1.05689877454,0.347276990411,3.54545454545,3.04338842975,1.05689877454,3.54545454545,0.499047619048,0.4,8,0.0484848484848,0.255555555556,11,11,11,1,0,0.0909090909091,0.636363636364,0.272727272727,11,0.118181818182,3.72727272727,2.36363636364,1.3,1.625,1.43336856898,0.6064251638,0.286713286713,0.603022689156,0.510249967747,0.237762237762,1.40129809949,1.18571377649,0.503496503497,2.05382127221,0.551025219373,7,3.72727272727,2.05382127221,7,0,0,0,0,0.22962962963,11,11,11,1,0,0.0909090909091,0.636363636364,0.272727272727,11,17,0.154545454545,3.17727272727,3.09090909091,1.7,2.125,1.30034960334,0.420701342257,0.208556149733,0.820199532265,0.530717344407,0.267379679144,1.57249078621,1.01749403814,0.513368983957,1.2536673475,0.394573414091,4.4,3.17727272727,1.2536673475,4.4,0.213333333333,0.153846153846,2,0.0121212121212,0.205555555556,11,11,11,1,0,0.0909090909091,0.636363636364,0.272727272727,-3,-0.0272727272727,0.133884297521,-0.545454545455,-0.3,-0.375,-0.389190409368,-0.0439221612377,-0.0368983957219,-0.347548883978,-0.111544284527,-0.0689839572193,-0.367518585835,-0.0495111164884,-0.0229946524064,0.196768572961,0.0472964236795,0.854545454545,0.133884297521,0.196768572961,0.854545454545,-0.285714285714,-0.246153846154,-6,-0.0363636363636,-0.05,0,0,0,17,0,3,90,0.85,1,0,0.15,1,0.85,0.918918918919,0.906962317388,0.85,0.85,4,7,0,0,0,0
2746,WLNM_dir_neg,0.775510204082,0.468783597355,00:00:00,10,70,6,1177447055,threshold_sweep,0.1,1,0.571428571429,0.727272727273,4,0,3,14,0.571428571429,1,0,0.428571428571,1,0.571428571429,0.727272727273,0.857142857143,0.603174603175,0.64,0.68599434057,0.571428571429,20,13,7,0,20,0,13,0,7,11,20,0.181818181818,3.04338842975,3.63636363636,2,2.5,1.68954001271,0.464623503495,0.245454545455,1.16774841624,0.642261628933,0.336363636364,1.94000937205,1.06700515463,0.536363636364,1.05689877454,0.347276990411,3.54545454545,3.04338842975,1.05689877454,3.54545454545,0.499047619048,0.4,8,0.0484848484848,0.255555555556,11,11,11,1,0,0.0909090909091,0.636363636364,0.272727272727,11,0.118181818182,3.72727272727,2.36363636364,1.3,1.625,1.43336856898,0.6064251638,0.286713286713,0.603022689156,0.510249967747,0.237762237762,1.40129809949,1.18571377649,0.503496503497,2.05382127221,0.551025219373,7,3.72727272727,2.05382127221,7,0,0,0,0,0.22962962963,11,11,11,1,0,0.0909090909091,0.636363636364,0.272727272727,11,17,0.154545454545,3.17727272727,3.09090909091,1.7,2.125,1.30034960334,0.420701342257,0.208556149733,0.820199532265,0.530717344407,0.267379679144,1.57249078621,1.01749403814,0.513368983957,1.2536673475,0.394573414091,4.4,3.17727272727,1.2536673475,4.4,0.213333333333,0.153846153846,2,0.0121212121212,0.205555555556,11,11,11,1,0,0.0909090909091,0.636363636364,0.272727272727,-3,-0.0272727272727,0.133884297521,-0.545454545455,-0.3,-0.375,-0.389190409368,-0.0439221612377,-0.0368983957219,-0.347548883978,-0.111544284527,-0.0689839572193,-0.367518585835,-0.0495111164884,-0.0229946524064,0.196768572961,0.0472964236795,0.854545454545,0.133884297521,0.196768572961,0.854545454545,-0.285714285714,-0.246153846154,-6,-0.0363636363636,-0.05,0,0,0,17,0,3,90,0.85,1,0,0.15,1,0.85,0.918918918919,0.906962317388,0.85,0.85,4,7,0,0,0,0
2747,WLNM_dir_neg,0.775510204082,0.468783597355,00:00:00,10,70,6,1177447055,threshold_sweep,0.2,1,0.571428571429,0.727272727273,4,0,3,14,0.571428571429,1,0,0.428571428571,1,0.571428571429,0.727272727273,0.857142857143,0.603174603175,0.64,0.68599434057,0.571428571429,20,13,7,0,20,0,13,0,7,11,20,0.181818181818,3.04338842975,3.63636363636,2,2.5,1.68954001271,0.464623503495,0.245454545455,1.16774841624,0.642261628933,0.336363636364,1.94000937205,1.06700515463,0.536363636364,1.05689877454,0.347276990411,3.54545454545,3.04338842975,1.05689877454,3.54545454545,0.499047619048,0.4,8,0.0484848484848,0.255555555556,11,11,11,1,0,0.0909090909091,0.636363636364,0.272727272727,11,0.118181818182,3.72727272727,2.36363636364,1.3,1.625,1.43336856898,0.6064251638,0.286713286713,0.603022689156,0.510249967747,0.237762237762,1.40129809949,1.18571377649,0.503496503497,2.05382127221,0.551025219373,7,3.72727272727,2.05382127221,7,0,0,0,0,0.22962962963,11,11,11,1,0,0.0909090909091,0.636363636364,0.272727272727,11,17,0.154545454545,3.17727272727,3.09090909091,1.7,2.125,1.30034960334,0.420701342257,0.208556149733,0.820199532265,0.530717344407,0.267379679144,1.57249078621,1.01749403814,0.513368983957,1.2536673475,0.394573414091,4.4,3.17727272727,1.2536673475,4.4,0.213333333333,0.153846153846,2,0.0121212121212,0.205555555556,11,11,11,1,0,0.0909090909091,0.636363636364,0.272727272727,-3,-0.0272727272727,0.133884297521,-0.545454545455,-0.3,-0.375,-0.389190409368,-0.0439221612377,-0.0368983957219,-0.347548883978,-0.111544284527,-0.0689839572193,-0.367518585835,-0.0495111164884,-0.0229946524064,0.196768572961,0.0472964236795,0.854545454545,0.133884297521,0.196768572961,0.854545454545,-0.285714285714,-0.246153846154,-6,-0.0363636363636,-0.05,0,0,0,17,0,3,90,0.85,1,0,0.15,1,0.85,0.918918918919,0.906962317388,0.85,0.85,4,7,0,0,0,0
2748,WLNM_dir_neg,0.775510204082,0.468783597355,00:00:00,10,70,6,1177447055,threshold_sweep,0.3,1,0.571428571429,0.727272727273,4,0,3,14,0.571428571429,1,0,0.428571428571,1,0.571428571429,0.727272727273,0.857142857143,0.603174603175,0.64,0.68599434057,0.571428571429,20,13,7,0,20,0,13,0,7,11,20,0.181818181818,3.04338842975,3.63636363636,2,2.5,1.68954001271,0.464623503495,0.245454545455,1.16774841624,0.642261628933,0.336363636364,1.94000937205,1.06700515463,0.536363636364,1.05689877454,0.347276990411,3.54545454545,3.04338842975,1.05689877454,3.54545454545,0.499047619048,0.4,8,0.0484848484848,0.255555555556,11,11,11,1,0,0.0909090909091,0.636363636364,0.272727272727,11,0.118181818182,3.72727272727,2.36363636364,1.3,1.625,1.43336856898,0.6064251638,0.286713286713,0.603022689156,0.510249967747,0.237762237762,1.40129809949,1.18571377649,0.503496503497,2.05382127221,0.551025219373,7,3.72727272727,2.05382127221,7,0,0,0,0,0.22962962963,11,11,11,1,0,0.0909090909091,0.636363636364,0.272727272727,11,17,0.154545454545,3.17727272727,3.09090909091,1.7,2.125,1.30034960334,0.420701342257,0.208556149733,0.820199532265,0.530717344407,0.267379679144,1.57249078621,1.01749403814,0.513368983957,1.2536673475,0.394573414091,4.4,3.17727272727,1.2536673475,4.4,0.213333333333,0.153846153846,2,0.0121212121212,0.205555555556,11,11,11,1,0,0.0909090909091,0.636363636364,0.272727272727,-3,-0.0272727272727,0.133884297521,-0.545454545455,-0.3,-0.375,-0.389190409368,-0.0439221612377,-0.0368983957219,-0.347548883978,-0.111544284527,-0.0689839572193,-0.367518585835,-0.0495111164884,-0.0229946524064,0.196768572961,0.0472964236795,0.854545454545,0.133884297521,0.196768572961,0.854545454545,-0.285714285714,-0.246153846154,-6,-0.0363636363636,-0.05,0,0,0,17,0,3,90,0.85,1,0,0.15,1,0.85,0.918918918919,0.906962317388,0.85,0.85,4,7,0,0,0,0
2749,WLNM_dir_neg,0.775510204082,0.468783597355,00:00:00,10,70,6,1177447055,threshold_sweep,0.4,1,0.571428571429,0.727272727273,4,0,3,14,0.571428571429,1,0,0.428571428571,1,0.571428571429,0.727272727273,0.857142857143,0.603174603175,0.64,0.68599434057,0.571428571429,20,13,7,0,20,0,13,0,7,11,20,0.181818181818,3.04338842975,3.63636363636,2,2.5,1.68954001271,0.464623503495,0.245454545455,1.16774841624,0.642261628933,0.336363636364,1.94000937205,1.06700515463,0.536363636364,1.05689877454,0.347276990411,3.54545454545,3.04338842975,1.05689877454,3.54545454545,0.499047619048,0.4,8,0.0484848484848,0.255555555556,11,11,11,1,0,0.0909090909091,0.636363636364,0.272727272727,11,0.118181818182,3.72727272727,2.36363636364,1.3,1.625,1.43336856898,0.6064251638,0.286713286713,0.603022689156,0.510249967747,0.237762237762,1.40129809949,1.18571377649,0.503496503497,2.05382127221,0.551025219373,7,3.72727272727,2.05382127221,7,0,0,0,0,0.22962962963,11,11,11,1,0,0.0909090909091,0.636363636364,0.272727272727,11,17,0.154545454545,3.17727272727,3.09090909091,1.7,2.125,1.30034960334,0.420701342257,0.208556149733,0.820199532265,0.530717344407,0.267379679144,1.57249078621,1.01749403814,0.513368983957,1.2536673475,0.394573414091,4.4,3.17727272727,1.2536673475,4.4,0.213333333333,0.153846153846,2,0.0121212121212,0.205555555556,11,11,11,1,0,0.0909090909091,0.636363636364,0.272727272727,-3,-0.0272727272727,0.133884297521,-0.545454545455,-0.3,-0.375,-0.389190409368,-0.0439221612377,-0.0368983957219,-0.347548883978,-0.111544284527,-0.0689839572193,-0.367518585835,-0.0495111164884,-0.0229946524064,0.196768572961,0.0472964236795,0.854545454545,0.133884297521,0.196768572961,0.854545454545,-0.285714285714,-0.246153846154,-6,-0.0363636363636,-0.05,0,0,0,17,0,3,90,0.85,1,0,0.15,1,0.85,0.918918918919,0.906962317388,0.85,0.85,4,7,0,0,0,0
2750,WLNM_dir_neg,0.775510204082,0.468783597355,00:00:00,10,70,6,1177447055,threshold_sweep,0.5,1,0.571428571429,0.727272727273,4,0,3,14,0.571428571429,1,0,0.428571428571,1,0.571428571429,0.727272727273,0.857142857143,0.603174603175,0.64,0.68599434057,0.571428571429,20,13,7,0,20,0,13,0,7,11,20,0.181818181818,3.04338842975,3.63636363636,2,2.5,1.68954001271,0.464623503495,0.245454545455,1.16774841624,0.642261628933,0.336363636364,1.94000937205,1.06700515463,0.536363636364,1.05689877454,0.347276990411,3.54545454545,3.04338842975,1.05689877454,3.54545454545,0.499047619048,0.4,8,0.0484848484848,0.255555555556,11,11,11,1,0,0.0909090909091,0.636363636364,0.272727272727,11,0.118181818182,3.72727272727,2.36363636364,1.3,1.625,1.43336856898,0.6064251638,0.286713286713,0.603022689156,0.510249967747,0.237762237762,1.40129809949,1.18571377649,0.503496503497,2.05382127221,0.551025219373,7,3.72727272727,2.05382127221,7,0,0,0,0,0.22962962963,11,11,11,1,0,0.0909090909091,0.636363636364,0.272727272727,11,17,0.154545454545,3.17727272727,3.09090909091,1.7,2.125,1.30034960334,0.420701342257,0.208556149733,0.820199532265,0.530717344407,0.267379679144,1.57249078621,1.01749403814,0.513368983957,1.2536673475,0.394573414091,4.4,3.17727272727,1.2536673475,4.4,0.213333333333,0.153846153846,2,0.0121212121212,0.205555555556,11,11,11,1,0,0.0909090909091,0.636363636364,0.272727272727,-3,-0.0272727272727,0.133884297521,-0.545454545455,-0.3,-0.375,-0.389190409368,-0.0439221612377,-0.0368983957219,-0.347548883978,-0.111544284527,-0.0689839572193,-0.367518585835,-0.0495111164884,-0.0229946524064,0.196768572961,0.0472964236795,0.854545454545,0.133884297521,0.196768572961,0.854545454545,-0.285714285714,-0.246153846154,-6,-0.0363636363636,-0.05,0,0,0,17,0,3,90,0.85,1,0,0.15,1,0.85,0.918918918919,0.906962317388,0.85,0.85,4,7,0,0,0,0
2751,WLNM_dir_neg,0.775510204082,0.468783597355,00:00:00,10,70,6,1177447055,threshold_sweep,0.6,1,0.571428571429,0.727272727273,4,0,3,14,0.571428571429,1,0,0.428571428571,1,0.571428571429,0.727272727273,0.857142857143,0.603174603175,0.64,0.68599434057,0.571428571429,20,13,7,0,20,0,13,0,7,11,20,0.181818181818,3.04338842975,3.63636363636,2,2.5,1.68954001271,0.464623503495,0.245454545455,1.16774841624,0.642261628933,0.336363636364,1.94000937205,1.06700515463,0.536363636364,1.05689877454,0.347276990411,3.54545454545,3.04338842975,1.05689877454,3.54545454545,0.499047619048,0.4,8,0.0484848484848,0.255555555556,11,11,11,1,0,0.0909090909091,0.636363636364,0.272727272727,11,0.118181818182,3.72727272727,2.36363636364,1.3,1.625,1.43336856898,0.6064251638,0.286713286713,0.603022689156,0.510249967747,0.237762237762,1.40129809949,1.18571377649,0.503496503497,2.05382127221,0.551025219373,7,3.72727272727,2.05382127221,7,0,0,0,0,0.22962962963,11,11,11,1,0,0.0909090909091,0.636363636364,0.272727272727,11,17,0.154545454545,3.17727272727,3.09090909091,1.7,2.125,1.30034960334,0.420701342257,0.208556149733,0.820199532265,0.530717344407,0.267379679144,1.57249078621,1.01749403814,0.513368983957,1.2536673475,0.394573414091,4.4,3.17727272727,1.2536673475,4.4,0.213333333333,0.153846153846,2,0.0121212121212,0.205555555556,11,11,11,1,0,0.0909090909091,0.636363636364,0.272727272727,-3,-0.0272727272727,0.133884297521,-0.545454545455,-0.3,-0.375,-0.389190409368,-0.0439221612377,-0.0368983957219,-0.347548883978,-0.111544284527,-0.0689839572193,-0.367518585835,-0.0495111164884,-0.0229946524064,0.196768572961,0.0472964236795,0.854545454545,0.133884297521,0.196768572961,0.854545454545,-0.285714285714,-0.246153846154,-6,-0.0363636363636,-0.05,0,0,0,17,0,3,90,0.85,1,0,0.15,1,0.85,0.918918918919,0.906962317388,0.85,0.85,4,7,0,0,0,0
2752,WLNM_dir_neg,0.775510204082,0.468783597355,00:00:00,10,70,6,1177447055,threshold_sweep,0.7,1,0.571428571429,0.727272727273,4,0,3,14,0.571428571429,1,0,0.428571428571,1,0.571428571429,0.727272727273,0.857142857143,0.603174603175,0.64,0.68599434057,0.571428571429,20,13,7,0,20,0,13,0,7,11,20,0.181818181818,3.04338842975,3.63636363636,2,2.5,1.68954001271,0.464623503495,0.245454545455,1.16774841624,0.642261628933,0.336363636364,1.94000937205,1.06700515463,0.536363636364,1.05689877454,0.347276990411,3.54545454545,3.04338842975,1.05689877454,3.54545454545,0.499047619048,0.4,8,0.0484848484848,0.255555555556,11,11,11,1,0,0.0909090909091,0.636363636364,0.272727272727,11,0.118181818182,3.72727272727,2.36363636364,1.3,1.625,1.43336856898,0.6064251638,0.286713286713,0.603022689156,0.510249967747,0.237762237762,1.40129809949,1.18571377649,0.503496503497,2.05382127221,0.551025219373,7,3.72727272727,2.05382127221,7,0,0,0,0,0.22962962963,11,11,11,1,0,0.0909090909091,0.636363636364,0.272727272727,11,17,0.154545454545,3.17727272727,3.09090909091,1.7,2.125,1.30034960334,0.420701342257,0.208556149733,0.820199532265,0.530717344407,0.267379679144,1.57249078621,1.01749403814,0.513368983957,1.2536673475,0.394573414091,4.4,3.17727272727,1.2536673475,4.4,0.213333333333,0.153846153846,2,0.0121212121212,0.205555555556,11,11,11,1,0,0.0909090909091,0.636363636364,0.272727272727,-3,-0.0272727272727,0.133884297521,-0.545454545455,-0.3,-0.375,-0.389190409368,-0.0439221612377,-0.0368983957219,-0.347548883978,-0.111544284527,-0.0689839572193,-0.367518585835,-0.0495111164884,-0.0229946524064,0.196768572961,0.0472964236795,0.854545454545,0.133884297521,0.196768572961,0.854545454545,-0.285714285714,-0.246153846154,-6,-0.0363636363636,-0.05,0,0,0,17,0,3,90,0.85,1,0,0.15,1,0.85,0.918918918919,0.906962317388,0.85,0.85,4,7,0,0,0,0
2753,WLNM_dir_neg,0.775510204082,0.468783597355,00:00:00,10,70,6,1177447055,threshold_sweep,0.8,1,0.571428571429,0.727272727273,4,0,3,14,0.571428571429,1,0,0.428571428571,1,0.571428571429,0.727272727273,0.857142857143,0.603174603175,0.64,0.68599434057,0.571428571429,20,13,7,0,20,0,13,0,7,11,20,0.181818181818,3.04338842975,3.63636363636,2,2.5,1.68954001271,0.464623503495,0.245454545455,1.16774841624,0.642261628933,0.336363636364,1.94000937205,1.06700515463,0.536363636364,1.05689877454,0.347276990411,3.54545454545,3.04338842975,1.05689877454,3.54545454545,0.499047619048,0.4,8,0.0484848484848,0.255555555556,11,11,11,1,0,0.0909090909091,0.636363636364,0.272727272727,11,0.118181818182,3.72727272727,2.36363636364,1.3,1.625,1.43336856898,0.6064251638,0.286713286713,0.603022689156,0.510249967747,0.237762237762,1.40129809949,1.18571377649,0.503496503497,2.05382127221,0.551025219373,7,3.72727272727,2.05382127221,7,0,0,0,0,0.22962962963,11,11,11,1,0,0.0909090909091,0.636363636364,0.272727272727,11,17,0.154545454545,3.17727272727,3.09090909091,1.7,2.125,1.30034960334,0.420701342257,0.208556149733,0.820199532265,0.530717344407,0.267379679144,1.57249078621,1.01749403814,0.513368983957,1.2536673475,0.394573414091,4.4,3.17727272727,1.2536673475,4.4,0.213333333333,0.153846153846,2,0.0121212121212,0.205555555556,11,11,11,1,0,0.0909090909091,0.636363636364,0.272727272727,-3,-0.0272727272727,0.133884297521,-0.545454545455,-0.3,-0.375,-0.389190409368,-0.0439221612377,-0.0368983957219,-0.347548883978,-0.111544284527,-0.0689839572193,-0.367518585835,-0.0495111164884,-0.0229946524064,0.196768572961,0.0472964236795,0.854545454545,0.133884297521,0.196768572961,0.854545454545,-0.285714285714,-0.246153846154,-6,-0.0363636363636,-0.05,0,0,0,17,0,3,90,0.85,1,0,0.15,1,0.85,0.918918918919,0.906962317388,0.85,0.85,4,7,0,0,0,0
2754,WLNM_dir_neg,0.775510204082,0.468783597355,00:00:00,10,70,6,1177447055,threshold_sweep,0.9,1,0.571428571429,0.727272727273,4,0,3,14,0.571428571429,1,0,0.428571428571,1,0.571428571429,0.727272727273,0.857142857143,0.603174603175,0.64,0.68599434057,0.571428571429,20,13,7,0,20,0,13,0,7,11,20,0.181818181818,3.04338842975,3.63636363636,2,2.5,1.68954001271,0.464623503495,0.245454545455,1.16774841624,0.642261628933,0.336363636364,1.94000937205,1.06700515463,0.536363636364,1.05689877454,0.347276990411,3.54545454545,3.04338842975,1.05689877454,3.54545454545,0.499047619048,0.4,8,0.0484848484848,0.255555555556,11,11,11,1,0,0.0909090909091,0.636363636364,0.272727272727,11,0.118181818182,3.72727272727,2.36363636364,1.3,1.625,1.43336856898,0.6064251638,0.286713286713,0.603022689156,0.510249967747,0.237762237762,1.40129809949,1.18571377649,0.503496503497,2.05382127221,0.551025219373,7,3.72727272727,2.05382127221,7,0,0,0,0,0.22962962963,11,11,11,1,0,0.0909090909091,0.636363636364,0.272727272727,11,17,0.154545454545,3.17727272727,3.09090909091,1.7,2.125,1.30034960334,0.420701342257,0.208556149733,0.820199532265,0.530717344407,0.267379679144,1.57249078621,1.01749403814,0.513368983957,1.2536673475,0.394573414091,4.4,3.17727272727,1.2536673475,4.4,0.213333333333,0.153846153846,2,0.0121212121212,0.205555555556,11,11,11,1,0,0.0909090909091,0.636363636364,0.272727272727,-3,-0.0272727272727,0.133884297521,-0.545454545455,-0.3,-0.375,-0.389190409368,-0.0439221612377,-0.0368983957219,-0.347548883978,-0.111544284527,-0.0689839572193,-0.367518585835,-0.0495111164884,-0.0229946524064,0.196768572961,0.0472964236795,0.854545454545,0.133884297521,0.196768572961,0.854545454545,-0.285714285714,-0.246153846154,-6,-0.0363636363636,-0.05,0,0,0,17,0,3,90,0.85,1,0,0.15,1,0.85,0.918918918919,0.906962317388,0.85,0.85,4,7,0,0,0,0
2755,WLNM_dir_neg,0.765306122449,0.545705782313,00:00:00,10,70,7,1177447056,threshold_sweep,0.1,0.625,0.714285714286,0.666666666667,5,3,2,11,0.714285714286,0.785714285714,0.214285714286,0.285714285714,0.625,0.714285714286,0.666666666667,0.761904761905,0.539682539683,0.48275862069,0.485362671697,0.5,20,13,7,0,20,0,13,0,7,11,20,0.181818181818,3.04338842975,3.63636363636,2,2.5,1.68954001271,0.464623503495,0.245454545455,1.16774841624,0.642261628933,0.336363636364,1.94000937205,1.06700515463,0.536363636364,1.05689877454,0.347276990411,3.54545454545,3.04338842975,1.05689877454,3.54545454545,0.499047619048,0.4,8,0.0484848484848,0.255555555556,11,11,11,1,0,0.0909090909091,0.636363636364,0.272727272727,11,0.118181818182,3.72727272727,2.36363636364,1.3,1.625,1.43336856898,0.6064251638,0.286713286713,0.603022689156,0.510249967747,0.237762237762,1.40129809949,1.18571377649,0.503496503497,2.05382127221,0.551025219373,7,3.72727272727,2.05382127221,7,0,0,0,0,0.22962962963,11,11,11,1,0,0.0909090909091,0.636363636364,0.272727272727,11,21,0.190909090909,3.29446640316,3.81818181818,2.1,2.33333333333,1.53741222957,0.402655583935,0.212121212121,1.22102788294,0.639586033919,0.337662337662,1.578261414,0.826708359712,0.4329004329,1.33364475422,0.404813584665,4.10326086957,3.29446640316,1.33364475422,4.10326086957,0.496666666667,0.428571428571,9,0.0545454545455,0.219259259259,11,11,11,1,0,0.0909090909091,0.727272727273,0.181818181818,1,0.00909090909091,0.25107797341,0.181818181818,0.1,-0.166666666667,-0.152127783138,-0.0619679195596,-0.0333333333333,0.0532794666945,-0.00267559501399,0.0012987012987,-0.361747958052,-0.240296794914,-0.103463203463,0.276745979687,0.0575365942541,0.557806324111,0.25107797341,0.276745979687,0.557806324111,-0.00238095238095,0.0285714285714,1,0.00606060606061,-0.0362962962963,0,0.0909090909091,-0.0909090909091,18,3,2,87,0.9,0.966666666667,0.0333333333333,0.1,0.857142857143,0.9,0.878048780488,0.850518363956,0.866666666667,0.782608695652,8,7,0,0,0,0
2756,WLNM_dir_neg,0.765306122449,0.545705782313,00:00:00,10,70,7,1177447056,threshold_sweep,0.2,0.625,0.714285714286,0.666666666667,5,3,2,11,0.714285714286,0.785714285714,0.214285714286,0.285714285714,0.625,0.714285714286,0.666666666667,0.761904761905,0.539682539683,0.48275862069,0.485362671697,0.5,20,13,7,0,20,0,13,0,7,11,20,0.181818181818,3.04338842975,3.63636363636,2,2.5,1.68954001271,0.464623503495,0.245454545455,1.16774841624,0.642261628933,0.336363636364,1.94000937205,1.06700515463,0.536363636364,1.05689877454,0.347276990411,3.54545454545,3.04338842975,1.05689877454,3.54545454545,0.499047619048,0.4,8,0.0484848484848,0.255555555556,11,11,11,1,0,0.0909090909091,0.636363636364,0.272727272727,11,0.118181818182,3.72727272727,2.36363636364,1.3,1.625,1.43336856898,0.6064251638,0.286713286713,0.603022689156,0.510249967747,0.237762237762,1.40129809949,1.18571377649,0.503496503497,2.05382127221,0.551025219373,7,3.72727272727,2.05382127221,7,0,0,0,0,0.22962962963,11,11,11,1,0,0.0909090909091,0.636363636364,0.272727272727,11,21,0.190909090909,3.29446640316,3.81818181818,2.1,2.33333333333,1.53741222957,0.402655583935,0.212121212121,1.22102788294,0.639586033919,0.337662337662,1.578261414,0.826708359712,0.4329004329,1.33364475422,0.404813584665,4.10326086957,3.29446640316,1.33364475422,4.10326086957,0.496666666667,0.428571428571,9,0.0545454545455,0.219259259259,11,11,11,1,0,0.0909090909091,0.727272727273,0.181818181818,1,0.00909090909091,0.25107797341,0.181818181818,0.1,-0.166666666667,-0.152127783138,-0.0619679195596,-0.0333333333333,0.0532794666945,-0.00267559501399,0.0012987012987,-0.361747958052,-0.240296794914,-0.103463203463,0.276745979687,0.0575365942541,0.557806324111,0.25107797341,0.276745979687,0.557806324111,-0.00238095238095,0.0285714285714,1,0.00606060606061,-0.0362962962963,0,0.0909090909091,-0.0909090909091,18,3,2,87,0.9,0.966666666667,0.0333333333333,0.1,0.857142857143,0.9,0.878048780488,0.850518363956,0.866666666667,0.782608695652,8,7,0,0,0,0
2757,WLNM_dir_neg,0.765306122449,0.545705782313,00:00:00,10,70,7,1177447056,threshold_sweep,0.3,0.625,0.714285714286,0.666666666667,5,3,2,11,0.714285714286,0.785714285714,0.214285714286,0.285714285714,0.625,0.714285714286,0.666666666667,0.761904761905,0.539682539683,0.48275862069,0.485362671697,0.5,20,13,7,0,20,0,13,0,7,11,20,0.181818181818,3.04338842975,3.63636363636,2,2.5,1.68954001271,0.464623503495,0.245454545455,1.16774841624,0.642261628933,0.336363636364,1.94000937205,1.06700515463,0.536363636364,1.05689877454,0.347276990411,3.54545454545,3.04338842975,1.05689877454,3.54545454545,0.499047619048,0.4,8,0.0484848484848,0.255555555556,11,11,11,1,0,0.0909090909091,0.636363636364,0.272727272727,11,0.118181818182,3.72727272727,2.36363636364,1.3,1.625,1.43336856898,0.6064251638,0.286713286713,0.603022689156,0.510249967747,0.237762237762,1.40129809949,1.18571377649,0.503496503497,2.05382127221,0.551025219373,7,3.72727272727,2.05382127221,7,0,0,0,0,0.22962962963,11,11,11,1,0,0.0909090909091,0.636363636364,0.272727272727,11,21,0.190909090909,3.29446640316,3.81818181818,2.1,2.33333333333,1.53741222957,0.402655583935,0.212121212121,1.22102788294,0.639586033919,0.337662337662,1.578261414,0.826708359712,0.4329004329,1.33364475422,0.404813584665,4.10326086957,3.29446640316,1.33364475422,4.10326086957,0.496666666667,0.428571428571,9,0.0545454545455,0.219259259259,11,11,11,1,0,0.0909090909091,0.727272727273,0.181818181818,1,0.00909090909091,0.25107797341,0.181818181818,0.1,-0.166666666667,-0.152127783138,-0.0619679195596,-0.0333333333333,0.0532794666945,-0.00267559501399,0.0012987012987,-0.361747958052,-0.240296794914,-0.103463203463,0.276745979687,0.0575365942541,0.557806324111,0.25107797341,0.276745979687,0.557806324111,-0.00238095238095,0.0285714285714,1,0.00606060606061,-0.0362962962963,0,0.0909090909091,-0.0909090909091,18,3,2,87,0.9,0.966666666667,0.0333333333333,0.1,0.857142857143,0.9,0.878048780488,0.850518363956,0.866666666667,0.782608695652,8,7,0,0,0,0
2758,WLNM_dir_neg,0.765306122449,0.545705782313,00:00:00,10,70,7,1177447056,threshold_sweep,0.4,0.625,0.714285714286,0.666666666667,5,3,2,11,0.714285714286,0.785714285714,0.214285714286,0.285714285714,0.625,0.714285714286,0.666666666667,0.761904761905,0.539682539683,0.48275862069,0.485362671697,0.5,20,13,7,0,20,0,13,0,7,11,20,0.181818181818,3.04338842975,3.63636363636,2,2.5,1.68954001271,0.464623503495,0.245454545455,1.16774841624,0.642261628933,0.336363636364,1.94000937205,1.06700515463,0.536363636364,1.05689877454,0.347276990411,3.54545454545,3.04338842975,1.05689877454,3.54545454545,0.499047619048,0.4,8,0.0484848484848,0.255555555556,11,11,11,1,0,0.0909090909091,0.636363636364,0.272727272727,11,0.118181818182,3.72727272727,2.36363636364,1.3,1.625,1.43336856898,0.6064251638,0.286713286713,0.603022689156,0.510249967747,0.237762237762,1.40129809949,1.18571377649,0.503496503497,2.05382127221,0.551025219373,7,3.72727272727,2.05382127221,7,0,0,0,0,0.22962962963,11,11,11,1,0,0.0909090909091,0.636363636364,0.272727272727,11,21,0.190909090909,3.29446640316,3.81818181818,2.1,2.33333333333,1.53741222957,0.402655583935,0.212121212121,1.22102788294,0.639586033919,0.337662337662,1.578261414,0.826708359712,0.4329004329,1.33364475422,0.404813584665,4.10326086957,3.29446640316,1.33364475422,4.10326086957,0.496666666667,0.428571428571,9,0.0545454545455,0.219259259259,11,11,11,1,0,0.0909090909091,0.727272727273,0.181818181818,1,0.00909090909091,0.25107797341,0.181818181818,0.1,-0.166666666667,-0.152127783138,-0.0619679195596,-0.0333333333333,0.0532794666945,-0.00267559501399,0.0012987012987,-0.361747958052,-0.240296794914,-0.103463203463,0.276745979687,0.0575365942541,0.557806324111,0.25107797341,0.276745979687,0.557806324111,-0.00238095238095,0.0285714285714,1,0.00606060606061,-0.0362962962963,0,0.0909090909091,-0.0909090909091,18,3,2,87,0.9,0.966666666667,0.0333333333333,0.1,0.857142857143,0.9,0.878048780488,0.850518363956,0.866666666667,0.782608695652,8,7,0,0,0,0
2759,WLNM_dir_neg,0.765306122449,0.545705782313,00:00:00,10,70,7,1177447056,threshold_sweep,0.5,0.625,0.714285714286,0.666666666667,5,3,2,11,0.714285714286,0.785714285714,0.214285714286,0.285714285714,0.625,0.714285714286,0.666666666667,0.761904761905,0.539682539683,0.48275862069,0.485362671697,0.5,20,13,7,0,20,0,13,0,7,11,20,0.181818181818,3.04338842975,3.63636363636,2,2.5,1.68954001271,0.464623503495,0.245454545455,1.16774841624,0.642261628933,0.336363636364,1.94000937205,1.06700515463,0.536363636364,1.05689877454,0.347276990411,3.54545454545,3.04338842975,1.05689877454,3.54545454545,0.499047619048,0.4,8,0.0484848484848,0.255555555556,11,11,11,1,0,0.0909090909091,0.636363636364,0.272727272727,11,0.118181818182,3.72727272727,2.36363636364,1.3,1.625,1.43336856898,0.6064251638,0.286713286713,0.603022689156,0.510249967747,0.237762237762,1.40129809949,1.18571377649,0.503496503497,2.05382127221,0.551025219373,7,3.72727272727,2.05382127221,7,0,0,0,0,0.22962962963,11,11,11,1,0,0.0909090909091,0.636363636364,0.272727272727,11,21,0.190909090909,3.29446640316,3.81818181818,2.1,2.33333333333,1.53741222957,0.402655583935,0.212121212121,1.22102788294,0.639586033919,0.337662337662,1.578261414,0.826708359712,0.4329004329,1.33364475422,0.404813584665,4.10326086957,3.29446640316,1.33364475422,4.10326086957,0.496666666667,0.428571428571,9,0.0545454545455,0.219259259259,11,11,11,1,0,0.0909090909091,0.727272727273,0.181818181818,1,0.00909090909091,0.25107797341,0.181818181818,0.1,-0.166666666667,-0.152127783138,-0.0619679195596,-0.0333333333333,0.0532794666945,-0.00267559501399,0.0012987012987,-0.361747958052,-0.240296794914,-0.103463203463,0.276745979687,0.0575365942541,0.557806324111,0.25107797341,0.276745979687,0.557806324111,-0.00238095238095,0.0285714285714,1,0.00606060606061,-0.0362962962963,0,0.0909090909091,-0.0909090909091,18,3,2,87,0.9,0.966666666667,0.0333333333333,0.1,0.857142857143,0.9,0.878048780488,0.850518363956,0.866666666667,0.782608695652,8,7,0,0,0,0
2760,WLNM_dir_neg,0.765306122449,0.545705782313,00:00:00,10,70,7,1177447056,threshold_sweep,0.6,0.625,0.714285714286,0.666666666667,5,3,2,11,0.714285714286,0.785714285714,0.214285714286,0.285714285714,0.625,0.714285714286,0.666666666667,0.761904761905,0.539682539683,0.48275862069,0.485362671697,0.5,20,13,7,0,20,0,13,0,7,11,20,0.181818181818,3.04338842975,3.63636363636,2,2.5,1.68954001271,0.464623503495,0.245454545455,1.16774841624,0.642261628933,0.336363636364,1.94000937205,1.06700515463,0.536363636364,1.05689877454,0.347276990411,3.54545454545,3.04338842975,1.05689877454,3.54545454545,0.499047619048,0.4,8,0.0484848484848,0.255555555556,11,11,11,1,0,0.0909090909091,0.636363636364,0.272727272727,11,0.118181818182,3.72727272727,2.36363636364,1.3,1.625,1.43336856898,0.6064251638,0.286713286713,0.603022689156,0.510249967747,0.237762237762,1.40129809949,1.18571377649,0.503496503497,2.05382127221,0.551025219373,7,3.72727272727,2.05382127221,7,0,0,0,0,0.22962962963,11,11,11,1,0,0.0909090909091,0.636363636364,0.272727272727,11,21,0.190909090909,3.29446640316,3.81818181818,2.1,2.33333333333,1.53741222957,0.402655583935,0.212121212121,1.22102788294,0.639586033919,0.337662337662,1.578261414,0.826708359712,0.4329004329,1.33364475422,0.404813584665,4.10326086957,3.29446640316,1.33364475422,4.10326086957,0.496666666667,0.428571428571,9,0.0545454545455,0.219259259259,11,11,11,1,0,0.0909090909091,0.727272727273,0.181818181818,1,0.00909090909091,0.25107797341,0.181818181818,0.1,-0.166666666667,-0.152127783138,-0.0619679195596,-0.0333333333333,0.0532794666945,-0.00267559501399,0.0012987012987,-0.361747958052,-0.240296794914,-0.103463203463,0.276745979687,0.0575365942541,0.557806324111,0.25107797341,0.276745979687,0.557806324111,-0.00238095238095,0.0285714285714,1,0.00606060606061,-0.0362962962963,0,0.0909090909091,-0.0909090909091,18,3,2,87,0.9,0.966666666667,0.0333333333333,0.1,0.857142857143,0.9,0.878048780488,0.850518363956,0.866666666667,0.782608695652,8,7,0,0,0,0
2761,WLNM_dir_neg,0.765306122449,0.545705782313,00:00:00,10,70,7,1177447056,threshold_sweep,0.7,0.625,0.714285714286,0.666666666667,5,3,2,11,0.714285714286,0.785714285714,0.214285714286,0.285714285714,0.625,0.714285714286,0.666666666667,0.761904761905,0.539682539683,0.48275862069,0.485362671697,0.5,20,13,7,0,20,0,13,0,7,11,20,0.181818181818,3.04338842975,3.63636363636,2,2.5,1.68954001271,0.464623503495,0.245454545455,1.16774841624,0.642261628933,0.336363636364,1.94000937205,1.06700515463,0.536363636364,1.05689877454,0.347276990411,3.54545454545,3.04338842975,1.05689877454,3.54545454545,0.499047619048,0.4,8,0.0484848484848,0.255555555556,11,11,11,1,0,0.0909090909091,0.636363636364,0.272727272727,11,0.118181818182,3.72727272727,2.36363636364,1.3,1.625,1.43336856898,0.6064251638,0.286713286713,0.603022689156,0.510249967747,0.237762237762,1.40129809949,1.18571377649,0.503496503497,2.05382127221,0.551025219373,7,3.72727272727,2.05382127221,7,0,0,0,0,0.22962962963,11,11,11,1,0,0.0909090909091,0.636363636364,0.272727272727,11,21,0.190909090909,3.29446640316,3.81818181818,2.1,2.33333333333,1.53741222957,0.402655583935,0.212121212121,1.22102788294,0.639586033919,0.337662337662,1.578261414,0.826708359712,0.4329004329,1.33364475422,0.404813584665,4.10326086957,3.29446640316,1.33364475422,4.10326086957,0.496666666667,0.428571428571,9,0.0545454545455,0.219259259259,11,11,11,1,0,0.0909090909091,0.727272727273,0.181818181818,1,0.00909090909091,0.25107797341,0.181818181818,0.1,-0.166666666667,-0.152127783138,-0.0619679195596,-0.0333333333333,0.0532794666945,-0.00267559501399,0.0012987012987,-0.361747958052,-0.240296794914,-0.103463203463,0.276745979687,0.0575365942541,0.557806324111,0.25107797341,0.276745979687,0.557806324111,-0.00238095238095,0.0285714285714,1,0.00606060606061,-0.0362962962963,0,0.0909090909091,-0.0909090909091,18,3,2,87,0.9,0.966666666667,0.0333333333333,0.1,0.857142857143,0.9,0.878048780488,0.850518363956,0.866666666667,0.782608695652,8,7,0,0,0,0
2762,WLNM_dir_neg,0.765306122449,0.545705782313,00:00:00,10,70,7,1177447056,threshold_sweep,0.8,0.625,0.714285714286,0.666666666667,5,3,2,11,0.714285714286,0.785714285714,0.214285714286,0.285714285714,0.625,0.714285714286,0.666666666667,0.761904761905,0.539682539683,0.48275862069,0.485362671697,0.5,20,13,7,0,20,0,13,0,7,11,20,0.181818181818,3.04338842975,3.63636363636,2,2.5,1.68954001271,0.464623503495,0.245454545455,1.16774841624,0.642261628933,0.336363636364,1.94000937205,1.06700515463,0.536363636364,1.05689877454,0.347276990411,3.54545454545,3.04338842975,1.05689877454,3.54545454545,0.499047619048,0.4,8,0.0484848484848,0.255555555556,11,11,11,1,0,0.0909090909091,0.636363636364,0.272727272727,11,0.118181818182,3.72727272727,2.36363636364,1.3,1.625,1.43336856898,0.6064251638,0.286713286713,0.603022689156,0.510249967747,0.237762237762,1.40129809949,1.18571377649,0.503496503497,2.05382127221,0.551025219373,7,3.72727272727,2.05382127221,7,0,0,0,0,0.22962962963,11,11,11,1,0,0.0909090909091,0.636363636364,0.272727272727,11,21,0.190909090909,3.29446640316,3.81818181818,2.1,2.33333333333,1.53741222957,0.402655583935,0.212121212121,1.22102788294,0.639586033919,0.337662337662,1.578261414,0.826708359712,0.4329004329,1.33364475422,0.404813584665,4.10326086957,3.29446640316,1.33364475422,4.10326086957,0.496666666667,0.428571428571,9,0.0545454545455,0.219259259259,11,11,11,1,0,0.0909090909091,0.727272727273,0.181818181818,1,0.00909090909091,0.25107797341,0.181818181818,0.1,-0.166666666667,-0.152127783138,-0.0619679195596,-0.0333333333333,0.0532794666945,-0.00267559501399,0.0012987012987,-0.361747958052,-0.240296794914,-0.103463203463,0.276745979687,0.0575365942541,0.557806324111,0.25107797341,0.276745979687,0.557806324111,-0.00238095238095,0.0285714285714,1,0.00606060606061,-0.0362962962963,0,0.0909090909091,-0.0909090909091,18,3,2,87,0.9,0.966666666667,0.0333333333333,0.1,0.857142857143,0.9,0.878048780488,0.850518363956,0.866666666667,0.782608695652,8,7,0,0,0,0
2763,WLNM_dir_neg,0.765306122449,0.545705782313,00:00:00,10,70,7,1177447056,threshold_sweep,0.9,0.625,0.714285714286,0.666666666667,5,3,2,11,0.714285714286,0.785714285714,0.214285714286,0.285714285714,0.625,0.714285714286,0.666666666667,0.761904761905,0.539682539683,0.48275862069,0.485362671697,0.5,20,13,7,0,20,0,13,0,7,11,20,0.181818181818,3.04338842975,3.63636363636,2,2.5,1.68954001271,0.464623503495,0.245454545455,1.16774841624,0.642261628933,0.336363636364,1.94000937205,1.06700515463,0.536363636364,1.05689877454,0.347276990411,3.54545454545,3.04338842975,1.05689877454,3.54545454545,0.499047619048,0.4,8,0.0484848484848,0.255555555556,11,11,11,1,0,0.0909090909091,0.636363636364,0.272727272727,11,0.118181818182,3.72727272727,2.36363636364,1.3,1.625,1.43336856898,0.6064251638,0.286713286713,0.603022689156,0.510249967747,0.237762237762,1.40129809949,1.18571377649,0.503496503497,2.05382127221,0.551025219373,7,3.72727272727,2.05382127221,7,0,0,0,0,0.22962962963,11,11,11,1,0,0.0909090909091,0.636363636364,0.272727272727,11,21,0.190909090909,3.29446640316,3.81818181818,2.1,2.33333333333,1.53741222957,0.402655583935,0.212121212121,1.22102788294,0.639586033919,0.337662337662,1.578261414,0.826708359712,0.4329004329,1.33364475422,0.404813584665,4.10326086957,3.29446640316,1.33364475422,4.10326086957,0.496666666667,0.428571428571,9,0.0545454545455,0.219259259259,11,11,11,1,0,0.0909090909091,0.727272727273,0.181818181818,1,0.00909090909091,0.25107797341,0.181818181818,0.1,-0.166666666667,-0.152127783138,-0.0619679195596,-0.0333333333333,0.0532794666945,-0.00267559501399,0.0012987012987,-0.361747958052,-0.240296794914,-0.103463203463,0.276745979687,0.0575365942541,0.557806324111,0.25107797341,0.276745979687,0.557806324111,-0.00238095238095,0.0285714285714,1,0.00606060606061,-0.0362962962963,0,0.0909090909091,-0.0909090909091,18,3,2,87,0.9,0.966666666667,0.0333333333333,0.1,0.857142857143,0.9,0.878048780488,0.850518363956,0.866666666667,0.782608695652,8,7,0,0,0,0
2764,WLNM_dir_neg,0.867346938776,0.708291708292,00:00:00,10,70,8,1177447057,threshold_sweep,0.1,1,0.714285714286,0.833333333333,5,0,2,14,0.714285714286,1,0,0.285714285714,1,0.714285714286,0.833333333333,0.904761904762,0.587301587302,0.769230769231,0.790569415042,0.714285714286,20,13,7,0,20,0,13,0,7,11,20,0.181818181818,3.04338842975,3.63636363636,2,2.5,1.68954001271,0.464623503495,0.245454545455,1.16774841624,0.642261628933,0.336363636364,1.94000937205,1.06700515463,0.536363636364,1.05689877454,0.347276990411,3.54545454545,3.04338842975,1.05689877454,3.54545454545,0.499047619048,0.4,8,0.0484848484848,0.255555555556,11,11,11,1,0,0.0909090909091,0.636363636364,0.272727272727,11,0.118181818182,3.72727272727,2.36363636364,1.3,1.625,1.43336856898,0.6064251638,0.286713286713,0.603022689156,0.510249967747,0.237762237762,1.40129809949,1.18571377649,0.503496503497,2.05382127221,0.551025219373,7,3.72727272727,2.05382127221,7,0,0,0,0,0.22962962963,11,11,11,1,0,0.0909090909091,0.636363636364,0.272727272727,11,18,0.163636363636,3.11363636364,3.27272727273,1.8,2.25,1.42062726223,0.434080552347,0.227272727273,0.924416277737,0.564921058617,0.292929292929,1.68954001271,1.03249667443,0.525252525253,1.14353419474,0.367266456706,3.875,3.11363636364,1.14353419474,3.875,0.366666666667,0.266666666667,4,0.0242424242424,0.221111111111,11,11,11,1,0,0.0909090909091,0.636363636364,0.272727272727,-2,-0.0181818181818,0.0702479338843,-0.363636363636,-0.2,-0.25,-0.268912750482,-0.030542951148,-0.0181818181818,-0.243332138505,-0.0773405703161,-0.0434343434343,-0.250469359339,-0.0345084801933,-0.0111111111111,0.0866354202056,0.0199894662943,0.329545454545,0.0702479338843,0.0866354202056,0.329545454545,-0.132380952381,-0.133333333333,-4,-0.0242424242424,-0.0344444444444,0,0,0,18,0,2,90,0.9,1,0,0.1,1,0.9,0.947368421053,0.938314863257,0.9,0.9,5,7,0,0,0,0
2765,WLNM_dir_neg,0.867346938776,0.708291708292,00:00:00,10,70,8,1177447057,threshold_sweep,0.2,1,0.714285714286,0.833333333333,5,0,2,14,0.714285714286,1,0,0.285714285714,1,0.714285714286,0.833333333333,0.904761904762,0.587301587302,0.769230769231,0.790569415042,0.714285714286,20,13,7,0,20,0,13,0,7,11,20,0.181818181818,3.04338842975,3.63636363636,2,2.5,1.68954001271,0.464623503495,0.245454545455,1.16774841624,0.642261628933,0.336363636364,1.94000937205,1.06700515463,0.536363636364,1.05689877454,0.347276990411,3.54545454545,3.04338842975,1.05689877454,3.54545454545,0.499047619048,0.4,8,0.0484848484848,0.255555555556,11,11,11,1,0,0.0909090909091,0.636363636364,0.272727272727,11,0.118181818182,3.72727272727,2.36363636364,1.3,1.625,1.43336856898,0.6064251638,0.286713286713,0.603022689156,0.510249967747,0.237762237762,1.40129809949,1.18571377649,0.503496503497,2.05382127221,0.551025219373,7,3.72727272727,2.05382127221,7,0,0,0,0,0.22962962963,11,11,11,1,0,0.0909090909091,0.636363636364,0.272727272727,11,18,0.163636363636,3.11363636364,3.27272727273,1.8,2.25,1.42062726223,0.434080552347,0.227272727273,0.924416277737,0.564921058617,0.292929292929,1.68954001271,1.03249667443,0.525252525253,1.14353419474,0.367266456706,3.875,3.11363636364,1.14353419474,3.875,0.366666666667,0.266666666667,4,0.0242424242424,0.221111111111,11,11,11,1,0,0.0909090909091,0.636363636364,0.272727272727,-2,-0.0181818181818,0.0702479338843,-0.363636363636,-0.2,-0.25,-0.268912750482,-0.030542951148,-0.0181818181818,-0.243332138505,-0.0773405703161,-0.0434343434343,-0.250469359339,-0.0345084801933,-0.0111111111111,0.0866354202056,0.0199894662943,0.329545454545,0.0702479338843,0.0866354202056,0.329545454545,-0.132380952381,-0.133333333333,-4,-0.0242424242424,-0.0344444444444,0,0,0,18,0,2,90,0.9,1,0,0.1,1,0.9,0.947368421053,0.938314863257,0.9,0.9,5,7,0,0,0,0
2766,WLNM_dir_neg,0.867346938776,0.708291708292,00:00:00,10,70,8,1177447057,threshold_sweep,0.3,1,0.714285714286,0.833333333333,5,0,2,14,0.714285714286,1,0,0.285714285714,1,0.714285714286,0.833333333333,0.904761904762,0.587301587302,0.769230769231,0.790569415042,0.714285714286,20,13,7,0,20,0,13,0,7,11,20,0.181818181818,3.04338842975,3.63636363636,2,2.5,1.68954001271,0.464623503495,0.245454545455,1.16774841624,0.642261628933,0.336363636364,1.94000937205,1.06700515463,0.536363636364,1.05689877454,0.347276990411,3.54545454545,3.04338842975,1.05689877454,3.54545454545,0.499047619048,0.4,8,0.0484848484848,0.255555555556,11,11,11,1,0,0.0909090909091,0.636363636364,0.272727272727,11,0.118181818182,3.72727272727,2.36363636364,1.3,1.625,1.43336856898,0.6064251638,0.286713286713,0.603022689156,0.510249967747,0.237762237762,1.40129809949,1.18571377649,0.503496503497,2.05382127221,0.551025219373,7,3.72727272727,2.05382127221,7,0,0,0,0,0.22962962963,11,11,11,1,0,0.0909090909091,0.636363636364,0.272727272727,11,18,0.163636363636,3.11363636364,3.27272727273,1.8,2.25,1.42062726223,0.434080552347,0.227272727273,0.924416277737,0.564921058617,0.292929292929,1.68954001271,1.03249667443,0.525252525253,1.14353419474,0.367266456706,3.875,3.11363636364,1.14353419474,3.875,0.366666666667,0.266666666667,4,0.0242424242424,0.221111111111,11,11,11,1,0,0.0909090909091,0.636363636364,0.272727272727,-2,-0.0181818181818,0.0702479338843,-0.363636363636,-0.2,-0.25,-0.268912750482,-0.030542951148,-0.0181818181818,-0.243332138505,-0.0773405703161,-0.0434343434343,-0.250469359339,-0.0345084801933,-0.0111111111111,0.0866354202056,0.0199894662943,0.329545454545,0.0702479338843,0.0866354202056,0.329545454545,-0.132380952381,-0.133333333333,-4,-0.0242424242424,-0.0344444444444,0,0,0,18,0,2,90,0.9,1,0,0.1,1,0.9,0.947368421053,0.938314863257,0.9,0.9,5,7,0,0,0,0
2767,WLNM_dir_neg,0.867346938776,0.708291708292,00:00:00,10,70,8,1177447057,threshold_sweep,0.4,1,0.714285714286,0.833333333333,5,0,2,14,0.714285714286,1,0,0.285714285714,1,0.714285714286,0.833333333333,0.904761904762,0.587301587302,0.769230769231,0.790569415042,0.714285714286,20,13,7,0,20,0,13,0,7,11,20,0.181818181818,3.04338842975,3.63636363636,2,2.5,1.68954001271,0.464623503495,0.245454545455,1.16774841624,0.642261628933,0.336363636364,1.94000937205,1.06700515463,0.536363636364,1.05689877454,0.347276990411,3.54545454545,3.04338842975,1.05689877454,3.54545454545,0.499047619048,0.4,8,0.0484848484848,0.255555555556,11,11,11,1,0,0.0909090909091,0.636363636364,0.272727272727,11,0.118181818182,3.72727272727,2.36363636364,1.3,1.625,1.43336856898,0.6064251638,0.286713286713,0.603022689156,0.510249967747,0.237762237762,1.40129809949,1.18571377649,0.503496503497,2.05382127221,0.551025219373,7,3.72727272727,2.05382127221,7,0,0,0,0,0.22962962963,11,11,11,1,0,0.0909090909091,0.636363636364,0.272727272727,11,18,0.163636363636,3.11363636364,3.27272727273,1.8,2.25,1.42062726223,0.434080552347,0.227272727273,0.924416277737,0.564921058617,0.292929292929,1.68954001271,1.03249667443,0.525252525253,1.14353419474,0.367266456706,3.875,3.11363636364,1.14353419474,3.875,0.366666666667,0.266666666667,4,0.0242424242424,0.221111111111,11,11,11,1,0,0.0909090909091,0.636363636364,0.272727272727,-2,-0.0181818181818,0.0702479338843,-0.363636363636,-0.2,-0.25,-0.268912750482,-0.030542951148,-0.0181818181818,-0.243332138505,-0.0773405703161,-0.0434343434343,-0.250469359339,-0.0345084801933,-0.0111111111111,0.0866354202056,0.0199894662943,0.329545454545,0.0702479338843,0.0866354202056,0.329545454545,-0.132380952381,-0.133333333333,-4,-0.0242424242424,-0.0344444444444,0,0,0,18,0,2,90,0.9,1,0,0.1,1,0.9,0.947368421053,0.938314863257,0.9,0.9,5,7,0,0,0,0
2768,WLNM_dir_neg,0.867346938776,0.708291708292,00:00:00,10,70,8,1177447057,threshold_sweep,0.5,1,0.714285714286,0.833333333333,5,0,2,14,0.714285714286,1,0,0.285714285714,1,0.714285714286,0.833333333333,0.904761904762,0.587301587302,0.769230769231,0.790569415042,0.714285714286,20,13,7,0,20,0,13,0,7,11,20,0.181818181818,3.04338842975,3.63636363636,2,2.5,1.68954001271,0.464623503495,0.245454545455,1.16774841624,0.642261628933,0.336363636364,1.94000937205,1.06700515463,0.536363636364,1.05689877454,0.347276990411,3.54545454545,3.04338842975,1.05689877454,3.54545454545,0.499047619048,0.4,8,0.0484848484848,0.255555555556,11,11,11,1,0,0.0909090909091,0.636363636364,0.272727272727,11,0.118181818182,3.72727272727,2.36363636364,1.3,1.625,1.43336856898,0.6064251638,0.286713286713,0.603022689156,0.510249967747,0.237762237762,1.40129809949,1.18571377649,0.503496503497,2.05382127221,0.551025219373,7,3.72727272727,2.05382127221,7,0,0,0,0,0.22962962963,11,11,11,1,0,0.0909090909091,0.636363636364,0.272727272727,11,18,0.163636363636,3.11363636364,3.27272727273,1.8,2.25,1.42062726223,0.434080552347,0.227272727273,0.924416277737,0.564921058617,0.292929292929,1.68954001271,1.03249667443,0.525252525253,1.14353419474,0.367266456706,3.875,3.11363636364,1.14353419474,3.875,0.366666666667,0.266666666667,4,0.0242424242424,0.221111111111,11,11,11,1,0,0.0909090909091,0.636363636364,0.272727272727,-2,-0.0181818181818,0.0702479338843,-0.363636363636,-0.2,-0.25,-0.268912750482,-0.030542951148,-0.0181818181818,-0.243332138505,-0.0773405703161,-0.0434343434343,-0.250469359339,-0.0345084801933,-0.0111111111111,0.0866354202056,0.0199894662943,0.329545454545,0.0702479338843,0.0866354202056,0.329545454545,-0.132380952381,-0.133333333333,-4,-0.0242424242424,-0.0344444444444,0,0,0,18,0,2,90,0.9,1,0,0.1,1,0.9,0.947368421053,0.938314863257,0.9,0.9,5,7,0,0,0,0
2769,WLNM_dir_neg,0.867346938776,0.708291708292,00:00:00,10,70,8,1177447057,threshold_sweep,0.6,1,0.714285714286,0.833333333333,5,0,2,14,0.714285714286,1,0,0.285714285714,1,0.714285714286,0.833333333333,0.904761904762,0.587301587302,0.769230769231,0.790569415042,0.714285714286,20,13,7,0,20,0,13,0,7,11,20,0.181818181818,3.04338842975,3.63636363636,2,2.5,1.68954001271,0.464623503495,0.245454545455,1.16774841624,0.642261628933,0.336363636364,1.94000937205,1.06700515463,0.536363636364,1.05689877454,0.347276990411,3.54545454545,3.04338842975,1.05689877454,3.54545454545,0.499047619048,0.4,8,0.0484848484848,0.255555555556,11,11,11,1,0,0.0909090909091,0.636363636364,0.272727272727,11,0.118181818182,3.72727272727,2.36363636364,1.3,1.625,1.43336856898,0.6064251638,0.286713286713,0.603022689156,0.510249967747,0.237762237762,1.40129809949,1.18571377649,0.503496503497,2.05382127221,0.551025219373,7,3.72727272727,2.05382127221,7,0,0,0,0,0.22962962963,11,11,11,1,0,0.0909090909091,0.636363636364,0.272727272727,11,18,0.163636363636,3.11363636364,3.27272727273,1.8,2.25,1.42062726223,0.434080552347,0.227272727273,0.924416277737,0.564921058617,0.292929292929,1.68954001271,1.03249667443,0.525252525253,1.14353419474,0.367266456706,3.875,3.11363636364,1.14353419474,3.875,0.366666666667,0.266666666667,4,0.0242424242424,0.221111111111,11,11,11,1,0,0.0909090909091,0.636363636364,0.272727272727,-2,-0.0181818181818,0.0702479338843,-0.363636363636,-0.2,-0.25,-0.268912750482,-0.030542951148,-0.0181818181818,-0.243332138505,-0.0773405703161,-0.0434343434343,-0.250469359339,-0.0345084801933,-0.0111111111111,0.0866354202056,0.0199894662943,0.329545454545,0.0702479338843,0.0866354202056,0.329545454545,-0.132380952381,-0.133333333333,-4,-0.0242424242424,-0.0344444444444,0,0,0,18,0,2,90,0.9,1,0,0.1,1,0.9,0.947368421053,0.938314863257,0.9,0.9,5,7,0,0,0,0
2770,WLNM_dir_neg,0.867346938776,0.708291708292,00:00:00,10,70,8,1177447057,threshold_sweep,0.7,1,0.714285714286,0.833333333333,5,0,2,14,0.714285714286,1,0,0.285714285714,1,0.714285714286,0.833333333333,0.904761904762,0.587301587302,0.769230769231,0.790569415042,0.714285714286,20,13,7,0,20,0,13,0,7,11,20,0.181818181818,3.04338842975,3.63636363636,2,2.5,1.68954001271,0.464623503495,0.245454545455,1.16774841624,0.642261628933,0.336363636364,1.94000937205,1.06700515463,0.536363636364,1.05689877454,0.347276990411,3.54545454545,3.04338842975,1.05689877454,3.54545454545,0.499047619048,0.4,8,0.0484848484848,0.255555555556,11,11,11,1,0,0.0909090909091,0.636363636364,0.272727272727,11,0.118181818182,3.72727272727,2.36363636364,1.3,1.625,1.43336856898,0.6064251638,0.286713286713,0.603022689156,0.510249967747,0.237762237762,1.40129809949,1.18571377649,0.503496503497,2.05382127221,0.551025219373,7,3.72727272727,2.05382127221,7,0,0,0,0,0.22962962963,11,11,11,1,0,0.0909090909091,0.636363636364,0.272727272727,11,18,0.163636363636,3.11363636364,3.27272727273,1.8,2.25,1.42062726223,0.434080552347,0.227272727273,0.924416277737,0.564921058617,0.292929292929,1.68954001271,1.03249667443,0.525252525253,1.14353419474,0.367266456706,3.875,3.11363636364,1.14353419474,3.875,0.366666666667,0.266666666667,4,0.0242424242424,0.221111111111,11,11,11,1,0,0.0909090909091,0.636363636364,0.272727272727,-2,-0.0181818181818,0.0702479338843,-0.363636363636,-0.2,-0.25,-0.268912750482,-0.030542951148,-0.0181818181818,-0.243332138505,-0.0773405703161,-0.0434343434343,-0.250469359339,-0.0345084801933,-0.0111111111111,0.0866354202056,0.0199894662943,0.329545454545,0.0702479338843,0.0866354202056,0.329545454545,-0.132380952381,-0.133333333333,-4,-0.0242424242424,-0.0344444444444,0,0,0,18,0,2,90,0.9,1,0,0.1,1,0.9,0.947368421053,0.938314863257,0.9,0.9,5,7,0,0,0,0
2771,WLNM_dir_neg,0.867346938776,0.708291708292,00:00:00,10,70,8,1177447057,threshold_sweep,0.8,1,0.714285714286,0.833333333333,5,0,2,14,0.714285714286,1,0,0.285714285714,1,0.714285714286,0.833333333333,0.904761904762,0.587301587302,0.769230769231,0.790569415042,0.714285714286,20,13,7,0,20,0,13,0,7,11,20,0.181818181818,3.04338842975,3.63636363636,2,2.5,1.68954001271,0.464623503495,0.245454545455,1.16774841624,0.642261628933,0.336363636364,1.94000937205,1.06700515463,0.536363636364,1.05689877454,0.347276990411,3.54545454545,3.04338842975,1.05689877454,3.54545454545,0.499047619048,0.4,8,0.0484848484848,0.255555555556,11,11,11,1,0,0.0909090909091,0.636363636364,0.272727272727,11,0.118181818182,3.72727272727,2.36363636364,1.3,1.625,1.43336856898,0.6064251638,0.286713286713,0.603022689156,0.510249967747,0.237762237762,1.40129809949,1.18571377649,0.503496503497,2.05382127221,0.551025219373,7,3.72727272727,2.05382127221,7,0,0,0,0,0.22962962963,11,11,11,1,0,0.0909090909091,0.636363636364,0.272727272727,11,18,0.163636363636,3.11363636364,3.27272727273,1.8,2.25,1.42062726223,0.434080552347,0.227272727273,0.924416277737,0.564921058617,0.292929292929,1.68954001271,1.03249667443,0.525252525253,1.14353419474,0.367266456706,3.875,3.11363636364,1.14353419474,3.875,0.366666666667,0.266666666667,4,0.0242424242424,0.221111111111,11,11,11,1,0,0.0909090909091,0.636363636364,0.272727272727,-2,-0.0181818181818,0.0702479338843,-0.363636363636,-0.2,-0.25,-0.268912750482,-0.030542951148,-0.0181818181818,-0.243332138505,-0.0773405703161,-0.0434343434343,-0.250469359339,-0.0345084801933,-0.0111111111111,0.0866354202056,0.0199894662943,0.329545454545,0.0702479338843,0.0866354202056,0.329545454545,-0.132380952381,-0.133333333333,-4,-0.0242424242424,-0.0344444444444,0,0,0,18,0,2,90,0.9,1,0,0.1,1,0.9,0.947368421053,0.938314863257,0.9,0.9,5,7,0,0,0,0
2772,WLNM_dir_neg,0.867346938776,0.708291708292,00:00:00,10,70,8,1177447057,threshold_sweep,0.9,1,0.714285714286,0.833333333333,5,0,2,14,0.714285714286,1,0,0.285714285714,1,0.714285714286,0.833333333333,0.904761904762,0.587301587302,0.769230769231,0.790569415042,0.714285714286,20,13,7,0,20,0,13,0,7,11,20,0.181818181818,3.04338842975,3.63636363636,2,2.5,1.68954001271,0.464623503495,0.245454545455,1.16774841624,0.642261628933,0.336363636364,1.94000937205,1.06700515463,0.536363636364,1.05689877454,0.347276990411,3.54545454545,3.04338842975,1.05689877454,3.54545454545,0.499047619048,0.4,8,0.0484848484848,0.255555555556,11,11,11,1,0,0.0909090909091,0.636363636364,0.272727272727,11,0.118181818182,3.72727272727,2.36363636364,1.3,1.625,1.43336856898,0.6064251638,0.286713286713,0.603022689156,0.510249967747,0.237762237762,1.40129809949,1.18571377649,0.503496503497,2.05382127221,0.551025219373,7,3.72727272727,2.05382127221,7,0,0,0,0,0.22962962963,11,11,11,1,0,0.0909090909091,0.636363636364,0.272727272727,11,18,0.163636363636,3.11363636364,3.27272727273,1.8,2.25,1.42062726223,0.434080552347,0.227272727273,0.924416277737,0.564921058617,0.292929292929,1.68954001271,1.03249667443,0.525252525253,1.14353419474,0.367266456706,3.875,3.11363636364,1.14353419474,3.875,0.366666666667,0.266666666667,4,0.0242424242424,0.221111111111,11,11,11,1,0,0.0909090909091,0.636363636364,0.272727272727,-2,-0.0181818181818,0.0702479338843,-0.363636363636,-0.2,-0.25,-0.268912750482,-0.030542951148,-0.0181818181818,-0.243332138505,-0.0773405703161,-0.0434343434343,-0.250469359339,-0.0345084801933,-0.0111111111111,0.0866354202056,0.0199894662943,0.329545454545,0.0702479338843,0.0866354202056,0.329545454545,-0.132380952381,-0.133333333333,-4,-0.0242424242424,-0.0344444444444,0,0,0,18,0,2,90,0.9,1,0,0.1,1,0.9,0.947368421053,0.938314863257,0.9,0.9,5,7,0,0,0,0
2773,WLNM_dir_neg,0.816326530612,0.542853679934,00:00:00,10,70,9,1177447058,threshold_sweep,0.1,1,0.714285714286,0.833333333333,5,0,2,14,0.714285714286,1,0,0.285714285714,1,0.714285714286,0.833333333333,0.904761904762,0.587301587302,0.769230769231,0.790569415042,0.714285714286,20,13,7,0,20,0,13,0,7,11,20,0.181818181818,3.04338842975,3.63636363636,2,2.5,1.68954001271,0.464623503495,0.245454545455,1.16774841624,0.642261628933,0.336363636364,1.94000937205,1.06700515463,0.536363636364,1.05689877454,0.347276990411,3.54545454545,3.04338842975,1.05689877454,3.54545454545,0.499047619048,0.4,8,0.0484848484848,0.255555555556,11,11,11,1,0,0.0909090909091,0.636363636364,0.272727272727,11,0.118181818182,3.72727272727,2.36363636364,1.3,1.625,1.43336856898,0.6064251638,0.286713286713,0.603022689156,0.510249967747,0.237762237762,1.40129809949,1.18571377649,0.503496503497,2.05382127221,0.551025219373,7,3.72727272727,2.05382127221,7,0,0,0,0,0.22962962963,11,11,11,1,0,0.0909090909091,0.636363636364,0.272727272727,11,18,0.163636363636,3.11363636364,3.27272727273,1.8,2.25,1.42062726223,0.434080552347,0.227272727273,0.924416277737,0.564921058617,0.292929292929,1.68954001271,1.03249667443,0.525252525253,1.14353419474,0.367266456706,3.875,3.11363636364,1.14353419474,3.875,0.366666666667,0.266666666667,4,0.0242424242424,0.221111111111,11,11,11,1,0,0.0909090909091,0.636363636364,0.272727272727,-2,-0.0181818181818,0.0702479338843,-0.363636363636,-0.2,-0.25,-0.268912750482,-0.030542951148,-0.0181818181818,-0.243332138505,-0.0773405703161,-0.0434343434343,-0.250469359339,-0.0345084801933,-0.0111111111111,0.0866354202056,0.0199894662943,0.329545454545,0.0702479338843,0.0866354202056,0.329545454545,-0.132380952381,-0.133333333333,-4,-0.0242424242424,-0.0344444444444,0,0,0,18,0,2,90,0.9,1,0,0.1,1,0.9,0.947368421053,0.938314863257,0.9,0.9,5,7,0,0,0,0
2774,WLNM_dir_neg,0.816326530612,0.542853679934,00:00:00,10,70,9,1177447058,threshold_sweep,0.2,1,0.714285714286,0.833333333333,5,0,2,14,0.714285714286,1,0,0.285714285714,1,0.714285714286,0.833333333333,0.904761904762,0.587301587302,0.769230769231,0.790569415042,0.714285714286,20,13,7,0,20,0,13,0,7,11,20,0.181818181818,3.04338842975,3.63636363636,2,2.5,1.68954001271,0.464623503495,0.245454545455,1.16774841624,0.642261628933,0.336363636364,1.94000937205,1.06700515463,0.536363636364,1.05689877454,0.347276990411,3.54545454545,3.04338842975,1.05689877454,3.54545454545,0.499047619048,0.4,8,0.0484848484848,0.255555555556,11,11,11,1,0,0.0909090909091,0.636363636364,0.272727272727,11,0.118181818182,3.72727272727,2.36363636364,1.3,1.625,1.43336856898,0.6064251638,0.286713286713,0.603022689156,0.510249967747,0.237762237762,1.40129809949,1.18571377649,0.503496503497,2.05382127221,0.551025219373,7,3.72727272727,2.05382127221,7,0,0,0,0,0.22962962963,11,11,11,1,0,0.0909090909091,0.636363636364,0.272727272727,11,18,0.163636363636,3.11363636364,3.27272727273,1.8,2.25,1.42062726223,0.434080552347,0.227272727273,0.924416277737,0.564921058617,0.292929292929,1.68954001271,1.03249667443,0.525252525253,1.14353419474,0.367266456706,3.875,3.11363636364,1.14353419474,3.875,0.366666666667,0.266666666667,4,0.0242424242424,0.221111111111,11,11,11,1,0,0.0909090909091,0.636363636364,0.272727272727,-2,-0.0181818181818,0.0702479338843,-0.363636363636,-0.2,-0.25,-0.268912750482,-0.030542951148,-0.0181818181818,-0.243332138505,-0.0773405703161,-0.0434343434343,-0.250469359339,-0.0345084801933,-0.0111111111111,0.0866354202056,0.0199894662943,0.329545454545,0.0702479338843,0.0866354202056,0.329545454545,-0.132380952381,-0.133333333333,-4,-0.0242424242424,-0.0344444444444,0,0,0,18,0,2,90,0.9,1,0,0.1,1,0.9,0.947368421053,0.938314863257,0.9,0.9,5,7,0,0,0,0
2775,WLNM_dir_neg,0.816326530612,0.542853679934,00:00:00,10,70,9,1177447058,threshold_sweep,0.3,1,0.714285714286,0.833333333333,5,0,2,14,0.714285714286,1,0,0.285714285714,1,0.714285714286,0.833333333333,0.904761904762,0.587301587302,0.769230769231,0.790569415042,0.714285714286,20,13,7,0,20,0,13,0,7,11,20,0.181818181818,3.04338842975,3.63636363636,2,2.5,1.68954001271,0.464623503495,0.245454545455,1.16774841624,0.642261628933,0.336363636364,1.94000937205,1.06700515463,0.536363636364,1.05689877454,0.347276990411,3.54545454545,3.04338842975,1.05689877454,3.54545454545,0.499047619048,0.4,8,0.0484848484848,0.255555555556,11,11,11,1,0,0.0909090909091,0.636363636364,0.272727272727,11,0.118181818182,3.72727272727,2.36363636364,1.3,1.625,1.43336856898,0.6064251638,0.286713286713,0.603022689156,0.510249967747,0.237762237762,1.40129809949,1.18571377649,0.503496503497,2.05382127221,0.551025219373,7,3.72727272727,2.05382127221,7,0,0,0,0,0.22962962963,11,11,11,1,0,0.0909090909091,0.636363636364,0.272727272727,11,18,0.163636363636,3.11363636364,3.27272727273,1.8,2.25,1.42062726223,0.434080552347,0.227272727273,0.924416277737,0.564921058617,0.292929292929,1.68954001271,1.03249667443,0.525252525253,1.14353419474,0.367266456706,3.875,3.11363636364,1.14353419474,3.875,0.366666666667,0.266666666667,4,0.0242424242424,0.221111111111,11,11,11,1,0,0.0909090909091,0.636363636364,0.272727272727,-2,-0.0181818181818,0.0702479338843,-0.363636363636,-0.2,-0.25,-0.268912750482,-0.030542951148,-0.0181818181818,-0.243332138505,-0.0773405703161,-0.0434343434343,-0.250469359339,-0.0345084801933,-0.0111111111111,0.0866354202056,0.0199894662943,0.329545454545,0.0702479338843,0.0866354202056,0.329545454545,-0.132380952381,-0.133333333333,-4,-0.0242424242424,-0.0344444444444,0,0,0,18,0,2,90,0.9,1,0,0.1,1,0.9,0.947368421053,0.938314863257,0.9,0.9,5,7,0,0,0,0
2776,WLNM_dir_neg,0.816326530612,0.542853679934,00:00:00,10,70,9,1177447058,threshold_sweep,0.4,1,0.714285714286,0.833333333333,5,0,2,14,0.714285714286,1,0,0.285714285714,1,0.714285714286,0.833333333333,0.904761904762,0.587301587302,0.769230769231,0.790569415042,0.714285714286,20,13,7,0,20,0,13,0,7,11,20,0.181818181818,3.04338842975,3.63636363636,2,2.5,1.68954001271,0.464623503495,0.245454545455,1.16774841624,0.642261628933,0.336363636364,1.94000937205,1.06700515463,0.536363636364,1.05689877454,0.347276990411,3.54545454545,3.04338842975,1.05689877454,3.54545454545,0.499047619048,0.4,8,0.0484848484848,0.255555555556,11,11,11,1,0,0.0909090909091,0.636363636364,0.272727272727,11,0.118181818182,3.72727272727,2.36363636364,1.3,1.625,1.43336856898,0.6064251638,0.286713286713,0.603022689156,0.510249967747,0.237762237762,1.40129809949,1.18571377649,0.503496503497,2.05382127221,0.551025219373,7,3.72727272727,2.05382127221,7,0,0,0,0,0.22962962963,11,11,11,1,0,0.0909090909091,0.636363636364,0.272727272727,11,18,0.163636363636,3.11363636364,3.27272727273,1.8,2.25,1.42062726223,0.434080552347,0.227272727273,0.924416277737,0.564921058617,0.292929292929,1.68954001271,1.03249667443,0.525252525253,1.14353419474,0.367266456706,3.875,3.11363636364,1.14353419474,3.875,0.366666666667,0.266666666667,4,0.0242424242424,0.221111111111,11,11,11,1,0,0.0909090909091,0.636363636364,0.272727272727,-2,-0.0181818181818,0.0702479338843,-0.363636363636,-0.2,-0.25,-0.268912750482,-0.030542951148,-0.0181818181818,-0.243332138505,-0.0773405703161,-0.0434343434343,-0.250469359339,-0.0345084801933,-0.0111111111111,0.0866354202056,0.0199894662943,0.329545454545,0.0702479338843,0.0866354202056,0.329545454545,-0.132380952381,-0.133333333333,-4,-0.0242424242424,-0.0344444444444,0,0,0,18,0,2,90,0.9,1,0,0.1,1,0.9,0.947368421053,0.938314863257,0.9,0.9,5,7,0,0,0,0
2777,WLNM_dir_neg,0.816326530612,0.542853679934,00:00:00,10,70,9,1177447058,threshold_sweep,0.5,1,0.714285714286,0.833333333333,5,0,2,14,0.714285714286,1,0,0.285714285714,1,0.714285714286,0.833333333333,0.904761904762,0.587301587302,0.769230769231,0.790569415042,0.714285714286,20,13,7,0,20,0,13,0,7,11,20,0.181818181818,3.04338842975,3.63636363636,2,2.5,1.68954001271,0.464623503495,0.245454545455,1.16774841624,0.642261628933,0.336363636364,1.94000937205,1.06700515463,0.536363636364,1.05689877454,0.347276990411,3.54545454545,3.04338842975,1.05689877454,3.54545454545,0.499047619048,0.4,8,0.0484848484848,0.255555555556,11,11,11,1,0,0.0909090909091,0.636363636364,0.272727272727,11,0.118181818182,3.72727272727,2.36363636364,1.3,1.625,1.43336856898,0.6064251638,0.286713286713,0.603022689156,0.510249967747,0.237762237762,1.40129809949,1.18571377649,0.503496503497,2.05382127221,0.551025219373,7,3.72727272727,2.05382127221,7,0,0,0,0,0.22962962963,11,11,11,1,0,0.0909090909091,0.636363636364,0.272727272727,11,18,0.163636363636,3.11363636364,3.27272727273,1.8,2.25,1.42062726223,0.434080552347,0.227272727273,0.924416277737,0.564921058617,0.292929292929,1.68954001271,1.03249667443,0.525252525253,1.14353419474,0.367266456706,3.875,3.11363636364,1.14353419474,3.875,0.366666666667,0.266666666667,4,0.0242424242424,0.221111111111,11,11,11,1,0,0.0909090909091,0.636363636364,0.272727272727,-2,-0.0181818181818,0.0702479338843,-0.363636363636,-0.2,-0.25,-0.268912750482,-0.030542951148,-0.0181818181818,-0.243332138505,-0.0773405703161,-0.0434343434343,-0.250469359339,-0.0345084801933,-0.0111111111111,0.0866354202056,0.0199894662943,0.329545454545,0.0702479338843,0.0866354202056,0.329545454545,-0.132380952381,-0.133333333333,-4,-0.0242424242424,-0.0344444444444,0,0,0,18,0,2,90,0.9,1,0,0.1,1,0.9,0.947368421053,0.938314863257,0.9,0.9,5,7,0,0,0,0
2778,WLNM_dir_neg,0.816326530612,0.542853679934,00:00:00,10,70,9,1177447058,threshold_sweep,0.6,1,0.571428571429,0.727272727273,4,0,3,14,0.571428571429,1,0,0.428571428571,1,0.571428571429,0.727272727273,0.857142857143,0.603174603175,0.64,0.68599434057,0.571428571429,20,13,7,0,20,0,13,0,7,11,20,0.181818181818,3.04338842975,3.63636363636,2,2.5,1.68954001271,0.464623503495,0.245454545455,1.16774841624,0.642261628933,0.336363636364,1.94000937205,1.06700515463,0.536363636364,1.05689877454,0.347276990411,3.54545454545,3.04338842975,1.05689877454,3.54545454545,0.499047619048,0.4,8,0.0484848484848,0.255555555556,11,11,11,1,0,0.0909090909091,0.636363636364,0.272727272727,11,0.118181818182,3.72727272727,2.36363636364,1.3,1.625,1.43336856898,0.6064251638,0.286713286713,0.603022689156,0.510249967747,0.237762237762,1.40129809949,1.18571377649,0.503496503497,2.05382127221,0.551025219373,7,3.72727272727,2.05382127221,7,0,0,0,0,0.22962962963,11,11,11,1,0,0.0909090909091,0.636363636364,0.272727272727,11,17,0.154545454545,3.17727272727,3.09090909091,1.7,2.125,1.30034960334,0.420701342257,0.208556149733,0.820199532265,0.530717344407,0.267379679144,1.57249078621,1.01749403814,0.513368983957,1.2536673475,0.394573414091,4.4,3.17727272727,1.2536673475,4.4,0.213333333333,0.153846153846,2,0.0121212121212,0.205555555556,11,11,11,1,0,0.0909090909091,0.636363636364,0.272727272727,-3,-0.0272727272727,0.133884297521,-0.545454545455,-0.3,-0.375,-0.389190409368,-0.0439221612377,-0.0368983957219,-0.347548883978,-0.111544284527,-0.0689839572193,-0.367518585835,-0.0495111164884,-0.0229946524064,0.196768572961,0.0472964236795,0.854545454545,0.133884297521,0.196768572961,0.854545454545,-0.285714285714,-0.246153846154,-6,-0.0363636363636,-0.05,0,0,0,17,0,3,90,0.85,1,0,0.15,1,0.85,0.918918918919,0.906962317388,0.85,0.85,4,7,0,0,0,0
2779,WLNM_dir_neg,0.816326530612,0.542853679934,00:00:00,10,70,9,1177447058,threshold_sweep,0.7,1,0.571428571429,0.727272727273,4,0,3,14,0.571428571429,1,0,0.428571428571,1,0.571428571429,0.727272727273,0.857142857143,0.603174603175,0.64,0.68599434057,0.571428571429,20,13,7,0,20,0,13,0,7,11,20,0.181818181818,3.04338842975,3.63636363636,2,2.5,1.68954001271,0.464623503495,0.245454545455,1.16774841624,0.642261628933,0.336363636364,1.94000937205,1.06700515463,0.536363636364,1.05689877454,0.347276990411,3.54545454545,3.04338842975,1.05689877454,3.54545454545,0.499047619048,0.4,8,0.0484848484848,0.255555555556,11,11,11,1,0,0.0909090909091,0.636363636364,0.272727272727,11,0.118181818182,3.72727272727,2.36363636364,1.3,1.625,1.43336856898,0.6064251638,0.286713286713,0.603022689156,0.510249967747,0.237762237762,1.40129809949,1.18571377649,0.503496503497,2.05382127221,0.551025219373,7,3.72727272727,2.05382127221,7,0,0,0,0,0.22962962963,11,11,11,1,0,0.0909090909091,0.636363636364,0.272727272727,11,17,0.154545454545,3.17727272727,3.09090909091,1.7,2.125,1.30034960334,0.420701342257,0.208556149733,0.820199532265,0.530717344407,0.267379679144,1.57249078621,1.01749403814,0.513368983957,1.2536673475,0.394573414091,4.4,3.17727272727,1.2536673475,4.4,0.213333333333,0.153846153846,2,0.0121212121212,0.205555555556,11,11,11,1,0,0.0909090909091,0.636363636364,0.272727272727,-3,-0.0272727272727,0.133884297521,-0.545454545455,-0.3,-0.375,-0.389190409368,-0.0439221612377,-0.0368983957219,-0.347548883978,-0.111544284527,-0.0689839572193,-0.367518585835,-0.0495111164884,-0.0229946524064,0.196768572961,0.0472964236795,0.854545454545,0.133884297521,0.196768572961,0.854545454545,-0.285714285714,-0.246153846154,-6,-0.0363636363636,-0.05,0,0,0,17,0,3,90,0.85,1,0,0.15,1,0.85,0.918918918919,0.906962317388,0.85,0.85,4,7,0,0,0,0
2780,WLNM_dir_neg,0.816326530612,0.542853679934,00:00:00,10,70,9,1177447058,threshold_sweep,0.8,1,0.571428571429,0.727272727273,4,0,3,14,0.571428571429,1,0,0.428571428571,1,0.571428571429,0.727272727273,0.857142857143,0.603174603175,0.64,0.68599434057,0.571428571429,20,13,7,0,20,0,13,0,7,11,20,0.181818181818,3.04338842975,3.63636363636,2,2.5,1.68954001271,0.464623503495,0.245454545455,1.16774841624,0.642261628933,0.336363636364,1.94000937205,1.06700515463,0.536363636364,1.05689877454,0.347276990411,3.54545454545,3.04338842975,1.05689877454,3.54545454545,0.499047619048,0.4,8,0.0484848484848,0.255555555556,11,11,11,1,0,0.0909090909091,0.636363636364,0.272727272727,11,0.118181818182,3.72727272727,2.36363636364,1.3,1.625,1.43336856898,0.6064251638,0.286713286713,0.603022689156,0.510249967747,0.237762237762,1.40129809949,1.18571377649,0.503496503497,2.05382127221,0.551025219373,7,3.72727272727,2.05382127221,7,0,0,0,0,0.22962962963,11,11,11,1,0,0.0909090909091,0.636363636364,0.272727272727,11,17,0.154545454545,3.17727272727,3.09090909091,1.7,2.125,1.30034960334,0.420701342257,0.208556149733,0.820199532265,0.530717344407,0.267379679144,1.57249078621,1.01749403814,0.513368983957,1.2536673475,0.394573414091,4.4,3.17727272727,1.2536673475,4.4,0.213333333333,0.153846153846,2,0.0121212121212,0.205555555556,11,11,11,1,0,0.0909090909091,0.636363636364,0.272727272727,-3,-0.0272727272727,0.133884297521,-0.545454545455,-0.3,-0.375,-0.389190409368,-0.0439221612377,-0.0368983957219,-0.347548883978,-0.111544284527,-0.0689839572193,-0.367518585835,-0.0495111164884,-0.0229946524064,0.196768572961,0.0472964236795,0.854545454545,0.133884297521,0.196768572961,0.854545454545,-0.285714285714,-0.246153846154,-6,-0.0363636363636,-0.05,0,0,0,17,0,3,90,0.85,1,0,0.15,1,0.85,0.918918918919,0.906962317388,0.85,0.85,4,7,0,0,0,0
2781,WLNM_dir_neg,0.816326530612,0.542853679934,00:00:00,10,70,9,1177447058,threshold_sweep,0.9,1,0.571428571429,0.727272727273,4,0,3,14,0.571428571429,1,0,0.428571428571,1,0.571428571429,0.727272727273,0.857142857143,0.603174603175,0.64,0.68599434057,0.571428571429,20,13,7,0,20,0,13,0,7,11,20,0.181818181818,3.04338842975,3.63636363636,2,2.5,1.68954001271,0.464623503495,0.245454545455,1.16774841624,0.642261628933,0.336363636364,1.94000937205,1.06700515463,0.536363636364,1.05689877454,0.347276990411,3.54545454545,3.04338842975,1.05689877454,3.54545454545,0.499047619048,0.4,8,0.0484848484848,0.255555555556,11,11,11,1,0,0.0909090909091,0.636363636364,0.272727272727,11,0.118181818182,3.72727272727,2.36363636364,1.3,1.625,1.43336856898,0.6064251638,0.286713286713,0.603022689156,0.510249967747,0.237762237762,1.40129809949,1.18571377649,0.503496503497,2.05382127221,0.551025219373,7,3.72727272727,2.05382127221,7,0,0,0,0,0.22962962963,11,11,11,1,0,0.0909090909091,0.636363636364,0.272727272727,11,17,0.154545454545,3.17727272727,3.09090909091,1.7,2.125,1.30034960334,0.420701342257,0.208556149733,0.820199532265,0.530717344407,0.267379679144,1.57249078621,1.01749403814,0.513368983957,1.2536673475,0.394573414091,4.4,3.17727272727,1.2536673475,4.4,0.213333333333,0.153846153846,2,0.0121212121212,0.205555555556,11,11,11,1,0,0.0909090909091,0.636363636364,0.272727272727,-3,-0.0272727272727,0.133884297521,-0.545454545455,-0.3,-0.375,-0.389190409368,-0.0439221612377,-0.0368983957219,-0.347548883978,-0.111544284527,-0.0689839572193,-0.367518585835,-0.0495111164884,-0.0229946524064,0.196768572961,0.0472964236795,0.854545454545,0.133884297521,0.196768572961,0.854545454545,-0.285714285714,-0.246153846154,-6,-0.0363636363636,-0.05,0,0,0,17,0,3,90,0.85,1,0,0.15,1,0.85,0.918918918919,0.906962317388,0.85,0.85,4,7,0,0,0,0
2782,WLNM_dir_neg,0.84693877551,0.555245944532,00:00:00,10,70,10,1177447059,threshold_sweep,0.1,1,0.714285714286,0.833333333333,5,0,2,14,0.714285714286,1,0,0.285714285714,1,0.714285714286,0.833333333333,0.904761904762,0.587301587302,0.769230769231,0.790569415042,0.714285714286,20,13,7,0,20,0,13,0,7,11,20,0.181818181818,3.04338842975,3.63636363636,2,2.5,1.68954001271,0.464623503495,0.245454545455,1.16774841624,0.642261628933,0.336363636364,1.94000937205,1.06700515463,0.536363636364,1.05689877454,0.347276990411,3.54545454545,3.04338842975,1.05689877454,3.54545454545,0.499047619048,0.4,8,0.0484848484848,0.255555555556,11,11,11,1,0,0.0909090909091,0.636363636364,0.272727272727,11,0.118181818182,3.72727272727,2.36363636364,1.3,1.625,1.43336856898,0.6064251638,0.286713286713,0.603022689156,0.510249967747,0.237762237762,1.40129809949,1.18571377649,0.503496503497,2.05382127221,0.551025219373,7,3.72727272727,2.05382127221,7,0,0,0,0,0.22962962963,11,11,11,1,0,0.0909090909091,0.636363636364,0.272727272727,11,18,0.163636363636,3.11363636364,3.27272727273,1.8,2.25,1.42062726223,0.434080552347,0.227272727273,0.924416277737,0.564921058617,0.292929292929,1.68954001271,1.03249667443,0.525252525253,1.14353419474,0.367266456706,3.875,3.11363636364,1.14353419474,3.875,0.366666666667,0.266666666667,4,0.0242424242424,0.221111111111,11,11,11,1,0,0.0909090909091,0.636363636364,0.272727272727,-2,-0.0181818181818,0.0702479338843,-0.363636363636,-0.2,-0.25,-0.268912750482,-0.030542951148,-0.0181818181818,-0.243332138505,-0.0773405703161,-0.0434343434343,-0.250469359339,-0.0345084801933,-0.0111111111111,0.0866354202056,0.0199894662943,0.329545454545,0.0702479338843,0.0866354202056,0.329545454545,-0.132380952381,-0.133333333333,-4,-0.0242424242424,-0.0344444444444,0,0,0,18,0,2,90,0.9,1,0,0.1,1,0.9,0.947368421053,0.938314863257,0.9,0.9,5,7,0,0,0,0
2783,WLNM_dir_neg,0.84693877551,0.555245944532,00:00:00,10,70,10,1177447059,threshold_sweep,0.2,1,0.714285714286,0.833333333333,5,0,2,14,0.714285714286,1,0,0.285714285714,1,0.714285714286,0.833333333333,0.904761904762,0.587301587302,0.769230769231,0.790569415042,0.714285714286,20,13,7,0,20,0,13,0,7,11,20,0.181818181818,3.04338842975,3.63636363636,2,2.5,1.68954001271,0.464623503495,0.245454545455,1.16774841624,0.642261628933,0.336363636364,1.94000937205,1.06700515463,0.536363636364,1.05689877454,0.347276990411,3.54545454545,3.04338842975,1.05689877454,3.54545454545,0.499047619048,0.4,8,0.0484848484848,0.255555555556,11,11,11,1,0,0.0909090909091,0.636363636364,0.272727272727,11,0.118181818182,3.72727272727,2.36363636364,1.3,1.625,1.43336856898,0.6064251638,0.286713286713,0.603022689156,0.510249967747,0.237762237762,1.40129809949,1.18571377649,0.503496503497,2.05382127221,0.551025219373,7,3.72727272727,2.05382127221,7,0,0,0,0,0.22962962963,11,11,11,1,0,0.0909090909091,0.636363636364,0.272727272727,11,18,0.163636363636,3.11363636364,3.27272727273,1.8,2.25,1.42062726223,0.434080552347,0.227272727273,0.924416277737,0.564921058617,0.292929292929,1.68954001271,1.03249667443,0.525252525253,1.14353419474,0.367266456706,3.875,3.11363636364,1.14353419474,3.875,0.366666666667,0.266666666667,4,0.0242424242424,0.221111111111,11,11,11,1,0,0.0909090909091,0.636363636364,0.272727272727,-2,-0.0181818181818,0.0702479338843,-0.363636363636,-0.2,-0.25,-0.268912750482,-0.030542951148,-0.0181818181818,-0.243332138505,-0.0773405703161,-0.0434343434343,-0.250469359339,-0.0345084801933,-0.0111111111111,0.0866354202056,0.0199894662943,0.329545454545,0.0702479338843,0.0866354202056,0.329545454545,-0.132380952381,-0.133333333333,-4,-0.0242424242424,-0.0344444444444,0,0,0,18,0,2,90,0.9,1,0,0.1,1,0.9,0.947368421053,0.938314863257,0.9,0.9,5,7,0,0,0,0
2784,WLNM_dir_neg,0.84693877551,0.555245944532,00:00:00,10,70,10,1177447059,threshold_sweep,0.3,1,0.714285714286,0.833333333333,5,0,2,14,0.714285714286,1,0,0.285714285714,1,0.714285714286,0.833333333333,0.904761904762,0.587301587302,0.769230769231,0.790569415042,0.714285714286,20,13,7,0,20,0,13,0,7,11,20,0.181818181818,3.04338842975,3.63636363636,2,2.5,1.68954001271,0.464623503495,0.245454545455,1.16774841624,0.642261628933,0.336363636364,1.94000937205,1.06700515463,0.536363636364,1.05689877454,0.347276990411,3.54545454545,3.04338842975,1.05689877454,3.54545454545,0.499047619048,0.4,8,0.0484848484848,0.255555555556,11,11,11,1,0,0.0909090909091,0.636363636364,0.272727272727,11,0.118181818182,3.72727272727,2.36363636364,1.3,1.625,1.43336856898,0.6064251638,0.286713286713,0.603022689156,0.510249967747,0.237762237762,1.40129809949,1.18571377649,0.503496503497,2.05382127221,0.551025219373,7,3.72727272727,2.05382127221,7,0,0,0,0,0.22962962963,11,11,11,1,0,0.0909090909091,0.636363636364,0.272727272727,11,18,0.163636363636,3.11363636364,3.27272727273,1.8,2.25,1.42062726223,0.434080552347,0.227272727273,0.924416277737,0.564921058617,0.292929292929,1.68954001271,1.03249667443,0.525252525253,1.14353419474,0.367266456706,3.875,3.11363636364,1.14353419474,3.875,0.366666666667,0.266666666667,4,0.0242424242424,0.221111111111,11,11,11,1,0,0.0909090909091,0.636363636364,0.272727272727,-2,-0.0181818181818,0.0702479338843,-0.363636363636,-0.2,-0.25,-0.268912750482,-0.030542951148,-0.0181818181818,-0.243332138505,-0.0773405703161,-0.0434343434343,-0.250469359339,-0.0345084801933,-0.0111111111111,0.0866354202056,0.0199894662943,0.329545454545,0.0702479338843,0.0866354202056,0.329545454545,-0.132380952381,-0.133333333333,-4,-0.0242424242424,-0.0344444444444,0,0,0,18,0,2,90,0.9,1,0,0.1,1,0.9,0.947368421053,0.938314863257,0.9,0.9,5,7,0,0,0,0
2785,WLNM_dir_neg,0.84693877551,0.555245944532,00:00:00,10,70,10,1177447059,threshold_sweep,0.4,1,0.714285714286,0.833333333333,5,0,2,14,0.714285714286,1,0,0.285714285714,1,0.714285714286,0.833333333333,0.904761904762,0.587301587302,0.769230769231,0.790569415042,0.714285714286,20,13,7,0,20,0,13,0,7,11,20,0.181818181818,3.04338842975,3.63636363636,2,2.5,1.68954001271,0.464623503495,0.245454545455,1.16774841624,0.642261628933,0.336363636364,1.94000937205,1.06700515463,0.536363636364,1.05689877454,0.347276990411,3.54545454545,3.04338842975,1.05689877454,3.54545454545,0.499047619048,0.4,8,0.0484848484848,0.255555555556,11,11,11,1,0,0.0909090909091,0.636363636364,0.272727272727,11,0.118181818182,3.72727272727,2.36363636364,1.3,1.625,1.43336856898,0.6064251638,0.286713286713,0.603022689156,0.510249967747,0.237762237762,1.40129809949,1.18571377649,0.503496503497,2.05382127221,0.551025219373,7,3.72727272727,2.05382127221,7,0,0,0,0,0.22962962963,11,11,11,1,0,0.0909090909091,0.636363636364,0.272727272727,11,18,0.163636363636,3.11363636364,3.27272727273,1.8,2.25,1.42062726223,0.434080552347,0.227272727273,0.924416277737,0.564921058617,0.292929292929,1.68954001271,1.03249667443,0.525252525253,1.14353419474,0.367266456706,3.875,3.11363636364,1.14353419474,3.875,0.366666666667,0.266666666667,4,0.0242424242424,0.221111111111,11,11,11,1,0,0.0909090909091,0.636363636364,0.272727272727,-2,-0.0181818181818,0.0702479338843,-0.363636363636,-0.2,-0.25,-0.268912750482,-0.030542951148,-0.0181818181818,-0.243332138505,-0.0773405703161,-0.0434343434343,-0.250469359339,-0.0345084801933,-0.0111111111111,0.0866354202056,0.0199894662943,0.329545454545,0.0702479338843,0.0866354202056,0.329545454545,-0.132380952381,-0.133333333333,-4,-0.0242424242424,-0.0344444444444,0,0,0,18,0,2,90,0.9,1,0,0.1,1,0.9,0.947368421053,0.938314863257,0.9,0.9,5,7,0,0,0,0
2786,WLNM_dir_neg,0.84693877551,0.555245944532,00:00:00,10,70,10,1177447059,threshold_sweep,0.5,1,0.714285714286,0.833333333333,5,0,2,14,0.714285714286,1,0,0.285714285714,1,0.714285714286,0.833333333333,0.904761904762,0.587301587302,0.769230769231,0.790569415042,0.714285714286,20,13,7,0,20,0,13,0,7,11,20,0.181818181818,3.04338842975,3.63636363636,2,2.5,1.68954001271,0.464623503495,0.245454545455,1.16774841624,0.642261628933,0.336363636364,1.94000937205,1.06700515463,0.536363636364,1.05689877454,0.347276990411,3.54545454545,3.04338842975,1.05689877454,3.54545454545,0.499047619048,0.4,8,0.0484848484848,0.255555555556,11,11,11,1,0,0.0909090909091,0.636363636364,0.272727272727,11,0.118181818182,3.72727272727,2.36363636364,1.3,1.625,1.43336856898,0.6064251638,0.286713286713,0.603022689156,0.510249967747,0.237762237762,1.40129809949,1.18571377649,0.503496503497,2.05382127221,0.551025219373,7,3.72727272727,2.05382127221,7,0,0,0,0,0.22962962963,11,11,11,1,0,0.0909090909091,0.636363636364,0.272727272727,11,18,0.163636363636,3.11363636364,3.27272727273,1.8,2.25,1.42062726223,0.434080552347,0.227272727273,0.924416277737,0.564921058617,0.292929292929,1.68954001271,1.03249667443,0.525252525253,1.14353419474,0.367266456706,3.875,3.11363636364,1.14353419474,3.875,0.366666666667,0.266666666667,4,0.0242424242424,0.221111111111,11,11,11,1,0,0.0909090909091,0.636363636364,0.272727272727,-2,-0.0181818181818,0.0702479338843,-0.363636363636,-0.2,-0.25,-0.268912750482,-0.030542951148,-0.0181818181818,-0.243332138505,-0.0773405703161,-0.0434343434343,-0.250469359339,-0.0345084801933,-0.0111111111111,0.0866354202056,0.0199894662943,0.329545454545,0.0702479338843,0.0866354202056,0.329545454545,-0.132380952381,-0.133333333333,-4,-0.0242424242424,-0.0344444444444,0,0,0,18,0,2,90,0.9,1,0,0.1,1,0.9,0.947368421053,0.938314863257,0.9,0.9,5,7,0,0,0,0
2787,WLNM_dir_neg,0.84693877551,0.555245944532,00:00:00,10,70,10,1177447059,threshold_sweep,0.6,1,0.714285714286,0.833333333333,5,0,2,14,0.714285714286,1,0,0.285714285714,1,0.714285714286,0.833333333333,0.904761904762,0.587301587302,0.769230769231,0.790569415042,0.714285714286,20,13,7,0,20,0,13,0,7,11,20,0.181818181818,3.04338842975,3.63636363636,2,2.5,1.68954001271,0.464623503495,0.245454545455,1.16774841624,0.642261628933,0.336363636364,1.94000937205,1.06700515463,0.536363636364,1.05689877454,0.347276990411,3.54545454545,3.04338842975,1.05689877454,3.54545454545,0.499047619048,0.4,8,0.0484848484848,0.255555555556,11,11,11,1,0,0.0909090909091,0.636363636364,0.272727272727,11,0.118181818182,3.72727272727,2.36363636364,1.3,1.625,1.43336856898,0.6064251638,0.286713286713,0.603022689156,0.510249967747,0.237762237762,1.40129809949,1.18571377649,0.503496503497,2.05382127221,0.551025219373,7,3.72727272727,2.05382127221,7,0,0,0,0,0.22962962963,11,11,11,1,0,0.0909090909091,0.636363636364,0.272727272727,11,18,0.163636363636,3.11363636364,3.27272727273,1.8,2.25,1.42062726223,0.434080552347,0.227272727273,0.924416277737,0.564921058617,0.292929292929,1.68954001271,1.03249667443,0.525252525253,1.14353419474,0.367266456706,3.875,3.11363636364,1.14353419474,3.875,0.366666666667,0.266666666667,4,0.0242424242424,0.221111111111,11,11,11,1,0,0.0909090909091,0.636363636364,0.272727272727,-2,-0.0181818181818,0.0702479338843,-0.363636363636,-0.2,-0.25,-0.268912750482,-0.030542951148,-0.0181818181818,-0.243332138505,-0.0773405703161,-0.0434343434343,-0.250469359339,-0.0345084801933,-0.0111111111111,0.0866354202056,0.0199894662943,0.329545454545,0.0702479338843,0.0866354202056,0.329545454545,-0.132380952381,-0.133333333333,-4,-0.0242424242424,-0.0344444444444,0,0,0,18,0,2,90,0.9,1,0,0.1,1,0.9,0.947368421053,0.938314863257,0.9,0.9,5,7,0,0,0,0
2788,WLNM_dir_neg,0.84693877551,0.555245944532,00:00:00,10,70,10,1177447059,threshold_sweep,0.7,1,0.714285714286,0.833333333333,5,0,2,14,0.714285714286,1,0,0.285714285714,1,0.714285714286,0.833333333333,0.904761904762,0.587301587302,0.769230769231,0.790569415042,0.714285714286,20,13,7,0,20,0,13,0,7,11,20,0.181818181818,3.04338842975,3.63636363636,2,2.5,1.68954001271,0.464623503495,0.245454545455,1.16774841624,0.642261628933,0.336363636364,1.94000937205,1.06700515463,0.536363636364,1.05689877454,0.347276990411,3.54545454545,3.04338842975,1.05689877454,3.54545454545,0.499047619048,0.4,8,0.0484848484848,0.255555555556,11,11,11,1,0,0.0909090909091,0.636363636364,0.272727272727,11,0.118181818182,3.72727272727,2.36363636364,1.3,1.625,1.43336856898,0.6064251638,0.286713286713,0.603022689156,0.510249967747,0.237762237762,1.40129809949,1.18571377649,0.503496503497,2.05382127221,0.551025219373,7,3.72727272727,2.05382127221,7,0,0,0,0,0.22962962963,11,11,11,1,0,0.0909090909091,0.636363636364,0.272727272727,11,18,0.163636363636,3.11363636364,3.27272727273,1.8,2.25,1.42062726223,0.434080552347,0.227272727273,0.924416277737,0.564921058617,0.292929292929,1.68954001271,1.03249667443,0.525252525253,1.14353419474,0.367266456706,3.875,3.11363636364,1.14353419474,3.875,0.366666666667,0.266666666667,4,0.0242424242424,0.221111111111,11,11,11,1,0,0.0909090909091,0.636363636364,0.272727272727,-2,-0.0181818181818,0.0702479338843,-0.363636363636,-0.2,-0.25,-0.268912750482,-0.030542951148,-0.0181818181818,-0.243332138505,-0.0773405703161,-0.0434343434343,-0.250469359339,-0.0345084801933,-0.0111111111111,0.0866354202056,0.0199894662943,0.329545454545,0.0702479338843,0.0866354202056,0.329545454545,-0.132380952381,-0.133333333333,-4,-0.0242424242424,-0.0344444444444,0,0,0,18,0,2,90,0.9,1,0,0.1,1,0.9,0.947368421053,0.938314863257,0.9,0.9,5,7,0,0,0,0
2789,WLNM_dir_neg,0.84693877551,0.555245944532,00:00:00,10,70,10,1177447059,threshold_sweep,0.8,1,0.714285714286,0.833333333333,5,0,2,14,0.714285714286,1,0,0.285714285714,1,0.714285714286,0.833333333333,0.904761904762,0.587301587302,0.769230769231,0.790569415042,0.714285714286,20,13,7,0,20,0,13,0,7,11,20,0.181818181818,3.04338842975,3.63636363636,2,2.5,1.68954001271,0.464623503495,0.245454545455,1.16774841624,0.642261628933,0.336363636364,1.94000937205,1.06700515463,0.536363636364,1.05689877454,0.347276990411,3.54545454545,3.04338842975,1.05689877454,3.54545454545,0.499047619048,0.4,8,0.0484848484848,0.255555555556,11,11,11,1,0,0.0909090909091,0.636363636364,0.272727272727,11,0.118181818182,3.72727272727,2.36363636364,1.3,1.625,1.43336856898,0.6064251638,0.286713286713,0.603022689156,0.510249967747,0.237762237762,1.40129809949,1.18571377649,0.503496503497,2.05382127221,0.551025219373,7,3.72727272727,2.05382127221,7,0,0,0,0,0.22962962963,11,11,11,1,0,0.0909090909091,0.636363636364,0.272727272727,11,18,0.163636363636,3.11363636364,3.27272727273,1.8,2.25,1.42062726223,0.434080552347,0.227272727273,0.924416277737,0.564921058617,0.292929292929,1.68954001271,1.03249667443,0.525252525253,1.14353419474,0.367266456706,3.875,3.11363636364,1.14353419474,3.875,0.366666666667,0.266666666667,4,0.0242424242424,0.221111111111,11,11,11,1,0,0.0909090909091,0.636363636364,0.272727272727,-2,-0.0181818181818,0.0702479338843,-0.363636363636,-0.2,-0.25,-0.268912750482,-0.030542951148,-0.0181818181818,-0.243332138505,-0.0773405703161,-0.0434343434343,-0.250469359339,-0.0345084801933,-0.0111111111111,0.0866354202056,0.0199894662943,0.329545454545,0.0702479338843,0.0866354202056,0.329545454545,-0.132380952381,-0.133333333333,-4,-0.0242424242424,-0.0344444444444,0,0,0,18,0,2,90,0.9,1,0,0.1,1,0.9,0.947368421053,0.938314863257,0.9,0.9,5,7,0,0,0,0
2790,WLNM_dir_neg,0.84693877551,0.555245944532,00:00:00,10,70,10,1177447059,threshold_sweep,0.9,1,0.714285714286,0.833333333333,5,0,2,14,0.714285714286,1,0,0.285714285714,1,0.714285714286,0.833333333333,0.904761904762,0.587301587302,0.769230769231,0.790569415042,0.714285714286,20,13,7,0,20,0,13,0,7,11,20,0.181818181818,3.04338842975,3.63636363636,2,2.5,1.68954001271,0.464623503495,0.245454545455,1.16774841624,0.642261628933,0.336363636364,1.94000937205,1.06700515463,0.536363636364,1.05689877454,0.347276990411,3.54545454545,3.04338842975,1.05689877454,3.54545454545,0.499047619048,0.4,8,0.0484848484848,0.255555555556,11,11,11,1,0,0.0909090909091,0.636363636364,0.272727272727,11,0.118181818182,3.72727272727,2.36363636364,1.3,1.625,1.43336856898,0.6064251638,0.286713286713,0.603022689156,0.510249967747,0.237762237762,1.40129809949,1.18571377649,0.503496503497,2.05382127221,0.551025219373,7,3.72727272727,2.05382127221,7,0,0,0,0,0.22962962963,11,11,11,1,0,0.0909090909091,0.636363636364,0.272727272727,11,18,0.163636363636,3.11363636364,3.27272727273,1.8,2.25,1.42062726223,0.434080552347,0.227272727273,0.924416277737,0.564921058617,0.292929292929,1.68954001271,1.03249667443,0.525252525253,1.14353419474,0.367266456706,3.875,3.11363636364,1.14353419474,3.875,0.366666666667,0.266666666667,4,0.0242424242424,0.221111111111,11,11,11,1,0,0.0909090909091,0.636363636364,0.272727272727,-2,-0.0181818181818,0.0702479338843,-0.363636363636,-0.2,-0.25,-0.268912750482,-0.030542951148,-0.0181818181818,-0.243332138505,-0.0773405703161,-0.0434343434343,-0.250469359339,-0.0345084801933,-0.0111111111111,0.0866354202056,0.0199894662943,0.329545454545,0.0702479338843,0.0866354202056,0.329545454545,-0.132380952381,-0.133333333333,-4,-0.0242424242424,-0.0344444444444,0,0,0,18,0,2,90,0.9,1,0,0.1,1,0.9,0.947368421053,0.938314863257,0.9,0.9,5,7,0,0,0,0
2791,WLNM_dir_neg,0.826530612245,0.546477629513,00:00:00,10,70,11,1177447060,threshold_sweep,0.1,1,0.714285714286,0.833333333333,5,0,2,14,0.714285714286,1,0,0.285714285714,1,0.714285714286,0.833333333333,0.904761904762,0.587301587302,0.769230769231,0.790569415042,0.714285714286,20,13,7,0,20,0,13,0,7,11,20,0.181818181818,3.04338842975,3.63636363636,2,2.5,1.68954001271,0.464623503495,0.245454545455,1.16774841624,0.642261628933,0.336363636364,1.94000937205,1.06700515463,0.536363636364,1.05689877454,0.347276990411,3.54545454545,3.04338842975,1.05689877454,3.54545454545,0.499047619048,0.4,8,0.0484848484848,0.255555555556,11,11,11,1,0,0.0909090909091,0.636363636364,0.272727272727,11,0.118181818182,3.72727272727,2.36363636364,1.3,1.625,1.43336856898,0.6064251638,0.286713286713,0.603022689156,0.510249967747,0.237762237762,1.40129809949,1.18571377649,0.503496503497,2.05382127221,0.551025219373,7,3.72727272727,2.05382127221,7,0,0,0,0,0.22962962963,11,11,11,1,0,0.0909090909091,0.636363636364,0.272727272727,11,18,0.163636363636,3.11363636364,3.27272727273,1.8,2.25,1.42062726223,0.434080552347,0.227272727273,0.924416277737,0.564921058617,0.292929292929,1.68954001271,1.03249667443,0.525252525253,1.14353419474,0.367266456706,3.875,3.11363636364,1.14353419474,3.875,0.366666666667,0.266666666667,4,0.0242424242424,0.221111111111,11,11,11,1,0,0.0909090909091,0.636363636364,0.272727272727,-2,-0.0181818181818,0.0702479338843,-0.363636363636,-0.2,-0.25,-0.268912750482,-0.030542951148,-0.0181818181818,-0.243332138505,-0.0773405703161,-0.0434343434343,-0.250469359339,-0.0345084801933,-0.0111111111111,0.0866354202056,0.0199894662943,0.329545454545,0.0702479338843,0.0866354202056,0.329545454545,-0.132380952381,-0.133333333333,-4,-0.0242424242424,-0.0344444444444,0,0,0,18,0,2,90,0.9,1,0,0.1,1,0.9,0.947368421053,0.938314863257,0.9,0.9,5,7,0,0,0,0
2792,WLNM_dir_neg,0.826530612245,0.546477629513,00:00:00,10,70,11,1177447060,threshold_sweep,0.2,1,0.714285714286,0.833333333333,5,0,2,14,0.714285714286,1,0,0.285714285714,1,0.714285714286,0.833333333333,0.904761904762,0.587301587302,0.769230769231,0.790569415042,0.714285714286,20,13,7,0,20,0,13,0,7,11,20,0.181818181818,3.04338842975,3.63636363636,2,2.5,1.68954001271,0.464623503495,0.245454545455,1.16774841624,0.642261628933,0.336363636364,1.94000937205,1.06700515463,0.536363636364,1.05689877454,0.347276990411,3.54545454545,3.04338842975,1.05689877454,3.54545454545,0.499047619048,0.4,8,0.0484848484848,0.255555555556,11,11,11,1,0,0.0909090909091,0.636363636364,0.272727272727,11,0.118181818182,3.72727272727,2.36363636364,1.3,1.625,1.43336856898,0.6064251638,0.286713286713,0.603022689156,0.510249967747,0.237762237762,1.40129809949,1.18571377649,0.503496503497,2.05382127221,0.551025219373,7,3.72727272727,2.05382127221,7,0,0,0,0,0.22962962963,11,11,11,1,0,0.0909090909091,0.636363636364,0.272727272727,11,18,0.163636363636,3.11363636364,3.27272727273,1.8,2.25,1.42062726223,0.434080552347,0.227272727273,0.924416277737,0.564921058617,0.292929292929,1.68954001271,1.03249667443,0.525252525253,1.14353419474,0.367266456706,3.875,3.11363636364,1.14353419474,3.875,0.366666666667,0.266666666667,4,0.0242424242424,0.221111111111,11,11,11,1,0,0.0909090909091,0.636363636364,0.272727272727,-2,-0.0181818181818,0.0702479338843,-0.363636363636,-0.2,-0.25,-0.268912750482,-0.030542951148,-0.0181818181818,-0.243332138505,-0.0773405703161,-0.0434343434343,-0.250469359339,-0.0345084801933,-0.0111111111111,0.0866354202056,0.0199894662943,0.329545454545,0.0702479338843,0.0866354202056,0.329545454545,-0.132380952381,-0.133333333333,-4,-0.0242424242424,-0.0344444444444,0,0,0,18,0,2,90,0.9,1,0,0.1,1,0.9,0.947368421053,0.938314863257,0.9,0.9,5,7,0,0,0,0
2793,WLNM_dir_neg,0.826530612245,0.546477629513,00:00:00,10,70,11,1177447060,threshold_sweep,0.3,1,0.714285714286,0.833333333333,5,0,2,14,0.714285714286,1,0,0.285714285714,1,0.714285714286,0.833333333333,0.904761904762,0.587301587302,0.769230769231,0.790569415042,0.714285714286,20,13,7,0,20,0,13,0,7,11,20,0.181818181818,3.04338842975,3.63636363636,2,2.5,1.68954001271,0.464623503495,0.245454545455,1.16774841624,0.642261628933,0.336363636364,1.94000937205,1.06700515463,0.536363636364,1.05689877454,0.347276990411,3.54545454545,3.04338842975,1.05689877454,3.54545454545,0.499047619048,0.4,8,0.0484848484848,0.255555555556,11,11,11,1,0,0.0909090909091,0.636363636364,0.272727272727,11,0.118181818182,3.72727272727,2.36363636364,1.3,1.625,1.43336856898,0.6064251638,0.286713286713,0.603022689156,0.510249967747,0.237762237762,1.40129809949,1.18571377649,0.503496503497,2.05382127221,0.551025219373,7,3.72727272727,2.05382127221,7,0,0,0,0,0.22962962963,11,11,11,1,0,0.0909090909091,0.636363636364,0.272727272727,11,18,0.163636363636,3.11363636364,3.27272727273,1.8,2.25,1.42062726223,0.434080552347,0.227272727273,0.924416277737,0.564921058617,0.292929292929,1.68954001271,1.03249667443,0.525252525253,1.14353419474,0.367266456706,3.875,3.11363636364,1.14353419474,3.875,0.366666666667,0.266666666667,4,0.0242424242424,0.221111111111,11,11,11,1,0,0.0909090909091,0.636363636364,0.272727272727,-2,-0.0181818181818,0.0702479338843,-0.363636363636,-0.2,-0.25,-0.268912750482,-0.030542951148,-0.0181818181818,-0.243332138505,-0.0773405703161,-0.0434343434343,-0.250469359339,-0.0345084801933,-0.0111111111111,0.0866354202056,0.0199894662943,0.329545454545,0.0702479338843,0.0866354202056,0.329545454545,-0.132380952381,-0.133333333333,-4,-0.0242424242424,-0.0344444444444,0,0,0,18,0,2,90,0.9,1,0,0.1,1,0.9,0.947368421053,0.938314863257,0.9,0.9,5,7,0,0,0,0
2794,WLNM_dir_neg,0.826530612245,0.546477629513,00:00:00,10,70,11,1177447060,threshold_sweep,0.4,1,0.571428571429,0.727272727273,4,0,3,14,0.571428571429,1,0,0.428571428571,1,0.571428571429,0.727272727273,0.857142857143,0.603174603175,0.64,0.68599434057,0.571428571429,20,13,7,0,20,0,13,0,7,11,20,0.181818181818,3.04338842975,3.63636363636,2,2.5,1.68954001271,0.464623503495,0.245454545455,1.16774841624,0.642261628933,0.336363636364,1.94000937205,1.06700515463,0.536363636364,1.05689877454,0.347276990411,3.54545454545,3.04338842975,1.05689877454,3.54545454545,0.499047619048,0.4,8,0.0484848484848,0.255555555556,11,11,11,1,0,0.0909090909091,0.636363636364,0.272727272727,11,0.118181818182,3.72727272727,2.36363636364,1.3,1.625,1.43336856898,0.6064251638,0.286713286713,0.603022689156,0.510249967747,0.237762237762,1.40129809949,1.18571377649,0.503496503497,2.05382127221,0.551025219373,7,3.72727272727,2.05382127221,7,0,0,0,0,0.22962962963,11,11,11,1,0,0.0909090909091,0.636363636364,0.272727272727,11,17,0.154545454545,3.17727272727,3.09090909091,1.7,2.125,1.30034960334,0.420701342257,0.208556149733,0.820199532265,0.530717344407,0.267379679144,1.57249078621,1.01749403814,0.513368983957,1.2536673475,0.394573414091,4.4,3.17727272727,1.2536673475,4.4,0.213333333333,0.153846153846,2,0.0121212121212,0.205555555556,11,11,11,1,0,0.0909090909091,0.636363636364,0.272727272727,-3,-0.0272727272727,0.133884297521,-0.545454545455,-0.3,-0.375,-0.389190409368,-0.0439221612377,-0.0368983957219,-0.347548883978,-0.111544284527,-0.0689839572193,-0.367518585835,-0.0495111164884,-0.0229946524064,0.196768572961,0.0472964236795,0.854545454545,0.133884297521,0.196768572961,0.854545454545,-0.285714285714,-0.246153846154,-6,-0.0363636363636,-0.05,0,0,0,17,0,3,90,0.85,1,0,0.15,1,0.85,0.918918918919,0.906962317388,0.85,0.85,4,7,0,0,0,0
2795,WLNM_dir_neg,0.826530612245,0.546477629513,00:00:00,10,70,11,1177447060,threshold_sweep,0.5,1,0.571428571429,0.727272727273,4,0,3,14,0.571428571429,1,0,0.428571428571,1,0.571428571429,0.727272727273,0.857142857143,0.603174603175,0.64,0.68599434057,0.571428571429,20,13,7,0,20,0,13,0,7,11,20,0.181818181818,3.04338842975,3.63636363636,2,2.5,1.68954001271,0.464623503495,0.245454545455,1.16774841624,0.642261628933,0.336363636364,1.94000937205,1.06700515463,0.536363636364,1.05689877454,0.347276990411,3.54545454545,3.04338842975,1.05689877454,3.54545454545,0.499047619048,0.4,8,0.0484848484848,0.255555555556,11,11,11,1,0,0.0909090909091,0.636363636364,0.272727272727,11,0.118181818182,3.72727272727,2.36363636364,1.3,1.625,1.43336856898,0.6064251638,0.286713286713,0.603022689156,0.510249967747,0.237762237762,1.40129809949,1.18571377649,0.503496503497,2.05382127221,0.551025219373,7,3.72727272727,2.05382127221,7,0,0,0,0,0.22962962963,11,11,11,1,0,0.0909090909091,0.636363636364,0.272727272727,11,17,0.154545454545,3.17727272727,3.09090909091,1.7,2.125,1.30034960334,0.420701342257,0.208556149733,0.820199532265,0.530717344407,0.267379679144,1.57249078621,1.01749403814,0.513368983957,1.2536673475,0.394573414091,4.4,3.17727272727,1.2536673475,4.4,0.213333333333,0.153846153846,2,0.0121212121212,0.205555555556,11,11,11,1,0,0.0909090909091,0.636363636364,0.272727272727,-3,-0.0272727272727,0.133884297521,-0.545454545455,-0.3,-0.375,-0.389190409368,-0.0439221612377,-0.0368983957219,-0.347548883978,-0.111544284527,-0.0689839572193,-0.367518585835,-0.0495111164884,-0.0229946524064,0.196768572961,0.0472964236795,0.854545454545,0.133884297521,0.196768572961,0.854545454545,-0.285714285714,-0.246153846154,-6,-0.0363636363636,-0.05,0,0,0,17,0,3,90,0.85,1,0,0.15,1,0.85,0.918918918919,0.906962317388,0.85,0.85,4,7,0,0,0,0
2796,WLNM_dir_neg,0.826530612245,0.546477629513,00:00:00,10,70,11,1177447060,threshold_sweep,0.6,1,0.571428571429,0.727272727273,4,0,3,14,0.571428571429,1,0,0.428571428571,1,0.571428571429,0.727272727273,0.857142857143,0.603174603175,0.64,0.68599434057,0.571428571429,20,13,7,0,20,0,13,0,7,11,20,0.181818181818,3.04338842975,3.63636363636,2,2.5,1.68954001271,0.464623503495,0.245454545455,1.16774841624,0.642261628933,0.336363636364,1.94000937205,1.06700515463,0.536363636364,1.05689877454,0.347276990411,3.54545454545,3.04338842975,1.05689877454,3.54545454545,0.499047619048,0.4,8,0.0484848484848,0.255555555556,11,11,11,1,0,0.0909090909091,0.636363636364,0.272727272727,11,0.118181818182,3.72727272727,2.36363636364,1.3,1.625,1.43336856898,0.6064251638,0.286713286713,0.603022689156,0.510249967747,0.237762237762,1.40129809949,1.18571377649,0.503496503497,2.05382127221,0.551025219373,7,3.72727272727,2.05382127221,7,0,0,0,0,0.22962962963,11,11,11,1,0,0.0909090909091,0.636363636364,0.272727272727,11,17,0.154545454545,3.17727272727,3.09090909091,1.7,2.125,1.30034960334,0.420701342257,0.208556149733,0.820199532265,0.530717344407,0.267379679144,1.57249078621,1.01749403814,0.513368983957,1.2536673475,0.394573414091,4.4,3.17727272727,1.2536673475,4.4,0.213333333333,0.153846153846,2,0.0121212121212,0.205555555556,11,11,11,1,0,0.0909090909091,0.636363636364,0.272727272727,-3,-0.0272727272727,0.133884297521,-0.545454545455,-0.3,-0.375,-0.389190409368,-0.0439221612377,-0.0368983957219,-0.347548883978,-0.111544284527,-0.0689839572193,-0.367518585835,-0.0495111164884,-0.0229946524064,0.196768572961,0.0472964236795,0.854545454545,0.133884297521,0.196768572961,0.854545454545,-0.285714285714,-0.246153846154,-6,-0.0363636363636,-0.05,0,0,0,17,0,3,90,0.85,1,0,0.15,1,0.85,0.918918918919,0.906962317388,0.85,0.85,4,7,0,0,0,0
2797,WLNM_dir_neg,0.826530612245,0.546477629513,00:00:00,10,70,11,1177447060,threshold_sweep,0.7,1,0.571428571429,0.727272727273,4,0,3,14,0.571428571429,1,0,0.428571428571,1,0.571428571429,0.727272727273,0.857142857143,0.603174603175,0.64,0.68599434057,0.571428571429,20,13,7,0,20,0,13,0,7,11,20,0.181818181818,3.04338842975,3.63636363636,2,2.5,1.68954001271,0.464623503495,0.245454545455,1.16774841624,0.642261628933,0.336363636364,1.94000937205,1.06700515463,0.536363636364,1.05689877454,0.347276990411,3.54545454545,3.04338842975,1.05689877454,3.54545454545,0.499047619048,0.4,8,0.0484848484848,0.255555555556,11,11,11,1,0,0.0909090909091,0.636363636364,0.272727272727,11,0.118181818182,3.72727272727,2.36363636364,1.3,1.625,1.43336856898,0.6064251638,0.286713286713,0.603022689156,0.510249967747,0.237762237762,1.40129809949,1.18571377649,0.503496503497,2.05382127221,0.551025219373,7,3.72727272727,2.05382127221,7,0,0,0,0,0.22962962963,11,11,11,1,0,0.0909090909091,0.636363636364,0.272727272727,11,17,0.154545454545,3.17727272727,3.09090909091,1.7,2.125,1.30034960334,0.420701342257,0.208556149733,0.820199532265,0.530717344407,0.267379679144,1.57249078621,1.01749403814,0.513368983957,1.2536673475,0.394573414091,4.4,3.17727272727,1.2536673475,4.4,0.213333333333,0.153846153846,2,0.0121212121212,0.205555555556,11,11,11,1,0,0.0909090909091,0.636363636364,0.272727272727,-3,-0.0272727272727,0.133884297521,-0.545454545455,-0.3,-0.375,-0.389190409368,-0.0439221612377,-0.0368983957219,-0.347548883978,-0.111544284527,-0.0689839572193,-0.367518585835,-0.0495111164884,-0.0229946524064,0.196768572961,0.0472964236795,0.854545454545,0.133884297521,0.196768572961,0.854545454545,-0.285714285714,-0.246153846154,-6,-0.0363636363636,-0.05,0,0,0,17,0,3,90,0.85,1,0,0.15,1,0.85,0.918918918919,0.906962317388,0.85,0.85,4,7,0,0,0,0
2798,WLNM_dir_neg,0.826530612245,0.546477629513,00:00:00,10,70,11,1177447060,threshold_sweep,0.8,1,0.428571428571,0.6,3,0,4,14,0.428571428571,1,0,0.571428571429,1,0.428571428571,0.6,0.809523809524,0.619047619048,0.5,0.57735026919,0.428571428571,20,13,7,0,20,0,13,0,7,11,20,0.181818181818,3.04338842975,3.63636363636,2,2.5,1.68954001271,0.464623503495,0.245454545455,1.16774841624,0.642261628933,0.336363636364,1.94000937205,1.06700515463,0.536363636364,1.05689877454,0.347276990411,3.54545454545,3.04338842975,1.05689877454,3.54545454545,0.499047619048,0.4,8,0.0484848484848,0.255555555556,11,11,11,1,0,0.0909090909091,0.636363636364,0.272727272727,11,0.118181818182,3.72727272727,2.36363636364,1.3,1.625,1.43336856898,0.6064251638,0.286713286713,0.603022689156,0.510249967747,0.237762237762,1.40129809949,1.18571377649,0.503496503497,2.05382127221,0.551025219373,7,3.72727272727,2.05382127221,7,0,0,0,0,0.22962962963,11,11,11,1,0,0.0909090909091,0.636363636364,0.272727272727,11,16,0.145454545455,3.25,2.90909090909,1.6,2,1.22102788294,0.41972833476,0.181818181818,0.687551650952,0.47269176003,0.227272727273,1.50755672289,1.03644524699,0.511363636364,1.3758835545,0.423348786001,4.66666666667,3.25,1.3758835545,4.66666666667,0.213333333333,0.176470588235,2,0.0121212121212,0.192592592593,11,11,11,1,0,0.0909090909091,0.636363636364,0.272727272727,-4,-0.0363636363636,0.206611570248,-0.727272727273,-0.4,-0.5,-0.468512129772,-0.0448951687355,-0.0636363636364,-0.48019676529,-0.169569868904,-0.109090909091,-0.43245264916,-0.0305599076407,-0.025,0.318984779967,0.07607179559,1.12121212121,0.206611570248,0.318984779967,1.12121212121,-0.285714285714,-0.223529411765,-6,-0.0363636363636,-0.062962962963,0,0,0,16,0,4,90,0.8,1,0,0.2,1,0.8,0.888888888889,0.875189948987,0.8,0.8,3,7,0,0,0,0
2799,WLNM_dir_neg,0.826530612245,0.546477629513,00:00:00,10,70,11,1177447060,threshold_sweep,0.9,1,0.428571428571,0.6,3,0,4,14,0.428571428571,1,0,0.571428571429,1,0.428571428571,0.6,0.809523809524,0.619047619048,0.5,0.57735026919,0.428571428571,20,13,7,0,20,0,13,0,7,11,20,0.181818181818,3.04338842975,3.63636363636,2,2.5,1.68954001271,0.464623503495,0.245454545455,1.16774841624,0.642261628933,0.336363636364,1.94000937205,1.06700515463,0.536363636364,1.05689877454,0.347276990411,3.54545454545,3.04338842975,1.05689877454,3.54545454545,0.499047619048,0.4,8,0.0484848484848,0.255555555556,11,11,11,1,0,0.0909090909091,0.636363636364,0.272727272727,11,0.118181818182,3.72727272727,2.36363636364,1.3,1.625,1.43336856898,0.6064251638,0.286713286713,0.603022689156,0.510249967747,0.237762237762,1.40129809949,1.18571377649,0.503496503497,2.05382127221,0.551025219373,7,3.72727272727,2.05382127221,7,0,0,0,0,0.22962962963,11,11,11,1,0,0.0909090909091,0.636363636364,0.272727272727,11,16,0.145454545455,3.25,2.90909090909,1.6,2,1.22102788294,0.41972833476,0.181818181818,0.687551650952,0.47269176003,0.227272727273,1.50755672289,1.03644524699,0.511363636364,1.3758835545,0.423348786001,4.66666666667,3.25,1.3758835545,4.66666666667,0.213333333333,0.176470588235,2,0.0121212121212,0.192592592593,11,11,11,1,0,0.0909090909091,0.636363636364,0.272727272727,-4,-0.0363636363636,0.206611570248,-0.727272727273,-0.4,-0.5,-0.468512129772,-0.0448951687355,-0.0636363636364,-0.48019676529,-0.169569868904,-0.109090909091,-0.43245264916,-0.0305599076407,-0.025,0.318984779967,0.07607179559,1.12121212121,0.206611570248,0.318984779967,1.12121212121,-0.285714285714,-0.223529411765,-6,-0.0363636363636,-0.062962962963,0,0,0,16,0,4,90,0.8,1,0,0.2,1,0.8,0.888888888889,0.875189948987,0.8,0.8,3,7,0,0,0,0
2800,WLNM_dir_neg,0.84693877551,0.699431818182,00:00:00,10,70,12,1177447061,threshold_sweep,0.1,0.833333333333,0.714285714286,0.769230769231,5,1,2,13,0.714285714286,0.928571428571,0.0714285714286,0.285714285714,0.833333333333,0.714285714286,0.769230769231,0.857142857143,0.571428571429,0.666666666667,0.67082039325,0.642857142857,20,13,7,0,20,0,13,0,7,11,20,0.181818181818,3.04338842975,3.63636363636,2,2.5,1.68954001271,0.464623503495,0.245454545455,1.16774841624,0.642261628933,0.336363636364,1.94000937205,1.06700515463,0.536363636364,1.05689877454,0.347276990411,3.54545454545,3.04338842975,1.05689877454,3.54545454545,0.499047619048,0.4,8,0.0484848484848,0.255555555556,11,11,11,1,0,0.0909090909091,0.636363636364,0.272727272727,11,0.118181818182,3.72727272727,2.36363636364,1.3,1.625,1.43336856898,0.6064251638,0.286713286713,0.603022689156,0.510249967747,0.237762237762,1.40129809949,1.18571377649,0.503496503497,2.05382127221,0.551025219373,7,3.72727272727,2.05382127221,7,0,0,0,0,0.22962962963,11,11,11,1,0,0.0909090909091,0.636363636364,0.272727272727,11,19,0.172727272727,3.17803030303,3.45454545455,1.9,2.375,1.43969693781,0.416754376733,0.215311004785,1.00904995822,0.584186817916,0.306220095694,1.67874411933,0.971904490138,0.507177033493,1.20143012424,0.378042375208,3.875,3.17803030303,1.20143012424,3.875,0.393333333333,0.3,5,0.030303030303,0.223703703704,11,11,11,1,0,0.0909090909091,0.636363636364,0.272727272727,-1,-0.00909090909091,0.134641873278,-0.181818181818,-0.1,-0.125,-0.249843074903,-0.0478691267618,-0.0301435406699,-0.158698458023,-0.058074811017,-0.0301435406699,-0.26126525272,-0.0951006644889,-0.0291866028708,0.144531349704,0.0307653847969,0.329545454545,0.134641873278,0.144531349704,0.329545454545,-0.105714285714,-0.1,-3,-0.0181818181818,-0.0318518518519,0,0,0,18,1,2,89,0.9,0.988888888889,0.0111111111111,0.1,0.947368421053,0.9,0.923076923077,0.906956031802,0.888888888889,0.857142857143,6,7,0,0,0,0
2801,WLNM_dir_neg,0.84693877551,0.699431818182,00:00:00,10,70,12,1177447061,threshold_sweep,0.2,0.833333333333,0.714285714286,0.769230769231,5,1,2,13,0.714285714286,0.928571428571,0.0714285714286,0.285714285714,0.833333333333,0.714285714286,0.769230769231,0.857142857143,0.571428571429,0.666666666667,0.67082039325,0.642857142857,20,13,7,0,20,0,13,0,7,11,20,0.181818181818,3.04338842975,3.63636363636,2,2.5,1.68954001271,0.464623503495,0.245454545455,1.16774841624,0.642261628933,0.336363636364,1.94000937205,1.06700515463,0.536363636364,1.05689877454,0.347276990411,3.54545454545,3.04338842975,1.05689877454,3.54545454545,0.499047619048,0.4,8,0.0484848484848,0.255555555556,11,11,11,1,0,0.0909090909091,0.636363636364,0.272727272727,11,0.118181818182,3.72727272727,2.36363636364,1.3,1.625,1.43336856898,0.6064251638,0.286713286713,0.603022689156,0.510249967747,0.237762237762,1.40129809949,1.18571377649,0.503496503497,2.05382127221,0.551025219373,7,3.72727272727,2.05382127221,7,0,0,0,0,0.22962962963,11,11,11,1,0,0.0909090909091,0.636363636364,0.272727272727,11,19,0.172727272727,3.17803030303,3.45454545455,1.9,2.375,1.43969693781,0.416754376733,0.215311004785,1.00904995822,0.584186817916,0.306220095694,1.67874411933,0.971904490138,0.507177033493,1.20143012424,0.378042375208,3.875,3.17803030303,1.20143012424,3.875,0.393333333333,0.3,5,0.030303030303,0.223703703704,11,11,11,1,0,0.0909090909091,0.636363636364,0.272727272727,-1,-0.00909090909091,0.134641873278,-0.181818181818,-0.1,-0.125,-0.249843074903,-0.0478691267618,-0.0301435406699,-0.158698458023,-0.058074811017,-0.0301435406699,-0.26126525272,-0.0951006644889,-0.0291866028708,0.144531349704,0.0307653847969,0.329545454545,0.134641873278,0.144531349704,0.329545454545,-0.105714285714,-0.1,-3,-0.0181818181818,-0.0318518518519,0,0,0,18,1,2,89,0.9,0.988888888889,0.0111111111111,0.1,0.947368421053,0.9,0.923076923077,0.906956031802,0.888888888889,0.857142857143,6,7,0,0,0,0
2802,WLNM_dir_neg,0.84693877551,0.699431818182,00:00:00,10,70,12,1177447061,threshold_sweep,0.3,0.833333333333,0.714285714286,0.769230769231,5,1,2,13,0.714285714286,0.928571428571,0.0714285714286,0.285714285714,0.833333333333,0.714285714286,0.769230769231,0.857142857143,0.571428571429,0.666666666667,0.67082039325,0.642857142857,20,13,7,0,20,0,13,0,7,11,20,0.181818181818,3.04338842975,3.63636363636,2,2.5,1.68954001271,0.464623503495,0.245454545455,1.16774841624,0.642261628933,0.336363636364,1.94000937205,1.06700515463,0.536363636364,1.05689877454,0.347276990411,3.54545454545,3.04338842975,1.05689877454,3.54545454545,0.499047619048,0.4,8,0.0484848484848,0.255555555556,11,11,11,1,0,0.0909090909091,0.636363636364,0.272727272727,11,0.118181818182,3.72727272727,2.36363636364,1.3,1.625,1.43336856898,0.6064251638,0.286713286713,0.603022689156,0.510249967747,0.237762237762,1.40129809949,1.18571377649,0.503496503497,2.05382127221,0.551025219373,7,3.72727272727,2.05382127221,7,0,0,0,0,0.22962962963,11,11,11,1,0,0.0909090909091,0.636363636364,0.272727272727,11,19,0.172727272727,3.17803030303,3.45454545455,1.9,2.375,1.43969693781,0.416754376733,0.215311004785,1.00904995822,0.584186817916,0.306220095694,1.67874411933,0.971904490138,0.507177033493,1.20143012424,0.378042375208,3.875,3.17803030303,1.20143012424,3.875,0.393333333333,0.3,5,0.030303030303,0.223703703704,11,11,11,1,0,0.0909090909091,0.636363636364,0.272727272727,-1,-0.00909090909091,0.134641873278,-0.181818181818,-0.1,-0.125,-0.249843074903,-0.0478691267618,-0.0301435406699,-0.158698458023,-0.058074811017,-0.0301435406699,-0.26126525272,-0.0951006644889,-0.0291866028708,0.144531349704,0.0307653847969,0.329545454545,0.134641873278,0.144531349704,0.329545454545,-0.105714285714,-0.1,-3,-0.0181818181818,-0.0318518518519,0,0,0,18,1,2,89,0.9,0.988888888889,0.0111111111111,0.1,0.947368421053,0.9,0.923076923077,0.906956031802,0.888888888889,0.857142857143,6,7,0,0,0,0
2803,WLNM_dir_neg,0.84693877551,0.699431818182,00:00:00,10,70,12,1177447061,threshold_sweep,0.4,0.833333333333,0.714285714286,0.769230769231,5,1,2,13,0.714285714286,0.928571428571,0.0714285714286,0.285714285714,0.833333333333,0.714285714286,0.769230769231,0.857142857143,0.571428571429,0.666666666667,0.67082039325,0.642857142857,20,13,7,0,20,0,13,0,7,11,20,0.181818181818,3.04338842975,3.63636363636,2,2.5,1.68954001271,0.464623503495,0.245454545455,1.16774841624,0.642261628933,0.336363636364,1.94000937205,1.06700515463,0.536363636364,1.05689877454,0.347276990411,3.54545454545,3.04338842975,1.05689877454,3.54545454545,0.499047619048,0.4,8,0.0484848484848,0.255555555556,11,11,11,1,0,0.0909090909091,0.636363636364,0.272727272727,11,0.118181818182,3.72727272727,2.36363636364,1.3,1.625,1.43336856898,0.6064251638,0.286713286713,0.603022689156,0.510249967747,0.237762237762,1.40129809949,1.18571377649,0.503496503497,2.05382127221,0.551025219373,7,3.72727272727,2.05382127221,7,0,0,0,0,0.22962962963,11,11,11,1,0,0.0909090909091,0.636363636364,0.272727272727,11,19,0.172727272727,3.17803030303,3.45454545455,1.9,2.375,1.43969693781,0.416754376733,0.215311004785,1.00904995822,0.584186817916,0.306220095694,1.67874411933,0.971904490138,0.507177033493,1.20143012424,0.378042375208,3.875,3.17803030303,1.20143012424,3.875,0.393333333333,0.3,5,0.030303030303,0.223703703704,11,11,11,1,0,0.0909090909091,0.636363636364,0.272727272727,-1,-0.00909090909091,0.134641873278,-0.181818181818,-0.1,-0.125,-0.249843074903,-0.0478691267618,-0.0301435406699,-0.158698458023,-0.058074811017,-0.0301435406699,-0.26126525272,-0.0951006644889,-0.0291866028708,0.144531349704,0.0307653847969,0.329545454545,0.134641873278,0.144531349704,0.329545454545,-0.105714285714,-0.1,-3,-0.0181818181818,-0.0318518518519,0,0,0,18,1,2,89,0.9,0.988888888889,0.0111111111111,0.1,0.947368421053,0.9,0.923076923077,0.906956031802,0.888888888889,0.857142857143,6,7,0,0,0,0
2804,WLNM_dir_neg,0.84693877551,0.699431818182,00:00:00,10,70,12,1177447061,threshold_sweep,0.5,0.833333333333,0.714285714286,0.769230769231,5,1,2,13,0.714285714286,0.928571428571,0.0714285714286,0.285714285714,0.833333333333,0.714285714286,0.769230769231,0.857142857143,0.571428571429,0.666666666667,0.67082039325,0.642857142857,20,13,7,0,20,0,13,0,7,11,20,0.181818181818,3.04338842975,3.63636363636,2,2.5,1.68954001271,0.464623503495,0.245454545455,1.16774841624,0.642261628933,0.336363636364,1.94000937205,1.06700515463,0.536363636364,1.05689877454,0.347276990411,3.54545454545,3.04338842975,1.05689877454,3.54545454545,0.499047619048,0.4,8,0.0484848484848,0.255555555556,11,11,11,1,0,0.0909090909091,0.636363636364,0.272727272727,11,0.118181818182,3.72727272727,2.36363636364,1.3,1.625,1.43336856898,0.6064251638,0.286713286713,0.603022689156,0.510249967747,0.237762237762,1.40129809949,1.18571377649,0.503496503497,2.05382127221,0.551025219373,7,3.72727272727,2.05382127221,7,0,0,0,0,0.22962962963,11,11,11,1,0,0.0909090909091,0.636363636364,0.272727272727,11,19,0.172727272727,3.17803030303,3.45454545455,1.9,2.375,1.43969693781,0.416754376733,0.215311004785,1.00904995822,0.584186817916,0.306220095694,1.67874411933,0.971904490138,0.507177033493,1.20143012424,0.378042375208,3.875,3.17803030303,1.20143012424,3.875,0.393333333333,0.3,5,0.030303030303,0.223703703704,11,11,11,1,0,0.0909090909091,0.636363636364,0.272727272727,-1,-0.00909090909091,0.134641873278,-0.181818181818,-0.1,-0.125,-0.249843074903,-0.0478691267618,-0.0301435406699,-0.158698458023,-0.058074811017,-0.0301435406699,-0.26126525272,-0.0951006644889,-0.0291866028708,0.144531349704,0.0307653847969,0.329545454545,0.134641873278,0.144531349704,0.329545454545,-0.105714285714,-0.1,-3,-0.0181818181818,-0.0318518518519,0,0,0,18,1,2,89,0.9,0.988888888889,0.0111111111111,0.1,0.947368421053,0.9,0.923076923077,0.906956031802,0.888888888889,0.857142857143,6,7,0,0,0,0
2805,WLNM_dir_neg,0.84693877551,0.699431818182,00:00:00,10,70,12,1177447061,threshold_sweep,0.6,0.833333333333,0.714285714286,0.769230769231,5,1,2,13,0.714285714286,0.928571428571,0.0714285714286,0.285714285714,0.833333333333,0.714285714286,0.769230769231,0.857142857143,0.571428571429,0.666666666667,0.67082039325,0.642857142857,20,13,7,0,20,0,13,0,7,11,20,0.181818181818,3.04338842975,3.63636363636,2,2.5,1.68954001271,0.464623503495,0.245454545455,1.16774841624,0.642261628933,0.336363636364,1.94000937205,1.06700515463,0.536363636364,1.05689877454,0.347276990411,3.54545454545,3.04338842975,1.05689877454,3.54545454545,0.499047619048,0.4,8,0.0484848484848,0.255555555556,11,11,11,1,0,0.0909090909091,0.636363636364,0.272727272727,11,0.118181818182,3.72727272727,2.36363636364,1.3,1.625,1.43336856898,0.6064251638,0.286713286713,0.603022689156,0.510249967747,0.237762237762,1.40129809949,1.18571377649,0.503496503497,2.05382127221,0.551025219373,7,3.72727272727,2.05382127221,7,0,0,0,0,0.22962962963,11,11,11,1,0,0.0909090909091,0.636363636364,0.272727272727,11,19,0.172727272727,3.17803030303,3.45454545455,1.9,2.375,1.43969693781,0.416754376733,0.215311004785,1.00904995822,0.584186817916,0.306220095694,1.67874411933,0.971904490138,0.507177033493,1.20143012424,0.378042375208,3.875,3.17803030303,1.20143012424,3.875,0.393333333333,0.3,5,0.030303030303,0.223703703704,11,11,11,1,0,0.0909090909091,0.636363636364,0.272727272727,-1,-0.00909090909091,0.134641873278,-0.181818181818,-0.1,-0.125,-0.249843074903,-0.0478691267618,-0.0301435406699,-0.158698458023,-0.058074811017,-0.0301435406699,-0.26126525272,-0.0951006644889,-0.0291866028708,0.144531349704,0.0307653847969,0.329545454545,0.134641873278,0.144531349704,0.329545454545,-0.105714285714,-0.1,-3,-0.0181818181818,-0.0318518518519,0,0,0,18,1,2,89,0.9,0.988888888889,0.0111111111111,0.1,0.947368421053,0.9,0.923076923077,0.906956031802,0.888888888889,0.857142857143,6,7,0,0,0,0
2806,WLNM_dir_neg,0.84693877551,0.699431818182,00:00:00,10,70,12,1177447061,threshold_sweep,0.7,0.833333333333,0.714285714286,0.769230769231,5,1,2,13,0.714285714286,0.928571428571,0.0714285714286,0.285714285714,0.833333333333,0.714285714286,0.769230769231,0.857142857143,0.571428571429,0.666666666667,0.67082039325,0.642857142857,20,13,7,0,20,0,13,0,7,11,20,0.181818181818,3.04338842975,3.63636363636,2,2.5,1.68954001271,0.464623503495,0.245454545455,1.16774841624,0.642261628933,0.336363636364,1.94000937205,1.06700515463,0.536363636364,1.05689877454,0.347276990411,3.54545454545,3.04338842975,1.05689877454,3.54545454545,0.499047619048,0.4,8,0.0484848484848,0.255555555556,11,11,11,1,0,0.0909090909091,0.636363636364,0.272727272727,11,0.118181818182,3.72727272727,2.36363636364,1.3,1.625,1.43336856898,0.6064251638,0.286713286713,0.603022689156,0.510249967747,0.237762237762,1.40129809949,1.18571377649,0.503496503497,2.05382127221,0.551025219373,7,3.72727272727,2.05382127221,7,0,0,0,0,0.22962962963,11,11,11,1,0,0.0909090909091,0.636363636364,0.272727272727,11,19,0.172727272727,3.17803030303,3.45454545455,1.9,2.375,1.43969693781,0.416754376733,0.215311004785,1.00904995822,0.584186817916,0.306220095694,1.67874411933,0.971904490138,0.507177033493,1.20143012424,0.378042375208,3.875,3.17803030303,1.20143012424,3.875,0.393333333333,0.3,5,0.030303030303,0.223703703704,11,11,11,1,0,0.0909090909091,0.636363636364,0.272727272727,-1,-0.00909090909091,0.134641873278,-0.181818181818,-0.1,-0.125,-0.249843074903,-0.0478691267618,-0.0301435406699,-0.158698458023,-0.058074811017,-0.0301435406699,-0.26126525272,-0.0951006644889,-0.0291866028708,0.144531349704,0.0307653847969,0.329545454545,0.134641873278,0.144531349704,0.329545454545,-0.105714285714,-0.1,-3,-0.0181818181818,-0.0318518518519,0,0,0,18,1,2,89,0.9,0.988888888889,0.0111111111111,0.1,0.947368421053,0.9,0.923076923077,0.906956031802,0.888888888889,0.857142857143,6,7,0,0,0,0
2807,WLNM_dir_neg,0.84693877551,0.699431818182,00:00:00,10,70,12,1177447061,threshold_sweep,0.8,0.833333333333,0.714285714286,0.769230769231,5,1,2,13,0.714285714286,0.928571428571,0.0714285714286,0.285714285714,0.833333333333,0.714285714286,0.769230769231,0.857142857143,0.571428571429,0.666666666667,0.67082039325,0.642857142857,20,13,7,0,20,0,13,0,7,11,20,0.181818181818,3.04338842975,3.63636363636,2,2.5,1.68954001271,0.464623503495,0.245454545455,1.16774841624,0.642261628933,0.336363636364,1.94000937205,1.06700515463,0.536363636364,1.05689877454,0.347276990411,3.54545454545,3.04338842975,1.05689877454,3.54545454545,0.499047619048,0.4,8,0.0484848484848,0.255555555556,11,11,11,1,0,0.0909090909091,0.636363636364,0.272727272727,11,0.118181818182,3.72727272727,2.36363636364,1.3,1.625,1.43336856898,0.6064251638,0.286713286713,0.603022689156,0.510249967747,0.237762237762,1.40129809949,1.18571377649,0.503496503497,2.05382127221,0.551025219373,7,3.72727272727,2.05382127221,7,0,0,0,0,0.22962962963,11,11,11,1,0,0.0909090909091,0.636363636364,0.272727272727,11,19,0.172727272727,3.17803030303,3.45454545455,1.9,2.375,1.43969693781,0.416754376733,0.215311004785,1.00904995822,0.584186817916,0.306220095694,1.67874411933,0.971904490138,0.507177033493,1.20143012424,0.378042375208,3.875,3.17803030303,1.20143012424,3.875,0.393333333333,0.3,5,0.030303030303,0.223703703704,11,11,11,1,0,0.0909090909091,0.636363636364,0.272727272727,-1,-0.00909090909091,0.134641873278,-0.181818181818,-0.1,-0.125,-0.249843074903,-0.0478691267618,-0.0301435406699,-0.158698458023,-0.058074811017,-0.0301435406699,-0.26126525272,-0.0951006644889,-0.0291866028708,0.144531349704,0.0307653847969,0.329545454545,0.134641873278,0.144531349704,0.329545454545,-0.105714285714,-0.1,-3,-0.0181818181818,-0.0318518518519,0,0,0,18,1,2,89,0.9,0.988888888889,0.0111111111111,0.1,0.947368421053,0.9,0.923076923077,0.906956031802,0.888888888889,0.857142857143,6,7,0,0,0,0
2808,WLNM_dir_neg,0.84693877551,0.699431818182,00:00:00,10,70,12,1177447061,threshold_sweep,0.9,0.833333333333,0.714285714286,0.769230769231,5,1,2,13,0.714285714286,0.928571428571,0.0714285714286,0.285714285714,0.833333333333,0.714285714286,0.769230769231,0.857142857143,0.571428571429,0.666666666667,0.67082039325,0.642857142857,20,13,7,0,20,0,13,0,7,11,20,0.181818181818,3.04338842975,3.63636363636,2,2.5,1.68954001271,0.464623503495,0.245454545455,1.16774841624,0.642261628933,0.336363636364,1.94000937205,1.06700515463,0.536363636364,1.05689877454,0.347276990411,3.54545454545,3.04338842975,1.05689877454,3.54545454545,0.499047619048,0.4,8,0.0484848484848,0.255555555556,11,11,11,1,0,0.0909090909091,0.636363636364,0.272727272727,11,0.118181818182,3.72727272727,2.36363636364,1.3,1.625,1.43336856898,0.6064251638,0.286713286713,0.603022689156,0.510249967747,0.237762237762,1.40129809949,1.18571377649,0.503496503497,2.05382127221,0.551025219373,7,3.72727272727,2.05382127221,7,0,0,0,0,0.22962962963,11,11,11,1,0,0.0909090909091,0.636363636364,0.272727272727,11,19,0.172727272727,3.17803030303,3.45454545455,1.9,2.375,1.43969693781,0.416754376733,0.215311004785,1.00904995822,0.584186817916,0.306220095694,1.67874411933,0.971904490138,0.507177033493,1.20143012424,0.378042375208,3.875,3.17803030303,1.20143012424,3.875,0.393333333333,0.3,5,0.030303030303,0.223703703704,11,11,11,1,0,0.0909090909091,0.636363636364,0.272727272727,-1,-0.00909090909091,0.134641873278,-0.181818181818,-0.1,-0.125,-0.249843074903,-0.0478691267618,-0.0301435406699,-0.158698458023,-0.058074811017,-0.0301435406699,-0.26126525272,-0.0951006644889,-0.0291866028708,0.144531349704,0.0307653847969,0.329545454545,0.134641873278,0.144531349704,0.329545454545,-0.105714285714,-0.1,-3,-0.0181818181818,-0.0318518518519,0,0,0,18,1,2,89,0.9,0.988888888889,0.0111111111111,0.1,0.947368421053,0.9,0.923076923077,0.906956031802,0.888888888889,0.857142857143,6,7,0,0,0,0
2809,WLNM_dir_neg,0.84693877551,0.579112554113,00:00:00,10,70,13,1177447062,threshold_sweep,0.1,0.833333333333,0.714285714286,0.769230769231,5,1,2,13,0.714285714286,0.928571428571,0.0714285714286,0.285714285714,0.833333333333,0.714285714286,0.769230769231,0.857142857143,0.571428571429,0.666666666667,0.67082039325,0.642857142857,20,13,7,0,20,0,13,0,7,11,20,0.181818181818,3.04338842975,3.63636363636,2,2.5,1.68954001271,0.464623503495,0.245454545455,1.16774841624,0.642261628933,0.336363636364,1.94000937205,1.06700515463,0.536363636364,1.05689877454,0.347276990411,3.54545454545,3.04338842975,1.05689877454,3.54545454545,0.499047619048,0.4,8,0.0484848484848,0.255555555556,11,11,11,1,0,0.0909090909091,0.636363636364,0.272727272727,11,0.118181818182,3.72727272727,2.36363636364,1.3,1.625,1.43336856898,0.6064251638,0.286713286713,0.603022689156,0.510249967747,0.237762237762,1.40129809949,1.18571377649,0.503496503497,2.05382127221,0.551025219373,7,3.72727272727,2.05382127221,7,0,0,0,0,0.22962962963,11,11,11,1,0,0.0909090909091,0.636363636364,0.272727272727,11,19,0.172727272727,5.99715909091,3.45454545455,1.9,2.375,1.69491217257,0.490632471007,0.253588516746,0.904534033733,0.523677598477,0.267942583732,1.67874411933,0.971904490138,0.507177033493,2.14896661873,0.35833076731,7.5,5.99715909091,2.14896661873,7.5,0.432380952381,0.333333333333,6,0.0363636363636,0.219259259259,11,11,11,1,0,0.0909090909091,0.636363636364,0.272727272727,-1,-0.00909090909091,2.95377066116,-0.181818181818,-0.1,-0.125,0.00537215986117,0.0260089675122,0.00813397129187,-0.263214382509,-0.118584030456,-0.0684210526316,-0.26126525272,-0.0951006644889,-0.0291866028708,1.09206784419,0.0110537768992,3.95454545455,2.95377066116,1.09206784419,3.95454545455,-0.0666666666667,-0.0666666666667,-2,-0.0121212121212,-0.0362962962963,0,0,0,18,1,2,89,0.9,0.988888888889,0.0111111111111,0.1,0.947368421053,0.9,0.923076923077,0.906956031802,0.888888888889,0.857142857143,6,7,0,0,0,0
2810,WLNM_dir_neg,0.84693877551,0.579112554113,00:00:00,10,70,13,1177447062,threshold_sweep,0.2,0.833333333333,0.714285714286,0.769230769231,5,1,2,13,0.714285714286,0.928571428571,0.0714285714286,0.285714285714,0.833333333333,0.714285714286,0.769230769231,0.857142857143,0.571428571429,0.666666666667,0.67082039325,0.642857142857,20,13,7,0,20,0,13,0,7,11,20,0.181818181818,3.04338842975,3.63636363636,2,2.5,1.68954001271,0.464623503495,0.245454545455,1.16774841624,0.642261628933,0.336363636364,1.94000937205,1.06700515463,0.536363636364,1.05689877454,0.347276990411,3.54545454545,3.04338842975,1.05689877454,3.54545454545,0.499047619048,0.4,8,0.0484848484848,0.255555555556,11,11,11,1,0,0.0909090909091,0.636363636364,0.272727272727,11,0.118181818182,3.72727272727,2.36363636364,1.3,1.625,1.43336856898,0.6064251638,0.286713286713,0.603022689156,0.510249967747,0.237762237762,1.40129809949,1.18571377649,0.503496503497,2.05382127221,0.551025219373,7,3.72727272727,2.05382127221,7,0,0,0,0,0.22962962963,11,11,11,1,0,0.0909090909091,0.636363636364,0.272727272727,11,19,0.172727272727,5.99715909091,3.45454545455,1.9,2.375,1.69491217257,0.490632471007,0.253588516746,0.904534033733,0.523677598477,0.267942583732,1.67874411933,0.971904490138,0.507177033493,2.14896661873,0.35833076731,7.5,5.99715909091,2.14896661873,7.5,0.432380952381,0.333333333333,6,0.0363636363636,0.219259259259,11,11,11,1,0,0.0909090909091,0.636363636364,0.272727272727,-1,-0.00909090909091,2.95377066116,-0.181818181818,-0.1,-0.125,0.00537215986117,0.0260089675122,0.00813397129187,-0.263214382509,-0.118584030456,-0.0684210526316,-0.26126525272,-0.0951006644889,-0.0291866028708,1.09206784419,0.0110537768992,3.95454545455,2.95377066116,1.09206784419,3.95454545455,-0.0666666666667,-0.0666666666667,-2,-0.0121212121212,-0.0362962962963,0,0,0,18,1,2,89,0.9,0.988888888889,0.0111111111111,0.1,0.947368421053,0.9,0.923076923077,0.906956031802,0.888888888889,0.857142857143,6,7,0,0,0,0
2811,WLNM_dir_neg,0.84693877551,0.579112554113,00:00:00,10,70,13,1177447062,threshold_sweep,0.3,0.833333333333,0.714285714286,0.769230769231,5,1,2,13,0.714285714286,0.928571428571,0.0714285714286,0.285714285714,0.833333333333,0.714285714286,0.769230769231,0.857142857143,0.571428571429,0.666666666667,0.67082039325,0.642857142857,20,13,7,0,20,0,13,0,7,11,20,0.181818181818,3.04338842975,3.63636363636,2,2.5,1.68954001271,0.464623503495,0.245454545455,1.16774841624,0.642261628933,0.336363636364,1.94000937205,1.06700515463,0.536363636364,1.05689877454,0.347276990411,3.54545454545,3.04338842975,1.05689877454,3.54545454545,0.499047619048,0.4,8,0.0484848484848,0.255555555556,11,11,11,1,0,0.0909090909091,0.636363636364,0.272727272727,11,0.118181818182,3.72727272727,2.36363636364,1.3,1.625,1.43336856898,0.6064251638,0.286713286713,0.603022689156,0.510249967747,0.237762237762,1.40129809949,1.18571377649,0.503496503497,2.05382127221,0.551025219373,7,3.72727272727,2.05382127221,7,0,0,0,0,0.22962962963,11,11,11,1,0,0.0909090909091,0.636363636364,0.272727272727,11,19,0.172727272727,5.99715909091,3.45454545455,1.9,2.375,1.69491217257,0.490632471007,0.253588516746,0.904534033733,0.523677598477,0.267942583732,1.67874411933,0.971904490138,0.507177033493,2.14896661873,0.35833076731,7.5,5.99715909091,2.14896661873,7.5,0.432380952381,0.333333333333,6,0.0363636363636,0.219259259259,11,11,11,1,0,0.0909090909091,0.636363636364,0.272727272727,-1,-0.00909090909091,2.95377066116,-0.181818181818,-0.1,-0.125,0.00537215986117,0.0260089675122,0.00813397129187,-0.263214382509,-0.118584030456,-0.0684210526316,-0.26126525272,-0.0951006644889,-0.0291866028708,1.09206784419,0.0110537768992,3.95454545455,2.95377066116,1.09206784419,3.95454545455,-0.0666666666667,-0.0666666666667,-2,-0.0121212121212,-0.0362962962963,0,0,0,18,1,2,89,0.9,0.988888888889,0.0111111111111,0.1,0.947368421053,0.9,0.923076923077,0.906956031802,0.888888888889,0.857142857143,6,7,0,0,0,0
2812,WLNM_dir_neg,0.84693877551,0.579112554113,00:00:00,10,70,13,1177447062,threshold_sweep,0.4,0.833333333333,0.714285714286,0.769230769231,5,1,2,13,0.714285714286,0.928571428571,0.0714285714286,0.285714285714,0.833333333333,0.714285714286,0.769230769231,0.857142857143,0.571428571429,0.666666666667,0.67082039325,0.642857142857,20,13,7,0,20,0,13,0,7,11,20,0.181818181818,3.04338842975,3.63636363636,2,2.5,1.68954001271,0.464623503495,0.245454545455,1.16774841624,0.642261628933,0.336363636364,1.94000937205,1.06700515463,0.536363636364,1.05689877454,0.347276990411,3.54545454545,3.04338842975,1.05689877454,3.54545454545,0.499047619048,0.4,8,0.0484848484848,0.255555555556,11,11,11,1,0,0.0909090909091,0.636363636364,0.272727272727,11,0.118181818182,3.72727272727,2.36363636364,1.3,1.625,1.43336856898,0.6064251638,0.286713286713,0.603022689156,0.510249967747,0.237762237762,1.40129809949,1.18571377649,0.503496503497,2.05382127221,0.551025219373,7,3.72727272727,2.05382127221,7,0,0,0,0,0.22962962963,11,11,11,1,0,0.0909090909091,0.636363636364,0.272727272727,11,19,0.172727272727,5.99715909091,3.45454545455,1.9,2.375,1.69491217257,0.490632471007,0.253588516746,0.904534033733,0.523677598477,0.267942583732,1.67874411933,0.971904490138,0.507177033493,2.14896661873,0.35833076731,7.5,5.99715909091,2.14896661873,7.5,0.432380952381,0.333333333333,6,0.0363636363636,0.219259259259,11,11,11,1,0,0.0909090909091,0.636363636364,0.272727272727,-1,-0.00909090909091,2.95377066116,-0.181818181818,-0.1,-0.125,0.00537215986117,0.0260089675122,0.00813397129187,-0.263214382509,-0.118584030456,-0.0684210526316,-0.26126525272,-0.0951006644889,-0.0291866028708,1.09206784419,0.0110537768992,3.95454545455,2.95377066116,1.09206784419,3.95454545455,-0.0666666666667,-0.0666666666667,-2,-0.0121212121212,-0.0362962962963,0,0,0,18,1,2,89,0.9,0.988888888889,0.0111111111111,0.1,0.947368421053,0.9,0.923076923077,0.906956031802,0.888888888889,0.857142857143,6,7,0,0,0,0
2813,WLNM_dir_neg,0.84693877551,0.579112554113,00:00:00,10,70,13,1177447062,threshold_sweep,0.5,0.833333333333,0.714285714286,0.769230769231,5,1,2,13,0.714285714286,0.928571428571,0.0714285714286,0.285714285714,0.833333333333,0.714285714286,0.769230769231,0.857142857143,0.571428571429,0.666666666667,0.67082039325,0.642857142857,20,13,7,0,20,0,13,0,7,11,20,0.181818181818,3.04338842975,3.63636363636,2,2.5,1.68954001271,0.464623503495,0.245454545455,1.16774841624,0.642261628933,0.336363636364,1.94000937205,1.06700515463,0.536363636364,1.05689877454,0.347276990411,3.54545454545,3.04338842975,1.05689877454,3.54545454545,0.499047619048,0.4,8,0.0484848484848,0.255555555556,11,11,11,1,0,0.0909090909091,0.636363636364,0.272727272727,11,0.118181818182,3.72727272727,2.36363636364,1.3,1.625,1.43336856898,0.6064251638,0.286713286713,0.603022689156,0.510249967747,0.237762237762,1.40129809949,1.18571377649,0.503496503497,2.05382127221,0.551025219373,7,3.72727272727,2.05382127221,7,0,0,0,0,0.22962962963,11,11,11,1,0,0.0909090909091,0.636363636364,0.272727272727,11,19,0.172727272727,5.99715909091,3.45454545455,1.9,2.375,1.69491217257,0.490632471007,0.253588516746,0.904534033733,0.523677598477,0.267942583732,1.67874411933,0.971904490138,0.507177033493,2.14896661873,0.35833076731,7.5,5.99715909091,2.14896661873,7.5,0.432380952381,0.333333333333,6,0.0363636363636,0.219259259259,11,11,11,1,0,0.0909090909091,0.636363636364,0.272727272727,-1,-0.00909090909091,2.95377066116,-0.181818181818,-0.1,-0.125,0.00537215986117,0.0260089675122,0.00813397129187,-0.263214382509,-0.118584030456,-0.0684210526316,-0.26126525272,-0.0951006644889,-0.0291866028708,1.09206784419,0.0110537768992,3.95454545455,2.95377066116,1.09206784419,3.95454545455,-0.0666666666667,-0.0666666666667,-2,-0.0121212121212,-0.0362962962963,0,0,0,18,1,2,89,0.9,0.988888888889,0.0111111111111,0.1,0.947368421053,0.9,0.923076923077,0.906956031802,0.888888888889,0.857142857143,6,7,0,0,0,0
2814,WLNM_dir_neg,0.84693877551,0.579112554113,00:00:00,10,70,13,1177447062,threshold_sweep,0.6,0.833333333333,0.714285714286,0.769230769231,5,1,2,13,0.714285714286,0.928571428571,0.0714285714286,0.285714285714,0.833333333333,0.714285714286,0.769230769231,0.857142857143,0.571428571429,0.666666666667,0.67082039325,0.642857142857,20,13,7,0,20,0,13,0,7,11,20,0.181818181818,3.04338842975,3.63636363636,2,2.5,1.68954001271,0.464623503495,0.245454545455,1.16774841624,0.642261628933,0.336363636364,1.94000937205,1.06700515463,0.536363636364,1.05689877454,0.347276990411,3.54545454545,3.04338842975,1.05689877454,3.54545454545,0.499047619048,0.4,8,0.0484848484848,0.255555555556,11,11,11,1,0,0.0909090909091,0.636363636364,0.272727272727,11,0.118181818182,3.72727272727,2.36363636364,1.3,1.625,1.43336856898,0.6064251638,0.286713286713,0.603022689156,0.510249967747,0.237762237762,1.40129809949,1.18571377649,0.503496503497,2.05382127221,0.551025219373,7,3.72727272727,2.05382127221,7,0,0,0,0,0.22962962963,11,11,11,1,0,0.0909090909091,0.636363636364,0.272727272727,11,19,0.172727272727,5.99715909091,3.45454545455,1.9,2.375,1.69491217257,0.490632471007,0.253588516746,0.904534033733,0.523677598477,0.267942583732,1.67874411933,0.971904490138,0.507177033493,2.14896661873,0.35833076731,7.5,5.99715909091,2.14896661873,7.5,0.432380952381,0.333333333333,6,0.0363636363636,0.219259259259,11,11,11,1,0,0.0909090909091,0.636363636364,0.272727272727,-1,-0.00909090909091,2.95377066116,-0.181818181818,-0.1,-0.125,0.00537215986117,0.0260089675122,0.00813397129187,-0.263214382509,-0.118584030456,-0.0684210526316,-0.26126525272,-0.0951006644889,-0.0291866028708,1.09206784419,0.0110537768992,3.95454545455,2.95377066116,1.09206784419,3.95454545455,-0.0666666666667,-0.0666666666667,-2,-0.0121212121212,-0.0362962962963,0,0,0,18,1,2,89,0.9,0.988888888889,0.0111111111111,0.1,0.947368421053,0.9,0.923076923077,0.906956031802,0.888888888889,0.857142857143,6,7,0,0,0,0
2815,WLNM_dir_neg,0.84693877551,0.579112554113,00:00:00,10,70,13,1177447062,threshold_sweep,0.7,0.833333333333,0.714285714286,0.769230769231,5,1,2,13,0.714285714286,0.928571428571,0.0714285714286,0.285714285714,0.833333333333,0.714285714286,0.769230769231,0.857142857143,0.571428571429,0.666666666667,0.67082039325,0.642857142857,20,13,7,0,20,0,13,0,7,11,20,0.181818181818,3.04338842975,3.63636363636,2,2.5,1.68954001271,0.464623503495,0.245454545455,1.16774841624,0.642261628933,0.336363636364,1.94000937205,1.06700515463,0.536363636364,1.05689877454,0.347276990411,3.54545454545,3.04338842975,1.05689877454,3.54545454545,0.499047619048,0.4,8,0.0484848484848,0.255555555556,11,11,11,1,0,0.0909090909091,0.636363636364,0.272727272727,11,0.118181818182,3.72727272727,2.36363636364,1.3,1.625,1.43336856898,0.6064251638,0.286713286713,0.603022689156,0.510249967747,0.237762237762,1.40129809949,1.18571377649,0.503496503497,2.05382127221,0.551025219373,7,3.72727272727,2.05382127221,7,0,0,0,0,0.22962962963,11,11,11,1,0,0.0909090909091,0.636363636364,0.272727272727,11,19,0.172727272727,5.99715909091,3.45454545455,1.9,2.375,1.69491217257,0.490632471007,0.253588516746,0.904534033733,0.523677598477,0.267942583732,1.67874411933,0.971904490138,0.507177033493,2.14896661873,0.35833076731,7.5,5.99715909091,2.14896661873,7.5,0.432380952381,0.333333333333,6,0.0363636363636,0.219259259259,11,11,11,1,0,0.0909090909091,0.636363636364,0.272727272727,-1,-0.00909090909091,2.95377066116,-0.181818181818,-0.1,-0.125,0.00537215986117,0.0260089675122,0.00813397129187,-0.263214382509,-0.118584030456,-0.0684210526316,-0.26126525272,-0.0951006644889,-0.0291866028708,1.09206784419,0.0110537768992,3.95454545455,2.95377066116,1.09206784419,3.95454545455,-0.0666666666667,-0.0666666666667,-2,-0.0121212121212,-0.0362962962963,0,0,0,18,1,2,89,0.9,0.988888888889,0.0111111111111,0.1,0.947368421053,0.9,0.923076923077,0.906956031802,0.888888888889,0.857142857143,6,7,0,0,0,0
2816,WLNM_dir_neg,0.84693877551,0.579112554113,00:00:00,10,70,13,1177447062,threshold_sweep,0.8,0.833333333333,0.714285714286,0.769230769231,5,1,2,13,0.714285714286,0.928571428571,0.0714285714286,0.285714285714,0.833333333333,0.714285714286,0.769230769231,0.857142857143,0.571428571429,0.666666666667,0.67082039325,0.642857142857,20,13,7,0,20,0,13,0,7,11,20,0.181818181818,3.04338842975,3.63636363636,2,2.5,1.68954001271,0.464623503495,0.245454545455,1.16774841624,0.642261628933,0.336363636364,1.94000937205,1.06700515463,0.536363636364,1.05689877454,0.347276990411,3.54545454545,3.04338842975,1.05689877454,3.54545454545,0.499047619048,0.4,8,0.0484848484848,0.255555555556,11,11,11,1,0,0.0909090909091,0.636363636364,0.272727272727,11,0.118181818182,3.72727272727,2.36363636364,1.3,1.625,1.43336856898,0.6064251638,0.286713286713,0.603022689156,0.510249967747,0.237762237762,1.40129809949,1.18571377649,0.503496503497,2.05382127221,0.551025219373,7,3.72727272727,2.05382127221,7,0,0,0,0,0.22962962963,11,11,11,1,0,0.0909090909091,0.636363636364,0.272727272727,11,19,0.172727272727,5.99715909091,3.45454545455,1.9,2.375,1.69491217257,0.490632471007,0.253588516746,0.904534033733,0.523677598477,0.267942583732,1.67874411933,0.971904490138,0.507177033493,2.14896661873,0.35833076731,7.5,5.99715909091,2.14896661873,7.5,0.432380952381,0.333333333333,6,0.0363636363636,0.219259259259,11,11,11,1,0,0.0909090909091,0.636363636364,0.272727272727,-1,-0.00909090909091,2.95377066116,-0.181818181818,-0.1,-0.125,0.00537215986117,0.0260089675122,0.00813397129187,-0.263214382509,-0.118584030456,-0.0684210526316,-0.26126525272,-0.0951006644889,-0.0291866028708,1.09206784419,0.0110537768992,3.95454545455,2.95377066116,1.09206784419,3.95454545455,-0.0666666666667,-0.0666666666667,-2,-0.0121212121212,-0.0362962962963,0,0,0,18,1,2,89,0.9,0.988888888889,0.0111111111111,0.1,0.947368421053,0.9,0.923076923077,0.906956031802,0.888888888889,0.857142857143,6,7,0,0,0,0
2817,WLNM_dir_neg,0.84693877551,0.579112554113,00:00:00,10,70,13,1177447062,threshold_sweep,0.9,0.8,0.571428571429,0.666666666667,4,1,3,13,0.571428571429,0.928571428571,0.0714285714286,0.428571428571,0.8,0.571428571429,0.666666666667,0.809523809524,0.587301587302,0.538461538462,0.553398590529,0.5,20,13,7,0,20,0,13,0,7,11,20,0.181818181818,3.04338842975,3.63636363636,2,2.5,1.68954001271,0.464623503495,0.245454545455,1.16774841624,0.642261628933,0.336363636364,1.94000937205,1.06700515463,0.536363636364,1.05689877454,0.347276990411,3.54545454545,3.04338842975,1.05689877454,3.54545454545,0.499047619048,0.4,8,0.0484848484848,0.255555555556,11,11,11,1,0,0.0909090909091,0.636363636364,0.272727272727,11,0.118181818182,3.72727272727,2.36363636364,1.3,1.625,1.43336856898,0.6064251638,0.286713286713,0.603022689156,0.510249967747,0.237762237762,1.40129809949,1.18571377649,0.503496503497,2.05382127221,0.551025219373,7,3.72727272727,2.05382127221,7,0,0,0,0,0.22962962963,11,11,11,1,0,0.0909090909091,0.636363636364,0.272727272727,11,18,0.163636363636,6.34090909091,3.27272727273,1.8,2.25,1.55505042304,0.475154295927,0.232323232323,0.809039834956,0.494413232473,0.242424242424,1.5666989036,0.957427107756,0.494949494949,2.31913973079,0.365742466504,8,6.34090909091,2.31913973079,8,0.364285714286,0.255319148936,4,0.0242424242424,0.201851851852,11,11,11,1,0,0.0909090909091,0.636363636364,0.272727272727,-2,-0.0181818181818,3.29752066116,-0.363636363636,-0.2,-0.25,-0.134489589674,0.0105307924324,-0.0131313131313,-0.358708581286,-0.14784839646,-0.0939393939394,-0.373310468447,-0.10957804687,-0.0414141414141,1.26224095625,0.0184654760925,4.45454545455,3.29752066116,1.26224095625,4.45454545455,-0.134761904762,-0.144680851064,-4,-0.0242424242424,-0.0537037037037,0,0,0,17,1,3,89,0.85,0.988888888889,0.0111111111111,0.15,0.944444444444,0.85,0.894736842105,0.874602125628,0.838888888889,0.809523809524,5,7,0,0,0,0
2818,WLNM_dir_neg,0.836734693878,0.693978937729,00:00:00,10,70,14,1177447063,threshold_sweep,0.1,1,0.714285714286,0.833333333333,5,0,2,14,0.714285714286,1,0,0.285714285714,1,0.714285714286,0.833333333333,0.904761904762,0.587301587302,0.769230769231,0.790569415042,0.714285714286,20,13,7,0,20,0,13,0,7,11,20,0.181818181818,3.04338842975,3.63636363636,2,2.5,1.68954001271,0.464623503495,0.245454545455,1.16774841624,0.642261628933,0.336363636364,1.94000937205,1.06700515463,0.536363636364,1.05689877454,0.347276990411,3.54545454545,3.04338842975,1.05689877454,3.54545454545,0.499047619048,0.4,8,0.0484848484848,0.255555555556,11,11,11,1,0,0.0909090909091,0.636363636364,0.272727272727,11,0.118181818182,3.72727272727,2.36363636364,1.3,1.625,1.43336856898,0.6064251638,0.286713286713,0.603022689156,0.510249967747,0.237762237762,1.40129809949,1.18571377649,0.503496503497,2.05382127221,0.551025219373,7,3.72727272727,2.05382127221,7,0,0,0,0,0.22962962963,11,11,11,1,0,0.0909090909091,0.636363636364,0.272727272727,11,18,0.163636363636,3.11363636364,3.27272727273,1.8,2.25,1.42062726223,0.434080552347,0.227272727273,0.924416277737,0.564921058617,0.292929292929,1.68954001271,1.03249667443,0.525252525253,1.14353419474,0.367266456706,3.875,3.11363636364,1.14353419474,3.875,0.366666666667,0.266666666667,4,0.0242424242424,0.221111111111,11,11,11,1,0,0.0909090909091,0.636363636364,0.272727272727,-2,-0.0181818181818,0.0702479338843,-0.363636363636,-0.2,-0.25,-0.268912750482,-0.030542951148,-0.0181818181818,-0.243332138505,-0.0773405703161,-0.0434343434343,-0.250469359339,-0.0345084801933,-0.0111111111111,0.0866354202056,0.0199894662943,0.329545454545,0.0702479338843,0.0866354202056,0.329545454545,-0.132380952381,-0.133333333333,-4,-0.0242424242424,-0.0344444444444,0,0,0,18,0,2,90,0.9,1,0,0.1,1,0.9,0.947368421053,0.938314863257,0.9,0.9,5,7,0,0,0,0
2819,WLNM_dir_neg,0.836734693878,0.693978937729,00:00:00,10,70,14,1177447063,threshold_sweep,0.2,1,0.714285714286,0.833333333333,5,0,2,14,0.714285714286,1,0,0.285714285714,1,0.714285714286,0.833333333333,0.904761904762,0.587301587302,0.769230769231,0.790569415042,0.714285714286,20,13,7,0,20,0,13,0,7,11,20,0.181818181818,3.04338842975,3.63636363636,2,2.5,1.68954001271,0.464623503495,0.245454545455,1.16774841624,0.642261628933,0.336363636364,1.94000937205,1.06700515463,0.536363636364,1.05689877454,0.347276990411,3.54545454545,3.04338842975,1.05689877454,3.54545454545,0.499047619048,0.4,8,0.0484848484848,0.255555555556,11,11,11,1,0,0.0909090909091,0.636363636364,0.272727272727,11,0.118181818182,3.72727272727,2.36363636364,1.3,1.625,1.43336856898,0.6064251638,0.286713286713,0.603022689156,0.510249967747,0.237762237762,1.40129809949,1.18571377649,0.503496503497,2.05382127221,0.551025219373,7,3.72727272727,2.05382127221,7,0,0,0,0,0.22962962963,11,11,11,1,0,0.0909090909091,0.636363636364,0.272727272727,11,18,0.163636363636,3.11363636364,3.27272727273,1.8,2.25,1.42062726223,0.434080552347,0.227272727273,0.924416277737,0.564921058617,0.292929292929,1.68954001271,1.03249667443,0.525252525253,1.14353419474,0.367266456706,3.875,3.11363636364,1.14353419474,3.875,0.366666666667,0.266666666667,4,0.0242424242424,0.221111111111,11,11,11,1,0,0.0909090909091,0.636363636364,0.272727272727,-2,-0.0181818181818,0.0702479338843,-0.363636363636,-0.2,-0.25,-0.268912750482,-0.030542951148,-0.0181818181818,-0.243332138505,-0.0773405703161,-0.0434343434343,-0.250469359339,-0.0345084801933,-0.0111111111111,0.0866354202056,0.0199894662943,0.329545454545,0.0702479338843,0.0866354202056,0.329545454545,-0.132380952381,-0.133333333333,-4,-0.0242424242424,-0.0344444444444,0,0,0,18,0,2,90,0.9,1,0,0.1,1,0.9,0.947368421053,0.938314863257,0.9,0.9,5,7,0,0,0,0
2820,WLNM_dir_neg,0.836734693878,0.693978937729,00:00:00,10,70,14,1177447063,threshold_sweep,0.3,1,0.714285714286,0.833333333333,5,0,2,14,0.714285714286,1,0,0.285714285714,1,0.714285714286,0.833333333333,0.904761904762,0.587301587302,0.769230769231,0.790569415042,0.714285714286,20,13,7,0,20,0,13,0,7,11,20,0.181818181818,3.04338842975,3.63636363636,2,2.5,1.68954001271,0.464623503495,0.245454545455,1.16774841624,0.642261628933,0.336363636364,1.94000937205,1.06700515463,0.536363636364,1.05689877454,0.347276990411,3.54545454545,3.04338842975,1.05689877454,3.54545454545,0.499047619048,0.4,8,0.0484848484848,0.255555555556,11,11,11,1,0,0.0909090909091,0.636363636364,0.272727272727,11,0.118181818182,3.72727272727,2.36363636364,1.3,1.625,1.43336856898,0.6064251638,0.286713286713,0.603022689156,0.510249967747,0.237762237762,1.40129809949,1.18571377649,0.503496503497,2.05382127221,0.551025219373,7,3.72727272727,2.05382127221,7,0,0,0,0,0.22962962963,11,11,11,1,0,0.0909090909091,0.636363636364,0.272727272727,11,18,0.163636363636,3.11363636364,3.27272727273,1.8,2.25,1.42062726223,0.434080552347,0.227272727273,0.924416277737,0.564921058617,0.292929292929,1.68954001271,1.03249667443,0.525252525253,1.14353419474,0.367266456706,3.875,3.11363636364,1.14353419474,3.875,0.366666666667,0.266666666667,4,0.0242424242424,0.221111111111,11,11,11,1,0,0.0909090909091,0.636363636364,0.272727272727,-2,-0.0181818181818,0.0702479338843,-0.363636363636,-0.2,-0.25,-0.268912750482,-0.030542951148,-0.0181818181818,-0.243332138505,-0.0773405703161,-0.0434343434343,-0.250469359339,-0.0345084801933,-0.0111111111111,0.0866354202056,0.0199894662943,0.329545454545,0.0702479338843,0.0866354202056,0.329545454545,-0.132380952381,-0.133333333333,-4,-0.0242424242424,-0.0344444444444,0,0,0,18,0,2,90,0.9,1,0,0.1,1,0.9,0.947368421053,0.938314863257,0.9,0.9,5,7,0,0,0,0
2821,WLNM_dir_neg,0.836734693878,0.693978937729,00:00:00,10,70,14,1177447063,threshold_sweep,0.4,1,0.714285714286,0.833333333333,5,0,2,14,0.714285714286,1,0,0.285714285714,1,0.714285714286,0.833333333333,0.904761904762,0.587301587302,0.769230769231,0.790569415042,0.714285714286,20,13,7,0,20,0,13,0,7,11,20,0.181818181818,3.04338842975,3.63636363636,2,2.5,1.68954001271,0.464623503495,0.245454545455,1.16774841624,0.642261628933,0.336363636364,1.94000937205,1.06700515463,0.536363636364,1.05689877454,0.347276990411,3.54545454545,3.04338842975,1.05689877454,3.54545454545,0.499047619048,0.4,8,0.0484848484848,0.255555555556,11,11,11,1,0,0.0909090909091,0.636363636364,0.272727272727,11,0.118181818182,3.72727272727,2.36363636364,1.3,1.625,1.43336856898,0.6064251638,0.286713286713,0.603022689156,0.510249967747,0.237762237762,1.40129809949,1.18571377649,0.503496503497,2.05382127221,0.551025219373,7,3.72727272727,2.05382127221,7,0,0,0,0,0.22962962963,11,11,11,1,0,0.0909090909091,0.636363636364,0.272727272727,11,18,0.163636363636,3.11363636364,3.27272727273,1.8,2.25,1.42062726223,0.434080552347,0.227272727273,0.924416277737,0.564921058617,0.292929292929,1.68954001271,1.03249667443,0.525252525253,1.14353419474,0.367266456706,3.875,3.11363636364,1.14353419474,3.875,0.366666666667,0.266666666667,4,0.0242424242424,0.221111111111,11,11,11,1,0,0.0909090909091,0.636363636364,0.272727272727,-2,-0.0181818181818,0.0702479338843,-0.363636363636,-0.2,-0.25,-0.268912750482,-0.030542951148,-0.0181818181818,-0.243332138505,-0.0773405703161,-0.0434343434343,-0.250469359339,-0.0345084801933,-0.0111111111111,0.0866354202056,0.0199894662943,0.329545454545,0.0702479338843,0.0866354202056,0.329545454545,-0.132380952381,-0.133333333333,-4,-0.0242424242424,-0.0344444444444,0,0,0,18,0,2,90,0.9,1,0,0.1,1,0.9,0.947368421053,0.938314863257,0.9,0.9,5,7,0,0,0,0
2822,WLNM_dir_neg,0.836734693878,0.693978937729,00:00:00,10,70,14,1177447063,threshold_sweep,0.5,1,0.714285714286,0.833333333333,5,0,2,14,0.714285714286,1,0,0.285714285714,1,0.714285714286,0.833333333333,0.904761904762,0.587301587302,0.769230769231,0.790569415042,0.714285714286,20,13,7,0,20,0,13,0,7,11,20,0.181818181818,3.04338842975,3.63636363636,2,2.5,1.68954001271,0.464623503495,0.245454545455,1.16774841624,0.642261628933,0.336363636364,1.94000937205,1.06700515463,0.536363636364,1.05689877454,0.347276990411,3.54545454545,3.04338842975,1.05689877454,3.54545454545,0.499047619048,0.4,8,0.0484848484848,0.255555555556,11,11,11,1,0,0.0909090909091,0.636363636364,0.272727272727,11,0.118181818182,3.72727272727,2.36363636364,1.3,1.625,1.43336856898,0.6064251638,0.286713286713,0.603022689156,0.510249967747,0.237762237762,1.40129809949,1.18571377649,0.503496503497,2.05382127221,0.551025219373,7,3.72727272727,2.05382127221,7,0,0,0,0,0.22962962963,11,11,11,1,0,0.0909090909091,0.636363636364,0.272727272727,11,18,0.163636363636,3.11363636364,3.27272727273,1.8,2.25,1.42062726223,0.434080552347,0.227272727273,0.924416277737,0.564921058617,0.292929292929,1.68954001271,1.03249667443,0.525252525253,1.14353419474,0.367266456706,3.875,3.11363636364,1.14353419474,3.875,0.366666666667,0.266666666667,4,0.0242424242424,0.221111111111,11,11,11,1,0,0.0909090909091,0.636363636364,0.272727272727,-2,-0.0181818181818,0.0702479338843,-0.363636363636,-0.2,-0.25,-0.268912750482,-0.030542951148,-0.0181818181818,-0.243332138505,-0.0773405703161,-0.0434343434343,-0.250469359339,-0.0345084801933,-0.0111111111111,0.0866354202056,0.0199894662943,0.329545454545,0.0702479338843,0.0866354202056,0.329545454545,-0.132380952381,-0.133333333333,-4,-0.0242424242424,-0.0344444444444,0,0,0,18,0,2,90,0.9,1,0,0.1,1,0.9,0.947368421053,0.938314863257,0.9,0.9,5,7,0,0,0,0
2823,WLNM_dir_neg,0.836734693878,0.693978937729,00:00:00,10,70,14,1177447063,threshold_sweep,0.6,1,0.714285714286,0.833333333333,5,0,2,14,0.714285714286,1,0,0.285714285714,1,0.714285714286,0.833333333333,0.904761904762,0.587301587302,0.769230769231,0.790569415042,0.714285714286,20,13,7,0,20,0,13,0,7,11,20,0.181818181818,3.04338842975,3.63636363636,2,2.5,1.68954001271,0.464623503495,0.245454545455,1.16774841624,0.642261628933,0.336363636364,1.94000937205,1.06700515463,0.536363636364,1.05689877454,0.347276990411,3.54545454545,3.04338842975,1.05689877454,3.54545454545,0.499047619048,0.4,8,0.0484848484848,0.255555555556,11,11,11,1,0,0.0909090909091,0.636363636364,0.272727272727,11,0.118181818182,3.72727272727,2.36363636364,1.3,1.625,1.43336856898,0.6064251638,0.286713286713,0.603022689156,0.510249967747,0.237762237762,1.40129809949,1.18571377649,0.503496503497,2.05382127221,0.551025219373,7,3.72727272727,2.05382127221,7,0,0,0,0,0.22962962963,11,11,11,1,0,0.0909090909091,0.636363636364,0.272727272727,11,18,0.163636363636,3.11363636364,3.27272727273,1.8,2.25,1.42062726223,0.434080552347,0.227272727273,0.924416277737,0.564921058617,0.292929292929,1.68954001271,1.03249667443,0.525252525253,1.14353419474,0.367266456706,3.875,3.11363636364,1.14353419474,3.875,0.366666666667,0.266666666667,4,0.0242424242424,0.221111111111,11,11,11,1,0,0.0909090909091,0.636363636364,0.272727272727,-2,-0.0181818181818,0.0702479338843,-0.363636363636,-0.2,-0.25,-0.268912750482,-0.030542951148,-0.0181818181818,-0.243332138505,-0.0773405703161,-0.0434343434343,-0.250469359339,-0.0345084801933,-0.0111111111111,0.0866354202056,0.0199894662943,0.329545454545,0.0702479338843,0.0866354202056,0.329545454545,-0.132380952381,-0.133333333333,-4,-0.0242424242424,-0.0344444444444,0,0,0,18,0,2,90,0.9,1,0,0.1,1,0.9,0.947368421053,0.938314863257,0.9,0.9,5,7,0,0,0,0
2824,WLNM_dir_neg,0.836734693878,0.693978937729,00:00:00,10,70,14,1177447063,threshold_sweep,0.7,1,0.714285714286,0.833333333333,5,0,2,14,0.714285714286,1,0,0.285714285714,1,0.714285714286,0.833333333333,0.904761904762,0.587301587302,0.769230769231,0.790569415042,0.714285714286,20,13,7,0,20,0,13,0,7,11,20,0.181818181818,3.04338842975,3.63636363636,2,2.5,1.68954001271,0.464623503495,0.245454545455,1.16774841624,0.642261628933,0.336363636364,1.94000937205,1.06700515463,0.536363636364,1.05689877454,0.347276990411,3.54545454545,3.04338842975,1.05689877454,3.54545454545,0.499047619048,0.4,8,0.0484848484848,0.255555555556,11,11,11,1,0,0.0909090909091,0.636363636364,0.272727272727,11,0.118181818182,3.72727272727,2.36363636364,1.3,1.625,1.43336856898,0.6064251638,0.286713286713,0.603022689156,0.510249967747,0.237762237762,1.40129809949,1.18571377649,0.503496503497,2.05382127221,0.551025219373,7,3.72727272727,2.05382127221,7,0,0,0,0,0.22962962963,11,11,11,1,0,0.0909090909091,0.636363636364,0.272727272727,11,18,0.163636363636,3.11363636364,3.27272727273,1.8,2.25,1.42062726223,0.434080552347,0.227272727273,0.924416277737,0.564921058617,0.292929292929,1.68954001271,1.03249667443,0.525252525253,1.14353419474,0.367266456706,3.875,3.11363636364,1.14353419474,3.875,0.366666666667,0.266666666667,4,0.0242424242424,0.221111111111,11,11,11,1,0,0.0909090909091,0.636363636364,0.272727272727,-2,-0.0181818181818,0.0702479338843,-0.363636363636,-0.2,-0.25,-0.268912750482,-0.030542951148,-0.0181818181818,-0.243332138505,-0.0773405703161,-0.0434343434343,-0.250469359339,-0.0345084801933,-0.0111111111111,0.0866354202056,0.0199894662943,0.329545454545,0.0702479338843,0.0866354202056,0.329545454545,-0.132380952381,-0.133333333333,-4,-0.0242424242424,-0.0344444444444,0,0,0,18,0,2,90,0.9,1,0,0.1,1,0.9,0.947368421053,0.938314863257,0.9,0.9,5,7,0,0,0,0
2825,WLNM_dir_neg,0.836734693878,0.693978937729,00:00:00,10,70,14,1177447063,threshold_sweep,0.8,1,0.714285714286,0.833333333333,5,0,2,14,0.714285714286,1,0,0.285714285714,1,0.714285714286,0.833333333333,0.904761904762,0.587301587302,0.769230769231,0.790569415042,0.714285714286,20,13,7,0,20,0,13,0,7,11,20,0.181818181818,3.04338842975,3.63636363636,2,2.5,1.68954001271,0.464623503495,0.245454545455,1.16774841624,0.642261628933,0.336363636364,1.94000937205,1.06700515463,0.536363636364,1.05689877454,0.347276990411,3.54545454545,3.04338842975,1.05689877454,3.54545454545,0.499047619048,0.4,8,0.0484848484848,0.255555555556,11,11,11,1,0,0.0909090909091,0.636363636364,0.272727272727,11,0.118181818182,3.72727272727,2.36363636364,1.3,1.625,1.43336856898,0.6064251638,0.286713286713,0.603022689156,0.510249967747,0.237762237762,1.40129809949,1.18571377649,0.503496503497,2.05382127221,0.551025219373,7,3.72727272727,2.05382127221,7,0,0,0,0,0.22962962963,11,11,11,1,0,0.0909090909091,0.636363636364,0.272727272727,11,18,0.163636363636,3.11363636364,3.27272727273,1.8,2.25,1.42062726223,0.434080552347,0.227272727273,0.924416277737,0.564921058617,0.292929292929,1.68954001271,1.03249667443,0.525252525253,1.14353419474,0.367266456706,3.875,3.11363636364,1.14353419474,3.875,0.366666666667,0.266666666667,4,0.0242424242424,0.221111111111,11,11,11,1,0,0.0909090909091,0.636363636364,0.272727272727,-2,-0.0181818181818,0.0702479338843,-0.363636363636,-0.2,-0.25,-0.268912750482,-0.030542951148,-0.0181818181818,-0.243332138505,-0.0773405703161,-0.0434343434343,-0.250469359339,-0.0345084801933,-0.0111111111111,0.0866354202056,0.0199894662943,0.329545454545,0.0702479338843,0.0866354202056,0.329545454545,-0.132380952381,-0.133333333333,-4,-0.0242424242424,-0.0344444444444,0,0,0,18,0,2,90,0.9,1,0,0.1,1,0.9,0.947368421053,0.938314863257,0.9,0.9,5,7,0,0,0,0
2826,WLNM_dir_neg,0.836734693878,0.693978937729,00:00:00,10,70,14,1177447063,threshold_sweep,0.9,1,0.714285714286,0.833333333333,5,0,2,14,0.714285714286,1,0,0.285714285714,1,0.714285714286,0.833333333333,0.904761904762,0.587301587302,0.769230769231,0.790569415042,0.714285714286,20,13,7,0,20,0,13,0,7,11,20,0.181818181818,3.04338842975,3.63636363636,2,2.5,1.68954001271,0.464623503495,0.245454545455,1.16774841624,0.642261628933,0.336363636364,1.94000937205,1.06700515463,0.536363636364,1.05689877454,0.347276990411,3.54545454545,3.04338842975,1.05689877454,3.54545454545,0.499047619048,0.4,8,0.0484848484848,0.255555555556,11,11,11,1,0,0.0909090909091,0.636363636364,0.272727272727,11,0.118181818182,3.72727272727,2.36363636364,1.3,1.625,1.43336856898,0.6064251638,0.286713286713,0.603022689156,0.510249967747,0.237762237762,1.40129809949,1.18571377649,0.503496503497,2.05382127221,0.551025219373,7,3.72727272727,2.05382127221,7,0,0,0,0,0.22962962963,11,11,11,1,0,0.0909090909091,0.636363636364,0.272727272727,11,18,0.163636363636,3.11363636364,3.27272727273,1.8,2.25,1.42062726223,0.434080552347,0.227272727273,0.924416277737,0.564921058617,0.292929292929,1.68954001271,1.03249667443,0.525252525253,1.14353419474,0.367266456706,3.875,3.11363636364,1.14353419474,3.875,0.366666666667,0.266666666667,4,0.0242424242424,0.221111111111,11,11,11,1,0,0.0909090909091,0.636363636364,0.272727272727,-2,-0.0181818181818,0.0702479338843,-0.363636363636,-0.2,-0.25,-0.268912750482,-0.030542951148,-0.0181818181818,-0.243332138505,-0.0773405703161,-0.0434343434343,-0.250469359339,-0.0345084801933,-0.0111111111111,0.0866354202056,0.0199894662943,0.329545454545,0.0702479338843,0.0866354202056,0.329545454545,-0.132380952381,-0.133333333333,-4,-0.0242424242424,-0.0344444444444,0,0,0,18,0,2,90,0.9,1,0,0.1,1,0.9,0.947368421053,0.938314863257,0.9,0.9,5,7,0,0,0,0
2827,WLNM_dir_neg,0.867346938776,0.687595737596,00:00:00,10,70,15,1177447064,threshold_sweep,0.1,0.714285714286,0.714285714286,0.714285714286,5,2,2,12,0.714285714286,0.857142857143,0.142857142857,0.285714285714,0.714285714286,0.714285714286,0.714285714286,0.809523809524,0.555555555556,0.571428571429,0.571428571429,0.571428571429,20,13,7,0,20,0,13,0,7,11,20,0.181818181818,3.04338842975,3.63636363636,2,2.5,1.68954001271,0.464623503495,0.245454545455,1.16774841624,0.642261628933,0.336363636364,1.94000937205,1.06700515463,0.536363636364,1.05689877454,0.347276990411,3.54545454545,3.04338842975,1.05689877454,3.54545454545,0.499047619048,0.4,8,0.0484848484848,0.255555555556,11,11,11,1,0,0.0909090909091,0.636363636364,0.272727272727,11,0.118181818182,3.72727272727,2.36363636364,1.3,1.625,1.43336856898,0.6064251638,0.286713286713,0.603022689156,0.510249967747,0.237762237762,1.40129809949,1.18571377649,0.503496503497,2.05382127221,0.551025219373,7,3.72727272727,2.05382127221,7,0,0,0,0,0.22962962963,11,11,11,1,0,0.0909090909091,0.636363636364,0.272727272727,11,20,0.181818181818,3.69367588933,3.63636363636,2,2.22222222222,1.5666989036,0.43084219849,0.227272727273,0.981649817214,0.539907399468,0.281818181818,1.60113596038,0.880624778211,0.454545454545,1.70022945592,0.460308242213,5.23913043478,3.69367588933,1.70022945592,5.23913043478,0.41,0.3,5,0.030303030303,0.19037037037,11,11,11,1,0,0.0909090909091,0.727272727273,0.181818181818,0,0,0.650287459576,0,0,-0.277777777778,-0.122841109108,-0.0337813050047,-0.0181818181818,-0.186098599028,-0.102354229466,-0.0545454545455,-0.338873411664,-0.186380376415,-0.0818181818182,0.643330681385,0.113031251802,1.69367588933,0.650287459576,0.643330681385,1.69367588933,-0.0890476190476,-0.1,-3,-0.0181818181818,-0.0651851851852,0,0.0909090909091,-0.0909090909091,18,2,2,88,0.9,0.977777777778,0.0222222222222,0.1,0.9,0.9,0.9,0.877777777778,0.877777777778,0.818181818182,7,7,0,0,0,0
2828,WLNM_dir_neg,0.867346938776,0.687595737596,00:00:00,10,70,15,1177447064,threshold_sweep,0.2,0.714285714286,0.714285714286,0.714285714286,5,2,2,12,0.714285714286,0.857142857143,0.142857142857,0.285714285714,0.714285714286,0.714285714286,0.714285714286,0.809523809524,0.555555555556,0.571428571429,0.571428571429,0.571428571429,20,13,7,0,20,0,13,0,7,11,20,0.181818181818,3.04338842975,3.63636363636,2,2.5,1.68954001271,0.464623503495,0.245454545455,1.16774841624,0.642261628933,0.336363636364,1.94000937205,1.06700515463,0.536363636364,1.05689877454,0.347276990411,3.54545454545,3.04338842975,1.05689877454,3.54545454545,0.499047619048,0.4,8,0.0484848484848,0.255555555556,11,11,11,1,0,0.0909090909091,0.636363636364,0.272727272727,11,0.118181818182,3.72727272727,2.36363636364,1.3,1.625,1.43336856898,0.6064251638,0.286713286713,0.603022689156,0.510249967747,0.237762237762,1.40129809949,1.18571377649,0.503496503497,2.05382127221,0.551025219373,7,3.72727272727,2.05382127221,7,0,0,0,0,0.22962962963,11,11,11,1,0,0.0909090909091,0.636363636364,0.272727272727,11,20,0.181818181818,3.69367588933,3.63636363636,2,2.22222222222,1.5666989036,0.43084219849,0.227272727273,0.981649817214,0.539907399468,0.281818181818,1.60113596038,0.880624778211,0.454545454545,1.70022945592,0.460308242213,5.23913043478,3.69367588933,1.70022945592,5.23913043478,0.41,0.3,5,0.030303030303,0.19037037037,11,11,11,1,0,0.0909090909091,0.727272727273,0.181818181818,0,0,0.650287459576,0,0,-0.277777777778,-0.122841109108,-0.0337813050047,-0.0181818181818,-0.186098599028,-0.102354229466,-0.0545454545455,-0.338873411664,-0.186380376415,-0.0818181818182,0.643330681385,0.113031251802,1.69367588933,0.650287459576,0.643330681385,1.69367588933,-0.0890476190476,-0.1,-3,-0.0181818181818,-0.0651851851852,0,0.0909090909091,-0.0909090909091,18,2,2,88,0.9,0.977777777778,0.0222222222222,0.1,0.9,0.9,0.9,0.877777777778,0.877777777778,0.818181818182,7,7,0,0,0,0
2829,WLNM_dir_neg,0.867346938776,0.687595737596,00:00:00,10,70,15,1177447064,threshold_sweep,0.3,0.833333333333,0.714285714286,0.769230769231,5,1,2,13,0.714285714286,0.928571428571,0.0714285714286,0.285714285714,0.833333333333,0.714285714286,0.769230769231,0.857142857143,0.571428571429,0.666666666667,0.67082039325,0.642857142857,20,13,7,0,20,0,13,0,7,11,20,0.181818181818,3.04338842975,3.63636363636,2,2.5,1.68954001271,0.464623503495,0.245454545455,1.16774841624,0.642261628933,0.336363636364,1.94000937205,1.06700515463,0.536363636364,1.05689877454,0.347276990411,3.54545454545,3.04338842975,1.05689877454,3.54545454545,0.499047619048,0.4,8,0.0484848484848,0.255555555556,11,11,11,1,0,0.0909090909091,0.636363636364,0.272727272727,11,0.118181818182,3.72727272727,2.36363636364,1.3,1.625,1.43336856898,0.6064251638,0.286713286713,0.603022689156,0.510249967747,0.237762237762,1.40129809949,1.18571377649,0.503496503497,2.05382127221,0.551025219373,7,3.72727272727,2.05382127221,7,0,0,0,0,0.22962962963,11,11,11,1,0,0.0909090909091,0.636363636364,0.272727272727,11,19,0.172727272727,3.65316205534,3.45454545455,1.9,2.375,1.63484778274,0.473245410793,0.248803827751,0.904534033733,0.523677598477,0.267942583732,1.67874411933,0.971904490138,0.507177033493,1.65532062001,0.453119953328,5.13043478261,3.65316205534,1.65532062001,5.13043478261,0.366666666667,0.266666666667,4,0.0242424242424,0.197037037037,11,11,11,1,0,0.0909090909091,0.636363636364,0.272727272727,-1,-0.00909090909091,0.609773625584,-0.181818181818,-0.1,-0.125,-0.05469222997,0.00862190729789,0.00334928229665,-0.263214382509,-0.118584030456,-0.0684210526316,-0.26126525272,-0.0951006644889,-0.0291866028708,0.598421845477,0.105842962917,1.58498023715,0.609773625584,0.598421845477,1.58498023715,-0.132380952381,-0.133333333333,-4,-0.0242424242424,-0.0585185185185,0,0,0,18,1,2,89,0.9,0.988888888889,0.0111111111111,0.1,0.947368421053,0.9,0.923076923077,0.906956031802,0.888888888889,0.857142857143,6,7,0,0,0,0
2830,WLNM_dir_neg,0.867346938776,0.687595737596,00:00:00,10,70,15,1177447064,threshold_sweep,0.4,0.833333333333,0.714285714286,0.769230769231,5,1,2,13,0.714285714286,0.928571428571,0.0714285714286,0.285714285714,0.833333333333,0.714285714286,0.769230769231,0.857142857143,0.571428571429,0.666666666667,0.67082039325,0.642857142857,20,13,7,0,20,0,13,0,7,11,20,0.181818181818,3.04338842975,3.63636363636,2,2.5,1.68954001271,0.464623503495,0.245454545455,1.16774841624,0.642261628933,0.336363636364,1.94000937205,1.06700515463,0.536363636364,1.05689877454,0.347276990411,3.54545454545,3.04338842975,1.05689877454,3.54545454545,0.499047619048,0.4,8,0.0484848484848,0.255555555556,11,11,11,1,0,0.0909090909091,0.636363636364,0.272727272727,11,0.118181818182,3.72727272727,2.36363636364,1.3,1.625,1.43336856898,0.6064251638,0.286713286713,0.603022689156,0.510249967747,0.237762237762,1.40129809949,1.18571377649,0.503496503497,2.05382127221,0.551025219373,7,3.72727272727,2.05382127221,7,0,0,0,0,0.22962962963,11,11,11,1,0,0.0909090909091,0.636363636364,0.272727272727,11,19,0.172727272727,3.65316205534,3.45454545455,1.9,2.375,1.63484778274,0.473245410793,0.248803827751,0.904534033733,0.523677598477,0.267942583732,1.67874411933,0.971904490138,0.507177033493,1.65532062001,0.453119953328,5.13043478261,3.65316205534,1.65532062001,5.13043478261,0.366666666667,0.266666666667,4,0.0242424242424,0.197037037037,11,11,11,1,0,0.0909090909091,0.636363636364,0.272727272727,-1,-0.00909090909091,0.609773625584,-0.181818181818,-0.1,-0.125,-0.05469222997,0.00862190729789,0.00334928229665,-0.263214382509,-0.118584030456,-0.0684210526316,-0.26126525272,-0.0951006644889,-0.0291866028708,0.598421845477,0.105842962917,1.58498023715,0.609773625584,0.598421845477,1.58498023715,-0.132380952381,-0.133333333333,-4,-0.0242424242424,-0.0585185185185,0,0,0,18,1,2,89,0.9,0.988888888889,0.0111111111111,0.1,0.947368421053,0.9,0.923076923077,0.906956031802,0.888888888889,0.857142857143,6,7,0,0,0,0
2831,WLNM_dir_neg,0.867346938776,0.687595737596,00:00:00,10,70,15,1177447064,threshold_sweep,0.5,0.833333333333,0.714285714286,0.769230769231,5,1,2,13,0.714285714286,0.928571428571,0.0714285714286,0.285714285714,0.833333333333,0.714285714286,0.769230769231,0.857142857143,0.571428571429,0.666666666667,0.67082039325,0.642857142857,20,13,7,0,20,0,13,0,7,11,20,0.181818181818,3.04338842975,3.63636363636,2,2.5,1.68954001271,0.464623503495,0.245454545455,1.16774841624,0.642261628933,0.336363636364,1.94000937205,1.06700515463,0.536363636364,1.05689877454,0.347276990411,3.54545454545,3.04338842975,1.05689877454,3.54545454545,0.499047619048,0.4,8,0.0484848484848,0.255555555556,11,11,11,1,0,0.0909090909091,0.636363636364,0.272727272727,11,0.118181818182,3.72727272727,2.36363636364,1.3,1.625,1.43336856898,0.6064251638,0.286713286713,0.603022689156,0.510249967747,0.237762237762,1.40129809949,1.18571377649,0.503496503497,2.05382127221,0.551025219373,7,3.72727272727,2.05382127221,7,0,0,0,0,0.22962962963,11,11,11,1,0,0.0909090909091,0.636363636364,0.272727272727,11,19,0.172727272727,3.65316205534,3.45454545455,1.9,2.375,1.63484778274,0.473245410793,0.248803827751,0.904534033733,0.523677598477,0.267942583732,1.67874411933,0.971904490138,0.507177033493,1.65532062001,0.453119953328,5.13043478261,3.65316205534,1.65532062001,5.13043478261,0.366666666667,0.266666666667,4,0.0242424242424,0.197037037037,11,11,11,1,0,0.0909090909091,0.636363636364,0.272727272727,-1,-0.00909090909091,0.609773625584,-0.181818181818,-0.1,-0.125,-0.05469222997,0.00862190729789,0.00334928229665,-0.263214382509,-0.118584030456,-0.0684210526316,-0.26126525272,-0.0951006644889,-0.0291866028708,0.598421845477,0.105842962917,1.58498023715,0.609773625584,0.598421845477,1.58498023715,-0.132380952381,-0.133333333333,-4,-0.0242424242424,-0.0585185185185,0,0,0,18,1,2,89,0.9,0.988888888889,0.0111111111111,0.1,0.947368421053,0.9,0.923076923077,0.906956031802,0.888888888889,0.857142857143,6,7,0,0,0,0
2832,WLNM_dir_neg,0.867346938776,0.687595737596,00:00:00,10,70,15,1177447064,threshold_sweep,0.6,0.833333333333,0.714285714286,0.769230769231,5,1,2,13,0.714285714286,0.928571428571,0.0714285714286,0.285714285714,0.833333333333,0.714285714286,0.769230769231,0.857142857143,0.571428571429,0.666666666667,0.67082039325,0.642857142857,20,13,7,0,20,0,13,0,7,11,20,0.181818181818,3.04338842975,3.63636363636,2,2.5,1.68954001271,0.464623503495,0.245454545455,1.16774841624,0.642261628933,0.336363636364,1.94000937205,1.06700515463,0.536363636364,1.05689877454,0.347276990411,3.54545454545,3.04338842975,1.05689877454,3.54545454545,0.499047619048,0.4,8,0.0484848484848,0.255555555556,11,11,11,1,0,0.0909090909091,0.636363636364,0.272727272727,11,0.118181818182,3.72727272727,2.36363636364,1.3,1.625,1.43336856898,0.6064251638,0.286713286713,0.603022689156,0.510249967747,0.237762237762,1.40129809949,1.18571377649,0.503496503497,2.05382127221,0.551025219373,7,3.72727272727,2.05382127221,7,0,0,0,0,0.22962962963,11,11,11,1,0,0.0909090909091,0.636363636364,0.272727272727,11,19,0.172727272727,3.65316205534,3.45454545455,1.9,2.375,1.63484778274,0.473245410793,0.248803827751,0.904534033733,0.523677598477,0.267942583732,1.67874411933,0.971904490138,0.507177033493,1.65532062001,0.453119953328,5.13043478261,3.65316205534,1.65532062001,5.13043478261,0.366666666667,0.266666666667,4,0.0242424242424,0.197037037037,11,11,11,1,0,0.0909090909091,0.636363636364,0.272727272727,-1,-0.00909090909091,0.609773625584,-0.181818181818,-0.1,-0.125,-0.05469222997,0.00862190729789,0.00334928229665,-0.263214382509,-0.118584030456,-0.0684210526316,-0.26126525272,-0.0951006644889,-0.0291866028708,0.598421845477,0.105842962917,1.58498023715,0.609773625584,0.598421845477,1.58498023715,-0.132380952381,-0.133333333333,-4,-0.0242424242424,-0.0585185185185,0,0,0,18,1,2,89,0.9,0.988888888889,0.0111111111111,0.1,0.947368421053,0.9,0.923076923077,0.906956031802,0.888888888889,0.857142857143,6,7,0,0,0,0
2833,WLNM_dir_neg,0.867346938776,0.687595737596,00:00:00,10,70,15,1177447064,threshold_sweep,0.7,0.8,0.571428571429,0.666666666667,4,1,3,13,0.571428571429,0.928571428571,0.0714285714286,0.428571428571,0.8,0.571428571429,0.666666666667,0.809523809524,0.587301587302,0.538461538462,0.553398590529,0.5,20,13,7,0,20,0,13,0,7,11,20,0.181818181818,3.04338842975,3.63636363636,2,2.5,1.68954001271,0.464623503495,0.245454545455,1.16774841624,0.642261628933,0.336363636364,1.94000937205,1.06700515463,0.536363636364,1.05689877454,0.347276990411,3.54545454545,3.04338842975,1.05689877454,3.54545454545,0.499047619048,0.4,8,0.0484848484848,0.255555555556,11,11,11,1,0,0.0909090909091,0.636363636364,0.272727272727,11,0.118181818182,3.72727272727,2.36363636364,1.3,1.625,1.43336856898,0.6064251638,0.286713286713,0.603022689156,0.510249967747,0.237762237762,1.40129809949,1.18571377649,0.503496503497,2.05382127221,0.551025219373,7,3.72727272727,2.05382127221,7,0,0,0,0,0.22962962963,11,11,11,1,0,0.0909090909091,0.636363636364,0.272727272727,11,18,0.163636363636,3.68636363636,3.27272727273,1.8,2.25,1.48935617573,0.455081053695,0.232323232323,0.809039834956,0.494413232473,0.242424242424,1.5666989036,0.957427107756,0.494949494949,1.70164655851,0.461605724874,5.33333333333,3.68636363636,1.70164655851,5.33333333333,0.213333333333,0.153846153846,2,0.0121212121212,0.183333333333,11,11,11,1,0,0.0909090909091,0.636363636364,0.272727272727,-2,-0.0181818181818,0.642975206612,-0.363636363636,-0.2,-0.25,-0.20018383698,-0.00954244980009,-0.0131313131313,-0.358708581286,-0.14784839646,-0.0939393939394,-0.373310468447,-0.10957804687,-0.0414141414141,0.644747783977,0.114328734463,1.78787878788,0.642975206612,0.644747783977,1.78787878788,-0.285714285714,-0.246153846154,-6,-0.0363636363636,-0.0722222222222,0,0,0,17,1,3,89,0.85,0.988888888889,0.0111111111111,0.15,0.944444444444,0.85,0.894736842105,0.874602125628,0.838888888889,0.809523809524,5,7,0,0,0,0
2834,WLNM_dir_neg,0.867346938776,0.687595737596,00:00:00,10,70,15,1177447064,threshold_sweep,0.8,0.8,0.571428571429,0.666666666667,4,1,3,13,0.571428571429,0.928571428571,0.0714285714286,0.428571428571,0.8,0.571428571429,0.666666666667,0.809523809524,0.587301587302,0.538461538462,0.553398590529,0.5,20,13,7,0,20,0,13,0,7,11,20,0.181818181818,3.04338842975,3.63636363636,2,2.5,1.68954001271,0.464623503495,0.245454545455,1.16774841624,0.642261628933,0.336363636364,1.94000937205,1.06700515463,0.536363636364,1.05689877454,0.347276990411,3.54545454545,3.04338842975,1.05689877454,3.54545454545,0.499047619048,0.4,8,0.0484848484848,0.255555555556,11,11,11,1,0,0.0909090909091,0.636363636364,0.272727272727,11,0.118181818182,3.72727272727,2.36363636364,1.3,1.625,1.43336856898,0.6064251638,0.286713286713,0.603022689156,0.510249967747,0.237762237762,1.40129809949,1.18571377649,0.503496503497,2.05382127221,0.551025219373,7,3.72727272727,2.05382127221,7,0,0,0,0,0.22962962963,11,11,11,1,0,0.0909090909091,0.636363636364,0.272727272727,11,18,0.163636363636,3.68636363636,3.27272727273,1.8,2.25,1.48935617573,0.455081053695,0.232323232323,0.809039834956,0.494413232473,0.242424242424,1.5666989036,0.957427107756,0.494949494949,1.70164655851,0.461605724874,5.33333333333,3.68636363636,1.70164655851,5.33333333333,0.213333333333,0.153846153846,2,0.0121212121212,0.183333333333,11,11,11,1,0,0.0909090909091,0.636363636364,0.272727272727,-2,-0.0181818181818,0.642975206612,-0.363636363636,-0.2,-0.25,-0.20018383698,-0.00954244980009,-0.0131313131313,-0.358708581286,-0.14784839646,-0.0939393939394,-0.373310468447,-0.10957804687,-0.0414141414141,0.644747783977,0.114328734463,1.78787878788,0.642975206612,0.644747783977,1.78787878788,-0.285714285714,-0.246153846154,-6,-0.0363636363636,-0.0722222222222,0,0,0,17,1,3,89,0.85,0.988888888889,0.0111111111111,0.15,0.944444444444,0.85,0.894736842105,0.874602125628,0.838888888889,0.809523809524,5,7,0,0,0,0
2835,WLNM_dir_neg,0.867346938776,0.687595737596,00:00:00,10,70,15,1177447064,threshold_sweep,0.9,0.8,0.571428571429,0.666666666667,4,1,3,13,0.571428571429,0.928571428571,0.0714285714286,0.428571428571,0.8,0.571428571429,0.666666666667,0.809523809524,0.587301587302,0.538461538462,0.553398590529,0.5,20,13,7,0,20,0,13,0,7,11,20,0.181818181818,3.04338842975,3.63636363636,2,2.5,1.68954001271,0.464623503495,0.245454545455,1.16774841624,0.642261628933,0.336363636364,1.94000937205,1.06700515463,0.536363636364,1.05689877454,0.347276990411,3.54545454545,3.04338842975,1.05689877454,3.54545454545,0.499047619048,0.4,8,0.0484848484848,0.255555555556,11,11,11,1,0,0.0909090909091,0.636363636364,0.272727272727,11,0.118181818182,3.72727272727,2.36363636364,1.3,1.625,1.43336856898,0.6064251638,0.286713286713,0.603022689156,0.510249967747,0.237762237762,1.40129809949,1.18571377649,0.503496503497,2.05382127221,0.551025219373,7,3.72727272727,2.05382127221,7,0,0,0,0,0.22962962963,11,11,11,1,0,0.0909090909091,0.636363636364,0.272727272727,11,18,0.163636363636,3.68636363636,3.27272727273,1.8,2.25,1.48935617573,0.455081053695,0.232323232323,0.809039834956,0.494413232473,0.242424242424,1.5666989036,0.957427107756,0.494949494949,1.70164655851,0.461605724874,5.33333333333,3.68636363636,1.70164655851,5.33333333333,0.213333333333,0.153846153846,2,0.0121212121212,0.183333333333,11,11,11,1,0,0.0909090909091,0.636363636364,0.272727272727,-2,-0.0181818181818,0.642975206612,-0.363636363636,-0.2,-0.25,-0.20018383698,-0.00954244980009,-0.0131313131313,-0.358708581286,-0.14784839646,-0.0939393939394,-0.373310468447,-0.10957804687,-0.0414141414141,0.644747783977,0.114328734463,1.78787878788,0.642975206612,0.644747783977,1.78787878788,-0.285714285714,-0.246153846154,-6,-0.0363636363636,-0.0722222222222,0,0,0,17,1,3,89,0.85,0.988888888889,0.0111111111111,0.15,0.944444444444,0.85,0.894736842105,0.874602125628,0.838888888889,0.809523809524,5,7,0,0,0,0
2836,WLNM_dir_neg,0.744897959184,0.496185064935,00:00:00,10,70,16,1177447065,threshold_sweep,0.1,0.454545454545,0.714285714286,0.555555555556,5,6,2,8,0.714285714286,0.571428571429,0.428571428571,0.285714285714,0.454545454545,0.714285714286,0.555555555556,0.619047619048,0.492063492063,0.25,0.269679944985,0.285714285714,20,13,7,0,20,0,13,0,7,11,20,0.181818181818,3.04338842975,3.63636363636,2,2.5,1.68954001271,0.464623503495,0.245454545455,1.16774841624,0.642261628933,0.336363636364,1.94000937205,1.06700515463,0.536363636364,1.05689877454,0.347276990411,3.54545454545,3.04338842975,1.05689877454,3.54545454545,0.499047619048,0.4,8,0.0484848484848,0.255555555556,11,11,11,1,0,0.0909090909091,0.636363636364,0.272727272727,11,0.118181818182,3.72727272727,2.36363636364,1.3,1.625,1.43336856898,0.6064251638,0.286713286713,0.603022689156,0.510249967747,0.237762237762,1.40129809949,1.18571377649,0.503496503497,2.05382127221,0.551025219373,7,3.72727272727,2.05382127221,7,0,0,0,0,0.22962962963,11,11,11,1,0,0.0909090909091,0.636363636364,0.272727272727,11,24,0.218181818182,7.0708041958,4.36363636364,2.4,2.18181818182,2.24823162831,0.515219748155,0.227272727273,1.60113596038,0.733853981843,0.371212121212,1.32801971508,0.608675702744,0.30303030303,2.50107696007,0.35371888272,8.68269230769,7.0708041958,2.50107696007,8.68269230769,0.547186147186,0.4,10,0.0606060606061,0.205978835979,11,11,11,1,0,0.0909090909091,0.909090909091,0,4,0.0363636363636,4.02741576605,0.727272727273,0.4,-0.318181818182,0.558691615603,0.05059624466,-0.0181818181818,0.433387544142,0.0915923529096,0.0348484848485,-0.61198965697,-0.458329451883,-0.233333333333,1.44417818553,0.00644189230845,5.13723776224,4.02741576605,1.44417818553,5.13723776224,0.0481385281385,0,2,0.0121212121212,-0.0495767195767,0,0.272727272727,-0.272727272727,18,6,2,84,0.9,0.933333333333,0.0666666666667,0.1,0.75,0.9,0.818181818182,0.778216007956,0.833333333333,0.692307692308,11,7,0,0,0,0
2837,WLNM_dir_neg,0.744897959184,0.496185064935,00:00:00,10,70,16,1177447065,threshold_sweep,0.2,0.4,0.571428571429,0.470588235294,4,6,3,8,0.571428571429,0.571428571429,0.428571428571,0.428571428571,0.4,0.571428571429,0.470588235294,0.571428571429,0.507936507937,0.129032258065,0.134839972493,0.142857142857,20,13,7,0,20,0,13,0,7,11,20,0.181818181818,3.04338842975,3.63636363636,2,2.5,1.68954001271,0.464623503495,0.245454545455,1.16774841624,0.642261628933,0.336363636364,1.94000937205,1.06700515463,0.536363636364,1.05689877454,0.347276990411,3.54545454545,3.04338842975,1.05689877454,3.54545454545,0.499047619048,0.4,8,0.0484848484848,0.255555555556,11,11,11,1,0,0.0909090909091,0.636363636364,0.272727272727,11,0.118181818182,3.72727272727,2.36363636364,1.3,1.625,1.43336856898,0.6064251638,0.286713286713,0.603022689156,0.510249967747,0.237762237762,1.40129809949,1.18571377649,0.503496503497,2.05382127221,0.551025219373,7,3.72727272727,2.05382127221,7,0,0,0,0,0.22962962963,11,11,11,1,0,0.0909090909091,0.636363636364,0.272727272727,11,23,0.209090909091,7.131614654,4.18181818182,2.3,2.09090909091,2.27236360727,0.54339129739,0.221343873518,1.578261414,0.754820676259,0.363636363636,1.22102788294,0.583969857057,0.284584980237,2.55013283264,0.357581411274,9.02985074627,7.131614654,2.55013283264,9.02985074627,0.444155844156,0.347826086957,8,0.0484848484848,0.192222222222,11,11,11,1,0,0.0909090909091,0.909090909091,0,3,0.0272727272727,4.08822622425,0.545454545455,0.3,-0.409090909091,0.582823594559,0.0787677938952,-0.0241106719368,0.410512997754,0.112559047326,0.0272727272727,-0.718981489112,-0.48303529757,-0.251778656126,1.4932340581,0.0103044208625,5.48439620081,4.08822622425,1.4932340581,5.48439620081,-0.0548917748918,-0.0521739130435,0,0,-0.0633333333333,0,0.272727272727,-0.272727272727,17,6,3,84,0.85,0.933333333333,0.0666666666667,0.15,0.739130434783,0.85,0.790697674419,0.742949535967,0.783333333333,0.653846153846,10,7,0,0,0,0
2838,WLNM_dir_neg,0.744897959184,0.496185064935,00:00:00,10,70,16,1177447065,threshold_sweep,0.3,0.4,0.571428571429,0.470588235294,4,6,3,8,0.571428571429,0.571428571429,0.428571428571,0.428571428571,0.4,0.571428571429,0.470588235294,0.571428571429,0.507936507937,0.129032258065,0.134839972493,0.142857142857,20,13,7,0,20,0,13,0,7,11,20,0.181818181818,3.04338842975,3.63636363636,2,2.5,1.68954001271,0.464623503495,0.245454545455,1.16774841624,0.642261628933,0.336363636364,1.94000937205,1.06700515463,0.536363636364,1.05689877454,0.347276990411,3.54545454545,3.04338842975,1.05689877454,3.54545454545,0.499047619048,0.4,8,0.0484848484848,0.255555555556,11,11,11,1,0,0.0909090909091,0.636363636364,0.272727272727,11,0.118181818182,3.72727272727,2.36363636364,1.3,1.625,1.43336856898,0.6064251638,0.286713286713,0.603022689156,0.510249967747,0.237762237762,1.40129809949,1.18571377649,0.503496503497,2.05382127221,0.551025219373,7,3.72727272727,2.05382127221,7,0,0,0,0,0.22962962963,11,11,11,1,0,0.0909090909091,0.636363636364,0.272727272727,11,23,0.209090909091,7.131614654,4.18181818182,2.3,2.09090909091,2.27236360727,0.54339129739,0.221343873518,1.578261414,0.754820676259,0.363636363636,1.22102788294,0.583969857057,0.284584980237,2.55013283264,0.357581411274,9.02985074627,7.131614654,2.55013283264,9.02985074627,0.444155844156,0.347826086957,8,0.0484848484848,0.192222222222,11,11,11,1,0,0.0909090909091,0.909090909091,0,3,0.0272727272727,4.08822622425,0.545454545455,0.3,-0.409090909091,0.582823594559,0.0787677938952,-0.0241106719368,0.410512997754,0.112559047326,0.0272727272727,-0.718981489112,-0.48303529757,-0.251778656126,1.4932340581,0.0103044208625,5.48439620081,4.08822622425,1.4932340581,5.48439620081,-0.0548917748918,-0.0521739130435,0,0,-0.0633333333333,0,0.272727272727,-0.272727272727,17,6,3,84,0.85,0.933333333333,0.0666666666667,0.15,0.739130434783,0.85,0.790697674419,0.742949535967,0.783333333333,0.653846153846,10,7,0,0,0,0
2839,WLNM_dir_neg,0.744897959184,0.496185064935,00:00:00,10,70,16,1177447065,threshold_sweep,0.4,0.4,0.571428571429,0.470588235294,4,6,3,8,0.571428571429,0.571428571429,0.428571428571,0.428571428571,0.4,0.571428571429,0.470588235294,0.571428571429,0.507936507937,0.129032258065,0.134839972493,0.142857142857,20,13,7,0,20,0,13,0,7,11,20,0.181818181818,3.04338842975,3.63636363636,2,2.5,1.68954001271,0.464623503495,0.245454545455,1.16774841624,0.642261628933,0.336363636364,1.94000937205,1.06700515463,0.536363636364,1.05689877454,0.347276990411,3.54545454545,3.04338842975,1.05689877454,3.54545454545,0.499047619048,0.4,8,0.0484848484848,0.255555555556,11,11,11,1,0,0.0909090909091,0.636363636364,0.272727272727,11,0.118181818182,3.72727272727,2.36363636364,1.3,1.625,1.43336856898,0.6064251638,0.286713286713,0.603022689156,0.510249967747,0.237762237762,1.40129809949,1.18571377649,0.503496503497,2.05382127221,0.551025219373,7,3.72727272727,2.05382127221,7,0,0,0,0,0.22962962963,11,11,11,1,0,0.0909090909091,0.636363636364,0.272727272727,11,23,0.209090909091,7.131614654,4.18181818182,2.3,2.09090909091,2.27236360727,0.54339129739,0.221343873518,1.578261414,0.754820676259,0.363636363636,1.22102788294,0.583969857057,0.284584980237,2.55013283264,0.357581411274,9.02985074627,7.131614654,2.55013283264,9.02985074627,0.444155844156,0.347826086957,8,0.0484848484848,0.192222222222,11,11,11,1,0,0.0909090909091,0.909090909091,0,3,0.0272727272727,4.08822622425,0.545454545455,0.3,-0.409090909091,0.582823594559,0.0787677938952,-0.0241106719368,0.410512997754,0.112559047326,0.0272727272727,-0.718981489112,-0.48303529757,-0.251778656126,1.4932340581,0.0103044208625,5.48439620081,4.08822622425,1.4932340581,5.48439620081,-0.0548917748918,-0.0521739130435,0,0,-0.0633333333333,0,0.272727272727,-0.272727272727,17,6,3,84,0.85,0.933333333333,0.0666666666667,0.15,0.739130434783,0.85,0.790697674419,0.742949535967,0.783333333333,0.653846153846,10,7,0,0,0,0
2840,WLNM_dir_neg,0.744897959184,0.496185064935,00:00:00,10,70,16,1177447065,threshold_sweep,0.5,0.4,0.571428571429,0.470588235294,4,6,3,8,0.571428571429,0.571428571429,0.428571428571,0.428571428571,0.4,0.571428571429,0.470588235294,0.571428571429,0.507936507937,0.129032258065,0.134839972493,0.142857142857,20,13,7,0,20,0,13,0,7,11,20,0.181818181818,3.04338842975,3.63636363636,2,2.5,1.68954001271,0.464623503495,0.245454545455,1.16774841624,0.642261628933,0.336363636364,1.94000937205,1.06700515463,0.536363636364,1.05689877454,0.347276990411,3.54545454545,3.04338842975,1.05689877454,3.54545454545,0.499047619048,0.4,8,0.0484848484848,0.255555555556,11,11,11,1,0,0.0909090909091,0.636363636364,0.272727272727,11,0.118181818182,3.72727272727,2.36363636364,1.3,1.625,1.43336856898,0.6064251638,0.286713286713,0.603022689156,0.510249967747,0.237762237762,1.40129809949,1.18571377649,0.503496503497,2.05382127221,0.551025219373,7,3.72727272727,2.05382127221,7,0,0,0,0,0.22962962963,11,11,11,1,0,0.0909090909091,0.636363636364,0.272727272727,11,23,0.209090909091,7.131614654,4.18181818182,2.3,2.09090909091,2.27236360727,0.54339129739,0.221343873518,1.578261414,0.754820676259,0.363636363636,1.22102788294,0.583969857057,0.284584980237,2.55013283264,0.357581411274,9.02985074627,7.131614654,2.55013283264,9.02985074627,0.444155844156,0.347826086957,8,0.0484848484848,0.192222222222,11,11,11,1,0,0.0909090909091,0.909090909091,0,3,0.0272727272727,4.08822622425,0.545454545455,0.3,-0.409090909091,0.582823594559,0.0787677938952,-0.0241106719368,0.410512997754,0.112559047326,0.0272727272727,-0.718981489112,-0.48303529757,-0.251778656126,1.4932340581,0.0103044208625,5.48439620081,4.08822622425,1.4932340581,5.48439620081,-0.0548917748918,-0.0521739130435,0,0,-0.0633333333333,0,0.272727272727,-0.272727272727,17,6,3,84,0.85,0.933333333333,0.0666666666667,0.15,0.739130434783,0.85,0.790697674419,0.742949535967,0.783333333333,0.653846153846,10,7,0,0,0,0
2841,WLNM_dir_neg,0.744897959184,0.496185064935,00:00:00,10,70,16,1177447065,threshold_sweep,0.6,0.4,0.571428571429,0.470588235294,4,6,3,8,0.571428571429,0.571428571429,0.428571428571,0.428571428571,0.4,0.571428571429,0.470588235294,0.571428571429,0.507936507937,0.129032258065,0.134839972493,0.142857142857,20,13,7,0,20,0,13,0,7,11,20,0.181818181818,3.04338842975,3.63636363636,2,2.5,1.68954001271,0.464623503495,0.245454545455,1.16774841624,0.642261628933,0.336363636364,1.94000937205,1.06700515463,0.536363636364,1.05689877454,0.347276990411,3.54545454545,3.04338842975,1.05689877454,3.54545454545,0.499047619048,0.4,8,0.0484848484848,0.255555555556,11,11,11,1,0,0.0909090909091,0.636363636364,0.272727272727,11,0.118181818182,3.72727272727,2.36363636364,1.3,1.625,1.43336856898,0.6064251638,0.286713286713,0.603022689156,0.510249967747,0.237762237762,1.40129809949,1.18571377649,0.503496503497,2.05382127221,0.551025219373,7,3.72727272727,2.05382127221,7,0,0,0,0,0.22962962963,11,11,11,1,0,0.0909090909091,0.636363636364,0.272727272727,11,23,0.209090909091,7.131614654,4.18181818182,2.3,2.09090909091,2.27236360727,0.54339129739,0.221343873518,1.578261414,0.754820676259,0.363636363636,1.22102788294,0.583969857057,0.284584980237,2.55013283264,0.357581411274,9.02985074627,7.131614654,2.55013283264,9.02985074627,0.444155844156,0.347826086957,8,0.0484848484848,0.192222222222,11,11,11,1,0,0.0909090909091,0.909090909091,0,3,0.0272727272727,4.08822622425,0.545454545455,0.3,-0.409090909091,0.582823594559,0.0787677938952,-0.0241106719368,0.410512997754,0.112559047326,0.0272727272727,-0.718981489112,-0.48303529757,-0.251778656126,1.4932340581,0.0103044208625,5.48439620081,4.08822622425,1.4932340581,5.48439620081,-0.0548917748918,-0.0521739130435,0,0,-0.0633333333333,0,0.272727272727,-0.272727272727,17,6,3,84,0.85,0.933333333333,0.0666666666667,0.15,0.739130434783,0.85,0.790697674419,0.742949535967,0.783333333333,0.653846153846,10,7,0,0,0,0
2842,WLNM_dir_neg,0.744897959184,0.496185064935,00:00:00,10,70,16,1177447065,threshold_sweep,0.7,0.5,0.571428571429,0.533333333333,4,4,3,10,0.571428571429,0.714285714286,0.285714285714,0.428571428571,0.5,0.571428571429,0.533333333333,0.666666666667,0.539682539683,0.275862068966,0.277350098113,0.285714285714,20,13,7,0,20,0,13,0,7,11,20,0.181818181818,3.04338842975,3.63636363636,2,2.5,1.68954001271,0.464623503495,0.245454545455,1.16774841624,0.642261628933,0.336363636364,1.94000937205,1.06700515463,0.536363636364,1.05689877454,0.347276990411,3.54545454545,3.04338842975,1.05689877454,3.54545454545,0.499047619048,0.4,8,0.0484848484848,0.255555555556,11,11,11,1,0,0.0909090909091,0.636363636364,0.272727272727,11,0.118181818182,3.72727272727,2.36363636364,1.3,1.625,1.43336856898,0.6064251638,0.286713286713,0.603022689156,0.510249967747,0.237762237762,1.40129809949,1.18571377649,0.503496503497,2.05382127221,0.551025219373,7,3.72727272727,2.05382127221,7,0,0,0,0,0.22962962963,11,11,11,1,0,0.0909090909091,0.636363636364,0.272727272727,11,21,0.190909090909,7.74545454545,3.81818181818,2.1,1.90909090909,2.1825756261,0.571626949692,0.220779220779,1.30034960334,0.681135506512,0.329004329004,1.30034960334,0.681135506512,0.320346320346,2.88465198397,0.372431594175,10.1428571429,7.74545454545,2.88465198397,10.1428571429,0.421428571429,0.315789473684,6,0.0363636363636,0.194444444444,11,11,11,1,0,0.0909090909091,0.909090909091,0,1,0.00909090909091,4.7020661157,0.181818181818,0.1,-0.590909090909,0.493035613389,0.107003446197,-0.0246753246753,0.132601187099,0.0388738775787,-0.00735930735931,-0.639659768708,-0.385869648115,-0.216017316017,1.82775320944,0.0251546037637,6.5974025974,4.7020661157,1.82775320944,6.5974025974,-0.077619047619,-0.0842105263158,-2,-0.0121212121212,-0.0611111111111,0,0.272727272727,-0.272727272727,17,4,3,86,0.85,0.955555555556,0.0444444444444,0.15,0.809523809524,0.85,0.829268292683,0.790545915216,0.805555555556,0.708333333333,8,7,0,0,0,0
2843,WLNM_dir_neg,0.744897959184,0.496185064935,00:00:00,10,70,16,1177447065,threshold_sweep,0.8,0.5,0.571428571429,0.533333333333,4,4,3,10,0.571428571429,0.714285714286,0.285714285714,0.428571428571,0.5,0.571428571429,0.533333333333,0.666666666667,0.539682539683,0.275862068966,0.277350098113,0.285714285714,20,13,7,0,20,0,13,0,7,11,20,0.181818181818,3.04338842975,3.63636363636,2,2.5,1.68954001271,0.464623503495,0.245454545455,1.16774841624,0.642261628933,0.336363636364,1.94000937205,1.06700515463,0.536363636364,1.05689877454,0.347276990411,3.54545454545,3.04338842975,1.05689877454,3.54545454545,0.499047619048,0.4,8,0.0484848484848,0.255555555556,11,11,11,1,0,0.0909090909091,0.636363636364,0.272727272727,11,0.118181818182,3.72727272727,2.36363636364,1.3,1.625,1.43336856898,0.6064251638,0.286713286713,0.603022689156,0.510249967747,0.237762237762,1.40129809949,1.18571377649,0.503496503497,2.05382127221,0.551025219373,7,3.72727272727,2.05382127221,7,0,0,0,0,0.22962962963,11,11,11,1,0,0.0909090909091,0.636363636364,0.272727272727,11,21,0.190909090909,7.74545454545,3.81818181818,2.1,1.90909090909,2.1825756261,0.571626949692,0.220779220779,1.30034960334,0.681135506512,0.329004329004,1.30034960334,0.681135506512,0.320346320346,2.88465198397,0.372431594175,10.1428571429,7.74545454545,2.88465198397,10.1428571429,0.421428571429,0.315789473684,6,0.0363636363636,0.194444444444,11,11,11,1,0,0.0909090909091,0.909090909091,0,1,0.00909090909091,4.7020661157,0.181818181818,0.1,-0.590909090909,0.493035613389,0.107003446197,-0.0246753246753,0.132601187099,0.0388738775787,-0.00735930735931,-0.639659768708,-0.385869648115,-0.216017316017,1.82775320944,0.0251546037637,6.5974025974,4.7020661157,1.82775320944,6.5974025974,-0.077619047619,-0.0842105263158,-2,-0.0121212121212,-0.0611111111111,0,0.272727272727,-0.272727272727,17,4,3,86,0.85,0.955555555556,0.0444444444444,0.15,0.809523809524,0.85,0.829268292683,0.790545915216,0.805555555556,0.708333333333,8,7,0,0,0,0
2844,WLNM_dir_neg,0.744897959184,0.496185064935,00:00:00,10,70,16,1177447065,threshold_sweep,0.9,0.8,0.571428571429,0.666666666667,4,1,3,13,0.571428571429,0.928571428571,0.0714285714286,0.428571428571,0.8,0.571428571429,0.666666666667,0.809523809524,0.587301587302,0.538461538462,0.553398590529,0.5,20,13,7,0,20,0,13,0,7,11,20,0.181818181818,3.04338842975,3.63636363636,2,2.5,1.68954001271,0.464623503495,0.245454545455,1.16774841624,0.642261628933,0.336363636364,1.94000937205,1.06700515463,0.536363636364,1.05689877454,0.347276990411,3.54545454545,3.04338842975,1.05689877454,3.54545454545,0.499047619048,0.4,8,0.0484848484848,0.255555555556,11,11,11,1,0,0.0909090909091,0.636363636364,0.272727272727,11,0.118181818182,3.72727272727,2.36363636364,1.3,1.625,1.43336856898,0.6064251638,0.286713286713,0.603022689156,0.510249967747,0.237762237762,1.40129809949,1.18571377649,0.503496503497,2.05382127221,0.551025219373,7,3.72727272727,2.05382127221,7,0,0,0,0,0.22962962963,11,11,11,1,0,0.0909090909091,0.636363636364,0.272727272727,11,18,0.163636363636,6.2,3.27272727273,1.8,2.25,1.61807966991,0.494413232473,0.242424242424,0.809039834956,0.494413232473,0.242424242424,1.5666989036,0.957427107756,0.494949494949,2.28560714035,0.368646312959,8.2,6.2,2.28560714035,8.2,0.302380952381,0.25,4,0.0242424242424,0.205555555556,11,11,11,1,0,0.0909090909091,0.636363636364,0.272727272727,-2,-0.0181818181818,3.15661157025,-0.363636363636,-0.2,-0.25,-0.0714603427974,0.029789728978,-0.0030303030303,-0.358708581286,-0.14784839646,-0.0939393939394,-0.373310468447,-0.10957804687,-0.0414141414141,1.22870836581,0.0213693225477,4.65454545455,3.15661157025,1.22870836581,4.65454545455,-0.196666666667,-0.15,-4,-0.0242424242424,-0.05,0,0,0,17,1,3,89,0.85,0.988888888889,0.0111111111111,0.15,0.944444444444,0.85,0.894736842105,0.874602125628,0.838888888889,0.809523809524,5,7,0,0,0,0
2845,WLNM_dir_neg,0.918367346939,0.597305075877,00:00:00,10,70,17,1177447066,threshold_sweep,0.1,0.833333333333,0.714285714286,0.769230769231,5,1,2,13,0.714285714286,0.928571428571,0.0714285714286,0.285714285714,0.833333333333,0.714285714286,0.769230769231,0.857142857143,0.571428571429,0.666666666667,0.67082039325,0.642857142857,20,13,7,0,20,0,13,0,7,11,20,0.181818181818,3.04338842975,3.63636363636,2,2.5,1.68954001271,0.464623503495,0.245454545455,1.16774841624,0.642261628933,0.336363636364,1.94000937205,1.06700515463,0.536363636364,1.05689877454,0.347276990411,3.54545454545,3.04338842975,1.05689877454,3.54545454545,0.499047619048,0.4,8,0.0484848484848,0.255555555556,11,11,11,1,0,0.0909090909091,0.636363636364,0.272727272727,11,0.118181818182,3.72727272727,2.36363636364,1.3,1.625,1.43336856898,0.6064251638,0.286713286713,0.603022689156,0.510249967747,0.237762237762,1.40129809949,1.18571377649,0.503496503497,2.05382127221,0.551025219373,7,3.72727272727,2.05382127221,7,0,0,0,0,0.22962962963,11,11,11,1,0,0.0909090909091,0.636363636364,0.272727272727,11,19,0.172727272727,NaN,3.45454545455,1.72727272727,2.375,1.50755672289,0.436397998731,0.234449760766,0.786245393107,0.455194701272,0.22966507177,1.67874411933,0.971904490138,0.507177033493,NaN,NaN,NaN,NaN,NaN,NaN,0.3,0.235294117647,4,0.0242424242424,0.18696969697,11,11,0,1,2,0,0.727272727273,0.272727272727,-1,-0.00909090909091,NaN,-0.181818181818,-0.272727272727,-0.125,-0.18198328982,-0.0282255047641,-0.011004784689,-0.381503023135,-0.187066927661,-0.106698564593,-0.26126525272,-0.0951006644889,-0.0291866028708,NaN,NaN,NaN,NaN,NaN,NaN,-0.199047619048,-0.164705882353,-4,-0.0242424242424,-0.0685858585859,-0.0909090909091,0.0909090909091,0,18,1,2,89,0.9,0.988888888889,0.0111111111111,0.1,0.947368421053,0.9,0.923076923077,0.906956031802,0.888888888889,0.857142857143,6,7,0,0,0,0
2846,WLNM_dir_neg,0.918367346939,0.597305075877,00:00:00,10,70,17,1177447066,threshold_sweep,0.2,0.833333333333,0.714285714286,0.769230769231,5,1,2,13,0.714285714286,0.928571428571,0.0714285714286,0.285714285714,0.833333333333,0.714285714286,0.769230769231,0.857142857143,0.571428571429,0.666666666667,0.67082039325,0.642857142857,20,13,7,0,20,0,13,0,7,11,20,0.181818181818,3.04338842975,3.63636363636,2,2.5,1.68954001271,0.464623503495,0.245454545455,1.16774841624,0.642261628933,0.336363636364,1.94000937205,1.06700515463,0.536363636364,1.05689877454,0.347276990411,3.54545454545,3.04338842975,1.05689877454,3.54545454545,0.499047619048,0.4,8,0.0484848484848,0.255555555556,11,11,11,1,0,0.0909090909091,0.636363636364,0.272727272727,11,0.118181818182,3.72727272727,2.36363636364,1.3,1.625,1.43336856898,0.6064251638,0.286713286713,0.603022689156,0.510249967747,0.237762237762,1.40129809949,1.18571377649,0.503496503497,2.05382127221,0.551025219373,7,3.72727272727,2.05382127221,7,0,0,0,0,0.22962962963,11,11,11,1,0,0.0909090909091,0.636363636364,0.272727272727,11,19,0.172727272727,NaN,3.45454545455,1.72727272727,2.375,1.50755672289,0.436397998731,0.234449760766,0.786245393107,0.455194701272,0.22966507177,1.67874411933,0.971904490138,0.507177033493,NaN,NaN,NaN,NaN,NaN,NaN,0.3,0.235294117647,4,0.0242424242424,0.18696969697,11,11,0,1,2,0,0.727272727273,0.272727272727,-1,-0.00909090909091,NaN,-0.181818181818,-0.272727272727,-0.125,-0.18198328982,-0.0282255047641,-0.011004784689,-0.381503023135,-0.187066927661,-0.106698564593,-0.26126525272,-0.0951006644889,-0.0291866028708,NaN,NaN,NaN,NaN,NaN,NaN,-0.199047619048,-0.164705882353,-4,-0.0242424242424,-0.0685858585859,-0.0909090909091,0.0909090909091,0,18,1,2,89,0.9,0.988888888889,0.0111111111111,0.1,0.947368421053,0.9,0.923076923077,0.906956031802,0.888888888889,0.857142857143,6,7,0,0,0,0
2847,WLNM_dir_neg,0.918367346939,0.597305075877,00:00:00,10,70,17,1177447066,threshold_sweep,0.3,0.8,0.571428571429,0.666666666667,4,1,3,13,0.571428571429,0.928571428571,0.0714285714286,0.428571428571,0.8,0.571428571429,0.666666666667,0.809523809524,0.587301587302,0.538461538462,0.553398590529,0.5,20,13,7,0,20,0,13,0,7,11,20,0.181818181818,3.04338842975,3.63636363636,2,2.5,1.68954001271,0.464623503495,0.245454545455,1.16774841624,0.642261628933,0.336363636364,1.94000937205,1.06700515463,0.536363636364,1.05689877454,0.347276990411,3.54545454545,3.04338842975,1.05689877454,3.54545454545,0.499047619048,0.4,8,0.0484848484848,0.255555555556,11,11,11,1,0,0.0909090909091,0.636363636364,0.272727272727,11,0.118181818182,3.72727272727,2.36363636364,1.3,1.625,1.43336856898,0.6064251638,0.286713286713,0.603022689156,0.510249967747,0.237762237762,1.40129809949,1.18571377649,0.503496503497,2.05382127221,0.551025219373,7,3.72727272727,2.05382127221,7,0,0,0,0,0.22962962963,11,11,11,1,0,0.0909090909091,0.636363636364,0.272727272727,11,18,0.163636363636,NaN,3.27272727273,1.63636363636,2.25,1.34839972493,0.412011027061,0.212121212121,0.674199862463,0.412011027061,0.20202020202,1.5666989036,0.957427107756,0.494949494949,NaN,NaN,NaN,NaN,NaN,NaN,0.18,0.136363636364,2,0.0121212121212,0.174242424242,11,11,0,1,2,0,0.727272727273,0.272727272727,-2,-0.0181818181818,NaN,-0.363636363636,-0.363636363636,-0.25,-0.341140287783,-0.0526124764342,-0.0333333333333,-0.493548553779,-0.230250601872,-0.134343434343,-0.373310468447,-0.10957804687,-0.0414141414141,NaN,NaN,NaN,NaN,NaN,NaN,-0.319047619048,-0.263636363636,-6,-0.0363636363636,-0.0813131313131,-0.0909090909091,0.0909090909091,0,17,1,3,89,0.85,0.988888888889,0.0111111111111,0.15,0.944444444444,0.85,0.894736842105,0.874602125628,0.838888888889,0.809523809524,5,7,0,0,0,0
2848,WLNM_dir_neg,0.918367346939,0.597305075877,00:00:00,10,70,17,1177447066,threshold_sweep,0.4,1,0.571428571429,0.727272727273,4,0,3,14,0.571428571429,1,0,0.428571428571,1,0.571428571429,0.727272727273,0.857142857143,0.603174603175,0.64,0.68599434057,0.571428571429,20,13,7,0,20,0,13,0,7,11,20,0.181818181818,3.04338842975,3.63636363636,2,2.5,1.68954001271,0.464623503495,0.245454545455,1.16774841624,0.642261628933,0.336363636364,1.94000937205,1.06700515463,0.536363636364,1.05689877454,0.347276990411,3.54545454545,3.04338842975,1.05689877454,3.54545454545,0.499047619048,0.4,8,0.0484848484848,0.255555555556,11,11,11,1,0,0.0909090909091,0.636363636364,0.272727272727,11,0.118181818182,3.72727272727,2.36363636364,1.3,1.625,1.43336856898,0.6064251638,0.286713286713,0.603022689156,0.510249967747,0.237762237762,1.40129809949,1.18571377649,0.503496503497,2.05382127221,0.551025219373,7,3.72727272727,2.05382127221,7,0,0,0,0,0.22962962963,11,11,11,1,0,0.0909090909091,0.636363636364,0.272727272727,11,17,0.154545454545,3.17727272727,3.09090909091,1.7,2.125,1.30034960334,0.420701342257,0.208556149733,0.820199532265,0.530717344407,0.267379679144,1.57249078621,1.01749403814,0.513368983957,1.2536673475,0.394573414091,4.4,3.17727272727,1.2536673475,4.4,0.213333333333,0.153846153846,2,0.0121212121212,0.205555555556,11,11,11,1,0,0.0909090909091,0.636363636364,0.272727272727,-3,-0.0272727272727,0.133884297521,-0.545454545455,-0.3,-0.375,-0.389190409368,-0.0439221612377,-0.0368983957219,-0.347548883978,-0.111544284527,-0.0689839572193,-0.367518585835,-0.0495111164884,-0.0229946524064,0.196768572961,0.0472964236795,0.854545454545,0.133884297521,0.196768572961,0.854545454545,-0.285714285714,-0.246153846154,-6,-0.0363636363636,-0.05,0,0,0,17,0,3,90,0.85,1,0,0.15,1,0.85,0.918918918919,0.906962317388,0.85,0.85,4,7,0,0,0,0
2849,WLNM_dir_neg,0.918367346939,0.597305075877,00:00:00,10,70,17,1177447066,threshold_sweep,0.5,1,0.571428571429,0.727272727273,4,0,3,14,0.571428571429,1,0,0.428571428571,1,0.571428571429,0.727272727273,0.857142857143,0.603174603175,0.64,0.68599434057,0.571428571429,20,13,7,0,20,0,13,0,7,11,20,0.181818181818,3.04338842975,3.63636363636,2,2.5,1.68954001271,0.464623503495,0.245454545455,1.16774841624,0.642261628933,0.336363636364,1.94000937205,1.06700515463,0.536363636364,1.05689877454,0.347276990411,3.54545454545,3.04338842975,1.05689877454,3.54545454545,0.499047619048,0.4,8,0.0484848484848,0.255555555556,11,11,11,1,0,0.0909090909091,0.636363636364,0.272727272727,11,0.118181818182,3.72727272727,2.36363636364,1.3,1.625,1.43336856898,0.6064251638,0.286713286713,0.603022689156,0.510249967747,0.237762237762,1.40129809949,1.18571377649,0.503496503497,2.05382127221,0.551025219373,7,3.72727272727,2.05382127221,7,0,0,0,0,0.22962962963,11,11,11,1,0,0.0909090909091,0.636363636364,0.272727272727,11,17,0.154545454545,3.17727272727,3.09090909091,1.7,2.125,1.30034960334,0.420701342257,0.208556149733,0.820199532265,0.530717344407,0.267379679144,1.57249078621,1.01749403814,0.513368983957,1.2536673475,0.394573414091,4.4,3.17727272727,1.2536673475,4.4,0.213333333333,0.153846153846,2,0.0121212121212,0.205555555556,11,11,11,1,0,0.0909090909091,0.636363636364,0.272727272727,-3,-0.0272727272727,0.133884297521,-0.545454545455,-0.3,-0.375,-0.389190409368,-0.0439221612377,-0.0368983957219,-0.347548883978,-0.111544284527,-0.0689839572193,-0.367518585835,-0.0495111164884,-0.0229946524064,0.196768572961,0.0472964236795,0.854545454545,0.133884297521,0.196768572961,0.854545454545,-0.285714285714,-0.246153846154,-6,-0.0363636363636,-0.05,0,0,0,17,0,3,90,0.85,1,0,0.15,1,0.85,0.918918918919,0.906962317388,0.85,0.85,4,7,0,0,0,0
2850,WLNM_dir_neg,0.918367346939,0.597305075877,00:00:00,10,70,17,1177447066,threshold_sweep,0.6,1,0.571428571429,0.727272727273,4,0,3,14,0.571428571429,1,0,0.428571428571,1,0.571428571429,0.727272727273,0.857142857143,0.603174603175,0.64,0.68599434057,0.571428571429,20,13,7,0,20,0,13,0,7,11,20,0.181818181818,3.04338842975,3.63636363636,2,2.5,1.68954001271,0.464623503495,0.245454545455,1.16774841624,0.642261628933,0.336363636364,1.94000937205,1.06700515463,0.536363636364,1.05689877454,0.347276990411,3.54545454545,3.04338842975,1.05689877454,3.54545454545,0.499047619048,0.4,8,0.0484848484848,0.255555555556,11,11,11,1,0,0.0909090909091,0.636363636364,0.272727272727,11,0.118181818182,3.72727272727,2.36363636364,1.3,1.625,1.43336856898,0.6064251638,0.286713286713,0.603022689156,0.510249967747,0.237762237762,1.40129809949,1.18571377649,0.503496503497,2.05382127221,0.551025219373,7,3.72727272727,2.05382127221,7,0,0,0,0,0.22962962963,11,11,11,1,0,0.0909090909091,0.636363636364,0.272727272727,11,17,0.154545454545,3.17727272727,3.09090909091,1.7,2.125,1.30034960334,0.420701342257,0.208556149733,0.820199532265,0.530717344407,0.267379679144,1.57249078621,1.01749403814,0.513368983957,1.2536673475,0.394573414091,4.4,3.17727272727,1.2536673475,4.4,0.213333333333,0.153846153846,2,0.0121212121212,0.205555555556,11,11,11,1,0,0.0909090909091,0.636363636364,0.272727272727,-3,-0.0272727272727,0.133884297521,-0.545454545455,-0.3,-0.375,-0.389190409368,-0.0439221612377,-0.0368983957219,-0.347548883978,-0.111544284527,-0.0689839572193,-0.367518585835,-0.0495111164884,-0.0229946524064,0.196768572961,0.0472964236795,0.854545454545,0.133884297521,0.196768572961,0.854545454545,-0.285714285714,-0.246153846154,-6,-0.0363636363636,-0.05,0,0,0,17,0,3,90,0.85,1,0,0.15,1,0.85,0.918918918919,0.906962317388,0.85,0.85,4,7,0,0,0,0
2851,WLNM_dir_neg,0.918367346939,0.597305075877,00:00:00,10,70,17,1177447066,threshold_sweep,0.7,1,0.571428571429,0.727272727273,4,0,3,14,0.571428571429,1,0,0.428571428571,1,0.571428571429,0.727272727273,0.857142857143,0.603174603175,0.64,0.68599434057,0.571428571429,20,13,7,0,20,0,13,0,7,11,20,0.181818181818,3.04338842975,3.63636363636,2,2.5,1.68954001271,0.464623503495,0.245454545455,1.16774841624,0.642261628933,0.336363636364,1.94000937205,1.06700515463,0.536363636364,1.05689877454,0.347276990411,3.54545454545,3.04338842975,1.05689877454,3.54545454545,0.499047619048,0.4,8,0.0484848484848,0.255555555556,11,11,11,1,0,0.0909090909091,0.636363636364,0.272727272727,11,0.118181818182,3.72727272727,2.36363636364,1.3,1.625,1.43336856898,0.6064251638,0.286713286713,0.603022689156,0.510249967747,0.237762237762,1.40129809949,1.18571377649,0.503496503497,2.05382127221,0.551025219373,7,3.72727272727,2.05382127221,7,0,0,0,0,0.22962962963,11,11,11,1,0,0.0909090909091,0.636363636364,0.272727272727,11,17,0.154545454545,3.17727272727,3.09090909091,1.7,2.125,1.30034960334,0.420701342257,0.208556149733,0.820199532265,0.530717344407,0.267379679144,1.57249078621,1.01749403814,0.513368983957,1.2536673475,0.394573414091,4.4,3.17727272727,1.2536673475,4.4,0.213333333333,0.153846153846,2,0.0121212121212,0.205555555556,11,11,11,1,0,0.0909090909091,0.636363636364,0.272727272727,-3,-0.0272727272727,0.133884297521,-0.545454545455,-0.3,-0.375,-0.389190409368,-0.0439221612377,-0.0368983957219,-0.347548883978,-0.111544284527,-0.0689839572193,-0.367518585835,-0.0495111164884,-0.0229946524064,0.196768572961,0.0472964236795,0.854545454545,0.133884297521,0.196768572961,0.854545454545,-0.285714285714,-0.246153846154,-6,-0.0363636363636,-0.05,0,0,0,17,0,3,90,0.85,1,0,0.15,1,0.85,0.918918918919,0.906962317388,0.85,0.85,4,7,0,0,0,0
2852,WLNM_dir_neg,0.918367346939,0.597305075877,00:00:00,10,70,17,1177447066,threshold_sweep,0.8,1,0.571428571429,0.727272727273,4,0,3,14,0.571428571429,1,0,0.428571428571,1,0.571428571429,0.727272727273,0.857142857143,0.603174603175,0.64,0.68599434057,0.571428571429,20,13,7,0,20,0,13,0,7,11,20,0.181818181818,3.04338842975,3.63636363636,2,2.5,1.68954001271,0.464623503495,0.245454545455,1.16774841624,0.642261628933,0.336363636364,1.94000937205,1.06700515463,0.536363636364,1.05689877454,0.347276990411,3.54545454545,3.04338842975,1.05689877454,3.54545454545,0.499047619048,0.4,8,0.0484848484848,0.255555555556,11,11,11,1,0,0.0909090909091,0.636363636364,0.272727272727,11,0.118181818182,3.72727272727,2.36363636364,1.3,1.625,1.43336856898,0.6064251638,0.286713286713,0.603022689156,0.510249967747,0.237762237762,1.40129809949,1.18571377649,0.503496503497,2.05382127221,0.551025219373,7,3.72727272727,2.05382127221,7,0,0,0,0,0.22962962963,11,11,11,1,0,0.0909090909091,0.636363636364,0.272727272727,11,17,0.154545454545,3.17727272727,3.09090909091,1.7,2.125,1.30034960334,0.420701342257,0.208556149733,0.820199532265,0.530717344407,0.267379679144,1.57249078621,1.01749403814,0.513368983957,1.2536673475,0.394573414091,4.4,3.17727272727,1.2536673475,4.4,0.213333333333,0.153846153846,2,0.0121212121212,0.205555555556,11,11,11,1,0,0.0909090909091,0.636363636364,0.272727272727,-3,-0.0272727272727,0.133884297521,-0.545454545455,-0.3,-0.375,-0.389190409368,-0.0439221612377,-0.0368983957219,-0.347548883978,-0.111544284527,-0.0689839572193,-0.367518585835,-0.0495111164884,-0.0229946524064,0.196768572961,0.0472964236795,0.854545454545,0.133884297521,0.196768572961,0.854545454545,-0.285714285714,-0.246153846154,-6,-0.0363636363636,-0.05,0,0,0,17,0,3,90,0.85,1,0,0.15,1,0.85,0.918918918919,0.906962317388,0.85,0.85,4,7,0,0,0,0
2853,WLNM_dir_neg,0.918367346939,0.597305075877,00:00:00,10,70,17,1177447066,threshold_sweep,0.9,1,0.571428571429,0.727272727273,4,0,3,14,0.571428571429,1,0,0.428571428571,1,0.571428571429,0.727272727273,0.857142857143,0.603174603175,0.64,0.68599434057,0.571428571429,20,13,7,0,20,0,13,0,7,11,20,0.181818181818,3.04338842975,3.63636363636,2,2.5,1.68954001271,0.464623503495,0.245454545455,1.16774841624,0.642261628933,0.336363636364,1.94000937205,1.06700515463,0.536363636364,1.05689877454,0.347276990411,3.54545454545,3.04338842975,1.05689877454,3.54545454545,0.499047619048,0.4,8,0.0484848484848,0.255555555556,11,11,11,1,0,0.0909090909091,0.636363636364,0.272727272727,11,0.118181818182,3.72727272727,2.36363636364,1.3,1.625,1.43336856898,0.6064251638,0.286713286713,0.603022689156,0.510249967747,0.237762237762,1.40129809949,1.18571377649,0.503496503497,2.05382127221,0.551025219373,7,3.72727272727,2.05382127221,7,0,0,0,0,0.22962962963,11,11,11,1,0,0.0909090909091,0.636363636364,0.272727272727,11,17,0.154545454545,3.17727272727,3.09090909091,1.7,2.125,1.30034960334,0.420701342257,0.208556149733,0.820199532265,0.530717344407,0.267379679144,1.57249078621,1.01749403814,0.513368983957,1.2536673475,0.394573414091,4.4,3.17727272727,1.2536673475,4.4,0.213333333333,0.153846153846,2,0.0121212121212,0.205555555556,11,11,11,1,0,0.0909090909091,0.636363636364,0.272727272727,-3,-0.0272727272727,0.133884297521,-0.545454545455,-0.3,-0.375,-0.389190409368,-0.0439221612377,-0.0368983957219,-0.347548883978,-0.111544284527,-0.0689839572193,-0.367518585835,-0.0495111164884,-0.0229946524064,0.196768572961,0.0472964236795,0.854545454545,0.133884297521,0.196768572961,0.854545454545,-0.285714285714,-0.246153846154,-6,-0.0363636363636,-0.05,0,0,0,17,0,3,90,0.85,1,0,0.15,1,0.85,0.918918918919,0.906962317388,0.85,0.85,4,7,0,0,0,0
2854,WLNM_dir_neg,0.867346938776,0.56911976912,00:00:00,10,70,18,1177447067,threshold_sweep,0.1,0.714285714286,0.714285714286,0.714285714286,5,2,2,12,0.714285714286,0.857142857143,0.142857142857,0.285714285714,0.714285714286,0.714285714286,0.714285714286,0.809523809524,0.555555555556,0.571428571429,0.571428571429,0.571428571429,20,13,7,0,20,0,13,0,7,11,20,0.181818181818,3.04338842975,3.63636363636,2,2.5,1.68954001271,0.464623503495,0.245454545455,1.16774841624,0.642261628933,0.336363636364,1.94000937205,1.06700515463,0.536363636364,1.05689877454,0.347276990411,3.54545454545,3.04338842975,1.05689877454,3.54545454545,0.499047619048,0.4,8,0.0484848484848,0.255555555556,11,11,11,1,0,0.0909090909091,0.636363636364,0.272727272727,11,0.118181818182,3.72727272727,2.36363636364,1.3,1.625,1.43336856898,0.6064251638,0.286713286713,0.603022689156,0.510249967747,0.237762237762,1.40129809949,1.18571377649,0.503496503497,2.05382127221,0.551025219373,7,3.72727272727,2.05382127221,7,0,0,0,0,0.22962962963,11,11,11,1,0,0.0909090909091,0.636363636364,0.272727272727,11,20,0.181818181818,NaN,3.63636363636,1.81818181818,2.5,1.74772579501,0.480624593628,0.254545454545,0.75075719353,0.412916456441,0.209090909091,1.66241882919,0.914330356053,0.481818181818,NaN,NaN,NaN,NaN,NaN,NaN,0.365714285714,0.3,6,0.0363636363636,0.185454545455,11,11,0,1,2,0,0.727272727273,0.272727272727,0,0,NaN,0,-0.181818181818,0,0.0581857823014,0.0160010901329,0.00909090909091,-0.416991222713,-0.229345172492,-0.127272727273,-0.277590542861,-0.152674798574,-0.0545454545455,NaN,NaN,NaN,NaN,NaN,NaN,-0.133333333333,-0.1,-2,-0.0121212121212,-0.070101010101,-0.0909090909091,0.0909090909091,0,18,2,2,88,0.9,0.977777777778,0.0222222222222,0.1,0.9,0.9,0.9,0.877777777778,0.877777777778,0.818181818182,7,7,0,0,0,0
2855,WLNM_dir_neg,0.867346938776,0.56911976912,00:00:00,10,70,18,1177447067,threshold_sweep,0.2,0.833333333333,0.714285714286,0.769230769231,5,1,2,13,0.714285714286,0.928571428571,0.0714285714286,0.285714285714,0.833333333333,0.714285714286,0.769230769231,0.857142857143,0.571428571429,0.666666666667,0.67082039325,0.642857142857,20,13,7,0,20,0,13,0,7,11,20,0.181818181818,3.04338842975,3.63636363636,2,2.5,1.68954001271,0.464623503495,0.245454545455,1.16774841624,0.642261628933,0.336363636364,1.94000937205,1.06700515463,0.536363636364,1.05689877454,0.347276990411,3.54545454545,3.04338842975,1.05689877454,3.54545454545,0.499047619048,0.4,8,0.0484848484848,0.255555555556,11,11,11,1,0,0.0909090909091,0.636363636364,0.272727272727,11,0.118181818182,3.72727272727,2.36363636364,1.3,1.625,1.43336856898,0.6064251638,0.286713286713,0.603022689156,0.510249967747,0.237762237762,1.40129809949,1.18571377649,0.503496503497,2.05382127221,0.551025219373,7,3.72727272727,2.05382127221,7,0,0,0,0,0.22962962963,11,11,11,1,0,0.0909090909091,0.636363636364,0.272727272727,11,19,0.172727272727,5.99715909091,3.45454545455,1.9,2.375,1.69491217257,0.490632471007,0.253588516746,0.904534033733,0.523677598477,0.267942583732,1.67874411933,0.971904490138,0.507177033493,2.14896661873,0.35833076731,7.5,5.99715909091,2.14896661873,7.5,0.432380952381,0.333333333333,6,0.0363636363636,0.219259259259,11,11,11,1,0,0.0909090909091,0.636363636364,0.272727272727,-1,-0.00909090909091,2.95377066116,-0.181818181818,-0.1,-0.125,0.00537215986117,0.0260089675122,0.00813397129187,-0.263214382509,-0.118584030456,-0.0684210526316,-0.26126525272,-0.0951006644889,-0.0291866028708,1.09206784419,0.0110537768992,3.95454545455,2.95377066116,1.09206784419,3.95454545455,-0.0666666666667,-0.0666666666667,-2,-0.0121212121212,-0.0362962962963,0,0,0,18,1,2,89,0.9,0.988888888889,0.0111111111111,0.1,0.947368421053,0.9,0.923076923077,0.906956031802,0.888888888889,0.857142857143,6,7,0,0,0,0
2856,WLNM_dir_neg,0.867346938776,0.56911976912,00:00:00,10,70,18,1177447067,threshold_sweep,0.3,0.833333333333,0.714285714286,0.769230769231,5,1,2,13,0.714285714286,0.928571428571,0.0714285714286,0.285714285714,0.833333333333,0.714285714286,0.769230769231,0.857142857143,0.571428571429,0.666666666667,0.67082039325,0.642857142857,20,13,7,0,20,0,13,0,7,11,20,0.181818181818,3.04338842975,3.63636363636,2,2.5,1.68954001271,0.464623503495,0.245454545455,1.16774841624,0.642261628933,0.336363636364,1.94000937205,1.06700515463,0.536363636364,1.05689877454,0.347276990411,3.54545454545,3.04338842975,1.05689877454,3.54545454545,0.499047619048,0.4,8,0.0484848484848,0.255555555556,11,11,11,1,0,0.0909090909091,0.636363636364,0.272727272727,11,0.118181818182,3.72727272727,2.36363636364,1.3,1.625,1.43336856898,0.6064251638,0.286713286713,0.603022689156,0.510249967747,0.237762237762,1.40129809949,1.18571377649,0.503496503497,2.05382127221,0.551025219373,7,3.72727272727,2.05382127221,7,0,0,0,0,0.22962962963,11,11,11,1,0,0.0909090909091,0.636363636364,0.272727272727,11,19,0.172727272727,5.99715909091,3.45454545455,1.9,2.375,1.69491217257,0.490632471007,0.253588516746,0.904534033733,0.523677598477,0.267942583732,1.67874411933,0.971904490138,0.507177033493,2.14896661873,0.35833076731,7.5,5.99715909091,2.14896661873,7.5,0.432380952381,0.333333333333,6,0.0363636363636,0.219259259259,11,11,11,1,0,0.0909090909091,0.636363636364,0.272727272727,-1,-0.00909090909091,2.95377066116,-0.181818181818,-0.1,-0.125,0.00537215986117,0.0260089675122,0.00813397129187,-0.263214382509,-0.118584030456,-0.0684210526316,-0.26126525272,-0.0951006644889,-0.0291866028708,1.09206784419,0.0110537768992,3.95454545455,2.95377066116,1.09206784419,3.95454545455,-0.0666666666667,-0.0666666666667,-2,-0.0121212121212,-0.0362962962963,0,0,0,18,1,2,89,0.9,0.988888888889,0.0111111111111,0.1,0.947368421053,0.9,0.923076923077,0.906956031802,0.888888888889,0.857142857143,6,7,0,0,0,0
2857,WLNM_dir_neg,0.867346938776,0.56911976912,00:00:00,10,70,18,1177447067,threshold_sweep,0.4,0.833333333333,0.714285714286,0.769230769231,5,1,2,13,0.714285714286,0.928571428571,0.0714285714286,0.285714285714,0.833333333333,0.714285714286,0.769230769231,0.857142857143,0.571428571429,0.666666666667,0.67082039325,0.642857142857,20,13,7,0,20,0,13,0,7,11,20,0.181818181818,3.04338842975,3.63636363636,2,2.5,1.68954001271,0.464623503495,0.245454545455,1.16774841624,0.642261628933,0.336363636364,1.94000937205,1.06700515463,0.536363636364,1.05689877454,0.347276990411,3.54545454545,3.04338842975,1.05689877454,3.54545454545,0.499047619048,0.4,8,0.0484848484848,0.255555555556,11,11,11,1,0,0.0909090909091,0.636363636364,0.272727272727,11,0.118181818182,3.72727272727,2.36363636364,1.3,1.625,1.43336856898,0.6064251638,0.286713286713,0.603022689156,0.510249967747,0.237762237762,1.40129809949,1.18571377649,0.503496503497,2.05382127221,0.551025219373,7,3.72727272727,2.05382127221,7,0,0,0,0,0.22962962963,11,11,11,1,0,0.0909090909091,0.636363636364,0.272727272727,11,19,0.172727272727,5.99715909091,3.45454545455,1.9,2.375,1.69491217257,0.490632471007,0.253588516746,0.904534033733,0.523677598477,0.267942583732,1.67874411933,0.971904490138,0.507177033493,2.14896661873,0.35833076731,7.5,5.99715909091,2.14896661873,7.5,0.432380952381,0.333333333333,6,0.0363636363636,0.219259259259,11,11,11,1,0,0.0909090909091,0.636363636364,0.272727272727,-1,-0.00909090909091,2.95377066116,-0.181818181818,-0.1,-0.125,0.00537215986117,0.0260089675122,0.00813397129187,-0.263214382509,-0.118584030456,-0.0684210526316,-0.26126525272,-0.0951006644889,-0.0291866028708,1.09206784419,0.0110537768992,3.95454545455,2.95377066116,1.09206784419,3.95454545455,-0.0666666666667,-0.0666666666667,-2,-0.0121212121212,-0.0362962962963,0,0,0,18,1,2,89,0.9,0.988888888889,0.0111111111111,0.1,0.947368421053,0.9,0.923076923077,0.906956031802,0.888888888889,0.857142857143,6,7,0,0,0,0
2858,WLNM_dir_neg,0.867346938776,0.56911976912,00:00:00,10,70,18,1177447067,threshold_sweep,0.5,0.833333333333,0.714285714286,0.769230769231,5,1,2,13,0.714285714286,0.928571428571,0.0714285714286,0.285714285714,0.833333333333,0.714285714286,0.769230769231,0.857142857143,0.571428571429,0.666666666667,0.67082039325,0.642857142857,20,13,7,0,20,0,13,0,7,11,20,0.181818181818,3.04338842975,3.63636363636,2,2.5,1.68954001271,0.464623503495,0.245454545455,1.16774841624,0.642261628933,0.336363636364,1.94000937205,1.06700515463,0.536363636364,1.05689877454,0.347276990411,3.54545454545,3.04338842975,1.05689877454,3.54545454545,0.499047619048,0.4,8,0.0484848484848,0.255555555556,11,11,11,1,0,0.0909090909091,0.636363636364,0.272727272727,11,0.118181818182,3.72727272727,2.36363636364,1.3,1.625,1.43336856898,0.6064251638,0.286713286713,0.603022689156,0.510249967747,0.237762237762,1.40129809949,1.18571377649,0.503496503497,2.05382127221,0.551025219373,7,3.72727272727,2.05382127221,7,0,0,0,0,0.22962962963,11,11,11,1,0,0.0909090909091,0.636363636364,0.272727272727,11,19,0.172727272727,5.99715909091,3.45454545455,1.9,2.375,1.69491217257,0.490632471007,0.253588516746,0.904534033733,0.523677598477,0.267942583732,1.67874411933,0.971904490138,0.507177033493,2.14896661873,0.35833076731,7.5,5.99715909091,2.14896661873,7.5,0.432380952381,0.333333333333,6,0.0363636363636,0.219259259259,11,11,11,1,0,0.0909090909091,0.636363636364,0.272727272727,-1,-0.00909090909091,2.95377066116,-0.181818181818,-0.1,-0.125,0.00537215986117,0.0260089675122,0.00813397129187,-0.263214382509,-0.118584030456,-0.0684210526316,-0.26126525272,-0.0951006644889,-0.0291866028708,1.09206784419,0.0110537768992,3.95454545455,2.95377066116,1.09206784419,3.95454545455,-0.0666666666667,-0.0666666666667,-2,-0.0121212121212,-0.0362962962963,0,0,0,18,1,2,89,0.9,0.988888888889,0.0111111111111,0.1,0.947368421053,0.9,0.923076923077,0.906956031802,0.888888888889,0.857142857143,6,7,0,0,0,0
2859,WLNM_dir_neg,0.867346938776,0.56911976912,00:00:00,10,70,18,1177447067,threshold_sweep,0.6,0.833333333333,0.714285714286,0.769230769231,5,1,2,13,0.714285714286,0.928571428571,0.0714285714286,0.285714285714,0.833333333333,0.714285714286,0.769230769231,0.857142857143,0.571428571429,0.666666666667,0.67082039325,0.642857142857,20,13,7,0,20,0,13,0,7,11,20,0.181818181818,3.04338842975,3.63636363636,2,2.5,1.68954001271,0.464623503495,0.245454545455,1.16774841624,0.642261628933,0.336363636364,1.94000937205,1.06700515463,0.536363636364,1.05689877454,0.347276990411,3.54545454545,3.04338842975,1.05689877454,3.54545454545,0.499047619048,0.4,8,0.0484848484848,0.255555555556,11,11,11,1,0,0.0909090909091,0.636363636364,0.272727272727,11,0.118181818182,3.72727272727,2.36363636364,1.3,1.625,1.43336856898,0.6064251638,0.286713286713,0.603022689156,0.510249967747,0.237762237762,1.40129809949,1.18571377649,0.503496503497,2.05382127221,0.551025219373,7,3.72727272727,2.05382127221,7,0,0,0,0,0.22962962963,11,11,11,1,0,0.0909090909091,0.636363636364,0.272727272727,11,19,0.172727272727,5.99715909091,3.45454545455,1.9,2.375,1.69491217257,0.490632471007,0.253588516746,0.904534033733,0.523677598477,0.267942583732,1.67874411933,0.971904490138,0.507177033493,2.14896661873,0.35833076731,7.5,5.99715909091,2.14896661873,7.5,0.432380952381,0.333333333333,6,0.0363636363636,0.219259259259,11,11,11,1,0,0.0909090909091,0.636363636364,0.272727272727,-1,-0.00909090909091,2.95377066116,-0.181818181818,-0.1,-0.125,0.00537215986117,0.0260089675122,0.00813397129187,-0.263214382509,-0.118584030456,-0.0684210526316,-0.26126525272,-0.0951006644889,-0.0291866028708,1.09206784419,0.0110537768992,3.95454545455,2.95377066116,1.09206784419,3.95454545455,-0.0666666666667,-0.0666666666667,-2,-0.0121212121212,-0.0362962962963,0,0,0,18,1,2,89,0.9,0.988888888889,0.0111111111111,0.1,0.947368421053,0.9,0.923076923077,0.906956031802,0.888888888889,0.857142857143,6,7,0,0,0,0
2860,WLNM_dir_neg,0.867346938776,0.56911976912,00:00:00,10,70,18,1177447067,threshold_sweep,0.7,0.833333333333,0.714285714286,0.769230769231,5,1,2,13,0.714285714286,0.928571428571,0.0714285714286,0.285714285714,0.833333333333,0.714285714286,0.769230769231,0.857142857143,0.571428571429,0.666666666667,0.67082039325,0.642857142857,20,13,7,0,20,0,13,0,7,11,20,0.181818181818,3.04338842975,3.63636363636,2,2.5,1.68954001271,0.464623503495,0.245454545455,1.16774841624,0.642261628933,0.336363636364,1.94000937205,1.06700515463,0.536363636364,1.05689877454,0.347276990411,3.54545454545,3.04338842975,1.05689877454,3.54545454545,0.499047619048,0.4,8,0.0484848484848,0.255555555556,11,11,11,1,0,0.0909090909091,0.636363636364,0.272727272727,11,0.118181818182,3.72727272727,2.36363636364,1.3,1.625,1.43336856898,0.6064251638,0.286713286713,0.603022689156,0.510249967747,0.237762237762,1.40129809949,1.18571377649,0.503496503497,2.05382127221,0.551025219373,7,3.72727272727,2.05382127221,7,0,0,0,0,0.22962962963,11,11,11,1,0,0.0909090909091,0.636363636364,0.272727272727,11,19,0.172727272727,5.99715909091,3.45454545455,1.9,2.375,1.69491217257,0.490632471007,0.253588516746,0.904534033733,0.523677598477,0.267942583732,1.67874411933,0.971904490138,0.507177033493,2.14896661873,0.35833076731,7.5,5.99715909091,2.14896661873,7.5,0.432380952381,0.333333333333,6,0.0363636363636,0.219259259259,11,11,11,1,0,0.0909090909091,0.636363636364,0.272727272727,-1,-0.00909090909091,2.95377066116,-0.181818181818,-0.1,-0.125,0.00537215986117,0.0260089675122,0.00813397129187,-0.263214382509,-0.118584030456,-0.0684210526316,-0.26126525272,-0.0951006644889,-0.0291866028708,1.09206784419,0.0110537768992,3.95454545455,2.95377066116,1.09206784419,3.95454545455,-0.0666666666667,-0.0666666666667,-2,-0.0121212121212,-0.0362962962963,0,0,0,18,1,2,89,0.9,0.988888888889,0.0111111111111,0.1,0.947368421053,0.9,0.923076923077,0.906956031802,0.888888888889,0.857142857143,6,7,0,0,0,0
2861,WLNM_dir_neg,0.867346938776,0.56911976912,00:00:00,10,70,18,1177447067,threshold_sweep,0.8,0.833333333333,0.714285714286,0.769230769231,5,1,2,13,0.714285714286,0.928571428571,0.0714285714286,0.285714285714,0.833333333333,0.714285714286,0.769230769231,0.857142857143,0.571428571429,0.666666666667,0.67082039325,0.642857142857,20,13,7,0,20,0,13,0,7,11,20,0.181818181818,3.04338842975,3.63636363636,2,2.5,1.68954001271,0.464623503495,0.245454545455,1.16774841624,0.642261628933,0.336363636364,1.94000937205,1.06700515463,0.536363636364,1.05689877454,0.347276990411,3.54545454545,3.04338842975,1.05689877454,3.54545454545,0.499047619048,0.4,8,0.0484848484848,0.255555555556,11,11,11,1,0,0.0909090909091,0.636363636364,0.272727272727,11,0.118181818182,3.72727272727,2.36363636364,1.3,1.625,1.43336856898,0.6064251638,0.286713286713,0.603022689156,0.510249967747,0.237762237762,1.40129809949,1.18571377649,0.503496503497,2.05382127221,0.551025219373,7,3.72727272727,2.05382127221,7,0,0,0,0,0.22962962963,11,11,11,1,0,0.0909090909091,0.636363636364,0.272727272727,11,19,0.172727272727,5.99715909091,3.45454545455,1.9,2.375,1.69491217257,0.490632471007,0.253588516746,0.904534033733,0.523677598477,0.267942583732,1.67874411933,0.971904490138,0.507177033493,2.14896661873,0.35833076731,7.5,5.99715909091,2.14896661873,7.5,0.432380952381,0.333333333333,6,0.0363636363636,0.219259259259,11,11,11,1,0,0.0909090909091,0.636363636364,0.272727272727,-1,-0.00909090909091,2.95377066116,-0.181818181818,-0.1,-0.125,0.00537215986117,0.0260089675122,0.00813397129187,-0.263214382509,-0.118584030456,-0.0684210526316,-0.26126525272,-0.0951006644889,-0.0291866028708,1.09206784419,0.0110537768992,3.95454545455,2.95377066116,1.09206784419,3.95454545455,-0.0666666666667,-0.0666666666667,-2,-0.0121212121212,-0.0362962962963,0,0,0,18,1,2,89,0.9,0.988888888889,0.0111111111111,0.1,0.947368421053,0.9,0.923076923077,0.906956031802,0.888888888889,0.857142857143,6,7,0,0,0,0
2862,WLNM_dir_neg,0.867346938776,0.56911976912,00:00:00,10,70,18,1177447067,threshold_sweep,0.9,0.833333333333,0.714285714286,0.769230769231,5,1,2,13,0.714285714286,0.928571428571,0.0714285714286,0.285714285714,0.833333333333,0.714285714286,0.769230769231,0.857142857143,0.571428571429,0.666666666667,0.67082039325,0.642857142857,20,13,7,0,20,0,13,0,7,11,20,0.181818181818,3.04338842975,3.63636363636,2,2.5,1.68954001271,0.464623503495,0.245454545455,1.16774841624,0.642261628933,0.336363636364,1.94000937205,1.06700515463,0.536363636364,1.05689877454,0.347276990411,3.54545454545,3.04338842975,1.05689877454,3.54545454545,0.499047619048,0.4,8,0.0484848484848,0.255555555556,11,11,11,1,0,0.0909090909091,0.636363636364,0.272727272727,11,0.118181818182,3.72727272727,2.36363636364,1.3,1.625,1.43336856898,0.6064251638,0.286713286713,0.603022689156,0.510249967747,0.237762237762,1.40129809949,1.18571377649,0.503496503497,2.05382127221,0.551025219373,7,3.72727272727,2.05382127221,7,0,0,0,0,0.22962962963,11,11,11,1,0,0.0909090909091,0.636363636364,0.272727272727,11,19,0.172727272727,5.99715909091,3.45454545455,1.9,2.375,1.69491217257,0.490632471007,0.253588516746,0.904534033733,0.523677598477,0.267942583732,1.67874411933,0.971904490138,0.507177033493,2.14896661873,0.35833076731,7.5,5.99715909091,2.14896661873,7.5,0.432380952381,0.333333333333,6,0.0363636363636,0.219259259259,11,11,11,1,0,0.0909090909091,0.636363636364,0.272727272727,-1,-0.00909090909091,2.95377066116,-0.181818181818,-0.1,-0.125,0.00537215986117,0.0260089675122,0.00813397129187,-0.263214382509,-0.118584030456,-0.0684210526316,-0.26126525272,-0.0951006644889,-0.0291866028708,1.09206784419,0.0110537768992,3.95454545455,2.95377066116,1.09206784419,3.95454545455,-0.0666666666667,-0.0666666666667,-2,-0.0121212121212,-0.0362962962963,0,0,0,18,1,2,89,0.9,0.988888888889,0.0111111111111,0.1,0.947368421053,0.9,0.923076923077,0.906956031802,0.888888888889,0.857142857143,6,7,0,0,0,0
2863,WLNM_dir_neg,0.908163265306,0.575270562771,00:00:00,10,70,19,1177447068,threshold_sweep,0.1,1,0.571428571429,0.727272727273,4,0,3,14,0.571428571429,1,0,0.428571428571,1,0.571428571429,0.727272727273,0.857142857143,0.603174603175,0.64,0.68599434057,0.571428571429,20,13,7,0,20,0,13,0,7,11,20,0.181818181818,3.04338842975,3.63636363636,2,2.5,1.68954001271,0.464623503495,0.245454545455,1.16774841624,0.642261628933,0.336363636364,1.94000937205,1.06700515463,0.536363636364,1.05689877454,0.347276990411,3.54545454545,3.04338842975,1.05689877454,3.54545454545,0.499047619048,0.4,8,0.0484848484848,0.255555555556,11,11,11,1,0,0.0909090909091,0.636363636364,0.272727272727,11,0.118181818182,3.72727272727,2.36363636364,1.3,1.625,1.43336856898,0.6064251638,0.286713286713,0.603022689156,0.510249967747,0.237762237762,1.40129809949,1.18571377649,0.503496503497,2.05382127221,0.551025219373,7,3.72727272727,2.05382127221,7,0,0,0,0,0.22962962963,11,11,11,1,0,0.0909090909091,0.636363636364,0.272727272727,11,17,0.154545454545,3.17727272727,3.09090909091,1.7,2.125,1.30034960334,0.420701342257,0.208556149733,0.820199532265,0.530717344407,0.267379679144,1.57249078621,1.01749403814,0.513368983957,1.2536673475,0.394573414091,4.4,3.17727272727,1.2536673475,4.4,0.213333333333,0.153846153846,2,0.0121212121212,0.205555555556,11,11,11,1,0,0.0909090909091,0.636363636364,0.272727272727,-3,-0.0272727272727,0.133884297521,-0.545454545455,-0.3,-0.375,-0.389190409368,-0.0439221612377,-0.0368983957219,-0.347548883978,-0.111544284527,-0.0689839572193,-0.367518585835,-0.0495111164884,-0.0229946524064,0.196768572961,0.0472964236795,0.854545454545,0.133884297521,0.196768572961,0.854545454545,-0.285714285714,-0.246153846154,-6,-0.0363636363636,-0.05,0,0,0,17,0,3,90,0.85,1,0,0.15,1,0.85,0.918918918919,0.906962317388,0.85,0.85,4,7,0,0,0,0
2864,WLNM_dir_neg,0.908163265306,0.575270562771,00:00:00,10,70,19,1177447068,threshold_sweep,0.2,1,0.428571428571,0.6,3,0,4,14,0.428571428571,1,0,0.571428571429,1,0.428571428571,0.6,0.809523809524,0.619047619048,0.5,0.57735026919,0.428571428571,20,13,7,0,20,0,13,0,7,11,20,0.181818181818,3.04338842975,3.63636363636,2,2.5,1.68954001271,0.464623503495,0.245454545455,1.16774841624,0.642261628933,0.336363636364,1.94000937205,1.06700515463,0.536363636364,1.05689877454,0.347276990411,3.54545454545,3.04338842975,1.05689877454,3.54545454545,0.499047619048,0.4,8,0.0484848484848,0.255555555556,11,11,11,1,0,0.0909090909091,0.636363636364,0.272727272727,11,0.118181818182,3.72727272727,2.36363636364,1.3,1.625,1.43336856898,0.6064251638,0.286713286713,0.603022689156,0.510249967747,0.237762237762,1.40129809949,1.18571377649,0.503496503497,2.05382127221,0.551025219373,7,3.72727272727,2.05382127221,7,0,0,0,0,0.22962962963,11,11,11,1,0,0.0909090909091,0.636363636364,0.272727272727,11,16,0.145454545455,3.25,2.90909090909,1.6,2,1.22102788294,0.41972833476,0.181818181818,0.687551650952,0.47269176003,0.227272727273,1.50755672289,1.03644524699,0.511363636364,1.3758835545,0.423348786001,4.66666666667,3.25,1.3758835545,4.66666666667,0.213333333333,0.176470588235,2,0.0121212121212,0.192592592593,11,11,11,1,0,0.0909090909091,0.636363636364,0.272727272727,-4,-0.0363636363636,0.206611570248,-0.727272727273,-0.4,-0.5,-0.468512129772,-0.0448951687355,-0.0636363636364,-0.48019676529,-0.169569868904,-0.109090909091,-0.43245264916,-0.0305599076407,-0.025,0.318984779967,0.07607179559,1.12121212121,0.206611570248,0.318984779967,1.12121212121,-0.285714285714,-0.223529411765,-6,-0.0363636363636,-0.062962962963,0,0,0,16,0,4,90,0.8,1,0,0.2,1,0.8,0.888888888889,0.875189948987,0.8,0.8,3,7,0,0,0,0
2865,WLNM_dir_neg,0.908163265306,0.575270562771,00:00:00,10,70,19,1177447068,threshold_sweep,0.3,1,0.428571428571,0.6,3,0,4,14,0.428571428571,1,0,0.571428571429,1,0.428571428571,0.6,0.809523809524,0.619047619048,0.5,0.57735026919,0.428571428571,20,13,7,0,20,0,13,0,7,11,20,0.181818181818,3.04338842975,3.63636363636,2,2.5,1.68954001271,0.464623503495,0.245454545455,1.16774841624,0.642261628933,0.336363636364,1.94000937205,1.06700515463,0.536363636364,1.05689877454,0.347276990411,3.54545454545,3.04338842975,1.05689877454,3.54545454545,0.499047619048,0.4,8,0.0484848484848,0.255555555556,11,11,11,1,0,0.0909090909091,0.636363636364,0.272727272727,11,0.118181818182,3.72727272727,2.36363636364,1.3,1.625,1.43336856898,0.6064251638,0.286713286713,0.603022689156,0.510249967747,0.237762237762,1.40129809949,1.18571377649,0.503496503497,2.05382127221,0.551025219373,7,3.72727272727,2.05382127221,7,0,0,0,0,0.22962962963,11,11,11,1,0,0.0909090909091,0.636363636364,0.272727272727,11,16,0.145454545455,3.25,2.90909090909,1.6,2,1.22102788294,0.41972833476,0.181818181818,0.687551650952,0.47269176003,0.227272727273,1.50755672289,1.03644524699,0.511363636364,1.3758835545,0.423348786001,4.66666666667,3.25,1.3758835545,4.66666666667,0.213333333333,0.176470588235,2,0.0121212121212,0.192592592593,11,11,11,1,0,0.0909090909091,0.636363636364,0.272727272727,-4,-0.0363636363636,0.206611570248,-0.727272727273,-0.4,-0.5,-0.468512129772,-0.0448951687355,-0.0636363636364,-0.48019676529,-0.169569868904,-0.109090909091,-0.43245264916,-0.0305599076407,-0.025,0.318984779967,0.07607179559,1.12121212121,0.206611570248,0.318984779967,1.12121212121,-0.285714285714,-0.223529411765,-6,-0.0363636363636,-0.062962962963,0,0,0,16,0,4,90,0.8,1,0,0.2,1,0.8,0.888888888889,0.875189948987,0.8,0.8,3,7,0,0,0,0
2866,WLNM_dir_neg,0.908163265306,0.575270562771,00:00:00,10,70,19,1177447068,threshold_sweep,0.4,1,0.428571428571,0.6,3,0,4,14,0.428571428571,1,0,0.571428571429,1,0.428571428571,0.6,0.809523809524,0.619047619048,0.5,0.57735026919,0.428571428571,20,13,7,0,20,0,13,0,7,11,20,0.181818181818,3.04338842975,3.63636363636,2,2.5,1.68954001271,0.464623503495,0.245454545455,1.16774841624,0.642261628933,0.336363636364,1.94000937205,1.06700515463,0.536363636364,1.05689877454,0.347276990411,3.54545454545,3.04338842975,1.05689877454,3.54545454545,0.499047619048,0.4,8,0.0484848484848,0.255555555556,11,11,11,1,0,0.0909090909091,0.636363636364,0.272727272727,11,0.118181818182,3.72727272727,2.36363636364,1.3,1.625,1.43336856898,0.6064251638,0.286713286713,0.603022689156,0.510249967747,0.237762237762,1.40129809949,1.18571377649,0.503496503497,2.05382127221,0.551025219373,7,3.72727272727,2.05382127221,7,0,0,0,0,0.22962962963,11,11,11,1,0,0.0909090909091,0.636363636364,0.272727272727,11,16,0.145454545455,3.25,2.90909090909,1.6,2,1.22102788294,0.41972833476,0.181818181818,0.687551650952,0.47269176003,0.227272727273,1.50755672289,1.03644524699,0.511363636364,1.3758835545,0.423348786001,4.66666666667,3.25,1.3758835545,4.66666666667,0.213333333333,0.176470588235,2,0.0121212121212,0.192592592593,11,11,11,1,0,0.0909090909091,0.636363636364,0.272727272727,-4,-0.0363636363636,0.206611570248,-0.727272727273,-0.4,-0.5,-0.468512129772,-0.0448951687355,-0.0636363636364,-0.48019676529,-0.169569868904,-0.109090909091,-0.43245264916,-0.0305599076407,-0.025,0.318984779967,0.07607179559,1.12121212121,0.206611570248,0.318984779967,1.12121212121,-0.285714285714,-0.223529411765,-6,-0.0363636363636,-0.062962962963,0,0,0,16,0,4,90,0.8,1,0,0.2,1,0.8,0.888888888889,0.875189948987,0.8,0.8,3,7,0,0,0,0
2867,WLNM_dir_neg,0.908163265306,0.575270562771,00:00:00,10,70,19,1177447068,threshold_sweep,0.5,1,0.285714285714,0.444444444444,2,0,5,14,0.285714285714,1,0,0.714285714286,1,0.285714285714,0.444444444444,0.761904761905,0.634920634921,0.347826086957,0.458831467741,0.285714285714,20,13,7,0,20,0,13,0,7,11,20,0.181818181818,3.04338842975,3.63636363636,2,2.5,1.68954001271,0.464623503495,0.245454545455,1.16774841624,0.642261628933,0.336363636364,1.94000937205,1.06700515463,0.536363636364,1.05689877454,0.347276990411,3.54545454545,3.04338842975,1.05689877454,3.54545454545,0.499047619048,0.4,8,0.0484848484848,0.255555555556,11,11,11,1,0,0.0909090909091,0.636363636364,0.272727272727,11,0.118181818182,3.72727272727,2.36363636364,1.3,1.625,1.43336856898,0.6064251638,0.286713286713,0.603022689156,0.510249967747,0.237762237762,1.40129809949,1.18571377649,0.503496503497,2.05382127221,0.551025219373,7,3.72727272727,2.05382127221,7,0,0,0,0,0.22962962963,11,11,11,1,0,0.0909090909091,0.636363636364,0.272727272727,11,15,0.136363636364,3.61363636364,2.72727272727,1.5,1.875,1.27207775634,0.466428510659,0.212121212121,0.674199862463,0.494413232473,0.242424242424,1.50151438706,1.10111055051,0.521212121212,2.09572074823,0.579947880012,7,3.61363636364,2.09572074823,7,0.237037037037,0.193548387097,2,0.0121212121212,0.185185185185,11,11,11,1,0,0.0909090909091,0.636363636364,0.272727272727,-5,-0.0454545454545,0.570247933884,-0.909090909091,-0.5,-0.625,-0.417462256367,0.00180500716395,-0.0333333333333,-0.493548553779,-0.14784839646,-0.0939393939394,-0.438494984989,0.0341053958833,-0.0151515151515,1.03882197369,0.232670889601,3.45454545455,0.570247933884,1.03882197369,3.45454545455,-0.262010582011,-0.206451612903,-6,-0.0363636363636,-0.0703703703704,0,0,0,15,0,5,90,0.75,1,0,0.25,1,0.75,0.857142857143,0.842927230424,0.75,0.75,2,7,0,0,0,0
2868,WLNM_dir_neg,0.908163265306,0.575270562771,00:00:00,10,70,19,1177447068,threshold_sweep,0.6,1,0.285714285714,0.444444444444,2,0,5,14,0.285714285714,1,0,0.714285714286,1,0.285714285714,0.444444444444,0.761904761905,0.634920634921,0.347826086957,0.458831467741,0.285714285714,20,13,7,0,20,0,13,0,7,11,20,0.181818181818,3.04338842975,3.63636363636,2,2.5,1.68954001271,0.464623503495,0.245454545455,1.16774841624,0.642261628933,0.336363636364,1.94000937205,1.06700515463,0.536363636364,1.05689877454,0.347276990411,3.54545454545,3.04338842975,1.05689877454,3.54545454545,0.499047619048,0.4,8,0.0484848484848,0.255555555556,11,11,11,1,0,0.0909090909091,0.636363636364,0.272727272727,11,0.118181818182,3.72727272727,2.36363636364,1.3,1.625,1.43336856898,0.6064251638,0.286713286713,0.603022689156,0.510249967747,0.237762237762,1.40129809949,1.18571377649,0.503496503497,2.05382127221,0.551025219373,7,3.72727272727,2.05382127221,7,0,0,0,0,0.22962962963,11,11,11,1,0,0.0909090909091,0.636363636364,0.272727272727,11,15,0.136363636364,3.61363636364,2.72727272727,1.5,1.875,1.27207775634,0.466428510659,0.212121212121,0.674199862463,0.494413232473,0.242424242424,1.50151438706,1.10111055051,0.521212121212,2.09572074823,0.579947880012,7,3.61363636364,2.09572074823,7,0.237037037037,0.193548387097,2,0.0121212121212,0.185185185185,11,11,11,1,0,0.0909090909091,0.636363636364,0.272727272727,-5,-0.0454545454545,0.570247933884,-0.909090909091,-0.5,-0.625,-0.417462256367,0.00180500716395,-0.0333333333333,-0.493548553779,-0.14784839646,-0.0939393939394,-0.438494984989,0.0341053958833,-0.0151515151515,1.03882197369,0.232670889601,3.45454545455,0.570247933884,1.03882197369,3.45454545455,-0.262010582011,-0.206451612903,-6,-0.0363636363636,-0.0703703703704,0,0,0,15,0,5,90,0.75,1,0,0.25,1,0.75,0.857142857143,0.842927230424,0.75,0.75,2,7,0,0,0,0
2869,WLNM_dir_neg,0.908163265306,0.575270562771,00:00:00,10,70,19,1177447068,threshold_sweep,0.7,1,0.285714285714,0.444444444444,2,0,5,14,0.285714285714,1,0,0.714285714286,1,0.285714285714,0.444444444444,0.761904761905,0.634920634921,0.347826086957,0.458831467741,0.285714285714,20,13,7,0,20,0,13,0,7,11,20,0.181818181818,3.04338842975,3.63636363636,2,2.5,1.68954001271,0.464623503495,0.245454545455,1.16774841624,0.642261628933,0.336363636364,1.94000937205,1.06700515463,0.536363636364,1.05689877454,0.347276990411,3.54545454545,3.04338842975,1.05689877454,3.54545454545,0.499047619048,0.4,8,0.0484848484848,0.255555555556,11,11,11,1,0,0.0909090909091,0.636363636364,0.272727272727,11,0.118181818182,3.72727272727,2.36363636364,1.3,1.625,1.43336856898,0.6064251638,0.286713286713,0.603022689156,0.510249967747,0.237762237762,1.40129809949,1.18571377649,0.503496503497,2.05382127221,0.551025219373,7,3.72727272727,2.05382127221,7,0,0,0,0,0.22962962963,11,11,11,1,0,0.0909090909091,0.636363636364,0.272727272727,11,15,0.136363636364,3.61363636364,2.72727272727,1.5,1.875,1.27207775634,0.466428510659,0.212121212121,0.674199862463,0.494413232473,0.242424242424,1.50151438706,1.10111055051,0.521212121212,2.09572074823,0.579947880012,7,3.61363636364,2.09572074823,7,0.237037037037,0.193548387097,2,0.0121212121212,0.185185185185,11,11,11,1,0,0.0909090909091,0.636363636364,0.272727272727,-5,-0.0454545454545,0.570247933884,-0.909090909091,-0.5,-0.625,-0.417462256367,0.00180500716395,-0.0333333333333,-0.493548553779,-0.14784839646,-0.0939393939394,-0.438494984989,0.0341053958833,-0.0151515151515,1.03882197369,0.232670889601,3.45454545455,0.570247933884,1.03882197369,3.45454545455,-0.262010582011,-0.206451612903,-6,-0.0363636363636,-0.0703703703704,0,0,0,15,0,5,90,0.75,1,0,0.25,1,0.75,0.857142857143,0.842927230424,0.75,0.75,2,7,0,0,0,0
2870,WLNM_dir_neg,0.908163265306,0.575270562771,00:00:00,10,70,19,1177447068,threshold_sweep,0.8,1,0.285714285714,0.444444444444,2,0,5,14,0.285714285714,1,0,0.714285714286,1,0.285714285714,0.444444444444,0.761904761905,0.634920634921,0.347826086957,0.458831467741,0.285714285714,20,13,7,0,20,0,13,0,7,11,20,0.181818181818,3.04338842975,3.63636363636,2,2.5,1.68954001271,0.464623503495,0.245454545455,1.16774841624,0.642261628933,0.336363636364,1.94000937205,1.06700515463,0.536363636364,1.05689877454,0.347276990411,3.54545454545,3.04338842975,1.05689877454,3.54545454545,0.499047619048,0.4,8,0.0484848484848,0.255555555556,11,11,11,1,0,0.0909090909091,0.636363636364,0.272727272727,11,0.118181818182,3.72727272727,2.36363636364,1.3,1.625,1.43336856898,0.6064251638,0.286713286713,0.603022689156,0.510249967747,0.237762237762,1.40129809949,1.18571377649,0.503496503497,2.05382127221,0.551025219373,7,3.72727272727,2.05382127221,7,0,0,0,0,0.22962962963,11,11,11,1,0,0.0909090909091,0.636363636364,0.272727272727,11,15,0.136363636364,3.61363636364,2.72727272727,1.5,1.875,1.27207775634,0.466428510659,0.212121212121,0.674199862463,0.494413232473,0.242424242424,1.50151438706,1.10111055051,0.521212121212,2.09572074823,0.579947880012,7,3.61363636364,2.09572074823,7,0.237037037037,0.193548387097,2,0.0121212121212,0.185185185185,11,11,11,1,0,0.0909090909091,0.636363636364,0.272727272727,-5,-0.0454545454545,0.570247933884,-0.909090909091,-0.5,-0.625,-0.417462256367,0.00180500716395,-0.0333333333333,-0.493548553779,-0.14784839646,-0.0939393939394,-0.438494984989,0.0341053958833,-0.0151515151515,1.03882197369,0.232670889601,3.45454545455,0.570247933884,1.03882197369,3.45454545455,-0.262010582011,-0.206451612903,-6,-0.0363636363636,-0.0703703703704,0,0,0,15,0,5,90,0.75,1,0,0.25,1,0.75,0.857142857143,0.842927230424,0.75,0.75,2,7,0,0,0,0
2871,WLNM_dir_neg,0.908163265306,0.575270562771,00:00:00,10,70,19,1177447068,threshold_sweep,0.9,1,0.285714285714,0.444444444444,2,0,5,14,0.285714285714,1,0,0.714285714286,1,0.285714285714,0.444444444444,0.761904761905,0.634920634921,0.347826086957,0.458831467741,0.285714285714,20,13,7,0,20,0,13,0,7,11,20,0.181818181818,3.04338842975,3.63636363636,2,2.5,1.68954001271,0.464623503495,0.245454545455,1.16774841624,0.642261628933,0.336363636364,1.94000937205,1.06700515463,0.536363636364,1.05689877454,0.347276990411,3.54545454545,3.04338842975,1.05689877454,3.54545454545,0.499047619048,0.4,8,0.0484848484848,0.255555555556,11,11,11,1,0,0.0909090909091,0.636363636364,0.272727272727,11,0.118181818182,3.72727272727,2.36363636364,1.3,1.625,1.43336856898,0.6064251638,0.286713286713,0.603022689156,0.510249967747,0.237762237762,1.40129809949,1.18571377649,0.503496503497,2.05382127221,0.551025219373,7,3.72727272727,2.05382127221,7,0,0,0,0,0.22962962963,11,11,11,1,0,0.0909090909091,0.636363636364,0.272727272727,11,15,0.136363636364,3.61363636364,2.72727272727,1.5,1.875,1.27207775634,0.466428510659,0.212121212121,0.674199862463,0.494413232473,0.242424242424,1.50151438706,1.10111055051,0.521212121212,2.09572074823,0.579947880012,7,3.61363636364,2.09572074823,7,0.237037037037,0.193548387097,2,0.0121212121212,0.185185185185,11,11,11,1,0,0.0909090909091,0.636363636364,0.272727272727,-5,-0.0454545454545,0.570247933884,-0.909090909091,-0.5,-0.625,-0.417462256367,0.00180500716395,-0.0333333333333,-0.493548553779,-0.14784839646,-0.0939393939394,-0.438494984989,0.0341053958833,-0.0151515151515,1.03882197369,0.232670889601,3.45454545455,0.570247933884,1.03882197369,3.45454545455,-0.262010582011,-0.206451612903,-6,-0.0363636363636,-0.0703703703704,0,0,0,15,0,5,90,0.75,1,0,0.25,1,0.75,0.857142857143,0.842927230424,0.75,0.75,2,7,0,0,0,0
2872,WLNM_dir_neg,0.877551020408,0.570929070929,00:00:00,10,70,20,1177447069,threshold_sweep,0.1,1,0.714285714286,0.833333333333,5,0,2,14,0.714285714286,1,0,0.285714285714,1,0.714285714286,0.833333333333,0.904761904762,0.587301587302,0.769230769231,0.790569415042,0.714285714286,20,13,7,0,20,0,13,0,7,11,20,0.181818181818,3.04338842975,3.63636363636,2,2.5,1.68954001271,0.464623503495,0.245454545455,1.16774841624,0.642261628933,0.336363636364,1.94000937205,1.06700515463,0.536363636364,1.05689877454,0.347276990411,3.54545454545,3.04338842975,1.05689877454,3.54545454545,0.499047619048,0.4,8,0.0484848484848,0.255555555556,11,11,11,1,0,0.0909090909091,0.636363636364,0.272727272727,11,0.118181818182,3.72727272727,2.36363636364,1.3,1.625,1.43336856898,0.6064251638,0.286713286713,0.603022689156,0.510249967747,0.237762237762,1.40129809949,1.18571377649,0.503496503497,2.05382127221,0.551025219373,7,3.72727272727,2.05382127221,7,0,0,0,0,0.22962962963,11,11,11,1,0,0.0909090909091,0.636363636364,0.272727272727,11,18,0.163636363636,3.11363636364,3.27272727273,1.8,2.25,1.42062726223,0.434080552347,0.227272727273,0.924416277737,0.564921058617,0.292929292929,1.68954001271,1.03249667443,0.525252525253,1.14353419474,0.367266456706,3.875,3.11363636364,1.14353419474,3.875,0.366666666667,0.266666666667,4,0.0242424242424,0.221111111111,11,11,11,1,0,0.0909090909091,0.636363636364,0.272727272727,-2,-0.0181818181818,0.0702479338843,-0.363636363636,-0.2,-0.25,-0.268912750482,-0.030542951148,-0.0181818181818,-0.243332138505,-0.0773405703161,-0.0434343434343,-0.250469359339,-0.0345084801933,-0.0111111111111,0.0866354202056,0.0199894662943,0.329545454545,0.0702479338843,0.0866354202056,0.329545454545,-0.132380952381,-0.133333333333,-4,-0.0242424242424,-0.0344444444444,0,0,0,18,0,2,90,0.9,1,0,0.1,1,0.9,0.947368421053,0.938314863257,0.9,0.9,5,7,0,0,0,0
2873,WLNM_dir_neg,0.877551020408,0.570929070929,00:00:00,10,70,20,1177447069,threshold_sweep,0.2,1,0.714285714286,0.833333333333,5,0,2,14,0.714285714286,1,0,0.285714285714,1,0.714285714286,0.833333333333,0.904761904762,0.587301587302,0.769230769231,0.790569415042,0.714285714286,20,13,7,0,20,0,13,0,7,11,20,0.181818181818,3.04338842975,3.63636363636,2,2.5,1.68954001271,0.464623503495,0.245454545455,1.16774841624,0.642261628933,0.336363636364,1.94000937205,1.06700515463,0.536363636364,1.05689877454,0.347276990411,3.54545454545,3.04338842975,1.05689877454,3.54545454545,0.499047619048,0.4,8,0.0484848484848,0.255555555556,11,11,11,1,0,0.0909090909091,0.636363636364,0.272727272727,11,0.118181818182,3.72727272727,2.36363636364,1.3,1.625,1.43336856898,0.6064251638,0.286713286713,0.603022689156,0.510249967747,0.237762237762,1.40129809949,1.18571377649,0.503496503497,2.05382127221,0.551025219373,7,3.72727272727,2.05382127221,7,0,0,0,0,0.22962962963,11,11,11,1,0,0.0909090909091,0.636363636364,0.272727272727,11,18,0.163636363636,3.11363636364,3.27272727273,1.8,2.25,1.42062726223,0.434080552347,0.227272727273,0.924416277737,0.564921058617,0.292929292929,1.68954001271,1.03249667443,0.525252525253,1.14353419474,0.367266456706,3.875,3.11363636364,1.14353419474,3.875,0.366666666667,0.266666666667,4,0.0242424242424,0.221111111111,11,11,11,1,0,0.0909090909091,0.636363636364,0.272727272727,-2,-0.0181818181818,0.0702479338843,-0.363636363636,-0.2,-0.25,-0.268912750482,-0.030542951148,-0.0181818181818,-0.243332138505,-0.0773405703161,-0.0434343434343,-0.250469359339,-0.0345084801933,-0.0111111111111,0.0866354202056,0.0199894662943,0.329545454545,0.0702479338843,0.0866354202056,0.329545454545,-0.132380952381,-0.133333333333,-4,-0.0242424242424,-0.0344444444444,0,0,0,18,0,2,90,0.9,1,0,0.1,1,0.9,0.947368421053,0.938314863257,0.9,0.9,5,7,0,0,0,0
2874,WLNM_dir_neg,0.877551020408,0.570929070929,00:00:00,10,70,20,1177447069,threshold_sweep,0.3,1,0.714285714286,0.833333333333,5,0,2,14,0.714285714286,1,0,0.285714285714,1,0.714285714286,0.833333333333,0.904761904762,0.587301587302,0.769230769231,0.790569415042,0.714285714286,20,13,7,0,20,0,13,0,7,11,20,0.181818181818,3.04338842975,3.63636363636,2,2.5,1.68954001271,0.464623503495,0.245454545455,1.16774841624,0.642261628933,0.336363636364,1.94000937205,1.06700515463,0.536363636364,1.05689877454,0.347276990411,3.54545454545,3.04338842975,1.05689877454,3.54545454545,0.499047619048,0.4,8,0.0484848484848,0.255555555556,11,11,11,1,0,0.0909090909091,0.636363636364,0.272727272727,11,0.118181818182,3.72727272727,2.36363636364,1.3,1.625,1.43336856898,0.6064251638,0.286713286713,0.603022689156,0.510249967747,0.237762237762,1.40129809949,1.18571377649,0.503496503497,2.05382127221,0.551025219373,7,3.72727272727,2.05382127221,7,0,0,0,0,0.22962962963,11,11,11,1,0,0.0909090909091,0.636363636364,0.272727272727,11,18,0.163636363636,3.11363636364,3.27272727273,1.8,2.25,1.42062726223,0.434080552347,0.227272727273,0.924416277737,0.564921058617,0.292929292929,1.68954001271,1.03249667443,0.525252525253,1.14353419474,0.367266456706,3.875,3.11363636364,1.14353419474,3.875,0.366666666667,0.266666666667,4,0.0242424242424,0.221111111111,11,11,11,1,0,0.0909090909091,0.636363636364,0.272727272727,-2,-0.0181818181818,0.0702479338843,-0.363636363636,-0.2,-0.25,-0.268912750482,-0.030542951148,-0.0181818181818,-0.243332138505,-0.0773405703161,-0.0434343434343,-0.250469359339,-0.0345084801933,-0.0111111111111,0.0866354202056,0.0199894662943,0.329545454545,0.0702479338843,0.0866354202056,0.329545454545,-0.132380952381,-0.133333333333,-4,-0.0242424242424,-0.0344444444444,0,0,0,18,0,2,90,0.9,1,0,0.1,1,0.9,0.947368421053,0.938314863257,0.9,0.9,5,7,0,0,0,0
2875,WLNM_dir_neg,0.877551020408,0.570929070929,00:00:00,10,70,20,1177447069,threshold_sweep,0.4,1,0.714285714286,0.833333333333,5,0,2,14,0.714285714286,1,0,0.285714285714,1,0.714285714286,0.833333333333,0.904761904762,0.587301587302,0.769230769231,0.790569415042,0.714285714286,20,13,7,0,20,0,13,0,7,11,20,0.181818181818,3.04338842975,3.63636363636,2,2.5,1.68954001271,0.464623503495,0.245454545455,1.16774841624,0.642261628933,0.336363636364,1.94000937205,1.06700515463,0.536363636364,1.05689877454,0.347276990411,3.54545454545,3.04338842975,1.05689877454,3.54545454545,0.499047619048,0.4,8,0.0484848484848,0.255555555556,11,11,11,1,0,0.0909090909091,0.636363636364,0.272727272727,11,0.118181818182,3.72727272727,2.36363636364,1.3,1.625,1.43336856898,0.6064251638,0.286713286713,0.603022689156,0.510249967747,0.237762237762,1.40129809949,1.18571377649,0.503496503497,2.05382127221,0.551025219373,7,3.72727272727,2.05382127221,7,0,0,0,0,0.22962962963,11,11,11,1,0,0.0909090909091,0.636363636364,0.272727272727,11,18,0.163636363636,3.11363636364,3.27272727273,1.8,2.25,1.42062726223,0.434080552347,0.227272727273,0.924416277737,0.564921058617,0.292929292929,1.68954001271,1.03249667443,0.525252525253,1.14353419474,0.367266456706,3.875,3.11363636364,1.14353419474,3.875,0.366666666667,0.266666666667,4,0.0242424242424,0.221111111111,11,11,11,1,0,0.0909090909091,0.636363636364,0.272727272727,-2,-0.0181818181818,0.0702479338843,-0.363636363636,-0.2,-0.25,-0.268912750482,-0.030542951148,-0.0181818181818,-0.243332138505,-0.0773405703161,-0.0434343434343,-0.250469359339,-0.0345084801933,-0.0111111111111,0.0866354202056,0.0199894662943,0.329545454545,0.0702479338843,0.0866354202056,0.329545454545,-0.132380952381,-0.133333333333,-4,-0.0242424242424,-0.0344444444444,0,0,0,18,0,2,90,0.9,1,0,0.1,1,0.9,0.947368421053,0.938314863257,0.9,0.9,5,7,0,0,0,0
2876,WLNM_dir_neg,0.877551020408,0.570929070929,00:00:00,10,70,20,1177447069,threshold_sweep,0.5,1,0.714285714286,0.833333333333,5,0,2,14,0.714285714286,1,0,0.285714285714,1,0.714285714286,0.833333333333,0.904761904762,0.587301587302,0.769230769231,0.790569415042,0.714285714286,20,13,7,0,20,0,13,0,7,11,20,0.181818181818,3.04338842975,3.63636363636,2,2.5,1.68954001271,0.464623503495,0.245454545455,1.16774841624,0.642261628933,0.336363636364,1.94000937205,1.06700515463,0.536363636364,1.05689877454,0.347276990411,3.54545454545,3.04338842975,1.05689877454,3.54545454545,0.499047619048,0.4,8,0.0484848484848,0.255555555556,11,11,11,1,0,0.0909090909091,0.636363636364,0.272727272727,11,0.118181818182,3.72727272727,2.36363636364,1.3,1.625,1.43336856898,0.6064251638,0.286713286713,0.603022689156,0.510249967747,0.237762237762,1.40129809949,1.18571377649,0.503496503497,2.05382127221,0.551025219373,7,3.72727272727,2.05382127221,7,0,0,0,0,0.22962962963,11,11,11,1,0,0.0909090909091,0.636363636364,0.272727272727,11,18,0.163636363636,3.11363636364,3.27272727273,1.8,2.25,1.42062726223,0.434080552347,0.227272727273,0.924416277737,0.564921058617,0.292929292929,1.68954001271,1.03249667443,0.525252525253,1.14353419474,0.367266456706,3.875,3.11363636364,1.14353419474,3.875,0.366666666667,0.266666666667,4,0.0242424242424,0.221111111111,11,11,11,1,0,0.0909090909091,0.636363636364,0.272727272727,-2,-0.0181818181818,0.0702479338843,-0.363636363636,-0.2,-0.25,-0.268912750482,-0.030542951148,-0.0181818181818,-0.243332138505,-0.0773405703161,-0.0434343434343,-0.250469359339,-0.0345084801933,-0.0111111111111,0.0866354202056,0.0199894662943,0.329545454545,0.0702479338843,0.0866354202056,0.329545454545,-0.132380952381,-0.133333333333,-4,-0.0242424242424,-0.0344444444444,0,0,0,18,0,2,90,0.9,1,0,0.1,1,0.9,0.947368421053,0.938314863257,0.9,0.9,5,7,0,0,0,0
2877,WLNM_dir_neg,0.877551020408,0.570929070929,00:00:00,10,70,20,1177447069,threshold_sweep,0.6,1,0.714285714286,0.833333333333,5,0,2,14,0.714285714286,1,0,0.285714285714,1,0.714285714286,0.833333333333,0.904761904762,0.587301587302,0.769230769231,0.790569415042,0.714285714286,20,13,7,0,20,0,13,0,7,11,20,0.181818181818,3.04338842975,3.63636363636,2,2.5,1.68954001271,0.464623503495,0.245454545455,1.16774841624,0.642261628933,0.336363636364,1.94000937205,1.06700515463,0.536363636364,1.05689877454,0.347276990411,3.54545454545,3.04338842975,1.05689877454,3.54545454545,0.499047619048,0.4,8,0.0484848484848,0.255555555556,11,11,11,1,0,0.0909090909091,0.636363636364,0.272727272727,11,0.118181818182,3.72727272727,2.36363636364,1.3,1.625,1.43336856898,0.6064251638,0.286713286713,0.603022689156,0.510249967747,0.237762237762,1.40129809949,1.18571377649,0.503496503497,2.05382127221,0.551025219373,7,3.72727272727,2.05382127221,7,0,0,0,0,0.22962962963,11,11,11,1,0,0.0909090909091,0.636363636364,0.272727272727,11,18,0.163636363636,3.11363636364,3.27272727273,1.8,2.25,1.42062726223,0.434080552347,0.227272727273,0.924416277737,0.564921058617,0.292929292929,1.68954001271,1.03249667443,0.525252525253,1.14353419474,0.367266456706,3.875,3.11363636364,1.14353419474,3.875,0.366666666667,0.266666666667,4,0.0242424242424,0.221111111111,11,11,11,1,0,0.0909090909091,0.636363636364,0.272727272727,-2,-0.0181818181818,0.0702479338843,-0.363636363636,-0.2,-0.25,-0.268912750482,-0.030542951148,-0.0181818181818,-0.243332138505,-0.0773405703161,-0.0434343434343,-0.250469359339,-0.0345084801933,-0.0111111111111,0.0866354202056,0.0199894662943,0.329545454545,0.0702479338843,0.0866354202056,0.329545454545,-0.132380952381,-0.133333333333,-4,-0.0242424242424,-0.0344444444444,0,0,0,18,0,2,90,0.9,1,0,0.1,1,0.9,0.947368421053,0.938314863257,0.9,0.9,5,7,0,0,0,0
2878,WLNM_dir_neg,0.877551020408,0.570929070929,00:00:00,10,70,20,1177447069,threshold_sweep,0.7,1,0.714285714286,0.833333333333,5,0,2,14,0.714285714286,1,0,0.285714285714,1,0.714285714286,0.833333333333,0.904761904762,0.587301587302,0.769230769231,0.790569415042,0.714285714286,20,13,7,0,20,0,13,0,7,11,20,0.181818181818,3.04338842975,3.63636363636,2,2.5,1.68954001271,0.464623503495,0.245454545455,1.16774841624,0.642261628933,0.336363636364,1.94000937205,1.06700515463,0.536363636364,1.05689877454,0.347276990411,3.54545454545,3.04338842975,1.05689877454,3.54545454545,0.499047619048,0.4,8,0.0484848484848,0.255555555556,11,11,11,1,0,0.0909090909091,0.636363636364,0.272727272727,11,0.118181818182,3.72727272727,2.36363636364,1.3,1.625,1.43336856898,0.6064251638,0.286713286713,0.603022689156,0.510249967747,0.237762237762,1.40129809949,1.18571377649,0.503496503497,2.05382127221,0.551025219373,7,3.72727272727,2.05382127221,7,0,0,0,0,0.22962962963,11,11,11,1,0,0.0909090909091,0.636363636364,0.272727272727,11,18,0.163636363636,3.11363636364,3.27272727273,1.8,2.25,1.42062726223,0.434080552347,0.227272727273,0.924416277737,0.564921058617,0.292929292929,1.68954001271,1.03249667443,0.525252525253,1.14353419474,0.367266456706,3.875,3.11363636364,1.14353419474,3.875,0.366666666667,0.266666666667,4,0.0242424242424,0.221111111111,11,11,11,1,0,0.0909090909091,0.636363636364,0.272727272727,-2,-0.0181818181818,0.0702479338843,-0.363636363636,-0.2,-0.25,-0.268912750482,-0.030542951148,-0.0181818181818,-0.243332138505,-0.0773405703161,-0.0434343434343,-0.250469359339,-0.0345084801933,-0.0111111111111,0.0866354202056,0.0199894662943,0.329545454545,0.0702479338843,0.0866354202056,0.329545454545,-0.132380952381,-0.133333333333,-4,-0.0242424242424,-0.0344444444444,0,0,0,18,0,2,90,0.9,1,0,0.1,1,0.9,0.947368421053,0.938314863257,0.9,0.9,5,7,0,0,0,0
2879,WLNM_dir_neg,0.877551020408,0.570929070929,00:00:00,10,70,20,1177447069,threshold_sweep,0.8,1,0.714285714286,0.833333333333,5,0,2,14,0.714285714286,1,0,0.285714285714,1,0.714285714286,0.833333333333,0.904761904762,0.587301587302,0.769230769231,0.790569415042,0.714285714286,20,13,7,0,20,0,13,0,7,11,20,0.181818181818,3.04338842975,3.63636363636,2,2.5,1.68954001271,0.464623503495,0.245454545455,1.16774841624,0.642261628933,0.336363636364,1.94000937205,1.06700515463,0.536363636364,1.05689877454,0.347276990411,3.54545454545,3.04338842975,1.05689877454,3.54545454545,0.499047619048,0.4,8,0.0484848484848,0.255555555556,11,11,11,1,0,0.0909090909091,0.636363636364,0.272727272727,11,0.118181818182,3.72727272727,2.36363636364,1.3,1.625,1.43336856898,0.6064251638,0.286713286713,0.603022689156,0.510249967747,0.237762237762,1.40129809949,1.18571377649,0.503496503497,2.05382127221,0.551025219373,7,3.72727272727,2.05382127221,7,0,0,0,0,0.22962962963,11,11,11,1,0,0.0909090909091,0.636363636364,0.272727272727,11,18,0.163636363636,3.11363636364,3.27272727273,1.8,2.25,1.42062726223,0.434080552347,0.227272727273,0.924416277737,0.564921058617,0.292929292929,1.68954001271,1.03249667443,0.525252525253,1.14353419474,0.367266456706,3.875,3.11363636364,1.14353419474,3.875,0.366666666667,0.266666666667,4,0.0242424242424,0.221111111111,11,11,11,1,0,0.0909090909091,0.636363636364,0.272727272727,-2,-0.0181818181818,0.0702479338843,-0.363636363636,-0.2,-0.25,-0.268912750482,-0.030542951148,-0.0181818181818,-0.243332138505,-0.0773405703161,-0.0434343434343,-0.250469359339,-0.0345084801933,-0.0111111111111,0.0866354202056,0.0199894662943,0.329545454545,0.0702479338843,0.0866354202056,0.329545454545,-0.132380952381,-0.133333333333,-4,-0.0242424242424,-0.0344444444444,0,0,0,18,0,2,90,0.9,1,0,0.1,1,0.9,0.947368421053,0.938314863257,0.9,0.9,5,7,0,0,0,0
2880,WLNM_dir_neg,0.877551020408,0.570929070929,00:00:00,10,70,20,1177447069,threshold_sweep,0.9,1,0.571428571429,0.727272727273,4,0,3,14,0.571428571429,1,0,0.428571428571,1,0.571428571429,0.727272727273,0.857142857143,0.603174603175,0.64,0.68599434057,0.571428571429,20,13,7,0,20,0,13,0,7,11,20,0.181818181818,3.04338842975,3.63636363636,2,2.5,1.68954001271,0.464623503495,0.245454545455,1.16774841624,0.642261628933,0.336363636364,1.94000937205,1.06700515463,0.536363636364,1.05689877454,0.347276990411,3.54545454545,3.04338842975,1.05689877454,3.54545454545,0.499047619048,0.4,8,0.0484848484848,0.255555555556,11,11,11,1,0,0.0909090909091,0.636363636364,0.272727272727,11,0.118181818182,3.72727272727,2.36363636364,1.3,1.625,1.43336856898,0.6064251638,0.286713286713,0.603022689156,0.510249967747,0.237762237762,1.40129809949,1.18571377649,0.503496503497,2.05382127221,0.551025219373,7,3.72727272727,2.05382127221,7,0,0,0,0,0.22962962963,11,11,11,1,0,0.0909090909091,0.636363636364,0.272727272727,11,17,0.154545454545,3.17727272727,3.09090909091,1.7,2.125,1.30034960334,0.420701342257,0.208556149733,0.820199532265,0.530717344407,0.267379679144,1.57249078621,1.01749403814,0.513368983957,1.2536673475,0.394573414091,4.4,3.17727272727,1.2536673475,4.4,0.213333333333,0.153846153846,2,0.0121212121212,0.205555555556,11,11,11,1,0,0.0909090909091,0.636363636364,0.272727272727,-3,-0.0272727272727,0.133884297521,-0.545454545455,-0.3,-0.375,-0.389190409368,-0.0439221612377,-0.0368983957219,-0.347548883978,-0.111544284527,-0.0689839572193,-0.367518585835,-0.0495111164884,-0.0229946524064,0.196768572961,0.0472964236795,0.854545454545,0.133884297521,0.196768572961,0.854545454545,-0.285714285714,-0.246153846154,-6,-0.0363636363636,-0.05,0,0,0,17,0,3,90,0.85,1,0,0.15,1,0.85,0.918918918919,0.906962317388,0.85,0.85,4,7,0,0,0,0
2881,WLNM_dir_neg,0.897959183673,0.565548340548,00:00:00,10,70,21,1177447070,threshold_sweep,0.1,0.833333333333,0.714285714286,0.769230769231,5,1,2,13,0.714285714286,0.928571428571,0.0714285714286,0.285714285714,0.833333333333,0.714285714286,0.769230769231,0.857142857143,0.571428571429,0.666666666667,0.67082039325,0.642857142857,20,13,7,0,20,0,13,0,7,11,20,0.181818181818,3.04338842975,3.63636363636,2,2.5,1.68954001271,0.464623503495,0.245454545455,1.16774841624,0.642261628933,0.336363636364,1.94000937205,1.06700515463,0.536363636364,1.05689877454,0.347276990411,3.54545454545,3.04338842975,1.05689877454,3.54545454545,0.499047619048,0.4,8,0.0484848484848,0.255555555556,11,11,11,1,0,0.0909090909091,0.636363636364,0.272727272727,11,0.118181818182,3.72727272727,2.36363636364,1.3,1.625,1.43336856898,0.6064251638,0.286713286713,0.603022689156,0.510249967747,0.237762237762,1.40129809949,1.18571377649,0.503496503497,2.05382127221,0.551025219373,7,3.72727272727,2.05382127221,7,0,0,0,0,0.22962962963,11,11,11,1,0,0.0909090909091,0.636363636364,0.272727272727,11,19,0.172727272727,3.14772727273,3.45454545455,1.9,2.11111111111,1.36847625947,0.396137864583,0.205741626794,1.00904995822,0.584186817916,0.306220095694,1.61807966991,0.936782966791,0.468899521531,1.18338851637,0.375950142385,3.96875,3.14772727273,1.18338851637,3.96875,0.41,0.3,5,0.030303030303,0.214444444444,11,11,11,1,0,0.0909090909091,0.727272727273,0.181818181818,-1,-0.00909090909091,0.104338842975,-0.181818181818,-0.1,-0.388888888889,-0.321063753241,-0.0684856389122,-0.0397129186603,-0.158698458023,-0.058074811017,-0.0301435406699,-0.321929702137,-0.130222187836,-0.0674641148325,0.126489741835,0.0286731519741,0.423295454545,0.104338842975,0.126489741835,0.423295454545,-0.0890476190476,-0.1,-3,-0.0181818181818,-0.0411111111111,0,0.0909090909091,-0.0909090909091,18,1,2,89,0.9,0.988888888889,0.0111111111111,0.1,0.947368421053,0.9,0.923076923077,0.906956031802,0.888888888889,0.857142857143,6,7,0,0,0,0
2882,WLNM_dir_neg,0.897959183673,0.565548340548,00:00:00,10,70,21,1177447070,threshold_sweep,0.2,0.833333333333,0.714285714286,0.769230769231,5,1,2,13,0.714285714286,0.928571428571,0.0714285714286,0.285714285714,0.833333333333,0.714285714286,0.769230769231,0.857142857143,0.571428571429,0.666666666667,0.67082039325,0.642857142857,20,13,7,0,20,0,13,0,7,11,20,0.181818181818,3.04338842975,3.63636363636,2,2.5,1.68954001271,0.464623503495,0.245454545455,1.16774841624,0.642261628933,0.336363636364,1.94000937205,1.06700515463,0.536363636364,1.05689877454,0.347276990411,3.54545454545,3.04338842975,1.05689877454,3.54545454545,0.499047619048,0.4,8,0.0484848484848,0.255555555556,11,11,11,1,0,0.0909090909091,0.636363636364,0.272727272727,11,0.118181818182,3.72727272727,2.36363636364,1.3,1.625,1.43336856898,0.6064251638,0.286713286713,0.603022689156,0.510249967747,0.237762237762,1.40129809949,1.18571377649,0.503496503497,2.05382127221,0.551025219373,7,3.72727272727,2.05382127221,7,0,0,0,0,0.22962962963,11,11,11,1,0,0.0909090909091,0.636363636364,0.272727272727,11,19,0.172727272727,3.14772727273,3.45454545455,1.9,2.11111111111,1.36847625947,0.396137864583,0.205741626794,1.00904995822,0.584186817916,0.306220095694,1.61807966991,0.936782966791,0.468899521531,1.18338851637,0.375950142385,3.96875,3.14772727273,1.18338851637,3.96875,0.41,0.3,5,0.030303030303,0.214444444444,11,11,11,1,0,0.0909090909091,0.727272727273,0.181818181818,-1,-0.00909090909091,0.104338842975,-0.181818181818,-0.1,-0.388888888889,-0.321063753241,-0.0684856389122,-0.0397129186603,-0.158698458023,-0.058074811017,-0.0301435406699,-0.321929702137,-0.130222187836,-0.0674641148325,0.126489741835,0.0286731519741,0.423295454545,0.104338842975,0.126489741835,0.423295454545,-0.0890476190476,-0.1,-3,-0.0181818181818,-0.0411111111111,0,0.0909090909091,-0.0909090909091,18,1,2,89,0.9,0.988888888889,0.0111111111111,0.1,0.947368421053,0.9,0.923076923077,0.906956031802,0.888888888889,0.857142857143,6,7,0,0,0,0
2883,WLNM_dir_neg,0.897959183673,0.565548340548,00:00:00,10,70,21,1177447070,threshold_sweep,0.3,0.833333333333,0.714285714286,0.769230769231,5,1,2,13,0.714285714286,0.928571428571,0.0714285714286,0.285714285714,0.833333333333,0.714285714286,0.769230769231,0.857142857143,0.571428571429,0.666666666667,0.67082039325,0.642857142857,20,13,7,0,20,0,13,0,7,11,20,0.181818181818,3.04338842975,3.63636363636,2,2.5,1.68954001271,0.464623503495,0.245454545455,1.16774841624,0.642261628933,0.336363636364,1.94000937205,1.06700515463,0.536363636364,1.05689877454,0.347276990411,3.54545454545,3.04338842975,1.05689877454,3.54545454545,0.499047619048,0.4,8,0.0484848484848,0.255555555556,11,11,11,1,0,0.0909090909091,0.636363636364,0.272727272727,11,0.118181818182,3.72727272727,2.36363636364,1.3,1.625,1.43336856898,0.6064251638,0.286713286713,0.603022689156,0.510249967747,0.237762237762,1.40129809949,1.18571377649,0.503496503497,2.05382127221,0.551025219373,7,3.72727272727,2.05382127221,7,0,0,0,0,0.22962962963,11,11,11,1,0,0.0909090909091,0.636363636364,0.272727272727,11,19,0.172727272727,3.14772727273,3.45454545455,1.9,2.11111111111,1.36847625947,0.396137864583,0.205741626794,1.00904995822,0.584186817916,0.306220095694,1.61807966991,0.936782966791,0.468899521531,1.18338851637,0.375950142385,3.96875,3.14772727273,1.18338851637,3.96875,0.41,0.3,5,0.030303030303,0.214444444444,11,11,11,1,0,0.0909090909091,0.727272727273,0.181818181818,-1,-0.00909090909091,0.104338842975,-0.181818181818,-0.1,-0.388888888889,-0.321063753241,-0.0684856389122,-0.0397129186603,-0.158698458023,-0.058074811017,-0.0301435406699,-0.321929702137,-0.130222187836,-0.0674641148325,0.126489741835,0.0286731519741,0.423295454545,0.104338842975,0.126489741835,0.423295454545,-0.0890476190476,-0.1,-3,-0.0181818181818,-0.0411111111111,0,0.0909090909091,-0.0909090909091,18,1,2,89,0.9,0.988888888889,0.0111111111111,0.1,0.947368421053,0.9,0.923076923077,0.906956031802,0.888888888889,0.857142857143,6,7,0,0,0,0
2884,WLNM_dir_neg,0.897959183673,0.565548340548,00:00:00,10,70,21,1177447070,threshold_sweep,0.4,0.833333333333,0.714285714286,0.769230769231,5,1,2,13,0.714285714286,0.928571428571,0.0714285714286,0.285714285714,0.833333333333,0.714285714286,0.769230769231,0.857142857143,0.571428571429,0.666666666667,0.67082039325,0.642857142857,20,13,7,0,20,0,13,0,7,11,20,0.181818181818,3.04338842975,3.63636363636,2,2.5,1.68954001271,0.464623503495,0.245454545455,1.16774841624,0.642261628933,0.336363636364,1.94000937205,1.06700515463,0.536363636364,1.05689877454,0.347276990411,3.54545454545,3.04338842975,1.05689877454,3.54545454545,0.499047619048,0.4,8,0.0484848484848,0.255555555556,11,11,11,1,0,0.0909090909091,0.636363636364,0.272727272727,11,0.118181818182,3.72727272727,2.36363636364,1.3,1.625,1.43336856898,0.6064251638,0.286713286713,0.603022689156,0.510249967747,0.237762237762,1.40129809949,1.18571377649,0.503496503497,2.05382127221,0.551025219373,7,3.72727272727,2.05382127221,7,0,0,0,0,0.22962962963,11,11,11,1,0,0.0909090909091,0.636363636364,0.272727272727,11,19,0.172727272727,3.14772727273,3.45454545455,1.9,2.11111111111,1.36847625947,0.396137864583,0.205741626794,1.00904995822,0.584186817916,0.306220095694,1.61807966991,0.936782966791,0.468899521531,1.18338851637,0.375950142385,3.96875,3.14772727273,1.18338851637,3.96875,0.41,0.3,5,0.030303030303,0.214444444444,11,11,11,1,0,0.0909090909091,0.727272727273,0.181818181818,-1,-0.00909090909091,0.104338842975,-0.181818181818,-0.1,-0.388888888889,-0.321063753241,-0.0684856389122,-0.0397129186603,-0.158698458023,-0.058074811017,-0.0301435406699,-0.321929702137,-0.130222187836,-0.0674641148325,0.126489741835,0.0286731519741,0.423295454545,0.104338842975,0.126489741835,0.423295454545,-0.0890476190476,-0.1,-3,-0.0181818181818,-0.0411111111111,0,0.0909090909091,-0.0909090909091,18,1,2,89,0.9,0.988888888889,0.0111111111111,0.1,0.947368421053,0.9,0.923076923077,0.906956031802,0.888888888889,0.857142857143,6,7,0,0,0,0
2885,WLNM_dir_neg,0.897959183673,0.565548340548,00:00:00,10,70,21,1177447070,threshold_sweep,0.5,0.8,0.571428571429,0.666666666667,4,1,3,13,0.571428571429,0.928571428571,0.0714285714286,0.428571428571,0.8,0.571428571429,0.666666666667,0.809523809524,0.587301587302,0.538461538462,0.553398590529,0.5,20,13,7,0,20,0,13,0,7,11,20,0.181818181818,3.04338842975,3.63636363636,2,2.5,1.68954001271,0.464623503495,0.245454545455,1.16774841624,0.642261628933,0.336363636364,1.94000937205,1.06700515463,0.536363636364,1.05689877454,0.347276990411,3.54545454545,3.04338842975,1.05689877454,3.54545454545,0.499047619048,0.4,8,0.0484848484848,0.255555555556,11,11,11,1,0,0.0909090909091,0.636363636364,0.272727272727,11,0.118181818182,3.72727272727,2.36363636364,1.3,1.625,1.43336856898,0.6064251638,0.286713286713,0.603022689156,0.510249967747,0.237762237762,1.40129809949,1.18571377649,0.503496503497,2.05382127221,0.551025219373,7,3.72727272727,2.05382127221,7,0,0,0,0,0.22962962963,11,11,11,1,0,0.0909090909091,0.636363636364,0.272727272727,11,18,0.163636363636,3.21818181818,3.27272727273,1.8,2,1.27207775634,0.388690425549,0.191919191919,0.924416277737,0.564921058617,0.292929292929,1.50151438706,0.917592125425,0.454545454545,1.30485108868,0.405462202698,4.55,3.21818181818,1.30485108868,4.55,0.28,0.204545454545,3,0.0181818181818,0.2,11,11,11,1,0,0.0909090909091,0.727272727273,0.181818181818,-2,-0.0181818181818,0.17479338843,-0.363636363636,-0.2,-0.5,-0.417462256367,-0.0759330779459,-0.0535353535354,-0.243332138505,-0.0773405703161,-0.0434343434343,-0.438494984989,-0.149413029202,-0.0818181818182,0.247952314146,0.0581852122867,1.00454545455,0.17479338843,0.247952314146,1.00454545455,-0.219047619048,-0.195454545455,-5,-0.030303030303,-0.0555555555556,0,0.0909090909091,-0.0909090909091,17,1,3,89,0.85,0.988888888889,0.0111111111111,0.15,0.944444444444,0.85,0.894736842105,0.874602125628,0.838888888889,0.809523809524,5,7,0,0,0,0
2886,WLNM_dir_neg,0.897959183673,0.565548340548,00:00:00,10,70,21,1177447070,threshold_sweep,0.6,0.8,0.571428571429,0.666666666667,4,1,3,13,0.571428571429,0.928571428571,0.0714285714286,0.428571428571,0.8,0.571428571429,0.666666666667,0.809523809524,0.587301587302,0.538461538462,0.553398590529,0.5,20,13,7,0,20,0,13,0,7,11,20,0.181818181818,3.04338842975,3.63636363636,2,2.5,1.68954001271,0.464623503495,0.245454545455,1.16774841624,0.642261628933,0.336363636364,1.94000937205,1.06700515463,0.536363636364,1.05689877454,0.347276990411,3.54545454545,3.04338842975,1.05689877454,3.54545454545,0.499047619048,0.4,8,0.0484848484848,0.255555555556,11,11,11,1,0,0.0909090909091,0.636363636364,0.272727272727,11,0.118181818182,3.72727272727,2.36363636364,1.3,1.625,1.43336856898,0.6064251638,0.286713286713,0.603022689156,0.510249967747,0.237762237762,1.40129809949,1.18571377649,0.503496503497,2.05382127221,0.551025219373,7,3.72727272727,2.05382127221,7,0,0,0,0,0.22962962963,11,11,11,1,0,0.0909090909091,0.636363636364,0.272727272727,11,18,0.163636363636,3.21818181818,3.27272727273,1.8,2,1.27207775634,0.388690425549,0.191919191919,0.924416277737,0.564921058617,0.292929292929,1.50151438706,0.917592125425,0.454545454545,1.30485108868,0.405462202698,4.55,3.21818181818,1.30485108868,4.55,0.28,0.204545454545,3,0.0181818181818,0.2,11,11,11,1,0,0.0909090909091,0.727272727273,0.181818181818,-2,-0.0181818181818,0.17479338843,-0.363636363636,-0.2,-0.5,-0.417462256367,-0.0759330779459,-0.0535353535354,-0.243332138505,-0.0773405703161,-0.0434343434343,-0.438494984989,-0.149413029202,-0.0818181818182,0.247952314146,0.0581852122867,1.00454545455,0.17479338843,0.247952314146,1.00454545455,-0.219047619048,-0.195454545455,-5,-0.030303030303,-0.0555555555556,0,0.0909090909091,-0.0909090909091,17,1,3,89,0.85,0.988888888889,0.0111111111111,0.15,0.944444444444,0.85,0.894736842105,0.874602125628,0.838888888889,0.809523809524,5,7,0,0,0,0
2887,WLNM_dir_neg,0.897959183673,0.565548340548,00:00:00,10,70,21,1177447070,threshold_sweep,0.7,0.8,0.571428571429,0.666666666667,4,1,3,13,0.571428571429,0.928571428571,0.0714285714286,0.428571428571,0.8,0.571428571429,0.666666666667,0.809523809524,0.587301587302,0.538461538462,0.553398590529,0.5,20,13,7,0,20,0,13,0,7,11,20,0.181818181818,3.04338842975,3.63636363636,2,2.5,1.68954001271,0.464623503495,0.245454545455,1.16774841624,0.642261628933,0.336363636364,1.94000937205,1.06700515463,0.536363636364,1.05689877454,0.347276990411,3.54545454545,3.04338842975,1.05689877454,3.54545454545,0.499047619048,0.4,8,0.0484848484848,0.255555555556,11,11,11,1,0,0.0909090909091,0.636363636364,0.272727272727,11,0.118181818182,3.72727272727,2.36363636364,1.3,1.625,1.43336856898,0.6064251638,0.286713286713,0.603022689156,0.510249967747,0.237762237762,1.40129809949,1.18571377649,0.503496503497,2.05382127221,0.551025219373,7,3.72727272727,2.05382127221,7,0,0,0,0,0.22962962963,11,11,11,1,0,0.0909090909091,0.636363636364,0.272727272727,11,18,0.163636363636,3.21818181818,3.27272727273,1.8,2,1.27207775634,0.388690425549,0.191919191919,0.924416277737,0.564921058617,0.292929292929,1.50151438706,0.917592125425,0.454545454545,1.30485108868,0.405462202698,4.55,3.21818181818,1.30485108868,4.55,0.28,0.204545454545,3,0.0181818181818,0.2,11,11,11,1,0,0.0909090909091,0.727272727273,0.181818181818,-2,-0.0181818181818,0.17479338843,-0.363636363636,-0.2,-0.5,-0.417462256367,-0.0759330779459,-0.0535353535354,-0.243332138505,-0.0773405703161,-0.0434343434343,-0.438494984989,-0.149413029202,-0.0818181818182,0.247952314146,0.0581852122867,1.00454545455,0.17479338843,0.247952314146,1.00454545455,-0.219047619048,-0.195454545455,-5,-0.030303030303,-0.0555555555556,0,0.0909090909091,-0.0909090909091,17,1,3,89,0.85,0.988888888889,0.0111111111111,0.15,0.944444444444,0.85,0.894736842105,0.874602125628,0.838888888889,0.809523809524,5,7,0,0,0,0
2888,WLNM_dir_neg,0.897959183673,0.565548340548,00:00:00,10,70,21,1177447070,threshold_sweep,0.8,0.8,0.571428571429,0.666666666667,4,1,3,13,0.571428571429,0.928571428571,0.0714285714286,0.428571428571,0.8,0.571428571429,0.666666666667,0.809523809524,0.587301587302,0.538461538462,0.553398590529,0.5,20,13,7,0,20,0,13,0,7,11,20,0.181818181818,3.04338842975,3.63636363636,2,2.5,1.68954001271,0.464623503495,0.245454545455,1.16774841624,0.642261628933,0.336363636364,1.94000937205,1.06700515463,0.536363636364,1.05689877454,0.347276990411,3.54545454545,3.04338842975,1.05689877454,3.54545454545,0.499047619048,0.4,8,0.0484848484848,0.255555555556,11,11,11,1,0,0.0909090909091,0.636363636364,0.272727272727,11,0.118181818182,3.72727272727,2.36363636364,1.3,1.625,1.43336856898,0.6064251638,0.286713286713,0.603022689156,0.510249967747,0.237762237762,1.40129809949,1.18571377649,0.503496503497,2.05382127221,0.551025219373,7,3.72727272727,2.05382127221,7,0,0,0,0,0.22962962963,11,11,11,1,0,0.0909090909091,0.636363636364,0.272727272727,11,18,0.163636363636,3.21818181818,3.27272727273,1.8,2,1.27207775634,0.388690425549,0.191919191919,0.924416277737,0.564921058617,0.292929292929,1.50151438706,0.917592125425,0.454545454545,1.30485108868,0.405462202698,4.55,3.21818181818,1.30485108868,4.55,0.28,0.204545454545,3,0.0181818181818,0.2,11,11,11,1,0,0.0909090909091,0.727272727273,0.181818181818,-2,-0.0181818181818,0.17479338843,-0.363636363636,-0.2,-0.5,-0.417462256367,-0.0759330779459,-0.0535353535354,-0.243332138505,-0.0773405703161,-0.0434343434343,-0.438494984989,-0.149413029202,-0.0818181818182,0.247952314146,0.0581852122867,1.00454545455,0.17479338843,0.247952314146,1.00454545455,-0.219047619048,-0.195454545455,-5,-0.030303030303,-0.0555555555556,0,0.0909090909091,-0.0909090909091,17,1,3,89,0.85,0.988888888889,0.0111111111111,0.15,0.944444444444,0.85,0.894736842105,0.874602125628,0.838888888889,0.809523809524,5,7,0,0,0,0
2889,WLNM_dir_neg,0.897959183673,0.565548340548,00:00:00,10,70,21,1177447070,threshold_sweep,0.9,0.8,0.571428571429,0.666666666667,4,1,3,13,0.571428571429,0.928571428571,0.0714285714286,0.428571428571,0.8,0.571428571429,0.666666666667,0.809523809524,0.587301587302,0.538461538462,0.553398590529,0.5,20,13,7,0,20,0,13,0,7,11,20,0.181818181818,3.04338842975,3.63636363636,2,2.5,1.68954001271,0.464623503495,0.245454545455,1.16774841624,0.642261628933,0.336363636364,1.94000937205,1.06700515463,0.536363636364,1.05689877454,0.347276990411,3.54545454545,3.04338842975,1.05689877454,3.54545454545,0.499047619048,0.4,8,0.0484848484848,0.255555555556,11,11,11,1,0,0.0909090909091,0.636363636364,0.272727272727,11,0.118181818182,3.72727272727,2.36363636364,1.3,1.625,1.43336856898,0.6064251638,0.286713286713,0.603022689156,0.510249967747,0.237762237762,1.40129809949,1.18571377649,0.503496503497,2.05382127221,0.551025219373,7,3.72727272727,2.05382127221,7,0,0,0,0,0.22962962963,11,11,11,1,0,0.0909090909091,0.636363636364,0.272727272727,11,18,0.163636363636,3.21818181818,3.27272727273,1.8,2,1.27207775634,0.388690425549,0.191919191919,0.924416277737,0.564921058617,0.292929292929,1.50151438706,0.917592125425,0.454545454545,1.30485108868,0.405462202698,4.55,3.21818181818,1.30485108868,4.55,0.28,0.204545454545,3,0.0181818181818,0.2,11,11,11,1,0,0.0909090909091,0.727272727273,0.181818181818,-2,-0.0181818181818,0.17479338843,-0.363636363636,-0.2,-0.5,-0.417462256367,-0.0759330779459,-0.0535353535354,-0.243332138505,-0.0773405703161,-0.0434343434343,-0.438494984989,-0.149413029202,-0.0818181818182,0.247952314146,0.0581852122867,1.00454545455,0.17479338843,0.247952314146,1.00454545455,-0.219047619048,-0.195454545455,-5,-0.030303030303,-0.0555555555556,0,0.0909090909091,-0.0909090909091,17,1,3,89,0.85,0.988888888889,0.0111111111111,0.15,0.944444444444,0.85,0.894736842105,0.874602125628,0.838888888889,0.809523809524,5,7,0,0,0,0
2890,WLNM_dir_neg,0.877551020408,0.575056689342,00:00:00,10,70,22,1177447071,threshold_sweep,0.1,1,0.714285714286,0.833333333333,5,0,2,14,0.714285714286,1,0,0.285714285714,1,0.714285714286,0.833333333333,0.904761904762,0.587301587302,0.769230769231,0.790569415042,0.714285714286,20,13,7,0,20,0,13,0,7,11,20,0.181818181818,3.04338842975,3.63636363636,2,2.5,1.68954001271,0.464623503495,0.245454545455,1.16774841624,0.642261628933,0.336363636364,1.94000937205,1.06700515463,0.536363636364,1.05689877454,0.347276990411,3.54545454545,3.04338842975,1.05689877454,3.54545454545,0.499047619048,0.4,8,0.0484848484848,0.255555555556,11,11,11,1,0,0.0909090909091,0.636363636364,0.272727272727,11,0.118181818182,3.72727272727,2.36363636364,1.3,1.625,1.43336856898,0.6064251638,0.286713286713,0.603022689156,0.510249967747,0.237762237762,1.40129809949,1.18571377649,0.503496503497,2.05382127221,0.551025219373,7,3.72727272727,2.05382127221,7,0,0,0,0,0.22962962963,11,11,11,1,0,0.0909090909091,0.636363636364,0.272727272727,11,18,0.163636363636,3.11363636364,3.27272727273,1.8,2.25,1.42062726223,0.434080552347,0.227272727273,0.924416277737,0.564921058617,0.292929292929,1.68954001271,1.03249667443,0.525252525253,1.14353419474,0.367266456706,3.875,3.11363636364,1.14353419474,3.875,0.366666666667,0.266666666667,4,0.0242424242424,0.221111111111,11,11,11,1,0,0.0909090909091,0.636363636364,0.272727272727,-2,-0.0181818181818,0.0702479338843,-0.363636363636,-0.2,-0.25,-0.268912750482,-0.030542951148,-0.0181818181818,-0.243332138505,-0.0773405703161,-0.0434343434343,-0.250469359339,-0.0345084801933,-0.0111111111111,0.0866354202056,0.0199894662943,0.329545454545,0.0702479338843,0.0866354202056,0.329545454545,-0.132380952381,-0.133333333333,-4,-0.0242424242424,-0.0344444444444,0,0,0,18,0,2,90,0.9,1,0,0.1,1,0.9,0.947368421053,0.938314863257,0.9,0.9,5,7,0,0,0,0
2891,WLNM_dir_neg,0.877551020408,0.575056689342,00:00:00,10,70,22,1177447071,threshold_sweep,0.2,1,0.714285714286,0.833333333333,5,0,2,14,0.714285714286,1,0,0.285714285714,1,0.714285714286,0.833333333333,0.904761904762,0.587301587302,0.769230769231,0.790569415042,0.714285714286,20,13,7,0,20,0,13,0,7,11,20,0.181818181818,3.04338842975,3.63636363636,2,2.5,1.68954001271,0.464623503495,0.245454545455,1.16774841624,0.642261628933,0.336363636364,1.94000937205,1.06700515463,0.536363636364,1.05689877454,0.347276990411,3.54545454545,3.04338842975,1.05689877454,3.54545454545,0.499047619048,0.4,8,0.0484848484848,0.255555555556,11,11,11,1,0,0.0909090909091,0.636363636364,0.272727272727,11,0.118181818182,3.72727272727,2.36363636364,1.3,1.625,1.43336856898,0.6064251638,0.286713286713,0.603022689156,0.510249967747,0.237762237762,1.40129809949,1.18571377649,0.503496503497,2.05382127221,0.551025219373,7,3.72727272727,2.05382127221,7,0,0,0,0,0.22962962963,11,11,11,1,0,0.0909090909091,0.636363636364,0.272727272727,11,18,0.163636363636,3.11363636364,3.27272727273,1.8,2.25,1.42062726223,0.434080552347,0.227272727273,0.924416277737,0.564921058617,0.292929292929,1.68954001271,1.03249667443,0.525252525253,1.14353419474,0.367266456706,3.875,3.11363636364,1.14353419474,3.875,0.366666666667,0.266666666667,4,0.0242424242424,0.221111111111,11,11,11,1,0,0.0909090909091,0.636363636364,0.272727272727,-2,-0.0181818181818,0.0702479338843,-0.363636363636,-0.2,-0.25,-0.268912750482,-0.030542951148,-0.0181818181818,-0.243332138505,-0.0773405703161,-0.0434343434343,-0.250469359339,-0.0345084801933,-0.0111111111111,0.0866354202056,0.0199894662943,0.329545454545,0.0702479338843,0.0866354202056,0.329545454545,-0.132380952381,-0.133333333333,-4,-0.0242424242424,-0.0344444444444,0,0,0,18,0,2,90,0.9,1,0,0.1,1,0.9,0.947368421053,0.938314863257,0.9,0.9,5,7,0,0,0,0
2892,WLNM_dir_neg,0.877551020408,0.575056689342,00:00:00,10,70,22,1177447071,threshold_sweep,0.3,1,0.714285714286,0.833333333333,5,0,2,14,0.714285714286,1,0,0.285714285714,1,0.714285714286,0.833333333333,0.904761904762,0.587301587302,0.769230769231,0.790569415042,0.714285714286,20,13,7,0,20,0,13,0,7,11,20,0.181818181818,3.04338842975,3.63636363636,2,2.5,1.68954001271,0.464623503495,0.245454545455,1.16774841624,0.642261628933,0.336363636364,1.94000937205,1.06700515463,0.536363636364,1.05689877454,0.347276990411,3.54545454545,3.04338842975,1.05689877454,3.54545454545,0.499047619048,0.4,8,0.0484848484848,0.255555555556,11,11,11,1,0,0.0909090909091,0.636363636364,0.272727272727,11,0.118181818182,3.72727272727,2.36363636364,1.3,1.625,1.43336856898,0.6064251638,0.286713286713,0.603022689156,0.510249967747,0.237762237762,1.40129809949,1.18571377649,0.503496503497,2.05382127221,0.551025219373,7,3.72727272727,2.05382127221,7,0,0,0,0,0.22962962963,11,11,11,1,0,0.0909090909091,0.636363636364,0.272727272727,11,18,0.163636363636,3.11363636364,3.27272727273,1.8,2.25,1.42062726223,0.434080552347,0.227272727273,0.924416277737,0.564921058617,0.292929292929,1.68954001271,1.03249667443,0.525252525253,1.14353419474,0.367266456706,3.875,3.11363636364,1.14353419474,3.875,0.366666666667,0.266666666667,4,0.0242424242424,0.221111111111,11,11,11,1,0,0.0909090909091,0.636363636364,0.272727272727,-2,-0.0181818181818,0.0702479338843,-0.363636363636,-0.2,-0.25,-0.268912750482,-0.030542951148,-0.0181818181818,-0.243332138505,-0.0773405703161,-0.0434343434343,-0.250469359339,-0.0345084801933,-0.0111111111111,0.0866354202056,0.0199894662943,0.329545454545,0.0702479338843,0.0866354202056,0.329545454545,-0.132380952381,-0.133333333333,-4,-0.0242424242424,-0.0344444444444,0,0,0,18,0,2,90,0.9,1,0,0.1,1,0.9,0.947368421053,0.938314863257,0.9,0.9,5,7,0,0,0,0
2893,WLNM_dir_neg,0.877551020408,0.575056689342,00:00:00,10,70,22,1177447071,threshold_sweep,0.4,1,0.714285714286,0.833333333333,5,0,2,14,0.714285714286,1,0,0.285714285714,1,0.714285714286,0.833333333333,0.904761904762,0.587301587302,0.769230769231,0.790569415042,0.714285714286,20,13,7,0,20,0,13,0,7,11,20,0.181818181818,3.04338842975,3.63636363636,2,2.5,1.68954001271,0.464623503495,0.245454545455,1.16774841624,0.642261628933,0.336363636364,1.94000937205,1.06700515463,0.536363636364,1.05689877454,0.347276990411,3.54545454545,3.04338842975,1.05689877454,3.54545454545,0.499047619048,0.4,8,0.0484848484848,0.255555555556,11,11,11,1,0,0.0909090909091,0.636363636364,0.272727272727,11,0.118181818182,3.72727272727,2.36363636364,1.3,1.625,1.43336856898,0.6064251638,0.286713286713,0.603022689156,0.510249967747,0.237762237762,1.40129809949,1.18571377649,0.503496503497,2.05382127221,0.551025219373,7,3.72727272727,2.05382127221,7,0,0,0,0,0.22962962963,11,11,11,1,0,0.0909090909091,0.636363636364,0.272727272727,11,18,0.163636363636,3.11363636364,3.27272727273,1.8,2.25,1.42062726223,0.434080552347,0.227272727273,0.924416277737,0.564921058617,0.292929292929,1.68954001271,1.03249667443,0.525252525253,1.14353419474,0.367266456706,3.875,3.11363636364,1.14353419474,3.875,0.366666666667,0.266666666667,4,0.0242424242424,0.221111111111,11,11,11,1,0,0.0909090909091,0.636363636364,0.272727272727,-2,-0.0181818181818,0.0702479338843,-0.363636363636,-0.2,-0.25,-0.268912750482,-0.030542951148,-0.0181818181818,-0.243332138505,-0.0773405703161,-0.0434343434343,-0.250469359339,-0.0345084801933,-0.0111111111111,0.0866354202056,0.0199894662943,0.329545454545,0.0702479338843,0.0866354202056,0.329545454545,-0.132380952381,-0.133333333333,-4,-0.0242424242424,-0.0344444444444,0,0,0,18,0,2,90,0.9,1,0,0.1,1,0.9,0.947368421053,0.938314863257,0.9,0.9,5,7,0,0,0,0
2894,WLNM_dir_neg,0.877551020408,0.575056689342,00:00:00,10,70,22,1177447071,threshold_sweep,0.5,1,0.714285714286,0.833333333333,5,0,2,14,0.714285714286,1,0,0.285714285714,1,0.714285714286,0.833333333333,0.904761904762,0.587301587302,0.769230769231,0.790569415042,0.714285714286,20,13,7,0,20,0,13,0,7,11,20,0.181818181818,3.04338842975,3.63636363636,2,2.5,1.68954001271,0.464623503495,0.245454545455,1.16774841624,0.642261628933,0.336363636364,1.94000937205,1.06700515463,0.536363636364,1.05689877454,0.347276990411,3.54545454545,3.04338842975,1.05689877454,3.54545454545,0.499047619048,0.4,8,0.0484848484848,0.255555555556,11,11,11,1,0,0.0909090909091,0.636363636364,0.272727272727,11,0.118181818182,3.72727272727,2.36363636364,1.3,1.625,1.43336856898,0.6064251638,0.286713286713,0.603022689156,0.510249967747,0.237762237762,1.40129809949,1.18571377649,0.503496503497,2.05382127221,0.551025219373,7,3.72727272727,2.05382127221,7,0,0,0,0,0.22962962963,11,11,11,1,0,0.0909090909091,0.636363636364,0.272727272727,11,18,0.163636363636,3.11363636364,3.27272727273,1.8,2.25,1.42062726223,0.434080552347,0.227272727273,0.924416277737,0.564921058617,0.292929292929,1.68954001271,1.03249667443,0.525252525253,1.14353419474,0.367266456706,3.875,3.11363636364,1.14353419474,3.875,0.366666666667,0.266666666667,4,0.0242424242424,0.221111111111,11,11,11,1,0,0.0909090909091,0.636363636364,0.272727272727,-2,-0.0181818181818,0.0702479338843,-0.363636363636,-0.2,-0.25,-0.268912750482,-0.030542951148,-0.0181818181818,-0.243332138505,-0.0773405703161,-0.0434343434343,-0.250469359339,-0.0345084801933,-0.0111111111111,0.0866354202056,0.0199894662943,0.329545454545,0.0702479338843,0.0866354202056,0.329545454545,-0.132380952381,-0.133333333333,-4,-0.0242424242424,-0.0344444444444,0,0,0,18,0,2,90,0.9,1,0,0.1,1,0.9,0.947368421053,0.938314863257,0.9,0.9,5,7,0,0,0,0
2895,WLNM_dir_neg,0.877551020408,0.575056689342,00:00:00,10,70,22,1177447071,threshold_sweep,0.6,1,0.714285714286,0.833333333333,5,0,2,14,0.714285714286,1,0,0.285714285714,1,0.714285714286,0.833333333333,0.904761904762,0.587301587302,0.769230769231,0.790569415042,0.714285714286,20,13,7,0,20,0,13,0,7,11,20,0.181818181818,3.04338842975,3.63636363636,2,2.5,1.68954001271,0.464623503495,0.245454545455,1.16774841624,0.642261628933,0.336363636364,1.94000937205,1.06700515463,0.536363636364,1.05689877454,0.347276990411,3.54545454545,3.04338842975,1.05689877454,3.54545454545,0.499047619048,0.4,8,0.0484848484848,0.255555555556,11,11,11,1,0,0.0909090909091,0.636363636364,0.272727272727,11,0.118181818182,3.72727272727,2.36363636364,1.3,1.625,1.43336856898,0.6064251638,0.286713286713,0.603022689156,0.510249967747,0.237762237762,1.40129809949,1.18571377649,0.503496503497,2.05382127221,0.551025219373,7,3.72727272727,2.05382127221,7,0,0,0,0,0.22962962963,11,11,11,1,0,0.0909090909091,0.636363636364,0.272727272727,11,18,0.163636363636,3.11363636364,3.27272727273,1.8,2.25,1.42062726223,0.434080552347,0.227272727273,0.924416277737,0.564921058617,0.292929292929,1.68954001271,1.03249667443,0.525252525253,1.14353419474,0.367266456706,3.875,3.11363636364,1.14353419474,3.875,0.366666666667,0.266666666667,4,0.0242424242424,0.221111111111,11,11,11,1,0,0.0909090909091,0.636363636364,0.272727272727,-2,-0.0181818181818,0.0702479338843,-0.363636363636,-0.2,-0.25,-0.268912750482,-0.030542951148,-0.0181818181818,-0.243332138505,-0.0773405703161,-0.0434343434343,-0.250469359339,-0.0345084801933,-0.0111111111111,0.0866354202056,0.0199894662943,0.329545454545,0.0702479338843,0.0866354202056,0.329545454545,-0.132380952381,-0.133333333333,-4,-0.0242424242424,-0.0344444444444,0,0,0,18,0,2,90,0.9,1,0,0.1,1,0.9,0.947368421053,0.938314863257,0.9,0.9,5,7,0,0,0,0
2896,WLNM_dir_neg,0.877551020408,0.575056689342,00:00:00,10,70,22,1177447071,threshold_sweep,0.7,1,0.714285714286,0.833333333333,5,0,2,14,0.714285714286,1,0,0.285714285714,1,0.714285714286,0.833333333333,0.904761904762,0.587301587302,0.769230769231,0.790569415042,0.714285714286,20,13,7,0,20,0,13,0,7,11,20,0.181818181818,3.04338842975,3.63636363636,2,2.5,1.68954001271,0.464623503495,0.245454545455,1.16774841624,0.642261628933,0.336363636364,1.94000937205,1.06700515463,0.536363636364,1.05689877454,0.347276990411,3.54545454545,3.04338842975,1.05689877454,3.54545454545,0.499047619048,0.4,8,0.0484848484848,0.255555555556,11,11,11,1,0,0.0909090909091,0.636363636364,0.272727272727,11,0.118181818182,3.72727272727,2.36363636364,1.3,1.625,1.43336856898,0.6064251638,0.286713286713,0.603022689156,0.510249967747,0.237762237762,1.40129809949,1.18571377649,0.503496503497,2.05382127221,0.551025219373,7,3.72727272727,2.05382127221,7,0,0,0,0,0.22962962963,11,11,11,1,0,0.0909090909091,0.636363636364,0.272727272727,11,18,0.163636363636,3.11363636364,3.27272727273,1.8,2.25,1.42062726223,0.434080552347,0.227272727273,0.924416277737,0.564921058617,0.292929292929,1.68954001271,1.03249667443,0.525252525253,1.14353419474,0.367266456706,3.875,3.11363636364,1.14353419474,3.875,0.366666666667,0.266666666667,4,0.0242424242424,0.221111111111,11,11,11,1,0,0.0909090909091,0.636363636364,0.272727272727,-2,-0.0181818181818,0.0702479338843,-0.363636363636,-0.2,-0.25,-0.268912750482,-0.030542951148,-0.0181818181818,-0.243332138505,-0.0773405703161,-0.0434343434343,-0.250469359339,-0.0345084801933,-0.0111111111111,0.0866354202056,0.0199894662943,0.329545454545,0.0702479338843,0.0866354202056,0.329545454545,-0.132380952381,-0.133333333333,-4,-0.0242424242424,-0.0344444444444,0,0,0,18,0,2,90,0.9,1,0,0.1,1,0.9,0.947368421053,0.938314863257,0.9,0.9,5,7,0,0,0,0
2897,WLNM_dir_neg,0.877551020408,0.575056689342,00:00:00,10,70,22,1177447071,threshold_sweep,0.8,1,0.714285714286,0.833333333333,5,0,2,14,0.714285714286,1,0,0.285714285714,1,0.714285714286,0.833333333333,0.904761904762,0.587301587302,0.769230769231,0.790569415042,0.714285714286,20,13,7,0,20,0,13,0,7,11,20,0.181818181818,3.04338842975,3.63636363636,2,2.5,1.68954001271,0.464623503495,0.245454545455,1.16774841624,0.642261628933,0.336363636364,1.94000937205,1.06700515463,0.536363636364,1.05689877454,0.347276990411,3.54545454545,3.04338842975,1.05689877454,3.54545454545,0.499047619048,0.4,8,0.0484848484848,0.255555555556,11,11,11,1,0,0.0909090909091,0.636363636364,0.272727272727,11,0.118181818182,3.72727272727,2.36363636364,1.3,1.625,1.43336856898,0.6064251638,0.286713286713,0.603022689156,0.510249967747,0.237762237762,1.40129809949,1.18571377649,0.503496503497,2.05382127221,0.551025219373,7,3.72727272727,2.05382127221,7,0,0,0,0,0.22962962963,11,11,11,1,0,0.0909090909091,0.636363636364,0.272727272727,11,18,0.163636363636,3.11363636364,3.27272727273,1.8,2.25,1.42062726223,0.434080552347,0.227272727273,0.924416277737,0.564921058617,0.292929292929,1.68954001271,1.03249667443,0.525252525253,1.14353419474,0.367266456706,3.875,3.11363636364,1.14353419474,3.875,0.366666666667,0.266666666667,4,0.0242424242424,0.221111111111,11,11,11,1,0,0.0909090909091,0.636363636364,0.272727272727,-2,-0.0181818181818,0.0702479338843,-0.363636363636,-0.2,-0.25,-0.268912750482,-0.030542951148,-0.0181818181818,-0.243332138505,-0.0773405703161,-0.0434343434343,-0.250469359339,-0.0345084801933,-0.0111111111111,0.0866354202056,0.0199894662943,0.329545454545,0.0702479338843,0.0866354202056,0.329545454545,-0.132380952381,-0.133333333333,-4,-0.0242424242424,-0.0344444444444,0,0,0,18,0,2,90,0.9,1,0,0.1,1,0.9,0.947368421053,0.938314863257,0.9,0.9,5,7,0,0,0,0
2898,WLNM_dir_neg,0.877551020408,0.575056689342,00:00:00,10,70,22,1177447071,threshold_sweep,0.9,1,0.714285714286,0.833333333333,5,0,2,14,0.714285714286,1,0,0.285714285714,1,0.714285714286,0.833333333333,0.904761904762,0.587301587302,0.769230769231,0.790569415042,0.714285714286,20,13,7,0,20,0,13,0,7,11,20,0.181818181818,3.04338842975,3.63636363636,2,2.5,1.68954001271,0.464623503495,0.245454545455,1.16774841624,0.642261628933,0.336363636364,1.94000937205,1.06700515463,0.536363636364,1.05689877454,0.347276990411,3.54545454545,3.04338842975,1.05689877454,3.54545454545,0.499047619048,0.4,8,0.0484848484848,0.255555555556,11,11,11,1,0,0.0909090909091,0.636363636364,0.272727272727,11,0.118181818182,3.72727272727,2.36363636364,1.3,1.625,1.43336856898,0.6064251638,0.286713286713,0.603022689156,0.510249967747,0.237762237762,1.40129809949,1.18571377649,0.503496503497,2.05382127221,0.551025219373,7,3.72727272727,2.05382127221,7,0,0,0,0,0.22962962963,11,11,11,1,0,0.0909090909091,0.636363636364,0.272727272727,11,18,0.163636363636,3.11363636364,3.27272727273,1.8,2.25,1.42062726223,0.434080552347,0.227272727273,0.924416277737,0.564921058617,0.292929292929,1.68954001271,1.03249667443,0.525252525253,1.14353419474,0.367266456706,3.875,3.11363636364,1.14353419474,3.875,0.366666666667,0.266666666667,4,0.0242424242424,0.221111111111,11,11,11,1,0,0.0909090909091,0.636363636364,0.272727272727,-2,-0.0181818181818,0.0702479338843,-0.363636363636,-0.2,-0.25,-0.268912750482,-0.030542951148,-0.0181818181818,-0.243332138505,-0.0773405703161,-0.0434343434343,-0.250469359339,-0.0345084801933,-0.0111111111111,0.0866354202056,0.0199894662943,0.329545454545,0.0702479338843,0.0866354202056,0.329545454545,-0.132380952381,-0.133333333333,-4,-0.0242424242424,-0.0344444444444,0,0,0,18,0,2,90,0.9,1,0,0.1,1,0.9,0.947368421053,0.938314863257,0.9,0.9,5,7,0,0,0,0
2899,WLNM_dir_neg,0.908163265306,0.5554576376,00:00:00,10,70,23,1177447072,threshold_sweep,0.1,1,0.428571428571,0.6,3,0,4,14,0.428571428571,1,0,0.571428571429,1,0.428571428571,0.6,0.809523809524,0.619047619048,0.5,0.57735026919,0.428571428571,20,13,7,0,20,0,13,0,7,11,20,0.181818181818,3.04338842975,3.63636363636,2,2.5,1.68954001271,0.464623503495,0.245454545455,1.16774841624,0.642261628933,0.336363636364,1.94000937205,1.06700515463,0.536363636364,1.05689877454,0.347276990411,3.54545454545,3.04338842975,1.05689877454,3.54545454545,0.499047619048,0.4,8,0.0484848484848,0.255555555556,11,11,11,1,0,0.0909090909091,0.636363636364,0.272727272727,11,0.118181818182,3.72727272727,2.36363636364,1.3,1.625,1.43336856898,0.6064251638,0.286713286713,0.603022689156,0.510249967747,0.237762237762,1.40129809949,1.18571377649,0.503496503497,2.05382127221,0.551025219373,7,3.72727272727,2.05382127221,7,0,0,0,0,0.22962962963,11,11,11,1,0,0.0909090909091,0.636363636364,0.272727272727,11,16,0.145454545455,3.25,2.90909090909,1.6,2,1.22102788294,0.41972833476,0.181818181818,0.687551650952,0.47269176003,0.227272727273,1.50755672289,1.03644524699,0.511363636364,1.3758835545,0.423348786001,4.66666666667,3.25,1.3758835545,4.66666666667,0.213333333333,0.176470588235,2,0.0121212121212,0.192592592593,11,11,11,1,0,0.0909090909091,0.636363636364,0.272727272727,-4,-0.0363636363636,0.206611570248,-0.727272727273,-0.4,-0.5,-0.468512129772,-0.0448951687355,-0.0636363636364,-0.48019676529,-0.169569868904,-0.109090909091,-0.43245264916,-0.0305599076407,-0.025,0.318984779967,0.07607179559,1.12121212121,0.206611570248,0.318984779967,1.12121212121,-0.285714285714,-0.223529411765,-6,-0.0363636363636,-0.062962962963,0,0,0,16,0,4,90,0.8,1,0,0.2,1,0.8,0.888888888889,0.875189948987,0.8,0.8,3,7,0,0,0,0
2900,WLNM_dir_neg,0.908163265306,0.5554576376,00:00:00,10,70,23,1177447072,threshold_sweep,0.2,1,0.428571428571,0.6,3,0,4,14,0.428571428571,1,0,0.571428571429,1,0.428571428571,0.6,0.809523809524,0.619047619048,0.5,0.57735026919,0.428571428571,20,13,7,0,20,0,13,0,7,11,20,0.181818181818,3.04338842975,3.63636363636,2,2.5,1.68954001271,0.464623503495,0.245454545455,1.16774841624,0.642261628933,0.336363636364,1.94000937205,1.06700515463,0.536363636364,1.05689877454,0.347276990411,3.54545454545,3.04338842975,1.05689877454,3.54545454545,0.499047619048,0.4,8,0.0484848484848,0.255555555556,11,11,11,1,0,0.0909090909091,0.636363636364,0.272727272727,11,0.118181818182,3.72727272727,2.36363636364,1.3,1.625,1.43336856898,0.6064251638,0.286713286713,0.603022689156,0.510249967747,0.237762237762,1.40129809949,1.18571377649,0.503496503497,2.05382127221,0.551025219373,7,3.72727272727,2.05382127221,7,0,0,0,0,0.22962962963,11,11,11,1,0,0.0909090909091,0.636363636364,0.272727272727,11,16,0.145454545455,3.25,2.90909090909,1.6,2,1.22102788294,0.41972833476,0.181818181818,0.687551650952,0.47269176003,0.227272727273,1.50755672289,1.03644524699,0.511363636364,1.3758835545,0.423348786001,4.66666666667,3.25,1.3758835545,4.66666666667,0.213333333333,0.176470588235,2,0.0121212121212,0.192592592593,11,11,11,1,0,0.0909090909091,0.636363636364,0.272727272727,-4,-0.0363636363636,0.206611570248,-0.727272727273,-0.4,-0.5,-0.468512129772,-0.0448951687355,-0.0636363636364,-0.48019676529,-0.169569868904,-0.109090909091,-0.43245264916,-0.0305599076407,-0.025,0.318984779967,0.07607179559,1.12121212121,0.206611570248,0.318984779967,1.12121212121,-0.285714285714,-0.223529411765,-6,-0.0363636363636,-0.062962962963,0,0,0,16,0,4,90,0.8,1,0,0.2,1,0.8,0.888888888889,0.875189948987,0.8,0.8,3,7,0,0,0,0
2901,WLNM_dir_neg,0.908163265306,0.5554576376,00:00:00,10,70,23,1177447072,threshold_sweep,0.3,1,0.428571428571,0.6,3,0,4,14,0.428571428571,1,0,0.571428571429,1,0.428571428571,0.6,0.809523809524,0.619047619048,0.5,0.57735026919,0.428571428571,20,13,7,0,20,0,13,0,7,11,20,0.181818181818,3.04338842975,3.63636363636,2,2.5,1.68954001271,0.464623503495,0.245454545455,1.16774841624,0.642261628933,0.336363636364,1.94000937205,1.06700515463,0.536363636364,1.05689877454,0.347276990411,3.54545454545,3.04338842975,1.05689877454,3.54545454545,0.499047619048,0.4,8,0.0484848484848,0.255555555556,11,11,11,1,0,0.0909090909091,0.636363636364,0.272727272727,11,0.118181818182,3.72727272727,2.36363636364,1.3,1.625,1.43336856898,0.6064251638,0.286713286713,0.603022689156,0.510249967747,0.237762237762,1.40129809949,1.18571377649,0.503496503497,2.05382127221,0.551025219373,7,3.72727272727,2.05382127221,7,0,0,0,0,0.22962962963,11,11,11,1,0,0.0909090909091,0.636363636364,0.272727272727,11,16,0.145454545455,3.25,2.90909090909,1.6,2,1.22102788294,0.41972833476,0.181818181818,0.687551650952,0.47269176003,0.227272727273,1.50755672289,1.03644524699,0.511363636364,1.3758835545,0.423348786001,4.66666666667,3.25,1.3758835545,4.66666666667,0.213333333333,0.176470588235,2,0.0121212121212,0.192592592593,11,11,11,1,0,0.0909090909091,0.636363636364,0.272727272727,-4,-0.0363636363636,0.206611570248,-0.727272727273,-0.4,-0.5,-0.468512129772,-0.0448951687355,-0.0636363636364,-0.48019676529,-0.169569868904,-0.109090909091,-0.43245264916,-0.0305599076407,-0.025,0.318984779967,0.07607179559,1.12121212121,0.206611570248,0.318984779967,1.12121212121,-0.285714285714,-0.223529411765,-6,-0.0363636363636,-0.062962962963,0,0,0,16,0,4,90,0.8,1,0,0.2,1,0.8,0.888888888889,0.875189948987,0.8,0.8,3,7,0,0,0,0
2902,WLNM_dir_neg,0.908163265306,0.5554576376,00:00:00,10,70,23,1177447072,threshold_sweep,0.4,1,0.428571428571,0.6,3,0,4,14,0.428571428571,1,0,0.571428571429,1,0.428571428571,0.6,0.809523809524,0.619047619048,0.5,0.57735026919,0.428571428571,20,13,7,0,20,0,13,0,7,11,20,0.181818181818,3.04338842975,3.63636363636,2,2.5,1.68954001271,0.464623503495,0.245454545455,1.16774841624,0.642261628933,0.336363636364,1.94000937205,1.06700515463,0.536363636364,1.05689877454,0.347276990411,3.54545454545,3.04338842975,1.05689877454,3.54545454545,0.499047619048,0.4,8,0.0484848484848,0.255555555556,11,11,11,1,0,0.0909090909091,0.636363636364,0.272727272727,11,0.118181818182,3.72727272727,2.36363636364,1.3,1.625,1.43336856898,0.6064251638,0.286713286713,0.603022689156,0.510249967747,0.237762237762,1.40129809949,1.18571377649,0.503496503497,2.05382127221,0.551025219373,7,3.72727272727,2.05382127221,7,0,0,0,0,0.22962962963,11,11,11,1,0,0.0909090909091,0.636363636364,0.272727272727,11,16,0.145454545455,3.25,2.90909090909,1.6,2,1.22102788294,0.41972833476,0.181818181818,0.687551650952,0.47269176003,0.227272727273,1.50755672289,1.03644524699,0.511363636364,1.3758835545,0.423348786001,4.66666666667,3.25,1.3758835545,4.66666666667,0.213333333333,0.176470588235,2,0.0121212121212,0.192592592593,11,11,11,1,0,0.0909090909091,0.636363636364,0.272727272727,-4,-0.0363636363636,0.206611570248,-0.727272727273,-0.4,-0.5,-0.468512129772,-0.0448951687355,-0.0636363636364,-0.48019676529,-0.169569868904,-0.109090909091,-0.43245264916,-0.0305599076407,-0.025,0.318984779967,0.07607179559,1.12121212121,0.206611570248,0.318984779967,1.12121212121,-0.285714285714,-0.223529411765,-6,-0.0363636363636,-0.062962962963,0,0,0,16,0,4,90,0.8,1,0,0.2,1,0.8,0.888888888889,0.875189948987,0.8,0.8,3,7,0,0,0,0
2903,WLNM_dir_neg,0.908163265306,0.5554576376,00:00:00,10,70,23,1177447072,threshold_sweep,0.5,1,0.428571428571,0.6,3,0,4,14,0.428571428571,1,0,0.571428571429,1,0.428571428571,0.6,0.809523809524,0.619047619048,0.5,0.57735026919,0.428571428571,20,13,7,0,20,0,13,0,7,11,20,0.181818181818,3.04338842975,3.63636363636,2,2.5,1.68954001271,0.464623503495,0.245454545455,1.16774841624,0.642261628933,0.336363636364,1.94000937205,1.06700515463,0.536363636364,1.05689877454,0.347276990411,3.54545454545,3.04338842975,1.05689877454,3.54545454545,0.499047619048,0.4,8,0.0484848484848,0.255555555556,11,11,11,1,0,0.0909090909091,0.636363636364,0.272727272727,11,0.118181818182,3.72727272727,2.36363636364,1.3,1.625,1.43336856898,0.6064251638,0.286713286713,0.603022689156,0.510249967747,0.237762237762,1.40129809949,1.18571377649,0.503496503497,2.05382127221,0.551025219373,7,3.72727272727,2.05382127221,7,0,0,0,0,0.22962962963,11,11,11,1,0,0.0909090909091,0.636363636364,0.272727272727,11,16,0.145454545455,3.25,2.90909090909,1.6,2,1.22102788294,0.41972833476,0.181818181818,0.687551650952,0.47269176003,0.227272727273,1.50755672289,1.03644524699,0.511363636364,1.3758835545,0.423348786001,4.66666666667,3.25,1.3758835545,4.66666666667,0.213333333333,0.176470588235,2,0.0121212121212,0.192592592593,11,11,11,1,0,0.0909090909091,0.636363636364,0.272727272727,-4,-0.0363636363636,0.206611570248,-0.727272727273,-0.4,-0.5,-0.468512129772,-0.0448951687355,-0.0636363636364,-0.48019676529,-0.169569868904,-0.109090909091,-0.43245264916,-0.0305599076407,-0.025,0.318984779967,0.07607179559,1.12121212121,0.206611570248,0.318984779967,1.12121212121,-0.285714285714,-0.223529411765,-6,-0.0363636363636,-0.062962962963,0,0,0,16,0,4,90,0.8,1,0,0.2,1,0.8,0.888888888889,0.875189948987,0.8,0.8,3,7,0,0,0,0
2904,WLNM_dir_neg,0.908163265306,0.5554576376,00:00:00,10,70,23,1177447072,threshold_sweep,0.6,1,0.428571428571,0.6,3,0,4,14,0.428571428571,1,0,0.571428571429,1,0.428571428571,0.6,0.809523809524,0.619047619048,0.5,0.57735026919,0.428571428571,20,13,7,0,20,0,13,0,7,11,20,0.181818181818,3.04338842975,3.63636363636,2,2.5,1.68954001271,0.464623503495,0.245454545455,1.16774841624,0.642261628933,0.336363636364,1.94000937205,1.06700515463,0.536363636364,1.05689877454,0.347276990411,3.54545454545,3.04338842975,1.05689877454,3.54545454545,0.499047619048,0.4,8,0.0484848484848,0.255555555556,11,11,11,1,0,0.0909090909091,0.636363636364,0.272727272727,11,0.118181818182,3.72727272727,2.36363636364,1.3,1.625,1.43336856898,0.6064251638,0.286713286713,0.603022689156,0.510249967747,0.237762237762,1.40129809949,1.18571377649,0.503496503497,2.05382127221,0.551025219373,7,3.72727272727,2.05382127221,7,0,0,0,0,0.22962962963,11,11,11,1,0,0.0909090909091,0.636363636364,0.272727272727,11,16,0.145454545455,3.25,2.90909090909,1.6,2,1.22102788294,0.41972833476,0.181818181818,0.687551650952,0.47269176003,0.227272727273,1.50755672289,1.03644524699,0.511363636364,1.3758835545,0.423348786001,4.66666666667,3.25,1.3758835545,4.66666666667,0.213333333333,0.176470588235,2,0.0121212121212,0.192592592593,11,11,11,1,0,0.0909090909091,0.636363636364,0.272727272727,-4,-0.0363636363636,0.206611570248,-0.727272727273,-0.4,-0.5,-0.468512129772,-0.0448951687355,-0.0636363636364,-0.48019676529,-0.169569868904,-0.109090909091,-0.43245264916,-0.0305599076407,-0.025,0.318984779967,0.07607179559,1.12121212121,0.206611570248,0.318984779967,1.12121212121,-0.285714285714,-0.223529411765,-6,-0.0363636363636,-0.062962962963,0,0,0,16,0,4,90,0.8,1,0,0.2,1,0.8,0.888888888889,0.875189948987,0.8,0.8,3,7,0,0,0,0
2905,WLNM_dir_neg,0.908163265306,0.5554576376,00:00:00,10,70,23,1177447072,threshold_sweep,0.7,1,0.428571428571,0.6,3,0,4,14,0.428571428571,1,0,0.571428571429,1,0.428571428571,0.6,0.809523809524,0.619047619048,0.5,0.57735026919,0.428571428571,20,13,7,0,20,0,13,0,7,11,20,0.181818181818,3.04338842975,3.63636363636,2,2.5,1.68954001271,0.464623503495,0.245454545455,1.16774841624,0.642261628933,0.336363636364,1.94000937205,1.06700515463,0.536363636364,1.05689877454,0.347276990411,3.54545454545,3.04338842975,1.05689877454,3.54545454545,0.499047619048,0.4,8,0.0484848484848,0.255555555556,11,11,11,1,0,0.0909090909091,0.636363636364,0.272727272727,11,0.118181818182,3.72727272727,2.36363636364,1.3,1.625,1.43336856898,0.6064251638,0.286713286713,0.603022689156,0.510249967747,0.237762237762,1.40129809949,1.18571377649,0.503496503497,2.05382127221,0.551025219373,7,3.72727272727,2.05382127221,7,0,0,0,0,0.22962962963,11,11,11,1,0,0.0909090909091,0.636363636364,0.272727272727,11,16,0.145454545455,3.25,2.90909090909,1.6,2,1.22102788294,0.41972833476,0.181818181818,0.687551650952,0.47269176003,0.227272727273,1.50755672289,1.03644524699,0.511363636364,1.3758835545,0.423348786001,4.66666666667,3.25,1.3758835545,4.66666666667,0.213333333333,0.176470588235,2,0.0121212121212,0.192592592593,11,11,11,1,0,0.0909090909091,0.636363636364,0.272727272727,-4,-0.0363636363636,0.206611570248,-0.727272727273,-0.4,-0.5,-0.468512129772,-0.0448951687355,-0.0636363636364,-0.48019676529,-0.169569868904,-0.109090909091,-0.43245264916,-0.0305599076407,-0.025,0.318984779967,0.07607179559,1.12121212121,0.206611570248,0.318984779967,1.12121212121,-0.285714285714,-0.223529411765,-6,-0.0363636363636,-0.062962962963,0,0,0,16,0,4,90,0.8,1,0,0.2,1,0.8,0.888888888889,0.875189948987,0.8,0.8,3,7,0,0,0,0
2906,WLNM_dir_neg,0.908163265306,0.5554576376,00:00:00,10,70,23,1177447072,threshold_sweep,0.8,1,0.428571428571,0.6,3,0,4,14,0.428571428571,1,0,0.571428571429,1,0.428571428571,0.6,0.809523809524,0.619047619048,0.5,0.57735026919,0.428571428571,20,13,7,0,20,0,13,0,7,11,20,0.181818181818,3.04338842975,3.63636363636,2,2.5,1.68954001271,0.464623503495,0.245454545455,1.16774841624,0.642261628933,0.336363636364,1.94000937205,1.06700515463,0.536363636364,1.05689877454,0.347276990411,3.54545454545,3.04338842975,1.05689877454,3.54545454545,0.499047619048,0.4,8,0.0484848484848,0.255555555556,11,11,11,1,0,0.0909090909091,0.636363636364,0.272727272727,11,0.118181818182,3.72727272727,2.36363636364,1.3,1.625,1.43336856898,0.6064251638,0.286713286713,0.603022689156,0.510249967747,0.237762237762,1.40129809949,1.18571377649,0.503496503497,2.05382127221,0.551025219373,7,3.72727272727,2.05382127221,7,0,0,0,0,0.22962962963,11,11,11,1,0,0.0909090909091,0.636363636364,0.272727272727,11,16,0.145454545455,3.25,2.90909090909,1.6,2,1.22102788294,0.41972833476,0.181818181818,0.687551650952,0.47269176003,0.227272727273,1.50755672289,1.03644524699,0.511363636364,1.3758835545,0.423348786001,4.66666666667,3.25,1.3758835545,4.66666666667,0.213333333333,0.176470588235,2,0.0121212121212,0.192592592593,11,11,11,1,0,0.0909090909091,0.636363636364,0.272727272727,-4,-0.0363636363636,0.206611570248,-0.727272727273,-0.4,-0.5,-0.468512129772,-0.0448951687355,-0.0636363636364,-0.48019676529,-0.169569868904,-0.109090909091,-0.43245264916,-0.0305599076407,-0.025,0.318984779967,0.07607179559,1.12121212121,0.206611570248,0.318984779967,1.12121212121,-0.285714285714,-0.223529411765,-6,-0.0363636363636,-0.062962962963,0,0,0,16,0,4,90,0.8,1,0,0.2,1,0.8,0.888888888889,0.875189948987,0.8,0.8,3,7,0,0,0,0
2907,WLNM_dir_neg,0.908163265306,0.5554576376,00:00:00,10,70,23,1177447072,threshold_sweep,0.9,1,0.428571428571,0.6,3,0,4,14,0.428571428571,1,0,0.571428571429,1,0.428571428571,0.6,0.809523809524,0.619047619048,0.5,0.57735026919,0.428571428571,20,13,7,0,20,0,13,0,7,11,20,0.181818181818,3.04338842975,3.63636363636,2,2.5,1.68954001271,0.464623503495,0.245454545455,1.16774841624,0.642261628933,0.336363636364,1.94000937205,1.06700515463,0.536363636364,1.05689877454,0.347276990411,3.54545454545,3.04338842975,1.05689877454,3.54545454545,0.499047619048,0.4,8,0.0484848484848,0.255555555556,11,11,11,1,0,0.0909090909091,0.636363636364,0.272727272727,11,0.118181818182,3.72727272727,2.36363636364,1.3,1.625,1.43336856898,0.6064251638,0.286713286713,0.603022689156,0.510249967747,0.237762237762,1.40129809949,1.18571377649,0.503496503497,2.05382127221,0.551025219373,7,3.72727272727,2.05382127221,7,0,0,0,0,0.22962962963,11,11,11,1,0,0.0909090909091,0.636363636364,0.272727272727,11,16,0.145454545455,3.25,2.90909090909,1.6,2,1.22102788294,0.41972833476,0.181818181818,0.687551650952,0.47269176003,0.227272727273,1.50755672289,1.03644524699,0.511363636364,1.3758835545,0.423348786001,4.66666666667,3.25,1.3758835545,4.66666666667,0.213333333333,0.176470588235,2,0.0121212121212,0.192592592593,11,11,11,1,0,0.0909090909091,0.636363636364,0.272727272727,-4,-0.0363636363636,0.206611570248,-0.727272727273,-0.4,-0.5,-0.468512129772,-0.0448951687355,-0.0636363636364,-0.48019676529,-0.169569868904,-0.109090909091,-0.43245264916,-0.0305599076407,-0.025,0.318984779967,0.07607179559,1.12121212121,0.206611570248,0.318984779967,1.12121212121,-0.285714285714,-0.223529411765,-6,-0.0363636363636,-0.062962962963,0,0,0,16,0,4,90,0.8,1,0,0.2,1,0.8,0.888888888889,0.875189948987,0.8,0.8,3,7,0,0,0,0
2908,WLNM_dir_neg,0.877551020408,0.570929070929,00:00:00,10,70,24,1177447073,threshold_sweep,0.1,1,0.714285714286,0.833333333333,5,0,2,14,0.714285714286,1,0,0.285714285714,1,0.714285714286,0.833333333333,0.904761904762,0.587301587302,0.769230769231,0.790569415042,0.714285714286,20,13,7,0,20,0,13,0,7,11,20,0.181818181818,3.04338842975,3.63636363636,2,2.5,1.68954001271,0.464623503495,0.245454545455,1.16774841624,0.642261628933,0.336363636364,1.94000937205,1.06700515463,0.536363636364,1.05689877454,0.347276990411,3.54545454545,3.04338842975,1.05689877454,3.54545454545,0.499047619048,0.4,8,0.0484848484848,0.255555555556,11,11,11,1,0,0.0909090909091,0.636363636364,0.272727272727,11,0.118181818182,3.72727272727,2.36363636364,1.3,1.625,1.43336856898,0.6064251638,0.286713286713,0.603022689156,0.510249967747,0.237762237762,1.40129809949,1.18571377649,0.503496503497,2.05382127221,0.551025219373,7,3.72727272727,2.05382127221,7,0,0,0,0,0.22962962963,11,11,11,1,0,0.0909090909091,0.636363636364,0.272727272727,11,18,0.163636363636,3.11363636364,3.27272727273,1.8,2.25,1.42062726223,0.434080552347,0.227272727273,0.924416277737,0.564921058617,0.292929292929,1.68954001271,1.03249667443,0.525252525253,1.14353419474,0.367266456706,3.875,3.11363636364,1.14353419474,3.875,0.366666666667,0.266666666667,4,0.0242424242424,0.221111111111,11,11,11,1,0,0.0909090909091,0.636363636364,0.272727272727,-2,-0.0181818181818,0.0702479338843,-0.363636363636,-0.2,-0.25,-0.268912750482,-0.030542951148,-0.0181818181818,-0.243332138505,-0.0773405703161,-0.0434343434343,-0.250469359339,-0.0345084801933,-0.0111111111111,0.0866354202056,0.0199894662943,0.329545454545,0.0702479338843,0.0866354202056,0.329545454545,-0.132380952381,-0.133333333333,-4,-0.0242424242424,-0.0344444444444,0,0,0,18,0,2,90,0.9,1,0,0.1,1,0.9,0.947368421053,0.938314863257,0.9,0.9,5,7,0,0,0,0
2909,WLNM_dir_neg,0.877551020408,0.570929070929,00:00:00,10,70,24,1177447073,threshold_sweep,0.2,1,0.714285714286,0.833333333333,5,0,2,14,0.714285714286,1,0,0.285714285714,1,0.714285714286,0.833333333333,0.904761904762,0.587301587302,0.769230769231,0.790569415042,0.714285714286,20,13,7,0,20,0,13,0,7,11,20,0.181818181818,3.04338842975,3.63636363636,2,2.5,1.68954001271,0.464623503495,0.245454545455,1.16774841624,0.642261628933,0.336363636364,1.94000937205,1.06700515463,0.536363636364,1.05689877454,0.347276990411,3.54545454545,3.04338842975,1.05689877454,3.54545454545,0.499047619048,0.4,8,0.0484848484848,0.255555555556,11,11,11,1,0,0.0909090909091,0.636363636364,0.272727272727,11,0.118181818182,3.72727272727,2.36363636364,1.3,1.625,1.43336856898,0.6064251638,0.286713286713,0.603022689156,0.510249967747,0.237762237762,1.40129809949,1.18571377649,0.503496503497,2.05382127221,0.551025219373,7,3.72727272727,2.05382127221,7,0,0,0,0,0.22962962963,11,11,11,1,0,0.0909090909091,0.636363636364,0.272727272727,11,18,0.163636363636,3.11363636364,3.27272727273,1.8,2.25,1.42062726223,0.434080552347,0.227272727273,0.924416277737,0.564921058617,0.292929292929,1.68954001271,1.03249667443,0.525252525253,1.14353419474,0.367266456706,3.875,3.11363636364,1.14353419474,3.875,0.366666666667,0.266666666667,4,0.0242424242424,0.221111111111,11,11,11,1,0,0.0909090909091,0.636363636364,0.272727272727,-2,-0.0181818181818,0.0702479338843,-0.363636363636,-0.2,-0.25,-0.268912750482,-0.030542951148,-0.0181818181818,-0.243332138505,-0.0773405703161,-0.0434343434343,-0.250469359339,-0.0345084801933,-0.0111111111111,0.0866354202056,0.0199894662943,0.329545454545,0.0702479338843,0.0866354202056,0.329545454545,-0.132380952381,-0.133333333333,-4,-0.0242424242424,-0.0344444444444,0,0,0,18,0,2,90,0.9,1,0,0.1,1,0.9,0.947368421053,0.938314863257,0.9,0.9,5,7,0,0,0,0
2910,WLNM_dir_neg,0.877551020408,0.570929070929,00:00:00,10,70,24,1177447073,threshold_sweep,0.3,1,0.714285714286,0.833333333333,5,0,2,14,0.714285714286,1,0,0.285714285714,1,0.714285714286,0.833333333333,0.904761904762,0.587301587302,0.769230769231,0.790569415042,0.714285714286,20,13,7,0,20,0,13,0,7,11,20,0.181818181818,3.04338842975,3.63636363636,2,2.5,1.68954001271,0.464623503495,0.245454545455,1.16774841624,0.642261628933,0.336363636364,1.94000937205,1.06700515463,0.536363636364,1.05689877454,0.347276990411,3.54545454545,3.04338842975,1.05689877454,3.54545454545,0.499047619048,0.4,8,0.0484848484848,0.255555555556,11,11,11,1,0,0.0909090909091,0.636363636364,0.272727272727,11,0.118181818182,3.72727272727,2.36363636364,1.3,1.625,1.43336856898,0.6064251638,0.286713286713,0.603022689156,0.510249967747,0.237762237762,1.40129809949,1.18571377649,0.503496503497,2.05382127221,0.551025219373,7,3.72727272727,2.05382127221,7,0,0,0,0,0.22962962963,11,11,11,1,0,0.0909090909091,0.636363636364,0.272727272727,11,18,0.163636363636,3.11363636364,3.27272727273,1.8,2.25,1.42062726223,0.434080552347,0.227272727273,0.924416277737,0.564921058617,0.292929292929,1.68954001271,1.03249667443,0.525252525253,1.14353419474,0.367266456706,3.875,3.11363636364,1.14353419474,3.875,0.366666666667,0.266666666667,4,0.0242424242424,0.221111111111,11,11,11,1,0,0.0909090909091,0.636363636364,0.272727272727,-2,-0.0181818181818,0.0702479338843,-0.363636363636,-0.2,-0.25,-0.268912750482,-0.030542951148,-0.0181818181818,-0.243332138505,-0.0773405703161,-0.0434343434343,-0.250469359339,-0.0345084801933,-0.0111111111111,0.0866354202056,0.0199894662943,0.329545454545,0.0702479338843,0.0866354202056,0.329545454545,-0.132380952381,-0.133333333333,-4,-0.0242424242424,-0.0344444444444,0,0,0,18,0,2,90,0.9,1,0,0.1,1,0.9,0.947368421053,0.938314863257,0.9,0.9,5,7,0,0,0,0
2911,WLNM_dir_neg,0.877551020408,0.570929070929,00:00:00,10,70,24,1177447073,threshold_sweep,0.4,1,0.714285714286,0.833333333333,5,0,2,14,0.714285714286,1,0,0.285714285714,1,0.714285714286,0.833333333333,0.904761904762,0.587301587302,0.769230769231,0.790569415042,0.714285714286,20,13,7,0,20,0,13,0,7,11,20,0.181818181818,3.04338842975,3.63636363636,2,2.5,1.68954001271,0.464623503495,0.245454545455,1.16774841624,0.642261628933,0.336363636364,1.94000937205,1.06700515463,0.536363636364,1.05689877454,0.347276990411,3.54545454545,3.04338842975,1.05689877454,3.54545454545,0.499047619048,0.4,8,0.0484848484848,0.255555555556,11,11,11,1,0,0.0909090909091,0.636363636364,0.272727272727,11,0.118181818182,3.72727272727,2.36363636364,1.3,1.625,1.43336856898,0.6064251638,0.286713286713,0.603022689156,0.510249967747,0.237762237762,1.40129809949,1.18571377649,0.503496503497,2.05382127221,0.551025219373,7,3.72727272727,2.05382127221,7,0,0,0,0,0.22962962963,11,11,11,1,0,0.0909090909091,0.636363636364,0.272727272727,11,18,0.163636363636,3.11363636364,3.27272727273,1.8,2.25,1.42062726223,0.434080552347,0.227272727273,0.924416277737,0.564921058617,0.292929292929,1.68954001271,1.03249667443,0.525252525253,1.14353419474,0.367266456706,3.875,3.11363636364,1.14353419474,3.875,0.366666666667,0.266666666667,4,0.0242424242424,0.221111111111,11,11,11,1,0,0.0909090909091,0.636363636364,0.272727272727,-2,-0.0181818181818,0.0702479338843,-0.363636363636,-0.2,-0.25,-0.268912750482,-0.030542951148,-0.0181818181818,-0.243332138505,-0.0773405703161,-0.0434343434343,-0.250469359339,-0.0345084801933,-0.0111111111111,0.0866354202056,0.0199894662943,0.329545454545,0.0702479338843,0.0866354202056,0.329545454545,-0.132380952381,-0.133333333333,-4,-0.0242424242424,-0.0344444444444,0,0,0,18,0,2,90,0.9,1,0,0.1,1,0.9,0.947368421053,0.938314863257,0.9,0.9,5,7,0,0,0,0
2912,WLNM_dir_neg,0.877551020408,0.570929070929,00:00:00,10,70,24,1177447073,threshold_sweep,0.5,1,0.714285714286,0.833333333333,5,0,2,14,0.714285714286,1,0,0.285714285714,1,0.714285714286,0.833333333333,0.904761904762,0.587301587302,0.769230769231,0.790569415042,0.714285714286,20,13,7,0,20,0,13,0,7,11,20,0.181818181818,3.04338842975,3.63636363636,2,2.5,1.68954001271,0.464623503495,0.245454545455,1.16774841624,0.642261628933,0.336363636364,1.94000937205,1.06700515463,0.536363636364,1.05689877454,0.347276990411,3.54545454545,3.04338842975,1.05689877454,3.54545454545,0.499047619048,0.4,8,0.0484848484848,0.255555555556,11,11,11,1,0,0.0909090909091,0.636363636364,0.272727272727,11,0.118181818182,3.72727272727,2.36363636364,1.3,1.625,1.43336856898,0.6064251638,0.286713286713,0.603022689156,0.510249967747,0.237762237762,1.40129809949,1.18571377649,0.503496503497,2.05382127221,0.551025219373,7,3.72727272727,2.05382127221,7,0,0,0,0,0.22962962963,11,11,11,1,0,0.0909090909091,0.636363636364,0.272727272727,11,18,0.163636363636,3.11363636364,3.27272727273,1.8,2.25,1.42062726223,0.434080552347,0.227272727273,0.924416277737,0.564921058617,0.292929292929,1.68954001271,1.03249667443,0.525252525253,1.14353419474,0.367266456706,3.875,3.11363636364,1.14353419474,3.875,0.366666666667,0.266666666667,4,0.0242424242424,0.221111111111,11,11,11,1,0,0.0909090909091,0.636363636364,0.272727272727,-2,-0.0181818181818,0.0702479338843,-0.363636363636,-0.2,-0.25,-0.268912750482,-0.030542951148,-0.0181818181818,-0.243332138505,-0.0773405703161,-0.0434343434343,-0.250469359339,-0.0345084801933,-0.0111111111111,0.0866354202056,0.0199894662943,0.329545454545,0.0702479338843,0.0866354202056,0.329545454545,-0.132380952381,-0.133333333333,-4,-0.0242424242424,-0.0344444444444,0,0,0,18,0,2,90,0.9,1,0,0.1,1,0.9,0.947368421053,0.938314863257,0.9,0.9,5,7,0,0,0,0
2913,WLNM_dir_neg,0.877551020408,0.570929070929,00:00:00,10,70,24,1177447073,threshold_sweep,0.6,1,0.714285714286,0.833333333333,5,0,2,14,0.714285714286,1,0,0.285714285714,1,0.714285714286,0.833333333333,0.904761904762,0.587301587302,0.769230769231,0.790569415042,0.714285714286,20,13,7,0,20,0,13,0,7,11,20,0.181818181818,3.04338842975,3.63636363636,2,2.5,1.68954001271,0.464623503495,0.245454545455,1.16774841624,0.642261628933,0.336363636364,1.94000937205,1.06700515463,0.536363636364,1.05689877454,0.347276990411,3.54545454545,3.04338842975,1.05689877454,3.54545454545,0.499047619048,0.4,8,0.0484848484848,0.255555555556,11,11,11,1,0,0.0909090909091,0.636363636364,0.272727272727,11,0.118181818182,3.72727272727,2.36363636364,1.3,1.625,1.43336856898,0.6064251638,0.286713286713,0.603022689156,0.510249967747,0.237762237762,1.40129809949,1.18571377649,0.503496503497,2.05382127221,0.551025219373,7,3.72727272727,2.05382127221,7,0,0,0,0,0.22962962963,11,11,11,1,0,0.0909090909091,0.636363636364,0.272727272727,11,18,0.163636363636,3.11363636364,3.27272727273,1.8,2.25,1.42062726223,0.434080552347,0.227272727273,0.924416277737,0.564921058617,0.292929292929,1.68954001271,1.03249667443,0.525252525253,1.14353419474,0.367266456706,3.875,3.11363636364,1.14353419474,3.875,0.366666666667,0.266666666667,4,0.0242424242424,0.221111111111,11,11,11,1,0,0.0909090909091,0.636363636364,0.272727272727,-2,-0.0181818181818,0.0702479338843,-0.363636363636,-0.2,-0.25,-0.268912750482,-0.030542951148,-0.0181818181818,-0.243332138505,-0.0773405703161,-0.0434343434343,-0.250469359339,-0.0345084801933,-0.0111111111111,0.0866354202056,0.0199894662943,0.329545454545,0.0702479338843,0.0866354202056,0.329545454545,-0.132380952381,-0.133333333333,-4,-0.0242424242424,-0.0344444444444,0,0,0,18,0,2,90,0.9,1,0,0.1,1,0.9,0.947368421053,0.938314863257,0.9,0.9,5,7,0,0,0,0
2914,WLNM_dir_neg,0.877551020408,0.570929070929,00:00:00,10,70,24,1177447073,threshold_sweep,0.7,1,0.714285714286,0.833333333333,5,0,2,14,0.714285714286,1,0,0.285714285714,1,0.714285714286,0.833333333333,0.904761904762,0.587301587302,0.769230769231,0.790569415042,0.714285714286,20,13,7,0,20,0,13,0,7,11,20,0.181818181818,3.04338842975,3.63636363636,2,2.5,1.68954001271,0.464623503495,0.245454545455,1.16774841624,0.642261628933,0.336363636364,1.94000937205,1.06700515463,0.536363636364,1.05689877454,0.347276990411,3.54545454545,3.04338842975,1.05689877454,3.54545454545,0.499047619048,0.4,8,0.0484848484848,0.255555555556,11,11,11,1,0,0.0909090909091,0.636363636364,0.272727272727,11,0.118181818182,3.72727272727,2.36363636364,1.3,1.625,1.43336856898,0.6064251638,0.286713286713,0.603022689156,0.510249967747,0.237762237762,1.40129809949,1.18571377649,0.503496503497,2.05382127221,0.551025219373,7,3.72727272727,2.05382127221,7,0,0,0,0,0.22962962963,11,11,11,1,0,0.0909090909091,0.636363636364,0.272727272727,11,18,0.163636363636,3.11363636364,3.27272727273,1.8,2.25,1.42062726223,0.434080552347,0.227272727273,0.924416277737,0.564921058617,0.292929292929,1.68954001271,1.03249667443,0.525252525253,1.14353419474,0.367266456706,3.875,3.11363636364,1.14353419474,3.875,0.366666666667,0.266666666667,4,0.0242424242424,0.221111111111,11,11,11,1,0,0.0909090909091,0.636363636364,0.272727272727,-2,-0.0181818181818,0.0702479338843,-0.363636363636,-0.2,-0.25,-0.268912750482,-0.030542951148,-0.0181818181818,-0.243332138505,-0.0773405703161,-0.0434343434343,-0.250469359339,-0.0345084801933,-0.0111111111111,0.0866354202056,0.0199894662943,0.329545454545,0.0702479338843,0.0866354202056,0.329545454545,-0.132380952381,-0.133333333333,-4,-0.0242424242424,-0.0344444444444,0,0,0,18,0,2,90,0.9,1,0,0.1,1,0.9,0.947368421053,0.938314863257,0.9,0.9,5,7,0,0,0,0
2915,WLNM_dir_neg,0.877551020408,0.570929070929,00:00:00,10,70,24,1177447073,threshold_sweep,0.8,1,0.714285714286,0.833333333333,5,0,2,14,0.714285714286,1,0,0.285714285714,1,0.714285714286,0.833333333333,0.904761904762,0.587301587302,0.769230769231,0.790569415042,0.714285714286,20,13,7,0,20,0,13,0,7,11,20,0.181818181818,3.04338842975,3.63636363636,2,2.5,1.68954001271,0.464623503495,0.245454545455,1.16774841624,0.642261628933,0.336363636364,1.94000937205,1.06700515463,0.536363636364,1.05689877454,0.347276990411,3.54545454545,3.04338842975,1.05689877454,3.54545454545,0.499047619048,0.4,8,0.0484848484848,0.255555555556,11,11,11,1,0,0.0909090909091,0.636363636364,0.272727272727,11,0.118181818182,3.72727272727,2.36363636364,1.3,1.625,1.43336856898,0.6064251638,0.286713286713,0.603022689156,0.510249967747,0.237762237762,1.40129809949,1.18571377649,0.503496503497,2.05382127221,0.551025219373,7,3.72727272727,2.05382127221,7,0,0,0,0,0.22962962963,11,11,11,1,0,0.0909090909091,0.636363636364,0.272727272727,11,18,0.163636363636,3.11363636364,3.27272727273,1.8,2.25,1.42062726223,0.434080552347,0.227272727273,0.924416277737,0.564921058617,0.292929292929,1.68954001271,1.03249667443,0.525252525253,1.14353419474,0.367266456706,3.875,3.11363636364,1.14353419474,3.875,0.366666666667,0.266666666667,4,0.0242424242424,0.221111111111,11,11,11,1,0,0.0909090909091,0.636363636364,0.272727272727,-2,-0.0181818181818,0.0702479338843,-0.363636363636,-0.2,-0.25,-0.268912750482,-0.030542951148,-0.0181818181818,-0.243332138505,-0.0773405703161,-0.0434343434343,-0.250469359339,-0.0345084801933,-0.0111111111111,0.0866354202056,0.0199894662943,0.329545454545,0.0702479338843,0.0866354202056,0.329545454545,-0.132380952381,-0.133333333333,-4,-0.0242424242424,-0.0344444444444,0,0,0,18,0,2,90,0.9,1,0,0.1,1,0.9,0.947368421053,0.938314863257,0.9,0.9,5,7,0,0,0,0
2916,WLNM_dir_neg,0.877551020408,0.570929070929,00:00:00,10,70,24,1177447073,threshold_sweep,0.9,1,0.714285714286,0.833333333333,5,0,2,14,0.714285714286,1,0,0.285714285714,1,0.714285714286,0.833333333333,0.904761904762,0.587301587302,0.769230769231,0.790569415042,0.714285714286,20,13,7,0,20,0,13,0,7,11,20,0.181818181818,3.04338842975,3.63636363636,2,2.5,1.68954001271,0.464623503495,0.245454545455,1.16774841624,0.642261628933,0.336363636364,1.94000937205,1.06700515463,0.536363636364,1.05689877454,0.347276990411,3.54545454545,3.04338842975,1.05689877454,3.54545454545,0.499047619048,0.4,8,0.0484848484848,0.255555555556,11,11,11,1,0,0.0909090909091,0.636363636364,0.272727272727,11,0.118181818182,3.72727272727,2.36363636364,1.3,1.625,1.43336856898,0.6064251638,0.286713286713,0.603022689156,0.510249967747,0.237762237762,1.40129809949,1.18571377649,0.503496503497,2.05382127221,0.551025219373,7,3.72727272727,2.05382127221,7,0,0,0,0,0.22962962963,11,11,11,1,0,0.0909090909091,0.636363636364,0.272727272727,11,18,0.163636363636,3.11363636364,3.27272727273,1.8,2.25,1.42062726223,0.434080552347,0.227272727273,0.924416277737,0.564921058617,0.292929292929,1.68954001271,1.03249667443,0.525252525253,1.14353419474,0.367266456706,3.875,3.11363636364,1.14353419474,3.875,0.366666666667,0.266666666667,4,0.0242424242424,0.221111111111,11,11,11,1,0,0.0909090909091,0.636363636364,0.272727272727,-2,-0.0181818181818,0.0702479338843,-0.363636363636,-0.2,-0.25,-0.268912750482,-0.030542951148,-0.0181818181818,-0.243332138505,-0.0773405703161,-0.0434343434343,-0.250469359339,-0.0345084801933,-0.0111111111111,0.0866354202056,0.0199894662943,0.329545454545,0.0702479338843,0.0866354202056,0.329545454545,-0.132380952381,-0.133333333333,-4,-0.0242424242424,-0.0344444444444,0,0,0,18,0,2,90,0.9,1,0,0.1,1,0.9,0.947368421053,0.938314863257,0.9,0.9,5,7,0,0,0,0
2917,WLNM_dir_neg,0.918367346939,0.599422799423,00:00:00,10,70,25,1177447074,threshold_sweep,0.1,1,0.714285714286,0.833333333333,5,0,2,14,0.714285714286,1,0,0.285714285714,1,0.714285714286,0.833333333333,0.904761904762,0.587301587302,0.769230769231,0.790569415042,0.714285714286,20,13,7,0,20,0,13,0,7,11,20,0.181818181818,3.04338842975,3.63636363636,2,2.5,1.68954001271,0.464623503495,0.245454545455,1.16774841624,0.642261628933,0.336363636364,1.94000937205,1.06700515463,0.536363636364,1.05689877454,0.347276990411,3.54545454545,3.04338842975,1.05689877454,3.54545454545,0.499047619048,0.4,8,0.0484848484848,0.255555555556,11,11,11,1,0,0.0909090909091,0.636363636364,0.272727272727,11,0.118181818182,3.72727272727,2.36363636364,1.3,1.625,1.43336856898,0.6064251638,0.286713286713,0.603022689156,0.510249967747,0.237762237762,1.40129809949,1.18571377649,0.503496503497,2.05382127221,0.551025219373,7,3.72727272727,2.05382127221,7,0,0,0,0,0.22962962963,11,11,11,1,0,0.0909090909091,0.636363636364,0.272727272727,11,18,0.163636363636,3.11363636364,3.27272727273,1.8,2.25,1.42062726223,0.434080552347,0.227272727273,0.924416277737,0.564921058617,0.292929292929,1.68954001271,1.03249667443,0.525252525253,1.14353419474,0.367266456706,3.875,3.11363636364,1.14353419474,3.875,0.366666666667,0.266666666667,4,0.0242424242424,0.221111111111,11,11,11,1,0,0.0909090909091,0.636363636364,0.272727272727,-2,-0.0181818181818,0.0702479338843,-0.363636363636,-0.2,-0.25,-0.268912750482,-0.030542951148,-0.0181818181818,-0.243332138505,-0.0773405703161,-0.0434343434343,-0.250469359339,-0.0345084801933,-0.0111111111111,0.0866354202056,0.0199894662943,0.329545454545,0.0702479338843,0.0866354202056,0.329545454545,-0.132380952381,-0.133333333333,-4,-0.0242424242424,-0.0344444444444,0,0,0,18,0,2,90,0.9,1,0,0.1,1,0.9,0.947368421053,0.938314863257,0.9,0.9,5,7,0,0,0,0
2918,WLNM_dir_neg,0.918367346939,0.599422799423,00:00:00,10,70,25,1177447074,threshold_sweep,0.2,1,0.714285714286,0.833333333333,5,0,2,14,0.714285714286,1,0,0.285714285714,1,0.714285714286,0.833333333333,0.904761904762,0.587301587302,0.769230769231,0.790569415042,0.714285714286,20,13,7,0,20,0,13,0,7,11,20,0.181818181818,3.04338842975,3.63636363636,2,2.5,1.68954001271,0.464623503495,0.245454545455,1.16774841624,0.642261628933,0.336363636364,1.94000937205,1.06700515463,0.536363636364,1.05689877454,0.347276990411,3.54545454545,3.04338842975,1.05689877454,3.54545454545,0.499047619048,0.4,8,0.0484848484848,0.255555555556,11,11,11,1,0,0.0909090909091,0.636363636364,0.272727272727,11,0.118181818182,3.72727272727,2.36363636364,1.3,1.625,1.43336856898,0.6064251638,0.286713286713,0.603022689156,0.510249967747,0.237762237762,1.40129809949,1.18571377649,0.503496503497,2.05382127221,0.551025219373,7,3.72727272727,2.05382127221,7,0,0,0,0,0.22962962963,11,11,11,1,0,0.0909090909091,0.636363636364,0.272727272727,11,18,0.163636363636,3.11363636364,3.27272727273,1.8,2.25,1.42062726223,0.434080552347,0.227272727273,0.924416277737,0.564921058617,0.292929292929,1.68954001271,1.03249667443,0.525252525253,1.14353419474,0.367266456706,3.875,3.11363636364,1.14353419474,3.875,0.366666666667,0.266666666667,4,0.0242424242424,0.221111111111,11,11,11,1,0,0.0909090909091,0.636363636364,0.272727272727,-2,-0.0181818181818,0.0702479338843,-0.363636363636,-0.2,-0.25,-0.268912750482,-0.030542951148,-0.0181818181818,-0.243332138505,-0.0773405703161,-0.0434343434343,-0.250469359339,-0.0345084801933,-0.0111111111111,0.0866354202056,0.0199894662943,0.329545454545,0.0702479338843,0.0866354202056,0.329545454545,-0.132380952381,-0.133333333333,-4,-0.0242424242424,-0.0344444444444,0,0,0,18,0,2,90,0.9,1,0,0.1,1,0.9,0.947368421053,0.938314863257,0.9,0.9,5,7,0,0,0,0
2919,WLNM_dir_neg,0.918367346939,0.599422799423,00:00:00,10,70,25,1177447074,threshold_sweep,0.3,1,0.714285714286,0.833333333333,5,0,2,14,0.714285714286,1,0,0.285714285714,1,0.714285714286,0.833333333333,0.904761904762,0.587301587302,0.769230769231,0.790569415042,0.714285714286,20,13,7,0,20,0,13,0,7,11,20,0.181818181818,3.04338842975,3.63636363636,2,2.5,1.68954001271,0.464623503495,0.245454545455,1.16774841624,0.642261628933,0.336363636364,1.94000937205,1.06700515463,0.536363636364,1.05689877454,0.347276990411,3.54545454545,3.04338842975,1.05689877454,3.54545454545,0.499047619048,0.4,8,0.0484848484848,0.255555555556,11,11,11,1,0,0.0909090909091,0.636363636364,0.272727272727,11,0.118181818182,3.72727272727,2.36363636364,1.3,1.625,1.43336856898,0.6064251638,0.286713286713,0.603022689156,0.510249967747,0.237762237762,1.40129809949,1.18571377649,0.503496503497,2.05382127221,0.551025219373,7,3.72727272727,2.05382127221,7,0,0,0,0,0.22962962963,11,11,11,1,0,0.0909090909091,0.636363636364,0.272727272727,11,18,0.163636363636,3.11363636364,3.27272727273,1.8,2.25,1.42062726223,0.434080552347,0.227272727273,0.924416277737,0.564921058617,0.292929292929,1.68954001271,1.03249667443,0.525252525253,1.14353419474,0.367266456706,3.875,3.11363636364,1.14353419474,3.875,0.366666666667,0.266666666667,4,0.0242424242424,0.221111111111,11,11,11,1,0,0.0909090909091,0.636363636364,0.272727272727,-2,-0.0181818181818,0.0702479338843,-0.363636363636,-0.2,-0.25,-0.268912750482,-0.030542951148,-0.0181818181818,-0.243332138505,-0.0773405703161,-0.0434343434343,-0.250469359339,-0.0345084801933,-0.0111111111111,0.0866354202056,0.0199894662943,0.329545454545,0.0702479338843,0.0866354202056,0.329545454545,-0.132380952381,-0.133333333333,-4,-0.0242424242424,-0.0344444444444,0,0,0,18,0,2,90,0.9,1,0,0.1,1,0.9,0.947368421053,0.938314863257,0.9,0.9,5,7,0,0,0,0
2920,WLNM_dir_neg,0.918367346939,0.599422799423,00:00:00,10,70,25,1177447074,threshold_sweep,0.4,1,0.714285714286,0.833333333333,5,0,2,14,0.714285714286,1,0,0.285714285714,1,0.714285714286,0.833333333333,0.904761904762,0.587301587302,0.769230769231,0.790569415042,0.714285714286,20,13,7,0,20,0,13,0,7,11,20,0.181818181818,3.04338842975,3.63636363636,2,2.5,1.68954001271,0.464623503495,0.245454545455,1.16774841624,0.642261628933,0.336363636364,1.94000937205,1.06700515463,0.536363636364,1.05689877454,0.347276990411,3.54545454545,3.04338842975,1.05689877454,3.54545454545,0.499047619048,0.4,8,0.0484848484848,0.255555555556,11,11,11,1,0,0.0909090909091,0.636363636364,0.272727272727,11,0.118181818182,3.72727272727,2.36363636364,1.3,1.625,1.43336856898,0.6064251638,0.286713286713,0.603022689156,0.510249967747,0.237762237762,1.40129809949,1.18571377649,0.503496503497,2.05382127221,0.551025219373,7,3.72727272727,2.05382127221,7,0,0,0,0,0.22962962963,11,11,11,1,0,0.0909090909091,0.636363636364,0.272727272727,11,18,0.163636363636,3.11363636364,3.27272727273,1.8,2.25,1.42062726223,0.434080552347,0.227272727273,0.924416277737,0.564921058617,0.292929292929,1.68954001271,1.03249667443,0.525252525253,1.14353419474,0.367266456706,3.875,3.11363636364,1.14353419474,3.875,0.366666666667,0.266666666667,4,0.0242424242424,0.221111111111,11,11,11,1,0,0.0909090909091,0.636363636364,0.272727272727,-2,-0.0181818181818,0.0702479338843,-0.363636363636,-0.2,-0.25,-0.268912750482,-0.030542951148,-0.0181818181818,-0.243332138505,-0.0773405703161,-0.0434343434343,-0.250469359339,-0.0345084801933,-0.0111111111111,0.0866354202056,0.0199894662943,0.329545454545,0.0702479338843,0.0866354202056,0.329545454545,-0.132380952381,-0.133333333333,-4,-0.0242424242424,-0.0344444444444,0,0,0,18,0,2,90,0.9,1,0,0.1,1,0.9,0.947368421053,0.938314863257,0.9,0.9,5,7,0,0,0,0
2921,WLNM_dir_neg,0.918367346939,0.599422799423,00:00:00,10,70,25,1177447074,threshold_sweep,0.5,1,0.714285714286,0.833333333333,5,0,2,14,0.714285714286,1,0,0.285714285714,1,0.714285714286,0.833333333333,0.904761904762,0.587301587302,0.769230769231,0.790569415042,0.714285714286,20,13,7,0,20,0,13,0,7,11,20,0.181818181818,3.04338842975,3.63636363636,2,2.5,1.68954001271,0.464623503495,0.245454545455,1.16774841624,0.642261628933,0.336363636364,1.94000937205,1.06700515463,0.536363636364,1.05689877454,0.347276990411,3.54545454545,3.04338842975,1.05689877454,3.54545454545,0.499047619048,0.4,8,0.0484848484848,0.255555555556,11,11,11,1,0,0.0909090909091,0.636363636364,0.272727272727,11,0.118181818182,3.72727272727,2.36363636364,1.3,1.625,1.43336856898,0.6064251638,0.286713286713,0.603022689156,0.510249967747,0.237762237762,1.40129809949,1.18571377649,0.503496503497,2.05382127221,0.551025219373,7,3.72727272727,2.05382127221,7,0,0,0,0,0.22962962963,11,11,11,1,0,0.0909090909091,0.636363636364,0.272727272727,11,18,0.163636363636,3.11363636364,3.27272727273,1.8,2.25,1.42062726223,0.434080552347,0.227272727273,0.924416277737,0.564921058617,0.292929292929,1.68954001271,1.03249667443,0.525252525253,1.14353419474,0.367266456706,3.875,3.11363636364,1.14353419474,3.875,0.366666666667,0.266666666667,4,0.0242424242424,0.221111111111,11,11,11,1,0,0.0909090909091,0.636363636364,0.272727272727,-2,-0.0181818181818,0.0702479338843,-0.363636363636,-0.2,-0.25,-0.268912750482,-0.030542951148,-0.0181818181818,-0.243332138505,-0.0773405703161,-0.0434343434343,-0.250469359339,-0.0345084801933,-0.0111111111111,0.0866354202056,0.0199894662943,0.329545454545,0.0702479338843,0.0866354202056,0.329545454545,-0.132380952381,-0.133333333333,-4,-0.0242424242424,-0.0344444444444,0,0,0,18,0,2,90,0.9,1,0,0.1,1,0.9,0.947368421053,0.938314863257,0.9,0.9,5,7,0,0,0,0
2922,WLNM_dir_neg,0.918367346939,0.599422799423,00:00:00,10,70,25,1177447074,threshold_sweep,0.6,1,0.571428571429,0.727272727273,4,0,3,14,0.571428571429,1,0,0.428571428571,1,0.571428571429,0.727272727273,0.857142857143,0.603174603175,0.64,0.68599434057,0.571428571429,20,13,7,0,20,0,13,0,7,11,20,0.181818181818,3.04338842975,3.63636363636,2,2.5,1.68954001271,0.464623503495,0.245454545455,1.16774841624,0.642261628933,0.336363636364,1.94000937205,1.06700515463,0.536363636364,1.05689877454,0.347276990411,3.54545454545,3.04338842975,1.05689877454,3.54545454545,0.499047619048,0.4,8,0.0484848484848,0.255555555556,11,11,11,1,0,0.0909090909091,0.636363636364,0.272727272727,11,0.118181818182,3.72727272727,2.36363636364,1.3,1.625,1.43336856898,0.6064251638,0.286713286713,0.603022689156,0.510249967747,0.237762237762,1.40129809949,1.18571377649,0.503496503497,2.05382127221,0.551025219373,7,3.72727272727,2.05382127221,7,0,0,0,0,0.22962962963,11,11,11,1,0,0.0909090909091,0.636363636364,0.272727272727,11,17,0.154545454545,3.17727272727,3.09090909091,1.7,2.125,1.30034960334,0.420701342257,0.208556149733,0.820199532265,0.530717344407,0.267379679144,1.57249078621,1.01749403814,0.513368983957,1.2536673475,0.394573414091,4.4,3.17727272727,1.2536673475,4.4,0.213333333333,0.153846153846,2,0.0121212121212,0.205555555556,11,11,11,1,0,0.0909090909091,0.636363636364,0.272727272727,-3,-0.0272727272727,0.133884297521,-0.545454545455,-0.3,-0.375,-0.389190409368,-0.0439221612377,-0.0368983957219,-0.347548883978,-0.111544284527,-0.0689839572193,-0.367518585835,-0.0495111164884,-0.0229946524064,0.196768572961,0.0472964236795,0.854545454545,0.133884297521,0.196768572961,0.854545454545,-0.285714285714,-0.246153846154,-6,-0.0363636363636,-0.05,0,0,0,17,0,3,90,0.85,1,0,0.15,1,0.85,0.918918918919,0.906962317388,0.85,0.85,4,7,0,0,0,0
2923,WLNM_dir_neg,0.918367346939,0.599422799423,00:00:00,10,70,25,1177447074,threshold_sweep,0.7,1,0.571428571429,0.727272727273,4,0,3,14,0.571428571429,1,0,0.428571428571,1,0.571428571429,0.727272727273,0.857142857143,0.603174603175,0.64,0.68599434057,0.571428571429,20,13,7,0,20,0,13,0,7,11,20,0.181818181818,3.04338842975,3.63636363636,2,2.5,1.68954001271,0.464623503495,0.245454545455,1.16774841624,0.642261628933,0.336363636364,1.94000937205,1.06700515463,0.536363636364,1.05689877454,0.347276990411,3.54545454545,3.04338842975,1.05689877454,3.54545454545,0.499047619048,0.4,8,0.0484848484848,0.255555555556,11,11,11,1,0,0.0909090909091,0.636363636364,0.272727272727,11,0.118181818182,3.72727272727,2.36363636364,1.3,1.625,1.43336856898,0.6064251638,0.286713286713,0.603022689156,0.510249967747,0.237762237762,1.40129809949,1.18571377649,0.503496503497,2.05382127221,0.551025219373,7,3.72727272727,2.05382127221,7,0,0,0,0,0.22962962963,11,11,11,1,0,0.0909090909091,0.636363636364,0.272727272727,11,17,0.154545454545,3.17727272727,3.09090909091,1.7,2.125,1.30034960334,0.420701342257,0.208556149733,0.820199532265,0.530717344407,0.267379679144,1.57249078621,1.01749403814,0.513368983957,1.2536673475,0.394573414091,4.4,3.17727272727,1.2536673475,4.4,0.213333333333,0.153846153846,2,0.0121212121212,0.205555555556,11,11,11,1,0,0.0909090909091,0.636363636364,0.272727272727,-3,-0.0272727272727,0.133884297521,-0.545454545455,-0.3,-0.375,-0.389190409368,-0.0439221612377,-0.0368983957219,-0.347548883978,-0.111544284527,-0.0689839572193,-0.367518585835,-0.0495111164884,-0.0229946524064,0.196768572961,0.0472964236795,0.854545454545,0.133884297521,0.196768572961,0.854545454545,-0.285714285714,-0.246153846154,-6,-0.0363636363636,-0.05,0,0,0,17,0,3,90,0.85,1,0,0.15,1,0.85,0.918918918919,0.906962317388,0.85,0.85,4,7,0,0,0,0
2924,WLNM_dir_neg,0.918367346939,0.599422799423,00:00:00,10,70,25,1177447074,threshold_sweep,0.8,1,0.571428571429,0.727272727273,4,0,3,14,0.571428571429,1,0,0.428571428571,1,0.571428571429,0.727272727273,0.857142857143,0.603174603175,0.64,0.68599434057,0.571428571429,20,13,7,0,20,0,13,0,7,11,20,0.181818181818,3.04338842975,3.63636363636,2,2.5,1.68954001271,0.464623503495,0.245454545455,1.16774841624,0.642261628933,0.336363636364,1.94000937205,1.06700515463,0.536363636364,1.05689877454,0.347276990411,3.54545454545,3.04338842975,1.05689877454,3.54545454545,0.499047619048,0.4,8,0.0484848484848,0.255555555556,11,11,11,1,0,0.0909090909091,0.636363636364,0.272727272727,11,0.118181818182,3.72727272727,2.36363636364,1.3,1.625,1.43336856898,0.6064251638,0.286713286713,0.603022689156,0.510249967747,0.237762237762,1.40129809949,1.18571377649,0.503496503497,2.05382127221,0.551025219373,7,3.72727272727,2.05382127221,7,0,0,0,0,0.22962962963,11,11,11,1,0,0.0909090909091,0.636363636364,0.272727272727,11,17,0.154545454545,3.17727272727,3.09090909091,1.7,2.125,1.30034960334,0.420701342257,0.208556149733,0.820199532265,0.530717344407,0.267379679144,1.57249078621,1.01749403814,0.513368983957,1.2536673475,0.394573414091,4.4,3.17727272727,1.2536673475,4.4,0.213333333333,0.153846153846,2,0.0121212121212,0.205555555556,11,11,11,1,0,0.0909090909091,0.636363636364,0.272727272727,-3,-0.0272727272727,0.133884297521,-0.545454545455,-0.3,-0.375,-0.389190409368,-0.0439221612377,-0.0368983957219,-0.347548883978,-0.111544284527,-0.0689839572193,-0.367518585835,-0.0495111164884,-0.0229946524064,0.196768572961,0.0472964236795,0.854545454545,0.133884297521,0.196768572961,0.854545454545,-0.285714285714,-0.246153846154,-6,-0.0363636363636,-0.05,0,0,0,17,0,3,90,0.85,1,0,0.15,1,0.85,0.918918918919,0.906962317388,0.85,0.85,4,7,0,0,0,0
2925,WLNM_dir_neg,0.918367346939,0.599422799423,00:00:00,10,70,25,1177447074,threshold_sweep,0.9,1,0.571428571429,0.727272727273,4,0,3,14,0.571428571429,1,0,0.428571428571,1,0.571428571429,0.727272727273,0.857142857143,0.603174603175,0.64,0.68599434057,0.571428571429,20,13,7,0,20,0,13,0,7,11,20,0.181818181818,3.04338842975,3.63636363636,2,2.5,1.68954001271,0.464623503495,0.245454545455,1.16774841624,0.642261628933,0.336363636364,1.94000937205,1.06700515463,0.536363636364,1.05689877454,0.347276990411,3.54545454545,3.04338842975,1.05689877454,3.54545454545,0.499047619048,0.4,8,0.0484848484848,0.255555555556,11,11,11,1,0,0.0909090909091,0.636363636364,0.272727272727,11,0.118181818182,3.72727272727,2.36363636364,1.3,1.625,1.43336856898,0.6064251638,0.286713286713,0.603022689156,0.510249967747,0.237762237762,1.40129809949,1.18571377649,0.503496503497,2.05382127221,0.551025219373,7,3.72727272727,2.05382127221,7,0,0,0,0,0.22962962963,11,11,11,1,0,0.0909090909091,0.636363636364,0.272727272727,11,17,0.154545454545,3.17727272727,3.09090909091,1.7,2.125,1.30034960334,0.420701342257,0.208556149733,0.820199532265,0.530717344407,0.267379679144,1.57249078621,1.01749403814,0.513368983957,1.2536673475,0.394573414091,4.4,3.17727272727,1.2536673475,4.4,0.213333333333,0.153846153846,2,0.0121212121212,0.205555555556,11,11,11,1,0,0.0909090909091,0.636363636364,0.272727272727,-3,-0.0272727272727,0.133884297521,-0.545454545455,-0.3,-0.375,-0.389190409368,-0.0439221612377,-0.0368983957219,-0.347548883978,-0.111544284527,-0.0689839572193,-0.367518585835,-0.0495111164884,-0.0229946524064,0.196768572961,0.0472964236795,0.854545454545,0.133884297521,0.196768572961,0.854545454545,-0.285714285714,-0.246153846154,-6,-0.0363636363636,-0.05,0,0,0,17,0,3,90,0.85,1,0,0.15,1,0.85,0.918918918919,0.906962317388,0.85,0.85,4,7,0,0,0,0
2926,WLNM_dir_neg,0.80612244898,0.49320381999,00:00:00,10,70,26,1177447075,threshold_sweep,0.1,1,0.571428571429,0.727272727273,4,0,3,14,0.571428571429,1,0,0.428571428571,1,0.571428571429,0.727272727273,0.857142857143,0.603174603175,0.64,0.68599434057,0.571428571429,20,13,7,0,20,0,13,0,7,11,20,0.181818181818,3.04338842975,3.63636363636,2,2.5,1.68954001271,0.464623503495,0.245454545455,1.16774841624,0.642261628933,0.336363636364,1.94000937205,1.06700515463,0.536363636364,1.05689877454,0.347276990411,3.54545454545,3.04338842975,1.05689877454,3.54545454545,0.499047619048,0.4,8,0.0484848484848,0.255555555556,11,11,11,1,0,0.0909090909091,0.636363636364,0.272727272727,11,0.118181818182,3.72727272727,2.36363636364,1.3,1.625,1.43336856898,0.6064251638,0.286713286713,0.603022689156,0.510249967747,0.237762237762,1.40129809949,1.18571377649,0.503496503497,2.05382127221,0.551025219373,7,3.72727272727,2.05382127221,7,0,0,0,0,0.22962962963,11,11,11,1,0,0.0909090909091,0.636363636364,0.272727272727,11,17,0.154545454545,3.17727272727,3.09090909091,1.7,2.125,1.30034960334,0.420701342257,0.208556149733,0.820199532265,0.530717344407,0.267379679144,1.57249078621,1.01749403814,0.513368983957,1.2536673475,0.394573414091,4.4,3.17727272727,1.2536673475,4.4,0.213333333333,0.153846153846,2,0.0121212121212,0.205555555556,11,11,11,1,0,0.0909090909091,0.636363636364,0.272727272727,-3,-0.0272727272727,0.133884297521,-0.545454545455,-0.3,-0.375,-0.389190409368,-0.0439221612377,-0.0368983957219,-0.347548883978,-0.111544284527,-0.0689839572193,-0.367518585835,-0.0495111164884,-0.0229946524064,0.196768572961,0.0472964236795,0.854545454545,0.133884297521,0.196768572961,0.854545454545,-0.285714285714,-0.246153846154,-6,-0.0363636363636,-0.05,0,0,0,17,0,3,90,0.85,1,0,0.15,1,0.85,0.918918918919,0.906962317388,0.85,0.85,4,7,0,0,0,0
2927,WLNM_dir_neg,0.80612244898,0.49320381999,00:00:00,10,70,26,1177447075,threshold_sweep,0.2,1,0.571428571429,0.727272727273,4,0,3,14,0.571428571429,1,0,0.428571428571,1,0.571428571429,0.727272727273,0.857142857143,0.603174603175,0.64,0.68599434057,0.571428571429,20,13,7,0,20,0,13,0,7,11,20,0.181818181818,3.04338842975,3.63636363636,2,2.5,1.68954001271,0.464623503495,0.245454545455,1.16774841624,0.642261628933,0.336363636364,1.94000937205,1.06700515463,0.536363636364,1.05689877454,0.347276990411,3.54545454545,3.04338842975,1.05689877454,3.54545454545,0.499047619048,0.4,8,0.0484848484848,0.255555555556,11,11,11,1,0,0.0909090909091,0.636363636364,0.272727272727,11,0.118181818182,3.72727272727,2.36363636364,1.3,1.625,1.43336856898,0.6064251638,0.286713286713,0.603022689156,0.510249967747,0.237762237762,1.40129809949,1.18571377649,0.503496503497,2.05382127221,0.551025219373,7,3.72727272727,2.05382127221,7,0,0,0,0,0.22962962963,11,11,11,1,0,0.0909090909091,0.636363636364,0.272727272727,11,17,0.154545454545,3.17727272727,3.09090909091,1.7,2.125,1.30034960334,0.420701342257,0.208556149733,0.820199532265,0.530717344407,0.267379679144,1.57249078621,1.01749403814,0.513368983957,1.2536673475,0.394573414091,4.4,3.17727272727,1.2536673475,4.4,0.213333333333,0.153846153846,2,0.0121212121212,0.205555555556,11,11,11,1,0,0.0909090909091,0.636363636364,0.272727272727,-3,-0.0272727272727,0.133884297521,-0.545454545455,-0.3,-0.375,-0.389190409368,-0.0439221612377,-0.0368983957219,-0.347548883978,-0.111544284527,-0.0689839572193,-0.367518585835,-0.0495111164884,-0.0229946524064,0.196768572961,0.0472964236795,0.854545454545,0.133884297521,0.196768572961,0.854545454545,-0.285714285714,-0.246153846154,-6,-0.0363636363636,-0.05,0,0,0,17,0,3,90,0.85,1,0,0.15,1,0.85,0.918918918919,0.906962317388,0.85,0.85,4,7,0,0,0,0
2928,WLNM_dir_neg,0.80612244898,0.49320381999,00:00:00,10,70,26,1177447075,threshold_sweep,0.3,1,0.571428571429,0.727272727273,4,0,3,14,0.571428571429,1,0,0.428571428571,1,0.571428571429,0.727272727273,0.857142857143,0.603174603175,0.64,0.68599434057,0.571428571429,20,13,7,0,20,0,13,0,7,11,20,0.181818181818,3.04338842975,3.63636363636,2,2.5,1.68954001271,0.464623503495,0.245454545455,1.16774841624,0.642261628933,0.336363636364,1.94000937205,1.06700515463,0.536363636364,1.05689877454,0.347276990411,3.54545454545,3.04338842975,1.05689877454,3.54545454545,0.499047619048,0.4,8,0.0484848484848,0.255555555556,11,11,11,1,0,0.0909090909091,0.636363636364,0.272727272727,11,0.118181818182,3.72727272727,2.36363636364,1.3,1.625,1.43336856898,0.6064251638,0.286713286713,0.603022689156,0.510249967747,0.237762237762,1.40129809949,1.18571377649,0.503496503497,2.05382127221,0.551025219373,7,3.72727272727,2.05382127221,7,0,0,0,0,0.22962962963,11,11,11,1,0,0.0909090909091,0.636363636364,0.272727272727,11,17,0.154545454545,3.17727272727,3.09090909091,1.7,2.125,1.30034960334,0.420701342257,0.208556149733,0.820199532265,0.530717344407,0.267379679144,1.57249078621,1.01749403814,0.513368983957,1.2536673475,0.394573414091,4.4,3.17727272727,1.2536673475,4.4,0.213333333333,0.153846153846,2,0.0121212121212,0.205555555556,11,11,11,1,0,0.0909090909091,0.636363636364,0.272727272727,-3,-0.0272727272727,0.133884297521,-0.545454545455,-0.3,-0.375,-0.389190409368,-0.0439221612377,-0.0368983957219,-0.347548883978,-0.111544284527,-0.0689839572193,-0.367518585835,-0.0495111164884,-0.0229946524064,0.196768572961,0.0472964236795,0.854545454545,0.133884297521,0.196768572961,0.854545454545,-0.285714285714,-0.246153846154,-6,-0.0363636363636,-0.05,0,0,0,17,0,3,90,0.85,1,0,0.15,1,0.85,0.918918918919,0.906962317388,0.85,0.85,4,7,0,0,0,0
2929,WLNM_dir_neg,0.80612244898,0.49320381999,00:00:00,10,70,26,1177447075,threshold_sweep,0.4,1,0.571428571429,0.727272727273,4,0,3,14,0.571428571429,1,0,0.428571428571,1,0.571428571429,0.727272727273,0.857142857143,0.603174603175,0.64,0.68599434057,0.571428571429,20,13,7,0,20,0,13,0,7,11,20,0.181818181818,3.04338842975,3.63636363636,2,2.5,1.68954001271,0.464623503495,0.245454545455,1.16774841624,0.642261628933,0.336363636364,1.94000937205,1.06700515463,0.536363636364,1.05689877454,0.347276990411,3.54545454545,3.04338842975,1.05689877454,3.54545454545,0.499047619048,0.4,8,0.0484848484848,0.255555555556,11,11,11,1,0,0.0909090909091,0.636363636364,0.272727272727,11,0.118181818182,3.72727272727,2.36363636364,1.3,1.625,1.43336856898,0.6064251638,0.286713286713,0.603022689156,0.510249967747,0.237762237762,1.40129809949,1.18571377649,0.503496503497,2.05382127221,0.551025219373,7,3.72727272727,2.05382127221,7,0,0,0,0,0.22962962963,11,11,11,1,0,0.0909090909091,0.636363636364,0.272727272727,11,17,0.154545454545,3.17727272727,3.09090909091,1.7,2.125,1.30034960334,0.420701342257,0.208556149733,0.820199532265,0.530717344407,0.267379679144,1.57249078621,1.01749403814,0.513368983957,1.2536673475,0.394573414091,4.4,3.17727272727,1.2536673475,4.4,0.213333333333,0.153846153846,2,0.0121212121212,0.205555555556,11,11,11,1,0,0.0909090909091,0.636363636364,0.272727272727,-3,-0.0272727272727,0.133884297521,-0.545454545455,-0.3,-0.375,-0.389190409368,-0.0439221612377,-0.0368983957219,-0.347548883978,-0.111544284527,-0.0689839572193,-0.367518585835,-0.0495111164884,-0.0229946524064,0.196768572961,0.0472964236795,0.854545454545,0.133884297521,0.196768572961,0.854545454545,-0.285714285714,-0.246153846154,-6,-0.0363636363636,-0.05,0,0,0,17,0,3,90,0.85,1,0,0.15,1,0.85,0.918918918919,0.906962317388,0.85,0.85,4,7,0,0,0,0
2930,WLNM_dir_neg,0.80612244898,0.49320381999,00:00:00,10,70,26,1177447075,threshold_sweep,0.5,1,0.571428571429,0.727272727273,4,0,3,14,0.571428571429,1,0,0.428571428571,1,0.571428571429,0.727272727273,0.857142857143,0.603174603175,0.64,0.68599434057,0.571428571429,20,13,7,0,20,0,13,0,7,11,20,0.181818181818,3.04338842975,3.63636363636,2,2.5,1.68954001271,0.464623503495,0.245454545455,1.16774841624,0.642261628933,0.336363636364,1.94000937205,1.06700515463,0.536363636364,1.05689877454,0.347276990411,3.54545454545,3.04338842975,1.05689877454,3.54545454545,0.499047619048,0.4,8,0.0484848484848,0.255555555556,11,11,11,1,0,0.0909090909091,0.636363636364,0.272727272727,11,0.118181818182,3.72727272727,2.36363636364,1.3,1.625,1.43336856898,0.6064251638,0.286713286713,0.603022689156,0.510249967747,0.237762237762,1.40129809949,1.18571377649,0.503496503497,2.05382127221,0.551025219373,7,3.72727272727,2.05382127221,7,0,0,0,0,0.22962962963,11,11,11,1,0,0.0909090909091,0.636363636364,0.272727272727,11,17,0.154545454545,3.17727272727,3.09090909091,1.7,2.125,1.30034960334,0.420701342257,0.208556149733,0.820199532265,0.530717344407,0.267379679144,1.57249078621,1.01749403814,0.513368983957,1.2536673475,0.394573414091,4.4,3.17727272727,1.2536673475,4.4,0.213333333333,0.153846153846,2,0.0121212121212,0.205555555556,11,11,11,1,0,0.0909090909091,0.636363636364,0.272727272727,-3,-0.0272727272727,0.133884297521,-0.545454545455,-0.3,-0.375,-0.389190409368,-0.0439221612377,-0.0368983957219,-0.347548883978,-0.111544284527,-0.0689839572193,-0.367518585835,-0.0495111164884,-0.0229946524064,0.196768572961,0.0472964236795,0.854545454545,0.133884297521,0.196768572961,0.854545454545,-0.285714285714,-0.246153846154,-6,-0.0363636363636,-0.05,0,0,0,17,0,3,90,0.85,1,0,0.15,1,0.85,0.918918918919,0.906962317388,0.85,0.85,4,7,0,0,0,0
2931,WLNM_dir_neg,0.80612244898,0.49320381999,00:00:00,10,70,26,1177447075,threshold_sweep,0.6,1,0.571428571429,0.727272727273,4,0,3,14,0.571428571429,1,0,0.428571428571,1,0.571428571429,0.727272727273,0.857142857143,0.603174603175,0.64,0.68599434057,0.571428571429,20,13,7,0,20,0,13,0,7,11,20,0.181818181818,3.04338842975,3.63636363636,2,2.5,1.68954001271,0.464623503495,0.245454545455,1.16774841624,0.642261628933,0.336363636364,1.94000937205,1.06700515463,0.536363636364,1.05689877454,0.347276990411,3.54545454545,3.04338842975,1.05689877454,3.54545454545,0.499047619048,0.4,8,0.0484848484848,0.255555555556,11,11,11,1,0,0.0909090909091,0.636363636364,0.272727272727,11,0.118181818182,3.72727272727,2.36363636364,1.3,1.625,1.43336856898,0.6064251638,0.286713286713,0.603022689156,0.510249967747,0.237762237762,1.40129809949,1.18571377649,0.503496503497,2.05382127221,0.551025219373,7,3.72727272727,2.05382127221,7,0,0,0,0,0.22962962963,11,11,11,1,0,0.0909090909091,0.636363636364,0.272727272727,11,17,0.154545454545,3.17727272727,3.09090909091,1.7,2.125,1.30034960334,0.420701342257,0.208556149733,0.820199532265,0.530717344407,0.267379679144,1.57249078621,1.01749403814,0.513368983957,1.2536673475,0.394573414091,4.4,3.17727272727,1.2536673475,4.4,0.213333333333,0.153846153846,2,0.0121212121212,0.205555555556,11,11,11,1,0,0.0909090909091,0.636363636364,0.272727272727,-3,-0.0272727272727,0.133884297521,-0.545454545455,-0.3,-0.375,-0.389190409368,-0.0439221612377,-0.0368983957219,-0.347548883978,-0.111544284527,-0.0689839572193,-0.367518585835,-0.0495111164884,-0.0229946524064,0.196768572961,0.0472964236795,0.854545454545,0.133884297521,0.196768572961,0.854545454545,-0.285714285714,-0.246153846154,-6,-0.0363636363636,-0.05,0,0,0,17,0,3,90,0.85,1,0,0.15,1,0.85,0.918918918919,0.906962317388,0.85,0.85,4,7,0,0,0,0
2932,WLNM_dir_neg,0.80612244898,0.49320381999,00:00:00,10,70,26,1177447075,threshold_sweep,0.7,1,0.428571428571,0.6,3,0,4,14,0.428571428571,1,0,0.571428571429,1,0.428571428571,0.6,0.809523809524,0.619047619048,0.5,0.57735026919,0.428571428571,20,13,7,0,20,0,13,0,7,11,20,0.181818181818,3.04338842975,3.63636363636,2,2.5,1.68954001271,0.464623503495,0.245454545455,1.16774841624,0.642261628933,0.336363636364,1.94000937205,1.06700515463,0.536363636364,1.05689877454,0.347276990411,3.54545454545,3.04338842975,1.05689877454,3.54545454545,0.499047619048,0.4,8,0.0484848484848,0.255555555556,11,11,11,1,0,0.0909090909091,0.636363636364,0.272727272727,11,0.118181818182,3.72727272727,2.36363636364,1.3,1.625,1.43336856898,0.6064251638,0.286713286713,0.603022689156,0.510249967747,0.237762237762,1.40129809949,1.18571377649,0.503496503497,2.05382127221,0.551025219373,7,3.72727272727,2.05382127221,7,0,0,0,0,0.22962962963,11,11,11,1,0,0.0909090909091,0.636363636364,0.272727272727,11,16,0.145454545455,3.25,2.90909090909,1.6,2,1.22102788294,0.41972833476,0.181818181818,0.687551650952,0.47269176003,0.227272727273,1.50755672289,1.03644524699,0.511363636364,1.3758835545,0.423348786001,4.66666666667,3.25,1.3758835545,4.66666666667,0.213333333333,0.176470588235,2,0.0121212121212,0.192592592593,11,11,11,1,0,0.0909090909091,0.636363636364,0.272727272727,-4,-0.0363636363636,0.206611570248,-0.727272727273,-0.4,-0.5,-0.468512129772,-0.0448951687355,-0.0636363636364,-0.48019676529,-0.169569868904,-0.109090909091,-0.43245264916,-0.0305599076407,-0.025,0.318984779967,0.07607179559,1.12121212121,0.206611570248,0.318984779967,1.12121212121,-0.285714285714,-0.223529411765,-6,-0.0363636363636,-0.062962962963,0,0,0,16,0,4,90,0.8,1,0,0.2,1,0.8,0.888888888889,0.875189948987,0.8,0.8,3,7,0,0,0,0
2933,WLNM_dir_neg,0.80612244898,0.49320381999,00:00:00,10,70,26,1177447075,threshold_sweep,0.8,1,0.285714285714,0.444444444444,2,0,5,14,0.285714285714,1,0,0.714285714286,1,0.285714285714,0.444444444444,0.761904761905,0.634920634921,0.347826086957,0.458831467741,0.285714285714,20,13,7,0,20,0,13,0,7,11,20,0.181818181818,3.04338842975,3.63636363636,2,2.5,1.68954001271,0.464623503495,0.245454545455,1.16774841624,0.642261628933,0.336363636364,1.94000937205,1.06700515463,0.536363636364,1.05689877454,0.347276990411,3.54545454545,3.04338842975,1.05689877454,3.54545454545,0.499047619048,0.4,8,0.0484848484848,0.255555555556,11,11,11,1,0,0.0909090909091,0.636363636364,0.272727272727,11,0.118181818182,3.72727272727,2.36363636364,1.3,1.625,1.43336856898,0.6064251638,0.286713286713,0.603022689156,0.510249967747,0.237762237762,1.40129809949,1.18571377649,0.503496503497,2.05382127221,0.551025219373,7,3.72727272727,2.05382127221,7,0,0,0,0,0.22962962963,11,11,11,1,0,0.0909090909091,0.636363636364,0.272727272727,11,15,0.136363636364,3.61363636364,2.72727272727,1.5,1.875,1.27207775634,0.466428510659,0.212121212121,0.674199862463,0.494413232473,0.242424242424,1.50151438706,1.10111055051,0.521212121212,2.09572074823,0.579947880012,7,3.61363636364,2.09572074823,7,0.237037037037,0.193548387097,2,0.0121212121212,0.185185185185,11,11,11,1,0,0.0909090909091,0.636363636364,0.272727272727,-5,-0.0454545454545,0.570247933884,-0.909090909091,-0.5,-0.625,-0.417462256367,0.00180500716395,-0.0333333333333,-0.493548553779,-0.14784839646,-0.0939393939394,-0.438494984989,0.0341053958833,-0.0151515151515,1.03882197369,0.232670889601,3.45454545455,0.570247933884,1.03882197369,3.45454545455,-0.262010582011,-0.206451612903,-6,-0.0363636363636,-0.0703703703704,0,0,0,15,0,5,90,0.75,1,0,0.25,1,0.75,0.857142857143,0.842927230424,0.75,0.75,2,7,0,0,0,0
2934,WLNM_dir_neg,0.80612244898,0.49320381999,00:00:00,10,70,26,1177447075,threshold_sweep,0.9,1,0.285714285714,0.444444444444,2,0,5,14,0.285714285714,1,0,0.714285714286,1,0.285714285714,0.444444444444,0.761904761905,0.634920634921,0.347826086957,0.458831467741,0.285714285714,20,13,7,0,20,0,13,0,7,11,20,0.181818181818,3.04338842975,3.63636363636,2,2.5,1.68954001271,0.464623503495,0.245454545455,1.16774841624,0.642261628933,0.336363636364,1.94000937205,1.06700515463,0.536363636364,1.05689877454,0.347276990411,3.54545454545,3.04338842975,1.05689877454,3.54545454545,0.499047619048,0.4,8,0.0484848484848,0.255555555556,11,11,11,1,0,0.0909090909091,0.636363636364,0.272727272727,11,0.118181818182,3.72727272727,2.36363636364,1.3,1.625,1.43336856898,0.6064251638,0.286713286713,0.603022689156,0.510249967747,0.237762237762,1.40129809949,1.18571377649,0.503496503497,2.05382127221,0.551025219373,7,3.72727272727,2.05382127221,7,0,0,0,0,0.22962962963,11,11,11,1,0,0.0909090909091,0.636363636364,0.272727272727,11,15,0.136363636364,3.61363636364,2.72727272727,1.5,1.875,1.27207775634,0.466428510659,0.212121212121,0.674199862463,0.494413232473,0.242424242424,1.50151438706,1.10111055051,0.521212121212,2.09572074823,0.579947880012,7,3.61363636364,2.09572074823,7,0.237037037037,0.193548387097,2,0.0121212121212,0.185185185185,11,11,11,1,0,0.0909090909091,0.636363636364,0.272727272727,-5,-0.0454545454545,0.570247933884,-0.909090909091,-0.5,-0.625,-0.417462256367,0.00180500716395,-0.0333333333333,-0.493548553779,-0.14784839646,-0.0939393939394,-0.438494984989,0.0341053958833,-0.0151515151515,1.03882197369,0.232670889601,3.45454545455,0.570247933884,1.03882197369,3.45454545455,-0.262010582011,-0.206451612903,-6,-0.0363636363636,-0.0703703703704,0,0,0,15,0,5,90,0.75,1,0,0.25,1,0.75,0.857142857143,0.842927230424,0.75,0.75,2,7,0,0,0,0
2935,WLNM_dir_neg,0.908163265306,0.63125,00:00:00,10,70,27,1177447076,threshold_sweep,0.1,1,0.714285714286,0.833333333333,5,0,2,14,0.714285714286,1,0,0.285714285714,1,0.714285714286,0.833333333333,0.904761904762,0.587301587302,0.769230769231,0.790569415042,0.714285714286,20,13,7,0,20,0,13,0,7,11,20,0.181818181818,3.04338842975,3.63636363636,2,2.5,1.68954001271,0.464623503495,0.245454545455,1.16774841624,0.642261628933,0.336363636364,1.94000937205,1.06700515463,0.536363636364,1.05689877454,0.347276990411,3.54545454545,3.04338842975,1.05689877454,3.54545454545,0.499047619048,0.4,8,0.0484848484848,0.255555555556,11,11,11,1,0,0.0909090909091,0.636363636364,0.272727272727,11,0.118181818182,3.72727272727,2.36363636364,1.3,1.625,1.43336856898,0.6064251638,0.286713286713,0.603022689156,0.510249967747,0.237762237762,1.40129809949,1.18571377649,0.503496503497,2.05382127221,0.551025219373,7,3.72727272727,2.05382127221,7,0,0,0,0,0.22962962963,11,11,11,1,0,0.0909090909091,0.636363636364,0.272727272727,11,18,0.163636363636,3.11363636364,3.27272727273,1.8,2.25,1.42062726223,0.434080552347,0.227272727273,0.924416277737,0.564921058617,0.292929292929,1.68954001271,1.03249667443,0.525252525253,1.14353419474,0.367266456706,3.875,3.11363636364,1.14353419474,3.875,0.366666666667,0.266666666667,4,0.0242424242424,0.221111111111,11,11,11,1,0,0.0909090909091,0.636363636364,0.272727272727,-2,-0.0181818181818,0.0702479338843,-0.363636363636,-0.2,-0.25,-0.268912750482,-0.030542951148,-0.0181818181818,-0.243332138505,-0.0773405703161,-0.0434343434343,-0.250469359339,-0.0345084801933,-0.0111111111111,0.0866354202056,0.0199894662943,0.329545454545,0.0702479338843,0.0866354202056,0.329545454545,-0.132380952381,-0.133333333333,-4,-0.0242424242424,-0.0344444444444,0,0,0,18,0,2,90,0.9,1,0,0.1,1,0.9,0.947368421053,0.938314863257,0.9,0.9,5,7,0,0,0,0
2936,WLNM_dir_neg,0.908163265306,0.63125,00:00:00,10,70,27,1177447076,threshold_sweep,0.2,1,0.714285714286,0.833333333333,5,0,2,14,0.714285714286,1,0,0.285714285714,1,0.714285714286,0.833333333333,0.904761904762,0.587301587302,0.769230769231,0.790569415042,0.714285714286,20,13,7,0,20,0,13,0,7,11,20,0.181818181818,3.04338842975,3.63636363636,2,2.5,1.68954001271,0.464623503495,0.245454545455,1.16774841624,0.642261628933,0.336363636364,1.94000937205,1.06700515463,0.536363636364,1.05689877454,0.347276990411,3.54545454545,3.04338842975,1.05689877454,3.54545454545,0.499047619048,0.4,8,0.0484848484848,0.255555555556,11,11,11,1,0,0.0909090909091,0.636363636364,0.272727272727,11,0.118181818182,3.72727272727,2.36363636364,1.3,1.625,1.43336856898,0.6064251638,0.286713286713,0.603022689156,0.510249967747,0.237762237762,1.40129809949,1.18571377649,0.503496503497,2.05382127221,0.551025219373,7,3.72727272727,2.05382127221,7,0,0,0,0,0.22962962963,11,11,11,1,0,0.0909090909091,0.636363636364,0.272727272727,11,18,0.163636363636,3.11363636364,3.27272727273,1.8,2.25,1.42062726223,0.434080552347,0.227272727273,0.924416277737,0.564921058617,0.292929292929,1.68954001271,1.03249667443,0.525252525253,1.14353419474,0.367266456706,3.875,3.11363636364,1.14353419474,3.875,0.366666666667,0.266666666667,4,0.0242424242424,0.221111111111,11,11,11,1,0,0.0909090909091,0.636363636364,0.272727272727,-2,-0.0181818181818,0.0702479338843,-0.363636363636,-0.2,-0.25,-0.268912750482,-0.030542951148,-0.0181818181818,-0.243332138505,-0.0773405703161,-0.0434343434343,-0.250469359339,-0.0345084801933,-0.0111111111111,0.0866354202056,0.0199894662943,0.329545454545,0.0702479338843,0.0866354202056,0.329545454545,-0.132380952381,-0.133333333333,-4,-0.0242424242424,-0.0344444444444,0,0,0,18,0,2,90,0.9,1,0,0.1,1,0.9,0.947368421053,0.938314863257,0.9,0.9,5,7,0,0,0,0
2937,WLNM_dir_neg,0.908163265306,0.63125,00:00:00,10,70,27,1177447076,threshold_sweep,0.3,1,0.714285714286,0.833333333333,5,0,2,14,0.714285714286,1,0,0.285714285714,1,0.714285714286,0.833333333333,0.904761904762,0.587301587302,0.769230769231,0.790569415042,0.714285714286,20,13,7,0,20,0,13,0,7,11,20,0.181818181818,3.04338842975,3.63636363636,2,2.5,1.68954001271,0.464623503495,0.245454545455,1.16774841624,0.642261628933,0.336363636364,1.94000937205,1.06700515463,0.536363636364,1.05689877454,0.347276990411,3.54545454545,3.04338842975,1.05689877454,3.54545454545,0.499047619048,0.4,8,0.0484848484848,0.255555555556,11,11,11,1,0,0.0909090909091,0.636363636364,0.272727272727,11,0.118181818182,3.72727272727,2.36363636364,1.3,1.625,1.43336856898,0.6064251638,0.286713286713,0.603022689156,0.510249967747,0.237762237762,1.40129809949,1.18571377649,0.503496503497,2.05382127221,0.551025219373,7,3.72727272727,2.05382127221,7,0,0,0,0,0.22962962963,11,11,11,1,0,0.0909090909091,0.636363636364,0.272727272727,11,18,0.163636363636,3.11363636364,3.27272727273,1.8,2.25,1.42062726223,0.434080552347,0.227272727273,0.924416277737,0.564921058617,0.292929292929,1.68954001271,1.03249667443,0.525252525253,1.14353419474,0.367266456706,3.875,3.11363636364,1.14353419474,3.875,0.366666666667,0.266666666667,4,0.0242424242424,0.221111111111,11,11,11,1,0,0.0909090909091,0.636363636364,0.272727272727,-2,-0.0181818181818,0.0702479338843,-0.363636363636,-0.2,-0.25,-0.268912750482,-0.030542951148,-0.0181818181818,-0.243332138505,-0.0773405703161,-0.0434343434343,-0.250469359339,-0.0345084801933,-0.0111111111111,0.0866354202056,0.0199894662943,0.329545454545,0.0702479338843,0.0866354202056,0.329545454545,-0.132380952381,-0.133333333333,-4,-0.0242424242424,-0.0344444444444,0,0,0,18,0,2,90,0.9,1,0,0.1,1,0.9,0.947368421053,0.938314863257,0.9,0.9,5,7,0,0,0,0
2938,WLNM_dir_neg,0.908163265306,0.63125,00:00:00,10,70,27,1177447076,threshold_sweep,0.4,1,0.714285714286,0.833333333333,5,0,2,14,0.714285714286,1,0,0.285714285714,1,0.714285714286,0.833333333333,0.904761904762,0.587301587302,0.769230769231,0.790569415042,0.714285714286,20,13,7,0,20,0,13,0,7,11,20,0.181818181818,3.04338842975,3.63636363636,2,2.5,1.68954001271,0.464623503495,0.245454545455,1.16774841624,0.642261628933,0.336363636364,1.94000937205,1.06700515463,0.536363636364,1.05689877454,0.347276990411,3.54545454545,3.04338842975,1.05689877454,3.54545454545,0.499047619048,0.4,8,0.0484848484848,0.255555555556,11,11,11,1,0,0.0909090909091,0.636363636364,0.272727272727,11,0.118181818182,3.72727272727,2.36363636364,1.3,1.625,1.43336856898,0.6064251638,0.286713286713,0.603022689156,0.510249967747,0.237762237762,1.40129809949,1.18571377649,0.503496503497,2.05382127221,0.551025219373,7,3.72727272727,2.05382127221,7,0,0,0,0,0.22962962963,11,11,11,1,0,0.0909090909091,0.636363636364,0.272727272727,11,18,0.163636363636,3.11363636364,3.27272727273,1.8,2.25,1.42062726223,0.434080552347,0.227272727273,0.924416277737,0.564921058617,0.292929292929,1.68954001271,1.03249667443,0.525252525253,1.14353419474,0.367266456706,3.875,3.11363636364,1.14353419474,3.875,0.366666666667,0.266666666667,4,0.0242424242424,0.221111111111,11,11,11,1,0,0.0909090909091,0.636363636364,0.272727272727,-2,-0.0181818181818,0.0702479338843,-0.363636363636,-0.2,-0.25,-0.268912750482,-0.030542951148,-0.0181818181818,-0.243332138505,-0.0773405703161,-0.0434343434343,-0.250469359339,-0.0345084801933,-0.0111111111111,0.0866354202056,0.0199894662943,0.329545454545,0.0702479338843,0.0866354202056,0.329545454545,-0.132380952381,-0.133333333333,-4,-0.0242424242424,-0.0344444444444,0,0,0,18,0,2,90,0.9,1,0,0.1,1,0.9,0.947368421053,0.938314863257,0.9,0.9,5,7,0,0,0,0
2939,WLNM_dir_neg,0.908163265306,0.63125,00:00:00,10,70,27,1177447076,threshold_sweep,0.5,1,0.714285714286,0.833333333333,5,0,2,14,0.714285714286,1,0,0.285714285714,1,0.714285714286,0.833333333333,0.904761904762,0.587301587302,0.769230769231,0.790569415042,0.714285714286,20,13,7,0,20,0,13,0,7,11,20,0.181818181818,3.04338842975,3.63636363636,2,2.5,1.68954001271,0.464623503495,0.245454545455,1.16774841624,0.642261628933,0.336363636364,1.94000937205,1.06700515463,0.536363636364,1.05689877454,0.347276990411,3.54545454545,3.04338842975,1.05689877454,3.54545454545,0.499047619048,0.4,8,0.0484848484848,0.255555555556,11,11,11,1,0,0.0909090909091,0.636363636364,0.272727272727,11,0.118181818182,3.72727272727,2.36363636364,1.3,1.625,1.43336856898,0.6064251638,0.286713286713,0.603022689156,0.510249967747,0.237762237762,1.40129809949,1.18571377649,0.503496503497,2.05382127221,0.551025219373,7,3.72727272727,2.05382127221,7,0,0,0,0,0.22962962963,11,11,11,1,0,0.0909090909091,0.636363636364,0.272727272727,11,18,0.163636363636,3.11363636364,3.27272727273,1.8,2.25,1.42062726223,0.434080552347,0.227272727273,0.924416277737,0.564921058617,0.292929292929,1.68954001271,1.03249667443,0.525252525253,1.14353419474,0.367266456706,3.875,3.11363636364,1.14353419474,3.875,0.366666666667,0.266666666667,4,0.0242424242424,0.221111111111,11,11,11,1,0,0.0909090909091,0.636363636364,0.272727272727,-2,-0.0181818181818,0.0702479338843,-0.363636363636,-0.2,-0.25,-0.268912750482,-0.030542951148,-0.0181818181818,-0.243332138505,-0.0773405703161,-0.0434343434343,-0.250469359339,-0.0345084801933,-0.0111111111111,0.0866354202056,0.0199894662943,0.329545454545,0.0702479338843,0.0866354202056,0.329545454545,-0.132380952381,-0.133333333333,-4,-0.0242424242424,-0.0344444444444,0,0,0,18,0,2,90,0.9,1,0,0.1,1,0.9,0.947368421053,0.938314863257,0.9,0.9,5,7,0,0,0,0
2940,WLNM_dir_neg,0.908163265306,0.63125,00:00:00,10,70,27,1177447076,threshold_sweep,0.6,1,0.714285714286,0.833333333333,5,0,2,14,0.714285714286,1,0,0.285714285714,1,0.714285714286,0.833333333333,0.904761904762,0.587301587302,0.769230769231,0.790569415042,0.714285714286,20,13,7,0,20,0,13,0,7,11,20,0.181818181818,3.04338842975,3.63636363636,2,2.5,1.68954001271,0.464623503495,0.245454545455,1.16774841624,0.642261628933,0.336363636364,1.94000937205,1.06700515463,0.536363636364,1.05689877454,0.347276990411,3.54545454545,3.04338842975,1.05689877454,3.54545454545,0.499047619048,0.4,8,0.0484848484848,0.255555555556,11,11,11,1,0,0.0909090909091,0.636363636364,0.272727272727,11,0.118181818182,3.72727272727,2.36363636364,1.3,1.625,1.43336856898,0.6064251638,0.286713286713,0.603022689156,0.510249967747,0.237762237762,1.40129809949,1.18571377649,0.503496503497,2.05382127221,0.551025219373,7,3.72727272727,2.05382127221,7,0,0,0,0,0.22962962963,11,11,11,1,0,0.0909090909091,0.636363636364,0.272727272727,11,18,0.163636363636,3.11363636364,3.27272727273,1.8,2.25,1.42062726223,0.434080552347,0.227272727273,0.924416277737,0.564921058617,0.292929292929,1.68954001271,1.03249667443,0.525252525253,1.14353419474,0.367266456706,3.875,3.11363636364,1.14353419474,3.875,0.366666666667,0.266666666667,4,0.0242424242424,0.221111111111,11,11,11,1,0,0.0909090909091,0.636363636364,0.272727272727,-2,-0.0181818181818,0.0702479338843,-0.363636363636,-0.2,-0.25,-0.268912750482,-0.030542951148,-0.0181818181818,-0.243332138505,-0.0773405703161,-0.0434343434343,-0.250469359339,-0.0345084801933,-0.0111111111111,0.0866354202056,0.0199894662943,0.329545454545,0.0702479338843,0.0866354202056,0.329545454545,-0.132380952381,-0.133333333333,-4,-0.0242424242424,-0.0344444444444,0,0,0,18,0,2,90,0.9,1,0,0.1,1,0.9,0.947368421053,0.938314863257,0.9,0.9,5,7,0,0,0,0
2941,WLNM_dir_neg,0.908163265306,0.63125,00:00:00,10,70,27,1177447076,threshold_sweep,0.7,1,0.714285714286,0.833333333333,5,0,2,14,0.714285714286,1,0,0.285714285714,1,0.714285714286,0.833333333333,0.904761904762,0.587301587302,0.769230769231,0.790569415042,0.714285714286,20,13,7,0,20,0,13,0,7,11,20,0.181818181818,3.04338842975,3.63636363636,2,2.5,1.68954001271,0.464623503495,0.245454545455,1.16774841624,0.642261628933,0.336363636364,1.94000937205,1.06700515463,0.536363636364,1.05689877454,0.347276990411,3.54545454545,3.04338842975,1.05689877454,3.54545454545,0.499047619048,0.4,8,0.0484848484848,0.255555555556,11,11,11,1,0,0.0909090909091,0.636363636364,0.272727272727,11,0.118181818182,3.72727272727,2.36363636364,1.3,1.625,1.43336856898,0.6064251638,0.286713286713,0.603022689156,0.510249967747,0.237762237762,1.40129809949,1.18571377649,0.503496503497,2.05382127221,0.551025219373,7,3.72727272727,2.05382127221,7,0,0,0,0,0.22962962963,11,11,11,1,0,0.0909090909091,0.636363636364,0.272727272727,11,18,0.163636363636,3.11363636364,3.27272727273,1.8,2.25,1.42062726223,0.434080552347,0.227272727273,0.924416277737,0.564921058617,0.292929292929,1.68954001271,1.03249667443,0.525252525253,1.14353419474,0.367266456706,3.875,3.11363636364,1.14353419474,3.875,0.366666666667,0.266666666667,4,0.0242424242424,0.221111111111,11,11,11,1,0,0.0909090909091,0.636363636364,0.272727272727,-2,-0.0181818181818,0.0702479338843,-0.363636363636,-0.2,-0.25,-0.268912750482,-0.030542951148,-0.0181818181818,-0.243332138505,-0.0773405703161,-0.0434343434343,-0.250469359339,-0.0345084801933,-0.0111111111111,0.0866354202056,0.0199894662943,0.329545454545,0.0702479338843,0.0866354202056,0.329545454545,-0.132380952381,-0.133333333333,-4,-0.0242424242424,-0.0344444444444,0,0,0,18,0,2,90,0.9,1,0,0.1,1,0.9,0.947368421053,0.938314863257,0.9,0.9,5,7,0,0,0,0
2942,WLNM_dir_neg,0.908163265306,0.63125,00:00:00,10,70,27,1177447076,threshold_sweep,0.8,1,0.714285714286,0.833333333333,5,0,2,14,0.714285714286,1,0,0.285714285714,1,0.714285714286,0.833333333333,0.904761904762,0.587301587302,0.769230769231,0.790569415042,0.714285714286,20,13,7,0,20,0,13,0,7,11,20,0.181818181818,3.04338842975,3.63636363636,2,2.5,1.68954001271,0.464623503495,0.245454545455,1.16774841624,0.642261628933,0.336363636364,1.94000937205,1.06700515463,0.536363636364,1.05689877454,0.347276990411,3.54545454545,3.04338842975,1.05689877454,3.54545454545,0.499047619048,0.4,8,0.0484848484848,0.255555555556,11,11,11,1,0,0.0909090909091,0.636363636364,0.272727272727,11,0.118181818182,3.72727272727,2.36363636364,1.3,1.625,1.43336856898,0.6064251638,0.286713286713,0.603022689156,0.510249967747,0.237762237762,1.40129809949,1.18571377649,0.503496503497,2.05382127221,0.551025219373,7,3.72727272727,2.05382127221,7,0,0,0,0,0.22962962963,11,11,11,1,0,0.0909090909091,0.636363636364,0.272727272727,11,18,0.163636363636,3.11363636364,3.27272727273,1.8,2.25,1.42062726223,0.434080552347,0.227272727273,0.924416277737,0.564921058617,0.292929292929,1.68954001271,1.03249667443,0.525252525253,1.14353419474,0.367266456706,3.875,3.11363636364,1.14353419474,3.875,0.366666666667,0.266666666667,4,0.0242424242424,0.221111111111,11,11,11,1,0,0.0909090909091,0.636363636364,0.272727272727,-2,-0.0181818181818,0.0702479338843,-0.363636363636,-0.2,-0.25,-0.268912750482,-0.030542951148,-0.0181818181818,-0.243332138505,-0.0773405703161,-0.0434343434343,-0.250469359339,-0.0345084801933,-0.0111111111111,0.0866354202056,0.0199894662943,0.329545454545,0.0702479338843,0.0866354202056,0.329545454545,-0.132380952381,-0.133333333333,-4,-0.0242424242424,-0.0344444444444,0,0,0,18,0,2,90,0.9,1,0,0.1,1,0.9,0.947368421053,0.938314863257,0.9,0.9,5,7,0,0,0,0
2943,WLNM_dir_neg,0.908163265306,0.63125,00:00:00,10,70,27,1177447076,threshold_sweep,0.9,1,0.714285714286,0.833333333333,5,0,2,14,0.714285714286,1,0,0.285714285714,1,0.714285714286,0.833333333333,0.904761904762,0.587301587302,0.769230769231,0.790569415042,0.714285714286,20,13,7,0,20,0,13,0,7,11,20,0.181818181818,3.04338842975,3.63636363636,2,2.5,1.68954001271,0.464623503495,0.245454545455,1.16774841624,0.642261628933,0.336363636364,1.94000937205,1.06700515463,0.536363636364,1.05689877454,0.347276990411,3.54545454545,3.04338842975,1.05689877454,3.54545454545,0.499047619048,0.4,8,0.0484848484848,0.255555555556,11,11,11,1,0,0.0909090909091,0.636363636364,0.272727272727,11,0.118181818182,3.72727272727,2.36363636364,1.3,1.625,1.43336856898,0.6064251638,0.286713286713,0.603022689156,0.510249967747,0.237762237762,1.40129809949,1.18571377649,0.503496503497,2.05382127221,0.551025219373,7,3.72727272727,2.05382127221,7,0,0,0,0,0.22962962963,11,11,11,1,0,0.0909090909091,0.636363636364,0.272727272727,11,18,0.163636363636,3.11363636364,3.27272727273,1.8,2.25,1.42062726223,0.434080552347,0.227272727273,0.924416277737,0.564921058617,0.292929292929,1.68954001271,1.03249667443,0.525252525253,1.14353419474,0.367266456706,3.875,3.11363636364,1.14353419474,3.875,0.366666666667,0.266666666667,4,0.0242424242424,0.221111111111,11,11,11,1,0,0.0909090909091,0.636363636364,0.272727272727,-2,-0.0181818181818,0.0702479338843,-0.363636363636,-0.2,-0.25,-0.268912750482,-0.030542951148,-0.0181818181818,-0.243332138505,-0.0773405703161,-0.0434343434343,-0.250469359339,-0.0345084801933,-0.0111111111111,0.0866354202056,0.0199894662943,0.329545454545,0.0702479338843,0.0866354202056,0.329545454545,-0.132380952381,-0.133333333333,-4,-0.0242424242424,-0.0344444444444,0,0,0,18,0,2,90,0.9,1,0,0.1,1,0.9,0.947368421053,0.938314863257,0.9,0.9,5,7,0,0,0,0
2944,WLNM_dir_neg,0.928571428571,0.623495552067,00:00:00,10,70,28,1177447077,threshold_sweep,0.1,1,0.714285714286,0.833333333333,5,0,2,14,0.714285714286,1,0,0.285714285714,1,0.714285714286,0.833333333333,0.904761904762,0.587301587302,0.769230769231,0.790569415042,0.714285714286,20,13,7,0,20,0,13,0,7,11,20,0.181818181818,3.04338842975,3.63636363636,2,2.5,1.68954001271,0.464623503495,0.245454545455,1.16774841624,0.642261628933,0.336363636364,1.94000937205,1.06700515463,0.536363636364,1.05689877454,0.347276990411,3.54545454545,3.04338842975,1.05689877454,3.54545454545,0.499047619048,0.4,8,0.0484848484848,0.255555555556,11,11,11,1,0,0.0909090909091,0.636363636364,0.272727272727,11,0.118181818182,3.72727272727,2.36363636364,1.3,1.625,1.43336856898,0.6064251638,0.286713286713,0.603022689156,0.510249967747,0.237762237762,1.40129809949,1.18571377649,0.503496503497,2.05382127221,0.551025219373,7,3.72727272727,2.05382127221,7,0,0,0,0,0.22962962963,11,11,11,1,0,0.0909090909091,0.636363636364,0.272727272727,11,18,0.163636363636,3.11363636364,3.27272727273,1.8,2.25,1.42062726223,0.434080552347,0.227272727273,0.924416277737,0.564921058617,0.292929292929,1.68954001271,1.03249667443,0.525252525253,1.14353419474,0.367266456706,3.875,3.11363636364,1.14353419474,3.875,0.366666666667,0.266666666667,4,0.0242424242424,0.221111111111,11,11,11,1,0,0.0909090909091,0.636363636364,0.272727272727,-2,-0.0181818181818,0.0702479338843,-0.363636363636,-0.2,-0.25,-0.268912750482,-0.030542951148,-0.0181818181818,-0.243332138505,-0.0773405703161,-0.0434343434343,-0.250469359339,-0.0345084801933,-0.0111111111111,0.0866354202056,0.0199894662943,0.329545454545,0.0702479338843,0.0866354202056,0.329545454545,-0.132380952381,-0.133333333333,-4,-0.0242424242424,-0.0344444444444,0,0,0,18,0,2,90,0.9,1,0,0.1,1,0.9,0.947368421053,0.938314863257,0.9,0.9,5,7,0,0,0,0
2945,WLNM_dir_neg,0.928571428571,0.623495552067,00:00:00,10,70,28,1177447077,threshold_sweep,0.2,1,0.714285714286,0.833333333333,5,0,2,14,0.714285714286,1,0,0.285714285714,1,0.714285714286,0.833333333333,0.904761904762,0.587301587302,0.769230769231,0.790569415042,0.714285714286,20,13,7,0,20,0,13,0,7,11,20,0.181818181818,3.04338842975,3.63636363636,2,2.5,1.68954001271,0.464623503495,0.245454545455,1.16774841624,0.642261628933,0.336363636364,1.94000937205,1.06700515463,0.536363636364,1.05689877454,0.347276990411,3.54545454545,3.04338842975,1.05689877454,3.54545454545,0.499047619048,0.4,8,0.0484848484848,0.255555555556,11,11,11,1,0,0.0909090909091,0.636363636364,0.272727272727,11,0.118181818182,3.72727272727,2.36363636364,1.3,1.625,1.43336856898,0.6064251638,0.286713286713,0.603022689156,0.510249967747,0.237762237762,1.40129809949,1.18571377649,0.503496503497,2.05382127221,0.551025219373,7,3.72727272727,2.05382127221,7,0,0,0,0,0.22962962963,11,11,11,1,0,0.0909090909091,0.636363636364,0.272727272727,11,18,0.163636363636,3.11363636364,3.27272727273,1.8,2.25,1.42062726223,0.434080552347,0.227272727273,0.924416277737,0.564921058617,0.292929292929,1.68954001271,1.03249667443,0.525252525253,1.14353419474,0.367266456706,3.875,3.11363636364,1.14353419474,3.875,0.366666666667,0.266666666667,4,0.0242424242424,0.221111111111,11,11,11,1,0,0.0909090909091,0.636363636364,0.272727272727,-2,-0.0181818181818,0.0702479338843,-0.363636363636,-0.2,-0.25,-0.268912750482,-0.030542951148,-0.0181818181818,-0.243332138505,-0.0773405703161,-0.0434343434343,-0.250469359339,-0.0345084801933,-0.0111111111111,0.0866354202056,0.0199894662943,0.329545454545,0.0702479338843,0.0866354202056,0.329545454545,-0.132380952381,-0.133333333333,-4,-0.0242424242424,-0.0344444444444,0,0,0,18,0,2,90,0.9,1,0,0.1,1,0.9,0.947368421053,0.938314863257,0.9,0.9,5,7,0,0,0,0
2946,WLNM_dir_neg,0.928571428571,0.623495552067,00:00:00,10,70,28,1177447077,threshold_sweep,0.3,1,0.714285714286,0.833333333333,5,0,2,14,0.714285714286,1,0,0.285714285714,1,0.714285714286,0.833333333333,0.904761904762,0.587301587302,0.769230769231,0.790569415042,0.714285714286,20,13,7,0,20,0,13,0,7,11,20,0.181818181818,3.04338842975,3.63636363636,2,2.5,1.68954001271,0.464623503495,0.245454545455,1.16774841624,0.642261628933,0.336363636364,1.94000937205,1.06700515463,0.536363636364,1.05689877454,0.347276990411,3.54545454545,3.04338842975,1.05689877454,3.54545454545,0.499047619048,0.4,8,0.0484848484848,0.255555555556,11,11,11,1,0,0.0909090909091,0.636363636364,0.272727272727,11,0.118181818182,3.72727272727,2.36363636364,1.3,1.625,1.43336856898,0.6064251638,0.286713286713,0.603022689156,0.510249967747,0.237762237762,1.40129809949,1.18571377649,0.503496503497,2.05382127221,0.551025219373,7,3.72727272727,2.05382127221,7,0,0,0,0,0.22962962963,11,11,11,1,0,0.0909090909091,0.636363636364,0.272727272727,11,18,0.163636363636,3.11363636364,3.27272727273,1.8,2.25,1.42062726223,0.434080552347,0.227272727273,0.924416277737,0.564921058617,0.292929292929,1.68954001271,1.03249667443,0.525252525253,1.14353419474,0.367266456706,3.875,3.11363636364,1.14353419474,3.875,0.366666666667,0.266666666667,4,0.0242424242424,0.221111111111,11,11,11,1,0,0.0909090909091,0.636363636364,0.272727272727,-2,-0.0181818181818,0.0702479338843,-0.363636363636,-0.2,-0.25,-0.268912750482,-0.030542951148,-0.0181818181818,-0.243332138505,-0.0773405703161,-0.0434343434343,-0.250469359339,-0.0345084801933,-0.0111111111111,0.0866354202056,0.0199894662943,0.329545454545,0.0702479338843,0.0866354202056,0.329545454545,-0.132380952381,-0.133333333333,-4,-0.0242424242424,-0.0344444444444,0,0,0,18,0,2,90,0.9,1,0,0.1,1,0.9,0.947368421053,0.938314863257,0.9,0.9,5,7,0,0,0,0
2947,WLNM_dir_neg,0.928571428571,0.623495552067,00:00:00,10,70,28,1177447077,threshold_sweep,0.4,1,0.714285714286,0.833333333333,5,0,2,14,0.714285714286,1,0,0.285714285714,1,0.714285714286,0.833333333333,0.904761904762,0.587301587302,0.769230769231,0.790569415042,0.714285714286,20,13,7,0,20,0,13,0,7,11,20,0.181818181818,3.04338842975,3.63636363636,2,2.5,1.68954001271,0.464623503495,0.245454545455,1.16774841624,0.642261628933,0.336363636364,1.94000937205,1.06700515463,0.536363636364,1.05689877454,0.347276990411,3.54545454545,3.04338842975,1.05689877454,3.54545454545,0.499047619048,0.4,8,0.0484848484848,0.255555555556,11,11,11,1,0,0.0909090909091,0.636363636364,0.272727272727,11,0.118181818182,3.72727272727,2.36363636364,1.3,1.625,1.43336856898,0.6064251638,0.286713286713,0.603022689156,0.510249967747,0.237762237762,1.40129809949,1.18571377649,0.503496503497,2.05382127221,0.551025219373,7,3.72727272727,2.05382127221,7,0,0,0,0,0.22962962963,11,11,11,1,0,0.0909090909091,0.636363636364,0.272727272727,11,18,0.163636363636,3.11363636364,3.27272727273,1.8,2.25,1.42062726223,0.434080552347,0.227272727273,0.924416277737,0.564921058617,0.292929292929,1.68954001271,1.03249667443,0.525252525253,1.14353419474,0.367266456706,3.875,3.11363636364,1.14353419474,3.875,0.366666666667,0.266666666667,4,0.0242424242424,0.221111111111,11,11,11,1,0,0.0909090909091,0.636363636364,0.272727272727,-2,-0.0181818181818,0.0702479338843,-0.363636363636,-0.2,-0.25,-0.268912750482,-0.030542951148,-0.0181818181818,-0.243332138505,-0.0773405703161,-0.0434343434343,-0.250469359339,-0.0345084801933,-0.0111111111111,0.0866354202056,0.0199894662943,0.329545454545,0.0702479338843,0.0866354202056,0.329545454545,-0.132380952381,-0.133333333333,-4,-0.0242424242424,-0.0344444444444,0,0,0,18,0,2,90,0.9,1,0,0.1,1,0.9,0.947368421053,0.938314863257,0.9,0.9,5,7,0,0,0,0
2948,WLNM_dir_neg,0.928571428571,0.623495552067,00:00:00,10,70,28,1177447077,threshold_sweep,0.5,1,0.714285714286,0.833333333333,5,0,2,14,0.714285714286,1,0,0.285714285714,1,0.714285714286,0.833333333333,0.904761904762,0.587301587302,0.769230769231,0.790569415042,0.714285714286,20,13,7,0,20,0,13,0,7,11,20,0.181818181818,3.04338842975,3.63636363636,2,2.5,1.68954001271,0.464623503495,0.245454545455,1.16774841624,0.642261628933,0.336363636364,1.94000937205,1.06700515463,0.536363636364,1.05689877454,0.347276990411,3.54545454545,3.04338842975,1.05689877454,3.54545454545,0.499047619048,0.4,8,0.0484848484848,0.255555555556,11,11,11,1,0,0.0909090909091,0.636363636364,0.272727272727,11,0.118181818182,3.72727272727,2.36363636364,1.3,1.625,1.43336856898,0.6064251638,0.286713286713,0.603022689156,0.510249967747,0.237762237762,1.40129809949,1.18571377649,0.503496503497,2.05382127221,0.551025219373,7,3.72727272727,2.05382127221,7,0,0,0,0,0.22962962963,11,11,11,1,0,0.0909090909091,0.636363636364,0.272727272727,11,18,0.163636363636,3.11363636364,3.27272727273,1.8,2.25,1.42062726223,0.434080552347,0.227272727273,0.924416277737,0.564921058617,0.292929292929,1.68954001271,1.03249667443,0.525252525253,1.14353419474,0.367266456706,3.875,3.11363636364,1.14353419474,3.875,0.366666666667,0.266666666667,4,0.0242424242424,0.221111111111,11,11,11,1,0,0.0909090909091,0.636363636364,0.272727272727,-2,-0.0181818181818,0.0702479338843,-0.363636363636,-0.2,-0.25,-0.268912750482,-0.030542951148,-0.0181818181818,-0.243332138505,-0.0773405703161,-0.0434343434343,-0.250469359339,-0.0345084801933,-0.0111111111111,0.0866354202056,0.0199894662943,0.329545454545,0.0702479338843,0.0866354202056,0.329545454545,-0.132380952381,-0.133333333333,-4,-0.0242424242424,-0.0344444444444,0,0,0,18,0,2,90,0.9,1,0,0.1,1,0.9,0.947368421053,0.938314863257,0.9,0.9,5,7,0,0,0,0
2949,WLNM_dir_neg,0.928571428571,0.623495552067,00:00:00,10,70,28,1177447077,threshold_sweep,0.6,1,0.714285714286,0.833333333333,5,0,2,14,0.714285714286,1,0,0.285714285714,1,0.714285714286,0.833333333333,0.904761904762,0.587301587302,0.769230769231,0.790569415042,0.714285714286,20,13,7,0,20,0,13,0,7,11,20,0.181818181818,3.04338842975,3.63636363636,2,2.5,1.68954001271,0.464623503495,0.245454545455,1.16774841624,0.642261628933,0.336363636364,1.94000937205,1.06700515463,0.536363636364,1.05689877454,0.347276990411,3.54545454545,3.04338842975,1.05689877454,3.54545454545,0.499047619048,0.4,8,0.0484848484848,0.255555555556,11,11,11,1,0,0.0909090909091,0.636363636364,0.272727272727,11,0.118181818182,3.72727272727,2.36363636364,1.3,1.625,1.43336856898,0.6064251638,0.286713286713,0.603022689156,0.510249967747,0.237762237762,1.40129809949,1.18571377649,0.503496503497,2.05382127221,0.551025219373,7,3.72727272727,2.05382127221,7,0,0,0,0,0.22962962963,11,11,11,1,0,0.0909090909091,0.636363636364,0.272727272727,11,18,0.163636363636,3.11363636364,3.27272727273,1.8,2.25,1.42062726223,0.434080552347,0.227272727273,0.924416277737,0.564921058617,0.292929292929,1.68954001271,1.03249667443,0.525252525253,1.14353419474,0.367266456706,3.875,3.11363636364,1.14353419474,3.875,0.366666666667,0.266666666667,4,0.0242424242424,0.221111111111,11,11,11,1,0,0.0909090909091,0.636363636364,0.272727272727,-2,-0.0181818181818,0.0702479338843,-0.363636363636,-0.2,-0.25,-0.268912750482,-0.030542951148,-0.0181818181818,-0.243332138505,-0.0773405703161,-0.0434343434343,-0.250469359339,-0.0345084801933,-0.0111111111111,0.0866354202056,0.0199894662943,0.329545454545,0.0702479338843,0.0866354202056,0.329545454545,-0.132380952381,-0.133333333333,-4,-0.0242424242424,-0.0344444444444,0,0,0,18,0,2,90,0.9,1,0,0.1,1,0.9,0.947368421053,0.938314863257,0.9,0.9,5,7,0,0,0,0
2950,WLNM_dir_neg,0.928571428571,0.623495552067,00:00:00,10,70,28,1177447077,threshold_sweep,0.7,1,0.714285714286,0.833333333333,5,0,2,14,0.714285714286,1,0,0.285714285714,1,0.714285714286,0.833333333333,0.904761904762,0.587301587302,0.769230769231,0.790569415042,0.714285714286,20,13,7,0,20,0,13,0,7,11,20,0.181818181818,3.04338842975,3.63636363636,2,2.5,1.68954001271,0.464623503495,0.245454545455,1.16774841624,0.642261628933,0.336363636364,1.94000937205,1.06700515463,0.536363636364,1.05689877454,0.347276990411,3.54545454545,3.04338842975,1.05689877454,3.54545454545,0.499047619048,0.4,8,0.0484848484848,0.255555555556,11,11,11,1,0,0.0909090909091,0.636363636364,0.272727272727,11,0.118181818182,3.72727272727,2.36363636364,1.3,1.625,1.43336856898,0.6064251638,0.286713286713,0.603022689156,0.510249967747,0.237762237762,1.40129809949,1.18571377649,0.503496503497,2.05382127221,0.551025219373,7,3.72727272727,2.05382127221,7,0,0,0,0,0.22962962963,11,11,11,1,0,0.0909090909091,0.636363636364,0.272727272727,11,18,0.163636363636,3.11363636364,3.27272727273,1.8,2.25,1.42062726223,0.434080552347,0.227272727273,0.924416277737,0.564921058617,0.292929292929,1.68954001271,1.03249667443,0.525252525253,1.14353419474,0.367266456706,3.875,3.11363636364,1.14353419474,3.875,0.366666666667,0.266666666667,4,0.0242424242424,0.221111111111,11,11,11,1,0,0.0909090909091,0.636363636364,0.272727272727,-2,-0.0181818181818,0.0702479338843,-0.363636363636,-0.2,-0.25,-0.268912750482,-0.030542951148,-0.0181818181818,-0.243332138505,-0.0773405703161,-0.0434343434343,-0.250469359339,-0.0345084801933,-0.0111111111111,0.0866354202056,0.0199894662943,0.329545454545,0.0702479338843,0.0866354202056,0.329545454545,-0.132380952381,-0.133333333333,-4,-0.0242424242424,-0.0344444444444,0,0,0,18,0,2,90,0.9,1,0,0.1,1,0.9,0.947368421053,0.938314863257,0.9,0.9,5,7,0,0,0,0
2951,WLNM_dir_neg,0.928571428571,0.623495552067,00:00:00,10,70,28,1177447077,threshold_sweep,0.8,1,0.714285714286,0.833333333333,5,0,2,14,0.714285714286,1,0,0.285714285714,1,0.714285714286,0.833333333333,0.904761904762,0.587301587302,0.769230769231,0.790569415042,0.714285714286,20,13,7,0,20,0,13,0,7,11,20,0.181818181818,3.04338842975,3.63636363636,2,2.5,1.68954001271,0.464623503495,0.245454545455,1.16774841624,0.642261628933,0.336363636364,1.94000937205,1.06700515463,0.536363636364,1.05689877454,0.347276990411,3.54545454545,3.04338842975,1.05689877454,3.54545454545,0.499047619048,0.4,8,0.0484848484848,0.255555555556,11,11,11,1,0,0.0909090909091,0.636363636364,0.272727272727,11,0.118181818182,3.72727272727,2.36363636364,1.3,1.625,1.43336856898,0.6064251638,0.286713286713,0.603022689156,0.510249967747,0.237762237762,1.40129809949,1.18571377649,0.503496503497,2.05382127221,0.551025219373,7,3.72727272727,2.05382127221,7,0,0,0,0,0.22962962963,11,11,11,1,0,0.0909090909091,0.636363636364,0.272727272727,11,18,0.163636363636,3.11363636364,3.27272727273,1.8,2.25,1.42062726223,0.434080552347,0.227272727273,0.924416277737,0.564921058617,0.292929292929,1.68954001271,1.03249667443,0.525252525253,1.14353419474,0.367266456706,3.875,3.11363636364,1.14353419474,3.875,0.366666666667,0.266666666667,4,0.0242424242424,0.221111111111,11,11,11,1,0,0.0909090909091,0.636363636364,0.272727272727,-2,-0.0181818181818,0.0702479338843,-0.363636363636,-0.2,-0.25,-0.268912750482,-0.030542951148,-0.0181818181818,-0.243332138505,-0.0773405703161,-0.0434343434343,-0.250469359339,-0.0345084801933,-0.0111111111111,0.0866354202056,0.0199894662943,0.329545454545,0.0702479338843,0.0866354202056,0.329545454545,-0.132380952381,-0.133333333333,-4,-0.0242424242424,-0.0344444444444,0,0,0,18,0,2,90,0.9,1,0,0.1,1,0.9,0.947368421053,0.938314863257,0.9,0.9,5,7,0,0,0,0
2952,WLNM_dir_neg,0.928571428571,0.623495552067,00:00:00,10,70,28,1177447077,threshold_sweep,0.9,1,0.714285714286,0.833333333333,5,0,2,14,0.714285714286,1,0,0.285714285714,1,0.714285714286,0.833333333333,0.904761904762,0.587301587302,0.769230769231,0.790569415042,0.714285714286,20,13,7,0,20,0,13,0,7,11,20,0.181818181818,3.04338842975,3.63636363636,2,2.5,1.68954001271,0.464623503495,0.245454545455,1.16774841624,0.642261628933,0.336363636364,1.94000937205,1.06700515463,0.536363636364,1.05689877454,0.347276990411,3.54545454545,3.04338842975,1.05689877454,3.54545454545,0.499047619048,0.4,8,0.0484848484848,0.255555555556,11,11,11,1,0,0.0909090909091,0.636363636364,0.272727272727,11,0.118181818182,3.72727272727,2.36363636364,1.3,1.625,1.43336856898,0.6064251638,0.286713286713,0.603022689156,0.510249967747,0.237762237762,1.40129809949,1.18571377649,0.503496503497,2.05382127221,0.551025219373,7,3.72727272727,2.05382127221,7,0,0,0,0,0.22962962963,11,11,11,1,0,0.0909090909091,0.636363636364,0.272727272727,11,18,0.163636363636,3.11363636364,3.27272727273,1.8,2.25,1.42062726223,0.434080552347,0.227272727273,0.924416277737,0.564921058617,0.292929292929,1.68954001271,1.03249667443,0.525252525253,1.14353419474,0.367266456706,3.875,3.11363636364,1.14353419474,3.875,0.366666666667,0.266666666667,4,0.0242424242424,0.221111111111,11,11,11,1,0,0.0909090909091,0.636363636364,0.272727272727,-2,-0.0181818181818,0.0702479338843,-0.363636363636,-0.2,-0.25,-0.268912750482,-0.030542951148,-0.0181818181818,-0.243332138505,-0.0773405703161,-0.0434343434343,-0.250469359339,-0.0345084801933,-0.0111111111111,0.0866354202056,0.0199894662943,0.329545454545,0.0702479338843,0.0866354202056,0.329545454545,-0.132380952381,-0.133333333333,-4,-0.0242424242424,-0.0344444444444,0,0,0,18,0,2,90,0.9,1,0,0.1,1,0.9,0.947368421053,0.938314863257,0.9,0.9,5,7,0,0,0,0
2953,WLNM_dir_neg,0.918367346939,0.599422799423,00:00:00,10,70,29,1177447078,threshold_sweep,0.1,1,0.714285714286,0.833333333333,5,0,2,14,0.714285714286,1,0,0.285714285714,1,0.714285714286,0.833333333333,0.904761904762,0.587301587302,0.769230769231,0.790569415042,0.714285714286,20,13,7,0,20,0,13,0,7,11,20,0.181818181818,3.04338842975,3.63636363636,2,2.5,1.68954001271,0.464623503495,0.245454545455,1.16774841624,0.642261628933,0.336363636364,1.94000937205,1.06700515463,0.536363636364,1.05689877454,0.347276990411,3.54545454545,3.04338842975,1.05689877454,3.54545454545,0.499047619048,0.4,8,0.0484848484848,0.255555555556,11,11,11,1,0,0.0909090909091,0.636363636364,0.272727272727,11,0.118181818182,3.72727272727,2.36363636364,1.3,1.625,1.43336856898,0.6064251638,0.286713286713,0.603022689156,0.510249967747,0.237762237762,1.40129809949,1.18571377649,0.503496503497,2.05382127221,0.551025219373,7,3.72727272727,2.05382127221,7,0,0,0,0,0.22962962963,11,11,11,1,0,0.0909090909091,0.636363636364,0.272727272727,11,18,0.163636363636,3.11363636364,3.27272727273,1.8,2.25,1.42062726223,0.434080552347,0.227272727273,0.924416277737,0.564921058617,0.292929292929,1.68954001271,1.03249667443,0.525252525253,1.14353419474,0.367266456706,3.875,3.11363636364,1.14353419474,3.875,0.366666666667,0.266666666667,4,0.0242424242424,0.221111111111,11,11,11,1,0,0.0909090909091,0.636363636364,0.272727272727,-2,-0.0181818181818,0.0702479338843,-0.363636363636,-0.2,-0.25,-0.268912750482,-0.030542951148,-0.0181818181818,-0.243332138505,-0.0773405703161,-0.0434343434343,-0.250469359339,-0.0345084801933,-0.0111111111111,0.0866354202056,0.0199894662943,0.329545454545,0.0702479338843,0.0866354202056,0.329545454545,-0.132380952381,-0.133333333333,-4,-0.0242424242424,-0.0344444444444,0,0,0,18,0,2,90,0.9,1,0,0.1,1,0.9,0.947368421053,0.938314863257,0.9,0.9,5,7,0,0,0,0
2954,WLNM_dir_neg,0.918367346939,0.599422799423,00:00:00,10,70,29,1177447078,threshold_sweep,0.2,1,0.714285714286,0.833333333333,5,0,2,14,0.714285714286,1,0,0.285714285714,1,0.714285714286,0.833333333333,0.904761904762,0.587301587302,0.769230769231,0.790569415042,0.714285714286,20,13,7,0,20,0,13,0,7,11,20,0.181818181818,3.04338842975,3.63636363636,2,2.5,1.68954001271,0.464623503495,0.245454545455,1.16774841624,0.642261628933,0.336363636364,1.94000937205,1.06700515463,0.536363636364,1.05689877454,0.347276990411,3.54545454545,3.04338842975,1.05689877454,3.54545454545,0.499047619048,0.4,8,0.0484848484848,0.255555555556,11,11,11,1,0,0.0909090909091,0.636363636364,0.272727272727,11,0.118181818182,3.72727272727,2.36363636364,1.3,1.625,1.43336856898,0.6064251638,0.286713286713,0.603022689156,0.510249967747,0.237762237762,1.40129809949,1.18571377649,0.503496503497,2.05382127221,0.551025219373,7,3.72727272727,2.05382127221,7,0,0,0,0,0.22962962963,11,11,11,1,0,0.0909090909091,0.636363636364,0.272727272727,11,18,0.163636363636,3.11363636364,3.27272727273,1.8,2.25,1.42062726223,0.434080552347,0.227272727273,0.924416277737,0.564921058617,0.292929292929,1.68954001271,1.03249667443,0.525252525253,1.14353419474,0.367266456706,3.875,3.11363636364,1.14353419474,3.875,0.366666666667,0.266666666667,4,0.0242424242424,0.221111111111,11,11,11,1,0,0.0909090909091,0.636363636364,0.272727272727,-2,-0.0181818181818,0.0702479338843,-0.363636363636,-0.2,-0.25,-0.268912750482,-0.030542951148,-0.0181818181818,-0.243332138505,-0.0773405703161,-0.0434343434343,-0.250469359339,-0.0345084801933,-0.0111111111111,0.0866354202056,0.0199894662943,0.329545454545,0.0702479338843,0.0866354202056,0.329545454545,-0.132380952381,-0.133333333333,-4,-0.0242424242424,-0.0344444444444,0,0,0,18,0,2,90,0.9,1,0,0.1,1,0.9,0.947368421053,0.938314863257,0.9,0.9,5,7,0,0,0,0
2955,WLNM_dir_neg,0.918367346939,0.599422799423,00:00:00,10,70,29,1177447078,threshold_sweep,0.3,1,0.714285714286,0.833333333333,5,0,2,14,0.714285714286,1,0,0.285714285714,1,0.714285714286,0.833333333333,0.904761904762,0.587301587302,0.769230769231,0.790569415042,0.714285714286,20,13,7,0,20,0,13,0,7,11,20,0.181818181818,3.04338842975,3.63636363636,2,2.5,1.68954001271,0.464623503495,0.245454545455,1.16774841624,0.642261628933,0.336363636364,1.94000937205,1.06700515463,0.536363636364,1.05689877454,0.347276990411,3.54545454545,3.04338842975,1.05689877454,3.54545454545,0.499047619048,0.4,8,0.0484848484848,0.255555555556,11,11,11,1,0,0.0909090909091,0.636363636364,0.272727272727,11,0.118181818182,3.72727272727,2.36363636364,1.3,1.625,1.43336856898,0.6064251638,0.286713286713,0.603022689156,0.510249967747,0.237762237762,1.40129809949,1.18571377649,0.503496503497,2.05382127221,0.551025219373,7,3.72727272727,2.05382127221,7,0,0,0,0,0.22962962963,11,11,11,1,0,0.0909090909091,0.636363636364,0.272727272727,11,18,0.163636363636,3.11363636364,3.27272727273,1.8,2.25,1.42062726223,0.434080552347,0.227272727273,0.924416277737,0.564921058617,0.292929292929,1.68954001271,1.03249667443,0.525252525253,1.14353419474,0.367266456706,3.875,3.11363636364,1.14353419474,3.875,0.366666666667,0.266666666667,4,0.0242424242424,0.221111111111,11,11,11,1,0,0.0909090909091,0.636363636364,0.272727272727,-2,-0.0181818181818,0.0702479338843,-0.363636363636,-0.2,-0.25,-0.268912750482,-0.030542951148,-0.0181818181818,-0.243332138505,-0.0773405703161,-0.0434343434343,-0.250469359339,-0.0345084801933,-0.0111111111111,0.0866354202056,0.0199894662943,0.329545454545,0.0702479338843,0.0866354202056,0.329545454545,-0.132380952381,-0.133333333333,-4,-0.0242424242424,-0.0344444444444,0,0,0,18,0,2,90,0.9,1,0,0.1,1,0.9,0.947368421053,0.938314863257,0.9,0.9,5,7,0,0,0,0
2956,WLNM_dir_neg,0.918367346939,0.599422799423,00:00:00,10,70,29,1177447078,threshold_sweep,0.4,1,0.714285714286,0.833333333333,5,0,2,14,0.714285714286,1,0,0.285714285714,1,0.714285714286,0.833333333333,0.904761904762,0.587301587302,0.769230769231,0.790569415042,0.714285714286,20,13,7,0,20,0,13,0,7,11,20,0.181818181818,3.04338842975,3.63636363636,2,2.5,1.68954001271,0.464623503495,0.245454545455,1.16774841624,0.642261628933,0.336363636364,1.94000937205,1.06700515463,0.536363636364,1.05689877454,0.347276990411,3.54545454545,3.04338842975,1.05689877454,3.54545454545,0.499047619048,0.4,8,0.0484848484848,0.255555555556,11,11,11,1,0,0.0909090909091,0.636363636364,0.272727272727,11,0.118181818182,3.72727272727,2.36363636364,1.3,1.625,1.43336856898,0.6064251638,0.286713286713,0.603022689156,0.510249967747,0.237762237762,1.40129809949,1.18571377649,0.503496503497,2.05382127221,0.551025219373,7,3.72727272727,2.05382127221,7,0,0,0,0,0.22962962963,11,11,11,1,0,0.0909090909091,0.636363636364,0.272727272727,11,18,0.163636363636,3.11363636364,3.27272727273,1.8,2.25,1.42062726223,0.434080552347,0.227272727273,0.924416277737,0.564921058617,0.292929292929,1.68954001271,1.03249667443,0.525252525253,1.14353419474,0.367266456706,3.875,3.11363636364,1.14353419474,3.875,0.366666666667,0.266666666667,4,0.0242424242424,0.221111111111,11,11,11,1,0,0.0909090909091,0.636363636364,0.272727272727,-2,-0.0181818181818,0.0702479338843,-0.363636363636,-0.2,-0.25,-0.268912750482,-0.030542951148,-0.0181818181818,-0.243332138505,-0.0773405703161,-0.0434343434343,-0.250469359339,-0.0345084801933,-0.0111111111111,0.0866354202056,0.0199894662943,0.329545454545,0.0702479338843,0.0866354202056,0.329545454545,-0.132380952381,-0.133333333333,-4,-0.0242424242424,-0.0344444444444,0,0,0,18,0,2,90,0.9,1,0,0.1,1,0.9,0.947368421053,0.938314863257,0.9,0.9,5,7,0,0,0,0
2957,WLNM_dir_neg,0.918367346939,0.599422799423,00:00:00,10,70,29,1177447078,threshold_sweep,0.5,1,0.714285714286,0.833333333333,5,0,2,14,0.714285714286,1,0,0.285714285714,1,0.714285714286,0.833333333333,0.904761904762,0.587301587302,0.769230769231,0.790569415042,0.714285714286,20,13,7,0,20,0,13,0,7,11,20,0.181818181818,3.04338842975,3.63636363636,2,2.5,1.68954001271,0.464623503495,0.245454545455,1.16774841624,0.642261628933,0.336363636364,1.94000937205,1.06700515463,0.536363636364,1.05689877454,0.347276990411,3.54545454545,3.04338842975,1.05689877454,3.54545454545,0.499047619048,0.4,8,0.0484848484848,0.255555555556,11,11,11,1,0,0.0909090909091,0.636363636364,0.272727272727,11,0.118181818182,3.72727272727,2.36363636364,1.3,1.625,1.43336856898,0.6064251638,0.286713286713,0.603022689156,0.510249967747,0.237762237762,1.40129809949,1.18571377649,0.503496503497,2.05382127221,0.551025219373,7,3.72727272727,2.05382127221,7,0,0,0,0,0.22962962963,11,11,11,1,0,0.0909090909091,0.636363636364,0.272727272727,11,18,0.163636363636,3.11363636364,3.27272727273,1.8,2.25,1.42062726223,0.434080552347,0.227272727273,0.924416277737,0.564921058617,0.292929292929,1.68954001271,1.03249667443,0.525252525253,1.14353419474,0.367266456706,3.875,3.11363636364,1.14353419474,3.875,0.366666666667,0.266666666667,4,0.0242424242424,0.221111111111,11,11,11,1,0,0.0909090909091,0.636363636364,0.272727272727,-2,-0.0181818181818,0.0702479338843,-0.363636363636,-0.2,-0.25,-0.268912750482,-0.030542951148,-0.0181818181818,-0.243332138505,-0.0773405703161,-0.0434343434343,-0.250469359339,-0.0345084801933,-0.0111111111111,0.0866354202056,0.0199894662943,0.329545454545,0.0702479338843,0.0866354202056,0.329545454545,-0.132380952381,-0.133333333333,-4,-0.0242424242424,-0.0344444444444,0,0,0,18,0,2,90,0.9,1,0,0.1,1,0.9,0.947368421053,0.938314863257,0.9,0.9,5,7,0,0,0,0
2958,WLNM_dir_neg,0.918367346939,0.599422799423,00:00:00,10,70,29,1177447078,threshold_sweep,0.6,1,0.714285714286,0.833333333333,5,0,2,14,0.714285714286,1,0,0.285714285714,1,0.714285714286,0.833333333333,0.904761904762,0.587301587302,0.769230769231,0.790569415042,0.714285714286,20,13,7,0,20,0,13,0,7,11,20,0.181818181818,3.04338842975,3.63636363636,2,2.5,1.68954001271,0.464623503495,0.245454545455,1.16774841624,0.642261628933,0.336363636364,1.94000937205,1.06700515463,0.536363636364,1.05689877454,0.347276990411,3.54545454545,3.04338842975,1.05689877454,3.54545454545,0.499047619048,0.4,8,0.0484848484848,0.255555555556,11,11,11,1,0,0.0909090909091,0.636363636364,0.272727272727,11,0.118181818182,3.72727272727,2.36363636364,1.3,1.625,1.43336856898,0.6064251638,0.286713286713,0.603022689156,0.510249967747,0.237762237762,1.40129809949,1.18571377649,0.503496503497,2.05382127221,0.551025219373,7,3.72727272727,2.05382127221,7,0,0,0,0,0.22962962963,11,11,11,1,0,0.0909090909091,0.636363636364,0.272727272727,11,18,0.163636363636,3.11363636364,3.27272727273,1.8,2.25,1.42062726223,0.434080552347,0.227272727273,0.924416277737,0.564921058617,0.292929292929,1.68954001271,1.03249667443,0.525252525253,1.14353419474,0.367266456706,3.875,3.11363636364,1.14353419474,3.875,0.366666666667,0.266666666667,4,0.0242424242424,0.221111111111,11,11,11,1,0,0.0909090909091,0.636363636364,0.272727272727,-2,-0.0181818181818,0.0702479338843,-0.363636363636,-0.2,-0.25,-0.268912750482,-0.030542951148,-0.0181818181818,-0.243332138505,-0.0773405703161,-0.0434343434343,-0.250469359339,-0.0345084801933,-0.0111111111111,0.0866354202056,0.0199894662943,0.329545454545,0.0702479338843,0.0866354202056,0.329545454545,-0.132380952381,-0.133333333333,-4,-0.0242424242424,-0.0344444444444,0,0,0,18,0,2,90,0.9,1,0,0.1,1,0.9,0.947368421053,0.938314863257,0.9,0.9,5,7,0,0,0,0
2959,WLNM_dir_neg,0.918367346939,0.599422799423,00:00:00,10,70,29,1177447078,threshold_sweep,0.7,1,0.714285714286,0.833333333333,5,0,2,14,0.714285714286,1,0,0.285714285714,1,0.714285714286,0.833333333333,0.904761904762,0.587301587302,0.769230769231,0.790569415042,0.714285714286,20,13,7,0,20,0,13,0,7,11,20,0.181818181818,3.04338842975,3.63636363636,2,2.5,1.68954001271,0.464623503495,0.245454545455,1.16774841624,0.642261628933,0.336363636364,1.94000937205,1.06700515463,0.536363636364,1.05689877454,0.347276990411,3.54545454545,3.04338842975,1.05689877454,3.54545454545,0.499047619048,0.4,8,0.0484848484848,0.255555555556,11,11,11,1,0,0.0909090909091,0.636363636364,0.272727272727,11,0.118181818182,3.72727272727,2.36363636364,1.3,1.625,1.43336856898,0.6064251638,0.286713286713,0.603022689156,0.510249967747,0.237762237762,1.40129809949,1.18571377649,0.503496503497,2.05382127221,0.551025219373,7,3.72727272727,2.05382127221,7,0,0,0,0,0.22962962963,11,11,11,1,0,0.0909090909091,0.636363636364,0.272727272727,11,18,0.163636363636,3.11363636364,3.27272727273,1.8,2.25,1.42062726223,0.434080552347,0.227272727273,0.924416277737,0.564921058617,0.292929292929,1.68954001271,1.03249667443,0.525252525253,1.14353419474,0.367266456706,3.875,3.11363636364,1.14353419474,3.875,0.366666666667,0.266666666667,4,0.0242424242424,0.221111111111,11,11,11,1,0,0.0909090909091,0.636363636364,0.272727272727,-2,-0.0181818181818,0.0702479338843,-0.363636363636,-0.2,-0.25,-0.268912750482,-0.030542951148,-0.0181818181818,-0.243332138505,-0.0773405703161,-0.0434343434343,-0.250469359339,-0.0345084801933,-0.0111111111111,0.0866354202056,0.0199894662943,0.329545454545,0.0702479338843,0.0866354202056,0.329545454545,-0.132380952381,-0.133333333333,-4,-0.0242424242424,-0.0344444444444,0,0,0,18,0,2,90,0.9,1,0,0.1,1,0.9,0.947368421053,0.938314863257,0.9,0.9,5,7,0,0,0,0
2960,WLNM_dir_neg,0.918367346939,0.599422799423,00:00:00,10,70,29,1177447078,threshold_sweep,0.8,1,0.714285714286,0.833333333333,5,0,2,14,0.714285714286,1,0,0.285714285714,1,0.714285714286,0.833333333333,0.904761904762,0.587301587302,0.769230769231,0.790569415042,0.714285714286,20,13,7,0,20,0,13,0,7,11,20,0.181818181818,3.04338842975,3.63636363636,2,2.5,1.68954001271,0.464623503495,0.245454545455,1.16774841624,0.642261628933,0.336363636364,1.94000937205,1.06700515463,0.536363636364,1.05689877454,0.347276990411,3.54545454545,3.04338842975,1.05689877454,3.54545454545,0.499047619048,0.4,8,0.0484848484848,0.255555555556,11,11,11,1,0,0.0909090909091,0.636363636364,0.272727272727,11,0.118181818182,3.72727272727,2.36363636364,1.3,1.625,1.43336856898,0.6064251638,0.286713286713,0.603022689156,0.510249967747,0.237762237762,1.40129809949,1.18571377649,0.503496503497,2.05382127221,0.551025219373,7,3.72727272727,2.05382127221,7,0,0,0,0,0.22962962963,11,11,11,1,0,0.0909090909091,0.636363636364,0.272727272727,11,18,0.163636363636,3.11363636364,3.27272727273,1.8,2.25,1.42062726223,0.434080552347,0.227272727273,0.924416277737,0.564921058617,0.292929292929,1.68954001271,1.03249667443,0.525252525253,1.14353419474,0.367266456706,3.875,3.11363636364,1.14353419474,3.875,0.366666666667,0.266666666667,4,0.0242424242424,0.221111111111,11,11,11,1,0,0.0909090909091,0.636363636364,0.272727272727,-2,-0.0181818181818,0.0702479338843,-0.363636363636,-0.2,-0.25,-0.268912750482,-0.030542951148,-0.0181818181818,-0.243332138505,-0.0773405703161,-0.0434343434343,-0.250469359339,-0.0345084801933,-0.0111111111111,0.0866354202056,0.0199894662943,0.329545454545,0.0702479338843,0.0866354202056,0.329545454545,-0.132380952381,-0.133333333333,-4,-0.0242424242424,-0.0344444444444,0,0,0,18,0,2,90,0.9,1,0,0.1,1,0.9,0.947368421053,0.938314863257,0.9,0.9,5,7,0,0,0,0
2961,WLNM_dir_neg,0.918367346939,0.599422799423,00:00:00,10,70,29,1177447078,threshold_sweep,0.9,1,0.571428571429,0.727272727273,4,0,3,14,0.571428571429,1,0,0.428571428571,1,0.571428571429,0.727272727273,0.857142857143,0.603174603175,0.64,0.68599434057,0.571428571429,20,13,7,0,20,0,13,0,7,11,20,0.181818181818,3.04338842975,3.63636363636,2,2.5,1.68954001271,0.464623503495,0.245454545455,1.16774841624,0.642261628933,0.336363636364,1.94000937205,1.06700515463,0.536363636364,1.05689877454,0.347276990411,3.54545454545,3.04338842975,1.05689877454,3.54545454545,0.499047619048,0.4,8,0.0484848484848,0.255555555556,11,11,11,1,0,0.0909090909091,0.636363636364,0.272727272727,11,0.118181818182,3.72727272727,2.36363636364,1.3,1.625,1.43336856898,0.6064251638,0.286713286713,0.603022689156,0.510249967747,0.237762237762,1.40129809949,1.18571377649,0.503496503497,2.05382127221,0.551025219373,7,3.72727272727,2.05382127221,7,0,0,0,0,0.22962962963,11,11,11,1,0,0.0909090909091,0.636363636364,0.272727272727,11,17,0.154545454545,3.15909090909,3.09090909091,1.7,2.125,1.30034960334,0.420701342257,0.208556149733,0.820199532265,0.530717344407,0.267379679144,1.57249078621,1.01749403814,0.513368983957,1.21589847064,0.38488872452,4,3.15909090909,1.21589847064,4,0.296666666667,0.230769230769,3,0.0181818181818,0.203703703704,11,11,11,1,0,0.0909090909091,0.636363636364,0.272727272727,-3,-0.0272727272727,0.115702479339,-0.545454545455,-0.3,-0.375,-0.389190409368,-0.0439221612377,-0.0368983957219,-0.347548883978,-0.111544284527,-0.0689839572193,-0.367518585835,-0.0495111164884,-0.0229946524064,0.158999696105,0.0376117341084,0.454545454545,0.115702479339,0.158999696105,0.454545454545,-0.202380952381,-0.169230769231,-5,-0.030303030303,-0.0518518518519,0,0,0,17,0,3,90,0.85,1,0,0.15,1,0.85,0.918918918919,0.906962317388,0.85,0.85,4,7,0,0,0,0
2962,WLNM_dir_neg,0.928571428571,0.609145021645,00:00:00,10,70,30,1177447079,threshold_sweep,0.1,1,0.571428571429,0.727272727273,4,0,3,14,0.571428571429,1,0,0.428571428571,1,0.571428571429,0.727272727273,0.857142857143,0.603174603175,0.64,0.68599434057,0.571428571429,20,13,7,0,20,0,13,0,7,11,20,0.181818181818,3.04338842975,3.63636363636,2,2.5,1.68954001271,0.464623503495,0.245454545455,1.16774841624,0.642261628933,0.336363636364,1.94000937205,1.06700515463,0.536363636364,1.05689877454,0.347276990411,3.54545454545,3.04338842975,1.05689877454,3.54545454545,0.499047619048,0.4,8,0.0484848484848,0.255555555556,11,11,11,1,0,0.0909090909091,0.636363636364,0.272727272727,11,0.118181818182,3.72727272727,2.36363636364,1.3,1.625,1.43336856898,0.6064251638,0.286713286713,0.603022689156,0.510249967747,0.237762237762,1.40129809949,1.18571377649,0.503496503497,2.05382127221,0.551025219373,7,3.72727272727,2.05382127221,7,0,0,0,0,0.22962962963,11,11,11,1,0,0.0909090909091,0.636363636364,0.272727272727,11,17,0.154545454545,3.17727272727,3.09090909091,1.7,2.125,1.30034960334,0.420701342257,0.208556149733,0.820199532265,0.530717344407,0.267379679144,1.57249078621,1.01749403814,0.513368983957,1.2536673475,0.394573414091,4.4,3.17727272727,1.2536673475,4.4,0.213333333333,0.153846153846,2,0.0121212121212,0.205555555556,11,11,11,1,0,0.0909090909091,0.636363636364,0.272727272727,-3,-0.0272727272727,0.133884297521,-0.545454545455,-0.3,-0.375,-0.389190409368,-0.0439221612377,-0.0368983957219,-0.347548883978,-0.111544284527,-0.0689839572193,-0.367518585835,-0.0495111164884,-0.0229946524064,0.196768572961,0.0472964236795,0.854545454545,0.133884297521,0.196768572961,0.854545454545,-0.285714285714,-0.246153846154,-6,-0.0363636363636,-0.05,0,0,0,17,0,3,90,0.85,1,0,0.15,1,0.85,0.918918918919,0.906962317388,0.85,0.85,4,7,0,0,0,0
2963,WLNM_dir_neg,0.928571428571,0.609145021645,00:00:00,10,70,30,1177447079,threshold_sweep,0.2,1,0.571428571429,0.727272727273,4,0,3,14,0.571428571429,1,0,0.428571428571,1,0.571428571429,0.727272727273,0.857142857143,0.603174603175,0.64,0.68599434057,0.571428571429,20,13,7,0,20,0,13,0,7,11,20,0.181818181818,3.04338842975,3.63636363636,2,2.5,1.68954001271,0.464623503495,0.245454545455,1.16774841624,0.642261628933,0.336363636364,1.94000937205,1.06700515463,0.536363636364,1.05689877454,0.347276990411,3.54545454545,3.04338842975,1.05689877454,3.54545454545,0.499047619048,0.4,8,0.0484848484848,0.255555555556,11,11,11,1,0,0.0909090909091,0.636363636364,0.272727272727,11,0.118181818182,3.72727272727,2.36363636364,1.3,1.625,1.43336856898,0.6064251638,0.286713286713,0.603022689156,0.510249967747,0.237762237762,1.40129809949,1.18571377649,0.503496503497,2.05382127221,0.551025219373,7,3.72727272727,2.05382127221,7,0,0,0,0,0.22962962963,11,11,11,1,0,0.0909090909091,0.636363636364,0.272727272727,11,17,0.154545454545,3.17727272727,3.09090909091,1.7,2.125,1.30034960334,0.420701342257,0.208556149733,0.820199532265,0.530717344407,0.267379679144,1.57249078621,1.01749403814,0.513368983957,1.2536673475,0.394573414091,4.4,3.17727272727,1.2536673475,4.4,0.213333333333,0.153846153846,2,0.0121212121212,0.205555555556,11,11,11,1,0,0.0909090909091,0.636363636364,0.272727272727,-3,-0.0272727272727,0.133884297521,-0.545454545455,-0.3,-0.375,-0.389190409368,-0.0439221612377,-0.0368983957219,-0.347548883978,-0.111544284527,-0.0689839572193,-0.367518585835,-0.0495111164884,-0.0229946524064,0.196768572961,0.0472964236795,0.854545454545,0.133884297521,0.196768572961,0.854545454545,-0.285714285714,-0.246153846154,-6,-0.0363636363636,-0.05,0,0,0,17,0,3,90,0.85,1,0,0.15,1,0.85,0.918918918919,0.906962317388,0.85,0.85,4,7,0,0,0,0
2964,WLNM_dir_neg,0.928571428571,0.609145021645,00:00:00,10,70,30,1177447079,threshold_sweep,0.3,1,0.571428571429,0.727272727273,4,0,3,14,0.571428571429,1,0,0.428571428571,1,0.571428571429,0.727272727273,0.857142857143,0.603174603175,0.64,0.68599434057,0.571428571429,20,13,7,0,20,0,13,0,7,11,20,0.181818181818,3.04338842975,3.63636363636,2,2.5,1.68954001271,0.464623503495,0.245454545455,1.16774841624,0.642261628933,0.336363636364,1.94000937205,1.06700515463,0.536363636364,1.05689877454,0.347276990411,3.54545454545,3.04338842975,1.05689877454,3.54545454545,0.499047619048,0.4,8,0.0484848484848,0.255555555556,11,11,11,1,0,0.0909090909091,0.636363636364,0.272727272727,11,0.118181818182,3.72727272727,2.36363636364,1.3,1.625,1.43336856898,0.6064251638,0.286713286713,0.603022689156,0.510249967747,0.237762237762,1.40129809949,1.18571377649,0.503496503497,2.05382127221,0.551025219373,7,3.72727272727,2.05382127221,7,0,0,0,0,0.22962962963,11,11,11,1,0,0.0909090909091,0.636363636364,0.272727272727,11,17,0.154545454545,3.17727272727,3.09090909091,1.7,2.125,1.30034960334,0.420701342257,0.208556149733,0.820199532265,0.530717344407,0.267379679144,1.57249078621,1.01749403814,0.513368983957,1.2536673475,0.394573414091,4.4,3.17727272727,1.2536673475,4.4,0.213333333333,0.153846153846,2,0.0121212121212,0.205555555556,11,11,11,1,0,0.0909090909091,0.636363636364,0.272727272727,-3,-0.0272727272727,0.133884297521,-0.545454545455,-0.3,-0.375,-0.389190409368,-0.0439221612377,-0.0368983957219,-0.347548883978,-0.111544284527,-0.0689839572193,-0.367518585835,-0.0495111164884,-0.0229946524064,0.196768572961,0.0472964236795,0.854545454545,0.133884297521,0.196768572961,0.854545454545,-0.285714285714,-0.246153846154,-6,-0.0363636363636,-0.05,0,0,0,17,0,3,90,0.85,1,0,0.15,1,0.85,0.918918918919,0.906962317388,0.85,0.85,4,7,0,0,0,0
2965,WLNM_dir_neg,0.928571428571,0.609145021645,00:00:00,10,70,30,1177447079,threshold_sweep,0.4,1,0.571428571429,0.727272727273,4,0,3,14,0.571428571429,1,0,0.428571428571,1,0.571428571429,0.727272727273,0.857142857143,0.603174603175,0.64,0.68599434057,0.571428571429,20,13,7,0,20,0,13,0,7,11,20,0.181818181818,3.04338842975,3.63636363636,2,2.5,1.68954001271,0.464623503495,0.245454545455,1.16774841624,0.642261628933,0.336363636364,1.94000937205,1.06700515463,0.536363636364,1.05689877454,0.347276990411,3.54545454545,3.04338842975,1.05689877454,3.54545454545,0.499047619048,0.4,8,0.0484848484848,0.255555555556,11,11,11,1,0,0.0909090909091,0.636363636364,0.272727272727,11,0.118181818182,3.72727272727,2.36363636364,1.3,1.625,1.43336856898,0.6064251638,0.286713286713,0.603022689156,0.510249967747,0.237762237762,1.40129809949,1.18571377649,0.503496503497,2.05382127221,0.551025219373,7,3.72727272727,2.05382127221,7,0,0,0,0,0.22962962963,11,11,11,1,0,0.0909090909091,0.636363636364,0.272727272727,11,17,0.154545454545,3.17727272727,3.09090909091,1.7,2.125,1.30034960334,0.420701342257,0.208556149733,0.820199532265,0.530717344407,0.267379679144,1.57249078621,1.01749403814,0.513368983957,1.2536673475,0.394573414091,4.4,3.17727272727,1.2536673475,4.4,0.213333333333,0.153846153846,2,0.0121212121212,0.205555555556,11,11,11,1,0,0.0909090909091,0.636363636364,0.272727272727,-3,-0.0272727272727,0.133884297521,-0.545454545455,-0.3,-0.375,-0.389190409368,-0.0439221612377,-0.0368983957219,-0.347548883978,-0.111544284527,-0.0689839572193,-0.367518585835,-0.0495111164884,-0.0229946524064,0.196768572961,0.0472964236795,0.854545454545,0.133884297521,0.196768572961,0.854545454545,-0.285714285714,-0.246153846154,-6,-0.0363636363636,-0.05,0,0,0,17,0,3,90,0.85,1,0,0.15,1,0.85,0.918918918919,0.906962317388,0.85,0.85,4,7,0,0,0,0
2966,WLNM_dir_neg,0.928571428571,0.609145021645,00:00:00,10,70,30,1177447079,threshold_sweep,0.5,1,0.571428571429,0.727272727273,4,0,3,14,0.571428571429,1,0,0.428571428571,1,0.571428571429,0.727272727273,0.857142857143,0.603174603175,0.64,0.68599434057,0.571428571429,20,13,7,0,20,0,13,0,7,11,20,0.181818181818,3.04338842975,3.63636363636,2,2.5,1.68954001271,0.464623503495,0.245454545455,1.16774841624,0.642261628933,0.336363636364,1.94000937205,1.06700515463,0.536363636364,1.05689877454,0.347276990411,3.54545454545,3.04338842975,1.05689877454,3.54545454545,0.499047619048,0.4,8,0.0484848484848,0.255555555556,11,11,11,1,0,0.0909090909091,0.636363636364,0.272727272727,11,0.118181818182,3.72727272727,2.36363636364,1.3,1.625,1.43336856898,0.6064251638,0.286713286713,0.603022689156,0.510249967747,0.237762237762,1.40129809949,1.18571377649,0.503496503497,2.05382127221,0.551025219373,7,3.72727272727,2.05382127221,7,0,0,0,0,0.22962962963,11,11,11,1,0,0.0909090909091,0.636363636364,0.272727272727,11,17,0.154545454545,3.17727272727,3.09090909091,1.7,2.125,1.30034960334,0.420701342257,0.208556149733,0.820199532265,0.530717344407,0.267379679144,1.57249078621,1.01749403814,0.513368983957,1.2536673475,0.394573414091,4.4,3.17727272727,1.2536673475,4.4,0.213333333333,0.153846153846,2,0.0121212121212,0.205555555556,11,11,11,1,0,0.0909090909091,0.636363636364,0.272727272727,-3,-0.0272727272727,0.133884297521,-0.545454545455,-0.3,-0.375,-0.389190409368,-0.0439221612377,-0.0368983957219,-0.347548883978,-0.111544284527,-0.0689839572193,-0.367518585835,-0.0495111164884,-0.0229946524064,0.196768572961,0.0472964236795,0.854545454545,0.133884297521,0.196768572961,0.854545454545,-0.285714285714,-0.246153846154,-6,-0.0363636363636,-0.05,0,0,0,17,0,3,90,0.85,1,0,0.15,1,0.85,0.918918918919,0.906962317388,0.85,0.85,4,7,0,0,0,0
2967,WLNM_dir_neg,0.928571428571,0.609145021645,00:00:00,10,70,30,1177447079,threshold_sweep,0.6,1,0.571428571429,0.727272727273,4,0,3,14,0.571428571429,1,0,0.428571428571,1,0.571428571429,0.727272727273,0.857142857143,0.603174603175,0.64,0.68599434057,0.571428571429,20,13,7,0,20,0,13,0,7,11,20,0.181818181818,3.04338842975,3.63636363636,2,2.5,1.68954001271,0.464623503495,0.245454545455,1.16774841624,0.642261628933,0.336363636364,1.94000937205,1.06700515463,0.536363636364,1.05689877454,0.347276990411,3.54545454545,3.04338842975,1.05689877454,3.54545454545,0.499047619048,0.4,8,0.0484848484848,0.255555555556,11,11,11,1,0,0.0909090909091,0.636363636364,0.272727272727,11,0.118181818182,3.72727272727,2.36363636364,1.3,1.625,1.43336856898,0.6064251638,0.286713286713,0.603022689156,0.510249967747,0.237762237762,1.40129809949,1.18571377649,0.503496503497,2.05382127221,0.551025219373,7,3.72727272727,2.05382127221,7,0,0,0,0,0.22962962963,11,11,11,1,0,0.0909090909091,0.636363636364,0.272727272727,11,17,0.154545454545,3.17727272727,3.09090909091,1.7,2.125,1.30034960334,0.420701342257,0.208556149733,0.820199532265,0.530717344407,0.267379679144,1.57249078621,1.01749403814,0.513368983957,1.2536673475,0.394573414091,4.4,3.17727272727,1.2536673475,4.4,0.213333333333,0.153846153846,2,0.0121212121212,0.205555555556,11,11,11,1,0,0.0909090909091,0.636363636364,0.272727272727,-3,-0.0272727272727,0.133884297521,-0.545454545455,-0.3,-0.375,-0.389190409368,-0.0439221612377,-0.0368983957219,-0.347548883978,-0.111544284527,-0.0689839572193,-0.367518585835,-0.0495111164884,-0.0229946524064,0.196768572961,0.0472964236795,0.854545454545,0.133884297521,0.196768572961,0.854545454545,-0.285714285714,-0.246153846154,-6,-0.0363636363636,-0.05,0,0,0,17,0,3,90,0.85,1,0,0.15,1,0.85,0.918918918919,0.906962317388,0.85,0.85,4,7,0,0,0,0
2968,WLNM_dir_neg,0.928571428571,0.609145021645,00:00:00,10,70,30,1177447079,threshold_sweep,0.7,1,0.571428571429,0.727272727273,4,0,3,14,0.571428571429,1,0,0.428571428571,1,0.571428571429,0.727272727273,0.857142857143,0.603174603175,0.64,0.68599434057,0.571428571429,20,13,7,0,20,0,13,0,7,11,20,0.181818181818,3.04338842975,3.63636363636,2,2.5,1.68954001271,0.464623503495,0.245454545455,1.16774841624,0.642261628933,0.336363636364,1.94000937205,1.06700515463,0.536363636364,1.05689877454,0.347276990411,3.54545454545,3.04338842975,1.05689877454,3.54545454545,0.499047619048,0.4,8,0.0484848484848,0.255555555556,11,11,11,1,0,0.0909090909091,0.636363636364,0.272727272727,11,0.118181818182,3.72727272727,2.36363636364,1.3,1.625,1.43336856898,0.6064251638,0.286713286713,0.603022689156,0.510249967747,0.237762237762,1.40129809949,1.18571377649,0.503496503497,2.05382127221,0.551025219373,7,3.72727272727,2.05382127221,7,0,0,0,0,0.22962962963,11,11,11,1,0,0.0909090909091,0.636363636364,0.272727272727,11,17,0.154545454545,3.17727272727,3.09090909091,1.7,2.125,1.30034960334,0.420701342257,0.208556149733,0.820199532265,0.530717344407,0.267379679144,1.57249078621,1.01749403814,0.513368983957,1.2536673475,0.394573414091,4.4,3.17727272727,1.2536673475,4.4,0.213333333333,0.153846153846,2,0.0121212121212,0.205555555556,11,11,11,1,0,0.0909090909091,0.636363636364,0.272727272727,-3,-0.0272727272727,0.133884297521,-0.545454545455,-0.3,-0.375,-0.389190409368,-0.0439221612377,-0.0368983957219,-0.347548883978,-0.111544284527,-0.0689839572193,-0.367518585835,-0.0495111164884,-0.0229946524064,0.196768572961,0.0472964236795,0.854545454545,0.133884297521,0.196768572961,0.854545454545,-0.285714285714,-0.246153846154,-6,-0.0363636363636,-0.05,0,0,0,17,0,3,90,0.85,1,0,0.15,1,0.85,0.918918918919,0.906962317388,0.85,0.85,4,7,0,0,0,0
2969,WLNM_dir_neg,0.928571428571,0.609145021645,00:00:00,10,70,30,1177447079,threshold_sweep,0.8,1,0.428571428571,0.6,3,0,4,14,0.428571428571,1,0,0.571428571429,1,0.428571428571,0.6,0.809523809524,0.619047619048,0.5,0.57735026919,0.428571428571,20,13,7,0,20,0,13,0,7,11,20,0.181818181818,3.04338842975,3.63636363636,2,2.5,1.68954001271,0.464623503495,0.245454545455,1.16774841624,0.642261628933,0.336363636364,1.94000937205,1.06700515463,0.536363636364,1.05689877454,0.347276990411,3.54545454545,3.04338842975,1.05689877454,3.54545454545,0.499047619048,0.4,8,0.0484848484848,0.255555555556,11,11,11,1,0,0.0909090909091,0.636363636364,0.272727272727,11,0.118181818182,3.72727272727,2.36363636364,1.3,1.625,1.43336856898,0.6064251638,0.286713286713,0.603022689156,0.510249967747,0.237762237762,1.40129809949,1.18571377649,0.503496503497,2.05382127221,0.551025219373,7,3.72727272727,2.05382127221,7,0,0,0,0,0.22962962963,11,11,11,1,0,0.0909090909091,0.636363636364,0.272727272727,11,16,0.145454545455,3.25,2.90909090909,1.6,2,1.22102788294,0.41972833476,0.181818181818,0.687551650952,0.47269176003,0.227272727273,1.50755672289,1.03644524699,0.511363636364,1.3758835545,0.423348786001,4.66666666667,3.25,1.3758835545,4.66666666667,0.213333333333,0.176470588235,2,0.0121212121212,0.192592592593,11,11,11,1,0,0.0909090909091,0.636363636364,0.272727272727,-4,-0.0363636363636,0.206611570248,-0.727272727273,-0.4,-0.5,-0.468512129772,-0.0448951687355,-0.0636363636364,-0.48019676529,-0.169569868904,-0.109090909091,-0.43245264916,-0.0305599076407,-0.025,0.318984779967,0.07607179559,1.12121212121,0.206611570248,0.318984779967,1.12121212121,-0.285714285714,-0.223529411765,-6,-0.0363636363636,-0.062962962963,0,0,0,16,0,4,90,0.8,1,0,0.2,1,0.8,0.888888888889,0.875189948987,0.8,0.8,3,7,0,0,0,0
2970,WLNM_dir_neg,0.928571428571,0.609145021645,00:00:00,10,70,30,1177447079,threshold_sweep,0.9,1,0.428571428571,0.6,3,0,4,14,0.428571428571,1,0,0.571428571429,1,0.428571428571,0.6,0.809523809524,0.619047619048,0.5,0.57735026919,0.428571428571,20,13,7,0,20,0,13,0,7,11,20,0.181818181818,3.04338842975,3.63636363636,2,2.5,1.68954001271,0.464623503495,0.245454545455,1.16774841624,0.642261628933,0.336363636364,1.94000937205,1.06700515463,0.536363636364,1.05689877454,0.347276990411,3.54545454545,3.04338842975,1.05689877454,3.54545454545,0.499047619048,0.4,8,0.0484848484848,0.255555555556,11,11,11,1,0,0.0909090909091,0.636363636364,0.272727272727,11,0.118181818182,3.72727272727,2.36363636364,1.3,1.625,1.43336856898,0.6064251638,0.286713286713,0.603022689156,0.510249967747,0.237762237762,1.40129809949,1.18571377649,0.503496503497,2.05382127221,0.551025219373,7,3.72727272727,2.05382127221,7,0,0,0,0,0.22962962963,11,11,11,1,0,0.0909090909091,0.636363636364,0.272727272727,11,16,0.145454545455,3.25,2.90909090909,1.6,2,1.22102788294,0.41972833476,0.181818181818,0.687551650952,0.47269176003,0.227272727273,1.50755672289,1.03644524699,0.511363636364,1.3758835545,0.423348786001,4.66666666667,3.25,1.3758835545,4.66666666667,0.213333333333,0.176470588235,2,0.0121212121212,0.192592592593,11,11,11,1,0,0.0909090909091,0.636363636364,0.272727272727,-4,-0.0363636363636,0.206611570248,-0.727272727273,-0.4,-0.5,-0.468512129772,-0.0448951687355,-0.0636363636364,-0.48019676529,-0.169569868904,-0.109090909091,-0.43245264916,-0.0305599076407,-0.025,0.318984779967,0.07607179559,1.12121212121,0.206611570248,0.318984779967,1.12121212121,-0.285714285714,-0.223529411765,-6,-0.0363636363636,-0.062962962963,0,0,0,16,0,4,90,0.8,1,0,0.2,1,0.8,0.888888888889,0.875189948987,0.8,0.8,3,7,0,0,0,0
2971,WLNM_dir_neg,0.867346938776,0.710049474335,00:00:00,10,70,31,1177447080,threshold_sweep,0.1,1,0.714285714286,0.833333333333,5,0,2,14,0.714285714286,1,0,0.285714285714,1,0.714285714286,0.833333333333,0.904761904762,0.587301587302,0.769230769231,0.790569415042,0.714285714286,20,13,7,0,20,0,13,0,7,11,20,0.181818181818,3.04338842975,3.63636363636,2,2.5,1.68954001271,0.464623503495,0.245454545455,1.16774841624,0.642261628933,0.336363636364,1.94000937205,1.06700515463,0.536363636364,1.05689877454,0.347276990411,3.54545454545,3.04338842975,1.05689877454,3.54545454545,0.499047619048,0.4,8,0.0484848484848,0.255555555556,11,11,11,1,0,0.0909090909091,0.636363636364,0.272727272727,11,0.118181818182,3.72727272727,2.36363636364,1.3,1.625,1.43336856898,0.6064251638,0.286713286713,0.603022689156,0.510249967747,0.237762237762,1.40129809949,1.18571377649,0.503496503497,2.05382127221,0.551025219373,7,3.72727272727,2.05382127221,7,0,0,0,0,0.22962962963,11,11,11,1,0,0.0909090909091,0.636363636364,0.272727272727,11,18,0.163636363636,3.11363636364,3.27272727273,1.8,2.25,1.42062726223,0.434080552347,0.227272727273,0.924416277737,0.564921058617,0.292929292929,1.68954001271,1.03249667443,0.525252525253,1.14353419474,0.367266456706,3.875,3.11363636364,1.14353419474,3.875,0.366666666667,0.266666666667,4,0.0242424242424,0.221111111111,11,11,11,1,0,0.0909090909091,0.636363636364,0.272727272727,-2,-0.0181818181818,0.0702479338843,-0.363636363636,-0.2,-0.25,-0.268912750482,-0.030542951148,-0.0181818181818,-0.243332138505,-0.0773405703161,-0.0434343434343,-0.250469359339,-0.0345084801933,-0.0111111111111,0.0866354202056,0.0199894662943,0.329545454545,0.0702479338843,0.0866354202056,0.329545454545,-0.132380952381,-0.133333333333,-4,-0.0242424242424,-0.0344444444444,0,0,0,18,0,2,90,0.9,1,0,0.1,1,0.9,0.947368421053,0.938314863257,0.9,0.9,5,7,0,0,0,0
2972,WLNM_dir_neg,0.867346938776,0.710049474335,00:00:00,10,70,31,1177447080,threshold_sweep,0.2,1,0.714285714286,0.833333333333,5,0,2,14,0.714285714286,1,0,0.285714285714,1,0.714285714286,0.833333333333,0.904761904762,0.587301587302,0.769230769231,0.790569415042,0.714285714286,20,13,7,0,20,0,13,0,7,11,20,0.181818181818,3.04338842975,3.63636363636,2,2.5,1.68954001271,0.464623503495,0.245454545455,1.16774841624,0.642261628933,0.336363636364,1.94000937205,1.06700515463,0.536363636364,1.05689877454,0.347276990411,3.54545454545,3.04338842975,1.05689877454,3.54545454545,0.499047619048,0.4,8,0.0484848484848,0.255555555556,11,11,11,1,0,0.0909090909091,0.636363636364,0.272727272727,11,0.118181818182,3.72727272727,2.36363636364,1.3,1.625,1.43336856898,0.6064251638,0.286713286713,0.603022689156,0.510249967747,0.237762237762,1.40129809949,1.18571377649,0.503496503497,2.05382127221,0.551025219373,7,3.72727272727,2.05382127221,7,0,0,0,0,0.22962962963,11,11,11,1,0,0.0909090909091,0.636363636364,0.272727272727,11,18,0.163636363636,3.11363636364,3.27272727273,1.8,2.25,1.42062726223,0.434080552347,0.227272727273,0.924416277737,0.564921058617,0.292929292929,1.68954001271,1.03249667443,0.525252525253,1.14353419474,0.367266456706,3.875,3.11363636364,1.14353419474,3.875,0.366666666667,0.266666666667,4,0.0242424242424,0.221111111111,11,11,11,1,0,0.0909090909091,0.636363636364,0.272727272727,-2,-0.0181818181818,0.0702479338843,-0.363636363636,-0.2,-0.25,-0.268912750482,-0.030542951148,-0.0181818181818,-0.243332138505,-0.0773405703161,-0.0434343434343,-0.250469359339,-0.0345084801933,-0.0111111111111,0.0866354202056,0.0199894662943,0.329545454545,0.0702479338843,0.0866354202056,0.329545454545,-0.132380952381,-0.133333333333,-4,-0.0242424242424,-0.0344444444444,0,0,0,18,0,2,90,0.9,1,0,0.1,1,0.9,0.947368421053,0.938314863257,0.9,0.9,5,7,0,0,0,0
2973,WLNM_dir_neg,0.867346938776,0.710049474335,00:00:00,10,70,31,1177447080,threshold_sweep,0.3,1,0.714285714286,0.833333333333,5,0,2,14,0.714285714286,1,0,0.285714285714,1,0.714285714286,0.833333333333,0.904761904762,0.587301587302,0.769230769231,0.790569415042,0.714285714286,20,13,7,0,20,0,13,0,7,11,20,0.181818181818,3.04338842975,3.63636363636,2,2.5,1.68954001271,0.464623503495,0.245454545455,1.16774841624,0.642261628933,0.336363636364,1.94000937205,1.06700515463,0.536363636364,1.05689877454,0.347276990411,3.54545454545,3.04338842975,1.05689877454,3.54545454545,0.499047619048,0.4,8,0.0484848484848,0.255555555556,11,11,11,1,0,0.0909090909091,0.636363636364,0.272727272727,11,0.118181818182,3.72727272727,2.36363636364,1.3,1.625,1.43336856898,0.6064251638,0.286713286713,0.603022689156,0.510249967747,0.237762237762,1.40129809949,1.18571377649,0.503496503497,2.05382127221,0.551025219373,7,3.72727272727,2.05382127221,7,0,0,0,0,0.22962962963,11,11,11,1,0,0.0909090909091,0.636363636364,0.272727272727,11,18,0.163636363636,3.11363636364,3.27272727273,1.8,2.25,1.42062726223,0.434080552347,0.227272727273,0.924416277737,0.564921058617,0.292929292929,1.68954001271,1.03249667443,0.525252525253,1.14353419474,0.367266456706,3.875,3.11363636364,1.14353419474,3.875,0.366666666667,0.266666666667,4,0.0242424242424,0.221111111111,11,11,11,1,0,0.0909090909091,0.636363636364,0.272727272727,-2,-0.0181818181818,0.0702479338843,-0.363636363636,-0.2,-0.25,-0.268912750482,-0.030542951148,-0.0181818181818,-0.243332138505,-0.0773405703161,-0.0434343434343,-0.250469359339,-0.0345084801933,-0.0111111111111,0.0866354202056,0.0199894662943,0.329545454545,0.0702479338843,0.0866354202056,0.329545454545,-0.132380952381,-0.133333333333,-4,-0.0242424242424,-0.0344444444444,0,0,0,18,0,2,90,0.9,1,0,0.1,1,0.9,0.947368421053,0.938314863257,0.9,0.9,5,7,0,0,0,0
2974,WLNM_dir_neg,0.867346938776,0.710049474335,00:00:00,10,70,31,1177447080,threshold_sweep,0.4,1,0.714285714286,0.833333333333,5,0,2,14,0.714285714286,1,0,0.285714285714,1,0.714285714286,0.833333333333,0.904761904762,0.587301587302,0.769230769231,0.790569415042,0.714285714286,20,13,7,0,20,0,13,0,7,11,20,0.181818181818,3.04338842975,3.63636363636,2,2.5,1.68954001271,0.464623503495,0.245454545455,1.16774841624,0.642261628933,0.336363636364,1.94000937205,1.06700515463,0.536363636364,1.05689877454,0.347276990411,3.54545454545,3.04338842975,1.05689877454,3.54545454545,0.499047619048,0.4,8,0.0484848484848,0.255555555556,11,11,11,1,0,0.0909090909091,0.636363636364,0.272727272727,11,0.118181818182,3.72727272727,2.36363636364,1.3,1.625,1.43336856898,0.6064251638,0.286713286713,0.603022689156,0.510249967747,0.237762237762,1.40129809949,1.18571377649,0.503496503497,2.05382127221,0.551025219373,7,3.72727272727,2.05382127221,7,0,0,0,0,0.22962962963,11,11,11,1,0,0.0909090909091,0.636363636364,0.272727272727,11,18,0.163636363636,3.11363636364,3.27272727273,1.8,2.25,1.42062726223,0.434080552347,0.227272727273,0.924416277737,0.564921058617,0.292929292929,1.68954001271,1.03249667443,0.525252525253,1.14353419474,0.367266456706,3.875,3.11363636364,1.14353419474,3.875,0.366666666667,0.266666666667,4,0.0242424242424,0.221111111111,11,11,11,1,0,0.0909090909091,0.636363636364,0.272727272727,-2,-0.0181818181818,0.0702479338843,-0.363636363636,-0.2,-0.25,-0.268912750482,-0.030542951148,-0.0181818181818,-0.243332138505,-0.0773405703161,-0.0434343434343,-0.250469359339,-0.0345084801933,-0.0111111111111,0.0866354202056,0.0199894662943,0.329545454545,0.0702479338843,0.0866354202056,0.329545454545,-0.132380952381,-0.133333333333,-4,-0.0242424242424,-0.0344444444444,0,0,0,18,0,2,90,0.9,1,0,0.1,1,0.9,0.947368421053,0.938314863257,0.9,0.9,5,7,0,0,0,0
2975,WLNM_dir_neg,0.867346938776,0.710049474335,00:00:00,10,70,31,1177447080,threshold_sweep,0.5,1,0.714285714286,0.833333333333,5,0,2,14,0.714285714286,1,0,0.285714285714,1,0.714285714286,0.833333333333,0.904761904762,0.587301587302,0.769230769231,0.790569415042,0.714285714286,20,13,7,0,20,0,13,0,7,11,20,0.181818181818,3.04338842975,3.63636363636,2,2.5,1.68954001271,0.464623503495,0.245454545455,1.16774841624,0.642261628933,0.336363636364,1.94000937205,1.06700515463,0.536363636364,1.05689877454,0.347276990411,3.54545454545,3.04338842975,1.05689877454,3.54545454545,0.499047619048,0.4,8,0.0484848484848,0.255555555556,11,11,11,1,0,0.0909090909091,0.636363636364,0.272727272727,11,0.118181818182,3.72727272727,2.36363636364,1.3,1.625,1.43336856898,0.6064251638,0.286713286713,0.603022689156,0.510249967747,0.237762237762,1.40129809949,1.18571377649,0.503496503497,2.05382127221,0.551025219373,7,3.72727272727,2.05382127221,7,0,0,0,0,0.22962962963,11,11,11,1,0,0.0909090909091,0.636363636364,0.272727272727,11,18,0.163636363636,3.11363636364,3.27272727273,1.8,2.25,1.42062726223,0.434080552347,0.227272727273,0.924416277737,0.564921058617,0.292929292929,1.68954001271,1.03249667443,0.525252525253,1.14353419474,0.367266456706,3.875,3.11363636364,1.14353419474,3.875,0.366666666667,0.266666666667,4,0.0242424242424,0.221111111111,11,11,11,1,0,0.0909090909091,0.636363636364,0.272727272727,-2,-0.0181818181818,0.0702479338843,-0.363636363636,-0.2,-0.25,-0.268912750482,-0.030542951148,-0.0181818181818,-0.243332138505,-0.0773405703161,-0.0434343434343,-0.250469359339,-0.0345084801933,-0.0111111111111,0.0866354202056,0.0199894662943,0.329545454545,0.0702479338843,0.0866354202056,0.329545454545,-0.132380952381,-0.133333333333,-4,-0.0242424242424,-0.0344444444444,0,0,0,18,0,2,90,0.9,1,0,0.1,1,0.9,0.947368421053,0.938314863257,0.9,0.9,5,7,0,0,0,0
2976,WLNM_dir_neg,0.867346938776,0.710049474335,00:00:00,10,70,31,1177447080,threshold_sweep,0.6,1,0.714285714286,0.833333333333,5,0,2,14,0.714285714286,1,0,0.285714285714,1,0.714285714286,0.833333333333,0.904761904762,0.587301587302,0.769230769231,0.790569415042,0.714285714286,20,13,7,0,20,0,13,0,7,11,20,0.181818181818,3.04338842975,3.63636363636,2,2.5,1.68954001271,0.464623503495,0.245454545455,1.16774841624,0.642261628933,0.336363636364,1.94000937205,1.06700515463,0.536363636364,1.05689877454,0.347276990411,3.54545454545,3.04338842975,1.05689877454,3.54545454545,0.499047619048,0.4,8,0.0484848484848,0.255555555556,11,11,11,1,0,0.0909090909091,0.636363636364,0.272727272727,11,0.118181818182,3.72727272727,2.36363636364,1.3,1.625,1.43336856898,0.6064251638,0.286713286713,0.603022689156,0.510249967747,0.237762237762,1.40129809949,1.18571377649,0.503496503497,2.05382127221,0.551025219373,7,3.72727272727,2.05382127221,7,0,0,0,0,0.22962962963,11,11,11,1,0,0.0909090909091,0.636363636364,0.272727272727,11,18,0.163636363636,3.11363636364,3.27272727273,1.8,2.25,1.42062726223,0.434080552347,0.227272727273,0.924416277737,0.564921058617,0.292929292929,1.68954001271,1.03249667443,0.525252525253,1.14353419474,0.367266456706,3.875,3.11363636364,1.14353419474,3.875,0.366666666667,0.266666666667,4,0.0242424242424,0.221111111111,11,11,11,1,0,0.0909090909091,0.636363636364,0.272727272727,-2,-0.0181818181818,0.0702479338843,-0.363636363636,-0.2,-0.25,-0.268912750482,-0.030542951148,-0.0181818181818,-0.243332138505,-0.0773405703161,-0.0434343434343,-0.250469359339,-0.0345084801933,-0.0111111111111,0.0866354202056,0.0199894662943,0.329545454545,0.0702479338843,0.0866354202056,0.329545454545,-0.132380952381,-0.133333333333,-4,-0.0242424242424,-0.0344444444444,0,0,0,18,0,2,90,0.9,1,0,0.1,1,0.9,0.947368421053,0.938314863257,0.9,0.9,5,7,0,0,0,0
2977,WLNM_dir_neg,0.867346938776,0.710049474335,00:00:00,10,70,31,1177447080,threshold_sweep,0.7,1,0.714285714286,0.833333333333,5,0,2,14,0.714285714286,1,0,0.285714285714,1,0.714285714286,0.833333333333,0.904761904762,0.587301587302,0.769230769231,0.790569415042,0.714285714286,20,13,7,0,20,0,13,0,7,11,20,0.181818181818,3.04338842975,3.63636363636,2,2.5,1.68954001271,0.464623503495,0.245454545455,1.16774841624,0.642261628933,0.336363636364,1.94000937205,1.06700515463,0.536363636364,1.05689877454,0.347276990411,3.54545454545,3.04338842975,1.05689877454,3.54545454545,0.499047619048,0.4,8,0.0484848484848,0.255555555556,11,11,11,1,0,0.0909090909091,0.636363636364,0.272727272727,11,0.118181818182,3.72727272727,2.36363636364,1.3,1.625,1.43336856898,0.6064251638,0.286713286713,0.603022689156,0.510249967747,0.237762237762,1.40129809949,1.18571377649,0.503496503497,2.05382127221,0.551025219373,7,3.72727272727,2.05382127221,7,0,0,0,0,0.22962962963,11,11,11,1,0,0.0909090909091,0.636363636364,0.272727272727,11,18,0.163636363636,3.11363636364,3.27272727273,1.8,2.25,1.42062726223,0.434080552347,0.227272727273,0.924416277737,0.564921058617,0.292929292929,1.68954001271,1.03249667443,0.525252525253,1.14353419474,0.367266456706,3.875,3.11363636364,1.14353419474,3.875,0.366666666667,0.266666666667,4,0.0242424242424,0.221111111111,11,11,11,1,0,0.0909090909091,0.636363636364,0.272727272727,-2,-0.0181818181818,0.0702479338843,-0.363636363636,-0.2,-0.25,-0.268912750482,-0.030542951148,-0.0181818181818,-0.243332138505,-0.0773405703161,-0.0434343434343,-0.250469359339,-0.0345084801933,-0.0111111111111,0.0866354202056,0.0199894662943,0.329545454545,0.0702479338843,0.0866354202056,0.329545454545,-0.132380952381,-0.133333333333,-4,-0.0242424242424,-0.0344444444444,0,0,0,18,0,2,90,0.9,1,0,0.1,1,0.9,0.947368421053,0.938314863257,0.9,0.9,5,7,0,0,0,0
2978,WLNM_dir_neg,0.867346938776,0.710049474335,00:00:00,10,70,31,1177447080,threshold_sweep,0.8,1,0.714285714286,0.833333333333,5,0,2,14,0.714285714286,1,0,0.285714285714,1,0.714285714286,0.833333333333,0.904761904762,0.587301587302,0.769230769231,0.790569415042,0.714285714286,20,13,7,0,20,0,13,0,7,11,20,0.181818181818,3.04338842975,3.63636363636,2,2.5,1.68954001271,0.464623503495,0.245454545455,1.16774841624,0.642261628933,0.336363636364,1.94000937205,1.06700515463,0.536363636364,1.05689877454,0.347276990411,3.54545454545,3.04338842975,1.05689877454,3.54545454545,0.499047619048,0.4,8,0.0484848484848,0.255555555556,11,11,11,1,0,0.0909090909091,0.636363636364,0.272727272727,11,0.118181818182,3.72727272727,2.36363636364,1.3,1.625,1.43336856898,0.6064251638,0.286713286713,0.603022689156,0.510249967747,0.237762237762,1.40129809949,1.18571377649,0.503496503497,2.05382127221,0.551025219373,7,3.72727272727,2.05382127221,7,0,0,0,0,0.22962962963,11,11,11,1,0,0.0909090909091,0.636363636364,0.272727272727,11,18,0.163636363636,3.11363636364,3.27272727273,1.8,2.25,1.42062726223,0.434080552347,0.227272727273,0.924416277737,0.564921058617,0.292929292929,1.68954001271,1.03249667443,0.525252525253,1.14353419474,0.367266456706,3.875,3.11363636364,1.14353419474,3.875,0.366666666667,0.266666666667,4,0.0242424242424,0.221111111111,11,11,11,1,0,0.0909090909091,0.636363636364,0.272727272727,-2,-0.0181818181818,0.0702479338843,-0.363636363636,-0.2,-0.25,-0.268912750482,-0.030542951148,-0.0181818181818,-0.243332138505,-0.0773405703161,-0.0434343434343,-0.250469359339,-0.0345084801933,-0.0111111111111,0.0866354202056,0.0199894662943,0.329545454545,0.0702479338843,0.0866354202056,0.329545454545,-0.132380952381,-0.133333333333,-4,-0.0242424242424,-0.0344444444444,0,0,0,18,0,2,90,0.9,1,0,0.1,1,0.9,0.947368421053,0.938314863257,0.9,0.9,5,7,0,0,0,0
2979,WLNM_dir_neg,0.867346938776,0.710049474335,00:00:00,10,70,31,1177447080,threshold_sweep,0.9,1,0.714285714286,0.833333333333,5,0,2,14,0.714285714286,1,0,0.285714285714,1,0.714285714286,0.833333333333,0.904761904762,0.587301587302,0.769230769231,0.790569415042,0.714285714286,20,13,7,0,20,0,13,0,7,11,20,0.181818181818,3.04338842975,3.63636363636,2,2.5,1.68954001271,0.464623503495,0.245454545455,1.16774841624,0.642261628933,0.336363636364,1.94000937205,1.06700515463,0.536363636364,1.05689877454,0.347276990411,3.54545454545,3.04338842975,1.05689877454,3.54545454545,0.499047619048,0.4,8,0.0484848484848,0.255555555556,11,11,11,1,0,0.0909090909091,0.636363636364,0.272727272727,11,0.118181818182,3.72727272727,2.36363636364,1.3,1.625,1.43336856898,0.6064251638,0.286713286713,0.603022689156,0.510249967747,0.237762237762,1.40129809949,1.18571377649,0.503496503497,2.05382127221,0.551025219373,7,3.72727272727,2.05382127221,7,0,0,0,0,0.22962962963,11,11,11,1,0,0.0909090909091,0.636363636364,0.272727272727,11,18,0.163636363636,3.11363636364,3.27272727273,1.8,2.25,1.42062726223,0.434080552347,0.227272727273,0.924416277737,0.564921058617,0.292929292929,1.68954001271,1.03249667443,0.525252525253,1.14353419474,0.367266456706,3.875,3.11363636364,1.14353419474,3.875,0.366666666667,0.266666666667,4,0.0242424242424,0.221111111111,11,11,11,1,0,0.0909090909091,0.636363636364,0.272727272727,-2,-0.0181818181818,0.0702479338843,-0.363636363636,-0.2,-0.25,-0.268912750482,-0.030542951148,-0.0181818181818,-0.243332138505,-0.0773405703161,-0.0434343434343,-0.250469359339,-0.0345084801933,-0.0111111111111,0.0866354202056,0.0199894662943,0.329545454545,0.0702479338843,0.0866354202056,0.329545454545,-0.132380952381,-0.133333333333,-4,-0.0242424242424,-0.0344444444444,0,0,0,18,0,2,90,0.9,1,0,0.1,1,0.9,0.947368421053,0.938314863257,0.9,0.9,5,7,0,0,0,0
2980,WLNM_dir_neg,0.867346938776,0.678431885575,00:00:00,10,70,32,1177447081,threshold_sweep,0.1,1,0.571428571429,0.727272727273,4,0,3,14,0.571428571429,1,0,0.428571428571,1,0.571428571429,0.727272727273,0.857142857143,0.603174603175,0.64,0.68599434057,0.571428571429,20,13,7,0,20,0,13,0,7,11,20,0.181818181818,3.04338842975,3.63636363636,2,2.5,1.68954001271,0.464623503495,0.245454545455,1.16774841624,0.642261628933,0.336363636364,1.94000937205,1.06700515463,0.536363636364,1.05689877454,0.347276990411,3.54545454545,3.04338842975,1.05689877454,3.54545454545,0.499047619048,0.4,8,0.0484848484848,0.255555555556,11,11,11,1,0,0.0909090909091,0.636363636364,0.272727272727,11,0.118181818182,3.72727272727,2.36363636364,1.3,1.625,1.43336856898,0.6064251638,0.286713286713,0.603022689156,0.510249967747,0.237762237762,1.40129809949,1.18571377649,0.503496503497,2.05382127221,0.551025219373,7,3.72727272727,2.05382127221,7,0,0,0,0,0.22962962963,11,11,11,1,0,0.0909090909091,0.636363636364,0.272727272727,11,17,0.154545454545,3.17727272727,3.09090909091,1.7,2.125,1.30034960334,0.420701342257,0.208556149733,0.820199532265,0.530717344407,0.267379679144,1.57249078621,1.01749403814,0.513368983957,1.2536673475,0.394573414091,4.4,3.17727272727,1.2536673475,4.4,0.213333333333,0.153846153846,2,0.0121212121212,0.205555555556,11,11,11,1,0,0.0909090909091,0.636363636364,0.272727272727,-3,-0.0272727272727,0.133884297521,-0.545454545455,-0.3,-0.375,-0.389190409368,-0.0439221612377,-0.0368983957219,-0.347548883978,-0.111544284527,-0.0689839572193,-0.367518585835,-0.0495111164884,-0.0229946524064,0.196768572961,0.0472964236795,0.854545454545,0.133884297521,0.196768572961,0.854545454545,-0.285714285714,-0.246153846154,-6,-0.0363636363636,-0.05,0,0,0,17,0,3,90,0.85,1,0,0.15,1,0.85,0.918918918919,0.906962317388,0.85,0.85,4,7,0,0,0,0
2981,WLNM_dir_neg,0.867346938776,0.678431885575,00:00:00,10,70,32,1177447081,threshold_sweep,0.2,1,0.571428571429,0.727272727273,4,0,3,14,0.571428571429,1,0,0.428571428571,1,0.571428571429,0.727272727273,0.857142857143,0.603174603175,0.64,0.68599434057,0.571428571429,20,13,7,0,20,0,13,0,7,11,20,0.181818181818,3.04338842975,3.63636363636,2,2.5,1.68954001271,0.464623503495,0.245454545455,1.16774841624,0.642261628933,0.336363636364,1.94000937205,1.06700515463,0.536363636364,1.05689877454,0.347276990411,3.54545454545,3.04338842975,1.05689877454,3.54545454545,0.499047619048,0.4,8,0.0484848484848,0.255555555556,11,11,11,1,0,0.0909090909091,0.636363636364,0.272727272727,11,0.118181818182,3.72727272727,2.36363636364,1.3,1.625,1.43336856898,0.6064251638,0.286713286713,0.603022689156,0.510249967747,0.237762237762,1.40129809949,1.18571377649,0.503496503497,2.05382127221,0.551025219373,7,3.72727272727,2.05382127221,7,0,0,0,0,0.22962962963,11,11,11,1,0,0.0909090909091,0.636363636364,0.272727272727,11,17,0.154545454545,3.17727272727,3.09090909091,1.7,2.125,1.30034960334,0.420701342257,0.208556149733,0.820199532265,0.530717344407,0.267379679144,1.57249078621,1.01749403814,0.513368983957,1.2536673475,0.394573414091,4.4,3.17727272727,1.2536673475,4.4,0.213333333333,0.153846153846,2,0.0121212121212,0.205555555556,11,11,11,1,0,0.0909090909091,0.636363636364,0.272727272727,-3,-0.0272727272727,0.133884297521,-0.545454545455,-0.3,-0.375,-0.389190409368,-0.0439221612377,-0.0368983957219,-0.347548883978,-0.111544284527,-0.0689839572193,-0.367518585835,-0.0495111164884,-0.0229946524064,0.196768572961,0.0472964236795,0.854545454545,0.133884297521,0.196768572961,0.854545454545,-0.285714285714,-0.246153846154,-6,-0.0363636363636,-0.05,0,0,0,17,0,3,90,0.85,1,0,0.15,1,0.85,0.918918918919,0.906962317388,0.85,0.85,4,7,0,0,0,0
2982,WLNM_dir_neg,0.867346938776,0.678431885575,00:00:00,10,70,32,1177447081,threshold_sweep,0.3,1,0.571428571429,0.727272727273,4,0,3,14,0.571428571429,1,0,0.428571428571,1,0.571428571429,0.727272727273,0.857142857143,0.603174603175,0.64,0.68599434057,0.571428571429,20,13,7,0,20,0,13,0,7,11,20,0.181818181818,3.04338842975,3.63636363636,2,2.5,1.68954001271,0.464623503495,0.245454545455,1.16774841624,0.642261628933,0.336363636364,1.94000937205,1.06700515463,0.536363636364,1.05689877454,0.347276990411,3.54545454545,3.04338842975,1.05689877454,3.54545454545,0.499047619048,0.4,8,0.0484848484848,0.255555555556,11,11,11,1,0,0.0909090909091,0.636363636364,0.272727272727,11,0.118181818182,3.72727272727,2.36363636364,1.3,1.625,1.43336856898,0.6064251638,0.286713286713,0.603022689156,0.510249967747,0.237762237762,1.40129809949,1.18571377649,0.503496503497,2.05382127221,0.551025219373,7,3.72727272727,2.05382127221,7,0,0,0,0,0.22962962963,11,11,11,1,0,0.0909090909091,0.636363636364,0.272727272727,11,17,0.154545454545,3.17727272727,3.09090909091,1.7,2.125,1.30034960334,0.420701342257,0.208556149733,0.820199532265,0.530717344407,0.267379679144,1.57249078621,1.01749403814,0.513368983957,1.2536673475,0.394573414091,4.4,3.17727272727,1.2536673475,4.4,0.213333333333,0.153846153846,2,0.0121212121212,0.205555555556,11,11,11,1,0,0.0909090909091,0.636363636364,0.272727272727,-3,-0.0272727272727,0.133884297521,-0.545454545455,-0.3,-0.375,-0.389190409368,-0.0439221612377,-0.0368983957219,-0.347548883978,-0.111544284527,-0.0689839572193,-0.367518585835,-0.0495111164884,-0.0229946524064,0.196768572961,0.0472964236795,0.854545454545,0.133884297521,0.196768572961,0.854545454545,-0.285714285714,-0.246153846154,-6,-0.0363636363636,-0.05,0,0,0,17,0,3,90,0.85,1,0,0.15,1,0.85,0.918918918919,0.906962317388,0.85,0.85,4,7,0,0,0,0
2983,WLNM_dir_neg,0.867346938776,0.678431885575,00:00:00,10,70,32,1177447081,threshold_sweep,0.4,1,0.571428571429,0.727272727273,4,0,3,14,0.571428571429,1,0,0.428571428571,1,0.571428571429,0.727272727273,0.857142857143,0.603174603175,0.64,0.68599434057,0.571428571429,20,13,7,0,20,0,13,0,7,11,20,0.181818181818,3.04338842975,3.63636363636,2,2.5,1.68954001271,0.464623503495,0.245454545455,1.16774841624,0.642261628933,0.336363636364,1.94000937205,1.06700515463,0.536363636364,1.05689877454,0.347276990411,3.54545454545,3.04338842975,1.05689877454,3.54545454545,0.499047619048,0.4,8,0.0484848484848,0.255555555556,11,11,11,1,0,0.0909090909091,0.636363636364,0.272727272727,11,0.118181818182,3.72727272727,2.36363636364,1.3,1.625,1.43336856898,0.6064251638,0.286713286713,0.603022689156,0.510249967747,0.237762237762,1.40129809949,1.18571377649,0.503496503497,2.05382127221,0.551025219373,7,3.72727272727,2.05382127221,7,0,0,0,0,0.22962962963,11,11,11,1,0,0.0909090909091,0.636363636364,0.272727272727,11,17,0.154545454545,3.17727272727,3.09090909091,1.7,2.125,1.30034960334,0.420701342257,0.208556149733,0.820199532265,0.530717344407,0.267379679144,1.57249078621,1.01749403814,0.513368983957,1.2536673475,0.394573414091,4.4,3.17727272727,1.2536673475,4.4,0.213333333333,0.153846153846,2,0.0121212121212,0.205555555556,11,11,11,1,0,0.0909090909091,0.636363636364,0.272727272727,-3,-0.0272727272727,0.133884297521,-0.545454545455,-0.3,-0.375,-0.389190409368,-0.0439221612377,-0.0368983957219,-0.347548883978,-0.111544284527,-0.0689839572193,-0.367518585835,-0.0495111164884,-0.0229946524064,0.196768572961,0.0472964236795,0.854545454545,0.133884297521,0.196768572961,0.854545454545,-0.285714285714,-0.246153846154,-6,-0.0363636363636,-0.05,0,0,0,17,0,3,90,0.85,1,0,0.15,1,0.85,0.918918918919,0.906962317388,0.85,0.85,4,7,0,0,0,0
2984,WLNM_dir_neg,0.867346938776,0.678431885575,00:00:00,10,70,32,1177447081,threshold_sweep,0.5,1,0.571428571429,0.727272727273,4,0,3,14,0.571428571429,1,0,0.428571428571,1,0.571428571429,0.727272727273,0.857142857143,0.603174603175,0.64,0.68599434057,0.571428571429,20,13,7,0,20,0,13,0,7,11,20,0.181818181818,3.04338842975,3.63636363636,2,2.5,1.68954001271,0.464623503495,0.245454545455,1.16774841624,0.642261628933,0.336363636364,1.94000937205,1.06700515463,0.536363636364,1.05689877454,0.347276990411,3.54545454545,3.04338842975,1.05689877454,3.54545454545,0.499047619048,0.4,8,0.0484848484848,0.255555555556,11,11,11,1,0,0.0909090909091,0.636363636364,0.272727272727,11,0.118181818182,3.72727272727,2.36363636364,1.3,1.625,1.43336856898,0.6064251638,0.286713286713,0.603022689156,0.510249967747,0.237762237762,1.40129809949,1.18571377649,0.503496503497,2.05382127221,0.551025219373,7,3.72727272727,2.05382127221,7,0,0,0,0,0.22962962963,11,11,11,1,0,0.0909090909091,0.636363636364,0.272727272727,11,17,0.154545454545,3.17727272727,3.09090909091,1.7,2.125,1.30034960334,0.420701342257,0.208556149733,0.820199532265,0.530717344407,0.267379679144,1.57249078621,1.01749403814,0.513368983957,1.2536673475,0.394573414091,4.4,3.17727272727,1.2536673475,4.4,0.213333333333,0.153846153846,2,0.0121212121212,0.205555555556,11,11,11,1,0,0.0909090909091,0.636363636364,0.272727272727,-3,-0.0272727272727,0.133884297521,-0.545454545455,-0.3,-0.375,-0.389190409368,-0.0439221612377,-0.0368983957219,-0.347548883978,-0.111544284527,-0.0689839572193,-0.367518585835,-0.0495111164884,-0.0229946524064,0.196768572961,0.0472964236795,0.854545454545,0.133884297521,0.196768572961,0.854545454545,-0.285714285714,-0.246153846154,-6,-0.0363636363636,-0.05,0,0,0,17,0,3,90,0.85,1,0,0.15,1,0.85,0.918918918919,0.906962317388,0.85,0.85,4,7,0,0,0,0
2985,WLNM_dir_neg,0.867346938776,0.678431885575,00:00:00,10,70,32,1177447081,threshold_sweep,0.6,1,0.571428571429,0.727272727273,4,0,3,14,0.571428571429,1,0,0.428571428571,1,0.571428571429,0.727272727273,0.857142857143,0.603174603175,0.64,0.68599434057,0.571428571429,20,13,7,0,20,0,13,0,7,11,20,0.181818181818,3.04338842975,3.63636363636,2,2.5,1.68954001271,0.464623503495,0.245454545455,1.16774841624,0.642261628933,0.336363636364,1.94000937205,1.06700515463,0.536363636364,1.05689877454,0.347276990411,3.54545454545,3.04338842975,1.05689877454,3.54545454545,0.499047619048,0.4,8,0.0484848484848,0.255555555556,11,11,11,1,0,0.0909090909091,0.636363636364,0.272727272727,11,0.118181818182,3.72727272727,2.36363636364,1.3,1.625,1.43336856898,0.6064251638,0.286713286713,0.603022689156,0.510249967747,0.237762237762,1.40129809949,1.18571377649,0.503496503497,2.05382127221,0.551025219373,7,3.72727272727,2.05382127221,7,0,0,0,0,0.22962962963,11,11,11,1,0,0.0909090909091,0.636363636364,0.272727272727,11,17,0.154545454545,3.17727272727,3.09090909091,1.7,2.125,1.30034960334,0.420701342257,0.208556149733,0.820199532265,0.530717344407,0.267379679144,1.57249078621,1.01749403814,0.513368983957,1.2536673475,0.394573414091,4.4,3.17727272727,1.2536673475,4.4,0.213333333333,0.153846153846,2,0.0121212121212,0.205555555556,11,11,11,1,0,0.0909090909091,0.636363636364,0.272727272727,-3,-0.0272727272727,0.133884297521,-0.545454545455,-0.3,-0.375,-0.389190409368,-0.0439221612377,-0.0368983957219,-0.347548883978,-0.111544284527,-0.0689839572193,-0.367518585835,-0.0495111164884,-0.0229946524064,0.196768572961,0.0472964236795,0.854545454545,0.133884297521,0.196768572961,0.854545454545,-0.285714285714,-0.246153846154,-6,-0.0363636363636,-0.05,0,0,0,17,0,3,90,0.85,1,0,0.15,1,0.85,0.918918918919,0.906962317388,0.85,0.85,4,7,0,0,0,0
2986,WLNM_dir_neg,0.867346938776,0.678431885575,00:00:00,10,70,32,1177447081,threshold_sweep,0.7,1,0.571428571429,0.727272727273,4,0,3,14,0.571428571429,1,0,0.428571428571,1,0.571428571429,0.727272727273,0.857142857143,0.603174603175,0.64,0.68599434057,0.571428571429,20,13,7,0,20,0,13,0,7,11,20,0.181818181818,3.04338842975,3.63636363636,2,2.5,1.68954001271,0.464623503495,0.245454545455,1.16774841624,0.642261628933,0.336363636364,1.94000937205,1.06700515463,0.536363636364,1.05689877454,0.347276990411,3.54545454545,3.04338842975,1.05689877454,3.54545454545,0.499047619048,0.4,8,0.0484848484848,0.255555555556,11,11,11,1,0,0.0909090909091,0.636363636364,0.272727272727,11,0.118181818182,3.72727272727,2.36363636364,1.3,1.625,1.43336856898,0.6064251638,0.286713286713,0.603022689156,0.510249967747,0.237762237762,1.40129809949,1.18571377649,0.503496503497,2.05382127221,0.551025219373,7,3.72727272727,2.05382127221,7,0,0,0,0,0.22962962963,11,11,11,1,0,0.0909090909091,0.636363636364,0.272727272727,11,17,0.154545454545,3.17727272727,3.09090909091,1.7,2.125,1.30034960334,0.420701342257,0.208556149733,0.820199532265,0.530717344407,0.267379679144,1.57249078621,1.01749403814,0.513368983957,1.2536673475,0.394573414091,4.4,3.17727272727,1.2536673475,4.4,0.213333333333,0.153846153846,2,0.0121212121212,0.205555555556,11,11,11,1,0,0.0909090909091,0.636363636364,0.272727272727,-3,-0.0272727272727,0.133884297521,-0.545454545455,-0.3,-0.375,-0.389190409368,-0.0439221612377,-0.0368983957219,-0.347548883978,-0.111544284527,-0.0689839572193,-0.367518585835,-0.0495111164884,-0.0229946524064,0.196768572961,0.0472964236795,0.854545454545,0.133884297521,0.196768572961,0.854545454545,-0.285714285714,-0.246153846154,-6,-0.0363636363636,-0.05,0,0,0,17,0,3,90,0.85,1,0,0.15,1,0.85,0.918918918919,0.906962317388,0.85,0.85,4,7,0,0,0,0
2987,WLNM_dir_neg,0.867346938776,0.678431885575,00:00:00,10,70,32,1177447081,threshold_sweep,0.8,1,0.571428571429,0.727272727273,4,0,3,14,0.571428571429,1,0,0.428571428571,1,0.571428571429,0.727272727273,0.857142857143,0.603174603175,0.64,0.68599434057,0.571428571429,20,13,7,0,20,0,13,0,7,11,20,0.181818181818,3.04338842975,3.63636363636,2,2.5,1.68954001271,0.464623503495,0.245454545455,1.16774841624,0.642261628933,0.336363636364,1.94000937205,1.06700515463,0.536363636364,1.05689877454,0.347276990411,3.54545454545,3.04338842975,1.05689877454,3.54545454545,0.499047619048,0.4,8,0.0484848484848,0.255555555556,11,11,11,1,0,0.0909090909091,0.636363636364,0.272727272727,11,0.118181818182,3.72727272727,2.36363636364,1.3,1.625,1.43336856898,0.6064251638,0.286713286713,0.603022689156,0.510249967747,0.237762237762,1.40129809949,1.18571377649,0.503496503497,2.05382127221,0.551025219373,7,3.72727272727,2.05382127221,7,0,0,0,0,0.22962962963,11,11,11,1,0,0.0909090909091,0.636363636364,0.272727272727,11,17,0.154545454545,3.17727272727,3.09090909091,1.7,2.125,1.30034960334,0.420701342257,0.208556149733,0.820199532265,0.530717344407,0.267379679144,1.57249078621,1.01749403814,0.513368983957,1.2536673475,0.394573414091,4.4,3.17727272727,1.2536673475,4.4,0.213333333333,0.153846153846,2,0.0121212121212,0.205555555556,11,11,11,1,0,0.0909090909091,0.636363636364,0.272727272727,-3,-0.0272727272727,0.133884297521,-0.545454545455,-0.3,-0.375,-0.389190409368,-0.0439221612377,-0.0368983957219,-0.347548883978,-0.111544284527,-0.0689839572193,-0.367518585835,-0.0495111164884,-0.0229946524064,0.196768572961,0.0472964236795,0.854545454545,0.133884297521,0.196768572961,0.854545454545,-0.285714285714,-0.246153846154,-6,-0.0363636363636,-0.05,0,0,0,17,0,3,90,0.85,1,0,0.15,1,0.85,0.918918918919,0.906962317388,0.85,0.85,4,7,0,0,0,0
2988,WLNM_dir_neg,0.867346938776,0.678431885575,00:00:00,10,70,32,1177447081,threshold_sweep,0.9,1,0.571428571429,0.727272727273,4,0,3,14,0.571428571429,1,0,0.428571428571,1,0.571428571429,0.727272727273,0.857142857143,0.603174603175,0.64,0.68599434057,0.571428571429,20,13,7,0,20,0,13,0,7,11,20,0.181818181818,3.04338842975,3.63636363636,2,2.5,1.68954001271,0.464623503495,0.245454545455,1.16774841624,0.642261628933,0.336363636364,1.94000937205,1.06700515463,0.536363636364,1.05689877454,0.347276990411,3.54545454545,3.04338842975,1.05689877454,3.54545454545,0.499047619048,0.4,8,0.0484848484848,0.255555555556,11,11,11,1,0,0.0909090909091,0.636363636364,0.272727272727,11,0.118181818182,3.72727272727,2.36363636364,1.3,1.625,1.43336856898,0.6064251638,0.286713286713,0.603022689156,0.510249967747,0.237762237762,1.40129809949,1.18571377649,0.503496503497,2.05382127221,0.551025219373,7,3.72727272727,2.05382127221,7,0,0,0,0,0.22962962963,11,11,11,1,0,0.0909090909091,0.636363636364,0.272727272727,11,17,0.154545454545,3.17727272727,3.09090909091,1.7,2.125,1.30034960334,0.420701342257,0.208556149733,0.820199532265,0.530717344407,0.267379679144,1.57249078621,1.01749403814,0.513368983957,1.2536673475,0.394573414091,4.4,3.17727272727,1.2536673475,4.4,0.213333333333,0.153846153846,2,0.0121212121212,0.205555555556,11,11,11,1,0,0.0909090909091,0.636363636364,0.272727272727,-3,-0.0272727272727,0.133884297521,-0.545454545455,-0.3,-0.375,-0.389190409368,-0.0439221612377,-0.0368983957219,-0.347548883978,-0.111544284527,-0.0689839572193,-0.367518585835,-0.0495111164884,-0.0229946524064,0.196768572961,0.0472964236795,0.854545454545,0.133884297521,0.196768572961,0.854545454545,-0.285714285714,-0.246153846154,-6,-0.0363636363636,-0.05,0,0,0,17,0,3,90,0.85,1,0,0.15,1,0.85,0.918918918919,0.906962317388,0.85,0.85,4,7,0,0,0,0
2989,WLNM_dir_neg,0.877551020408,0.570929070929,00:00:00,10,70,33,1177447082,threshold_sweep,0.1,0.833333333333,0.714285714286,0.769230769231,5,1,2,13,0.714285714286,0.928571428571,0.0714285714286,0.285714285714,0.833333333333,0.714285714286,0.769230769231,0.857142857143,0.571428571429,0.666666666667,0.67082039325,0.642857142857,20,13,7,0,20,0,13,0,7,11,20,0.181818181818,3.04338842975,3.63636363636,2,2.5,1.68954001271,0.464623503495,0.245454545455,1.16774841624,0.642261628933,0.336363636364,1.94000937205,1.06700515463,0.536363636364,1.05689877454,0.347276990411,3.54545454545,3.04338842975,1.05689877454,3.54545454545,0.499047619048,0.4,8,0.0484848484848,0.255555555556,11,11,11,1,0,0.0909090909091,0.636363636364,0.272727272727,11,0.118181818182,3.72727272727,2.36363636364,1.3,1.625,1.43336856898,0.6064251638,0.286713286713,0.603022689156,0.510249967747,0.237762237762,1.40129809949,1.18571377649,0.503496503497,2.05382127221,0.551025219373,7,3.72727272727,2.05382127221,7,0,0,0,0,0.22962962963,11,11,11,1,0,0.0909090909091,0.636363636364,0.272727272727,11,19,0.172727272727,3.17045454545,3.45454545455,1.9,2.375,1.43969693781,0.416754376733,0.215311004785,1.00904995822,0.584186817916,0.306220095694,1.67874411933,0.971904490138,0.507177033493,1.19278131807,0.376217763404,3.875,3.17045454545,1.19278131807,3.875,0.41,0.3,5,0.030303030303,0.223703703704,11,11,11,1,0,0.0909090909091,0.636363636364,0.272727272727,-1,-0.00909090909091,0.127066115702,-0.181818181818,-0.1,-0.125,-0.249843074903,-0.0478691267618,-0.0301435406699,-0.158698458023,-0.058074811017,-0.0301435406699,-0.26126525272,-0.0951006644889,-0.0291866028708,0.135882543529,0.028940772993,0.329545454545,0.127066115702,0.135882543529,0.329545454545,-0.0890476190476,-0.1,-3,-0.0181818181818,-0.0318518518519,0,0,0,18,1,2,89,0.9,0.988888888889,0.0111111111111,0.1,0.947368421053,0.9,0.923076923077,0.906956031802,0.888888888889,0.857142857143,6,7,0,0,0,0
2990,WLNM_dir_neg,0.877551020408,0.570929070929,00:00:00,10,70,33,1177447082,threshold_sweep,0.2,1,0.714285714286,0.833333333333,5,0,2,14,0.714285714286,1,0,0.285714285714,1,0.714285714286,0.833333333333,0.904761904762,0.587301587302,0.769230769231,0.790569415042,0.714285714286,20,13,7,0,20,0,13,0,7,11,20,0.181818181818,3.04338842975,3.63636363636,2,2.5,1.68954001271,0.464623503495,0.245454545455,1.16774841624,0.642261628933,0.336363636364,1.94000937205,1.06700515463,0.536363636364,1.05689877454,0.347276990411,3.54545454545,3.04338842975,1.05689877454,3.54545454545,0.499047619048,0.4,8,0.0484848484848,0.255555555556,11,11,11,1,0,0.0909090909091,0.636363636364,0.272727272727,11,0.118181818182,3.72727272727,2.36363636364,1.3,1.625,1.43336856898,0.6064251638,0.286713286713,0.603022689156,0.510249967747,0.237762237762,1.40129809949,1.18571377649,0.503496503497,2.05382127221,0.551025219373,7,3.72727272727,2.05382127221,7,0,0,0,0,0.22962962963,11,11,11,1,0,0.0909090909091,0.636363636364,0.272727272727,11,18,0.163636363636,3.11363636364,3.27272727273,1.8,2.25,1.42062726223,0.434080552347,0.227272727273,0.924416277737,0.564921058617,0.292929292929,1.68954001271,1.03249667443,0.525252525253,1.14353419474,0.367266456706,3.875,3.11363636364,1.14353419474,3.875,0.366666666667,0.266666666667,4,0.0242424242424,0.221111111111,11,11,11,1,0,0.0909090909091,0.636363636364,0.272727272727,-2,-0.0181818181818,0.0702479338843,-0.363636363636,-0.2,-0.25,-0.268912750482,-0.030542951148,-0.0181818181818,-0.243332138505,-0.0773405703161,-0.0434343434343,-0.250469359339,-0.0345084801933,-0.0111111111111,0.0866354202056,0.0199894662943,0.329545454545,0.0702479338843,0.0866354202056,0.329545454545,-0.132380952381,-0.133333333333,-4,-0.0242424242424,-0.0344444444444,0,0,0,18,0,2,90,0.9,1,0,0.1,1,0.9,0.947368421053,0.938314863257,0.9,0.9,5,7,0,0,0,0
2991,WLNM_dir_neg,0.877551020408,0.570929070929,00:00:00,10,70,33,1177447082,threshold_sweep,0.3,1,0.714285714286,0.833333333333,5,0,2,14,0.714285714286,1,0,0.285714285714,1,0.714285714286,0.833333333333,0.904761904762,0.587301587302,0.769230769231,0.790569415042,0.714285714286,20,13,7,0,20,0,13,0,7,11,20,0.181818181818,3.04338842975,3.63636363636,2,2.5,1.68954001271,0.464623503495,0.245454545455,1.16774841624,0.642261628933,0.336363636364,1.94000937205,1.06700515463,0.536363636364,1.05689877454,0.347276990411,3.54545454545,3.04338842975,1.05689877454,3.54545454545,0.499047619048,0.4,8,0.0484848484848,0.255555555556,11,11,11,1,0,0.0909090909091,0.636363636364,0.272727272727,11,0.118181818182,3.72727272727,2.36363636364,1.3,1.625,1.43336856898,0.6064251638,0.286713286713,0.603022689156,0.510249967747,0.237762237762,1.40129809949,1.18571377649,0.503496503497,2.05382127221,0.551025219373,7,3.72727272727,2.05382127221,7,0,0,0,0,0.22962962963,11,11,11,1,0,0.0909090909091,0.636363636364,0.272727272727,11,18,0.163636363636,3.11363636364,3.27272727273,1.8,2.25,1.42062726223,0.434080552347,0.227272727273,0.924416277737,0.564921058617,0.292929292929,1.68954001271,1.03249667443,0.525252525253,1.14353419474,0.367266456706,3.875,3.11363636364,1.14353419474,3.875,0.366666666667,0.266666666667,4,0.0242424242424,0.221111111111,11,11,11,1,0,0.0909090909091,0.636363636364,0.272727272727,-2,-0.0181818181818,0.0702479338843,-0.363636363636,-0.2,-0.25,-0.268912750482,-0.030542951148,-0.0181818181818,-0.243332138505,-0.0773405703161,-0.0434343434343,-0.250469359339,-0.0345084801933,-0.0111111111111,0.0866354202056,0.0199894662943,0.329545454545,0.0702479338843,0.0866354202056,0.329545454545,-0.132380952381,-0.133333333333,-4,-0.0242424242424,-0.0344444444444,0,0,0,18,0,2,90,0.9,1,0,0.1,1,0.9,0.947368421053,0.938314863257,0.9,0.9,5,7,0,0,0,0
2992,WLNM_dir_neg,0.877551020408,0.570929070929,00:00:00,10,70,33,1177447082,threshold_sweep,0.4,1,0.714285714286,0.833333333333,5,0,2,14,0.714285714286,1,0,0.285714285714,1,0.714285714286,0.833333333333,0.904761904762,0.587301587302,0.769230769231,0.790569415042,0.714285714286,20,13,7,0,20,0,13,0,7,11,20,0.181818181818,3.04338842975,3.63636363636,2,2.5,1.68954001271,0.464623503495,0.245454545455,1.16774841624,0.642261628933,0.336363636364,1.94000937205,1.06700515463,0.536363636364,1.05689877454,0.347276990411,3.54545454545,3.04338842975,1.05689877454,3.54545454545,0.499047619048,0.4,8,0.0484848484848,0.255555555556,11,11,11,1,0,0.0909090909091,0.636363636364,0.272727272727,11,0.118181818182,3.72727272727,2.36363636364,1.3,1.625,1.43336856898,0.6064251638,0.286713286713,0.603022689156,0.510249967747,0.237762237762,1.40129809949,1.18571377649,0.503496503497,2.05382127221,0.551025219373,7,3.72727272727,2.05382127221,7,0,0,0,0,0.22962962963,11,11,11,1,0,0.0909090909091,0.636363636364,0.272727272727,11,18,0.163636363636,3.11363636364,3.27272727273,1.8,2.25,1.42062726223,0.434080552347,0.227272727273,0.924416277737,0.564921058617,0.292929292929,1.68954001271,1.03249667443,0.525252525253,1.14353419474,0.367266456706,3.875,3.11363636364,1.14353419474,3.875,0.366666666667,0.266666666667,4,0.0242424242424,0.221111111111,11,11,11,1,0,0.0909090909091,0.636363636364,0.272727272727,-2,-0.0181818181818,0.0702479338843,-0.363636363636,-0.2,-0.25,-0.268912750482,-0.030542951148,-0.0181818181818,-0.243332138505,-0.0773405703161,-0.0434343434343,-0.250469359339,-0.0345084801933,-0.0111111111111,0.0866354202056,0.0199894662943,0.329545454545,0.0702479338843,0.0866354202056,0.329545454545,-0.132380952381,-0.133333333333,-4,-0.0242424242424,-0.0344444444444,0,0,0,18,0,2,90,0.9,1,0,0.1,1,0.9,0.947368421053,0.938314863257,0.9,0.9,5,7,0,0,0,0
2993,WLNM_dir_neg,0.877551020408,0.570929070929,00:00:00,10,70,33,1177447082,threshold_sweep,0.5,1,0.714285714286,0.833333333333,5,0,2,14,0.714285714286,1,0,0.285714285714,1,0.714285714286,0.833333333333,0.904761904762,0.587301587302,0.769230769231,0.790569415042,0.714285714286,20,13,7,0,20,0,13,0,7,11,20,0.181818181818,3.04338842975,3.63636363636,2,2.5,1.68954001271,0.464623503495,0.245454545455,1.16774841624,0.642261628933,0.336363636364,1.94000937205,1.06700515463,0.536363636364,1.05689877454,0.347276990411,3.54545454545,3.04338842975,1.05689877454,3.54545454545,0.499047619048,0.4,8,0.0484848484848,0.255555555556,11,11,11,1,0,0.0909090909091,0.636363636364,0.272727272727,11,0.118181818182,3.72727272727,2.36363636364,1.3,1.625,1.43336856898,0.6064251638,0.286713286713,0.603022689156,0.510249967747,0.237762237762,1.40129809949,1.18571377649,0.503496503497,2.05382127221,0.551025219373,7,3.72727272727,2.05382127221,7,0,0,0,0,0.22962962963,11,11,11,1,0,0.0909090909091,0.636363636364,0.272727272727,11,18,0.163636363636,3.11363636364,3.27272727273,1.8,2.25,1.42062726223,0.434080552347,0.227272727273,0.924416277737,0.564921058617,0.292929292929,1.68954001271,1.03249667443,0.525252525253,1.14353419474,0.367266456706,3.875,3.11363636364,1.14353419474,3.875,0.366666666667,0.266666666667,4,0.0242424242424,0.221111111111,11,11,11,1,0,0.0909090909091,0.636363636364,0.272727272727,-2,-0.0181818181818,0.0702479338843,-0.363636363636,-0.2,-0.25,-0.268912750482,-0.030542951148,-0.0181818181818,-0.243332138505,-0.0773405703161,-0.0434343434343,-0.250469359339,-0.0345084801933,-0.0111111111111,0.0866354202056,0.0199894662943,0.329545454545,0.0702479338843,0.0866354202056,0.329545454545,-0.132380952381,-0.133333333333,-4,-0.0242424242424,-0.0344444444444,0,0,0,18,0,2,90,0.9,1,0,0.1,1,0.9,0.947368421053,0.938314863257,0.9,0.9,5,7,0,0,0,0
2994,WLNM_dir_neg,0.877551020408,0.570929070929,00:00:00,10,70,33,1177447082,threshold_sweep,0.6,1,0.714285714286,0.833333333333,5,0,2,14,0.714285714286,1,0,0.285714285714,1,0.714285714286,0.833333333333,0.904761904762,0.587301587302,0.769230769231,0.790569415042,0.714285714286,20,13,7,0,20,0,13,0,7,11,20,0.181818181818,3.04338842975,3.63636363636,2,2.5,1.68954001271,0.464623503495,0.245454545455,1.16774841624,0.642261628933,0.336363636364,1.94000937205,1.06700515463,0.536363636364,1.05689877454,0.347276990411,3.54545454545,3.04338842975,1.05689877454,3.54545454545,0.499047619048,0.4,8,0.0484848484848,0.255555555556,11,11,11,1,0,0.0909090909091,0.636363636364,0.272727272727,11,0.118181818182,3.72727272727,2.36363636364,1.3,1.625,1.43336856898,0.6064251638,0.286713286713,0.603022689156,0.510249967747,0.237762237762,1.40129809949,1.18571377649,0.503496503497,2.05382127221,0.551025219373,7,3.72727272727,2.05382127221,7,0,0,0,0,0.22962962963,11,11,11,1,0,0.0909090909091,0.636363636364,0.272727272727,11,18,0.163636363636,3.11363636364,3.27272727273,1.8,2.25,1.42062726223,0.434080552347,0.227272727273,0.924416277737,0.564921058617,0.292929292929,1.68954001271,1.03249667443,0.525252525253,1.14353419474,0.367266456706,3.875,3.11363636364,1.14353419474,3.875,0.366666666667,0.266666666667,4,0.0242424242424,0.221111111111,11,11,11,1,0,0.0909090909091,0.636363636364,0.272727272727,-2,-0.0181818181818,0.0702479338843,-0.363636363636,-0.2,-0.25,-0.268912750482,-0.030542951148,-0.0181818181818,-0.243332138505,-0.0773405703161,-0.0434343434343,-0.250469359339,-0.0345084801933,-0.0111111111111,0.0866354202056,0.0199894662943,0.329545454545,0.0702479338843,0.0866354202056,0.329545454545,-0.132380952381,-0.133333333333,-4,-0.0242424242424,-0.0344444444444,0,0,0,18,0,2,90,0.9,1,0,0.1,1,0.9,0.947368421053,0.938314863257,0.9,0.9,5,7,0,0,0,0
2995,WLNM_dir_neg,0.877551020408,0.570929070929,00:00:00,10,70,33,1177447082,threshold_sweep,0.7,1,0.714285714286,0.833333333333,5,0,2,14,0.714285714286,1,0,0.285714285714,1,0.714285714286,0.833333333333,0.904761904762,0.587301587302,0.769230769231,0.790569415042,0.714285714286,20,13,7,0,20,0,13,0,7,11,20,0.181818181818,3.04338842975,3.63636363636,2,2.5,1.68954001271,0.464623503495,0.245454545455,1.16774841624,0.642261628933,0.336363636364,1.94000937205,1.06700515463,0.536363636364,1.05689877454,0.347276990411,3.54545454545,3.04338842975,1.05689877454,3.54545454545,0.499047619048,0.4,8,0.0484848484848,0.255555555556,11,11,11,1,0,0.0909090909091,0.636363636364,0.272727272727,11,0.118181818182,3.72727272727,2.36363636364,1.3,1.625,1.43336856898,0.6064251638,0.286713286713,0.603022689156,0.510249967747,0.237762237762,1.40129809949,1.18571377649,0.503496503497,2.05382127221,0.551025219373,7,3.72727272727,2.05382127221,7,0,0,0,0,0.22962962963,11,11,11,1,0,0.0909090909091,0.636363636364,0.272727272727,11,18,0.163636363636,3.11363636364,3.27272727273,1.8,2.25,1.42062726223,0.434080552347,0.227272727273,0.924416277737,0.564921058617,0.292929292929,1.68954001271,1.03249667443,0.525252525253,1.14353419474,0.367266456706,3.875,3.11363636364,1.14353419474,3.875,0.366666666667,0.266666666667,4,0.0242424242424,0.221111111111,11,11,11,1,0,0.0909090909091,0.636363636364,0.272727272727,-2,-0.0181818181818,0.0702479338843,-0.363636363636,-0.2,-0.25,-0.268912750482,-0.030542951148,-0.0181818181818,-0.243332138505,-0.0773405703161,-0.0434343434343,-0.250469359339,-0.0345084801933,-0.0111111111111,0.0866354202056,0.0199894662943,0.329545454545,0.0702479338843,0.0866354202056,0.329545454545,-0.132380952381,-0.133333333333,-4,-0.0242424242424,-0.0344444444444,0,0,0,18,0,2,90,0.9,1,0,0.1,1,0.9,0.947368421053,0.938314863257,0.9,0.9,5,7,0,0,0,0
2996,WLNM_dir_neg,0.877551020408,0.570929070929,00:00:00,10,70,33,1177447082,threshold_sweep,0.8,1,0.714285714286,0.833333333333,5,0,2,14,0.714285714286,1,0,0.285714285714,1,0.714285714286,0.833333333333,0.904761904762,0.587301587302,0.769230769231,0.790569415042,0.714285714286,20,13,7,0,20,0,13,0,7,11,20,0.181818181818,3.04338842975,3.63636363636,2,2.5,1.68954001271,0.464623503495,0.245454545455,1.16774841624,0.642261628933,0.336363636364,1.94000937205,1.06700515463,0.536363636364,1.05689877454,0.347276990411,3.54545454545,3.04338842975,1.05689877454,3.54545454545,0.499047619048,0.4,8,0.0484848484848,0.255555555556,11,11,11,1,0,0.0909090909091,0.636363636364,0.272727272727,11,0.118181818182,3.72727272727,2.36363636364,1.3,1.625,1.43336856898,0.6064251638,0.286713286713,0.603022689156,0.510249967747,0.237762237762,1.40129809949,1.18571377649,0.503496503497,2.05382127221,0.551025219373,7,3.72727272727,2.05382127221,7,0,0,0,0,0.22962962963,11,11,11,1,0,0.0909090909091,0.636363636364,0.272727272727,11,18,0.163636363636,3.11363636364,3.27272727273,1.8,2.25,1.42062726223,0.434080552347,0.227272727273,0.924416277737,0.564921058617,0.292929292929,1.68954001271,1.03249667443,0.525252525253,1.14353419474,0.367266456706,3.875,3.11363636364,1.14353419474,3.875,0.366666666667,0.266666666667,4,0.0242424242424,0.221111111111,11,11,11,1,0,0.0909090909091,0.636363636364,0.272727272727,-2,-0.0181818181818,0.0702479338843,-0.363636363636,-0.2,-0.25,-0.268912750482,-0.030542951148,-0.0181818181818,-0.243332138505,-0.0773405703161,-0.0434343434343,-0.250469359339,-0.0345084801933,-0.0111111111111,0.0866354202056,0.0199894662943,0.329545454545,0.0702479338843,0.0866354202056,0.329545454545,-0.132380952381,-0.133333333333,-4,-0.0242424242424,-0.0344444444444,0,0,0,18,0,2,90,0.9,1,0,0.1,1,0.9,0.947368421053,0.938314863257,0.9,0.9,5,7,0,0,0,0
2997,WLNM_dir_neg,0.877551020408,0.570929070929,00:00:00,10,70,33,1177447082,threshold_sweep,0.9,1,0.428571428571,0.6,3,0,4,14,0.428571428571,1,0,0.571428571429,1,0.428571428571,0.6,0.809523809524,0.619047619048,0.5,0.57735026919,0.428571428571,20,13,7,0,20,0,13,0,7,11,20,0.181818181818,3.04338842975,3.63636363636,2,2.5,1.68954001271,0.464623503495,0.245454545455,1.16774841624,0.642261628933,0.336363636364,1.94000937205,1.06700515463,0.536363636364,1.05689877454,0.347276990411,3.54545454545,3.04338842975,1.05689877454,3.54545454545,0.499047619048,0.4,8,0.0484848484848,0.255555555556,11,11,11,1,0,0.0909090909091,0.636363636364,0.272727272727,11,0.118181818182,3.72727272727,2.36363636364,1.3,1.625,1.43336856898,0.6064251638,0.286713286713,0.603022689156,0.510249967747,0.237762237762,1.40129809949,1.18571377649,0.503496503497,2.05382127221,0.551025219373,7,3.72727272727,2.05382127221,7,0,0,0,0,0.22962962963,11,11,11,1,0,0.0909090909091,0.636363636364,0.272727272727,11,16,0.145454545455,3.25,2.90909090909,1.6,2,1.22102788294,0.41972833476,0.181818181818,0.687551650952,0.47269176003,0.227272727273,1.50755672289,1.03644524699,0.511363636364,1.3758835545,0.423348786001,4.66666666667,3.25,1.3758835545,4.66666666667,0.213333333333,0.176470588235,2,0.0121212121212,0.192592592593,11,11,11,1,0,0.0909090909091,0.636363636364,0.272727272727,-4,-0.0363636363636,0.206611570248,-0.727272727273,-0.4,-0.5,-0.468512129772,-0.0448951687355,-0.0636363636364,-0.48019676529,-0.169569868904,-0.109090909091,-0.43245264916,-0.0305599076407,-0.025,0.318984779967,0.07607179559,1.12121212121,0.206611570248,0.318984779967,1.12121212121,-0.285714285714,-0.223529411765,-6,-0.0363636363636,-0.062962962963,0,0,0,16,0,4,90,0.8,1,0,0.2,1,0.8,0.888888888889,0.875189948987,0.8,0.8,3,7,0,0,0,0
2998,WLNM_dir_neg,0.744897959184,0.526175983214,00:00:00,10,70,34,1177447083,threshold_sweep,0.1,0.8,0.571428571429,0.666666666667,4,1,3,13,0.571428571429,0.928571428571,0.0714285714286,0.428571428571,0.8,0.571428571429,0.666666666667,0.809523809524,0.587301587302,0.538461538462,0.553398590529,0.5,20,13,7,0,20,0,13,0,7,11,20,0.181818181818,3.04338842975,3.63636363636,2,2.5,1.68954001271,0.464623503495,0.245454545455,1.16774841624,0.642261628933,0.336363636364,1.94000937205,1.06700515463,0.536363636364,1.05689877454,0.347276990411,3.54545454545,3.04338842975,1.05689877454,3.54545454545,0.499047619048,0.4,8,0.0484848484848,0.255555555556,11,11,11,1,0,0.0909090909091,0.636363636364,0.272727272727,11,0.118181818182,3.72727272727,2.36363636364,1.3,1.625,1.43336856898,0.6064251638,0.286713286713,0.603022689156,0.510249967747,0.237762237762,1.40129809949,1.18571377649,0.503496503497,2.05382127221,0.551025219373,7,3.72727272727,2.05382127221,7,0,0,0,0,0.22962962963,11,11,11,1,0,0.0909090909091,0.636363636364,0.272727272727,11,18,0.163636363636,4.76818181818,3.27272727273,1.8,2.25,1.61807966991,0.494413232473,0.242424242424,0.809039834956,0.494413232473,0.242424242424,1.68954001271,1.03249667443,0.525252525253,1.75986828019,0.369085816628,6.4,4.76818181818,1.75986828019,6.4,0.213333333333,0.153846153846,2,0.0121212121212,0.218518518519,11,11,11,1,0,0.0909090909091,0.636363636364,0.272727272727,-2,-0.0181818181818,1.72479338843,-0.363636363636,-0.2,-0.25,-0.0714603427974,0.029789728978,-0.0030303030303,-0.358708581286,-0.14784839646,-0.0939393939394,-0.250469359339,-0.0345084801933,-0.0111111111111,0.702969505658,0.0218088262168,2.85454545455,1.72479338843,0.702969505658,2.85454545455,-0.285714285714,-0.246153846154,-6,-0.0363636363636,-0.037037037037,0,0,0,17,1,3,89,0.85,0.988888888889,0.0111111111111,0.15,0.944444444444,0.85,0.894736842105,0.874602125628,0.838888888889,0.809523809524,5,7,0,0,0,0
2999,WLNM_dir_neg,0.744897959184,0.526175983214,00:00:00,10,70,34,1177447083,threshold_sweep,0.2,0.8,0.571428571429,0.666666666667,4,1,3,13,0.571428571429,0.928571428571,0.0714285714286,0.428571428571,0.8,0.571428571429,0.666666666667,0.809523809524,0.587301587302,0.538461538462,0.553398590529,0.5,20,13,7,0,20,0,13,0,7,11,20,0.181818181818,3.04338842975,3.63636363636,2,2.5,1.68954001271,0.464623503495,0.245454545455,1.16774841624,0.642261628933,0.336363636364,1.94000937205,1.06700515463,0.536363636364,1.05689877454,0.347276990411,3.54545454545,3.04338842975,1.05689877454,3.54545454545,0.499047619048,0.4,8,0.0484848484848,0.255555555556,11,11,11,1,0,0.0909090909091,0.636363636364,0.272727272727,11,0.118181818182,3.72727272727,2.36363636364,1.3,1.625,1.43336856898,0.6064251638,0.286713286713,0.603022689156,0.510249967747,0.237762237762,1.40129809949,1.18571377649,0.503496503497,2.05382127221,0.551025219373,7,3.72727272727,2.05382127221,7,0,0,0,0,0.22962962963,11,11,11,1,0,0.0909090909091,0.636363636364,0.272727272727,11,18,0.163636363636,4.76818181818,3.27272727273,1.8,2.25,1.61807966991,0.494413232473,0.242424242424,0.809039834956,0.494413232473,0.242424242424,1.68954001271,1.03249667443,0.525252525253,1.75986828019,0.369085816628,6.4,4.76818181818,1.75986828019,6.4,0.213333333333,0.153846153846,2,0.0121212121212,0.218518518519,11,11,11,1,0,0.0909090909091,0.636363636364,0.272727272727,-2,-0.0181818181818,1.72479338843,-0.363636363636,-0.2,-0.25,-0.0714603427974,0.029789728978,-0.0030303030303,-0.358708581286,-0.14784839646,-0.0939393939394,-0.250469359339,-0.0345084801933,-0.0111111111111,0.702969505658,0.0218088262168,2.85454545455,1.72479338843,0.702969505658,2.85454545455,-0.285714285714,-0.246153846154,-6,-0.0363636363636,-0.037037037037,0,0,0,17,1,3,89,0.85,0.988888888889,0.0111111111111,0.15,0.944444444444,0.85,0.894736842105,0.874602125628,0.838888888889,0.809523809524,5,7,0,0,0,0
3000,WLNM_dir_neg,0.744897959184,0.526175983214,00:00:00,10,70,34,1177447083,threshold_sweep,0.3,0.8,0.571428571429,0.666666666667,4,1,3,13,0.571428571429,0.928571428571,0.0714285714286,0.428571428571,0.8,0.571428571429,0.666666666667,0.809523809524,0.587301587302,0.538461538462,0.553398590529,0.5,20,13,7,0,20,0,13,0,7,11,20,0.181818181818,3.04338842975,3.63636363636,2,2.5,1.68954001271,0.464623503495,0.245454545455,1.16774841624,0.642261628933,0.336363636364,1.94000937205,1.06700515463,0.536363636364,1.05689877454,0.347276990411,3.54545454545,3.04338842975,1.05689877454,3.54545454545,0.499047619048,0.4,8,0.0484848484848,0.255555555556,11,11,11,1,0,0.0909090909091,0.636363636364,0.272727272727,11,0.118181818182,3.72727272727,2.36363636364,1.3,1.625,1.43336856898,0.6064251638,0.286713286713,0.603022689156,0.510249967747,0.237762237762,1.40129809949,1.18571377649,0.503496503497,2.05382127221,0.551025219373,7,3.72727272727,2.05382127221,7,0,0,0,0,0.22962962963,11,11,11,1,0,0.0909090909091,0.636363636364,0.272727272727,11,18,0.163636363636,4.76818181818,3.27272727273,1.8,2.25,1.61807966991,0.494413232473,0.242424242424,0.809039834956,0.494413232473,0.242424242424,1.68954001271,1.03249667443,0.525252525253,1.75986828019,0.369085816628,6.4,4.76818181818,1.75986828019,6.4,0.213333333333,0.153846153846,2,0.0121212121212,0.218518518519,11,11,11,1,0,0.0909090909091,0.636363636364,0.272727272727,-2,-0.0181818181818,1.72479338843,-0.363636363636,-0.2,-0.25,-0.0714603427974,0.029789728978,-0.0030303030303,-0.358708581286,-0.14784839646,-0.0939393939394,-0.250469359339,-0.0345084801933,-0.0111111111111,0.702969505658,0.0218088262168,2.85454545455,1.72479338843,0.702969505658,2.85454545455,-0.285714285714,-0.246153846154,-6,-0.0363636363636,-0.037037037037,0,0,0,17,1,3,89,0.85,0.988888888889,0.0111111111111,0.15,0.944444444444,0.85,0.894736842105,0.874602125628,0.838888888889,0.809523809524,5,7,0,0,0,0
3001,WLNM_dir_neg,0.744897959184,0.526175983214,00:00:00,10,70,34,1177447083,threshold_sweep,0.4,0.8,0.571428571429,0.666666666667,4,1,3,13,0.571428571429,0.928571428571,0.0714285714286,0.428571428571,0.8,0.571428571429,0.666666666667,0.809523809524,0.587301587302,0.538461538462,0.553398590529,0.5,20,13,7,0,20,0,13,0,7,11,20,0.181818181818,3.04338842975,3.63636363636,2,2.5,1.68954001271,0.464623503495,0.245454545455,1.16774841624,0.642261628933,0.336363636364,1.94000937205,1.06700515463,0.536363636364,1.05689877454,0.347276990411,3.54545454545,3.04338842975,1.05689877454,3.54545454545,0.499047619048,0.4,8,0.0484848484848,0.255555555556,11,11,11,1,0,0.0909090909091,0.636363636364,0.272727272727,11,0.118181818182,3.72727272727,2.36363636364,1.3,1.625,1.43336856898,0.6064251638,0.286713286713,0.603022689156,0.510249967747,0.237762237762,1.40129809949,1.18571377649,0.503496503497,2.05382127221,0.551025219373,7,3.72727272727,2.05382127221,7,0,0,0,0,0.22962962963,11,11,11,1,0,0.0909090909091,0.636363636364,0.272727272727,11,18,0.163636363636,4.76818181818,3.27272727273,1.8,2.25,1.61807966991,0.494413232473,0.242424242424,0.809039834956,0.494413232473,0.242424242424,1.68954001271,1.03249667443,0.525252525253,1.75986828019,0.369085816628,6.4,4.76818181818,1.75986828019,6.4,0.213333333333,0.153846153846,2,0.0121212121212,0.218518518519,11,11,11,1,0,0.0909090909091,0.636363636364,0.272727272727,-2,-0.0181818181818,1.72479338843,-0.363636363636,-0.2,-0.25,-0.0714603427974,0.029789728978,-0.0030303030303,-0.358708581286,-0.14784839646,-0.0939393939394,-0.250469359339,-0.0345084801933,-0.0111111111111,0.702969505658,0.0218088262168,2.85454545455,1.72479338843,0.702969505658,2.85454545455,-0.285714285714,-0.246153846154,-6,-0.0363636363636,-0.037037037037,0,0,0,17,1,3,89,0.85,0.988888888889,0.0111111111111,0.15,0.944444444444,0.85,0.894736842105,0.874602125628,0.838888888889,0.809523809524,5,7,0,0,0,0
3002,WLNM_dir_neg,0.744897959184,0.526175983214,00:00:00,10,70,34,1177447083,threshold_sweep,0.5,0.8,0.571428571429,0.666666666667,4,1,3,13,0.571428571429,0.928571428571,0.0714285714286,0.428571428571,0.8,0.571428571429,0.666666666667,0.809523809524,0.587301587302,0.538461538462,0.553398590529,0.5,20,13,7,0,20,0,13,0,7,11,20,0.181818181818,3.04338842975,3.63636363636,2,2.5,1.68954001271,0.464623503495,0.245454545455,1.16774841624,0.642261628933,0.336363636364,1.94000937205,1.06700515463,0.536363636364,1.05689877454,0.347276990411,3.54545454545,3.04338842975,1.05689877454,3.54545454545,0.499047619048,0.4,8,0.0484848484848,0.255555555556,11,11,11,1,0,0.0909090909091,0.636363636364,0.272727272727,11,0.118181818182,3.72727272727,2.36363636364,1.3,1.625,1.43336856898,0.6064251638,0.286713286713,0.603022689156,0.510249967747,0.237762237762,1.40129809949,1.18571377649,0.503496503497,2.05382127221,0.551025219373,7,3.72727272727,2.05382127221,7,0,0,0,0,0.22962962963,11,11,11,1,0,0.0909090909091,0.636363636364,0.272727272727,11,18,0.163636363636,4.76818181818,3.27272727273,1.8,2.25,1.61807966991,0.494413232473,0.242424242424,0.809039834956,0.494413232473,0.242424242424,1.68954001271,1.03249667443,0.525252525253,1.75986828019,0.369085816628,6.4,4.76818181818,1.75986828019,6.4,0.213333333333,0.153846153846,2,0.0121212121212,0.218518518519,11,11,11,1,0,0.0909090909091,0.636363636364,0.272727272727,-2,-0.0181818181818,1.72479338843,-0.363636363636,-0.2,-0.25,-0.0714603427974,0.029789728978,-0.0030303030303,-0.358708581286,-0.14784839646,-0.0939393939394,-0.250469359339,-0.0345084801933,-0.0111111111111,0.702969505658,0.0218088262168,2.85454545455,1.72479338843,0.702969505658,2.85454545455,-0.285714285714,-0.246153846154,-6,-0.0363636363636,-0.037037037037,0,0,0,17,1,3,89,0.85,0.988888888889,0.0111111111111,0.15,0.944444444444,0.85,0.894736842105,0.874602125628,0.838888888889,0.809523809524,5,7,0,0,0,0
3003,WLNM_dir_neg,0.744897959184,0.526175983214,00:00:00,10,70,34,1177447083,threshold_sweep,0.6,0.8,0.571428571429,0.666666666667,4,1,3,13,0.571428571429,0.928571428571,0.0714285714286,0.428571428571,0.8,0.571428571429,0.666666666667,0.809523809524,0.587301587302,0.538461538462,0.553398590529,0.5,20,13,7,0,20,0,13,0,7,11,20,0.181818181818,3.04338842975,3.63636363636,2,2.5,1.68954001271,0.464623503495,0.245454545455,1.16774841624,0.642261628933,0.336363636364,1.94000937205,1.06700515463,0.536363636364,1.05689877454,0.347276990411,3.54545454545,3.04338842975,1.05689877454,3.54545454545,0.499047619048,0.4,8,0.0484848484848,0.255555555556,11,11,11,1,0,0.0909090909091,0.636363636364,0.272727272727,11,0.118181818182,3.72727272727,2.36363636364,1.3,1.625,1.43336856898,0.6064251638,0.286713286713,0.603022689156,0.510249967747,0.237762237762,1.40129809949,1.18571377649,0.503496503497,2.05382127221,0.551025219373,7,3.72727272727,2.05382127221,7,0,0,0,0,0.22962962963,11,11,11,1,0,0.0909090909091,0.636363636364,0.272727272727,11,18,0.163636363636,4.76818181818,3.27272727273,1.8,2.25,1.61807966991,0.494413232473,0.242424242424,0.809039834956,0.494413232473,0.242424242424,1.68954001271,1.03249667443,0.525252525253,1.75986828019,0.369085816628,6.4,4.76818181818,1.75986828019,6.4,0.213333333333,0.153846153846,2,0.0121212121212,0.218518518519,11,11,11,1,0,0.0909090909091,0.636363636364,0.272727272727,-2,-0.0181818181818,1.72479338843,-0.363636363636,-0.2,-0.25,-0.0714603427974,0.029789728978,-0.0030303030303,-0.358708581286,-0.14784839646,-0.0939393939394,-0.250469359339,-0.0345084801933,-0.0111111111111,0.702969505658,0.0218088262168,2.85454545455,1.72479338843,0.702969505658,2.85454545455,-0.285714285714,-0.246153846154,-6,-0.0363636363636,-0.037037037037,0,0,0,17,1,3,89,0.85,0.988888888889,0.0111111111111,0.15,0.944444444444,0.85,0.894736842105,0.874602125628,0.838888888889,0.809523809524,5,7,0,0,0,0
3004,WLNM_dir_neg,0.744897959184,0.526175983214,00:00:00,10,70,34,1177447083,threshold_sweep,0.7,0.8,0.571428571429,0.666666666667,4,1,3,13,0.571428571429,0.928571428571,0.0714285714286,0.428571428571,0.8,0.571428571429,0.666666666667,0.809523809524,0.587301587302,0.538461538462,0.553398590529,0.5,20,13,7,0,20,0,13,0,7,11,20,0.181818181818,3.04338842975,3.63636363636,2,2.5,1.68954001271,0.464623503495,0.245454545455,1.16774841624,0.642261628933,0.336363636364,1.94000937205,1.06700515463,0.536363636364,1.05689877454,0.347276990411,3.54545454545,3.04338842975,1.05689877454,3.54545454545,0.499047619048,0.4,8,0.0484848484848,0.255555555556,11,11,11,1,0,0.0909090909091,0.636363636364,0.272727272727,11,0.118181818182,3.72727272727,2.36363636364,1.3,1.625,1.43336856898,0.6064251638,0.286713286713,0.603022689156,0.510249967747,0.237762237762,1.40129809949,1.18571377649,0.503496503497,2.05382127221,0.551025219373,7,3.72727272727,2.05382127221,7,0,0,0,0,0.22962962963,11,11,11,1,0,0.0909090909091,0.636363636364,0.272727272727,11,18,0.163636363636,4.76818181818,3.27272727273,1.8,2.25,1.61807966991,0.494413232473,0.242424242424,0.809039834956,0.494413232473,0.242424242424,1.68954001271,1.03249667443,0.525252525253,1.75986828019,0.369085816628,6.4,4.76818181818,1.75986828019,6.4,0.213333333333,0.153846153846,2,0.0121212121212,0.218518518519,11,11,11,1,0,0.0909090909091,0.636363636364,0.272727272727,-2,-0.0181818181818,1.72479338843,-0.363636363636,-0.2,-0.25,-0.0714603427974,0.029789728978,-0.0030303030303,-0.358708581286,-0.14784839646,-0.0939393939394,-0.250469359339,-0.0345084801933,-0.0111111111111,0.702969505658,0.0218088262168,2.85454545455,1.72479338843,0.702969505658,2.85454545455,-0.285714285714,-0.246153846154,-6,-0.0363636363636,-0.037037037037,0,0,0,17,1,3,89,0.85,0.988888888889,0.0111111111111,0.15,0.944444444444,0.85,0.894736842105,0.874602125628,0.838888888889,0.809523809524,5,7,0,0,0,0
3005,WLNM_dir_neg,0.744897959184,0.526175983214,00:00:00,10,70,34,1177447083,threshold_sweep,0.8,0.8,0.571428571429,0.666666666667,4,1,3,13,0.571428571429,0.928571428571,0.0714285714286,0.428571428571,0.8,0.571428571429,0.666666666667,0.809523809524,0.587301587302,0.538461538462,0.553398590529,0.5,20,13,7,0,20,0,13,0,7,11,20,0.181818181818,3.04338842975,3.63636363636,2,2.5,1.68954001271,0.464623503495,0.245454545455,1.16774841624,0.642261628933,0.336363636364,1.94000937205,1.06700515463,0.536363636364,1.05689877454,0.347276990411,3.54545454545,3.04338842975,1.05689877454,3.54545454545,0.499047619048,0.4,8,0.0484848484848,0.255555555556,11,11,11,1,0,0.0909090909091,0.636363636364,0.272727272727,11,0.118181818182,3.72727272727,2.36363636364,1.3,1.625,1.43336856898,0.6064251638,0.286713286713,0.603022689156,0.510249967747,0.237762237762,1.40129809949,1.18571377649,0.503496503497,2.05382127221,0.551025219373,7,3.72727272727,2.05382127221,7,0,0,0,0,0.22962962963,11,11,11,1,0,0.0909090909091,0.636363636364,0.272727272727,11,18,0.163636363636,4.76818181818,3.27272727273,1.8,2.25,1.61807966991,0.494413232473,0.242424242424,0.809039834956,0.494413232473,0.242424242424,1.68954001271,1.03249667443,0.525252525253,1.75986828019,0.369085816628,6.4,4.76818181818,1.75986828019,6.4,0.213333333333,0.153846153846,2,0.0121212121212,0.218518518519,11,11,11,1,0,0.0909090909091,0.636363636364,0.272727272727,-2,-0.0181818181818,1.72479338843,-0.363636363636,-0.2,-0.25,-0.0714603427974,0.029789728978,-0.0030303030303,-0.358708581286,-0.14784839646,-0.0939393939394,-0.250469359339,-0.0345084801933,-0.0111111111111,0.702969505658,0.0218088262168,2.85454545455,1.72479338843,0.702969505658,2.85454545455,-0.285714285714,-0.246153846154,-6,-0.0363636363636,-0.037037037037,0,0,0,17,1,3,89,0.85,0.988888888889,0.0111111111111,0.15,0.944444444444,0.85,0.894736842105,0.874602125628,0.838888888889,0.809523809524,5,7,0,0,0,0
3006,WLNM_dir_neg,0.744897959184,0.526175983214,00:00:00,10,70,34,1177447083,threshold_sweep,0.9,0.75,0.428571428571,0.545454545455,3,1,4,13,0.428571428571,0.928571428571,0.0714285714286,0.571428571429,0.75,0.428571428571,0.545454545455,0.761904761905,0.603174603175,0.4,0.428746462856,0.357142857143,20,13,7,0,20,0,13,0,7,11,20,0.181818181818,3.04338842975,3.63636363636,2,2.5,1.68954001271,0.464623503495,0.245454545455,1.16774841624,0.642261628933,0.336363636364,1.94000937205,1.06700515463,0.536363636364,1.05689877454,0.347276990411,3.54545454545,3.04338842975,1.05689877454,3.54545454545,0.499047619048,0.4,8,0.0484848484848,0.255555555556,11,11,11,1,0,0.0909090909091,0.636363636364,0.272727272727,11,0.118181818182,3.72727272727,2.36363636364,1.3,1.625,1.43336856898,0.6064251638,0.286713286713,0.603022689156,0.510249967747,0.237762237762,1.40129809949,1.18571377649,0.503496503497,2.05382127221,0.551025219373,7,3.72727272727,2.05382127221,7,0,0,0,0,0.22962962963,11,11,11,1,0,0.0909090909091,0.636363636364,0.272727272727,11,17,0.154545454545,4.84090909091,3.09090909091,1.7,2.125,1.64039906453,0.530717344407,0.251336898396,0.687551650952,0.444886362381,0.20320855615,1.69491217257,1.09670787637,0.534759358289,1.86653814493,0.38557595482,6.66666666667,4.84090909091,1.86653814493,6.66666666667,0.213333333333,0.171428571429,2,0.0121212121212,0.214814814815,11,11,11,1,0,0.0909090909091,0.636363636364,0.272727272727,-3,-0.0272727272727,1.79752066116,-0.545454545455,-0.3,-0.375,-0.0491409481798,0.0660938409116,0.00588235294118,-0.48019676529,-0.197375266552,-0.133155080214,-0.245097199478,0.0297027217424,-0.00160427807487,0.809639370389,0.0382989644091,3.12121212121,1.79752066116,0.809639370389,3.12121212121,-0.285714285714,-0.228571428571,-6,-0.0363636363636,-0.0407407407407,0,0,0,16,1,4,89,0.8,0.988888888889,0.0111111111111,0.2,0.941176470588,0.8,0.864864864865,0.841755876268,0.788888888889,0.761904761905,4,7,0,0,0,0
3007,WLNM_dir_neg,0.959183673469,0.789795918367,00:00:00,10,70,35,1177447084,threshold_sweep,0.1,1,0.714285714286,0.833333333333,5,0,2,14,0.714285714286,1,0,0.285714285714,1,0.714285714286,0.833333333333,0.904761904762,0.587301587302,0.769230769231,0.790569415042,0.714285714286,20,13,7,0,20,0,13,0,7,11,20,0.181818181818,3.04338842975,3.63636363636,2,2.5,1.68954001271,0.464623503495,0.245454545455,1.16774841624,0.642261628933,0.336363636364,1.94000937205,1.06700515463,0.536363636364,1.05689877454,0.347276990411,3.54545454545,3.04338842975,1.05689877454,3.54545454545,0.499047619048,0.4,8,0.0484848484848,0.255555555556,11,11,11,1,0,0.0909090909091,0.636363636364,0.272727272727,11,0.118181818182,3.72727272727,2.36363636364,1.3,1.625,1.43336856898,0.6064251638,0.286713286713,0.603022689156,0.510249967747,0.237762237762,1.40129809949,1.18571377649,0.503496503497,2.05382127221,0.551025219373,7,3.72727272727,2.05382127221,7,0,0,0,0,0.22962962963,11,11,11,1,0,0.0909090909091,0.636363636364,0.272727272727,11,18,0.163636363636,3.11363636364,3.27272727273,1.8,2.25,1.42062726223,0.434080552347,0.227272727273,0.924416277737,0.564921058617,0.292929292929,1.68954001271,1.03249667443,0.525252525253,1.14353419474,0.367266456706,3.875,3.11363636364,1.14353419474,3.875,0.366666666667,0.266666666667,4,0.0242424242424,0.221111111111,11,11,11,1,0,0.0909090909091,0.636363636364,0.272727272727,-2,-0.0181818181818,0.0702479338843,-0.363636363636,-0.2,-0.25,-0.268912750482,-0.030542951148,-0.0181818181818,-0.243332138505,-0.0773405703161,-0.0434343434343,-0.250469359339,-0.0345084801933,-0.0111111111111,0.0866354202056,0.0199894662943,0.329545454545,0.0702479338843,0.0866354202056,0.329545454545,-0.132380952381,-0.133333333333,-4,-0.0242424242424,-0.0344444444444,0,0,0,18,0,2,90,0.9,1,0,0.1,1,0.9,0.947368421053,0.938314863257,0.9,0.9,5,7,0,0,0,0
3008,WLNM_dir_neg,0.959183673469,0.789795918367,00:00:00,10,70,35,1177447084,threshold_sweep,0.2,1,0.714285714286,0.833333333333,5,0,2,14,0.714285714286,1,0,0.285714285714,1,0.714285714286,0.833333333333,0.904761904762,0.587301587302,0.769230769231,0.790569415042,0.714285714286,20,13,7,0,20,0,13,0,7,11,20,0.181818181818,3.04338842975,3.63636363636,2,2.5,1.68954001271,0.464623503495,0.245454545455,1.16774841624,0.642261628933,0.336363636364,1.94000937205,1.06700515463,0.536363636364,1.05689877454,0.347276990411,3.54545454545,3.04338842975,1.05689877454,3.54545454545,0.499047619048,0.4,8,0.0484848484848,0.255555555556,11,11,11,1,0,0.0909090909091,0.636363636364,0.272727272727,11,0.118181818182,3.72727272727,2.36363636364,1.3,1.625,1.43336856898,0.6064251638,0.286713286713,0.603022689156,0.510249967747,0.237762237762,1.40129809949,1.18571377649,0.503496503497,2.05382127221,0.551025219373,7,3.72727272727,2.05382127221,7,0,0,0,0,0.22962962963,11,11,11,1,0,0.0909090909091,0.636363636364,0.272727272727,11,18,0.163636363636,3.11363636364,3.27272727273,1.8,2.25,1.42062726223,0.434080552347,0.227272727273,0.924416277737,0.564921058617,0.292929292929,1.68954001271,1.03249667443,0.525252525253,1.14353419474,0.367266456706,3.875,3.11363636364,1.14353419474,3.875,0.366666666667,0.266666666667,4,0.0242424242424,0.221111111111,11,11,11,1,0,0.0909090909091,0.636363636364,0.272727272727,-2,-0.0181818181818,0.0702479338843,-0.363636363636,-0.2,-0.25,-0.268912750482,-0.030542951148,-0.0181818181818,-0.243332138505,-0.0773405703161,-0.0434343434343,-0.250469359339,-0.0345084801933,-0.0111111111111,0.0866354202056,0.0199894662943,0.329545454545,0.0702479338843,0.0866354202056,0.329545454545,-0.132380952381,-0.133333333333,-4,-0.0242424242424,-0.0344444444444,0,0,0,18,0,2,90,0.9,1,0,0.1,1,0.9,0.947368421053,0.938314863257,0.9,0.9,5,7,0,0,0,0
3009,WLNM_dir_neg,0.959183673469,0.789795918367,00:00:00,10,70,35,1177447084,threshold_sweep,0.3,1,0.714285714286,0.833333333333,5,0,2,14,0.714285714286,1,0,0.285714285714,1,0.714285714286,0.833333333333,0.904761904762,0.587301587302,0.769230769231,0.790569415042,0.714285714286,20,13,7,0,20,0,13,0,7,11,20,0.181818181818,3.04338842975,3.63636363636,2,2.5,1.68954001271,0.464623503495,0.245454545455,1.16774841624,0.642261628933,0.336363636364,1.94000937205,1.06700515463,0.536363636364,1.05689877454,0.347276990411,3.54545454545,3.04338842975,1.05689877454,3.54545454545,0.499047619048,0.4,8,0.0484848484848,0.255555555556,11,11,11,1,0,0.0909090909091,0.636363636364,0.272727272727,11,0.118181818182,3.72727272727,2.36363636364,1.3,1.625,1.43336856898,0.6064251638,0.286713286713,0.603022689156,0.510249967747,0.237762237762,1.40129809949,1.18571377649,0.503496503497,2.05382127221,0.551025219373,7,3.72727272727,2.05382127221,7,0,0,0,0,0.22962962963,11,11,11,1,0,0.0909090909091,0.636363636364,0.272727272727,11,18,0.163636363636,3.11363636364,3.27272727273,1.8,2.25,1.42062726223,0.434080552347,0.227272727273,0.924416277737,0.564921058617,0.292929292929,1.68954001271,1.03249667443,0.525252525253,1.14353419474,0.367266456706,3.875,3.11363636364,1.14353419474,3.875,0.366666666667,0.266666666667,4,0.0242424242424,0.221111111111,11,11,11,1,0,0.0909090909091,0.636363636364,0.272727272727,-2,-0.0181818181818,0.0702479338843,-0.363636363636,-0.2,-0.25,-0.268912750482,-0.030542951148,-0.0181818181818,-0.243332138505,-0.0773405703161,-0.0434343434343,-0.250469359339,-0.0345084801933,-0.0111111111111,0.0866354202056,0.0199894662943,0.329545454545,0.0702479338843,0.0866354202056,0.329545454545,-0.132380952381,-0.133333333333,-4,-0.0242424242424,-0.0344444444444,0,0,0,18,0,2,90,0.9,1,0,0.1,1,0.9,0.947368421053,0.938314863257,0.9,0.9,5,7,0,0,0,0
3010,WLNM_dir_neg,0.959183673469,0.789795918367,00:00:00,10,70,35,1177447084,threshold_sweep,0.4,1,0.428571428571,0.6,3,0,4,14,0.428571428571,1,0,0.571428571429,1,0.428571428571,0.6,0.809523809524,0.619047619048,0.5,0.57735026919,0.428571428571,20,13,7,0,20,0,13,0,7,11,20,0.181818181818,3.04338842975,3.63636363636,2,2.5,1.68954001271,0.464623503495,0.245454545455,1.16774841624,0.642261628933,0.336363636364,1.94000937205,1.06700515463,0.536363636364,1.05689877454,0.347276990411,3.54545454545,3.04338842975,1.05689877454,3.54545454545,0.499047619048,0.4,8,0.0484848484848,0.255555555556,11,11,11,1,0,0.0909090909091,0.636363636364,0.272727272727,11,0.118181818182,3.72727272727,2.36363636364,1.3,1.625,1.43336856898,0.6064251638,0.286713286713,0.603022689156,0.510249967747,0.237762237762,1.40129809949,1.18571377649,0.503496503497,2.05382127221,0.551025219373,7,3.72727272727,2.05382127221,7,0,0,0,0,0.22962962963,11,11,11,1,0,0.0909090909091,0.636363636364,0.272727272727,11,16,0.145454545455,3.25,2.90909090909,1.6,2,1.22102788294,0.41972833476,0.181818181818,0.687551650952,0.47269176003,0.227272727273,1.50755672289,1.03644524699,0.511363636364,1.3758835545,0.423348786001,4.66666666667,3.25,1.3758835545,4.66666666667,0.213333333333,0.176470588235,2,0.0121212121212,0.192592592593,11,11,11,1,0,0.0909090909091,0.636363636364,0.272727272727,-4,-0.0363636363636,0.206611570248,-0.727272727273,-0.4,-0.5,-0.468512129772,-0.0448951687355,-0.0636363636364,-0.48019676529,-0.169569868904,-0.109090909091,-0.43245264916,-0.0305599076407,-0.025,0.318984779967,0.07607179559,1.12121212121,0.206611570248,0.318984779967,1.12121212121,-0.285714285714,-0.223529411765,-6,-0.0363636363636,-0.062962962963,0,0,0,16,0,4,90,0.8,1,0,0.2,1,0.8,0.888888888889,0.875189948987,0.8,0.8,3,7,0,0,0,0
3011,WLNM_dir_neg,0.959183673469,0.789795918367,00:00:00,10,70,35,1177447084,threshold_sweep,0.5,1,0.428571428571,0.6,3,0,4,14,0.428571428571,1,0,0.571428571429,1,0.428571428571,0.6,0.809523809524,0.619047619048,0.5,0.57735026919,0.428571428571,20,13,7,0,20,0,13,0,7,11,20,0.181818181818,3.04338842975,3.63636363636,2,2.5,1.68954001271,0.464623503495,0.245454545455,1.16774841624,0.642261628933,0.336363636364,1.94000937205,1.06700515463,0.536363636364,1.05689877454,0.347276990411,3.54545454545,3.04338842975,1.05689877454,3.54545454545,0.499047619048,0.4,8,0.0484848484848,0.255555555556,11,11,11,1,0,0.0909090909091,0.636363636364,0.272727272727,11,0.118181818182,3.72727272727,2.36363636364,1.3,1.625,1.43336856898,0.6064251638,0.286713286713,0.603022689156,0.510249967747,0.237762237762,1.40129809949,1.18571377649,0.503496503497,2.05382127221,0.551025219373,7,3.72727272727,2.05382127221,7,0,0,0,0,0.22962962963,11,11,11,1,0,0.0909090909091,0.636363636364,0.272727272727,11,16,0.145454545455,3.25,2.90909090909,1.6,2,1.22102788294,0.41972833476,0.181818181818,0.687551650952,0.47269176003,0.227272727273,1.50755672289,1.03644524699,0.511363636364,1.3758835545,0.423348786001,4.66666666667,3.25,1.3758835545,4.66666666667,0.213333333333,0.176470588235,2,0.0121212121212,0.192592592593,11,11,11,1,0,0.0909090909091,0.636363636364,0.272727272727,-4,-0.0363636363636,0.206611570248,-0.727272727273,-0.4,-0.5,-0.468512129772,-0.0448951687355,-0.0636363636364,-0.48019676529,-0.169569868904,-0.109090909091,-0.43245264916,-0.0305599076407,-0.025,0.318984779967,0.07607179559,1.12121212121,0.206611570248,0.318984779967,1.12121212121,-0.285714285714,-0.223529411765,-6,-0.0363636363636,-0.062962962963,0,0,0,16,0,4,90,0.8,1,0,0.2,1,0.8,0.888888888889,0.875189948987,0.8,0.8,3,7,0,0,0,0
3012,WLNM_dir_neg,0.959183673469,0.789795918367,00:00:00,10,70,35,1177447084,threshold_sweep,0.6,1,0.428571428571,0.6,3,0,4,14,0.428571428571,1,0,0.571428571429,1,0.428571428571,0.6,0.809523809524,0.619047619048,0.5,0.57735026919,0.428571428571,20,13,7,0,20,0,13,0,7,11,20,0.181818181818,3.04338842975,3.63636363636,2,2.5,1.68954001271,0.464623503495,0.245454545455,1.16774841624,0.642261628933,0.336363636364,1.94000937205,1.06700515463,0.536363636364,1.05689877454,0.347276990411,3.54545454545,3.04338842975,1.05689877454,3.54545454545,0.499047619048,0.4,8,0.0484848484848,0.255555555556,11,11,11,1,0,0.0909090909091,0.636363636364,0.272727272727,11,0.118181818182,3.72727272727,2.36363636364,1.3,1.625,1.43336856898,0.6064251638,0.286713286713,0.603022689156,0.510249967747,0.237762237762,1.40129809949,1.18571377649,0.503496503497,2.05382127221,0.551025219373,7,3.72727272727,2.05382127221,7,0,0,0,0,0.22962962963,11,11,11,1,0,0.0909090909091,0.636363636364,0.272727272727,11,16,0.145454545455,3.25,2.90909090909,1.6,2,1.22102788294,0.41972833476,0.181818181818,0.687551650952,0.47269176003,0.227272727273,1.50755672289,1.03644524699,0.511363636364,1.3758835545,0.423348786001,4.66666666667,3.25,1.3758835545,4.66666666667,0.213333333333,0.176470588235,2,0.0121212121212,0.192592592593,11,11,11,1,0,0.0909090909091,0.636363636364,0.272727272727,-4,-0.0363636363636,0.206611570248,-0.727272727273,-0.4,-0.5,-0.468512129772,-0.0448951687355,-0.0636363636364,-0.48019676529,-0.169569868904,-0.109090909091,-0.43245264916,-0.0305599076407,-0.025,0.318984779967,0.07607179559,1.12121212121,0.206611570248,0.318984779967,1.12121212121,-0.285714285714,-0.223529411765,-6,-0.0363636363636,-0.062962962963,0,0,0,16,0,4,90,0.8,1,0,0.2,1,0.8,0.888888888889,0.875189948987,0.8,0.8,3,7,0,0,0,0
3013,WLNM_dir_neg,0.959183673469,0.789795918367,00:00:00,10,70,35,1177447084,threshold_sweep,0.7,1,0.428571428571,0.6,3,0,4,14,0.428571428571,1,0,0.571428571429,1,0.428571428571,0.6,0.809523809524,0.619047619048,0.5,0.57735026919,0.428571428571,20,13,7,0,20,0,13,0,7,11,20,0.181818181818,3.04338842975,3.63636363636,2,2.5,1.68954001271,0.464623503495,0.245454545455,1.16774841624,0.642261628933,0.336363636364,1.94000937205,1.06700515463,0.536363636364,1.05689877454,0.347276990411,3.54545454545,3.04338842975,1.05689877454,3.54545454545,0.499047619048,0.4,8,0.0484848484848,0.255555555556,11,11,11,1,0,0.0909090909091,0.636363636364,0.272727272727,11,0.118181818182,3.72727272727,2.36363636364,1.3,1.625,1.43336856898,0.6064251638,0.286713286713,0.603022689156,0.510249967747,0.237762237762,1.40129809949,1.18571377649,0.503496503497,2.05382127221,0.551025219373,7,3.72727272727,2.05382127221,7,0,0,0,0,0.22962962963,11,11,11,1,0,0.0909090909091,0.636363636364,0.272727272727,11,16,0.145454545455,3.25,2.90909090909,1.6,2,1.22102788294,0.41972833476,0.181818181818,0.687551650952,0.47269176003,0.227272727273,1.50755672289,1.03644524699,0.511363636364,1.3758835545,0.423348786001,4.66666666667,3.25,1.3758835545,4.66666666667,0.213333333333,0.176470588235,2,0.0121212121212,0.192592592593,11,11,11,1,0,0.0909090909091,0.636363636364,0.272727272727,-4,-0.0363636363636,0.206611570248,-0.727272727273,-0.4,-0.5,-0.468512129772,-0.0448951687355,-0.0636363636364,-0.48019676529,-0.169569868904,-0.109090909091,-0.43245264916,-0.0305599076407,-0.025,0.318984779967,0.07607179559,1.12121212121,0.206611570248,0.318984779967,1.12121212121,-0.285714285714,-0.223529411765,-6,-0.0363636363636,-0.062962962963,0,0,0,16,0,4,90,0.8,1,0,0.2,1,0.8,0.888888888889,0.875189948987,0.8,0.8,3,7,0,0,0,0
3014,WLNM_dir_neg,0.959183673469,0.789795918367,00:00:00,10,70,35,1177447084,threshold_sweep,0.8,1,0.428571428571,0.6,3,0,4,14,0.428571428571,1,0,0.571428571429,1,0.428571428571,0.6,0.809523809524,0.619047619048,0.5,0.57735026919,0.428571428571,20,13,7,0,20,0,13,0,7,11,20,0.181818181818,3.04338842975,3.63636363636,2,2.5,1.68954001271,0.464623503495,0.245454545455,1.16774841624,0.642261628933,0.336363636364,1.94000937205,1.06700515463,0.536363636364,1.05689877454,0.347276990411,3.54545454545,3.04338842975,1.05689877454,3.54545454545,0.499047619048,0.4,8,0.0484848484848,0.255555555556,11,11,11,1,0,0.0909090909091,0.636363636364,0.272727272727,11,0.118181818182,3.72727272727,2.36363636364,1.3,1.625,1.43336856898,0.6064251638,0.286713286713,0.603022689156,0.510249967747,0.237762237762,1.40129809949,1.18571377649,0.503496503497,2.05382127221,0.551025219373,7,3.72727272727,2.05382127221,7,0,0,0,0,0.22962962963,11,11,11,1,0,0.0909090909091,0.636363636364,0.272727272727,11,16,0.145454545455,3.25,2.90909090909,1.6,2,1.22102788294,0.41972833476,0.181818181818,0.687551650952,0.47269176003,0.227272727273,1.50755672289,1.03644524699,0.511363636364,1.3758835545,0.423348786001,4.66666666667,3.25,1.3758835545,4.66666666667,0.213333333333,0.176470588235,2,0.0121212121212,0.192592592593,11,11,11,1,0,0.0909090909091,0.636363636364,0.272727272727,-4,-0.0363636363636,0.206611570248,-0.727272727273,-0.4,-0.5,-0.468512129772,-0.0448951687355,-0.0636363636364,-0.48019676529,-0.169569868904,-0.109090909091,-0.43245264916,-0.0305599076407,-0.025,0.318984779967,0.07607179559,1.12121212121,0.206611570248,0.318984779967,1.12121212121,-0.285714285714,-0.223529411765,-6,-0.0363636363636,-0.062962962963,0,0,0,16,0,4,90,0.8,1,0,0.2,1,0.8,0.888888888889,0.875189948987,0.8,0.8,3,7,0,0,0,0
3015,WLNM_dir_neg,0.959183673469,0.789795918367,00:00:00,10,70,35,1177447084,threshold_sweep,0.9,1,0.428571428571,0.6,3,0,4,14,0.428571428571,1,0,0.571428571429,1,0.428571428571,0.6,0.809523809524,0.619047619048,0.5,0.57735026919,0.428571428571,20,13,7,0,20,0,13,0,7,11,20,0.181818181818,3.04338842975,3.63636363636,2,2.5,1.68954001271,0.464623503495,0.245454545455,1.16774841624,0.642261628933,0.336363636364,1.94000937205,1.06700515463,0.536363636364,1.05689877454,0.347276990411,3.54545454545,3.04338842975,1.05689877454,3.54545454545,0.499047619048,0.4,8,0.0484848484848,0.255555555556,11,11,11,1,0,0.0909090909091,0.636363636364,0.272727272727,11,0.118181818182,3.72727272727,2.36363636364,1.3,1.625,1.43336856898,0.6064251638,0.286713286713,0.603022689156,0.510249967747,0.237762237762,1.40129809949,1.18571377649,0.503496503497,2.05382127221,0.551025219373,7,3.72727272727,2.05382127221,7,0,0,0,0,0.22962962963,11,11,11,1,0,0.0909090909091,0.636363636364,0.272727272727,11,16,0.145454545455,3.25,2.90909090909,1.6,2,1.22102788294,0.41972833476,0.181818181818,0.687551650952,0.47269176003,0.227272727273,1.50755672289,1.03644524699,0.511363636364,1.3758835545,0.423348786001,4.66666666667,3.25,1.3758835545,4.66666666667,0.213333333333,0.176470588235,2,0.0121212121212,0.192592592593,11,11,11,1,0,0.0909090909091,0.636363636364,0.272727272727,-4,-0.0363636363636,0.206611570248,-0.727272727273,-0.4,-0.5,-0.468512129772,-0.0448951687355,-0.0636363636364,-0.48019676529,-0.169569868904,-0.109090909091,-0.43245264916,-0.0305599076407,-0.025,0.318984779967,0.07607179559,1.12121212121,0.206611570248,0.318984779967,1.12121212121,-0.285714285714,-0.223529411765,-6,-0.0363636363636,-0.062962962963,0,0,0,16,0,4,90,0.8,1,0,0.2,1,0.8,0.888888888889,0.875189948987,0.8,0.8,3,7,0,0,0,0
3016,WLNM_dir_neg,0.897959183673,0.585286935287,00:00:00,10,70,36,1177447085,threshold_sweep,0.1,1,0.714285714286,0.833333333333,5,0,2,14,0.714285714286,1,0,0.285714285714,1,0.714285714286,0.833333333333,0.904761904762,0.587301587302,0.769230769231,0.790569415042,0.714285714286,20,13,7,0,20,0,13,0,7,11,20,0.181818181818,3.04338842975,3.63636363636,2,2.5,1.68954001271,0.464623503495,0.245454545455,1.16774841624,0.642261628933,0.336363636364,1.94000937205,1.06700515463,0.536363636364,1.05689877454,0.347276990411,3.54545454545,3.04338842975,1.05689877454,3.54545454545,0.499047619048,0.4,8,0.0484848484848,0.255555555556,11,11,11,1,0,0.0909090909091,0.636363636364,0.272727272727,11,0.118181818182,3.72727272727,2.36363636364,1.3,1.625,1.43336856898,0.6064251638,0.286713286713,0.603022689156,0.510249967747,0.237762237762,1.40129809949,1.18571377649,0.503496503497,2.05382127221,0.551025219373,7,3.72727272727,2.05382127221,7,0,0,0,0,0.22962962963,11,11,11,1,0,0.0909090909091,0.636363636364,0.272727272727,11,18,0.163636363636,3.11363636364,3.27272727273,1.8,2.25,1.42062726223,0.434080552347,0.227272727273,0.924416277737,0.564921058617,0.292929292929,1.68954001271,1.03249667443,0.525252525253,1.14353419474,0.367266456706,3.875,3.11363636364,1.14353419474,3.875,0.366666666667,0.266666666667,4,0.0242424242424,0.221111111111,11,11,11,1,0,0.0909090909091,0.636363636364,0.272727272727,-2,-0.0181818181818,0.0702479338843,-0.363636363636,-0.2,-0.25,-0.268912750482,-0.030542951148,-0.0181818181818,-0.243332138505,-0.0773405703161,-0.0434343434343,-0.250469359339,-0.0345084801933,-0.0111111111111,0.0866354202056,0.0199894662943,0.329545454545,0.0702479338843,0.0866354202056,0.329545454545,-0.132380952381,-0.133333333333,-4,-0.0242424242424,-0.0344444444444,0,0,0,18,0,2,90,0.9,1,0,0.1,1,0.9,0.947368421053,0.938314863257,0.9,0.9,5,7,0,0,0,0
3017,WLNM_dir_neg,0.897959183673,0.585286935287,00:00:00,10,70,36,1177447085,threshold_sweep,0.2,1,0.714285714286,0.833333333333,5,0,2,14,0.714285714286,1,0,0.285714285714,1,0.714285714286,0.833333333333,0.904761904762,0.587301587302,0.769230769231,0.790569415042,0.714285714286,20,13,7,0,20,0,13,0,7,11,20,0.181818181818,3.04338842975,3.63636363636,2,2.5,1.68954001271,0.464623503495,0.245454545455,1.16774841624,0.642261628933,0.336363636364,1.94000937205,1.06700515463,0.536363636364,1.05689877454,0.347276990411,3.54545454545,3.04338842975,1.05689877454,3.54545454545,0.499047619048,0.4,8,0.0484848484848,0.255555555556,11,11,11,1,0,0.0909090909091,0.636363636364,0.272727272727,11,0.118181818182,3.72727272727,2.36363636364,1.3,1.625,1.43336856898,0.6064251638,0.286713286713,0.603022689156,0.510249967747,0.237762237762,1.40129809949,1.18571377649,0.503496503497,2.05382127221,0.551025219373,7,3.72727272727,2.05382127221,7,0,0,0,0,0.22962962963,11,11,11,1,0,0.0909090909091,0.636363636364,0.272727272727,11,18,0.163636363636,3.11363636364,3.27272727273,1.8,2.25,1.42062726223,0.434080552347,0.227272727273,0.924416277737,0.564921058617,0.292929292929,1.68954001271,1.03249667443,0.525252525253,1.14353419474,0.367266456706,3.875,3.11363636364,1.14353419474,3.875,0.366666666667,0.266666666667,4,0.0242424242424,0.221111111111,11,11,11,1,0,0.0909090909091,0.636363636364,0.272727272727,-2,-0.0181818181818,0.0702479338843,-0.363636363636,-0.2,-0.25,-0.268912750482,-0.030542951148,-0.0181818181818,-0.243332138505,-0.0773405703161,-0.0434343434343,-0.250469359339,-0.0345084801933,-0.0111111111111,0.0866354202056,0.0199894662943,0.329545454545,0.0702479338843,0.0866354202056,0.329545454545,-0.132380952381,-0.133333333333,-4,-0.0242424242424,-0.0344444444444,0,0,0,18,0,2,90,0.9,1,0,0.1,1,0.9,0.947368421053,0.938314863257,0.9,0.9,5,7,0,0,0,0
3018,WLNM_dir_neg,0.897959183673,0.585286935287,00:00:00,10,70,36,1177447085,threshold_sweep,0.3,1,0.714285714286,0.833333333333,5,0,2,14,0.714285714286,1,0,0.285714285714,1,0.714285714286,0.833333333333,0.904761904762,0.587301587302,0.769230769231,0.790569415042,0.714285714286,20,13,7,0,20,0,13,0,7,11,20,0.181818181818,3.04338842975,3.63636363636,2,2.5,1.68954001271,0.464623503495,0.245454545455,1.16774841624,0.642261628933,0.336363636364,1.94000937205,1.06700515463,0.536363636364,1.05689877454,0.347276990411,3.54545454545,3.04338842975,1.05689877454,3.54545454545,0.499047619048,0.4,8,0.0484848484848,0.255555555556,11,11,11,1,0,0.0909090909091,0.636363636364,0.272727272727,11,0.118181818182,3.72727272727,2.36363636364,1.3,1.625,1.43336856898,0.6064251638,0.286713286713,0.603022689156,0.510249967747,0.237762237762,1.40129809949,1.18571377649,0.503496503497,2.05382127221,0.551025219373,7,3.72727272727,2.05382127221,7,0,0,0,0,0.22962962963,11,11,11,1,0,0.0909090909091,0.636363636364,0.272727272727,11,18,0.163636363636,3.11363636364,3.27272727273,1.8,2.25,1.42062726223,0.434080552347,0.227272727273,0.924416277737,0.564921058617,0.292929292929,1.68954001271,1.03249667443,0.525252525253,1.14353419474,0.367266456706,3.875,3.11363636364,1.14353419474,3.875,0.366666666667,0.266666666667,4,0.0242424242424,0.221111111111,11,11,11,1,0,0.0909090909091,0.636363636364,0.272727272727,-2,-0.0181818181818,0.0702479338843,-0.363636363636,-0.2,-0.25,-0.268912750482,-0.030542951148,-0.0181818181818,-0.243332138505,-0.0773405703161,-0.0434343434343,-0.250469359339,-0.0345084801933,-0.0111111111111,0.0866354202056,0.0199894662943,0.329545454545,0.0702479338843,0.0866354202056,0.329545454545,-0.132380952381,-0.133333333333,-4,-0.0242424242424,-0.0344444444444,0,0,0,18,0,2,90,0.9,1,0,0.1,1,0.9,0.947368421053,0.938314863257,0.9,0.9,5,7,0,0,0,0
3019,WLNM_dir_neg,0.897959183673,0.585286935287,00:00:00,10,70,36,1177447085,threshold_sweep,0.4,1,0.571428571429,0.727272727273,4,0,3,14,0.571428571429,1,0,0.428571428571,1,0.571428571429,0.727272727273,0.857142857143,0.603174603175,0.64,0.68599434057,0.571428571429,20,13,7,0,20,0,13,0,7,11,20,0.181818181818,3.04338842975,3.63636363636,2,2.5,1.68954001271,0.464623503495,0.245454545455,1.16774841624,0.642261628933,0.336363636364,1.94000937205,1.06700515463,0.536363636364,1.05689877454,0.347276990411,3.54545454545,3.04338842975,1.05689877454,3.54545454545,0.499047619048,0.4,8,0.0484848484848,0.255555555556,11,11,11,1,0,0.0909090909091,0.636363636364,0.272727272727,11,0.118181818182,3.72727272727,2.36363636364,1.3,1.625,1.43336856898,0.6064251638,0.286713286713,0.603022689156,0.510249967747,0.237762237762,1.40129809949,1.18571377649,0.503496503497,2.05382127221,0.551025219373,7,3.72727272727,2.05382127221,7,0,0,0,0,0.22962962963,11,11,11,1,0,0.0909090909091,0.636363636364,0.272727272727,11,17,0.154545454545,3.17727272727,3.09090909091,1.7,2.125,1.30034960334,0.420701342257,0.208556149733,0.820199532265,0.530717344407,0.267379679144,1.57249078621,1.01749403814,0.513368983957,1.2536673475,0.394573414091,4.4,3.17727272727,1.2536673475,4.4,0.213333333333,0.153846153846,2,0.0121212121212,0.205555555556,11,11,11,1,0,0.0909090909091,0.636363636364,0.272727272727,-3,-0.0272727272727,0.133884297521,-0.545454545455,-0.3,-0.375,-0.389190409368,-0.0439221612377,-0.0368983957219,-0.347548883978,-0.111544284527,-0.0689839572193,-0.367518585835,-0.0495111164884,-0.0229946524064,0.196768572961,0.0472964236795,0.854545454545,0.133884297521,0.196768572961,0.854545454545,-0.285714285714,-0.246153846154,-6,-0.0363636363636,-0.05,0,0,0,17,0,3,90,0.85,1,0,0.15,1,0.85,0.918918918919,0.906962317388,0.85,0.85,4,7,0,0,0,0
3020,WLNM_dir_neg,0.897959183673,0.585286935287,00:00:00,10,70,36,1177447085,threshold_sweep,0.5,1,0.571428571429,0.727272727273,4,0,3,14,0.571428571429,1,0,0.428571428571,1,0.571428571429,0.727272727273,0.857142857143,0.603174603175,0.64,0.68599434057,0.571428571429,20,13,7,0,20,0,13,0,7,11,20,0.181818181818,3.04338842975,3.63636363636,2,2.5,1.68954001271,0.464623503495,0.245454545455,1.16774841624,0.642261628933,0.336363636364,1.94000937205,1.06700515463,0.536363636364,1.05689877454,0.347276990411,3.54545454545,3.04338842975,1.05689877454,3.54545454545,0.499047619048,0.4,8,0.0484848484848,0.255555555556,11,11,11,1,0,0.0909090909091,0.636363636364,0.272727272727,11,0.118181818182,3.72727272727,2.36363636364,1.3,1.625,1.43336856898,0.6064251638,0.286713286713,0.603022689156,0.510249967747,0.237762237762,1.40129809949,1.18571377649,0.503496503497,2.05382127221,0.551025219373,7,3.72727272727,2.05382127221,7,0,0,0,0,0.22962962963,11,11,11,1,0,0.0909090909091,0.636363636364,0.272727272727,11,17,0.154545454545,3.17727272727,3.09090909091,1.7,2.125,1.30034960334,0.420701342257,0.208556149733,0.820199532265,0.530717344407,0.267379679144,1.57249078621,1.01749403814,0.513368983957,1.2536673475,0.394573414091,4.4,3.17727272727,1.2536673475,4.4,0.213333333333,0.153846153846,2,0.0121212121212,0.205555555556,11,11,11,1,0,0.0909090909091,0.636363636364,0.272727272727,-3,-0.0272727272727,0.133884297521,-0.545454545455,-0.3,-0.375,-0.389190409368,-0.0439221612377,-0.0368983957219,-0.347548883978,-0.111544284527,-0.0689839572193,-0.367518585835,-0.0495111164884,-0.0229946524064,0.196768572961,0.0472964236795,0.854545454545,0.133884297521,0.196768572961,0.854545454545,-0.285714285714,-0.246153846154,-6,-0.0363636363636,-0.05,0,0,0,17,0,3,90,0.85,1,0,0.15,1,0.85,0.918918918919,0.906962317388,0.85,0.85,4,7,0,0,0,0
3021,WLNM_dir_neg,0.897959183673,0.585286935287,00:00:00,10,70,36,1177447085,threshold_sweep,0.6,1,0.571428571429,0.727272727273,4,0,3,14,0.571428571429,1,0,0.428571428571,1,0.571428571429,0.727272727273,0.857142857143,0.603174603175,0.64,0.68599434057,0.571428571429,20,13,7,0,20,0,13,0,7,11,20,0.181818181818,3.04338842975,3.63636363636,2,2.5,1.68954001271,0.464623503495,0.245454545455,1.16774841624,0.642261628933,0.336363636364,1.94000937205,1.06700515463,0.536363636364,1.05689877454,0.347276990411,3.54545454545,3.04338842975,1.05689877454,3.54545454545,0.499047619048,0.4,8,0.0484848484848,0.255555555556,11,11,11,1,0,0.0909090909091,0.636363636364,0.272727272727,11,0.118181818182,3.72727272727,2.36363636364,1.3,1.625,1.43336856898,0.6064251638,0.286713286713,0.603022689156,0.510249967747,0.237762237762,1.40129809949,1.18571377649,0.503496503497,2.05382127221,0.551025219373,7,3.72727272727,2.05382127221,7,0,0,0,0,0.22962962963,11,11,11,1,0,0.0909090909091,0.636363636364,0.272727272727,11,17,0.154545454545,3.17727272727,3.09090909091,1.7,2.125,1.30034960334,0.420701342257,0.208556149733,0.820199532265,0.530717344407,0.267379679144,1.57249078621,1.01749403814,0.513368983957,1.2536673475,0.394573414091,4.4,3.17727272727,1.2536673475,4.4,0.213333333333,0.153846153846,2,0.0121212121212,0.205555555556,11,11,11,1,0,0.0909090909091,0.636363636364,0.272727272727,-3,-0.0272727272727,0.133884297521,-0.545454545455,-0.3,-0.375,-0.389190409368,-0.0439221612377,-0.0368983957219,-0.347548883978,-0.111544284527,-0.0689839572193,-0.367518585835,-0.0495111164884,-0.0229946524064,0.196768572961,0.0472964236795,0.854545454545,0.133884297521,0.196768572961,0.854545454545,-0.285714285714,-0.246153846154,-6,-0.0363636363636,-0.05,0,0,0,17,0,3,90,0.85,1,0,0.15,1,0.85,0.918918918919,0.906962317388,0.85,0.85,4,7,0,0,0,0
3022,WLNM_dir_neg,0.897959183673,0.585286935287,00:00:00,10,70,36,1177447085,threshold_sweep,0.7,1,0.571428571429,0.727272727273,4,0,3,14,0.571428571429,1,0,0.428571428571,1,0.571428571429,0.727272727273,0.857142857143,0.603174603175,0.64,0.68599434057,0.571428571429,20,13,7,0,20,0,13,0,7,11,20,0.181818181818,3.04338842975,3.63636363636,2,2.5,1.68954001271,0.464623503495,0.245454545455,1.16774841624,0.642261628933,0.336363636364,1.94000937205,1.06700515463,0.536363636364,1.05689877454,0.347276990411,3.54545454545,3.04338842975,1.05689877454,3.54545454545,0.499047619048,0.4,8,0.0484848484848,0.255555555556,11,11,11,1,0,0.0909090909091,0.636363636364,0.272727272727,11,0.118181818182,3.72727272727,2.36363636364,1.3,1.625,1.43336856898,0.6064251638,0.286713286713,0.603022689156,0.510249967747,0.237762237762,1.40129809949,1.18571377649,0.503496503497,2.05382127221,0.551025219373,7,3.72727272727,2.05382127221,7,0,0,0,0,0.22962962963,11,11,11,1,0,0.0909090909091,0.636363636364,0.272727272727,11,17,0.154545454545,3.17727272727,3.09090909091,1.7,2.125,1.30034960334,0.420701342257,0.208556149733,0.820199532265,0.530717344407,0.267379679144,1.57249078621,1.01749403814,0.513368983957,1.2536673475,0.394573414091,4.4,3.17727272727,1.2536673475,4.4,0.213333333333,0.153846153846,2,0.0121212121212,0.205555555556,11,11,11,1,0,0.0909090909091,0.636363636364,0.272727272727,-3,-0.0272727272727,0.133884297521,-0.545454545455,-0.3,-0.375,-0.389190409368,-0.0439221612377,-0.0368983957219,-0.347548883978,-0.111544284527,-0.0689839572193,-0.367518585835,-0.0495111164884,-0.0229946524064,0.196768572961,0.0472964236795,0.854545454545,0.133884297521,0.196768572961,0.854545454545,-0.285714285714,-0.246153846154,-6,-0.0363636363636,-0.05,0,0,0,17,0,3,90,0.85,1,0,0.15,1,0.85,0.918918918919,0.906962317388,0.85,0.85,4,7,0,0,0,0
3023,WLNM_dir_neg,0.897959183673,0.585286935287,00:00:00,10,70,36,1177447085,threshold_sweep,0.8,1,0.571428571429,0.727272727273,4,0,3,14,0.571428571429,1,0,0.428571428571,1,0.571428571429,0.727272727273,0.857142857143,0.603174603175,0.64,0.68599434057,0.571428571429,20,13,7,0,20,0,13,0,7,11,20,0.181818181818,3.04338842975,3.63636363636,2,2.5,1.68954001271,0.464623503495,0.245454545455,1.16774841624,0.642261628933,0.336363636364,1.94000937205,1.06700515463,0.536363636364,1.05689877454,0.347276990411,3.54545454545,3.04338842975,1.05689877454,3.54545454545,0.499047619048,0.4,8,0.0484848484848,0.255555555556,11,11,11,1,0,0.0909090909091,0.636363636364,0.272727272727,11,0.118181818182,3.72727272727,2.36363636364,1.3,1.625,1.43336856898,0.6064251638,0.286713286713,0.603022689156,0.510249967747,0.237762237762,1.40129809949,1.18571377649,0.503496503497,2.05382127221,0.551025219373,7,3.72727272727,2.05382127221,7,0,0,0,0,0.22962962963,11,11,11,1,0,0.0909090909091,0.636363636364,0.272727272727,11,17,0.154545454545,3.17727272727,3.09090909091,1.7,2.125,1.30034960334,0.420701342257,0.208556149733,0.820199532265,0.530717344407,0.267379679144,1.57249078621,1.01749403814,0.513368983957,1.2536673475,0.394573414091,4.4,3.17727272727,1.2536673475,4.4,0.213333333333,0.153846153846,2,0.0121212121212,0.205555555556,11,11,11,1,0,0.0909090909091,0.636363636364,0.272727272727,-3,-0.0272727272727,0.133884297521,-0.545454545455,-0.3,-0.375,-0.389190409368,-0.0439221612377,-0.0368983957219,-0.347548883978,-0.111544284527,-0.0689839572193,-0.367518585835,-0.0495111164884,-0.0229946524064,0.196768572961,0.0472964236795,0.854545454545,0.133884297521,0.196768572961,0.854545454545,-0.285714285714,-0.246153846154,-6,-0.0363636363636,-0.05,0,0,0,17,0,3,90,0.85,1,0,0.15,1,0.85,0.918918918919,0.906962317388,0.85,0.85,4,7,0,0,0,0
3024,WLNM_dir_neg,0.897959183673,0.585286935287,00:00:00,10,70,36,1177447085,threshold_sweep,0.9,1,0.428571428571,0.6,3,0,4,14,0.428571428571,1,0,0.571428571429,1,0.428571428571,0.6,0.809523809524,0.619047619048,0.5,0.57735026919,0.428571428571,20,13,7,0,20,0,13,0,7,11,20,0.181818181818,3.04338842975,3.63636363636,2,2.5,1.68954001271,0.464623503495,0.245454545455,1.16774841624,0.642261628933,0.336363636364,1.94000937205,1.06700515463,0.536363636364,1.05689877454,0.347276990411,3.54545454545,3.04338842975,1.05689877454,3.54545454545,0.499047619048,0.4,8,0.0484848484848,0.255555555556,11,11,11,1,0,0.0909090909091,0.636363636364,0.272727272727,11,0.118181818182,3.72727272727,2.36363636364,1.3,1.625,1.43336856898,0.6064251638,0.286713286713,0.603022689156,0.510249967747,0.237762237762,1.40129809949,1.18571377649,0.503496503497,2.05382127221,0.551025219373,7,3.72727272727,2.05382127221,7,0,0,0,0,0.22962962963,11,11,11,1,0,0.0909090909091,0.636363636364,0.272727272727,11,16,0.145454545455,3.25,2.90909090909,1.6,2,1.22102788294,0.41972833476,0.181818181818,0.687551650952,0.47269176003,0.227272727273,1.50755672289,1.03644524699,0.511363636364,1.3758835545,0.423348786001,4.66666666667,3.25,1.3758835545,4.66666666667,0.213333333333,0.176470588235,2,0.0121212121212,0.192592592593,11,11,11,1,0,0.0909090909091,0.636363636364,0.272727272727,-4,-0.0363636363636,0.206611570248,-0.727272727273,-0.4,-0.5,-0.468512129772,-0.0448951687355,-0.0636363636364,-0.48019676529,-0.169569868904,-0.109090909091,-0.43245264916,-0.0305599076407,-0.025,0.318984779967,0.07607179559,1.12121212121,0.206611570248,0.318984779967,1.12121212121,-0.285714285714,-0.223529411765,-6,-0.0363636363636,-0.062962962963,0,0,0,16,0,4,90,0.8,1,0,0.2,1,0.8,0.888888888889,0.875189948987,0.8,0.8,3,7,0,0,0,0
3025,WLNM_dir_neg,0.877551020408,0.723511904762,00:00:00,10,70,37,1177447086,threshold_sweep,0.1,0.833333333333,0.714285714286,0.769230769231,5,1,2,13,0.714285714286,0.928571428571,0.0714285714286,0.285714285714,0.833333333333,0.714285714286,0.769230769231,0.857142857143,0.571428571429,0.666666666667,0.67082039325,0.642857142857,20,13,7,0,20,0,13,0,7,11,20,0.181818181818,3.04338842975,3.63636363636,2,2.5,1.68954001271,0.464623503495,0.245454545455,1.16774841624,0.642261628933,0.336363636364,1.94000937205,1.06700515463,0.536363636364,1.05689877454,0.347276990411,3.54545454545,3.04338842975,1.05689877454,3.54545454545,0.499047619048,0.4,8,0.0484848484848,0.255555555556,11,11,11,1,0,0.0909090909091,0.636363636364,0.272727272727,11,0.118181818182,3.72727272727,2.36363636364,1.3,1.625,1.43336856898,0.6064251638,0.286713286713,0.603022689156,0.510249967747,0.237762237762,1.40129809949,1.18571377649,0.503496503497,2.05382127221,0.551025219373,7,3.72727272727,2.05382127221,7,0,0,0,0,0.22962962963,11,11,11,1,0,0.0909090909091,0.636363636364,0.272727272727,11,19,0.172727272727,NaN,3.45454545455,1.72727272727,2.375,1.50755672289,0.436397998731,0.234449760766,0.786245393107,0.455194701272,0.22966507177,1.67874411933,0.971904490138,0.507177033493,NaN,NaN,NaN,NaN,NaN,NaN,0.3,0.235294117647,4,0.0242424242424,0.18696969697,11,11,0,1,2,0,0.727272727273,0.272727272727,-1,-0.00909090909091,NaN,-0.181818181818,-0.272727272727,-0.125,-0.18198328982,-0.0282255047641,-0.011004784689,-0.381503023135,-0.187066927661,-0.106698564593,-0.26126525272,-0.0951006644889,-0.0291866028708,NaN,NaN,NaN,NaN,NaN,NaN,-0.199047619048,-0.164705882353,-4,-0.0242424242424,-0.0685858585859,-0.0909090909091,0.0909090909091,0,18,1,2,89,0.9,0.988888888889,0.0111111111111,0.1,0.947368421053,0.9,0.923076923077,0.906956031802,0.888888888889,0.857142857143,6,7,0,0,0,0
3026,WLNM_dir_neg,0.877551020408,0.723511904762,00:00:00,10,70,37,1177447086,threshold_sweep,0.2,1,0.714285714286,0.833333333333,5,0,2,14,0.714285714286,1,0,0.285714285714,1,0.714285714286,0.833333333333,0.904761904762,0.587301587302,0.769230769231,0.790569415042,0.714285714286,20,13,7,0,20,0,13,0,7,11,20,0.181818181818,3.04338842975,3.63636363636,2,2.5,1.68954001271,0.464623503495,0.245454545455,1.16774841624,0.642261628933,0.336363636364,1.94000937205,1.06700515463,0.536363636364,1.05689877454,0.347276990411,3.54545454545,3.04338842975,1.05689877454,3.54545454545,0.499047619048,0.4,8,0.0484848484848,0.255555555556,11,11,11,1,0,0.0909090909091,0.636363636364,0.272727272727,11,0.118181818182,3.72727272727,2.36363636364,1.3,1.625,1.43336856898,0.6064251638,0.286713286713,0.603022689156,0.510249967747,0.237762237762,1.40129809949,1.18571377649,0.503496503497,2.05382127221,0.551025219373,7,3.72727272727,2.05382127221,7,0,0,0,0,0.22962962963,11,11,11,1,0,0.0909090909091,0.636363636364,0.272727272727,11,18,0.163636363636,3.11363636364,3.27272727273,1.8,2.25,1.42062726223,0.434080552347,0.227272727273,0.924416277737,0.564921058617,0.292929292929,1.68954001271,1.03249667443,0.525252525253,1.14353419474,0.367266456706,3.875,3.11363636364,1.14353419474,3.875,0.366666666667,0.266666666667,4,0.0242424242424,0.221111111111,11,11,11,1,0,0.0909090909091,0.636363636364,0.272727272727,-2,-0.0181818181818,0.0702479338843,-0.363636363636,-0.2,-0.25,-0.268912750482,-0.030542951148,-0.0181818181818,-0.243332138505,-0.0773405703161,-0.0434343434343,-0.250469359339,-0.0345084801933,-0.0111111111111,0.0866354202056,0.0199894662943,0.329545454545,0.0702479338843,0.0866354202056,0.329545454545,-0.132380952381,-0.133333333333,-4,-0.0242424242424,-0.0344444444444,0,0,0,18,0,2,90,0.9,1,0,0.1,1,0.9,0.947368421053,0.938314863257,0.9,0.9,5,7,0,0,0,0
3027,WLNM_dir_neg,0.877551020408,0.723511904762,00:00:00,10,70,37,1177447086,threshold_sweep,0.3,1,0.714285714286,0.833333333333,5,0,2,14,0.714285714286,1,0,0.285714285714,1,0.714285714286,0.833333333333,0.904761904762,0.587301587302,0.769230769231,0.790569415042,0.714285714286,20,13,7,0,20,0,13,0,7,11,20,0.181818181818,3.04338842975,3.63636363636,2,2.5,1.68954001271,0.464623503495,0.245454545455,1.16774841624,0.642261628933,0.336363636364,1.94000937205,1.06700515463,0.536363636364,1.05689877454,0.347276990411,3.54545454545,3.04338842975,1.05689877454,3.54545454545,0.499047619048,0.4,8,0.0484848484848,0.255555555556,11,11,11,1,0,0.0909090909091,0.636363636364,0.272727272727,11,0.118181818182,3.72727272727,2.36363636364,1.3,1.625,1.43336856898,0.6064251638,0.286713286713,0.603022689156,0.510249967747,0.237762237762,1.40129809949,1.18571377649,0.503496503497,2.05382127221,0.551025219373,7,3.72727272727,2.05382127221,7,0,0,0,0,0.22962962963,11,11,11,1,0,0.0909090909091,0.636363636364,0.272727272727,11,18,0.163636363636,3.11363636364,3.27272727273,1.8,2.25,1.42062726223,0.434080552347,0.227272727273,0.924416277737,0.564921058617,0.292929292929,1.68954001271,1.03249667443,0.525252525253,1.14353419474,0.367266456706,3.875,3.11363636364,1.14353419474,3.875,0.366666666667,0.266666666667,4,0.0242424242424,0.221111111111,11,11,11,1,0,0.0909090909091,0.636363636364,0.272727272727,-2,-0.0181818181818,0.0702479338843,-0.363636363636,-0.2,-0.25,-0.268912750482,-0.030542951148,-0.0181818181818,-0.243332138505,-0.0773405703161,-0.0434343434343,-0.250469359339,-0.0345084801933,-0.0111111111111,0.0866354202056,0.0199894662943,0.329545454545,0.0702479338843,0.0866354202056,0.329545454545,-0.132380952381,-0.133333333333,-4,-0.0242424242424,-0.0344444444444,0,0,0,18,0,2,90,0.9,1,0,0.1,1,0.9,0.947368421053,0.938314863257,0.9,0.9,5,7,0,0,0,0
3028,WLNM_dir_neg,0.877551020408,0.723511904762,00:00:00,10,70,37,1177447086,threshold_sweep,0.4,1,0.714285714286,0.833333333333,5,0,2,14,0.714285714286,1,0,0.285714285714,1,0.714285714286,0.833333333333,0.904761904762,0.587301587302,0.769230769231,0.790569415042,0.714285714286,20,13,7,0,20,0,13,0,7,11,20,0.181818181818,3.04338842975,3.63636363636,2,2.5,1.68954001271,0.464623503495,0.245454545455,1.16774841624,0.642261628933,0.336363636364,1.94000937205,1.06700515463,0.536363636364,1.05689877454,0.347276990411,3.54545454545,3.04338842975,1.05689877454,3.54545454545,0.499047619048,0.4,8,0.0484848484848,0.255555555556,11,11,11,1,0,0.0909090909091,0.636363636364,0.272727272727,11,0.118181818182,3.72727272727,2.36363636364,1.3,1.625,1.43336856898,0.6064251638,0.286713286713,0.603022689156,0.510249967747,0.237762237762,1.40129809949,1.18571377649,0.503496503497,2.05382127221,0.551025219373,7,3.72727272727,2.05382127221,7,0,0,0,0,0.22962962963,11,11,11,1,0,0.0909090909091,0.636363636364,0.272727272727,11,18,0.163636363636,3.11363636364,3.27272727273,1.8,2.25,1.42062726223,0.434080552347,0.227272727273,0.924416277737,0.564921058617,0.292929292929,1.68954001271,1.03249667443,0.525252525253,1.14353419474,0.367266456706,3.875,3.11363636364,1.14353419474,3.875,0.366666666667,0.266666666667,4,0.0242424242424,0.221111111111,11,11,11,1,0,0.0909090909091,0.636363636364,0.272727272727,-2,-0.0181818181818,0.0702479338843,-0.363636363636,-0.2,-0.25,-0.268912750482,-0.030542951148,-0.0181818181818,-0.243332138505,-0.0773405703161,-0.0434343434343,-0.250469359339,-0.0345084801933,-0.0111111111111,0.0866354202056,0.0199894662943,0.329545454545,0.0702479338843,0.0866354202056,0.329545454545,-0.132380952381,-0.133333333333,-4,-0.0242424242424,-0.0344444444444,0,0,0,18,0,2,90,0.9,1,0,0.1,1,0.9,0.947368421053,0.938314863257,0.9,0.9,5,7,0,0,0,0
3029,WLNM_dir_neg,0.877551020408,0.723511904762,00:00:00,10,70,37,1177447086,threshold_sweep,0.5,1,0.714285714286,0.833333333333,5,0,2,14,0.714285714286,1,0,0.285714285714,1,0.714285714286,0.833333333333,0.904761904762,0.587301587302,0.769230769231,0.790569415042,0.714285714286,20,13,7,0,20,0,13,0,7,11,20,0.181818181818,3.04338842975,3.63636363636,2,2.5,1.68954001271,0.464623503495,0.245454545455,1.16774841624,0.642261628933,0.336363636364,1.94000937205,1.06700515463,0.536363636364,1.05689877454,0.347276990411,3.54545454545,3.04338842975,1.05689877454,3.54545454545,0.499047619048,0.4,8,0.0484848484848,0.255555555556,11,11,11,1,0,0.0909090909091,0.636363636364,0.272727272727,11,0.118181818182,3.72727272727,2.36363636364,1.3,1.625,1.43336856898,0.6064251638,0.286713286713,0.603022689156,0.510249967747,0.237762237762,1.40129809949,1.18571377649,0.503496503497,2.05382127221,0.551025219373,7,3.72727272727,2.05382127221,7,0,0,0,0,0.22962962963,11,11,11,1,0,0.0909090909091,0.636363636364,0.272727272727,11,18,0.163636363636,3.11363636364,3.27272727273,1.8,2.25,1.42062726223,0.434080552347,0.227272727273,0.924416277737,0.564921058617,0.292929292929,1.68954001271,1.03249667443,0.525252525253,1.14353419474,0.367266456706,3.875,3.11363636364,1.14353419474,3.875,0.366666666667,0.266666666667,4,0.0242424242424,0.221111111111,11,11,11,1,0,0.0909090909091,0.636363636364,0.272727272727,-2,-0.0181818181818,0.0702479338843,-0.363636363636,-0.2,-0.25,-0.268912750482,-0.030542951148,-0.0181818181818,-0.243332138505,-0.0773405703161,-0.0434343434343,-0.250469359339,-0.0345084801933,-0.0111111111111,0.0866354202056,0.0199894662943,0.329545454545,0.0702479338843,0.0866354202056,0.329545454545,-0.132380952381,-0.133333333333,-4,-0.0242424242424,-0.0344444444444,0,0,0,18,0,2,90,0.9,1,0,0.1,1,0.9,0.947368421053,0.938314863257,0.9,0.9,5,7,0,0,0,0
3030,WLNM_dir_neg,0.877551020408,0.723511904762,00:00:00,10,70,37,1177447086,threshold_sweep,0.6,1,0.714285714286,0.833333333333,5,0,2,14,0.714285714286,1,0,0.285714285714,1,0.714285714286,0.833333333333,0.904761904762,0.587301587302,0.769230769231,0.790569415042,0.714285714286,20,13,7,0,20,0,13,0,7,11,20,0.181818181818,3.04338842975,3.63636363636,2,2.5,1.68954001271,0.464623503495,0.245454545455,1.16774841624,0.642261628933,0.336363636364,1.94000937205,1.06700515463,0.536363636364,1.05689877454,0.347276990411,3.54545454545,3.04338842975,1.05689877454,3.54545454545,0.499047619048,0.4,8,0.0484848484848,0.255555555556,11,11,11,1,0,0.0909090909091,0.636363636364,0.272727272727,11,0.118181818182,3.72727272727,2.36363636364,1.3,1.625,1.43336856898,0.6064251638,0.286713286713,0.603022689156,0.510249967747,0.237762237762,1.40129809949,1.18571377649,0.503496503497,2.05382127221,0.551025219373,7,3.72727272727,2.05382127221,7,0,0,0,0,0.22962962963,11,11,11,1,0,0.0909090909091,0.636363636364,0.272727272727,11,18,0.163636363636,3.11363636364,3.27272727273,1.8,2.25,1.42062726223,0.434080552347,0.227272727273,0.924416277737,0.564921058617,0.292929292929,1.68954001271,1.03249667443,0.525252525253,1.14353419474,0.367266456706,3.875,3.11363636364,1.14353419474,3.875,0.366666666667,0.266666666667,4,0.0242424242424,0.221111111111,11,11,11,1,0,0.0909090909091,0.636363636364,0.272727272727,-2,-0.0181818181818,0.0702479338843,-0.363636363636,-0.2,-0.25,-0.268912750482,-0.030542951148,-0.0181818181818,-0.243332138505,-0.0773405703161,-0.0434343434343,-0.250469359339,-0.0345084801933,-0.0111111111111,0.0866354202056,0.0199894662943,0.329545454545,0.0702479338843,0.0866354202056,0.329545454545,-0.132380952381,-0.133333333333,-4,-0.0242424242424,-0.0344444444444,0,0,0,18,0,2,90,0.9,1,0,0.1,1,0.9,0.947368421053,0.938314863257,0.9,0.9,5,7,0,0,0,0
3031,WLNM_dir_neg,0.877551020408,0.723511904762,00:00:00,10,70,37,1177447086,threshold_sweep,0.7,1,0.714285714286,0.833333333333,5,0,2,14,0.714285714286,1,0,0.285714285714,1,0.714285714286,0.833333333333,0.904761904762,0.587301587302,0.769230769231,0.790569415042,0.714285714286,20,13,7,0,20,0,13,0,7,11,20,0.181818181818,3.04338842975,3.63636363636,2,2.5,1.68954001271,0.464623503495,0.245454545455,1.16774841624,0.642261628933,0.336363636364,1.94000937205,1.06700515463,0.536363636364,1.05689877454,0.347276990411,3.54545454545,3.04338842975,1.05689877454,3.54545454545,0.499047619048,0.4,8,0.0484848484848,0.255555555556,11,11,11,1,0,0.0909090909091,0.636363636364,0.272727272727,11,0.118181818182,3.72727272727,2.36363636364,1.3,1.625,1.43336856898,0.6064251638,0.286713286713,0.603022689156,0.510249967747,0.237762237762,1.40129809949,1.18571377649,0.503496503497,2.05382127221,0.551025219373,7,3.72727272727,2.05382127221,7,0,0,0,0,0.22962962963,11,11,11,1,0,0.0909090909091,0.636363636364,0.272727272727,11,18,0.163636363636,3.11363636364,3.27272727273,1.8,2.25,1.42062726223,0.434080552347,0.227272727273,0.924416277737,0.564921058617,0.292929292929,1.68954001271,1.03249667443,0.525252525253,1.14353419474,0.367266456706,3.875,3.11363636364,1.14353419474,3.875,0.366666666667,0.266666666667,4,0.0242424242424,0.221111111111,11,11,11,1,0,0.0909090909091,0.636363636364,0.272727272727,-2,-0.0181818181818,0.0702479338843,-0.363636363636,-0.2,-0.25,-0.268912750482,-0.030542951148,-0.0181818181818,-0.243332138505,-0.0773405703161,-0.0434343434343,-0.250469359339,-0.0345084801933,-0.0111111111111,0.0866354202056,0.0199894662943,0.329545454545,0.0702479338843,0.0866354202056,0.329545454545,-0.132380952381,-0.133333333333,-4,-0.0242424242424,-0.0344444444444,0,0,0,18,0,2,90,0.9,1,0,0.1,1,0.9,0.947368421053,0.938314863257,0.9,0.9,5,7,0,0,0,0
3032,WLNM_dir_neg,0.877551020408,0.723511904762,00:00:00,10,70,37,1177447086,threshold_sweep,0.8,1,0.571428571429,0.727272727273,4,0,3,14,0.571428571429,1,0,0.428571428571,1,0.571428571429,0.727272727273,0.857142857143,0.603174603175,0.64,0.68599434057,0.571428571429,20,13,7,0,20,0,13,0,7,11,20,0.181818181818,3.04338842975,3.63636363636,2,2.5,1.68954001271,0.464623503495,0.245454545455,1.16774841624,0.642261628933,0.336363636364,1.94000937205,1.06700515463,0.536363636364,1.05689877454,0.347276990411,3.54545454545,3.04338842975,1.05689877454,3.54545454545,0.499047619048,0.4,8,0.0484848484848,0.255555555556,11,11,11,1,0,0.0909090909091,0.636363636364,0.272727272727,11,0.118181818182,3.72727272727,2.36363636364,1.3,1.625,1.43336856898,0.6064251638,0.286713286713,0.603022689156,0.510249967747,0.237762237762,1.40129809949,1.18571377649,0.503496503497,2.05382127221,0.551025219373,7,3.72727272727,2.05382127221,7,0,0,0,0,0.22962962963,11,11,11,1,0,0.0909090909091,0.636363636364,0.272727272727,11,17,0.154545454545,3.17727272727,3.09090909091,1.7,2.125,1.30034960334,0.420701342257,0.208556149733,0.820199532265,0.530717344407,0.267379679144,1.57249078621,1.01749403814,0.513368983957,1.2536673475,0.394573414091,4.4,3.17727272727,1.2536673475,4.4,0.213333333333,0.153846153846,2,0.0121212121212,0.205555555556,11,11,11,1,0,0.0909090909091,0.636363636364,0.272727272727,-3,-0.0272727272727,0.133884297521,-0.545454545455,-0.3,-0.375,-0.389190409368,-0.0439221612377,-0.0368983957219,-0.347548883978,-0.111544284527,-0.0689839572193,-0.367518585835,-0.0495111164884,-0.0229946524064,0.196768572961,0.0472964236795,0.854545454545,0.133884297521,0.196768572961,0.854545454545,-0.285714285714,-0.246153846154,-6,-0.0363636363636,-0.05,0,0,0,17,0,3,90,0.85,1,0,0.15,1,0.85,0.918918918919,0.906962317388,0.85,0.85,4,7,0,0,0,0
3033,WLNM_dir_neg,0.877551020408,0.723511904762,00:00:00,10,70,37,1177447086,threshold_sweep,0.9,1,0.571428571429,0.727272727273,4,0,3,14,0.571428571429,1,0,0.428571428571,1,0.571428571429,0.727272727273,0.857142857143,0.603174603175,0.64,0.68599434057,0.571428571429,20,13,7,0,20,0,13,0,7,11,20,0.181818181818,3.04338842975,3.63636363636,2,2.5,1.68954001271,0.464623503495,0.245454545455,1.16774841624,0.642261628933,0.336363636364,1.94000937205,1.06700515463,0.536363636364,1.05689877454,0.347276990411,3.54545454545,3.04338842975,1.05689877454,3.54545454545,0.499047619048,0.4,8,0.0484848484848,0.255555555556,11,11,11,1,0,0.0909090909091,0.636363636364,0.272727272727,11,0.118181818182,3.72727272727,2.36363636364,1.3,1.625,1.43336856898,0.6064251638,0.286713286713,0.603022689156,0.510249967747,0.237762237762,1.40129809949,1.18571377649,0.503496503497,2.05382127221,0.551025219373,7,3.72727272727,2.05382127221,7,0,0,0,0,0.22962962963,11,11,11,1,0,0.0909090909091,0.636363636364,0.272727272727,11,17,0.154545454545,3.17727272727,3.09090909091,1.7,2.125,1.30034960334,0.420701342257,0.208556149733,0.820199532265,0.530717344407,0.267379679144,1.57249078621,1.01749403814,0.513368983957,1.2536673475,0.394573414091,4.4,3.17727272727,1.2536673475,4.4,0.213333333333,0.153846153846,2,0.0121212121212,0.205555555556,11,11,11,1,0,0.0909090909091,0.636363636364,0.272727272727,-3,-0.0272727272727,0.133884297521,-0.545454545455,-0.3,-0.375,-0.389190409368,-0.0439221612377,-0.0368983957219,-0.347548883978,-0.111544284527,-0.0689839572193,-0.367518585835,-0.0495111164884,-0.0229946524064,0.196768572961,0.0472964236795,0.854545454545,0.133884297521,0.196768572961,0.854545454545,-0.285714285714,-0.246153846154,-6,-0.0363636363636,-0.05,0,0,0,17,0,3,90,0.85,1,0,0.15,1,0.85,0.918918918919,0.906962317388,0.85,0.85,4,7,0,0,0,0
3034,WLNM_dir_neg,0.887755102041,0.72027972028,00:00:00,10,70,38,1177447087,threshold_sweep,0.1,1,0.714285714286,0.833333333333,5,0,2,14,0.714285714286,1,0,0.285714285714,1,0.714285714286,0.833333333333,0.904761904762,0.587301587302,0.769230769231,0.790569415042,0.714285714286,20,13,7,0,20,0,13,0,7,11,20,0.181818181818,3.04338842975,3.63636363636,2,2.5,1.68954001271,0.464623503495,0.245454545455,1.16774841624,0.642261628933,0.336363636364,1.94000937205,1.06700515463,0.536363636364,1.05689877454,0.347276990411,3.54545454545,3.04338842975,1.05689877454,3.54545454545,0.499047619048,0.4,8,0.0484848484848,0.255555555556,11,11,11,1,0,0.0909090909091,0.636363636364,0.272727272727,11,0.118181818182,3.72727272727,2.36363636364,1.3,1.625,1.43336856898,0.6064251638,0.286713286713,0.603022689156,0.510249967747,0.237762237762,1.40129809949,1.18571377649,0.503496503497,2.05382127221,0.551025219373,7,3.72727272727,2.05382127221,7,0,0,0,0,0.22962962963,11,11,11,1,0,0.0909090909091,0.636363636364,0.272727272727,11,18,0.163636363636,3.11363636364,3.27272727273,1.8,2.25,1.42062726223,0.434080552347,0.227272727273,0.924416277737,0.564921058617,0.292929292929,1.68954001271,1.03249667443,0.525252525253,1.14353419474,0.367266456706,3.875,3.11363636364,1.14353419474,3.875,0.366666666667,0.266666666667,4,0.0242424242424,0.221111111111,11,11,11,1,0,0.0909090909091,0.636363636364,0.272727272727,-2,-0.0181818181818,0.0702479338843,-0.363636363636,-0.2,-0.25,-0.268912750482,-0.030542951148,-0.0181818181818,-0.243332138505,-0.0773405703161,-0.0434343434343,-0.250469359339,-0.0345084801933,-0.0111111111111,0.0866354202056,0.0199894662943,0.329545454545,0.0702479338843,0.0866354202056,0.329545454545,-0.132380952381,-0.133333333333,-4,-0.0242424242424,-0.0344444444444,0,0,0,18,0,2,90,0.9,1,0,0.1,1,0.9,0.947368421053,0.938314863257,0.9,0.9,5,7,0,0,0,0
3035,WLNM_dir_neg,0.887755102041,0.72027972028,00:00:00,10,70,38,1177447087,threshold_sweep,0.2,1,0.714285714286,0.833333333333,5,0,2,14,0.714285714286,1,0,0.285714285714,1,0.714285714286,0.833333333333,0.904761904762,0.587301587302,0.769230769231,0.790569415042,0.714285714286,20,13,7,0,20,0,13,0,7,11,20,0.181818181818,3.04338842975,3.63636363636,2,2.5,1.68954001271,0.464623503495,0.245454545455,1.16774841624,0.642261628933,0.336363636364,1.94000937205,1.06700515463,0.536363636364,1.05689877454,0.347276990411,3.54545454545,3.04338842975,1.05689877454,3.54545454545,0.499047619048,0.4,8,0.0484848484848,0.255555555556,11,11,11,1,0,0.0909090909091,0.636363636364,0.272727272727,11,0.118181818182,3.72727272727,2.36363636364,1.3,1.625,1.43336856898,0.6064251638,0.286713286713,0.603022689156,0.510249967747,0.237762237762,1.40129809949,1.18571377649,0.503496503497,2.05382127221,0.551025219373,7,3.72727272727,2.05382127221,7,0,0,0,0,0.22962962963,11,11,11,1,0,0.0909090909091,0.636363636364,0.272727272727,11,18,0.163636363636,3.11363636364,3.27272727273,1.8,2.25,1.42062726223,0.434080552347,0.227272727273,0.924416277737,0.564921058617,0.292929292929,1.68954001271,1.03249667443,0.525252525253,1.14353419474,0.367266456706,3.875,3.11363636364,1.14353419474,3.875,0.366666666667,0.266666666667,4,0.0242424242424,0.221111111111,11,11,11,1,0,0.0909090909091,0.636363636364,0.272727272727,-2,-0.0181818181818,0.0702479338843,-0.363636363636,-0.2,-0.25,-0.268912750482,-0.030542951148,-0.0181818181818,-0.243332138505,-0.0773405703161,-0.0434343434343,-0.250469359339,-0.0345084801933,-0.0111111111111,0.0866354202056,0.0199894662943,0.329545454545,0.0702479338843,0.0866354202056,0.329545454545,-0.132380952381,-0.133333333333,-4,-0.0242424242424,-0.0344444444444,0,0,0,18,0,2,90,0.9,1,0,0.1,1,0.9,0.947368421053,0.938314863257,0.9,0.9,5,7,0,0,0,0
3036,WLNM_dir_neg,0.887755102041,0.72027972028,00:00:00,10,70,38,1177447087,threshold_sweep,0.3,1,0.714285714286,0.833333333333,5,0,2,14,0.714285714286,1,0,0.285714285714,1,0.714285714286,0.833333333333,0.904761904762,0.587301587302,0.769230769231,0.790569415042,0.714285714286,20,13,7,0,20,0,13,0,7,11,20,0.181818181818,3.04338842975,3.63636363636,2,2.5,1.68954001271,0.464623503495,0.245454545455,1.16774841624,0.642261628933,0.336363636364,1.94000937205,1.06700515463,0.536363636364,1.05689877454,0.347276990411,3.54545454545,3.04338842975,1.05689877454,3.54545454545,0.499047619048,0.4,8,0.0484848484848,0.255555555556,11,11,11,1,0,0.0909090909091,0.636363636364,0.272727272727,11,0.118181818182,3.72727272727,2.36363636364,1.3,1.625,1.43336856898,0.6064251638,0.286713286713,0.603022689156,0.510249967747,0.237762237762,1.40129809949,1.18571377649,0.503496503497,2.05382127221,0.551025219373,7,3.72727272727,2.05382127221,7,0,0,0,0,0.22962962963,11,11,11,1,0,0.0909090909091,0.636363636364,0.272727272727,11,18,0.163636363636,3.11363636364,3.27272727273,1.8,2.25,1.42062726223,0.434080552347,0.227272727273,0.924416277737,0.564921058617,0.292929292929,1.68954001271,1.03249667443,0.525252525253,1.14353419474,0.367266456706,3.875,3.11363636364,1.14353419474,3.875,0.366666666667,0.266666666667,4,0.0242424242424,0.221111111111,11,11,11,1,0,0.0909090909091,0.636363636364,0.272727272727,-2,-0.0181818181818,0.0702479338843,-0.363636363636,-0.2,-0.25,-0.268912750482,-0.030542951148,-0.0181818181818,-0.243332138505,-0.0773405703161,-0.0434343434343,-0.250469359339,-0.0345084801933,-0.0111111111111,0.0866354202056,0.0199894662943,0.329545454545,0.0702479338843,0.0866354202056,0.329545454545,-0.132380952381,-0.133333333333,-4,-0.0242424242424,-0.0344444444444,0,0,0,18,0,2,90,0.9,1,0,0.1,1,0.9,0.947368421053,0.938314863257,0.9,0.9,5,7,0,0,0,0
3037,WLNM_dir_neg,0.887755102041,0.72027972028,00:00:00,10,70,38,1177447087,threshold_sweep,0.4,1,0.714285714286,0.833333333333,5,0,2,14,0.714285714286,1,0,0.285714285714,1,0.714285714286,0.833333333333,0.904761904762,0.587301587302,0.769230769231,0.790569415042,0.714285714286,20,13,7,0,20,0,13,0,7,11,20,0.181818181818,3.04338842975,3.63636363636,2,2.5,1.68954001271,0.464623503495,0.245454545455,1.16774841624,0.642261628933,0.336363636364,1.94000937205,1.06700515463,0.536363636364,1.05689877454,0.347276990411,3.54545454545,3.04338842975,1.05689877454,3.54545454545,0.499047619048,0.4,8,0.0484848484848,0.255555555556,11,11,11,1,0,0.0909090909091,0.636363636364,0.272727272727,11,0.118181818182,3.72727272727,2.36363636364,1.3,1.625,1.43336856898,0.6064251638,0.286713286713,0.603022689156,0.510249967747,0.237762237762,1.40129809949,1.18571377649,0.503496503497,2.05382127221,0.551025219373,7,3.72727272727,2.05382127221,7,0,0,0,0,0.22962962963,11,11,11,1,0,0.0909090909091,0.636363636364,0.272727272727,11,18,0.163636363636,3.11363636364,3.27272727273,1.8,2.25,1.42062726223,0.434080552347,0.227272727273,0.924416277737,0.564921058617,0.292929292929,1.68954001271,1.03249667443,0.525252525253,1.14353419474,0.367266456706,3.875,3.11363636364,1.14353419474,3.875,0.366666666667,0.266666666667,4,0.0242424242424,0.221111111111,11,11,11,1,0,0.0909090909091,0.636363636364,0.272727272727,-2,-0.0181818181818,0.0702479338843,-0.363636363636,-0.2,-0.25,-0.268912750482,-0.030542951148,-0.0181818181818,-0.243332138505,-0.0773405703161,-0.0434343434343,-0.250469359339,-0.0345084801933,-0.0111111111111,0.0866354202056,0.0199894662943,0.329545454545,0.0702479338843,0.0866354202056,0.329545454545,-0.132380952381,-0.133333333333,-4,-0.0242424242424,-0.0344444444444,0,0,0,18,0,2,90,0.9,1,0,0.1,1,0.9,0.947368421053,0.938314863257,0.9,0.9,5,7,0,0,0,0
3038,WLNM_dir_neg,0.887755102041,0.72027972028,00:00:00,10,70,38,1177447087,threshold_sweep,0.5,1,0.714285714286,0.833333333333,5,0,2,14,0.714285714286,1,0,0.285714285714,1,0.714285714286,0.833333333333,0.904761904762,0.587301587302,0.769230769231,0.790569415042,0.714285714286,20,13,7,0,20,0,13,0,7,11,20,0.181818181818,3.04338842975,3.63636363636,2,2.5,1.68954001271,0.464623503495,0.245454545455,1.16774841624,0.642261628933,0.336363636364,1.94000937205,1.06700515463,0.536363636364,1.05689877454,0.347276990411,3.54545454545,3.04338842975,1.05689877454,3.54545454545,0.499047619048,0.4,8,0.0484848484848,0.255555555556,11,11,11,1,0,0.0909090909091,0.636363636364,0.272727272727,11,0.118181818182,3.72727272727,2.36363636364,1.3,1.625,1.43336856898,0.6064251638,0.286713286713,0.603022689156,0.510249967747,0.237762237762,1.40129809949,1.18571377649,0.503496503497,2.05382127221,0.551025219373,7,3.72727272727,2.05382127221,7,0,0,0,0,0.22962962963,11,11,11,1,0,0.0909090909091,0.636363636364,0.272727272727,11,18,0.163636363636,3.11363636364,3.27272727273,1.8,2.25,1.42062726223,0.434080552347,0.227272727273,0.924416277737,0.564921058617,0.292929292929,1.68954001271,1.03249667443,0.525252525253,1.14353419474,0.367266456706,3.875,3.11363636364,1.14353419474,3.875,0.366666666667,0.266666666667,4,0.0242424242424,0.221111111111,11,11,11,1,0,0.0909090909091,0.636363636364,0.272727272727,-2,-0.0181818181818,0.0702479338843,-0.363636363636,-0.2,-0.25,-0.268912750482,-0.030542951148,-0.0181818181818,-0.243332138505,-0.0773405703161,-0.0434343434343,-0.250469359339,-0.0345084801933,-0.0111111111111,0.0866354202056,0.0199894662943,0.329545454545,0.0702479338843,0.0866354202056,0.329545454545,-0.132380952381,-0.133333333333,-4,-0.0242424242424,-0.0344444444444,0,0,0,18,0,2,90,0.9,1,0,0.1,1,0.9,0.947368421053,0.938314863257,0.9,0.9,5,7,0,0,0,0
3039,WLNM_dir_neg,0.887755102041,0.72027972028,00:00:00,10,70,38,1177447087,threshold_sweep,0.6,1,0.714285714286,0.833333333333,5,0,2,14,0.714285714286,1,0,0.285714285714,1,0.714285714286,0.833333333333,0.904761904762,0.587301587302,0.769230769231,0.790569415042,0.714285714286,20,13,7,0,20,0,13,0,7,11,20,0.181818181818,3.04338842975,3.63636363636,2,2.5,1.68954001271,0.464623503495,0.245454545455,1.16774841624,0.642261628933,0.336363636364,1.94000937205,1.06700515463,0.536363636364,1.05689877454,0.347276990411,3.54545454545,3.04338842975,1.05689877454,3.54545454545,0.499047619048,0.4,8,0.0484848484848,0.255555555556,11,11,11,1,0,0.0909090909091,0.636363636364,0.272727272727,11,0.118181818182,3.72727272727,2.36363636364,1.3,1.625,1.43336856898,0.6064251638,0.286713286713,0.603022689156,0.510249967747,0.237762237762,1.40129809949,1.18571377649,0.503496503497,2.05382127221,0.551025219373,7,3.72727272727,2.05382127221,7,0,0,0,0,0.22962962963,11,11,11,1,0,0.0909090909091,0.636363636364,0.272727272727,11,18,0.163636363636,3.11363636364,3.27272727273,1.8,2.25,1.42062726223,0.434080552347,0.227272727273,0.924416277737,0.564921058617,0.292929292929,1.68954001271,1.03249667443,0.525252525253,1.14353419474,0.367266456706,3.875,3.11363636364,1.14353419474,3.875,0.366666666667,0.266666666667,4,0.0242424242424,0.221111111111,11,11,11,1,0,0.0909090909091,0.636363636364,0.272727272727,-2,-0.0181818181818,0.0702479338843,-0.363636363636,-0.2,-0.25,-0.268912750482,-0.030542951148,-0.0181818181818,-0.243332138505,-0.0773405703161,-0.0434343434343,-0.250469359339,-0.0345084801933,-0.0111111111111,0.0866354202056,0.0199894662943,0.329545454545,0.0702479338843,0.0866354202056,0.329545454545,-0.132380952381,-0.133333333333,-4,-0.0242424242424,-0.0344444444444,0,0,0,18,0,2,90,0.9,1,0,0.1,1,0.9,0.947368421053,0.938314863257,0.9,0.9,5,7,0,0,0,0
3040,WLNM_dir_neg,0.887755102041,0.72027972028,00:00:00,10,70,38,1177447087,threshold_sweep,0.7,1,0.714285714286,0.833333333333,5,0,2,14,0.714285714286,1,0,0.285714285714,1,0.714285714286,0.833333333333,0.904761904762,0.587301587302,0.769230769231,0.790569415042,0.714285714286,20,13,7,0,20,0,13,0,7,11,20,0.181818181818,3.04338842975,3.63636363636,2,2.5,1.68954001271,0.464623503495,0.245454545455,1.16774841624,0.642261628933,0.336363636364,1.94000937205,1.06700515463,0.536363636364,1.05689877454,0.347276990411,3.54545454545,3.04338842975,1.05689877454,3.54545454545,0.499047619048,0.4,8,0.0484848484848,0.255555555556,11,11,11,1,0,0.0909090909091,0.636363636364,0.272727272727,11,0.118181818182,3.72727272727,2.36363636364,1.3,1.625,1.43336856898,0.6064251638,0.286713286713,0.603022689156,0.510249967747,0.237762237762,1.40129809949,1.18571377649,0.503496503497,2.05382127221,0.551025219373,7,3.72727272727,2.05382127221,7,0,0,0,0,0.22962962963,11,11,11,1,0,0.0909090909091,0.636363636364,0.272727272727,11,18,0.163636363636,3.11363636364,3.27272727273,1.8,2.25,1.42062726223,0.434080552347,0.227272727273,0.924416277737,0.564921058617,0.292929292929,1.68954001271,1.03249667443,0.525252525253,1.14353419474,0.367266456706,3.875,3.11363636364,1.14353419474,3.875,0.366666666667,0.266666666667,4,0.0242424242424,0.221111111111,11,11,11,1,0,0.0909090909091,0.636363636364,0.272727272727,-2,-0.0181818181818,0.0702479338843,-0.363636363636,-0.2,-0.25,-0.268912750482,-0.030542951148,-0.0181818181818,-0.243332138505,-0.0773405703161,-0.0434343434343,-0.250469359339,-0.0345084801933,-0.0111111111111,0.0866354202056,0.0199894662943,0.329545454545,0.0702479338843,0.0866354202056,0.329545454545,-0.132380952381,-0.133333333333,-4,-0.0242424242424,-0.0344444444444,0,0,0,18,0,2,90,0.9,1,0,0.1,1,0.9,0.947368421053,0.938314863257,0.9,0.9,5,7,0,0,0,0
3041,WLNM_dir_neg,0.887755102041,0.72027972028,00:00:00,10,70,38,1177447087,threshold_sweep,0.8,1,0.714285714286,0.833333333333,5,0,2,14,0.714285714286,1,0,0.285714285714,1,0.714285714286,0.833333333333,0.904761904762,0.587301587302,0.769230769231,0.790569415042,0.714285714286,20,13,7,0,20,0,13,0,7,11,20,0.181818181818,3.04338842975,3.63636363636,2,2.5,1.68954001271,0.464623503495,0.245454545455,1.16774841624,0.642261628933,0.336363636364,1.94000937205,1.06700515463,0.536363636364,1.05689877454,0.347276990411,3.54545454545,3.04338842975,1.05689877454,3.54545454545,0.499047619048,0.4,8,0.0484848484848,0.255555555556,11,11,11,1,0,0.0909090909091,0.636363636364,0.272727272727,11,0.118181818182,3.72727272727,2.36363636364,1.3,1.625,1.43336856898,0.6064251638,0.286713286713,0.603022689156,0.510249967747,0.237762237762,1.40129809949,1.18571377649,0.503496503497,2.05382127221,0.551025219373,7,3.72727272727,2.05382127221,7,0,0,0,0,0.22962962963,11,11,11,1,0,0.0909090909091,0.636363636364,0.272727272727,11,18,0.163636363636,3.11363636364,3.27272727273,1.8,2.25,1.42062726223,0.434080552347,0.227272727273,0.924416277737,0.564921058617,0.292929292929,1.68954001271,1.03249667443,0.525252525253,1.14353419474,0.367266456706,3.875,3.11363636364,1.14353419474,3.875,0.366666666667,0.266666666667,4,0.0242424242424,0.221111111111,11,11,11,1,0,0.0909090909091,0.636363636364,0.272727272727,-2,-0.0181818181818,0.0702479338843,-0.363636363636,-0.2,-0.25,-0.268912750482,-0.030542951148,-0.0181818181818,-0.243332138505,-0.0773405703161,-0.0434343434343,-0.250469359339,-0.0345084801933,-0.0111111111111,0.0866354202056,0.0199894662943,0.329545454545,0.0702479338843,0.0866354202056,0.329545454545,-0.132380952381,-0.133333333333,-4,-0.0242424242424,-0.0344444444444,0,0,0,18,0,2,90,0.9,1,0,0.1,1,0.9,0.947368421053,0.938314863257,0.9,0.9,5,7,0,0,0,0
3042,WLNM_dir_neg,0.887755102041,0.72027972028,00:00:00,10,70,38,1177447087,threshold_sweep,0.9,1,0.714285714286,0.833333333333,5,0,2,14,0.714285714286,1,0,0.285714285714,1,0.714285714286,0.833333333333,0.904761904762,0.587301587302,0.769230769231,0.790569415042,0.714285714286,20,13,7,0,20,0,13,0,7,11,20,0.181818181818,3.04338842975,3.63636363636,2,2.5,1.68954001271,0.464623503495,0.245454545455,1.16774841624,0.642261628933,0.336363636364,1.94000937205,1.06700515463,0.536363636364,1.05689877454,0.347276990411,3.54545454545,3.04338842975,1.05689877454,3.54545454545,0.499047619048,0.4,8,0.0484848484848,0.255555555556,11,11,11,1,0,0.0909090909091,0.636363636364,0.272727272727,11,0.118181818182,3.72727272727,2.36363636364,1.3,1.625,1.43336856898,0.6064251638,0.286713286713,0.603022689156,0.510249967747,0.237762237762,1.40129809949,1.18571377649,0.503496503497,2.05382127221,0.551025219373,7,3.72727272727,2.05382127221,7,0,0,0,0,0.22962962963,11,11,11,1,0,0.0909090909091,0.636363636364,0.272727272727,11,18,0.163636363636,3.11363636364,3.27272727273,1.8,2.25,1.42062726223,0.434080552347,0.227272727273,0.924416277737,0.564921058617,0.292929292929,1.68954001271,1.03249667443,0.525252525253,1.14353419474,0.367266456706,3.875,3.11363636364,1.14353419474,3.875,0.366666666667,0.266666666667,4,0.0242424242424,0.221111111111,11,11,11,1,0,0.0909090909091,0.636363636364,0.272727272727,-2,-0.0181818181818,0.0702479338843,-0.363636363636,-0.2,-0.25,-0.268912750482,-0.030542951148,-0.0181818181818,-0.243332138505,-0.0773405703161,-0.0434343434343,-0.250469359339,-0.0345084801933,-0.0111111111111,0.0866354202056,0.0199894662943,0.329545454545,0.0702479338843,0.0866354202056,0.329545454545,-0.132380952381,-0.133333333333,-4,-0.0242424242424,-0.0344444444444,0,0,0,18,0,2,90,0.9,1,0,0.1,1,0.9,0.947368421053,0.938314863257,0.9,0.9,5,7,0,0,0,0
3043,WLNM_dir_neg,0.897959183673,0.728144078144,00:00:00,10,70,39,1177447088,threshold_sweep,0.1,1,0.714285714286,0.833333333333,5,0,2,14,0.714285714286,1,0,0.285714285714,1,0.714285714286,0.833333333333,0.904761904762,0.587301587302,0.769230769231,0.790569415042,0.714285714286,20,13,7,0,20,0,13,0,7,11,20,0.181818181818,3.04338842975,3.63636363636,2,2.5,1.68954001271,0.464623503495,0.245454545455,1.16774841624,0.642261628933,0.336363636364,1.94000937205,1.06700515463,0.536363636364,1.05689877454,0.347276990411,3.54545454545,3.04338842975,1.05689877454,3.54545454545,0.499047619048,0.4,8,0.0484848484848,0.255555555556,11,11,11,1,0,0.0909090909091,0.636363636364,0.272727272727,11,0.118181818182,3.72727272727,2.36363636364,1.3,1.625,1.43336856898,0.6064251638,0.286713286713,0.603022689156,0.510249967747,0.237762237762,1.40129809949,1.18571377649,0.503496503497,2.05382127221,0.551025219373,7,3.72727272727,2.05382127221,7,0,0,0,0,0.22962962963,11,11,11,1,0,0.0909090909091,0.636363636364,0.272727272727,11,18,0.163636363636,3.11363636364,3.27272727273,1.8,2.25,1.42062726223,0.434080552347,0.227272727273,0.924416277737,0.564921058617,0.292929292929,1.68954001271,1.03249667443,0.525252525253,1.14353419474,0.367266456706,3.875,3.11363636364,1.14353419474,3.875,0.366666666667,0.266666666667,4,0.0242424242424,0.221111111111,11,11,11,1,0,0.0909090909091,0.636363636364,0.272727272727,-2,-0.0181818181818,0.0702479338843,-0.363636363636,-0.2,-0.25,-0.268912750482,-0.030542951148,-0.0181818181818,-0.243332138505,-0.0773405703161,-0.0434343434343,-0.250469359339,-0.0345084801933,-0.0111111111111,0.0866354202056,0.0199894662943,0.329545454545,0.0702479338843,0.0866354202056,0.329545454545,-0.132380952381,-0.133333333333,-4,-0.0242424242424,-0.0344444444444,0,0,0,18,0,2,90,0.9,1,0,0.1,1,0.9,0.947368421053,0.938314863257,0.9,0.9,5,7,0,0,0,0
3044,WLNM_dir_neg,0.897959183673,0.728144078144,00:00:00,10,70,39,1177447088,threshold_sweep,0.2,1,0.571428571429,0.727272727273,4,0,3,14,0.571428571429,1,0,0.428571428571,1,0.571428571429,0.727272727273,0.857142857143,0.603174603175,0.64,0.68599434057,0.571428571429,20,13,7,0,20,0,13,0,7,11,20,0.181818181818,3.04338842975,3.63636363636,2,2.5,1.68954001271,0.464623503495,0.245454545455,1.16774841624,0.642261628933,0.336363636364,1.94000937205,1.06700515463,0.536363636364,1.05689877454,0.347276990411,3.54545454545,3.04338842975,1.05689877454,3.54545454545,0.499047619048,0.4,8,0.0484848484848,0.255555555556,11,11,11,1,0,0.0909090909091,0.636363636364,0.272727272727,11,0.118181818182,3.72727272727,2.36363636364,1.3,1.625,1.43336856898,0.6064251638,0.286713286713,0.603022689156,0.510249967747,0.237762237762,1.40129809949,1.18571377649,0.503496503497,2.05382127221,0.551025219373,7,3.72727272727,2.05382127221,7,0,0,0,0,0.22962962963,11,11,11,1,0,0.0909090909091,0.636363636364,0.272727272727,11,17,0.154545454545,3.15909090909,3.09090909091,1.7,2.125,1.30034960334,0.420701342257,0.208556149733,0.820199532265,0.530717344407,0.267379679144,1.57249078621,1.01749403814,0.513368983957,1.21589847064,0.38488872452,4,3.15909090909,1.21589847064,4,0.296666666667,0.230769230769,3,0.0181818181818,0.203703703704,11,11,11,1,0,0.0909090909091,0.636363636364,0.272727272727,-3,-0.0272727272727,0.115702479339,-0.545454545455,-0.3,-0.375,-0.389190409368,-0.0439221612377,-0.0368983957219,-0.347548883978,-0.111544284527,-0.0689839572193,-0.367518585835,-0.0495111164884,-0.0229946524064,0.158999696105,0.0376117341084,0.454545454545,0.115702479339,0.158999696105,0.454545454545,-0.202380952381,-0.169230769231,-5,-0.030303030303,-0.0518518518519,0,0,0,17,0,3,90,0.85,1,0,0.15,1,0.85,0.918918918919,0.906962317388,0.85,0.85,4,7,0,0,0,0
3045,WLNM_dir_neg,0.897959183673,0.728144078144,00:00:00,10,70,39,1177447088,threshold_sweep,0.3,1,0.571428571429,0.727272727273,4,0,3,14,0.571428571429,1,0,0.428571428571,1,0.571428571429,0.727272727273,0.857142857143,0.603174603175,0.64,0.68599434057,0.571428571429,20,13,7,0,20,0,13,0,7,11,20,0.181818181818,3.04338842975,3.63636363636,2,2.5,1.68954001271,0.464623503495,0.245454545455,1.16774841624,0.642261628933,0.336363636364,1.94000937205,1.06700515463,0.536363636364,1.05689877454,0.347276990411,3.54545454545,3.04338842975,1.05689877454,3.54545454545,0.499047619048,0.4,8,0.0484848484848,0.255555555556,11,11,11,1,0,0.0909090909091,0.636363636364,0.272727272727,11,0.118181818182,3.72727272727,2.36363636364,1.3,1.625,1.43336856898,0.6064251638,0.286713286713,0.603022689156,0.510249967747,0.237762237762,1.40129809949,1.18571377649,0.503496503497,2.05382127221,0.551025219373,7,3.72727272727,2.05382127221,7,0,0,0,0,0.22962962963,11,11,11,1,0,0.0909090909091,0.636363636364,0.272727272727,11,17,0.154545454545,3.15909090909,3.09090909091,1.7,2.125,1.30034960334,0.420701342257,0.208556149733,0.820199532265,0.530717344407,0.267379679144,1.57249078621,1.01749403814,0.513368983957,1.21589847064,0.38488872452,4,3.15909090909,1.21589847064,4,0.296666666667,0.230769230769,3,0.0181818181818,0.203703703704,11,11,11,1,0,0.0909090909091,0.636363636364,0.272727272727,-3,-0.0272727272727,0.115702479339,-0.545454545455,-0.3,-0.375,-0.389190409368,-0.0439221612377,-0.0368983957219,-0.347548883978,-0.111544284527,-0.0689839572193,-0.367518585835,-0.0495111164884,-0.0229946524064,0.158999696105,0.0376117341084,0.454545454545,0.115702479339,0.158999696105,0.454545454545,-0.202380952381,-0.169230769231,-5,-0.030303030303,-0.0518518518519,0,0,0,17,0,3,90,0.85,1,0,0.15,1,0.85,0.918918918919,0.906962317388,0.85,0.85,4,7,0,0,0,0
3046,WLNM_dir_neg,0.897959183673,0.728144078144,00:00:00,10,70,39,1177447088,threshold_sweep,0.4,1,0.571428571429,0.727272727273,4,0,3,14,0.571428571429,1,0,0.428571428571,1,0.571428571429,0.727272727273,0.857142857143,0.603174603175,0.64,0.68599434057,0.571428571429,20,13,7,0,20,0,13,0,7,11,20,0.181818181818,3.04338842975,3.63636363636,2,2.5,1.68954001271,0.464623503495,0.245454545455,1.16774841624,0.642261628933,0.336363636364,1.94000937205,1.06700515463,0.536363636364,1.05689877454,0.347276990411,3.54545454545,3.04338842975,1.05689877454,3.54545454545,0.499047619048,0.4,8,0.0484848484848,0.255555555556,11,11,11,1,0,0.0909090909091,0.636363636364,0.272727272727,11,0.118181818182,3.72727272727,2.36363636364,1.3,1.625,1.43336856898,0.6064251638,0.286713286713,0.603022689156,0.510249967747,0.237762237762,1.40129809949,1.18571377649,0.503496503497,2.05382127221,0.551025219373,7,3.72727272727,2.05382127221,7,0,0,0,0,0.22962962963,11,11,11,1,0,0.0909090909091,0.636363636364,0.272727272727,11,17,0.154545454545,3.15909090909,3.09090909091,1.7,2.125,1.30034960334,0.420701342257,0.208556149733,0.820199532265,0.530717344407,0.267379679144,1.57249078621,1.01749403814,0.513368983957,1.21589847064,0.38488872452,4,3.15909090909,1.21589847064,4,0.296666666667,0.230769230769,3,0.0181818181818,0.203703703704,11,11,11,1,0,0.0909090909091,0.636363636364,0.272727272727,-3,-0.0272727272727,0.115702479339,-0.545454545455,-0.3,-0.375,-0.389190409368,-0.0439221612377,-0.0368983957219,-0.347548883978,-0.111544284527,-0.0689839572193,-0.367518585835,-0.0495111164884,-0.0229946524064,0.158999696105,0.0376117341084,0.454545454545,0.115702479339,0.158999696105,0.454545454545,-0.202380952381,-0.169230769231,-5,-0.030303030303,-0.0518518518519,0,0,0,17,0,3,90,0.85,1,0,0.15,1,0.85,0.918918918919,0.906962317388,0.85,0.85,4,7,0,0,0,0
3047,WLNM_dir_neg,0.897959183673,0.728144078144,00:00:00,10,70,39,1177447088,threshold_sweep,0.5,1,0.571428571429,0.727272727273,4,0,3,14,0.571428571429,1,0,0.428571428571,1,0.571428571429,0.727272727273,0.857142857143,0.603174603175,0.64,0.68599434057,0.571428571429,20,13,7,0,20,0,13,0,7,11,20,0.181818181818,3.04338842975,3.63636363636,2,2.5,1.68954001271,0.464623503495,0.245454545455,1.16774841624,0.642261628933,0.336363636364,1.94000937205,1.06700515463,0.536363636364,1.05689877454,0.347276990411,3.54545454545,3.04338842975,1.05689877454,3.54545454545,0.499047619048,0.4,8,0.0484848484848,0.255555555556,11,11,11,1,0,0.0909090909091,0.636363636364,0.272727272727,11,0.118181818182,3.72727272727,2.36363636364,1.3,1.625,1.43336856898,0.6064251638,0.286713286713,0.603022689156,0.510249967747,0.237762237762,1.40129809949,1.18571377649,0.503496503497,2.05382127221,0.551025219373,7,3.72727272727,2.05382127221,7,0,0,0,0,0.22962962963,11,11,11,1,0,0.0909090909091,0.636363636364,0.272727272727,11,17,0.154545454545,3.15909090909,3.09090909091,1.7,2.125,1.30034960334,0.420701342257,0.208556149733,0.820199532265,0.530717344407,0.267379679144,1.57249078621,1.01749403814,0.513368983957,1.21589847064,0.38488872452,4,3.15909090909,1.21589847064,4,0.296666666667,0.230769230769,3,0.0181818181818,0.203703703704,11,11,11,1,0,0.0909090909091,0.636363636364,0.272727272727,-3,-0.0272727272727,0.115702479339,-0.545454545455,-0.3,-0.375,-0.389190409368,-0.0439221612377,-0.0368983957219,-0.347548883978,-0.111544284527,-0.0689839572193,-0.367518585835,-0.0495111164884,-0.0229946524064,0.158999696105,0.0376117341084,0.454545454545,0.115702479339,0.158999696105,0.454545454545,-0.202380952381,-0.169230769231,-5,-0.030303030303,-0.0518518518519,0,0,0,17,0,3,90,0.85,1,0,0.15,1,0.85,0.918918918919,0.906962317388,0.85,0.85,4,7,0,0,0,0
3048,WLNM_dir_neg,0.897959183673,0.728144078144,00:00:00,10,70,39,1177447088,threshold_sweep,0.6,1,0.571428571429,0.727272727273,4,0,3,14,0.571428571429,1,0,0.428571428571,1,0.571428571429,0.727272727273,0.857142857143,0.603174603175,0.64,0.68599434057,0.571428571429,20,13,7,0,20,0,13,0,7,11,20,0.181818181818,3.04338842975,3.63636363636,2,2.5,1.68954001271,0.464623503495,0.245454545455,1.16774841624,0.642261628933,0.336363636364,1.94000937205,1.06700515463,0.536363636364,1.05689877454,0.347276990411,3.54545454545,3.04338842975,1.05689877454,3.54545454545,0.499047619048,0.4,8,0.0484848484848,0.255555555556,11,11,11,1,0,0.0909090909091,0.636363636364,0.272727272727,11,0.118181818182,3.72727272727,2.36363636364,1.3,1.625,1.43336856898,0.6064251638,0.286713286713,0.603022689156,0.510249967747,0.237762237762,1.40129809949,1.18571377649,0.503496503497,2.05382127221,0.551025219373,7,3.72727272727,2.05382127221,7,0,0,0,0,0.22962962963,11,11,11,1,0,0.0909090909091,0.636363636364,0.272727272727,11,17,0.154545454545,3.15909090909,3.09090909091,1.7,2.125,1.30034960334,0.420701342257,0.208556149733,0.820199532265,0.530717344407,0.267379679144,1.57249078621,1.01749403814,0.513368983957,1.21589847064,0.38488872452,4,3.15909090909,1.21589847064,4,0.296666666667,0.230769230769,3,0.0181818181818,0.203703703704,11,11,11,1,0,0.0909090909091,0.636363636364,0.272727272727,-3,-0.0272727272727,0.115702479339,-0.545454545455,-0.3,-0.375,-0.389190409368,-0.0439221612377,-0.0368983957219,-0.347548883978,-0.111544284527,-0.0689839572193,-0.367518585835,-0.0495111164884,-0.0229946524064,0.158999696105,0.0376117341084,0.454545454545,0.115702479339,0.158999696105,0.454545454545,-0.202380952381,-0.169230769231,-5,-0.030303030303,-0.0518518518519,0,0,0,17,0,3,90,0.85,1,0,0.15,1,0.85,0.918918918919,0.906962317388,0.85,0.85,4,7,0,0,0,0
3049,WLNM_dir_neg,0.897959183673,0.728144078144,00:00:00,10,70,39,1177447088,threshold_sweep,0.7,1,0.571428571429,0.727272727273,4,0,3,14,0.571428571429,1,0,0.428571428571,1,0.571428571429,0.727272727273,0.857142857143,0.603174603175,0.64,0.68599434057,0.571428571429,20,13,7,0,20,0,13,0,7,11,20,0.181818181818,3.04338842975,3.63636363636,2,2.5,1.68954001271,0.464623503495,0.245454545455,1.16774841624,0.642261628933,0.336363636364,1.94000937205,1.06700515463,0.536363636364,1.05689877454,0.347276990411,3.54545454545,3.04338842975,1.05689877454,3.54545454545,0.499047619048,0.4,8,0.0484848484848,0.255555555556,11,11,11,1,0,0.0909090909091,0.636363636364,0.272727272727,11,0.118181818182,3.72727272727,2.36363636364,1.3,1.625,1.43336856898,0.6064251638,0.286713286713,0.603022689156,0.510249967747,0.237762237762,1.40129809949,1.18571377649,0.503496503497,2.05382127221,0.551025219373,7,3.72727272727,2.05382127221,7,0,0,0,0,0.22962962963,11,11,11,1,0,0.0909090909091,0.636363636364,0.272727272727,11,17,0.154545454545,3.15909090909,3.09090909091,1.7,2.125,1.30034960334,0.420701342257,0.208556149733,0.820199532265,0.530717344407,0.267379679144,1.57249078621,1.01749403814,0.513368983957,1.21589847064,0.38488872452,4,3.15909090909,1.21589847064,4,0.296666666667,0.230769230769,3,0.0181818181818,0.203703703704,11,11,11,1,0,0.0909090909091,0.636363636364,0.272727272727,-3,-0.0272727272727,0.115702479339,-0.545454545455,-0.3,-0.375,-0.389190409368,-0.0439221612377,-0.0368983957219,-0.347548883978,-0.111544284527,-0.0689839572193,-0.367518585835,-0.0495111164884,-0.0229946524064,0.158999696105,0.0376117341084,0.454545454545,0.115702479339,0.158999696105,0.454545454545,-0.202380952381,-0.169230769231,-5,-0.030303030303,-0.0518518518519,0,0,0,17,0,3,90,0.85,1,0,0.15,1,0.85,0.918918918919,0.906962317388,0.85,0.85,4,7,0,0,0,0
3050,WLNM_dir_neg,0.897959183673,0.728144078144,00:00:00,10,70,39,1177447088,threshold_sweep,0.8,1,0.571428571429,0.727272727273,4,0,3,14,0.571428571429,1,0,0.428571428571,1,0.571428571429,0.727272727273,0.857142857143,0.603174603175,0.64,0.68599434057,0.571428571429,20,13,7,0,20,0,13,0,7,11,20,0.181818181818,3.04338842975,3.63636363636,2,2.5,1.68954001271,0.464623503495,0.245454545455,1.16774841624,0.642261628933,0.336363636364,1.94000937205,1.06700515463,0.536363636364,1.05689877454,0.347276990411,3.54545454545,3.04338842975,1.05689877454,3.54545454545,0.499047619048,0.4,8,0.0484848484848,0.255555555556,11,11,11,1,0,0.0909090909091,0.636363636364,0.272727272727,11,0.118181818182,3.72727272727,2.36363636364,1.3,1.625,1.43336856898,0.6064251638,0.286713286713,0.603022689156,0.510249967747,0.237762237762,1.40129809949,1.18571377649,0.503496503497,2.05382127221,0.551025219373,7,3.72727272727,2.05382127221,7,0,0,0,0,0.22962962963,11,11,11,1,0,0.0909090909091,0.636363636364,0.272727272727,11,17,0.154545454545,3.15909090909,3.09090909091,1.7,2.125,1.30034960334,0.420701342257,0.208556149733,0.820199532265,0.530717344407,0.267379679144,1.57249078621,1.01749403814,0.513368983957,1.21589847064,0.38488872452,4,3.15909090909,1.21589847064,4,0.296666666667,0.230769230769,3,0.0181818181818,0.203703703704,11,11,11,1,0,0.0909090909091,0.636363636364,0.272727272727,-3,-0.0272727272727,0.115702479339,-0.545454545455,-0.3,-0.375,-0.389190409368,-0.0439221612377,-0.0368983957219,-0.347548883978,-0.111544284527,-0.0689839572193,-0.367518585835,-0.0495111164884,-0.0229946524064,0.158999696105,0.0376117341084,0.454545454545,0.115702479339,0.158999696105,0.454545454545,-0.202380952381,-0.169230769231,-5,-0.030303030303,-0.0518518518519,0,0,0,17,0,3,90,0.85,1,0,0.15,1,0.85,0.918918918919,0.906962317388,0.85,0.85,4,7,0,0,0,0
3051,WLNM_dir_neg,0.897959183673,0.728144078144,00:00:00,10,70,39,1177447088,threshold_sweep,0.9,1,0.571428571429,0.727272727273,4,0,3,14,0.571428571429,1,0,0.428571428571,1,0.571428571429,0.727272727273,0.857142857143,0.603174603175,0.64,0.68599434057,0.571428571429,20,13,7,0,20,0,13,0,7,11,20,0.181818181818,3.04338842975,3.63636363636,2,2.5,1.68954001271,0.464623503495,0.245454545455,1.16774841624,0.642261628933,0.336363636364,1.94000937205,1.06700515463,0.536363636364,1.05689877454,0.347276990411,3.54545454545,3.04338842975,1.05689877454,3.54545454545,0.499047619048,0.4,8,0.0484848484848,0.255555555556,11,11,11,1,0,0.0909090909091,0.636363636364,0.272727272727,11,0.118181818182,3.72727272727,2.36363636364,1.3,1.625,1.43336856898,0.6064251638,0.286713286713,0.603022689156,0.510249967747,0.237762237762,1.40129809949,1.18571377649,0.503496503497,2.05382127221,0.551025219373,7,3.72727272727,2.05382127221,7,0,0,0,0,0.22962962963,11,11,11,1,0,0.0909090909091,0.636363636364,0.272727272727,11,17,0.154545454545,3.15909090909,3.09090909091,1.7,2.125,1.30034960334,0.420701342257,0.208556149733,0.820199532265,0.530717344407,0.267379679144,1.57249078621,1.01749403814,0.513368983957,1.21589847064,0.38488872452,4,3.15909090909,1.21589847064,4,0.296666666667,0.230769230769,3,0.0181818181818,0.203703703704,11,11,11,1,0,0.0909090909091,0.636363636364,0.272727272727,-3,-0.0272727272727,0.115702479339,-0.545454545455,-0.3,-0.375,-0.389190409368,-0.0439221612377,-0.0368983957219,-0.347548883978,-0.111544284527,-0.0689839572193,-0.367518585835,-0.0495111164884,-0.0229946524064,0.158999696105,0.0376117341084,0.454545454545,0.115702479339,0.158999696105,0.454545454545,-0.202380952381,-0.169230769231,-5,-0.030303030303,-0.0518518518519,0,0,0,17,0,3,90,0.85,1,0,0.15,1,0.85,0.918918918919,0.906962317388,0.85,0.85,4,7,0,0,0,0
3052,WLNM_dir_neg,0.918367346939,0.618001046572,00:00:00,10,70,40,1177447089,threshold_sweep,0.1,1,0.714285714286,0.833333333333,5,0,2,14,0.714285714286,1,0,0.285714285714,1,0.714285714286,0.833333333333,0.904761904762,0.587301587302,0.769230769231,0.790569415042,0.714285714286,20,13,7,0,20,0,13,0,7,11,20,0.181818181818,3.04338842975,3.63636363636,2,2.5,1.68954001271,0.464623503495,0.245454545455,1.16774841624,0.642261628933,0.336363636364,1.94000937205,1.06700515463,0.536363636364,1.05689877454,0.347276990411,3.54545454545,3.04338842975,1.05689877454,3.54545454545,0.499047619048,0.4,8,0.0484848484848,0.255555555556,11,11,11,1,0,0.0909090909091,0.636363636364,0.272727272727,11,0.118181818182,3.72727272727,2.36363636364,1.3,1.625,1.43336856898,0.6064251638,0.286713286713,0.603022689156,0.510249967747,0.237762237762,1.40129809949,1.18571377649,0.503496503497,2.05382127221,0.551025219373,7,3.72727272727,2.05382127221,7,0,0,0,0,0.22962962963,11,11,11,1,0,0.0909090909091,0.636363636364,0.272727272727,11,18,0.163636363636,3.11363636364,3.27272727273,1.8,2.25,1.42062726223,0.434080552347,0.227272727273,0.924416277737,0.564921058617,0.292929292929,1.68954001271,1.03249667443,0.525252525253,1.14353419474,0.367266456706,3.875,3.11363636364,1.14353419474,3.875,0.366666666667,0.266666666667,4,0.0242424242424,0.221111111111,11,11,11,1,0,0.0909090909091,0.636363636364,0.272727272727,-2,-0.0181818181818,0.0702479338843,-0.363636363636,-0.2,-0.25,-0.268912750482,-0.030542951148,-0.0181818181818,-0.243332138505,-0.0773405703161,-0.0434343434343,-0.250469359339,-0.0345084801933,-0.0111111111111,0.0866354202056,0.0199894662943,0.329545454545,0.0702479338843,0.0866354202056,0.329545454545,-0.132380952381,-0.133333333333,-4,-0.0242424242424,-0.0344444444444,0,0,0,18,0,2,90,0.9,1,0,0.1,1,0.9,0.947368421053,0.938314863257,0.9,0.9,5,7,0,0,0,0
3053,WLNM_dir_neg,0.918367346939,0.618001046572,00:00:00,10,70,40,1177447089,threshold_sweep,0.2,1,0.714285714286,0.833333333333,5,0,2,14,0.714285714286,1,0,0.285714285714,1,0.714285714286,0.833333333333,0.904761904762,0.587301587302,0.769230769231,0.790569415042,0.714285714286,20,13,7,0,20,0,13,0,7,11,20,0.181818181818,3.04338842975,3.63636363636,2,2.5,1.68954001271,0.464623503495,0.245454545455,1.16774841624,0.642261628933,0.336363636364,1.94000937205,1.06700515463,0.536363636364,1.05689877454,0.347276990411,3.54545454545,3.04338842975,1.05689877454,3.54545454545,0.499047619048,0.4,8,0.0484848484848,0.255555555556,11,11,11,1,0,0.0909090909091,0.636363636364,0.272727272727,11,0.118181818182,3.72727272727,2.36363636364,1.3,1.625,1.43336856898,0.6064251638,0.286713286713,0.603022689156,0.510249967747,0.237762237762,1.40129809949,1.18571377649,0.503496503497,2.05382127221,0.551025219373,7,3.72727272727,2.05382127221,7,0,0,0,0,0.22962962963,11,11,11,1,0,0.0909090909091,0.636363636364,0.272727272727,11,18,0.163636363636,3.11363636364,3.27272727273,1.8,2.25,1.42062726223,0.434080552347,0.227272727273,0.924416277737,0.564921058617,0.292929292929,1.68954001271,1.03249667443,0.525252525253,1.14353419474,0.367266456706,3.875,3.11363636364,1.14353419474,3.875,0.366666666667,0.266666666667,4,0.0242424242424,0.221111111111,11,11,11,1,0,0.0909090909091,0.636363636364,0.272727272727,-2,-0.0181818181818,0.0702479338843,-0.363636363636,-0.2,-0.25,-0.268912750482,-0.030542951148,-0.0181818181818,-0.243332138505,-0.0773405703161,-0.0434343434343,-0.250469359339,-0.0345084801933,-0.0111111111111,0.0866354202056,0.0199894662943,0.329545454545,0.0702479338843,0.0866354202056,0.329545454545,-0.132380952381,-0.133333333333,-4,-0.0242424242424,-0.0344444444444,0,0,0,18,0,2,90,0.9,1,0,0.1,1,0.9,0.947368421053,0.938314863257,0.9,0.9,5,7,0,0,0,0
3054,WLNM_dir_neg,0.918367346939,0.618001046572,00:00:00,10,70,40,1177447089,threshold_sweep,0.3,1,0.714285714286,0.833333333333,5,0,2,14,0.714285714286,1,0,0.285714285714,1,0.714285714286,0.833333333333,0.904761904762,0.587301587302,0.769230769231,0.790569415042,0.714285714286,20,13,7,0,20,0,13,0,7,11,20,0.181818181818,3.04338842975,3.63636363636,2,2.5,1.68954001271,0.464623503495,0.245454545455,1.16774841624,0.642261628933,0.336363636364,1.94000937205,1.06700515463,0.536363636364,1.05689877454,0.347276990411,3.54545454545,3.04338842975,1.05689877454,3.54545454545,0.499047619048,0.4,8,0.0484848484848,0.255555555556,11,11,11,1,0,0.0909090909091,0.636363636364,0.272727272727,11,0.118181818182,3.72727272727,2.36363636364,1.3,1.625,1.43336856898,0.6064251638,0.286713286713,0.603022689156,0.510249967747,0.237762237762,1.40129809949,1.18571377649,0.503496503497,2.05382127221,0.551025219373,7,3.72727272727,2.05382127221,7,0,0,0,0,0.22962962963,11,11,11,1,0,0.0909090909091,0.636363636364,0.272727272727,11,18,0.163636363636,3.11363636364,3.27272727273,1.8,2.25,1.42062726223,0.434080552347,0.227272727273,0.924416277737,0.564921058617,0.292929292929,1.68954001271,1.03249667443,0.525252525253,1.14353419474,0.367266456706,3.875,3.11363636364,1.14353419474,3.875,0.366666666667,0.266666666667,4,0.0242424242424,0.221111111111,11,11,11,1,0,0.0909090909091,0.636363636364,0.272727272727,-2,-0.0181818181818,0.0702479338843,-0.363636363636,-0.2,-0.25,-0.268912750482,-0.030542951148,-0.0181818181818,-0.243332138505,-0.0773405703161,-0.0434343434343,-0.250469359339,-0.0345084801933,-0.0111111111111,0.0866354202056,0.0199894662943,0.329545454545,0.0702479338843,0.0866354202056,0.329545454545,-0.132380952381,-0.133333333333,-4,-0.0242424242424,-0.0344444444444,0,0,0,18,0,2,90,0.9,1,0,0.1,1,0.9,0.947368421053,0.938314863257,0.9,0.9,5,7,0,0,0,0
3055,WLNM_dir_neg,0.918367346939,0.618001046572,00:00:00,10,70,40,1177447089,threshold_sweep,0.4,1,0.714285714286,0.833333333333,5,0,2,14,0.714285714286,1,0,0.285714285714,1,0.714285714286,0.833333333333,0.904761904762,0.587301587302,0.769230769231,0.790569415042,0.714285714286,20,13,7,0,20,0,13,0,7,11,20,0.181818181818,3.04338842975,3.63636363636,2,2.5,1.68954001271,0.464623503495,0.245454545455,1.16774841624,0.642261628933,0.336363636364,1.94000937205,1.06700515463,0.536363636364,1.05689877454,0.347276990411,3.54545454545,3.04338842975,1.05689877454,3.54545454545,0.499047619048,0.4,8,0.0484848484848,0.255555555556,11,11,11,1,0,0.0909090909091,0.636363636364,0.272727272727,11,0.118181818182,3.72727272727,2.36363636364,1.3,1.625,1.43336856898,0.6064251638,0.286713286713,0.603022689156,0.510249967747,0.237762237762,1.40129809949,1.18571377649,0.503496503497,2.05382127221,0.551025219373,7,3.72727272727,2.05382127221,7,0,0,0,0,0.22962962963,11,11,11,1,0,0.0909090909091,0.636363636364,0.272727272727,11,18,0.163636363636,3.11363636364,3.27272727273,1.8,2.25,1.42062726223,0.434080552347,0.227272727273,0.924416277737,0.564921058617,0.292929292929,1.68954001271,1.03249667443,0.525252525253,1.14353419474,0.367266456706,3.875,3.11363636364,1.14353419474,3.875,0.366666666667,0.266666666667,4,0.0242424242424,0.221111111111,11,11,11,1,0,0.0909090909091,0.636363636364,0.272727272727,-2,-0.0181818181818,0.0702479338843,-0.363636363636,-0.2,-0.25,-0.268912750482,-0.030542951148,-0.0181818181818,-0.243332138505,-0.0773405703161,-0.0434343434343,-0.250469359339,-0.0345084801933,-0.0111111111111,0.0866354202056,0.0199894662943,0.329545454545,0.0702479338843,0.0866354202056,0.329545454545,-0.132380952381,-0.133333333333,-4,-0.0242424242424,-0.0344444444444,0,0,0,18,0,2,90,0.9,1,0,0.1,1,0.9,0.947368421053,0.938314863257,0.9,0.9,5,7,0,0,0,0
3056,WLNM_dir_neg,0.918367346939,0.618001046572,00:00:00,10,70,40,1177447089,threshold_sweep,0.5,1,0.714285714286,0.833333333333,5,0,2,14,0.714285714286,1,0,0.285714285714,1,0.714285714286,0.833333333333,0.904761904762,0.587301587302,0.769230769231,0.790569415042,0.714285714286,20,13,7,0,20,0,13,0,7,11,20,0.181818181818,3.04338842975,3.63636363636,2,2.5,1.68954001271,0.464623503495,0.245454545455,1.16774841624,0.642261628933,0.336363636364,1.94000937205,1.06700515463,0.536363636364,1.05689877454,0.347276990411,3.54545454545,3.04338842975,1.05689877454,3.54545454545,0.499047619048,0.4,8,0.0484848484848,0.255555555556,11,11,11,1,0,0.0909090909091,0.636363636364,0.272727272727,11,0.118181818182,3.72727272727,2.36363636364,1.3,1.625,1.43336856898,0.6064251638,0.286713286713,0.603022689156,0.510249967747,0.237762237762,1.40129809949,1.18571377649,0.503496503497,2.05382127221,0.551025219373,7,3.72727272727,2.05382127221,7,0,0,0,0,0.22962962963,11,11,11,1,0,0.0909090909091,0.636363636364,0.272727272727,11,18,0.163636363636,3.11363636364,3.27272727273,1.8,2.25,1.42062726223,0.434080552347,0.227272727273,0.924416277737,0.564921058617,0.292929292929,1.68954001271,1.03249667443,0.525252525253,1.14353419474,0.367266456706,3.875,3.11363636364,1.14353419474,3.875,0.366666666667,0.266666666667,4,0.0242424242424,0.221111111111,11,11,11,1,0,0.0909090909091,0.636363636364,0.272727272727,-2,-0.0181818181818,0.0702479338843,-0.363636363636,-0.2,-0.25,-0.268912750482,-0.030542951148,-0.0181818181818,-0.243332138505,-0.0773405703161,-0.0434343434343,-0.250469359339,-0.0345084801933,-0.0111111111111,0.0866354202056,0.0199894662943,0.329545454545,0.0702479338843,0.0866354202056,0.329545454545,-0.132380952381,-0.133333333333,-4,-0.0242424242424,-0.0344444444444,0,0,0,18,0,2,90,0.9,1,0,0.1,1,0.9,0.947368421053,0.938314863257,0.9,0.9,5,7,0,0,0,0
3057,WLNM_dir_neg,0.918367346939,0.618001046572,00:00:00,10,70,40,1177447089,threshold_sweep,0.6,1,0.714285714286,0.833333333333,5,0,2,14,0.714285714286,1,0,0.285714285714,1,0.714285714286,0.833333333333,0.904761904762,0.587301587302,0.769230769231,0.790569415042,0.714285714286,20,13,7,0,20,0,13,0,7,11,20,0.181818181818,3.04338842975,3.63636363636,2,2.5,1.68954001271,0.464623503495,0.245454545455,1.16774841624,0.642261628933,0.336363636364,1.94000937205,1.06700515463,0.536363636364,1.05689877454,0.347276990411,3.54545454545,3.04338842975,1.05689877454,3.54545454545,0.499047619048,0.4,8,0.0484848484848,0.255555555556,11,11,11,1,0,0.0909090909091,0.636363636364,0.272727272727,11,0.118181818182,3.72727272727,2.36363636364,1.3,1.625,1.43336856898,0.6064251638,0.286713286713,0.603022689156,0.510249967747,0.237762237762,1.40129809949,1.18571377649,0.503496503497,2.05382127221,0.551025219373,7,3.72727272727,2.05382127221,7,0,0,0,0,0.22962962963,11,11,11,1,0,0.0909090909091,0.636363636364,0.272727272727,11,18,0.163636363636,3.11363636364,3.27272727273,1.8,2.25,1.42062726223,0.434080552347,0.227272727273,0.924416277737,0.564921058617,0.292929292929,1.68954001271,1.03249667443,0.525252525253,1.14353419474,0.367266456706,3.875,3.11363636364,1.14353419474,3.875,0.366666666667,0.266666666667,4,0.0242424242424,0.221111111111,11,11,11,1,0,0.0909090909091,0.636363636364,0.272727272727,-2,-0.0181818181818,0.0702479338843,-0.363636363636,-0.2,-0.25,-0.268912750482,-0.030542951148,-0.0181818181818,-0.243332138505,-0.0773405703161,-0.0434343434343,-0.250469359339,-0.0345084801933,-0.0111111111111,0.0866354202056,0.0199894662943,0.329545454545,0.0702479338843,0.0866354202056,0.329545454545,-0.132380952381,-0.133333333333,-4,-0.0242424242424,-0.0344444444444,0,0,0,18,0,2,90,0.9,1,0,0.1,1,0.9,0.947368421053,0.938314863257,0.9,0.9,5,7,0,0,0,0
3058,WLNM_dir_neg,0.918367346939,0.618001046572,00:00:00,10,70,40,1177447089,threshold_sweep,0.7,1,0.714285714286,0.833333333333,5,0,2,14,0.714285714286,1,0,0.285714285714,1,0.714285714286,0.833333333333,0.904761904762,0.587301587302,0.769230769231,0.790569415042,0.714285714286,20,13,7,0,20,0,13,0,7,11,20,0.181818181818,3.04338842975,3.63636363636,2,2.5,1.68954001271,0.464623503495,0.245454545455,1.16774841624,0.642261628933,0.336363636364,1.94000937205,1.06700515463,0.536363636364,1.05689877454,0.347276990411,3.54545454545,3.04338842975,1.05689877454,3.54545454545,0.499047619048,0.4,8,0.0484848484848,0.255555555556,11,11,11,1,0,0.0909090909091,0.636363636364,0.272727272727,11,0.118181818182,3.72727272727,2.36363636364,1.3,1.625,1.43336856898,0.6064251638,0.286713286713,0.603022689156,0.510249967747,0.237762237762,1.40129809949,1.18571377649,0.503496503497,2.05382127221,0.551025219373,7,3.72727272727,2.05382127221,7,0,0,0,0,0.22962962963,11,11,11,1,0,0.0909090909091,0.636363636364,0.272727272727,11,18,0.163636363636,3.11363636364,3.27272727273,1.8,2.25,1.42062726223,0.434080552347,0.227272727273,0.924416277737,0.564921058617,0.292929292929,1.68954001271,1.03249667443,0.525252525253,1.14353419474,0.367266456706,3.875,3.11363636364,1.14353419474,3.875,0.366666666667,0.266666666667,4,0.0242424242424,0.221111111111,11,11,11,1,0,0.0909090909091,0.636363636364,0.272727272727,-2,-0.0181818181818,0.0702479338843,-0.363636363636,-0.2,-0.25,-0.268912750482,-0.030542951148,-0.0181818181818,-0.243332138505,-0.0773405703161,-0.0434343434343,-0.250469359339,-0.0345084801933,-0.0111111111111,0.0866354202056,0.0199894662943,0.329545454545,0.0702479338843,0.0866354202056,0.329545454545,-0.132380952381,-0.133333333333,-4,-0.0242424242424,-0.0344444444444,0,0,0,18,0,2,90,0.9,1,0,0.1,1,0.9,0.947368421053,0.938314863257,0.9,0.9,5,7,0,0,0,0
3059,WLNM_dir_neg,0.918367346939,0.618001046572,00:00:00,10,70,40,1177447089,threshold_sweep,0.8,1,0.714285714286,0.833333333333,5,0,2,14,0.714285714286,1,0,0.285714285714,1,0.714285714286,0.833333333333,0.904761904762,0.587301587302,0.769230769231,0.790569415042,0.714285714286,20,13,7,0,20,0,13,0,7,11,20,0.181818181818,3.04338842975,3.63636363636,2,2.5,1.68954001271,0.464623503495,0.245454545455,1.16774841624,0.642261628933,0.336363636364,1.94000937205,1.06700515463,0.536363636364,1.05689877454,0.347276990411,3.54545454545,3.04338842975,1.05689877454,3.54545454545,0.499047619048,0.4,8,0.0484848484848,0.255555555556,11,11,11,1,0,0.0909090909091,0.636363636364,0.272727272727,11,0.118181818182,3.72727272727,2.36363636364,1.3,1.625,1.43336856898,0.6064251638,0.286713286713,0.603022689156,0.510249967747,0.237762237762,1.40129809949,1.18571377649,0.503496503497,2.05382127221,0.551025219373,7,3.72727272727,2.05382127221,7,0,0,0,0,0.22962962963,11,11,11,1,0,0.0909090909091,0.636363636364,0.272727272727,11,18,0.163636363636,3.11363636364,3.27272727273,1.8,2.25,1.42062726223,0.434080552347,0.227272727273,0.924416277737,0.564921058617,0.292929292929,1.68954001271,1.03249667443,0.525252525253,1.14353419474,0.367266456706,3.875,3.11363636364,1.14353419474,3.875,0.366666666667,0.266666666667,4,0.0242424242424,0.221111111111,11,11,11,1,0,0.0909090909091,0.636363636364,0.272727272727,-2,-0.0181818181818,0.0702479338843,-0.363636363636,-0.2,-0.25,-0.268912750482,-0.030542951148,-0.0181818181818,-0.243332138505,-0.0773405703161,-0.0434343434343,-0.250469359339,-0.0345084801933,-0.0111111111111,0.0866354202056,0.0199894662943,0.329545454545,0.0702479338843,0.0866354202056,0.329545454545,-0.132380952381,-0.133333333333,-4,-0.0242424242424,-0.0344444444444,0,0,0,18,0,2,90,0.9,1,0,0.1,1,0.9,0.947368421053,0.938314863257,0.9,0.9,5,7,0,0,0,0
3060,WLNM_dir_neg,0.918367346939,0.618001046572,00:00:00,10,70,40,1177447089,threshold_sweep,0.9,1,0.714285714286,0.833333333333,5,0,2,14,0.714285714286,1,0,0.285714285714,1,0.714285714286,0.833333333333,0.904761904762,0.587301587302,0.769230769231,0.790569415042,0.714285714286,20,13,7,0,20,0,13,0,7,11,20,0.181818181818,3.04338842975,3.63636363636,2,2.5,1.68954001271,0.464623503495,0.245454545455,1.16774841624,0.642261628933,0.336363636364,1.94000937205,1.06700515463,0.536363636364,1.05689877454,0.347276990411,3.54545454545,3.04338842975,1.05689877454,3.54545454545,0.499047619048,0.4,8,0.0484848484848,0.255555555556,11,11,11,1,0,0.0909090909091,0.636363636364,0.272727272727,11,0.118181818182,3.72727272727,2.36363636364,1.3,1.625,1.43336856898,0.6064251638,0.286713286713,0.603022689156,0.510249967747,0.237762237762,1.40129809949,1.18571377649,0.503496503497,2.05382127221,0.551025219373,7,3.72727272727,2.05382127221,7,0,0,0,0,0.22962962963,11,11,11,1,0,0.0909090909091,0.636363636364,0.272727272727,11,18,0.163636363636,3.11363636364,3.27272727273,1.8,2.25,1.42062726223,0.434080552347,0.227272727273,0.924416277737,0.564921058617,0.292929292929,1.68954001271,1.03249667443,0.525252525253,1.14353419474,0.367266456706,3.875,3.11363636364,1.14353419474,3.875,0.366666666667,0.266666666667,4,0.0242424242424,0.221111111111,11,11,11,1,0,0.0909090909091,0.636363636364,0.272727272727,-2,-0.0181818181818,0.0702479338843,-0.363636363636,-0.2,-0.25,-0.268912750482,-0.030542951148,-0.0181818181818,-0.243332138505,-0.0773405703161,-0.0434343434343,-0.250469359339,-0.0345084801933,-0.0111111111111,0.0866354202056,0.0199894662943,0.329545454545,0.0702479338843,0.0866354202056,0.329545454545,-0.132380952381,-0.133333333333,-4,-0.0242424242424,-0.0344444444444,0,0,0,18,0,2,90,0.9,1,0,0.1,1,0.9,0.947368421053,0.938314863257,0.9,0.9,5,7,0,0,0,0
3061,WLNM_dir_neg,0.785714285714,0.535528756957,00:00:00,10,70,41,1177447090,threshold_sweep,0.1,0.666666666667,0.571428571429,0.615384615385,4,2,3,12,0.571428571429,0.857142857143,0.142857142857,0.428571428571,0.666666666667,0.571428571429,0.615384615385,0.761904761905,0.571428571429,0.444444444444,0.4472135955,0.428571428571,20,13,7,0,20,0,13,0,7,11,20,0.181818181818,3.04338842975,3.63636363636,2,2.5,1.68954001271,0.464623503495,0.245454545455,1.16774841624,0.642261628933,0.336363636364,1.94000937205,1.06700515463,0.536363636364,1.05689877454,0.347276990411,3.54545454545,3.04338842975,1.05689877454,3.54545454545,0.499047619048,0.4,8,0.0484848484848,0.255555555556,11,11,11,1,0,0.0909090909091,0.636363636364,0.272727272727,11,0.118181818182,3.72727272727,2.36363636364,1.3,1.625,1.43336856898,0.6064251638,0.286713286713,0.603022689156,0.510249967747,0.237762237762,1.40129809949,1.18571377649,0.503496503497,2.05382127221,0.551025219373,7,3.72727272727,2.05382127221,7,0,0,0,0,0.22962962963,11,11,11,1,0,0.0909090909091,0.636363636364,0.272727272727,11,19,0.172727272727,NaN,3.45454545455,1.72727272727,2.375,1.36847625947,0.396137864583,0.205741626794,0.786245393107,0.455194701272,0.22966507177,1.67874411933,0.971904490138,0.507177033493,NaN,NaN,NaN,NaN,NaN,NaN,0.213333333333,0.18,3,0.0181818181818,0.192424242424,11,11,0,1,2,0,0.727272727273,0.272727272727,-1,-0.00909090909091,NaN,-0.181818181818,-0.272727272727,-0.125,-0.321063753241,-0.0684856389122,-0.0397129186603,-0.381503023135,-0.187066927661,-0.106698564593,-0.26126525272,-0.0951006644889,-0.0291866028708,NaN,NaN,NaN,NaN,NaN,NaN,-0.285714285714,-0.22,-5,-0.030303030303,-0.0631313131313,-0.0909090909091,0.0909090909091,0,17,2,3,88,0.85,0.977777777778,0.0222222222222,0.15,0.894736842105,0.85,0.871794871795,0.844602804616,0.827777777778,0.772727272727,6,7,0,0,0,0
3062,WLNM_dir_neg,0.785714285714,0.535528756957,00:00:00,10,70,41,1177447090,threshold_sweep,0.2,0.666666666667,0.571428571429,0.615384615385,4,2,3,12,0.571428571429,0.857142857143,0.142857142857,0.428571428571,0.666666666667,0.571428571429,0.615384615385,0.761904761905,0.571428571429,0.444444444444,0.4472135955,0.428571428571,20,13,7,0,20,0,13,0,7,11,20,0.181818181818,3.04338842975,3.63636363636,2,2.5,1.68954001271,0.464623503495,0.245454545455,1.16774841624,0.642261628933,0.336363636364,1.94000937205,1.06700515463,0.536363636364,1.05689877454,0.347276990411,3.54545454545,3.04338842975,1.05689877454,3.54545454545,0.499047619048,0.4,8,0.0484848484848,0.255555555556,11,11,11,1,0,0.0909090909091,0.636363636364,0.272727272727,11,0.118181818182,3.72727272727,2.36363636364,1.3,1.625,1.43336856898,0.6064251638,0.286713286713,0.603022689156,0.510249967747,0.237762237762,1.40129809949,1.18571377649,0.503496503497,2.05382127221,0.551025219373,7,3.72727272727,2.05382127221,7,0,0,0,0,0.22962962963,11,11,11,1,0,0.0909090909091,0.636363636364,0.272727272727,11,19,0.172727272727,NaN,3.45454545455,1.72727272727,2.375,1.36847625947,0.396137864583,0.205741626794,0.786245393107,0.455194701272,0.22966507177,1.67874411933,0.971904490138,0.507177033493,NaN,NaN,NaN,NaN,NaN,NaN,0.213333333333,0.18,3,0.0181818181818,0.192424242424,11,11,0,1,2,0,0.727272727273,0.272727272727,-1,-0.00909090909091,NaN,-0.181818181818,-0.272727272727,-0.125,-0.321063753241,-0.0684856389122,-0.0397129186603,-0.381503023135,-0.187066927661,-0.106698564593,-0.26126525272,-0.0951006644889,-0.0291866028708,NaN,NaN,NaN,NaN,NaN,NaN,-0.285714285714,-0.22,-5,-0.030303030303,-0.0631313131313,-0.0909090909091,0.0909090909091,0,17,2,3,88,0.85,0.977777777778,0.0222222222222,0.15,0.894736842105,0.85,0.871794871795,0.844602804616,0.827777777778,0.772727272727,6,7,0,0,0,0
3063,WLNM_dir_neg,0.785714285714,0.535528756957,00:00:00,10,70,41,1177447090,threshold_sweep,0.3,0.666666666667,0.571428571429,0.615384615385,4,2,3,12,0.571428571429,0.857142857143,0.142857142857,0.428571428571,0.666666666667,0.571428571429,0.615384615385,0.761904761905,0.571428571429,0.444444444444,0.4472135955,0.428571428571,20,13,7,0,20,0,13,0,7,11,20,0.181818181818,3.04338842975,3.63636363636,2,2.5,1.68954001271,0.464623503495,0.245454545455,1.16774841624,0.642261628933,0.336363636364,1.94000937205,1.06700515463,0.536363636364,1.05689877454,0.347276990411,3.54545454545,3.04338842975,1.05689877454,3.54545454545,0.499047619048,0.4,8,0.0484848484848,0.255555555556,11,11,11,1,0,0.0909090909091,0.636363636364,0.272727272727,11,0.118181818182,3.72727272727,2.36363636364,1.3,1.625,1.43336856898,0.6064251638,0.286713286713,0.603022689156,0.510249967747,0.237762237762,1.40129809949,1.18571377649,0.503496503497,2.05382127221,0.551025219373,7,3.72727272727,2.05382127221,7,0,0,0,0,0.22962962963,11,11,11,1,0,0.0909090909091,0.636363636364,0.272727272727,11,19,0.172727272727,NaN,3.45454545455,1.72727272727,2.375,1.36847625947,0.396137864583,0.205741626794,0.786245393107,0.455194701272,0.22966507177,1.67874411933,0.971904490138,0.507177033493,NaN,NaN,NaN,NaN,NaN,NaN,0.213333333333,0.18,3,0.0181818181818,0.192424242424,11,11,0,1,2,0,0.727272727273,0.272727272727,-1,-0.00909090909091,NaN,-0.181818181818,-0.272727272727,-0.125,-0.321063753241,-0.0684856389122,-0.0397129186603,-0.381503023135,-0.187066927661,-0.106698564593,-0.26126525272,-0.0951006644889,-0.0291866028708,NaN,NaN,NaN,NaN,NaN,NaN,-0.285714285714,-0.22,-5,-0.030303030303,-0.0631313131313,-0.0909090909091,0.0909090909091,0,17,2,3,88,0.85,0.977777777778,0.0222222222222,0.15,0.894736842105,0.85,0.871794871795,0.844602804616,0.827777777778,0.772727272727,6,7,0,0,0,0
3064,WLNM_dir_neg,0.785714285714,0.535528756957,00:00:00,10,70,41,1177447090,threshold_sweep,0.4,0.6,0.428571428571,0.5,3,2,4,12,0.428571428571,0.857142857143,0.142857142857,0.571428571429,0.6,0.428571428571,0.5,0.714285714286,0.587301587302,0.307692307692,0.316227766017,0.285714285714,20,13,7,0,20,0,13,0,7,11,20,0.181818181818,3.04338842975,3.63636363636,2,2.5,1.68954001271,0.464623503495,0.245454545455,1.16774841624,0.642261628933,0.336363636364,1.94000937205,1.06700515463,0.536363636364,1.05689877454,0.347276990411,3.54545454545,3.04338842975,1.05689877454,3.54545454545,0.499047619048,0.4,8,0.0484848484848,0.255555555556,11,11,11,1,0,0.0909090909091,0.636363636364,0.272727272727,11,0.118181818182,3.72727272727,2.36363636364,1.3,1.625,1.43336856898,0.6064251638,0.286713286713,0.603022689156,0.510249967747,0.237762237762,1.40129809949,1.18571377649,0.503496503497,2.05382127221,0.551025219373,7,3.72727272727,2.05382127221,7,0,0,0,0,0.22962962963,11,11,11,1,0,0.0909090909091,0.636363636364,0.272727272727,11,18,0.163636363636,NaN,3.27272727273,1.63636363636,2.25,1.42062726223,0.434080552347,0.227272727273,0.674199862463,0.412011027061,0.20202020202,1.68954001271,1.03249667443,0.525252525253,NaN,NaN,NaN,NaN,NaN,NaN,0.213333333333,0.195652173913,3,0.0181818181818,0.192424242424,11,11,0,1,2,0,0.727272727273,0.272727272727,-2,-0.0181818181818,NaN,-0.363636363636,-0.363636363636,-0.25,-0.268912750482,-0.030542951148,-0.0181818181818,-0.493548553779,-0.230250601872,-0.134343434343,-0.250469359339,-0.0345084801933,-0.0111111111111,NaN,NaN,NaN,NaN,NaN,NaN,-0.285714285714,-0.204347826087,-5,-0.030303030303,-0.0631313131313,-0.0909090909091,0.0909090909091,0,16,2,4,88,0.8,0.977777777778,0.0222222222222,0.2,0.888888888889,0.8,0.842105263158,0.810889388,0.777777777778,0.727272727273,5,7,0,0,0,0
3065,WLNM_dir_neg,0.785714285714,0.535528756957,00:00:00,10,70,41,1177447090,threshold_sweep,0.5,0.6,0.428571428571,0.5,3,2,4,12,0.428571428571,0.857142857143,0.142857142857,0.571428571429,0.6,0.428571428571,0.5,0.714285714286,0.587301587302,0.307692307692,0.316227766017,0.285714285714,20,13,7,0,20,0,13,0,7,11,20,0.181818181818,3.04338842975,3.63636363636,2,2.5,1.68954001271,0.464623503495,0.245454545455,1.16774841624,0.642261628933,0.336363636364,1.94000937205,1.06700515463,0.536363636364,1.05689877454,0.347276990411,3.54545454545,3.04338842975,1.05689877454,3.54545454545,0.499047619048,0.4,8,0.0484848484848,0.255555555556,11,11,11,1,0,0.0909090909091,0.636363636364,0.272727272727,11,0.118181818182,3.72727272727,2.36363636364,1.3,1.625,1.43336856898,0.6064251638,0.286713286713,0.603022689156,0.510249967747,0.237762237762,1.40129809949,1.18571377649,0.503496503497,2.05382127221,0.551025219373,7,3.72727272727,2.05382127221,7,0,0,0,0,0.22962962963,11,11,11,1,0,0.0909090909091,0.636363636364,0.272727272727,11,18,0.163636363636,NaN,3.27272727273,1.63636363636,2.25,1.42062726223,0.434080552347,0.227272727273,0.674199862463,0.412011027061,0.20202020202,1.68954001271,1.03249667443,0.525252525253,NaN,NaN,NaN,NaN,NaN,NaN,0.213333333333,0.195652173913,3,0.0181818181818,0.192424242424,11,11,0,1,2,0,0.727272727273,0.272727272727,-2,-0.0181818181818,NaN,-0.363636363636,-0.363636363636,-0.25,-0.268912750482,-0.030542951148,-0.0181818181818,-0.493548553779,-0.230250601872,-0.134343434343,-0.250469359339,-0.0345084801933,-0.0111111111111,NaN,NaN,NaN,NaN,NaN,NaN,-0.285714285714,-0.204347826087,-5,-0.030303030303,-0.0631313131313,-0.0909090909091,0.0909090909091,0,16,2,4,88,0.8,0.977777777778,0.0222222222222,0.2,0.888888888889,0.8,0.842105263158,0.810889388,0.777777777778,0.727272727273,5,7,0,0,0,0
3066,WLNM_dir_neg,0.785714285714,0.535528756957,00:00:00,10,70,41,1177447090,threshold_sweep,0.6,0.75,0.428571428571,0.545454545455,3,1,4,13,0.428571428571,0.928571428571,0.0714285714286,0.571428571429,0.75,0.428571428571,0.545454545455,0.761904761905,0.603174603175,0.4,0.428746462856,0.357142857143,20,13,7,0,20,0,13,0,7,11,20,0.181818181818,3.04338842975,3.63636363636,2,2.5,1.68954001271,0.464623503495,0.245454545455,1.16774841624,0.642261628933,0.336363636364,1.94000937205,1.06700515463,0.536363636364,1.05689877454,0.347276990411,3.54545454545,3.04338842975,1.05689877454,3.54545454545,0.499047619048,0.4,8,0.0484848484848,0.255555555556,11,11,11,1,0,0.0909090909091,0.636363636364,0.272727272727,11,0.118181818182,3.72727272727,2.36363636364,1.3,1.625,1.43336856898,0.6064251638,0.286713286713,0.603022689156,0.510249967747,0.237762237762,1.40129809949,1.18571377649,0.503496503497,2.05382127221,0.551025219373,7,3.72727272727,2.05382127221,7,0,0,0,0,0.22962962963,11,11,11,1,0,0.0909090909091,0.636363636364,0.272727272727,11,17,0.154545454545,3.33838383838,3.09090909091,1.7,2.125,1.30034960334,0.420701342257,0.208556149733,0.820199532265,0.530717344407,0.267379679144,1.57249078621,1.01749403814,0.513368983957,1.44090475381,0.431617460293,4.66666666667,3.33838383838,1.44090475381,4.66666666667,0.213333333333,0.153846153846,2,0.0121212121212,0.205555555556,11,11,11,1,0,0.0909090909091,0.636363636364,0.272727272727,-3,-0.0272727272727,0.294995408632,-0.545454545455,-0.3,-0.375,-0.389190409368,-0.0439221612377,-0.0368983957219,-0.347548883978,-0.111544284527,-0.0689839572193,-0.367518585835,-0.0495111164884,-0.0229946524064,0.384005979269,0.0843404698815,1.12121212121,0.294995408632,0.384005979269,1.12121212121,-0.285714285714,-0.246153846154,-6,-0.0363636363636,-0.05,0,0,0,16,1,4,89,0.8,0.988888888889,0.0111111111111,0.2,0.941176470588,0.8,0.864864864865,0.841755876268,0.788888888889,0.761904761905,4,7,0,0,0,0
3067,WLNM_dir_neg,0.785714285714,0.535528756957,00:00:00,10,70,41,1177447090,threshold_sweep,0.7,0.75,0.428571428571,0.545454545455,3,1,4,13,0.428571428571,0.928571428571,0.0714285714286,0.571428571429,0.75,0.428571428571,0.545454545455,0.761904761905,0.603174603175,0.4,0.428746462856,0.357142857143,20,13,7,0,20,0,13,0,7,11,20,0.181818181818,3.04338842975,3.63636363636,2,2.5,1.68954001271,0.464623503495,0.245454545455,1.16774841624,0.642261628933,0.336363636364,1.94000937205,1.06700515463,0.536363636364,1.05689877454,0.347276990411,3.54545454545,3.04338842975,1.05689877454,3.54545454545,0.499047619048,0.4,8,0.0484848484848,0.255555555556,11,11,11,1,0,0.0909090909091,0.636363636364,0.272727272727,11,0.118181818182,3.72727272727,2.36363636364,1.3,1.625,1.43336856898,0.6064251638,0.286713286713,0.603022689156,0.510249967747,0.237762237762,1.40129809949,1.18571377649,0.503496503497,2.05382127221,0.551025219373,7,3.72727272727,2.05382127221,7,0,0,0,0,0.22962962963,11,11,11,1,0,0.0909090909091,0.636363636364,0.272727272727,11,17,0.154545454545,3.33838383838,3.09090909091,1.7,2.125,1.30034960334,0.420701342257,0.208556149733,0.820199532265,0.530717344407,0.267379679144,1.57249078621,1.01749403814,0.513368983957,1.44090475381,0.431617460293,4.66666666667,3.33838383838,1.44090475381,4.66666666667,0.213333333333,0.153846153846,2,0.0121212121212,0.205555555556,11,11,11,1,0,0.0909090909091,0.636363636364,0.272727272727,-3,-0.0272727272727,0.294995408632,-0.545454545455,-0.3,-0.375,-0.389190409368,-0.0439221612377,-0.0368983957219,-0.347548883978,-0.111544284527,-0.0689839572193,-0.367518585835,-0.0495111164884,-0.0229946524064,0.384005979269,0.0843404698815,1.12121212121,0.294995408632,0.384005979269,1.12121212121,-0.285714285714,-0.246153846154,-6,-0.0363636363636,-0.05,0,0,0,16,1,4,89,0.8,0.988888888889,0.0111111111111,0.2,0.941176470588,0.8,0.864864864865,0.841755876268,0.788888888889,0.761904761905,4,7,0,0,0,0
3068,WLNM_dir_neg,0.785714285714,0.535528756957,00:00:00,10,70,41,1177447090,threshold_sweep,0.8,0.75,0.428571428571,0.545454545455,3,1,4,13,0.428571428571,0.928571428571,0.0714285714286,0.571428571429,0.75,0.428571428571,0.545454545455,0.761904761905,0.603174603175,0.4,0.428746462856,0.357142857143,20,13,7,0,20,0,13,0,7,11,20,0.181818181818,3.04338842975,3.63636363636,2,2.5,1.68954001271,0.464623503495,0.245454545455,1.16774841624,0.642261628933,0.336363636364,1.94000937205,1.06700515463,0.536363636364,1.05689877454,0.347276990411,3.54545454545,3.04338842975,1.05689877454,3.54545454545,0.499047619048,0.4,8,0.0484848484848,0.255555555556,11,11,11,1,0,0.0909090909091,0.636363636364,0.272727272727,11,0.118181818182,3.72727272727,2.36363636364,1.3,1.625,1.43336856898,0.6064251638,0.286713286713,0.603022689156,0.510249967747,0.237762237762,1.40129809949,1.18571377649,0.503496503497,2.05382127221,0.551025219373,7,3.72727272727,2.05382127221,7,0,0,0,0,0.22962962963,11,11,11,1,0,0.0909090909091,0.636363636364,0.272727272727,11,17,0.154545454545,3.33838383838,3.09090909091,1.7,2.125,1.30034960334,0.420701342257,0.208556149733,0.820199532265,0.530717344407,0.267379679144,1.57249078621,1.01749403814,0.513368983957,1.44090475381,0.431617460293,4.66666666667,3.33838383838,1.44090475381,4.66666666667,0.213333333333,0.153846153846,2,0.0121212121212,0.205555555556,11,11,11,1,0,0.0909090909091,0.636363636364,0.272727272727,-3,-0.0272727272727,0.294995408632,-0.545454545455,-0.3,-0.375,-0.389190409368,-0.0439221612377,-0.0368983957219,-0.347548883978,-0.111544284527,-0.0689839572193,-0.367518585835,-0.0495111164884,-0.0229946524064,0.384005979269,0.0843404698815,1.12121212121,0.294995408632,0.384005979269,1.12121212121,-0.285714285714,-0.246153846154,-6,-0.0363636363636,-0.05,0,0,0,16,1,4,89,0.8,0.988888888889,0.0111111111111,0.2,0.941176470588,0.8,0.864864864865,0.841755876268,0.788888888889,0.761904761905,4,7,0,0,0,0
3069,WLNM_dir_neg,0.785714285714,0.535528756957,00:00:00,10,70,41,1177447090,threshold_sweep,0.9,0.75,0.428571428571,0.545454545455,3,1,4,13,0.428571428571,0.928571428571,0.0714285714286,0.571428571429,0.75,0.428571428571,0.545454545455,0.761904761905,0.603174603175,0.4,0.428746462856,0.357142857143,20,13,7,0,20,0,13,0,7,11,20,0.181818181818,3.04338842975,3.63636363636,2,2.5,1.68954001271,0.464623503495,0.245454545455,1.16774841624,0.642261628933,0.336363636364,1.94000937205,1.06700515463,0.536363636364,1.05689877454,0.347276990411,3.54545454545,3.04338842975,1.05689877454,3.54545454545,0.499047619048,0.4,8,0.0484848484848,0.255555555556,11,11,11,1,0,0.0909090909091,0.636363636364,0.272727272727,11,0.118181818182,3.72727272727,2.36363636364,1.3,1.625,1.43336856898,0.6064251638,0.286713286713,0.603022689156,0.510249967747,0.237762237762,1.40129809949,1.18571377649,0.503496503497,2.05382127221,0.551025219373,7,3.72727272727,2.05382127221,7,0,0,0,0,0.22962962963,11,11,11,1,0,0.0909090909091,0.636363636364,0.272727272727,11,17,0.154545454545,3.33838383838,3.09090909091,1.7,2.125,1.30034960334,0.420701342257,0.208556149733,0.820199532265,0.530717344407,0.267379679144,1.57249078621,1.01749403814,0.513368983957,1.44090475381,0.431617460293,4.66666666667,3.33838383838,1.44090475381,4.66666666667,0.213333333333,0.153846153846,2,0.0121212121212,0.205555555556,11,11,11,1,0,0.0909090909091,0.636363636364,0.272727272727,-3,-0.0272727272727,0.294995408632,-0.545454545455,-0.3,-0.375,-0.389190409368,-0.0439221612377,-0.0368983957219,-0.347548883978,-0.111544284527,-0.0689839572193,-0.367518585835,-0.0495111164884,-0.0229946524064,0.384005979269,0.0843404698815,1.12121212121,0.294995408632,0.384005979269,1.12121212121,-0.285714285714,-0.246153846154,-6,-0.0363636363636,-0.05,0,0,0,16,1,4,89,0.8,0.988888888889,0.0111111111111,0.2,0.941176470588,0.8,0.864864864865,0.841755876268,0.788888888889,0.761904761905,4,7,0,0,0,0
3070,WLNM_dir_neg,0.897959183673,0.726731601732,00:00:00,10,70,42,1177447091,threshold_sweep,0.1,1,0.714285714286,0.833333333333,5,0,2,14,0.714285714286,1,0,0.285714285714,1,0.714285714286,0.833333333333,0.904761904762,0.587301587302,0.769230769231,0.790569415042,0.714285714286,20,13,7,0,20,0,13,0,7,11,20,0.181818181818,3.04338842975,3.63636363636,2,2.5,1.68954001271,0.464623503495,0.245454545455,1.16774841624,0.642261628933,0.336363636364,1.94000937205,1.06700515463,0.536363636364,1.05689877454,0.347276990411,3.54545454545,3.04338842975,1.05689877454,3.54545454545,0.499047619048,0.4,8,0.0484848484848,0.255555555556,11,11,11,1,0,0.0909090909091,0.636363636364,0.272727272727,11,0.118181818182,3.72727272727,2.36363636364,1.3,1.625,1.43336856898,0.6064251638,0.286713286713,0.603022689156,0.510249967747,0.237762237762,1.40129809949,1.18571377649,0.503496503497,2.05382127221,0.551025219373,7,3.72727272727,2.05382127221,7,0,0,0,0,0.22962962963,11,11,11,1,0,0.0909090909091,0.636363636364,0.272727272727,11,18,0.163636363636,3.11363636364,3.27272727273,1.8,2.25,1.42062726223,0.434080552347,0.227272727273,0.924416277737,0.564921058617,0.292929292929,1.68954001271,1.03249667443,0.525252525253,1.14353419474,0.367266456706,3.875,3.11363636364,1.14353419474,3.875,0.366666666667,0.266666666667,4,0.0242424242424,0.221111111111,11,11,11,1,0,0.0909090909091,0.636363636364,0.272727272727,-2,-0.0181818181818,0.0702479338843,-0.363636363636,-0.2,-0.25,-0.268912750482,-0.030542951148,-0.0181818181818,-0.243332138505,-0.0773405703161,-0.0434343434343,-0.250469359339,-0.0345084801933,-0.0111111111111,0.0866354202056,0.0199894662943,0.329545454545,0.0702479338843,0.0866354202056,0.329545454545,-0.132380952381,-0.133333333333,-4,-0.0242424242424,-0.0344444444444,0,0,0,18,0,2,90,0.9,1,0,0.1,1,0.9,0.947368421053,0.938314863257,0.9,0.9,5,7,0,0,0,0
3071,WLNM_dir_neg,0.897959183673,0.726731601732,00:00:00,10,70,42,1177447091,threshold_sweep,0.2,1,0.714285714286,0.833333333333,5,0,2,14,0.714285714286,1,0,0.285714285714,1,0.714285714286,0.833333333333,0.904761904762,0.587301587302,0.769230769231,0.790569415042,0.714285714286,20,13,7,0,20,0,13,0,7,11,20,0.181818181818,3.04338842975,3.63636363636,2,2.5,1.68954001271,0.464623503495,0.245454545455,1.16774841624,0.642261628933,0.336363636364,1.94000937205,1.06700515463,0.536363636364,1.05689877454,0.347276990411,3.54545454545,3.04338842975,1.05689877454,3.54545454545,0.499047619048,0.4,8,0.0484848484848,0.255555555556,11,11,11,1,0,0.0909090909091,0.636363636364,0.272727272727,11,0.118181818182,3.72727272727,2.36363636364,1.3,1.625,1.43336856898,0.6064251638,0.286713286713,0.603022689156,0.510249967747,0.237762237762,1.40129809949,1.18571377649,0.503496503497,2.05382127221,0.551025219373,7,3.72727272727,2.05382127221,7,0,0,0,0,0.22962962963,11,11,11,1,0,0.0909090909091,0.636363636364,0.272727272727,11,18,0.163636363636,3.11363636364,3.27272727273,1.8,2.25,1.42062726223,0.434080552347,0.227272727273,0.924416277737,0.564921058617,0.292929292929,1.68954001271,1.03249667443,0.525252525253,1.14353419474,0.367266456706,3.875,3.11363636364,1.14353419474,3.875,0.366666666667,0.266666666667,4,0.0242424242424,0.221111111111,11,11,11,1,0,0.0909090909091,0.636363636364,0.272727272727,-2,-0.0181818181818,0.0702479338843,-0.363636363636,-0.2,-0.25,-0.268912750482,-0.030542951148,-0.0181818181818,-0.243332138505,-0.0773405703161,-0.0434343434343,-0.250469359339,-0.0345084801933,-0.0111111111111,0.0866354202056,0.0199894662943,0.329545454545,0.0702479338843,0.0866354202056,0.329545454545,-0.132380952381,-0.133333333333,-4,-0.0242424242424,-0.0344444444444,0,0,0,18,0,2,90,0.9,1,0,0.1,1,0.9,0.947368421053,0.938314863257,0.9,0.9,5,7,0,0,0,0
3072,WLNM_dir_neg,0.897959183673,0.726731601732,00:00:00,10,70,42,1177447091,threshold_sweep,0.3,1,0.571428571429,0.727272727273,4,0,3,14,0.571428571429,1,0,0.428571428571,1,0.571428571429,0.727272727273,0.857142857143,0.603174603175,0.64,0.68599434057,0.571428571429,20,13,7,0,20,0,13,0,7,11,20,0.181818181818,3.04338842975,3.63636363636,2,2.5,1.68954001271,0.464623503495,0.245454545455,1.16774841624,0.642261628933,0.336363636364,1.94000937205,1.06700515463,0.536363636364,1.05689877454,0.347276990411,3.54545454545,3.04338842975,1.05689877454,3.54545454545,0.499047619048,0.4,8,0.0484848484848,0.255555555556,11,11,11,1,0,0.0909090909091,0.636363636364,0.272727272727,11,0.118181818182,3.72727272727,2.36363636364,1.3,1.625,1.43336856898,0.6064251638,0.286713286713,0.603022689156,0.510249967747,0.237762237762,1.40129809949,1.18571377649,0.503496503497,2.05382127221,0.551025219373,7,3.72727272727,2.05382127221,7,0,0,0,0,0.22962962963,11,11,11,1,0,0.0909090909091,0.636363636364,0.272727272727,11,17,0.154545454545,3.17727272727,3.09090909091,1.7,2.125,1.30034960334,0.420701342257,0.208556149733,0.820199532265,0.530717344407,0.267379679144,1.57249078621,1.01749403814,0.513368983957,1.2536673475,0.394573414091,4.4,3.17727272727,1.2536673475,4.4,0.213333333333,0.153846153846,2,0.0121212121212,0.205555555556,11,11,11,1,0,0.0909090909091,0.636363636364,0.272727272727,-3,-0.0272727272727,0.133884297521,-0.545454545455,-0.3,-0.375,-0.389190409368,-0.0439221612377,-0.0368983957219,-0.347548883978,-0.111544284527,-0.0689839572193,-0.367518585835,-0.0495111164884,-0.0229946524064,0.196768572961,0.0472964236795,0.854545454545,0.133884297521,0.196768572961,0.854545454545,-0.285714285714,-0.246153846154,-6,-0.0363636363636,-0.05,0,0,0,17,0,3,90,0.85,1,0,0.15,1,0.85,0.918918918919,0.906962317388,0.85,0.85,4,7,0,0,0,0
3073,WLNM_dir_neg,0.897959183673,0.726731601732,00:00:00,10,70,42,1177447091,threshold_sweep,0.4,1,0.571428571429,0.727272727273,4,0,3,14,0.571428571429,1,0,0.428571428571,1,0.571428571429,0.727272727273,0.857142857143,0.603174603175,0.64,0.68599434057,0.571428571429,20,13,7,0,20,0,13,0,7,11,20,0.181818181818,3.04338842975,3.63636363636,2,2.5,1.68954001271,0.464623503495,0.245454545455,1.16774841624,0.642261628933,0.336363636364,1.94000937205,1.06700515463,0.536363636364,1.05689877454,0.347276990411,3.54545454545,3.04338842975,1.05689877454,3.54545454545,0.499047619048,0.4,8,0.0484848484848,0.255555555556,11,11,11,1,0,0.0909090909091,0.636363636364,0.272727272727,11,0.118181818182,3.72727272727,2.36363636364,1.3,1.625,1.43336856898,0.6064251638,0.286713286713,0.603022689156,0.510249967747,0.237762237762,1.40129809949,1.18571377649,0.503496503497,2.05382127221,0.551025219373,7,3.72727272727,2.05382127221,7,0,0,0,0,0.22962962963,11,11,11,1,0,0.0909090909091,0.636363636364,0.272727272727,11,17,0.154545454545,3.17727272727,3.09090909091,1.7,2.125,1.30034960334,0.420701342257,0.208556149733,0.820199532265,0.530717344407,0.267379679144,1.57249078621,1.01749403814,0.513368983957,1.2536673475,0.394573414091,4.4,3.17727272727,1.2536673475,4.4,0.213333333333,0.153846153846,2,0.0121212121212,0.205555555556,11,11,11,1,0,0.0909090909091,0.636363636364,0.272727272727,-3,-0.0272727272727,0.133884297521,-0.545454545455,-0.3,-0.375,-0.389190409368,-0.0439221612377,-0.0368983957219,-0.347548883978,-0.111544284527,-0.0689839572193,-0.367518585835,-0.0495111164884,-0.0229946524064,0.196768572961,0.0472964236795,0.854545454545,0.133884297521,0.196768572961,0.854545454545,-0.285714285714,-0.246153846154,-6,-0.0363636363636,-0.05,0,0,0,17,0,3,90,0.85,1,0,0.15,1,0.85,0.918918918919,0.906962317388,0.85,0.85,4,7,0,0,0,0
3074,WLNM_dir_neg,0.897959183673,0.726731601732,00:00:00,10,70,42,1177447091,threshold_sweep,0.5,1,0.571428571429,0.727272727273,4,0,3,14,0.571428571429,1,0,0.428571428571,1,0.571428571429,0.727272727273,0.857142857143,0.603174603175,0.64,0.68599434057,0.571428571429,20,13,7,0,20,0,13,0,7,11,20,0.181818181818,3.04338842975,3.63636363636,2,2.5,1.68954001271,0.464623503495,0.245454545455,1.16774841624,0.642261628933,0.336363636364,1.94000937205,1.06700515463,0.536363636364,1.05689877454,0.347276990411,3.54545454545,3.04338842975,1.05689877454,3.54545454545,0.499047619048,0.4,8,0.0484848484848,0.255555555556,11,11,11,1,0,0.0909090909091,0.636363636364,0.272727272727,11,0.118181818182,3.72727272727,2.36363636364,1.3,1.625,1.43336856898,0.6064251638,0.286713286713,0.603022689156,0.510249967747,0.237762237762,1.40129809949,1.18571377649,0.503496503497,2.05382127221,0.551025219373,7,3.72727272727,2.05382127221,7,0,0,0,0,0.22962962963,11,11,11,1,0,0.0909090909091,0.636363636364,0.272727272727,11,17,0.154545454545,3.17727272727,3.09090909091,1.7,2.125,1.30034960334,0.420701342257,0.208556149733,0.820199532265,0.530717344407,0.267379679144,1.57249078621,1.01749403814,0.513368983957,1.2536673475,0.394573414091,4.4,3.17727272727,1.2536673475,4.4,0.213333333333,0.153846153846,2,0.0121212121212,0.205555555556,11,11,11,1,0,0.0909090909091,0.636363636364,0.272727272727,-3,-0.0272727272727,0.133884297521,-0.545454545455,-0.3,-0.375,-0.389190409368,-0.0439221612377,-0.0368983957219,-0.347548883978,-0.111544284527,-0.0689839572193,-0.367518585835,-0.0495111164884,-0.0229946524064,0.196768572961,0.0472964236795,0.854545454545,0.133884297521,0.196768572961,0.854545454545,-0.285714285714,-0.246153846154,-6,-0.0363636363636,-0.05,0,0,0,17,0,3,90,0.85,1,0,0.15,1,0.85,0.918918918919,0.906962317388,0.85,0.85,4,7,0,0,0,0
3075,WLNM_dir_neg,0.897959183673,0.726731601732,00:00:00,10,70,42,1177447091,threshold_sweep,0.6,1,0.571428571429,0.727272727273,4,0,3,14,0.571428571429,1,0,0.428571428571,1,0.571428571429,0.727272727273,0.857142857143,0.603174603175,0.64,0.68599434057,0.571428571429,20,13,7,0,20,0,13,0,7,11,20,0.181818181818,3.04338842975,3.63636363636,2,2.5,1.68954001271,0.464623503495,0.245454545455,1.16774841624,0.642261628933,0.336363636364,1.94000937205,1.06700515463,0.536363636364,1.05689877454,0.347276990411,3.54545454545,3.04338842975,1.05689877454,3.54545454545,0.499047619048,0.4,8,0.0484848484848,0.255555555556,11,11,11,1,0,0.0909090909091,0.636363636364,0.272727272727,11,0.118181818182,3.72727272727,2.36363636364,1.3,1.625,1.43336856898,0.6064251638,0.286713286713,0.603022689156,0.510249967747,0.237762237762,1.40129809949,1.18571377649,0.503496503497,2.05382127221,0.551025219373,7,3.72727272727,2.05382127221,7,0,0,0,0,0.22962962963,11,11,11,1,0,0.0909090909091,0.636363636364,0.272727272727,11,17,0.154545454545,3.17727272727,3.09090909091,1.7,2.125,1.30034960334,0.420701342257,0.208556149733,0.820199532265,0.530717344407,0.267379679144,1.57249078621,1.01749403814,0.513368983957,1.2536673475,0.394573414091,4.4,3.17727272727,1.2536673475,4.4,0.213333333333,0.153846153846,2,0.0121212121212,0.205555555556,11,11,11,1,0,0.0909090909091,0.636363636364,0.272727272727,-3,-0.0272727272727,0.133884297521,-0.545454545455,-0.3,-0.375,-0.389190409368,-0.0439221612377,-0.0368983957219,-0.347548883978,-0.111544284527,-0.0689839572193,-0.367518585835,-0.0495111164884,-0.0229946524064,0.196768572961,0.0472964236795,0.854545454545,0.133884297521,0.196768572961,0.854545454545,-0.285714285714,-0.246153846154,-6,-0.0363636363636,-0.05,0,0,0,17,0,3,90,0.85,1,0,0.15,1,0.85,0.918918918919,0.906962317388,0.85,0.85,4,7,0,0,0,0
3076,WLNM_dir_neg,0.897959183673,0.726731601732,00:00:00,10,70,42,1177447091,threshold_sweep,0.7,1,0.428571428571,0.6,3,0,4,14,0.428571428571,1,0,0.571428571429,1,0.428571428571,0.6,0.809523809524,0.619047619048,0.5,0.57735026919,0.428571428571,20,13,7,0,20,0,13,0,7,11,20,0.181818181818,3.04338842975,3.63636363636,2,2.5,1.68954001271,0.464623503495,0.245454545455,1.16774841624,0.642261628933,0.336363636364,1.94000937205,1.06700515463,0.536363636364,1.05689877454,0.347276990411,3.54545454545,3.04338842975,1.05689877454,3.54545454545,0.499047619048,0.4,8,0.0484848484848,0.255555555556,11,11,11,1,0,0.0909090909091,0.636363636364,0.272727272727,11,0.118181818182,3.72727272727,2.36363636364,1.3,1.625,1.43336856898,0.6064251638,0.286713286713,0.603022689156,0.510249967747,0.237762237762,1.40129809949,1.18571377649,0.503496503497,2.05382127221,0.551025219373,7,3.72727272727,2.05382127221,7,0,0,0,0,0.22962962963,11,11,11,1,0,0.0909090909091,0.636363636364,0.272727272727,11,16,0.145454545455,3.25,2.90909090909,1.6,2,1.30034960334,0.446995176148,0.215909090909,0.687551650952,0.47269176003,0.227272727273,1.57249078621,1.08108741552,0.522727272727,1.3758835545,0.423348786001,4.66666666667,3.25,1.3758835545,4.66666666667,0.213333333333,0.171428571429,2,0.0121212121212,0.2,11,11,11,1,0,0.0909090909091,0.636363636364,0.272727272727,-4,-0.0363636363636,0.206611570248,-0.727272727273,-0.4,-0.5,-0.389190409368,-0.0176283273466,-0.0295454545455,-0.48019676529,-0.169569868904,-0.109090909091,-0.367518585835,0.0140822608953,-0.0136363636364,0.318984779967,0.07607179559,1.12121212121,0.206611570248,0.318984779967,1.12121212121,-0.285714285714,-0.228571428571,-6,-0.0363636363636,-0.0555555555556,0,0,0,16,0,4,90,0.8,1,0,0.2,1,0.8,0.888888888889,0.875189948987,0.8,0.8,3,7,0,0,0,0
3077,WLNM_dir_neg,0.897959183673,0.726731601732,00:00:00,10,70,42,1177447091,threshold_sweep,0.8,1,0.428571428571,0.6,3,0,4,14,0.428571428571,1,0,0.571428571429,1,0.428571428571,0.6,0.809523809524,0.619047619048,0.5,0.57735026919,0.428571428571,20,13,7,0,20,0,13,0,7,11,20,0.181818181818,3.04338842975,3.63636363636,2,2.5,1.68954001271,0.464623503495,0.245454545455,1.16774841624,0.642261628933,0.336363636364,1.94000937205,1.06700515463,0.536363636364,1.05689877454,0.347276990411,3.54545454545,3.04338842975,1.05689877454,3.54545454545,0.499047619048,0.4,8,0.0484848484848,0.255555555556,11,11,11,1,0,0.0909090909091,0.636363636364,0.272727272727,11,0.118181818182,3.72727272727,2.36363636364,1.3,1.625,1.43336856898,0.6064251638,0.286713286713,0.603022689156,0.510249967747,0.237762237762,1.40129809949,1.18571377649,0.503496503497,2.05382127221,0.551025219373,7,3.72727272727,2.05382127221,7,0,0,0,0,0.22962962963,11,11,11,1,0,0.0909090909091,0.636363636364,0.272727272727,11,16,0.145454545455,3.25,2.90909090909,1.6,2,1.30034960334,0.446995176148,0.215909090909,0.687551650952,0.47269176003,0.227272727273,1.57249078621,1.08108741552,0.522727272727,1.3758835545,0.423348786001,4.66666666667,3.25,1.3758835545,4.66666666667,0.213333333333,0.171428571429,2,0.0121212121212,0.2,11,11,11,1,0,0.0909090909091,0.636363636364,0.272727272727,-4,-0.0363636363636,0.206611570248,-0.727272727273,-0.4,-0.5,-0.389190409368,-0.0176283273466,-0.0295454545455,-0.48019676529,-0.169569868904,-0.109090909091,-0.367518585835,0.0140822608953,-0.0136363636364,0.318984779967,0.07607179559,1.12121212121,0.206611570248,0.318984779967,1.12121212121,-0.285714285714,-0.228571428571,-6,-0.0363636363636,-0.0555555555556,0,0,0,16,0,4,90,0.8,1,0,0.2,1,0.8,0.888888888889,0.875189948987,0.8,0.8,3,7,0,0,0,0
3078,WLNM_dir_neg,0.897959183673,0.726731601732,00:00:00,10,70,42,1177447091,threshold_sweep,0.9,1,0.428571428571,0.6,3,0,4,14,0.428571428571,1,0,0.571428571429,1,0.428571428571,0.6,0.809523809524,0.619047619048,0.5,0.57735026919,0.428571428571,20,13,7,0,20,0,13,0,7,11,20,0.181818181818,3.04338842975,3.63636363636,2,2.5,1.68954001271,0.464623503495,0.245454545455,1.16774841624,0.642261628933,0.336363636364,1.94000937205,1.06700515463,0.536363636364,1.05689877454,0.347276990411,3.54545454545,3.04338842975,1.05689877454,3.54545454545,0.499047619048,0.4,8,0.0484848484848,0.255555555556,11,11,11,1,0,0.0909090909091,0.636363636364,0.272727272727,11,0.118181818182,3.72727272727,2.36363636364,1.3,1.625,1.43336856898,0.6064251638,0.286713286713,0.603022689156,0.510249967747,0.237762237762,1.40129809949,1.18571377649,0.503496503497,2.05382127221,0.551025219373,7,3.72727272727,2.05382127221,7,0,0,0,0,0.22962962963,11,11,11,1,0,0.0909090909091,0.636363636364,0.272727272727,11,16,0.145454545455,3.25,2.90909090909,1.6,2,1.30034960334,0.446995176148,0.215909090909,0.687551650952,0.47269176003,0.227272727273,1.57249078621,1.08108741552,0.522727272727,1.3758835545,0.423348786001,4.66666666667,3.25,1.3758835545,4.66666666667,0.213333333333,0.171428571429,2,0.0121212121212,0.2,11,11,11,1,0,0.0909090909091,0.636363636364,0.272727272727,-4,-0.0363636363636,0.206611570248,-0.727272727273,-0.4,-0.5,-0.389190409368,-0.0176283273466,-0.0295454545455,-0.48019676529,-0.169569868904,-0.109090909091,-0.367518585835,0.0140822608953,-0.0136363636364,0.318984779967,0.07607179559,1.12121212121,0.206611570248,0.318984779967,1.12121212121,-0.285714285714,-0.228571428571,-6,-0.0363636363636,-0.0555555555556,0,0,0,16,0,4,90,0.8,1,0,0.2,1,0.8,0.888888888889,0.875189948987,0.8,0.8,3,7,0,0,0,0
3079,WLNM_dir_neg,0.959183673469,0.802597402597,00:00:00,10,70,43,1177447092,threshold_sweep,0.1,1,0.714285714286,0.833333333333,5,0,2,14,0.714285714286,1,0,0.285714285714,1,0.714285714286,0.833333333333,0.904761904762,0.587301587302,0.769230769231,0.790569415042,0.714285714286,20,13,7,0,20,0,13,0,7,11,20,0.181818181818,3.04338842975,3.63636363636,2,2.5,1.68954001271,0.464623503495,0.245454545455,1.16774841624,0.642261628933,0.336363636364,1.94000937205,1.06700515463,0.536363636364,1.05689877454,0.347276990411,3.54545454545,3.04338842975,1.05689877454,3.54545454545,0.499047619048,0.4,8,0.0484848484848,0.255555555556,11,11,11,1,0,0.0909090909091,0.636363636364,0.272727272727,11,0.118181818182,3.72727272727,2.36363636364,1.3,1.625,1.43336856898,0.6064251638,0.286713286713,0.603022689156,0.510249967747,0.237762237762,1.40129809949,1.18571377649,0.503496503497,2.05382127221,0.551025219373,7,3.72727272727,2.05382127221,7,0,0,0,0,0.22962962963,11,11,11,1,0,0.0909090909091,0.636363636364,0.272727272727,11,18,0.163636363636,3.11363636364,3.27272727273,1.8,2.25,1.42062726223,0.434080552347,0.227272727273,0.924416277737,0.564921058617,0.292929292929,1.68954001271,1.03249667443,0.525252525253,1.14353419474,0.367266456706,3.875,3.11363636364,1.14353419474,3.875,0.366666666667,0.266666666667,4,0.0242424242424,0.221111111111,11,11,11,1,0,0.0909090909091,0.636363636364,0.272727272727,-2,-0.0181818181818,0.0702479338843,-0.363636363636,-0.2,-0.25,-0.268912750482,-0.030542951148,-0.0181818181818,-0.243332138505,-0.0773405703161,-0.0434343434343,-0.250469359339,-0.0345084801933,-0.0111111111111,0.0866354202056,0.0199894662943,0.329545454545,0.0702479338843,0.0866354202056,0.329545454545,-0.132380952381,-0.133333333333,-4,-0.0242424242424,-0.0344444444444,0,0,0,18,0,2,90,0.9,1,0,0.1,1,0.9,0.947368421053,0.938314863257,0.9,0.9,5,7,0,0,0,0
3080,WLNM_dir_neg,0.959183673469,0.802597402597,00:00:00,10,70,43,1177447092,threshold_sweep,0.2,1,0.714285714286,0.833333333333,5,0,2,14,0.714285714286,1,0,0.285714285714,1,0.714285714286,0.833333333333,0.904761904762,0.587301587302,0.769230769231,0.790569415042,0.714285714286,20,13,7,0,20,0,13,0,7,11,20,0.181818181818,3.04338842975,3.63636363636,2,2.5,1.68954001271,0.464623503495,0.245454545455,1.16774841624,0.642261628933,0.336363636364,1.94000937205,1.06700515463,0.536363636364,1.05689877454,0.347276990411,3.54545454545,3.04338842975,1.05689877454,3.54545454545,0.499047619048,0.4,8,0.0484848484848,0.255555555556,11,11,11,1,0,0.0909090909091,0.636363636364,0.272727272727,11,0.118181818182,3.72727272727,2.36363636364,1.3,1.625,1.43336856898,0.6064251638,0.286713286713,0.603022689156,0.510249967747,0.237762237762,1.40129809949,1.18571377649,0.503496503497,2.05382127221,0.551025219373,7,3.72727272727,2.05382127221,7,0,0,0,0,0.22962962963,11,11,11,1,0,0.0909090909091,0.636363636364,0.272727272727,11,18,0.163636363636,3.11363636364,3.27272727273,1.8,2.25,1.42062726223,0.434080552347,0.227272727273,0.924416277737,0.564921058617,0.292929292929,1.68954001271,1.03249667443,0.525252525253,1.14353419474,0.367266456706,3.875,3.11363636364,1.14353419474,3.875,0.366666666667,0.266666666667,4,0.0242424242424,0.221111111111,11,11,11,1,0,0.0909090909091,0.636363636364,0.272727272727,-2,-0.0181818181818,0.0702479338843,-0.363636363636,-0.2,-0.25,-0.268912750482,-0.030542951148,-0.0181818181818,-0.243332138505,-0.0773405703161,-0.0434343434343,-0.250469359339,-0.0345084801933,-0.0111111111111,0.0866354202056,0.0199894662943,0.329545454545,0.0702479338843,0.0866354202056,0.329545454545,-0.132380952381,-0.133333333333,-4,-0.0242424242424,-0.0344444444444,0,0,0,18,0,2,90,0.9,1,0,0.1,1,0.9,0.947368421053,0.938314863257,0.9,0.9,5,7,0,0,0,0
3081,WLNM_dir_neg,0.959183673469,0.802597402597,00:00:00,10,70,43,1177447092,threshold_sweep,0.3,1,0.714285714286,0.833333333333,5,0,2,14,0.714285714286,1,0,0.285714285714,1,0.714285714286,0.833333333333,0.904761904762,0.587301587302,0.769230769231,0.790569415042,0.714285714286,20,13,7,0,20,0,13,0,7,11,20,0.181818181818,3.04338842975,3.63636363636,2,2.5,1.68954001271,0.464623503495,0.245454545455,1.16774841624,0.642261628933,0.336363636364,1.94000937205,1.06700515463,0.536363636364,1.05689877454,0.347276990411,3.54545454545,3.04338842975,1.05689877454,3.54545454545,0.499047619048,0.4,8,0.0484848484848,0.255555555556,11,11,11,1,0,0.0909090909091,0.636363636364,0.272727272727,11,0.118181818182,3.72727272727,2.36363636364,1.3,1.625,1.43336856898,0.6064251638,0.286713286713,0.603022689156,0.510249967747,0.237762237762,1.40129809949,1.18571377649,0.503496503497,2.05382127221,0.551025219373,7,3.72727272727,2.05382127221,7,0,0,0,0,0.22962962963,11,11,11,1,0,0.0909090909091,0.636363636364,0.272727272727,11,18,0.163636363636,3.11363636364,3.27272727273,1.8,2.25,1.42062726223,0.434080552347,0.227272727273,0.924416277737,0.564921058617,0.292929292929,1.68954001271,1.03249667443,0.525252525253,1.14353419474,0.367266456706,3.875,3.11363636364,1.14353419474,3.875,0.366666666667,0.266666666667,4,0.0242424242424,0.221111111111,11,11,11,1,0,0.0909090909091,0.636363636364,0.272727272727,-2,-0.0181818181818,0.0702479338843,-0.363636363636,-0.2,-0.25,-0.268912750482,-0.030542951148,-0.0181818181818,-0.243332138505,-0.0773405703161,-0.0434343434343,-0.250469359339,-0.0345084801933,-0.0111111111111,0.0866354202056,0.0199894662943,0.329545454545,0.0702479338843,0.0866354202056,0.329545454545,-0.132380952381,-0.133333333333,-4,-0.0242424242424,-0.0344444444444,0,0,0,18,0,2,90,0.9,1,0,0.1,1,0.9,0.947368421053,0.938314863257,0.9,0.9,5,7,0,0,0,0
3082,WLNM_dir_neg,0.959183673469,0.802597402597,00:00:00,10,70,43,1177447092,threshold_sweep,0.4,1,0.714285714286,0.833333333333,5,0,2,14,0.714285714286,1,0,0.285714285714,1,0.714285714286,0.833333333333,0.904761904762,0.587301587302,0.769230769231,0.790569415042,0.714285714286,20,13,7,0,20,0,13,0,7,11,20,0.181818181818,3.04338842975,3.63636363636,2,2.5,1.68954001271,0.464623503495,0.245454545455,1.16774841624,0.642261628933,0.336363636364,1.94000937205,1.06700515463,0.536363636364,1.05689877454,0.347276990411,3.54545454545,3.04338842975,1.05689877454,3.54545454545,0.499047619048,0.4,8,0.0484848484848,0.255555555556,11,11,11,1,0,0.0909090909091,0.636363636364,0.272727272727,11,0.118181818182,3.72727272727,2.36363636364,1.3,1.625,1.43336856898,0.6064251638,0.286713286713,0.603022689156,0.510249967747,0.237762237762,1.40129809949,1.18571377649,0.503496503497,2.05382127221,0.551025219373,7,3.72727272727,2.05382127221,7,0,0,0,0,0.22962962963,11,11,11,1,0,0.0909090909091,0.636363636364,0.272727272727,11,18,0.163636363636,3.11363636364,3.27272727273,1.8,2.25,1.42062726223,0.434080552347,0.227272727273,0.924416277737,0.564921058617,0.292929292929,1.68954001271,1.03249667443,0.525252525253,1.14353419474,0.367266456706,3.875,3.11363636364,1.14353419474,3.875,0.366666666667,0.266666666667,4,0.0242424242424,0.221111111111,11,11,11,1,0,0.0909090909091,0.636363636364,0.272727272727,-2,-0.0181818181818,0.0702479338843,-0.363636363636,-0.2,-0.25,-0.268912750482,-0.030542951148,-0.0181818181818,-0.243332138505,-0.0773405703161,-0.0434343434343,-0.250469359339,-0.0345084801933,-0.0111111111111,0.0866354202056,0.0199894662943,0.329545454545,0.0702479338843,0.0866354202056,0.329545454545,-0.132380952381,-0.133333333333,-4,-0.0242424242424,-0.0344444444444,0,0,0,18,0,2,90,0.9,1,0,0.1,1,0.9,0.947368421053,0.938314863257,0.9,0.9,5,7,0,0,0,0
3083,WLNM_dir_neg,0.959183673469,0.802597402597,00:00:00,10,70,43,1177447092,threshold_sweep,0.5,1,0.714285714286,0.833333333333,5,0,2,14,0.714285714286,1,0,0.285714285714,1,0.714285714286,0.833333333333,0.904761904762,0.587301587302,0.769230769231,0.790569415042,0.714285714286,20,13,7,0,20,0,13,0,7,11,20,0.181818181818,3.04338842975,3.63636363636,2,2.5,1.68954001271,0.464623503495,0.245454545455,1.16774841624,0.642261628933,0.336363636364,1.94000937205,1.06700515463,0.536363636364,1.05689877454,0.347276990411,3.54545454545,3.04338842975,1.05689877454,3.54545454545,0.499047619048,0.4,8,0.0484848484848,0.255555555556,11,11,11,1,0,0.0909090909091,0.636363636364,0.272727272727,11,0.118181818182,3.72727272727,2.36363636364,1.3,1.625,1.43336856898,0.6064251638,0.286713286713,0.603022689156,0.510249967747,0.237762237762,1.40129809949,1.18571377649,0.503496503497,2.05382127221,0.551025219373,7,3.72727272727,2.05382127221,7,0,0,0,0,0.22962962963,11,11,11,1,0,0.0909090909091,0.636363636364,0.272727272727,11,18,0.163636363636,3.11363636364,3.27272727273,1.8,2.25,1.42062726223,0.434080552347,0.227272727273,0.924416277737,0.564921058617,0.292929292929,1.68954001271,1.03249667443,0.525252525253,1.14353419474,0.367266456706,3.875,3.11363636364,1.14353419474,3.875,0.366666666667,0.266666666667,4,0.0242424242424,0.221111111111,11,11,11,1,0,0.0909090909091,0.636363636364,0.272727272727,-2,-0.0181818181818,0.0702479338843,-0.363636363636,-0.2,-0.25,-0.268912750482,-0.030542951148,-0.0181818181818,-0.243332138505,-0.0773405703161,-0.0434343434343,-0.250469359339,-0.0345084801933,-0.0111111111111,0.0866354202056,0.0199894662943,0.329545454545,0.0702479338843,0.0866354202056,0.329545454545,-0.132380952381,-0.133333333333,-4,-0.0242424242424,-0.0344444444444,0,0,0,18,0,2,90,0.9,1,0,0.1,1,0.9,0.947368421053,0.938314863257,0.9,0.9,5,7,0,0,0,0
3084,WLNM_dir_neg,0.959183673469,0.802597402597,00:00:00,10,70,43,1177447092,threshold_sweep,0.6,1,0.714285714286,0.833333333333,5,0,2,14,0.714285714286,1,0,0.285714285714,1,0.714285714286,0.833333333333,0.904761904762,0.587301587302,0.769230769231,0.790569415042,0.714285714286,20,13,7,0,20,0,13,0,7,11,20,0.181818181818,3.04338842975,3.63636363636,2,2.5,1.68954001271,0.464623503495,0.245454545455,1.16774841624,0.642261628933,0.336363636364,1.94000937205,1.06700515463,0.536363636364,1.05689877454,0.347276990411,3.54545454545,3.04338842975,1.05689877454,3.54545454545,0.499047619048,0.4,8,0.0484848484848,0.255555555556,11,11,11,1,0,0.0909090909091,0.636363636364,0.272727272727,11,0.118181818182,3.72727272727,2.36363636364,1.3,1.625,1.43336856898,0.6064251638,0.286713286713,0.603022689156,0.510249967747,0.237762237762,1.40129809949,1.18571377649,0.503496503497,2.05382127221,0.551025219373,7,3.72727272727,2.05382127221,7,0,0,0,0,0.22962962963,11,11,11,1,0,0.0909090909091,0.636363636364,0.272727272727,11,18,0.163636363636,3.11363636364,3.27272727273,1.8,2.25,1.42062726223,0.434080552347,0.227272727273,0.924416277737,0.564921058617,0.292929292929,1.68954001271,1.03249667443,0.525252525253,1.14353419474,0.367266456706,3.875,3.11363636364,1.14353419474,3.875,0.366666666667,0.266666666667,4,0.0242424242424,0.221111111111,11,11,11,1,0,0.0909090909091,0.636363636364,0.272727272727,-2,-0.0181818181818,0.0702479338843,-0.363636363636,-0.2,-0.25,-0.268912750482,-0.030542951148,-0.0181818181818,-0.243332138505,-0.0773405703161,-0.0434343434343,-0.250469359339,-0.0345084801933,-0.0111111111111,0.0866354202056,0.0199894662943,0.329545454545,0.0702479338843,0.0866354202056,0.329545454545,-0.132380952381,-0.133333333333,-4,-0.0242424242424,-0.0344444444444,0,0,0,18,0,2,90,0.9,1,0,0.1,1,0.9,0.947368421053,0.938314863257,0.9,0.9,5,7,0,0,0,0
3085,WLNM_dir_neg,0.959183673469,0.802597402597,00:00:00,10,70,43,1177447092,threshold_sweep,0.7,1,0.714285714286,0.833333333333,5,0,2,14,0.714285714286,1,0,0.285714285714,1,0.714285714286,0.833333333333,0.904761904762,0.587301587302,0.769230769231,0.790569415042,0.714285714286,20,13,7,0,20,0,13,0,7,11,20,0.181818181818,3.04338842975,3.63636363636,2,2.5,1.68954001271,0.464623503495,0.245454545455,1.16774841624,0.642261628933,0.336363636364,1.94000937205,1.06700515463,0.536363636364,1.05689877454,0.347276990411,3.54545454545,3.04338842975,1.05689877454,3.54545454545,0.499047619048,0.4,8,0.0484848484848,0.255555555556,11,11,11,1,0,0.0909090909091,0.636363636364,0.272727272727,11,0.118181818182,3.72727272727,2.36363636364,1.3,1.625,1.43336856898,0.6064251638,0.286713286713,0.603022689156,0.510249967747,0.237762237762,1.40129809949,1.18571377649,0.503496503497,2.05382127221,0.551025219373,7,3.72727272727,2.05382127221,7,0,0,0,0,0.22962962963,11,11,11,1,0,0.0909090909091,0.636363636364,0.272727272727,11,18,0.163636363636,3.11363636364,3.27272727273,1.8,2.25,1.42062726223,0.434080552347,0.227272727273,0.924416277737,0.564921058617,0.292929292929,1.68954001271,1.03249667443,0.525252525253,1.14353419474,0.367266456706,3.875,3.11363636364,1.14353419474,3.875,0.366666666667,0.266666666667,4,0.0242424242424,0.221111111111,11,11,11,1,0,0.0909090909091,0.636363636364,0.272727272727,-2,-0.0181818181818,0.0702479338843,-0.363636363636,-0.2,-0.25,-0.268912750482,-0.030542951148,-0.0181818181818,-0.243332138505,-0.0773405703161,-0.0434343434343,-0.250469359339,-0.0345084801933,-0.0111111111111,0.0866354202056,0.0199894662943,0.329545454545,0.0702479338843,0.0866354202056,0.329545454545,-0.132380952381,-0.133333333333,-4,-0.0242424242424,-0.0344444444444,0,0,0,18,0,2,90,0.9,1,0,0.1,1,0.9,0.947368421053,0.938314863257,0.9,0.9,5,7,0,0,0,0
3086,WLNM_dir_neg,0.959183673469,0.802597402597,00:00:00,10,70,43,1177447092,threshold_sweep,0.8,1,0.714285714286,0.833333333333,5,0,2,14,0.714285714286,1,0,0.285714285714,1,0.714285714286,0.833333333333,0.904761904762,0.587301587302,0.769230769231,0.790569415042,0.714285714286,20,13,7,0,20,0,13,0,7,11,20,0.181818181818,3.04338842975,3.63636363636,2,2.5,1.68954001271,0.464623503495,0.245454545455,1.16774841624,0.642261628933,0.336363636364,1.94000937205,1.06700515463,0.536363636364,1.05689877454,0.347276990411,3.54545454545,3.04338842975,1.05689877454,3.54545454545,0.499047619048,0.4,8,0.0484848484848,0.255555555556,11,11,11,1,0,0.0909090909091,0.636363636364,0.272727272727,11,0.118181818182,3.72727272727,2.36363636364,1.3,1.625,1.43336856898,0.6064251638,0.286713286713,0.603022689156,0.510249967747,0.237762237762,1.40129809949,1.18571377649,0.503496503497,2.05382127221,0.551025219373,7,3.72727272727,2.05382127221,7,0,0,0,0,0.22962962963,11,11,11,1,0,0.0909090909091,0.636363636364,0.272727272727,11,18,0.163636363636,3.11363636364,3.27272727273,1.8,2.25,1.42062726223,0.434080552347,0.227272727273,0.924416277737,0.564921058617,0.292929292929,1.68954001271,1.03249667443,0.525252525253,1.14353419474,0.367266456706,3.875,3.11363636364,1.14353419474,3.875,0.366666666667,0.266666666667,4,0.0242424242424,0.221111111111,11,11,11,1,0,0.0909090909091,0.636363636364,0.272727272727,-2,-0.0181818181818,0.0702479338843,-0.363636363636,-0.2,-0.25,-0.268912750482,-0.030542951148,-0.0181818181818,-0.243332138505,-0.0773405703161,-0.0434343434343,-0.250469359339,-0.0345084801933,-0.0111111111111,0.0866354202056,0.0199894662943,0.329545454545,0.0702479338843,0.0866354202056,0.329545454545,-0.132380952381,-0.133333333333,-4,-0.0242424242424,-0.0344444444444,0,0,0,18,0,2,90,0.9,1,0,0.1,1,0.9,0.947368421053,0.938314863257,0.9,0.9,5,7,0,0,0,0
3087,WLNM_dir_neg,0.959183673469,0.802597402597,00:00:00,10,70,43,1177447092,threshold_sweep,0.9,1,0.714285714286,0.833333333333,5,0,2,14,0.714285714286,1,0,0.285714285714,1,0.714285714286,0.833333333333,0.904761904762,0.587301587302,0.769230769231,0.790569415042,0.714285714286,20,13,7,0,20,0,13,0,7,11,20,0.181818181818,3.04338842975,3.63636363636,2,2.5,1.68954001271,0.464623503495,0.245454545455,1.16774841624,0.642261628933,0.336363636364,1.94000937205,1.06700515463,0.536363636364,1.05689877454,0.347276990411,3.54545454545,3.04338842975,1.05689877454,3.54545454545,0.499047619048,0.4,8,0.0484848484848,0.255555555556,11,11,11,1,0,0.0909090909091,0.636363636364,0.272727272727,11,0.118181818182,3.72727272727,2.36363636364,1.3,1.625,1.43336856898,0.6064251638,0.286713286713,0.603022689156,0.510249967747,0.237762237762,1.40129809949,1.18571377649,0.503496503497,2.05382127221,0.551025219373,7,3.72727272727,2.05382127221,7,0,0,0,0,0.22962962963,11,11,11,1,0,0.0909090909091,0.636363636364,0.272727272727,11,18,0.163636363636,3.11363636364,3.27272727273,1.8,2.25,1.42062726223,0.434080552347,0.227272727273,0.924416277737,0.564921058617,0.292929292929,1.68954001271,1.03249667443,0.525252525253,1.14353419474,0.367266456706,3.875,3.11363636364,1.14353419474,3.875,0.366666666667,0.266666666667,4,0.0242424242424,0.221111111111,11,11,11,1,0,0.0909090909091,0.636363636364,0.272727272727,-2,-0.0181818181818,0.0702479338843,-0.363636363636,-0.2,-0.25,-0.268912750482,-0.030542951148,-0.0181818181818,-0.243332138505,-0.0773405703161,-0.0434343434343,-0.250469359339,-0.0345084801933,-0.0111111111111,0.0866354202056,0.0199894662943,0.329545454545,0.0702479338843,0.0866354202056,0.329545454545,-0.132380952381,-0.133333333333,-4,-0.0242424242424,-0.0344444444444,0,0,0,18,0,2,90,0.9,1,0,0.1,1,0.9,0.947368421053,0.938314863257,0.9,0.9,5,7,0,0,0,0
3088,WLNM_dir_neg,0.785714285714,0.432203907204,00:00:00,10,70,44,1177447093,threshold_sweep,0.1,1,0.428571428571,0.6,3,0,4,14,0.428571428571,1,0,0.571428571429,1,0.428571428571,0.6,0.809523809524,0.619047619048,0.5,0.57735026919,0.428571428571,20,13,7,0,20,0,13,0,7,11,20,0.181818181818,3.04338842975,3.63636363636,2,2.5,1.68954001271,0.464623503495,0.245454545455,1.16774841624,0.642261628933,0.336363636364,1.94000937205,1.06700515463,0.536363636364,1.05689877454,0.347276990411,3.54545454545,3.04338842975,1.05689877454,3.54545454545,0.499047619048,0.4,8,0.0484848484848,0.255555555556,11,11,11,1,0,0.0909090909091,0.636363636364,0.272727272727,11,0.118181818182,3.72727272727,2.36363636364,1.3,1.625,1.43336856898,0.6064251638,0.286713286713,0.603022689156,0.510249967747,0.237762237762,1.40129809949,1.18571377649,0.503496503497,2.05382127221,0.551025219373,7,3.72727272727,2.05382127221,7,0,0,0,0,0.22962962963,11,11,11,1,0,0.0909090909091,0.636363636364,0.272727272727,11,16,0.145454545455,3.25,2.90909090909,1.6,2,1.22102788294,0.41972833476,0.181818181818,0.687551650952,0.47269176003,0.227272727273,1.50755672289,1.03644524699,0.511363636364,1.3758835545,0.423348786001,4.66666666667,3.25,1.3758835545,4.66666666667,0.213333333333,0.176470588235,2,0.0121212121212,0.192592592593,11,11,11,1,0,0.0909090909091,0.636363636364,0.272727272727,-4,-0.0363636363636,0.206611570248,-0.727272727273,-0.4,-0.5,-0.468512129772,-0.0448951687355,-0.0636363636364,-0.48019676529,-0.169569868904,-0.109090909091,-0.43245264916,-0.0305599076407,-0.025,0.318984779967,0.07607179559,1.12121212121,0.206611570248,0.318984779967,1.12121212121,-0.285714285714,-0.223529411765,-6,-0.0363636363636,-0.062962962963,0,0,0,16,0,4,90,0.8,1,0,0.2,1,0.8,0.888888888889,0.875189948987,0.8,0.8,3,7,0,0,0,0
3089,WLNM_dir_neg,0.785714285714,0.432203907204,00:00:00,10,70,44,1177447093,threshold_sweep,0.2,1,0.428571428571,0.6,3,0,4,14,0.428571428571,1,0,0.571428571429,1,0.428571428571,0.6,0.809523809524,0.619047619048,0.5,0.57735026919,0.428571428571,20,13,7,0,20,0,13,0,7,11,20,0.181818181818,3.04338842975,3.63636363636,2,2.5,1.68954001271,0.464623503495,0.245454545455,1.16774841624,0.642261628933,0.336363636364,1.94000937205,1.06700515463,0.536363636364,1.05689877454,0.347276990411,3.54545454545,3.04338842975,1.05689877454,3.54545454545,0.499047619048,0.4,8,0.0484848484848,0.255555555556,11,11,11,1,0,0.0909090909091,0.636363636364,0.272727272727,11,0.118181818182,3.72727272727,2.36363636364,1.3,1.625,1.43336856898,0.6064251638,0.286713286713,0.603022689156,0.510249967747,0.237762237762,1.40129809949,1.18571377649,0.503496503497,2.05382127221,0.551025219373,7,3.72727272727,2.05382127221,7,0,0,0,0,0.22962962963,11,11,11,1,0,0.0909090909091,0.636363636364,0.272727272727,11,16,0.145454545455,3.25,2.90909090909,1.6,2,1.22102788294,0.41972833476,0.181818181818,0.687551650952,0.47269176003,0.227272727273,1.50755672289,1.03644524699,0.511363636364,1.3758835545,0.423348786001,4.66666666667,3.25,1.3758835545,4.66666666667,0.213333333333,0.176470588235,2,0.0121212121212,0.192592592593,11,11,11,1,0,0.0909090909091,0.636363636364,0.272727272727,-4,-0.0363636363636,0.206611570248,-0.727272727273,-0.4,-0.5,-0.468512129772,-0.0448951687355,-0.0636363636364,-0.48019676529,-0.169569868904,-0.109090909091,-0.43245264916,-0.0305599076407,-0.025,0.318984779967,0.07607179559,1.12121212121,0.206611570248,0.318984779967,1.12121212121,-0.285714285714,-0.223529411765,-6,-0.0363636363636,-0.062962962963,0,0,0,16,0,4,90,0.8,1,0,0.2,1,0.8,0.888888888889,0.875189948987,0.8,0.8,3,7,0,0,0,0
3090,WLNM_dir_neg,0.785714285714,0.432203907204,00:00:00,10,70,44,1177447093,threshold_sweep,0.3,1,0.428571428571,0.6,3,0,4,14,0.428571428571,1,0,0.571428571429,1,0.428571428571,0.6,0.809523809524,0.619047619048,0.5,0.57735026919,0.428571428571,20,13,7,0,20,0,13,0,7,11,20,0.181818181818,3.04338842975,3.63636363636,2,2.5,1.68954001271,0.464623503495,0.245454545455,1.16774841624,0.642261628933,0.336363636364,1.94000937205,1.06700515463,0.536363636364,1.05689877454,0.347276990411,3.54545454545,3.04338842975,1.05689877454,3.54545454545,0.499047619048,0.4,8,0.0484848484848,0.255555555556,11,11,11,1,0,0.0909090909091,0.636363636364,0.272727272727,11,0.118181818182,3.72727272727,2.36363636364,1.3,1.625,1.43336856898,0.6064251638,0.286713286713,0.603022689156,0.510249967747,0.237762237762,1.40129809949,1.18571377649,0.503496503497,2.05382127221,0.551025219373,7,3.72727272727,2.05382127221,7,0,0,0,0,0.22962962963,11,11,11,1,0,0.0909090909091,0.636363636364,0.272727272727,11,16,0.145454545455,3.25,2.90909090909,1.6,2,1.22102788294,0.41972833476,0.181818181818,0.687551650952,0.47269176003,0.227272727273,1.50755672289,1.03644524699,0.511363636364,1.3758835545,0.423348786001,4.66666666667,3.25,1.3758835545,4.66666666667,0.213333333333,0.176470588235,2,0.0121212121212,0.192592592593,11,11,11,1,0,0.0909090909091,0.636363636364,0.272727272727,-4,-0.0363636363636,0.206611570248,-0.727272727273,-0.4,-0.5,-0.468512129772,-0.0448951687355,-0.0636363636364,-0.48019676529,-0.169569868904,-0.109090909091,-0.43245264916,-0.0305599076407,-0.025,0.318984779967,0.07607179559,1.12121212121,0.206611570248,0.318984779967,1.12121212121,-0.285714285714,-0.223529411765,-6,-0.0363636363636,-0.062962962963,0,0,0,16,0,4,90,0.8,1,0,0.2,1,0.8,0.888888888889,0.875189948987,0.8,0.8,3,7,0,0,0,0
3091,WLNM_dir_neg,0.785714285714,0.432203907204,00:00:00,10,70,44,1177447093,threshold_sweep,0.4,1,0.428571428571,0.6,3,0,4,14,0.428571428571,1,0,0.571428571429,1,0.428571428571,0.6,0.809523809524,0.619047619048,0.5,0.57735026919,0.428571428571,20,13,7,0,20,0,13,0,7,11,20,0.181818181818,3.04338842975,3.63636363636,2,2.5,1.68954001271,0.464623503495,0.245454545455,1.16774841624,0.642261628933,0.336363636364,1.94000937205,1.06700515463,0.536363636364,1.05689877454,0.347276990411,3.54545454545,3.04338842975,1.05689877454,3.54545454545,0.499047619048,0.4,8,0.0484848484848,0.255555555556,11,11,11,1,0,0.0909090909091,0.636363636364,0.272727272727,11,0.118181818182,3.72727272727,2.36363636364,1.3,1.625,1.43336856898,0.6064251638,0.286713286713,0.603022689156,0.510249967747,0.237762237762,1.40129809949,1.18571377649,0.503496503497,2.05382127221,0.551025219373,7,3.72727272727,2.05382127221,7,0,0,0,0,0.22962962963,11,11,11,1,0,0.0909090909091,0.636363636364,0.272727272727,11,16,0.145454545455,3.25,2.90909090909,1.6,2,1.22102788294,0.41972833476,0.181818181818,0.687551650952,0.47269176003,0.227272727273,1.50755672289,1.03644524699,0.511363636364,1.3758835545,0.423348786001,4.66666666667,3.25,1.3758835545,4.66666666667,0.213333333333,0.176470588235,2,0.0121212121212,0.192592592593,11,11,11,1,0,0.0909090909091,0.636363636364,0.272727272727,-4,-0.0363636363636,0.206611570248,-0.727272727273,-0.4,-0.5,-0.468512129772,-0.0448951687355,-0.0636363636364,-0.48019676529,-0.169569868904,-0.109090909091,-0.43245264916,-0.0305599076407,-0.025,0.318984779967,0.07607179559,1.12121212121,0.206611570248,0.318984779967,1.12121212121,-0.285714285714,-0.223529411765,-6,-0.0363636363636,-0.062962962963,0,0,0,16,0,4,90,0.8,1,0,0.2,1,0.8,0.888888888889,0.875189948987,0.8,0.8,3,7,0,0,0,0
3092,WLNM_dir_neg,0.785714285714,0.432203907204,00:00:00,10,70,44,1177447093,threshold_sweep,0.5,1,0.428571428571,0.6,3,0,4,14,0.428571428571,1,0,0.571428571429,1,0.428571428571,0.6,0.809523809524,0.619047619048,0.5,0.57735026919,0.428571428571,20,13,7,0,20,0,13,0,7,11,20,0.181818181818,3.04338842975,3.63636363636,2,2.5,1.68954001271,0.464623503495,0.245454545455,1.16774841624,0.642261628933,0.336363636364,1.94000937205,1.06700515463,0.536363636364,1.05689877454,0.347276990411,3.54545454545,3.04338842975,1.05689877454,3.54545454545,0.499047619048,0.4,8,0.0484848484848,0.255555555556,11,11,11,1,0,0.0909090909091,0.636363636364,0.272727272727,11,0.118181818182,3.72727272727,2.36363636364,1.3,1.625,1.43336856898,0.6064251638,0.286713286713,0.603022689156,0.510249967747,0.237762237762,1.40129809949,1.18571377649,0.503496503497,2.05382127221,0.551025219373,7,3.72727272727,2.05382127221,7,0,0,0,0,0.22962962963,11,11,11,1,0,0.0909090909091,0.636363636364,0.272727272727,11,16,0.145454545455,3.25,2.90909090909,1.6,2,1.22102788294,0.41972833476,0.181818181818,0.687551650952,0.47269176003,0.227272727273,1.50755672289,1.03644524699,0.511363636364,1.3758835545,0.423348786001,4.66666666667,3.25,1.3758835545,4.66666666667,0.213333333333,0.176470588235,2,0.0121212121212,0.192592592593,11,11,11,1,0,0.0909090909091,0.636363636364,0.272727272727,-4,-0.0363636363636,0.206611570248,-0.727272727273,-0.4,-0.5,-0.468512129772,-0.0448951687355,-0.0636363636364,-0.48019676529,-0.169569868904,-0.109090909091,-0.43245264916,-0.0305599076407,-0.025,0.318984779967,0.07607179559,1.12121212121,0.206611570248,0.318984779967,1.12121212121,-0.285714285714,-0.223529411765,-6,-0.0363636363636,-0.062962962963,0,0,0,16,0,4,90,0.8,1,0,0.2,1,0.8,0.888888888889,0.875189948987,0.8,0.8,3,7,0,0,0,0
3093,WLNM_dir_neg,0.785714285714,0.432203907204,00:00:00,10,70,44,1177447093,threshold_sweep,0.6,1,0.285714285714,0.444444444444,2,0,5,14,0.285714285714,1,0,0.714285714286,1,0.285714285714,0.444444444444,0.761904761905,0.634920634921,0.347826086957,0.458831467741,0.285714285714,20,13,7,0,20,0,13,0,7,11,20,0.181818181818,3.04338842975,3.63636363636,2,2.5,1.68954001271,0.464623503495,0.245454545455,1.16774841624,0.642261628933,0.336363636364,1.94000937205,1.06700515463,0.536363636364,1.05689877454,0.347276990411,3.54545454545,3.04338842975,1.05689877454,3.54545454545,0.499047619048,0.4,8,0.0484848484848,0.255555555556,11,11,11,1,0,0.0909090909091,0.636363636364,0.272727272727,11,0.118181818182,3.72727272727,2.36363636364,1.3,1.625,1.43336856898,0.6064251638,0.286713286713,0.603022689156,0.510249967747,0.237762237762,1.40129809949,1.18571377649,0.503496503497,2.05382127221,0.551025219373,7,3.72727272727,2.05382127221,7,0,0,0,0,0.22962962963,11,11,11,1,0,0.0909090909091,0.636363636364,0.272727272727,11,15,0.136363636364,3.61363636364,2.72727272727,1.5,1.875,1.27207775634,0.466428510659,0.212121212121,0.674199862463,0.494413232473,0.242424242424,1.50151438706,1.10111055051,0.521212121212,2.09572074823,0.579947880012,7,3.61363636364,2.09572074823,7,0.237037037037,0.193548387097,2,0.0121212121212,0.185185185185,11,11,11,1,0,0.0909090909091,0.636363636364,0.272727272727,-5,-0.0454545454545,0.570247933884,-0.909090909091,-0.5,-0.625,-0.417462256367,0.00180500716395,-0.0333333333333,-0.493548553779,-0.14784839646,-0.0939393939394,-0.438494984989,0.0341053958833,-0.0151515151515,1.03882197369,0.232670889601,3.45454545455,0.570247933884,1.03882197369,3.45454545455,-0.262010582011,-0.206451612903,-6,-0.0363636363636,-0.0703703703704,0,0,0,15,0,5,90,0.75,1,0,0.25,1,0.75,0.857142857143,0.842927230424,0.75,0.75,2,7,0,0,0,0
3094,WLNM_dir_neg,0.785714285714,0.432203907204,00:00:00,10,70,44,1177447093,threshold_sweep,0.7,1,0.285714285714,0.444444444444,2,0,5,14,0.285714285714,1,0,0.714285714286,1,0.285714285714,0.444444444444,0.761904761905,0.634920634921,0.347826086957,0.458831467741,0.285714285714,20,13,7,0,20,0,13,0,7,11,20,0.181818181818,3.04338842975,3.63636363636,2,2.5,1.68954001271,0.464623503495,0.245454545455,1.16774841624,0.642261628933,0.336363636364,1.94000937205,1.06700515463,0.536363636364,1.05689877454,0.347276990411,3.54545454545,3.04338842975,1.05689877454,3.54545454545,0.499047619048,0.4,8,0.0484848484848,0.255555555556,11,11,11,1,0,0.0909090909091,0.636363636364,0.272727272727,11,0.118181818182,3.72727272727,2.36363636364,1.3,1.625,1.43336856898,0.6064251638,0.286713286713,0.603022689156,0.510249967747,0.237762237762,1.40129809949,1.18571377649,0.503496503497,2.05382127221,0.551025219373,7,3.72727272727,2.05382127221,7,0,0,0,0,0.22962962963,11,11,11,1,0,0.0909090909091,0.636363636364,0.272727272727,11,15,0.136363636364,3.61363636364,2.72727272727,1.5,1.875,1.27207775634,0.466428510659,0.212121212121,0.674199862463,0.494413232473,0.242424242424,1.50151438706,1.10111055051,0.521212121212,2.09572074823,0.579947880012,7,3.61363636364,2.09572074823,7,0.237037037037,0.193548387097,2,0.0121212121212,0.185185185185,11,11,11,1,0,0.0909090909091,0.636363636364,0.272727272727,-5,-0.0454545454545,0.570247933884,-0.909090909091,-0.5,-0.625,-0.417462256367,0.00180500716395,-0.0333333333333,-0.493548553779,-0.14784839646,-0.0939393939394,-0.438494984989,0.0341053958833,-0.0151515151515,1.03882197369,0.232670889601,3.45454545455,0.570247933884,1.03882197369,3.45454545455,-0.262010582011,-0.206451612903,-6,-0.0363636363636,-0.0703703703704,0,0,0,15,0,5,90,0.75,1,0,0.25,1,0.75,0.857142857143,0.842927230424,0.75,0.75,2,7,0,0,0,0
3095,WLNM_dir_neg,0.785714285714,0.432203907204,00:00:00,10,70,44,1177447093,threshold_sweep,0.8,1,0.285714285714,0.444444444444,2,0,5,14,0.285714285714,1,0,0.714285714286,1,0.285714285714,0.444444444444,0.761904761905,0.634920634921,0.347826086957,0.458831467741,0.285714285714,20,13,7,0,20,0,13,0,7,11,20,0.181818181818,3.04338842975,3.63636363636,2,2.5,1.68954001271,0.464623503495,0.245454545455,1.16774841624,0.642261628933,0.336363636364,1.94000937205,1.06700515463,0.536363636364,1.05689877454,0.347276990411,3.54545454545,3.04338842975,1.05689877454,3.54545454545,0.499047619048,0.4,8,0.0484848484848,0.255555555556,11,11,11,1,0,0.0909090909091,0.636363636364,0.272727272727,11,0.118181818182,3.72727272727,2.36363636364,1.3,1.625,1.43336856898,0.6064251638,0.286713286713,0.603022689156,0.510249967747,0.237762237762,1.40129809949,1.18571377649,0.503496503497,2.05382127221,0.551025219373,7,3.72727272727,2.05382127221,7,0,0,0,0,0.22962962963,11,11,11,1,0,0.0909090909091,0.636363636364,0.272727272727,11,15,0.136363636364,3.61363636364,2.72727272727,1.5,1.875,1.27207775634,0.466428510659,0.212121212121,0.674199862463,0.494413232473,0.242424242424,1.50151438706,1.10111055051,0.521212121212,2.09572074823,0.579947880012,7,3.61363636364,2.09572074823,7,0.237037037037,0.193548387097,2,0.0121212121212,0.185185185185,11,11,11,1,0,0.0909090909091,0.636363636364,0.272727272727,-5,-0.0454545454545,0.570247933884,-0.909090909091,-0.5,-0.625,-0.417462256367,0.00180500716395,-0.0333333333333,-0.493548553779,-0.14784839646,-0.0939393939394,-0.438494984989,0.0341053958833,-0.0151515151515,1.03882197369,0.232670889601,3.45454545455,0.570247933884,1.03882197369,3.45454545455,-0.262010582011,-0.206451612903,-6,-0.0363636363636,-0.0703703703704,0,0,0,15,0,5,90,0.75,1,0,0.25,1,0.75,0.857142857143,0.842927230424,0.75,0.75,2,7,0,0,0,0
3096,WLNM_dir_neg,0.785714285714,0.432203907204,00:00:00,10,70,44,1177447093,threshold_sweep,0.9,1,0.285714285714,0.444444444444,2,0,5,14,0.285714285714,1,0,0.714285714286,1,0.285714285714,0.444444444444,0.761904761905,0.634920634921,0.347826086957,0.458831467741,0.285714285714,20,13,7,0,20,0,13,0,7,11,20,0.181818181818,3.04338842975,3.63636363636,2,2.5,1.68954001271,0.464623503495,0.245454545455,1.16774841624,0.642261628933,0.336363636364,1.94000937205,1.06700515463,0.536363636364,1.05689877454,0.347276990411,3.54545454545,3.04338842975,1.05689877454,3.54545454545,0.499047619048,0.4,8,0.0484848484848,0.255555555556,11,11,11,1,0,0.0909090909091,0.636363636364,0.272727272727,11,0.118181818182,3.72727272727,2.36363636364,1.3,1.625,1.43336856898,0.6064251638,0.286713286713,0.603022689156,0.510249967747,0.237762237762,1.40129809949,1.18571377649,0.503496503497,2.05382127221,0.551025219373,7,3.72727272727,2.05382127221,7,0,0,0,0,0.22962962963,11,11,11,1,0,0.0909090909091,0.636363636364,0.272727272727,11,15,0.136363636364,3.61363636364,2.72727272727,1.5,1.875,1.27207775634,0.466428510659,0.212121212121,0.674199862463,0.494413232473,0.242424242424,1.50151438706,1.10111055051,0.521212121212,2.09572074823,0.579947880012,7,3.61363636364,2.09572074823,7,0.237037037037,0.193548387097,2,0.0121212121212,0.185185185185,11,11,11,1,0,0.0909090909091,0.636363636364,0.272727272727,-5,-0.0454545454545,0.570247933884,-0.909090909091,-0.5,-0.625,-0.417462256367,0.00180500716395,-0.0333333333333,-0.493548553779,-0.14784839646,-0.0939393939394,-0.438494984989,0.0341053958833,-0.0151515151515,1.03882197369,0.232670889601,3.45454545455,0.570247933884,1.03882197369,3.45454545455,-0.262010582011,-0.206451612903,-6,-0.0363636363636,-0.0703703703704,0,0,0,15,0,5,90,0.75,1,0,0.25,1,0.75,0.857142857143,0.842927230424,0.75,0.75,2,7,0,0,0,0
3097,WLNM_dir_neg,0.836734693878,0.551121794872,00:00:00,10,70,45,1177447094,threshold_sweep,0.1,1,0.714285714286,0.833333333333,5,0,2,14,0.714285714286,1,0,0.285714285714,1,0.714285714286,0.833333333333,0.904761904762,0.587301587302,0.769230769231,0.790569415042,0.714285714286,20,13,7,0,20,0,13,0,7,11,20,0.181818181818,3.04338842975,3.63636363636,2,2.5,1.68954001271,0.464623503495,0.245454545455,1.16774841624,0.642261628933,0.336363636364,1.94000937205,1.06700515463,0.536363636364,1.05689877454,0.347276990411,3.54545454545,3.04338842975,1.05689877454,3.54545454545,0.499047619048,0.4,8,0.0484848484848,0.255555555556,11,11,11,1,0,0.0909090909091,0.636363636364,0.272727272727,11,0.118181818182,3.72727272727,2.36363636364,1.3,1.625,1.43336856898,0.6064251638,0.286713286713,0.603022689156,0.510249967747,0.237762237762,1.40129809949,1.18571377649,0.503496503497,2.05382127221,0.551025219373,7,3.72727272727,2.05382127221,7,0,0,0,0,0.22962962963,11,11,11,1,0,0.0909090909091,0.636363636364,0.272727272727,11,18,0.163636363636,3.11363636364,3.27272727273,1.8,2.25,1.42062726223,0.434080552347,0.227272727273,0.924416277737,0.564921058617,0.292929292929,1.68954001271,1.03249667443,0.525252525253,1.14353419474,0.367266456706,3.875,3.11363636364,1.14353419474,3.875,0.366666666667,0.266666666667,4,0.0242424242424,0.221111111111,11,11,11,1,0,0.0909090909091,0.636363636364,0.272727272727,-2,-0.0181818181818,0.0702479338843,-0.363636363636,-0.2,-0.25,-0.268912750482,-0.030542951148,-0.0181818181818,-0.243332138505,-0.0773405703161,-0.0434343434343,-0.250469359339,-0.0345084801933,-0.0111111111111,0.0866354202056,0.0199894662943,0.329545454545,0.0702479338843,0.0866354202056,0.329545454545,-0.132380952381,-0.133333333333,-4,-0.0242424242424,-0.0344444444444,0,0,0,18,0,2,90,0.9,1,0,0.1,1,0.9,0.947368421053,0.938314863257,0.9,0.9,5,7,0,0,0,0
3098,WLNM_dir_neg,0.836734693878,0.551121794872,00:00:00,10,70,45,1177447094,threshold_sweep,0.2,1,0.714285714286,0.833333333333,5,0,2,14,0.714285714286,1,0,0.285714285714,1,0.714285714286,0.833333333333,0.904761904762,0.587301587302,0.769230769231,0.790569415042,0.714285714286,20,13,7,0,20,0,13,0,7,11,20,0.181818181818,3.04338842975,3.63636363636,2,2.5,1.68954001271,0.464623503495,0.245454545455,1.16774841624,0.642261628933,0.336363636364,1.94000937205,1.06700515463,0.536363636364,1.05689877454,0.347276990411,3.54545454545,3.04338842975,1.05689877454,3.54545454545,0.499047619048,0.4,8,0.0484848484848,0.255555555556,11,11,11,1,0,0.0909090909091,0.636363636364,0.272727272727,11,0.118181818182,3.72727272727,2.36363636364,1.3,1.625,1.43336856898,0.6064251638,0.286713286713,0.603022689156,0.510249967747,0.237762237762,1.40129809949,1.18571377649,0.503496503497,2.05382127221,0.551025219373,7,3.72727272727,2.05382127221,7,0,0,0,0,0.22962962963,11,11,11,1,0,0.0909090909091,0.636363636364,0.272727272727,11,18,0.163636363636,3.11363636364,3.27272727273,1.8,2.25,1.42062726223,0.434080552347,0.227272727273,0.924416277737,0.564921058617,0.292929292929,1.68954001271,1.03249667443,0.525252525253,1.14353419474,0.367266456706,3.875,3.11363636364,1.14353419474,3.875,0.366666666667,0.266666666667,4,0.0242424242424,0.221111111111,11,11,11,1,0,0.0909090909091,0.636363636364,0.272727272727,-2,-0.0181818181818,0.0702479338843,-0.363636363636,-0.2,-0.25,-0.268912750482,-0.030542951148,-0.0181818181818,-0.243332138505,-0.0773405703161,-0.0434343434343,-0.250469359339,-0.0345084801933,-0.0111111111111,0.0866354202056,0.0199894662943,0.329545454545,0.0702479338843,0.0866354202056,0.329545454545,-0.132380952381,-0.133333333333,-4,-0.0242424242424,-0.0344444444444,0,0,0,18,0,2,90,0.9,1,0,0.1,1,0.9,0.947368421053,0.938314863257,0.9,0.9,5,7,0,0,0,0
3099,WLNM_dir_neg,0.836734693878,0.551121794872,00:00:00,10,70,45,1177447094,threshold_sweep,0.3,1,0.714285714286,0.833333333333,5,0,2,14,0.714285714286,1,0,0.285714285714,1,0.714285714286,0.833333333333,0.904761904762,0.587301587302,0.769230769231,0.790569415042,0.714285714286,20,13,7,0,20,0,13,0,7,11,20,0.181818181818,3.04338842975,3.63636363636,2,2.5,1.68954001271,0.464623503495,0.245454545455,1.16774841624,0.642261628933,0.336363636364,1.94000937205,1.06700515463,0.536363636364,1.05689877454,0.347276990411,3.54545454545,3.04338842975,1.05689877454,3.54545454545,0.499047619048,0.4,8,0.0484848484848,0.255555555556,11,11,11,1,0,0.0909090909091,0.636363636364,0.272727272727,11,0.118181818182,3.72727272727,2.36363636364,1.3,1.625,1.43336856898,0.6064251638,0.286713286713,0.603022689156,0.510249967747,0.237762237762,1.40129809949,1.18571377649,0.503496503497,2.05382127221,0.551025219373,7,3.72727272727,2.05382127221,7,0,0,0,0,0.22962962963,11,11,11,1,0,0.0909090909091,0.636363636364,0.272727272727,11,18,0.163636363636,3.11363636364,3.27272727273,1.8,2.25,1.42062726223,0.434080552347,0.227272727273,0.924416277737,0.564921058617,0.292929292929,1.68954001271,1.03249667443,0.525252525253,1.14353419474,0.367266456706,3.875,3.11363636364,1.14353419474,3.875,0.366666666667,0.266666666667,4,0.0242424242424,0.221111111111,11,11,11,1,0,0.0909090909091,0.636363636364,0.272727272727,-2,-0.0181818181818,0.0702479338843,-0.363636363636,-0.2,-0.25,-0.268912750482,-0.030542951148,-0.0181818181818,-0.243332138505,-0.0773405703161,-0.0434343434343,-0.250469359339,-0.0345084801933,-0.0111111111111,0.0866354202056,0.0199894662943,0.329545454545,0.0702479338843,0.0866354202056,0.329545454545,-0.132380952381,-0.133333333333,-4,-0.0242424242424,-0.0344444444444,0,0,0,18,0,2,90,0.9,1,0,0.1,1,0.9,0.947368421053,0.938314863257,0.9,0.9,5,7,0,0,0,0
3100,WLNM_dir_neg,0.836734693878,0.551121794872,00:00:00,10,70,45,1177447094,threshold_sweep,0.4,1,0.714285714286,0.833333333333,5,0,2,14,0.714285714286,1,0,0.285714285714,1,0.714285714286,0.833333333333,0.904761904762,0.587301587302,0.769230769231,0.790569415042,0.714285714286,20,13,7,0,20,0,13,0,7,11,20,0.181818181818,3.04338842975,3.63636363636,2,2.5,1.68954001271,0.464623503495,0.245454545455,1.16774841624,0.642261628933,0.336363636364,1.94000937205,1.06700515463,0.536363636364,1.05689877454,0.347276990411,3.54545454545,3.04338842975,1.05689877454,3.54545454545,0.499047619048,0.4,8,0.0484848484848,0.255555555556,11,11,11,1,0,0.0909090909091,0.636363636364,0.272727272727,11,0.118181818182,3.72727272727,2.36363636364,1.3,1.625,1.43336856898,0.6064251638,0.286713286713,0.603022689156,0.510249967747,0.237762237762,1.40129809949,1.18571377649,0.503496503497,2.05382127221,0.551025219373,7,3.72727272727,2.05382127221,7,0,0,0,0,0.22962962963,11,11,11,1,0,0.0909090909091,0.636363636364,0.272727272727,11,18,0.163636363636,3.11363636364,3.27272727273,1.8,2.25,1.42062726223,0.434080552347,0.227272727273,0.924416277737,0.564921058617,0.292929292929,1.68954001271,1.03249667443,0.525252525253,1.14353419474,0.367266456706,3.875,3.11363636364,1.14353419474,3.875,0.366666666667,0.266666666667,4,0.0242424242424,0.221111111111,11,11,11,1,0,0.0909090909091,0.636363636364,0.272727272727,-2,-0.0181818181818,0.0702479338843,-0.363636363636,-0.2,-0.25,-0.268912750482,-0.030542951148,-0.0181818181818,-0.243332138505,-0.0773405703161,-0.0434343434343,-0.250469359339,-0.0345084801933,-0.0111111111111,0.0866354202056,0.0199894662943,0.329545454545,0.0702479338843,0.0866354202056,0.329545454545,-0.132380952381,-0.133333333333,-4,-0.0242424242424,-0.0344444444444,0,0,0,18,0,2,90,0.9,1,0,0.1,1,0.9,0.947368421053,0.938314863257,0.9,0.9,5,7,0,0,0,0
3101,WLNM_dir_neg,0.836734693878,0.551121794872,00:00:00,10,70,45,1177447094,threshold_sweep,0.5,1,0.714285714286,0.833333333333,5,0,2,14,0.714285714286,1,0,0.285714285714,1,0.714285714286,0.833333333333,0.904761904762,0.587301587302,0.769230769231,0.790569415042,0.714285714286,20,13,7,0,20,0,13,0,7,11,20,0.181818181818,3.04338842975,3.63636363636,2,2.5,1.68954001271,0.464623503495,0.245454545455,1.16774841624,0.642261628933,0.336363636364,1.94000937205,1.06700515463,0.536363636364,1.05689877454,0.347276990411,3.54545454545,3.04338842975,1.05689877454,3.54545454545,0.499047619048,0.4,8,0.0484848484848,0.255555555556,11,11,11,1,0,0.0909090909091,0.636363636364,0.272727272727,11,0.118181818182,3.72727272727,2.36363636364,1.3,1.625,1.43336856898,0.6064251638,0.286713286713,0.603022689156,0.510249967747,0.237762237762,1.40129809949,1.18571377649,0.503496503497,2.05382127221,0.551025219373,7,3.72727272727,2.05382127221,7,0,0,0,0,0.22962962963,11,11,11,1,0,0.0909090909091,0.636363636364,0.272727272727,11,18,0.163636363636,3.11363636364,3.27272727273,1.8,2.25,1.42062726223,0.434080552347,0.227272727273,0.924416277737,0.564921058617,0.292929292929,1.68954001271,1.03249667443,0.525252525253,1.14353419474,0.367266456706,3.875,3.11363636364,1.14353419474,3.875,0.366666666667,0.266666666667,4,0.0242424242424,0.221111111111,11,11,11,1,0,0.0909090909091,0.636363636364,0.272727272727,-2,-0.0181818181818,0.0702479338843,-0.363636363636,-0.2,-0.25,-0.268912750482,-0.030542951148,-0.0181818181818,-0.243332138505,-0.0773405703161,-0.0434343434343,-0.250469359339,-0.0345084801933,-0.0111111111111,0.0866354202056,0.0199894662943,0.329545454545,0.0702479338843,0.0866354202056,0.329545454545,-0.132380952381,-0.133333333333,-4,-0.0242424242424,-0.0344444444444,0,0,0,18,0,2,90,0.9,1,0,0.1,1,0.9,0.947368421053,0.938314863257,0.9,0.9,5,7,0,0,0,0
3102,WLNM_dir_neg,0.836734693878,0.551121794872,00:00:00,10,70,45,1177447094,threshold_sweep,0.6,1,0.714285714286,0.833333333333,5,0,2,14,0.714285714286,1,0,0.285714285714,1,0.714285714286,0.833333333333,0.904761904762,0.587301587302,0.769230769231,0.790569415042,0.714285714286,20,13,7,0,20,0,13,0,7,11,20,0.181818181818,3.04338842975,3.63636363636,2,2.5,1.68954001271,0.464623503495,0.245454545455,1.16774841624,0.642261628933,0.336363636364,1.94000937205,1.06700515463,0.536363636364,1.05689877454,0.347276990411,3.54545454545,3.04338842975,1.05689877454,3.54545454545,0.499047619048,0.4,8,0.0484848484848,0.255555555556,11,11,11,1,0,0.0909090909091,0.636363636364,0.272727272727,11,0.118181818182,3.72727272727,2.36363636364,1.3,1.625,1.43336856898,0.6064251638,0.286713286713,0.603022689156,0.510249967747,0.237762237762,1.40129809949,1.18571377649,0.503496503497,2.05382127221,0.551025219373,7,3.72727272727,2.05382127221,7,0,0,0,0,0.22962962963,11,11,11,1,0,0.0909090909091,0.636363636364,0.272727272727,11,18,0.163636363636,3.11363636364,3.27272727273,1.8,2.25,1.42062726223,0.434080552347,0.227272727273,0.924416277737,0.564921058617,0.292929292929,1.68954001271,1.03249667443,0.525252525253,1.14353419474,0.367266456706,3.875,3.11363636364,1.14353419474,3.875,0.366666666667,0.266666666667,4,0.0242424242424,0.221111111111,11,11,11,1,0,0.0909090909091,0.636363636364,0.272727272727,-2,-0.0181818181818,0.0702479338843,-0.363636363636,-0.2,-0.25,-0.268912750482,-0.030542951148,-0.0181818181818,-0.243332138505,-0.0773405703161,-0.0434343434343,-0.250469359339,-0.0345084801933,-0.0111111111111,0.0866354202056,0.0199894662943,0.329545454545,0.0702479338843,0.0866354202056,0.329545454545,-0.132380952381,-0.133333333333,-4,-0.0242424242424,-0.0344444444444,0,0,0,18,0,2,90,0.9,1,0,0.1,1,0.9,0.947368421053,0.938314863257,0.9,0.9,5,7,0,0,0,0
3103,WLNM_dir_neg,0.836734693878,0.551121794872,00:00:00,10,70,45,1177447094,threshold_sweep,0.7,1,0.714285714286,0.833333333333,5,0,2,14,0.714285714286,1,0,0.285714285714,1,0.714285714286,0.833333333333,0.904761904762,0.587301587302,0.769230769231,0.790569415042,0.714285714286,20,13,7,0,20,0,13,0,7,11,20,0.181818181818,3.04338842975,3.63636363636,2,2.5,1.68954001271,0.464623503495,0.245454545455,1.16774841624,0.642261628933,0.336363636364,1.94000937205,1.06700515463,0.536363636364,1.05689877454,0.347276990411,3.54545454545,3.04338842975,1.05689877454,3.54545454545,0.499047619048,0.4,8,0.0484848484848,0.255555555556,11,11,11,1,0,0.0909090909091,0.636363636364,0.272727272727,11,0.118181818182,3.72727272727,2.36363636364,1.3,1.625,1.43336856898,0.6064251638,0.286713286713,0.603022689156,0.510249967747,0.237762237762,1.40129809949,1.18571377649,0.503496503497,2.05382127221,0.551025219373,7,3.72727272727,2.05382127221,7,0,0,0,0,0.22962962963,11,11,11,1,0,0.0909090909091,0.636363636364,0.272727272727,11,18,0.163636363636,3.11363636364,3.27272727273,1.8,2.25,1.42062726223,0.434080552347,0.227272727273,0.924416277737,0.564921058617,0.292929292929,1.68954001271,1.03249667443,0.525252525253,1.14353419474,0.367266456706,3.875,3.11363636364,1.14353419474,3.875,0.366666666667,0.266666666667,4,0.0242424242424,0.221111111111,11,11,11,1,0,0.0909090909091,0.636363636364,0.272727272727,-2,-0.0181818181818,0.0702479338843,-0.363636363636,-0.2,-0.25,-0.268912750482,-0.030542951148,-0.0181818181818,-0.243332138505,-0.0773405703161,-0.0434343434343,-0.250469359339,-0.0345084801933,-0.0111111111111,0.0866354202056,0.0199894662943,0.329545454545,0.0702479338843,0.0866354202056,0.329545454545,-0.132380952381,-0.133333333333,-4,-0.0242424242424,-0.0344444444444,0,0,0,18,0,2,90,0.9,1,0,0.1,1,0.9,0.947368421053,0.938314863257,0.9,0.9,5,7,0,0,0,0
3104,WLNM_dir_neg,0.836734693878,0.551121794872,00:00:00,10,70,45,1177447094,threshold_sweep,0.8,1,0.714285714286,0.833333333333,5,0,2,14,0.714285714286,1,0,0.285714285714,1,0.714285714286,0.833333333333,0.904761904762,0.587301587302,0.769230769231,0.790569415042,0.714285714286,20,13,7,0,20,0,13,0,7,11,20,0.181818181818,3.04338842975,3.63636363636,2,2.5,1.68954001271,0.464623503495,0.245454545455,1.16774841624,0.642261628933,0.336363636364,1.94000937205,1.06700515463,0.536363636364,1.05689877454,0.347276990411,3.54545454545,3.04338842975,1.05689877454,3.54545454545,0.499047619048,0.4,8,0.0484848484848,0.255555555556,11,11,11,1,0,0.0909090909091,0.636363636364,0.272727272727,11,0.118181818182,3.72727272727,2.36363636364,1.3,1.625,1.43336856898,0.6064251638,0.286713286713,0.603022689156,0.510249967747,0.237762237762,1.40129809949,1.18571377649,0.503496503497,2.05382127221,0.551025219373,7,3.72727272727,2.05382127221,7,0,0,0,0,0.22962962963,11,11,11,1,0,0.0909090909091,0.636363636364,0.272727272727,11,18,0.163636363636,3.11363636364,3.27272727273,1.8,2.25,1.42062726223,0.434080552347,0.227272727273,0.924416277737,0.564921058617,0.292929292929,1.68954001271,1.03249667443,0.525252525253,1.14353419474,0.367266456706,3.875,3.11363636364,1.14353419474,3.875,0.366666666667,0.266666666667,4,0.0242424242424,0.221111111111,11,11,11,1,0,0.0909090909091,0.636363636364,0.272727272727,-2,-0.0181818181818,0.0702479338843,-0.363636363636,-0.2,-0.25,-0.268912750482,-0.030542951148,-0.0181818181818,-0.243332138505,-0.0773405703161,-0.0434343434343,-0.250469359339,-0.0345084801933,-0.0111111111111,0.0866354202056,0.0199894662943,0.329545454545,0.0702479338843,0.0866354202056,0.329545454545,-0.132380952381,-0.133333333333,-4,-0.0242424242424,-0.0344444444444,0,0,0,18,0,2,90,0.9,1,0,0.1,1,0.9,0.947368421053,0.938314863257,0.9,0.9,5,7,0,0,0,0
3105,WLNM_dir_neg,0.836734693878,0.551121794872,00:00:00,10,70,45,1177447094,threshold_sweep,0.9,1,0.714285714286,0.833333333333,5,0,2,14,0.714285714286,1,0,0.285714285714,1,0.714285714286,0.833333333333,0.904761904762,0.587301587302,0.769230769231,0.790569415042,0.714285714286,20,13,7,0,20,0,13,0,7,11,20,0.181818181818,3.04338842975,3.63636363636,2,2.5,1.68954001271,0.464623503495,0.245454545455,1.16774841624,0.642261628933,0.336363636364,1.94000937205,1.06700515463,0.536363636364,1.05689877454,0.347276990411,3.54545454545,3.04338842975,1.05689877454,3.54545454545,0.499047619048,0.4,8,0.0484848484848,0.255555555556,11,11,11,1,0,0.0909090909091,0.636363636364,0.272727272727,11,0.118181818182,3.72727272727,2.36363636364,1.3,1.625,1.43336856898,0.6064251638,0.286713286713,0.603022689156,0.510249967747,0.237762237762,1.40129809949,1.18571377649,0.503496503497,2.05382127221,0.551025219373,7,3.72727272727,2.05382127221,7,0,0,0,0,0.22962962963,11,11,11,1,0,0.0909090909091,0.636363636364,0.272727272727,11,18,0.163636363636,3.11363636364,3.27272727273,1.8,2.25,1.42062726223,0.434080552347,0.227272727273,0.924416277737,0.564921058617,0.292929292929,1.68954001271,1.03249667443,0.525252525253,1.14353419474,0.367266456706,3.875,3.11363636364,1.14353419474,3.875,0.366666666667,0.266666666667,4,0.0242424242424,0.221111111111,11,11,11,1,0,0.0909090909091,0.636363636364,0.272727272727,-2,-0.0181818181818,0.0702479338843,-0.363636363636,-0.2,-0.25,-0.268912750482,-0.030542951148,-0.0181818181818,-0.243332138505,-0.0773405703161,-0.0434343434343,-0.250469359339,-0.0345084801933,-0.0111111111111,0.0866354202056,0.0199894662943,0.329545454545,0.0702479338843,0.0866354202056,0.329545454545,-0.132380952381,-0.133333333333,-4,-0.0242424242424,-0.0344444444444,0,0,0,18,0,2,90,0.9,1,0,0.1,1,0.9,0.947368421053,0.938314863257,0.9,0.9,5,7,0,0,0,0
3106,WLNM_dir_neg,0.918367346939,0.74227994228,00:00:00,10,70,46,1177447095,threshold_sweep,0.1,1,0.714285714286,0.833333333333,5,0,2,14,0.714285714286,1,0,0.285714285714,1,0.714285714286,0.833333333333,0.904761904762,0.587301587302,0.769230769231,0.790569415042,0.714285714286,20,13,7,0,20,0,13,0,7,11,20,0.181818181818,3.04338842975,3.63636363636,2,2.5,1.68954001271,0.464623503495,0.245454545455,1.16774841624,0.642261628933,0.336363636364,1.94000937205,1.06700515463,0.536363636364,1.05689877454,0.347276990411,3.54545454545,3.04338842975,1.05689877454,3.54545454545,0.499047619048,0.4,8,0.0484848484848,0.255555555556,11,11,11,1,0,0.0909090909091,0.636363636364,0.272727272727,11,0.118181818182,3.72727272727,2.36363636364,1.3,1.625,1.43336856898,0.6064251638,0.286713286713,0.603022689156,0.510249967747,0.237762237762,1.40129809949,1.18571377649,0.503496503497,2.05382127221,0.551025219373,7,3.72727272727,2.05382127221,7,0,0,0,0,0.22962962963,11,11,11,1,0,0.0909090909091,0.636363636364,0.272727272727,11,18,0.163636363636,3.11363636364,3.27272727273,1.8,2.25,1.42062726223,0.434080552347,0.227272727273,0.924416277737,0.564921058617,0.292929292929,1.68954001271,1.03249667443,0.525252525253,1.14353419474,0.367266456706,3.875,3.11363636364,1.14353419474,3.875,0.366666666667,0.266666666667,4,0.0242424242424,0.221111111111,11,11,11,1,0,0.0909090909091,0.636363636364,0.272727272727,-2,-0.0181818181818,0.0702479338843,-0.363636363636,-0.2,-0.25,-0.268912750482,-0.030542951148,-0.0181818181818,-0.243332138505,-0.0773405703161,-0.0434343434343,-0.250469359339,-0.0345084801933,-0.0111111111111,0.0866354202056,0.0199894662943,0.329545454545,0.0702479338843,0.0866354202056,0.329545454545,-0.132380952381,-0.133333333333,-4,-0.0242424242424,-0.0344444444444,0,0,0,18,0,2,90,0.9,1,0,0.1,1,0.9,0.947368421053,0.938314863257,0.9,0.9,5,7,0,0,0,0
3107,WLNM_dir_neg,0.918367346939,0.74227994228,00:00:00,10,70,46,1177447095,threshold_sweep,0.2,1,0.714285714286,0.833333333333,5,0,2,14,0.714285714286,1,0,0.285714285714,1,0.714285714286,0.833333333333,0.904761904762,0.587301587302,0.769230769231,0.790569415042,0.714285714286,20,13,7,0,20,0,13,0,7,11,20,0.181818181818,3.04338842975,3.63636363636,2,2.5,1.68954001271,0.464623503495,0.245454545455,1.16774841624,0.642261628933,0.336363636364,1.94000937205,1.06700515463,0.536363636364,1.05689877454,0.347276990411,3.54545454545,3.04338842975,1.05689877454,3.54545454545,0.499047619048,0.4,8,0.0484848484848,0.255555555556,11,11,11,1,0,0.0909090909091,0.636363636364,0.272727272727,11,0.118181818182,3.72727272727,2.36363636364,1.3,1.625,1.43336856898,0.6064251638,0.286713286713,0.603022689156,0.510249967747,0.237762237762,1.40129809949,1.18571377649,0.503496503497,2.05382127221,0.551025219373,7,3.72727272727,2.05382127221,7,0,0,0,0,0.22962962963,11,11,11,1,0,0.0909090909091,0.636363636364,0.272727272727,11,18,0.163636363636,3.11363636364,3.27272727273,1.8,2.25,1.42062726223,0.434080552347,0.227272727273,0.924416277737,0.564921058617,0.292929292929,1.68954001271,1.03249667443,0.525252525253,1.14353419474,0.367266456706,3.875,3.11363636364,1.14353419474,3.875,0.366666666667,0.266666666667,4,0.0242424242424,0.221111111111,11,11,11,1,0,0.0909090909091,0.636363636364,0.272727272727,-2,-0.0181818181818,0.0702479338843,-0.363636363636,-0.2,-0.25,-0.268912750482,-0.030542951148,-0.0181818181818,-0.243332138505,-0.0773405703161,-0.0434343434343,-0.250469359339,-0.0345084801933,-0.0111111111111,0.0866354202056,0.0199894662943,0.329545454545,0.0702479338843,0.0866354202056,0.329545454545,-0.132380952381,-0.133333333333,-4,-0.0242424242424,-0.0344444444444,0,0,0,18,0,2,90,0.9,1,0,0.1,1,0.9,0.947368421053,0.938314863257,0.9,0.9,5,7,0,0,0,0
3108,WLNM_dir_neg,0.918367346939,0.74227994228,00:00:00,10,70,46,1177447095,threshold_sweep,0.3,1,0.714285714286,0.833333333333,5,0,2,14,0.714285714286,1,0,0.285714285714,1,0.714285714286,0.833333333333,0.904761904762,0.587301587302,0.769230769231,0.790569415042,0.714285714286,20,13,7,0,20,0,13,0,7,11,20,0.181818181818,3.04338842975,3.63636363636,2,2.5,1.68954001271,0.464623503495,0.245454545455,1.16774841624,0.642261628933,0.336363636364,1.94000937205,1.06700515463,0.536363636364,1.05689877454,0.347276990411,3.54545454545,3.04338842975,1.05689877454,3.54545454545,0.499047619048,0.4,8,0.0484848484848,0.255555555556,11,11,11,1,0,0.0909090909091,0.636363636364,0.272727272727,11,0.118181818182,3.72727272727,2.36363636364,1.3,1.625,1.43336856898,0.6064251638,0.286713286713,0.603022689156,0.510249967747,0.237762237762,1.40129809949,1.18571377649,0.503496503497,2.05382127221,0.551025219373,7,3.72727272727,2.05382127221,7,0,0,0,0,0.22962962963,11,11,11,1,0,0.0909090909091,0.636363636364,0.272727272727,11,18,0.163636363636,3.11363636364,3.27272727273,1.8,2.25,1.42062726223,0.434080552347,0.227272727273,0.924416277737,0.564921058617,0.292929292929,1.68954001271,1.03249667443,0.525252525253,1.14353419474,0.367266456706,3.875,3.11363636364,1.14353419474,3.875,0.366666666667,0.266666666667,4,0.0242424242424,0.221111111111,11,11,11,1,0,0.0909090909091,0.636363636364,0.272727272727,-2,-0.0181818181818,0.0702479338843,-0.363636363636,-0.2,-0.25,-0.268912750482,-0.030542951148,-0.0181818181818,-0.243332138505,-0.0773405703161,-0.0434343434343,-0.250469359339,-0.0345084801933,-0.0111111111111,0.0866354202056,0.0199894662943,0.329545454545,0.0702479338843,0.0866354202056,0.329545454545,-0.132380952381,-0.133333333333,-4,-0.0242424242424,-0.0344444444444,0,0,0,18,0,2,90,0.9,1,0,0.1,1,0.9,0.947368421053,0.938314863257,0.9,0.9,5,7,0,0,0,0
3109,WLNM_dir_neg,0.918367346939,0.74227994228,00:00:00,10,70,46,1177447095,threshold_sweep,0.4,1,0.714285714286,0.833333333333,5,0,2,14,0.714285714286,1,0,0.285714285714,1,0.714285714286,0.833333333333,0.904761904762,0.587301587302,0.769230769231,0.790569415042,0.714285714286,20,13,7,0,20,0,13,0,7,11,20,0.181818181818,3.04338842975,3.63636363636,2,2.5,1.68954001271,0.464623503495,0.245454545455,1.16774841624,0.642261628933,0.336363636364,1.94000937205,1.06700515463,0.536363636364,1.05689877454,0.347276990411,3.54545454545,3.04338842975,1.05689877454,3.54545454545,0.499047619048,0.4,8,0.0484848484848,0.255555555556,11,11,11,1,0,0.0909090909091,0.636363636364,0.272727272727,11,0.118181818182,3.72727272727,2.36363636364,1.3,1.625,1.43336856898,0.6064251638,0.286713286713,0.603022689156,0.510249967747,0.237762237762,1.40129809949,1.18571377649,0.503496503497,2.05382127221,0.551025219373,7,3.72727272727,2.05382127221,7,0,0,0,0,0.22962962963,11,11,11,1,0,0.0909090909091,0.636363636364,0.272727272727,11,18,0.163636363636,3.11363636364,3.27272727273,1.8,2.25,1.42062726223,0.434080552347,0.227272727273,0.924416277737,0.564921058617,0.292929292929,1.68954001271,1.03249667443,0.525252525253,1.14353419474,0.367266456706,3.875,3.11363636364,1.14353419474,3.875,0.366666666667,0.266666666667,4,0.0242424242424,0.221111111111,11,11,11,1,0,0.0909090909091,0.636363636364,0.272727272727,-2,-0.0181818181818,0.0702479338843,-0.363636363636,-0.2,-0.25,-0.268912750482,-0.030542951148,-0.0181818181818,-0.243332138505,-0.0773405703161,-0.0434343434343,-0.250469359339,-0.0345084801933,-0.0111111111111,0.0866354202056,0.0199894662943,0.329545454545,0.0702479338843,0.0866354202056,0.329545454545,-0.132380952381,-0.133333333333,-4,-0.0242424242424,-0.0344444444444,0,0,0,18,0,2,90,0.9,1,0,0.1,1,0.9,0.947368421053,0.938314863257,0.9,0.9,5,7,0,0,0,0
3110,WLNM_dir_neg,0.918367346939,0.74227994228,00:00:00,10,70,46,1177447095,threshold_sweep,0.5,1,0.714285714286,0.833333333333,5,0,2,14,0.714285714286,1,0,0.285714285714,1,0.714285714286,0.833333333333,0.904761904762,0.587301587302,0.769230769231,0.790569415042,0.714285714286,20,13,7,0,20,0,13,0,7,11,20,0.181818181818,3.04338842975,3.63636363636,2,2.5,1.68954001271,0.464623503495,0.245454545455,1.16774841624,0.642261628933,0.336363636364,1.94000937205,1.06700515463,0.536363636364,1.05689877454,0.347276990411,3.54545454545,3.04338842975,1.05689877454,3.54545454545,0.499047619048,0.4,8,0.0484848484848,0.255555555556,11,11,11,1,0,0.0909090909091,0.636363636364,0.272727272727,11,0.118181818182,3.72727272727,2.36363636364,1.3,1.625,1.43336856898,0.6064251638,0.286713286713,0.603022689156,0.510249967747,0.237762237762,1.40129809949,1.18571377649,0.503496503497,2.05382127221,0.551025219373,7,3.72727272727,2.05382127221,7,0,0,0,0,0.22962962963,11,11,11,1,0,0.0909090909091,0.636363636364,0.272727272727,11,18,0.163636363636,3.11363636364,3.27272727273,1.8,2.25,1.42062726223,0.434080552347,0.227272727273,0.924416277737,0.564921058617,0.292929292929,1.68954001271,1.03249667443,0.525252525253,1.14353419474,0.367266456706,3.875,3.11363636364,1.14353419474,3.875,0.366666666667,0.266666666667,4,0.0242424242424,0.221111111111,11,11,11,1,0,0.0909090909091,0.636363636364,0.272727272727,-2,-0.0181818181818,0.0702479338843,-0.363636363636,-0.2,-0.25,-0.268912750482,-0.030542951148,-0.0181818181818,-0.243332138505,-0.0773405703161,-0.0434343434343,-0.250469359339,-0.0345084801933,-0.0111111111111,0.0866354202056,0.0199894662943,0.329545454545,0.0702479338843,0.0866354202056,0.329545454545,-0.132380952381,-0.133333333333,-4,-0.0242424242424,-0.0344444444444,0,0,0,18,0,2,90,0.9,1,0,0.1,1,0.9,0.947368421053,0.938314863257,0.9,0.9,5,7,0,0,0,0
3111,WLNM_dir_neg,0.918367346939,0.74227994228,00:00:00,10,70,46,1177447095,threshold_sweep,0.6,1,0.714285714286,0.833333333333,5,0,2,14,0.714285714286,1,0,0.285714285714,1,0.714285714286,0.833333333333,0.904761904762,0.587301587302,0.769230769231,0.790569415042,0.714285714286,20,13,7,0,20,0,13,0,7,11,20,0.181818181818,3.04338842975,3.63636363636,2,2.5,1.68954001271,0.464623503495,0.245454545455,1.16774841624,0.642261628933,0.336363636364,1.94000937205,1.06700515463,0.536363636364,1.05689877454,0.347276990411,3.54545454545,3.04338842975,1.05689877454,3.54545454545,0.499047619048,0.4,8,0.0484848484848,0.255555555556,11,11,11,1,0,0.0909090909091,0.636363636364,0.272727272727,11,0.118181818182,3.72727272727,2.36363636364,1.3,1.625,1.43336856898,0.6064251638,0.286713286713,0.603022689156,0.510249967747,0.237762237762,1.40129809949,1.18571377649,0.503496503497,2.05382127221,0.551025219373,7,3.72727272727,2.05382127221,7,0,0,0,0,0.22962962963,11,11,11,1,0,0.0909090909091,0.636363636364,0.272727272727,11,18,0.163636363636,3.11363636364,3.27272727273,1.8,2.25,1.42062726223,0.434080552347,0.227272727273,0.924416277737,0.564921058617,0.292929292929,1.68954001271,1.03249667443,0.525252525253,1.14353419474,0.367266456706,3.875,3.11363636364,1.14353419474,3.875,0.366666666667,0.266666666667,4,0.0242424242424,0.221111111111,11,11,11,1,0,0.0909090909091,0.636363636364,0.272727272727,-2,-0.0181818181818,0.0702479338843,-0.363636363636,-0.2,-0.25,-0.268912750482,-0.030542951148,-0.0181818181818,-0.243332138505,-0.0773405703161,-0.0434343434343,-0.250469359339,-0.0345084801933,-0.0111111111111,0.0866354202056,0.0199894662943,0.329545454545,0.0702479338843,0.0866354202056,0.329545454545,-0.132380952381,-0.133333333333,-4,-0.0242424242424,-0.0344444444444,0,0,0,18,0,2,90,0.9,1,0,0.1,1,0.9,0.947368421053,0.938314863257,0.9,0.9,5,7,0,0,0,0
3112,WLNM_dir_neg,0.918367346939,0.74227994228,00:00:00,10,70,46,1177447095,threshold_sweep,0.7,1,0.714285714286,0.833333333333,5,0,2,14,0.714285714286,1,0,0.285714285714,1,0.714285714286,0.833333333333,0.904761904762,0.587301587302,0.769230769231,0.790569415042,0.714285714286,20,13,7,0,20,0,13,0,7,11,20,0.181818181818,3.04338842975,3.63636363636,2,2.5,1.68954001271,0.464623503495,0.245454545455,1.16774841624,0.642261628933,0.336363636364,1.94000937205,1.06700515463,0.536363636364,1.05689877454,0.347276990411,3.54545454545,3.04338842975,1.05689877454,3.54545454545,0.499047619048,0.4,8,0.0484848484848,0.255555555556,11,11,11,1,0,0.0909090909091,0.636363636364,0.272727272727,11,0.118181818182,3.72727272727,2.36363636364,1.3,1.625,1.43336856898,0.6064251638,0.286713286713,0.603022689156,0.510249967747,0.237762237762,1.40129809949,1.18571377649,0.503496503497,2.05382127221,0.551025219373,7,3.72727272727,2.05382127221,7,0,0,0,0,0.22962962963,11,11,11,1,0,0.0909090909091,0.636363636364,0.272727272727,11,18,0.163636363636,3.11363636364,3.27272727273,1.8,2.25,1.42062726223,0.434080552347,0.227272727273,0.924416277737,0.564921058617,0.292929292929,1.68954001271,1.03249667443,0.525252525253,1.14353419474,0.367266456706,3.875,3.11363636364,1.14353419474,3.875,0.366666666667,0.266666666667,4,0.0242424242424,0.221111111111,11,11,11,1,0,0.0909090909091,0.636363636364,0.272727272727,-2,-0.0181818181818,0.0702479338843,-0.363636363636,-0.2,-0.25,-0.268912750482,-0.030542951148,-0.0181818181818,-0.243332138505,-0.0773405703161,-0.0434343434343,-0.250469359339,-0.0345084801933,-0.0111111111111,0.0866354202056,0.0199894662943,0.329545454545,0.0702479338843,0.0866354202056,0.329545454545,-0.132380952381,-0.133333333333,-4,-0.0242424242424,-0.0344444444444,0,0,0,18,0,2,90,0.9,1,0,0.1,1,0.9,0.947368421053,0.938314863257,0.9,0.9,5,7,0,0,0,0
3113,WLNM_dir_neg,0.918367346939,0.74227994228,00:00:00,10,70,46,1177447095,threshold_sweep,0.8,1,0.714285714286,0.833333333333,5,0,2,14,0.714285714286,1,0,0.285714285714,1,0.714285714286,0.833333333333,0.904761904762,0.587301587302,0.769230769231,0.790569415042,0.714285714286,20,13,7,0,20,0,13,0,7,11,20,0.181818181818,3.04338842975,3.63636363636,2,2.5,1.68954001271,0.464623503495,0.245454545455,1.16774841624,0.642261628933,0.336363636364,1.94000937205,1.06700515463,0.536363636364,1.05689877454,0.347276990411,3.54545454545,3.04338842975,1.05689877454,3.54545454545,0.499047619048,0.4,8,0.0484848484848,0.255555555556,11,11,11,1,0,0.0909090909091,0.636363636364,0.272727272727,11,0.118181818182,3.72727272727,2.36363636364,1.3,1.625,1.43336856898,0.6064251638,0.286713286713,0.603022689156,0.510249967747,0.237762237762,1.40129809949,1.18571377649,0.503496503497,2.05382127221,0.551025219373,7,3.72727272727,2.05382127221,7,0,0,0,0,0.22962962963,11,11,11,1,0,0.0909090909091,0.636363636364,0.272727272727,11,18,0.163636363636,3.11363636364,3.27272727273,1.8,2.25,1.42062726223,0.434080552347,0.227272727273,0.924416277737,0.564921058617,0.292929292929,1.68954001271,1.03249667443,0.525252525253,1.14353419474,0.367266456706,3.875,3.11363636364,1.14353419474,3.875,0.366666666667,0.266666666667,4,0.0242424242424,0.221111111111,11,11,11,1,0,0.0909090909091,0.636363636364,0.272727272727,-2,-0.0181818181818,0.0702479338843,-0.363636363636,-0.2,-0.25,-0.268912750482,-0.030542951148,-0.0181818181818,-0.243332138505,-0.0773405703161,-0.0434343434343,-0.250469359339,-0.0345084801933,-0.0111111111111,0.0866354202056,0.0199894662943,0.329545454545,0.0702479338843,0.0866354202056,0.329545454545,-0.132380952381,-0.133333333333,-4,-0.0242424242424,-0.0344444444444,0,0,0,18,0,2,90,0.9,1,0,0.1,1,0.9,0.947368421053,0.938314863257,0.9,0.9,5,7,0,0,0,0
3114,WLNM_dir_neg,0.918367346939,0.74227994228,00:00:00,10,70,46,1177447095,threshold_sweep,0.9,1,0.714285714286,0.833333333333,5,0,2,14,0.714285714286,1,0,0.285714285714,1,0.714285714286,0.833333333333,0.904761904762,0.587301587302,0.769230769231,0.790569415042,0.714285714286,20,13,7,0,20,0,13,0,7,11,20,0.181818181818,3.04338842975,3.63636363636,2,2.5,1.68954001271,0.464623503495,0.245454545455,1.16774841624,0.642261628933,0.336363636364,1.94000937205,1.06700515463,0.536363636364,1.05689877454,0.347276990411,3.54545454545,3.04338842975,1.05689877454,3.54545454545,0.499047619048,0.4,8,0.0484848484848,0.255555555556,11,11,11,1,0,0.0909090909091,0.636363636364,0.272727272727,11,0.118181818182,3.72727272727,2.36363636364,1.3,1.625,1.43336856898,0.6064251638,0.286713286713,0.603022689156,0.510249967747,0.237762237762,1.40129809949,1.18571377649,0.503496503497,2.05382127221,0.551025219373,7,3.72727272727,2.05382127221,7,0,0,0,0,0.22962962963,11,11,11,1,0,0.0909090909091,0.636363636364,0.272727272727,11,18,0.163636363636,3.11363636364,3.27272727273,1.8,2.25,1.42062726223,0.434080552347,0.227272727273,0.924416277737,0.564921058617,0.292929292929,1.68954001271,1.03249667443,0.525252525253,1.14353419474,0.367266456706,3.875,3.11363636364,1.14353419474,3.875,0.366666666667,0.266666666667,4,0.0242424242424,0.221111111111,11,11,11,1,0,0.0909090909091,0.636363636364,0.272727272727,-2,-0.0181818181818,0.0702479338843,-0.363636363636,-0.2,-0.25,-0.268912750482,-0.030542951148,-0.0181818181818,-0.243332138505,-0.0773405703161,-0.0434343434343,-0.250469359339,-0.0345084801933,-0.0111111111111,0.0866354202056,0.0199894662943,0.329545454545,0.0702479338843,0.0866354202056,0.329545454545,-0.132380952381,-0.133333333333,-4,-0.0242424242424,-0.0344444444444,0,0,0,18,0,2,90,0.9,1,0,0.1,1,0.9,0.947368421053,0.938314863257,0.9,0.9,5,7,0,0,0,0
3115,WLNM_dir_neg,0.877551020408,0.570929070929,00:00:00,10,70,47,1177447096,threshold_sweep,0.1,1,0.714285714286,0.833333333333,5,0,2,14,0.714285714286,1,0,0.285714285714,1,0.714285714286,0.833333333333,0.904761904762,0.587301587302,0.769230769231,0.790569415042,0.714285714286,20,13,7,0,20,0,13,0,7,11,20,0.181818181818,3.04338842975,3.63636363636,2,2.5,1.68954001271,0.464623503495,0.245454545455,1.16774841624,0.642261628933,0.336363636364,1.94000937205,1.06700515463,0.536363636364,1.05689877454,0.347276990411,3.54545454545,3.04338842975,1.05689877454,3.54545454545,0.499047619048,0.4,8,0.0484848484848,0.255555555556,11,11,11,1,0,0.0909090909091,0.636363636364,0.272727272727,11,0.118181818182,3.72727272727,2.36363636364,1.3,1.625,1.43336856898,0.6064251638,0.286713286713,0.603022689156,0.510249967747,0.237762237762,1.40129809949,1.18571377649,0.503496503497,2.05382127221,0.551025219373,7,3.72727272727,2.05382127221,7,0,0,0,0,0.22962962963,11,11,11,1,0,0.0909090909091,0.636363636364,0.272727272727,11,18,0.163636363636,3.11363636364,3.27272727273,1.8,2.25,1.42062726223,0.434080552347,0.227272727273,0.924416277737,0.564921058617,0.292929292929,1.68954001271,1.03249667443,0.525252525253,1.14353419474,0.367266456706,3.875,3.11363636364,1.14353419474,3.875,0.366666666667,0.266666666667,4,0.0242424242424,0.221111111111,11,11,11,1,0,0.0909090909091,0.636363636364,0.272727272727,-2,-0.0181818181818,0.0702479338843,-0.363636363636,-0.2,-0.25,-0.268912750482,-0.030542951148,-0.0181818181818,-0.243332138505,-0.0773405703161,-0.0434343434343,-0.250469359339,-0.0345084801933,-0.0111111111111,0.0866354202056,0.0199894662943,0.329545454545,0.0702479338843,0.0866354202056,0.329545454545,-0.132380952381,-0.133333333333,-4,-0.0242424242424,-0.0344444444444,0,0,0,18,0,2,90,0.9,1,0,0.1,1,0.9,0.947368421053,0.938314863257,0.9,0.9,5,7,0,0,0,0
3116,WLNM_dir_neg,0.877551020408,0.570929070929,00:00:00,10,70,47,1177447096,threshold_sweep,0.2,1,0.714285714286,0.833333333333,5,0,2,14,0.714285714286,1,0,0.285714285714,1,0.714285714286,0.833333333333,0.904761904762,0.587301587302,0.769230769231,0.790569415042,0.714285714286,20,13,7,0,20,0,13,0,7,11,20,0.181818181818,3.04338842975,3.63636363636,2,2.5,1.68954001271,0.464623503495,0.245454545455,1.16774841624,0.642261628933,0.336363636364,1.94000937205,1.06700515463,0.536363636364,1.05689877454,0.347276990411,3.54545454545,3.04338842975,1.05689877454,3.54545454545,0.499047619048,0.4,8,0.0484848484848,0.255555555556,11,11,11,1,0,0.0909090909091,0.636363636364,0.272727272727,11,0.118181818182,3.72727272727,2.36363636364,1.3,1.625,1.43336856898,0.6064251638,0.286713286713,0.603022689156,0.510249967747,0.237762237762,1.40129809949,1.18571377649,0.503496503497,2.05382127221,0.551025219373,7,3.72727272727,2.05382127221,7,0,0,0,0,0.22962962963,11,11,11,1,0,0.0909090909091,0.636363636364,0.272727272727,11,18,0.163636363636,3.11363636364,3.27272727273,1.8,2.25,1.42062726223,0.434080552347,0.227272727273,0.924416277737,0.564921058617,0.292929292929,1.68954001271,1.03249667443,0.525252525253,1.14353419474,0.367266456706,3.875,3.11363636364,1.14353419474,3.875,0.366666666667,0.266666666667,4,0.0242424242424,0.221111111111,11,11,11,1,0,0.0909090909091,0.636363636364,0.272727272727,-2,-0.0181818181818,0.0702479338843,-0.363636363636,-0.2,-0.25,-0.268912750482,-0.030542951148,-0.0181818181818,-0.243332138505,-0.0773405703161,-0.0434343434343,-0.250469359339,-0.0345084801933,-0.0111111111111,0.0866354202056,0.0199894662943,0.329545454545,0.0702479338843,0.0866354202056,0.329545454545,-0.132380952381,-0.133333333333,-4,-0.0242424242424,-0.0344444444444,0,0,0,18,0,2,90,0.9,1,0,0.1,1,0.9,0.947368421053,0.938314863257,0.9,0.9,5,7,0,0,0,0
3117,WLNM_dir_neg,0.877551020408,0.570929070929,00:00:00,10,70,47,1177447096,threshold_sweep,0.3,1,0.714285714286,0.833333333333,5,0,2,14,0.714285714286,1,0,0.285714285714,1,0.714285714286,0.833333333333,0.904761904762,0.587301587302,0.769230769231,0.790569415042,0.714285714286,20,13,7,0,20,0,13,0,7,11,20,0.181818181818,3.04338842975,3.63636363636,2,2.5,1.68954001271,0.464623503495,0.245454545455,1.16774841624,0.642261628933,0.336363636364,1.94000937205,1.06700515463,0.536363636364,1.05689877454,0.347276990411,3.54545454545,3.04338842975,1.05689877454,3.54545454545,0.499047619048,0.4,8,0.0484848484848,0.255555555556,11,11,11,1,0,0.0909090909091,0.636363636364,0.272727272727,11,0.118181818182,3.72727272727,2.36363636364,1.3,1.625,1.43336856898,0.6064251638,0.286713286713,0.603022689156,0.510249967747,0.237762237762,1.40129809949,1.18571377649,0.503496503497,2.05382127221,0.551025219373,7,3.72727272727,2.05382127221,7,0,0,0,0,0.22962962963,11,11,11,1,0,0.0909090909091,0.636363636364,0.272727272727,11,18,0.163636363636,3.11363636364,3.27272727273,1.8,2.25,1.42062726223,0.434080552347,0.227272727273,0.924416277737,0.564921058617,0.292929292929,1.68954001271,1.03249667443,0.525252525253,1.14353419474,0.367266456706,3.875,3.11363636364,1.14353419474,3.875,0.366666666667,0.266666666667,4,0.0242424242424,0.221111111111,11,11,11,1,0,0.0909090909091,0.636363636364,0.272727272727,-2,-0.0181818181818,0.0702479338843,-0.363636363636,-0.2,-0.25,-0.268912750482,-0.030542951148,-0.0181818181818,-0.243332138505,-0.0773405703161,-0.0434343434343,-0.250469359339,-0.0345084801933,-0.0111111111111,0.0866354202056,0.0199894662943,0.329545454545,0.0702479338843,0.0866354202056,0.329545454545,-0.132380952381,-0.133333333333,-4,-0.0242424242424,-0.0344444444444,0,0,0,18,0,2,90,0.9,1,0,0.1,1,0.9,0.947368421053,0.938314863257,0.9,0.9,5,7,0,0,0,0
3118,WLNM_dir_neg,0.877551020408,0.570929070929,00:00:00,10,70,47,1177447096,threshold_sweep,0.4,1,0.714285714286,0.833333333333,5,0,2,14,0.714285714286,1,0,0.285714285714,1,0.714285714286,0.833333333333,0.904761904762,0.587301587302,0.769230769231,0.790569415042,0.714285714286,20,13,7,0,20,0,13,0,7,11,20,0.181818181818,3.04338842975,3.63636363636,2,2.5,1.68954001271,0.464623503495,0.245454545455,1.16774841624,0.642261628933,0.336363636364,1.94000937205,1.06700515463,0.536363636364,1.05689877454,0.347276990411,3.54545454545,3.04338842975,1.05689877454,3.54545454545,0.499047619048,0.4,8,0.0484848484848,0.255555555556,11,11,11,1,0,0.0909090909091,0.636363636364,0.272727272727,11,0.118181818182,3.72727272727,2.36363636364,1.3,1.625,1.43336856898,0.6064251638,0.286713286713,0.603022689156,0.510249967747,0.237762237762,1.40129809949,1.18571377649,0.503496503497,2.05382127221,0.551025219373,7,3.72727272727,2.05382127221,7,0,0,0,0,0.22962962963,11,11,11,1,0,0.0909090909091,0.636363636364,0.272727272727,11,18,0.163636363636,3.11363636364,3.27272727273,1.8,2.25,1.42062726223,0.434080552347,0.227272727273,0.924416277737,0.564921058617,0.292929292929,1.68954001271,1.03249667443,0.525252525253,1.14353419474,0.367266456706,3.875,3.11363636364,1.14353419474,3.875,0.366666666667,0.266666666667,4,0.0242424242424,0.221111111111,11,11,11,1,0,0.0909090909091,0.636363636364,0.272727272727,-2,-0.0181818181818,0.0702479338843,-0.363636363636,-0.2,-0.25,-0.268912750482,-0.030542951148,-0.0181818181818,-0.243332138505,-0.0773405703161,-0.0434343434343,-0.250469359339,-0.0345084801933,-0.0111111111111,0.0866354202056,0.0199894662943,0.329545454545,0.0702479338843,0.0866354202056,0.329545454545,-0.132380952381,-0.133333333333,-4,-0.0242424242424,-0.0344444444444,0,0,0,18,0,2,90,0.9,1,0,0.1,1,0.9,0.947368421053,0.938314863257,0.9,0.9,5,7,0,0,0,0
3119,WLNM_dir_neg,0.877551020408,0.570929070929,00:00:00,10,70,47,1177447096,threshold_sweep,0.5,1,0.714285714286,0.833333333333,5,0,2,14,0.714285714286,1,0,0.285714285714,1,0.714285714286,0.833333333333,0.904761904762,0.587301587302,0.769230769231,0.790569415042,0.714285714286,20,13,7,0,20,0,13,0,7,11,20,0.181818181818,3.04338842975,3.63636363636,2,2.5,1.68954001271,0.464623503495,0.245454545455,1.16774841624,0.642261628933,0.336363636364,1.94000937205,1.06700515463,0.536363636364,1.05689877454,0.347276990411,3.54545454545,3.04338842975,1.05689877454,3.54545454545,0.499047619048,0.4,8,0.0484848484848,0.255555555556,11,11,11,1,0,0.0909090909091,0.636363636364,0.272727272727,11,0.118181818182,3.72727272727,2.36363636364,1.3,1.625,1.43336856898,0.6064251638,0.286713286713,0.603022689156,0.510249967747,0.237762237762,1.40129809949,1.18571377649,0.503496503497,2.05382127221,0.551025219373,7,3.72727272727,2.05382127221,7,0,0,0,0,0.22962962963,11,11,11,1,0,0.0909090909091,0.636363636364,0.272727272727,11,18,0.163636363636,3.11363636364,3.27272727273,1.8,2.25,1.42062726223,0.434080552347,0.227272727273,0.924416277737,0.564921058617,0.292929292929,1.68954001271,1.03249667443,0.525252525253,1.14353419474,0.367266456706,3.875,3.11363636364,1.14353419474,3.875,0.366666666667,0.266666666667,4,0.0242424242424,0.221111111111,11,11,11,1,0,0.0909090909091,0.636363636364,0.272727272727,-2,-0.0181818181818,0.0702479338843,-0.363636363636,-0.2,-0.25,-0.268912750482,-0.030542951148,-0.0181818181818,-0.243332138505,-0.0773405703161,-0.0434343434343,-0.250469359339,-0.0345084801933,-0.0111111111111,0.0866354202056,0.0199894662943,0.329545454545,0.0702479338843,0.0866354202056,0.329545454545,-0.132380952381,-0.133333333333,-4,-0.0242424242424,-0.0344444444444,0,0,0,18,0,2,90,0.9,1,0,0.1,1,0.9,0.947368421053,0.938314863257,0.9,0.9,5,7,0,0,0,0
3120,WLNM_dir_neg,0.877551020408,0.570929070929,00:00:00,10,70,47,1177447096,threshold_sweep,0.6,1,0.714285714286,0.833333333333,5,0,2,14,0.714285714286,1,0,0.285714285714,1,0.714285714286,0.833333333333,0.904761904762,0.587301587302,0.769230769231,0.790569415042,0.714285714286,20,13,7,0,20,0,13,0,7,11,20,0.181818181818,3.04338842975,3.63636363636,2,2.5,1.68954001271,0.464623503495,0.245454545455,1.16774841624,0.642261628933,0.336363636364,1.94000937205,1.06700515463,0.536363636364,1.05689877454,0.347276990411,3.54545454545,3.04338842975,1.05689877454,3.54545454545,0.499047619048,0.4,8,0.0484848484848,0.255555555556,11,11,11,1,0,0.0909090909091,0.636363636364,0.272727272727,11,0.118181818182,3.72727272727,2.36363636364,1.3,1.625,1.43336856898,0.6064251638,0.286713286713,0.603022689156,0.510249967747,0.237762237762,1.40129809949,1.18571377649,0.503496503497,2.05382127221,0.551025219373,7,3.72727272727,2.05382127221,7,0,0,0,0,0.22962962963,11,11,11,1,0,0.0909090909091,0.636363636364,0.272727272727,11,18,0.163636363636,3.11363636364,3.27272727273,1.8,2.25,1.42062726223,0.434080552347,0.227272727273,0.924416277737,0.564921058617,0.292929292929,1.68954001271,1.03249667443,0.525252525253,1.14353419474,0.367266456706,3.875,3.11363636364,1.14353419474,3.875,0.366666666667,0.266666666667,4,0.0242424242424,0.221111111111,11,11,11,1,0,0.0909090909091,0.636363636364,0.272727272727,-2,-0.0181818181818,0.0702479338843,-0.363636363636,-0.2,-0.25,-0.268912750482,-0.030542951148,-0.0181818181818,-0.243332138505,-0.0773405703161,-0.0434343434343,-0.250469359339,-0.0345084801933,-0.0111111111111,0.0866354202056,0.0199894662943,0.329545454545,0.0702479338843,0.0866354202056,0.329545454545,-0.132380952381,-0.133333333333,-4,-0.0242424242424,-0.0344444444444,0,0,0,18,0,2,90,0.9,1,0,0.1,1,0.9,0.947368421053,0.938314863257,0.9,0.9,5,7,0,0,0,0
3121,WLNM_dir_neg,0.877551020408,0.570929070929,00:00:00,10,70,47,1177447096,threshold_sweep,0.7,1,0.714285714286,0.833333333333,5,0,2,14,0.714285714286,1,0,0.285714285714,1,0.714285714286,0.833333333333,0.904761904762,0.587301587302,0.769230769231,0.790569415042,0.714285714286,20,13,7,0,20,0,13,0,7,11,20,0.181818181818,3.04338842975,3.63636363636,2,2.5,1.68954001271,0.464623503495,0.245454545455,1.16774841624,0.642261628933,0.336363636364,1.94000937205,1.06700515463,0.536363636364,1.05689877454,0.347276990411,3.54545454545,3.04338842975,1.05689877454,3.54545454545,0.499047619048,0.4,8,0.0484848484848,0.255555555556,11,11,11,1,0,0.0909090909091,0.636363636364,0.272727272727,11,0.118181818182,3.72727272727,2.36363636364,1.3,1.625,1.43336856898,0.6064251638,0.286713286713,0.603022689156,0.510249967747,0.237762237762,1.40129809949,1.18571377649,0.503496503497,2.05382127221,0.551025219373,7,3.72727272727,2.05382127221,7,0,0,0,0,0.22962962963,11,11,11,1,0,0.0909090909091,0.636363636364,0.272727272727,11,18,0.163636363636,3.11363636364,3.27272727273,1.8,2.25,1.42062726223,0.434080552347,0.227272727273,0.924416277737,0.564921058617,0.292929292929,1.68954001271,1.03249667443,0.525252525253,1.14353419474,0.367266456706,3.875,3.11363636364,1.14353419474,3.875,0.366666666667,0.266666666667,4,0.0242424242424,0.221111111111,11,11,11,1,0,0.0909090909091,0.636363636364,0.272727272727,-2,-0.0181818181818,0.0702479338843,-0.363636363636,-0.2,-0.25,-0.268912750482,-0.030542951148,-0.0181818181818,-0.243332138505,-0.0773405703161,-0.0434343434343,-0.250469359339,-0.0345084801933,-0.0111111111111,0.0866354202056,0.0199894662943,0.329545454545,0.0702479338843,0.0866354202056,0.329545454545,-0.132380952381,-0.133333333333,-4,-0.0242424242424,-0.0344444444444,0,0,0,18,0,2,90,0.9,1,0,0.1,1,0.9,0.947368421053,0.938314863257,0.9,0.9,5,7,0,0,0,0
3122,WLNM_dir_neg,0.877551020408,0.570929070929,00:00:00,10,70,47,1177447096,threshold_sweep,0.8,1,0.714285714286,0.833333333333,5,0,2,14,0.714285714286,1,0,0.285714285714,1,0.714285714286,0.833333333333,0.904761904762,0.587301587302,0.769230769231,0.790569415042,0.714285714286,20,13,7,0,20,0,13,0,7,11,20,0.181818181818,3.04338842975,3.63636363636,2,2.5,1.68954001271,0.464623503495,0.245454545455,1.16774841624,0.642261628933,0.336363636364,1.94000937205,1.06700515463,0.536363636364,1.05689877454,0.347276990411,3.54545454545,3.04338842975,1.05689877454,3.54545454545,0.499047619048,0.4,8,0.0484848484848,0.255555555556,11,11,11,1,0,0.0909090909091,0.636363636364,0.272727272727,11,0.118181818182,3.72727272727,2.36363636364,1.3,1.625,1.43336856898,0.6064251638,0.286713286713,0.603022689156,0.510249967747,0.237762237762,1.40129809949,1.18571377649,0.503496503497,2.05382127221,0.551025219373,7,3.72727272727,2.05382127221,7,0,0,0,0,0.22962962963,11,11,11,1,0,0.0909090909091,0.636363636364,0.272727272727,11,18,0.163636363636,3.11363636364,3.27272727273,1.8,2.25,1.42062726223,0.434080552347,0.227272727273,0.924416277737,0.564921058617,0.292929292929,1.68954001271,1.03249667443,0.525252525253,1.14353419474,0.367266456706,3.875,3.11363636364,1.14353419474,3.875,0.366666666667,0.266666666667,4,0.0242424242424,0.221111111111,11,11,11,1,0,0.0909090909091,0.636363636364,0.272727272727,-2,-0.0181818181818,0.0702479338843,-0.363636363636,-0.2,-0.25,-0.268912750482,-0.030542951148,-0.0181818181818,-0.243332138505,-0.0773405703161,-0.0434343434343,-0.250469359339,-0.0345084801933,-0.0111111111111,0.0866354202056,0.0199894662943,0.329545454545,0.0702479338843,0.0866354202056,0.329545454545,-0.132380952381,-0.133333333333,-4,-0.0242424242424,-0.0344444444444,0,0,0,18,0,2,90,0.9,1,0,0.1,1,0.9,0.947368421053,0.938314863257,0.9,0.9,5,7,0,0,0,0
3123,WLNM_dir_neg,0.877551020408,0.570929070929,00:00:00,10,70,47,1177447096,threshold_sweep,0.9,1,0.714285714286,0.833333333333,5,0,2,14,0.714285714286,1,0,0.285714285714,1,0.714285714286,0.833333333333,0.904761904762,0.587301587302,0.769230769231,0.790569415042,0.714285714286,20,13,7,0,20,0,13,0,7,11,20,0.181818181818,3.04338842975,3.63636363636,2,2.5,1.68954001271,0.464623503495,0.245454545455,1.16774841624,0.642261628933,0.336363636364,1.94000937205,1.06700515463,0.536363636364,1.05689877454,0.347276990411,3.54545454545,3.04338842975,1.05689877454,3.54545454545,0.499047619048,0.4,8,0.0484848484848,0.255555555556,11,11,11,1,0,0.0909090909091,0.636363636364,0.272727272727,11,0.118181818182,3.72727272727,2.36363636364,1.3,1.625,1.43336856898,0.6064251638,0.286713286713,0.603022689156,0.510249967747,0.237762237762,1.40129809949,1.18571377649,0.503496503497,2.05382127221,0.551025219373,7,3.72727272727,2.05382127221,7,0,0,0,0,0.22962962963,11,11,11,1,0,0.0909090909091,0.636363636364,0.272727272727,11,18,0.163636363636,3.11363636364,3.27272727273,1.8,2.25,1.42062726223,0.434080552347,0.227272727273,0.924416277737,0.564921058617,0.292929292929,1.68954001271,1.03249667443,0.525252525253,1.14353419474,0.367266456706,3.875,3.11363636364,1.14353419474,3.875,0.366666666667,0.266666666667,4,0.0242424242424,0.221111111111,11,11,11,1,0,0.0909090909091,0.636363636364,0.272727272727,-2,-0.0181818181818,0.0702479338843,-0.363636363636,-0.2,-0.25,-0.268912750482,-0.030542951148,-0.0181818181818,-0.243332138505,-0.0773405703161,-0.0434343434343,-0.250469359339,-0.0345084801933,-0.0111111111111,0.0866354202056,0.0199894662943,0.329545454545,0.0702479338843,0.0866354202056,0.329545454545,-0.132380952381,-0.133333333333,-4,-0.0242424242424,-0.0344444444444,0,0,0,18,0,2,90,0.9,1,0,0.1,1,0.9,0.947368421053,0.938314863257,0.9,0.9,5,7,0,0,0,0
3124,WLNM_dir_neg,0.908163265306,0.595009157509,00:00:00,10,70,48,1177447097,threshold_sweep,0.1,1,0.571428571429,0.727272727273,4,0,3,14,0.571428571429,1,0,0.428571428571,1,0.571428571429,0.727272727273,0.857142857143,0.603174603175,0.64,0.68599434057,0.571428571429,20,13,7,0,20,0,13,0,7,11,20,0.181818181818,3.04338842975,3.63636363636,2,2.5,1.68954001271,0.464623503495,0.245454545455,1.16774841624,0.642261628933,0.336363636364,1.94000937205,1.06700515463,0.536363636364,1.05689877454,0.347276990411,3.54545454545,3.04338842975,1.05689877454,3.54545454545,0.499047619048,0.4,8,0.0484848484848,0.255555555556,11,11,11,1,0,0.0909090909091,0.636363636364,0.272727272727,11,0.118181818182,3.72727272727,2.36363636364,1.3,1.625,1.43336856898,0.6064251638,0.286713286713,0.603022689156,0.510249967747,0.237762237762,1.40129809949,1.18571377649,0.503496503497,2.05382127221,0.551025219373,7,3.72727272727,2.05382127221,7,0,0,0,0,0.22962962963,11,11,11,1,0,0.0909090909091,0.636363636364,0.272727272727,11,17,0.154545454545,3.17727272727,3.09090909091,1.7,2.125,1.30034960334,0.420701342257,0.208556149733,0.820199532265,0.530717344407,0.267379679144,1.57249078621,1.01749403814,0.513368983957,1.2536673475,0.394573414091,4.4,3.17727272727,1.2536673475,4.4,0.213333333333,0.153846153846,2,0.0121212121212,0.205555555556,11,11,11,1,0,0.0909090909091,0.636363636364,0.272727272727,-3,-0.0272727272727,0.133884297521,-0.545454545455,-0.3,-0.375,-0.389190409368,-0.0439221612377,-0.0368983957219,-0.347548883978,-0.111544284527,-0.0689839572193,-0.367518585835,-0.0495111164884,-0.0229946524064,0.196768572961,0.0472964236795,0.854545454545,0.133884297521,0.196768572961,0.854545454545,-0.285714285714,-0.246153846154,-6,-0.0363636363636,-0.05,0,0,0,17,0,3,90,0.85,1,0,0.15,1,0.85,0.918918918919,0.906962317388,0.85,0.85,4,7,0,0,0,0
3125,WLNM_dir_neg,0.908163265306,0.595009157509,00:00:00,10,70,48,1177447097,threshold_sweep,0.2,1,0.571428571429,0.727272727273,4,0,3,14,0.571428571429,1,0,0.428571428571,1,0.571428571429,0.727272727273,0.857142857143,0.603174603175,0.64,0.68599434057,0.571428571429,20,13,7,0,20,0,13,0,7,11,20,0.181818181818,3.04338842975,3.63636363636,2,2.5,1.68954001271,0.464623503495,0.245454545455,1.16774841624,0.642261628933,0.336363636364,1.94000937205,1.06700515463,0.536363636364,1.05689877454,0.347276990411,3.54545454545,3.04338842975,1.05689877454,3.54545454545,0.499047619048,0.4,8,0.0484848484848,0.255555555556,11,11,11,1,0,0.0909090909091,0.636363636364,0.272727272727,11,0.118181818182,3.72727272727,2.36363636364,1.3,1.625,1.43336856898,0.6064251638,0.286713286713,0.603022689156,0.510249967747,0.237762237762,1.40129809949,1.18571377649,0.503496503497,2.05382127221,0.551025219373,7,3.72727272727,2.05382127221,7,0,0,0,0,0.22962962963,11,11,11,1,0,0.0909090909091,0.636363636364,0.272727272727,11,17,0.154545454545,3.17727272727,3.09090909091,1.7,2.125,1.30034960334,0.420701342257,0.208556149733,0.820199532265,0.530717344407,0.267379679144,1.57249078621,1.01749403814,0.513368983957,1.2536673475,0.394573414091,4.4,3.17727272727,1.2536673475,4.4,0.213333333333,0.153846153846,2,0.0121212121212,0.205555555556,11,11,11,1,0,0.0909090909091,0.636363636364,0.272727272727,-3,-0.0272727272727,0.133884297521,-0.545454545455,-0.3,-0.375,-0.389190409368,-0.0439221612377,-0.0368983957219,-0.347548883978,-0.111544284527,-0.0689839572193,-0.367518585835,-0.0495111164884,-0.0229946524064,0.196768572961,0.0472964236795,0.854545454545,0.133884297521,0.196768572961,0.854545454545,-0.285714285714,-0.246153846154,-6,-0.0363636363636,-0.05,0,0,0,17,0,3,90,0.85,1,0,0.15,1,0.85,0.918918918919,0.906962317388,0.85,0.85,4,7,0,0,0,0
3126,WLNM_dir_neg,0.908163265306,0.595009157509,00:00:00,10,70,48,1177447097,threshold_sweep,0.3,1,0.571428571429,0.727272727273,4,0,3,14,0.571428571429,1,0,0.428571428571,1,0.571428571429,0.727272727273,0.857142857143,0.603174603175,0.64,0.68599434057,0.571428571429,20,13,7,0,20,0,13,0,7,11,20,0.181818181818,3.04338842975,3.63636363636,2,2.5,1.68954001271,0.464623503495,0.245454545455,1.16774841624,0.642261628933,0.336363636364,1.94000937205,1.06700515463,0.536363636364,1.05689877454,0.347276990411,3.54545454545,3.04338842975,1.05689877454,3.54545454545,0.499047619048,0.4,8,0.0484848484848,0.255555555556,11,11,11,1,0,0.0909090909091,0.636363636364,0.272727272727,11,0.118181818182,3.72727272727,2.36363636364,1.3,1.625,1.43336856898,0.6064251638,0.286713286713,0.603022689156,0.510249967747,0.237762237762,1.40129809949,1.18571377649,0.503496503497,2.05382127221,0.551025219373,7,3.72727272727,2.05382127221,7,0,0,0,0,0.22962962963,11,11,11,1,0,0.0909090909091,0.636363636364,0.272727272727,11,17,0.154545454545,3.17727272727,3.09090909091,1.7,2.125,1.30034960334,0.420701342257,0.208556149733,0.820199532265,0.530717344407,0.267379679144,1.57249078621,1.01749403814,0.513368983957,1.2536673475,0.394573414091,4.4,3.17727272727,1.2536673475,4.4,0.213333333333,0.153846153846,2,0.0121212121212,0.205555555556,11,11,11,1,0,0.0909090909091,0.636363636364,0.272727272727,-3,-0.0272727272727,0.133884297521,-0.545454545455,-0.3,-0.375,-0.389190409368,-0.0439221612377,-0.0368983957219,-0.347548883978,-0.111544284527,-0.0689839572193,-0.367518585835,-0.0495111164884,-0.0229946524064,0.196768572961,0.0472964236795,0.854545454545,0.133884297521,0.196768572961,0.854545454545,-0.285714285714,-0.246153846154,-6,-0.0363636363636,-0.05,0,0,0,17,0,3,90,0.85,1,0,0.15,1,0.85,0.918918918919,0.906962317388,0.85,0.85,4,7,0,0,0,0
3127,WLNM_dir_neg,0.908163265306,0.595009157509,00:00:00,10,70,48,1177447097,threshold_sweep,0.4,1,0.571428571429,0.727272727273,4,0,3,14,0.571428571429,1,0,0.428571428571,1,0.571428571429,0.727272727273,0.857142857143,0.603174603175,0.64,0.68599434057,0.571428571429,20,13,7,0,20,0,13,0,7,11,20,0.181818181818,3.04338842975,3.63636363636,2,2.5,1.68954001271,0.464623503495,0.245454545455,1.16774841624,0.642261628933,0.336363636364,1.94000937205,1.06700515463,0.536363636364,1.05689877454,0.347276990411,3.54545454545,3.04338842975,1.05689877454,3.54545454545,0.499047619048,0.4,8,0.0484848484848,0.255555555556,11,11,11,1,0,0.0909090909091,0.636363636364,0.272727272727,11,0.118181818182,3.72727272727,2.36363636364,1.3,1.625,1.43336856898,0.6064251638,0.286713286713,0.603022689156,0.510249967747,0.237762237762,1.40129809949,1.18571377649,0.503496503497,2.05382127221,0.551025219373,7,3.72727272727,2.05382127221,7,0,0,0,0,0.22962962963,11,11,11,1,0,0.0909090909091,0.636363636364,0.272727272727,11,17,0.154545454545,3.17727272727,3.09090909091,1.7,2.125,1.30034960334,0.420701342257,0.208556149733,0.820199532265,0.530717344407,0.267379679144,1.57249078621,1.01749403814,0.513368983957,1.2536673475,0.394573414091,4.4,3.17727272727,1.2536673475,4.4,0.213333333333,0.153846153846,2,0.0121212121212,0.205555555556,11,11,11,1,0,0.0909090909091,0.636363636364,0.272727272727,-3,-0.0272727272727,0.133884297521,-0.545454545455,-0.3,-0.375,-0.389190409368,-0.0439221612377,-0.0368983957219,-0.347548883978,-0.111544284527,-0.0689839572193,-0.367518585835,-0.0495111164884,-0.0229946524064,0.196768572961,0.0472964236795,0.854545454545,0.133884297521,0.196768572961,0.854545454545,-0.285714285714,-0.246153846154,-6,-0.0363636363636,-0.05,0,0,0,17,0,3,90,0.85,1,0,0.15,1,0.85,0.918918918919,0.906962317388,0.85,0.85,4,7,0,0,0,0
3128,WLNM_dir_neg,0.908163265306,0.595009157509,00:00:00,10,70,48,1177447097,threshold_sweep,0.5,1,0.571428571429,0.727272727273,4,0,3,14,0.571428571429,1,0,0.428571428571,1,0.571428571429,0.727272727273,0.857142857143,0.603174603175,0.64,0.68599434057,0.571428571429,20,13,7,0,20,0,13,0,7,11,20,0.181818181818,3.04338842975,3.63636363636,2,2.5,1.68954001271,0.464623503495,0.245454545455,1.16774841624,0.642261628933,0.336363636364,1.94000937205,1.06700515463,0.536363636364,1.05689877454,0.347276990411,3.54545454545,3.04338842975,1.05689877454,3.54545454545,0.499047619048,0.4,8,0.0484848484848,0.255555555556,11,11,11,1,0,0.0909090909091,0.636363636364,0.272727272727,11,0.118181818182,3.72727272727,2.36363636364,1.3,1.625,1.43336856898,0.6064251638,0.286713286713,0.603022689156,0.510249967747,0.237762237762,1.40129809949,1.18571377649,0.503496503497,2.05382127221,0.551025219373,7,3.72727272727,2.05382127221,7,0,0,0,0,0.22962962963,11,11,11,1,0,0.0909090909091,0.636363636364,0.272727272727,11,17,0.154545454545,3.17727272727,3.09090909091,1.7,2.125,1.30034960334,0.420701342257,0.208556149733,0.820199532265,0.530717344407,0.267379679144,1.57249078621,1.01749403814,0.513368983957,1.2536673475,0.394573414091,4.4,3.17727272727,1.2536673475,4.4,0.213333333333,0.153846153846,2,0.0121212121212,0.205555555556,11,11,11,1,0,0.0909090909091,0.636363636364,0.272727272727,-3,-0.0272727272727,0.133884297521,-0.545454545455,-0.3,-0.375,-0.389190409368,-0.0439221612377,-0.0368983957219,-0.347548883978,-0.111544284527,-0.0689839572193,-0.367518585835,-0.0495111164884,-0.0229946524064,0.196768572961,0.0472964236795,0.854545454545,0.133884297521,0.196768572961,0.854545454545,-0.285714285714,-0.246153846154,-6,-0.0363636363636,-0.05,0,0,0,17,0,3,90,0.85,1,0,0.15,1,0.85,0.918918918919,0.906962317388,0.85,0.85,4,7,0,0,0,0
3129,WLNM_dir_neg,0.908163265306,0.595009157509,00:00:00,10,70,48,1177447097,threshold_sweep,0.6,1,0.571428571429,0.727272727273,4,0,3,14,0.571428571429,1,0,0.428571428571,1,0.571428571429,0.727272727273,0.857142857143,0.603174603175,0.64,0.68599434057,0.571428571429,20,13,7,0,20,0,13,0,7,11,20,0.181818181818,3.04338842975,3.63636363636,2,2.5,1.68954001271,0.464623503495,0.245454545455,1.16774841624,0.642261628933,0.336363636364,1.94000937205,1.06700515463,0.536363636364,1.05689877454,0.347276990411,3.54545454545,3.04338842975,1.05689877454,3.54545454545,0.499047619048,0.4,8,0.0484848484848,0.255555555556,11,11,11,1,0,0.0909090909091,0.636363636364,0.272727272727,11,0.118181818182,3.72727272727,2.36363636364,1.3,1.625,1.43336856898,0.6064251638,0.286713286713,0.603022689156,0.510249967747,0.237762237762,1.40129809949,1.18571377649,0.503496503497,2.05382127221,0.551025219373,7,3.72727272727,2.05382127221,7,0,0,0,0,0.22962962963,11,11,11,1,0,0.0909090909091,0.636363636364,0.272727272727,11,17,0.154545454545,3.17727272727,3.09090909091,1.7,2.125,1.30034960334,0.420701342257,0.208556149733,0.820199532265,0.530717344407,0.267379679144,1.57249078621,1.01749403814,0.513368983957,1.2536673475,0.394573414091,4.4,3.17727272727,1.2536673475,4.4,0.213333333333,0.153846153846,2,0.0121212121212,0.205555555556,11,11,11,1,0,0.0909090909091,0.636363636364,0.272727272727,-3,-0.0272727272727,0.133884297521,-0.545454545455,-0.3,-0.375,-0.389190409368,-0.0439221612377,-0.0368983957219,-0.347548883978,-0.111544284527,-0.0689839572193,-0.367518585835,-0.0495111164884,-0.0229946524064,0.196768572961,0.0472964236795,0.854545454545,0.133884297521,0.196768572961,0.854545454545,-0.285714285714,-0.246153846154,-6,-0.0363636363636,-0.05,0,0,0,17,0,3,90,0.85,1,0,0.15,1,0.85,0.918918918919,0.906962317388,0.85,0.85,4,7,0,0,0,0
3130,WLNM_dir_neg,0.908163265306,0.595009157509,00:00:00,10,70,48,1177447097,threshold_sweep,0.7,1,0.571428571429,0.727272727273,4,0,3,14,0.571428571429,1,0,0.428571428571,1,0.571428571429,0.727272727273,0.857142857143,0.603174603175,0.64,0.68599434057,0.571428571429,20,13,7,0,20,0,13,0,7,11,20,0.181818181818,3.04338842975,3.63636363636,2,2.5,1.68954001271,0.464623503495,0.245454545455,1.16774841624,0.642261628933,0.336363636364,1.94000937205,1.06700515463,0.536363636364,1.05689877454,0.347276990411,3.54545454545,3.04338842975,1.05689877454,3.54545454545,0.499047619048,0.4,8,0.0484848484848,0.255555555556,11,11,11,1,0,0.0909090909091,0.636363636364,0.272727272727,11,0.118181818182,3.72727272727,2.36363636364,1.3,1.625,1.43336856898,0.6064251638,0.286713286713,0.603022689156,0.510249967747,0.237762237762,1.40129809949,1.18571377649,0.503496503497,2.05382127221,0.551025219373,7,3.72727272727,2.05382127221,7,0,0,0,0,0.22962962963,11,11,11,1,0,0.0909090909091,0.636363636364,0.272727272727,11,17,0.154545454545,3.17727272727,3.09090909091,1.7,2.125,1.30034960334,0.420701342257,0.208556149733,0.820199532265,0.530717344407,0.267379679144,1.57249078621,1.01749403814,0.513368983957,1.2536673475,0.394573414091,4.4,3.17727272727,1.2536673475,4.4,0.213333333333,0.153846153846,2,0.0121212121212,0.205555555556,11,11,11,1,0,0.0909090909091,0.636363636364,0.272727272727,-3,-0.0272727272727,0.133884297521,-0.545454545455,-0.3,-0.375,-0.389190409368,-0.0439221612377,-0.0368983957219,-0.347548883978,-0.111544284527,-0.0689839572193,-0.367518585835,-0.0495111164884,-0.0229946524064,0.196768572961,0.0472964236795,0.854545454545,0.133884297521,0.196768572961,0.854545454545,-0.285714285714,-0.246153846154,-6,-0.0363636363636,-0.05,0,0,0,17,0,3,90,0.85,1,0,0.15,1,0.85,0.918918918919,0.906962317388,0.85,0.85,4,7,0,0,0,0
3131,WLNM_dir_neg,0.908163265306,0.595009157509,00:00:00,10,70,48,1177447097,threshold_sweep,0.8,1,0.571428571429,0.727272727273,4,0,3,14,0.571428571429,1,0,0.428571428571,1,0.571428571429,0.727272727273,0.857142857143,0.603174603175,0.64,0.68599434057,0.571428571429,20,13,7,0,20,0,13,0,7,11,20,0.181818181818,3.04338842975,3.63636363636,2,2.5,1.68954001271,0.464623503495,0.245454545455,1.16774841624,0.642261628933,0.336363636364,1.94000937205,1.06700515463,0.536363636364,1.05689877454,0.347276990411,3.54545454545,3.04338842975,1.05689877454,3.54545454545,0.499047619048,0.4,8,0.0484848484848,0.255555555556,11,11,11,1,0,0.0909090909091,0.636363636364,0.272727272727,11,0.118181818182,3.72727272727,2.36363636364,1.3,1.625,1.43336856898,0.6064251638,0.286713286713,0.603022689156,0.510249967747,0.237762237762,1.40129809949,1.18571377649,0.503496503497,2.05382127221,0.551025219373,7,3.72727272727,2.05382127221,7,0,0,0,0,0.22962962963,11,11,11,1,0,0.0909090909091,0.636363636364,0.272727272727,11,17,0.154545454545,3.17727272727,3.09090909091,1.7,2.125,1.30034960334,0.420701342257,0.208556149733,0.820199532265,0.530717344407,0.267379679144,1.57249078621,1.01749403814,0.513368983957,1.2536673475,0.394573414091,4.4,3.17727272727,1.2536673475,4.4,0.213333333333,0.153846153846,2,0.0121212121212,0.205555555556,11,11,11,1,0,0.0909090909091,0.636363636364,0.272727272727,-3,-0.0272727272727,0.133884297521,-0.545454545455,-0.3,-0.375,-0.389190409368,-0.0439221612377,-0.0368983957219,-0.347548883978,-0.111544284527,-0.0689839572193,-0.367518585835,-0.0495111164884,-0.0229946524064,0.196768572961,0.0472964236795,0.854545454545,0.133884297521,0.196768572961,0.854545454545,-0.285714285714,-0.246153846154,-6,-0.0363636363636,-0.05,0,0,0,17,0,3,90,0.85,1,0,0.15,1,0.85,0.918918918919,0.906962317388,0.85,0.85,4,7,0,0,0,0
3132,WLNM_dir_neg,0.908163265306,0.595009157509,00:00:00,10,70,48,1177447097,threshold_sweep,0.9,1,0.571428571429,0.727272727273,4,0,3,14,0.571428571429,1,0,0.428571428571,1,0.571428571429,0.727272727273,0.857142857143,0.603174603175,0.64,0.68599434057,0.571428571429,20,13,7,0,20,0,13,0,7,11,20,0.181818181818,3.04338842975,3.63636363636,2,2.5,1.68954001271,0.464623503495,0.245454545455,1.16774841624,0.642261628933,0.336363636364,1.94000937205,1.06700515463,0.536363636364,1.05689877454,0.347276990411,3.54545454545,3.04338842975,1.05689877454,3.54545454545,0.499047619048,0.4,8,0.0484848484848,0.255555555556,11,11,11,1,0,0.0909090909091,0.636363636364,0.272727272727,11,0.118181818182,3.72727272727,2.36363636364,1.3,1.625,1.43336856898,0.6064251638,0.286713286713,0.603022689156,0.510249967747,0.237762237762,1.40129809949,1.18571377649,0.503496503497,2.05382127221,0.551025219373,7,3.72727272727,2.05382127221,7,0,0,0,0,0.22962962963,11,11,11,1,0,0.0909090909091,0.636363636364,0.272727272727,11,17,0.154545454545,3.17727272727,3.09090909091,1.7,2.125,1.30034960334,0.420701342257,0.208556149733,0.820199532265,0.530717344407,0.267379679144,1.57249078621,1.01749403814,0.513368983957,1.2536673475,0.394573414091,4.4,3.17727272727,1.2536673475,4.4,0.213333333333,0.153846153846,2,0.0121212121212,0.205555555556,11,11,11,1,0,0.0909090909091,0.636363636364,0.272727272727,-3,-0.0272727272727,0.133884297521,-0.545454545455,-0.3,-0.375,-0.389190409368,-0.0439221612377,-0.0368983957219,-0.347548883978,-0.111544284527,-0.0689839572193,-0.367518585835,-0.0495111164884,-0.0229946524064,0.196768572961,0.0472964236795,0.854545454545,0.133884297521,0.196768572961,0.854545454545,-0.285714285714,-0.246153846154,-6,-0.0363636363636,-0.05,0,0,0,17,0,3,90,0.85,1,0,0.15,1,0.85,0.918918918919,0.906962317388,0.85,0.85,4,7,0,0,0,0
3133,WLNM_dir_neg,0.857142857143,0.417124542125,00:00:00,10,70,49,1177447098,threshold_sweep,0.1,1,0.714285714286,0.833333333333,5,0,2,14,0.714285714286,1,0,0.285714285714,1,0.714285714286,0.833333333333,0.904761904762,0.587301587302,0.769230769231,0.790569415042,0.714285714286,20,13,7,0,20,0,13,0,7,11,20,0.181818181818,3.04338842975,3.63636363636,2,2.5,1.68954001271,0.464623503495,0.245454545455,1.16774841624,0.642261628933,0.336363636364,1.94000937205,1.06700515463,0.536363636364,1.05689877454,0.347276990411,3.54545454545,3.04338842975,1.05689877454,3.54545454545,0.499047619048,0.4,8,0.0484848484848,0.255555555556,11,11,11,1,0,0.0909090909091,0.636363636364,0.272727272727,11,0.118181818182,3.72727272727,2.36363636364,1.3,1.625,1.43336856898,0.6064251638,0.286713286713,0.603022689156,0.510249967747,0.237762237762,1.40129809949,1.18571377649,0.503496503497,2.05382127221,0.551025219373,7,3.72727272727,2.05382127221,7,0,0,0,0,0.22962962963,11,11,11,1,0,0.0909090909091,0.636363636364,0.272727272727,11,18,0.163636363636,3.11363636364,3.27272727273,1.8,2.25,1.42062726223,0.434080552347,0.227272727273,0.924416277737,0.564921058617,0.292929292929,1.68954001271,1.03249667443,0.525252525253,1.14353419474,0.367266456706,3.875,3.11363636364,1.14353419474,3.875,0.366666666667,0.266666666667,4,0.0242424242424,0.221111111111,11,11,11,1,0,0.0909090909091,0.636363636364,0.272727272727,-2,-0.0181818181818,0.0702479338843,-0.363636363636,-0.2,-0.25,-0.268912750482,-0.030542951148,-0.0181818181818,-0.243332138505,-0.0773405703161,-0.0434343434343,-0.250469359339,-0.0345084801933,-0.0111111111111,0.0866354202056,0.0199894662943,0.329545454545,0.0702479338843,0.0866354202056,0.329545454545,-0.132380952381,-0.133333333333,-4,-0.0242424242424,-0.0344444444444,0,0,0,18,0,2,90,0.9,1,0,0.1,1,0.9,0.947368421053,0.938314863257,0.9,0.9,5,7,0,0,0,0
3134,WLNM_dir_neg,0.857142857143,0.417124542125,00:00:00,10,70,49,1177447098,threshold_sweep,0.2,1,0.714285714286,0.833333333333,5,0,2,14,0.714285714286,1,0,0.285714285714,1,0.714285714286,0.833333333333,0.904761904762,0.587301587302,0.769230769231,0.790569415042,0.714285714286,20,13,7,0,20,0,13,0,7,11,20,0.181818181818,3.04338842975,3.63636363636,2,2.5,1.68954001271,0.464623503495,0.245454545455,1.16774841624,0.642261628933,0.336363636364,1.94000937205,1.06700515463,0.536363636364,1.05689877454,0.347276990411,3.54545454545,3.04338842975,1.05689877454,3.54545454545,0.499047619048,0.4,8,0.0484848484848,0.255555555556,11,11,11,1,0,0.0909090909091,0.636363636364,0.272727272727,11,0.118181818182,3.72727272727,2.36363636364,1.3,1.625,1.43336856898,0.6064251638,0.286713286713,0.603022689156,0.510249967747,0.237762237762,1.40129809949,1.18571377649,0.503496503497,2.05382127221,0.551025219373,7,3.72727272727,2.05382127221,7,0,0,0,0,0.22962962963,11,11,11,1,0,0.0909090909091,0.636363636364,0.272727272727,11,18,0.163636363636,3.11363636364,3.27272727273,1.8,2.25,1.42062726223,0.434080552347,0.227272727273,0.924416277737,0.564921058617,0.292929292929,1.68954001271,1.03249667443,0.525252525253,1.14353419474,0.367266456706,3.875,3.11363636364,1.14353419474,3.875,0.366666666667,0.266666666667,4,0.0242424242424,0.221111111111,11,11,11,1,0,0.0909090909091,0.636363636364,0.272727272727,-2,-0.0181818181818,0.0702479338843,-0.363636363636,-0.2,-0.25,-0.268912750482,-0.030542951148,-0.0181818181818,-0.243332138505,-0.0773405703161,-0.0434343434343,-0.250469359339,-0.0345084801933,-0.0111111111111,0.0866354202056,0.0199894662943,0.329545454545,0.0702479338843,0.0866354202056,0.329545454545,-0.132380952381,-0.133333333333,-4,-0.0242424242424,-0.0344444444444,0,0,0,18,0,2,90,0.9,1,0,0.1,1,0.9,0.947368421053,0.938314863257,0.9,0.9,5,7,0,0,0,0
3135,WLNM_dir_neg,0.857142857143,0.417124542125,00:00:00,10,70,49,1177447098,threshold_sweep,0.3,1,0.714285714286,0.833333333333,5,0,2,14,0.714285714286,1,0,0.285714285714,1,0.714285714286,0.833333333333,0.904761904762,0.587301587302,0.769230769231,0.790569415042,0.714285714286,20,13,7,0,20,0,13,0,7,11,20,0.181818181818,3.04338842975,3.63636363636,2,2.5,1.68954001271,0.464623503495,0.245454545455,1.16774841624,0.642261628933,0.336363636364,1.94000937205,1.06700515463,0.536363636364,1.05689877454,0.347276990411,3.54545454545,3.04338842975,1.05689877454,3.54545454545,0.499047619048,0.4,8,0.0484848484848,0.255555555556,11,11,11,1,0,0.0909090909091,0.636363636364,0.272727272727,11,0.118181818182,3.72727272727,2.36363636364,1.3,1.625,1.43336856898,0.6064251638,0.286713286713,0.603022689156,0.510249967747,0.237762237762,1.40129809949,1.18571377649,0.503496503497,2.05382127221,0.551025219373,7,3.72727272727,2.05382127221,7,0,0,0,0,0.22962962963,11,11,11,1,0,0.0909090909091,0.636363636364,0.272727272727,11,18,0.163636363636,3.11363636364,3.27272727273,1.8,2.25,1.42062726223,0.434080552347,0.227272727273,0.924416277737,0.564921058617,0.292929292929,1.68954001271,1.03249667443,0.525252525253,1.14353419474,0.367266456706,3.875,3.11363636364,1.14353419474,3.875,0.366666666667,0.266666666667,4,0.0242424242424,0.221111111111,11,11,11,1,0,0.0909090909091,0.636363636364,0.272727272727,-2,-0.0181818181818,0.0702479338843,-0.363636363636,-0.2,-0.25,-0.268912750482,-0.030542951148,-0.0181818181818,-0.243332138505,-0.0773405703161,-0.0434343434343,-0.250469359339,-0.0345084801933,-0.0111111111111,0.0866354202056,0.0199894662943,0.329545454545,0.0702479338843,0.0866354202056,0.329545454545,-0.132380952381,-0.133333333333,-4,-0.0242424242424,-0.0344444444444,0,0,0,18,0,2,90,0.9,1,0,0.1,1,0.9,0.947368421053,0.938314863257,0.9,0.9,5,7,0,0,0,0
3136,WLNM_dir_neg,0.857142857143,0.417124542125,00:00:00,10,70,49,1177447098,threshold_sweep,0.4,1,0.714285714286,0.833333333333,5,0,2,14,0.714285714286,1,0,0.285714285714,1,0.714285714286,0.833333333333,0.904761904762,0.587301587302,0.769230769231,0.790569415042,0.714285714286,20,13,7,0,20,0,13,0,7,11,20,0.181818181818,3.04338842975,3.63636363636,2,2.5,1.68954001271,0.464623503495,0.245454545455,1.16774841624,0.642261628933,0.336363636364,1.94000937205,1.06700515463,0.536363636364,1.05689877454,0.347276990411,3.54545454545,3.04338842975,1.05689877454,3.54545454545,0.499047619048,0.4,8,0.0484848484848,0.255555555556,11,11,11,1,0,0.0909090909091,0.636363636364,0.272727272727,11,0.118181818182,3.72727272727,2.36363636364,1.3,1.625,1.43336856898,0.6064251638,0.286713286713,0.603022689156,0.510249967747,0.237762237762,1.40129809949,1.18571377649,0.503496503497,2.05382127221,0.551025219373,7,3.72727272727,2.05382127221,7,0,0,0,0,0.22962962963,11,11,11,1,0,0.0909090909091,0.636363636364,0.272727272727,11,18,0.163636363636,3.11363636364,3.27272727273,1.8,2.25,1.42062726223,0.434080552347,0.227272727273,0.924416277737,0.564921058617,0.292929292929,1.68954001271,1.03249667443,0.525252525253,1.14353419474,0.367266456706,3.875,3.11363636364,1.14353419474,3.875,0.366666666667,0.266666666667,4,0.0242424242424,0.221111111111,11,11,11,1,0,0.0909090909091,0.636363636364,0.272727272727,-2,-0.0181818181818,0.0702479338843,-0.363636363636,-0.2,-0.25,-0.268912750482,-0.030542951148,-0.0181818181818,-0.243332138505,-0.0773405703161,-0.0434343434343,-0.250469359339,-0.0345084801933,-0.0111111111111,0.0866354202056,0.0199894662943,0.329545454545,0.0702479338843,0.0866354202056,0.329545454545,-0.132380952381,-0.133333333333,-4,-0.0242424242424,-0.0344444444444,0,0,0,18,0,2,90,0.9,1,0,0.1,1,0.9,0.947368421053,0.938314863257,0.9,0.9,5,7,0,0,0,0
3137,WLNM_dir_neg,0.857142857143,0.417124542125,00:00:00,10,70,49,1177447098,threshold_sweep,0.5,1,0.714285714286,0.833333333333,5,0,2,14,0.714285714286,1,0,0.285714285714,1,0.714285714286,0.833333333333,0.904761904762,0.587301587302,0.769230769231,0.790569415042,0.714285714286,20,13,7,0,20,0,13,0,7,11,20,0.181818181818,3.04338842975,3.63636363636,2,2.5,1.68954001271,0.464623503495,0.245454545455,1.16774841624,0.642261628933,0.336363636364,1.94000937205,1.06700515463,0.536363636364,1.05689877454,0.347276990411,3.54545454545,3.04338842975,1.05689877454,3.54545454545,0.499047619048,0.4,8,0.0484848484848,0.255555555556,11,11,11,1,0,0.0909090909091,0.636363636364,0.272727272727,11,0.118181818182,3.72727272727,2.36363636364,1.3,1.625,1.43336856898,0.6064251638,0.286713286713,0.603022689156,0.510249967747,0.237762237762,1.40129809949,1.18571377649,0.503496503497,2.05382127221,0.551025219373,7,3.72727272727,2.05382127221,7,0,0,0,0,0.22962962963,11,11,11,1,0,0.0909090909091,0.636363636364,0.272727272727,11,18,0.163636363636,3.11363636364,3.27272727273,1.8,2.25,1.42062726223,0.434080552347,0.227272727273,0.924416277737,0.564921058617,0.292929292929,1.68954001271,1.03249667443,0.525252525253,1.14353419474,0.367266456706,3.875,3.11363636364,1.14353419474,3.875,0.366666666667,0.266666666667,4,0.0242424242424,0.221111111111,11,11,11,1,0,0.0909090909091,0.636363636364,0.272727272727,-2,-0.0181818181818,0.0702479338843,-0.363636363636,-0.2,-0.25,-0.268912750482,-0.030542951148,-0.0181818181818,-0.243332138505,-0.0773405703161,-0.0434343434343,-0.250469359339,-0.0345084801933,-0.0111111111111,0.0866354202056,0.0199894662943,0.329545454545,0.0702479338843,0.0866354202056,0.329545454545,-0.132380952381,-0.133333333333,-4,-0.0242424242424,-0.0344444444444,0,0,0,18,0,2,90,0.9,1,0,0.1,1,0.9,0.947368421053,0.938314863257,0.9,0.9,5,7,0,0,0,0
3138,WLNM_dir_neg,0.857142857143,0.417124542125,00:00:00,10,70,49,1177447098,threshold_sweep,0.6,1,0.714285714286,0.833333333333,5,0,2,14,0.714285714286,1,0,0.285714285714,1,0.714285714286,0.833333333333,0.904761904762,0.587301587302,0.769230769231,0.790569415042,0.714285714286,20,13,7,0,20,0,13,0,7,11,20,0.181818181818,3.04338842975,3.63636363636,2,2.5,1.68954001271,0.464623503495,0.245454545455,1.16774841624,0.642261628933,0.336363636364,1.94000937205,1.06700515463,0.536363636364,1.05689877454,0.347276990411,3.54545454545,3.04338842975,1.05689877454,3.54545454545,0.499047619048,0.4,8,0.0484848484848,0.255555555556,11,11,11,1,0,0.0909090909091,0.636363636364,0.272727272727,11,0.118181818182,3.72727272727,2.36363636364,1.3,1.625,1.43336856898,0.6064251638,0.286713286713,0.603022689156,0.510249967747,0.237762237762,1.40129809949,1.18571377649,0.503496503497,2.05382127221,0.551025219373,7,3.72727272727,2.05382127221,7,0,0,0,0,0.22962962963,11,11,11,1,0,0.0909090909091,0.636363636364,0.272727272727,11,18,0.163636363636,3.11363636364,3.27272727273,1.8,2.25,1.42062726223,0.434080552347,0.227272727273,0.924416277737,0.564921058617,0.292929292929,1.68954001271,1.03249667443,0.525252525253,1.14353419474,0.367266456706,3.875,3.11363636364,1.14353419474,3.875,0.366666666667,0.266666666667,4,0.0242424242424,0.221111111111,11,11,11,1,0,0.0909090909091,0.636363636364,0.272727272727,-2,-0.0181818181818,0.0702479338843,-0.363636363636,-0.2,-0.25,-0.268912750482,-0.030542951148,-0.0181818181818,-0.243332138505,-0.0773405703161,-0.0434343434343,-0.250469359339,-0.0345084801933,-0.0111111111111,0.0866354202056,0.0199894662943,0.329545454545,0.0702479338843,0.0866354202056,0.329545454545,-0.132380952381,-0.133333333333,-4,-0.0242424242424,-0.0344444444444,0,0,0,18,0,2,90,0.9,1,0,0.1,1,0.9,0.947368421053,0.938314863257,0.9,0.9,5,7,0,0,0,0
3139,WLNM_dir_neg,0.857142857143,0.417124542125,00:00:00,10,70,49,1177447098,threshold_sweep,0.7,1,0.714285714286,0.833333333333,5,0,2,14,0.714285714286,1,0,0.285714285714,1,0.714285714286,0.833333333333,0.904761904762,0.587301587302,0.769230769231,0.790569415042,0.714285714286,20,13,7,0,20,0,13,0,7,11,20,0.181818181818,3.04338842975,3.63636363636,2,2.5,1.68954001271,0.464623503495,0.245454545455,1.16774841624,0.642261628933,0.336363636364,1.94000937205,1.06700515463,0.536363636364,1.05689877454,0.347276990411,3.54545454545,3.04338842975,1.05689877454,3.54545454545,0.499047619048,0.4,8,0.0484848484848,0.255555555556,11,11,11,1,0,0.0909090909091,0.636363636364,0.272727272727,11,0.118181818182,3.72727272727,2.36363636364,1.3,1.625,1.43336856898,0.6064251638,0.286713286713,0.603022689156,0.510249967747,0.237762237762,1.40129809949,1.18571377649,0.503496503497,2.05382127221,0.551025219373,7,3.72727272727,2.05382127221,7,0,0,0,0,0.22962962963,11,11,11,1,0,0.0909090909091,0.636363636364,0.272727272727,11,18,0.163636363636,3.11363636364,3.27272727273,1.8,2.25,1.42062726223,0.434080552347,0.227272727273,0.924416277737,0.564921058617,0.292929292929,1.68954001271,1.03249667443,0.525252525253,1.14353419474,0.367266456706,3.875,3.11363636364,1.14353419474,3.875,0.366666666667,0.266666666667,4,0.0242424242424,0.221111111111,11,11,11,1,0,0.0909090909091,0.636363636364,0.272727272727,-2,-0.0181818181818,0.0702479338843,-0.363636363636,-0.2,-0.25,-0.268912750482,-0.030542951148,-0.0181818181818,-0.243332138505,-0.0773405703161,-0.0434343434343,-0.250469359339,-0.0345084801933,-0.0111111111111,0.0866354202056,0.0199894662943,0.329545454545,0.0702479338843,0.0866354202056,0.329545454545,-0.132380952381,-0.133333333333,-4,-0.0242424242424,-0.0344444444444,0,0,0,18,0,2,90,0.9,1,0,0.1,1,0.9,0.947368421053,0.938314863257,0.9,0.9,5,7,0,0,0,0
3140,WLNM_dir_neg,0.857142857143,0.417124542125,00:00:00,10,70,49,1177447098,threshold_sweep,0.8,1,0.714285714286,0.833333333333,5,0,2,14,0.714285714286,1,0,0.285714285714,1,0.714285714286,0.833333333333,0.904761904762,0.587301587302,0.769230769231,0.790569415042,0.714285714286,20,13,7,0,20,0,13,0,7,11,20,0.181818181818,3.04338842975,3.63636363636,2,2.5,1.68954001271,0.464623503495,0.245454545455,1.16774841624,0.642261628933,0.336363636364,1.94000937205,1.06700515463,0.536363636364,1.05689877454,0.347276990411,3.54545454545,3.04338842975,1.05689877454,3.54545454545,0.499047619048,0.4,8,0.0484848484848,0.255555555556,11,11,11,1,0,0.0909090909091,0.636363636364,0.272727272727,11,0.118181818182,3.72727272727,2.36363636364,1.3,1.625,1.43336856898,0.6064251638,0.286713286713,0.603022689156,0.510249967747,0.237762237762,1.40129809949,1.18571377649,0.503496503497,2.05382127221,0.551025219373,7,3.72727272727,2.05382127221,7,0,0,0,0,0.22962962963,11,11,11,1,0,0.0909090909091,0.636363636364,0.272727272727,11,18,0.163636363636,3.11363636364,3.27272727273,1.8,2.25,1.42062726223,0.434080552347,0.227272727273,0.924416277737,0.564921058617,0.292929292929,1.68954001271,1.03249667443,0.525252525253,1.14353419474,0.367266456706,3.875,3.11363636364,1.14353419474,3.875,0.366666666667,0.266666666667,4,0.0242424242424,0.221111111111,11,11,11,1,0,0.0909090909091,0.636363636364,0.272727272727,-2,-0.0181818181818,0.0702479338843,-0.363636363636,-0.2,-0.25,-0.268912750482,-0.030542951148,-0.0181818181818,-0.243332138505,-0.0773405703161,-0.0434343434343,-0.250469359339,-0.0345084801933,-0.0111111111111,0.0866354202056,0.0199894662943,0.329545454545,0.0702479338843,0.0866354202056,0.329545454545,-0.132380952381,-0.133333333333,-4,-0.0242424242424,-0.0344444444444,0,0,0,18,0,2,90,0.9,1,0,0.1,1,0.9,0.947368421053,0.938314863257,0.9,0.9,5,7,0,0,0,0
3141,WLNM_dir_neg,0.857142857143,0.417124542125,00:00:00,10,70,49,1177447098,threshold_sweep,0.9,1,0.714285714286,0.833333333333,5,0,2,14,0.714285714286,1,0,0.285714285714,1,0.714285714286,0.833333333333,0.904761904762,0.587301587302,0.769230769231,0.790569415042,0.714285714286,20,13,7,0,20,0,13,0,7,11,20,0.181818181818,3.04338842975,3.63636363636,2,2.5,1.68954001271,0.464623503495,0.245454545455,1.16774841624,0.642261628933,0.336363636364,1.94000937205,1.06700515463,0.536363636364,1.05689877454,0.347276990411,3.54545454545,3.04338842975,1.05689877454,3.54545454545,0.499047619048,0.4,8,0.0484848484848,0.255555555556,11,11,11,1,0,0.0909090909091,0.636363636364,0.272727272727,11,0.118181818182,3.72727272727,2.36363636364,1.3,1.625,1.43336856898,0.6064251638,0.286713286713,0.603022689156,0.510249967747,0.237762237762,1.40129809949,1.18571377649,0.503496503497,2.05382127221,0.551025219373,7,3.72727272727,2.05382127221,7,0,0,0,0,0.22962962963,11,11,11,1,0,0.0909090909091,0.636363636364,0.272727272727,11,18,0.163636363636,3.11363636364,3.27272727273,1.8,2.25,1.42062726223,0.434080552347,0.227272727273,0.924416277737,0.564921058617,0.292929292929,1.68954001271,1.03249667443,0.525252525253,1.14353419474,0.367266456706,3.875,3.11363636364,1.14353419474,3.875,0.366666666667,0.266666666667,4,0.0242424242424,0.221111111111,11,11,11,1,0,0.0909090909091,0.636363636364,0.272727272727,-2,-0.0181818181818,0.0702479338843,-0.363636363636,-0.2,-0.25,-0.268912750482,-0.030542951148,-0.0181818181818,-0.243332138505,-0.0773405703161,-0.0434343434343,-0.250469359339,-0.0345084801933,-0.0111111111111,0.0866354202056,0.0199894662943,0.329545454545,0.0702479338843,0.0866354202056,0.329545454545,-0.132380952381,-0.133333333333,-4,-0.0242424242424,-0.0344444444444,0,0,0,18,0,2,90,0.9,1,0,0.1,1,0.9,0.947368421053,0.938314863257,0.9,0.9,5,7,0,0,0,0
3142,WLNM_dir_neg,0.857142857143,0.559981684982,00:00:00,10,70,50,1177447099,threshold_sweep,0.1,1,0.714285714286,0.833333333333,5,0,2,14,0.714285714286,1,0,0.285714285714,1,0.714285714286,0.833333333333,0.904761904762,0.587301587302,0.769230769231,0.790569415042,0.714285714286,20,13,7,0,20,0,13,0,7,11,20,0.181818181818,3.04338842975,3.63636363636,2,2.5,1.68954001271,0.464623503495,0.245454545455,1.16774841624,0.642261628933,0.336363636364,1.94000937205,1.06700515463,0.536363636364,1.05689877454,0.347276990411,3.54545454545,3.04338842975,1.05689877454,3.54545454545,0.499047619048,0.4,8,0.0484848484848,0.255555555556,11,11,11,1,0,0.0909090909091,0.636363636364,0.272727272727,11,0.118181818182,3.72727272727,2.36363636364,1.3,1.625,1.43336856898,0.6064251638,0.286713286713,0.603022689156,0.510249967747,0.237762237762,1.40129809949,1.18571377649,0.503496503497,2.05382127221,0.551025219373,7,3.72727272727,2.05382127221,7,0,0,0,0,0.22962962963,11,11,11,1,0,0.0909090909091,0.636363636364,0.272727272727,11,18,0.163636363636,3.11363636364,3.27272727273,1.8,2.25,1.42062726223,0.434080552347,0.227272727273,0.924416277737,0.564921058617,0.292929292929,1.68954001271,1.03249667443,0.525252525253,1.14353419474,0.367266456706,3.875,3.11363636364,1.14353419474,3.875,0.366666666667,0.266666666667,4,0.0242424242424,0.221111111111,11,11,11,1,0,0.0909090909091,0.636363636364,0.272727272727,-2,-0.0181818181818,0.0702479338843,-0.363636363636,-0.2,-0.25,-0.268912750482,-0.030542951148,-0.0181818181818,-0.243332138505,-0.0773405703161,-0.0434343434343,-0.250469359339,-0.0345084801933,-0.0111111111111,0.0866354202056,0.0199894662943,0.329545454545,0.0702479338843,0.0866354202056,0.329545454545,-0.132380952381,-0.133333333333,-4,-0.0242424242424,-0.0344444444444,0,0,0,18,0,2,90,0.9,1,0,0.1,1,0.9,0.947368421053,0.938314863257,0.9,0.9,5,7,0,0,0,0
3143,WLNM_dir_neg,0.857142857143,0.559981684982,00:00:00,10,70,50,1177447099,threshold_sweep,0.2,1,0.714285714286,0.833333333333,5,0,2,14,0.714285714286,1,0,0.285714285714,1,0.714285714286,0.833333333333,0.904761904762,0.587301587302,0.769230769231,0.790569415042,0.714285714286,20,13,7,0,20,0,13,0,7,11,20,0.181818181818,3.04338842975,3.63636363636,2,2.5,1.68954001271,0.464623503495,0.245454545455,1.16774841624,0.642261628933,0.336363636364,1.94000937205,1.06700515463,0.536363636364,1.05689877454,0.347276990411,3.54545454545,3.04338842975,1.05689877454,3.54545454545,0.499047619048,0.4,8,0.0484848484848,0.255555555556,11,11,11,1,0,0.0909090909091,0.636363636364,0.272727272727,11,0.118181818182,3.72727272727,2.36363636364,1.3,1.625,1.43336856898,0.6064251638,0.286713286713,0.603022689156,0.510249967747,0.237762237762,1.40129809949,1.18571377649,0.503496503497,2.05382127221,0.551025219373,7,3.72727272727,2.05382127221,7,0,0,0,0,0.22962962963,11,11,11,1,0,0.0909090909091,0.636363636364,0.272727272727,11,18,0.163636363636,3.11363636364,3.27272727273,1.8,2.25,1.42062726223,0.434080552347,0.227272727273,0.924416277737,0.564921058617,0.292929292929,1.68954001271,1.03249667443,0.525252525253,1.14353419474,0.367266456706,3.875,3.11363636364,1.14353419474,3.875,0.366666666667,0.266666666667,4,0.0242424242424,0.221111111111,11,11,11,1,0,0.0909090909091,0.636363636364,0.272727272727,-2,-0.0181818181818,0.0702479338843,-0.363636363636,-0.2,-0.25,-0.268912750482,-0.030542951148,-0.0181818181818,-0.243332138505,-0.0773405703161,-0.0434343434343,-0.250469359339,-0.0345084801933,-0.0111111111111,0.0866354202056,0.0199894662943,0.329545454545,0.0702479338843,0.0866354202056,0.329545454545,-0.132380952381,-0.133333333333,-4,-0.0242424242424,-0.0344444444444,0,0,0,18,0,2,90,0.9,1,0,0.1,1,0.9,0.947368421053,0.938314863257,0.9,0.9,5,7,0,0,0,0
3144,WLNM_dir_neg,0.857142857143,0.559981684982,00:00:00,10,70,50,1177447099,threshold_sweep,0.3,1,0.714285714286,0.833333333333,5,0,2,14,0.714285714286,1,0,0.285714285714,1,0.714285714286,0.833333333333,0.904761904762,0.587301587302,0.769230769231,0.790569415042,0.714285714286,20,13,7,0,20,0,13,0,7,11,20,0.181818181818,3.04338842975,3.63636363636,2,2.5,1.68954001271,0.464623503495,0.245454545455,1.16774841624,0.642261628933,0.336363636364,1.94000937205,1.06700515463,0.536363636364,1.05689877454,0.347276990411,3.54545454545,3.04338842975,1.05689877454,3.54545454545,0.499047619048,0.4,8,0.0484848484848,0.255555555556,11,11,11,1,0,0.0909090909091,0.636363636364,0.272727272727,11,0.118181818182,3.72727272727,2.36363636364,1.3,1.625,1.43336856898,0.6064251638,0.286713286713,0.603022689156,0.510249967747,0.237762237762,1.40129809949,1.18571377649,0.503496503497,2.05382127221,0.551025219373,7,3.72727272727,2.05382127221,7,0,0,0,0,0.22962962963,11,11,11,1,0,0.0909090909091,0.636363636364,0.272727272727,11,18,0.163636363636,3.11363636364,3.27272727273,1.8,2.25,1.42062726223,0.434080552347,0.227272727273,0.924416277737,0.564921058617,0.292929292929,1.68954001271,1.03249667443,0.525252525253,1.14353419474,0.367266456706,3.875,3.11363636364,1.14353419474,3.875,0.366666666667,0.266666666667,4,0.0242424242424,0.221111111111,11,11,11,1,0,0.0909090909091,0.636363636364,0.272727272727,-2,-0.0181818181818,0.0702479338843,-0.363636363636,-0.2,-0.25,-0.268912750482,-0.030542951148,-0.0181818181818,-0.243332138505,-0.0773405703161,-0.0434343434343,-0.250469359339,-0.0345084801933,-0.0111111111111,0.0866354202056,0.0199894662943,0.329545454545,0.0702479338843,0.0866354202056,0.329545454545,-0.132380952381,-0.133333333333,-4,-0.0242424242424,-0.0344444444444,0,0,0,18,0,2,90,0.9,1,0,0.1,1,0.9,0.947368421053,0.938314863257,0.9,0.9,5,7,0,0,0,0
3145,WLNM_dir_neg,0.857142857143,0.559981684982,00:00:00,10,70,50,1177447099,threshold_sweep,0.4,1,0.714285714286,0.833333333333,5,0,2,14,0.714285714286,1,0,0.285714285714,1,0.714285714286,0.833333333333,0.904761904762,0.587301587302,0.769230769231,0.790569415042,0.714285714286,20,13,7,0,20,0,13,0,7,11,20,0.181818181818,3.04338842975,3.63636363636,2,2.5,1.68954001271,0.464623503495,0.245454545455,1.16774841624,0.642261628933,0.336363636364,1.94000937205,1.06700515463,0.536363636364,1.05689877454,0.347276990411,3.54545454545,3.04338842975,1.05689877454,3.54545454545,0.499047619048,0.4,8,0.0484848484848,0.255555555556,11,11,11,1,0,0.0909090909091,0.636363636364,0.272727272727,11,0.118181818182,3.72727272727,2.36363636364,1.3,1.625,1.43336856898,0.6064251638,0.286713286713,0.603022689156,0.510249967747,0.237762237762,1.40129809949,1.18571377649,0.503496503497,2.05382127221,0.551025219373,7,3.72727272727,2.05382127221,7,0,0,0,0,0.22962962963,11,11,11,1,0,0.0909090909091,0.636363636364,0.272727272727,11,18,0.163636363636,3.11363636364,3.27272727273,1.8,2.25,1.42062726223,0.434080552347,0.227272727273,0.924416277737,0.564921058617,0.292929292929,1.68954001271,1.03249667443,0.525252525253,1.14353419474,0.367266456706,3.875,3.11363636364,1.14353419474,3.875,0.366666666667,0.266666666667,4,0.0242424242424,0.221111111111,11,11,11,1,0,0.0909090909091,0.636363636364,0.272727272727,-2,-0.0181818181818,0.0702479338843,-0.363636363636,-0.2,-0.25,-0.268912750482,-0.030542951148,-0.0181818181818,-0.243332138505,-0.0773405703161,-0.0434343434343,-0.250469359339,-0.0345084801933,-0.0111111111111,0.0866354202056,0.0199894662943,0.329545454545,0.0702479338843,0.0866354202056,0.329545454545,-0.132380952381,-0.133333333333,-4,-0.0242424242424,-0.0344444444444,0,0,0,18,0,2,90,0.9,1,0,0.1,1,0.9,0.947368421053,0.938314863257,0.9,0.9,5,7,0,0,0,0
3146,WLNM_dir_neg,0.857142857143,0.559981684982,00:00:00,10,70,50,1177447099,threshold_sweep,0.5,1,0.714285714286,0.833333333333,5,0,2,14,0.714285714286,1,0,0.285714285714,1,0.714285714286,0.833333333333,0.904761904762,0.587301587302,0.769230769231,0.790569415042,0.714285714286,20,13,7,0,20,0,13,0,7,11,20,0.181818181818,3.04338842975,3.63636363636,2,2.5,1.68954001271,0.464623503495,0.245454545455,1.16774841624,0.642261628933,0.336363636364,1.94000937205,1.06700515463,0.536363636364,1.05689877454,0.347276990411,3.54545454545,3.04338842975,1.05689877454,3.54545454545,0.499047619048,0.4,8,0.0484848484848,0.255555555556,11,11,11,1,0,0.0909090909091,0.636363636364,0.272727272727,11,0.118181818182,3.72727272727,2.36363636364,1.3,1.625,1.43336856898,0.6064251638,0.286713286713,0.603022689156,0.510249967747,0.237762237762,1.40129809949,1.18571377649,0.503496503497,2.05382127221,0.551025219373,7,3.72727272727,2.05382127221,7,0,0,0,0,0.22962962963,11,11,11,1,0,0.0909090909091,0.636363636364,0.272727272727,11,18,0.163636363636,3.11363636364,3.27272727273,1.8,2.25,1.42062726223,0.434080552347,0.227272727273,0.924416277737,0.564921058617,0.292929292929,1.68954001271,1.03249667443,0.525252525253,1.14353419474,0.367266456706,3.875,3.11363636364,1.14353419474,3.875,0.366666666667,0.266666666667,4,0.0242424242424,0.221111111111,11,11,11,1,0,0.0909090909091,0.636363636364,0.272727272727,-2,-0.0181818181818,0.0702479338843,-0.363636363636,-0.2,-0.25,-0.268912750482,-0.030542951148,-0.0181818181818,-0.243332138505,-0.0773405703161,-0.0434343434343,-0.250469359339,-0.0345084801933,-0.0111111111111,0.0866354202056,0.0199894662943,0.329545454545,0.0702479338843,0.0866354202056,0.329545454545,-0.132380952381,-0.133333333333,-4,-0.0242424242424,-0.0344444444444,0,0,0,18,0,2,90,0.9,1,0,0.1,1,0.9,0.947368421053,0.938314863257,0.9,0.9,5,7,0,0,0,0
3147,WLNM_dir_neg,0.857142857143,0.559981684982,00:00:00,10,70,50,1177447099,threshold_sweep,0.6,1,0.714285714286,0.833333333333,5,0,2,14,0.714285714286,1,0,0.285714285714,1,0.714285714286,0.833333333333,0.904761904762,0.587301587302,0.769230769231,0.790569415042,0.714285714286,20,13,7,0,20,0,13,0,7,11,20,0.181818181818,3.04338842975,3.63636363636,2,2.5,1.68954001271,0.464623503495,0.245454545455,1.16774841624,0.642261628933,0.336363636364,1.94000937205,1.06700515463,0.536363636364,1.05689877454,0.347276990411,3.54545454545,3.04338842975,1.05689877454,3.54545454545,0.499047619048,0.4,8,0.0484848484848,0.255555555556,11,11,11,1,0,0.0909090909091,0.636363636364,0.272727272727,11,0.118181818182,3.72727272727,2.36363636364,1.3,1.625,1.43336856898,0.6064251638,0.286713286713,0.603022689156,0.510249967747,0.237762237762,1.40129809949,1.18571377649,0.503496503497,2.05382127221,0.551025219373,7,3.72727272727,2.05382127221,7,0,0,0,0,0.22962962963,11,11,11,1,0,0.0909090909091,0.636363636364,0.272727272727,11,18,0.163636363636,3.11363636364,3.27272727273,1.8,2.25,1.42062726223,0.434080552347,0.227272727273,0.924416277737,0.564921058617,0.292929292929,1.68954001271,1.03249667443,0.525252525253,1.14353419474,0.367266456706,3.875,3.11363636364,1.14353419474,3.875,0.366666666667,0.266666666667,4,0.0242424242424,0.221111111111,11,11,11,1,0,0.0909090909091,0.636363636364,0.272727272727,-2,-0.0181818181818,0.0702479338843,-0.363636363636,-0.2,-0.25,-0.268912750482,-0.030542951148,-0.0181818181818,-0.243332138505,-0.0773405703161,-0.0434343434343,-0.250469359339,-0.0345084801933,-0.0111111111111,0.0866354202056,0.0199894662943,0.329545454545,0.0702479338843,0.0866354202056,0.329545454545,-0.132380952381,-0.133333333333,-4,-0.0242424242424,-0.0344444444444,0,0,0,18,0,2,90,0.9,1,0,0.1,1,0.9,0.947368421053,0.938314863257,0.9,0.9,5,7,0,0,0,0
3148,WLNM_dir_neg,0.857142857143,0.559981684982,00:00:00,10,70,50,1177447099,threshold_sweep,0.7,1,0.571428571429,0.727272727273,4,0,3,14,0.571428571429,1,0,0.428571428571,1,0.571428571429,0.727272727273,0.857142857143,0.603174603175,0.64,0.68599434057,0.571428571429,20,13,7,0,20,0,13,0,7,11,20,0.181818181818,3.04338842975,3.63636363636,2,2.5,1.68954001271,0.464623503495,0.245454545455,1.16774841624,0.642261628933,0.336363636364,1.94000937205,1.06700515463,0.536363636364,1.05689877454,0.347276990411,3.54545454545,3.04338842975,1.05689877454,3.54545454545,0.499047619048,0.4,8,0.0484848484848,0.255555555556,11,11,11,1,0,0.0909090909091,0.636363636364,0.272727272727,11,0.118181818182,3.72727272727,2.36363636364,1.3,1.625,1.43336856898,0.6064251638,0.286713286713,0.603022689156,0.510249967747,0.237762237762,1.40129809949,1.18571377649,0.503496503497,2.05382127221,0.551025219373,7,3.72727272727,2.05382127221,7,0,0,0,0,0.22962962963,11,11,11,1,0,0.0909090909091,0.636363636364,0.272727272727,11,17,0.154545454545,3.17727272727,3.09090909091,1.7,2.125,1.30034960334,0.420701342257,0.208556149733,0.820199532265,0.530717344407,0.267379679144,1.57249078621,1.01749403814,0.513368983957,1.2536673475,0.394573414091,4.4,3.17727272727,1.2536673475,4.4,0.213333333333,0.153846153846,2,0.0121212121212,0.205555555556,11,11,11,1,0,0.0909090909091,0.636363636364,0.272727272727,-3,-0.0272727272727,0.133884297521,-0.545454545455,-0.3,-0.375,-0.389190409368,-0.0439221612377,-0.0368983957219,-0.347548883978,-0.111544284527,-0.0689839572193,-0.367518585835,-0.0495111164884,-0.0229946524064,0.196768572961,0.0472964236795,0.854545454545,0.133884297521,0.196768572961,0.854545454545,-0.285714285714,-0.246153846154,-6,-0.0363636363636,-0.05,0,0,0,17,0,3,90,0.85,1,0,0.15,1,0.85,0.918918918919,0.906962317388,0.85,0.85,4,7,0,0,0,0
3149,WLNM_dir_neg,0.857142857143,0.559981684982,00:00:00,10,70,50,1177447099,threshold_sweep,0.8,1,0.571428571429,0.727272727273,4,0,3,14,0.571428571429,1,0,0.428571428571,1,0.571428571429,0.727272727273,0.857142857143,0.603174603175,0.64,0.68599434057,0.571428571429,20,13,7,0,20,0,13,0,7,11,20,0.181818181818,3.04338842975,3.63636363636,2,2.5,1.68954001271,0.464623503495,0.245454545455,1.16774841624,0.642261628933,0.336363636364,1.94000937205,1.06700515463,0.536363636364,1.05689877454,0.347276990411,3.54545454545,3.04338842975,1.05689877454,3.54545454545,0.499047619048,0.4,8,0.0484848484848,0.255555555556,11,11,11,1,0,0.0909090909091,0.636363636364,0.272727272727,11,0.118181818182,3.72727272727,2.36363636364,1.3,1.625,1.43336856898,0.6064251638,0.286713286713,0.603022689156,0.510249967747,0.237762237762,1.40129809949,1.18571377649,0.503496503497,2.05382127221,0.551025219373,7,3.72727272727,2.05382127221,7,0,0,0,0,0.22962962963,11,11,11,1,0,0.0909090909091,0.636363636364,0.272727272727,11,17,0.154545454545,3.17727272727,3.09090909091,1.7,2.125,1.30034960334,0.420701342257,0.208556149733,0.820199532265,0.530717344407,0.267379679144,1.57249078621,1.01749403814,0.513368983957,1.2536673475,0.394573414091,4.4,3.17727272727,1.2536673475,4.4,0.213333333333,0.153846153846,2,0.0121212121212,0.205555555556,11,11,11,1,0,0.0909090909091,0.636363636364,0.272727272727,-3,-0.0272727272727,0.133884297521,-0.545454545455,-0.3,-0.375,-0.389190409368,-0.0439221612377,-0.0368983957219,-0.347548883978,-0.111544284527,-0.0689839572193,-0.367518585835,-0.0495111164884,-0.0229946524064,0.196768572961,0.0472964236795,0.854545454545,0.133884297521,0.196768572961,0.854545454545,-0.285714285714,-0.246153846154,-6,-0.0363636363636,-0.05,0,0,0,17,0,3,90,0.85,1,0,0.15,1,0.85,0.918918918919,0.906962317388,0.85,0.85,4,7,0,0,0,0
3150,WLNM_dir_neg,0.857142857143,0.559981684982,00:00:00,10,70,50,1177447099,threshold_sweep,0.9,1,0.571428571429,0.727272727273,4,0,3,14,0.571428571429,1,0,0.428571428571,1,0.571428571429,0.727272727273,0.857142857143,0.603174603175,0.64,0.68599434057,0.571428571429,20,13,7,0,20,0,13,0,7,11,20,0.181818181818,3.04338842975,3.63636363636,2,2.5,1.68954001271,0.464623503495,0.245454545455,1.16774841624,0.642261628933,0.336363636364,1.94000937205,1.06700515463,0.536363636364,1.05689877454,0.347276990411,3.54545454545,3.04338842975,1.05689877454,3.54545454545,0.499047619048,0.4,8,0.0484848484848,0.255555555556,11,11,11,1,0,0.0909090909091,0.636363636364,0.272727272727,11,0.118181818182,3.72727272727,2.36363636364,1.3,1.625,1.43336856898,0.6064251638,0.286713286713,0.603022689156,0.510249967747,0.237762237762,1.40129809949,1.18571377649,0.503496503497,2.05382127221,0.551025219373,7,3.72727272727,2.05382127221,7,0,0,0,0,0.22962962963,11,11,11,1,0,0.0909090909091,0.636363636364,0.272727272727,11,17,0.154545454545,3.17727272727,3.09090909091,1.7,2.125,1.30034960334,0.420701342257,0.208556149733,0.820199532265,0.530717344407,0.267379679144,1.57249078621,1.01749403814,0.513368983957,1.2536673475,0.394573414091,4.4,3.17727272727,1.2536673475,4.4,0.213333333333,0.153846153846,2,0.0121212121212,0.205555555556,11,11,11,1,0,0.0909090909091,0.636363636364,0.272727272727,-3,-0.0272727272727,0.133884297521,-0.545454545455,-0.3,-0.375,-0.389190409368,-0.0439221612377,-0.0368983957219,-0.347548883978,-0.111544284527,-0.0689839572193,-0.367518585835,-0.0495111164884,-0.0229946524064,0.196768572961,0.0472964236795,0.854545454545,0.133884297521,0.196768572961,0.854545454545,-0.285714285714,-0.246153846154,-6,-0.0363636363636,-0.05,0,0,0,17,0,3,90,0.85,1,0,0.15,1,0.85,0.918918918919,0.906962317388,0.85,0.85,4,7,0,0,0,0
3151,WLNM_dir_neg,0.8125,0.477678571429,00:00:00,10,80,1,1178364350,threshold_sweep,0.1,0.75,0.75,0.75,3,1,1,7,0.75,0.875,0.125,0.25,0.75,0.75,0.75,0.833333333333,0.555555555556,0.625,0.625,0.625,20,16,4,0,20,0,16,0,4,11,20,0.181818181818,3.04338842975,3.63636363636,2,2.5,1.68954001271,0.464623503495,0.245454545455,1.16774841624,0.642261628933,0.336363636364,1.94000937205,1.06700515463,0.536363636364,1.05689877454,0.347276990411,3.54545454545,3.04338842975,1.05689877454,3.54545454545,0.499047619048,0.4,8,0.0484848484848,0.255555555556,11,11,11,1,0,0.0909090909091,0.636363636364,0.272727272727,11,0.145454545455,3.22727272727,2.90909090909,1.6,2,1.70026735866,0.584466904538,0.3125,0.934198732994,0.642261628933,0.318181818182,1.63484778274,1.12395785063,0.534090909091,1.12196560472,0.34765131414,3.875,3.22727272727,1.12196560472,3.875,0.191666666667,0.153846153846,2,0.0121212121212,0.265555555556,11,11,11,1,0,0.0909090909091,0.636363636364,0.272727272727,11,20,0.181818181818,NaN,3.63636363636,1.81818181818,2.5,1.5666989036,0.43084219849,0.231818181818,0.981649817214,0.539907399468,0.263636363636,1.83402190926,1.00871205009,0.518181818182,NaN,NaN,NaN,NaN,NaN,NaN,0.453333333333,0.362068965517,7,0.0424242424242,0.207878787879,11,11,0,1,2,0,0.727272727273,0.272727272727,0,0,NaN,0,-0.181818181818,0,-0.122841109108,-0.0337813050047,-0.0136363636364,-0.186098599028,-0.102354229466,-0.0727272727273,-0.105987462791,-0.0582931045351,-0.0181818181818,NaN,NaN,NaN,NaN,NaN,NaN,-0.0457142857143,-0.0379310344828,-1,-0.00606060606061,-0.0476767676768,-0.0909090909091,0.0909090909091,0,19,1,1,89,0.95,0.988888888889,0.0111111111111,0.05,0.95,0.95,0.95,0.938888888889,0.938888888889,0.904761904762,4,4,0,0,0,0
3152,WLNM_dir_neg,0.8125,0.477678571429,00:00:00,10,80,1,1178364350,threshold_sweep,0.2,0.75,0.75,0.75,3,1,1,7,0.75,0.875,0.125,0.25,0.75,0.75,0.75,0.833333333333,0.555555555556,0.625,0.625,0.625,20,16,4,0,20,0,16,0,4,11,20,0.181818181818,3.04338842975,3.63636363636,2,2.5,1.68954001271,0.464623503495,0.245454545455,1.16774841624,0.642261628933,0.336363636364,1.94000937205,1.06700515463,0.536363636364,1.05689877454,0.347276990411,3.54545454545,3.04338842975,1.05689877454,3.54545454545,0.499047619048,0.4,8,0.0484848484848,0.255555555556,11,11,11,1,0,0.0909090909091,0.636363636364,0.272727272727,11,0.145454545455,3.22727272727,2.90909090909,1.6,2,1.70026735866,0.584466904538,0.3125,0.934198732994,0.642261628933,0.318181818182,1.63484778274,1.12395785063,0.534090909091,1.12196560472,0.34765131414,3.875,3.22727272727,1.12196560472,3.875,0.191666666667,0.153846153846,2,0.0121212121212,0.265555555556,11,11,11,1,0,0.0909090909091,0.636363636364,0.272727272727,11,20,0.181818181818,NaN,3.63636363636,1.81818181818,2.5,1.5666989036,0.43084219849,0.231818181818,0.981649817214,0.539907399468,0.263636363636,1.83402190926,1.00871205009,0.518181818182,NaN,NaN,NaN,NaN,NaN,NaN,0.453333333333,0.362068965517,7,0.0424242424242,0.207878787879,11,11,0,1,2,0,0.727272727273,0.272727272727,0,0,NaN,0,-0.181818181818,0,-0.122841109108,-0.0337813050047,-0.0136363636364,-0.186098599028,-0.102354229466,-0.0727272727273,-0.105987462791,-0.0582931045351,-0.0181818181818,NaN,NaN,NaN,NaN,NaN,NaN,-0.0457142857143,-0.0379310344828,-1,-0.00606060606061,-0.0476767676768,-0.0909090909091,0.0909090909091,0,19,1,1,89,0.95,0.988888888889,0.0111111111111,0.05,0.95,0.95,0.95,0.938888888889,0.938888888889,0.904761904762,4,4,0,0,0,0
3153,WLNM_dir_neg,0.8125,0.477678571429,00:00:00,10,80,1,1178364350,threshold_sweep,0.3,0.75,0.75,0.75,3,1,1,7,0.75,0.875,0.125,0.25,0.75,0.75,0.75,0.833333333333,0.555555555556,0.625,0.625,0.625,20,16,4,0,20,0,16,0,4,11,20,0.181818181818,3.04338842975,3.63636363636,2,2.5,1.68954001271,0.464623503495,0.245454545455,1.16774841624,0.642261628933,0.336363636364,1.94000937205,1.06700515463,0.536363636364,1.05689877454,0.347276990411,3.54545454545,3.04338842975,1.05689877454,3.54545454545,0.499047619048,0.4,8,0.0484848484848,0.255555555556,11,11,11,1,0,0.0909090909091,0.636363636364,0.272727272727,11,0.145454545455,3.22727272727,2.90909090909,1.6,2,1.70026735866,0.584466904538,0.3125,0.934198732994,0.642261628933,0.318181818182,1.63484778274,1.12395785063,0.534090909091,1.12196560472,0.34765131414,3.875,3.22727272727,1.12196560472,3.875,0.191666666667,0.153846153846,2,0.0121212121212,0.265555555556,11,11,11,1,0,0.0909090909091,0.636363636364,0.272727272727,11,20,0.181818181818,NaN,3.63636363636,1.81818181818,2.5,1.5666989036,0.43084219849,0.231818181818,0.981649817214,0.539907399468,0.263636363636,1.83402190926,1.00871205009,0.518181818182,NaN,NaN,NaN,NaN,NaN,NaN,0.453333333333,0.362068965517,7,0.0424242424242,0.207878787879,11,11,0,1,2,0,0.727272727273,0.272727272727,0,0,NaN,0,-0.181818181818,0,-0.122841109108,-0.0337813050047,-0.0136363636364,-0.186098599028,-0.102354229466,-0.0727272727273,-0.105987462791,-0.0582931045351,-0.0181818181818,NaN,NaN,NaN,NaN,NaN,NaN,-0.0457142857143,-0.0379310344828,-1,-0.00606060606061,-0.0476767676768,-0.0909090909091,0.0909090909091,0,19,1,1,89,0.95,0.988888888889,0.0111111111111,0.05,0.95,0.95,0.95,0.938888888889,0.938888888889,0.904761904762,4,4,0,0,0,0
3154,WLNM_dir_neg,0.8125,0.477678571429,00:00:00,10,80,1,1178364350,threshold_sweep,0.4,0.75,0.75,0.75,3,1,1,7,0.75,0.875,0.125,0.25,0.75,0.75,0.75,0.833333333333,0.555555555556,0.625,0.625,0.625,20,16,4,0,20,0,16,0,4,11,20,0.181818181818,3.04338842975,3.63636363636,2,2.5,1.68954001271,0.464623503495,0.245454545455,1.16774841624,0.642261628933,0.336363636364,1.94000937205,1.06700515463,0.536363636364,1.05689877454,0.347276990411,3.54545454545,3.04338842975,1.05689877454,3.54545454545,0.499047619048,0.4,8,0.0484848484848,0.255555555556,11,11,11,1,0,0.0909090909091,0.636363636364,0.272727272727,11,0.145454545455,3.22727272727,2.90909090909,1.6,2,1.70026735866,0.584466904538,0.3125,0.934198732994,0.642261628933,0.318181818182,1.63484778274,1.12395785063,0.534090909091,1.12196560472,0.34765131414,3.875,3.22727272727,1.12196560472,3.875,0.191666666667,0.153846153846,2,0.0121212121212,0.265555555556,11,11,11,1,0,0.0909090909091,0.636363636364,0.272727272727,11,20,0.181818181818,NaN,3.63636363636,1.81818181818,2.5,1.5666989036,0.43084219849,0.231818181818,0.981649817214,0.539907399468,0.263636363636,1.83402190926,1.00871205009,0.518181818182,NaN,NaN,NaN,NaN,NaN,NaN,0.453333333333,0.362068965517,7,0.0424242424242,0.207878787879,11,11,0,1,2,0,0.727272727273,0.272727272727,0,0,NaN,0,-0.181818181818,0,-0.122841109108,-0.0337813050047,-0.0136363636364,-0.186098599028,-0.102354229466,-0.0727272727273,-0.105987462791,-0.0582931045351,-0.0181818181818,NaN,NaN,NaN,NaN,NaN,NaN,-0.0457142857143,-0.0379310344828,-1,-0.00606060606061,-0.0476767676768,-0.0909090909091,0.0909090909091,0,19,1,1,89,0.95,0.988888888889,0.0111111111111,0.05,0.95,0.95,0.95,0.938888888889,0.938888888889,0.904761904762,4,4,0,0,0,0
3155,WLNM_dir_neg,0.8125,0.477678571429,00:00:00,10,80,1,1178364350,threshold_sweep,0.5,0.75,0.75,0.75,3,1,1,7,0.75,0.875,0.125,0.25,0.75,0.75,0.75,0.833333333333,0.555555555556,0.625,0.625,0.625,20,16,4,0,20,0,16,0,4,11,20,0.181818181818,3.04338842975,3.63636363636,2,2.5,1.68954001271,0.464623503495,0.245454545455,1.16774841624,0.642261628933,0.336363636364,1.94000937205,1.06700515463,0.536363636364,1.05689877454,0.347276990411,3.54545454545,3.04338842975,1.05689877454,3.54545454545,0.499047619048,0.4,8,0.0484848484848,0.255555555556,11,11,11,1,0,0.0909090909091,0.636363636364,0.272727272727,11,0.145454545455,3.22727272727,2.90909090909,1.6,2,1.70026735866,0.584466904538,0.3125,0.934198732994,0.642261628933,0.318181818182,1.63484778274,1.12395785063,0.534090909091,1.12196560472,0.34765131414,3.875,3.22727272727,1.12196560472,3.875,0.191666666667,0.153846153846,2,0.0121212121212,0.265555555556,11,11,11,1,0,0.0909090909091,0.636363636364,0.272727272727,11,20,0.181818181818,NaN,3.63636363636,1.81818181818,2.5,1.5666989036,0.43084219849,0.231818181818,0.981649817214,0.539907399468,0.263636363636,1.83402190926,1.00871205009,0.518181818182,NaN,NaN,NaN,NaN,NaN,NaN,0.453333333333,0.362068965517,7,0.0424242424242,0.207878787879,11,11,0,1,2,0,0.727272727273,0.272727272727,0,0,NaN,0,-0.181818181818,0,-0.122841109108,-0.0337813050047,-0.0136363636364,-0.186098599028,-0.102354229466,-0.0727272727273,-0.105987462791,-0.0582931045351,-0.0181818181818,NaN,NaN,NaN,NaN,NaN,NaN,-0.0457142857143,-0.0379310344828,-1,-0.00606060606061,-0.0476767676768,-0.0909090909091,0.0909090909091,0,19,1,1,89,0.95,0.988888888889,0.0111111111111,0.05,0.95,0.95,0.95,0.938888888889,0.938888888889,0.904761904762,4,4,0,0,0,0
3156,WLNM_dir_neg,0.8125,0.477678571429,00:00:00,10,80,1,1178364350,threshold_sweep,0.6,0.75,0.75,0.75,3,1,1,7,0.75,0.875,0.125,0.25,0.75,0.75,0.75,0.833333333333,0.555555555556,0.625,0.625,0.625,20,16,4,0,20,0,16,0,4,11,20,0.181818181818,3.04338842975,3.63636363636,2,2.5,1.68954001271,0.464623503495,0.245454545455,1.16774841624,0.642261628933,0.336363636364,1.94000937205,1.06700515463,0.536363636364,1.05689877454,0.347276990411,3.54545454545,3.04338842975,1.05689877454,3.54545454545,0.499047619048,0.4,8,0.0484848484848,0.255555555556,11,11,11,1,0,0.0909090909091,0.636363636364,0.272727272727,11,0.145454545455,3.22727272727,2.90909090909,1.6,2,1.70026735866,0.584466904538,0.3125,0.934198732994,0.642261628933,0.318181818182,1.63484778274,1.12395785063,0.534090909091,1.12196560472,0.34765131414,3.875,3.22727272727,1.12196560472,3.875,0.191666666667,0.153846153846,2,0.0121212121212,0.265555555556,11,11,11,1,0,0.0909090909091,0.636363636364,0.272727272727,11,20,0.181818181818,NaN,3.63636363636,1.81818181818,2.5,1.5666989036,0.43084219849,0.231818181818,0.981649817214,0.539907399468,0.263636363636,1.83402190926,1.00871205009,0.518181818182,NaN,NaN,NaN,NaN,NaN,NaN,0.453333333333,0.362068965517,7,0.0424242424242,0.207878787879,11,11,0,1,2,0,0.727272727273,0.272727272727,0,0,NaN,0,-0.181818181818,0,-0.122841109108,-0.0337813050047,-0.0136363636364,-0.186098599028,-0.102354229466,-0.0727272727273,-0.105987462791,-0.0582931045351,-0.0181818181818,NaN,NaN,NaN,NaN,NaN,NaN,-0.0457142857143,-0.0379310344828,-1,-0.00606060606061,-0.0476767676768,-0.0909090909091,0.0909090909091,0,19,1,1,89,0.95,0.988888888889,0.0111111111111,0.05,0.95,0.95,0.95,0.938888888889,0.938888888889,0.904761904762,4,4,0,0,0,0
3157,WLNM_dir_neg,0.8125,0.477678571429,00:00:00,10,80,1,1178364350,threshold_sweep,0.7,0.75,0.75,0.75,3,1,1,7,0.75,0.875,0.125,0.25,0.75,0.75,0.75,0.833333333333,0.555555555556,0.625,0.625,0.625,20,16,4,0,20,0,16,0,4,11,20,0.181818181818,3.04338842975,3.63636363636,2,2.5,1.68954001271,0.464623503495,0.245454545455,1.16774841624,0.642261628933,0.336363636364,1.94000937205,1.06700515463,0.536363636364,1.05689877454,0.347276990411,3.54545454545,3.04338842975,1.05689877454,3.54545454545,0.499047619048,0.4,8,0.0484848484848,0.255555555556,11,11,11,1,0,0.0909090909091,0.636363636364,0.272727272727,11,0.145454545455,3.22727272727,2.90909090909,1.6,2,1.70026735866,0.584466904538,0.3125,0.934198732994,0.642261628933,0.318181818182,1.63484778274,1.12395785063,0.534090909091,1.12196560472,0.34765131414,3.875,3.22727272727,1.12196560472,3.875,0.191666666667,0.153846153846,2,0.0121212121212,0.265555555556,11,11,11,1,0,0.0909090909091,0.636363636364,0.272727272727,11,20,0.181818181818,NaN,3.63636363636,1.81818181818,2.5,1.5666989036,0.43084219849,0.231818181818,0.981649817214,0.539907399468,0.263636363636,1.83402190926,1.00871205009,0.518181818182,NaN,NaN,NaN,NaN,NaN,NaN,0.453333333333,0.362068965517,7,0.0424242424242,0.207878787879,11,11,0,1,2,0,0.727272727273,0.272727272727,0,0,NaN,0,-0.181818181818,0,-0.122841109108,-0.0337813050047,-0.0136363636364,-0.186098599028,-0.102354229466,-0.0727272727273,-0.105987462791,-0.0582931045351,-0.0181818181818,NaN,NaN,NaN,NaN,NaN,NaN,-0.0457142857143,-0.0379310344828,-1,-0.00606060606061,-0.0476767676768,-0.0909090909091,0.0909090909091,0,19,1,1,89,0.95,0.988888888889,0.0111111111111,0.05,0.95,0.95,0.95,0.938888888889,0.938888888889,0.904761904762,4,4,0,0,0,0
3158,WLNM_dir_neg,0.8125,0.477678571429,00:00:00,10,80,1,1178364350,threshold_sweep,0.8,0.75,0.75,0.75,3,1,1,7,0.75,0.875,0.125,0.25,0.75,0.75,0.75,0.833333333333,0.555555555556,0.625,0.625,0.625,20,16,4,0,20,0,16,0,4,11,20,0.181818181818,3.04338842975,3.63636363636,2,2.5,1.68954001271,0.464623503495,0.245454545455,1.16774841624,0.642261628933,0.336363636364,1.94000937205,1.06700515463,0.536363636364,1.05689877454,0.347276990411,3.54545454545,3.04338842975,1.05689877454,3.54545454545,0.499047619048,0.4,8,0.0484848484848,0.255555555556,11,11,11,1,0,0.0909090909091,0.636363636364,0.272727272727,11,0.145454545455,3.22727272727,2.90909090909,1.6,2,1.70026735866,0.584466904538,0.3125,0.934198732994,0.642261628933,0.318181818182,1.63484778274,1.12395785063,0.534090909091,1.12196560472,0.34765131414,3.875,3.22727272727,1.12196560472,3.875,0.191666666667,0.153846153846,2,0.0121212121212,0.265555555556,11,11,11,1,0,0.0909090909091,0.636363636364,0.272727272727,11,20,0.181818181818,NaN,3.63636363636,1.81818181818,2.5,1.5666989036,0.43084219849,0.231818181818,0.981649817214,0.539907399468,0.263636363636,1.83402190926,1.00871205009,0.518181818182,NaN,NaN,NaN,NaN,NaN,NaN,0.453333333333,0.362068965517,7,0.0424242424242,0.207878787879,11,11,0,1,2,0,0.727272727273,0.272727272727,0,0,NaN,0,-0.181818181818,0,-0.122841109108,-0.0337813050047,-0.0136363636364,-0.186098599028,-0.102354229466,-0.0727272727273,-0.105987462791,-0.0582931045351,-0.0181818181818,NaN,NaN,NaN,NaN,NaN,NaN,-0.0457142857143,-0.0379310344828,-1,-0.00606060606061,-0.0476767676768,-0.0909090909091,0.0909090909091,0,19,1,1,89,0.95,0.988888888889,0.0111111111111,0.05,0.95,0.95,0.95,0.938888888889,0.938888888889,0.904761904762,4,4,0,0,0,0
3159,WLNM_dir_neg,0.8125,0.477678571429,00:00:00,10,80,1,1178364350,threshold_sweep,0.9,0.75,0.75,0.75,3,1,1,7,0.75,0.875,0.125,0.25,0.75,0.75,0.75,0.833333333333,0.555555555556,0.625,0.625,0.625,20,16,4,0,20,0,16,0,4,11,20,0.181818181818,3.04338842975,3.63636363636,2,2.5,1.68954001271,0.464623503495,0.245454545455,1.16774841624,0.642261628933,0.336363636364,1.94000937205,1.06700515463,0.536363636364,1.05689877454,0.347276990411,3.54545454545,3.04338842975,1.05689877454,3.54545454545,0.499047619048,0.4,8,0.0484848484848,0.255555555556,11,11,11,1,0,0.0909090909091,0.636363636364,0.272727272727,11,0.145454545455,3.22727272727,2.90909090909,1.6,2,1.70026735866,0.584466904538,0.3125,0.934198732994,0.642261628933,0.318181818182,1.63484778274,1.12395785063,0.534090909091,1.12196560472,0.34765131414,3.875,3.22727272727,1.12196560472,3.875,0.191666666667,0.153846153846,2,0.0121212121212,0.265555555556,11,11,11,1,0,0.0909090909091,0.636363636364,0.272727272727,11,20,0.181818181818,NaN,3.63636363636,1.81818181818,2.5,1.5666989036,0.43084219849,0.231818181818,0.981649817214,0.539907399468,0.263636363636,1.83402190926,1.00871205009,0.518181818182,NaN,NaN,NaN,NaN,NaN,NaN,0.453333333333,0.362068965517,7,0.0424242424242,0.207878787879,11,11,0,1,2,0,0.727272727273,0.272727272727,0,0,NaN,0,-0.181818181818,0,-0.122841109108,-0.0337813050047,-0.0136363636364,-0.186098599028,-0.102354229466,-0.0727272727273,-0.105987462791,-0.0582931045351,-0.0181818181818,NaN,NaN,NaN,NaN,NaN,NaN,-0.0457142857143,-0.0379310344828,-1,-0.00606060606061,-0.0476767676768,-0.0909090909091,0.0909090909091,0,19,1,1,89,0.95,0.988888888889,0.0111111111111,0.05,0.95,0.95,0.95,0.938888888889,0.938888888889,0.904761904762,4,4,0,0,0,0
3160,WLNM_dir_neg,0.875,0.366071428571,00:00:00,10,80,2,1178364351,threshold_sweep,0.1,0.428571428571,0.75,0.545454545455,3,4,1,4,0.75,0.5,0.5,0.25,0.428571428571,0.75,0.545454545455,0.583333333333,0.472222222222,0.210526315789,0.239045721867,0.25,20,16,4,0,20,0,16,0,4,11,20,0.181818181818,3.04338842975,3.63636363636,2,2.5,1.68954001271,0.464623503495,0.245454545455,1.16774841624,0.642261628933,0.336363636364,1.94000937205,1.06700515463,0.536363636364,1.05689877454,0.347276990411,3.54545454545,3.04338842975,1.05689877454,3.54545454545,0.499047619048,0.4,8,0.0484848484848,0.255555555556,11,11,11,1,0,0.0909090909091,0.636363636364,0.272727272727,11,0.145454545455,3.23376623377,2.90909090909,1.6,2,1.70026735866,0.584466904538,0.3125,1.03572548135,0.712061268431,0.329545454545,1.57249078621,1.08108741552,0.522727272727,1.13078034691,0.3496790631,3.85714285714,3.23376623377,1.13078034691,3.85714285714,0.333333333333,0.230769230769,3,0.0181818181818,0.257037037037,11,11,11,1,0,0.0909090909091,0.636363636364,0.272727272727,11,23,0.209090909091,NaN,4.18181818182,2.09090909091,2.875,1.83402190926,0.438570456562,0.237154150198,1.04446593573,0.499527186655,0.260869565217,1.97253874256,0.943388094269,0.498023715415,NaN,NaN,NaN,NaN,NaN,NaN,0.543333333333,0.471428571429,11,0.0666666666667,0.227878787879,11,11,0,1,2,0,0.727272727273,0.272727272727,3,0.0272727272727,NaN,0.545454545455,0.0909090909091,0.375,0.144481896548,-0.0260530469335,-0.00830039525692,-0.123282480508,-0.142734442278,-0.0754940711462,0.0325293705137,-0.123617060358,-0.0383399209486,NaN,NaN,NaN,NaN,NaN,NaN,0.0442857142857,0.0714285714286,3,0.0181818181818,-0.0276767676768,-0.0909090909091,0.0909090909091,0,19,4,1,86,0.95,0.955555555556,0.0444444444444,0.05,0.826086956522,0.95,0.883720930233,0.85887074016,0.905555555556,0.791666666667,7,4,0,0,0,0
3161,WLNM_dir_neg,0.875,0.366071428571,00:00:00,10,80,2,1178364351,threshold_sweep,0.2,0.428571428571,0.75,0.545454545455,3,4,1,4,0.75,0.5,0.5,0.25,0.428571428571,0.75,0.545454545455,0.583333333333,0.472222222222,0.210526315789,0.239045721867,0.25,20,16,4,0,20,0,16,0,4,11,20,0.181818181818,3.04338842975,3.63636363636,2,2.5,1.68954001271,0.464623503495,0.245454545455,1.16774841624,0.642261628933,0.336363636364,1.94000937205,1.06700515463,0.536363636364,1.05689877454,0.347276990411,3.54545454545,3.04338842975,1.05689877454,3.54545454545,0.499047619048,0.4,8,0.0484848484848,0.255555555556,11,11,11,1,0,0.0909090909091,0.636363636364,0.272727272727,11,0.145454545455,3.23376623377,2.90909090909,1.6,2,1.70026735866,0.584466904538,0.3125,1.03572548135,0.712061268431,0.329545454545,1.57249078621,1.08108741552,0.522727272727,1.13078034691,0.3496790631,3.85714285714,3.23376623377,1.13078034691,3.85714285714,0.333333333333,0.230769230769,3,0.0181818181818,0.257037037037,11,11,11,1,0,0.0909090909091,0.636363636364,0.272727272727,11,23,0.209090909091,NaN,4.18181818182,2.09090909091,2.875,1.83402190926,0.438570456562,0.237154150198,1.04446593573,0.499527186655,0.260869565217,1.97253874256,0.943388094269,0.498023715415,NaN,NaN,NaN,NaN,NaN,NaN,0.543333333333,0.471428571429,11,0.0666666666667,0.227878787879,11,11,0,1,2,0,0.727272727273,0.272727272727,3,0.0272727272727,NaN,0.545454545455,0.0909090909091,0.375,0.144481896548,-0.0260530469335,-0.00830039525692,-0.123282480508,-0.142734442278,-0.0754940711462,0.0325293705137,-0.123617060358,-0.0383399209486,NaN,NaN,NaN,NaN,NaN,NaN,0.0442857142857,0.0714285714286,3,0.0181818181818,-0.0276767676768,-0.0909090909091,0.0909090909091,0,19,4,1,86,0.95,0.955555555556,0.0444444444444,0.05,0.826086956522,0.95,0.883720930233,0.85887074016,0.905555555556,0.791666666667,7,4,0,0,0,0
3162,WLNM_dir_neg,0.875,0.366071428571,00:00:00,10,80,2,1178364351,threshold_sweep,0.3,0.428571428571,0.75,0.545454545455,3,4,1,4,0.75,0.5,0.5,0.25,0.428571428571,0.75,0.545454545455,0.583333333333,0.472222222222,0.210526315789,0.239045721867,0.25,20,16,4,0,20,0,16,0,4,11,20,0.181818181818,3.04338842975,3.63636363636,2,2.5,1.68954001271,0.464623503495,0.245454545455,1.16774841624,0.642261628933,0.336363636364,1.94000937205,1.06700515463,0.536363636364,1.05689877454,0.347276990411,3.54545454545,3.04338842975,1.05689877454,3.54545454545,0.499047619048,0.4,8,0.0484848484848,0.255555555556,11,11,11,1,0,0.0909090909091,0.636363636364,0.272727272727,11,0.145454545455,3.23376623377,2.90909090909,1.6,2,1.70026735866,0.584466904538,0.3125,1.03572548135,0.712061268431,0.329545454545,1.57249078621,1.08108741552,0.522727272727,1.13078034691,0.3496790631,3.85714285714,3.23376623377,1.13078034691,3.85714285714,0.333333333333,0.230769230769,3,0.0181818181818,0.257037037037,11,11,11,1,0,0.0909090909091,0.636363636364,0.272727272727,11,23,0.209090909091,NaN,4.18181818182,2.09090909091,2.875,1.83402190926,0.438570456562,0.237154150198,1.04446593573,0.499527186655,0.260869565217,1.97253874256,0.943388094269,0.498023715415,NaN,NaN,NaN,NaN,NaN,NaN,0.543333333333,0.471428571429,11,0.0666666666667,0.227878787879,11,11,0,1,2,0,0.727272727273,0.272727272727,3,0.0272727272727,NaN,0.545454545455,0.0909090909091,0.375,0.144481896548,-0.0260530469335,-0.00830039525692,-0.123282480508,-0.142734442278,-0.0754940711462,0.0325293705137,-0.123617060358,-0.0383399209486,NaN,NaN,NaN,NaN,NaN,NaN,0.0442857142857,0.0714285714286,3,0.0181818181818,-0.0276767676768,-0.0909090909091,0.0909090909091,0,19,4,1,86,0.95,0.955555555556,0.0444444444444,0.05,0.826086956522,0.95,0.883720930233,0.85887074016,0.905555555556,0.791666666667,7,4,0,0,0,0
3163,WLNM_dir_neg,0.875,0.366071428571,00:00:00,10,80,2,1178364351,threshold_sweep,0.4,0.428571428571,0.75,0.545454545455,3,4,1,4,0.75,0.5,0.5,0.25,0.428571428571,0.75,0.545454545455,0.583333333333,0.472222222222,0.210526315789,0.239045721867,0.25,20,16,4,0,20,0,16,0,4,11,20,0.181818181818,3.04338842975,3.63636363636,2,2.5,1.68954001271,0.464623503495,0.245454545455,1.16774841624,0.642261628933,0.336363636364,1.94000937205,1.06700515463,0.536363636364,1.05689877454,0.347276990411,3.54545454545,3.04338842975,1.05689877454,3.54545454545,0.499047619048,0.4,8,0.0484848484848,0.255555555556,11,11,11,1,0,0.0909090909091,0.636363636364,0.272727272727,11,0.145454545455,3.23376623377,2.90909090909,1.6,2,1.70026735866,0.584466904538,0.3125,1.03572548135,0.712061268431,0.329545454545,1.57249078621,1.08108741552,0.522727272727,1.13078034691,0.3496790631,3.85714285714,3.23376623377,1.13078034691,3.85714285714,0.333333333333,0.230769230769,3,0.0181818181818,0.257037037037,11,11,11,1,0,0.0909090909091,0.636363636364,0.272727272727,11,23,0.209090909091,NaN,4.18181818182,2.09090909091,2.875,1.83402190926,0.438570456562,0.237154150198,1.04446593573,0.499527186655,0.260869565217,1.97253874256,0.943388094269,0.498023715415,NaN,NaN,NaN,NaN,NaN,NaN,0.543333333333,0.471428571429,11,0.0666666666667,0.227878787879,11,11,0,1,2,0,0.727272727273,0.272727272727,3,0.0272727272727,NaN,0.545454545455,0.0909090909091,0.375,0.144481896548,-0.0260530469335,-0.00830039525692,-0.123282480508,-0.142734442278,-0.0754940711462,0.0325293705137,-0.123617060358,-0.0383399209486,NaN,NaN,NaN,NaN,NaN,NaN,0.0442857142857,0.0714285714286,3,0.0181818181818,-0.0276767676768,-0.0909090909091,0.0909090909091,0,19,4,1,86,0.95,0.955555555556,0.0444444444444,0.05,0.826086956522,0.95,0.883720930233,0.85887074016,0.905555555556,0.791666666667,7,4,0,0,0,0
3164,WLNM_dir_neg,0.875,0.366071428571,00:00:00,10,80,2,1178364351,threshold_sweep,0.5,0.428571428571,0.75,0.545454545455,3,4,1,4,0.75,0.5,0.5,0.25,0.428571428571,0.75,0.545454545455,0.583333333333,0.472222222222,0.210526315789,0.239045721867,0.25,20,16,4,0,20,0,16,0,4,11,20,0.181818181818,3.04338842975,3.63636363636,2,2.5,1.68954001271,0.464623503495,0.245454545455,1.16774841624,0.642261628933,0.336363636364,1.94000937205,1.06700515463,0.536363636364,1.05689877454,0.347276990411,3.54545454545,3.04338842975,1.05689877454,3.54545454545,0.499047619048,0.4,8,0.0484848484848,0.255555555556,11,11,11,1,0,0.0909090909091,0.636363636364,0.272727272727,11,0.145454545455,3.23376623377,2.90909090909,1.6,2,1.70026735866,0.584466904538,0.3125,1.03572548135,0.712061268431,0.329545454545,1.57249078621,1.08108741552,0.522727272727,1.13078034691,0.3496790631,3.85714285714,3.23376623377,1.13078034691,3.85714285714,0.333333333333,0.230769230769,3,0.0181818181818,0.257037037037,11,11,11,1,0,0.0909090909091,0.636363636364,0.272727272727,11,23,0.209090909091,NaN,4.18181818182,2.09090909091,2.875,1.83402190926,0.438570456562,0.237154150198,1.04446593573,0.499527186655,0.260869565217,1.97253874256,0.943388094269,0.498023715415,NaN,NaN,NaN,NaN,NaN,NaN,0.543333333333,0.471428571429,11,0.0666666666667,0.227878787879,11,11,0,1,2,0,0.727272727273,0.272727272727,3,0.0272727272727,NaN,0.545454545455,0.0909090909091,0.375,0.144481896548,-0.0260530469335,-0.00830039525692,-0.123282480508,-0.142734442278,-0.0754940711462,0.0325293705137,-0.123617060358,-0.0383399209486,NaN,NaN,NaN,NaN,NaN,NaN,0.0442857142857,0.0714285714286,3,0.0181818181818,-0.0276767676768,-0.0909090909091,0.0909090909091,0,19,4,1,86,0.95,0.955555555556,0.0444444444444,0.05,0.826086956522,0.95,0.883720930233,0.85887074016,0.905555555556,0.791666666667,7,4,0,0,0,0
3165,WLNM_dir_neg,0.875,0.366071428571,00:00:00,10,80,2,1178364351,threshold_sweep,0.6,0.428571428571,0.75,0.545454545455,3,4,1,4,0.75,0.5,0.5,0.25,0.428571428571,0.75,0.545454545455,0.583333333333,0.472222222222,0.210526315789,0.239045721867,0.25,20,16,4,0,20,0,16,0,4,11,20,0.181818181818,3.04338842975,3.63636363636,2,2.5,1.68954001271,0.464623503495,0.245454545455,1.16774841624,0.642261628933,0.336363636364,1.94000937205,1.06700515463,0.536363636364,1.05689877454,0.347276990411,3.54545454545,3.04338842975,1.05689877454,3.54545454545,0.499047619048,0.4,8,0.0484848484848,0.255555555556,11,11,11,1,0,0.0909090909091,0.636363636364,0.272727272727,11,0.145454545455,3.23376623377,2.90909090909,1.6,2,1.70026735866,0.584466904538,0.3125,1.03572548135,0.712061268431,0.329545454545,1.57249078621,1.08108741552,0.522727272727,1.13078034691,0.3496790631,3.85714285714,3.23376623377,1.13078034691,3.85714285714,0.333333333333,0.230769230769,3,0.0181818181818,0.257037037037,11,11,11,1,0,0.0909090909091,0.636363636364,0.272727272727,11,23,0.209090909091,NaN,4.18181818182,2.09090909091,2.875,1.83402190926,0.438570456562,0.237154150198,1.04446593573,0.499527186655,0.260869565217,1.97253874256,0.943388094269,0.498023715415,NaN,NaN,NaN,NaN,NaN,NaN,0.543333333333,0.471428571429,11,0.0666666666667,0.227878787879,11,11,0,1,2,0,0.727272727273,0.272727272727,3,0.0272727272727,NaN,0.545454545455,0.0909090909091,0.375,0.144481896548,-0.0260530469335,-0.00830039525692,-0.123282480508,-0.142734442278,-0.0754940711462,0.0325293705137,-0.123617060358,-0.0383399209486,NaN,NaN,NaN,NaN,NaN,NaN,0.0442857142857,0.0714285714286,3,0.0181818181818,-0.0276767676768,-0.0909090909091,0.0909090909091,0,19,4,1,86,0.95,0.955555555556,0.0444444444444,0.05,0.826086956522,0.95,0.883720930233,0.85887074016,0.905555555556,0.791666666667,7,4,0,0,0,0
3166,WLNM_dir_neg,0.875,0.366071428571,00:00:00,10,80,2,1178364351,threshold_sweep,0.7,0.428571428571,0.75,0.545454545455,3,4,1,4,0.75,0.5,0.5,0.25,0.428571428571,0.75,0.545454545455,0.583333333333,0.472222222222,0.210526315789,0.239045721867,0.25,20,16,4,0,20,0,16,0,4,11,20,0.181818181818,3.04338842975,3.63636363636,2,2.5,1.68954001271,0.464623503495,0.245454545455,1.16774841624,0.642261628933,0.336363636364,1.94000937205,1.06700515463,0.536363636364,1.05689877454,0.347276990411,3.54545454545,3.04338842975,1.05689877454,3.54545454545,0.499047619048,0.4,8,0.0484848484848,0.255555555556,11,11,11,1,0,0.0909090909091,0.636363636364,0.272727272727,11,0.145454545455,3.23376623377,2.90909090909,1.6,2,1.70026735866,0.584466904538,0.3125,1.03572548135,0.712061268431,0.329545454545,1.57249078621,1.08108741552,0.522727272727,1.13078034691,0.3496790631,3.85714285714,3.23376623377,1.13078034691,3.85714285714,0.333333333333,0.230769230769,3,0.0181818181818,0.257037037037,11,11,11,1,0,0.0909090909091,0.636363636364,0.272727272727,11,23,0.209090909091,NaN,4.18181818182,2.09090909091,2.875,1.83402190926,0.438570456562,0.237154150198,1.04446593573,0.499527186655,0.260869565217,1.97253874256,0.943388094269,0.498023715415,NaN,NaN,NaN,NaN,NaN,NaN,0.543333333333,0.471428571429,11,0.0666666666667,0.227878787879,11,11,0,1,2,0,0.727272727273,0.272727272727,3,0.0272727272727,NaN,0.545454545455,0.0909090909091,0.375,0.144481896548,-0.0260530469335,-0.00830039525692,-0.123282480508,-0.142734442278,-0.0754940711462,0.0325293705137,-0.123617060358,-0.0383399209486,NaN,NaN,NaN,NaN,NaN,NaN,0.0442857142857,0.0714285714286,3,0.0181818181818,-0.0276767676768,-0.0909090909091,0.0909090909091,0,19,4,1,86,0.95,0.955555555556,0.0444444444444,0.05,0.826086956522,0.95,0.883720930233,0.85887074016,0.905555555556,0.791666666667,7,4,0,0,0,0
3167,WLNM_dir_neg,0.875,0.366071428571,00:00:00,10,80,2,1178364351,threshold_sweep,0.8,0.428571428571,0.75,0.545454545455,3,4,1,4,0.75,0.5,0.5,0.25,0.428571428571,0.75,0.545454545455,0.583333333333,0.472222222222,0.210526315789,0.239045721867,0.25,20,16,4,0,20,0,16,0,4,11,20,0.181818181818,3.04338842975,3.63636363636,2,2.5,1.68954001271,0.464623503495,0.245454545455,1.16774841624,0.642261628933,0.336363636364,1.94000937205,1.06700515463,0.536363636364,1.05689877454,0.347276990411,3.54545454545,3.04338842975,1.05689877454,3.54545454545,0.499047619048,0.4,8,0.0484848484848,0.255555555556,11,11,11,1,0,0.0909090909091,0.636363636364,0.272727272727,11,0.145454545455,3.23376623377,2.90909090909,1.6,2,1.70026735866,0.584466904538,0.3125,1.03572548135,0.712061268431,0.329545454545,1.57249078621,1.08108741552,0.522727272727,1.13078034691,0.3496790631,3.85714285714,3.23376623377,1.13078034691,3.85714285714,0.333333333333,0.230769230769,3,0.0181818181818,0.257037037037,11,11,11,1,0,0.0909090909091,0.636363636364,0.272727272727,11,23,0.209090909091,NaN,4.18181818182,2.09090909091,2.875,1.83402190926,0.438570456562,0.237154150198,1.04446593573,0.499527186655,0.260869565217,1.97253874256,0.943388094269,0.498023715415,NaN,NaN,NaN,NaN,NaN,NaN,0.543333333333,0.471428571429,11,0.0666666666667,0.227878787879,11,11,0,1,2,0,0.727272727273,0.272727272727,3,0.0272727272727,NaN,0.545454545455,0.0909090909091,0.375,0.144481896548,-0.0260530469335,-0.00830039525692,-0.123282480508,-0.142734442278,-0.0754940711462,0.0325293705137,-0.123617060358,-0.0383399209486,NaN,NaN,NaN,NaN,NaN,NaN,0.0442857142857,0.0714285714286,3,0.0181818181818,-0.0276767676768,-0.0909090909091,0.0909090909091,0,19,4,1,86,0.95,0.955555555556,0.0444444444444,0.05,0.826086956522,0.95,0.883720930233,0.85887074016,0.905555555556,0.791666666667,7,4,0,0,0,0
3168,WLNM_dir_neg,0.875,0.366071428571,00:00:00,10,80,2,1178364351,threshold_sweep,0.9,0.428571428571,0.75,0.545454545455,3,4,1,4,0.75,0.5,0.5,0.25,0.428571428571,0.75,0.545454545455,0.583333333333,0.472222222222,0.210526315789,0.239045721867,0.25,20,16,4,0,20,0,16,0,4,11,20,0.181818181818,3.04338842975,3.63636363636,2,2.5,1.68954001271,0.464623503495,0.245454545455,1.16774841624,0.642261628933,0.336363636364,1.94000937205,1.06700515463,0.536363636364,1.05689877454,0.347276990411,3.54545454545,3.04338842975,1.05689877454,3.54545454545,0.499047619048,0.4,8,0.0484848484848,0.255555555556,11,11,11,1,0,0.0909090909091,0.636363636364,0.272727272727,11,0.145454545455,3.23376623377,2.90909090909,1.6,2,1.70026735866,0.584466904538,0.3125,1.03572548135,0.712061268431,0.329545454545,1.57249078621,1.08108741552,0.522727272727,1.13078034691,0.3496790631,3.85714285714,3.23376623377,1.13078034691,3.85714285714,0.333333333333,0.230769230769,3,0.0181818181818,0.257037037037,11,11,11,1,0,0.0909090909091,0.636363636364,0.272727272727,11,23,0.209090909091,NaN,4.18181818182,2.09090909091,2.875,1.83402190926,0.438570456562,0.237154150198,1.04446593573,0.499527186655,0.260869565217,1.97253874256,0.943388094269,0.498023715415,NaN,NaN,NaN,NaN,NaN,NaN,0.543333333333,0.471428571429,11,0.0666666666667,0.227878787879,11,11,0,1,2,0,0.727272727273,0.272727272727,3,0.0272727272727,NaN,0.545454545455,0.0909090909091,0.375,0.144481896548,-0.0260530469335,-0.00830039525692,-0.123282480508,-0.142734442278,-0.0754940711462,0.0325293705137,-0.123617060358,-0.0383399209486,NaN,NaN,NaN,NaN,NaN,NaN,0.0442857142857,0.0714285714286,3,0.0181818181818,-0.0276767676768,-0.0909090909091,0.0909090909091,0,19,4,1,86,0.95,0.955555555556,0.0444444444444,0.05,0.826086956522,0.95,0.883720930233,0.85887074016,0.905555555556,0.791666666667,7,4,0,0,0,0
3169,WLNM_dir_neg,0.71875,0.502840909091,00:00:00,10,80,3,1178364352,threshold_sweep,0.1,0.75,0.75,0.75,3,1,1,7,0.75,0.875,0.125,0.25,0.75,0.75,0.75,0.833333333333,0.555555555556,0.625,0.625,0.625,20,16,4,0,20,0,16,0,4,11,20,0.181818181818,3.04338842975,3.63636363636,2,2.5,1.68954001271,0.464623503495,0.245454545455,1.16774841624,0.642261628933,0.336363636364,1.94000937205,1.06700515463,0.536363636364,1.05689877454,0.347276990411,3.54545454545,3.04338842975,1.05689877454,3.54545454545,0.499047619048,0.4,8,0.0484848484848,0.255555555556,11,11,11,1,0,0.0909090909091,0.636363636364,0.272727272727,11,0.145454545455,3.29545454545,2.90909090909,1.6,2,1.578261414,0.542527361061,0.284090909091,1.03572548135,0.712061268431,0.329545454545,1.50755672289,1.03644524699,0.511363636364,1.37303578713,0.4166453423,5,3.29545454545,1.37303578713,5,0.3625,0.236842105263,3,0.0181818181818,0.211851851852,11,11,11,1,0,0.0909090909091,0.636363636364,0.272727272727,11,20,0.181818181818,4.8347107438,3.63636363636,2,2.22222222222,1.62927758671,0.448051336344,0.231818181818,1.07871977994,0.593295878968,0.3,1.66241882919,0.914330356053,0.463636363636,1.68518002168,0.348558602776,5.83636363636,4.8347107438,1.68518002168,5.83636363636,0.582380952381,0.406779661017,8,0.0484848484848,0.222592592593,11,11,11,1,0,0.0909090909091,0.727272727273,0.181818181818,0,0,1.79132231405,0,0,-0.277777777778,-0.0602624260023,-0.0165721671506,-0.0136363636364,-0.0890286363011,-0.0489657499656,-0.0363636363636,-0.277590542861,-0.152674798574,-0.0727272727273,0.628281247148,0.00128161236445,2.29090909091,1.79132231405,0.628281247148,2.29090909091,0.0833333333333,0.00677966101695,0,0,-0.032962962963,0,0.0909090909091,-0.0909090909091,19,1,1,89,0.95,0.988888888889,0.0111111111111,0.05,0.95,0.95,0.95,0.938888888889,0.938888888889,0.904761904762,4,4,0,0,0,0
3170,WLNM_dir_neg,0.71875,0.502840909091,00:00:00,10,80,3,1178364352,threshold_sweep,0.2,0.75,0.75,0.75,3,1,1,7,0.75,0.875,0.125,0.25,0.75,0.75,0.75,0.833333333333,0.555555555556,0.625,0.625,0.625,20,16,4,0,20,0,16,0,4,11,20,0.181818181818,3.04338842975,3.63636363636,2,2.5,1.68954001271,0.464623503495,0.245454545455,1.16774841624,0.642261628933,0.336363636364,1.94000937205,1.06700515463,0.536363636364,1.05689877454,0.347276990411,3.54545454545,3.04338842975,1.05689877454,3.54545454545,0.499047619048,0.4,8,0.0484848484848,0.255555555556,11,11,11,1,0,0.0909090909091,0.636363636364,0.272727272727,11,0.145454545455,3.29545454545,2.90909090909,1.6,2,1.578261414,0.542527361061,0.284090909091,1.03572548135,0.712061268431,0.329545454545,1.50755672289,1.03644524699,0.511363636364,1.37303578713,0.4166453423,5,3.29545454545,1.37303578713,5,0.3625,0.236842105263,3,0.0181818181818,0.211851851852,11,11,11,1,0,0.0909090909091,0.636363636364,0.272727272727,11,20,0.181818181818,4.8347107438,3.63636363636,2,2.22222222222,1.62927758671,0.448051336344,0.231818181818,1.07871977994,0.593295878968,0.3,1.66241882919,0.914330356053,0.463636363636,1.68518002168,0.348558602776,5.83636363636,4.8347107438,1.68518002168,5.83636363636,0.582380952381,0.406779661017,8,0.0484848484848,0.222592592593,11,11,11,1,0,0.0909090909091,0.727272727273,0.181818181818,0,0,1.79132231405,0,0,-0.277777777778,-0.0602624260023,-0.0165721671506,-0.0136363636364,-0.0890286363011,-0.0489657499656,-0.0363636363636,-0.277590542861,-0.152674798574,-0.0727272727273,0.628281247148,0.00128161236445,2.29090909091,1.79132231405,0.628281247148,2.29090909091,0.0833333333333,0.00677966101695,0,0,-0.032962962963,0,0.0909090909091,-0.0909090909091,19,1,1,89,0.95,0.988888888889,0.0111111111111,0.05,0.95,0.95,0.95,0.938888888889,0.938888888889,0.904761904762,4,4,0,0,0,0
3171,WLNM_dir_neg,0.71875,0.502840909091,00:00:00,10,80,3,1178364352,threshold_sweep,0.3,0.75,0.75,0.75,3,1,1,7,0.75,0.875,0.125,0.25,0.75,0.75,0.75,0.833333333333,0.555555555556,0.625,0.625,0.625,20,16,4,0,20,0,16,0,4,11,20,0.181818181818,3.04338842975,3.63636363636,2,2.5,1.68954001271,0.464623503495,0.245454545455,1.16774841624,0.642261628933,0.336363636364,1.94000937205,1.06700515463,0.536363636364,1.05689877454,0.347276990411,3.54545454545,3.04338842975,1.05689877454,3.54545454545,0.499047619048,0.4,8,0.0484848484848,0.255555555556,11,11,11,1,0,0.0909090909091,0.636363636364,0.272727272727,11,0.145454545455,3.29545454545,2.90909090909,1.6,2,1.578261414,0.542527361061,0.284090909091,1.03572548135,0.712061268431,0.329545454545,1.50755672289,1.03644524699,0.511363636364,1.37303578713,0.4166453423,5,3.29545454545,1.37303578713,5,0.3625,0.236842105263,3,0.0181818181818,0.211851851852,11,11,11,1,0,0.0909090909091,0.636363636364,0.272727272727,11,20,0.181818181818,4.8347107438,3.63636363636,2,2.22222222222,1.62927758671,0.448051336344,0.231818181818,1.07871977994,0.593295878968,0.3,1.66241882919,0.914330356053,0.463636363636,1.68518002168,0.348558602776,5.83636363636,4.8347107438,1.68518002168,5.83636363636,0.582380952381,0.406779661017,8,0.0484848484848,0.222592592593,11,11,11,1,0,0.0909090909091,0.727272727273,0.181818181818,0,0,1.79132231405,0,0,-0.277777777778,-0.0602624260023,-0.0165721671506,-0.0136363636364,-0.0890286363011,-0.0489657499656,-0.0363636363636,-0.277590542861,-0.152674798574,-0.0727272727273,0.628281247148,0.00128161236445,2.29090909091,1.79132231405,0.628281247148,2.29090909091,0.0833333333333,0.00677966101695,0,0,-0.032962962963,0,0.0909090909091,-0.0909090909091,19,1,1,89,0.95,0.988888888889,0.0111111111111,0.05,0.95,0.95,0.95,0.938888888889,0.938888888889,0.904761904762,4,4,0,0,0,0
3172,WLNM_dir_neg,0.71875,0.502840909091,00:00:00,10,80,3,1178364352,threshold_sweep,0.4,0.75,0.75,0.75,3,1,1,7,0.75,0.875,0.125,0.25,0.75,0.75,0.75,0.833333333333,0.555555555556,0.625,0.625,0.625,20,16,4,0,20,0,16,0,4,11,20,0.181818181818,3.04338842975,3.63636363636,2,2.5,1.68954001271,0.464623503495,0.245454545455,1.16774841624,0.642261628933,0.336363636364,1.94000937205,1.06700515463,0.536363636364,1.05689877454,0.347276990411,3.54545454545,3.04338842975,1.05689877454,3.54545454545,0.499047619048,0.4,8,0.0484848484848,0.255555555556,11,11,11,1,0,0.0909090909091,0.636363636364,0.272727272727,11,0.145454545455,3.29545454545,2.90909090909,1.6,2,1.578261414,0.542527361061,0.284090909091,1.03572548135,0.712061268431,0.329545454545,1.50755672289,1.03644524699,0.511363636364,1.37303578713,0.4166453423,5,3.29545454545,1.37303578713,5,0.3625,0.236842105263,3,0.0181818181818,0.211851851852,11,11,11,1,0,0.0909090909091,0.636363636364,0.272727272727,11,20,0.181818181818,4.8347107438,3.63636363636,2,2.22222222222,1.62927758671,0.448051336344,0.231818181818,1.07871977994,0.593295878968,0.3,1.66241882919,0.914330356053,0.463636363636,1.68518002168,0.348558602776,5.83636363636,4.8347107438,1.68518002168,5.83636363636,0.582380952381,0.406779661017,8,0.0484848484848,0.222592592593,11,11,11,1,0,0.0909090909091,0.727272727273,0.181818181818,0,0,1.79132231405,0,0,-0.277777777778,-0.0602624260023,-0.0165721671506,-0.0136363636364,-0.0890286363011,-0.0489657499656,-0.0363636363636,-0.277590542861,-0.152674798574,-0.0727272727273,0.628281247148,0.00128161236445,2.29090909091,1.79132231405,0.628281247148,2.29090909091,0.0833333333333,0.00677966101695,0,0,-0.032962962963,0,0.0909090909091,-0.0909090909091,19,1,1,89,0.95,0.988888888889,0.0111111111111,0.05,0.95,0.95,0.95,0.938888888889,0.938888888889,0.904761904762,4,4,0,0,0,0
3173,WLNM_dir_neg,0.71875,0.502840909091,00:00:00,10,80,3,1178364352,threshold_sweep,0.5,0.75,0.75,0.75,3,1,1,7,0.75,0.875,0.125,0.25,0.75,0.75,0.75,0.833333333333,0.555555555556,0.625,0.625,0.625,20,16,4,0,20,0,16,0,4,11,20,0.181818181818,3.04338842975,3.63636363636,2,2.5,1.68954001271,0.464623503495,0.245454545455,1.16774841624,0.642261628933,0.336363636364,1.94000937205,1.06700515463,0.536363636364,1.05689877454,0.347276990411,3.54545454545,3.04338842975,1.05689877454,3.54545454545,0.499047619048,0.4,8,0.0484848484848,0.255555555556,11,11,11,1,0,0.0909090909091,0.636363636364,0.272727272727,11,0.145454545455,3.29545454545,2.90909090909,1.6,2,1.578261414,0.542527361061,0.284090909091,1.03572548135,0.712061268431,0.329545454545,1.50755672289,1.03644524699,0.511363636364,1.37303578713,0.4166453423,5,3.29545454545,1.37303578713,5,0.3625,0.236842105263,3,0.0181818181818,0.211851851852,11,11,11,1,0,0.0909090909091,0.636363636364,0.272727272727,11,20,0.181818181818,4.8347107438,3.63636363636,2,2.22222222222,1.62927758671,0.448051336344,0.231818181818,1.07871977994,0.593295878968,0.3,1.66241882919,0.914330356053,0.463636363636,1.68518002168,0.348558602776,5.83636363636,4.8347107438,1.68518002168,5.83636363636,0.582380952381,0.406779661017,8,0.0484848484848,0.222592592593,11,11,11,1,0,0.0909090909091,0.727272727273,0.181818181818,0,0,1.79132231405,0,0,-0.277777777778,-0.0602624260023,-0.0165721671506,-0.0136363636364,-0.0890286363011,-0.0489657499656,-0.0363636363636,-0.277590542861,-0.152674798574,-0.0727272727273,0.628281247148,0.00128161236445,2.29090909091,1.79132231405,0.628281247148,2.29090909091,0.0833333333333,0.00677966101695,0,0,-0.032962962963,0,0.0909090909091,-0.0909090909091,19,1,1,89,0.95,0.988888888889,0.0111111111111,0.05,0.95,0.95,0.95,0.938888888889,0.938888888889,0.904761904762,4,4,0,0,0,0
3174,WLNM_dir_neg,0.71875,0.502840909091,00:00:00,10,80,3,1178364352,threshold_sweep,0.6,0.75,0.75,0.75,3,1,1,7,0.75,0.875,0.125,0.25,0.75,0.75,0.75,0.833333333333,0.555555555556,0.625,0.625,0.625,20,16,4,0,20,0,16,0,4,11,20,0.181818181818,3.04338842975,3.63636363636,2,2.5,1.68954001271,0.464623503495,0.245454545455,1.16774841624,0.642261628933,0.336363636364,1.94000937205,1.06700515463,0.536363636364,1.05689877454,0.347276990411,3.54545454545,3.04338842975,1.05689877454,3.54545454545,0.499047619048,0.4,8,0.0484848484848,0.255555555556,11,11,11,1,0,0.0909090909091,0.636363636364,0.272727272727,11,0.145454545455,3.29545454545,2.90909090909,1.6,2,1.578261414,0.542527361061,0.284090909091,1.03572548135,0.712061268431,0.329545454545,1.50755672289,1.03644524699,0.511363636364,1.37303578713,0.4166453423,5,3.29545454545,1.37303578713,5,0.3625,0.236842105263,3,0.0181818181818,0.211851851852,11,11,11,1,0,0.0909090909091,0.636363636364,0.272727272727,11,20,0.181818181818,4.8347107438,3.63636363636,2,2.22222222222,1.62927758671,0.448051336344,0.231818181818,1.07871977994,0.593295878968,0.3,1.66241882919,0.914330356053,0.463636363636,1.68518002168,0.348558602776,5.83636363636,4.8347107438,1.68518002168,5.83636363636,0.582380952381,0.406779661017,8,0.0484848484848,0.222592592593,11,11,11,1,0,0.0909090909091,0.727272727273,0.181818181818,0,0,1.79132231405,0,0,-0.277777777778,-0.0602624260023,-0.0165721671506,-0.0136363636364,-0.0890286363011,-0.0489657499656,-0.0363636363636,-0.277590542861,-0.152674798574,-0.0727272727273,0.628281247148,0.00128161236445,2.29090909091,1.79132231405,0.628281247148,2.29090909091,0.0833333333333,0.00677966101695,0,0,-0.032962962963,0,0.0909090909091,-0.0909090909091,19,1,1,89,0.95,0.988888888889,0.0111111111111,0.05,0.95,0.95,0.95,0.938888888889,0.938888888889,0.904761904762,4,4,0,0,0,0
3175,WLNM_dir_neg,0.71875,0.502840909091,00:00:00,10,80,3,1178364352,threshold_sweep,0.7,0.75,0.75,0.75,3,1,1,7,0.75,0.875,0.125,0.25,0.75,0.75,0.75,0.833333333333,0.555555555556,0.625,0.625,0.625,20,16,4,0,20,0,16,0,4,11,20,0.181818181818,3.04338842975,3.63636363636,2,2.5,1.68954001271,0.464623503495,0.245454545455,1.16774841624,0.642261628933,0.336363636364,1.94000937205,1.06700515463,0.536363636364,1.05689877454,0.347276990411,3.54545454545,3.04338842975,1.05689877454,3.54545454545,0.499047619048,0.4,8,0.0484848484848,0.255555555556,11,11,11,1,0,0.0909090909091,0.636363636364,0.272727272727,11,0.145454545455,3.29545454545,2.90909090909,1.6,2,1.578261414,0.542527361061,0.284090909091,1.03572548135,0.712061268431,0.329545454545,1.50755672289,1.03644524699,0.511363636364,1.37303578713,0.4166453423,5,3.29545454545,1.37303578713,5,0.3625,0.236842105263,3,0.0181818181818,0.211851851852,11,11,11,1,0,0.0909090909091,0.636363636364,0.272727272727,11,20,0.181818181818,4.8347107438,3.63636363636,2,2.22222222222,1.62927758671,0.448051336344,0.231818181818,1.07871977994,0.593295878968,0.3,1.66241882919,0.914330356053,0.463636363636,1.68518002168,0.348558602776,5.83636363636,4.8347107438,1.68518002168,5.83636363636,0.582380952381,0.406779661017,8,0.0484848484848,0.222592592593,11,11,11,1,0,0.0909090909091,0.727272727273,0.181818181818,0,0,1.79132231405,0,0,-0.277777777778,-0.0602624260023,-0.0165721671506,-0.0136363636364,-0.0890286363011,-0.0489657499656,-0.0363636363636,-0.277590542861,-0.152674798574,-0.0727272727273,0.628281247148,0.00128161236445,2.29090909091,1.79132231405,0.628281247148,2.29090909091,0.0833333333333,0.00677966101695,0,0,-0.032962962963,0,0.0909090909091,-0.0909090909091,19,1,1,89,0.95,0.988888888889,0.0111111111111,0.05,0.95,0.95,0.95,0.938888888889,0.938888888889,0.904761904762,4,4,0,0,0,0
3176,WLNM_dir_neg,0.71875,0.502840909091,00:00:00,10,80,3,1178364352,threshold_sweep,0.8,0.666666666667,0.5,0.571428571429,2,1,2,7,0.5,0.875,0.125,0.5,0.666666666667,0.5,0.571428571429,0.75,0.583333333333,0.4,0.408248290464,0.375,20,16,4,0,20,0,16,0,4,11,20,0.181818181818,3.04338842975,3.63636363636,2,2.5,1.68954001271,0.464623503495,0.245454545455,1.16774841624,0.642261628933,0.336363636364,1.94000937205,1.06700515463,0.536363636364,1.05689877454,0.347276990411,3.54545454545,3.04338842975,1.05689877454,3.54545454545,0.499047619048,0.4,8,0.0484848484848,0.255555555556,11,11,11,1,0,0.0909090909091,0.636363636364,0.272727272727,11,0.145454545455,3.29545454545,2.90909090909,1.6,2,1.578261414,0.542527361061,0.284090909091,1.03572548135,0.712061268431,0.329545454545,1.50755672289,1.03644524699,0.511363636364,1.37303578713,0.4166453423,5,3.29545454545,1.37303578713,5,0.3625,0.236842105263,3,0.0181818181818,0.211851851852,11,11,11,1,0,0.0909090909091,0.636363636364,0.272727272727,11,19,0.172727272727,4.98016528926,3.45454545455,1.9,2.11111111111,1.80906806747,0.523677598477,0.277511961722,1.1037127426,0.638991587822,0.325358851675,1.61807966991,0.936782966791,0.468899521531,1.63629200945,0.328561787494,5.83636363636,4.98016528926,1.63629200945,5.83636363636,0.567724867725,0.375,7,0.0424242424242,0.237407407407,11,11,11,1,0,0.0909090909091,0.727272727273,0.181818181818,-1,-0.00909090909091,1.9367768595,-0.181818181818,-0.1,-0.388888888889,0.119528054757,0.0590540949821,0.0320574162679,-0.0640356736404,-0.0032700411111,-0.011004784689,-0.321929702137,-0.130222187836,-0.0674641148325,0.579393234915,-0.0187152029177,2.29090909091,1.9367768595,0.579393234915,2.29090909091,0.0686772486772,-0.025,-1,-0.00606060606061,-0.0181481481481,0,0.0909090909091,-0.0909090909091,18,1,2,89,0.9,0.988888888889,0.0111111111111,0.1,0.947368421053,0.9,0.923076923077,0.906956031802,0.888888888889,0.857142857143,3,4,0,0,0,0
3177,WLNM_dir_neg,0.71875,0.502840909091,00:00:00,10,80,3,1178364352,threshold_sweep,0.9,0.666666666667,0.5,0.571428571429,2,1,2,7,0.5,0.875,0.125,0.5,0.666666666667,0.5,0.571428571429,0.75,0.583333333333,0.4,0.408248290464,0.375,20,16,4,0,20,0,16,0,4,11,20,0.181818181818,3.04338842975,3.63636363636,2,2.5,1.68954001271,0.464623503495,0.245454545455,1.16774841624,0.642261628933,0.336363636364,1.94000937205,1.06700515463,0.536363636364,1.05689877454,0.347276990411,3.54545454545,3.04338842975,1.05689877454,3.54545454545,0.499047619048,0.4,8,0.0484848484848,0.255555555556,11,11,11,1,0,0.0909090909091,0.636363636364,0.272727272727,11,0.145454545455,3.29545454545,2.90909090909,1.6,2,1.578261414,0.542527361061,0.284090909091,1.03572548135,0.712061268431,0.329545454545,1.50755672289,1.03644524699,0.511363636364,1.37303578713,0.4166453423,5,3.29545454545,1.37303578713,5,0.3625,0.236842105263,3,0.0181818181818,0.211851851852,11,11,11,1,0,0.0909090909091,0.636363636364,0.272727272727,11,19,0.172727272727,4.98016528926,3.45454545455,1.9,2.11111111111,1.80906806747,0.523677598477,0.277511961722,1.1037127426,0.638991587822,0.325358851675,1.61807966991,0.936782966791,0.468899521531,1.63629200945,0.328561787494,5.83636363636,4.98016528926,1.63629200945,5.83636363636,0.567724867725,0.375,7,0.0424242424242,0.237407407407,11,11,11,1,0,0.0909090909091,0.727272727273,0.181818181818,-1,-0.00909090909091,1.9367768595,-0.181818181818,-0.1,-0.388888888889,0.119528054757,0.0590540949821,0.0320574162679,-0.0640356736404,-0.0032700411111,-0.011004784689,-0.321929702137,-0.130222187836,-0.0674641148325,0.579393234915,-0.0187152029177,2.29090909091,1.9367768595,0.579393234915,2.29090909091,0.0686772486772,-0.025,-1,-0.00606060606061,-0.0181481481481,0,0.0909090909091,-0.0909090909091,18,1,2,89,0.9,0.988888888889,0.0111111111111,0.1,0.947368421053,0.9,0.923076923077,0.906956031802,0.888888888889,0.857142857143,3,4,0,0,0,0
3178,WLNM_dir_neg,0.9375,0.370833333333,00:00:00,10,80,4,1178364353,threshold_sweep,0.1,0.5,1,0.666666666667,4,4,0,4,1,0.5,0.5,0,0.5,1,0.666666666667,0.666666666667,0.444444444444,0.4,0.5,0.5,20,16,4,0,20,0,16,0,4,11,20,0.181818181818,3.04338842975,3.63636363636,2,2.5,1.68954001271,0.464623503495,0.245454545455,1.16774841624,0.642261628933,0.336363636364,1.94000937205,1.06700515463,0.536363636364,1.05689877454,0.347276990411,3.54545454545,3.04338842975,1.05689877454,3.54545454545,0.499047619048,0.4,8,0.0484848484848,0.255555555556,11,11,11,1,0,0.0909090909091,0.636363636364,0.272727272727,11,0.145454545455,3.22727272727,2.90909090909,1.6,2,1.64039906453,0.563887178432,0.295454545455,0.934198732994,0.642261628933,0.318181818182,1.57249078621,1.08108741552,0.522727272727,1.12196560472,0.34765131414,3.875,3.22727272727,1.12196560472,3.875,0.208333333333,0.157894736842,2,0.0121212121212,0.26,11,11,11,1,0,0.0909090909091,0.636363636364,0.272727272727,11,24,0.218181818182,NaN,4.36363636364,2.18181818182,2.18181818182,2.11057941204,0.483674448593,0.219696969697,1.16774841624,0.535218024111,0.280303030303,1.77866139657,0.81521980676,0.378787878788,NaN,NaN,NaN,NaN,NaN,NaN,0.588333333333,0.434210526316,11,0.0666666666667,0.214848484848,11,11,0,1,2,0,1,0,4,0.0363636363636,NaN,0.727272727273,0.181818181818,-0.318181818182,0.421039399335,0.0190509450985,-0.0257575757576,0,-0.107043604822,-0.0560606060606,-0.161347975482,-0.251785347867,-0.157575757576,NaN,NaN,NaN,NaN,NaN,NaN,0.0892857142857,0.0342105263158,3,0.0181818181818,-0.0407070707071,-0.0909090909091,0.363636363636,-0.272727272727,20,4,0,86,1,0.955555555556,0.0444444444444,0,0.833333333333,1,0.909090909091,0.892354355789,0.955555555556,0.833333333333,8,4,0,0,0,0
3179,WLNM_dir_neg,0.9375,0.370833333333,00:00:00,10,80,4,1178364353,threshold_sweep,0.2,0.8,1,0.888888888889,4,1,0,7,1,0.875,0.125,0,0.8,1,0.888888888889,0.916666666667,0.527777777778,0.823529411765,0.836660026534,0.875,20,16,4,0,20,0,16,0,4,11,20,0.181818181818,3.04338842975,3.63636363636,2,2.5,1.68954001271,0.464623503495,0.245454545455,1.16774841624,0.642261628933,0.336363636364,1.94000937205,1.06700515463,0.536363636364,1.05689877454,0.347276990411,3.54545454545,3.04338842975,1.05689877454,3.54545454545,0.499047619048,0.4,8,0.0484848484848,0.255555555556,11,11,11,1,0,0.0909090909091,0.636363636364,0.272727272727,11,0.145454545455,3.22727272727,2.90909090909,1.6,2,1.64039906453,0.563887178432,0.295454545455,0.934198732994,0.642261628933,0.318181818182,1.57249078621,1.08108741552,0.522727272727,1.12196560472,0.34765131414,3.875,3.22727272727,1.12196560472,3.875,0.208333333333,0.157894736842,2,0.0121212121212,0.26,11,11,11,1,0,0.0909090909091,0.636363636364,0.272727272727,11,21,0.190909090909,NaN,3.81818181818,1.90909090909,2.625,1.72152152575,0.450874685317,0.238095238095,1.04446593573,0.547101204432,0.277056277056,2.02259958739,1.05945692673,0.536796536797,NaN,NaN,NaN,NaN,NaN,NaN,0.477142857143,0.402985074627,9,0.0545454545455,0.225757575758,11,11,0,1,2,0,0.727272727273,0.272727272727,1,0.00909090909091,NaN,0.181818181818,-0.0909090909091,0.125,0.0319815130454,-0.0137488181784,-0.00735930735931,-0.123282480508,-0.0951604245011,-0.0593073593074,0.0825902153411,-0.00754822789877,0.0004329004329,NaN,NaN,NaN,NaN,NaN,NaN,-0.0219047619048,0.00298507462687,1,0.00606060606061,-0.029797979798,-0.0909090909091,0.0909090909091,0,20,1,0,89,1,0.988888888889,0.0111111111111,0,0.952380952381,1,0.975609756098,0.970463261437,0.988888888889,0.952380952381,5,4,0,0,0,0
3180,WLNM_dir_neg,0.9375,0.370833333333,00:00:00,10,80,4,1178364353,threshold_sweep,0.3,0.8,1,0.888888888889,4,1,0,7,1,0.875,0.125,0,0.8,1,0.888888888889,0.916666666667,0.527777777778,0.823529411765,0.836660026534,0.875,20,16,4,0,20,0,16,0,4,11,20,0.181818181818,3.04338842975,3.63636363636,2,2.5,1.68954001271,0.464623503495,0.245454545455,1.16774841624,0.642261628933,0.336363636364,1.94000937205,1.06700515463,0.536363636364,1.05689877454,0.347276990411,3.54545454545,3.04338842975,1.05689877454,3.54545454545,0.499047619048,0.4,8,0.0484848484848,0.255555555556,11,11,11,1,0,0.0909090909091,0.636363636364,0.272727272727,11,0.145454545455,3.22727272727,2.90909090909,1.6,2,1.64039906453,0.563887178432,0.295454545455,0.934198732994,0.642261628933,0.318181818182,1.57249078621,1.08108741552,0.522727272727,1.12196560472,0.34765131414,3.875,3.22727272727,1.12196560472,3.875,0.208333333333,0.157894736842,2,0.0121212121212,0.26,11,11,11,1,0,0.0909090909091,0.636363636364,0.272727272727,11,21,0.190909090909,NaN,3.81818181818,1.90909090909,2.625,1.72152152575,0.450874685317,0.238095238095,1.04446593573,0.547101204432,0.277056277056,2.02259958739,1.05945692673,0.536796536797,NaN,NaN,NaN,NaN,NaN,NaN,0.477142857143,0.402985074627,9,0.0545454545455,0.225757575758,11,11,0,1,2,0,0.727272727273,0.272727272727,1,0.00909090909091,NaN,0.181818181818,-0.0909090909091,0.125,0.0319815130454,-0.0137488181784,-0.00735930735931,-0.123282480508,-0.0951604245011,-0.0593073593074,0.0825902153411,-0.00754822789877,0.0004329004329,NaN,NaN,NaN,NaN,NaN,NaN,-0.0219047619048,0.00298507462687,1,0.00606060606061,-0.029797979798,-0.0909090909091,0.0909090909091,0,20,1,0,89,1,0.988888888889,0.0111111111111,0,0.952380952381,1,0.975609756098,0.970463261437,0.988888888889,0.952380952381,5,4,0,0,0,0
3181,WLNM_dir_neg,0.9375,0.370833333333,00:00:00,10,80,4,1178364353,threshold_sweep,0.4,0.8,1,0.888888888889,4,1,0,7,1,0.875,0.125,0,0.8,1,0.888888888889,0.916666666667,0.527777777778,0.823529411765,0.836660026534,0.875,20,16,4,0,20,0,16,0,4,11,20,0.181818181818,3.04338842975,3.63636363636,2,2.5,1.68954001271,0.464623503495,0.245454545455,1.16774841624,0.642261628933,0.336363636364,1.94000937205,1.06700515463,0.536363636364,1.05689877454,0.347276990411,3.54545454545,3.04338842975,1.05689877454,3.54545454545,0.499047619048,0.4,8,0.0484848484848,0.255555555556,11,11,11,1,0,0.0909090909091,0.636363636364,0.272727272727,11,0.145454545455,3.22727272727,2.90909090909,1.6,2,1.64039906453,0.563887178432,0.295454545455,0.934198732994,0.642261628933,0.318181818182,1.57249078621,1.08108741552,0.522727272727,1.12196560472,0.34765131414,3.875,3.22727272727,1.12196560472,3.875,0.208333333333,0.157894736842,2,0.0121212121212,0.26,11,11,11,1,0,0.0909090909091,0.636363636364,0.272727272727,11,21,0.190909090909,NaN,3.81818181818,1.90909090909,2.625,1.72152152575,0.450874685317,0.238095238095,1.04446593573,0.547101204432,0.277056277056,2.02259958739,1.05945692673,0.536796536797,NaN,NaN,NaN,NaN,NaN,NaN,0.477142857143,0.402985074627,9,0.0545454545455,0.225757575758,11,11,0,1,2,0,0.727272727273,0.272727272727,1,0.00909090909091,NaN,0.181818181818,-0.0909090909091,0.125,0.0319815130454,-0.0137488181784,-0.00735930735931,-0.123282480508,-0.0951604245011,-0.0593073593074,0.0825902153411,-0.00754822789877,0.0004329004329,NaN,NaN,NaN,NaN,NaN,NaN,-0.0219047619048,0.00298507462687,1,0.00606060606061,-0.029797979798,-0.0909090909091,0.0909090909091,0,20,1,0,89,1,0.988888888889,0.0111111111111,0,0.952380952381,1,0.975609756098,0.970463261437,0.988888888889,0.952380952381,5,4,0,0,0,0
3182,WLNM_dir_neg,0.9375,0.370833333333,00:00:00,10,80,4,1178364353,threshold_sweep,0.5,0.8,1,0.888888888889,4,1,0,7,1,0.875,0.125,0,0.8,1,0.888888888889,0.916666666667,0.527777777778,0.823529411765,0.836660026534,0.875,20,16,4,0,20,0,16,0,4,11,20,0.181818181818,3.04338842975,3.63636363636,2,2.5,1.68954001271,0.464623503495,0.245454545455,1.16774841624,0.642261628933,0.336363636364,1.94000937205,1.06700515463,0.536363636364,1.05689877454,0.347276990411,3.54545454545,3.04338842975,1.05689877454,3.54545454545,0.499047619048,0.4,8,0.0484848484848,0.255555555556,11,11,11,1,0,0.0909090909091,0.636363636364,0.272727272727,11,0.145454545455,3.22727272727,2.90909090909,1.6,2,1.64039906453,0.563887178432,0.295454545455,0.934198732994,0.642261628933,0.318181818182,1.57249078621,1.08108741552,0.522727272727,1.12196560472,0.34765131414,3.875,3.22727272727,1.12196560472,3.875,0.208333333333,0.157894736842,2,0.0121212121212,0.26,11,11,11,1,0,0.0909090909091,0.636363636364,0.272727272727,11,21,0.190909090909,NaN,3.81818181818,1.90909090909,2.625,1.72152152575,0.450874685317,0.238095238095,1.04446593573,0.547101204432,0.277056277056,2.02259958739,1.05945692673,0.536796536797,NaN,NaN,NaN,NaN,NaN,NaN,0.477142857143,0.402985074627,9,0.0545454545455,0.225757575758,11,11,0,1,2,0,0.727272727273,0.272727272727,1,0.00909090909091,NaN,0.181818181818,-0.0909090909091,0.125,0.0319815130454,-0.0137488181784,-0.00735930735931,-0.123282480508,-0.0951604245011,-0.0593073593074,0.0825902153411,-0.00754822789877,0.0004329004329,NaN,NaN,NaN,NaN,NaN,NaN,-0.0219047619048,0.00298507462687,1,0.00606060606061,-0.029797979798,-0.0909090909091,0.0909090909091,0,20,1,0,89,1,0.988888888889,0.0111111111111,0,0.952380952381,1,0.975609756098,0.970463261437,0.988888888889,0.952380952381,5,4,0,0,0,0
3183,WLNM_dir_neg,0.9375,0.370833333333,00:00:00,10,80,4,1178364353,threshold_sweep,0.6,0.8,1,0.888888888889,4,1,0,7,1,0.875,0.125,0,0.8,1,0.888888888889,0.916666666667,0.527777777778,0.823529411765,0.836660026534,0.875,20,16,4,0,20,0,16,0,4,11,20,0.181818181818,3.04338842975,3.63636363636,2,2.5,1.68954001271,0.464623503495,0.245454545455,1.16774841624,0.642261628933,0.336363636364,1.94000937205,1.06700515463,0.536363636364,1.05689877454,0.347276990411,3.54545454545,3.04338842975,1.05689877454,3.54545454545,0.499047619048,0.4,8,0.0484848484848,0.255555555556,11,11,11,1,0,0.0909090909091,0.636363636364,0.272727272727,11,0.145454545455,3.22727272727,2.90909090909,1.6,2,1.64039906453,0.563887178432,0.295454545455,0.934198732994,0.642261628933,0.318181818182,1.57249078621,1.08108741552,0.522727272727,1.12196560472,0.34765131414,3.875,3.22727272727,1.12196560472,3.875,0.208333333333,0.157894736842,2,0.0121212121212,0.26,11,11,11,1,0,0.0909090909091,0.636363636364,0.272727272727,11,21,0.190909090909,NaN,3.81818181818,1.90909090909,2.625,1.72152152575,0.450874685317,0.238095238095,1.04446593573,0.547101204432,0.277056277056,2.02259958739,1.05945692673,0.536796536797,NaN,NaN,NaN,NaN,NaN,NaN,0.477142857143,0.402985074627,9,0.0545454545455,0.225757575758,11,11,0,1,2,0,0.727272727273,0.272727272727,1,0.00909090909091,NaN,0.181818181818,-0.0909090909091,0.125,0.0319815130454,-0.0137488181784,-0.00735930735931,-0.123282480508,-0.0951604245011,-0.0593073593074,0.0825902153411,-0.00754822789877,0.0004329004329,NaN,NaN,NaN,NaN,NaN,NaN,-0.0219047619048,0.00298507462687,1,0.00606060606061,-0.029797979798,-0.0909090909091,0.0909090909091,0,20,1,0,89,1,0.988888888889,0.0111111111111,0,0.952380952381,1,0.975609756098,0.970463261437,0.988888888889,0.952380952381,5,4,0,0,0,0
3184,WLNM_dir_neg,0.9375,0.370833333333,00:00:00,10,80,4,1178364353,threshold_sweep,0.7,0.8,1,0.888888888889,4,1,0,7,1,0.875,0.125,0,0.8,1,0.888888888889,0.916666666667,0.527777777778,0.823529411765,0.836660026534,0.875,20,16,4,0,20,0,16,0,4,11,20,0.181818181818,3.04338842975,3.63636363636,2,2.5,1.68954001271,0.464623503495,0.245454545455,1.16774841624,0.642261628933,0.336363636364,1.94000937205,1.06700515463,0.536363636364,1.05689877454,0.347276990411,3.54545454545,3.04338842975,1.05689877454,3.54545454545,0.499047619048,0.4,8,0.0484848484848,0.255555555556,11,11,11,1,0,0.0909090909091,0.636363636364,0.272727272727,11,0.145454545455,3.22727272727,2.90909090909,1.6,2,1.64039906453,0.563887178432,0.295454545455,0.934198732994,0.642261628933,0.318181818182,1.57249078621,1.08108741552,0.522727272727,1.12196560472,0.34765131414,3.875,3.22727272727,1.12196560472,3.875,0.208333333333,0.157894736842,2,0.0121212121212,0.26,11,11,11,1,0,0.0909090909091,0.636363636364,0.272727272727,11,21,0.190909090909,NaN,3.81818181818,1.90909090909,2.625,1.72152152575,0.450874685317,0.238095238095,1.04446593573,0.547101204432,0.277056277056,2.02259958739,1.05945692673,0.536796536797,NaN,NaN,NaN,NaN,NaN,NaN,0.477142857143,0.402985074627,9,0.0545454545455,0.225757575758,11,11,0,1,2,0,0.727272727273,0.272727272727,1,0.00909090909091,NaN,0.181818181818,-0.0909090909091,0.125,0.0319815130454,-0.0137488181784,-0.00735930735931,-0.123282480508,-0.0951604245011,-0.0593073593074,0.0825902153411,-0.00754822789877,0.0004329004329,NaN,NaN,NaN,NaN,NaN,NaN,-0.0219047619048,0.00298507462687,1,0.00606060606061,-0.029797979798,-0.0909090909091,0.0909090909091,0,20,1,0,89,1,0.988888888889,0.0111111111111,0,0.952380952381,1,0.975609756098,0.970463261437,0.988888888889,0.952380952381,5,4,0,0,0,0
3185,WLNM_dir_neg,0.9375,0.370833333333,00:00:00,10,80,4,1178364353,threshold_sweep,0.8,0.75,0.75,0.75,3,1,1,7,0.75,0.875,0.125,0.25,0.75,0.75,0.75,0.833333333333,0.555555555556,0.625,0.625,0.625,20,16,4,0,20,0,16,0,4,11,20,0.181818181818,3.04338842975,3.63636363636,2,2.5,1.68954001271,0.464623503495,0.245454545455,1.16774841624,0.642261628933,0.336363636364,1.94000937205,1.06700515463,0.536363636364,1.05689877454,0.347276990411,3.54545454545,3.04338842975,1.05689877454,3.54545454545,0.499047619048,0.4,8,0.0484848484848,0.255555555556,11,11,11,1,0,0.0909090909091,0.636363636364,0.272727272727,11,0.145454545455,3.22727272727,2.90909090909,1.6,2,1.64039906453,0.563887178432,0.295454545455,0.934198732994,0.642261628933,0.318181818182,1.57249078621,1.08108741552,0.522727272727,1.12196560472,0.34765131414,3.875,3.22727272727,1.12196560472,3.875,0.208333333333,0.157894736842,2,0.0121212121212,0.26,11,11,11,1,0,0.0909090909091,0.636363636364,0.272727272727,11,20,0.181818181818,NaN,3.63636363636,1.81818181818,2.5,1.62927758671,0.448051336344,0.227272727273,0.873862897505,0.480624593628,0.245454545455,1.94000937205,1.06700515463,0.536363636364,NaN,NaN,NaN,NaN,NaN,NaN,0.41380952381,0.35,7,0.0424242424242,0.216363636364,11,11,0,1,2,0,0.727272727273,0.272727272727,0,0,NaN,0,-0.181818181818,0,-0.0602624260023,-0.0165721671506,-0.0181818181818,-0.293885518737,-0.161637035305,-0.0909090909091,0,0,0,NaN,NaN,NaN,NaN,NaN,NaN,-0.0852380952381,-0.05,-1,-0.00606060606061,-0.0391919191919,-0.0909090909091,0.0909090909091,0,19,1,1,89,0.95,0.988888888889,0.0111111111111,0.05,0.95,0.95,0.95,0.938888888889,0.938888888889,0.904761904762,4,4,0,0,0,0
3186,WLNM_dir_neg,0.9375,0.370833333333,00:00:00,10,80,4,1178364353,threshold_sweep,0.9,0.75,0.75,0.75,3,1,1,7,0.75,0.875,0.125,0.25,0.75,0.75,0.75,0.833333333333,0.555555555556,0.625,0.625,0.625,20,16,4,0,20,0,16,0,4,11,20,0.181818181818,3.04338842975,3.63636363636,2,2.5,1.68954001271,0.464623503495,0.245454545455,1.16774841624,0.642261628933,0.336363636364,1.94000937205,1.06700515463,0.536363636364,1.05689877454,0.347276990411,3.54545454545,3.04338842975,1.05689877454,3.54545454545,0.499047619048,0.4,8,0.0484848484848,0.255555555556,11,11,11,1,0,0.0909090909091,0.636363636364,0.272727272727,11,0.145454545455,3.22727272727,2.90909090909,1.6,2,1.64039906453,0.563887178432,0.295454545455,0.934198732994,0.642261628933,0.318181818182,1.57249078621,1.08108741552,0.522727272727,1.12196560472,0.34765131414,3.875,3.22727272727,1.12196560472,3.875,0.208333333333,0.157894736842,2,0.0121212121212,0.26,11,11,11,1,0,0.0909090909091,0.636363636364,0.272727272727,11,20,0.181818181818,NaN,3.63636363636,1.81818181818,2.5,1.62927758671,0.448051336344,0.227272727273,0.873862897505,0.480624593628,0.245454545455,1.94000937205,1.06700515463,0.536363636364,NaN,NaN,NaN,NaN,NaN,NaN,0.41380952381,0.35,7,0.0424242424242,0.216363636364,11,11,0,1,2,0,0.727272727273,0.272727272727,0,0,NaN,0,-0.181818181818,0,-0.0602624260023,-0.0165721671506,-0.0181818181818,-0.293885518737,-0.161637035305,-0.0909090909091,0,0,0,NaN,NaN,NaN,NaN,NaN,NaN,-0.0852380952381,-0.05,-1,-0.00606060606061,-0.0391919191919,-0.0909090909091,0.0909090909091,0,19,1,1,89,0.95,0.988888888889,0.0111111111111,0.05,0.95,0.95,0.95,0.938888888889,0.938888888889,0.904761904762,4,4,0,0,0,0
3187,WLNM_dir_neg,0.46875,0.293912337662,00:00:00,10,80,5,1178364354,threshold_sweep,0.1,0.4,0.5,0.444444444444,2,3,2,5,0.5,0.625,0.375,0.5,0.4,0.5,0.444444444444,0.583333333333,0.527777777778,0.117647058824,0.119522860933,0.125,20,16,4,0,20,0,16,0,4,11,20,0.181818181818,3.04338842975,3.63636363636,2,2.5,1.68954001271,0.464623503495,0.245454545455,1.16774841624,0.642261628933,0.336363636364,1.94000937205,1.06700515463,0.536363636364,1.05689877454,0.347276990411,3.54545454545,3.04338842975,1.05689877454,3.54545454545,0.499047619048,0.4,8,0.0484848484848,0.255555555556,11,11,11,1,0,0.0909090909091,0.636363636364,0.272727272727,11,0.145454545455,3.22727272727,2.90909090909,1.6,2,1.51357493733,0.520291384707,0.261363636364,0.820199532265,0.563887178432,0.284090909091,1.63484778274,1.12395785063,0.534090909091,1.21168552776,0.375451853672,4,3.22727272727,1.21168552776,4,0.426666666667,0.243243243243,3,0.0181818181818,0.227777777778,11,11,11,1,0,0.0909090909091,0.636363636364,0.272727272727,11,21,0.190909090909,4.79166666667,3.81818181818,2.1,2.1,1.32801971508,0.347814687282,0.168831168831,1.04446593573,0.547101204432,0.285714285714,1.578261414,0.826708359712,0.406926406926,1.63589430392,0.341404028645,5.90625,4.79166666667,1.63589430392,5.90625,0.4,0.327272727273,6,0.0363636363636,0.195555555556,11,11,11,1,0,0.0909090909091,0.818181818182,0.0909090909091,1,0.00909090909091,1.74827823691,0.181818181818,0.1,-0.4,-0.361520297631,-0.116808816213,-0.0766233766234,-0.123282480508,-0.0951604245011,-0.0506493506494,-0.361747958052,-0.240296794914,-0.129437229437,0.578995529387,-0.0058729617663,2.36079545455,1.74827823691,0.578995529387,2.36079545455,-0.0990476190476,-0.0727272727273,-2,-0.0121212121212,-0.06,0,0.181818181818,-0.181818181818,18,3,2,87,0.9,0.966666666667,0.0333333333333,0.1,0.857142857143,0.9,0.878048780488,0.850518363956,0.866666666667,0.782608695652,5,4,0,0,0,0
3188,WLNM_dir_neg,0.46875,0.293912337662,00:00:00,10,80,5,1178364354,threshold_sweep,0.2,0.4,0.5,0.444444444444,2,3,2,5,0.5,0.625,0.375,0.5,0.4,0.5,0.444444444444,0.583333333333,0.527777777778,0.117647058824,0.119522860933,0.125,20,16,4,0,20,0,16,0,4,11,20,0.181818181818,3.04338842975,3.63636363636,2,2.5,1.68954001271,0.464623503495,0.245454545455,1.16774841624,0.642261628933,0.336363636364,1.94000937205,1.06700515463,0.536363636364,1.05689877454,0.347276990411,3.54545454545,3.04338842975,1.05689877454,3.54545454545,0.499047619048,0.4,8,0.0484848484848,0.255555555556,11,11,11,1,0,0.0909090909091,0.636363636364,0.272727272727,11,0.145454545455,3.22727272727,2.90909090909,1.6,2,1.51357493733,0.520291384707,0.261363636364,0.820199532265,0.563887178432,0.284090909091,1.63484778274,1.12395785063,0.534090909091,1.21168552776,0.375451853672,4,3.22727272727,1.21168552776,4,0.426666666667,0.243243243243,3,0.0181818181818,0.227777777778,11,11,11,1,0,0.0909090909091,0.636363636364,0.272727272727,11,21,0.190909090909,4.79166666667,3.81818181818,2.1,2.1,1.32801971508,0.347814687282,0.168831168831,1.04446593573,0.547101204432,0.285714285714,1.578261414,0.826708359712,0.406926406926,1.63589430392,0.341404028645,5.90625,4.79166666667,1.63589430392,5.90625,0.4,0.327272727273,6,0.0363636363636,0.195555555556,11,11,11,1,0,0.0909090909091,0.818181818182,0.0909090909091,1,0.00909090909091,1.74827823691,0.181818181818,0.1,-0.4,-0.361520297631,-0.116808816213,-0.0766233766234,-0.123282480508,-0.0951604245011,-0.0506493506494,-0.361747958052,-0.240296794914,-0.129437229437,0.578995529387,-0.0058729617663,2.36079545455,1.74827823691,0.578995529387,2.36079545455,-0.0990476190476,-0.0727272727273,-2,-0.0121212121212,-0.06,0,0.181818181818,-0.181818181818,18,3,2,87,0.9,0.966666666667,0.0333333333333,0.1,0.857142857143,0.9,0.878048780488,0.850518363956,0.866666666667,0.782608695652,5,4,0,0,0,0
3189,WLNM_dir_neg,0.46875,0.293912337662,00:00:00,10,80,5,1178364354,threshold_sweep,0.3,0.25,0.25,0.25,1,3,3,5,0.25,0.625,0.375,0.75,0.25,0.25,0.25,0.5,0.555555555556,-0.125,-0.125,-0.125,20,16,4,0,20,0,16,0,4,11,20,0.181818181818,3.04338842975,3.63636363636,2,2.5,1.68954001271,0.464623503495,0.245454545455,1.16774841624,0.642261628933,0.336363636364,1.94000937205,1.06700515463,0.536363636364,1.05689877454,0.347276990411,3.54545454545,3.04338842975,1.05689877454,3.54545454545,0.499047619048,0.4,8,0.0484848484848,0.255555555556,11,11,11,1,0,0.0909090909091,0.636363636364,0.272727272727,11,0.145454545455,3.22727272727,2.90909090909,1.6,2,1.51357493733,0.520291384707,0.261363636364,0.820199532265,0.563887178432,0.284090909091,1.63484778274,1.12395785063,0.534090909091,1.21168552776,0.375451853672,4,3.22727272727,1.21168552776,4,0.426666666667,0.243243243243,3,0.0181818181818,0.227777777778,11,11,11,1,0,0.0909090909091,0.636363636364,0.272727272727,11,20,0.181818181818,4.83787878788,3.63636363636,2,2,1.36181696808,0.374499666221,0.172727272727,0.981649817214,0.539907399468,0.281818181818,1.53741222957,0.845576726264,0.409090909091,1.69831764646,0.351045927549,6.03333333333,4.83787878788,1.69831764646,6.03333333333,0.483333333333,0.36,6,0.0363636363636,0.188518518519,11,11,11,1,0,0.0909090909091,0.818181818182,0.0909090909091,0,0,1.79449035813,0,0,-0.5,-0.327723044631,-0.0901238372736,-0.0727272727273,-0.186098599028,-0.102354229466,-0.0545454545455,-0.402597142477,-0.221428428362,-0.127272727273,0.641418871925,0.0037689371379,2.48787878788,1.79449035813,0.641418871925,2.48787878788,-0.0157142857143,-0.04,-2,-0.0121212121212,-0.067037037037,0,0.181818181818,-0.181818181818,17,3,3,87,0.85,0.966666666667,0.0333333333333,0.15,0.85,0.85,0.85,0.816666666667,0.816666666667,0.739130434783,4,4,0,0,0,0
3190,WLNM_dir_neg,0.46875,0.293912337662,00:00:00,10,80,5,1178364354,threshold_sweep,0.4,0.25,0.25,0.25,1,3,3,5,0.25,0.625,0.375,0.75,0.25,0.25,0.25,0.5,0.555555555556,-0.125,-0.125,-0.125,20,16,4,0,20,0,16,0,4,11,20,0.181818181818,3.04338842975,3.63636363636,2,2.5,1.68954001271,0.464623503495,0.245454545455,1.16774841624,0.642261628933,0.336363636364,1.94000937205,1.06700515463,0.536363636364,1.05689877454,0.347276990411,3.54545454545,3.04338842975,1.05689877454,3.54545454545,0.499047619048,0.4,8,0.0484848484848,0.255555555556,11,11,11,1,0,0.0909090909091,0.636363636364,0.272727272727,11,0.145454545455,3.22727272727,2.90909090909,1.6,2,1.51357493733,0.520291384707,0.261363636364,0.820199532265,0.563887178432,0.284090909091,1.63484778274,1.12395785063,0.534090909091,1.21168552776,0.375451853672,4,3.22727272727,1.21168552776,4,0.426666666667,0.243243243243,3,0.0181818181818,0.227777777778,11,11,11,1,0,0.0909090909091,0.636363636364,0.272727272727,11,20,0.181818181818,4.83787878788,3.63636363636,2,2,1.36181696808,0.374499666221,0.172727272727,0.981649817214,0.539907399468,0.281818181818,1.53741222957,0.845576726264,0.409090909091,1.69831764646,0.351045927549,6.03333333333,4.83787878788,1.69831764646,6.03333333333,0.483333333333,0.36,6,0.0363636363636,0.188518518519,11,11,11,1,0,0.0909090909091,0.818181818182,0.0909090909091,0,0,1.79449035813,0,0,-0.5,-0.327723044631,-0.0901238372736,-0.0727272727273,-0.186098599028,-0.102354229466,-0.0545454545455,-0.402597142477,-0.221428428362,-0.127272727273,0.641418871925,0.0037689371379,2.48787878788,1.79449035813,0.641418871925,2.48787878788,-0.0157142857143,-0.04,-2,-0.0121212121212,-0.067037037037,0,0.181818181818,-0.181818181818,17,3,3,87,0.85,0.966666666667,0.0333333333333,0.15,0.85,0.85,0.85,0.816666666667,0.816666666667,0.739130434783,4,4,0,0,0,0
3191,WLNM_dir_neg,0.46875,0.293912337662,00:00:00,10,80,5,1178364354,threshold_sweep,0.5,0.25,0.25,0.25,1,3,3,5,0.25,0.625,0.375,0.75,0.25,0.25,0.25,0.5,0.555555555556,-0.125,-0.125,-0.125,20,16,4,0,20,0,16,0,4,11,20,0.181818181818,3.04338842975,3.63636363636,2,2.5,1.68954001271,0.464623503495,0.245454545455,1.16774841624,0.642261628933,0.336363636364,1.94000937205,1.06700515463,0.536363636364,1.05689877454,0.347276990411,3.54545454545,3.04338842975,1.05689877454,3.54545454545,0.499047619048,0.4,8,0.0484848484848,0.255555555556,11,11,11,1,0,0.0909090909091,0.636363636364,0.272727272727,11,0.145454545455,3.22727272727,2.90909090909,1.6,2,1.51357493733,0.520291384707,0.261363636364,0.820199532265,0.563887178432,0.284090909091,1.63484778274,1.12395785063,0.534090909091,1.21168552776,0.375451853672,4,3.22727272727,1.21168552776,4,0.426666666667,0.243243243243,3,0.0181818181818,0.227777777778,11,11,11,1,0,0.0909090909091,0.636363636364,0.272727272727,11,20,0.181818181818,4.83787878788,3.63636363636,2,2,1.36181696808,0.374499666221,0.172727272727,0.981649817214,0.539907399468,0.281818181818,1.53741222957,0.845576726264,0.409090909091,1.69831764646,0.351045927549,6.03333333333,4.83787878788,1.69831764646,6.03333333333,0.483333333333,0.36,6,0.0363636363636,0.188518518519,11,11,11,1,0,0.0909090909091,0.818181818182,0.0909090909091,0,0,1.79449035813,0,0,-0.5,-0.327723044631,-0.0901238372736,-0.0727272727273,-0.186098599028,-0.102354229466,-0.0545454545455,-0.402597142477,-0.221428428362,-0.127272727273,0.641418871925,0.0037689371379,2.48787878788,1.79449035813,0.641418871925,2.48787878788,-0.0157142857143,-0.04,-2,-0.0121212121212,-0.067037037037,0,0.181818181818,-0.181818181818,17,3,3,87,0.85,0.966666666667,0.0333333333333,0.15,0.85,0.85,0.85,0.816666666667,0.816666666667,0.739130434783,4,4,0,0,0,0
3192,WLNM_dir_neg,0.46875,0.293912337662,00:00:00,10,80,5,1178364354,threshold_sweep,0.6,0.25,0.25,0.25,1,3,3,5,0.25,0.625,0.375,0.75,0.25,0.25,0.25,0.5,0.555555555556,-0.125,-0.125,-0.125,20,16,4,0,20,0,16,0,4,11,20,0.181818181818,3.04338842975,3.63636363636,2,2.5,1.68954001271,0.464623503495,0.245454545455,1.16774841624,0.642261628933,0.336363636364,1.94000937205,1.06700515463,0.536363636364,1.05689877454,0.347276990411,3.54545454545,3.04338842975,1.05689877454,3.54545454545,0.499047619048,0.4,8,0.0484848484848,0.255555555556,11,11,11,1,0,0.0909090909091,0.636363636364,0.272727272727,11,0.145454545455,3.22727272727,2.90909090909,1.6,2,1.51357493733,0.520291384707,0.261363636364,0.820199532265,0.563887178432,0.284090909091,1.63484778274,1.12395785063,0.534090909091,1.21168552776,0.375451853672,4,3.22727272727,1.21168552776,4,0.426666666667,0.243243243243,3,0.0181818181818,0.227777777778,11,11,11,1,0,0.0909090909091,0.636363636364,0.272727272727,11,20,0.181818181818,4.83787878788,3.63636363636,2,2,1.36181696808,0.374499666221,0.172727272727,0.981649817214,0.539907399468,0.281818181818,1.53741222957,0.845576726264,0.409090909091,1.69831764646,0.351045927549,6.03333333333,4.83787878788,1.69831764646,6.03333333333,0.483333333333,0.36,6,0.0363636363636,0.188518518519,11,11,11,1,0,0.0909090909091,0.818181818182,0.0909090909091,0,0,1.79449035813,0,0,-0.5,-0.327723044631,-0.0901238372736,-0.0727272727273,-0.186098599028,-0.102354229466,-0.0545454545455,-0.402597142477,-0.221428428362,-0.127272727273,0.641418871925,0.0037689371379,2.48787878788,1.79449035813,0.641418871925,2.48787878788,-0.0157142857143,-0.04,-2,-0.0121212121212,-0.067037037037,0,0.181818181818,-0.181818181818,17,3,3,87,0.85,0.966666666667,0.0333333333333,0.15,0.85,0.85,0.85,0.816666666667,0.816666666667,0.739130434783,4,4,0,0,0,0
3193,WLNM_dir_neg,0.46875,0.293912337662,00:00:00,10,80,5,1178364354,threshold_sweep,0.7,0.25,0.25,0.25,1,3,3,5,0.25,0.625,0.375,0.75,0.25,0.25,0.25,0.5,0.555555555556,-0.125,-0.125,-0.125,20,16,4,0,20,0,16,0,4,11,20,0.181818181818,3.04338842975,3.63636363636,2,2.5,1.68954001271,0.464623503495,0.245454545455,1.16774841624,0.642261628933,0.336363636364,1.94000937205,1.06700515463,0.536363636364,1.05689877454,0.347276990411,3.54545454545,3.04338842975,1.05689877454,3.54545454545,0.499047619048,0.4,8,0.0484848484848,0.255555555556,11,11,11,1,0,0.0909090909091,0.636363636364,0.272727272727,11,0.145454545455,3.22727272727,2.90909090909,1.6,2,1.51357493733,0.520291384707,0.261363636364,0.820199532265,0.563887178432,0.284090909091,1.63484778274,1.12395785063,0.534090909091,1.21168552776,0.375451853672,4,3.22727272727,1.21168552776,4,0.426666666667,0.243243243243,3,0.0181818181818,0.227777777778,11,11,11,1,0,0.0909090909091,0.636363636364,0.272727272727,11,20,0.181818181818,4.83787878788,3.63636363636,2,2,1.36181696808,0.374499666221,0.172727272727,0.981649817214,0.539907399468,0.281818181818,1.53741222957,0.845576726264,0.409090909091,1.69831764646,0.351045927549,6.03333333333,4.83787878788,1.69831764646,6.03333333333,0.483333333333,0.36,6,0.0363636363636,0.188518518519,11,11,11,1,0,0.0909090909091,0.818181818182,0.0909090909091,0,0,1.79449035813,0,0,-0.5,-0.327723044631,-0.0901238372736,-0.0727272727273,-0.186098599028,-0.102354229466,-0.0545454545455,-0.402597142477,-0.221428428362,-0.127272727273,0.641418871925,0.0037689371379,2.48787878788,1.79449035813,0.641418871925,2.48787878788,-0.0157142857143,-0.04,-2,-0.0121212121212,-0.067037037037,0,0.181818181818,-0.181818181818,17,3,3,87,0.85,0.966666666667,0.0333333333333,0.15,0.85,0.85,0.85,0.816666666667,0.816666666667,0.739130434783,4,4,0,0,0,0
3194,WLNM_dir_neg,0.46875,0.293912337662,00:00:00,10,80,5,1178364354,threshold_sweep,0.8,0.333333333333,0.25,0.285714285714,1,2,3,6,0.25,0.75,0.25,0.75,0.333333333333,0.25,0.285714285714,0.583333333333,0.583333333333,0,0,0,20,16,4,0,20,0,16,0,4,11,20,0.181818181818,3.04338842975,3.63636363636,2,2.5,1.68954001271,0.464623503495,0.245454545455,1.16774841624,0.642261628933,0.336363636364,1.94000937205,1.06700515463,0.536363636364,1.05689877454,0.347276990411,3.54545454545,3.04338842975,1.05689877454,3.54545454545,0.499047619048,0.4,8,0.0484848484848,0.255555555556,11,11,11,1,0,0.0909090909091,0.636363636364,0.272727272727,11,0.145454545455,3.22727272727,2.90909090909,1.6,2,1.51357493733,0.520291384707,0.261363636364,0.820199532265,0.563887178432,0.284090909091,1.63484778274,1.12395785063,0.534090909091,1.21168552776,0.375451853672,4,3.22727272727,1.21168552776,4,0.426666666667,0.243243243243,3,0.0181818181818,0.227777777778,11,11,11,1,0,0.0909090909091,0.636363636364,0.272727272727,11,19,0.172727272727,3.24090909091,3.45454545455,1.9,2.11111111111,1.29333958137,0.374387773553,0.181818181818,1.00904995822,0.584186817916,0.306220095694,1.61807966991,0.936782966791,0.468899521531,1.23891448087,0.382273752863,4.1,3.24090909091,1.23891448087,4.1,0.483333333333,0.36,6,0.0363636363636,0.194074074074,11,11,11,1,0,0.0909090909091,0.727272727273,0.181818181818,-1,-0.00909090909091,0.197520661157,-0.181818181818,-0.1,-0.388888888889,-0.396200431343,-0.0902357299418,-0.0636363636364,-0.158698458023,-0.058074811017,-0.0301435406699,-0.321929702137,-0.130222187836,-0.0674641148325,0.182015706333,0.0349967624518,0.554545454545,0.197520661157,0.182015706333,0.554545454545,-0.0157142857143,-0.04,-2,-0.0121212121212,-0.0614814814815,0,0.0909090909091,-0.0909090909091,17,2,3,88,0.85,0.977777777778,0.0222222222222,0.15,0.894736842105,0.85,0.871794871795,0.844602804616,0.827777777778,0.772727272727,3,4,0,0,0,0
3195,WLNM_dir_neg,0.46875,0.293912337662,00:00:00,10,80,5,1178364354,threshold_sweep,0.9,0,0,0,0,2,4,6,0,0.75,0.25,1,0,0,0,0.5,0.611111111111,-0.285714285714,-0.316227766017,-0.25,20,16,4,0,20,0,16,0,4,11,20,0.181818181818,3.04338842975,3.63636363636,2,2.5,1.68954001271,0.464623503495,0.245454545455,1.16774841624,0.642261628933,0.336363636364,1.94000937205,1.06700515463,0.536363636364,1.05689877454,0.347276990411,3.54545454545,3.04338842975,1.05689877454,3.54545454545,0.499047619048,0.4,8,0.0484848484848,0.255555555556,11,11,11,1,0,0.0909090909091,0.636363636364,0.272727272727,11,0.145454545455,3.22727272727,2.90909090909,1.6,2,1.51357493733,0.520291384707,0.261363636364,0.820199532265,0.563887178432,0.284090909091,1.63484778274,1.12395785063,0.534090909091,1.21168552776,0.375451853672,4,3.22727272727,1.21168552776,4,0.426666666667,0.243243243243,3,0.0181818181818,0.227777777778,11,11,11,1,0,0.0909090909091,0.636363636364,0.272727272727,11,18,0.163636363636,3.32121212121,3.27272727273,1.8,2,1.42062726223,0.434080552347,0.227272727273,1.0269106361,0.627556499842,0.323232323232,1.5666989036,0.957427107756,0.464646464646,1.2435855622,0.374437258691,4.13333333333,3.32121212121,1.2435855622,4.13333333333,0.476666666667,0.326086956522,5,0.030303030303,0.208888888889,11,11,11,1,0,0.0909090909091,0.727272727273,0.181818181818,-2,-0.0181818181818,0.27782369146,-0.363636363636,-0.2,-0.5,-0.268912750482,-0.030542951148,-0.0181818181818,-0.140837780137,-0.0147051290913,-0.0131313131313,-0.373310468447,-0.10957804687,-0.0717171717172,0.18668678766,0.0271602682794,0.587878787879,0.27782369146,0.18668678766,0.587878787879,-0.022380952381,-0.0739130434783,-3,-0.0181818181818,-0.0466666666667,0,0.0909090909091,-0.0909090909091,16,2,4,88,0.8,0.977777777778,0.0222222222222,0.2,0.888888888889,0.8,0.842105263158,0.810889388,0.777777777778,0.727272727273,2,4,0,0,0,0
3196,WLNM_dir_neg,0.875,0.616071428571,00:00:00,10,80,6,1178364355,threshold_sweep,0.1,1,0.75,0.857142857143,3,0,1,8,0.75,1,0,0.25,1,0.75,0.857142857143,0.916666666667,0.583333333333,0.8,0.816496580928,0.75,20,16,4,0,20,0,16,0,4,11,20,0.181818181818,3.04338842975,3.63636363636,2,2.5,1.68954001271,0.464623503495,0.245454545455,1.16774841624,0.642261628933,0.336363636364,1.94000937205,1.06700515463,0.536363636364,1.05689877454,0.347276990411,3.54545454545,3.04338842975,1.05689877454,3.54545454545,0.499047619048,0.4,8,0.0484848484848,0.255555555556,11,11,11,1,0,0.0909090909091,0.636363636364,0.272727272727,11,0.145454545455,3.22727272727,2.90909090909,1.6,2,1.3751033019,0.47269176003,0.238636363636,0.820199532265,0.563887178432,0.284090909091,1.50755672289,1.03644524699,0.511363636364,1.21168552776,0.375451853672,4,3.22727272727,1.21168552776,4,0.29,0.171428571429,2,0.0121212121212,0.214814814815,11,11,11,1,0,0.0909090909091,0.636363636364,0.272727272727,11,19,0.172727272727,3.11157024793,3.45454545455,1.9,2.375,1.80906806747,0.523677598477,0.272727272727,1.19087439228,0.689453595529,0.354066985646,1.90215189146,1.1012458319,0.545454545455,1.0602655888,0.340749365856,3.54545454545,3.11157024793,1.0602655888,3.54545454545,0.494285714286,0.375,7,0.0424242424242,0.268518518519,11,11,11,1,0,0.0909090909091,0.636363636364,0.272727272727,-1,-0.00909090909091,0.0681818181818,-0.181818181818,-0.1,-0.125,0.119528054757,0.0590540949821,0.0272727272727,0.023125976035,0.0471919665957,0.0177033492823,-0.0378574805894,0.0342406772707,0.00909090909091,0.00336681426204,-0.00652762455561,0,0.0681818181818,0.00336681426204,0,-0.0047619047619,-0.025,-1,-0.00606060606061,0.012962962963,0,0,0,19,0,1,90,0.95,1,0,0.05,1,0.95,0.974358974359,0.969309258988,0.95,0.95,3,4,0,0,0,0
3197,WLNM_dir_neg,0.875,0.616071428571,00:00:00,10,80,6,1178364355,threshold_sweep,0.2,1,0.5,0.666666666667,2,0,2,8,0.5,1,0,0.5,1,0.5,0.666666666667,0.833333333333,0.611111111111,0.571428571429,0.632455532034,0.5,20,16,4,0,20,0,16,0,4,11,20,0.181818181818,3.04338842975,3.63636363636,2,2.5,1.68954001271,0.464623503495,0.245454545455,1.16774841624,0.642261628933,0.336363636364,1.94000937205,1.06700515463,0.536363636364,1.05689877454,0.347276990411,3.54545454545,3.04338842975,1.05689877454,3.54545454545,0.499047619048,0.4,8,0.0484848484848,0.255555555556,11,11,11,1,0,0.0909090909091,0.636363636364,0.272727272727,11,0.145454545455,3.22727272727,2.90909090909,1.6,2,1.3751033019,0.47269176003,0.238636363636,0.820199532265,0.563887178432,0.284090909091,1.50755672289,1.03644524699,0.511363636364,1.21168552776,0.375451853672,4,3.22727272727,1.21168552776,4,0.29,0.171428571429,2,0.0121212121212,0.214814814815,11,11,11,1,0,0.0909090909091,0.636363636364,0.272727272727,11,18,0.163636363636,3.15289256198,3.27272727273,1.8,2.25,1.61807966991,0.494413232473,0.262626262626,1.12006493318,0.684484125834,0.343434343434,1.68954001271,1.03249667443,0.525252525253,1.0981337902,0.348294072384,3.63636363636,3.15289256198,1.0981337902,3.63636363636,0.46,0.31914893617,5,0.030303030303,0.241111111111,11,11,11,1,0,0.0909090909091,0.636363636364,0.272727272727,-2,-0.0181818181818,0.109504132231,-0.363636363636,-0.2,-0.25,-0.0714603427974,0.029789728978,0.0171717171717,-0.0476834830596,0.0422224969006,0.00707070707071,-0.250469359339,-0.0345084801933,-0.0111111111111,0.0412350156667,0.00101708197307,0.0909090909091,0.109504132231,0.0412350156667,0.0909090909091,-0.0390476190476,-0.0808510638298,-3,-0.0181818181818,-0.0144444444444,0,0,0,18,0,2,90,0.9,1,0,0.1,1,0.9,0.947368421053,0.938314863257,0.9,0.9,2,4,0,0,0,0
3198,WLNM_dir_neg,0.875,0.616071428571,00:00:00,10,80,6,1178364355,threshold_sweep,0.3,1,0.5,0.666666666667,2,0,2,8,0.5,1,0,0.5,1,0.5,0.666666666667,0.833333333333,0.611111111111,0.571428571429,0.632455532034,0.5,20,16,4,0,20,0,16,0,4,11,20,0.181818181818,3.04338842975,3.63636363636,2,2.5,1.68954001271,0.464623503495,0.245454545455,1.16774841624,0.642261628933,0.336363636364,1.94000937205,1.06700515463,0.536363636364,1.05689877454,0.347276990411,3.54545454545,3.04338842975,1.05689877454,3.54545454545,0.499047619048,0.4,8,0.0484848484848,0.255555555556,11,11,11,1,0,0.0909090909091,0.636363636364,0.272727272727,11,0.145454545455,3.22727272727,2.90909090909,1.6,2,1.3751033019,0.47269176003,0.238636363636,0.820199532265,0.563887178432,0.284090909091,1.50755672289,1.03644524699,0.511363636364,1.21168552776,0.375451853672,4,3.22727272727,1.21168552776,4,0.29,0.171428571429,2,0.0121212121212,0.214814814815,11,11,11,1,0,0.0909090909091,0.636363636364,0.272727272727,11,18,0.163636363636,3.15289256198,3.27272727273,1.8,2.25,1.61807966991,0.494413232473,0.262626262626,1.12006493318,0.684484125834,0.343434343434,1.68954001271,1.03249667443,0.525252525253,1.0981337902,0.348294072384,3.63636363636,3.15289256198,1.0981337902,3.63636363636,0.46,0.31914893617,5,0.030303030303,0.241111111111,11,11,11,1,0,0.0909090909091,0.636363636364,0.272727272727,-2,-0.0181818181818,0.109504132231,-0.363636363636,-0.2,-0.25,-0.0714603427974,0.029789728978,0.0171717171717,-0.0476834830596,0.0422224969006,0.00707070707071,-0.250469359339,-0.0345084801933,-0.0111111111111,0.0412350156667,0.00101708197307,0.0909090909091,0.109504132231,0.0412350156667,0.0909090909091,-0.0390476190476,-0.0808510638298,-3,-0.0181818181818,-0.0144444444444,0,0,0,18,0,2,90,0.9,1,0,0.1,1,0.9,0.947368421053,0.938314863257,0.9,0.9,2,4,0,0,0,0
3199,WLNM_dir_neg,0.875,0.616071428571,00:00:00,10,80,6,1178364355,threshold_sweep,0.4,1,0.5,0.666666666667,2,0,2,8,0.5,1,0,0.5,1,0.5,0.666666666667,0.833333333333,0.611111111111,0.571428571429,0.632455532034,0.5,20,16,4,0,20,0,16,0,4,11,20,0.181818181818,3.04338842975,3.63636363636,2,2.5,1.68954001271,0.464623503495,0.245454545455,1.16774841624,0.642261628933,0.336363636364,1.94000937205,1.06700515463,0.536363636364,1.05689877454,0.347276990411,3.54545454545,3.04338842975,1.05689877454,3.54545454545,0.499047619048,0.4,8,0.0484848484848,0.255555555556,11,11,11,1,0,0.0909090909091,0.636363636364,0.272727272727,11,0.145454545455,3.22727272727,2.90909090909,1.6,2,1.3751033019,0.47269176003,0.238636363636,0.820199532265,0.563887178432,0.284090909091,1.50755672289,1.03644524699,0.511363636364,1.21168552776,0.375451853672,4,3.22727272727,1.21168552776,4,0.29,0.171428571429,2,0.0121212121212,0.214814814815,11,11,11,1,0,0.0909090909091,0.636363636364,0.272727272727,11,18,0.163636363636,3.15289256198,3.27272727273,1.8,2.25,1.61807966991,0.494413232473,0.262626262626,1.12006493318,0.684484125834,0.343434343434,1.68954001271,1.03249667443,0.525252525253,1.0981337902,0.348294072384,3.63636363636,3.15289256198,1.0981337902,3.63636363636,0.46,0.31914893617,5,0.030303030303,0.241111111111,11,11,11,1,0,0.0909090909091,0.636363636364,0.272727272727,-2,-0.0181818181818,0.109504132231,-0.363636363636,-0.2,-0.25,-0.0714603427974,0.029789728978,0.0171717171717,-0.0476834830596,0.0422224969006,0.00707070707071,-0.250469359339,-0.0345084801933,-0.0111111111111,0.0412350156667,0.00101708197307,0.0909090909091,0.109504132231,0.0412350156667,0.0909090909091,-0.0390476190476,-0.0808510638298,-3,-0.0181818181818,-0.0144444444444,0,0,0,18,0,2,90,0.9,1,0,0.1,1,0.9,0.947368421053,0.938314863257,0.9,0.9,2,4,0,0,0,0
3200,WLNM_dir_neg,0.875,0.616071428571,00:00:00,10,80,6,1178364355,threshold_sweep,0.5,1,0.5,0.666666666667,2,0,2,8,0.5,1,0,0.5,1,0.5,0.666666666667,0.833333333333,0.611111111111,0.571428571429,0.632455532034,0.5,20,16,4,0,20,0,16,0,4,11,20,0.181818181818,3.04338842975,3.63636363636,2,2.5,1.68954001271,0.464623503495,0.245454545455,1.16774841624,0.642261628933,0.336363636364,1.94000937205,1.06700515463,0.536363636364,1.05689877454,0.347276990411,3.54545454545,3.04338842975,1.05689877454,3.54545454545,0.499047619048,0.4,8,0.0484848484848,0.255555555556,11,11,11,1,0,0.0909090909091,0.636363636364,0.272727272727,11,0.145454545455,3.22727272727,2.90909090909,1.6,2,1.3751033019,0.47269176003,0.238636363636,0.820199532265,0.563887178432,0.284090909091,1.50755672289,1.03644524699,0.511363636364,1.21168552776,0.375451853672,4,3.22727272727,1.21168552776,4,0.29,0.171428571429,2,0.0121212121212,0.214814814815,11,11,11,1,0,0.0909090909091,0.636363636364,0.272727272727,11,18,0.163636363636,3.15289256198,3.27272727273,1.8,2.25,1.61807966991,0.494413232473,0.262626262626,1.12006493318,0.684484125834,0.343434343434,1.68954001271,1.03249667443,0.525252525253,1.0981337902,0.348294072384,3.63636363636,3.15289256198,1.0981337902,3.63636363636,0.46,0.31914893617,5,0.030303030303,0.241111111111,11,11,11,1,0,0.0909090909091,0.636363636364,0.272727272727,-2,-0.0181818181818,0.109504132231,-0.363636363636,-0.2,-0.25,-0.0714603427974,0.029789728978,0.0171717171717,-0.0476834830596,0.0422224969006,0.00707070707071,-0.250469359339,-0.0345084801933,-0.0111111111111,0.0412350156667,0.00101708197307,0.0909090909091,0.109504132231,0.0412350156667,0.0909090909091,-0.0390476190476,-0.0808510638298,-3,-0.0181818181818,-0.0144444444444,0,0,0,18,0,2,90,0.9,1,0,0.1,1,0.9,0.947368421053,0.938314863257,0.9,0.9,2,4,0,0,0,0
3201,WLNM_dir_neg,0.875,0.616071428571,00:00:00,10,80,6,1178364355,threshold_sweep,0.6,1,0.5,0.666666666667,2,0,2,8,0.5,1,0,0.5,1,0.5,0.666666666667,0.833333333333,0.611111111111,0.571428571429,0.632455532034,0.5,20,16,4,0,20,0,16,0,4,11,20,0.181818181818,3.04338842975,3.63636363636,2,2.5,1.68954001271,0.464623503495,0.245454545455,1.16774841624,0.642261628933,0.336363636364,1.94000937205,1.06700515463,0.536363636364,1.05689877454,0.347276990411,3.54545454545,3.04338842975,1.05689877454,3.54545454545,0.499047619048,0.4,8,0.0484848484848,0.255555555556,11,11,11,1,0,0.0909090909091,0.636363636364,0.272727272727,11,0.145454545455,3.22727272727,2.90909090909,1.6,2,1.3751033019,0.47269176003,0.238636363636,0.820199532265,0.563887178432,0.284090909091,1.50755672289,1.03644524699,0.511363636364,1.21168552776,0.375451853672,4,3.22727272727,1.21168552776,4,0.29,0.171428571429,2,0.0121212121212,0.214814814815,11,11,11,1,0,0.0909090909091,0.636363636364,0.272727272727,11,18,0.163636363636,3.15289256198,3.27272727273,1.8,2.25,1.61807966991,0.494413232473,0.262626262626,1.12006493318,0.684484125834,0.343434343434,1.68954001271,1.03249667443,0.525252525253,1.0981337902,0.348294072384,3.63636363636,3.15289256198,1.0981337902,3.63636363636,0.46,0.31914893617,5,0.030303030303,0.241111111111,11,11,11,1,0,0.0909090909091,0.636363636364,0.272727272727,-2,-0.0181818181818,0.109504132231,-0.363636363636,-0.2,-0.25,-0.0714603427974,0.029789728978,0.0171717171717,-0.0476834830596,0.0422224969006,0.00707070707071,-0.250469359339,-0.0345084801933,-0.0111111111111,0.0412350156667,0.00101708197307,0.0909090909091,0.109504132231,0.0412350156667,0.0909090909091,-0.0390476190476,-0.0808510638298,-3,-0.0181818181818,-0.0144444444444,0,0,0,18,0,2,90,0.9,1,0,0.1,1,0.9,0.947368421053,0.938314863257,0.9,0.9,2,4,0,0,0,0
3202,WLNM_dir_neg,0.875,0.616071428571,00:00:00,10,80,6,1178364355,threshold_sweep,0.7,1,0.5,0.666666666667,2,0,2,8,0.5,1,0,0.5,1,0.5,0.666666666667,0.833333333333,0.611111111111,0.571428571429,0.632455532034,0.5,20,16,4,0,20,0,16,0,4,11,20,0.181818181818,3.04338842975,3.63636363636,2,2.5,1.68954001271,0.464623503495,0.245454545455,1.16774841624,0.642261628933,0.336363636364,1.94000937205,1.06700515463,0.536363636364,1.05689877454,0.347276990411,3.54545454545,3.04338842975,1.05689877454,3.54545454545,0.499047619048,0.4,8,0.0484848484848,0.255555555556,11,11,11,1,0,0.0909090909091,0.636363636364,0.272727272727,11,0.145454545455,3.22727272727,2.90909090909,1.6,2,1.3751033019,0.47269176003,0.238636363636,0.820199532265,0.563887178432,0.284090909091,1.50755672289,1.03644524699,0.511363636364,1.21168552776,0.375451853672,4,3.22727272727,1.21168552776,4,0.29,0.171428571429,2,0.0121212121212,0.214814814815,11,11,11,1,0,0.0909090909091,0.636363636364,0.272727272727,11,18,0.163636363636,3.15289256198,3.27272727273,1.8,2.25,1.61807966991,0.494413232473,0.262626262626,1.12006493318,0.684484125834,0.343434343434,1.68954001271,1.03249667443,0.525252525253,1.0981337902,0.348294072384,3.63636363636,3.15289256198,1.0981337902,3.63636363636,0.46,0.31914893617,5,0.030303030303,0.241111111111,11,11,11,1,0,0.0909090909091,0.636363636364,0.272727272727,-2,-0.0181818181818,0.109504132231,-0.363636363636,-0.2,-0.25,-0.0714603427974,0.029789728978,0.0171717171717,-0.0476834830596,0.0422224969006,0.00707070707071,-0.250469359339,-0.0345084801933,-0.0111111111111,0.0412350156667,0.00101708197307,0.0909090909091,0.109504132231,0.0412350156667,0.0909090909091,-0.0390476190476,-0.0808510638298,-3,-0.0181818181818,-0.0144444444444,0,0,0,18,0,2,90,0.9,1,0,0.1,1,0.9,0.947368421053,0.938314863257,0.9,0.9,2,4,0,0,0,0
3203,WLNM_dir_neg,0.875,0.616071428571,00:00:00,10,80,6,1178364355,threshold_sweep,0.8,1,0.5,0.666666666667,2,0,2,8,0.5,1,0,0.5,1,0.5,0.666666666667,0.833333333333,0.611111111111,0.571428571429,0.632455532034,0.5,20,16,4,0,20,0,16,0,4,11,20,0.181818181818,3.04338842975,3.63636363636,2,2.5,1.68954001271,0.464623503495,0.245454545455,1.16774841624,0.642261628933,0.336363636364,1.94000937205,1.06700515463,0.536363636364,1.05689877454,0.347276990411,3.54545454545,3.04338842975,1.05689877454,3.54545454545,0.499047619048,0.4,8,0.0484848484848,0.255555555556,11,11,11,1,0,0.0909090909091,0.636363636364,0.272727272727,11,0.145454545455,3.22727272727,2.90909090909,1.6,2,1.3751033019,0.47269176003,0.238636363636,0.820199532265,0.563887178432,0.284090909091,1.50755672289,1.03644524699,0.511363636364,1.21168552776,0.375451853672,4,3.22727272727,1.21168552776,4,0.29,0.171428571429,2,0.0121212121212,0.214814814815,11,11,11,1,0,0.0909090909091,0.636363636364,0.272727272727,11,18,0.163636363636,3.15289256198,3.27272727273,1.8,2.25,1.61807966991,0.494413232473,0.262626262626,1.12006493318,0.684484125834,0.343434343434,1.68954001271,1.03249667443,0.525252525253,1.0981337902,0.348294072384,3.63636363636,3.15289256198,1.0981337902,3.63636363636,0.46,0.31914893617,5,0.030303030303,0.241111111111,11,11,11,1,0,0.0909090909091,0.636363636364,0.272727272727,-2,-0.0181818181818,0.109504132231,-0.363636363636,-0.2,-0.25,-0.0714603427974,0.029789728978,0.0171717171717,-0.0476834830596,0.0422224969006,0.00707070707071,-0.250469359339,-0.0345084801933,-0.0111111111111,0.0412350156667,0.00101708197307,0.0909090909091,0.109504132231,0.0412350156667,0.0909090909091,-0.0390476190476,-0.0808510638298,-3,-0.0181818181818,-0.0144444444444,0,0,0,18,0,2,90,0.9,1,0,0.1,1,0.9,0.947368421053,0.938314863257,0.9,0.9,2,4,0,0,0,0
3204,WLNM_dir_neg,0.875,0.616071428571,00:00:00,10,80,6,1178364355,threshold_sweep,0.9,1,0.5,0.666666666667,2,0,2,8,0.5,1,0,0.5,1,0.5,0.666666666667,0.833333333333,0.611111111111,0.571428571429,0.632455532034,0.5,20,16,4,0,20,0,16,0,4,11,20,0.181818181818,3.04338842975,3.63636363636,2,2.5,1.68954001271,0.464623503495,0.245454545455,1.16774841624,0.642261628933,0.336363636364,1.94000937205,1.06700515463,0.536363636364,1.05689877454,0.347276990411,3.54545454545,3.04338842975,1.05689877454,3.54545454545,0.499047619048,0.4,8,0.0484848484848,0.255555555556,11,11,11,1,0,0.0909090909091,0.636363636364,0.272727272727,11,0.145454545455,3.22727272727,2.90909090909,1.6,2,1.3751033019,0.47269176003,0.238636363636,0.820199532265,0.563887178432,0.284090909091,1.50755672289,1.03644524699,0.511363636364,1.21168552776,0.375451853672,4,3.22727272727,1.21168552776,4,0.29,0.171428571429,2,0.0121212121212,0.214814814815,11,11,11,1,0,0.0909090909091,0.636363636364,0.272727272727,11,18,0.163636363636,3.15289256198,3.27272727273,1.8,2.25,1.61807966991,0.494413232473,0.262626262626,1.12006493318,0.684484125834,0.343434343434,1.68954001271,1.03249667443,0.525252525253,1.0981337902,0.348294072384,3.63636363636,3.15289256198,1.0981337902,3.63636363636,0.46,0.31914893617,5,0.030303030303,0.241111111111,11,11,11,1,0,0.0909090909091,0.636363636364,0.272727272727,-2,-0.0181818181818,0.109504132231,-0.363636363636,-0.2,-0.25,-0.0714603427974,0.029789728978,0.0171717171717,-0.0476834830596,0.0422224969006,0.00707070707071,-0.250469359339,-0.0345084801933,-0.0111111111111,0.0412350156667,0.00101708197307,0.0909090909091,0.109504132231,0.0412350156667,0.0909090909091,-0.0390476190476,-0.0808510638298,-3,-0.0181818181818,-0.0144444444444,0,0,0,18,0,2,90,0.9,1,0,0.1,1,0.9,0.947368421053,0.938314863257,0.9,0.9,2,4,0,0,0,0
3205,WLNM_dir_neg,0.75,0.464930555556,00:00:00,10,80,7,1178364356,threshold_sweep,0.1,0.375,0.75,0.5,3,5,1,3,0.75,0.375,0.625,0.25,0.375,0.75,0.5,0.5,0.444444444444,0.1,0.125,0.125,20,16,4,0,20,0,16,0,4,11,20,0.181818181818,3.04338842975,3.63636363636,2,2.5,1.68954001271,0.464623503495,0.245454545455,1.16774841624,0.642261628933,0.336363636364,1.94000937205,1.06700515463,0.536363636364,1.05689877454,0.347276990411,3.54545454545,3.04338842975,1.05689877454,3.54545454545,0.499047619048,0.4,8,0.0484848484848,0.255555555556,11,11,11,1,0,0.0909090909091,0.636363636364,0.272727272727,11,0.145454545455,3.23484848485,2.90909090909,1.6,2,1.70026735866,0.584466904538,0.289772727273,0.820199532265,0.563887178432,0.284090909091,1.7529196424,1.20513225415,0.545454545455,1.28700554669,0.397856515605,4.44444444444,3.23484848485,1.28700554669,4.44444444444,0.330687830688,0.219512195122,3,0.0181818181818,0.242592592593,11,11,11,1,0,0.0909090909091,0.636363636364,0.272727272727,11,24,0.218181818182,3.21005509642,4.36363636364,2.4,2.18181818182,1.5666989036,0.359035165409,0.193181818182,1.53741222957,0.704647271887,0.371212121212,1.77866139657,0.81521980676,0.378787878788,1.1134148908,0.346852268064,3.70562770563,3.21005509642,1.1134148908,3.70562770563,0.379220779221,0.350649350649,9,0.0545454545455,0.225052910053,11,11,11,1,0,0.0909090909091,0.909090909091,0,4,0.0363636363636,0.166666666667,0.727272727273,0.4,-0.318181818182,-0.122841109108,-0.105588338086,-0.0522727272727,0.369663813329,0.0623856429537,0.0348484848485,-0.161347975482,-0.251785347867,-0.157575757576,0.0565161162657,-0.000424722347503,0.160173160173,0.166666666667,0.0565161162657,0.160173160173,-0.119826839827,-0.0493506493506,1,0.00606060606061,-0.0305026455026,0,0.272727272727,-0.272727272727,19,5,1,85,0.95,0.944444444444,0.0555555555556,0.05,0.791666666667,0.95,0.863636363636,0.835285181873,0.894444444444,0.76,8,4,0,0,0,0
3206,WLNM_dir_neg,0.75,0.464930555556,00:00:00,10,80,7,1178364356,threshold_sweep,0.2,0.375,0.75,0.5,3,5,1,3,0.75,0.375,0.625,0.25,0.375,0.75,0.5,0.5,0.444444444444,0.1,0.125,0.125,20,16,4,0,20,0,16,0,4,11,20,0.181818181818,3.04338842975,3.63636363636,2,2.5,1.68954001271,0.464623503495,0.245454545455,1.16774841624,0.642261628933,0.336363636364,1.94000937205,1.06700515463,0.536363636364,1.05689877454,0.347276990411,3.54545454545,3.04338842975,1.05689877454,3.54545454545,0.499047619048,0.4,8,0.0484848484848,0.255555555556,11,11,11,1,0,0.0909090909091,0.636363636364,0.272727272727,11,0.145454545455,3.23484848485,2.90909090909,1.6,2,1.70026735866,0.584466904538,0.289772727273,0.820199532265,0.563887178432,0.284090909091,1.7529196424,1.20513225415,0.545454545455,1.28700554669,0.397856515605,4.44444444444,3.23484848485,1.28700554669,4.44444444444,0.330687830688,0.219512195122,3,0.0181818181818,0.242592592593,11,11,11,1,0,0.0909090909091,0.636363636364,0.272727272727,11,24,0.218181818182,3.21005509642,4.36363636364,2.4,2.18181818182,1.5666989036,0.359035165409,0.193181818182,1.53741222957,0.704647271887,0.371212121212,1.77866139657,0.81521980676,0.378787878788,1.1134148908,0.346852268064,3.70562770563,3.21005509642,1.1134148908,3.70562770563,0.379220779221,0.350649350649,9,0.0545454545455,0.225052910053,11,11,11,1,0,0.0909090909091,0.909090909091,0,4,0.0363636363636,0.166666666667,0.727272727273,0.4,-0.318181818182,-0.122841109108,-0.105588338086,-0.0522727272727,0.369663813329,0.0623856429537,0.0348484848485,-0.161347975482,-0.251785347867,-0.157575757576,0.0565161162657,-0.000424722347503,0.160173160173,0.166666666667,0.0565161162657,0.160173160173,-0.119826839827,-0.0493506493506,1,0.00606060606061,-0.0305026455026,0,0.272727272727,-0.272727272727,19,5,1,85,0.95,0.944444444444,0.0555555555556,0.05,0.791666666667,0.95,0.863636363636,0.835285181873,0.894444444444,0.76,8,4,0,0,0,0
3207,WLNM_dir_neg,0.75,0.464930555556,00:00:00,10,80,7,1178364356,threshold_sweep,0.3,0.428571428571,0.75,0.545454545455,3,4,1,4,0.75,0.5,0.5,0.25,0.428571428571,0.75,0.545454545455,0.583333333333,0.472222222222,0.210526315789,0.239045721867,0.25,20,16,4,0,20,0,16,0,4,11,20,0.181818181818,3.04338842975,3.63636363636,2,2.5,1.68954001271,0.464623503495,0.245454545455,1.16774841624,0.642261628933,0.336363636364,1.94000937205,1.06700515463,0.536363636364,1.05689877454,0.347276990411,3.54545454545,3.04338842975,1.05689877454,3.54545454545,0.499047619048,0.4,8,0.0484848484848,0.255555555556,11,11,11,1,0,0.0909090909091,0.636363636364,0.272727272727,11,0.145454545455,3.23484848485,2.90909090909,1.6,2,1.70026735866,0.584466904538,0.289772727273,0.820199532265,0.563887178432,0.284090909091,1.7529196424,1.20513225415,0.545454545455,1.28700554669,0.397856515605,4.44444444444,3.23484848485,1.28700554669,4.44444444444,0.330687830688,0.219512195122,3,0.0181818181818,0.242592592593,11,11,11,1,0,0.0909090909091,0.636363636364,0.272727272727,11,23,0.209090909091,3.12806637807,4.18181818182,2.3,2.3,1.60113596038,0.382880338353,0.201581027668,1.44599761096,0.691564074808,0.355731225296,1.86839746599,0.893581396777,0.434782608696,1.07359435852,0.343213419655,3.48015873016,3.12806637807,1.07359435852,3.48015873016,0.379220779221,0.350649350649,9,0.0545454545455,0.240264550265,11,11,11,1,0,0.0909090909091,0.818181818182,0.0909090909091,3,0.0272727272727,0.0846779483143,0.545454545455,0.3,-0.2,-0.0884040523247,-0.0817431651422,-0.0438735177866,0.27824919472,0.0493024458749,0.0193675889328,-0.0716119060609,-0.17342375785,-0.101581027668,0.0166955839861,-0.00406357075663,-0.0652958152958,0.0846779483143,0.0166955839861,-0.0652958152958,-0.119826839827,-0.0493506493506,1,0.00606060606061,-0.015291005291,0,0.181818181818,-0.181818181818,19,4,1,86,0.95,0.955555555556,0.0444444444444,0.05,0.826086956522,0.95,0.883720930233,0.85887074016,0.905555555556,0.791666666667,7,4,0,0,0,0
3208,WLNM_dir_neg,0.75,0.464930555556,00:00:00,10,80,7,1178364356,threshold_sweep,0.4,0.428571428571,0.75,0.545454545455,3,4,1,4,0.75,0.5,0.5,0.25,0.428571428571,0.75,0.545454545455,0.583333333333,0.472222222222,0.210526315789,0.239045721867,0.25,20,16,4,0,20,0,16,0,4,11,20,0.181818181818,3.04338842975,3.63636363636,2,2.5,1.68954001271,0.464623503495,0.245454545455,1.16774841624,0.642261628933,0.336363636364,1.94000937205,1.06700515463,0.536363636364,1.05689877454,0.347276990411,3.54545454545,3.04338842975,1.05689877454,3.54545454545,0.499047619048,0.4,8,0.0484848484848,0.255555555556,11,11,11,1,0,0.0909090909091,0.636363636364,0.272727272727,11,0.145454545455,3.23484848485,2.90909090909,1.6,2,1.70026735866,0.584466904538,0.289772727273,0.820199532265,0.563887178432,0.284090909091,1.7529196424,1.20513225415,0.545454545455,1.28700554669,0.397856515605,4.44444444444,3.23484848485,1.28700554669,4.44444444444,0.330687830688,0.219512195122,3,0.0181818181818,0.242592592593,11,11,11,1,0,0.0909090909091,0.636363636364,0.272727272727,11,23,0.209090909091,3.12806637807,4.18181818182,2.3,2.3,1.60113596038,0.382880338353,0.201581027668,1.44599761096,0.691564074808,0.355731225296,1.86839746599,0.893581396777,0.434782608696,1.07359435852,0.343213419655,3.48015873016,3.12806637807,1.07359435852,3.48015873016,0.379220779221,0.350649350649,9,0.0545454545455,0.240264550265,11,11,11,1,0,0.0909090909091,0.818181818182,0.0909090909091,3,0.0272727272727,0.0846779483143,0.545454545455,0.3,-0.2,-0.0884040523247,-0.0817431651422,-0.0438735177866,0.27824919472,0.0493024458749,0.0193675889328,-0.0716119060609,-0.17342375785,-0.101581027668,0.0166955839861,-0.00406357075663,-0.0652958152958,0.0846779483143,0.0166955839861,-0.0652958152958,-0.119826839827,-0.0493506493506,1,0.00606060606061,-0.015291005291,0,0.181818181818,-0.181818181818,19,4,1,86,0.95,0.955555555556,0.0444444444444,0.05,0.826086956522,0.95,0.883720930233,0.85887074016,0.905555555556,0.791666666667,7,4,0,0,0,0
3209,WLNM_dir_neg,0.75,0.464930555556,00:00:00,10,80,7,1178364356,threshold_sweep,0.5,0.428571428571,0.75,0.545454545455,3,4,1,4,0.75,0.5,0.5,0.25,0.428571428571,0.75,0.545454545455,0.583333333333,0.472222222222,0.210526315789,0.239045721867,0.25,20,16,4,0,20,0,16,0,4,11,20,0.181818181818,3.04338842975,3.63636363636,2,2.5,1.68954001271,0.464623503495,0.245454545455,1.16774841624,0.642261628933,0.336363636364,1.94000937205,1.06700515463,0.536363636364,1.05689877454,0.347276990411,3.54545454545,3.04338842975,1.05689877454,3.54545454545,0.499047619048,0.4,8,0.0484848484848,0.255555555556,11,11,11,1,0,0.0909090909091,0.636363636364,0.272727272727,11,0.145454545455,3.23484848485,2.90909090909,1.6,2,1.70026735866,0.584466904538,0.289772727273,0.820199532265,0.563887178432,0.284090909091,1.7529196424,1.20513225415,0.545454545455,1.28700554669,0.397856515605,4.44444444444,3.23484848485,1.28700554669,4.44444444444,0.330687830688,0.219512195122,3,0.0181818181818,0.242592592593,11,11,11,1,0,0.0909090909091,0.636363636364,0.272727272727,11,23,0.209090909091,3.12806637807,4.18181818182,2.3,2.3,1.60113596038,0.382880338353,0.201581027668,1.44599761096,0.691564074808,0.355731225296,1.86839746599,0.893581396777,0.434782608696,1.07359435852,0.343213419655,3.48015873016,3.12806637807,1.07359435852,3.48015873016,0.379220779221,0.350649350649,9,0.0545454545455,0.240264550265,11,11,11,1,0,0.0909090909091,0.818181818182,0.0909090909091,3,0.0272727272727,0.0846779483143,0.545454545455,0.3,-0.2,-0.0884040523247,-0.0817431651422,-0.0438735177866,0.27824919472,0.0493024458749,0.0193675889328,-0.0716119060609,-0.17342375785,-0.101581027668,0.0166955839861,-0.00406357075663,-0.0652958152958,0.0846779483143,0.0166955839861,-0.0652958152958,-0.119826839827,-0.0493506493506,1,0.00606060606061,-0.015291005291,0,0.181818181818,-0.181818181818,19,4,1,86,0.95,0.955555555556,0.0444444444444,0.05,0.826086956522,0.95,0.883720930233,0.85887074016,0.905555555556,0.791666666667,7,4,0,0,0,0
3210,WLNM_dir_neg,0.75,0.464930555556,00:00:00,10,80,7,1178364356,threshold_sweep,0.6,0.428571428571,0.75,0.545454545455,3,4,1,4,0.75,0.5,0.5,0.25,0.428571428571,0.75,0.545454545455,0.583333333333,0.472222222222,0.210526315789,0.239045721867,0.25,20,16,4,0,20,0,16,0,4,11,20,0.181818181818,3.04338842975,3.63636363636,2,2.5,1.68954001271,0.464623503495,0.245454545455,1.16774841624,0.642261628933,0.336363636364,1.94000937205,1.06700515463,0.536363636364,1.05689877454,0.347276990411,3.54545454545,3.04338842975,1.05689877454,3.54545454545,0.499047619048,0.4,8,0.0484848484848,0.255555555556,11,11,11,1,0,0.0909090909091,0.636363636364,0.272727272727,11,0.145454545455,3.23484848485,2.90909090909,1.6,2,1.70026735866,0.584466904538,0.289772727273,0.820199532265,0.563887178432,0.284090909091,1.7529196424,1.20513225415,0.545454545455,1.28700554669,0.397856515605,4.44444444444,3.23484848485,1.28700554669,4.44444444444,0.330687830688,0.219512195122,3,0.0181818181818,0.242592592593,11,11,11,1,0,0.0909090909091,0.636363636364,0.272727272727,11,23,0.209090909091,3.12806637807,4.18181818182,2.3,2.3,1.60113596038,0.382880338353,0.201581027668,1.44599761096,0.691564074808,0.355731225296,1.86839746599,0.893581396777,0.434782608696,1.07359435852,0.343213419655,3.48015873016,3.12806637807,1.07359435852,3.48015873016,0.379220779221,0.350649350649,9,0.0545454545455,0.240264550265,11,11,11,1,0,0.0909090909091,0.818181818182,0.0909090909091,3,0.0272727272727,0.0846779483143,0.545454545455,0.3,-0.2,-0.0884040523247,-0.0817431651422,-0.0438735177866,0.27824919472,0.0493024458749,0.0193675889328,-0.0716119060609,-0.17342375785,-0.101581027668,0.0166955839861,-0.00406357075663,-0.0652958152958,0.0846779483143,0.0166955839861,-0.0652958152958,-0.119826839827,-0.0493506493506,1,0.00606060606061,-0.015291005291,0,0.181818181818,-0.181818181818,19,4,1,86,0.95,0.955555555556,0.0444444444444,0.05,0.826086956522,0.95,0.883720930233,0.85887074016,0.905555555556,0.791666666667,7,4,0,0,0,0
3211,WLNM_dir_neg,0.75,0.464930555556,00:00:00,10,80,7,1178364356,threshold_sweep,0.7,0.5,0.75,0.6,3,3,1,5,0.75,0.625,0.375,0.25,0.5,0.75,0.6,0.666666666667,0.5,0.333333333333,0.353553390593,0.375,20,16,4,0,20,0,16,0,4,11,20,0.181818181818,3.04338842975,3.63636363636,2,2.5,1.68954001271,0.464623503495,0.245454545455,1.16774841624,0.642261628933,0.336363636364,1.94000937205,1.06700515463,0.536363636364,1.05689877454,0.347276990411,3.54545454545,3.04338842975,1.05689877454,3.54545454545,0.499047619048,0.4,8,0.0484848484848,0.255555555556,11,11,11,1,0,0.0909090909091,0.636363636364,0.272727272727,11,0.145454545455,3.23484848485,2.90909090909,1.6,2,1.70026735866,0.584466904538,0.289772727273,0.820199532265,0.563887178432,0.284090909091,1.7529196424,1.20513225415,0.545454545455,1.28700554669,0.397856515605,4.44444444444,3.23484848485,1.28700554669,4.44444444444,0.330687830688,0.219512195122,3,0.0181818181818,0.242592592593,11,11,11,1,0,0.0909090909091,0.636363636364,0.272727272727,11,22,0.2,3.06746031746,4,2.2,2.2,1.54919333848,0.387298334621,0.198347107438,1.41421356237,0.707106781187,0.363636363636,1.73205080757,0.866025403784,0.421487603306,1.06961633922,0.348697694028,3.44047619048,3.06746031746,1.06961633922,3.44047619048,0.329437229437,0.304347826087,7,0.0424242424242,0.244867724868,11,11,11,1,0,0.0909090909091,0.818181818182,0.0909090909091,2,0.0181818181818,0.0240718877083,0.363636363636,0.2,-0.3,-0.140346674226,-0.0773251688743,-0.0471074380165,0.246465146131,0.0648451522533,0.0272727272727,-0.20795856448,-0.200979750842,-0.114876033058,0.0127175646832,0.00142070361647,-0.104978354978,0.0240718877083,0.0127175646832,-0.104978354978,-0.16961038961,-0.095652173913,-1,-0.00606060606061,-0.0106878306878,0,0.181818181818,-0.181818181818,19,3,1,87,0.95,0.966666666667,0.0333333333333,0.05,0.863636363636,0.95,0.904761904762,0.883883476483,0.916666666667,0.826086956522,6,4,0,0,0,0
3212,WLNM_dir_neg,0.75,0.464930555556,00:00:00,10,80,7,1178364356,threshold_sweep,0.8,0.4,0.5,0.444444444444,2,3,2,5,0.5,0.625,0.375,0.5,0.4,0.5,0.444444444444,0.583333333333,0.527777777778,0.117647058824,0.119522860933,0.125,20,16,4,0,20,0,16,0,4,11,20,0.181818181818,3.04338842975,3.63636363636,2,2.5,1.68954001271,0.464623503495,0.245454545455,1.16774841624,0.642261628933,0.336363636364,1.94000937205,1.06700515463,0.536363636364,1.05689877454,0.347276990411,3.54545454545,3.04338842975,1.05689877454,3.54545454545,0.499047619048,0.4,8,0.0484848484848,0.255555555556,11,11,11,1,0,0.0909090909091,0.636363636364,0.272727272727,11,0.145454545455,3.23484848485,2.90909090909,1.6,2,1.70026735866,0.584466904538,0.289772727273,0.820199532265,0.563887178432,0.284090909091,1.7529196424,1.20513225415,0.545454545455,1.28700554669,0.397856515605,4.44444444444,3.23484848485,1.28700554669,4.44444444444,0.330687830688,0.219512195122,3,0.0181818181818,0.242592592593,11,11,11,1,0,0.0909090909091,0.636363636364,0.272727272727,11,21,0.190909090909,3.10157126824,3.81818181818,2.1,2.1,1.60113596038,0.419345132482,0.21645021645,1.3751033019,0.72029220576,0.363636363636,1.75809814598,0.920908552658,0.4329004329,1.11780686091,0.36040018566,3.68518518519,3.10157126824,1.11780686091,3.68518518519,0.420346320346,0.328125,7,0.0424242424242,0.240952380952,11,11,11,1,0,0.0909090909091,0.818181818182,0.0909090909091,1,0.00909090909091,0.0581828384859,0.181818181818,0.1,-0.4,-0.0884040523247,-0.0452783710134,-0.0290043290043,0.207354885662,0.0780305768263,0.0272727272727,-0.181911226066,-0.146096601969,-0.103463203463,0.0609080863736,0.0131231952486,0.139730639731,0.0581828384859,0.0609080863736,0.139730639731,-0.0787012987013,-0.071875,-1,-0.00606060606061,-0.0146031746032,0,0.181818181818,-0.181818181818,18,3,2,87,0.9,0.966666666667,0.0333333333333,0.1,0.857142857143,0.9,0.878048780488,0.850518363956,0.866666666667,0.782608695652,5,4,0,0,0,0
3213,WLNM_dir_neg,0.75,0.464930555556,00:00:00,10,80,7,1178364356,threshold_sweep,0.9,0.4,0.5,0.444444444444,2,3,2,5,0.5,0.625,0.375,0.5,0.4,0.5,0.444444444444,0.583333333333,0.527777777778,0.117647058824,0.119522860933,0.125,20,16,4,0,20,0,16,0,4,11,20,0.181818181818,3.04338842975,3.63636363636,2,2.5,1.68954001271,0.464623503495,0.245454545455,1.16774841624,0.642261628933,0.336363636364,1.94000937205,1.06700515463,0.536363636364,1.05689877454,0.347276990411,3.54545454545,3.04338842975,1.05689877454,3.54545454545,0.499047619048,0.4,8,0.0484848484848,0.255555555556,11,11,11,1,0,0.0909090909091,0.636363636364,0.272727272727,11,0.145454545455,3.23484848485,2.90909090909,1.6,2,1.70026735866,0.584466904538,0.289772727273,0.820199532265,0.563887178432,0.284090909091,1.7529196424,1.20513225415,0.545454545455,1.28700554669,0.397856515605,4.44444444444,3.23484848485,1.28700554669,4.44444444444,0.330687830688,0.219512195122,3,0.0181818181818,0.242592592593,11,11,11,1,0,0.0909090909091,0.636363636364,0.272727272727,11,21,0.190909090909,3.10157126824,3.81818181818,2.1,2.1,1.60113596038,0.419345132482,0.21645021645,1.3751033019,0.72029220576,0.363636363636,1.75809814598,0.920908552658,0.4329004329,1.11780686091,0.36040018566,3.68518518519,3.10157126824,1.11780686091,3.68518518519,0.420346320346,0.328125,7,0.0424242424242,0.240952380952,11,11,11,1,0,0.0909090909091,0.818181818182,0.0909090909091,1,0.00909090909091,0.0581828384859,0.181818181818,0.1,-0.4,-0.0884040523247,-0.0452783710134,-0.0290043290043,0.207354885662,0.0780305768263,0.0272727272727,-0.181911226066,-0.146096601969,-0.103463203463,0.0609080863736,0.0131231952486,0.139730639731,0.0581828384859,0.0609080863736,0.139730639731,-0.0787012987013,-0.071875,-1,-0.00606060606061,-0.0146031746032,0,0.181818181818,-0.181818181818,18,3,2,87,0.9,0.966666666667,0.0333333333333,0.1,0.857142857143,0.9,0.878048780488,0.850518363956,0.866666666667,0.782608695652,5,4,0,0,0,0
3214,WLNM_dir_neg,0.65625,0.438257575758,00:00:00,10,80,8,1178364357,threshold_sweep,0.1,0.666666666667,0.5,0.571428571429,2,1,2,7,0.5,0.875,0.125,0.5,0.666666666667,0.5,0.571428571429,0.75,0.583333333333,0.4,0.408248290464,0.375,20,16,4,0,20,0,16,0,4,11,20,0.181818181818,3.04338842975,3.63636363636,2,2.5,1.68954001271,0.464623503495,0.245454545455,1.16774841624,0.642261628933,0.336363636364,1.94000937205,1.06700515463,0.536363636364,1.05689877454,0.347276990411,3.54545454545,3.04338842975,1.05689877454,3.54545454545,0.499047619048,0.4,8,0.0484848484848,0.255555555556,11,11,11,1,0,0.0909090909091,0.636363636364,0.272727272727,11,0.145454545455,3.31818181818,2.90909090909,1.6,2,1.51357493733,0.520291384707,0.261363636364,1.03572548135,0.712061268431,0.329545454545,1.50755672289,1.03644524699,0.511363636364,1.38334246072,0.416897727889,5,3.31818181818,1.38334246072,5,0.396296296296,0.243243243243,3,0.0181818181818,0.211851851852,11,11,11,1,0,0.0909090909091,0.636363636364,0.272727272727,11,19,0.172727272727,3.19972451791,3.45454545455,1.9,2.375,1.63484778274,0.473245410793,0.253588516746,1.19087439228,0.689453595529,0.354066985646,1.67874411933,0.971904490138,0.507177033493,1.14773738733,0.35869881326,3.63636363636,3.19972451791,1.14773738733,3.63636363636,0.486666666667,0.346153846154,6,0.0363636363636,0.242592592593,11,11,11,1,0,0.0909090909091,0.636363636364,0.272727272727,-1,-0.00909090909091,0.156336088154,-0.181818181818,-0.1,-0.125,-0.05469222997,0.00862190729789,0.00813397129187,0.023125976035,0.0471919665957,0.0177033492823,-0.26126525272,-0.0951006644889,-0.0291866028708,0.0908386127936,0.0114218228482,0.0909090909091,0.156336088154,0.0908386127936,0.0909090909091,-0.012380952381,-0.0538461538462,-2,-0.0121212121212,-0.012962962963,0,0,0,18,1,2,89,0.9,0.988888888889,0.0111111111111,0.1,0.947368421053,0.9,0.923076923077,0.906956031802,0.888888888889,0.857142857143,3,4,0,0,0,0
3215,WLNM_dir_neg,0.65625,0.438257575758,00:00:00,10,80,8,1178364357,threshold_sweep,0.2,0.666666666667,0.5,0.571428571429,2,1,2,7,0.5,0.875,0.125,0.5,0.666666666667,0.5,0.571428571429,0.75,0.583333333333,0.4,0.408248290464,0.375,20,16,4,0,20,0,16,0,4,11,20,0.181818181818,3.04338842975,3.63636363636,2,2.5,1.68954001271,0.464623503495,0.245454545455,1.16774841624,0.642261628933,0.336363636364,1.94000937205,1.06700515463,0.536363636364,1.05689877454,0.347276990411,3.54545454545,3.04338842975,1.05689877454,3.54545454545,0.499047619048,0.4,8,0.0484848484848,0.255555555556,11,11,11,1,0,0.0909090909091,0.636363636364,0.272727272727,11,0.145454545455,3.31818181818,2.90909090909,1.6,2,1.51357493733,0.520291384707,0.261363636364,1.03572548135,0.712061268431,0.329545454545,1.50755672289,1.03644524699,0.511363636364,1.38334246072,0.416897727889,5,3.31818181818,1.38334246072,5,0.396296296296,0.243243243243,3,0.0181818181818,0.211851851852,11,11,11,1,0,0.0909090909091,0.636363636364,0.272727272727,11,19,0.172727272727,3.19972451791,3.45454545455,1.9,2.375,1.63484778274,0.473245410793,0.253588516746,1.19087439228,0.689453595529,0.354066985646,1.67874411933,0.971904490138,0.507177033493,1.14773738733,0.35869881326,3.63636363636,3.19972451791,1.14773738733,3.63636363636,0.486666666667,0.346153846154,6,0.0363636363636,0.242592592593,11,11,11,1,0,0.0909090909091,0.636363636364,0.272727272727,-1,-0.00909090909091,0.156336088154,-0.181818181818,-0.1,-0.125,-0.05469222997,0.00862190729789,0.00813397129187,0.023125976035,0.0471919665957,0.0177033492823,-0.26126525272,-0.0951006644889,-0.0291866028708,0.0908386127936,0.0114218228482,0.0909090909091,0.156336088154,0.0908386127936,0.0909090909091,-0.012380952381,-0.0538461538462,-2,-0.0121212121212,-0.012962962963,0,0,0,18,1,2,89,0.9,0.988888888889,0.0111111111111,0.1,0.947368421053,0.9,0.923076923077,0.906956031802,0.888888888889,0.857142857143,3,4,0,0,0,0
3216,WLNM_dir_neg,0.65625,0.438257575758,00:00:00,10,80,8,1178364357,threshold_sweep,0.3,0.666666666667,0.5,0.571428571429,2,1,2,7,0.5,0.875,0.125,0.5,0.666666666667,0.5,0.571428571429,0.75,0.583333333333,0.4,0.408248290464,0.375,20,16,4,0,20,0,16,0,4,11,20,0.181818181818,3.04338842975,3.63636363636,2,2.5,1.68954001271,0.464623503495,0.245454545455,1.16774841624,0.642261628933,0.336363636364,1.94000937205,1.06700515463,0.536363636364,1.05689877454,0.347276990411,3.54545454545,3.04338842975,1.05689877454,3.54545454545,0.499047619048,0.4,8,0.0484848484848,0.255555555556,11,11,11,1,0,0.0909090909091,0.636363636364,0.272727272727,11,0.145454545455,3.31818181818,2.90909090909,1.6,2,1.51357493733,0.520291384707,0.261363636364,1.03572548135,0.712061268431,0.329545454545,1.50755672289,1.03644524699,0.511363636364,1.38334246072,0.416897727889,5,3.31818181818,1.38334246072,5,0.396296296296,0.243243243243,3,0.0181818181818,0.211851851852,11,11,11,1,0,0.0909090909091,0.636363636364,0.272727272727,11,19,0.172727272727,3.19972451791,3.45454545455,1.9,2.375,1.63484778274,0.473245410793,0.253588516746,1.19087439228,0.689453595529,0.354066985646,1.67874411933,0.971904490138,0.507177033493,1.14773738733,0.35869881326,3.63636363636,3.19972451791,1.14773738733,3.63636363636,0.486666666667,0.346153846154,6,0.0363636363636,0.242592592593,11,11,11,1,0,0.0909090909091,0.636363636364,0.272727272727,-1,-0.00909090909091,0.156336088154,-0.181818181818,-0.1,-0.125,-0.05469222997,0.00862190729789,0.00813397129187,0.023125976035,0.0471919665957,0.0177033492823,-0.26126525272,-0.0951006644889,-0.0291866028708,0.0908386127936,0.0114218228482,0.0909090909091,0.156336088154,0.0908386127936,0.0909090909091,-0.012380952381,-0.0538461538462,-2,-0.0121212121212,-0.012962962963,0,0,0,18,1,2,89,0.9,0.988888888889,0.0111111111111,0.1,0.947368421053,0.9,0.923076923077,0.906956031802,0.888888888889,0.857142857143,3,4,0,0,0,0
3217,WLNM_dir_neg,0.65625,0.438257575758,00:00:00,10,80,8,1178364357,threshold_sweep,0.4,0.666666666667,0.5,0.571428571429,2,1,2,7,0.5,0.875,0.125,0.5,0.666666666667,0.5,0.571428571429,0.75,0.583333333333,0.4,0.408248290464,0.375,20,16,4,0,20,0,16,0,4,11,20,0.181818181818,3.04338842975,3.63636363636,2,2.5,1.68954001271,0.464623503495,0.245454545455,1.16774841624,0.642261628933,0.336363636364,1.94000937205,1.06700515463,0.536363636364,1.05689877454,0.347276990411,3.54545454545,3.04338842975,1.05689877454,3.54545454545,0.499047619048,0.4,8,0.0484848484848,0.255555555556,11,11,11,1,0,0.0909090909091,0.636363636364,0.272727272727,11,0.145454545455,3.31818181818,2.90909090909,1.6,2,1.51357493733,0.520291384707,0.261363636364,1.03572548135,0.712061268431,0.329545454545,1.50755672289,1.03644524699,0.511363636364,1.38334246072,0.416897727889,5,3.31818181818,1.38334246072,5,0.396296296296,0.243243243243,3,0.0181818181818,0.211851851852,11,11,11,1,0,0.0909090909091,0.636363636364,0.272727272727,11,19,0.172727272727,3.19972451791,3.45454545455,1.9,2.375,1.63484778274,0.473245410793,0.253588516746,1.19087439228,0.689453595529,0.354066985646,1.67874411933,0.971904490138,0.507177033493,1.14773738733,0.35869881326,3.63636363636,3.19972451791,1.14773738733,3.63636363636,0.486666666667,0.346153846154,6,0.0363636363636,0.242592592593,11,11,11,1,0,0.0909090909091,0.636363636364,0.272727272727,-1,-0.00909090909091,0.156336088154,-0.181818181818,-0.1,-0.125,-0.05469222997,0.00862190729789,0.00813397129187,0.023125976035,0.0471919665957,0.0177033492823,-0.26126525272,-0.0951006644889,-0.0291866028708,0.0908386127936,0.0114218228482,0.0909090909091,0.156336088154,0.0908386127936,0.0909090909091,-0.012380952381,-0.0538461538462,-2,-0.0121212121212,-0.012962962963,0,0,0,18,1,2,89,0.9,0.988888888889,0.0111111111111,0.1,0.947368421053,0.9,0.923076923077,0.906956031802,0.888888888889,0.857142857143,3,4,0,0,0,0
3218,WLNM_dir_neg,0.65625,0.438257575758,00:00:00,10,80,8,1178364357,threshold_sweep,0.5,0.666666666667,0.5,0.571428571429,2,1,2,7,0.5,0.875,0.125,0.5,0.666666666667,0.5,0.571428571429,0.75,0.583333333333,0.4,0.408248290464,0.375,20,16,4,0,20,0,16,0,4,11,20,0.181818181818,3.04338842975,3.63636363636,2,2.5,1.68954001271,0.464623503495,0.245454545455,1.16774841624,0.642261628933,0.336363636364,1.94000937205,1.06700515463,0.536363636364,1.05689877454,0.347276990411,3.54545454545,3.04338842975,1.05689877454,3.54545454545,0.499047619048,0.4,8,0.0484848484848,0.255555555556,11,11,11,1,0,0.0909090909091,0.636363636364,0.272727272727,11,0.145454545455,3.31818181818,2.90909090909,1.6,2,1.51357493733,0.520291384707,0.261363636364,1.03572548135,0.712061268431,0.329545454545,1.50755672289,1.03644524699,0.511363636364,1.38334246072,0.416897727889,5,3.31818181818,1.38334246072,5,0.396296296296,0.243243243243,3,0.0181818181818,0.211851851852,11,11,11,1,0,0.0909090909091,0.636363636364,0.272727272727,11,19,0.172727272727,3.19972451791,3.45454545455,1.9,2.375,1.63484778274,0.473245410793,0.253588516746,1.19087439228,0.689453595529,0.354066985646,1.67874411933,0.971904490138,0.507177033493,1.14773738733,0.35869881326,3.63636363636,3.19972451791,1.14773738733,3.63636363636,0.486666666667,0.346153846154,6,0.0363636363636,0.242592592593,11,11,11,1,0,0.0909090909091,0.636363636364,0.272727272727,-1,-0.00909090909091,0.156336088154,-0.181818181818,-0.1,-0.125,-0.05469222997,0.00862190729789,0.00813397129187,0.023125976035,0.0471919665957,0.0177033492823,-0.26126525272,-0.0951006644889,-0.0291866028708,0.0908386127936,0.0114218228482,0.0909090909091,0.156336088154,0.0908386127936,0.0909090909091,-0.012380952381,-0.0538461538462,-2,-0.0121212121212,-0.012962962963,0,0,0,18,1,2,89,0.9,0.988888888889,0.0111111111111,0.1,0.947368421053,0.9,0.923076923077,0.906956031802,0.888888888889,0.857142857143,3,4,0,0,0,0
3219,WLNM_dir_neg,0.65625,0.438257575758,00:00:00,10,80,8,1178364357,threshold_sweep,0.6,0.666666666667,0.5,0.571428571429,2,1,2,7,0.5,0.875,0.125,0.5,0.666666666667,0.5,0.571428571429,0.75,0.583333333333,0.4,0.408248290464,0.375,20,16,4,0,20,0,16,0,4,11,20,0.181818181818,3.04338842975,3.63636363636,2,2.5,1.68954001271,0.464623503495,0.245454545455,1.16774841624,0.642261628933,0.336363636364,1.94000937205,1.06700515463,0.536363636364,1.05689877454,0.347276990411,3.54545454545,3.04338842975,1.05689877454,3.54545454545,0.499047619048,0.4,8,0.0484848484848,0.255555555556,11,11,11,1,0,0.0909090909091,0.636363636364,0.272727272727,11,0.145454545455,3.31818181818,2.90909090909,1.6,2,1.51357493733,0.520291384707,0.261363636364,1.03572548135,0.712061268431,0.329545454545,1.50755672289,1.03644524699,0.511363636364,1.38334246072,0.416897727889,5,3.31818181818,1.38334246072,5,0.396296296296,0.243243243243,3,0.0181818181818,0.211851851852,11,11,11,1,0,0.0909090909091,0.636363636364,0.272727272727,11,19,0.172727272727,3.19972451791,3.45454545455,1.9,2.375,1.63484778274,0.473245410793,0.253588516746,1.19087439228,0.689453595529,0.354066985646,1.67874411933,0.971904490138,0.507177033493,1.14773738733,0.35869881326,3.63636363636,3.19972451791,1.14773738733,3.63636363636,0.486666666667,0.346153846154,6,0.0363636363636,0.242592592593,11,11,11,1,0,0.0909090909091,0.636363636364,0.272727272727,-1,-0.00909090909091,0.156336088154,-0.181818181818,-0.1,-0.125,-0.05469222997,0.00862190729789,0.00813397129187,0.023125976035,0.0471919665957,0.0177033492823,-0.26126525272,-0.0951006644889,-0.0291866028708,0.0908386127936,0.0114218228482,0.0909090909091,0.156336088154,0.0908386127936,0.0909090909091,-0.012380952381,-0.0538461538462,-2,-0.0121212121212,-0.012962962963,0,0,0,18,1,2,89,0.9,0.988888888889,0.0111111111111,0.1,0.947368421053,0.9,0.923076923077,0.906956031802,0.888888888889,0.857142857143,3,4,0,0,0,0
3220,WLNM_dir_neg,0.65625,0.438257575758,00:00:00,10,80,8,1178364357,threshold_sweep,0.7,0.666666666667,0.5,0.571428571429,2,1,2,7,0.5,0.875,0.125,0.5,0.666666666667,0.5,0.571428571429,0.75,0.583333333333,0.4,0.408248290464,0.375,20,16,4,0,20,0,16,0,4,11,20,0.181818181818,3.04338842975,3.63636363636,2,2.5,1.68954001271,0.464623503495,0.245454545455,1.16774841624,0.642261628933,0.336363636364,1.94000937205,1.06700515463,0.536363636364,1.05689877454,0.347276990411,3.54545454545,3.04338842975,1.05689877454,3.54545454545,0.499047619048,0.4,8,0.0484848484848,0.255555555556,11,11,11,1,0,0.0909090909091,0.636363636364,0.272727272727,11,0.145454545455,3.31818181818,2.90909090909,1.6,2,1.51357493733,0.520291384707,0.261363636364,1.03572548135,0.712061268431,0.329545454545,1.50755672289,1.03644524699,0.511363636364,1.38334246072,0.416897727889,5,3.31818181818,1.38334246072,5,0.396296296296,0.243243243243,3,0.0181818181818,0.211851851852,11,11,11,1,0,0.0909090909091,0.636363636364,0.272727272727,11,19,0.172727272727,3.19972451791,3.45454545455,1.9,2.375,1.63484778274,0.473245410793,0.253588516746,1.19087439228,0.689453595529,0.354066985646,1.67874411933,0.971904490138,0.507177033493,1.14773738733,0.35869881326,3.63636363636,3.19972451791,1.14773738733,3.63636363636,0.486666666667,0.346153846154,6,0.0363636363636,0.242592592593,11,11,11,1,0,0.0909090909091,0.636363636364,0.272727272727,-1,-0.00909090909091,0.156336088154,-0.181818181818,-0.1,-0.125,-0.05469222997,0.00862190729789,0.00813397129187,0.023125976035,0.0471919665957,0.0177033492823,-0.26126525272,-0.0951006644889,-0.0291866028708,0.0908386127936,0.0114218228482,0.0909090909091,0.156336088154,0.0908386127936,0.0909090909091,-0.012380952381,-0.0538461538462,-2,-0.0121212121212,-0.012962962963,0,0,0,18,1,2,89,0.9,0.988888888889,0.0111111111111,0.1,0.947368421053,0.9,0.923076923077,0.906956031802,0.888888888889,0.857142857143,3,4,0,0,0,0
3221,WLNM_dir_neg,0.65625,0.438257575758,00:00:00,10,80,8,1178364357,threshold_sweep,0.8,0.666666666667,0.5,0.571428571429,2,1,2,7,0.5,0.875,0.125,0.5,0.666666666667,0.5,0.571428571429,0.75,0.583333333333,0.4,0.408248290464,0.375,20,16,4,0,20,0,16,0,4,11,20,0.181818181818,3.04338842975,3.63636363636,2,2.5,1.68954001271,0.464623503495,0.245454545455,1.16774841624,0.642261628933,0.336363636364,1.94000937205,1.06700515463,0.536363636364,1.05689877454,0.347276990411,3.54545454545,3.04338842975,1.05689877454,3.54545454545,0.499047619048,0.4,8,0.0484848484848,0.255555555556,11,11,11,1,0,0.0909090909091,0.636363636364,0.272727272727,11,0.145454545455,3.31818181818,2.90909090909,1.6,2,1.51357493733,0.520291384707,0.261363636364,1.03572548135,0.712061268431,0.329545454545,1.50755672289,1.03644524699,0.511363636364,1.38334246072,0.416897727889,5,3.31818181818,1.38334246072,5,0.396296296296,0.243243243243,3,0.0181818181818,0.211851851852,11,11,11,1,0,0.0909090909091,0.636363636364,0.272727272727,11,19,0.172727272727,3.19972451791,3.45454545455,1.9,2.375,1.63484778274,0.473245410793,0.253588516746,1.19087439228,0.689453595529,0.354066985646,1.67874411933,0.971904490138,0.507177033493,1.14773738733,0.35869881326,3.63636363636,3.19972451791,1.14773738733,3.63636363636,0.486666666667,0.346153846154,6,0.0363636363636,0.242592592593,11,11,11,1,0,0.0909090909091,0.636363636364,0.272727272727,-1,-0.00909090909091,0.156336088154,-0.181818181818,-0.1,-0.125,-0.05469222997,0.00862190729789,0.00813397129187,0.023125976035,0.0471919665957,0.0177033492823,-0.26126525272,-0.0951006644889,-0.0291866028708,0.0908386127936,0.0114218228482,0.0909090909091,0.156336088154,0.0908386127936,0.0909090909091,-0.012380952381,-0.0538461538462,-2,-0.0121212121212,-0.012962962963,0,0,0,18,1,2,89,0.9,0.988888888889,0.0111111111111,0.1,0.947368421053,0.9,0.923076923077,0.906956031802,0.888888888889,0.857142857143,3,4,0,0,0,0
3222,WLNM_dir_neg,0.65625,0.438257575758,00:00:00,10,80,8,1178364357,threshold_sweep,0.9,0.666666666667,0.5,0.571428571429,2,1,2,7,0.5,0.875,0.125,0.5,0.666666666667,0.5,0.571428571429,0.75,0.583333333333,0.4,0.408248290464,0.375,20,16,4,0,20,0,16,0,4,11,20,0.181818181818,3.04338842975,3.63636363636,2,2.5,1.68954001271,0.464623503495,0.245454545455,1.16774841624,0.642261628933,0.336363636364,1.94000937205,1.06700515463,0.536363636364,1.05689877454,0.347276990411,3.54545454545,3.04338842975,1.05689877454,3.54545454545,0.499047619048,0.4,8,0.0484848484848,0.255555555556,11,11,11,1,0,0.0909090909091,0.636363636364,0.272727272727,11,0.145454545455,3.31818181818,2.90909090909,1.6,2,1.51357493733,0.520291384707,0.261363636364,1.03572548135,0.712061268431,0.329545454545,1.50755672289,1.03644524699,0.511363636364,1.38334246072,0.416897727889,5,3.31818181818,1.38334246072,5,0.396296296296,0.243243243243,3,0.0181818181818,0.211851851852,11,11,11,1,0,0.0909090909091,0.636363636364,0.272727272727,11,19,0.172727272727,3.19972451791,3.45454545455,1.9,2.375,1.63484778274,0.473245410793,0.253588516746,1.19087439228,0.689453595529,0.354066985646,1.67874411933,0.971904490138,0.507177033493,1.14773738733,0.35869881326,3.63636363636,3.19972451791,1.14773738733,3.63636363636,0.486666666667,0.346153846154,6,0.0363636363636,0.242592592593,11,11,11,1,0,0.0909090909091,0.636363636364,0.272727272727,-1,-0.00909090909091,0.156336088154,-0.181818181818,-0.1,-0.125,-0.05469222997,0.00862190729789,0.00813397129187,0.023125976035,0.0471919665957,0.0177033492823,-0.26126525272,-0.0951006644889,-0.0291866028708,0.0908386127936,0.0114218228482,0.0909090909091,0.156336088154,0.0908386127936,0.0909090909091,-0.012380952381,-0.0538461538462,-2,-0.0121212121212,-0.012962962963,0,0,0,18,1,2,89,0.9,0.988888888889,0.0111111111111,0.1,0.947368421053,0.9,0.923076923077,0.906956031802,0.888888888889,0.857142857143,3,4,0,0,0,0
3223,WLNM_dir_neg,0.71875,0.502840909091,00:00:00,10,80,9,1178364358,threshold_sweep,0.1,0.75,0.75,0.75,3,1,1,7,0.75,0.875,0.125,0.25,0.75,0.75,0.75,0.833333333333,0.555555555556,0.625,0.625,0.625,20,16,4,0,20,0,16,0,4,11,20,0.181818181818,3.04338842975,3.63636363636,2,2.5,1.68954001271,0.464623503495,0.245454545455,1.16774841624,0.642261628933,0.336363636364,1.94000937205,1.06700515463,0.536363636364,1.05689877454,0.347276990411,3.54545454545,3.04338842975,1.05689877454,3.54545454545,0.499047619048,0.4,8,0.0484848484848,0.255555555556,11,11,11,1,0,0.0909090909091,0.636363636364,0.272727272727,11,0.145454545455,3.34090909091,2.90909090909,1.6,2,1.3751033019,0.47269176003,0.238636363636,0.820199532265,0.563887178432,0.284090909091,1.57249078621,1.08108741552,0.522727272727,1.55833535894,0.4664405156,5.5,3.34090909091,1.55833535894,5.5,0.32962962963,0.25,3,0.0181818181818,0.196296296296,11,11,11,1,0,0.0909090909091,0.636363636364,0.272727272727,11,20,0.181818181818,3.15909090909,3.63636363636,2,2.5,1.62927758671,0.448051336344,0.240909090909,1.16774841624,0.642261628933,0.336363636364,1.72152152575,0.946836839165,0.5,1.18928932178,0.376465684593,3.8,3.15909090909,1.18928932178,3.8,0.466666666667,0.352941176471,6,0.0363636363636,0.233333333333,11,11,11,1,0,0.0909090909091,0.636363636364,0.272727272727,0,0,0.115702479339,0,0,0,-0.0602624260023,-0.0165721671506,-0.00454545454545,0,0,0,-0.218487846294,-0.120168315462,-0.0363636363636,0.132390547247,0.0291886941821,0.254545454545,0.115702479339,0.132390547247,0.254545454545,-0.032380952381,-0.0470588235294,-2,-0.0121212121212,-0.0222222222222,0,0,0,19,1,1,89,0.95,0.988888888889,0.0111111111111,0.05,0.95,0.95,0.95,0.938888888889,0.938888888889,0.904761904762,4,4,0,0,0,0
3224,WLNM_dir_neg,0.71875,0.502840909091,00:00:00,10,80,9,1178364358,threshold_sweep,0.2,0.75,0.75,0.75,3,1,1,7,0.75,0.875,0.125,0.25,0.75,0.75,0.75,0.833333333333,0.555555555556,0.625,0.625,0.625,20,16,4,0,20,0,16,0,4,11,20,0.181818181818,3.04338842975,3.63636363636,2,2.5,1.68954001271,0.464623503495,0.245454545455,1.16774841624,0.642261628933,0.336363636364,1.94000937205,1.06700515463,0.536363636364,1.05689877454,0.347276990411,3.54545454545,3.04338842975,1.05689877454,3.54545454545,0.499047619048,0.4,8,0.0484848484848,0.255555555556,11,11,11,1,0,0.0909090909091,0.636363636364,0.272727272727,11,0.145454545455,3.34090909091,2.90909090909,1.6,2,1.3751033019,0.47269176003,0.238636363636,0.820199532265,0.563887178432,0.284090909091,1.57249078621,1.08108741552,0.522727272727,1.55833535894,0.4664405156,5.5,3.34090909091,1.55833535894,5.5,0.32962962963,0.25,3,0.0181818181818,0.196296296296,11,11,11,1,0,0.0909090909091,0.636363636364,0.272727272727,11,20,0.181818181818,3.15909090909,3.63636363636,2,2.5,1.62927758671,0.448051336344,0.240909090909,1.16774841624,0.642261628933,0.336363636364,1.72152152575,0.946836839165,0.5,1.18928932178,0.376465684593,3.8,3.15909090909,1.18928932178,3.8,0.466666666667,0.352941176471,6,0.0363636363636,0.233333333333,11,11,11,1,0,0.0909090909091,0.636363636364,0.272727272727,0,0,0.115702479339,0,0,0,-0.0602624260023,-0.0165721671506,-0.00454545454545,0,0,0,-0.218487846294,-0.120168315462,-0.0363636363636,0.132390547247,0.0291886941821,0.254545454545,0.115702479339,0.132390547247,0.254545454545,-0.032380952381,-0.0470588235294,-2,-0.0121212121212,-0.0222222222222,0,0,0,19,1,1,89,0.95,0.988888888889,0.0111111111111,0.05,0.95,0.95,0.95,0.938888888889,0.938888888889,0.904761904762,4,4,0,0,0,0
3225,WLNM_dir_neg,0.71875,0.502840909091,00:00:00,10,80,9,1178364358,threshold_sweep,0.3,0.75,0.75,0.75,3,1,1,7,0.75,0.875,0.125,0.25,0.75,0.75,0.75,0.833333333333,0.555555555556,0.625,0.625,0.625,20,16,4,0,20,0,16,0,4,11,20,0.181818181818,3.04338842975,3.63636363636,2,2.5,1.68954001271,0.464623503495,0.245454545455,1.16774841624,0.642261628933,0.336363636364,1.94000937205,1.06700515463,0.536363636364,1.05689877454,0.347276990411,3.54545454545,3.04338842975,1.05689877454,3.54545454545,0.499047619048,0.4,8,0.0484848484848,0.255555555556,11,11,11,1,0,0.0909090909091,0.636363636364,0.272727272727,11,0.145454545455,3.34090909091,2.90909090909,1.6,2,1.3751033019,0.47269176003,0.238636363636,0.820199532265,0.563887178432,0.284090909091,1.57249078621,1.08108741552,0.522727272727,1.55833535894,0.4664405156,5.5,3.34090909091,1.55833535894,5.5,0.32962962963,0.25,3,0.0181818181818,0.196296296296,11,11,11,1,0,0.0909090909091,0.636363636364,0.272727272727,11,20,0.181818181818,3.15909090909,3.63636363636,2,2.5,1.62927758671,0.448051336344,0.240909090909,1.16774841624,0.642261628933,0.336363636364,1.72152152575,0.946836839165,0.5,1.18928932178,0.376465684593,3.8,3.15909090909,1.18928932178,3.8,0.466666666667,0.352941176471,6,0.0363636363636,0.233333333333,11,11,11,1,0,0.0909090909091,0.636363636364,0.272727272727,0,0,0.115702479339,0,0,0,-0.0602624260023,-0.0165721671506,-0.00454545454545,0,0,0,-0.218487846294,-0.120168315462,-0.0363636363636,0.132390547247,0.0291886941821,0.254545454545,0.115702479339,0.132390547247,0.254545454545,-0.032380952381,-0.0470588235294,-2,-0.0121212121212,-0.0222222222222,0,0,0,19,1,1,89,0.95,0.988888888889,0.0111111111111,0.05,0.95,0.95,0.95,0.938888888889,0.938888888889,0.904761904762,4,4,0,0,0,0
3226,WLNM_dir_neg,0.71875,0.502840909091,00:00:00,10,80,9,1178364358,threshold_sweep,0.4,0.75,0.75,0.75,3,1,1,7,0.75,0.875,0.125,0.25,0.75,0.75,0.75,0.833333333333,0.555555555556,0.625,0.625,0.625,20,16,4,0,20,0,16,0,4,11,20,0.181818181818,3.04338842975,3.63636363636,2,2.5,1.68954001271,0.464623503495,0.245454545455,1.16774841624,0.642261628933,0.336363636364,1.94000937205,1.06700515463,0.536363636364,1.05689877454,0.347276990411,3.54545454545,3.04338842975,1.05689877454,3.54545454545,0.499047619048,0.4,8,0.0484848484848,0.255555555556,11,11,11,1,0,0.0909090909091,0.636363636364,0.272727272727,11,0.145454545455,3.34090909091,2.90909090909,1.6,2,1.3751033019,0.47269176003,0.238636363636,0.820199532265,0.563887178432,0.284090909091,1.57249078621,1.08108741552,0.522727272727,1.55833535894,0.4664405156,5.5,3.34090909091,1.55833535894,5.5,0.32962962963,0.25,3,0.0181818181818,0.196296296296,11,11,11,1,0,0.0909090909091,0.636363636364,0.272727272727,11,20,0.181818181818,3.15909090909,3.63636363636,2,2.5,1.62927758671,0.448051336344,0.240909090909,1.16774841624,0.642261628933,0.336363636364,1.72152152575,0.946836839165,0.5,1.18928932178,0.376465684593,3.8,3.15909090909,1.18928932178,3.8,0.466666666667,0.352941176471,6,0.0363636363636,0.233333333333,11,11,11,1,0,0.0909090909091,0.636363636364,0.272727272727,0,0,0.115702479339,0,0,0,-0.0602624260023,-0.0165721671506,-0.00454545454545,0,0,0,-0.218487846294,-0.120168315462,-0.0363636363636,0.132390547247,0.0291886941821,0.254545454545,0.115702479339,0.132390547247,0.254545454545,-0.032380952381,-0.0470588235294,-2,-0.0121212121212,-0.0222222222222,0,0,0,19,1,1,89,0.95,0.988888888889,0.0111111111111,0.05,0.95,0.95,0.95,0.938888888889,0.938888888889,0.904761904762,4,4,0,0,0,0
3227,WLNM_dir_neg,0.71875,0.502840909091,00:00:00,10,80,9,1178364358,threshold_sweep,0.5,0.75,0.75,0.75,3,1,1,7,0.75,0.875,0.125,0.25,0.75,0.75,0.75,0.833333333333,0.555555555556,0.625,0.625,0.625,20,16,4,0,20,0,16,0,4,11,20,0.181818181818,3.04338842975,3.63636363636,2,2.5,1.68954001271,0.464623503495,0.245454545455,1.16774841624,0.642261628933,0.336363636364,1.94000937205,1.06700515463,0.536363636364,1.05689877454,0.347276990411,3.54545454545,3.04338842975,1.05689877454,3.54545454545,0.499047619048,0.4,8,0.0484848484848,0.255555555556,11,11,11,1,0,0.0909090909091,0.636363636364,0.272727272727,11,0.145454545455,3.34090909091,2.90909090909,1.6,2,1.3751033019,0.47269176003,0.238636363636,0.820199532265,0.563887178432,0.284090909091,1.57249078621,1.08108741552,0.522727272727,1.55833535894,0.4664405156,5.5,3.34090909091,1.55833535894,5.5,0.32962962963,0.25,3,0.0181818181818,0.196296296296,11,11,11,1,0,0.0909090909091,0.636363636364,0.272727272727,11,20,0.181818181818,3.15909090909,3.63636363636,2,2.5,1.62927758671,0.448051336344,0.240909090909,1.16774841624,0.642261628933,0.336363636364,1.72152152575,0.946836839165,0.5,1.18928932178,0.376465684593,3.8,3.15909090909,1.18928932178,3.8,0.466666666667,0.352941176471,6,0.0363636363636,0.233333333333,11,11,11,1,0,0.0909090909091,0.636363636364,0.272727272727,0,0,0.115702479339,0,0,0,-0.0602624260023,-0.0165721671506,-0.00454545454545,0,0,0,-0.218487846294,-0.120168315462,-0.0363636363636,0.132390547247,0.0291886941821,0.254545454545,0.115702479339,0.132390547247,0.254545454545,-0.032380952381,-0.0470588235294,-2,-0.0121212121212,-0.0222222222222,0,0,0,19,1,1,89,0.95,0.988888888889,0.0111111111111,0.05,0.95,0.95,0.95,0.938888888889,0.938888888889,0.904761904762,4,4,0,0,0,0
3228,WLNM_dir_neg,0.71875,0.502840909091,00:00:00,10,80,9,1178364358,threshold_sweep,0.6,0.75,0.75,0.75,3,1,1,7,0.75,0.875,0.125,0.25,0.75,0.75,0.75,0.833333333333,0.555555555556,0.625,0.625,0.625,20,16,4,0,20,0,16,0,4,11,20,0.181818181818,3.04338842975,3.63636363636,2,2.5,1.68954001271,0.464623503495,0.245454545455,1.16774841624,0.642261628933,0.336363636364,1.94000937205,1.06700515463,0.536363636364,1.05689877454,0.347276990411,3.54545454545,3.04338842975,1.05689877454,3.54545454545,0.499047619048,0.4,8,0.0484848484848,0.255555555556,11,11,11,1,0,0.0909090909091,0.636363636364,0.272727272727,11,0.145454545455,3.34090909091,2.90909090909,1.6,2,1.3751033019,0.47269176003,0.238636363636,0.820199532265,0.563887178432,0.284090909091,1.57249078621,1.08108741552,0.522727272727,1.55833535894,0.4664405156,5.5,3.34090909091,1.55833535894,5.5,0.32962962963,0.25,3,0.0181818181818,0.196296296296,11,11,11,1,0,0.0909090909091,0.636363636364,0.272727272727,11,20,0.181818181818,3.15909090909,3.63636363636,2,2.5,1.62927758671,0.448051336344,0.240909090909,1.16774841624,0.642261628933,0.336363636364,1.72152152575,0.946836839165,0.5,1.18928932178,0.376465684593,3.8,3.15909090909,1.18928932178,3.8,0.466666666667,0.352941176471,6,0.0363636363636,0.233333333333,11,11,11,1,0,0.0909090909091,0.636363636364,0.272727272727,0,0,0.115702479339,0,0,0,-0.0602624260023,-0.0165721671506,-0.00454545454545,0,0,0,-0.218487846294,-0.120168315462,-0.0363636363636,0.132390547247,0.0291886941821,0.254545454545,0.115702479339,0.132390547247,0.254545454545,-0.032380952381,-0.0470588235294,-2,-0.0121212121212,-0.0222222222222,0,0,0,19,1,1,89,0.95,0.988888888889,0.0111111111111,0.05,0.95,0.95,0.95,0.938888888889,0.938888888889,0.904761904762,4,4,0,0,0,0
3229,WLNM_dir_neg,0.71875,0.502840909091,00:00:00,10,80,9,1178364358,threshold_sweep,0.7,0.75,0.75,0.75,3,1,1,7,0.75,0.875,0.125,0.25,0.75,0.75,0.75,0.833333333333,0.555555555556,0.625,0.625,0.625,20,16,4,0,20,0,16,0,4,11,20,0.181818181818,3.04338842975,3.63636363636,2,2.5,1.68954001271,0.464623503495,0.245454545455,1.16774841624,0.642261628933,0.336363636364,1.94000937205,1.06700515463,0.536363636364,1.05689877454,0.347276990411,3.54545454545,3.04338842975,1.05689877454,3.54545454545,0.499047619048,0.4,8,0.0484848484848,0.255555555556,11,11,11,1,0,0.0909090909091,0.636363636364,0.272727272727,11,0.145454545455,3.34090909091,2.90909090909,1.6,2,1.3751033019,0.47269176003,0.238636363636,0.820199532265,0.563887178432,0.284090909091,1.57249078621,1.08108741552,0.522727272727,1.55833535894,0.4664405156,5.5,3.34090909091,1.55833535894,5.5,0.32962962963,0.25,3,0.0181818181818,0.196296296296,11,11,11,1,0,0.0909090909091,0.636363636364,0.272727272727,11,20,0.181818181818,3.15909090909,3.63636363636,2,2.5,1.62927758671,0.448051336344,0.240909090909,1.16774841624,0.642261628933,0.336363636364,1.72152152575,0.946836839165,0.5,1.18928932178,0.376465684593,3.8,3.15909090909,1.18928932178,3.8,0.466666666667,0.352941176471,6,0.0363636363636,0.233333333333,11,11,11,1,0,0.0909090909091,0.636363636364,0.272727272727,0,0,0.115702479339,0,0,0,-0.0602624260023,-0.0165721671506,-0.00454545454545,0,0,0,-0.218487846294,-0.120168315462,-0.0363636363636,0.132390547247,0.0291886941821,0.254545454545,0.115702479339,0.132390547247,0.254545454545,-0.032380952381,-0.0470588235294,-2,-0.0121212121212,-0.0222222222222,0,0,0,19,1,1,89,0.95,0.988888888889,0.0111111111111,0.05,0.95,0.95,0.95,0.938888888889,0.938888888889,0.904761904762,4,4,0,0,0,0
3230,WLNM_dir_neg,0.71875,0.502840909091,00:00:00,10,80,9,1178364358,threshold_sweep,0.8,0.75,0.75,0.75,3,1,1,7,0.75,0.875,0.125,0.25,0.75,0.75,0.75,0.833333333333,0.555555555556,0.625,0.625,0.625,20,16,4,0,20,0,16,0,4,11,20,0.181818181818,3.04338842975,3.63636363636,2,2.5,1.68954001271,0.464623503495,0.245454545455,1.16774841624,0.642261628933,0.336363636364,1.94000937205,1.06700515463,0.536363636364,1.05689877454,0.347276990411,3.54545454545,3.04338842975,1.05689877454,3.54545454545,0.499047619048,0.4,8,0.0484848484848,0.255555555556,11,11,11,1,0,0.0909090909091,0.636363636364,0.272727272727,11,0.145454545455,3.34090909091,2.90909090909,1.6,2,1.3751033019,0.47269176003,0.238636363636,0.820199532265,0.563887178432,0.284090909091,1.57249078621,1.08108741552,0.522727272727,1.55833535894,0.4664405156,5.5,3.34090909091,1.55833535894,5.5,0.32962962963,0.25,3,0.0181818181818,0.196296296296,11,11,11,1,0,0.0909090909091,0.636363636364,0.272727272727,11,20,0.181818181818,3.15909090909,3.63636363636,2,2.5,1.62927758671,0.448051336344,0.240909090909,1.16774841624,0.642261628933,0.336363636364,1.72152152575,0.946836839165,0.5,1.18928932178,0.376465684593,3.8,3.15909090909,1.18928932178,3.8,0.466666666667,0.352941176471,6,0.0363636363636,0.233333333333,11,11,11,1,0,0.0909090909091,0.636363636364,0.272727272727,0,0,0.115702479339,0,0,0,-0.0602624260023,-0.0165721671506,-0.00454545454545,0,0,0,-0.218487846294,-0.120168315462,-0.0363636363636,0.132390547247,0.0291886941821,0.254545454545,0.115702479339,0.132390547247,0.254545454545,-0.032380952381,-0.0470588235294,-2,-0.0121212121212,-0.0222222222222,0,0,0,19,1,1,89,0.95,0.988888888889,0.0111111111111,0.05,0.95,0.95,0.95,0.938888888889,0.938888888889,0.904761904762,4,4,0,0,0,0
3231,WLNM_dir_neg,0.71875,0.502840909091,00:00:00,10,80,9,1178364358,threshold_sweep,0.9,0.75,0.75,0.75,3,1,1,7,0.75,0.875,0.125,0.25,0.75,0.75,0.75,0.833333333333,0.555555555556,0.625,0.625,0.625,20,16,4,0,20,0,16,0,4,11,20,0.181818181818,3.04338842975,3.63636363636,2,2.5,1.68954001271,0.464623503495,0.245454545455,1.16774841624,0.642261628933,0.336363636364,1.94000937205,1.06700515463,0.536363636364,1.05689877454,0.347276990411,3.54545454545,3.04338842975,1.05689877454,3.54545454545,0.499047619048,0.4,8,0.0484848484848,0.255555555556,11,11,11,1,0,0.0909090909091,0.636363636364,0.272727272727,11,0.145454545455,3.34090909091,2.90909090909,1.6,2,1.3751033019,0.47269176003,0.238636363636,0.820199532265,0.563887178432,0.284090909091,1.57249078621,1.08108741552,0.522727272727,1.55833535894,0.4664405156,5.5,3.34090909091,1.55833535894,5.5,0.32962962963,0.25,3,0.0181818181818,0.196296296296,11,11,11,1,0,0.0909090909091,0.636363636364,0.272727272727,11,20,0.181818181818,3.15909090909,3.63636363636,2,2.5,1.62927758671,0.448051336344,0.240909090909,1.16774841624,0.642261628933,0.336363636364,1.72152152575,0.946836839165,0.5,1.18928932178,0.376465684593,3.8,3.15909090909,1.18928932178,3.8,0.466666666667,0.352941176471,6,0.0363636363636,0.233333333333,11,11,11,1,0,0.0909090909091,0.636363636364,0.272727272727,0,0,0.115702479339,0,0,0,-0.0602624260023,-0.0165721671506,-0.00454545454545,0,0,0,-0.218487846294,-0.120168315462,-0.0363636363636,0.132390547247,0.0291886941821,0.254545454545,0.115702479339,0.132390547247,0.254545454545,-0.032380952381,-0.0470588235294,-2,-0.0121212121212,-0.0222222222222,0,0,0,19,1,1,89,0.95,0.988888888889,0.0111111111111,0.05,0.95,0.95,0.95,0.938888888889,0.938888888889,0.904761904762,4,4,0,0,0,0
3232,WLNM_dir_neg,0.78125,0.51875,00:00:00,10,80,10,1178364359,threshold_sweep,0.1,0.75,0.75,0.75,3,1,1,7,0.75,0.875,0.125,0.25,0.75,0.75,0.75,0.833333333333,0.555555555556,0.625,0.625,0.625,20,16,4,0,20,0,16,0,4,11,20,0.181818181818,3.04338842975,3.63636363636,2,2.5,1.68954001271,0.464623503495,0.245454545455,1.16774841624,0.642261628933,0.336363636364,1.94000937205,1.06700515463,0.536363636364,1.05689877454,0.347276990411,3.54545454545,3.04338842975,1.05689877454,3.54545454545,0.499047619048,0.4,8,0.0484848484848,0.255555555556,11,11,11,1,0,0.0909090909091,0.636363636364,0.272727272727,11,0.145454545455,3.52272727273,2.90909090909,1.6,2,1.578261414,0.542527361061,0.25,0.820199532265,0.563887178432,0.284090909091,1.7529196424,1.20513225415,0.545454545455,1.96782836773,0.558609343098,6.66666666667,3.52272727273,1.96782836773,6.66666666667,0.428571428571,0.3,4,0.0242424242424,0.216666666667,11,11,11,1,0,0.0909090909091,0.636363636364,0.272727272727,11,20,0.181818181818,4.65909090909,3.63636363636,2,2.5,1.96329963443,0.539907399468,0.272727272727,0.981649817214,0.539907399468,0.281818181818,2.04049904769,1.12227447623,0.554545454545,1.62166518733,0.348064723134,5.75,4.65909090909,1.62166518733,5.75,0.432380952381,0.333333333333,6,0.0363636363636,0.264444444444,11,11,11,1,0,0.0909090909091,0.636363636364,0.272727272727,0,0,1.61570247934,0,0,0,0.273759621719,0.0752838959727,0.0272727272727,-0.186098599028,-0.102354229466,-0.0545454545455,0.100489675644,0.0552693216045,0.0181818181818,0.564766412793,0.00078773272292,2.20454545455,1.61570247934,0.564766412793,2.20454545455,-0.0666666666667,-0.0666666666667,-2,-0.0121212121212,0.00888888888889,0,0,0,19,1,1,89,0.95,0.988888888889,0.0111111111111,0.05,0.95,0.95,0.95,0.938888888889,0.938888888889,0.904761904762,4,4,0,0,0,0
3233,WLNM_dir_neg,0.78125,0.51875,00:00:00,10,80,10,1178364359,threshold_sweep,0.2,0.75,0.75,0.75,3,1,1,7,0.75,0.875,0.125,0.25,0.75,0.75,0.75,0.833333333333,0.555555555556,0.625,0.625,0.625,20,16,4,0,20,0,16,0,4,11,20,0.181818181818,3.04338842975,3.63636363636,2,2.5,1.68954001271,0.464623503495,0.245454545455,1.16774841624,0.642261628933,0.336363636364,1.94000937205,1.06700515463,0.536363636364,1.05689877454,0.347276990411,3.54545454545,3.04338842975,1.05689877454,3.54545454545,0.499047619048,0.4,8,0.0484848484848,0.255555555556,11,11,11,1,0,0.0909090909091,0.636363636364,0.272727272727,11,0.145454545455,3.52272727273,2.90909090909,1.6,2,1.578261414,0.542527361061,0.25,0.820199532265,0.563887178432,0.284090909091,1.7529196424,1.20513225415,0.545454545455,1.96782836773,0.558609343098,6.66666666667,3.52272727273,1.96782836773,6.66666666667,0.428571428571,0.3,4,0.0242424242424,0.216666666667,11,11,11,1,0,0.0909090909091,0.636363636364,0.272727272727,11,20,0.181818181818,4.65909090909,3.63636363636,2,2.5,1.96329963443,0.539907399468,0.272727272727,0.981649817214,0.539907399468,0.281818181818,2.04049904769,1.12227447623,0.554545454545,1.62166518733,0.348064723134,5.75,4.65909090909,1.62166518733,5.75,0.432380952381,0.333333333333,6,0.0363636363636,0.264444444444,11,11,11,1,0,0.0909090909091,0.636363636364,0.272727272727,0,0,1.61570247934,0,0,0,0.273759621719,0.0752838959727,0.0272727272727,-0.186098599028,-0.102354229466,-0.0545454545455,0.100489675644,0.0552693216045,0.0181818181818,0.564766412793,0.00078773272292,2.20454545455,1.61570247934,0.564766412793,2.20454545455,-0.0666666666667,-0.0666666666667,-2,-0.0121212121212,0.00888888888889,0,0,0,19,1,1,89,0.95,0.988888888889,0.0111111111111,0.05,0.95,0.95,0.95,0.938888888889,0.938888888889,0.904761904762,4,4,0,0,0,0
3234,WLNM_dir_neg,0.78125,0.51875,00:00:00,10,80,10,1178364359,threshold_sweep,0.3,0.75,0.75,0.75,3,1,1,7,0.75,0.875,0.125,0.25,0.75,0.75,0.75,0.833333333333,0.555555555556,0.625,0.625,0.625,20,16,4,0,20,0,16,0,4,11,20,0.181818181818,3.04338842975,3.63636363636,2,2.5,1.68954001271,0.464623503495,0.245454545455,1.16774841624,0.642261628933,0.336363636364,1.94000937205,1.06700515463,0.536363636364,1.05689877454,0.347276990411,3.54545454545,3.04338842975,1.05689877454,3.54545454545,0.499047619048,0.4,8,0.0484848484848,0.255555555556,11,11,11,1,0,0.0909090909091,0.636363636364,0.272727272727,11,0.145454545455,3.52272727273,2.90909090909,1.6,2,1.578261414,0.542527361061,0.25,0.820199532265,0.563887178432,0.284090909091,1.7529196424,1.20513225415,0.545454545455,1.96782836773,0.558609343098,6.66666666667,3.52272727273,1.96782836773,6.66666666667,0.428571428571,0.3,4,0.0242424242424,0.216666666667,11,11,11,1,0,0.0909090909091,0.636363636364,0.272727272727,11,20,0.181818181818,4.65909090909,3.63636363636,2,2.5,1.96329963443,0.539907399468,0.272727272727,0.981649817214,0.539907399468,0.281818181818,2.04049904769,1.12227447623,0.554545454545,1.62166518733,0.348064723134,5.75,4.65909090909,1.62166518733,5.75,0.432380952381,0.333333333333,6,0.0363636363636,0.264444444444,11,11,11,1,0,0.0909090909091,0.636363636364,0.272727272727,0,0,1.61570247934,0,0,0,0.273759621719,0.0752838959727,0.0272727272727,-0.186098599028,-0.102354229466,-0.0545454545455,0.100489675644,0.0552693216045,0.0181818181818,0.564766412793,0.00078773272292,2.20454545455,1.61570247934,0.564766412793,2.20454545455,-0.0666666666667,-0.0666666666667,-2,-0.0121212121212,0.00888888888889,0,0,0,19,1,1,89,0.95,0.988888888889,0.0111111111111,0.05,0.95,0.95,0.95,0.938888888889,0.938888888889,0.904761904762,4,4,0,0,0,0
3235,WLNM_dir_neg,0.78125,0.51875,00:00:00,10,80,10,1178364359,threshold_sweep,0.4,0.75,0.75,0.75,3,1,1,7,0.75,0.875,0.125,0.25,0.75,0.75,0.75,0.833333333333,0.555555555556,0.625,0.625,0.625,20,16,4,0,20,0,16,0,4,11,20,0.181818181818,3.04338842975,3.63636363636,2,2.5,1.68954001271,0.464623503495,0.245454545455,1.16774841624,0.642261628933,0.336363636364,1.94000937205,1.06700515463,0.536363636364,1.05689877454,0.347276990411,3.54545454545,3.04338842975,1.05689877454,3.54545454545,0.499047619048,0.4,8,0.0484848484848,0.255555555556,11,11,11,1,0,0.0909090909091,0.636363636364,0.272727272727,11,0.145454545455,3.52272727273,2.90909090909,1.6,2,1.578261414,0.542527361061,0.25,0.820199532265,0.563887178432,0.284090909091,1.7529196424,1.20513225415,0.545454545455,1.96782836773,0.558609343098,6.66666666667,3.52272727273,1.96782836773,6.66666666667,0.428571428571,0.3,4,0.0242424242424,0.216666666667,11,11,11,1,0,0.0909090909091,0.636363636364,0.272727272727,11,20,0.181818181818,4.65909090909,3.63636363636,2,2.5,1.96329963443,0.539907399468,0.272727272727,0.981649817214,0.539907399468,0.281818181818,2.04049904769,1.12227447623,0.554545454545,1.62166518733,0.348064723134,5.75,4.65909090909,1.62166518733,5.75,0.432380952381,0.333333333333,6,0.0363636363636,0.264444444444,11,11,11,1,0,0.0909090909091,0.636363636364,0.272727272727,0,0,1.61570247934,0,0,0,0.273759621719,0.0752838959727,0.0272727272727,-0.186098599028,-0.102354229466,-0.0545454545455,0.100489675644,0.0552693216045,0.0181818181818,0.564766412793,0.00078773272292,2.20454545455,1.61570247934,0.564766412793,2.20454545455,-0.0666666666667,-0.0666666666667,-2,-0.0121212121212,0.00888888888889,0,0,0,19,1,1,89,0.95,0.988888888889,0.0111111111111,0.05,0.95,0.95,0.95,0.938888888889,0.938888888889,0.904761904762,4,4,0,0,0,0
3236,WLNM_dir_neg,0.78125,0.51875,00:00:00,10,80,10,1178364359,threshold_sweep,0.5,0.75,0.75,0.75,3,1,1,7,0.75,0.875,0.125,0.25,0.75,0.75,0.75,0.833333333333,0.555555555556,0.625,0.625,0.625,20,16,4,0,20,0,16,0,4,11,20,0.181818181818,3.04338842975,3.63636363636,2,2.5,1.68954001271,0.464623503495,0.245454545455,1.16774841624,0.642261628933,0.336363636364,1.94000937205,1.06700515463,0.536363636364,1.05689877454,0.347276990411,3.54545454545,3.04338842975,1.05689877454,3.54545454545,0.499047619048,0.4,8,0.0484848484848,0.255555555556,11,11,11,1,0,0.0909090909091,0.636363636364,0.272727272727,11,0.145454545455,3.52272727273,2.90909090909,1.6,2,1.578261414,0.542527361061,0.25,0.820199532265,0.563887178432,0.284090909091,1.7529196424,1.20513225415,0.545454545455,1.96782836773,0.558609343098,6.66666666667,3.52272727273,1.96782836773,6.66666666667,0.428571428571,0.3,4,0.0242424242424,0.216666666667,11,11,11,1,0,0.0909090909091,0.636363636364,0.272727272727,11,20,0.181818181818,4.65909090909,3.63636363636,2,2.5,1.96329963443,0.539907399468,0.272727272727,0.981649817214,0.539907399468,0.281818181818,2.04049904769,1.12227447623,0.554545454545,1.62166518733,0.348064723134,5.75,4.65909090909,1.62166518733,5.75,0.432380952381,0.333333333333,6,0.0363636363636,0.264444444444,11,11,11,1,0,0.0909090909091,0.636363636364,0.272727272727,0,0,1.61570247934,0,0,0,0.273759621719,0.0752838959727,0.0272727272727,-0.186098599028,-0.102354229466,-0.0545454545455,0.100489675644,0.0552693216045,0.0181818181818,0.564766412793,0.00078773272292,2.20454545455,1.61570247934,0.564766412793,2.20454545455,-0.0666666666667,-0.0666666666667,-2,-0.0121212121212,0.00888888888889,0,0,0,19,1,1,89,0.95,0.988888888889,0.0111111111111,0.05,0.95,0.95,0.95,0.938888888889,0.938888888889,0.904761904762,4,4,0,0,0,0
3237,WLNM_dir_neg,0.78125,0.51875,00:00:00,10,80,10,1178364359,threshold_sweep,0.6,0.75,0.75,0.75,3,1,1,7,0.75,0.875,0.125,0.25,0.75,0.75,0.75,0.833333333333,0.555555555556,0.625,0.625,0.625,20,16,4,0,20,0,16,0,4,11,20,0.181818181818,3.04338842975,3.63636363636,2,2.5,1.68954001271,0.464623503495,0.245454545455,1.16774841624,0.642261628933,0.336363636364,1.94000937205,1.06700515463,0.536363636364,1.05689877454,0.347276990411,3.54545454545,3.04338842975,1.05689877454,3.54545454545,0.499047619048,0.4,8,0.0484848484848,0.255555555556,11,11,11,1,0,0.0909090909091,0.636363636364,0.272727272727,11,0.145454545455,3.52272727273,2.90909090909,1.6,2,1.578261414,0.542527361061,0.25,0.820199532265,0.563887178432,0.284090909091,1.7529196424,1.20513225415,0.545454545455,1.96782836773,0.558609343098,6.66666666667,3.52272727273,1.96782836773,6.66666666667,0.428571428571,0.3,4,0.0242424242424,0.216666666667,11,11,11,1,0,0.0909090909091,0.636363636364,0.272727272727,11,20,0.181818181818,4.65909090909,3.63636363636,2,2.5,1.96329963443,0.539907399468,0.272727272727,0.981649817214,0.539907399468,0.281818181818,2.04049904769,1.12227447623,0.554545454545,1.62166518733,0.348064723134,5.75,4.65909090909,1.62166518733,5.75,0.432380952381,0.333333333333,6,0.0363636363636,0.264444444444,11,11,11,1,0,0.0909090909091,0.636363636364,0.272727272727,0,0,1.61570247934,0,0,0,0.273759621719,0.0752838959727,0.0272727272727,-0.186098599028,-0.102354229466,-0.0545454545455,0.100489675644,0.0552693216045,0.0181818181818,0.564766412793,0.00078773272292,2.20454545455,1.61570247934,0.564766412793,2.20454545455,-0.0666666666667,-0.0666666666667,-2,-0.0121212121212,0.00888888888889,0,0,0,19,1,1,89,0.95,0.988888888889,0.0111111111111,0.05,0.95,0.95,0.95,0.938888888889,0.938888888889,0.904761904762,4,4,0,0,0,0
3238,WLNM_dir_neg,0.78125,0.51875,00:00:00,10,80,10,1178364359,threshold_sweep,0.7,0.75,0.75,0.75,3,1,1,7,0.75,0.875,0.125,0.25,0.75,0.75,0.75,0.833333333333,0.555555555556,0.625,0.625,0.625,20,16,4,0,20,0,16,0,4,11,20,0.181818181818,3.04338842975,3.63636363636,2,2.5,1.68954001271,0.464623503495,0.245454545455,1.16774841624,0.642261628933,0.336363636364,1.94000937205,1.06700515463,0.536363636364,1.05689877454,0.347276990411,3.54545454545,3.04338842975,1.05689877454,3.54545454545,0.499047619048,0.4,8,0.0484848484848,0.255555555556,11,11,11,1,0,0.0909090909091,0.636363636364,0.272727272727,11,0.145454545455,3.52272727273,2.90909090909,1.6,2,1.578261414,0.542527361061,0.25,0.820199532265,0.563887178432,0.284090909091,1.7529196424,1.20513225415,0.545454545455,1.96782836773,0.558609343098,6.66666666667,3.52272727273,1.96782836773,6.66666666667,0.428571428571,0.3,4,0.0242424242424,0.216666666667,11,11,11,1,0,0.0909090909091,0.636363636364,0.272727272727,11,20,0.181818181818,4.65909090909,3.63636363636,2,2.5,1.96329963443,0.539907399468,0.272727272727,0.981649817214,0.539907399468,0.281818181818,2.04049904769,1.12227447623,0.554545454545,1.62166518733,0.348064723134,5.75,4.65909090909,1.62166518733,5.75,0.432380952381,0.333333333333,6,0.0363636363636,0.264444444444,11,11,11,1,0,0.0909090909091,0.636363636364,0.272727272727,0,0,1.61570247934,0,0,0,0.273759621719,0.0752838959727,0.0272727272727,-0.186098599028,-0.102354229466,-0.0545454545455,0.100489675644,0.0552693216045,0.0181818181818,0.564766412793,0.00078773272292,2.20454545455,1.61570247934,0.564766412793,2.20454545455,-0.0666666666667,-0.0666666666667,-2,-0.0121212121212,0.00888888888889,0,0,0,19,1,1,89,0.95,0.988888888889,0.0111111111111,0.05,0.95,0.95,0.95,0.938888888889,0.938888888889,0.904761904762,4,4,0,0,0,0
3239,WLNM_dir_neg,0.78125,0.51875,00:00:00,10,80,10,1178364359,threshold_sweep,0.8,0.75,0.75,0.75,3,1,1,7,0.75,0.875,0.125,0.25,0.75,0.75,0.75,0.833333333333,0.555555555556,0.625,0.625,0.625,20,16,4,0,20,0,16,0,4,11,20,0.181818181818,3.04338842975,3.63636363636,2,2.5,1.68954001271,0.464623503495,0.245454545455,1.16774841624,0.642261628933,0.336363636364,1.94000937205,1.06700515463,0.536363636364,1.05689877454,0.347276990411,3.54545454545,3.04338842975,1.05689877454,3.54545454545,0.499047619048,0.4,8,0.0484848484848,0.255555555556,11,11,11,1,0,0.0909090909091,0.636363636364,0.272727272727,11,0.145454545455,3.52272727273,2.90909090909,1.6,2,1.578261414,0.542527361061,0.25,0.820199532265,0.563887178432,0.284090909091,1.7529196424,1.20513225415,0.545454545455,1.96782836773,0.558609343098,6.66666666667,3.52272727273,1.96782836773,6.66666666667,0.428571428571,0.3,4,0.0242424242424,0.216666666667,11,11,11,1,0,0.0909090909091,0.636363636364,0.272727272727,11,20,0.181818181818,4.65909090909,3.63636363636,2,2.5,1.96329963443,0.539907399468,0.272727272727,0.981649817214,0.539907399468,0.281818181818,2.04049904769,1.12227447623,0.554545454545,1.62166518733,0.348064723134,5.75,4.65909090909,1.62166518733,5.75,0.432380952381,0.333333333333,6,0.0363636363636,0.264444444444,11,11,11,1,0,0.0909090909091,0.636363636364,0.272727272727,0,0,1.61570247934,0,0,0,0.273759621719,0.0752838959727,0.0272727272727,-0.186098599028,-0.102354229466,-0.0545454545455,0.100489675644,0.0552693216045,0.0181818181818,0.564766412793,0.00078773272292,2.20454545455,1.61570247934,0.564766412793,2.20454545455,-0.0666666666667,-0.0666666666667,-2,-0.0121212121212,0.00888888888889,0,0,0,19,1,1,89,0.95,0.988888888889,0.0111111111111,0.05,0.95,0.95,0.95,0.938888888889,0.938888888889,0.904761904762,4,4,0,0,0,0
3240,WLNM_dir_neg,0.78125,0.51875,00:00:00,10,80,10,1178364359,threshold_sweep,0.9,0.75,0.75,0.75,3,1,1,7,0.75,0.875,0.125,0.25,0.75,0.75,0.75,0.833333333333,0.555555555556,0.625,0.625,0.625,20,16,4,0,20,0,16,0,4,11,20,0.181818181818,3.04338842975,3.63636363636,2,2.5,1.68954001271,0.464623503495,0.245454545455,1.16774841624,0.642261628933,0.336363636364,1.94000937205,1.06700515463,0.536363636364,1.05689877454,0.347276990411,3.54545454545,3.04338842975,1.05689877454,3.54545454545,0.499047619048,0.4,8,0.0484848484848,0.255555555556,11,11,11,1,0,0.0909090909091,0.636363636364,0.272727272727,11,0.145454545455,3.52272727273,2.90909090909,1.6,2,1.578261414,0.542527361061,0.25,0.820199532265,0.563887178432,0.284090909091,1.7529196424,1.20513225415,0.545454545455,1.96782836773,0.558609343098,6.66666666667,3.52272727273,1.96782836773,6.66666666667,0.428571428571,0.3,4,0.0242424242424,0.216666666667,11,11,11,1,0,0.0909090909091,0.636363636364,0.272727272727,11,20,0.181818181818,4.65909090909,3.63636363636,2,2.5,1.96329963443,0.539907399468,0.272727272727,0.981649817214,0.539907399468,0.281818181818,2.04049904769,1.12227447623,0.554545454545,1.62166518733,0.348064723134,5.75,4.65909090909,1.62166518733,5.75,0.432380952381,0.333333333333,6,0.0363636363636,0.264444444444,11,11,11,1,0,0.0909090909091,0.636363636364,0.272727272727,0,0,1.61570247934,0,0,0,0.273759621719,0.0752838959727,0.0272727272727,-0.186098599028,-0.102354229466,-0.0545454545455,0.100489675644,0.0552693216045,0.0181818181818,0.564766412793,0.00078773272292,2.20454545455,1.61570247934,0.564766412793,2.20454545455,-0.0666666666667,-0.0666666666667,-2,-0.0121212121212,0.00888888888889,0,0,0,19,1,1,89,0.95,0.988888888889,0.0111111111111,0.05,0.95,0.95,0.95,0.938888888889,0.938888888889,0.904761904762,4,4,0,0,0,0
3241,WLNM_dir_neg,0.625,0.415543831169,00:00:00,10,80,11,1178364360,threshold_sweep,0.1,0.5,0.5,0.5,2,2,2,6,0.5,0.75,0.25,0.5,0.5,0.5,0.5,0.666666666667,0.555555555556,0.25,0.25,0.25,20,16,4,0,20,0,16,0,4,11,20,0.181818181818,3.04338842975,3.63636363636,2,2.5,1.68954001271,0.464623503495,0.245454545455,1.16774841624,0.642261628933,0.336363636364,1.94000937205,1.06700515463,0.536363636364,1.05689877454,0.347276990411,3.54545454545,3.04338842975,1.05689877454,3.54545454545,0.499047619048,0.4,8,0.0484848484848,0.255555555556,11,11,11,1,0,0.0909090909091,0.636363636364,0.272727272727,11,0.145454545455,3.22727272727,2.90909090909,1.6,2,1.3751033019,0.47269176003,0.238636363636,0.820199532265,0.563887178432,0.284090909091,1.50755672289,1.03644524699,0.511363636364,1.21168552776,0.375451853672,4,3.22727272727,1.21168552776,4,0.29,0.171428571429,2,0.0121212121212,0.214814814815,11,11,11,1,0,0.0909090909091,0.636363636364,0.272727272727,11,20,0.181818181818,NaN,3.63636363636,1.81818181818,2.22222222222,1.74772579501,0.480624593628,0.254545454545,0.981649817214,0.539907399468,0.263636363636,1.72152152575,0.946836839165,0.472727272727,NaN,NaN,NaN,NaN,NaN,NaN,0.43,0.339622641509,6,0.0363636363636,0.213939393939,11,11,0,1,2,0,0.818181818182,0.181818181818,0,0,NaN,0,-0.181818181818,-0.277777777778,0.0581857823014,0.0160010901329,0.00909090909091,-0.186098599028,-0.102354229466,-0.0727272727273,-0.218487846294,-0.120168315462,-0.0636363636364,NaN,NaN,NaN,NaN,NaN,NaN,-0.0690476190476,-0.0603773584906,-2,-0.0121212121212,-0.0416161616162,-0.0909090909091,0.181818181818,-0.0909090909091,18,2,2,88,0.9,0.977777777778,0.0222222222222,0.1,0.9,0.9,0.9,0.877777777778,0.877777777778,0.818181818182,4,4,0,0,0,0
3242,WLNM_dir_neg,0.625,0.415543831169,00:00:00,10,80,11,1178364360,threshold_sweep,0.2,0.5,0.5,0.5,2,2,2,6,0.5,0.75,0.25,0.5,0.5,0.5,0.5,0.666666666667,0.555555555556,0.25,0.25,0.25,20,16,4,0,20,0,16,0,4,11,20,0.181818181818,3.04338842975,3.63636363636,2,2.5,1.68954001271,0.464623503495,0.245454545455,1.16774841624,0.642261628933,0.336363636364,1.94000937205,1.06700515463,0.536363636364,1.05689877454,0.347276990411,3.54545454545,3.04338842975,1.05689877454,3.54545454545,0.499047619048,0.4,8,0.0484848484848,0.255555555556,11,11,11,1,0,0.0909090909091,0.636363636364,0.272727272727,11,0.145454545455,3.22727272727,2.90909090909,1.6,2,1.3751033019,0.47269176003,0.238636363636,0.820199532265,0.563887178432,0.284090909091,1.50755672289,1.03644524699,0.511363636364,1.21168552776,0.375451853672,4,3.22727272727,1.21168552776,4,0.29,0.171428571429,2,0.0121212121212,0.214814814815,11,11,11,1,0,0.0909090909091,0.636363636364,0.272727272727,11,20,0.181818181818,NaN,3.63636363636,1.81818181818,2.22222222222,1.74772579501,0.480624593628,0.254545454545,0.981649817214,0.539907399468,0.263636363636,1.72152152575,0.946836839165,0.472727272727,NaN,NaN,NaN,NaN,NaN,NaN,0.43,0.339622641509,6,0.0363636363636,0.213939393939,11,11,0,1,2,0,0.818181818182,0.181818181818,0,0,NaN,0,-0.181818181818,-0.277777777778,0.0581857823014,0.0160010901329,0.00909090909091,-0.186098599028,-0.102354229466,-0.0727272727273,-0.218487846294,-0.120168315462,-0.0636363636364,NaN,NaN,NaN,NaN,NaN,NaN,-0.0690476190476,-0.0603773584906,-2,-0.0121212121212,-0.0416161616162,-0.0909090909091,0.181818181818,-0.0909090909091,18,2,2,88,0.9,0.977777777778,0.0222222222222,0.1,0.9,0.9,0.9,0.877777777778,0.877777777778,0.818181818182,4,4,0,0,0,0
3243,WLNM_dir_neg,0.625,0.415543831169,00:00:00,10,80,11,1178364360,threshold_sweep,0.3,0.5,0.5,0.5,2,2,2,6,0.5,0.75,0.25,0.5,0.5,0.5,0.5,0.666666666667,0.555555555556,0.25,0.25,0.25,20,16,4,0,20,0,16,0,4,11,20,0.181818181818,3.04338842975,3.63636363636,2,2.5,1.68954001271,0.464623503495,0.245454545455,1.16774841624,0.642261628933,0.336363636364,1.94000937205,1.06700515463,0.536363636364,1.05689877454,0.347276990411,3.54545454545,3.04338842975,1.05689877454,3.54545454545,0.499047619048,0.4,8,0.0484848484848,0.255555555556,11,11,11,1,0,0.0909090909091,0.636363636364,0.272727272727,11,0.145454545455,3.22727272727,2.90909090909,1.6,2,1.3751033019,0.47269176003,0.238636363636,0.820199532265,0.563887178432,0.284090909091,1.50755672289,1.03644524699,0.511363636364,1.21168552776,0.375451853672,4,3.22727272727,1.21168552776,4,0.29,0.171428571429,2,0.0121212121212,0.214814814815,11,11,11,1,0,0.0909090909091,0.636363636364,0.272727272727,11,20,0.181818181818,NaN,3.63636363636,1.81818181818,2.22222222222,1.74772579501,0.480624593628,0.254545454545,0.981649817214,0.539907399468,0.263636363636,1.72152152575,0.946836839165,0.472727272727,NaN,NaN,NaN,NaN,NaN,NaN,0.43,0.339622641509,6,0.0363636363636,0.213939393939,11,11,0,1,2,0,0.818181818182,0.181818181818,0,0,NaN,0,-0.181818181818,-0.277777777778,0.0581857823014,0.0160010901329,0.00909090909091,-0.186098599028,-0.102354229466,-0.0727272727273,-0.218487846294,-0.120168315462,-0.0636363636364,NaN,NaN,NaN,NaN,NaN,NaN,-0.0690476190476,-0.0603773584906,-2,-0.0121212121212,-0.0416161616162,-0.0909090909091,0.181818181818,-0.0909090909091,18,2,2,88,0.9,0.977777777778,0.0222222222222,0.1,0.9,0.9,0.9,0.877777777778,0.877777777778,0.818181818182,4,4,0,0,0,0
3244,WLNM_dir_neg,0.625,0.415543831169,00:00:00,10,80,11,1178364360,threshold_sweep,0.4,0.5,0.5,0.5,2,2,2,6,0.5,0.75,0.25,0.5,0.5,0.5,0.5,0.666666666667,0.555555555556,0.25,0.25,0.25,20,16,4,0,20,0,16,0,4,11,20,0.181818181818,3.04338842975,3.63636363636,2,2.5,1.68954001271,0.464623503495,0.245454545455,1.16774841624,0.642261628933,0.336363636364,1.94000937205,1.06700515463,0.536363636364,1.05689877454,0.347276990411,3.54545454545,3.04338842975,1.05689877454,3.54545454545,0.499047619048,0.4,8,0.0484848484848,0.255555555556,11,11,11,1,0,0.0909090909091,0.636363636364,0.272727272727,11,0.145454545455,3.22727272727,2.90909090909,1.6,2,1.3751033019,0.47269176003,0.238636363636,0.820199532265,0.563887178432,0.284090909091,1.50755672289,1.03644524699,0.511363636364,1.21168552776,0.375451853672,4,3.22727272727,1.21168552776,4,0.29,0.171428571429,2,0.0121212121212,0.214814814815,11,11,11,1,0,0.0909090909091,0.636363636364,0.272727272727,11,20,0.181818181818,NaN,3.63636363636,1.81818181818,2.22222222222,1.74772579501,0.480624593628,0.254545454545,0.981649817214,0.539907399468,0.263636363636,1.72152152575,0.946836839165,0.472727272727,NaN,NaN,NaN,NaN,NaN,NaN,0.43,0.339622641509,6,0.0363636363636,0.213939393939,11,11,0,1,2,0,0.818181818182,0.181818181818,0,0,NaN,0,-0.181818181818,-0.277777777778,0.0581857823014,0.0160010901329,0.00909090909091,-0.186098599028,-0.102354229466,-0.0727272727273,-0.218487846294,-0.120168315462,-0.0636363636364,NaN,NaN,NaN,NaN,NaN,NaN,-0.0690476190476,-0.0603773584906,-2,-0.0121212121212,-0.0416161616162,-0.0909090909091,0.181818181818,-0.0909090909091,18,2,2,88,0.9,0.977777777778,0.0222222222222,0.1,0.9,0.9,0.9,0.877777777778,0.877777777778,0.818181818182,4,4,0,0,0,0
3245,WLNM_dir_neg,0.625,0.415543831169,00:00:00,10,80,11,1178364360,threshold_sweep,0.5,0.5,0.5,0.5,2,2,2,6,0.5,0.75,0.25,0.5,0.5,0.5,0.5,0.666666666667,0.555555555556,0.25,0.25,0.25,20,16,4,0,20,0,16,0,4,11,20,0.181818181818,3.04338842975,3.63636363636,2,2.5,1.68954001271,0.464623503495,0.245454545455,1.16774841624,0.642261628933,0.336363636364,1.94000937205,1.06700515463,0.536363636364,1.05689877454,0.347276990411,3.54545454545,3.04338842975,1.05689877454,3.54545454545,0.499047619048,0.4,8,0.0484848484848,0.255555555556,11,11,11,1,0,0.0909090909091,0.636363636364,0.272727272727,11,0.145454545455,3.22727272727,2.90909090909,1.6,2,1.3751033019,0.47269176003,0.238636363636,0.820199532265,0.563887178432,0.284090909091,1.50755672289,1.03644524699,0.511363636364,1.21168552776,0.375451853672,4,3.22727272727,1.21168552776,4,0.29,0.171428571429,2,0.0121212121212,0.214814814815,11,11,11,1,0,0.0909090909091,0.636363636364,0.272727272727,11,20,0.181818181818,NaN,3.63636363636,1.81818181818,2.22222222222,1.74772579501,0.480624593628,0.254545454545,0.981649817214,0.539907399468,0.263636363636,1.72152152575,0.946836839165,0.472727272727,NaN,NaN,NaN,NaN,NaN,NaN,0.43,0.339622641509,6,0.0363636363636,0.213939393939,11,11,0,1,2,0,0.818181818182,0.181818181818,0,0,NaN,0,-0.181818181818,-0.277777777778,0.0581857823014,0.0160010901329,0.00909090909091,-0.186098599028,-0.102354229466,-0.0727272727273,-0.218487846294,-0.120168315462,-0.0636363636364,NaN,NaN,NaN,NaN,NaN,NaN,-0.0690476190476,-0.0603773584906,-2,-0.0121212121212,-0.0416161616162,-0.0909090909091,0.181818181818,-0.0909090909091,18,2,2,88,0.9,0.977777777778,0.0222222222222,0.1,0.9,0.9,0.9,0.877777777778,0.877777777778,0.818181818182,4,4,0,0,0,0
3246,WLNM_dir_neg,0.625,0.415543831169,00:00:00,10,80,11,1178364360,threshold_sweep,0.6,0.5,0.5,0.5,2,2,2,6,0.5,0.75,0.25,0.5,0.5,0.5,0.5,0.666666666667,0.555555555556,0.25,0.25,0.25,20,16,4,0,20,0,16,0,4,11,20,0.181818181818,3.04338842975,3.63636363636,2,2.5,1.68954001271,0.464623503495,0.245454545455,1.16774841624,0.642261628933,0.336363636364,1.94000937205,1.06700515463,0.536363636364,1.05689877454,0.347276990411,3.54545454545,3.04338842975,1.05689877454,3.54545454545,0.499047619048,0.4,8,0.0484848484848,0.255555555556,11,11,11,1,0,0.0909090909091,0.636363636364,0.272727272727,11,0.145454545455,3.22727272727,2.90909090909,1.6,2,1.3751033019,0.47269176003,0.238636363636,0.820199532265,0.563887178432,0.284090909091,1.50755672289,1.03644524699,0.511363636364,1.21168552776,0.375451853672,4,3.22727272727,1.21168552776,4,0.29,0.171428571429,2,0.0121212121212,0.214814814815,11,11,11,1,0,0.0909090909091,0.636363636364,0.272727272727,11,20,0.181818181818,NaN,3.63636363636,1.81818181818,2.22222222222,1.74772579501,0.480624593628,0.254545454545,0.981649817214,0.539907399468,0.263636363636,1.72152152575,0.946836839165,0.472727272727,NaN,NaN,NaN,NaN,NaN,NaN,0.43,0.339622641509,6,0.0363636363636,0.213939393939,11,11,0,1,2,0,0.818181818182,0.181818181818,0,0,NaN,0,-0.181818181818,-0.277777777778,0.0581857823014,0.0160010901329,0.00909090909091,-0.186098599028,-0.102354229466,-0.0727272727273,-0.218487846294,-0.120168315462,-0.0636363636364,NaN,NaN,NaN,NaN,NaN,NaN,-0.0690476190476,-0.0603773584906,-2,-0.0121212121212,-0.0416161616162,-0.0909090909091,0.181818181818,-0.0909090909091,18,2,2,88,0.9,0.977777777778,0.0222222222222,0.1,0.9,0.9,0.9,0.877777777778,0.877777777778,0.818181818182,4,4,0,0,0,0
3247,WLNM_dir_neg,0.625,0.415543831169,00:00:00,10,80,11,1178364360,threshold_sweep,0.7,0.5,0.5,0.5,2,2,2,6,0.5,0.75,0.25,0.5,0.5,0.5,0.5,0.666666666667,0.555555555556,0.25,0.25,0.25,20,16,4,0,20,0,16,0,4,11,20,0.181818181818,3.04338842975,3.63636363636,2,2.5,1.68954001271,0.464623503495,0.245454545455,1.16774841624,0.642261628933,0.336363636364,1.94000937205,1.06700515463,0.536363636364,1.05689877454,0.347276990411,3.54545454545,3.04338842975,1.05689877454,3.54545454545,0.499047619048,0.4,8,0.0484848484848,0.255555555556,11,11,11,1,0,0.0909090909091,0.636363636364,0.272727272727,11,0.145454545455,3.22727272727,2.90909090909,1.6,2,1.3751033019,0.47269176003,0.238636363636,0.820199532265,0.563887178432,0.284090909091,1.50755672289,1.03644524699,0.511363636364,1.21168552776,0.375451853672,4,3.22727272727,1.21168552776,4,0.29,0.171428571429,2,0.0121212121212,0.214814814815,11,11,11,1,0,0.0909090909091,0.636363636364,0.272727272727,11,20,0.181818181818,NaN,3.63636363636,1.81818181818,2.22222222222,1.74772579501,0.480624593628,0.254545454545,0.981649817214,0.539907399468,0.263636363636,1.72152152575,0.946836839165,0.472727272727,NaN,NaN,NaN,NaN,NaN,NaN,0.43,0.339622641509,6,0.0363636363636,0.213939393939,11,11,0,1,2,0,0.818181818182,0.181818181818,0,0,NaN,0,-0.181818181818,-0.277777777778,0.0581857823014,0.0160010901329,0.00909090909091,-0.186098599028,-0.102354229466,-0.0727272727273,-0.218487846294,-0.120168315462,-0.0636363636364,NaN,NaN,NaN,NaN,NaN,NaN,-0.0690476190476,-0.0603773584906,-2,-0.0121212121212,-0.0416161616162,-0.0909090909091,0.181818181818,-0.0909090909091,18,2,2,88,0.9,0.977777777778,0.0222222222222,0.1,0.9,0.9,0.9,0.877777777778,0.877777777778,0.818181818182,4,4,0,0,0,0
3248,WLNM_dir_neg,0.625,0.415543831169,00:00:00,10,80,11,1178364360,threshold_sweep,0.8,0.5,0.5,0.5,2,2,2,6,0.5,0.75,0.25,0.5,0.5,0.5,0.5,0.666666666667,0.555555555556,0.25,0.25,0.25,20,16,4,0,20,0,16,0,4,11,20,0.181818181818,3.04338842975,3.63636363636,2,2.5,1.68954001271,0.464623503495,0.245454545455,1.16774841624,0.642261628933,0.336363636364,1.94000937205,1.06700515463,0.536363636364,1.05689877454,0.347276990411,3.54545454545,3.04338842975,1.05689877454,3.54545454545,0.499047619048,0.4,8,0.0484848484848,0.255555555556,11,11,11,1,0,0.0909090909091,0.636363636364,0.272727272727,11,0.145454545455,3.22727272727,2.90909090909,1.6,2,1.3751033019,0.47269176003,0.238636363636,0.820199532265,0.563887178432,0.284090909091,1.50755672289,1.03644524699,0.511363636364,1.21168552776,0.375451853672,4,3.22727272727,1.21168552776,4,0.29,0.171428571429,2,0.0121212121212,0.214814814815,11,11,11,1,0,0.0909090909091,0.636363636364,0.272727272727,11,20,0.181818181818,NaN,3.63636363636,1.81818181818,2.22222222222,1.74772579501,0.480624593628,0.254545454545,0.981649817214,0.539907399468,0.263636363636,1.72152152575,0.946836839165,0.472727272727,NaN,NaN,NaN,NaN,NaN,NaN,0.43,0.339622641509,6,0.0363636363636,0.213939393939,11,11,0,1,2,0,0.818181818182,0.181818181818,0,0,NaN,0,-0.181818181818,-0.277777777778,0.0581857823014,0.0160010901329,0.00909090909091,-0.186098599028,-0.102354229466,-0.0727272727273,-0.218487846294,-0.120168315462,-0.0636363636364,NaN,NaN,NaN,NaN,NaN,NaN,-0.0690476190476,-0.0603773584906,-2,-0.0121212121212,-0.0416161616162,-0.0909090909091,0.181818181818,-0.0909090909091,18,2,2,88,0.9,0.977777777778,0.0222222222222,0.1,0.9,0.9,0.9,0.877777777778,0.877777777778,0.818181818182,4,4,0,0,0,0
3249,WLNM_dir_neg,0.625,0.415543831169,00:00:00,10,80,11,1178364360,threshold_sweep,0.9,0.5,0.5,0.5,2,2,2,6,0.5,0.75,0.25,0.5,0.5,0.5,0.5,0.666666666667,0.555555555556,0.25,0.25,0.25,20,16,4,0,20,0,16,0,4,11,20,0.181818181818,3.04338842975,3.63636363636,2,2.5,1.68954001271,0.464623503495,0.245454545455,1.16774841624,0.642261628933,0.336363636364,1.94000937205,1.06700515463,0.536363636364,1.05689877454,0.347276990411,3.54545454545,3.04338842975,1.05689877454,3.54545454545,0.499047619048,0.4,8,0.0484848484848,0.255555555556,11,11,11,1,0,0.0909090909091,0.636363636364,0.272727272727,11,0.145454545455,3.22727272727,2.90909090909,1.6,2,1.3751033019,0.47269176003,0.238636363636,0.820199532265,0.563887178432,0.284090909091,1.50755672289,1.03644524699,0.511363636364,1.21168552776,0.375451853672,4,3.22727272727,1.21168552776,4,0.29,0.171428571429,2,0.0121212121212,0.214814814815,11,11,11,1,0,0.0909090909091,0.636363636364,0.272727272727,11,20,0.181818181818,NaN,3.63636363636,1.81818181818,2.22222222222,1.74772579501,0.480624593628,0.254545454545,0.981649817214,0.539907399468,0.263636363636,1.72152152575,0.946836839165,0.472727272727,NaN,NaN,NaN,NaN,NaN,NaN,0.43,0.339622641509,6,0.0363636363636,0.213939393939,11,11,0,1,2,0,0.818181818182,0.181818181818,0,0,NaN,0,-0.181818181818,-0.277777777778,0.0581857823014,0.0160010901329,0.00909090909091,-0.186098599028,-0.102354229466,-0.0727272727273,-0.218487846294,-0.120168315462,-0.0636363636364,NaN,NaN,NaN,NaN,NaN,NaN,-0.0690476190476,-0.0603773584906,-2,-0.0121212121212,-0.0416161616162,-0.0909090909091,0.181818181818,-0.0909090909091,18,2,2,88,0.9,0.977777777778,0.0222222222222,0.1,0.9,0.9,0.9,0.877777777778,0.877777777778,0.818181818182,4,4,0,0,0,0
3250,WLNM_dir_neg,1,0.75,00:00:00,10,80,12,1178364361,threshold_sweep,0.1,0.8,1,0.888888888889,4,1,0,7,1,0.875,0.125,0,0.8,1,0.888888888889,0.916666666667,0.527777777778,0.823529411765,0.836660026534,0.875,20,16,4,0,20,0,16,0,4,11,20,0.181818181818,3.04338842975,3.63636363636,2,2.5,1.68954001271,0.464623503495,0.245454545455,1.16774841624,0.642261628933,0.336363636364,1.94000937205,1.06700515463,0.536363636364,1.05689877454,0.347276990411,3.54545454545,3.04338842975,1.05689877454,3.54545454545,0.499047619048,0.4,8,0.0484848484848,0.255555555556,11,11,11,1,0,0.0909090909091,0.636363636364,0.272727272727,11,0.145454545455,3.22424242424,2.90909090909,1.6,2,1.81408629643,0.623592164399,0.318181818182,0.934198732994,0.642261628933,0.318181818182,1.7529196424,1.20513225415,0.545454545455,1.14514345623,0.355166673456,3.93333333333,3.22424242424,1.14514345623,3.93333333333,0.199404761905,0.214285714286,3,0.0181818181818,0.28037037037,11,11,11,1,0,0.0909090909091,0.636363636364,0.272727272727,11,21,0.190909090909,4.63429752066,3.81818181818,2.1,2.625,1.94000937205,0.508097692679,0.264069264069,1.13618180363,0.595142849523,0.311688311688,2.02259958739,1.05945692673,0.536796536797,1.58807861811,0.34267946998,5.54545454545,4.63429752066,1.58807861811,5.54545454545,0.499047619048,0.4,8,0.0484848484848,0.263703703704,11,11,11,1,0,0.0909090909091,0.636363636364,0.272727272727,1,0.00909090909091,1.59090909091,0.181818181818,0.1,0.125,0.250469359339,0.0434741891844,0.0186147186147,-0.0315666126082,-0.0471187794107,-0.0246753246753,0.0825902153411,-0.00754822789877,0.0004329004329,0.531179843575,-0.00459752043091,2,1.59090909091,0.531179843575,2,0,0,0,0,0.00814814814815,0,0,0,20,1,0,89,1,0.988888888889,0.0111111111111,0,0.952380952381,1,0.975609756098,0.970463261437,0.988888888889,0.952380952381,5,4,0,0,0,0
3251,WLNM_dir_neg,1,0.75,00:00:00,10,80,12,1178364361,threshold_sweep,0.2,0.8,1,0.888888888889,4,1,0,7,1,0.875,0.125,0,0.8,1,0.888888888889,0.916666666667,0.527777777778,0.823529411765,0.836660026534,0.875,20,16,4,0,20,0,16,0,4,11,20,0.181818181818,3.04338842975,3.63636363636,2,2.5,1.68954001271,0.464623503495,0.245454545455,1.16774841624,0.642261628933,0.336363636364,1.94000937205,1.06700515463,0.536363636364,1.05689877454,0.347276990411,3.54545454545,3.04338842975,1.05689877454,3.54545454545,0.499047619048,0.4,8,0.0484848484848,0.255555555556,11,11,11,1,0,0.0909090909091,0.636363636364,0.272727272727,11,0.145454545455,3.22424242424,2.90909090909,1.6,2,1.81408629643,0.623592164399,0.318181818182,0.934198732994,0.642261628933,0.318181818182,1.7529196424,1.20513225415,0.545454545455,1.14514345623,0.355166673456,3.93333333333,3.22424242424,1.14514345623,3.93333333333,0.199404761905,0.214285714286,3,0.0181818181818,0.28037037037,11,11,11,1,0,0.0909090909091,0.636363636364,0.272727272727,11,21,0.190909090909,4.63429752066,3.81818181818,2.1,2.625,1.94000937205,0.508097692679,0.264069264069,1.13618180363,0.595142849523,0.311688311688,2.02259958739,1.05945692673,0.536796536797,1.58807861811,0.34267946998,5.54545454545,4.63429752066,1.58807861811,5.54545454545,0.499047619048,0.4,8,0.0484848484848,0.263703703704,11,11,11,1,0,0.0909090909091,0.636363636364,0.272727272727,1,0.00909090909091,1.59090909091,0.181818181818,0.1,0.125,0.250469359339,0.0434741891844,0.0186147186147,-0.0315666126082,-0.0471187794107,-0.0246753246753,0.0825902153411,-0.00754822789877,0.0004329004329,0.531179843575,-0.00459752043091,2,1.59090909091,0.531179843575,2,0,0,0,0,0.00814814814815,0,0,0,20,1,0,89,1,0.988888888889,0.0111111111111,0,0.952380952381,1,0.975609756098,0.970463261437,0.988888888889,0.952380952381,5,4,0,0,0,0
3252,WLNM_dir_neg,1,0.75,00:00:00,10,80,12,1178364361,threshold_sweep,0.3,0.8,1,0.888888888889,4,1,0,7,1,0.875,0.125,0,0.8,1,0.888888888889,0.916666666667,0.527777777778,0.823529411765,0.836660026534,0.875,20,16,4,0,20,0,16,0,4,11,20,0.181818181818,3.04338842975,3.63636363636,2,2.5,1.68954001271,0.464623503495,0.245454545455,1.16774841624,0.642261628933,0.336363636364,1.94000937205,1.06700515463,0.536363636364,1.05689877454,0.347276990411,3.54545454545,3.04338842975,1.05689877454,3.54545454545,0.499047619048,0.4,8,0.0484848484848,0.255555555556,11,11,11,1,0,0.0909090909091,0.636363636364,0.272727272727,11,0.145454545455,3.22424242424,2.90909090909,1.6,2,1.81408629643,0.623592164399,0.318181818182,0.934198732994,0.642261628933,0.318181818182,1.7529196424,1.20513225415,0.545454545455,1.14514345623,0.355166673456,3.93333333333,3.22424242424,1.14514345623,3.93333333333,0.199404761905,0.214285714286,3,0.0181818181818,0.28037037037,11,11,11,1,0,0.0909090909091,0.636363636364,0.272727272727,11,21,0.190909090909,4.63429752066,3.81818181818,2.1,2.625,1.94000937205,0.508097692679,0.264069264069,1.13618180363,0.595142849523,0.311688311688,2.02259958739,1.05945692673,0.536796536797,1.58807861811,0.34267946998,5.54545454545,4.63429752066,1.58807861811,5.54545454545,0.499047619048,0.4,8,0.0484848484848,0.263703703704,11,11,11,1,0,0.0909090909091,0.636363636364,0.272727272727,1,0.00909090909091,1.59090909091,0.181818181818,0.1,0.125,0.250469359339,0.0434741891844,0.0186147186147,-0.0315666126082,-0.0471187794107,-0.0246753246753,0.0825902153411,-0.00754822789877,0.0004329004329,0.531179843575,-0.00459752043091,2,1.59090909091,0.531179843575,2,0,0,0,0,0.00814814814815,0,0,0,20,1,0,89,1,0.988888888889,0.0111111111111,0,0.952380952381,1,0.975609756098,0.970463261437,0.988888888889,0.952380952381,5,4,0,0,0,0
3253,WLNM_dir_neg,1,0.75,00:00:00,10,80,12,1178364361,threshold_sweep,0.4,0.8,1,0.888888888889,4,1,0,7,1,0.875,0.125,0,0.8,1,0.888888888889,0.916666666667,0.527777777778,0.823529411765,0.836660026534,0.875,20,16,4,0,20,0,16,0,4,11,20,0.181818181818,3.04338842975,3.63636363636,2,2.5,1.68954001271,0.464623503495,0.245454545455,1.16774841624,0.642261628933,0.336363636364,1.94000937205,1.06700515463,0.536363636364,1.05689877454,0.347276990411,3.54545454545,3.04338842975,1.05689877454,3.54545454545,0.499047619048,0.4,8,0.0484848484848,0.255555555556,11,11,11,1,0,0.0909090909091,0.636363636364,0.272727272727,11,0.145454545455,3.22424242424,2.90909090909,1.6,2,1.81408629643,0.623592164399,0.318181818182,0.934198732994,0.642261628933,0.318181818182,1.7529196424,1.20513225415,0.545454545455,1.14514345623,0.355166673456,3.93333333333,3.22424242424,1.14514345623,3.93333333333,0.199404761905,0.214285714286,3,0.0181818181818,0.28037037037,11,11,11,1,0,0.0909090909091,0.636363636364,0.272727272727,11,21,0.190909090909,4.63429752066,3.81818181818,2.1,2.625,1.94000937205,0.508097692679,0.264069264069,1.13618180363,0.595142849523,0.311688311688,2.02259958739,1.05945692673,0.536796536797,1.58807861811,0.34267946998,5.54545454545,4.63429752066,1.58807861811,5.54545454545,0.499047619048,0.4,8,0.0484848484848,0.263703703704,11,11,11,1,0,0.0909090909091,0.636363636364,0.272727272727,1,0.00909090909091,1.59090909091,0.181818181818,0.1,0.125,0.250469359339,0.0434741891844,0.0186147186147,-0.0315666126082,-0.0471187794107,-0.0246753246753,0.0825902153411,-0.00754822789877,0.0004329004329,0.531179843575,-0.00459752043091,2,1.59090909091,0.531179843575,2,0,0,0,0,0.00814814814815,0,0,0,20,1,0,89,1,0.988888888889,0.0111111111111,0,0.952380952381,1,0.975609756098,0.970463261437,0.988888888889,0.952380952381,5,4,0,0,0,0
3254,WLNM_dir_neg,1,0.75,00:00:00,10,80,12,1178364361,threshold_sweep,0.5,0.8,1,0.888888888889,4,1,0,7,1,0.875,0.125,0,0.8,1,0.888888888889,0.916666666667,0.527777777778,0.823529411765,0.836660026534,0.875,20,16,4,0,20,0,16,0,4,11,20,0.181818181818,3.04338842975,3.63636363636,2,2.5,1.68954001271,0.464623503495,0.245454545455,1.16774841624,0.642261628933,0.336363636364,1.94000937205,1.06700515463,0.536363636364,1.05689877454,0.347276990411,3.54545454545,3.04338842975,1.05689877454,3.54545454545,0.499047619048,0.4,8,0.0484848484848,0.255555555556,11,11,11,1,0,0.0909090909091,0.636363636364,0.272727272727,11,0.145454545455,3.22424242424,2.90909090909,1.6,2,1.81408629643,0.623592164399,0.318181818182,0.934198732994,0.642261628933,0.318181818182,1.7529196424,1.20513225415,0.545454545455,1.14514345623,0.355166673456,3.93333333333,3.22424242424,1.14514345623,3.93333333333,0.199404761905,0.214285714286,3,0.0181818181818,0.28037037037,11,11,11,1,0,0.0909090909091,0.636363636364,0.272727272727,11,21,0.190909090909,4.63429752066,3.81818181818,2.1,2.625,1.94000937205,0.508097692679,0.264069264069,1.13618180363,0.595142849523,0.311688311688,2.02259958739,1.05945692673,0.536796536797,1.58807861811,0.34267946998,5.54545454545,4.63429752066,1.58807861811,5.54545454545,0.499047619048,0.4,8,0.0484848484848,0.263703703704,11,11,11,1,0,0.0909090909091,0.636363636364,0.272727272727,1,0.00909090909091,1.59090909091,0.181818181818,0.1,0.125,0.250469359339,0.0434741891844,0.0186147186147,-0.0315666126082,-0.0471187794107,-0.0246753246753,0.0825902153411,-0.00754822789877,0.0004329004329,0.531179843575,-0.00459752043091,2,1.59090909091,0.531179843575,2,0,0,0,0,0.00814814814815,0,0,0,20,1,0,89,1,0.988888888889,0.0111111111111,0,0.952380952381,1,0.975609756098,0.970463261437,0.988888888889,0.952380952381,5,4,0,0,0,0
3255,WLNM_dir_neg,1,0.75,00:00:00,10,80,12,1178364361,threshold_sweep,0.6,0.8,1,0.888888888889,4,1,0,7,1,0.875,0.125,0,0.8,1,0.888888888889,0.916666666667,0.527777777778,0.823529411765,0.836660026534,0.875,20,16,4,0,20,0,16,0,4,11,20,0.181818181818,3.04338842975,3.63636363636,2,2.5,1.68954001271,0.464623503495,0.245454545455,1.16774841624,0.642261628933,0.336363636364,1.94000937205,1.06700515463,0.536363636364,1.05689877454,0.347276990411,3.54545454545,3.04338842975,1.05689877454,3.54545454545,0.499047619048,0.4,8,0.0484848484848,0.255555555556,11,11,11,1,0,0.0909090909091,0.636363636364,0.272727272727,11,0.145454545455,3.22424242424,2.90909090909,1.6,2,1.81408629643,0.623592164399,0.318181818182,0.934198732994,0.642261628933,0.318181818182,1.7529196424,1.20513225415,0.545454545455,1.14514345623,0.355166673456,3.93333333333,3.22424242424,1.14514345623,3.93333333333,0.199404761905,0.214285714286,3,0.0181818181818,0.28037037037,11,11,11,1,0,0.0909090909091,0.636363636364,0.272727272727,11,21,0.190909090909,4.63429752066,3.81818181818,2.1,2.625,1.94000937205,0.508097692679,0.264069264069,1.13618180363,0.595142849523,0.311688311688,2.02259958739,1.05945692673,0.536796536797,1.58807861811,0.34267946998,5.54545454545,4.63429752066,1.58807861811,5.54545454545,0.499047619048,0.4,8,0.0484848484848,0.263703703704,11,11,11,1,0,0.0909090909091,0.636363636364,0.272727272727,1,0.00909090909091,1.59090909091,0.181818181818,0.1,0.125,0.250469359339,0.0434741891844,0.0186147186147,-0.0315666126082,-0.0471187794107,-0.0246753246753,0.0825902153411,-0.00754822789877,0.0004329004329,0.531179843575,-0.00459752043091,2,1.59090909091,0.531179843575,2,0,0,0,0,0.00814814814815,0,0,0,20,1,0,89,1,0.988888888889,0.0111111111111,0,0.952380952381,1,0.975609756098,0.970463261437,0.988888888889,0.952380952381,5,4,0,0,0,0
3256,WLNM_dir_neg,1,0.75,00:00:00,10,80,12,1178364361,threshold_sweep,0.7,0.8,1,0.888888888889,4,1,0,7,1,0.875,0.125,0,0.8,1,0.888888888889,0.916666666667,0.527777777778,0.823529411765,0.836660026534,0.875,20,16,4,0,20,0,16,0,4,11,20,0.181818181818,3.04338842975,3.63636363636,2,2.5,1.68954001271,0.464623503495,0.245454545455,1.16774841624,0.642261628933,0.336363636364,1.94000937205,1.06700515463,0.536363636364,1.05689877454,0.347276990411,3.54545454545,3.04338842975,1.05689877454,3.54545454545,0.499047619048,0.4,8,0.0484848484848,0.255555555556,11,11,11,1,0,0.0909090909091,0.636363636364,0.272727272727,11,0.145454545455,3.22424242424,2.90909090909,1.6,2,1.81408629643,0.623592164399,0.318181818182,0.934198732994,0.642261628933,0.318181818182,1.7529196424,1.20513225415,0.545454545455,1.14514345623,0.355166673456,3.93333333333,3.22424242424,1.14514345623,3.93333333333,0.199404761905,0.214285714286,3,0.0181818181818,0.28037037037,11,11,11,1,0,0.0909090909091,0.636363636364,0.272727272727,11,21,0.190909090909,4.63429752066,3.81818181818,2.1,2.625,1.94000937205,0.508097692679,0.264069264069,1.13618180363,0.595142849523,0.311688311688,2.02259958739,1.05945692673,0.536796536797,1.58807861811,0.34267946998,5.54545454545,4.63429752066,1.58807861811,5.54545454545,0.499047619048,0.4,8,0.0484848484848,0.263703703704,11,11,11,1,0,0.0909090909091,0.636363636364,0.272727272727,1,0.00909090909091,1.59090909091,0.181818181818,0.1,0.125,0.250469359339,0.0434741891844,0.0186147186147,-0.0315666126082,-0.0471187794107,-0.0246753246753,0.0825902153411,-0.00754822789877,0.0004329004329,0.531179843575,-0.00459752043091,2,1.59090909091,0.531179843575,2,0,0,0,0,0.00814814814815,0,0,0,20,1,0,89,1,0.988888888889,0.0111111111111,0,0.952380952381,1,0.975609756098,0.970463261437,0.988888888889,0.952380952381,5,4,0,0,0,0
3257,WLNM_dir_neg,1,0.75,00:00:00,10,80,12,1178364361,threshold_sweep,0.8,0.8,1,0.888888888889,4,1,0,7,1,0.875,0.125,0,0.8,1,0.888888888889,0.916666666667,0.527777777778,0.823529411765,0.836660026534,0.875,20,16,4,0,20,0,16,0,4,11,20,0.181818181818,3.04338842975,3.63636363636,2,2.5,1.68954001271,0.464623503495,0.245454545455,1.16774841624,0.642261628933,0.336363636364,1.94000937205,1.06700515463,0.536363636364,1.05689877454,0.347276990411,3.54545454545,3.04338842975,1.05689877454,3.54545454545,0.499047619048,0.4,8,0.0484848484848,0.255555555556,11,11,11,1,0,0.0909090909091,0.636363636364,0.272727272727,11,0.145454545455,3.22424242424,2.90909090909,1.6,2,1.81408629643,0.623592164399,0.318181818182,0.934198732994,0.642261628933,0.318181818182,1.7529196424,1.20513225415,0.545454545455,1.14514345623,0.355166673456,3.93333333333,3.22424242424,1.14514345623,3.93333333333,0.199404761905,0.214285714286,3,0.0181818181818,0.28037037037,11,11,11,1,0,0.0909090909091,0.636363636364,0.272727272727,11,21,0.190909090909,4.63429752066,3.81818181818,2.1,2.625,1.94000937205,0.508097692679,0.264069264069,1.13618180363,0.595142849523,0.311688311688,2.02259958739,1.05945692673,0.536796536797,1.58807861811,0.34267946998,5.54545454545,4.63429752066,1.58807861811,5.54545454545,0.499047619048,0.4,8,0.0484848484848,0.263703703704,11,11,11,1,0,0.0909090909091,0.636363636364,0.272727272727,1,0.00909090909091,1.59090909091,0.181818181818,0.1,0.125,0.250469359339,0.0434741891844,0.0186147186147,-0.0315666126082,-0.0471187794107,-0.0246753246753,0.0825902153411,-0.00754822789877,0.0004329004329,0.531179843575,-0.00459752043091,2,1.59090909091,0.531179843575,2,0,0,0,0,0.00814814814815,0,0,0,20,1,0,89,1,0.988888888889,0.0111111111111,0,0.952380952381,1,0.975609756098,0.970463261437,0.988888888889,0.952380952381,5,4,0,0,0,0
3258,WLNM_dir_neg,1,0.75,00:00:00,10,80,12,1178364361,threshold_sweep,0.9,0.8,1,0.888888888889,4,1,0,7,1,0.875,0.125,0,0.8,1,0.888888888889,0.916666666667,0.527777777778,0.823529411765,0.836660026534,0.875,20,16,4,0,20,0,16,0,4,11,20,0.181818181818,3.04338842975,3.63636363636,2,2.5,1.68954001271,0.464623503495,0.245454545455,1.16774841624,0.642261628933,0.336363636364,1.94000937205,1.06700515463,0.536363636364,1.05689877454,0.347276990411,3.54545454545,3.04338842975,1.05689877454,3.54545454545,0.499047619048,0.4,8,0.0484848484848,0.255555555556,11,11,11,1,0,0.0909090909091,0.636363636364,0.272727272727,11,0.145454545455,3.22424242424,2.90909090909,1.6,2,1.81408629643,0.623592164399,0.318181818182,0.934198732994,0.642261628933,0.318181818182,1.7529196424,1.20513225415,0.545454545455,1.14514345623,0.355166673456,3.93333333333,3.22424242424,1.14514345623,3.93333333333,0.199404761905,0.214285714286,3,0.0181818181818,0.28037037037,11,11,11,1,0,0.0909090909091,0.636363636364,0.272727272727,11,21,0.190909090909,4.63429752066,3.81818181818,2.1,2.625,1.94000937205,0.508097692679,0.264069264069,1.13618180363,0.595142849523,0.311688311688,2.02259958739,1.05945692673,0.536796536797,1.58807861811,0.34267946998,5.54545454545,4.63429752066,1.58807861811,5.54545454545,0.499047619048,0.4,8,0.0484848484848,0.263703703704,11,11,11,1,0,0.0909090909091,0.636363636364,0.272727272727,1,0.00909090909091,1.59090909091,0.181818181818,0.1,0.125,0.250469359339,0.0434741891844,0.0186147186147,-0.0315666126082,-0.0471187794107,-0.0246753246753,0.0825902153411,-0.00754822789877,0.0004329004329,0.531179843575,-0.00459752043091,2,1.59090909091,0.531179843575,2,0,0,0,0,0.00814814814815,0,0,0,20,1,0,89,1,0.988888888889,0.0111111111111,0,0.952380952381,1,0.975609756098,0.970463261437,0.988888888889,0.952380952381,5,4,0,0,0,0
3259,WLNM_dir_neg,0.96875,0.69375,00:00:00,10,80,13,1178364362,threshold_sweep,0.1,0.75,0.75,0.75,3,1,1,7,0.75,0.875,0.125,0.25,0.75,0.75,0.75,0.833333333333,0.555555555556,0.625,0.625,0.625,20,16,4,0,20,0,16,0,4,11,20,0.181818181818,3.04338842975,3.63636363636,2,2.5,1.68954001271,0.464623503495,0.245454545455,1.16774841624,0.642261628933,0.336363636364,1.94000937205,1.06700515463,0.536363636364,1.05689877454,0.347276990411,3.54545454545,3.04338842975,1.05689877454,3.54545454545,0.499047619048,0.4,8,0.0484848484848,0.255555555556,11,11,11,1,0,0.0909090909091,0.636363636364,0.272727272727,11,0.145454545455,3.22424242424,2.90909090909,1.6,2,1.92117388357,0.660403522477,0.340909090909,0.934198732994,0.642261628933,0.318181818182,1.86352549559,1.28117377822,0.556818181818,1.14514345623,0.355166673456,3.93333333333,3.22424242424,1.14514345623,3.93333333333,0.445238095238,0.272727272727,4,0.0242424242424,0.293333333333,11,11,11,1,0,0.0909090909091,0.636363636364,0.272727272727,11,20,0.181818181818,3.19090909091,3.63636363636,2,2.22222222222,1.5666989036,0.43084219849,0.218181818182,1.07871977994,0.593295878968,0.309090909091,1.83402190926,1.00871205009,0.490909090909,1.11637716736,0.34986179034,3.75,3.19090909091,1.11637716736,3.75,0.432380952381,0.333333333333,6,0.0363636363636,0.224444444444,11,11,11,1,0,0.0909090909091,0.727272727273,0.181818181818,0,0,0.147520661157,0,0,-0.277777777778,-0.122841109108,-0.0337813050047,-0.0272727272727,-0.0890286363011,-0.0489657499656,-0.0272727272727,-0.105987462791,-0.0582931045351,-0.0454545454545,0.0594783928209,0.00258479992875,0.204545454545,0.147520661157,0.0594783928209,0.204545454545,-0.0666666666667,-0.0666666666667,-2,-0.0121212121212,-0.0311111111111,0,0.0909090909091,-0.0909090909091,19,1,1,89,0.95,0.988888888889,0.0111111111111,0.05,0.95,0.95,0.95,0.938888888889,0.938888888889,0.904761904762,4,4,0,0,0,0
3260,WLNM_dir_neg,0.96875,0.69375,00:00:00,10,80,13,1178364362,threshold_sweep,0.2,0.75,0.75,0.75,3,1,1,7,0.75,0.875,0.125,0.25,0.75,0.75,0.75,0.833333333333,0.555555555556,0.625,0.625,0.625,20,16,4,0,20,0,16,0,4,11,20,0.181818181818,3.04338842975,3.63636363636,2,2.5,1.68954001271,0.464623503495,0.245454545455,1.16774841624,0.642261628933,0.336363636364,1.94000937205,1.06700515463,0.536363636364,1.05689877454,0.347276990411,3.54545454545,3.04338842975,1.05689877454,3.54545454545,0.499047619048,0.4,8,0.0484848484848,0.255555555556,11,11,11,1,0,0.0909090909091,0.636363636364,0.272727272727,11,0.145454545455,3.22424242424,2.90909090909,1.6,2,1.92117388357,0.660403522477,0.340909090909,0.934198732994,0.642261628933,0.318181818182,1.86352549559,1.28117377822,0.556818181818,1.14514345623,0.355166673456,3.93333333333,3.22424242424,1.14514345623,3.93333333333,0.445238095238,0.272727272727,4,0.0242424242424,0.293333333333,11,11,11,1,0,0.0909090909091,0.636363636364,0.272727272727,11,20,0.181818181818,3.19090909091,3.63636363636,2,2.22222222222,1.5666989036,0.43084219849,0.218181818182,1.07871977994,0.593295878968,0.309090909091,1.83402190926,1.00871205009,0.490909090909,1.11637716736,0.34986179034,3.75,3.19090909091,1.11637716736,3.75,0.432380952381,0.333333333333,6,0.0363636363636,0.224444444444,11,11,11,1,0,0.0909090909091,0.727272727273,0.181818181818,0,0,0.147520661157,0,0,-0.277777777778,-0.122841109108,-0.0337813050047,-0.0272727272727,-0.0890286363011,-0.0489657499656,-0.0272727272727,-0.105987462791,-0.0582931045351,-0.0454545454545,0.0594783928209,0.00258479992875,0.204545454545,0.147520661157,0.0594783928209,0.204545454545,-0.0666666666667,-0.0666666666667,-2,-0.0121212121212,-0.0311111111111,0,0.0909090909091,-0.0909090909091,19,1,1,89,0.95,0.988888888889,0.0111111111111,0.05,0.95,0.95,0.95,0.938888888889,0.938888888889,0.904761904762,4,4,0,0,0,0
3261,WLNM_dir_neg,0.96875,0.69375,00:00:00,10,80,13,1178364362,threshold_sweep,0.3,0.75,0.75,0.75,3,1,1,7,0.75,0.875,0.125,0.25,0.75,0.75,0.75,0.833333333333,0.555555555556,0.625,0.625,0.625,20,16,4,0,20,0,16,0,4,11,20,0.181818181818,3.04338842975,3.63636363636,2,2.5,1.68954001271,0.464623503495,0.245454545455,1.16774841624,0.642261628933,0.336363636364,1.94000937205,1.06700515463,0.536363636364,1.05689877454,0.347276990411,3.54545454545,3.04338842975,1.05689877454,3.54545454545,0.499047619048,0.4,8,0.0484848484848,0.255555555556,11,11,11,1,0,0.0909090909091,0.636363636364,0.272727272727,11,0.145454545455,3.22424242424,2.90909090909,1.6,2,1.92117388357,0.660403522477,0.340909090909,0.934198732994,0.642261628933,0.318181818182,1.86352549559,1.28117377822,0.556818181818,1.14514345623,0.355166673456,3.93333333333,3.22424242424,1.14514345623,3.93333333333,0.445238095238,0.272727272727,4,0.0242424242424,0.293333333333,11,11,11,1,0,0.0909090909091,0.636363636364,0.272727272727,11,20,0.181818181818,3.19090909091,3.63636363636,2,2.22222222222,1.5666989036,0.43084219849,0.218181818182,1.07871977994,0.593295878968,0.309090909091,1.83402190926,1.00871205009,0.490909090909,1.11637716736,0.34986179034,3.75,3.19090909091,1.11637716736,3.75,0.432380952381,0.333333333333,6,0.0363636363636,0.224444444444,11,11,11,1,0,0.0909090909091,0.727272727273,0.181818181818,0,0,0.147520661157,0,0,-0.277777777778,-0.122841109108,-0.0337813050047,-0.0272727272727,-0.0890286363011,-0.0489657499656,-0.0272727272727,-0.105987462791,-0.0582931045351,-0.0454545454545,0.0594783928209,0.00258479992875,0.204545454545,0.147520661157,0.0594783928209,0.204545454545,-0.0666666666667,-0.0666666666667,-2,-0.0121212121212,-0.0311111111111,0,0.0909090909091,-0.0909090909091,19,1,1,89,0.95,0.988888888889,0.0111111111111,0.05,0.95,0.95,0.95,0.938888888889,0.938888888889,0.904761904762,4,4,0,0,0,0
3262,WLNM_dir_neg,0.96875,0.69375,00:00:00,10,80,13,1178364362,threshold_sweep,0.4,0.75,0.75,0.75,3,1,1,7,0.75,0.875,0.125,0.25,0.75,0.75,0.75,0.833333333333,0.555555555556,0.625,0.625,0.625,20,16,4,0,20,0,16,0,4,11,20,0.181818181818,3.04338842975,3.63636363636,2,2.5,1.68954001271,0.464623503495,0.245454545455,1.16774841624,0.642261628933,0.336363636364,1.94000937205,1.06700515463,0.536363636364,1.05689877454,0.347276990411,3.54545454545,3.04338842975,1.05689877454,3.54545454545,0.499047619048,0.4,8,0.0484848484848,0.255555555556,11,11,11,1,0,0.0909090909091,0.636363636364,0.272727272727,11,0.145454545455,3.22424242424,2.90909090909,1.6,2,1.92117388357,0.660403522477,0.340909090909,0.934198732994,0.642261628933,0.318181818182,1.86352549559,1.28117377822,0.556818181818,1.14514345623,0.355166673456,3.93333333333,3.22424242424,1.14514345623,3.93333333333,0.445238095238,0.272727272727,4,0.0242424242424,0.293333333333,11,11,11,1,0,0.0909090909091,0.636363636364,0.272727272727,11,20,0.181818181818,3.19090909091,3.63636363636,2,2.22222222222,1.5666989036,0.43084219849,0.218181818182,1.07871977994,0.593295878968,0.309090909091,1.83402190926,1.00871205009,0.490909090909,1.11637716736,0.34986179034,3.75,3.19090909091,1.11637716736,3.75,0.432380952381,0.333333333333,6,0.0363636363636,0.224444444444,11,11,11,1,0,0.0909090909091,0.727272727273,0.181818181818,0,0,0.147520661157,0,0,-0.277777777778,-0.122841109108,-0.0337813050047,-0.0272727272727,-0.0890286363011,-0.0489657499656,-0.0272727272727,-0.105987462791,-0.0582931045351,-0.0454545454545,0.0594783928209,0.00258479992875,0.204545454545,0.147520661157,0.0594783928209,0.204545454545,-0.0666666666667,-0.0666666666667,-2,-0.0121212121212,-0.0311111111111,0,0.0909090909091,-0.0909090909091,19,1,1,89,0.95,0.988888888889,0.0111111111111,0.05,0.95,0.95,0.95,0.938888888889,0.938888888889,0.904761904762,4,4,0,0,0,0
3263,WLNM_dir_neg,0.96875,0.69375,00:00:00,10,80,13,1178364362,threshold_sweep,0.5,0.75,0.75,0.75,3,1,1,7,0.75,0.875,0.125,0.25,0.75,0.75,0.75,0.833333333333,0.555555555556,0.625,0.625,0.625,20,16,4,0,20,0,16,0,4,11,20,0.181818181818,3.04338842975,3.63636363636,2,2.5,1.68954001271,0.464623503495,0.245454545455,1.16774841624,0.642261628933,0.336363636364,1.94000937205,1.06700515463,0.536363636364,1.05689877454,0.347276990411,3.54545454545,3.04338842975,1.05689877454,3.54545454545,0.499047619048,0.4,8,0.0484848484848,0.255555555556,11,11,11,1,0,0.0909090909091,0.636363636364,0.272727272727,11,0.145454545455,3.22424242424,2.90909090909,1.6,2,1.92117388357,0.660403522477,0.340909090909,0.934198732994,0.642261628933,0.318181818182,1.86352549559,1.28117377822,0.556818181818,1.14514345623,0.355166673456,3.93333333333,3.22424242424,1.14514345623,3.93333333333,0.445238095238,0.272727272727,4,0.0242424242424,0.293333333333,11,11,11,1,0,0.0909090909091,0.636363636364,0.272727272727,11,20,0.181818181818,3.19090909091,3.63636363636,2,2.22222222222,1.5666989036,0.43084219849,0.218181818182,1.07871977994,0.593295878968,0.309090909091,1.83402190926,1.00871205009,0.490909090909,1.11637716736,0.34986179034,3.75,3.19090909091,1.11637716736,3.75,0.432380952381,0.333333333333,6,0.0363636363636,0.224444444444,11,11,11,1,0,0.0909090909091,0.727272727273,0.181818181818,0,0,0.147520661157,0,0,-0.277777777778,-0.122841109108,-0.0337813050047,-0.0272727272727,-0.0890286363011,-0.0489657499656,-0.0272727272727,-0.105987462791,-0.0582931045351,-0.0454545454545,0.0594783928209,0.00258479992875,0.204545454545,0.147520661157,0.0594783928209,0.204545454545,-0.0666666666667,-0.0666666666667,-2,-0.0121212121212,-0.0311111111111,0,0.0909090909091,-0.0909090909091,19,1,1,89,0.95,0.988888888889,0.0111111111111,0.05,0.95,0.95,0.95,0.938888888889,0.938888888889,0.904761904762,4,4,0,0,0,0
3264,WLNM_dir_neg,0.96875,0.69375,00:00:00,10,80,13,1178364362,threshold_sweep,0.6,0.75,0.75,0.75,3,1,1,7,0.75,0.875,0.125,0.25,0.75,0.75,0.75,0.833333333333,0.555555555556,0.625,0.625,0.625,20,16,4,0,20,0,16,0,4,11,20,0.181818181818,3.04338842975,3.63636363636,2,2.5,1.68954001271,0.464623503495,0.245454545455,1.16774841624,0.642261628933,0.336363636364,1.94000937205,1.06700515463,0.536363636364,1.05689877454,0.347276990411,3.54545454545,3.04338842975,1.05689877454,3.54545454545,0.499047619048,0.4,8,0.0484848484848,0.255555555556,11,11,11,1,0,0.0909090909091,0.636363636364,0.272727272727,11,0.145454545455,3.22424242424,2.90909090909,1.6,2,1.92117388357,0.660403522477,0.340909090909,0.934198732994,0.642261628933,0.318181818182,1.86352549559,1.28117377822,0.556818181818,1.14514345623,0.355166673456,3.93333333333,3.22424242424,1.14514345623,3.93333333333,0.445238095238,0.272727272727,4,0.0242424242424,0.293333333333,11,11,11,1,0,0.0909090909091,0.636363636364,0.272727272727,11,20,0.181818181818,3.19090909091,3.63636363636,2,2.22222222222,1.5666989036,0.43084219849,0.218181818182,1.07871977994,0.593295878968,0.309090909091,1.83402190926,1.00871205009,0.490909090909,1.11637716736,0.34986179034,3.75,3.19090909091,1.11637716736,3.75,0.432380952381,0.333333333333,6,0.0363636363636,0.224444444444,11,11,11,1,0,0.0909090909091,0.727272727273,0.181818181818,0,0,0.147520661157,0,0,-0.277777777778,-0.122841109108,-0.0337813050047,-0.0272727272727,-0.0890286363011,-0.0489657499656,-0.0272727272727,-0.105987462791,-0.0582931045351,-0.0454545454545,0.0594783928209,0.00258479992875,0.204545454545,0.147520661157,0.0594783928209,0.204545454545,-0.0666666666667,-0.0666666666667,-2,-0.0121212121212,-0.0311111111111,0,0.0909090909091,-0.0909090909091,19,1,1,89,0.95,0.988888888889,0.0111111111111,0.05,0.95,0.95,0.95,0.938888888889,0.938888888889,0.904761904762,4,4,0,0,0,0
3265,WLNM_dir_neg,0.96875,0.69375,00:00:00,10,80,13,1178364362,threshold_sweep,0.7,1,0.75,0.857142857143,3,0,1,8,0.75,1,0,0.25,1,0.75,0.857142857143,0.916666666667,0.583333333333,0.8,0.816496580928,0.75,20,16,4,0,20,0,16,0,4,11,20,0.181818181818,3.04338842975,3.63636363636,2,2.5,1.68954001271,0.464623503495,0.245454545455,1.16774841624,0.642261628933,0.336363636364,1.94000937205,1.06700515463,0.536363636364,1.05689877454,0.347276990411,3.54545454545,3.04338842975,1.05689877454,3.54545454545,0.499047619048,0.4,8,0.0484848484848,0.255555555556,11,11,11,1,0,0.0909090909091,0.636363636364,0.272727272727,11,0.145454545455,3.22424242424,2.90909090909,1.6,2,1.92117388357,0.660403522477,0.340909090909,0.934198732994,0.642261628933,0.318181818182,1.86352549559,1.28117377822,0.556818181818,1.14514345623,0.355166673456,3.93333333333,3.22424242424,1.14514345623,3.93333333333,0.445238095238,0.272727272727,4,0.0242424242424,0.293333333333,11,11,11,1,0,0.0909090909091,0.636363636364,0.272727272727,11,19,0.172727272727,3.06818181818,3.45454545455,1.9,2.375,1.63484778274,0.473245410793,0.244019138756,1.00904995822,0.584186817916,0.306220095694,1.90215189146,1.1012458319,0.545454545455,1.09659712407,0.357409433031,3.75,3.06818181818,1.09659712407,3.75,0.432380952381,0.333333333333,6,0.0363636363636,0.247777777778,11,11,11,1,0,0.0909090909091,0.636363636364,0.272727272727,-1,-0.00909090909091,0.0247933884298,-0.181818181818,-0.1,-0.125,-0.05469222997,0.00862190729789,-0.00143540669856,-0.158698458023,-0.058074811017,-0.0301435406699,-0.0378574805894,0.0342406772707,0.00909090909091,0.0396983495361,0.0101324426199,0.204545454545,0.0247933884298,0.0396983495361,0.204545454545,-0.0666666666667,-0.0666666666667,-2,-0.0121212121212,-0.00777777777778,0,0,0,19,0,1,90,0.95,1,0,0.05,1,0.95,0.974358974359,0.969309258988,0.95,0.95,3,4,0,0,0,0
3266,WLNM_dir_neg,0.96875,0.69375,00:00:00,10,80,13,1178364362,threshold_sweep,0.8,1,0.75,0.857142857143,3,0,1,8,0.75,1,0,0.25,1,0.75,0.857142857143,0.916666666667,0.583333333333,0.8,0.816496580928,0.75,20,16,4,0,20,0,16,0,4,11,20,0.181818181818,3.04338842975,3.63636363636,2,2.5,1.68954001271,0.464623503495,0.245454545455,1.16774841624,0.642261628933,0.336363636364,1.94000937205,1.06700515463,0.536363636364,1.05689877454,0.347276990411,3.54545454545,3.04338842975,1.05689877454,3.54545454545,0.499047619048,0.4,8,0.0484848484848,0.255555555556,11,11,11,1,0,0.0909090909091,0.636363636364,0.272727272727,11,0.145454545455,3.22424242424,2.90909090909,1.6,2,1.92117388357,0.660403522477,0.340909090909,0.934198732994,0.642261628933,0.318181818182,1.86352549559,1.28117377822,0.556818181818,1.14514345623,0.355166673456,3.93333333333,3.22424242424,1.14514345623,3.93333333333,0.445238095238,0.272727272727,4,0.0242424242424,0.293333333333,11,11,11,1,0,0.0909090909091,0.636363636364,0.272727272727,11,19,0.172727272727,3.06818181818,3.45454545455,1.9,2.375,1.63484778274,0.473245410793,0.244019138756,1.00904995822,0.584186817916,0.306220095694,1.90215189146,1.1012458319,0.545454545455,1.09659712407,0.357409433031,3.75,3.06818181818,1.09659712407,3.75,0.432380952381,0.333333333333,6,0.0363636363636,0.247777777778,11,11,11,1,0,0.0909090909091,0.636363636364,0.272727272727,-1,-0.00909090909091,0.0247933884298,-0.181818181818,-0.1,-0.125,-0.05469222997,0.00862190729789,-0.00143540669856,-0.158698458023,-0.058074811017,-0.0301435406699,-0.0378574805894,0.0342406772707,0.00909090909091,0.0396983495361,0.0101324426199,0.204545454545,0.0247933884298,0.0396983495361,0.204545454545,-0.0666666666667,-0.0666666666667,-2,-0.0121212121212,-0.00777777777778,0,0,0,19,0,1,90,0.95,1,0,0.05,1,0.95,0.974358974359,0.969309258988,0.95,0.95,3,4,0,0,0,0
3267,WLNM_dir_neg,0.96875,0.69375,00:00:00,10,80,13,1178364362,threshold_sweep,0.9,1,0.75,0.857142857143,3,0,1,8,0.75,1,0,0.25,1,0.75,0.857142857143,0.916666666667,0.583333333333,0.8,0.816496580928,0.75,20,16,4,0,20,0,16,0,4,11,20,0.181818181818,3.04338842975,3.63636363636,2,2.5,1.68954001271,0.464623503495,0.245454545455,1.16774841624,0.642261628933,0.336363636364,1.94000937205,1.06700515463,0.536363636364,1.05689877454,0.347276990411,3.54545454545,3.04338842975,1.05689877454,3.54545454545,0.499047619048,0.4,8,0.0484848484848,0.255555555556,11,11,11,1,0,0.0909090909091,0.636363636364,0.272727272727,11,0.145454545455,3.22424242424,2.90909090909,1.6,2,1.92117388357,0.660403522477,0.340909090909,0.934198732994,0.642261628933,0.318181818182,1.86352549559,1.28117377822,0.556818181818,1.14514345623,0.355166673456,3.93333333333,3.22424242424,1.14514345623,3.93333333333,0.445238095238,0.272727272727,4,0.0242424242424,0.293333333333,11,11,11,1,0,0.0909090909091,0.636363636364,0.272727272727,11,19,0.172727272727,3.06818181818,3.45454545455,1.9,2.375,1.63484778274,0.473245410793,0.244019138756,1.00904995822,0.584186817916,0.306220095694,1.90215189146,1.1012458319,0.545454545455,1.09659712407,0.357409433031,3.75,3.06818181818,1.09659712407,3.75,0.432380952381,0.333333333333,6,0.0363636363636,0.247777777778,11,11,11,1,0,0.0909090909091,0.636363636364,0.272727272727,-1,-0.00909090909091,0.0247933884298,-0.181818181818,-0.1,-0.125,-0.05469222997,0.00862190729789,-0.00143540669856,-0.158698458023,-0.058074811017,-0.0301435406699,-0.0378574805894,0.0342406772707,0.00909090909091,0.0396983495361,0.0101324426199,0.204545454545,0.0247933884298,0.0396983495361,0.204545454545,-0.0666666666667,-0.0666666666667,-2,-0.0121212121212,-0.00777777777778,0,0,0,19,0,1,90,0.95,1,0,0.05,1,0.95,0.974358974359,0.969309258988,0.95,0.95,3,4,0,0,0,0
3268,WLNM_dir_neg,0.84375,0.54375,00:00:00,10,80,14,1178364363,threshold_sweep,0.1,0.6,0.75,0.666666666667,3,2,1,6,0.75,0.75,0.25,0.25,0.6,0.75,0.666666666667,0.75,0.527777777778,0.470588235294,0.478091443734,0.5,20,16,4,0,20,0,16,0,4,11,20,0.181818181818,3.04338842975,3.63636363636,2,2.5,1.68954001271,0.464623503495,0.245454545455,1.16774841624,0.642261628933,0.336363636364,1.94000937205,1.06700515463,0.536363636364,1.05689877454,0.347276990411,3.54545454545,3.04338842975,1.05689877454,3.54545454545,0.499047619048,0.4,8,0.0484848484848,0.255555555556,11,11,11,1,0,0.0909090909091,0.636363636364,0.272727272727,11,0.145454545455,3.32575757576,2.90909090909,1.6,2,1.70026735866,0.584466904538,0.289772727273,0.934198732994,0.642261628933,0.318181818182,1.69491217257,1.16525211864,0.522727272727,1.47123084593,0.442374650713,5.33333333333,3.32575757576,1.47123084593,5.33333333333,0.41369047619,0.292682926829,4,0.0242424242424,0.234074074074,11,11,11,1,0,0.0909090909091,0.636363636364,0.272727272727,11,21,0.190909090909,NaN,3.81818181818,1.90909090909,2.33333333333,2.1825756261,0.571626949692,0.281385281385,1.04446593573,0.547101204432,0.277056277056,2.07145096271,1.08504574237,0.510822510823,NaN,NaN,NaN,NaN,NaN,NaN,0.601322751323,0.409090909091,9,0.0545454545455,0.304545454545,11,11,0,1,2,0,0.818181818182,0.181818181818,1,0.00909090909091,NaN,0.181818181818,-0.0909090909091,-0.166666666667,0.493035613389,0.107003446197,0.0359307359307,-0.123282480508,-0.0951604245011,-0.0593073593074,0.131441590661,0.0180405877448,-0.0255411255411,NaN,NaN,NaN,NaN,NaN,NaN,0.102275132275,0.00909090909091,1,0.00606060606061,0.0489898989899,-0.0909090909091,0.181818181818,-0.0909090909091,19,2,1,88,0.95,0.977777777778,0.0222222222222,0.05,0.904761904762,0.95,0.926829268293,0.910490812697,0.927777777778,0.863636363636,5,4,0,0,0,0
3269,WLNM_dir_neg,0.84375,0.54375,00:00:00,10,80,14,1178364363,threshold_sweep,0.2,0.6,0.75,0.666666666667,3,2,1,6,0.75,0.75,0.25,0.25,0.6,0.75,0.666666666667,0.75,0.527777777778,0.470588235294,0.478091443734,0.5,20,16,4,0,20,0,16,0,4,11,20,0.181818181818,3.04338842975,3.63636363636,2,2.5,1.68954001271,0.464623503495,0.245454545455,1.16774841624,0.642261628933,0.336363636364,1.94000937205,1.06700515463,0.536363636364,1.05689877454,0.347276990411,3.54545454545,3.04338842975,1.05689877454,3.54545454545,0.499047619048,0.4,8,0.0484848484848,0.255555555556,11,11,11,1,0,0.0909090909091,0.636363636364,0.272727272727,11,0.145454545455,3.32575757576,2.90909090909,1.6,2,1.70026735866,0.584466904538,0.289772727273,0.934198732994,0.642261628933,0.318181818182,1.69491217257,1.16525211864,0.522727272727,1.47123084593,0.442374650713,5.33333333333,3.32575757576,1.47123084593,5.33333333333,0.41369047619,0.292682926829,4,0.0242424242424,0.234074074074,11,11,11,1,0,0.0909090909091,0.636363636364,0.272727272727,11,21,0.190909090909,NaN,3.81818181818,1.90909090909,2.33333333333,2.1825756261,0.571626949692,0.281385281385,1.04446593573,0.547101204432,0.277056277056,2.07145096271,1.08504574237,0.510822510823,NaN,NaN,NaN,NaN,NaN,NaN,0.601322751323,0.409090909091,9,0.0545454545455,0.304545454545,11,11,0,1,2,0,0.818181818182,0.181818181818,1,0.00909090909091,NaN,0.181818181818,-0.0909090909091,-0.166666666667,0.493035613389,0.107003446197,0.0359307359307,-0.123282480508,-0.0951604245011,-0.0593073593074,0.131441590661,0.0180405877448,-0.0255411255411,NaN,NaN,NaN,NaN,NaN,NaN,0.102275132275,0.00909090909091,1,0.00606060606061,0.0489898989899,-0.0909090909091,0.181818181818,-0.0909090909091,19,2,1,88,0.95,0.977777777778,0.0222222222222,0.05,0.904761904762,0.95,0.926829268293,0.910490812697,0.927777777778,0.863636363636,5,4,0,0,0,0
3270,WLNM_dir_neg,0.84375,0.54375,00:00:00,10,80,14,1178364363,threshold_sweep,0.3,0.6,0.75,0.666666666667,3,2,1,6,0.75,0.75,0.25,0.25,0.6,0.75,0.666666666667,0.75,0.527777777778,0.470588235294,0.478091443734,0.5,20,16,4,0,20,0,16,0,4,11,20,0.181818181818,3.04338842975,3.63636363636,2,2.5,1.68954001271,0.464623503495,0.245454545455,1.16774841624,0.642261628933,0.336363636364,1.94000937205,1.06700515463,0.536363636364,1.05689877454,0.347276990411,3.54545454545,3.04338842975,1.05689877454,3.54545454545,0.499047619048,0.4,8,0.0484848484848,0.255555555556,11,11,11,1,0,0.0909090909091,0.636363636364,0.272727272727,11,0.145454545455,3.32575757576,2.90909090909,1.6,2,1.70026735866,0.584466904538,0.289772727273,0.934198732994,0.642261628933,0.318181818182,1.69491217257,1.16525211864,0.522727272727,1.47123084593,0.442374650713,5.33333333333,3.32575757576,1.47123084593,5.33333333333,0.41369047619,0.292682926829,4,0.0242424242424,0.234074074074,11,11,11,1,0,0.0909090909091,0.636363636364,0.272727272727,11,21,0.190909090909,NaN,3.81818181818,1.90909090909,2.33333333333,2.1825756261,0.571626949692,0.281385281385,1.04446593573,0.547101204432,0.277056277056,2.07145096271,1.08504574237,0.510822510823,NaN,NaN,NaN,NaN,NaN,NaN,0.601322751323,0.409090909091,9,0.0545454545455,0.304545454545,11,11,0,1,2,0,0.818181818182,0.181818181818,1,0.00909090909091,NaN,0.181818181818,-0.0909090909091,-0.166666666667,0.493035613389,0.107003446197,0.0359307359307,-0.123282480508,-0.0951604245011,-0.0593073593074,0.131441590661,0.0180405877448,-0.0255411255411,NaN,NaN,NaN,NaN,NaN,NaN,0.102275132275,0.00909090909091,1,0.00606060606061,0.0489898989899,-0.0909090909091,0.181818181818,-0.0909090909091,19,2,1,88,0.95,0.977777777778,0.0222222222222,0.05,0.904761904762,0.95,0.926829268293,0.910490812697,0.927777777778,0.863636363636,5,4,0,0,0,0
3271,WLNM_dir_neg,0.84375,0.54375,00:00:00,10,80,14,1178364363,threshold_sweep,0.4,0.6,0.75,0.666666666667,3,2,1,6,0.75,0.75,0.25,0.25,0.6,0.75,0.666666666667,0.75,0.527777777778,0.470588235294,0.478091443734,0.5,20,16,4,0,20,0,16,0,4,11,20,0.181818181818,3.04338842975,3.63636363636,2,2.5,1.68954001271,0.464623503495,0.245454545455,1.16774841624,0.642261628933,0.336363636364,1.94000937205,1.06700515463,0.536363636364,1.05689877454,0.347276990411,3.54545454545,3.04338842975,1.05689877454,3.54545454545,0.499047619048,0.4,8,0.0484848484848,0.255555555556,11,11,11,1,0,0.0909090909091,0.636363636364,0.272727272727,11,0.145454545455,3.32575757576,2.90909090909,1.6,2,1.70026735866,0.584466904538,0.289772727273,0.934198732994,0.642261628933,0.318181818182,1.69491217257,1.16525211864,0.522727272727,1.47123084593,0.442374650713,5.33333333333,3.32575757576,1.47123084593,5.33333333333,0.41369047619,0.292682926829,4,0.0242424242424,0.234074074074,11,11,11,1,0,0.0909090909091,0.636363636364,0.272727272727,11,21,0.190909090909,NaN,3.81818181818,1.90909090909,2.33333333333,2.1825756261,0.571626949692,0.281385281385,1.04446593573,0.547101204432,0.277056277056,2.07145096271,1.08504574237,0.510822510823,NaN,NaN,NaN,NaN,NaN,NaN,0.601322751323,0.409090909091,9,0.0545454545455,0.304545454545,11,11,0,1,2,0,0.818181818182,0.181818181818,1,0.00909090909091,NaN,0.181818181818,-0.0909090909091,-0.166666666667,0.493035613389,0.107003446197,0.0359307359307,-0.123282480508,-0.0951604245011,-0.0593073593074,0.131441590661,0.0180405877448,-0.0255411255411,NaN,NaN,NaN,NaN,NaN,NaN,0.102275132275,0.00909090909091,1,0.00606060606061,0.0489898989899,-0.0909090909091,0.181818181818,-0.0909090909091,19,2,1,88,0.95,0.977777777778,0.0222222222222,0.05,0.904761904762,0.95,0.926829268293,0.910490812697,0.927777777778,0.863636363636,5,4,0,0,0,0
3272,WLNM_dir_neg,0.84375,0.54375,00:00:00,10,80,14,1178364363,threshold_sweep,0.5,0.6,0.75,0.666666666667,3,2,1,6,0.75,0.75,0.25,0.25,0.6,0.75,0.666666666667,0.75,0.527777777778,0.470588235294,0.478091443734,0.5,20,16,4,0,20,0,16,0,4,11,20,0.181818181818,3.04338842975,3.63636363636,2,2.5,1.68954001271,0.464623503495,0.245454545455,1.16774841624,0.642261628933,0.336363636364,1.94000937205,1.06700515463,0.536363636364,1.05689877454,0.347276990411,3.54545454545,3.04338842975,1.05689877454,3.54545454545,0.499047619048,0.4,8,0.0484848484848,0.255555555556,11,11,11,1,0,0.0909090909091,0.636363636364,0.272727272727,11,0.145454545455,3.32575757576,2.90909090909,1.6,2,1.70026735866,0.584466904538,0.289772727273,0.934198732994,0.642261628933,0.318181818182,1.69491217257,1.16525211864,0.522727272727,1.47123084593,0.442374650713,5.33333333333,3.32575757576,1.47123084593,5.33333333333,0.41369047619,0.292682926829,4,0.0242424242424,0.234074074074,11,11,11,1,0,0.0909090909091,0.636363636364,0.272727272727,11,21,0.190909090909,NaN,3.81818181818,1.90909090909,2.33333333333,2.1825756261,0.571626949692,0.281385281385,1.04446593573,0.547101204432,0.277056277056,2.07145096271,1.08504574237,0.510822510823,NaN,NaN,NaN,NaN,NaN,NaN,0.601322751323,0.409090909091,9,0.0545454545455,0.304545454545,11,11,0,1,2,0,0.818181818182,0.181818181818,1,0.00909090909091,NaN,0.181818181818,-0.0909090909091,-0.166666666667,0.493035613389,0.107003446197,0.0359307359307,-0.123282480508,-0.0951604245011,-0.0593073593074,0.131441590661,0.0180405877448,-0.0255411255411,NaN,NaN,NaN,NaN,NaN,NaN,0.102275132275,0.00909090909091,1,0.00606060606061,0.0489898989899,-0.0909090909091,0.181818181818,-0.0909090909091,19,2,1,88,0.95,0.977777777778,0.0222222222222,0.05,0.904761904762,0.95,0.926829268293,0.910490812697,0.927777777778,0.863636363636,5,4,0,0,0,0
3273,WLNM_dir_neg,0.84375,0.54375,00:00:00,10,80,14,1178364363,threshold_sweep,0.6,0.6,0.75,0.666666666667,3,2,1,6,0.75,0.75,0.25,0.25,0.6,0.75,0.666666666667,0.75,0.527777777778,0.470588235294,0.478091443734,0.5,20,16,4,0,20,0,16,0,4,11,20,0.181818181818,3.04338842975,3.63636363636,2,2.5,1.68954001271,0.464623503495,0.245454545455,1.16774841624,0.642261628933,0.336363636364,1.94000937205,1.06700515463,0.536363636364,1.05689877454,0.347276990411,3.54545454545,3.04338842975,1.05689877454,3.54545454545,0.499047619048,0.4,8,0.0484848484848,0.255555555556,11,11,11,1,0,0.0909090909091,0.636363636364,0.272727272727,11,0.145454545455,3.32575757576,2.90909090909,1.6,2,1.70026735866,0.584466904538,0.289772727273,0.934198732994,0.642261628933,0.318181818182,1.69491217257,1.16525211864,0.522727272727,1.47123084593,0.442374650713,5.33333333333,3.32575757576,1.47123084593,5.33333333333,0.41369047619,0.292682926829,4,0.0242424242424,0.234074074074,11,11,11,1,0,0.0909090909091,0.636363636364,0.272727272727,11,21,0.190909090909,NaN,3.81818181818,1.90909090909,2.33333333333,2.1825756261,0.571626949692,0.281385281385,1.04446593573,0.547101204432,0.277056277056,2.07145096271,1.08504574237,0.510822510823,NaN,NaN,NaN,NaN,NaN,NaN,0.601322751323,0.409090909091,9,0.0545454545455,0.304545454545,11,11,0,1,2,0,0.818181818182,0.181818181818,1,0.00909090909091,NaN,0.181818181818,-0.0909090909091,-0.166666666667,0.493035613389,0.107003446197,0.0359307359307,-0.123282480508,-0.0951604245011,-0.0593073593074,0.131441590661,0.0180405877448,-0.0255411255411,NaN,NaN,NaN,NaN,NaN,NaN,0.102275132275,0.00909090909091,1,0.00606060606061,0.0489898989899,-0.0909090909091,0.181818181818,-0.0909090909091,19,2,1,88,0.95,0.977777777778,0.0222222222222,0.05,0.904761904762,0.95,0.926829268293,0.910490812697,0.927777777778,0.863636363636,5,4,0,0,0,0
3274,WLNM_dir_neg,0.84375,0.54375,00:00:00,10,80,14,1178364363,threshold_sweep,0.7,0.6,0.75,0.666666666667,3,2,1,6,0.75,0.75,0.25,0.25,0.6,0.75,0.666666666667,0.75,0.527777777778,0.470588235294,0.478091443734,0.5,20,16,4,0,20,0,16,0,4,11,20,0.181818181818,3.04338842975,3.63636363636,2,2.5,1.68954001271,0.464623503495,0.245454545455,1.16774841624,0.642261628933,0.336363636364,1.94000937205,1.06700515463,0.536363636364,1.05689877454,0.347276990411,3.54545454545,3.04338842975,1.05689877454,3.54545454545,0.499047619048,0.4,8,0.0484848484848,0.255555555556,11,11,11,1,0,0.0909090909091,0.636363636364,0.272727272727,11,0.145454545455,3.32575757576,2.90909090909,1.6,2,1.70026735866,0.584466904538,0.289772727273,0.934198732994,0.642261628933,0.318181818182,1.69491217257,1.16525211864,0.522727272727,1.47123084593,0.442374650713,5.33333333333,3.32575757576,1.47123084593,5.33333333333,0.41369047619,0.292682926829,4,0.0242424242424,0.234074074074,11,11,11,1,0,0.0909090909091,0.636363636364,0.272727272727,11,21,0.190909090909,NaN,3.81818181818,1.90909090909,2.33333333333,2.1825756261,0.571626949692,0.281385281385,1.04446593573,0.547101204432,0.277056277056,2.07145096271,1.08504574237,0.510822510823,NaN,NaN,NaN,NaN,NaN,NaN,0.601322751323,0.409090909091,9,0.0545454545455,0.304545454545,11,11,0,1,2,0,0.818181818182,0.181818181818,1,0.00909090909091,NaN,0.181818181818,-0.0909090909091,-0.166666666667,0.493035613389,0.107003446197,0.0359307359307,-0.123282480508,-0.0951604245011,-0.0593073593074,0.131441590661,0.0180405877448,-0.0255411255411,NaN,NaN,NaN,NaN,NaN,NaN,0.102275132275,0.00909090909091,1,0.00606060606061,0.0489898989899,-0.0909090909091,0.181818181818,-0.0909090909091,19,2,1,88,0.95,0.977777777778,0.0222222222222,0.05,0.904761904762,0.95,0.926829268293,0.910490812697,0.927777777778,0.863636363636,5,4,0,0,0,0
3275,WLNM_dir_neg,0.84375,0.54375,00:00:00,10,80,14,1178364363,threshold_sweep,0.8,0.6,0.75,0.666666666667,3,2,1,6,0.75,0.75,0.25,0.25,0.6,0.75,0.666666666667,0.75,0.527777777778,0.470588235294,0.478091443734,0.5,20,16,4,0,20,0,16,0,4,11,20,0.181818181818,3.04338842975,3.63636363636,2,2.5,1.68954001271,0.464623503495,0.245454545455,1.16774841624,0.642261628933,0.336363636364,1.94000937205,1.06700515463,0.536363636364,1.05689877454,0.347276990411,3.54545454545,3.04338842975,1.05689877454,3.54545454545,0.499047619048,0.4,8,0.0484848484848,0.255555555556,11,11,11,1,0,0.0909090909091,0.636363636364,0.272727272727,11,0.145454545455,3.32575757576,2.90909090909,1.6,2,1.70026735866,0.584466904538,0.289772727273,0.934198732994,0.642261628933,0.318181818182,1.69491217257,1.16525211864,0.522727272727,1.47123084593,0.442374650713,5.33333333333,3.32575757576,1.47123084593,5.33333333333,0.41369047619,0.292682926829,4,0.0242424242424,0.234074074074,11,11,11,1,0,0.0909090909091,0.636363636364,0.272727272727,11,21,0.190909090909,NaN,3.81818181818,1.90909090909,2.33333333333,2.1825756261,0.571626949692,0.281385281385,1.04446593573,0.547101204432,0.277056277056,2.07145096271,1.08504574237,0.510822510823,NaN,NaN,NaN,NaN,NaN,NaN,0.601322751323,0.409090909091,9,0.0545454545455,0.304545454545,11,11,0,1,2,0,0.818181818182,0.181818181818,1,0.00909090909091,NaN,0.181818181818,-0.0909090909091,-0.166666666667,0.493035613389,0.107003446197,0.0359307359307,-0.123282480508,-0.0951604245011,-0.0593073593074,0.131441590661,0.0180405877448,-0.0255411255411,NaN,NaN,NaN,NaN,NaN,NaN,0.102275132275,0.00909090909091,1,0.00606060606061,0.0489898989899,-0.0909090909091,0.181818181818,-0.0909090909091,19,2,1,88,0.95,0.977777777778,0.0222222222222,0.05,0.904761904762,0.95,0.926829268293,0.910490812697,0.927777777778,0.863636363636,5,4,0,0,0,0
3276,WLNM_dir_neg,0.84375,0.54375,00:00:00,10,80,14,1178364363,threshold_sweep,0.9,0.75,0.75,0.75,3,1,1,7,0.75,0.875,0.125,0.25,0.75,0.75,0.75,0.833333333333,0.555555555556,0.625,0.625,0.625,20,16,4,0,20,0,16,0,4,11,20,0.181818181818,3.04338842975,3.63636363636,2,2.5,1.68954001271,0.464623503495,0.245454545455,1.16774841624,0.642261628933,0.336363636364,1.94000937205,1.06700515463,0.536363636364,1.05689877454,0.347276990411,3.54545454545,3.04338842975,1.05689877454,3.54545454545,0.499047619048,0.4,8,0.0484848484848,0.255555555556,11,11,11,1,0,0.0909090909091,0.636363636364,0.272727272727,11,0.145454545455,3.32575757576,2.90909090909,1.6,2,1.70026735866,0.584466904538,0.289772727273,0.934198732994,0.642261628933,0.318181818182,1.69491217257,1.16525211864,0.522727272727,1.47123084593,0.442374650713,5.33333333333,3.32575757576,1.47123084593,5.33333333333,0.41369047619,0.292682926829,4,0.0242424242424,0.234074074074,11,11,11,1,0,0.0909090909091,0.636363636364,0.272727272727,11,20,0.181818181818,NaN,3.63636363636,1.81818181818,2.5,2.01359019032,0.553737302337,0.286363636364,1.07871977994,0.593295878968,0.290909090909,2.13626692238,1.17494680731,0.563636363636,NaN,NaN,NaN,NaN,NaN,NaN,0.475132275132,0.368421052632,7,0.0424242424242,0.307575757576,11,11,0,1,2,0,0.727272727273,0.272727272727,0,0,NaN,0,-0.181818181818,0,0.324050177609,0.0891137988425,0.0409090909091,-0.0890286363011,-0.0489657499656,-0.0454545454545,0.196257550327,0.10794165268,0.0272727272727,NaN,NaN,NaN,NaN,NaN,NaN,-0.0239153439153,-0.0315789473684,-1,-0.00606060606061,0.0520202020202,-0.0909090909091,0.0909090909091,0,19,1,1,89,0.95,0.988888888889,0.0111111111111,0.05,0.95,0.95,0.95,0.938888888889,0.938888888889,0.904761904762,4,4,0,0,0,0
3277,WLNM_dir_neg,0.65625,0.324621212121,00:00:00,10,80,15,1178364364,threshold_sweep,0.1,0.333333333333,0.25,0.285714285714,1,2,3,6,0.25,0.75,0.25,0.75,0.333333333333,0.25,0.285714285714,0.583333333333,0.583333333333,0,0,0,20,16,4,0,20,0,16,0,4,11,20,0.181818181818,3.04338842975,3.63636363636,2,2.5,1.68954001271,0.464623503495,0.245454545455,1.16774841624,0.642261628933,0.336363636364,1.94000937205,1.06700515463,0.536363636364,1.05689877454,0.347276990411,3.54545454545,3.04338842975,1.05689877454,3.54545454545,0.499047619048,0.4,8,0.0484848484848,0.255555555556,11,11,11,1,0,0.0909090909091,0.636363636364,0.272727272727,11,0.145454545455,3.34090909091,2.90909090909,1.6,2,1.30034960334,0.446995176148,0.215909090909,0.820199532265,0.563887178432,0.284090909091,1.50755672289,1.03644524699,0.511363636364,1.55833535894,0.4664405156,5.5,3.34090909091,1.55833535894,5.5,0.348148148148,0.257142857143,3,0.0181818181818,0.190740740741,11,11,11,1,0,0.0909090909091,0.636363636364,0.272727272727,11,19,0.172727272727,NaN,3.45454545455,1.72727272727,2.375,1.50755672289,0.436397998731,0.234449760766,0.646669790683,0.374387773553,0.181818181818,1.55505042304,0.900292350178,0.468899521531,NaN,NaN,NaN,NaN,NaN,NaN,0.36,0.294117647059,5,0.030303030303,0.177272727273,11,11,0,1,2,0,0.727272727273,0.272727272727,-1,-0.00909090909091,NaN,-0.181818181818,-0.272727272727,-0.125,-0.18198328982,-0.0282255047641,-0.011004784689,-0.521078625559,-0.26787385538,-0.154545454545,-0.384958949013,-0.166712804448,-0.0674641148325,NaN,NaN,NaN,NaN,NaN,NaN,-0.139047619048,-0.105882352941,-3,-0.0181818181818,-0.0782828282828,-0.0909090909091,0.0909090909091,0,17,2,3,88,0.85,0.977777777778,0.0222222222222,0.15,0.894736842105,0.85,0.871794871795,0.844602804616,0.827777777778,0.772727272727,3,4,0,0,0,0
3278,WLNM_dir_neg,0.65625,0.324621212121,00:00:00,10,80,15,1178364364,threshold_sweep,0.2,0.333333333333,0.25,0.285714285714,1,2,3,6,0.25,0.75,0.25,0.75,0.333333333333,0.25,0.285714285714,0.583333333333,0.583333333333,0,0,0,20,16,4,0,20,0,16,0,4,11,20,0.181818181818,3.04338842975,3.63636363636,2,2.5,1.68954001271,0.464623503495,0.245454545455,1.16774841624,0.642261628933,0.336363636364,1.94000937205,1.06700515463,0.536363636364,1.05689877454,0.347276990411,3.54545454545,3.04338842975,1.05689877454,3.54545454545,0.499047619048,0.4,8,0.0484848484848,0.255555555556,11,11,11,1,0,0.0909090909091,0.636363636364,0.272727272727,11,0.145454545455,3.34090909091,2.90909090909,1.6,2,1.30034960334,0.446995176148,0.215909090909,0.820199532265,0.563887178432,0.284090909091,1.50755672289,1.03644524699,0.511363636364,1.55833535894,0.4664405156,5.5,3.34090909091,1.55833535894,5.5,0.348148148148,0.257142857143,3,0.0181818181818,0.190740740741,11,11,11,1,0,0.0909090909091,0.636363636364,0.272727272727,11,19,0.172727272727,NaN,3.45454545455,1.72727272727,2.375,1.50755672289,0.436397998731,0.234449760766,0.646669790683,0.374387773553,0.181818181818,1.55505042304,0.900292350178,0.468899521531,NaN,NaN,NaN,NaN,NaN,NaN,0.36,0.294117647059,5,0.030303030303,0.177272727273,11,11,0,1,2,0,0.727272727273,0.272727272727,-1,-0.00909090909091,NaN,-0.181818181818,-0.272727272727,-0.125,-0.18198328982,-0.0282255047641,-0.011004784689,-0.521078625559,-0.26787385538,-0.154545454545,-0.384958949013,-0.166712804448,-0.0674641148325,NaN,NaN,NaN,NaN,NaN,NaN,-0.139047619048,-0.105882352941,-3,-0.0181818181818,-0.0782828282828,-0.0909090909091,0.0909090909091,0,17,2,3,88,0.85,0.977777777778,0.0222222222222,0.15,0.894736842105,0.85,0.871794871795,0.844602804616,0.827777777778,0.772727272727,3,4,0,0,0,0
3279,WLNM_dir_neg,0.65625,0.324621212121,00:00:00,10,80,15,1178364364,threshold_sweep,0.3,0.333333333333,0.25,0.285714285714,1,2,3,6,0.25,0.75,0.25,0.75,0.333333333333,0.25,0.285714285714,0.583333333333,0.583333333333,0,0,0,20,16,4,0,20,0,16,0,4,11,20,0.181818181818,3.04338842975,3.63636363636,2,2.5,1.68954001271,0.464623503495,0.245454545455,1.16774841624,0.642261628933,0.336363636364,1.94000937205,1.06700515463,0.536363636364,1.05689877454,0.347276990411,3.54545454545,3.04338842975,1.05689877454,3.54545454545,0.499047619048,0.4,8,0.0484848484848,0.255555555556,11,11,11,1,0,0.0909090909091,0.636363636364,0.272727272727,11,0.145454545455,3.34090909091,2.90909090909,1.6,2,1.30034960334,0.446995176148,0.215909090909,0.820199532265,0.563887178432,0.284090909091,1.50755672289,1.03644524699,0.511363636364,1.55833535894,0.4664405156,5.5,3.34090909091,1.55833535894,5.5,0.348148148148,0.257142857143,3,0.0181818181818,0.190740740741,11,11,11,1,0,0.0909090909091,0.636363636364,0.272727272727,11,19,0.172727272727,NaN,3.45454545455,1.72727272727,2.375,1.50755672289,0.436397998731,0.234449760766,0.646669790683,0.374387773553,0.181818181818,1.55505042304,0.900292350178,0.468899521531,NaN,NaN,NaN,NaN,NaN,NaN,0.36,0.294117647059,5,0.030303030303,0.177272727273,11,11,0,1,2,0,0.727272727273,0.272727272727,-1,-0.00909090909091,NaN,-0.181818181818,-0.272727272727,-0.125,-0.18198328982,-0.0282255047641,-0.011004784689,-0.521078625559,-0.26787385538,-0.154545454545,-0.384958949013,-0.166712804448,-0.0674641148325,NaN,NaN,NaN,NaN,NaN,NaN,-0.139047619048,-0.105882352941,-3,-0.0181818181818,-0.0782828282828,-0.0909090909091,0.0909090909091,0,17,2,3,88,0.85,0.977777777778,0.0222222222222,0.15,0.894736842105,0.85,0.871794871795,0.844602804616,0.827777777778,0.772727272727,3,4,0,0,0,0
3280,WLNM_dir_neg,0.65625,0.324621212121,00:00:00,10,80,15,1178364364,threshold_sweep,0.4,0.333333333333,0.25,0.285714285714,1,2,3,6,0.25,0.75,0.25,0.75,0.333333333333,0.25,0.285714285714,0.583333333333,0.583333333333,0,0,0,20,16,4,0,20,0,16,0,4,11,20,0.181818181818,3.04338842975,3.63636363636,2,2.5,1.68954001271,0.464623503495,0.245454545455,1.16774841624,0.642261628933,0.336363636364,1.94000937205,1.06700515463,0.536363636364,1.05689877454,0.347276990411,3.54545454545,3.04338842975,1.05689877454,3.54545454545,0.499047619048,0.4,8,0.0484848484848,0.255555555556,11,11,11,1,0,0.0909090909091,0.636363636364,0.272727272727,11,0.145454545455,3.34090909091,2.90909090909,1.6,2,1.30034960334,0.446995176148,0.215909090909,0.820199532265,0.563887178432,0.284090909091,1.50755672289,1.03644524699,0.511363636364,1.55833535894,0.4664405156,5.5,3.34090909091,1.55833535894,5.5,0.348148148148,0.257142857143,3,0.0181818181818,0.190740740741,11,11,11,1,0,0.0909090909091,0.636363636364,0.272727272727,11,19,0.172727272727,NaN,3.45454545455,1.72727272727,2.375,1.50755672289,0.436397998731,0.234449760766,0.646669790683,0.374387773553,0.181818181818,1.55505042304,0.900292350178,0.468899521531,NaN,NaN,NaN,NaN,NaN,NaN,0.36,0.294117647059,5,0.030303030303,0.177272727273,11,11,0,1,2,0,0.727272727273,0.272727272727,-1,-0.00909090909091,NaN,-0.181818181818,-0.272727272727,-0.125,-0.18198328982,-0.0282255047641,-0.011004784689,-0.521078625559,-0.26787385538,-0.154545454545,-0.384958949013,-0.166712804448,-0.0674641148325,NaN,NaN,NaN,NaN,NaN,NaN,-0.139047619048,-0.105882352941,-3,-0.0181818181818,-0.0782828282828,-0.0909090909091,0.0909090909091,0,17,2,3,88,0.85,0.977777777778,0.0222222222222,0.15,0.894736842105,0.85,0.871794871795,0.844602804616,0.827777777778,0.772727272727,3,4,0,0,0,0
3281,WLNM_dir_neg,0.65625,0.324621212121,00:00:00,10,80,15,1178364364,threshold_sweep,0.5,0.333333333333,0.25,0.285714285714,1,2,3,6,0.25,0.75,0.25,0.75,0.333333333333,0.25,0.285714285714,0.583333333333,0.583333333333,0,0,0,20,16,4,0,20,0,16,0,4,11,20,0.181818181818,3.04338842975,3.63636363636,2,2.5,1.68954001271,0.464623503495,0.245454545455,1.16774841624,0.642261628933,0.336363636364,1.94000937205,1.06700515463,0.536363636364,1.05689877454,0.347276990411,3.54545454545,3.04338842975,1.05689877454,3.54545454545,0.499047619048,0.4,8,0.0484848484848,0.255555555556,11,11,11,1,0,0.0909090909091,0.636363636364,0.272727272727,11,0.145454545455,3.34090909091,2.90909090909,1.6,2,1.30034960334,0.446995176148,0.215909090909,0.820199532265,0.563887178432,0.284090909091,1.50755672289,1.03644524699,0.511363636364,1.55833535894,0.4664405156,5.5,3.34090909091,1.55833535894,5.5,0.348148148148,0.257142857143,3,0.0181818181818,0.190740740741,11,11,11,1,0,0.0909090909091,0.636363636364,0.272727272727,11,19,0.172727272727,NaN,3.45454545455,1.72727272727,2.375,1.50755672289,0.436397998731,0.234449760766,0.646669790683,0.374387773553,0.181818181818,1.55505042304,0.900292350178,0.468899521531,NaN,NaN,NaN,NaN,NaN,NaN,0.36,0.294117647059,5,0.030303030303,0.177272727273,11,11,0,1,2,0,0.727272727273,0.272727272727,-1,-0.00909090909091,NaN,-0.181818181818,-0.272727272727,-0.125,-0.18198328982,-0.0282255047641,-0.011004784689,-0.521078625559,-0.26787385538,-0.154545454545,-0.384958949013,-0.166712804448,-0.0674641148325,NaN,NaN,NaN,NaN,NaN,NaN,-0.139047619048,-0.105882352941,-3,-0.0181818181818,-0.0782828282828,-0.0909090909091,0.0909090909091,0,17,2,3,88,0.85,0.977777777778,0.0222222222222,0.15,0.894736842105,0.85,0.871794871795,0.844602804616,0.827777777778,0.772727272727,3,4,0,0,0,0
3282,WLNM_dir_neg,0.65625,0.324621212121,00:00:00,10,80,15,1178364364,threshold_sweep,0.6,0.333333333333,0.25,0.285714285714,1,2,3,6,0.25,0.75,0.25,0.75,0.333333333333,0.25,0.285714285714,0.583333333333,0.583333333333,0,0,0,20,16,4,0,20,0,16,0,4,11,20,0.181818181818,3.04338842975,3.63636363636,2,2.5,1.68954001271,0.464623503495,0.245454545455,1.16774841624,0.642261628933,0.336363636364,1.94000937205,1.06700515463,0.536363636364,1.05689877454,0.347276990411,3.54545454545,3.04338842975,1.05689877454,3.54545454545,0.499047619048,0.4,8,0.0484848484848,0.255555555556,11,11,11,1,0,0.0909090909091,0.636363636364,0.272727272727,11,0.145454545455,3.34090909091,2.90909090909,1.6,2,1.30034960334,0.446995176148,0.215909090909,0.820199532265,0.563887178432,0.284090909091,1.50755672289,1.03644524699,0.511363636364,1.55833535894,0.4664405156,5.5,3.34090909091,1.55833535894,5.5,0.348148148148,0.257142857143,3,0.0181818181818,0.190740740741,11,11,11,1,0,0.0909090909091,0.636363636364,0.272727272727,11,19,0.172727272727,NaN,3.45454545455,1.72727272727,2.375,1.50755672289,0.436397998731,0.234449760766,0.646669790683,0.374387773553,0.181818181818,1.55505042304,0.900292350178,0.468899521531,NaN,NaN,NaN,NaN,NaN,NaN,0.36,0.294117647059,5,0.030303030303,0.177272727273,11,11,0,1,2,0,0.727272727273,0.272727272727,-1,-0.00909090909091,NaN,-0.181818181818,-0.272727272727,-0.125,-0.18198328982,-0.0282255047641,-0.011004784689,-0.521078625559,-0.26787385538,-0.154545454545,-0.384958949013,-0.166712804448,-0.0674641148325,NaN,NaN,NaN,NaN,NaN,NaN,-0.139047619048,-0.105882352941,-3,-0.0181818181818,-0.0782828282828,-0.0909090909091,0.0909090909091,0,17,2,3,88,0.85,0.977777777778,0.0222222222222,0.15,0.894736842105,0.85,0.871794871795,0.844602804616,0.827777777778,0.772727272727,3,4,0,0,0,0
3283,WLNM_dir_neg,0.65625,0.324621212121,00:00:00,10,80,15,1178364364,threshold_sweep,0.7,0.333333333333,0.25,0.285714285714,1,2,3,6,0.25,0.75,0.25,0.75,0.333333333333,0.25,0.285714285714,0.583333333333,0.583333333333,0,0,0,20,16,4,0,20,0,16,0,4,11,20,0.181818181818,3.04338842975,3.63636363636,2,2.5,1.68954001271,0.464623503495,0.245454545455,1.16774841624,0.642261628933,0.336363636364,1.94000937205,1.06700515463,0.536363636364,1.05689877454,0.347276990411,3.54545454545,3.04338842975,1.05689877454,3.54545454545,0.499047619048,0.4,8,0.0484848484848,0.255555555556,11,11,11,1,0,0.0909090909091,0.636363636364,0.272727272727,11,0.145454545455,3.34090909091,2.90909090909,1.6,2,1.30034960334,0.446995176148,0.215909090909,0.820199532265,0.563887178432,0.284090909091,1.50755672289,1.03644524699,0.511363636364,1.55833535894,0.4664405156,5.5,3.34090909091,1.55833535894,5.5,0.348148148148,0.257142857143,3,0.0181818181818,0.190740740741,11,11,11,1,0,0.0909090909091,0.636363636364,0.272727272727,11,19,0.172727272727,NaN,3.45454545455,1.72727272727,2.375,1.50755672289,0.436397998731,0.234449760766,0.646669790683,0.374387773553,0.181818181818,1.55505042304,0.900292350178,0.468899521531,NaN,NaN,NaN,NaN,NaN,NaN,0.36,0.294117647059,5,0.030303030303,0.177272727273,11,11,0,1,2,0,0.727272727273,0.272727272727,-1,-0.00909090909091,NaN,-0.181818181818,-0.272727272727,-0.125,-0.18198328982,-0.0282255047641,-0.011004784689,-0.521078625559,-0.26787385538,-0.154545454545,-0.384958949013,-0.166712804448,-0.0674641148325,NaN,NaN,NaN,NaN,NaN,NaN,-0.139047619048,-0.105882352941,-3,-0.0181818181818,-0.0782828282828,-0.0909090909091,0.0909090909091,0,17,2,3,88,0.85,0.977777777778,0.0222222222222,0.15,0.894736842105,0.85,0.871794871795,0.844602804616,0.827777777778,0.772727272727,3,4,0,0,0,0
3284,WLNM_dir_neg,0.65625,0.324621212121,00:00:00,10,80,15,1178364364,threshold_sweep,0.8,0.333333333333,0.25,0.285714285714,1,2,3,6,0.25,0.75,0.25,0.75,0.333333333333,0.25,0.285714285714,0.583333333333,0.583333333333,0,0,0,20,16,4,0,20,0,16,0,4,11,20,0.181818181818,3.04338842975,3.63636363636,2,2.5,1.68954001271,0.464623503495,0.245454545455,1.16774841624,0.642261628933,0.336363636364,1.94000937205,1.06700515463,0.536363636364,1.05689877454,0.347276990411,3.54545454545,3.04338842975,1.05689877454,3.54545454545,0.499047619048,0.4,8,0.0484848484848,0.255555555556,11,11,11,1,0,0.0909090909091,0.636363636364,0.272727272727,11,0.145454545455,3.34090909091,2.90909090909,1.6,2,1.30034960334,0.446995176148,0.215909090909,0.820199532265,0.563887178432,0.284090909091,1.50755672289,1.03644524699,0.511363636364,1.55833535894,0.4664405156,5.5,3.34090909091,1.55833535894,5.5,0.348148148148,0.257142857143,3,0.0181818181818,0.190740740741,11,11,11,1,0,0.0909090909091,0.636363636364,0.272727272727,11,19,0.172727272727,NaN,3.45454545455,1.72727272727,2.375,1.50755672289,0.436397998731,0.234449760766,0.646669790683,0.374387773553,0.181818181818,1.55505042304,0.900292350178,0.468899521531,NaN,NaN,NaN,NaN,NaN,NaN,0.36,0.294117647059,5,0.030303030303,0.177272727273,11,11,0,1,2,0,0.727272727273,0.272727272727,-1,-0.00909090909091,NaN,-0.181818181818,-0.272727272727,-0.125,-0.18198328982,-0.0282255047641,-0.011004784689,-0.521078625559,-0.26787385538,-0.154545454545,-0.384958949013,-0.166712804448,-0.0674641148325,NaN,NaN,NaN,NaN,NaN,NaN,-0.139047619048,-0.105882352941,-3,-0.0181818181818,-0.0782828282828,-0.0909090909091,0.0909090909091,0,17,2,3,88,0.85,0.977777777778,0.0222222222222,0.15,0.894736842105,0.85,0.871794871795,0.844602804616,0.827777777778,0.772727272727,3,4,0,0,0,0
3285,WLNM_dir_neg,0.65625,0.324621212121,00:00:00,10,80,15,1178364364,threshold_sweep,0.9,0.5,0.25,0.333333333333,1,1,3,7,0.25,0.875,0.125,0.75,0.5,0.25,0.333333333333,0.666666666667,0.611111111111,0.142857142857,0.158113883008,0.125,20,16,4,0,20,0,16,0,4,11,20,0.181818181818,3.04338842975,3.63636363636,2,2.5,1.68954001271,0.464623503495,0.245454545455,1.16774841624,0.642261628933,0.336363636364,1.94000937205,1.06700515463,0.536363636364,1.05689877454,0.347276990411,3.54545454545,3.04338842975,1.05689877454,3.54545454545,0.499047619048,0.4,8,0.0484848484848,0.255555555556,11,11,11,1,0,0.0909090909091,0.636363636364,0.272727272727,11,0.145454545455,3.34090909091,2.90909090909,1.6,2,1.30034960334,0.446995176148,0.215909090909,0.820199532265,0.563887178432,0.284090909091,1.50755672289,1.03644524699,0.511363636364,1.55833535894,0.4664405156,5.5,3.34090909091,1.55833535894,5.5,0.348148148148,0.257142857143,3,0.0181818181818,0.190740740741,11,11,11,1,0,0.0909090909091,0.636363636364,0.272727272727,11,18,0.163636363636,NaN,3.27272727273,1.63636363636,2.25,1.34839972493,0.412011027061,0.212121212121,0.674199862463,0.412011027061,0.20202020202,1.5666989036,0.957427107756,0.494949494949,NaN,NaN,NaN,NaN,NaN,NaN,0.346666666667,0.272727272727,4,0.0242424242424,0.172727272727,11,11,0,1,2,0,0.727272727273,0.272727272727,-2,-0.0181818181818,NaN,-0.363636363636,-0.363636363636,-0.25,-0.341140287783,-0.0526124764342,-0.0333333333333,-0.493548553779,-0.230250601872,-0.134343434343,-0.373310468447,-0.10957804687,-0.0414141414141,NaN,NaN,NaN,NaN,NaN,NaN,-0.152380952381,-0.127272727273,-4,-0.0242424242424,-0.0828282828283,-0.0909090909091,0.0909090909091,0,17,1,3,89,0.85,0.988888888889,0.0111111111111,0.15,0.944444444444,0.85,0.894736842105,0.874602125628,0.838888888889,0.809523809524,2,4,0,0,0,0
3286,WLNM_dir_neg,0.75,0.454761904762,00:00:00,10,80,16,1178364365,threshold_sweep,0.1,0.5,0.75,0.6,3,3,1,5,0.75,0.625,0.375,0.25,0.5,0.75,0.6,0.666666666667,0.5,0.333333333333,0.353553390593,0.375,20,16,4,0,20,0,16,0,4,11,20,0.181818181818,3.04338842975,3.63636363636,2,2.5,1.68954001271,0.464623503495,0.245454545455,1.16774841624,0.642261628933,0.336363636364,1.94000937205,1.06700515463,0.536363636364,1.05689877454,0.347276990411,3.54545454545,3.04338842975,1.05689877454,3.54545454545,0.499047619048,0.4,8,0.0484848484848,0.255555555556,11,11,11,1,0,0.0909090909091,0.636363636364,0.272727272727,11,0.145454545455,3.52272727273,2.90909090909,1.6,2,1.578261414,0.542527361061,0.25,0.820199532265,0.563887178432,0.284090909091,1.7529196424,1.20513225415,0.545454545455,1.96782836773,0.558609343098,6.66666666667,3.52272727273,1.96782836773,6.66666666667,0.428571428571,0.3,4,0.0242424242424,0.216666666667,11,11,11,1,0,0.0909090909091,0.636363636364,0.272727272727,11,22,0.2,3.08333333333,4,2.2,2.2,1.54919333848,0.387298334621,0.202479338843,1.41421356237,0.707106781187,0.363636363636,1.788854382,0.894427191,0.429752066116,1.03615206949,0.336049319835,3.66666666667,3.08333333333,1.03615206949,3.66666666667,0.354978354978,0.342857142857,8,0.0484848484848,0.22746031746,11,11,11,1,0,0.0909090909091,0.818181818182,0.0909090909091,2,0.0181818181818,0.0399449035813,0.363636363636,0.2,-0.3,-0.140346674226,-0.0773251688743,-0.0429752066116,0.246465146131,0.0648451522533,0.0272727272727,-0.151154990049,-0.172577963627,-0.106611570248,-0.0207467050456,-0.0112276705763,0.121212121212,0.0399449035813,-0.0207467050456,0.121212121212,-0.144069264069,-0.0571428571429,0,0,-0.0280952380952,0,0.181818181818,-0.181818181818,19,3,1,87,0.95,0.966666666667,0.0333333333333,0.05,0.863636363636,0.95,0.904761904762,0.883883476483,0.916666666667,0.826086956522,6,4,0,0,0,0
3287,WLNM_dir_neg,0.75,0.454761904762,00:00:00,10,80,16,1178364365,threshold_sweep,0.2,0.5,0.75,0.6,3,3,1,5,0.75,0.625,0.375,0.25,0.5,0.75,0.6,0.666666666667,0.5,0.333333333333,0.353553390593,0.375,20,16,4,0,20,0,16,0,4,11,20,0.181818181818,3.04338842975,3.63636363636,2,2.5,1.68954001271,0.464623503495,0.245454545455,1.16774841624,0.642261628933,0.336363636364,1.94000937205,1.06700515463,0.536363636364,1.05689877454,0.347276990411,3.54545454545,3.04338842975,1.05689877454,3.54545454545,0.499047619048,0.4,8,0.0484848484848,0.255555555556,11,11,11,1,0,0.0909090909091,0.636363636364,0.272727272727,11,0.145454545455,3.52272727273,2.90909090909,1.6,2,1.578261414,0.542527361061,0.25,0.820199532265,0.563887178432,0.284090909091,1.7529196424,1.20513225415,0.545454545455,1.96782836773,0.558609343098,6.66666666667,3.52272727273,1.96782836773,6.66666666667,0.428571428571,0.3,4,0.0242424242424,0.216666666667,11,11,11,1,0,0.0909090909091,0.636363636364,0.272727272727,11,22,0.2,3.08333333333,4,2.2,2.2,1.54919333848,0.387298334621,0.202479338843,1.41421356237,0.707106781187,0.363636363636,1.788854382,0.894427191,0.429752066116,1.03615206949,0.336049319835,3.66666666667,3.08333333333,1.03615206949,3.66666666667,0.354978354978,0.342857142857,8,0.0484848484848,0.22746031746,11,11,11,1,0,0.0909090909091,0.818181818182,0.0909090909091,2,0.0181818181818,0.0399449035813,0.363636363636,0.2,-0.3,-0.140346674226,-0.0773251688743,-0.0429752066116,0.246465146131,0.0648451522533,0.0272727272727,-0.151154990049,-0.172577963627,-0.106611570248,-0.0207467050456,-0.0112276705763,0.121212121212,0.0399449035813,-0.0207467050456,0.121212121212,-0.144069264069,-0.0571428571429,0,0,-0.0280952380952,0,0.181818181818,-0.181818181818,19,3,1,87,0.95,0.966666666667,0.0333333333333,0.05,0.863636363636,0.95,0.904761904762,0.883883476483,0.916666666667,0.826086956522,6,4,0,0,0,0
3288,WLNM_dir_neg,0.75,0.454761904762,00:00:00,10,80,16,1178364365,threshold_sweep,0.3,0.4,0.5,0.444444444444,2,3,2,5,0.5,0.625,0.375,0.5,0.4,0.5,0.444444444444,0.583333333333,0.527777777778,0.117647058824,0.119522860933,0.125,20,16,4,0,20,0,16,0,4,11,20,0.181818181818,3.04338842975,3.63636363636,2,2.5,1.68954001271,0.464623503495,0.245454545455,1.16774841624,0.642261628933,0.336363636364,1.94000937205,1.06700515463,0.536363636364,1.05689877454,0.347276990411,3.54545454545,3.04338842975,1.05689877454,3.54545454545,0.499047619048,0.4,8,0.0484848484848,0.255555555556,11,11,11,1,0,0.0909090909091,0.636363636364,0.272727272727,11,0.145454545455,3.52272727273,2.90909090909,1.6,2,1.578261414,0.542527361061,0.25,0.820199532265,0.563887178432,0.284090909091,1.7529196424,1.20513225415,0.545454545455,1.96782836773,0.558609343098,6.66666666667,3.52272727273,1.96782836773,6.66666666667,0.428571428571,0.3,4,0.0242424242424,0.216666666667,11,11,11,1,0,0.0909090909091,0.636363636364,0.272727272727,11,21,0.190909090909,3.09435261708,3.81818181818,2.1,2.1,1.40129809949,0.367006645105,0.181818181818,1.22102788294,0.639586033919,0.337662337662,1.70026735866,0.890616235486,0.415584415584,1.05200715302,0.339976493698,3.69696969697,3.09435261708,1.05200715302,3.69696969697,0.324675324675,0.338709677419,7,0.0424242424242,0.217407407407,11,11,11,1,0,0.0909090909091,0.818181818182,0.0909090909091,1,0.00909090909091,0.0509641873278,0.181818181818,0.1,-0.4,-0.288241913218,-0.0976168583903,-0.0636363636364,0.0532794666945,-0.00267559501399,0.0012987012987,-0.239742013393,-0.176388919141,-0.120779220779,-0.00489162151744,-0.0073004967135,0.151515151515,0.0509641873278,-0.00489162151744,0.151515151515,-0.174372294372,-0.0612903225806,-1,-0.00606060606061,-0.0381481481481,0,0.181818181818,-0.181818181818,18,3,2,87,0.9,0.966666666667,0.0333333333333,0.1,0.857142857143,0.9,0.878048780488,0.850518363956,0.866666666667,0.782608695652,5,4,0,0,0,0
3289,WLNM_dir_neg,0.75,0.454761904762,00:00:00,10,80,16,1178364365,threshold_sweep,0.4,0.4,0.5,0.444444444444,2,3,2,5,0.5,0.625,0.375,0.5,0.4,0.5,0.444444444444,0.583333333333,0.527777777778,0.117647058824,0.119522860933,0.125,20,16,4,0,20,0,16,0,4,11,20,0.181818181818,3.04338842975,3.63636363636,2,2.5,1.68954001271,0.464623503495,0.245454545455,1.16774841624,0.642261628933,0.336363636364,1.94000937205,1.06700515463,0.536363636364,1.05689877454,0.347276990411,3.54545454545,3.04338842975,1.05689877454,3.54545454545,0.499047619048,0.4,8,0.0484848484848,0.255555555556,11,11,11,1,0,0.0909090909091,0.636363636364,0.272727272727,11,0.145454545455,3.52272727273,2.90909090909,1.6,2,1.578261414,0.542527361061,0.25,0.820199532265,0.563887178432,0.284090909091,1.7529196424,1.20513225415,0.545454545455,1.96782836773,0.558609343098,6.66666666667,3.52272727273,1.96782836773,6.66666666667,0.428571428571,0.3,4,0.0242424242424,0.216666666667,11,11,11,1,0,0.0909090909091,0.636363636364,0.272727272727,11,21,0.190909090909,3.09435261708,3.81818181818,2.1,2.1,1.40129809949,0.367006645105,0.181818181818,1.22102788294,0.639586033919,0.337662337662,1.70026735866,0.890616235486,0.415584415584,1.05200715302,0.339976493698,3.69696969697,3.09435261708,1.05200715302,3.69696969697,0.324675324675,0.338709677419,7,0.0424242424242,0.217407407407,11,11,11,1,0,0.0909090909091,0.818181818182,0.0909090909091,1,0.00909090909091,0.0509641873278,0.181818181818,0.1,-0.4,-0.288241913218,-0.0976168583903,-0.0636363636364,0.0532794666945,-0.00267559501399,0.0012987012987,-0.239742013393,-0.176388919141,-0.120779220779,-0.00489162151744,-0.0073004967135,0.151515151515,0.0509641873278,-0.00489162151744,0.151515151515,-0.174372294372,-0.0612903225806,-1,-0.00606060606061,-0.0381481481481,0,0.181818181818,-0.181818181818,18,3,2,87,0.9,0.966666666667,0.0333333333333,0.1,0.857142857143,0.9,0.878048780488,0.850518363956,0.866666666667,0.782608695652,5,4,0,0,0,0
3290,WLNM_dir_neg,0.75,0.454761904762,00:00:00,10,80,16,1178364365,threshold_sweep,0.5,0.4,0.5,0.444444444444,2,3,2,5,0.5,0.625,0.375,0.5,0.4,0.5,0.444444444444,0.583333333333,0.527777777778,0.117647058824,0.119522860933,0.125,20,16,4,0,20,0,16,0,4,11,20,0.181818181818,3.04338842975,3.63636363636,2,2.5,1.68954001271,0.464623503495,0.245454545455,1.16774841624,0.642261628933,0.336363636364,1.94000937205,1.06700515463,0.536363636364,1.05689877454,0.347276990411,3.54545454545,3.04338842975,1.05689877454,3.54545454545,0.499047619048,0.4,8,0.0484848484848,0.255555555556,11,11,11,1,0,0.0909090909091,0.636363636364,0.272727272727,11,0.145454545455,3.52272727273,2.90909090909,1.6,2,1.578261414,0.542527361061,0.25,0.820199532265,0.563887178432,0.284090909091,1.7529196424,1.20513225415,0.545454545455,1.96782836773,0.558609343098,6.66666666667,3.52272727273,1.96782836773,6.66666666667,0.428571428571,0.3,4,0.0242424242424,0.216666666667,11,11,11,1,0,0.0909090909091,0.636363636364,0.272727272727,11,21,0.190909090909,3.09435261708,3.81818181818,2.1,2.1,1.40129809949,0.367006645105,0.181818181818,1.22102788294,0.639586033919,0.337662337662,1.70026735866,0.890616235486,0.415584415584,1.05200715302,0.339976493698,3.69696969697,3.09435261708,1.05200715302,3.69696969697,0.324675324675,0.338709677419,7,0.0424242424242,0.217407407407,11,11,11,1,0,0.0909090909091,0.818181818182,0.0909090909091,1,0.00909090909091,0.0509641873278,0.181818181818,0.1,-0.4,-0.288241913218,-0.0976168583903,-0.0636363636364,0.0532794666945,-0.00267559501399,0.0012987012987,-0.239742013393,-0.176388919141,-0.120779220779,-0.00489162151744,-0.0073004967135,0.151515151515,0.0509641873278,-0.00489162151744,0.151515151515,-0.174372294372,-0.0612903225806,-1,-0.00606060606061,-0.0381481481481,0,0.181818181818,-0.181818181818,18,3,2,87,0.9,0.966666666667,0.0333333333333,0.1,0.857142857143,0.9,0.878048780488,0.850518363956,0.866666666667,0.782608695652,5,4,0,0,0,0
3291,WLNM_dir_neg,0.75,0.454761904762,00:00:00,10,80,16,1178364365,threshold_sweep,0.6,0.4,0.5,0.444444444444,2,3,2,5,0.5,0.625,0.375,0.5,0.4,0.5,0.444444444444,0.583333333333,0.527777777778,0.117647058824,0.119522860933,0.125,20,16,4,0,20,0,16,0,4,11,20,0.181818181818,3.04338842975,3.63636363636,2,2.5,1.68954001271,0.464623503495,0.245454545455,1.16774841624,0.642261628933,0.336363636364,1.94000937205,1.06700515463,0.536363636364,1.05689877454,0.347276990411,3.54545454545,3.04338842975,1.05689877454,3.54545454545,0.499047619048,0.4,8,0.0484848484848,0.255555555556,11,11,11,1,0,0.0909090909091,0.636363636364,0.272727272727,11,0.145454545455,3.52272727273,2.90909090909,1.6,2,1.578261414,0.542527361061,0.25,0.820199532265,0.563887178432,0.284090909091,1.7529196424,1.20513225415,0.545454545455,1.96782836773,0.558609343098,6.66666666667,3.52272727273,1.96782836773,6.66666666667,0.428571428571,0.3,4,0.0242424242424,0.216666666667,11,11,11,1,0,0.0909090909091,0.636363636364,0.272727272727,11,21,0.190909090909,3.09435261708,3.81818181818,2.1,2.1,1.40129809949,0.367006645105,0.181818181818,1.22102788294,0.639586033919,0.337662337662,1.70026735866,0.890616235486,0.415584415584,1.05200715302,0.339976493698,3.69696969697,3.09435261708,1.05200715302,3.69696969697,0.324675324675,0.338709677419,7,0.0424242424242,0.217407407407,11,11,11,1,0,0.0909090909091,0.818181818182,0.0909090909091,1,0.00909090909091,0.0509641873278,0.181818181818,0.1,-0.4,-0.288241913218,-0.0976168583903,-0.0636363636364,0.0532794666945,-0.00267559501399,0.0012987012987,-0.239742013393,-0.176388919141,-0.120779220779,-0.00489162151744,-0.0073004967135,0.151515151515,0.0509641873278,-0.00489162151744,0.151515151515,-0.174372294372,-0.0612903225806,-1,-0.00606060606061,-0.0381481481481,0,0.181818181818,-0.181818181818,18,3,2,87,0.9,0.966666666667,0.0333333333333,0.1,0.857142857143,0.9,0.878048780488,0.850518363956,0.866666666667,0.782608695652,5,4,0,0,0,0
3292,WLNM_dir_neg,0.75,0.454761904762,00:00:00,10,80,16,1178364365,threshold_sweep,0.7,0.4,0.5,0.444444444444,2,3,2,5,0.5,0.625,0.375,0.5,0.4,0.5,0.444444444444,0.583333333333,0.527777777778,0.117647058824,0.119522860933,0.125,20,16,4,0,20,0,16,0,4,11,20,0.181818181818,3.04338842975,3.63636363636,2,2.5,1.68954001271,0.464623503495,0.245454545455,1.16774841624,0.642261628933,0.336363636364,1.94000937205,1.06700515463,0.536363636364,1.05689877454,0.347276990411,3.54545454545,3.04338842975,1.05689877454,3.54545454545,0.499047619048,0.4,8,0.0484848484848,0.255555555556,11,11,11,1,0,0.0909090909091,0.636363636364,0.272727272727,11,0.145454545455,3.52272727273,2.90909090909,1.6,2,1.578261414,0.542527361061,0.25,0.820199532265,0.563887178432,0.284090909091,1.7529196424,1.20513225415,0.545454545455,1.96782836773,0.558609343098,6.66666666667,3.52272727273,1.96782836773,6.66666666667,0.428571428571,0.3,4,0.0242424242424,0.216666666667,11,11,11,1,0,0.0909090909091,0.636363636364,0.272727272727,11,21,0.190909090909,3.09435261708,3.81818181818,2.1,2.1,1.40129809949,0.367006645105,0.181818181818,1.22102788294,0.639586033919,0.337662337662,1.70026735866,0.890616235486,0.415584415584,1.05200715302,0.339976493698,3.69696969697,3.09435261708,1.05200715302,3.69696969697,0.324675324675,0.338709677419,7,0.0424242424242,0.217407407407,11,11,11,1,0,0.0909090909091,0.818181818182,0.0909090909091,1,0.00909090909091,0.0509641873278,0.181818181818,0.1,-0.4,-0.288241913218,-0.0976168583903,-0.0636363636364,0.0532794666945,-0.00267559501399,0.0012987012987,-0.239742013393,-0.176388919141,-0.120779220779,-0.00489162151744,-0.0073004967135,0.151515151515,0.0509641873278,-0.00489162151744,0.151515151515,-0.174372294372,-0.0612903225806,-1,-0.00606060606061,-0.0381481481481,0,0.181818181818,-0.181818181818,18,3,2,87,0.9,0.966666666667,0.0333333333333,0.1,0.857142857143,0.9,0.878048780488,0.850518363956,0.866666666667,0.782608695652,5,4,0,0,0,0
3293,WLNM_dir_neg,0.75,0.454761904762,00:00:00,10,80,16,1178364365,threshold_sweep,0.8,0.4,0.5,0.444444444444,2,3,2,5,0.5,0.625,0.375,0.5,0.4,0.5,0.444444444444,0.583333333333,0.527777777778,0.117647058824,0.119522860933,0.125,20,16,4,0,20,0,16,0,4,11,20,0.181818181818,3.04338842975,3.63636363636,2,2.5,1.68954001271,0.464623503495,0.245454545455,1.16774841624,0.642261628933,0.336363636364,1.94000937205,1.06700515463,0.536363636364,1.05689877454,0.347276990411,3.54545454545,3.04338842975,1.05689877454,3.54545454545,0.499047619048,0.4,8,0.0484848484848,0.255555555556,11,11,11,1,0,0.0909090909091,0.636363636364,0.272727272727,11,0.145454545455,3.52272727273,2.90909090909,1.6,2,1.578261414,0.542527361061,0.25,0.820199532265,0.563887178432,0.284090909091,1.7529196424,1.20513225415,0.545454545455,1.96782836773,0.558609343098,6.66666666667,3.52272727273,1.96782836773,6.66666666667,0.428571428571,0.3,4,0.0242424242424,0.216666666667,11,11,11,1,0,0.0909090909091,0.636363636364,0.272727272727,11,21,0.190909090909,3.09435261708,3.81818181818,2.1,2.1,1.40129809949,0.367006645105,0.181818181818,1.22102788294,0.639586033919,0.337662337662,1.70026735866,0.890616235486,0.415584415584,1.05200715302,0.339976493698,3.69696969697,3.09435261708,1.05200715302,3.69696969697,0.324675324675,0.338709677419,7,0.0424242424242,0.217407407407,11,11,11,1,0,0.0909090909091,0.818181818182,0.0909090909091,1,0.00909090909091,0.0509641873278,0.181818181818,0.1,-0.4,-0.288241913218,-0.0976168583903,-0.0636363636364,0.0532794666945,-0.00267559501399,0.0012987012987,-0.239742013393,-0.176388919141,-0.120779220779,-0.00489162151744,-0.0073004967135,0.151515151515,0.0509641873278,-0.00489162151744,0.151515151515,-0.174372294372,-0.0612903225806,-1,-0.00606060606061,-0.0381481481481,0,0.181818181818,-0.181818181818,18,3,2,87,0.9,0.966666666667,0.0333333333333,0.1,0.857142857143,0.9,0.878048780488,0.850518363956,0.866666666667,0.782608695652,5,4,0,0,0,0
3294,WLNM_dir_neg,0.75,0.454761904762,00:00:00,10,80,16,1178364365,threshold_sweep,0.9,0.4,0.5,0.444444444444,2,3,2,5,0.5,0.625,0.375,0.5,0.4,0.5,0.444444444444,0.583333333333,0.527777777778,0.117647058824,0.119522860933,0.125,20,16,4,0,20,0,16,0,4,11,20,0.181818181818,3.04338842975,3.63636363636,2,2.5,1.68954001271,0.464623503495,0.245454545455,1.16774841624,0.642261628933,0.336363636364,1.94000937205,1.06700515463,0.536363636364,1.05689877454,0.347276990411,3.54545454545,3.04338842975,1.05689877454,3.54545454545,0.499047619048,0.4,8,0.0484848484848,0.255555555556,11,11,11,1,0,0.0909090909091,0.636363636364,0.272727272727,11,0.145454545455,3.52272727273,2.90909090909,1.6,2,1.578261414,0.542527361061,0.25,0.820199532265,0.563887178432,0.284090909091,1.7529196424,1.20513225415,0.545454545455,1.96782836773,0.558609343098,6.66666666667,3.52272727273,1.96782836773,6.66666666667,0.428571428571,0.3,4,0.0242424242424,0.216666666667,11,11,11,1,0,0.0909090909091,0.636363636364,0.272727272727,11,21,0.190909090909,3.09435261708,3.81818181818,2.1,2.1,1.40129809949,0.367006645105,0.181818181818,1.22102788294,0.639586033919,0.337662337662,1.70026735866,0.890616235486,0.415584415584,1.05200715302,0.339976493698,3.69696969697,3.09435261708,1.05200715302,3.69696969697,0.324675324675,0.338709677419,7,0.0424242424242,0.217407407407,11,11,11,1,0,0.0909090909091,0.818181818182,0.0909090909091,1,0.00909090909091,0.0509641873278,0.181818181818,0.1,-0.4,-0.288241913218,-0.0976168583903,-0.0636363636364,0.0532794666945,-0.00267559501399,0.0012987012987,-0.239742013393,-0.176388919141,-0.120779220779,-0.00489162151744,-0.0073004967135,0.151515151515,0.0509641873278,-0.00489162151744,0.151515151515,-0.174372294372,-0.0612903225806,-1,-0.00606060606061,-0.0381481481481,0,0.181818181818,-0.181818181818,18,3,2,87,0.9,0.966666666667,0.0333333333333,0.1,0.857142857143,0.9,0.878048780488,0.850518363956,0.866666666667,0.782608695652,5,4,0,0,0,0
3295,WLNM_dir_neg,1,0.75,00:00:00,10,80,17,1178364366,threshold_sweep,0.1,0.8,1,0.888888888889,4,1,0,7,1,0.875,0.125,0,0.8,1,0.888888888889,0.916666666667,0.527777777778,0.823529411765,0.836660026534,0.875,20,16,4,0,20,0,16,0,4,11,20,0.181818181818,3.04338842975,3.63636363636,2,2.5,1.68954001271,0.464623503495,0.245454545455,1.16774841624,0.642261628933,0.336363636364,1.94000937205,1.06700515463,0.536363636364,1.05689877454,0.347276990411,3.54545454545,3.04338842975,1.05689877454,3.54545454545,0.499047619048,0.4,8,0.0484848484848,0.255555555556,11,11,11,1,0,0.0909090909091,0.636363636364,0.272727272727,11,0.145454545455,3.32575757576,2.90909090909,1.6,2,1.75809814598,0.604346237682,0.301136363636,0.934198732994,0.642261628933,0.318181818182,1.7529196424,1.20513225415,0.545454545455,1.47123084593,0.442374650713,5.33333333333,3.32575757576,1.47123084593,5.33333333333,0.455357142857,0.285714285714,4,0.0242424242424,0.23962962963,11,11,11,1,0,0.0909090909091,0.636363636364,0.272727272727,11,21,0.190909090909,3.22417355372,3.81818181818,2.1,2.33333333333,1.66241882919,0.435395407644,0.229437229437,1.13618180363,0.595142849523,0.311688311688,1.86839746599,0.978684386946,0.484848484848,1.21371086361,0.376440921491,3.94318181818,3.22417355372,1.21371086361,3.94318181818,0.479047619048,0.363636363636,8,0.0484848484848,0.224074074074,11,11,11,1,0,0.0909090909091,0.727272727273,0.181818181818,1,0.00909090909091,0.180785123967,0.181818181818,0.1,-0.166666666667,-0.0271211835219,-0.0292280958508,-0.0160173160173,-0.0315666126082,-0.0471187794107,-0.0246753246753,-0.0716119060609,-0.0883207676808,-0.0515151515152,0.156812089071,0.0291639310793,0.397727272727,0.180785123967,0.156812089071,0.397727272727,-0.02,-0.0363636363636,0,0,-0.0314814814815,0,0.0909090909091,-0.0909090909091,20,1,0,89,1,0.988888888889,0.0111111111111,0,0.952380952381,1,0.975609756098,0.970463261437,0.988888888889,0.952380952381,5,4,0,0,0,0
3296,WLNM_dir_neg,1,0.75,00:00:00,10,80,17,1178364366,threshold_sweep,0.2,0.8,1,0.888888888889,4,1,0,7,1,0.875,0.125,0,0.8,1,0.888888888889,0.916666666667,0.527777777778,0.823529411765,0.836660026534,0.875,20,16,4,0,20,0,16,0,4,11,20,0.181818181818,3.04338842975,3.63636363636,2,2.5,1.68954001271,0.464623503495,0.245454545455,1.16774841624,0.642261628933,0.336363636364,1.94000937205,1.06700515463,0.536363636364,1.05689877454,0.347276990411,3.54545454545,3.04338842975,1.05689877454,3.54545454545,0.499047619048,0.4,8,0.0484848484848,0.255555555556,11,11,11,1,0,0.0909090909091,0.636363636364,0.272727272727,11,0.145454545455,3.32575757576,2.90909090909,1.6,2,1.75809814598,0.604346237682,0.301136363636,0.934198732994,0.642261628933,0.318181818182,1.7529196424,1.20513225415,0.545454545455,1.47123084593,0.442374650713,5.33333333333,3.32575757576,1.47123084593,5.33333333333,0.455357142857,0.285714285714,4,0.0242424242424,0.23962962963,11,11,11,1,0,0.0909090909091,0.636363636364,0.272727272727,11,21,0.190909090909,3.22417355372,3.81818181818,2.1,2.33333333333,1.66241882919,0.435395407644,0.229437229437,1.13618180363,0.595142849523,0.311688311688,1.86839746599,0.978684386946,0.484848484848,1.21371086361,0.376440921491,3.94318181818,3.22417355372,1.21371086361,3.94318181818,0.479047619048,0.363636363636,8,0.0484848484848,0.224074074074,11,11,11,1,0,0.0909090909091,0.727272727273,0.181818181818,1,0.00909090909091,0.180785123967,0.181818181818,0.1,-0.166666666667,-0.0271211835219,-0.0292280958508,-0.0160173160173,-0.0315666126082,-0.0471187794107,-0.0246753246753,-0.0716119060609,-0.0883207676808,-0.0515151515152,0.156812089071,0.0291639310793,0.397727272727,0.180785123967,0.156812089071,0.397727272727,-0.02,-0.0363636363636,0,0,-0.0314814814815,0,0.0909090909091,-0.0909090909091,20,1,0,89,1,0.988888888889,0.0111111111111,0,0.952380952381,1,0.975609756098,0.970463261437,0.988888888889,0.952380952381,5,4,0,0,0,0
3297,WLNM_dir_neg,1,0.75,00:00:00,10,80,17,1178364366,threshold_sweep,0.3,1,1,1,4,0,0,8,1,1,0,0,1,1,1,1,0.555555555556,1,1,1,20,16,4,0,20,0,16,0,4,11,20,0.181818181818,3.04338842975,3.63636363636,2,2.5,1.68954001271,0.464623503495,0.245454545455,1.16774841624,0.642261628933,0.336363636364,1.94000937205,1.06700515463,0.536363636364,1.05689877454,0.347276990411,3.54545454545,3.04338842975,1.05689877454,3.54545454545,0.499047619048,0.4,8,0.0484848484848,0.255555555556,11,11,11,1,0,0.0909090909091,0.636363636364,0.272727272727,11,0.145454545455,3.32575757576,2.90909090909,1.6,2,1.75809814598,0.604346237682,0.301136363636,0.934198732994,0.642261628933,0.318181818182,1.7529196424,1.20513225415,0.545454545455,1.47123084593,0.442374650713,5.33333333333,3.32575757576,1.47123084593,5.33333333333,0.455357142857,0.285714285714,4,0.0242424242424,0.23962962963,11,11,11,1,0,0.0909090909091,0.636363636364,0.272727272727,11,20,0.181818181818,3.04338842975,3.63636363636,2,2.5,1.68954001271,0.464623503495,0.245454545455,1.16774841624,0.642261628933,0.336363636364,1.94000937205,1.06700515463,0.536363636364,1.05689877454,0.347276990411,3.54545454545,3.04338842975,1.05689877454,3.54545454545,0.499047619048,0.4,8,0.0484848484848,0.255555555556,11,11,11,1,0,0.0909090909091,0.636363636364,0.272727272727,0,0,0,0,0,0,0,0,0,0,0,0,0,0,0,0,0,0,0,0,0,0,0,0,0,0,0,0,0,20,0,0,90,1,1,0,0,1,1,1,1,1,1,4,4,0,0,0,0
3298,WLNM_dir_neg,1,0.75,00:00:00,10,80,17,1178364366,threshold_sweep,0.4,1,1,1,4,0,0,8,1,1,0,0,1,1,1,1,0.555555555556,1,1,1,20,16,4,0,20,0,16,0,4,11,20,0.181818181818,3.04338842975,3.63636363636,2,2.5,1.68954001271,0.464623503495,0.245454545455,1.16774841624,0.642261628933,0.336363636364,1.94000937205,1.06700515463,0.536363636364,1.05689877454,0.347276990411,3.54545454545,3.04338842975,1.05689877454,3.54545454545,0.499047619048,0.4,8,0.0484848484848,0.255555555556,11,11,11,1,0,0.0909090909091,0.636363636364,0.272727272727,11,0.145454545455,3.32575757576,2.90909090909,1.6,2,1.75809814598,0.604346237682,0.301136363636,0.934198732994,0.642261628933,0.318181818182,1.7529196424,1.20513225415,0.545454545455,1.47123084593,0.442374650713,5.33333333333,3.32575757576,1.47123084593,5.33333333333,0.455357142857,0.285714285714,4,0.0242424242424,0.23962962963,11,11,11,1,0,0.0909090909091,0.636363636364,0.272727272727,11,20,0.181818181818,3.04338842975,3.63636363636,2,2.5,1.68954001271,0.464623503495,0.245454545455,1.16774841624,0.642261628933,0.336363636364,1.94000937205,1.06700515463,0.536363636364,1.05689877454,0.347276990411,3.54545454545,3.04338842975,1.05689877454,3.54545454545,0.499047619048,0.4,8,0.0484848484848,0.255555555556,11,11,11,1,0,0.0909090909091,0.636363636364,0.272727272727,0,0,0,0,0,0,0,0,0,0,0,0,0,0,0,0,0,0,0,0,0,0,0,0,0,0,0,0,0,20,0,0,90,1,1,0,0,1,1,1,1,1,1,4,4,0,0,0,0
3299,WLNM_dir_neg,1,0.75,00:00:00,10,80,17,1178364366,threshold_sweep,0.5,1,1,1,4,0,0,8,1,1,0,0,1,1,1,1,0.555555555556,1,1,1,20,16,4,0,20,0,16,0,4,11,20,0.181818181818,3.04338842975,3.63636363636,2,2.5,1.68954001271,0.464623503495,0.245454545455,1.16774841624,0.642261628933,0.336363636364,1.94000937205,1.06700515463,0.536363636364,1.05689877454,0.347276990411,3.54545454545,3.04338842975,1.05689877454,3.54545454545,0.499047619048,0.4,8,0.0484848484848,0.255555555556,11,11,11,1,0,0.0909090909091,0.636363636364,0.272727272727,11,0.145454545455,3.32575757576,2.90909090909,1.6,2,1.75809814598,0.604346237682,0.301136363636,0.934198732994,0.642261628933,0.318181818182,1.7529196424,1.20513225415,0.545454545455,1.47123084593,0.442374650713,5.33333333333,3.32575757576,1.47123084593,5.33333333333,0.455357142857,0.285714285714,4,0.0242424242424,0.23962962963,11,11,11,1,0,0.0909090909091,0.636363636364,0.272727272727,11,20,0.181818181818,3.04338842975,3.63636363636,2,2.5,1.68954001271,0.464623503495,0.245454545455,1.16774841624,0.642261628933,0.336363636364,1.94000937205,1.06700515463,0.536363636364,1.05689877454,0.347276990411,3.54545454545,3.04338842975,1.05689877454,3.54545454545,0.499047619048,0.4,8,0.0484848484848,0.255555555556,11,11,11,1,0,0.0909090909091,0.636363636364,0.272727272727,0,0,0,0,0,0,0,0,0,0,0,0,0,0,0,0,0,0,0,0,0,0,0,0,0,0,0,0,0,20,0,0,90,1,1,0,0,1,1,1,1,1,1,4,4,0,0,0,0
3300,WLNM_dir_neg,1,0.75,00:00:00,10,80,17,1178364366,threshold_sweep,0.6,1,1,1,4,0,0,8,1,1,0,0,1,1,1,1,0.555555555556,1,1,1,20,16,4,0,20,0,16,0,4,11,20,0.181818181818,3.04338842975,3.63636363636,2,2.5,1.68954001271,0.464623503495,0.245454545455,1.16774841624,0.642261628933,0.336363636364,1.94000937205,1.06700515463,0.536363636364,1.05689877454,0.347276990411,3.54545454545,3.04338842975,1.05689877454,3.54545454545,0.499047619048,0.4,8,0.0484848484848,0.255555555556,11,11,11,1,0,0.0909090909091,0.636363636364,0.272727272727,11,0.145454545455,3.32575757576,2.90909090909,1.6,2,1.75809814598,0.604346237682,0.301136363636,0.934198732994,0.642261628933,0.318181818182,1.7529196424,1.20513225415,0.545454545455,1.47123084593,0.442374650713,5.33333333333,3.32575757576,1.47123084593,5.33333333333,0.455357142857,0.285714285714,4,0.0242424242424,0.23962962963,11,11,11,1,0,0.0909090909091,0.636363636364,0.272727272727,11,20,0.181818181818,3.04338842975,3.63636363636,2,2.5,1.68954001271,0.464623503495,0.245454545455,1.16774841624,0.642261628933,0.336363636364,1.94000937205,1.06700515463,0.536363636364,1.05689877454,0.347276990411,3.54545454545,3.04338842975,1.05689877454,3.54545454545,0.499047619048,0.4,8,0.0484848484848,0.255555555556,11,11,11,1,0,0.0909090909091,0.636363636364,0.272727272727,0,0,0,0,0,0,0,0,0,0,0,0,0,0,0,0,0,0,0,0,0,0,0,0,0,0,0,0,0,20,0,0,90,1,1,0,0,1,1,1,1,1,1,4,4,0,0,0,0
3301,WLNM_dir_neg,1,0.75,00:00:00,10,80,17,1178364366,threshold_sweep,0.7,1,1,1,4,0,0,8,1,1,0,0,1,1,1,1,0.555555555556,1,1,1,20,16,4,0,20,0,16,0,4,11,20,0.181818181818,3.04338842975,3.63636363636,2,2.5,1.68954001271,0.464623503495,0.245454545455,1.16774841624,0.642261628933,0.336363636364,1.94000937205,1.06700515463,0.536363636364,1.05689877454,0.347276990411,3.54545454545,3.04338842975,1.05689877454,3.54545454545,0.499047619048,0.4,8,0.0484848484848,0.255555555556,11,11,11,1,0,0.0909090909091,0.636363636364,0.272727272727,11,0.145454545455,3.32575757576,2.90909090909,1.6,2,1.75809814598,0.604346237682,0.301136363636,0.934198732994,0.642261628933,0.318181818182,1.7529196424,1.20513225415,0.545454545455,1.47123084593,0.442374650713,5.33333333333,3.32575757576,1.47123084593,5.33333333333,0.455357142857,0.285714285714,4,0.0242424242424,0.23962962963,11,11,11,1,0,0.0909090909091,0.636363636364,0.272727272727,11,20,0.181818181818,3.04338842975,3.63636363636,2,2.5,1.68954001271,0.464623503495,0.245454545455,1.16774841624,0.642261628933,0.336363636364,1.94000937205,1.06700515463,0.536363636364,1.05689877454,0.347276990411,3.54545454545,3.04338842975,1.05689877454,3.54545454545,0.499047619048,0.4,8,0.0484848484848,0.255555555556,11,11,11,1,0,0.0909090909091,0.636363636364,0.272727272727,0,0,0,0,0,0,0,0,0,0,0,0,0,0,0,0,0,0,0,0,0,0,0,0,0,0,0,0,0,20,0,0,90,1,1,0,0,1,1,1,1,1,1,4,4,0,0,0,0
3302,WLNM_dir_neg,1,0.75,00:00:00,10,80,17,1178364366,threshold_sweep,0.8,1,1,1,4,0,0,8,1,1,0,0,1,1,1,1,0.555555555556,1,1,1,20,16,4,0,20,0,16,0,4,11,20,0.181818181818,3.04338842975,3.63636363636,2,2.5,1.68954001271,0.464623503495,0.245454545455,1.16774841624,0.642261628933,0.336363636364,1.94000937205,1.06700515463,0.536363636364,1.05689877454,0.347276990411,3.54545454545,3.04338842975,1.05689877454,3.54545454545,0.499047619048,0.4,8,0.0484848484848,0.255555555556,11,11,11,1,0,0.0909090909091,0.636363636364,0.272727272727,11,0.145454545455,3.32575757576,2.90909090909,1.6,2,1.75809814598,0.604346237682,0.301136363636,0.934198732994,0.642261628933,0.318181818182,1.7529196424,1.20513225415,0.545454545455,1.47123084593,0.442374650713,5.33333333333,3.32575757576,1.47123084593,5.33333333333,0.455357142857,0.285714285714,4,0.0242424242424,0.23962962963,11,11,11,1,0,0.0909090909091,0.636363636364,0.272727272727,11,20,0.181818181818,3.04338842975,3.63636363636,2,2.5,1.68954001271,0.464623503495,0.245454545455,1.16774841624,0.642261628933,0.336363636364,1.94000937205,1.06700515463,0.536363636364,1.05689877454,0.347276990411,3.54545454545,3.04338842975,1.05689877454,3.54545454545,0.499047619048,0.4,8,0.0484848484848,0.255555555556,11,11,11,1,0,0.0909090909091,0.636363636364,0.272727272727,0,0,0,0,0,0,0,0,0,0,0,0,0,0,0,0,0,0,0,0,0,0,0,0,0,0,0,0,0,20,0,0,90,1,1,0,0,1,1,1,1,1,1,4,4,0,0,0,0
3303,WLNM_dir_neg,1,0.75,00:00:00,10,80,17,1178364366,threshold_sweep,0.9,1,0.75,0.857142857143,3,0,1,8,0.75,1,0,0.25,1,0.75,0.857142857143,0.916666666667,0.583333333333,0.8,0.816496580928,0.75,20,16,4,0,20,0,16,0,4,11,20,0.181818181818,3.04338842975,3.63636363636,2,2.5,1.68954001271,0.464623503495,0.245454545455,1.16774841624,0.642261628933,0.336363636364,1.94000937205,1.06700515463,0.536363636364,1.05689877454,0.347276990411,3.54545454545,3.04338842975,1.05689877454,3.54545454545,0.499047619048,0.4,8,0.0484848484848,0.255555555556,11,11,11,1,0,0.0909090909091,0.636363636364,0.272727272727,11,0.145454545455,3.32575757576,2.90909090909,1.6,2,1.75809814598,0.604346237682,0.301136363636,0.934198732994,0.642261628933,0.318181818182,1.7529196424,1.20513225415,0.545454545455,1.47123084593,0.442374650713,5.33333333333,3.32575757576,1.47123084593,5.33333333333,0.455357142857,0.285714285714,4,0.0242424242424,0.23962962963,11,11,11,1,0,0.0909090909091,0.636363636364,0.272727272727,11,19,0.172727272727,3.07683982684,3.45454545455,1.9,2.375,1.69491217257,0.490632471007,0.253588516746,1.1037127426,0.638991587822,0.325358851675,1.90215189146,1.1012458319,0.545454545455,1.1107514621,0.361003992606,3.80952380952,3.07683982684,1.1107514621,3.80952380952,0.532380952381,0.381818181818,7,0.0424242424242,0.247407407407,11,11,11,1,0,0.0909090909091,0.636363636364,0.272727272727,-1,-0.00909090909091,0.0334513970878,-0.181818181818,-0.1,-0.125,0.00537215986117,0.0260089675122,0.00813397129187,-0.0640356736404,-0.0032700411111,-0.011004784689,-0.0378574805894,0.0342406772707,0.00909090909091,0.0538526875618,0.0137270021948,0.264069264069,0.0334513970878,0.0538526875618,0.264069264069,0.0333333333333,-0.0181818181818,-1,-0.00606060606061,-0.00814814814815,0,0,0,19,0,1,90,0.95,1,0,0.05,1,0.95,0.974358974359,0.969309258988,0.95,0.95,3,4,0,0,0,0
3304,WLNM_dir_neg,0.875,0.616071428571,00:00:00,10,80,18,1178364367,threshold_sweep,0.1,0.75,0.75,0.75,3,1,1,7,0.75,0.875,0.125,0.25,0.75,0.75,0.75,0.833333333333,0.555555555556,0.625,0.625,0.625,20,16,4,0,20,0,16,0,4,11,20,0.181818181818,3.04338842975,3.63636363636,2,2.5,1.68954001271,0.464623503495,0.245454545455,1.16774841624,0.642261628933,0.336363636364,1.94000937205,1.06700515463,0.536363636364,1.05689877454,0.347276990411,3.54545454545,3.04338842975,1.05689877454,3.54545454545,0.499047619048,0.4,8,0.0484848484848,0.255555555556,11,11,11,1,0,0.0909090909091,0.636363636364,0.272727272727,11,0.145454545455,3.23376623377,2.90909090909,1.6,2,1.70026735866,0.584466904538,0.3125,1.03572548135,0.712061268431,0.329545454545,1.57249078621,1.08108741552,0.522727272727,1.13078034691,0.3496790631,3.85714285714,3.23376623377,1.13078034691,3.85714285714,0.333333333333,0.230769230769,3,0.0181818181818,0.257037037037,11,11,11,1,0,0.0909090909091,0.636363636364,0.272727272727,11,20,0.181818181818,3.15056818182,3.63636363636,2,2.5,1.5666989036,0.43084219849,0.231818181818,1.16774841624,0.642261628933,0.336363636364,1.72152152575,0.946836839165,0.5,1.17774100024,0.373818604223,3.78125,3.15056818182,1.17774100024,3.78125,0.543333333333,0.473684210526,9,0.0545454545455,0.23,11,11,11,1,0,0.0909090909091,0.636363636364,0.272727272727,0,0,0.107179752066,0,0,0,-0.122841109108,-0.0337813050047,-0.0136363636364,0,0,0,-0.218487846294,-0.120168315462,-0.0363636363636,0.120842225699,0.0265416138114,0.235795454545,0.107179752066,0.120842225699,0.235795454545,0.0442857142857,0.0736842105263,1,0.00606060606061,-0.0255555555556,0,0,0,19,1,1,89,0.95,0.988888888889,0.0111111111111,0.05,0.95,0.95,0.95,0.938888888889,0.938888888889,0.904761904762,4,4,0,0,0,0
3305,WLNM_dir_neg,0.875,0.616071428571,00:00:00,10,80,18,1178364367,threshold_sweep,0.2,0.75,0.75,0.75,3,1,1,7,0.75,0.875,0.125,0.25,0.75,0.75,0.75,0.833333333333,0.555555555556,0.625,0.625,0.625,20,16,4,0,20,0,16,0,4,11,20,0.181818181818,3.04338842975,3.63636363636,2,2.5,1.68954001271,0.464623503495,0.245454545455,1.16774841624,0.642261628933,0.336363636364,1.94000937205,1.06700515463,0.536363636364,1.05689877454,0.347276990411,3.54545454545,3.04338842975,1.05689877454,3.54545454545,0.499047619048,0.4,8,0.0484848484848,0.255555555556,11,11,11,1,0,0.0909090909091,0.636363636364,0.272727272727,11,0.145454545455,3.23376623377,2.90909090909,1.6,2,1.70026735866,0.584466904538,0.3125,1.03572548135,0.712061268431,0.329545454545,1.57249078621,1.08108741552,0.522727272727,1.13078034691,0.3496790631,3.85714285714,3.23376623377,1.13078034691,3.85714285714,0.333333333333,0.230769230769,3,0.0181818181818,0.257037037037,11,11,11,1,0,0.0909090909091,0.636363636364,0.272727272727,11,20,0.181818181818,3.15056818182,3.63636363636,2,2.5,1.5666989036,0.43084219849,0.231818181818,1.16774841624,0.642261628933,0.336363636364,1.72152152575,0.946836839165,0.5,1.17774100024,0.373818604223,3.78125,3.15056818182,1.17774100024,3.78125,0.543333333333,0.473684210526,9,0.0545454545455,0.23,11,11,11,1,0,0.0909090909091,0.636363636364,0.272727272727,0,0,0.107179752066,0,0,0,-0.122841109108,-0.0337813050047,-0.0136363636364,0,0,0,-0.218487846294,-0.120168315462,-0.0363636363636,0.120842225699,0.0265416138114,0.235795454545,0.107179752066,0.120842225699,0.235795454545,0.0442857142857,0.0736842105263,1,0.00606060606061,-0.0255555555556,0,0,0,19,1,1,89,0.95,0.988888888889,0.0111111111111,0.05,0.95,0.95,0.95,0.938888888889,0.938888888889,0.904761904762,4,4,0,0,0,0
3306,WLNM_dir_neg,0.875,0.616071428571,00:00:00,10,80,18,1178364367,threshold_sweep,0.3,0.75,0.75,0.75,3,1,1,7,0.75,0.875,0.125,0.25,0.75,0.75,0.75,0.833333333333,0.555555555556,0.625,0.625,0.625,20,16,4,0,20,0,16,0,4,11,20,0.181818181818,3.04338842975,3.63636363636,2,2.5,1.68954001271,0.464623503495,0.245454545455,1.16774841624,0.642261628933,0.336363636364,1.94000937205,1.06700515463,0.536363636364,1.05689877454,0.347276990411,3.54545454545,3.04338842975,1.05689877454,3.54545454545,0.499047619048,0.4,8,0.0484848484848,0.255555555556,11,11,11,1,0,0.0909090909091,0.636363636364,0.272727272727,11,0.145454545455,3.23376623377,2.90909090909,1.6,2,1.70026735866,0.584466904538,0.3125,1.03572548135,0.712061268431,0.329545454545,1.57249078621,1.08108741552,0.522727272727,1.13078034691,0.3496790631,3.85714285714,3.23376623377,1.13078034691,3.85714285714,0.333333333333,0.230769230769,3,0.0181818181818,0.257037037037,11,11,11,1,0,0.0909090909091,0.636363636364,0.272727272727,11,20,0.181818181818,3.15056818182,3.63636363636,2,2.5,1.5666989036,0.43084219849,0.231818181818,1.16774841624,0.642261628933,0.336363636364,1.72152152575,0.946836839165,0.5,1.17774100024,0.373818604223,3.78125,3.15056818182,1.17774100024,3.78125,0.543333333333,0.473684210526,9,0.0545454545455,0.23,11,11,11,1,0,0.0909090909091,0.636363636364,0.272727272727,0,0,0.107179752066,0,0,0,-0.122841109108,-0.0337813050047,-0.0136363636364,0,0,0,-0.218487846294,-0.120168315462,-0.0363636363636,0.120842225699,0.0265416138114,0.235795454545,0.107179752066,0.120842225699,0.235795454545,0.0442857142857,0.0736842105263,1,0.00606060606061,-0.0255555555556,0,0,0,19,1,1,89,0.95,0.988888888889,0.0111111111111,0.05,0.95,0.95,0.95,0.938888888889,0.938888888889,0.904761904762,4,4,0,0,0,0
3307,WLNM_dir_neg,0.875,0.616071428571,00:00:00,10,80,18,1178364367,threshold_sweep,0.4,0.75,0.75,0.75,3,1,1,7,0.75,0.875,0.125,0.25,0.75,0.75,0.75,0.833333333333,0.555555555556,0.625,0.625,0.625,20,16,4,0,20,0,16,0,4,11,20,0.181818181818,3.04338842975,3.63636363636,2,2.5,1.68954001271,0.464623503495,0.245454545455,1.16774841624,0.642261628933,0.336363636364,1.94000937205,1.06700515463,0.536363636364,1.05689877454,0.347276990411,3.54545454545,3.04338842975,1.05689877454,3.54545454545,0.499047619048,0.4,8,0.0484848484848,0.255555555556,11,11,11,1,0,0.0909090909091,0.636363636364,0.272727272727,11,0.145454545455,3.23376623377,2.90909090909,1.6,2,1.70026735866,0.584466904538,0.3125,1.03572548135,0.712061268431,0.329545454545,1.57249078621,1.08108741552,0.522727272727,1.13078034691,0.3496790631,3.85714285714,3.23376623377,1.13078034691,3.85714285714,0.333333333333,0.230769230769,3,0.0181818181818,0.257037037037,11,11,11,1,0,0.0909090909091,0.636363636364,0.272727272727,11,20,0.181818181818,3.15056818182,3.63636363636,2,2.5,1.5666989036,0.43084219849,0.231818181818,1.16774841624,0.642261628933,0.336363636364,1.72152152575,0.946836839165,0.5,1.17774100024,0.373818604223,3.78125,3.15056818182,1.17774100024,3.78125,0.543333333333,0.473684210526,9,0.0545454545455,0.23,11,11,11,1,0,0.0909090909091,0.636363636364,0.272727272727,0,0,0.107179752066,0,0,0,-0.122841109108,-0.0337813050047,-0.0136363636364,0,0,0,-0.218487846294,-0.120168315462,-0.0363636363636,0.120842225699,0.0265416138114,0.235795454545,0.107179752066,0.120842225699,0.235795454545,0.0442857142857,0.0736842105263,1,0.00606060606061,-0.0255555555556,0,0,0,19,1,1,89,0.95,0.988888888889,0.0111111111111,0.05,0.95,0.95,0.95,0.938888888889,0.938888888889,0.904761904762,4,4,0,0,0,0
3308,WLNM_dir_neg,0.875,0.616071428571,00:00:00,10,80,18,1178364367,threshold_sweep,0.5,0.75,0.75,0.75,3,1,1,7,0.75,0.875,0.125,0.25,0.75,0.75,0.75,0.833333333333,0.555555555556,0.625,0.625,0.625,20,16,4,0,20,0,16,0,4,11,20,0.181818181818,3.04338842975,3.63636363636,2,2.5,1.68954001271,0.464623503495,0.245454545455,1.16774841624,0.642261628933,0.336363636364,1.94000937205,1.06700515463,0.536363636364,1.05689877454,0.347276990411,3.54545454545,3.04338842975,1.05689877454,3.54545454545,0.499047619048,0.4,8,0.0484848484848,0.255555555556,11,11,11,1,0,0.0909090909091,0.636363636364,0.272727272727,11,0.145454545455,3.23376623377,2.90909090909,1.6,2,1.70026735866,0.584466904538,0.3125,1.03572548135,0.712061268431,0.329545454545,1.57249078621,1.08108741552,0.522727272727,1.13078034691,0.3496790631,3.85714285714,3.23376623377,1.13078034691,3.85714285714,0.333333333333,0.230769230769,3,0.0181818181818,0.257037037037,11,11,11,1,0,0.0909090909091,0.636363636364,0.272727272727,11,20,0.181818181818,3.15056818182,3.63636363636,2,2.5,1.5666989036,0.43084219849,0.231818181818,1.16774841624,0.642261628933,0.336363636364,1.72152152575,0.946836839165,0.5,1.17774100024,0.373818604223,3.78125,3.15056818182,1.17774100024,3.78125,0.543333333333,0.473684210526,9,0.0545454545455,0.23,11,11,11,1,0,0.0909090909091,0.636363636364,0.272727272727,0,0,0.107179752066,0,0,0,-0.122841109108,-0.0337813050047,-0.0136363636364,0,0,0,-0.218487846294,-0.120168315462,-0.0363636363636,0.120842225699,0.0265416138114,0.235795454545,0.107179752066,0.120842225699,0.235795454545,0.0442857142857,0.0736842105263,1,0.00606060606061,-0.0255555555556,0,0,0,19,1,1,89,0.95,0.988888888889,0.0111111111111,0.05,0.95,0.95,0.95,0.938888888889,0.938888888889,0.904761904762,4,4,0,0,0,0
3309,WLNM_dir_neg,0.875,0.616071428571,00:00:00,10,80,18,1178364367,threshold_sweep,0.6,0.75,0.75,0.75,3,1,1,7,0.75,0.875,0.125,0.25,0.75,0.75,0.75,0.833333333333,0.555555555556,0.625,0.625,0.625,20,16,4,0,20,0,16,0,4,11,20,0.181818181818,3.04338842975,3.63636363636,2,2.5,1.68954001271,0.464623503495,0.245454545455,1.16774841624,0.642261628933,0.336363636364,1.94000937205,1.06700515463,0.536363636364,1.05689877454,0.347276990411,3.54545454545,3.04338842975,1.05689877454,3.54545454545,0.499047619048,0.4,8,0.0484848484848,0.255555555556,11,11,11,1,0,0.0909090909091,0.636363636364,0.272727272727,11,0.145454545455,3.23376623377,2.90909090909,1.6,2,1.70026735866,0.584466904538,0.3125,1.03572548135,0.712061268431,0.329545454545,1.57249078621,1.08108741552,0.522727272727,1.13078034691,0.3496790631,3.85714285714,3.23376623377,1.13078034691,3.85714285714,0.333333333333,0.230769230769,3,0.0181818181818,0.257037037037,11,11,11,1,0,0.0909090909091,0.636363636364,0.272727272727,11,20,0.181818181818,3.15056818182,3.63636363636,2,2.5,1.5666989036,0.43084219849,0.231818181818,1.16774841624,0.642261628933,0.336363636364,1.72152152575,0.946836839165,0.5,1.17774100024,0.373818604223,3.78125,3.15056818182,1.17774100024,3.78125,0.543333333333,0.473684210526,9,0.0545454545455,0.23,11,11,11,1,0,0.0909090909091,0.636363636364,0.272727272727,0,0,0.107179752066,0,0,0,-0.122841109108,-0.0337813050047,-0.0136363636364,0,0,0,-0.218487846294,-0.120168315462,-0.0363636363636,0.120842225699,0.0265416138114,0.235795454545,0.107179752066,0.120842225699,0.235795454545,0.0442857142857,0.0736842105263,1,0.00606060606061,-0.0255555555556,0,0,0,19,1,1,89,0.95,0.988888888889,0.0111111111111,0.05,0.95,0.95,0.95,0.938888888889,0.938888888889,0.904761904762,4,4,0,0,0,0
3310,WLNM_dir_neg,0.875,0.616071428571,00:00:00,10,80,18,1178364367,threshold_sweep,0.7,1,0.75,0.857142857143,3,0,1,8,0.75,1,0,0.25,1,0.75,0.857142857143,0.916666666667,0.583333333333,0.8,0.816496580928,0.75,20,16,4,0,20,0,16,0,4,11,20,0.181818181818,3.04338842975,3.63636363636,2,2.5,1.68954001271,0.464623503495,0.245454545455,1.16774841624,0.642261628933,0.336363636364,1.94000937205,1.06700515463,0.536363636364,1.05689877454,0.347276990411,3.54545454545,3.04338842975,1.05689877454,3.54545454545,0.499047619048,0.4,8,0.0484848484848,0.255555555556,11,11,11,1,0,0.0909090909091,0.636363636364,0.272727272727,11,0.145454545455,3.23376623377,2.90909090909,1.6,2,1.70026735866,0.584466904538,0.3125,1.03572548135,0.712061268431,0.329545454545,1.57249078621,1.08108741552,0.522727272727,1.13078034691,0.3496790631,3.85714285714,3.23376623377,1.13078034691,3.85714285714,0.333333333333,0.230769230769,3,0.0181818181818,0.257037037037,11,11,11,1,0,0.0909090909091,0.636363636364,0.272727272727,11,19,0.172727272727,3.0847107438,3.45454545455,1.9,2.375,1.50755672289,0.436397998731,0.234449760766,1.1037127426,0.638991587822,0.325358851675,1.7372915179,1.00580035247,0.516746411483,1.09771037579,0.355855205548,3.63636363636,3.0847107438,1.09771037579,3.63636363636,0.466666666667,0.352941176471,6,0.0363636363636,0.23,11,11,11,1,0,0.0909090909091,0.636363636364,0.272727272727,-1,-0.00909090909091,0.0413223140496,-0.181818181818,-0.1,-0.125,-0.18198328982,-0.0282255047641,-0.011004784689,-0.0640356736404,-0.0032700411111,-0.011004784689,-0.202717854144,-0.0612048021559,-0.0196172248804,0.0408116012549,0.00857821513672,0.0909090909091,0.0413223140496,0.0408116012549,0.0909090909091,-0.032380952381,-0.0470588235294,-2,-0.0121212121212,-0.0255555555556,0,0,0,19,0,1,90,0.95,1,0,0.05,1,0.95,0.974358974359,0.969309258988,0.95,0.95,3,4,0,0,0,0
3311,WLNM_dir_neg,0.875,0.616071428571,00:00:00,10,80,18,1178364367,threshold_sweep,0.8,1,0.75,0.857142857143,3,0,1,8,0.75,1,0,0.25,1,0.75,0.857142857143,0.916666666667,0.583333333333,0.8,0.816496580928,0.75,20,16,4,0,20,0,16,0,4,11,20,0.181818181818,3.04338842975,3.63636363636,2,2.5,1.68954001271,0.464623503495,0.245454545455,1.16774841624,0.642261628933,0.336363636364,1.94000937205,1.06700515463,0.536363636364,1.05689877454,0.347276990411,3.54545454545,3.04338842975,1.05689877454,3.54545454545,0.499047619048,0.4,8,0.0484848484848,0.255555555556,11,11,11,1,0,0.0909090909091,0.636363636364,0.272727272727,11,0.145454545455,3.23376623377,2.90909090909,1.6,2,1.70026735866,0.584466904538,0.3125,1.03572548135,0.712061268431,0.329545454545,1.57249078621,1.08108741552,0.522727272727,1.13078034691,0.3496790631,3.85714285714,3.23376623377,1.13078034691,3.85714285714,0.333333333333,0.230769230769,3,0.0181818181818,0.257037037037,11,11,11,1,0,0.0909090909091,0.636363636364,0.272727272727,11,19,0.172727272727,3.0847107438,3.45454545455,1.9,2.375,1.50755672289,0.436397998731,0.234449760766,1.1037127426,0.638991587822,0.325358851675,1.7372915179,1.00580035247,0.516746411483,1.09771037579,0.355855205548,3.63636363636,3.0847107438,1.09771037579,3.63636363636,0.466666666667,0.352941176471,6,0.0363636363636,0.23,11,11,11,1,0,0.0909090909091,0.636363636364,0.272727272727,-1,-0.00909090909091,0.0413223140496,-0.181818181818,-0.1,-0.125,-0.18198328982,-0.0282255047641,-0.011004784689,-0.0640356736404,-0.0032700411111,-0.011004784689,-0.202717854144,-0.0612048021559,-0.0196172248804,0.0408116012549,0.00857821513672,0.0909090909091,0.0413223140496,0.0408116012549,0.0909090909091,-0.032380952381,-0.0470588235294,-2,-0.0121212121212,-0.0255555555556,0,0,0,19,0,1,90,0.95,1,0,0.05,1,0.95,0.974358974359,0.969309258988,0.95,0.95,3,4,0,0,0,0
3312,WLNM_dir_neg,0.875,0.616071428571,00:00:00,10,80,18,1178364367,threshold_sweep,0.9,1,0.75,0.857142857143,3,0,1,8,0.75,1,0,0.25,1,0.75,0.857142857143,0.916666666667,0.583333333333,0.8,0.816496580928,0.75,20,16,4,0,20,0,16,0,4,11,20,0.181818181818,3.04338842975,3.63636363636,2,2.5,1.68954001271,0.464623503495,0.245454545455,1.16774841624,0.642261628933,0.336363636364,1.94000937205,1.06700515463,0.536363636364,1.05689877454,0.347276990411,3.54545454545,3.04338842975,1.05689877454,3.54545454545,0.499047619048,0.4,8,0.0484848484848,0.255555555556,11,11,11,1,0,0.0909090909091,0.636363636364,0.272727272727,11,0.145454545455,3.23376623377,2.90909090909,1.6,2,1.70026735866,0.584466904538,0.3125,1.03572548135,0.712061268431,0.329545454545,1.57249078621,1.08108741552,0.522727272727,1.13078034691,0.3496790631,3.85714285714,3.23376623377,1.13078034691,3.85714285714,0.333333333333,0.230769230769,3,0.0181818181818,0.257037037037,11,11,11,1,0,0.0909090909091,0.636363636364,0.272727272727,11,19,0.172727272727,3.0847107438,3.45454545455,1.9,2.375,1.50755672289,0.436397998731,0.234449760766,1.1037127426,0.638991587822,0.325358851675,1.7372915179,1.00580035247,0.516746411483,1.09771037579,0.355855205548,3.63636363636,3.0847107438,1.09771037579,3.63636363636,0.466666666667,0.352941176471,6,0.0363636363636,0.23,11,11,11,1,0,0.0909090909091,0.636363636364,0.272727272727,-1,-0.00909090909091,0.0413223140496,-0.181818181818,-0.1,-0.125,-0.18198328982,-0.0282255047641,-0.011004784689,-0.0640356736404,-0.0032700411111,-0.011004784689,-0.202717854144,-0.0612048021559,-0.0196172248804,0.0408116012549,0.00857821513672,0.0909090909091,0.0413223140496,0.0408116012549,0.0909090909091,-0.032380952381,-0.0470588235294,-2,-0.0121212121212,-0.0255555555556,0,0,0,19,0,1,90,0.95,1,0,0.05,1,0.95,0.974358974359,0.969309258988,0.95,0.95,3,4,0,0,0,0
3313,WLNM_dir_neg,0.78125,0.425347222222,00:00:00,10,80,19,1178364368,threshold_sweep,0.1,0.6,0.75,0.666666666667,3,2,1,6,0.75,0.75,0.25,0.25,0.6,0.75,0.666666666667,0.75,0.527777777778,0.470588235294,0.478091443734,0.5,20,16,4,0,20,0,16,0,4,11,20,0.181818181818,3.04338842975,3.63636363636,2,2.5,1.68954001271,0.464623503495,0.245454545455,1.16774841624,0.642261628933,0.336363636364,1.94000937205,1.06700515463,0.536363636364,1.05689877454,0.347276990411,3.54545454545,3.04338842975,1.05689877454,3.54545454545,0.499047619048,0.4,8,0.0484848484848,0.255555555556,11,11,11,1,0,0.0909090909091,0.636363636364,0.272727272727,11,0.145454545455,3.32575757576,2.90909090909,1.6,2,1.70026735866,0.584466904538,0.289772727273,0.934198732994,0.642261628933,0.318181818182,1.69491217257,1.16525211864,0.522727272727,1.47123084593,0.442374650713,5.33333333333,3.32575757576,1.47123084593,5.33333333333,0.41369047619,0.292682926829,4,0.0242424242424,0.234074074074,11,11,11,1,0,0.0909090909091,0.636363636364,0.272727272727,11,21,0.190909090909,NaN,3.81818181818,1.90909090909,2.625,2.04049904769,0.534416417253,0.290043290043,1.04446593573,0.547101204432,0.277056277056,1.97253874256,1.03323457944,0.528138528139,NaN,NaN,NaN,NaN,NaN,NaN,0.432275132275,0.380952380952,8,0.0484848484848,0.209090909091,11,11,0,1,2,0,0.727272727273,0.272727272727,1,0.00909090909091,NaN,0.181818181818,-0.0909090909091,0.125,0.350959034984,0.0697929137579,0.0445887445887,-0.123282480508,-0.0951604245011,-0.0593073593074,0.0325293705137,-0.0337705751894,-0.00822510822511,NaN,NaN,NaN,NaN,NaN,NaN,-0.0667724867725,-0.0190476190476,0,0,-0.0464646464646,-0.0909090909091,0.0909090909091,0,19,2,1,88,0.95,0.977777777778,0.0222222222222,0.05,0.904761904762,0.95,0.926829268293,0.910490812697,0.927777777778,0.863636363636,5,4,0,0,0,0
3314,WLNM_dir_neg,0.78125,0.425347222222,00:00:00,10,80,19,1178364368,threshold_sweep,0.2,0.6,0.75,0.666666666667,3,2,1,6,0.75,0.75,0.25,0.25,0.6,0.75,0.666666666667,0.75,0.527777777778,0.470588235294,0.478091443734,0.5,20,16,4,0,20,0,16,0,4,11,20,0.181818181818,3.04338842975,3.63636363636,2,2.5,1.68954001271,0.464623503495,0.245454545455,1.16774841624,0.642261628933,0.336363636364,1.94000937205,1.06700515463,0.536363636364,1.05689877454,0.347276990411,3.54545454545,3.04338842975,1.05689877454,3.54545454545,0.499047619048,0.4,8,0.0484848484848,0.255555555556,11,11,11,1,0,0.0909090909091,0.636363636364,0.272727272727,11,0.145454545455,3.32575757576,2.90909090909,1.6,2,1.70026735866,0.584466904538,0.289772727273,0.934198732994,0.642261628933,0.318181818182,1.69491217257,1.16525211864,0.522727272727,1.47123084593,0.442374650713,5.33333333333,3.32575757576,1.47123084593,5.33333333333,0.41369047619,0.292682926829,4,0.0242424242424,0.234074074074,11,11,11,1,0,0.0909090909091,0.636363636364,0.272727272727,11,21,0.190909090909,NaN,3.81818181818,1.90909090909,2.625,2.04049904769,0.534416417253,0.290043290043,1.04446593573,0.547101204432,0.277056277056,1.97253874256,1.03323457944,0.528138528139,NaN,NaN,NaN,NaN,NaN,NaN,0.432275132275,0.380952380952,8,0.0484848484848,0.209090909091,11,11,0,1,2,0,0.727272727273,0.272727272727,1,0.00909090909091,NaN,0.181818181818,-0.0909090909091,0.125,0.350959034984,0.0697929137579,0.0445887445887,-0.123282480508,-0.0951604245011,-0.0593073593074,0.0325293705137,-0.0337705751894,-0.00822510822511,NaN,NaN,NaN,NaN,NaN,NaN,-0.0667724867725,-0.0190476190476,0,0,-0.0464646464646,-0.0909090909091,0.0909090909091,0,19,2,1,88,0.95,0.977777777778,0.0222222222222,0.05,0.904761904762,0.95,0.926829268293,0.910490812697,0.927777777778,0.863636363636,5,4,0,0,0,0
3315,WLNM_dir_neg,0.78125,0.425347222222,00:00:00,10,80,19,1178364368,threshold_sweep,0.3,0.6,0.75,0.666666666667,3,2,1,6,0.75,0.75,0.25,0.25,0.6,0.75,0.666666666667,0.75,0.527777777778,0.470588235294,0.478091443734,0.5,20,16,4,0,20,0,16,0,4,11,20,0.181818181818,3.04338842975,3.63636363636,2,2.5,1.68954001271,0.464623503495,0.245454545455,1.16774841624,0.642261628933,0.336363636364,1.94000937205,1.06700515463,0.536363636364,1.05689877454,0.347276990411,3.54545454545,3.04338842975,1.05689877454,3.54545454545,0.499047619048,0.4,8,0.0484848484848,0.255555555556,11,11,11,1,0,0.0909090909091,0.636363636364,0.272727272727,11,0.145454545455,3.32575757576,2.90909090909,1.6,2,1.70026735866,0.584466904538,0.289772727273,0.934198732994,0.642261628933,0.318181818182,1.69491217257,1.16525211864,0.522727272727,1.47123084593,0.442374650713,5.33333333333,3.32575757576,1.47123084593,5.33333333333,0.41369047619,0.292682926829,4,0.0242424242424,0.234074074074,11,11,11,1,0,0.0909090909091,0.636363636364,0.272727272727,11,21,0.190909090909,NaN,3.81818181818,1.90909090909,2.625,2.04049904769,0.534416417253,0.290043290043,1.04446593573,0.547101204432,0.277056277056,1.97253874256,1.03323457944,0.528138528139,NaN,NaN,NaN,NaN,NaN,NaN,0.432275132275,0.380952380952,8,0.0484848484848,0.209090909091,11,11,0,1,2,0,0.727272727273,0.272727272727,1,0.00909090909091,NaN,0.181818181818,-0.0909090909091,0.125,0.350959034984,0.0697929137579,0.0445887445887,-0.123282480508,-0.0951604245011,-0.0593073593074,0.0325293705137,-0.0337705751894,-0.00822510822511,NaN,NaN,NaN,NaN,NaN,NaN,-0.0667724867725,-0.0190476190476,0,0,-0.0464646464646,-0.0909090909091,0.0909090909091,0,19,2,1,88,0.95,0.977777777778,0.0222222222222,0.05,0.904761904762,0.95,0.926829268293,0.910490812697,0.927777777778,0.863636363636,5,4,0,0,0,0
3316,WLNM_dir_neg,0.78125,0.425347222222,00:00:00,10,80,19,1178364368,threshold_sweep,0.4,0.6,0.75,0.666666666667,3,2,1,6,0.75,0.75,0.25,0.25,0.6,0.75,0.666666666667,0.75,0.527777777778,0.470588235294,0.478091443734,0.5,20,16,4,0,20,0,16,0,4,11,20,0.181818181818,3.04338842975,3.63636363636,2,2.5,1.68954001271,0.464623503495,0.245454545455,1.16774841624,0.642261628933,0.336363636364,1.94000937205,1.06700515463,0.536363636364,1.05689877454,0.347276990411,3.54545454545,3.04338842975,1.05689877454,3.54545454545,0.499047619048,0.4,8,0.0484848484848,0.255555555556,11,11,11,1,0,0.0909090909091,0.636363636364,0.272727272727,11,0.145454545455,3.32575757576,2.90909090909,1.6,2,1.70026735866,0.584466904538,0.289772727273,0.934198732994,0.642261628933,0.318181818182,1.69491217257,1.16525211864,0.522727272727,1.47123084593,0.442374650713,5.33333333333,3.32575757576,1.47123084593,5.33333333333,0.41369047619,0.292682926829,4,0.0242424242424,0.234074074074,11,11,11,1,0,0.0909090909091,0.636363636364,0.272727272727,11,21,0.190909090909,NaN,3.81818181818,1.90909090909,2.625,2.04049904769,0.534416417253,0.290043290043,1.04446593573,0.547101204432,0.277056277056,1.97253874256,1.03323457944,0.528138528139,NaN,NaN,NaN,NaN,NaN,NaN,0.432275132275,0.380952380952,8,0.0484848484848,0.209090909091,11,11,0,1,2,0,0.727272727273,0.272727272727,1,0.00909090909091,NaN,0.181818181818,-0.0909090909091,0.125,0.350959034984,0.0697929137579,0.0445887445887,-0.123282480508,-0.0951604245011,-0.0593073593074,0.0325293705137,-0.0337705751894,-0.00822510822511,NaN,NaN,NaN,NaN,NaN,NaN,-0.0667724867725,-0.0190476190476,0,0,-0.0464646464646,-0.0909090909091,0.0909090909091,0,19,2,1,88,0.95,0.977777777778,0.0222222222222,0.05,0.904761904762,0.95,0.926829268293,0.910490812697,0.927777777778,0.863636363636,5,4,0,0,0,0
3317,WLNM_dir_neg,0.78125,0.425347222222,00:00:00,10,80,19,1178364368,threshold_sweep,0.5,0.6,0.75,0.666666666667,3,2,1,6,0.75,0.75,0.25,0.25,0.6,0.75,0.666666666667,0.75,0.527777777778,0.470588235294,0.478091443734,0.5,20,16,4,0,20,0,16,0,4,11,20,0.181818181818,3.04338842975,3.63636363636,2,2.5,1.68954001271,0.464623503495,0.245454545455,1.16774841624,0.642261628933,0.336363636364,1.94000937205,1.06700515463,0.536363636364,1.05689877454,0.347276990411,3.54545454545,3.04338842975,1.05689877454,3.54545454545,0.499047619048,0.4,8,0.0484848484848,0.255555555556,11,11,11,1,0,0.0909090909091,0.636363636364,0.272727272727,11,0.145454545455,3.32575757576,2.90909090909,1.6,2,1.70026735866,0.584466904538,0.289772727273,0.934198732994,0.642261628933,0.318181818182,1.69491217257,1.16525211864,0.522727272727,1.47123084593,0.442374650713,5.33333333333,3.32575757576,1.47123084593,5.33333333333,0.41369047619,0.292682926829,4,0.0242424242424,0.234074074074,11,11,11,1,0,0.0909090909091,0.636363636364,0.272727272727,11,21,0.190909090909,NaN,3.81818181818,1.90909090909,2.625,2.04049904769,0.534416417253,0.290043290043,1.04446593573,0.547101204432,0.277056277056,1.97253874256,1.03323457944,0.528138528139,NaN,NaN,NaN,NaN,NaN,NaN,0.432275132275,0.380952380952,8,0.0484848484848,0.209090909091,11,11,0,1,2,0,0.727272727273,0.272727272727,1,0.00909090909091,NaN,0.181818181818,-0.0909090909091,0.125,0.350959034984,0.0697929137579,0.0445887445887,-0.123282480508,-0.0951604245011,-0.0593073593074,0.0325293705137,-0.0337705751894,-0.00822510822511,NaN,NaN,NaN,NaN,NaN,NaN,-0.0667724867725,-0.0190476190476,0,0,-0.0464646464646,-0.0909090909091,0.0909090909091,0,19,2,1,88,0.95,0.977777777778,0.0222222222222,0.05,0.904761904762,0.95,0.926829268293,0.910490812697,0.927777777778,0.863636363636,5,4,0,0,0,0
3318,WLNM_dir_neg,0.78125,0.425347222222,00:00:00,10,80,19,1178364368,threshold_sweep,0.6,0.6,0.75,0.666666666667,3,2,1,6,0.75,0.75,0.25,0.25,0.6,0.75,0.666666666667,0.75,0.527777777778,0.470588235294,0.478091443734,0.5,20,16,4,0,20,0,16,0,4,11,20,0.181818181818,3.04338842975,3.63636363636,2,2.5,1.68954001271,0.464623503495,0.245454545455,1.16774841624,0.642261628933,0.336363636364,1.94000937205,1.06700515463,0.536363636364,1.05689877454,0.347276990411,3.54545454545,3.04338842975,1.05689877454,3.54545454545,0.499047619048,0.4,8,0.0484848484848,0.255555555556,11,11,11,1,0,0.0909090909091,0.636363636364,0.272727272727,11,0.145454545455,3.32575757576,2.90909090909,1.6,2,1.70026735866,0.584466904538,0.289772727273,0.934198732994,0.642261628933,0.318181818182,1.69491217257,1.16525211864,0.522727272727,1.47123084593,0.442374650713,5.33333333333,3.32575757576,1.47123084593,5.33333333333,0.41369047619,0.292682926829,4,0.0242424242424,0.234074074074,11,11,11,1,0,0.0909090909091,0.636363636364,0.272727272727,11,21,0.190909090909,NaN,3.81818181818,1.90909090909,2.625,2.04049904769,0.534416417253,0.290043290043,1.04446593573,0.547101204432,0.277056277056,1.97253874256,1.03323457944,0.528138528139,NaN,NaN,NaN,NaN,NaN,NaN,0.432275132275,0.380952380952,8,0.0484848484848,0.209090909091,11,11,0,1,2,0,0.727272727273,0.272727272727,1,0.00909090909091,NaN,0.181818181818,-0.0909090909091,0.125,0.350959034984,0.0697929137579,0.0445887445887,-0.123282480508,-0.0951604245011,-0.0593073593074,0.0325293705137,-0.0337705751894,-0.00822510822511,NaN,NaN,NaN,NaN,NaN,NaN,-0.0667724867725,-0.0190476190476,0,0,-0.0464646464646,-0.0909090909091,0.0909090909091,0,19,2,1,88,0.95,0.977777777778,0.0222222222222,0.05,0.904761904762,0.95,0.926829268293,0.910490812697,0.927777777778,0.863636363636,5,4,0,0,0,0
3319,WLNM_dir_neg,0.78125,0.425347222222,00:00:00,10,80,19,1178364368,threshold_sweep,0.7,0.6,0.75,0.666666666667,3,2,1,6,0.75,0.75,0.25,0.25,0.6,0.75,0.666666666667,0.75,0.527777777778,0.470588235294,0.478091443734,0.5,20,16,4,0,20,0,16,0,4,11,20,0.181818181818,3.04338842975,3.63636363636,2,2.5,1.68954001271,0.464623503495,0.245454545455,1.16774841624,0.642261628933,0.336363636364,1.94000937205,1.06700515463,0.536363636364,1.05689877454,0.347276990411,3.54545454545,3.04338842975,1.05689877454,3.54545454545,0.499047619048,0.4,8,0.0484848484848,0.255555555556,11,11,11,1,0,0.0909090909091,0.636363636364,0.272727272727,11,0.145454545455,3.32575757576,2.90909090909,1.6,2,1.70026735866,0.584466904538,0.289772727273,0.934198732994,0.642261628933,0.318181818182,1.69491217257,1.16525211864,0.522727272727,1.47123084593,0.442374650713,5.33333333333,3.32575757576,1.47123084593,5.33333333333,0.41369047619,0.292682926829,4,0.0242424242424,0.234074074074,11,11,11,1,0,0.0909090909091,0.636363636364,0.272727272727,11,21,0.190909090909,NaN,3.81818181818,1.90909090909,2.625,2.04049904769,0.534416417253,0.290043290043,1.04446593573,0.547101204432,0.277056277056,1.97253874256,1.03323457944,0.528138528139,NaN,NaN,NaN,NaN,NaN,NaN,0.432275132275,0.380952380952,8,0.0484848484848,0.209090909091,11,11,0,1,2,0,0.727272727273,0.272727272727,1,0.00909090909091,NaN,0.181818181818,-0.0909090909091,0.125,0.350959034984,0.0697929137579,0.0445887445887,-0.123282480508,-0.0951604245011,-0.0593073593074,0.0325293705137,-0.0337705751894,-0.00822510822511,NaN,NaN,NaN,NaN,NaN,NaN,-0.0667724867725,-0.0190476190476,0,0,-0.0464646464646,-0.0909090909091,0.0909090909091,0,19,2,1,88,0.95,0.977777777778,0.0222222222222,0.05,0.904761904762,0.95,0.926829268293,0.910490812697,0.927777777778,0.863636363636,5,4,0,0,0,0
3320,WLNM_dir_neg,0.78125,0.425347222222,00:00:00,10,80,19,1178364368,threshold_sweep,0.8,0.666666666667,0.5,0.571428571429,2,1,2,7,0.5,0.875,0.125,0.5,0.666666666667,0.5,0.571428571429,0.75,0.583333333333,0.4,0.408248290464,0.375,20,16,4,0,20,0,16,0,4,11,20,0.181818181818,3.04338842975,3.63636363636,2,2.5,1.68954001271,0.464623503495,0.245454545455,1.16774841624,0.642261628933,0.336363636364,1.94000937205,1.06700515463,0.536363636364,1.05689877454,0.347276990411,3.54545454545,3.04338842975,1.05689877454,3.54545454545,0.499047619048,0.4,8,0.0484848484848,0.255555555556,11,11,11,1,0,0.0909090909091,0.636363636364,0.272727272727,11,0.145454545455,3.32575757576,2.90909090909,1.6,2,1.70026735866,0.584466904538,0.289772727273,0.934198732994,0.642261628933,0.318181818182,1.69491217257,1.16525211864,0.522727272727,1.47123084593,0.442374650713,5.33333333333,3.32575757576,1.47123084593,5.33333333333,0.41369047619,0.292682926829,4,0.0242424242424,0.234074074074,11,11,11,1,0,0.0909090909091,0.636363636364,0.272727272727,11,19,0.172727272727,3.54472140762,3.45454545455,1.9,2.375,1.96792461053,0.569662387259,0.306220095694,1.1037127426,0.638991587822,0.325358851675,1.7939291564,1.03859056423,0.516746411483,1.54165777141,0.434916484012,5.16129032258,3.54472140762,1.54165777141,5.16129032258,0.497354497354,0.352941176471,6,0.0363636363636,0.221481481481,11,11,11,1,0,0.0909090909091,0.636363636364,0.272727272727,-1,-0.00909090909091,0.501332977873,-0.181818181818,-0.1,-0.125,0.27838459782,0.105038883763,0.0607655502392,-0.0640356736404,-0.0032700411111,-0.011004784689,-0.146080215649,-0.0284145903952,-0.0196172248804,0.484758996869,0.0876394936006,1.61583577713,0.501332977873,0.484758996869,1.61583577713,-0.00169312169312,-0.0470588235294,-2,-0.0121212121212,-0.0340740740741,0,0,0,18,1,2,89,0.9,0.988888888889,0.0111111111111,0.1,0.947368421053,0.9,0.923076923077,0.906956031802,0.888888888889,0.857142857143,3,4,0,0,0,0
3321,WLNM_dir_neg,0.78125,0.425347222222,00:00:00,10,80,19,1178364368,threshold_sweep,0.9,0.666666666667,0.5,0.571428571429,2,1,2,7,0.5,0.875,0.125,0.5,0.666666666667,0.5,0.571428571429,0.75,0.583333333333,0.4,0.408248290464,0.375,20,16,4,0,20,0,16,0,4,11,20,0.181818181818,3.04338842975,3.63636363636,2,2.5,1.68954001271,0.464623503495,0.245454545455,1.16774841624,0.642261628933,0.336363636364,1.94000937205,1.06700515463,0.536363636364,1.05689877454,0.347276990411,3.54545454545,3.04338842975,1.05689877454,3.54545454545,0.499047619048,0.4,8,0.0484848484848,0.255555555556,11,11,11,1,0,0.0909090909091,0.636363636364,0.272727272727,11,0.145454545455,3.32575757576,2.90909090909,1.6,2,1.70026735866,0.584466904538,0.289772727273,0.934198732994,0.642261628933,0.318181818182,1.69491217257,1.16525211864,0.522727272727,1.47123084593,0.442374650713,5.33333333333,3.32575757576,1.47123084593,5.33333333333,0.41369047619,0.292682926829,4,0.0242424242424,0.234074074074,11,11,11,1,0,0.0909090909091,0.636363636364,0.272727272727,11,19,0.172727272727,3.54472140762,3.45454545455,1.9,2.375,1.96792461053,0.569662387259,0.306220095694,1.1037127426,0.638991587822,0.325358851675,1.7939291564,1.03859056423,0.516746411483,1.54165777141,0.434916484012,5.16129032258,3.54472140762,1.54165777141,5.16129032258,0.497354497354,0.352941176471,6,0.0363636363636,0.221481481481,11,11,11,1,0,0.0909090909091,0.636363636364,0.272727272727,-1,-0.00909090909091,0.501332977873,-0.181818181818,-0.1,-0.125,0.27838459782,0.105038883763,0.0607655502392,-0.0640356736404,-0.0032700411111,-0.011004784689,-0.146080215649,-0.0284145903952,-0.0196172248804,0.484758996869,0.0876394936006,1.61583577713,0.501332977873,0.484758996869,1.61583577713,-0.00169312169312,-0.0470588235294,-2,-0.0121212121212,-0.0340740740741,0,0,0,18,1,2,89,0.9,0.988888888889,0.0111111111111,0.1,0.947368421053,0.9,0.923076923077,0.906956031802,0.888888888889,0.857142857143,3,4,0,0,0,0
3322,WLNM_dir_neg,0.96875,0.69375,00:00:00,10,80,20,1178364369,threshold_sweep,0.1,0.8,1,0.888888888889,4,1,0,7,1,0.875,0.125,0,0.8,1,0.888888888889,0.916666666667,0.527777777778,0.823529411765,0.836660026534,0.875,20,16,4,0,20,0,16,0,4,11,20,0.181818181818,3.04338842975,3.63636363636,2,2.5,1.68954001271,0.464623503495,0.245454545455,1.16774841624,0.642261628933,0.336363636364,1.94000937205,1.06700515463,0.536363636364,1.05689877454,0.347276990411,3.54545454545,3.04338842975,1.05689877454,3.54545454545,0.499047619048,0.4,8,0.0484848484848,0.255555555556,11,11,11,1,0,0.0909090909091,0.636363636364,0.272727272727,11,0.145454545455,3.22424242424,2.90909090909,1.6,2,1.92117388357,0.660403522477,0.340909090909,0.934198732994,0.642261628933,0.318181818182,1.86352549559,1.28117377822,0.556818181818,1.14514345623,0.355166673456,3.93333333333,3.22424242424,1.14514345623,3.93333333333,0.445238095238,0.272727272727,4,0.0242424242424,0.293333333333,11,11,11,1,0,0.0909090909091,0.636363636364,0.272727272727,11,21,0.190909090909,NaN,3.81818181818,1.90909090909,2.625,1.8877596149,0.494413232473,0.251082251082,1.04446593573,0.547101204432,0.277056277056,2.16585066219,1.134493204,0.554112554113,NaN,NaN,NaN,NaN,NaN,NaN,0.499047619048,0.4,8,0.0484848484848,0.287878787879,11,11,0,1,2,0,0.727272727273,0.272727272727,1,0.00909090909091,NaN,0.181818181818,-0.0909090909091,0.125,0.198219602188,0.029789728978,0.00562770562771,-0.123282480508,-0.0951604245011,-0.0593073593074,0.225841290141,0.0674880493776,0.0177489177489,NaN,NaN,NaN,NaN,NaN,NaN,0,0,0,0,0.0323232323232,-0.0909090909091,0.0909090909091,0,20,1,0,89,1,0.988888888889,0.0111111111111,0,0.952380952381,1,0.975609756098,0.970463261437,0.988888888889,0.952380952381,5,4,0,0,0,0
3323,WLNM_dir_neg,0.96875,0.69375,00:00:00,10,80,20,1178364369,threshold_sweep,0.2,0.8,1,0.888888888889,4,1,0,7,1,0.875,0.125,0,0.8,1,0.888888888889,0.916666666667,0.527777777778,0.823529411765,0.836660026534,0.875,20,16,4,0,20,0,16,0,4,11,20,0.181818181818,3.04338842975,3.63636363636,2,2.5,1.68954001271,0.464623503495,0.245454545455,1.16774841624,0.642261628933,0.336363636364,1.94000937205,1.06700515463,0.536363636364,1.05689877454,0.347276990411,3.54545454545,3.04338842975,1.05689877454,3.54545454545,0.499047619048,0.4,8,0.0484848484848,0.255555555556,11,11,11,1,0,0.0909090909091,0.636363636364,0.272727272727,11,0.145454545455,3.22424242424,2.90909090909,1.6,2,1.92117388357,0.660403522477,0.340909090909,0.934198732994,0.642261628933,0.318181818182,1.86352549559,1.28117377822,0.556818181818,1.14514345623,0.355166673456,3.93333333333,3.22424242424,1.14514345623,3.93333333333,0.445238095238,0.272727272727,4,0.0242424242424,0.293333333333,11,11,11,1,0,0.0909090909091,0.636363636364,0.272727272727,11,21,0.190909090909,NaN,3.81818181818,1.90909090909,2.625,1.8877596149,0.494413232473,0.251082251082,1.04446593573,0.547101204432,0.277056277056,2.16585066219,1.134493204,0.554112554113,NaN,NaN,NaN,NaN,NaN,NaN,0.499047619048,0.4,8,0.0484848484848,0.287878787879,11,11,0,1,2,0,0.727272727273,0.272727272727,1,0.00909090909091,NaN,0.181818181818,-0.0909090909091,0.125,0.198219602188,0.029789728978,0.00562770562771,-0.123282480508,-0.0951604245011,-0.0593073593074,0.225841290141,0.0674880493776,0.0177489177489,NaN,NaN,NaN,NaN,NaN,NaN,0,0,0,0,0.0323232323232,-0.0909090909091,0.0909090909091,0,20,1,0,89,1,0.988888888889,0.0111111111111,0,0.952380952381,1,0.975609756098,0.970463261437,0.988888888889,0.952380952381,5,4,0,0,0,0
3324,WLNM_dir_neg,0.96875,0.69375,00:00:00,10,80,20,1178364369,threshold_sweep,0.3,0.8,1,0.888888888889,4,1,0,7,1,0.875,0.125,0,0.8,1,0.888888888889,0.916666666667,0.527777777778,0.823529411765,0.836660026534,0.875,20,16,4,0,20,0,16,0,4,11,20,0.181818181818,3.04338842975,3.63636363636,2,2.5,1.68954001271,0.464623503495,0.245454545455,1.16774841624,0.642261628933,0.336363636364,1.94000937205,1.06700515463,0.536363636364,1.05689877454,0.347276990411,3.54545454545,3.04338842975,1.05689877454,3.54545454545,0.499047619048,0.4,8,0.0484848484848,0.255555555556,11,11,11,1,0,0.0909090909091,0.636363636364,0.272727272727,11,0.145454545455,3.22424242424,2.90909090909,1.6,2,1.92117388357,0.660403522477,0.340909090909,0.934198732994,0.642261628933,0.318181818182,1.86352549559,1.28117377822,0.556818181818,1.14514345623,0.355166673456,3.93333333333,3.22424242424,1.14514345623,3.93333333333,0.445238095238,0.272727272727,4,0.0242424242424,0.293333333333,11,11,11,1,0,0.0909090909091,0.636363636364,0.272727272727,11,21,0.190909090909,NaN,3.81818181818,1.90909090909,2.625,1.8877596149,0.494413232473,0.251082251082,1.04446593573,0.547101204432,0.277056277056,2.16585066219,1.134493204,0.554112554113,NaN,NaN,NaN,NaN,NaN,NaN,0.499047619048,0.4,8,0.0484848484848,0.287878787879,11,11,0,1,2,0,0.727272727273,0.272727272727,1,0.00909090909091,NaN,0.181818181818,-0.0909090909091,0.125,0.198219602188,0.029789728978,0.00562770562771,-0.123282480508,-0.0951604245011,-0.0593073593074,0.225841290141,0.0674880493776,0.0177489177489,NaN,NaN,NaN,NaN,NaN,NaN,0,0,0,0,0.0323232323232,-0.0909090909091,0.0909090909091,0,20,1,0,89,1,0.988888888889,0.0111111111111,0,0.952380952381,1,0.975609756098,0.970463261437,0.988888888889,0.952380952381,5,4,0,0,0,0
3325,WLNM_dir_neg,0.96875,0.69375,00:00:00,10,80,20,1178364369,threshold_sweep,0.4,0.8,1,0.888888888889,4,1,0,7,1,0.875,0.125,0,0.8,1,0.888888888889,0.916666666667,0.527777777778,0.823529411765,0.836660026534,0.875,20,16,4,0,20,0,16,0,4,11,20,0.181818181818,3.04338842975,3.63636363636,2,2.5,1.68954001271,0.464623503495,0.245454545455,1.16774841624,0.642261628933,0.336363636364,1.94000937205,1.06700515463,0.536363636364,1.05689877454,0.347276990411,3.54545454545,3.04338842975,1.05689877454,3.54545454545,0.499047619048,0.4,8,0.0484848484848,0.255555555556,11,11,11,1,0,0.0909090909091,0.636363636364,0.272727272727,11,0.145454545455,3.22424242424,2.90909090909,1.6,2,1.92117388357,0.660403522477,0.340909090909,0.934198732994,0.642261628933,0.318181818182,1.86352549559,1.28117377822,0.556818181818,1.14514345623,0.355166673456,3.93333333333,3.22424242424,1.14514345623,3.93333333333,0.445238095238,0.272727272727,4,0.0242424242424,0.293333333333,11,11,11,1,0,0.0909090909091,0.636363636364,0.272727272727,11,21,0.190909090909,NaN,3.81818181818,1.90909090909,2.625,1.8877596149,0.494413232473,0.251082251082,1.04446593573,0.547101204432,0.277056277056,2.16585066219,1.134493204,0.554112554113,NaN,NaN,NaN,NaN,NaN,NaN,0.499047619048,0.4,8,0.0484848484848,0.287878787879,11,11,0,1,2,0,0.727272727273,0.272727272727,1,0.00909090909091,NaN,0.181818181818,-0.0909090909091,0.125,0.198219602188,0.029789728978,0.00562770562771,-0.123282480508,-0.0951604245011,-0.0593073593074,0.225841290141,0.0674880493776,0.0177489177489,NaN,NaN,NaN,NaN,NaN,NaN,0,0,0,0,0.0323232323232,-0.0909090909091,0.0909090909091,0,20,1,0,89,1,0.988888888889,0.0111111111111,0,0.952380952381,1,0.975609756098,0.970463261437,0.988888888889,0.952380952381,5,4,0,0,0,0
3326,WLNM_dir_neg,0.96875,0.69375,00:00:00,10,80,20,1178364369,threshold_sweep,0.5,0.75,0.75,0.75,3,1,1,7,0.75,0.875,0.125,0.25,0.75,0.75,0.75,0.833333333333,0.555555555556,0.625,0.625,0.625,20,16,4,0,20,0,16,0,4,11,20,0.181818181818,3.04338842975,3.63636363636,2,2.5,1.68954001271,0.464623503495,0.245454545455,1.16774841624,0.642261628933,0.336363636364,1.94000937205,1.06700515463,0.536363636364,1.05689877454,0.347276990411,3.54545454545,3.04338842975,1.05689877454,3.54545454545,0.499047619048,0.4,8,0.0484848484848,0.255555555556,11,11,11,1,0,0.0909090909091,0.636363636364,0.272727272727,11,0.145454545455,3.22424242424,2.90909090909,1.6,2,1.92117388357,0.660403522477,0.340909090909,0.934198732994,0.642261628933,0.318181818182,1.86352549559,1.28117377822,0.556818181818,1.14514345623,0.355166673456,3.93333333333,3.22424242424,1.14514345623,3.93333333333,0.445238095238,0.272727272727,4,0.0242424242424,0.293333333333,11,11,11,1,0,0.0909090909091,0.636363636364,0.272727272727,11,20,0.181818181818,NaN,3.63636363636,1.81818181818,2.5,1.85864075457,0.511126207507,0.254545454545,0.873862897505,0.480624593628,0.245454545455,2.13626692238,1.17494680731,0.563636363636,NaN,NaN,NaN,NaN,NaN,NaN,0.432380952381,0.333333333333,6,0.0363636363636,0.281515151515,11,11,0,1,2,0,0.727272727273,0.272727272727,0,0,NaN,0,-0.181818181818,0,0.16910074186,0.0465027040115,0.00909090909091,-0.293885518737,-0.161637035305,-0.0909090909091,0.196257550327,0.10794165268,0.0272727272727,NaN,NaN,NaN,NaN,NaN,NaN,-0.0666666666667,-0.0666666666667,-2,-0.0121212121212,0.0259595959596,-0.0909090909091,0.0909090909091,0,19,1,1,89,0.95,0.988888888889,0.0111111111111,0.05,0.95,0.95,0.95,0.938888888889,0.938888888889,0.904761904762,4,4,0,0,0,0
3327,WLNM_dir_neg,0.96875,0.69375,00:00:00,10,80,20,1178364369,threshold_sweep,0.6,0.75,0.75,0.75,3,1,1,7,0.75,0.875,0.125,0.25,0.75,0.75,0.75,0.833333333333,0.555555555556,0.625,0.625,0.625,20,16,4,0,20,0,16,0,4,11,20,0.181818181818,3.04338842975,3.63636363636,2,2.5,1.68954001271,0.464623503495,0.245454545455,1.16774841624,0.642261628933,0.336363636364,1.94000937205,1.06700515463,0.536363636364,1.05689877454,0.347276990411,3.54545454545,3.04338842975,1.05689877454,3.54545454545,0.499047619048,0.4,8,0.0484848484848,0.255555555556,11,11,11,1,0,0.0909090909091,0.636363636364,0.272727272727,11,0.145454545455,3.22424242424,2.90909090909,1.6,2,1.92117388357,0.660403522477,0.340909090909,0.934198732994,0.642261628933,0.318181818182,1.86352549559,1.28117377822,0.556818181818,1.14514345623,0.355166673456,3.93333333333,3.22424242424,1.14514345623,3.93333333333,0.445238095238,0.272727272727,4,0.0242424242424,0.293333333333,11,11,11,1,0,0.0909090909091,0.636363636364,0.272727272727,11,20,0.181818181818,NaN,3.63636363636,1.81818181818,2.5,1.85864075457,0.511126207507,0.254545454545,0.873862897505,0.480624593628,0.245454545455,2.13626692238,1.17494680731,0.563636363636,NaN,NaN,NaN,NaN,NaN,NaN,0.432380952381,0.333333333333,6,0.0363636363636,0.281515151515,11,11,0,1,2,0,0.727272727273,0.272727272727,0,0,NaN,0,-0.181818181818,0,0.16910074186,0.0465027040115,0.00909090909091,-0.293885518737,-0.161637035305,-0.0909090909091,0.196257550327,0.10794165268,0.0272727272727,NaN,NaN,NaN,NaN,NaN,NaN,-0.0666666666667,-0.0666666666667,-2,-0.0121212121212,0.0259595959596,-0.0909090909091,0.0909090909091,0,19,1,1,89,0.95,0.988888888889,0.0111111111111,0.05,0.95,0.95,0.95,0.938888888889,0.938888888889,0.904761904762,4,4,0,0,0,0
3328,WLNM_dir_neg,0.96875,0.69375,00:00:00,10,80,20,1178364369,threshold_sweep,0.7,0.75,0.75,0.75,3,1,1,7,0.75,0.875,0.125,0.25,0.75,0.75,0.75,0.833333333333,0.555555555556,0.625,0.625,0.625,20,16,4,0,20,0,16,0,4,11,20,0.181818181818,3.04338842975,3.63636363636,2,2.5,1.68954001271,0.464623503495,0.245454545455,1.16774841624,0.642261628933,0.336363636364,1.94000937205,1.06700515463,0.536363636364,1.05689877454,0.347276990411,3.54545454545,3.04338842975,1.05689877454,3.54545454545,0.499047619048,0.4,8,0.0484848484848,0.255555555556,11,11,11,1,0,0.0909090909091,0.636363636364,0.272727272727,11,0.145454545455,3.22424242424,2.90909090909,1.6,2,1.92117388357,0.660403522477,0.340909090909,0.934198732994,0.642261628933,0.318181818182,1.86352549559,1.28117377822,0.556818181818,1.14514345623,0.355166673456,3.93333333333,3.22424242424,1.14514345623,3.93333333333,0.445238095238,0.272727272727,4,0.0242424242424,0.293333333333,11,11,11,1,0,0.0909090909091,0.636363636364,0.272727272727,11,20,0.181818181818,NaN,3.63636363636,1.81818181818,2.5,1.85864075457,0.511126207507,0.254545454545,0.873862897505,0.480624593628,0.245454545455,2.13626692238,1.17494680731,0.563636363636,NaN,NaN,NaN,NaN,NaN,NaN,0.432380952381,0.333333333333,6,0.0363636363636,0.281515151515,11,11,0,1,2,0,0.727272727273,0.272727272727,0,0,NaN,0,-0.181818181818,0,0.16910074186,0.0465027040115,0.00909090909091,-0.293885518737,-0.161637035305,-0.0909090909091,0.196257550327,0.10794165268,0.0272727272727,NaN,NaN,NaN,NaN,NaN,NaN,-0.0666666666667,-0.0666666666667,-2,-0.0121212121212,0.0259595959596,-0.0909090909091,0.0909090909091,0,19,1,1,89,0.95,0.988888888889,0.0111111111111,0.05,0.95,0.95,0.95,0.938888888889,0.938888888889,0.904761904762,4,4,0,0,0,0
3329,WLNM_dir_neg,0.96875,0.69375,00:00:00,10,80,20,1178364369,threshold_sweep,0.8,0.75,0.75,0.75,3,1,1,7,0.75,0.875,0.125,0.25,0.75,0.75,0.75,0.833333333333,0.555555555556,0.625,0.625,0.625,20,16,4,0,20,0,16,0,4,11,20,0.181818181818,3.04338842975,3.63636363636,2,2.5,1.68954001271,0.464623503495,0.245454545455,1.16774841624,0.642261628933,0.336363636364,1.94000937205,1.06700515463,0.536363636364,1.05689877454,0.347276990411,3.54545454545,3.04338842975,1.05689877454,3.54545454545,0.499047619048,0.4,8,0.0484848484848,0.255555555556,11,11,11,1,0,0.0909090909091,0.636363636364,0.272727272727,11,0.145454545455,3.22424242424,2.90909090909,1.6,2,1.92117388357,0.660403522477,0.340909090909,0.934198732994,0.642261628933,0.318181818182,1.86352549559,1.28117377822,0.556818181818,1.14514345623,0.355166673456,3.93333333333,3.22424242424,1.14514345623,3.93333333333,0.445238095238,0.272727272727,4,0.0242424242424,0.293333333333,11,11,11,1,0,0.0909090909091,0.636363636364,0.272727272727,11,20,0.181818181818,NaN,3.63636363636,1.81818181818,2.5,1.85864075457,0.511126207507,0.254545454545,0.873862897505,0.480624593628,0.245454545455,2.13626692238,1.17494680731,0.563636363636,NaN,NaN,NaN,NaN,NaN,NaN,0.432380952381,0.333333333333,6,0.0363636363636,0.281515151515,11,11,0,1,2,0,0.727272727273,0.272727272727,0,0,NaN,0,-0.181818181818,0,0.16910074186,0.0465027040115,0.00909090909091,-0.293885518737,-0.161637035305,-0.0909090909091,0.196257550327,0.10794165268,0.0272727272727,NaN,NaN,NaN,NaN,NaN,NaN,-0.0666666666667,-0.0666666666667,-2,-0.0121212121212,0.0259595959596,-0.0909090909091,0.0909090909091,0,19,1,1,89,0.95,0.988888888889,0.0111111111111,0.05,0.95,0.95,0.95,0.938888888889,0.938888888889,0.904761904762,4,4,0,0,0,0
3330,WLNM_dir_neg,0.96875,0.69375,00:00:00,10,80,20,1178364369,threshold_sweep,0.9,1,0.75,0.857142857143,3,0,1,8,0.75,1,0,0.25,1,0.75,0.857142857143,0.916666666667,0.583333333333,0.8,0.816496580928,0.75,20,16,4,0,20,0,16,0,4,11,20,0.181818181818,3.04338842975,3.63636363636,2,2.5,1.68954001271,0.464623503495,0.245454545455,1.16774841624,0.642261628933,0.336363636364,1.94000937205,1.06700515463,0.536363636364,1.05689877454,0.347276990411,3.54545454545,3.04338842975,1.05689877454,3.54545454545,0.499047619048,0.4,8,0.0484848484848,0.255555555556,11,11,11,1,0,0.0909090909091,0.636363636364,0.272727272727,11,0.145454545455,3.22424242424,2.90909090909,1.6,2,1.92117388357,0.660403522477,0.340909090909,0.934198732994,0.642261628933,0.318181818182,1.86352549559,1.28117377822,0.556818181818,1.14514345623,0.355166673456,3.93333333333,3.22424242424,1.14514345623,3.93333333333,0.445238095238,0.272727272727,4,0.0242424242424,0.293333333333,11,11,11,1,0,0.0909090909091,0.636363636364,0.272727272727,11,19,0.172727272727,3.06818181818,3.45454545455,1.9,2.375,1.63484778274,0.473245410793,0.244019138756,1.00904995822,0.584186817916,0.306220095694,1.90215189146,1.1012458319,0.545454545455,1.09659712407,0.357409433031,3.75,3.06818181818,1.09659712407,3.75,0.432380952381,0.333333333333,6,0.0363636363636,0.247777777778,11,11,11,1,0,0.0909090909091,0.636363636364,0.272727272727,-1,-0.00909090909091,0.0247933884298,-0.181818181818,-0.1,-0.125,-0.05469222997,0.00862190729789,-0.00143540669856,-0.158698458023,-0.058074811017,-0.0301435406699,-0.0378574805894,0.0342406772707,0.00909090909091,0.0396983495361,0.0101324426199,0.204545454545,0.0247933884298,0.0396983495361,0.204545454545,-0.0666666666667,-0.0666666666667,-2,-0.0121212121212,-0.00777777777778,0,0,0,19,0,1,90,0.95,1,0,0.05,1,0.95,0.974358974359,0.969309258988,0.95,0.95,3,4,0,0,0,0
3331,WLNM_dir_neg,0.875,0.561011904762,00:00:00,10,80,21,1178364370,threshold_sweep,0.1,0.75,0.75,0.75,3,1,1,7,0.75,0.875,0.125,0.25,0.75,0.75,0.75,0.833333333333,0.555555555556,0.625,0.625,0.625,20,16,4,0,20,0,16,0,4,11,20,0.181818181818,3.04338842975,3.63636363636,2,2.5,1.68954001271,0.464623503495,0.245454545455,1.16774841624,0.642261628933,0.336363636364,1.94000937205,1.06700515463,0.536363636364,1.05689877454,0.347276990411,3.54545454545,3.04338842975,1.05689877454,3.54545454545,0.499047619048,0.4,8,0.0484848484848,0.255555555556,11,11,11,1,0,0.0909090909091,0.636363636364,0.272727272727,11,0.145454545455,3.24545454545,2.90909090909,1.6,2,1.3751033019,0.47269176003,0.238636363636,0.820199532265,0.563887178432,0.284090909091,1.50755672289,1.03644524699,0.511363636364,1.24848999705,0.384688794608,4.4,3.24545454545,1.24848999705,4.4,0.206666666667,0.0857142857143,1,0.00606060606061,0.216666666667,11,11,11,1,0,0.0909090909091,0.636363636364,0.272727272727,11,20,0.181818181818,NaN,3.63636363636,1.81818181818,2.5,1.68954001271,0.464623503495,0.245454545455,0.981649817214,0.539907399468,0.263636363636,1.94000937205,1.06700515463,0.536363636364,NaN,NaN,NaN,NaN,NaN,NaN,0.466666666667,0.352941176471,6,0.0363636363636,0.260909090909,11,11,0,1,2,0,0.727272727273,0.272727272727,0,0,NaN,0,-0.181818181818,0,0,0,0,-0.186098599028,-0.102354229466,-0.0727272727273,0,0,0,NaN,NaN,NaN,NaN,NaN,NaN,-0.032380952381,-0.0470588235294,-2,-0.0121212121212,0.00535353535354,-0.0909090909091,0.0909090909091,0,19,1,1,89,0.95,0.988888888889,0.0111111111111,0.05,0.95,0.95,0.95,0.938888888889,0.938888888889,0.904761904762,4,4,0,0,0,0
3332,WLNM_dir_neg,0.875,0.561011904762,00:00:00,10,80,21,1178364370,threshold_sweep,0.2,0.75,0.75,0.75,3,1,1,7,0.75,0.875,0.125,0.25,0.75,0.75,0.75,0.833333333333,0.555555555556,0.625,0.625,0.625,20,16,4,0,20,0,16,0,4,11,20,0.181818181818,3.04338842975,3.63636363636,2,2.5,1.68954001271,0.464623503495,0.245454545455,1.16774841624,0.642261628933,0.336363636364,1.94000937205,1.06700515463,0.536363636364,1.05689877454,0.347276990411,3.54545454545,3.04338842975,1.05689877454,3.54545454545,0.499047619048,0.4,8,0.0484848484848,0.255555555556,11,11,11,1,0,0.0909090909091,0.636363636364,0.272727272727,11,0.145454545455,3.24545454545,2.90909090909,1.6,2,1.3751033019,0.47269176003,0.238636363636,0.820199532265,0.563887178432,0.284090909091,1.50755672289,1.03644524699,0.511363636364,1.24848999705,0.384688794608,4.4,3.24545454545,1.24848999705,4.4,0.206666666667,0.0857142857143,1,0.00606060606061,0.216666666667,11,11,11,1,0,0.0909090909091,0.636363636364,0.272727272727,11,20,0.181818181818,NaN,3.63636363636,1.81818181818,2.5,1.68954001271,0.464623503495,0.245454545455,0.981649817214,0.539907399468,0.263636363636,1.94000937205,1.06700515463,0.536363636364,NaN,NaN,NaN,NaN,NaN,NaN,0.466666666667,0.352941176471,6,0.0363636363636,0.260909090909,11,11,0,1,2,0,0.727272727273,0.272727272727,0,0,NaN,0,-0.181818181818,0,0,0,0,-0.186098599028,-0.102354229466,-0.0727272727273,0,0,0,NaN,NaN,NaN,NaN,NaN,NaN,-0.032380952381,-0.0470588235294,-2,-0.0121212121212,0.00535353535354,-0.0909090909091,0.0909090909091,0,19,1,1,89,0.95,0.988888888889,0.0111111111111,0.05,0.95,0.95,0.95,0.938888888889,0.938888888889,0.904761904762,4,4,0,0,0,0
3333,WLNM_dir_neg,0.875,0.561011904762,00:00:00,10,80,21,1178364370,threshold_sweep,0.3,0.75,0.75,0.75,3,1,1,7,0.75,0.875,0.125,0.25,0.75,0.75,0.75,0.833333333333,0.555555555556,0.625,0.625,0.625,20,16,4,0,20,0,16,0,4,11,20,0.181818181818,3.04338842975,3.63636363636,2,2.5,1.68954001271,0.464623503495,0.245454545455,1.16774841624,0.642261628933,0.336363636364,1.94000937205,1.06700515463,0.536363636364,1.05689877454,0.347276990411,3.54545454545,3.04338842975,1.05689877454,3.54545454545,0.499047619048,0.4,8,0.0484848484848,0.255555555556,11,11,11,1,0,0.0909090909091,0.636363636364,0.272727272727,11,0.145454545455,3.24545454545,2.90909090909,1.6,2,1.3751033019,0.47269176003,0.238636363636,0.820199532265,0.563887178432,0.284090909091,1.50755672289,1.03644524699,0.511363636364,1.24848999705,0.384688794608,4.4,3.24545454545,1.24848999705,4.4,0.206666666667,0.0857142857143,1,0.00606060606061,0.216666666667,11,11,11,1,0,0.0909090909091,0.636363636364,0.272727272727,11,20,0.181818181818,NaN,3.63636363636,1.81818181818,2.5,1.68954001271,0.464623503495,0.245454545455,0.981649817214,0.539907399468,0.263636363636,1.94000937205,1.06700515463,0.536363636364,NaN,NaN,NaN,NaN,NaN,NaN,0.466666666667,0.352941176471,6,0.0363636363636,0.260909090909,11,11,0,1,2,0,0.727272727273,0.272727272727,0,0,NaN,0,-0.181818181818,0,0,0,0,-0.186098599028,-0.102354229466,-0.0727272727273,0,0,0,NaN,NaN,NaN,NaN,NaN,NaN,-0.032380952381,-0.0470588235294,-2,-0.0121212121212,0.00535353535354,-0.0909090909091,0.0909090909091,0,19,1,1,89,0.95,0.988888888889,0.0111111111111,0.05,0.95,0.95,0.95,0.938888888889,0.938888888889,0.904761904762,4,4,0,0,0,0
3334,WLNM_dir_neg,0.875,0.561011904762,00:00:00,10,80,21,1178364370,threshold_sweep,0.4,0.75,0.75,0.75,3,1,1,7,0.75,0.875,0.125,0.25,0.75,0.75,0.75,0.833333333333,0.555555555556,0.625,0.625,0.625,20,16,4,0,20,0,16,0,4,11,20,0.181818181818,3.04338842975,3.63636363636,2,2.5,1.68954001271,0.464623503495,0.245454545455,1.16774841624,0.642261628933,0.336363636364,1.94000937205,1.06700515463,0.536363636364,1.05689877454,0.347276990411,3.54545454545,3.04338842975,1.05689877454,3.54545454545,0.499047619048,0.4,8,0.0484848484848,0.255555555556,11,11,11,1,0,0.0909090909091,0.636363636364,0.272727272727,11,0.145454545455,3.24545454545,2.90909090909,1.6,2,1.3751033019,0.47269176003,0.238636363636,0.820199532265,0.563887178432,0.284090909091,1.50755672289,1.03644524699,0.511363636364,1.24848999705,0.384688794608,4.4,3.24545454545,1.24848999705,4.4,0.206666666667,0.0857142857143,1,0.00606060606061,0.216666666667,11,11,11,1,0,0.0909090909091,0.636363636364,0.272727272727,11,20,0.181818181818,NaN,3.63636363636,1.81818181818,2.5,1.68954001271,0.464623503495,0.245454545455,0.981649817214,0.539907399468,0.263636363636,1.94000937205,1.06700515463,0.536363636364,NaN,NaN,NaN,NaN,NaN,NaN,0.466666666667,0.352941176471,6,0.0363636363636,0.260909090909,11,11,0,1,2,0,0.727272727273,0.272727272727,0,0,NaN,0,-0.181818181818,0,0,0,0,-0.186098599028,-0.102354229466,-0.0727272727273,0,0,0,NaN,NaN,NaN,NaN,NaN,NaN,-0.032380952381,-0.0470588235294,-2,-0.0121212121212,0.00535353535354,-0.0909090909091,0.0909090909091,0,19,1,1,89,0.95,0.988888888889,0.0111111111111,0.05,0.95,0.95,0.95,0.938888888889,0.938888888889,0.904761904762,4,4,0,0,0,0
3335,WLNM_dir_neg,0.875,0.561011904762,00:00:00,10,80,21,1178364370,threshold_sweep,0.5,0.666666666667,0.5,0.571428571429,2,1,2,7,0.5,0.875,0.125,0.5,0.666666666667,0.5,0.571428571429,0.75,0.583333333333,0.4,0.408248290464,0.375,20,16,4,0,20,0,16,0,4,11,20,0.181818181818,3.04338842975,3.63636363636,2,2.5,1.68954001271,0.464623503495,0.245454545455,1.16774841624,0.642261628933,0.336363636364,1.94000937205,1.06700515463,0.536363636364,1.05689877454,0.347276990411,3.54545454545,3.04338842975,1.05689877454,3.54545454545,0.499047619048,0.4,8,0.0484848484848,0.255555555556,11,11,11,1,0,0.0909090909091,0.636363636364,0.272727272727,11,0.145454545455,3.24545454545,2.90909090909,1.6,2,1.3751033019,0.47269176003,0.238636363636,0.820199532265,0.563887178432,0.284090909091,1.50755672289,1.03644524699,0.511363636364,1.24848999705,0.384688794608,4.4,3.24545454545,1.24848999705,4.4,0.206666666667,0.0857142857143,1,0.00606060606061,0.216666666667,11,11,11,1,0,0.0909090909091,0.636363636364,0.272727272727,11,19,0.172727272727,NaN,3.45454545455,1.72727272727,2.375,1.7529196424,0.507424107012,0.267942583732,1.00904995822,0.584186817916,0.277511961722,1.90215189146,1.1012458319,0.545454545455,NaN,NaN,NaN,NaN,NaN,NaN,0.46,0.31914893617,5,0.030303030303,0.279090909091,11,11,0,1,2,0,0.727272727273,0.272727272727,-1,-0.00909090909091,NaN,-0.181818181818,-0.272727272727,-0.125,0.0633796296952,0.0428006035168,0.0224880382775,-0.158698458023,-0.058074811017,-0.0588516746411,-0.0378574805894,0.0342406772707,0.00909090909091,NaN,NaN,NaN,NaN,NaN,NaN,-0.0390476190476,-0.0808510638298,-3,-0.0181818181818,0.0235353535354,-0.0909090909091,0.0909090909091,0,18,1,2,89,0.9,0.988888888889,0.0111111111111,0.1,0.947368421053,0.9,0.923076923077,0.906956031802,0.888888888889,0.857142857143,3,4,0,0,0,0
3336,WLNM_dir_neg,0.875,0.561011904762,00:00:00,10,80,21,1178364370,threshold_sweep,0.6,0.666666666667,0.5,0.571428571429,2,1,2,7,0.5,0.875,0.125,0.5,0.666666666667,0.5,0.571428571429,0.75,0.583333333333,0.4,0.408248290464,0.375,20,16,4,0,20,0,16,0,4,11,20,0.181818181818,3.04338842975,3.63636363636,2,2.5,1.68954001271,0.464623503495,0.245454545455,1.16774841624,0.642261628933,0.336363636364,1.94000937205,1.06700515463,0.536363636364,1.05689877454,0.347276990411,3.54545454545,3.04338842975,1.05689877454,3.54545454545,0.499047619048,0.4,8,0.0484848484848,0.255555555556,11,11,11,1,0,0.0909090909091,0.636363636364,0.272727272727,11,0.145454545455,3.24545454545,2.90909090909,1.6,2,1.3751033019,0.47269176003,0.238636363636,0.820199532265,0.563887178432,0.284090909091,1.50755672289,1.03644524699,0.511363636364,1.24848999705,0.384688794608,4.4,3.24545454545,1.24848999705,4.4,0.206666666667,0.0857142857143,1,0.00606060606061,0.216666666667,11,11,11,1,0,0.0909090909091,0.636363636364,0.272727272727,11,19,0.172727272727,NaN,3.45454545455,1.72727272727,2.375,1.7529196424,0.507424107012,0.267942583732,1.00904995822,0.584186817916,0.277511961722,1.90215189146,1.1012458319,0.545454545455,NaN,NaN,NaN,NaN,NaN,NaN,0.46,0.31914893617,5,0.030303030303,0.279090909091,11,11,0,1,2,0,0.727272727273,0.272727272727,-1,-0.00909090909091,NaN,-0.181818181818,-0.272727272727,-0.125,0.0633796296952,0.0428006035168,0.0224880382775,-0.158698458023,-0.058074811017,-0.0588516746411,-0.0378574805894,0.0342406772707,0.00909090909091,NaN,NaN,NaN,NaN,NaN,NaN,-0.0390476190476,-0.0808510638298,-3,-0.0181818181818,0.0235353535354,-0.0909090909091,0.0909090909091,0,18,1,2,89,0.9,0.988888888889,0.0111111111111,0.1,0.947368421053,0.9,0.923076923077,0.906956031802,0.888888888889,0.857142857143,3,4,0,0,0,0
3337,WLNM_dir_neg,0.875,0.561011904762,00:00:00,10,80,21,1178364370,threshold_sweep,0.7,0.666666666667,0.5,0.571428571429,2,1,2,7,0.5,0.875,0.125,0.5,0.666666666667,0.5,0.571428571429,0.75,0.583333333333,0.4,0.408248290464,0.375,20,16,4,0,20,0,16,0,4,11,20,0.181818181818,3.04338842975,3.63636363636,2,2.5,1.68954001271,0.464623503495,0.245454545455,1.16774841624,0.642261628933,0.336363636364,1.94000937205,1.06700515463,0.536363636364,1.05689877454,0.347276990411,3.54545454545,3.04338842975,1.05689877454,3.54545454545,0.499047619048,0.4,8,0.0484848484848,0.255555555556,11,11,11,1,0,0.0909090909091,0.636363636364,0.272727272727,11,0.145454545455,3.24545454545,2.90909090909,1.6,2,1.3751033019,0.47269176003,0.238636363636,0.820199532265,0.563887178432,0.284090909091,1.50755672289,1.03644524699,0.511363636364,1.24848999705,0.384688794608,4.4,3.24545454545,1.24848999705,4.4,0.206666666667,0.0857142857143,1,0.00606060606061,0.216666666667,11,11,11,1,0,0.0909090909091,0.636363636364,0.272727272727,11,19,0.172727272727,NaN,3.45454545455,1.72727272727,2.375,1.7529196424,0.507424107012,0.267942583732,1.00904995822,0.584186817916,0.277511961722,1.90215189146,1.1012458319,0.545454545455,NaN,NaN,NaN,NaN,NaN,NaN,0.46,0.31914893617,5,0.030303030303,0.279090909091,11,11,0,1,2,0,0.727272727273,0.272727272727,-1,-0.00909090909091,NaN,-0.181818181818,-0.272727272727,-0.125,0.0633796296952,0.0428006035168,0.0224880382775,-0.158698458023,-0.058074811017,-0.0588516746411,-0.0378574805894,0.0342406772707,0.00909090909091,NaN,NaN,NaN,NaN,NaN,NaN,-0.0390476190476,-0.0808510638298,-3,-0.0181818181818,0.0235353535354,-0.0909090909091,0.0909090909091,0,18,1,2,89,0.9,0.988888888889,0.0111111111111,0.1,0.947368421053,0.9,0.923076923077,0.906956031802,0.888888888889,0.857142857143,3,4,0,0,0,0
3338,WLNM_dir_neg,0.875,0.561011904762,00:00:00,10,80,21,1178364370,threshold_sweep,0.8,0.666666666667,0.5,0.571428571429,2,1,2,7,0.5,0.875,0.125,0.5,0.666666666667,0.5,0.571428571429,0.75,0.583333333333,0.4,0.408248290464,0.375,20,16,4,0,20,0,16,0,4,11,20,0.181818181818,3.04338842975,3.63636363636,2,2.5,1.68954001271,0.464623503495,0.245454545455,1.16774841624,0.642261628933,0.336363636364,1.94000937205,1.06700515463,0.536363636364,1.05689877454,0.347276990411,3.54545454545,3.04338842975,1.05689877454,3.54545454545,0.499047619048,0.4,8,0.0484848484848,0.255555555556,11,11,11,1,0,0.0909090909091,0.636363636364,0.272727272727,11,0.145454545455,3.24545454545,2.90909090909,1.6,2,1.3751033019,0.47269176003,0.238636363636,0.820199532265,0.563887178432,0.284090909091,1.50755672289,1.03644524699,0.511363636364,1.24848999705,0.384688794608,4.4,3.24545454545,1.24848999705,4.4,0.206666666667,0.0857142857143,1,0.00606060606061,0.216666666667,11,11,11,1,0,0.0909090909091,0.636363636364,0.272727272727,11,19,0.172727272727,NaN,3.45454545455,1.72727272727,2.375,1.7529196424,0.507424107012,0.267942583732,1.00904995822,0.584186817916,0.277511961722,1.90215189146,1.1012458319,0.545454545455,NaN,NaN,NaN,NaN,NaN,NaN,0.46,0.31914893617,5,0.030303030303,0.279090909091,11,11,0,1,2,0,0.727272727273,0.272727272727,-1,-0.00909090909091,NaN,-0.181818181818,-0.272727272727,-0.125,0.0633796296952,0.0428006035168,0.0224880382775,-0.158698458023,-0.058074811017,-0.0588516746411,-0.0378574805894,0.0342406772707,0.00909090909091,NaN,NaN,NaN,NaN,NaN,NaN,-0.0390476190476,-0.0808510638298,-3,-0.0181818181818,0.0235353535354,-0.0909090909091,0.0909090909091,0,18,1,2,89,0.9,0.988888888889,0.0111111111111,0.1,0.947368421053,0.9,0.923076923077,0.906956031802,0.888888888889,0.857142857143,3,4,0,0,0,0
3339,WLNM_dir_neg,0.875,0.561011904762,00:00:00,10,80,21,1178364370,threshold_sweep,0.9,0.666666666667,0.5,0.571428571429,2,1,2,7,0.5,0.875,0.125,0.5,0.666666666667,0.5,0.571428571429,0.75,0.583333333333,0.4,0.408248290464,0.375,20,16,4,0,20,0,16,0,4,11,20,0.181818181818,3.04338842975,3.63636363636,2,2.5,1.68954001271,0.464623503495,0.245454545455,1.16774841624,0.642261628933,0.336363636364,1.94000937205,1.06700515463,0.536363636364,1.05689877454,0.347276990411,3.54545454545,3.04338842975,1.05689877454,3.54545454545,0.499047619048,0.4,8,0.0484848484848,0.255555555556,11,11,11,1,0,0.0909090909091,0.636363636364,0.272727272727,11,0.145454545455,3.24545454545,2.90909090909,1.6,2,1.3751033019,0.47269176003,0.238636363636,0.820199532265,0.563887178432,0.284090909091,1.50755672289,1.03644524699,0.511363636364,1.24848999705,0.384688794608,4.4,3.24545454545,1.24848999705,4.4,0.206666666667,0.0857142857143,1,0.00606060606061,0.216666666667,11,11,11,1,0,0.0909090909091,0.636363636364,0.272727272727,11,19,0.172727272727,NaN,3.45454545455,1.72727272727,2.375,1.7529196424,0.507424107012,0.267942583732,1.00904995822,0.584186817916,0.277511961722,1.90215189146,1.1012458319,0.545454545455,NaN,NaN,NaN,NaN,NaN,NaN,0.46,0.31914893617,5,0.030303030303,0.279090909091,11,11,0,1,2,0,0.727272727273,0.272727272727,-1,-0.00909090909091,NaN,-0.181818181818,-0.272727272727,-0.125,0.0633796296952,0.0428006035168,0.0224880382775,-0.158698458023,-0.058074811017,-0.0588516746411,-0.0378574805894,0.0342406772707,0.00909090909091,NaN,NaN,NaN,NaN,NaN,NaN,-0.0390476190476,-0.0808510638298,-3,-0.0181818181818,0.0235353535354,-0.0909090909091,0.0909090909091,0,18,1,2,89,0.9,0.988888888889,0.0111111111111,0.1,0.947368421053,0.9,0.923076923077,0.906956031802,0.888888888889,0.857142857143,3,4,0,0,0,0
3340,WLNM_dir_neg,0.8125,0.477678571429,00:00:00,10,80,22,1178364371,threshold_sweep,0.1,0.75,0.75,0.75,3,1,1,7,0.75,0.875,0.125,0.25,0.75,0.75,0.75,0.833333333333,0.555555555556,0.625,0.625,0.625,20,16,4,0,20,0,16,0,4,11,20,0.181818181818,3.04338842975,3.63636363636,2,2.5,1.68954001271,0.464623503495,0.245454545455,1.16774841624,0.642261628933,0.336363636364,1.94000937205,1.06700515463,0.536363636364,1.05689877454,0.347276990411,3.54545454545,3.04338842975,1.05689877454,3.54545454545,0.499047619048,0.4,8,0.0484848484848,0.255555555556,11,11,11,1,0,0.0909090909091,0.636363636364,0.272727272727,11,0.145454545455,3.22727272727,2.90909090909,1.6,2,1.70026735866,0.584466904538,0.3125,0.934198732994,0.642261628933,0.318181818182,1.63484778274,1.12395785063,0.534090909091,1.12196560472,0.34765131414,3.875,3.22727272727,1.12196560472,3.875,0.191666666667,0.153846153846,2,0.0121212121212,0.265555555556,11,11,11,1,0,0.0909090909091,0.636363636364,0.272727272727,11,20,0.181818181818,3.47038567493,3.63636363636,2,2.5,1.62927758671,0.448051336344,0.236363636364,1.07871977994,0.593295878968,0.3,1.72152152575,0.946836839165,0.5,1.47751922786,0.425750728092,4.48484848485,3.47038567493,1.47751922786,4.48484848485,0.466666666667,0.352941176471,6,0.0363636363636,0.204814814815,11,11,11,1,0,0.0909090909091,0.636363636364,0.272727272727,0,0,0.426997245179,0,0,0,-0.0602624260023,-0.0165721671506,-0.00909090909091,-0.0890286363011,-0.0489657499656,-0.0363636363636,-0.218487846294,-0.120168315462,-0.0363636363636,0.420620453326,0.0784737376808,0.939393939394,0.426997245179,0.420620453326,0.939393939394,-0.032380952381,-0.0470588235294,-2,-0.0121212121212,-0.0507407407407,0,0,0,19,1,1,89,0.95,0.988888888889,0.0111111111111,0.05,0.95,0.95,0.95,0.938888888889,0.938888888889,0.904761904762,4,4,0,0,0,0
3341,WLNM_dir_neg,0.8125,0.477678571429,00:00:00,10,80,22,1178364371,threshold_sweep,0.2,0.666666666667,0.5,0.571428571429,2,1,2,7,0.5,0.875,0.125,0.5,0.666666666667,0.5,0.571428571429,0.75,0.583333333333,0.4,0.408248290464,0.375,20,16,4,0,20,0,16,0,4,11,20,0.181818181818,3.04338842975,3.63636363636,2,2.5,1.68954001271,0.464623503495,0.245454545455,1.16774841624,0.642261628933,0.336363636364,1.94000937205,1.06700515463,0.536363636364,1.05689877454,0.347276990411,3.54545454545,3.04338842975,1.05689877454,3.54545454545,0.499047619048,0.4,8,0.0484848484848,0.255555555556,11,11,11,1,0,0.0909090909091,0.636363636364,0.272727272727,11,0.145454545455,3.22727272727,2.90909090909,1.6,2,1.70026735866,0.584466904538,0.3125,0.934198732994,0.642261628933,0.318181818182,1.63484778274,1.12395785063,0.534090909091,1.12196560472,0.34765131414,3.875,3.22727272727,1.12196560472,3.875,0.191666666667,0.153846153846,2,0.0121212121212,0.265555555556,11,11,11,1,0,0.0909090909091,0.636363636364,0.272727272727,11,19,0.172727272727,3.45727272727,3.45454545455,1.9,2.375,1.50755672289,0.436397998731,0.234449760766,0.904534033733,0.523677598477,0.267942583732,1.67874411933,0.971904490138,0.507177033493,1.45945257483,0.422139845468,4.4,3.45727272727,1.45945257483,4.4,0.366666666667,0.266666666667,4,0.0242424242424,0.197037037037,11,11,11,1,0,0.0909090909091,0.636363636364,0.272727272727,-1,-0.00909090909091,0.413884297521,-0.181818181818,-0.1,-0.125,-0.18198328982,-0.0282255047641,-0.011004784689,-0.263214382509,-0.118584030456,-0.0684210526316,-0.26126525272,-0.0951006644889,-0.0291866028708,0.402553800294,0.0748628550566,0.854545454545,0.413884297521,0.402553800294,0.854545454545,-0.132380952381,-0.133333333333,-4,-0.0242424242424,-0.0585185185185,0,0,0,18,1,2,89,0.9,0.988888888889,0.0111111111111,0.1,0.947368421053,0.9,0.923076923077,0.906956031802,0.888888888889,0.857142857143,3,4,0,0,0,0
3342,WLNM_dir_neg,0.8125,0.477678571429,00:00:00,10,80,22,1178364371,threshold_sweep,0.3,0.666666666667,0.5,0.571428571429,2,1,2,7,0.5,0.875,0.125,0.5,0.666666666667,0.5,0.571428571429,0.75,0.583333333333,0.4,0.408248290464,0.375,20,16,4,0,20,0,16,0,4,11,20,0.181818181818,3.04338842975,3.63636363636,2,2.5,1.68954001271,0.464623503495,0.245454545455,1.16774841624,0.642261628933,0.336363636364,1.94000937205,1.06700515463,0.536363636364,1.05689877454,0.347276990411,3.54545454545,3.04338842975,1.05689877454,3.54545454545,0.499047619048,0.4,8,0.0484848484848,0.255555555556,11,11,11,1,0,0.0909090909091,0.636363636364,0.272727272727,11,0.145454545455,3.22727272727,2.90909090909,1.6,2,1.70026735866,0.584466904538,0.3125,0.934198732994,0.642261628933,0.318181818182,1.63484778274,1.12395785063,0.534090909091,1.12196560472,0.34765131414,3.875,3.22727272727,1.12196560472,3.875,0.191666666667,0.153846153846,2,0.0121212121212,0.265555555556,11,11,11,1,0,0.0909090909091,0.636363636364,0.272727272727,11,19,0.172727272727,3.45727272727,3.45454545455,1.9,2.375,1.50755672289,0.436397998731,0.234449760766,0.904534033733,0.523677598477,0.267942583732,1.67874411933,0.971904490138,0.507177033493,1.45945257483,0.422139845468,4.4,3.45727272727,1.45945257483,4.4,0.366666666667,0.266666666667,4,0.0242424242424,0.197037037037,11,11,11,1,0,0.0909090909091,0.636363636364,0.272727272727,-1,-0.00909090909091,0.413884297521,-0.181818181818,-0.1,-0.125,-0.18198328982,-0.0282255047641,-0.011004784689,-0.263214382509,-0.118584030456,-0.0684210526316,-0.26126525272,-0.0951006644889,-0.0291866028708,0.402553800294,0.0748628550566,0.854545454545,0.413884297521,0.402553800294,0.854545454545,-0.132380952381,-0.133333333333,-4,-0.0242424242424,-0.0585185185185,0,0,0,18,1,2,89,0.9,0.988888888889,0.0111111111111,0.1,0.947368421053,0.9,0.923076923077,0.906956031802,0.888888888889,0.857142857143,3,4,0,0,0,0
3343,WLNM_dir_neg,0.8125,0.477678571429,00:00:00,10,80,22,1178364371,threshold_sweep,0.4,0.666666666667,0.5,0.571428571429,2,1,2,7,0.5,0.875,0.125,0.5,0.666666666667,0.5,0.571428571429,0.75,0.583333333333,0.4,0.408248290464,0.375,20,16,4,0,20,0,16,0,4,11,20,0.181818181818,3.04338842975,3.63636363636,2,2.5,1.68954001271,0.464623503495,0.245454545455,1.16774841624,0.642261628933,0.336363636364,1.94000937205,1.06700515463,0.536363636364,1.05689877454,0.347276990411,3.54545454545,3.04338842975,1.05689877454,3.54545454545,0.499047619048,0.4,8,0.0484848484848,0.255555555556,11,11,11,1,0,0.0909090909091,0.636363636364,0.272727272727,11,0.145454545455,3.22727272727,2.90909090909,1.6,2,1.70026735866,0.584466904538,0.3125,0.934198732994,0.642261628933,0.318181818182,1.63484778274,1.12395785063,0.534090909091,1.12196560472,0.34765131414,3.875,3.22727272727,1.12196560472,3.875,0.191666666667,0.153846153846,2,0.0121212121212,0.265555555556,11,11,11,1,0,0.0909090909091,0.636363636364,0.272727272727,11,19,0.172727272727,3.45727272727,3.45454545455,1.9,2.375,1.50755672289,0.436397998731,0.234449760766,0.904534033733,0.523677598477,0.267942583732,1.67874411933,0.971904490138,0.507177033493,1.45945257483,0.422139845468,4.4,3.45727272727,1.45945257483,4.4,0.366666666667,0.266666666667,4,0.0242424242424,0.197037037037,11,11,11,1,0,0.0909090909091,0.636363636364,0.272727272727,-1,-0.00909090909091,0.413884297521,-0.181818181818,-0.1,-0.125,-0.18198328982,-0.0282255047641,-0.011004784689,-0.263214382509,-0.118584030456,-0.0684210526316,-0.26126525272,-0.0951006644889,-0.0291866028708,0.402553800294,0.0748628550566,0.854545454545,0.413884297521,0.402553800294,0.854545454545,-0.132380952381,-0.133333333333,-4,-0.0242424242424,-0.0585185185185,0,0,0,18,1,2,89,0.9,0.988888888889,0.0111111111111,0.1,0.947368421053,0.9,0.923076923077,0.906956031802,0.888888888889,0.857142857143,3,4,0,0,0,0
3344,WLNM_dir_neg,0.8125,0.477678571429,00:00:00,10,80,22,1178364371,threshold_sweep,0.5,0.666666666667,0.5,0.571428571429,2,1,2,7,0.5,0.875,0.125,0.5,0.666666666667,0.5,0.571428571429,0.75,0.583333333333,0.4,0.408248290464,0.375,20,16,4,0,20,0,16,0,4,11,20,0.181818181818,3.04338842975,3.63636363636,2,2.5,1.68954001271,0.464623503495,0.245454545455,1.16774841624,0.642261628933,0.336363636364,1.94000937205,1.06700515463,0.536363636364,1.05689877454,0.347276990411,3.54545454545,3.04338842975,1.05689877454,3.54545454545,0.499047619048,0.4,8,0.0484848484848,0.255555555556,11,11,11,1,0,0.0909090909091,0.636363636364,0.272727272727,11,0.145454545455,3.22727272727,2.90909090909,1.6,2,1.70026735866,0.584466904538,0.3125,0.934198732994,0.642261628933,0.318181818182,1.63484778274,1.12395785063,0.534090909091,1.12196560472,0.34765131414,3.875,3.22727272727,1.12196560472,3.875,0.191666666667,0.153846153846,2,0.0121212121212,0.265555555556,11,11,11,1,0,0.0909090909091,0.636363636364,0.272727272727,11,19,0.172727272727,3.45727272727,3.45454545455,1.9,2.375,1.50755672289,0.436397998731,0.234449760766,0.904534033733,0.523677598477,0.267942583732,1.67874411933,0.971904490138,0.507177033493,1.45945257483,0.422139845468,4.4,3.45727272727,1.45945257483,4.4,0.366666666667,0.266666666667,4,0.0242424242424,0.197037037037,11,11,11,1,0,0.0909090909091,0.636363636364,0.272727272727,-1,-0.00909090909091,0.413884297521,-0.181818181818,-0.1,-0.125,-0.18198328982,-0.0282255047641,-0.011004784689,-0.263214382509,-0.118584030456,-0.0684210526316,-0.26126525272,-0.0951006644889,-0.0291866028708,0.402553800294,0.0748628550566,0.854545454545,0.413884297521,0.402553800294,0.854545454545,-0.132380952381,-0.133333333333,-4,-0.0242424242424,-0.0585185185185,0,0,0,18,1,2,89,0.9,0.988888888889,0.0111111111111,0.1,0.947368421053,0.9,0.923076923077,0.906956031802,0.888888888889,0.857142857143,3,4,0,0,0,0
3345,WLNM_dir_neg,0.8125,0.477678571429,00:00:00,10,80,22,1178364371,threshold_sweep,0.6,0.666666666667,0.5,0.571428571429,2,1,2,7,0.5,0.875,0.125,0.5,0.666666666667,0.5,0.571428571429,0.75,0.583333333333,0.4,0.408248290464,0.375,20,16,4,0,20,0,16,0,4,11,20,0.181818181818,3.04338842975,3.63636363636,2,2.5,1.68954001271,0.464623503495,0.245454545455,1.16774841624,0.642261628933,0.336363636364,1.94000937205,1.06700515463,0.536363636364,1.05689877454,0.347276990411,3.54545454545,3.04338842975,1.05689877454,3.54545454545,0.499047619048,0.4,8,0.0484848484848,0.255555555556,11,11,11,1,0,0.0909090909091,0.636363636364,0.272727272727,11,0.145454545455,3.22727272727,2.90909090909,1.6,2,1.70026735866,0.584466904538,0.3125,0.934198732994,0.642261628933,0.318181818182,1.63484778274,1.12395785063,0.534090909091,1.12196560472,0.34765131414,3.875,3.22727272727,1.12196560472,3.875,0.191666666667,0.153846153846,2,0.0121212121212,0.265555555556,11,11,11,1,0,0.0909090909091,0.636363636364,0.272727272727,11,19,0.172727272727,3.45727272727,3.45454545455,1.9,2.375,1.50755672289,0.436397998731,0.234449760766,0.904534033733,0.523677598477,0.267942583732,1.67874411933,0.971904490138,0.507177033493,1.45945257483,0.422139845468,4.4,3.45727272727,1.45945257483,4.4,0.366666666667,0.266666666667,4,0.0242424242424,0.197037037037,11,11,11,1,0,0.0909090909091,0.636363636364,0.272727272727,-1,-0.00909090909091,0.413884297521,-0.181818181818,-0.1,-0.125,-0.18198328982,-0.0282255047641,-0.011004784689,-0.263214382509,-0.118584030456,-0.0684210526316,-0.26126525272,-0.0951006644889,-0.0291866028708,0.402553800294,0.0748628550566,0.854545454545,0.413884297521,0.402553800294,0.854545454545,-0.132380952381,-0.133333333333,-4,-0.0242424242424,-0.0585185185185,0,0,0,18,1,2,89,0.9,0.988888888889,0.0111111111111,0.1,0.947368421053,0.9,0.923076923077,0.906956031802,0.888888888889,0.857142857143,3,4,0,0,0,0
3346,WLNM_dir_neg,0.8125,0.477678571429,00:00:00,10,80,22,1178364371,threshold_sweep,0.7,0.666666666667,0.5,0.571428571429,2,1,2,7,0.5,0.875,0.125,0.5,0.666666666667,0.5,0.571428571429,0.75,0.583333333333,0.4,0.408248290464,0.375,20,16,4,0,20,0,16,0,4,11,20,0.181818181818,3.04338842975,3.63636363636,2,2.5,1.68954001271,0.464623503495,0.245454545455,1.16774841624,0.642261628933,0.336363636364,1.94000937205,1.06700515463,0.536363636364,1.05689877454,0.347276990411,3.54545454545,3.04338842975,1.05689877454,3.54545454545,0.499047619048,0.4,8,0.0484848484848,0.255555555556,11,11,11,1,0,0.0909090909091,0.636363636364,0.272727272727,11,0.145454545455,3.22727272727,2.90909090909,1.6,2,1.70026735866,0.584466904538,0.3125,0.934198732994,0.642261628933,0.318181818182,1.63484778274,1.12395785063,0.534090909091,1.12196560472,0.34765131414,3.875,3.22727272727,1.12196560472,3.875,0.191666666667,0.153846153846,2,0.0121212121212,0.265555555556,11,11,11,1,0,0.0909090909091,0.636363636364,0.272727272727,11,19,0.172727272727,3.45727272727,3.45454545455,1.9,2.375,1.50755672289,0.436397998731,0.234449760766,0.904534033733,0.523677598477,0.267942583732,1.67874411933,0.971904490138,0.507177033493,1.45945257483,0.422139845468,4.4,3.45727272727,1.45945257483,4.4,0.366666666667,0.266666666667,4,0.0242424242424,0.197037037037,11,11,11,1,0,0.0909090909091,0.636363636364,0.272727272727,-1,-0.00909090909091,0.413884297521,-0.181818181818,-0.1,-0.125,-0.18198328982,-0.0282255047641,-0.011004784689,-0.263214382509,-0.118584030456,-0.0684210526316,-0.26126525272,-0.0951006644889,-0.0291866028708,0.402553800294,0.0748628550566,0.854545454545,0.413884297521,0.402553800294,0.854545454545,-0.132380952381,-0.133333333333,-4,-0.0242424242424,-0.0585185185185,0,0,0,18,1,2,89,0.9,0.988888888889,0.0111111111111,0.1,0.947368421053,0.9,0.923076923077,0.906956031802,0.888888888889,0.857142857143,3,4,0,0,0,0
3347,WLNM_dir_neg,0.8125,0.477678571429,00:00:00,10,80,22,1178364371,threshold_sweep,0.8,0.666666666667,0.5,0.571428571429,2,1,2,7,0.5,0.875,0.125,0.5,0.666666666667,0.5,0.571428571429,0.75,0.583333333333,0.4,0.408248290464,0.375,20,16,4,0,20,0,16,0,4,11,20,0.181818181818,3.04338842975,3.63636363636,2,2.5,1.68954001271,0.464623503495,0.245454545455,1.16774841624,0.642261628933,0.336363636364,1.94000937205,1.06700515463,0.536363636364,1.05689877454,0.347276990411,3.54545454545,3.04338842975,1.05689877454,3.54545454545,0.499047619048,0.4,8,0.0484848484848,0.255555555556,11,11,11,1,0,0.0909090909091,0.636363636364,0.272727272727,11,0.145454545455,3.22727272727,2.90909090909,1.6,2,1.70026735866,0.584466904538,0.3125,0.934198732994,0.642261628933,0.318181818182,1.63484778274,1.12395785063,0.534090909091,1.12196560472,0.34765131414,3.875,3.22727272727,1.12196560472,3.875,0.191666666667,0.153846153846,2,0.0121212121212,0.265555555556,11,11,11,1,0,0.0909090909091,0.636363636364,0.272727272727,11,19,0.172727272727,3.45727272727,3.45454545455,1.9,2.375,1.50755672289,0.436397998731,0.234449760766,0.904534033733,0.523677598477,0.267942583732,1.67874411933,0.971904490138,0.507177033493,1.45945257483,0.422139845468,4.4,3.45727272727,1.45945257483,4.4,0.366666666667,0.266666666667,4,0.0242424242424,0.197037037037,11,11,11,1,0,0.0909090909091,0.636363636364,0.272727272727,-1,-0.00909090909091,0.413884297521,-0.181818181818,-0.1,-0.125,-0.18198328982,-0.0282255047641,-0.011004784689,-0.263214382509,-0.118584030456,-0.0684210526316,-0.26126525272,-0.0951006644889,-0.0291866028708,0.402553800294,0.0748628550566,0.854545454545,0.413884297521,0.402553800294,0.854545454545,-0.132380952381,-0.133333333333,-4,-0.0242424242424,-0.0585185185185,0,0,0,18,1,2,89,0.9,0.988888888889,0.0111111111111,0.1,0.947368421053,0.9,0.923076923077,0.906956031802,0.888888888889,0.857142857143,3,4,0,0,0,0
3348,WLNM_dir_neg,0.8125,0.477678571429,00:00:00,10,80,22,1178364371,threshold_sweep,0.9,0.666666666667,0.5,0.571428571429,2,1,2,7,0.5,0.875,0.125,0.5,0.666666666667,0.5,0.571428571429,0.75,0.583333333333,0.4,0.408248290464,0.375,20,16,4,0,20,0,16,0,4,11,20,0.181818181818,3.04338842975,3.63636363636,2,2.5,1.68954001271,0.464623503495,0.245454545455,1.16774841624,0.642261628933,0.336363636364,1.94000937205,1.06700515463,0.536363636364,1.05689877454,0.347276990411,3.54545454545,3.04338842975,1.05689877454,3.54545454545,0.499047619048,0.4,8,0.0484848484848,0.255555555556,11,11,11,1,0,0.0909090909091,0.636363636364,0.272727272727,11,0.145454545455,3.22727272727,2.90909090909,1.6,2,1.70026735866,0.584466904538,0.3125,0.934198732994,0.642261628933,0.318181818182,1.63484778274,1.12395785063,0.534090909091,1.12196560472,0.34765131414,3.875,3.22727272727,1.12196560472,3.875,0.191666666667,0.153846153846,2,0.0121212121212,0.265555555556,11,11,11,1,0,0.0909090909091,0.636363636364,0.272727272727,11,19,0.172727272727,3.45727272727,3.45454545455,1.9,2.375,1.50755672289,0.436397998731,0.234449760766,0.904534033733,0.523677598477,0.267942583732,1.67874411933,0.971904490138,0.507177033493,1.45945257483,0.422139845468,4.4,3.45727272727,1.45945257483,4.4,0.366666666667,0.266666666667,4,0.0242424242424,0.197037037037,11,11,11,1,0,0.0909090909091,0.636363636364,0.272727272727,-1,-0.00909090909091,0.413884297521,-0.181818181818,-0.1,-0.125,-0.18198328982,-0.0282255047641,-0.011004784689,-0.263214382509,-0.118584030456,-0.0684210526316,-0.26126525272,-0.0951006644889,-0.0291866028708,0.402553800294,0.0748628550566,0.854545454545,0.413884297521,0.402553800294,0.854545454545,-0.132380952381,-0.133333333333,-4,-0.0242424242424,-0.0585185185185,0,0,0,18,1,2,89,0.9,0.988888888889,0.0111111111111,0.1,0.947368421053,0.9,0.923076923077,0.906956031802,0.888888888889,0.857142857143,3,4,0,0,0,0
3349,WLNM_dir_neg,0.65625,0.424255952381,00:00:00,10,80,23,1178364372,threshold_sweep,0.1,1,0.5,0.666666666667,2,0,2,8,0.5,1,0,0.5,1,0.5,0.666666666667,0.833333333333,0.611111111111,0.571428571429,0.632455532034,0.5,20,16,4,0,20,0,16,0,4,11,20,0.181818181818,3.04338842975,3.63636363636,2,2.5,1.68954001271,0.464623503495,0.245454545455,1.16774841624,0.642261628933,0.336363636364,1.94000937205,1.06700515463,0.536363636364,1.05689877454,0.347276990411,3.54545454545,3.04338842975,1.05689877454,3.54545454545,0.499047619048,0.4,8,0.0484848484848,0.255555555556,11,11,11,1,0,0.0909090909091,0.636363636364,0.272727272727,11,0.145454545455,3.25757575758,2.90909090909,1.6,2,1.64039906453,0.563887178432,0.267045454545,0.820199532265,0.563887178432,0.284090909091,1.7529196424,1.20513225415,0.545454545455,1.29916229593,0.398812611773,4.44444444444,3.25757575758,1.29916229593,4.44444444444,0.364285714286,0.225,3,0.0181818181818,0.242592592593,11,11,11,1,0,0.0909090909091,0.636363636364,0.272727272727,11,18,0.163636363636,3.11060606061,3.27272727273,1.8,2.25,1.67874411933,0.512949592017,0.262626262626,0.924416277737,0.564921058617,0.292929292929,1.91168654715,1.16825288992,0.555555555556,1.16595865963,0.374833275867,3.93333333333,3.11060606061,1.16595865963,3.93333333333,0.565714285714,0.36,6,0.0363636363636,0.245185185185,11,11,11,1,0,0.0909090909091,0.636363636364,0.272727272727,-2,-0.0181818181818,0.067217630854,-0.363636363636,-0.2,-0.25,-0.0107958933802,0.0483260885222,0.0171717171717,-0.243332138505,-0.0773405703161,-0.0434343434343,-0.0283228249009,0.101247735297,0.0191919191919,0.10905988509,0.0275562854552,0.387878787879,0.067217630854,0.10905988509,0.387878787879,0.0666666666667,-0.04,-2,-0.0121212121212,-0.0103703703704,0,0,0,18,0,2,90,0.9,1,0,0.1,1,0.9,0.947368421053,0.938314863257,0.9,0.9,2,4,0,0,0,0
3350,WLNM_dir_neg,0.65625,0.424255952381,00:00:00,10,80,23,1178364372,threshold_sweep,0.2,1,0.5,0.666666666667,2,0,2,8,0.5,1,0,0.5,1,0.5,0.666666666667,0.833333333333,0.611111111111,0.571428571429,0.632455532034,0.5,20,16,4,0,20,0,16,0,4,11,20,0.181818181818,3.04338842975,3.63636363636,2,2.5,1.68954001271,0.464623503495,0.245454545455,1.16774841624,0.642261628933,0.336363636364,1.94000937205,1.06700515463,0.536363636364,1.05689877454,0.347276990411,3.54545454545,3.04338842975,1.05689877454,3.54545454545,0.499047619048,0.4,8,0.0484848484848,0.255555555556,11,11,11,1,0,0.0909090909091,0.636363636364,0.272727272727,11,0.145454545455,3.25757575758,2.90909090909,1.6,2,1.64039906453,0.563887178432,0.267045454545,0.820199532265,0.563887178432,0.284090909091,1.7529196424,1.20513225415,0.545454545455,1.29916229593,0.398812611773,4.44444444444,3.25757575758,1.29916229593,4.44444444444,0.364285714286,0.225,3,0.0181818181818,0.242592592593,11,11,11,1,0,0.0909090909091,0.636363636364,0.272727272727,11,18,0.163636363636,3.11060606061,3.27272727273,1.8,2.25,1.67874411933,0.512949592017,0.262626262626,0.924416277737,0.564921058617,0.292929292929,1.91168654715,1.16825288992,0.555555555556,1.16595865963,0.374833275867,3.93333333333,3.11060606061,1.16595865963,3.93333333333,0.565714285714,0.36,6,0.0363636363636,0.245185185185,11,11,11,1,0,0.0909090909091,0.636363636364,0.272727272727,-2,-0.0181818181818,0.067217630854,-0.363636363636,-0.2,-0.25,-0.0107958933802,0.0483260885222,0.0171717171717,-0.243332138505,-0.0773405703161,-0.0434343434343,-0.0283228249009,0.101247735297,0.0191919191919,0.10905988509,0.0275562854552,0.387878787879,0.067217630854,0.10905988509,0.387878787879,0.0666666666667,-0.04,-2,-0.0121212121212,-0.0103703703704,0,0,0,18,0,2,90,0.9,1,0,0.1,1,0.9,0.947368421053,0.938314863257,0.9,0.9,2,4,0,0,0,0
3351,WLNM_dir_neg,0.65625,0.424255952381,00:00:00,10,80,23,1178364372,threshold_sweep,0.3,1,0.5,0.666666666667,2,0,2,8,0.5,1,0,0.5,1,0.5,0.666666666667,0.833333333333,0.611111111111,0.571428571429,0.632455532034,0.5,20,16,4,0,20,0,16,0,4,11,20,0.181818181818,3.04338842975,3.63636363636,2,2.5,1.68954001271,0.464623503495,0.245454545455,1.16774841624,0.642261628933,0.336363636364,1.94000937205,1.06700515463,0.536363636364,1.05689877454,0.347276990411,3.54545454545,3.04338842975,1.05689877454,3.54545454545,0.499047619048,0.4,8,0.0484848484848,0.255555555556,11,11,11,1,0,0.0909090909091,0.636363636364,0.272727272727,11,0.145454545455,3.25757575758,2.90909090909,1.6,2,1.64039906453,0.563887178432,0.267045454545,0.820199532265,0.563887178432,0.284090909091,1.7529196424,1.20513225415,0.545454545455,1.29916229593,0.398812611773,4.44444444444,3.25757575758,1.29916229593,4.44444444444,0.364285714286,0.225,3,0.0181818181818,0.242592592593,11,11,11,1,0,0.0909090909091,0.636363636364,0.272727272727,11,18,0.163636363636,3.11060606061,3.27272727273,1.8,2.25,1.67874411933,0.512949592017,0.262626262626,0.924416277737,0.564921058617,0.292929292929,1.91168654715,1.16825288992,0.555555555556,1.16595865963,0.374833275867,3.93333333333,3.11060606061,1.16595865963,3.93333333333,0.565714285714,0.36,6,0.0363636363636,0.245185185185,11,11,11,1,0,0.0909090909091,0.636363636364,0.272727272727,-2,-0.0181818181818,0.067217630854,-0.363636363636,-0.2,-0.25,-0.0107958933802,0.0483260885222,0.0171717171717,-0.243332138505,-0.0773405703161,-0.0434343434343,-0.0283228249009,0.101247735297,0.0191919191919,0.10905988509,0.0275562854552,0.387878787879,0.067217630854,0.10905988509,0.387878787879,0.0666666666667,-0.04,-2,-0.0121212121212,-0.0103703703704,0,0,0,18,0,2,90,0.9,1,0,0.1,1,0.9,0.947368421053,0.938314863257,0.9,0.9,2,4,0,0,0,0
3352,WLNM_dir_neg,0.65625,0.424255952381,00:00:00,10,80,23,1178364372,threshold_sweep,0.4,1,0.5,0.666666666667,2,0,2,8,0.5,1,0,0.5,1,0.5,0.666666666667,0.833333333333,0.611111111111,0.571428571429,0.632455532034,0.5,20,16,4,0,20,0,16,0,4,11,20,0.181818181818,3.04338842975,3.63636363636,2,2.5,1.68954001271,0.464623503495,0.245454545455,1.16774841624,0.642261628933,0.336363636364,1.94000937205,1.06700515463,0.536363636364,1.05689877454,0.347276990411,3.54545454545,3.04338842975,1.05689877454,3.54545454545,0.499047619048,0.4,8,0.0484848484848,0.255555555556,11,11,11,1,0,0.0909090909091,0.636363636364,0.272727272727,11,0.145454545455,3.25757575758,2.90909090909,1.6,2,1.64039906453,0.563887178432,0.267045454545,0.820199532265,0.563887178432,0.284090909091,1.7529196424,1.20513225415,0.545454545455,1.29916229593,0.398812611773,4.44444444444,3.25757575758,1.29916229593,4.44444444444,0.364285714286,0.225,3,0.0181818181818,0.242592592593,11,11,11,1,0,0.0909090909091,0.636363636364,0.272727272727,11,18,0.163636363636,3.11060606061,3.27272727273,1.8,2.25,1.67874411933,0.512949592017,0.262626262626,0.924416277737,0.564921058617,0.292929292929,1.91168654715,1.16825288992,0.555555555556,1.16595865963,0.374833275867,3.93333333333,3.11060606061,1.16595865963,3.93333333333,0.565714285714,0.36,6,0.0363636363636,0.245185185185,11,11,11,1,0,0.0909090909091,0.636363636364,0.272727272727,-2,-0.0181818181818,0.067217630854,-0.363636363636,-0.2,-0.25,-0.0107958933802,0.0483260885222,0.0171717171717,-0.243332138505,-0.0773405703161,-0.0434343434343,-0.0283228249009,0.101247735297,0.0191919191919,0.10905988509,0.0275562854552,0.387878787879,0.067217630854,0.10905988509,0.387878787879,0.0666666666667,-0.04,-2,-0.0121212121212,-0.0103703703704,0,0,0,18,0,2,90,0.9,1,0,0.1,1,0.9,0.947368421053,0.938314863257,0.9,0.9,2,4,0,0,0,0
3353,WLNM_dir_neg,0.65625,0.424255952381,00:00:00,10,80,23,1178364372,threshold_sweep,0.5,1,0.25,0.4,1,0,3,8,0.25,1,0,0.75,1,0.25,0.4,0.75,0.638888888889,0.307692307692,0.426401432711,0.25,20,16,4,0,20,0,16,0,4,11,20,0.181818181818,3.04338842975,3.63636363636,2,2.5,1.68954001271,0.464623503495,0.245454545455,1.16774841624,0.642261628933,0.336363636364,1.94000937205,1.06700515463,0.536363636364,1.05689877454,0.347276990411,3.54545454545,3.04338842975,1.05689877454,3.54545454545,0.499047619048,0.4,8,0.0484848484848,0.255555555556,11,11,11,1,0,0.0909090909091,0.636363636364,0.272727272727,11,0.145454545455,3.25757575758,2.90909090909,1.6,2,1.64039906453,0.563887178432,0.267045454545,0.820199532265,0.563887178432,0.284090909091,1.7529196424,1.20513225415,0.545454545455,1.29916229593,0.398812611773,4.44444444444,3.25757575758,1.29916229593,4.44444444444,0.364285714286,0.225,3,0.0181818181818,0.242592592593,11,11,11,1,0,0.0909090909091,0.636363636364,0.272727272727,11,17,0.154545454545,3.17878787879,3.09090909091,1.7,2.125,1.75809814598,0.568796458995,0.283422459893,0.934198732994,0.604481533114,0.310160427807,1.86352549559,1.2058106148,0.55614973262,1.16469096781,0.366394680056,3.93333333333,3.17878787879,1.16469096781,3.93333333333,0.560952380952,0.326086956522,5,0.030303030303,0.258148148148,11,11,11,1,0,0.0909090909091,0.636363636364,0.272727272727,-3,-0.0272727272727,0.135399449036,-0.545454545455,-0.3,-0.375,0.0685581332739,0.104172955499,0.0379679144385,-0.233549683248,-0.0377800958196,-0.0262032085561,-0.076483876455,0.138805460169,0.0197860962567,0.107792193276,0.0191176896442,0.387878787879,0.135399449036,0.107792193276,0.387878787879,0.0619047619048,-0.0739130434783,-3,-0.0181818181818,0.00259259259259,0,0,0,17,0,3,90,0.85,1,0,0.15,1,0.85,0.918918918919,0.906962317388,0.85,0.85,1,4,0,0,0,0
3354,WLNM_dir_neg,0.65625,0.424255952381,00:00:00,10,80,23,1178364372,threshold_sweep,0.6,1,0.25,0.4,1,0,3,8,0.25,1,0,0.75,1,0.25,0.4,0.75,0.638888888889,0.307692307692,0.426401432711,0.25,20,16,4,0,20,0,16,0,4,11,20,0.181818181818,3.04338842975,3.63636363636,2,2.5,1.68954001271,0.464623503495,0.245454545455,1.16774841624,0.642261628933,0.336363636364,1.94000937205,1.06700515463,0.536363636364,1.05689877454,0.347276990411,3.54545454545,3.04338842975,1.05689877454,3.54545454545,0.499047619048,0.4,8,0.0484848484848,0.255555555556,11,11,11,1,0,0.0909090909091,0.636363636364,0.272727272727,11,0.145454545455,3.25757575758,2.90909090909,1.6,2,1.64039906453,0.563887178432,0.267045454545,0.820199532265,0.563887178432,0.284090909091,1.7529196424,1.20513225415,0.545454545455,1.29916229593,0.398812611773,4.44444444444,3.25757575758,1.29916229593,4.44444444444,0.364285714286,0.225,3,0.0181818181818,0.242592592593,11,11,11,1,0,0.0909090909091,0.636363636364,0.272727272727,11,17,0.154545454545,3.17878787879,3.09090909091,1.7,2.125,1.75809814598,0.568796458995,0.283422459893,0.934198732994,0.604481533114,0.310160427807,1.86352549559,1.2058106148,0.55614973262,1.16469096781,0.366394680056,3.93333333333,3.17878787879,1.16469096781,3.93333333333,0.560952380952,0.326086956522,5,0.030303030303,0.258148148148,11,11,11,1,0,0.0909090909091,0.636363636364,0.272727272727,-3,-0.0272727272727,0.135399449036,-0.545454545455,-0.3,-0.375,0.0685581332739,0.104172955499,0.0379679144385,-0.233549683248,-0.0377800958196,-0.0262032085561,-0.076483876455,0.138805460169,0.0197860962567,0.107792193276,0.0191176896442,0.387878787879,0.135399449036,0.107792193276,0.387878787879,0.0619047619048,-0.0739130434783,-3,-0.0181818181818,0.00259259259259,0,0,0,17,0,3,90,0.85,1,0,0.15,1,0.85,0.918918918919,0.906962317388,0.85,0.85,1,4,0,0,0,0
3355,WLNM_dir_neg,0.65625,0.424255952381,00:00:00,10,80,23,1178364372,threshold_sweep,0.7,1,0.25,0.4,1,0,3,8,0.25,1,0,0.75,1,0.25,0.4,0.75,0.638888888889,0.307692307692,0.426401432711,0.25,20,16,4,0,20,0,16,0,4,11,20,0.181818181818,3.04338842975,3.63636363636,2,2.5,1.68954001271,0.464623503495,0.245454545455,1.16774841624,0.642261628933,0.336363636364,1.94000937205,1.06700515463,0.536363636364,1.05689877454,0.347276990411,3.54545454545,3.04338842975,1.05689877454,3.54545454545,0.499047619048,0.4,8,0.0484848484848,0.255555555556,11,11,11,1,0,0.0909090909091,0.636363636364,0.272727272727,11,0.145454545455,3.25757575758,2.90909090909,1.6,2,1.64039906453,0.563887178432,0.267045454545,0.820199532265,0.563887178432,0.284090909091,1.7529196424,1.20513225415,0.545454545455,1.29916229593,0.398812611773,4.44444444444,3.25757575758,1.29916229593,4.44444444444,0.364285714286,0.225,3,0.0181818181818,0.242592592593,11,11,11,1,0,0.0909090909091,0.636363636364,0.272727272727,11,17,0.154545454545,3.17878787879,3.09090909091,1.7,2.125,1.75809814598,0.568796458995,0.283422459893,0.934198732994,0.604481533114,0.310160427807,1.86352549559,1.2058106148,0.55614973262,1.16469096781,0.366394680056,3.93333333333,3.17878787879,1.16469096781,3.93333333333,0.560952380952,0.326086956522,5,0.030303030303,0.258148148148,11,11,11,1,0,0.0909090909091,0.636363636364,0.272727272727,-3,-0.0272727272727,0.135399449036,-0.545454545455,-0.3,-0.375,0.0685581332739,0.104172955499,0.0379679144385,-0.233549683248,-0.0377800958196,-0.0262032085561,-0.076483876455,0.138805460169,0.0197860962567,0.107792193276,0.0191176896442,0.387878787879,0.135399449036,0.107792193276,0.387878787879,0.0619047619048,-0.0739130434783,-3,-0.0181818181818,0.00259259259259,0,0,0,17,0,3,90,0.85,1,0,0.15,1,0.85,0.918918918919,0.906962317388,0.85,0.85,1,4,0,0,0,0
3356,WLNM_dir_neg,0.65625,0.424255952381,00:00:00,10,80,23,1178364372,threshold_sweep,0.8,1,0.25,0.4,1,0,3,8,0.25,1,0,0.75,1,0.25,0.4,0.75,0.638888888889,0.307692307692,0.426401432711,0.25,20,16,4,0,20,0,16,0,4,11,20,0.181818181818,3.04338842975,3.63636363636,2,2.5,1.68954001271,0.464623503495,0.245454545455,1.16774841624,0.642261628933,0.336363636364,1.94000937205,1.06700515463,0.536363636364,1.05689877454,0.347276990411,3.54545454545,3.04338842975,1.05689877454,3.54545454545,0.499047619048,0.4,8,0.0484848484848,0.255555555556,11,11,11,1,0,0.0909090909091,0.636363636364,0.272727272727,11,0.145454545455,3.25757575758,2.90909090909,1.6,2,1.64039906453,0.563887178432,0.267045454545,0.820199532265,0.563887178432,0.284090909091,1.7529196424,1.20513225415,0.545454545455,1.29916229593,0.398812611773,4.44444444444,3.25757575758,1.29916229593,4.44444444444,0.364285714286,0.225,3,0.0181818181818,0.242592592593,11,11,11,1,0,0.0909090909091,0.636363636364,0.272727272727,11,17,0.154545454545,3.17878787879,3.09090909091,1.7,2.125,1.75809814598,0.568796458995,0.283422459893,0.934198732994,0.604481533114,0.310160427807,1.86352549559,1.2058106148,0.55614973262,1.16469096781,0.366394680056,3.93333333333,3.17878787879,1.16469096781,3.93333333333,0.560952380952,0.326086956522,5,0.030303030303,0.258148148148,11,11,11,1,0,0.0909090909091,0.636363636364,0.272727272727,-3,-0.0272727272727,0.135399449036,-0.545454545455,-0.3,-0.375,0.0685581332739,0.104172955499,0.0379679144385,-0.233549683248,-0.0377800958196,-0.0262032085561,-0.076483876455,0.138805460169,0.0197860962567,0.107792193276,0.0191176896442,0.387878787879,0.135399449036,0.107792193276,0.387878787879,0.0619047619048,-0.0739130434783,-3,-0.0181818181818,0.00259259259259,0,0,0,17,0,3,90,0.85,1,0,0.15,1,0.85,0.918918918919,0.906962317388,0.85,0.85,1,4,0,0,0,0
3357,WLNM_dir_neg,0.65625,0.424255952381,00:00:00,10,80,23,1178364372,threshold_sweep,0.9,1,0.25,0.4,1,0,3,8,0.25,1,0,0.75,1,0.25,0.4,0.75,0.638888888889,0.307692307692,0.426401432711,0.25,20,16,4,0,20,0,16,0,4,11,20,0.181818181818,3.04338842975,3.63636363636,2,2.5,1.68954001271,0.464623503495,0.245454545455,1.16774841624,0.642261628933,0.336363636364,1.94000937205,1.06700515463,0.536363636364,1.05689877454,0.347276990411,3.54545454545,3.04338842975,1.05689877454,3.54545454545,0.499047619048,0.4,8,0.0484848484848,0.255555555556,11,11,11,1,0,0.0909090909091,0.636363636364,0.272727272727,11,0.145454545455,3.25757575758,2.90909090909,1.6,2,1.64039906453,0.563887178432,0.267045454545,0.820199532265,0.563887178432,0.284090909091,1.7529196424,1.20513225415,0.545454545455,1.29916229593,0.398812611773,4.44444444444,3.25757575758,1.29916229593,4.44444444444,0.364285714286,0.225,3,0.0181818181818,0.242592592593,11,11,11,1,0,0.0909090909091,0.636363636364,0.272727272727,11,17,0.154545454545,3.17878787879,3.09090909091,1.7,2.125,1.75809814598,0.568796458995,0.283422459893,0.934198732994,0.604481533114,0.310160427807,1.86352549559,1.2058106148,0.55614973262,1.16469096781,0.366394680056,3.93333333333,3.17878787879,1.16469096781,3.93333333333,0.560952380952,0.326086956522,5,0.030303030303,0.258148148148,11,11,11,1,0,0.0909090909091,0.636363636364,0.272727272727,-3,-0.0272727272727,0.135399449036,-0.545454545455,-0.3,-0.375,0.0685581332739,0.104172955499,0.0379679144385,-0.233549683248,-0.0377800958196,-0.0262032085561,-0.076483876455,0.138805460169,0.0197860962567,0.107792193276,0.0191176896442,0.387878787879,0.135399449036,0.107792193276,0.387878787879,0.0619047619048,-0.0739130434783,-3,-0.0181818181818,0.00259259259259,0,0,0,17,0,3,90,0.85,1,0,0.15,1,0.85,0.918918918919,0.906962317388,0.85,0.85,1,4,0,0,0,0
3358,WLNM_dir_neg,0.90625,0.585416666667,00:00:00,10,80,24,1178364373,threshold_sweep,0.1,0.666666666667,1,0.8,4,2,0,6,1,0.75,0.25,0,0.666666666667,1,0.8,0.833333333333,0.5,0.666666666667,0.707106781187,0.75,20,16,4,0,20,0,16,0,4,11,20,0.181818181818,3.04338842975,3.63636363636,2,2.5,1.68954001271,0.464623503495,0.245454545455,1.16774841624,0.642261628933,0.336363636364,1.94000937205,1.06700515463,0.536363636364,1.05689877454,0.347276990411,3.54545454545,3.04338842975,1.05689877454,3.54545454545,0.499047619048,0.4,8,0.0484848484848,0.255555555556,11,11,11,1,0,0.0909090909091,0.636363636364,0.272727272727,11,0.145454545455,3.23484848485,2.90909090909,1.6,2,1.70026735866,0.584466904538,0.289772727273,0.820199532265,0.563887178432,0.284090909091,1.7529196424,1.20513225415,0.545454545455,1.28700554669,0.397856515605,4.44444444444,3.23484848485,1.28700554669,4.44444444444,0.330687830688,0.219512195122,3,0.0181818181818,0.242592592593,11,11,11,1,0,0.0909090909091,0.636363636364,0.272727272727,11,22,0.2,7.43044077135,4,2.2,2.75,2.2360679775,0.559016994375,0.289256198347,1.18321595662,0.59160797831,0.314049586777,2.04939015319,1.0246950766,0.528925619835,2.66987758259,0.359316178508,9.06060606061,7.43044077135,2.66987758259,9.06060606061,0.528095238095,0.428571428571,10,0.0606060606061,0.267777777778,11,11,11,1,0,0.0909090909091,0.636363636364,0.272727272727,2,0.0181818181818,4.3870523416,0.363636363636,0.2,0.25,0.546527964791,0.0943934908799,0.0438016528926,0.0154675403776,-0.0506536506233,-0.0223140495868,0.109380781143,-0.0423100780308,-0.00743801652893,1.61297880806,0.012039188097,5.51515151515,4.3870523416,1.61297880806,5.51515151515,0.0290476190476,0.0285714285714,2,0.0121212121212,0.0122222222222,0,0,0,20,2,0,88,1,0.977777777778,0.0222222222222,0,0.909090909091,1,0.952380952381,0.942809041582,0.977777777778,0.909090909091,6,4,0,0,0,0
3359,WLNM_dir_neg,0.90625,0.585416666667,00:00:00,10,80,24,1178364373,threshold_sweep,0.2,0.666666666667,1,0.8,4,2,0,6,1,0.75,0.25,0,0.666666666667,1,0.8,0.833333333333,0.5,0.666666666667,0.707106781187,0.75,20,16,4,0,20,0,16,0,4,11,20,0.181818181818,3.04338842975,3.63636363636,2,2.5,1.68954001271,0.464623503495,0.245454545455,1.16774841624,0.642261628933,0.336363636364,1.94000937205,1.06700515463,0.536363636364,1.05689877454,0.347276990411,3.54545454545,3.04338842975,1.05689877454,3.54545454545,0.499047619048,0.4,8,0.0484848484848,0.255555555556,11,11,11,1,0,0.0909090909091,0.636363636364,0.272727272727,11,0.145454545455,3.23484848485,2.90909090909,1.6,2,1.70026735866,0.584466904538,0.289772727273,0.820199532265,0.563887178432,0.284090909091,1.7529196424,1.20513225415,0.545454545455,1.28700554669,0.397856515605,4.44444444444,3.23484848485,1.28700554669,4.44444444444,0.330687830688,0.219512195122,3,0.0181818181818,0.242592592593,11,11,11,1,0,0.0909090909091,0.636363636364,0.272727272727,11,22,0.2,7.43044077135,4,2.2,2.75,2.2360679775,0.559016994375,0.289256198347,1.18321595662,0.59160797831,0.314049586777,2.04939015319,1.0246950766,0.528925619835,2.66987758259,0.359316178508,9.06060606061,7.43044077135,2.66987758259,9.06060606061,0.528095238095,0.428571428571,10,0.0606060606061,0.267777777778,11,11,11,1,0,0.0909090909091,0.636363636364,0.272727272727,2,0.0181818181818,4.3870523416,0.363636363636,0.2,0.25,0.546527964791,0.0943934908799,0.0438016528926,0.0154675403776,-0.0506536506233,-0.0223140495868,0.109380781143,-0.0423100780308,-0.00743801652893,1.61297880806,0.012039188097,5.51515151515,4.3870523416,1.61297880806,5.51515151515,0.0290476190476,0.0285714285714,2,0.0121212121212,0.0122222222222,0,0,0,20,2,0,88,1,0.977777777778,0.0222222222222,0,0.909090909091,1,0.952380952381,0.942809041582,0.977777777778,0.909090909091,6,4,0,0,0,0
3360,WLNM_dir_neg,0.90625,0.585416666667,00:00:00,10,80,24,1178364373,threshold_sweep,0.3,0.666666666667,1,0.8,4,2,0,6,1,0.75,0.25,0,0.666666666667,1,0.8,0.833333333333,0.5,0.666666666667,0.707106781187,0.75,20,16,4,0,20,0,16,0,4,11,20,0.181818181818,3.04338842975,3.63636363636,2,2.5,1.68954001271,0.464623503495,0.245454545455,1.16774841624,0.642261628933,0.336363636364,1.94000937205,1.06700515463,0.536363636364,1.05689877454,0.347276990411,3.54545454545,3.04338842975,1.05689877454,3.54545454545,0.499047619048,0.4,8,0.0484848484848,0.255555555556,11,11,11,1,0,0.0909090909091,0.636363636364,0.272727272727,11,0.145454545455,3.23484848485,2.90909090909,1.6,2,1.70026735866,0.584466904538,0.289772727273,0.820199532265,0.563887178432,0.284090909091,1.7529196424,1.20513225415,0.545454545455,1.28700554669,0.397856515605,4.44444444444,3.23484848485,1.28700554669,4.44444444444,0.330687830688,0.219512195122,3,0.0181818181818,0.242592592593,11,11,11,1,0,0.0909090909091,0.636363636364,0.272727272727,11,22,0.2,7.43044077135,4,2.2,2.75,2.2360679775,0.559016994375,0.289256198347,1.18321595662,0.59160797831,0.314049586777,2.04939015319,1.0246950766,0.528925619835,2.66987758259,0.359316178508,9.06060606061,7.43044077135,2.66987758259,9.06060606061,0.528095238095,0.428571428571,10,0.0606060606061,0.267777777778,11,11,11,1,0,0.0909090909091,0.636363636364,0.272727272727,2,0.0181818181818,4.3870523416,0.363636363636,0.2,0.25,0.546527964791,0.0943934908799,0.0438016528926,0.0154675403776,-0.0506536506233,-0.0223140495868,0.109380781143,-0.0423100780308,-0.00743801652893,1.61297880806,0.012039188097,5.51515151515,4.3870523416,1.61297880806,5.51515151515,0.0290476190476,0.0285714285714,2,0.0121212121212,0.0122222222222,0,0,0,20,2,0,88,1,0.977777777778,0.0222222222222,0,0.909090909091,1,0.952380952381,0.942809041582,0.977777777778,0.909090909091,6,4,0,0,0,0
3361,WLNM_dir_neg,0.90625,0.585416666667,00:00:00,10,80,24,1178364373,threshold_sweep,0.4,0.6,0.75,0.666666666667,3,2,1,6,0.75,0.75,0.25,0.25,0.6,0.75,0.666666666667,0.75,0.527777777778,0.470588235294,0.478091443734,0.5,20,16,4,0,20,0,16,0,4,11,20,0.181818181818,3.04338842975,3.63636363636,2,2.5,1.68954001271,0.464623503495,0.245454545455,1.16774841624,0.642261628933,0.336363636364,1.94000937205,1.06700515463,0.536363636364,1.05689877454,0.347276990411,3.54545454545,3.04338842975,1.05689877454,3.54545454545,0.499047619048,0.4,8,0.0484848484848,0.255555555556,11,11,11,1,0,0.0909090909091,0.636363636364,0.272727272727,11,0.145454545455,3.23484848485,2.90909090909,1.6,2,1.70026735866,0.584466904538,0.289772727273,0.820199532265,0.563887178432,0.284090909091,1.7529196424,1.20513225415,0.545454545455,1.28700554669,0.397856515605,4.44444444444,3.23484848485,1.28700554669,4.44444444444,0.330687830688,0.219512195122,3,0.0181818181818,0.242592592593,11,11,11,1,0,0.0909090909091,0.636363636364,0.272727272727,11,21,0.190909090909,7.69805194805,3.81818181818,2.1,2.625,2.22792198329,0.583503376577,0.294372294372,1.13618180363,0.595142849523,0.311688311688,2.02259958739,1.05945692673,0.536796536797,2.80031922747,0.363769853252,9.61904761905,7.69805194805,2.80031922747,9.61904761905,0.507857142857,0.375,8,0.0484848484848,0.260740740741,11,11,11,1,0,0.0909090909091,0.636363636364,0.272727272727,1,0.00909090909091,4.6546635183,0.181818181818,0.1,0.125,0.538381970583,0.118879873081,0.0489177489177,-0.0315666126082,-0.0471187794107,-0.0246753246753,0.0825902153411,-0.00754822789877,0.0004329004329,1.74342045293,0.0164928628403,6.07359307359,4.6546635183,1.74342045293,6.07359307359,0.00880952380952,-0.025,0,0,0.00518518518519,0,0,0,19,2,1,88,0.95,0.977777777778,0.0222222222222,0.05,0.904761904762,0.95,0.926829268293,0.910490812697,0.927777777778,0.863636363636,5,4,0,0,0,0
3362,WLNM_dir_neg,0.90625,0.585416666667,00:00:00,10,80,24,1178364373,threshold_sweep,0.5,0.75,0.75,0.75,3,1,1,7,0.75,0.875,0.125,0.25,0.75,0.75,0.75,0.833333333333,0.555555555556,0.625,0.625,0.625,20,16,4,0,20,0,16,0,4,11,20,0.181818181818,3.04338842975,3.63636363636,2,2.5,1.68954001271,0.464623503495,0.245454545455,1.16774841624,0.642261628933,0.336363636364,1.94000937205,1.06700515463,0.536363636364,1.05689877454,0.347276990411,3.54545454545,3.04338842975,1.05689877454,3.54545454545,0.499047619048,0.4,8,0.0484848484848,0.255555555556,11,11,11,1,0,0.0909090909091,0.636363636364,0.272727272727,11,0.145454545455,3.23484848485,2.90909090909,1.6,2,1.70026735866,0.584466904538,0.289772727273,0.820199532265,0.563887178432,0.284090909091,1.7529196424,1.20513225415,0.545454545455,1.28700554669,0.397856515605,4.44444444444,3.23484848485,1.28700554669,4.44444444444,0.330687830688,0.219512195122,3,0.0181818181818,0.242592592593,11,11,11,1,0,0.0909090909091,0.636363636364,0.272727272727,11,20,0.181818181818,6.10714285714,3.63636363636,2,2.5,1.91168654715,0.525713800466,0.268181818182,1.07871977994,0.593295878968,0.3,1.8877596149,1.03826778819,0.527272727273,2.17418241208,0.356006476832,7.61904761905,6.10714285714,2.17418241208,7.61904761905,0.507857142857,0.375,8,0.0484848484848,0.244444444444,11,11,11,1,0,0.0909090909091,0.636363636364,0.272727272727,0,0,3.06375442739,0,0,0,0.222146534438,0.0610902969706,0.0227272727273,-0.0890286363011,-0.0489657499656,-0.0363636363636,-0.0522497571515,-0.0287373664333,-0.00909090909091,1.11728363754,0.00872948642048,4.07359307359,3.06375442739,1.11728363754,4.07359307359,0.00880952380952,-0.025,0,0,-0.0111111111111,0,0,0,19,1,1,89,0.95,0.988888888889,0.0111111111111,0.05,0.95,0.95,0.95,0.938888888889,0.938888888889,0.904761904762,4,4,0,0,0,0
3363,WLNM_dir_neg,0.90625,0.585416666667,00:00:00,10,80,24,1178364373,threshold_sweep,0.6,0.75,0.75,0.75,3,1,1,7,0.75,0.875,0.125,0.25,0.75,0.75,0.75,0.833333333333,0.555555555556,0.625,0.625,0.625,20,16,4,0,20,0,16,0,4,11,20,0.181818181818,3.04338842975,3.63636363636,2,2.5,1.68954001271,0.464623503495,0.245454545455,1.16774841624,0.642261628933,0.336363636364,1.94000937205,1.06700515463,0.536363636364,1.05689877454,0.347276990411,3.54545454545,3.04338842975,1.05689877454,3.54545454545,0.499047619048,0.4,8,0.0484848484848,0.255555555556,11,11,11,1,0,0.0909090909091,0.636363636364,0.272727272727,11,0.145454545455,3.23484848485,2.90909090909,1.6,2,1.70026735866,0.584466904538,0.289772727273,0.820199532265,0.563887178432,0.284090909091,1.7529196424,1.20513225415,0.545454545455,1.28700554669,0.397856515605,4.44444444444,3.23484848485,1.28700554669,4.44444444444,0.330687830688,0.219512195122,3,0.0181818181818,0.242592592593,11,11,11,1,0,0.0909090909091,0.636363636364,0.272727272727,11,20,0.181818181818,6.10714285714,3.63636363636,2,2.5,1.91168654715,0.525713800466,0.268181818182,1.07871977994,0.593295878968,0.3,1.8877596149,1.03826778819,0.527272727273,2.17418241208,0.356006476832,7.61904761905,6.10714285714,2.17418241208,7.61904761905,0.507857142857,0.375,8,0.0484848484848,0.244444444444,11,11,11,1,0,0.0909090909091,0.636363636364,0.272727272727,0,0,3.06375442739,0,0,0,0.222146534438,0.0610902969706,0.0227272727273,-0.0890286363011,-0.0489657499656,-0.0363636363636,-0.0522497571515,-0.0287373664333,-0.00909090909091,1.11728363754,0.00872948642048,4.07359307359,3.06375442739,1.11728363754,4.07359307359,0.00880952380952,-0.025,0,0,-0.0111111111111,0,0,0,19,1,1,89,0.95,0.988888888889,0.0111111111111,0.05,0.95,0.95,0.95,0.938888888889,0.938888888889,0.904761904762,4,4,0,0,0,0
3364,WLNM_dir_neg,0.90625,0.585416666667,00:00:00,10,80,24,1178364373,threshold_sweep,0.7,0.666666666667,0.5,0.571428571429,2,1,2,7,0.5,0.875,0.125,0.5,0.666666666667,0.5,0.571428571429,0.75,0.583333333333,0.4,0.408248290464,0.375,20,16,4,0,20,0,16,0,4,11,20,0.181818181818,3.04338842975,3.63636363636,2,2.5,1.68954001271,0.464623503495,0.245454545455,1.16774841624,0.642261628933,0.336363636364,1.94000937205,1.06700515463,0.536363636364,1.05689877454,0.347276990411,3.54545454545,3.04338842975,1.05689877454,3.54545454545,0.499047619048,0.4,8,0.0484848484848,0.255555555556,11,11,11,1,0,0.0909090909091,0.636363636364,0.272727272727,11,0.145454545455,3.23484848485,2.90909090909,1.6,2,1.70026735866,0.584466904538,0.289772727273,0.820199532265,0.563887178432,0.284090909091,1.7529196424,1.20513225415,0.545454545455,1.28700554669,0.397856515605,4.44444444444,3.23484848485,1.28700554669,4.44444444444,0.330687830688,0.219512195122,3,0.0181818181818,0.242592592593,11,11,11,1,0,0.0909090909091,0.636363636364,0.272727272727,11,19,0.172727272727,6.23939393939,3.45454545455,1.9,2.375,1.91643608626,0.554757814444,0.277511961722,0.904534033733,0.523677598477,0.267942583732,1.90215189146,1.1012458319,0.545454545455,2.25382727238,0.361225352057,7.86666666667,6.23939393939,2.25382727238,7.86666666667,0.54119047619,0.35593220339,7,0.0424242424242,0.243333333333,11,11,11,1,0,0.0909090909091,0.636363636364,0.272727272727,-1,-0.00909090909091,3.19600550964,-0.181818181818,-0.1,-0.125,0.226896073553,0.0901343109492,0.0320574162679,-0.263214382509,-0.118584030456,-0.0684210526316,-0.0378574805894,0.0342406772707,0.00909090909091,1.19692849785,0.0139483616462,4.32121212121,3.19600550964,1.19692849785,4.32121212121,0.0421428571429,-0.0440677966102,-1,-0.00606060606061,-0.0122222222222,0,0,0,18,1,2,89,0.9,0.988888888889,0.0111111111111,0.1,0.947368421053,0.9,0.923076923077,0.906956031802,0.888888888889,0.857142857143,3,4,0,0,0,0
3365,WLNM_dir_neg,0.90625,0.585416666667,00:00:00,10,80,24,1178364373,threshold_sweep,0.8,1,0.5,0.666666666667,2,0,2,8,0.5,1,0,0.5,1,0.5,0.666666666667,0.833333333333,0.611111111111,0.571428571429,0.632455532034,0.5,20,16,4,0,20,0,16,0,4,11,20,0.181818181818,3.04338842975,3.63636363636,2,2.5,1.68954001271,0.464623503495,0.245454545455,1.16774841624,0.642261628933,0.336363636364,1.94000937205,1.06700515463,0.536363636364,1.05689877454,0.347276990411,3.54545454545,3.04338842975,1.05689877454,3.54545454545,0.499047619048,0.4,8,0.0484848484848,0.255555555556,11,11,11,1,0,0.0909090909091,0.636363636364,0.272727272727,11,0.145454545455,3.23484848485,2.90909090909,1.6,2,1.70026735866,0.584466904538,0.289772727273,0.820199532265,0.563887178432,0.284090909091,1.7529196424,1.20513225415,0.545454545455,1.28700554669,0.397856515605,4.44444444444,3.23484848485,1.28700554669,4.44444444444,0.330687830688,0.219512195122,3,0.0181818181818,0.242592592593,11,11,11,1,0,0.0909090909091,0.636363636364,0.272727272727,11,18,0.163636363636,3.11060606061,3.27272727273,1.8,2.25,1.67874411933,0.512949592017,0.262626262626,0.924416277737,0.564921058617,0.292929292929,1.91168654715,1.16825288992,0.555555555556,1.16595865963,0.374833275867,3.93333333333,3.11060606061,1.16595865963,3.93333333333,0.565714285714,0.36,6,0.0363636363636,0.245185185185,11,11,11,1,0,0.0909090909091,0.636363636364,0.272727272727,-2,-0.0181818181818,0.067217630854,-0.363636363636,-0.2,-0.25,-0.0107958933802,0.0483260885222,0.0171717171717,-0.243332138505,-0.0773405703161,-0.0434343434343,-0.0283228249009,0.101247735297,0.0191919191919,0.10905988509,0.0275562854552,0.387878787879,0.067217630854,0.10905988509,0.387878787879,0.0666666666667,-0.04,-2,-0.0121212121212,-0.0103703703704,0,0,0,18,0,2,90,0.9,1,0,0.1,1,0.9,0.947368421053,0.938314863257,0.9,0.9,2,4,0,0,0,0
3366,WLNM_dir_neg,0.90625,0.585416666667,00:00:00,10,80,24,1178364373,threshold_sweep,0.9,1,0.5,0.666666666667,2,0,2,8,0.5,1,0,0.5,1,0.5,0.666666666667,0.833333333333,0.611111111111,0.571428571429,0.632455532034,0.5,20,16,4,0,20,0,16,0,4,11,20,0.181818181818,3.04338842975,3.63636363636,2,2.5,1.68954001271,0.464623503495,0.245454545455,1.16774841624,0.642261628933,0.336363636364,1.94000937205,1.06700515463,0.536363636364,1.05689877454,0.347276990411,3.54545454545,3.04338842975,1.05689877454,3.54545454545,0.499047619048,0.4,8,0.0484848484848,0.255555555556,11,11,11,1,0,0.0909090909091,0.636363636364,0.272727272727,11,0.145454545455,3.23484848485,2.90909090909,1.6,2,1.70026735866,0.584466904538,0.289772727273,0.820199532265,0.563887178432,0.284090909091,1.7529196424,1.20513225415,0.545454545455,1.28700554669,0.397856515605,4.44444444444,3.23484848485,1.28700554669,4.44444444444,0.330687830688,0.219512195122,3,0.0181818181818,0.242592592593,11,11,11,1,0,0.0909090909091,0.636363636364,0.272727272727,11,18,0.163636363636,3.11060606061,3.27272727273,1.8,2.25,1.67874411933,0.512949592017,0.262626262626,0.924416277737,0.564921058617,0.292929292929,1.91168654715,1.16825288992,0.555555555556,1.16595865963,0.374833275867,3.93333333333,3.11060606061,1.16595865963,3.93333333333,0.565714285714,0.36,6,0.0363636363636,0.245185185185,11,11,11,1,0,0.0909090909091,0.636363636364,0.272727272727,-2,-0.0181818181818,0.067217630854,-0.363636363636,-0.2,-0.25,-0.0107958933802,0.0483260885222,0.0171717171717,-0.243332138505,-0.0773405703161,-0.0434343434343,-0.0283228249009,0.101247735297,0.0191919191919,0.10905988509,0.0275562854552,0.387878787879,0.067217630854,0.10905988509,0.387878787879,0.0666666666667,-0.04,-2,-0.0121212121212,-0.0103703703704,0,0,0,18,0,2,90,0.9,1,0,0.1,1,0.9,0.947368421053,0.938314863257,0.9,0.9,2,4,0,0,0,0
3367,WLNM_dir_neg,0.96875,0.69375,00:00:00,10,80,25,1178364374,threshold_sweep,0.1,0.8,1,0.888888888889,4,1,0,7,1,0.875,0.125,0,0.8,1,0.888888888889,0.916666666667,0.527777777778,0.823529411765,0.836660026534,0.875,20,16,4,0,20,0,16,0,4,11,20,0.181818181818,3.04338842975,3.63636363636,2,2.5,1.68954001271,0.464623503495,0.245454545455,1.16774841624,0.642261628933,0.336363636364,1.94000937205,1.06700515463,0.536363636364,1.05689877454,0.347276990411,3.54545454545,3.04338842975,1.05689877454,3.54545454545,0.499047619048,0.4,8,0.0484848484848,0.255555555556,11,11,11,1,0,0.0909090909091,0.636363636364,0.272727272727,11,0.145454545455,3.32575757576,2.90909090909,1.6,2,1.75809814598,0.604346237682,0.301136363636,0.934198732994,0.642261628933,0.318181818182,1.7529196424,1.20513225415,0.545454545455,1.47123084593,0.442374650713,5.33333333333,3.32575757576,1.47123084593,5.33333333333,0.455357142857,0.285714285714,4,0.0242424242424,0.23962962963,11,11,11,1,0,0.0909090909091,0.636363636364,0.272727272727,11,21,0.190909090909,3.11157024793,3.81818181818,2.1,2.625,1.77866139657,0.465839889577,0.246753246753,1.22102788294,0.639586033919,0.337662337662,2.07145096271,1.08504574237,0.545454545455,1.0602655888,0.340749365856,3.54545454545,3.11157024793,1.0602655888,3.54545454545,0.62380952381,0.441176470588,10,0.0606060606061,0.252592592593,11,11,11,1,0,0.0909090909091,0.636363636364,0.272727272727,1,0.00909090909091,0.0681818181818,0.181818181818,0.1,0.125,0.0891213838574,0.00121638608194,0.0012987012987,0.0532794666945,-0.00267559501399,0.0012987012987,0.131441590661,0.0180405877448,0.00909090909091,0.00336681426204,-0.00652762455561,0,0.0681818181818,0.00336681426204,0,0.124761904762,0.0411764705882,2,0.0121212121212,-0.00296296296296,0,0,0,20,1,0,89,1,0.988888888889,0.0111111111111,0,0.952380952381,1,0.975609756098,0.970463261437,0.988888888889,0.952380952381,5,4,0,0,0,0
3368,WLNM_dir_neg,0.96875,0.69375,00:00:00,10,80,25,1178364374,threshold_sweep,0.2,0.8,1,0.888888888889,4,1,0,7,1,0.875,0.125,0,0.8,1,0.888888888889,0.916666666667,0.527777777778,0.823529411765,0.836660026534,0.875,20,16,4,0,20,0,16,0,4,11,20,0.181818181818,3.04338842975,3.63636363636,2,2.5,1.68954001271,0.464623503495,0.245454545455,1.16774841624,0.642261628933,0.336363636364,1.94000937205,1.06700515463,0.536363636364,1.05689877454,0.347276990411,3.54545454545,3.04338842975,1.05689877454,3.54545454545,0.499047619048,0.4,8,0.0484848484848,0.255555555556,11,11,11,1,0,0.0909090909091,0.636363636364,0.272727272727,11,0.145454545455,3.32575757576,2.90909090909,1.6,2,1.75809814598,0.604346237682,0.301136363636,0.934198732994,0.642261628933,0.318181818182,1.7529196424,1.20513225415,0.545454545455,1.47123084593,0.442374650713,5.33333333333,3.32575757576,1.47123084593,5.33333333333,0.455357142857,0.285714285714,4,0.0242424242424,0.23962962963,11,11,11,1,0,0.0909090909091,0.636363636364,0.272727272727,11,21,0.190909090909,3.11157024793,3.81818181818,2.1,2.625,1.77866139657,0.465839889577,0.246753246753,1.22102788294,0.639586033919,0.337662337662,2.07145096271,1.08504574237,0.545454545455,1.0602655888,0.340749365856,3.54545454545,3.11157024793,1.0602655888,3.54545454545,0.62380952381,0.441176470588,10,0.0606060606061,0.252592592593,11,11,11,1,0,0.0909090909091,0.636363636364,0.272727272727,1,0.00909090909091,0.0681818181818,0.181818181818,0.1,0.125,0.0891213838574,0.00121638608194,0.0012987012987,0.0532794666945,-0.00267559501399,0.0012987012987,0.131441590661,0.0180405877448,0.00909090909091,0.00336681426204,-0.00652762455561,0,0.0681818181818,0.00336681426204,0,0.124761904762,0.0411764705882,2,0.0121212121212,-0.00296296296296,0,0,0,20,1,0,89,1,0.988888888889,0.0111111111111,0,0.952380952381,1,0.975609756098,0.970463261437,0.988888888889,0.952380952381,5,4,0,0,0,0
3369,WLNM_dir_neg,0.96875,0.69375,00:00:00,10,80,25,1178364374,threshold_sweep,0.3,0.8,1,0.888888888889,4,1,0,7,1,0.875,0.125,0,0.8,1,0.888888888889,0.916666666667,0.527777777778,0.823529411765,0.836660026534,0.875,20,16,4,0,20,0,16,0,4,11,20,0.181818181818,3.04338842975,3.63636363636,2,2.5,1.68954001271,0.464623503495,0.245454545455,1.16774841624,0.642261628933,0.336363636364,1.94000937205,1.06700515463,0.536363636364,1.05689877454,0.347276990411,3.54545454545,3.04338842975,1.05689877454,3.54545454545,0.499047619048,0.4,8,0.0484848484848,0.255555555556,11,11,11,1,0,0.0909090909091,0.636363636364,0.272727272727,11,0.145454545455,3.32575757576,2.90909090909,1.6,2,1.75809814598,0.604346237682,0.301136363636,0.934198732994,0.642261628933,0.318181818182,1.7529196424,1.20513225415,0.545454545455,1.47123084593,0.442374650713,5.33333333333,3.32575757576,1.47123084593,5.33333333333,0.455357142857,0.285714285714,4,0.0242424242424,0.23962962963,11,11,11,1,0,0.0909090909091,0.636363636364,0.272727272727,11,21,0.190909090909,3.11157024793,3.81818181818,2.1,2.625,1.77866139657,0.465839889577,0.246753246753,1.22102788294,0.639586033919,0.337662337662,2.07145096271,1.08504574237,0.545454545455,1.0602655888,0.340749365856,3.54545454545,3.11157024793,1.0602655888,3.54545454545,0.62380952381,0.441176470588,10,0.0606060606061,0.252592592593,11,11,11,1,0,0.0909090909091,0.636363636364,0.272727272727,1,0.00909090909091,0.0681818181818,0.181818181818,0.1,0.125,0.0891213838574,0.00121638608194,0.0012987012987,0.0532794666945,-0.00267559501399,0.0012987012987,0.131441590661,0.0180405877448,0.00909090909091,0.00336681426204,-0.00652762455561,0,0.0681818181818,0.00336681426204,0,0.124761904762,0.0411764705882,2,0.0121212121212,-0.00296296296296,0,0,0,20,1,0,89,1,0.988888888889,0.0111111111111,0,0.952380952381,1,0.975609756098,0.970463261437,0.988888888889,0.952380952381,5,4,0,0,0,0
3370,WLNM_dir_neg,0.96875,0.69375,00:00:00,10,80,25,1178364374,threshold_sweep,0.4,0.75,0.75,0.75,3,1,1,7,0.75,0.875,0.125,0.25,0.75,0.75,0.75,0.833333333333,0.555555555556,0.625,0.625,0.625,20,16,4,0,20,0,16,0,4,11,20,0.181818181818,3.04338842975,3.63636363636,2,2.5,1.68954001271,0.464623503495,0.245454545455,1.16774841624,0.642261628933,0.336363636364,1.94000937205,1.06700515463,0.536363636364,1.05689877454,0.347276990411,3.54545454545,3.04338842975,1.05689877454,3.54545454545,0.499047619048,0.4,8,0.0484848484848,0.255555555556,11,11,11,1,0,0.0909090909091,0.636363636364,0.272727272727,11,0.145454545455,3.32575757576,2.90909090909,1.6,2,1.75809814598,0.604346237682,0.301136363636,0.934198732994,0.642261628933,0.318181818182,1.7529196424,1.20513225415,0.545454545455,1.47123084593,0.442374650713,5.33333333333,3.32575757576,1.47123084593,5.33333333333,0.455357142857,0.285714285714,4,0.0242424242424,0.23962962963,11,11,11,1,0,0.0909090909091,0.636363636364,0.272727272727,11,20,0.181818181818,3.15702479339,3.63636363636,2,2.5,1.96329963443,0.539907399468,0.286363636364,1.25045446284,0.687749954562,0.354545454545,2.04049904769,1.12227447623,0.554545454545,1.04198530063,0.330052935539,3.54545454545,3.15702479339,1.04198530063,3.54545454545,0.613756613757,0.415384615385,9,0.0545454545455,0.269259259259,11,11,11,1,0,0.0909090909091,0.636363636364,0.272727272727,0,0,0.113636363636,0,0,0,0.273759621719,0.0752838959727,0.0409090909091,0.0827060465977,0.0454883256287,0.0181818181818,0.100489675644,0.0552693216045,0.0181818181818,-0.0149134739088,-0.017224054872,0,0.113636363636,-0.0149134739088,0,0.114708994709,0.0153846153846,1,0.00606060606061,0.0137037037037,0,0,0,19,1,1,89,0.95,0.988888888889,0.0111111111111,0.05,0.95,0.95,0.95,0.938888888889,0.938888888889,0.904761904762,4,4,0,0,0,0
3371,WLNM_dir_neg,0.96875,0.69375,00:00:00,10,80,25,1178364374,threshold_sweep,0.5,1,0.5,0.666666666667,2,0,2,8,0.5,1,0,0.5,1,0.5,0.666666666667,0.833333333333,0.611111111111,0.571428571429,0.632455532034,0.5,20,16,4,0,20,0,16,0,4,11,20,0.181818181818,3.04338842975,3.63636363636,2,2.5,1.68954001271,0.464623503495,0.245454545455,1.16774841624,0.642261628933,0.336363636364,1.94000937205,1.06700515463,0.536363636364,1.05689877454,0.347276990411,3.54545454545,3.04338842975,1.05689877454,3.54545454545,0.499047619048,0.4,8,0.0484848484848,0.255555555556,11,11,11,1,0,0.0909090909091,0.636363636364,0.272727272727,11,0.145454545455,3.32575757576,2.90909090909,1.6,2,1.75809814598,0.604346237682,0.301136363636,0.934198732994,0.642261628933,0.318181818182,1.7529196424,1.20513225415,0.545454545455,1.47123084593,0.442374650713,5.33333333333,3.32575757576,1.47123084593,5.33333333333,0.455357142857,0.285714285714,4,0.0242424242424,0.23962962963,11,11,11,1,0,0.0909090909091,0.636363636364,0.272727272727,11,18,0.163636363636,3.12229437229,3.27272727273,1.8,2.25,1.84883255547,0.564921058617,0.29797979798,1.12006493318,0.684484125834,0.343434343434,1.85864075457,1.13583601668,0.545454545455,1.09490278135,0.350672502587,3.80952380952,3.12229437229,1.09490278135,3.80952380952,0.512169312169,0.346153846154,6,0.0363636363636,0.26037037037,11,11,11,1,0,0.0909090909091,0.636363636364,0.272727272727,-2,-0.0181818181818,0.0789059425423,-0.363636363636,-0.2,-0.25,0.159292542765,0.100297555122,0.0525252525253,-0.0476834830596,0.0422224969006,0.00707070707071,-0.0813686174794,0.0688308620544,0.00909090909091,0.0380040068084,0.00339551217555,0.264069264069,0.0789059425423,0.0380040068084,0.264069264069,0.0131216931217,-0.0538461538462,-2,-0.0121212121212,0.00481481481481,0,0,0,18,0,2,90,0.9,1,0,0.1,1,0.9,0.947368421053,0.938314863257,0.9,0.9,2,4,0,0,0,0
3372,WLNM_dir_neg,0.96875,0.69375,00:00:00,10,80,25,1178364374,threshold_sweep,0.6,1,0.5,0.666666666667,2,0,2,8,0.5,1,0,0.5,1,0.5,0.666666666667,0.833333333333,0.611111111111,0.571428571429,0.632455532034,0.5,20,16,4,0,20,0,16,0,4,11,20,0.181818181818,3.04338842975,3.63636363636,2,2.5,1.68954001271,0.464623503495,0.245454545455,1.16774841624,0.642261628933,0.336363636364,1.94000937205,1.06700515463,0.536363636364,1.05689877454,0.347276990411,3.54545454545,3.04338842975,1.05689877454,3.54545454545,0.499047619048,0.4,8,0.0484848484848,0.255555555556,11,11,11,1,0,0.0909090909091,0.636363636364,0.272727272727,11,0.145454545455,3.32575757576,2.90909090909,1.6,2,1.75809814598,0.604346237682,0.301136363636,0.934198732994,0.642261628933,0.318181818182,1.7529196424,1.20513225415,0.545454545455,1.47123084593,0.442374650713,5.33333333333,3.32575757576,1.47123084593,5.33333333333,0.455357142857,0.285714285714,4,0.0242424242424,0.23962962963,11,11,11,1,0,0.0909090909091,0.636363636364,0.272727272727,11,18,0.163636363636,3.12229437229,3.27272727273,1.8,2.25,1.84883255547,0.564921058617,0.29797979798,1.12006493318,0.684484125834,0.343434343434,1.85864075457,1.13583601668,0.545454545455,1.09490278135,0.350672502587,3.80952380952,3.12229437229,1.09490278135,3.80952380952,0.512169312169,0.346153846154,6,0.0363636363636,0.26037037037,11,11,11,1,0,0.0909090909091,0.636363636364,0.272727272727,-2,-0.0181818181818,0.0789059425423,-0.363636363636,-0.2,-0.25,0.159292542765,0.100297555122,0.0525252525253,-0.0476834830596,0.0422224969006,0.00707070707071,-0.0813686174794,0.0688308620544,0.00909090909091,0.0380040068084,0.00339551217555,0.264069264069,0.0789059425423,0.0380040068084,0.264069264069,0.0131216931217,-0.0538461538462,-2,-0.0121212121212,0.00481481481481,0,0,0,18,0,2,90,0.9,1,0,0.1,1,0.9,0.947368421053,0.938314863257,0.9,0.9,2,4,0,0,0,0
3373,WLNM_dir_neg,0.96875,0.69375,00:00:00,10,80,25,1178364374,threshold_sweep,0.7,1,0.5,0.666666666667,2,0,2,8,0.5,1,0,0.5,1,0.5,0.666666666667,0.833333333333,0.611111111111,0.571428571429,0.632455532034,0.5,20,16,4,0,20,0,16,0,4,11,20,0.181818181818,3.04338842975,3.63636363636,2,2.5,1.68954001271,0.464623503495,0.245454545455,1.16774841624,0.642261628933,0.336363636364,1.94000937205,1.06700515463,0.536363636364,1.05689877454,0.347276990411,3.54545454545,3.04338842975,1.05689877454,3.54545454545,0.499047619048,0.4,8,0.0484848484848,0.255555555556,11,11,11,1,0,0.0909090909091,0.636363636364,0.272727272727,11,0.145454545455,3.32575757576,2.90909090909,1.6,2,1.75809814598,0.604346237682,0.301136363636,0.934198732994,0.642261628933,0.318181818182,1.7529196424,1.20513225415,0.545454545455,1.47123084593,0.442374650713,5.33333333333,3.32575757576,1.47123084593,5.33333333333,0.455357142857,0.285714285714,4,0.0242424242424,0.23962962963,11,11,11,1,0,0.0909090909091,0.636363636364,0.272727272727,11,18,0.163636363636,3.12229437229,3.27272727273,1.8,2.25,1.84883255547,0.564921058617,0.29797979798,1.12006493318,0.684484125834,0.343434343434,1.85864075457,1.13583601668,0.545454545455,1.09490278135,0.350672502587,3.80952380952,3.12229437229,1.09490278135,3.80952380952,0.512169312169,0.346153846154,6,0.0363636363636,0.26037037037,11,11,11,1,0,0.0909090909091,0.636363636364,0.272727272727,-2,-0.0181818181818,0.0789059425423,-0.363636363636,-0.2,-0.25,0.159292542765,0.100297555122,0.0525252525253,-0.0476834830596,0.0422224969006,0.00707070707071,-0.0813686174794,0.0688308620544,0.00909090909091,0.0380040068084,0.00339551217555,0.264069264069,0.0789059425423,0.0380040068084,0.264069264069,0.0131216931217,-0.0538461538462,-2,-0.0121212121212,0.00481481481481,0,0,0,18,0,2,90,0.9,1,0,0.1,1,0.9,0.947368421053,0.938314863257,0.9,0.9,2,4,0,0,0,0
3374,WLNM_dir_neg,0.96875,0.69375,00:00:00,10,80,25,1178364374,threshold_sweep,0.8,1,0.5,0.666666666667,2,0,2,8,0.5,1,0,0.5,1,0.5,0.666666666667,0.833333333333,0.611111111111,0.571428571429,0.632455532034,0.5,20,16,4,0,20,0,16,0,4,11,20,0.181818181818,3.04338842975,3.63636363636,2,2.5,1.68954001271,0.464623503495,0.245454545455,1.16774841624,0.642261628933,0.336363636364,1.94000937205,1.06700515463,0.536363636364,1.05689877454,0.347276990411,3.54545454545,3.04338842975,1.05689877454,3.54545454545,0.499047619048,0.4,8,0.0484848484848,0.255555555556,11,11,11,1,0,0.0909090909091,0.636363636364,0.272727272727,11,0.145454545455,3.32575757576,2.90909090909,1.6,2,1.75809814598,0.604346237682,0.301136363636,0.934198732994,0.642261628933,0.318181818182,1.7529196424,1.20513225415,0.545454545455,1.47123084593,0.442374650713,5.33333333333,3.32575757576,1.47123084593,5.33333333333,0.455357142857,0.285714285714,4,0.0242424242424,0.23962962963,11,11,11,1,0,0.0909090909091,0.636363636364,0.272727272727,11,18,0.163636363636,3.12229437229,3.27272727273,1.8,2.25,1.84883255547,0.564921058617,0.29797979798,1.12006493318,0.684484125834,0.343434343434,1.85864075457,1.13583601668,0.545454545455,1.09490278135,0.350672502587,3.80952380952,3.12229437229,1.09490278135,3.80952380952,0.512169312169,0.346153846154,6,0.0363636363636,0.26037037037,11,11,11,1,0,0.0909090909091,0.636363636364,0.272727272727,-2,-0.0181818181818,0.0789059425423,-0.363636363636,-0.2,-0.25,0.159292542765,0.100297555122,0.0525252525253,-0.0476834830596,0.0422224969006,0.00707070707071,-0.0813686174794,0.0688308620544,0.00909090909091,0.0380040068084,0.00339551217555,0.264069264069,0.0789059425423,0.0380040068084,0.264069264069,0.0131216931217,-0.0538461538462,-2,-0.0121212121212,0.00481481481481,0,0,0,18,0,2,90,0.9,1,0,0.1,1,0.9,0.947368421053,0.938314863257,0.9,0.9,2,4,0,0,0,0
3375,WLNM_dir_neg,0.96875,0.69375,00:00:00,10,80,25,1178364374,threshold_sweep,0.9,1,0.5,0.666666666667,2,0,2,8,0.5,1,0,0.5,1,0.5,0.666666666667,0.833333333333,0.611111111111,0.571428571429,0.632455532034,0.5,20,16,4,0,20,0,16,0,4,11,20,0.181818181818,3.04338842975,3.63636363636,2,2.5,1.68954001271,0.464623503495,0.245454545455,1.16774841624,0.642261628933,0.336363636364,1.94000937205,1.06700515463,0.536363636364,1.05689877454,0.347276990411,3.54545454545,3.04338842975,1.05689877454,3.54545454545,0.499047619048,0.4,8,0.0484848484848,0.255555555556,11,11,11,1,0,0.0909090909091,0.636363636364,0.272727272727,11,0.145454545455,3.32575757576,2.90909090909,1.6,2,1.75809814598,0.604346237682,0.301136363636,0.934198732994,0.642261628933,0.318181818182,1.7529196424,1.20513225415,0.545454545455,1.47123084593,0.442374650713,5.33333333333,3.32575757576,1.47123084593,5.33333333333,0.455357142857,0.285714285714,4,0.0242424242424,0.23962962963,11,11,11,1,0,0.0909090909091,0.636363636364,0.272727272727,11,18,0.163636363636,3.12229437229,3.27272727273,1.8,2.25,1.84883255547,0.564921058617,0.29797979798,1.12006493318,0.684484125834,0.343434343434,1.85864075457,1.13583601668,0.545454545455,1.09490278135,0.350672502587,3.80952380952,3.12229437229,1.09490278135,3.80952380952,0.512169312169,0.346153846154,6,0.0363636363636,0.26037037037,11,11,11,1,0,0.0909090909091,0.636363636364,0.272727272727,-2,-0.0181818181818,0.0789059425423,-0.363636363636,-0.2,-0.25,0.159292542765,0.100297555122,0.0525252525253,-0.0476834830596,0.0422224969006,0.00707070707071,-0.0813686174794,0.0688308620544,0.00909090909091,0.0380040068084,0.00339551217555,0.264069264069,0.0789059425423,0.0380040068084,0.264069264069,0.0131216931217,-0.0538461538462,-2,-0.0121212121212,0.00481481481481,0,0,0,18,0,2,90,0.9,1,0,0.1,1,0.9,0.947368421053,0.938314863257,0.9,0.9,2,4,0,0,0,0
3376,WLNM_dir_neg,0.9375,0.620833333333,00:00:00,10,80,26,1178364375,threshold_sweep,0.1,0.75,0.75,0.75,3,1,1,7,0.75,0.875,0.125,0.25,0.75,0.75,0.75,0.833333333333,0.555555555556,0.625,0.625,0.625,20,16,4,0,20,0,16,0,4,11,20,0.181818181818,3.04338842975,3.63636363636,2,2.5,1.68954001271,0.464623503495,0.245454545455,1.16774841624,0.642261628933,0.336363636364,1.94000937205,1.06700515463,0.536363636364,1.05689877454,0.347276990411,3.54545454545,3.04338842975,1.05689877454,3.54545454545,0.499047619048,0.4,8,0.0484848484848,0.255555555556,11,11,11,1,0,0.0909090909091,0.636363636364,0.272727272727,11,0.145454545455,3.25757575758,2.90909090909,1.6,2,1.578261414,0.542527361061,0.25,0.820199532265,0.563887178432,0.284090909091,1.69491217257,1.16525211864,0.522727272727,1.29916229593,0.398812611773,4.44444444444,3.25757575758,1.29916229593,4.44444444444,0.314285714286,0.230769230769,3,0.0181818181818,0.235185185185,11,11,11,1,0,0.0909090909091,0.636363636364,0.272727272727,11,20,0.181818181818,3.52673796791,3.63636363636,2,2.5,2.01359019032,0.553737302337,0.290909090909,1.16774841624,0.642261628933,0.336363636364,1.8877596149,1.03826778819,0.527272727273,1.42584273568,0.404295059246,4.3137254902,3.52673796791,1.42584273568,4.3137254902,0.494285714286,0.375,7,0.0424242424242,0.235185185185,11,11,11,1,0,0.0909090909091,0.636363636364,0.272727272727,0,0,0.483349538162,0,0,0,0.324050177609,0.0891137988425,0.0454545454545,0,0,0,-0.0522497571515,-0.0287373664333,-0.00909090909091,0.368943961147,0.057018068835,0.768270944742,0.483349538162,0.368943961147,0.768270944742,-0.0047619047619,-0.025,-1,-0.00606060606061,-0.0203703703704,0,0,0,19,1,1,89,0.95,0.988888888889,0.0111111111111,0.05,0.95,0.95,0.95,0.938888888889,0.938888888889,0.904761904762,4,4,0,0,0,0
3377,WLNM_dir_neg,0.9375,0.620833333333,00:00:00,10,80,26,1178364375,threshold_sweep,0.2,0.75,0.75,0.75,3,1,1,7,0.75,0.875,0.125,0.25,0.75,0.75,0.75,0.833333333333,0.555555555556,0.625,0.625,0.625,20,16,4,0,20,0,16,0,4,11,20,0.181818181818,3.04338842975,3.63636363636,2,2.5,1.68954001271,0.464623503495,0.245454545455,1.16774841624,0.642261628933,0.336363636364,1.94000937205,1.06700515463,0.536363636364,1.05689877454,0.347276990411,3.54545454545,3.04338842975,1.05689877454,3.54545454545,0.499047619048,0.4,8,0.0484848484848,0.255555555556,11,11,11,1,0,0.0909090909091,0.636363636364,0.272727272727,11,0.145454545455,3.25757575758,2.90909090909,1.6,2,1.578261414,0.542527361061,0.25,0.820199532265,0.563887178432,0.284090909091,1.69491217257,1.16525211864,0.522727272727,1.29916229593,0.398812611773,4.44444444444,3.25757575758,1.29916229593,4.44444444444,0.314285714286,0.230769230769,3,0.0181818181818,0.235185185185,11,11,11,1,0,0.0909090909091,0.636363636364,0.272727272727,11,20,0.181818181818,3.52673796791,3.63636363636,2,2.5,2.01359019032,0.553737302337,0.290909090909,1.16774841624,0.642261628933,0.336363636364,1.8877596149,1.03826778819,0.527272727273,1.42584273568,0.404295059246,4.3137254902,3.52673796791,1.42584273568,4.3137254902,0.494285714286,0.375,7,0.0424242424242,0.235185185185,11,11,11,1,0,0.0909090909091,0.636363636364,0.272727272727,0,0,0.483349538162,0,0,0,0.324050177609,0.0891137988425,0.0454545454545,0,0,0,-0.0522497571515,-0.0287373664333,-0.00909090909091,0.368943961147,0.057018068835,0.768270944742,0.483349538162,0.368943961147,0.768270944742,-0.0047619047619,-0.025,-1,-0.00606060606061,-0.0203703703704,0,0,0,19,1,1,89,0.95,0.988888888889,0.0111111111111,0.05,0.95,0.95,0.95,0.938888888889,0.938888888889,0.904761904762,4,4,0,0,0,0
3378,WLNM_dir_neg,0.9375,0.620833333333,00:00:00,10,80,26,1178364375,threshold_sweep,0.3,0.75,0.75,0.75,3,1,1,7,0.75,0.875,0.125,0.25,0.75,0.75,0.75,0.833333333333,0.555555555556,0.625,0.625,0.625,20,16,4,0,20,0,16,0,4,11,20,0.181818181818,3.04338842975,3.63636363636,2,2.5,1.68954001271,0.464623503495,0.245454545455,1.16774841624,0.642261628933,0.336363636364,1.94000937205,1.06700515463,0.536363636364,1.05689877454,0.347276990411,3.54545454545,3.04338842975,1.05689877454,3.54545454545,0.499047619048,0.4,8,0.0484848484848,0.255555555556,11,11,11,1,0,0.0909090909091,0.636363636364,0.272727272727,11,0.145454545455,3.25757575758,2.90909090909,1.6,2,1.578261414,0.542527361061,0.25,0.820199532265,0.563887178432,0.284090909091,1.69491217257,1.16525211864,0.522727272727,1.29916229593,0.398812611773,4.44444444444,3.25757575758,1.29916229593,4.44444444444,0.314285714286,0.230769230769,3,0.0181818181818,0.235185185185,11,11,11,1,0,0.0909090909091,0.636363636364,0.272727272727,11,20,0.181818181818,3.52673796791,3.63636363636,2,2.5,2.01359019032,0.553737302337,0.290909090909,1.16774841624,0.642261628933,0.336363636364,1.8877596149,1.03826778819,0.527272727273,1.42584273568,0.404295059246,4.3137254902,3.52673796791,1.42584273568,4.3137254902,0.494285714286,0.375,7,0.0424242424242,0.235185185185,11,11,11,1,0,0.0909090909091,0.636363636364,0.272727272727,0,0,0.483349538162,0,0,0,0.324050177609,0.0891137988425,0.0454545454545,0,0,0,-0.0522497571515,-0.0287373664333,-0.00909090909091,0.368943961147,0.057018068835,0.768270944742,0.483349538162,0.368943961147,0.768270944742,-0.0047619047619,-0.025,-1,-0.00606060606061,-0.0203703703704,0,0,0,19,1,1,89,0.95,0.988888888889,0.0111111111111,0.05,0.95,0.95,0.95,0.938888888889,0.938888888889,0.904761904762,4,4,0,0,0,0
3379,WLNM_dir_neg,0.9375,0.620833333333,00:00:00,10,80,26,1178364375,threshold_sweep,0.4,0.75,0.75,0.75,3,1,1,7,0.75,0.875,0.125,0.25,0.75,0.75,0.75,0.833333333333,0.555555555556,0.625,0.625,0.625,20,16,4,0,20,0,16,0,4,11,20,0.181818181818,3.04338842975,3.63636363636,2,2.5,1.68954001271,0.464623503495,0.245454545455,1.16774841624,0.642261628933,0.336363636364,1.94000937205,1.06700515463,0.536363636364,1.05689877454,0.347276990411,3.54545454545,3.04338842975,1.05689877454,3.54545454545,0.499047619048,0.4,8,0.0484848484848,0.255555555556,11,11,11,1,0,0.0909090909091,0.636363636364,0.272727272727,11,0.145454545455,3.25757575758,2.90909090909,1.6,2,1.578261414,0.542527361061,0.25,0.820199532265,0.563887178432,0.284090909091,1.69491217257,1.16525211864,0.522727272727,1.29916229593,0.398812611773,4.44444444444,3.25757575758,1.29916229593,4.44444444444,0.314285714286,0.230769230769,3,0.0181818181818,0.235185185185,11,11,11,1,0,0.0909090909091,0.636363636364,0.272727272727,11,20,0.181818181818,3.52673796791,3.63636363636,2,2.5,2.01359019032,0.553737302337,0.290909090909,1.16774841624,0.642261628933,0.336363636364,1.8877596149,1.03826778819,0.527272727273,1.42584273568,0.404295059246,4.3137254902,3.52673796791,1.42584273568,4.3137254902,0.494285714286,0.375,7,0.0424242424242,0.235185185185,11,11,11,1,0,0.0909090909091,0.636363636364,0.272727272727,0,0,0.483349538162,0,0,0,0.324050177609,0.0891137988425,0.0454545454545,0,0,0,-0.0522497571515,-0.0287373664333,-0.00909090909091,0.368943961147,0.057018068835,0.768270944742,0.483349538162,0.368943961147,0.768270944742,-0.0047619047619,-0.025,-1,-0.00606060606061,-0.0203703703704,0,0,0,19,1,1,89,0.95,0.988888888889,0.0111111111111,0.05,0.95,0.95,0.95,0.938888888889,0.938888888889,0.904761904762,4,4,0,0,0,0
3380,WLNM_dir_neg,0.9375,0.620833333333,00:00:00,10,80,26,1178364375,threshold_sweep,0.5,0.75,0.75,0.75,3,1,1,7,0.75,0.875,0.125,0.25,0.75,0.75,0.75,0.833333333333,0.555555555556,0.625,0.625,0.625,20,16,4,0,20,0,16,0,4,11,20,0.181818181818,3.04338842975,3.63636363636,2,2.5,1.68954001271,0.464623503495,0.245454545455,1.16774841624,0.642261628933,0.336363636364,1.94000937205,1.06700515463,0.536363636364,1.05689877454,0.347276990411,3.54545454545,3.04338842975,1.05689877454,3.54545454545,0.499047619048,0.4,8,0.0484848484848,0.255555555556,11,11,11,1,0,0.0909090909091,0.636363636364,0.272727272727,11,0.145454545455,3.25757575758,2.90909090909,1.6,2,1.578261414,0.542527361061,0.25,0.820199532265,0.563887178432,0.284090909091,1.69491217257,1.16525211864,0.522727272727,1.29916229593,0.398812611773,4.44444444444,3.25757575758,1.29916229593,4.44444444444,0.314285714286,0.230769230769,3,0.0181818181818,0.235185185185,11,11,11,1,0,0.0909090909091,0.636363636364,0.272727272727,11,20,0.181818181818,3.52673796791,3.63636363636,2,2.5,2.01359019032,0.553737302337,0.290909090909,1.16774841624,0.642261628933,0.336363636364,1.8877596149,1.03826778819,0.527272727273,1.42584273568,0.404295059246,4.3137254902,3.52673796791,1.42584273568,4.3137254902,0.494285714286,0.375,7,0.0424242424242,0.235185185185,11,11,11,1,0,0.0909090909091,0.636363636364,0.272727272727,0,0,0.483349538162,0,0,0,0.324050177609,0.0891137988425,0.0454545454545,0,0,0,-0.0522497571515,-0.0287373664333,-0.00909090909091,0.368943961147,0.057018068835,0.768270944742,0.483349538162,0.368943961147,0.768270944742,-0.0047619047619,-0.025,-1,-0.00606060606061,-0.0203703703704,0,0,0,19,1,1,89,0.95,0.988888888889,0.0111111111111,0.05,0.95,0.95,0.95,0.938888888889,0.938888888889,0.904761904762,4,4,0,0,0,0
3381,WLNM_dir_neg,0.9375,0.620833333333,00:00:00,10,80,26,1178364375,threshold_sweep,0.6,0.75,0.75,0.75,3,1,1,7,0.75,0.875,0.125,0.25,0.75,0.75,0.75,0.833333333333,0.555555555556,0.625,0.625,0.625,20,16,4,0,20,0,16,0,4,11,20,0.181818181818,3.04338842975,3.63636363636,2,2.5,1.68954001271,0.464623503495,0.245454545455,1.16774841624,0.642261628933,0.336363636364,1.94000937205,1.06700515463,0.536363636364,1.05689877454,0.347276990411,3.54545454545,3.04338842975,1.05689877454,3.54545454545,0.499047619048,0.4,8,0.0484848484848,0.255555555556,11,11,11,1,0,0.0909090909091,0.636363636364,0.272727272727,11,0.145454545455,3.25757575758,2.90909090909,1.6,2,1.578261414,0.542527361061,0.25,0.820199532265,0.563887178432,0.284090909091,1.69491217257,1.16525211864,0.522727272727,1.29916229593,0.398812611773,4.44444444444,3.25757575758,1.29916229593,4.44444444444,0.314285714286,0.230769230769,3,0.0181818181818,0.235185185185,11,11,11,1,0,0.0909090909091,0.636363636364,0.272727272727,11,20,0.181818181818,3.52673796791,3.63636363636,2,2.5,2.01359019032,0.553737302337,0.290909090909,1.16774841624,0.642261628933,0.336363636364,1.8877596149,1.03826778819,0.527272727273,1.42584273568,0.404295059246,4.3137254902,3.52673796791,1.42584273568,4.3137254902,0.494285714286,0.375,7,0.0424242424242,0.235185185185,11,11,11,1,0,0.0909090909091,0.636363636364,0.272727272727,0,0,0.483349538162,0,0,0,0.324050177609,0.0891137988425,0.0454545454545,0,0,0,-0.0522497571515,-0.0287373664333,-0.00909090909091,0.368943961147,0.057018068835,0.768270944742,0.483349538162,0.368943961147,0.768270944742,-0.0047619047619,-0.025,-1,-0.00606060606061,-0.0203703703704,0,0,0,19,1,1,89,0.95,0.988888888889,0.0111111111111,0.05,0.95,0.95,0.95,0.938888888889,0.938888888889,0.904761904762,4,4,0,0,0,0
3382,WLNM_dir_neg,0.9375,0.620833333333,00:00:00,10,80,26,1178364375,threshold_sweep,0.7,0.75,0.75,0.75,3,1,1,7,0.75,0.875,0.125,0.25,0.75,0.75,0.75,0.833333333333,0.555555555556,0.625,0.625,0.625,20,16,4,0,20,0,16,0,4,11,20,0.181818181818,3.04338842975,3.63636363636,2,2.5,1.68954001271,0.464623503495,0.245454545455,1.16774841624,0.642261628933,0.336363636364,1.94000937205,1.06700515463,0.536363636364,1.05689877454,0.347276990411,3.54545454545,3.04338842975,1.05689877454,3.54545454545,0.499047619048,0.4,8,0.0484848484848,0.255555555556,11,11,11,1,0,0.0909090909091,0.636363636364,0.272727272727,11,0.145454545455,3.25757575758,2.90909090909,1.6,2,1.578261414,0.542527361061,0.25,0.820199532265,0.563887178432,0.284090909091,1.69491217257,1.16525211864,0.522727272727,1.29916229593,0.398812611773,4.44444444444,3.25757575758,1.29916229593,4.44444444444,0.314285714286,0.230769230769,3,0.0181818181818,0.235185185185,11,11,11,1,0,0.0909090909091,0.636363636364,0.272727272727,11,20,0.181818181818,3.52673796791,3.63636363636,2,2.5,2.01359019032,0.553737302337,0.290909090909,1.16774841624,0.642261628933,0.336363636364,1.8877596149,1.03826778819,0.527272727273,1.42584273568,0.404295059246,4.3137254902,3.52673796791,1.42584273568,4.3137254902,0.494285714286,0.375,7,0.0424242424242,0.235185185185,11,11,11,1,0,0.0909090909091,0.636363636364,0.272727272727,0,0,0.483349538162,0,0,0,0.324050177609,0.0891137988425,0.0454545454545,0,0,0,-0.0522497571515,-0.0287373664333,-0.00909090909091,0.368943961147,0.057018068835,0.768270944742,0.483349538162,0.368943961147,0.768270944742,-0.0047619047619,-0.025,-1,-0.00606060606061,-0.0203703703704,0,0,0,19,1,1,89,0.95,0.988888888889,0.0111111111111,0.05,0.95,0.95,0.95,0.938888888889,0.938888888889,0.904761904762,4,4,0,0,0,0
3383,WLNM_dir_neg,0.9375,0.620833333333,00:00:00,10,80,26,1178364375,threshold_sweep,0.8,0.75,0.75,0.75,3,1,1,7,0.75,0.875,0.125,0.25,0.75,0.75,0.75,0.833333333333,0.555555555556,0.625,0.625,0.625,20,16,4,0,20,0,16,0,4,11,20,0.181818181818,3.04338842975,3.63636363636,2,2.5,1.68954001271,0.464623503495,0.245454545455,1.16774841624,0.642261628933,0.336363636364,1.94000937205,1.06700515463,0.536363636364,1.05689877454,0.347276990411,3.54545454545,3.04338842975,1.05689877454,3.54545454545,0.499047619048,0.4,8,0.0484848484848,0.255555555556,11,11,11,1,0,0.0909090909091,0.636363636364,0.272727272727,11,0.145454545455,3.25757575758,2.90909090909,1.6,2,1.578261414,0.542527361061,0.25,0.820199532265,0.563887178432,0.284090909091,1.69491217257,1.16525211864,0.522727272727,1.29916229593,0.398812611773,4.44444444444,3.25757575758,1.29916229593,4.44444444444,0.314285714286,0.230769230769,3,0.0181818181818,0.235185185185,11,11,11,1,0,0.0909090909091,0.636363636364,0.272727272727,11,20,0.181818181818,3.52673796791,3.63636363636,2,2.5,2.01359019032,0.553737302337,0.290909090909,1.16774841624,0.642261628933,0.336363636364,1.8877596149,1.03826778819,0.527272727273,1.42584273568,0.404295059246,4.3137254902,3.52673796791,1.42584273568,4.3137254902,0.494285714286,0.375,7,0.0424242424242,0.235185185185,11,11,11,1,0,0.0909090909091,0.636363636364,0.272727272727,0,0,0.483349538162,0,0,0,0.324050177609,0.0891137988425,0.0454545454545,0,0,0,-0.0522497571515,-0.0287373664333,-0.00909090909091,0.368943961147,0.057018068835,0.768270944742,0.483349538162,0.368943961147,0.768270944742,-0.0047619047619,-0.025,-1,-0.00606060606061,-0.0203703703704,0,0,0,19,1,1,89,0.95,0.988888888889,0.0111111111111,0.05,0.95,0.95,0.95,0.938888888889,0.938888888889,0.904761904762,4,4,0,0,0,0
3384,WLNM_dir_neg,0.9375,0.620833333333,00:00:00,10,80,26,1178364375,threshold_sweep,0.9,0.75,0.75,0.75,3,1,1,7,0.75,0.875,0.125,0.25,0.75,0.75,0.75,0.833333333333,0.555555555556,0.625,0.625,0.625,20,16,4,0,20,0,16,0,4,11,20,0.181818181818,3.04338842975,3.63636363636,2,2.5,1.68954001271,0.464623503495,0.245454545455,1.16774841624,0.642261628933,0.336363636364,1.94000937205,1.06700515463,0.536363636364,1.05689877454,0.347276990411,3.54545454545,3.04338842975,1.05689877454,3.54545454545,0.499047619048,0.4,8,0.0484848484848,0.255555555556,11,11,11,1,0,0.0909090909091,0.636363636364,0.272727272727,11,0.145454545455,3.25757575758,2.90909090909,1.6,2,1.578261414,0.542527361061,0.25,0.820199532265,0.563887178432,0.284090909091,1.69491217257,1.16525211864,0.522727272727,1.29916229593,0.398812611773,4.44444444444,3.25757575758,1.29916229593,4.44444444444,0.314285714286,0.230769230769,3,0.0181818181818,0.235185185185,11,11,11,1,0,0.0909090909091,0.636363636364,0.272727272727,11,20,0.181818181818,3.52673796791,3.63636363636,2,2.5,2.01359019032,0.553737302337,0.290909090909,1.16774841624,0.642261628933,0.336363636364,1.8877596149,1.03826778819,0.527272727273,1.42584273568,0.404295059246,4.3137254902,3.52673796791,1.42584273568,4.3137254902,0.494285714286,0.375,7,0.0424242424242,0.235185185185,11,11,11,1,0,0.0909090909091,0.636363636364,0.272727272727,0,0,0.483349538162,0,0,0,0.324050177609,0.0891137988425,0.0454545454545,0,0,0,-0.0522497571515,-0.0287373664333,-0.00909090909091,0.368943961147,0.057018068835,0.768270944742,0.483349538162,0.368943961147,0.768270944742,-0.0047619047619,-0.025,-1,-0.00606060606061,-0.0203703703704,0,0,0,19,1,1,89,0.95,0.988888888889,0.0111111111111,0.05,0.95,0.95,0.95,0.938888888889,0.938888888889,0.904761904762,4,4,0,0,0,0
3385,WLNM_dir_neg,1,0.5,00:00:00,10,80,27,1178364376,threshold_sweep,0.1,1,1,1,4,0,0,8,1,1,0,0,1,1,1,1,0.555555555556,1,1,1,20,16,4,0,20,0,16,0,4,11,20,0.181818181818,3.04338842975,3.63636363636,2,2.5,1.68954001271,0.464623503495,0.245454545455,1.16774841624,0.642261628933,0.336363636364,1.94000937205,1.06700515463,0.536363636364,1.05689877454,0.347276990411,3.54545454545,3.04338842975,1.05689877454,3.54545454545,0.499047619048,0.4,8,0.0484848484848,0.255555555556,11,11,11,1,0,0.0909090909091,0.636363636364,0.272727272727,11,0.145454545455,3.22424242424,2.90909090909,1.6,2,1.81408629643,0.623592164399,0.318181818182,0.934198732994,0.642261628933,0.318181818182,1.7529196424,1.20513225415,0.545454545455,1.14514345623,0.355166673456,3.93333333333,3.22424242424,1.14514345623,3.93333333333,0.199404761905,0.214285714286,3,0.0181818181818,0.28037037037,11,11,11,1,0,0.0909090909091,0.636363636364,0.272727272727,11,20,0.181818181818,3.04338842975,3.63636363636,2,2.5,1.68954001271,0.464623503495,0.245454545455,1.16774841624,0.642261628933,0.336363636364,1.94000937205,1.06700515463,0.536363636364,1.05689877454,0.347276990411,3.54545454545,3.04338842975,1.05689877454,3.54545454545,0.499047619048,0.4,8,0.0484848484848,0.255555555556,11,11,11,1,0,0.0909090909091,0.636363636364,0.272727272727,0,0,0,0,0,0,0,0,0,0,0,0,0,0,0,0,0,0,0,0,0,0,0,0,0,0,0,0,0,20,0,0,90,1,1,0,0,1,1,1,1,1,1,4,4,0,0,0,0
3386,WLNM_dir_neg,1,0.5,00:00:00,10,80,27,1178364376,threshold_sweep,0.2,1,1,1,4,0,0,8,1,1,0,0,1,1,1,1,0.555555555556,1,1,1,20,16,4,0,20,0,16,0,4,11,20,0.181818181818,3.04338842975,3.63636363636,2,2.5,1.68954001271,0.464623503495,0.245454545455,1.16774841624,0.642261628933,0.336363636364,1.94000937205,1.06700515463,0.536363636364,1.05689877454,0.347276990411,3.54545454545,3.04338842975,1.05689877454,3.54545454545,0.499047619048,0.4,8,0.0484848484848,0.255555555556,11,11,11,1,0,0.0909090909091,0.636363636364,0.272727272727,11,0.145454545455,3.22424242424,2.90909090909,1.6,2,1.81408629643,0.623592164399,0.318181818182,0.934198732994,0.642261628933,0.318181818182,1.7529196424,1.20513225415,0.545454545455,1.14514345623,0.355166673456,3.93333333333,3.22424242424,1.14514345623,3.93333333333,0.199404761905,0.214285714286,3,0.0181818181818,0.28037037037,11,11,11,1,0,0.0909090909091,0.636363636364,0.272727272727,11,20,0.181818181818,3.04338842975,3.63636363636,2,2.5,1.68954001271,0.464623503495,0.245454545455,1.16774841624,0.642261628933,0.336363636364,1.94000937205,1.06700515463,0.536363636364,1.05689877454,0.347276990411,3.54545454545,3.04338842975,1.05689877454,3.54545454545,0.499047619048,0.4,8,0.0484848484848,0.255555555556,11,11,11,1,0,0.0909090909091,0.636363636364,0.272727272727,0,0,0,0,0,0,0,0,0,0,0,0,0,0,0,0,0,0,0,0,0,0,0,0,0,0,0,0,0,20,0,0,90,1,1,0,0,1,1,1,1,1,1,4,4,0,0,0,0
3387,WLNM_dir_neg,1,0.5,00:00:00,10,80,27,1178364376,threshold_sweep,0.3,1,1,1,4,0,0,8,1,1,0,0,1,1,1,1,0.555555555556,1,1,1,20,16,4,0,20,0,16,0,4,11,20,0.181818181818,3.04338842975,3.63636363636,2,2.5,1.68954001271,0.464623503495,0.245454545455,1.16774841624,0.642261628933,0.336363636364,1.94000937205,1.06700515463,0.536363636364,1.05689877454,0.347276990411,3.54545454545,3.04338842975,1.05689877454,3.54545454545,0.499047619048,0.4,8,0.0484848484848,0.255555555556,11,11,11,1,0,0.0909090909091,0.636363636364,0.272727272727,11,0.145454545455,3.22424242424,2.90909090909,1.6,2,1.81408629643,0.623592164399,0.318181818182,0.934198732994,0.642261628933,0.318181818182,1.7529196424,1.20513225415,0.545454545455,1.14514345623,0.355166673456,3.93333333333,3.22424242424,1.14514345623,3.93333333333,0.199404761905,0.214285714286,3,0.0181818181818,0.28037037037,11,11,11,1,0,0.0909090909091,0.636363636364,0.272727272727,11,20,0.181818181818,3.04338842975,3.63636363636,2,2.5,1.68954001271,0.464623503495,0.245454545455,1.16774841624,0.642261628933,0.336363636364,1.94000937205,1.06700515463,0.536363636364,1.05689877454,0.347276990411,3.54545454545,3.04338842975,1.05689877454,3.54545454545,0.499047619048,0.4,8,0.0484848484848,0.255555555556,11,11,11,1,0,0.0909090909091,0.636363636364,0.272727272727,0,0,0,0,0,0,0,0,0,0,0,0,0,0,0,0,0,0,0,0,0,0,0,0,0,0,0,0,0,20,0,0,90,1,1,0,0,1,1,1,1,1,1,4,4,0,0,0,0
3388,WLNM_dir_neg,1,0.5,00:00:00,10,80,27,1178364376,threshold_sweep,0.4,1,1,1,4,0,0,8,1,1,0,0,1,1,1,1,0.555555555556,1,1,1,20,16,4,0,20,0,16,0,4,11,20,0.181818181818,3.04338842975,3.63636363636,2,2.5,1.68954001271,0.464623503495,0.245454545455,1.16774841624,0.642261628933,0.336363636364,1.94000937205,1.06700515463,0.536363636364,1.05689877454,0.347276990411,3.54545454545,3.04338842975,1.05689877454,3.54545454545,0.499047619048,0.4,8,0.0484848484848,0.255555555556,11,11,11,1,0,0.0909090909091,0.636363636364,0.272727272727,11,0.145454545455,3.22424242424,2.90909090909,1.6,2,1.81408629643,0.623592164399,0.318181818182,0.934198732994,0.642261628933,0.318181818182,1.7529196424,1.20513225415,0.545454545455,1.14514345623,0.355166673456,3.93333333333,3.22424242424,1.14514345623,3.93333333333,0.199404761905,0.214285714286,3,0.0181818181818,0.28037037037,11,11,11,1,0,0.0909090909091,0.636363636364,0.272727272727,11,20,0.181818181818,3.04338842975,3.63636363636,2,2.5,1.68954001271,0.464623503495,0.245454545455,1.16774841624,0.642261628933,0.336363636364,1.94000937205,1.06700515463,0.536363636364,1.05689877454,0.347276990411,3.54545454545,3.04338842975,1.05689877454,3.54545454545,0.499047619048,0.4,8,0.0484848484848,0.255555555556,11,11,11,1,0,0.0909090909091,0.636363636364,0.272727272727,0,0,0,0,0,0,0,0,0,0,0,0,0,0,0,0,0,0,0,0,0,0,0,0,0,0,0,0,0,20,0,0,90,1,1,0,0,1,1,1,1,1,1,4,4,0,0,0,0
3389,WLNM_dir_neg,1,0.5,00:00:00,10,80,27,1178364376,threshold_sweep,0.5,1,1,1,4,0,0,8,1,1,0,0,1,1,1,1,0.555555555556,1,1,1,20,16,4,0,20,0,16,0,4,11,20,0.181818181818,3.04338842975,3.63636363636,2,2.5,1.68954001271,0.464623503495,0.245454545455,1.16774841624,0.642261628933,0.336363636364,1.94000937205,1.06700515463,0.536363636364,1.05689877454,0.347276990411,3.54545454545,3.04338842975,1.05689877454,3.54545454545,0.499047619048,0.4,8,0.0484848484848,0.255555555556,11,11,11,1,0,0.0909090909091,0.636363636364,0.272727272727,11,0.145454545455,3.22424242424,2.90909090909,1.6,2,1.81408629643,0.623592164399,0.318181818182,0.934198732994,0.642261628933,0.318181818182,1.7529196424,1.20513225415,0.545454545455,1.14514345623,0.355166673456,3.93333333333,3.22424242424,1.14514345623,3.93333333333,0.199404761905,0.214285714286,3,0.0181818181818,0.28037037037,11,11,11,1,0,0.0909090909091,0.636363636364,0.272727272727,11,20,0.181818181818,3.04338842975,3.63636363636,2,2.5,1.68954001271,0.464623503495,0.245454545455,1.16774841624,0.642261628933,0.336363636364,1.94000937205,1.06700515463,0.536363636364,1.05689877454,0.347276990411,3.54545454545,3.04338842975,1.05689877454,3.54545454545,0.499047619048,0.4,8,0.0484848484848,0.255555555556,11,11,11,1,0,0.0909090909091,0.636363636364,0.272727272727,0,0,0,0,0,0,0,0,0,0,0,0,0,0,0,0,0,0,0,0,0,0,0,0,0,0,0,0,0,20,0,0,90,1,1,0,0,1,1,1,1,1,1,4,4,0,0,0,0
3390,WLNM_dir_neg,1,0.5,00:00:00,10,80,27,1178364376,threshold_sweep,0.6,1,1,1,4,0,0,8,1,1,0,0,1,1,1,1,0.555555555556,1,1,1,20,16,4,0,20,0,16,0,4,11,20,0.181818181818,3.04338842975,3.63636363636,2,2.5,1.68954001271,0.464623503495,0.245454545455,1.16774841624,0.642261628933,0.336363636364,1.94000937205,1.06700515463,0.536363636364,1.05689877454,0.347276990411,3.54545454545,3.04338842975,1.05689877454,3.54545454545,0.499047619048,0.4,8,0.0484848484848,0.255555555556,11,11,11,1,0,0.0909090909091,0.636363636364,0.272727272727,11,0.145454545455,3.22424242424,2.90909090909,1.6,2,1.81408629643,0.623592164399,0.318181818182,0.934198732994,0.642261628933,0.318181818182,1.7529196424,1.20513225415,0.545454545455,1.14514345623,0.355166673456,3.93333333333,3.22424242424,1.14514345623,3.93333333333,0.199404761905,0.214285714286,3,0.0181818181818,0.28037037037,11,11,11,1,0,0.0909090909091,0.636363636364,0.272727272727,11,20,0.181818181818,3.04338842975,3.63636363636,2,2.5,1.68954001271,0.464623503495,0.245454545455,1.16774841624,0.642261628933,0.336363636364,1.94000937205,1.06700515463,0.536363636364,1.05689877454,0.347276990411,3.54545454545,3.04338842975,1.05689877454,3.54545454545,0.499047619048,0.4,8,0.0484848484848,0.255555555556,11,11,11,1,0,0.0909090909091,0.636363636364,0.272727272727,0,0,0,0,0,0,0,0,0,0,0,0,0,0,0,0,0,0,0,0,0,0,0,0,0,0,0,0,0,20,0,0,90,1,1,0,0,1,1,1,1,1,1,4,4,0,0,0,0
3391,WLNM_dir_neg,1,0.5,00:00:00,10,80,27,1178364376,threshold_sweep,0.7,1,1,1,4,0,0,8,1,1,0,0,1,1,1,1,0.555555555556,1,1,1,20,16,4,0,20,0,16,0,4,11,20,0.181818181818,3.04338842975,3.63636363636,2,2.5,1.68954001271,0.464623503495,0.245454545455,1.16774841624,0.642261628933,0.336363636364,1.94000937205,1.06700515463,0.536363636364,1.05689877454,0.347276990411,3.54545454545,3.04338842975,1.05689877454,3.54545454545,0.499047619048,0.4,8,0.0484848484848,0.255555555556,11,11,11,1,0,0.0909090909091,0.636363636364,0.272727272727,11,0.145454545455,3.22424242424,2.90909090909,1.6,2,1.81408629643,0.623592164399,0.318181818182,0.934198732994,0.642261628933,0.318181818182,1.7529196424,1.20513225415,0.545454545455,1.14514345623,0.355166673456,3.93333333333,3.22424242424,1.14514345623,3.93333333333,0.199404761905,0.214285714286,3,0.0181818181818,0.28037037037,11,11,11,1,0,0.0909090909091,0.636363636364,0.272727272727,11,20,0.181818181818,3.04338842975,3.63636363636,2,2.5,1.68954001271,0.464623503495,0.245454545455,1.16774841624,0.642261628933,0.336363636364,1.94000937205,1.06700515463,0.536363636364,1.05689877454,0.347276990411,3.54545454545,3.04338842975,1.05689877454,3.54545454545,0.499047619048,0.4,8,0.0484848484848,0.255555555556,11,11,11,1,0,0.0909090909091,0.636363636364,0.272727272727,0,0,0,0,0,0,0,0,0,0,0,0,0,0,0,0,0,0,0,0,0,0,0,0,0,0,0,0,0,20,0,0,90,1,1,0,0,1,1,1,1,1,1,4,4,0,0,0,0
3392,WLNM_dir_neg,1,0.5,00:00:00,10,80,27,1178364376,threshold_sweep,0.8,1,1,1,4,0,0,8,1,1,0,0,1,1,1,1,0.555555555556,1,1,1,20,16,4,0,20,0,16,0,4,11,20,0.181818181818,3.04338842975,3.63636363636,2,2.5,1.68954001271,0.464623503495,0.245454545455,1.16774841624,0.642261628933,0.336363636364,1.94000937205,1.06700515463,0.536363636364,1.05689877454,0.347276990411,3.54545454545,3.04338842975,1.05689877454,3.54545454545,0.499047619048,0.4,8,0.0484848484848,0.255555555556,11,11,11,1,0,0.0909090909091,0.636363636364,0.272727272727,11,0.145454545455,3.22424242424,2.90909090909,1.6,2,1.81408629643,0.623592164399,0.318181818182,0.934198732994,0.642261628933,0.318181818182,1.7529196424,1.20513225415,0.545454545455,1.14514345623,0.355166673456,3.93333333333,3.22424242424,1.14514345623,3.93333333333,0.199404761905,0.214285714286,3,0.0181818181818,0.28037037037,11,11,11,1,0,0.0909090909091,0.636363636364,0.272727272727,11,20,0.181818181818,3.04338842975,3.63636363636,2,2.5,1.68954001271,0.464623503495,0.245454545455,1.16774841624,0.642261628933,0.336363636364,1.94000937205,1.06700515463,0.536363636364,1.05689877454,0.347276990411,3.54545454545,3.04338842975,1.05689877454,3.54545454545,0.499047619048,0.4,8,0.0484848484848,0.255555555556,11,11,11,1,0,0.0909090909091,0.636363636364,0.272727272727,0,0,0,0,0,0,0,0,0,0,0,0,0,0,0,0,0,0,0,0,0,0,0,0,0,0,0,0,0,20,0,0,90,1,1,0,0,1,1,1,1,1,1,4,4,0,0,0,0
3393,WLNM_dir_neg,1,0.5,00:00:00,10,80,27,1178364376,threshold_sweep,0.9,1,1,1,4,0,0,8,1,1,0,0,1,1,1,1,0.555555555556,1,1,1,20,16,4,0,20,0,16,0,4,11,20,0.181818181818,3.04338842975,3.63636363636,2,2.5,1.68954001271,0.464623503495,0.245454545455,1.16774841624,0.642261628933,0.336363636364,1.94000937205,1.06700515463,0.536363636364,1.05689877454,0.347276990411,3.54545454545,3.04338842975,1.05689877454,3.54545454545,0.499047619048,0.4,8,0.0484848484848,0.255555555556,11,11,11,1,0,0.0909090909091,0.636363636364,0.272727272727,11,0.145454545455,3.22424242424,2.90909090909,1.6,2,1.81408629643,0.623592164399,0.318181818182,0.934198732994,0.642261628933,0.318181818182,1.7529196424,1.20513225415,0.545454545455,1.14514345623,0.355166673456,3.93333333333,3.22424242424,1.14514345623,3.93333333333,0.199404761905,0.214285714286,3,0.0181818181818,0.28037037037,11,11,11,1,0,0.0909090909091,0.636363636364,0.272727272727,11,20,0.181818181818,3.04338842975,3.63636363636,2,2.5,1.68954001271,0.464623503495,0.245454545455,1.16774841624,0.642261628933,0.336363636364,1.94000937205,1.06700515463,0.536363636364,1.05689877454,0.347276990411,3.54545454545,3.04338842975,1.05689877454,3.54545454545,0.499047619048,0.4,8,0.0484848484848,0.255555555556,11,11,11,1,0,0.0909090909091,0.636363636364,0.272727272727,0,0,0,0,0,0,0,0,0,0,0,0,0,0,0,0,0,0,0,0,0,0,0,0,0,0,0,0,0,20,0,0,90,1,1,0,0,1,1,1,1,1,1,4,4,0,0,0,0
3394,WLNM_dir_neg,1,0.75,00:00:00,10,80,28,1178364377,threshold_sweep,0.1,1,1,1,4,0,0,8,1,1,0,0,1,1,1,1,0.555555555556,1,1,1,20,16,4,0,20,0,16,0,4,11,20,0.181818181818,3.04338842975,3.63636363636,2,2.5,1.68954001271,0.464623503495,0.245454545455,1.16774841624,0.642261628933,0.336363636364,1.94000937205,1.06700515463,0.536363636364,1.05689877454,0.347276990411,3.54545454545,3.04338842975,1.05689877454,3.54545454545,0.499047619048,0.4,8,0.0484848484848,0.255555555556,11,11,11,1,0,0.0909090909091,0.636363636364,0.272727272727,11,0.145454545455,3.22424242424,2.90909090909,1.6,2,1.92117388357,0.660403522477,0.340909090909,0.934198732994,0.642261628933,0.318181818182,1.86352549559,1.28117377822,0.556818181818,1.14514345623,0.355166673456,3.93333333333,3.22424242424,1.14514345623,3.93333333333,0.445238095238,0.272727272727,4,0.0242424242424,0.293333333333,11,11,11,1,0,0.0909090909091,0.636363636364,0.272727272727,11,20,0.181818181818,3.04338842975,3.63636363636,2,2.5,1.68954001271,0.464623503495,0.245454545455,1.16774841624,0.642261628933,0.336363636364,1.94000937205,1.06700515463,0.536363636364,1.05689877454,0.347276990411,3.54545454545,3.04338842975,1.05689877454,3.54545454545,0.499047619048,0.4,8,0.0484848484848,0.255555555556,11,11,11,1,0,0.0909090909091,0.636363636364,0.272727272727,0,0,0,0,0,0,0,0,0,0,0,0,0,0,0,0,0,0,0,0,0,0,0,0,0,0,0,0,0,20,0,0,90,1,1,0,0,1,1,1,1,1,1,4,4,0,0,0,0
3395,WLNM_dir_neg,1,0.75,00:00:00,10,80,28,1178364377,threshold_sweep,0.2,1,1,1,4,0,0,8,1,1,0,0,1,1,1,1,0.555555555556,1,1,1,20,16,4,0,20,0,16,0,4,11,20,0.181818181818,3.04338842975,3.63636363636,2,2.5,1.68954001271,0.464623503495,0.245454545455,1.16774841624,0.642261628933,0.336363636364,1.94000937205,1.06700515463,0.536363636364,1.05689877454,0.347276990411,3.54545454545,3.04338842975,1.05689877454,3.54545454545,0.499047619048,0.4,8,0.0484848484848,0.255555555556,11,11,11,1,0,0.0909090909091,0.636363636364,0.272727272727,11,0.145454545455,3.22424242424,2.90909090909,1.6,2,1.92117388357,0.660403522477,0.340909090909,0.934198732994,0.642261628933,0.318181818182,1.86352549559,1.28117377822,0.556818181818,1.14514345623,0.355166673456,3.93333333333,3.22424242424,1.14514345623,3.93333333333,0.445238095238,0.272727272727,4,0.0242424242424,0.293333333333,11,11,11,1,0,0.0909090909091,0.636363636364,0.272727272727,11,20,0.181818181818,3.04338842975,3.63636363636,2,2.5,1.68954001271,0.464623503495,0.245454545455,1.16774841624,0.642261628933,0.336363636364,1.94000937205,1.06700515463,0.536363636364,1.05689877454,0.347276990411,3.54545454545,3.04338842975,1.05689877454,3.54545454545,0.499047619048,0.4,8,0.0484848484848,0.255555555556,11,11,11,1,0,0.0909090909091,0.636363636364,0.272727272727,0,0,0,0,0,0,0,0,0,0,0,0,0,0,0,0,0,0,0,0,0,0,0,0,0,0,0,0,0,20,0,0,90,1,1,0,0,1,1,1,1,1,1,4,4,0,0,0,0
3396,WLNM_dir_neg,1,0.75,00:00:00,10,80,28,1178364377,threshold_sweep,0.3,1,1,1,4,0,0,8,1,1,0,0,1,1,1,1,0.555555555556,1,1,1,20,16,4,0,20,0,16,0,4,11,20,0.181818181818,3.04338842975,3.63636363636,2,2.5,1.68954001271,0.464623503495,0.245454545455,1.16774841624,0.642261628933,0.336363636364,1.94000937205,1.06700515463,0.536363636364,1.05689877454,0.347276990411,3.54545454545,3.04338842975,1.05689877454,3.54545454545,0.499047619048,0.4,8,0.0484848484848,0.255555555556,11,11,11,1,0,0.0909090909091,0.636363636364,0.272727272727,11,0.145454545455,3.22424242424,2.90909090909,1.6,2,1.92117388357,0.660403522477,0.340909090909,0.934198732994,0.642261628933,0.318181818182,1.86352549559,1.28117377822,0.556818181818,1.14514345623,0.355166673456,3.93333333333,3.22424242424,1.14514345623,3.93333333333,0.445238095238,0.272727272727,4,0.0242424242424,0.293333333333,11,11,11,1,0,0.0909090909091,0.636363636364,0.272727272727,11,20,0.181818181818,3.04338842975,3.63636363636,2,2.5,1.68954001271,0.464623503495,0.245454545455,1.16774841624,0.642261628933,0.336363636364,1.94000937205,1.06700515463,0.536363636364,1.05689877454,0.347276990411,3.54545454545,3.04338842975,1.05689877454,3.54545454545,0.499047619048,0.4,8,0.0484848484848,0.255555555556,11,11,11,1,0,0.0909090909091,0.636363636364,0.272727272727,0,0,0,0,0,0,0,0,0,0,0,0,0,0,0,0,0,0,0,0,0,0,0,0,0,0,0,0,0,20,0,0,90,1,1,0,0,1,1,1,1,1,1,4,4,0,0,0,0
3397,WLNM_dir_neg,1,0.75,00:00:00,10,80,28,1178364377,threshold_sweep,0.4,1,1,1,4,0,0,8,1,1,0,0,1,1,1,1,0.555555555556,1,1,1,20,16,4,0,20,0,16,0,4,11,20,0.181818181818,3.04338842975,3.63636363636,2,2.5,1.68954001271,0.464623503495,0.245454545455,1.16774841624,0.642261628933,0.336363636364,1.94000937205,1.06700515463,0.536363636364,1.05689877454,0.347276990411,3.54545454545,3.04338842975,1.05689877454,3.54545454545,0.499047619048,0.4,8,0.0484848484848,0.255555555556,11,11,11,1,0,0.0909090909091,0.636363636364,0.272727272727,11,0.145454545455,3.22424242424,2.90909090909,1.6,2,1.92117388357,0.660403522477,0.340909090909,0.934198732994,0.642261628933,0.318181818182,1.86352549559,1.28117377822,0.556818181818,1.14514345623,0.355166673456,3.93333333333,3.22424242424,1.14514345623,3.93333333333,0.445238095238,0.272727272727,4,0.0242424242424,0.293333333333,11,11,11,1,0,0.0909090909091,0.636363636364,0.272727272727,11,20,0.181818181818,3.04338842975,3.63636363636,2,2.5,1.68954001271,0.464623503495,0.245454545455,1.16774841624,0.642261628933,0.336363636364,1.94000937205,1.06700515463,0.536363636364,1.05689877454,0.347276990411,3.54545454545,3.04338842975,1.05689877454,3.54545454545,0.499047619048,0.4,8,0.0484848484848,0.255555555556,11,11,11,1,0,0.0909090909091,0.636363636364,0.272727272727,0,0,0,0,0,0,0,0,0,0,0,0,0,0,0,0,0,0,0,0,0,0,0,0,0,0,0,0,0,20,0,0,90,1,1,0,0,1,1,1,1,1,1,4,4,0,0,0,0
3398,WLNM_dir_neg,1,0.75,00:00:00,10,80,28,1178364377,threshold_sweep,0.5,1,1,1,4,0,0,8,1,1,0,0,1,1,1,1,0.555555555556,1,1,1,20,16,4,0,20,0,16,0,4,11,20,0.181818181818,3.04338842975,3.63636363636,2,2.5,1.68954001271,0.464623503495,0.245454545455,1.16774841624,0.642261628933,0.336363636364,1.94000937205,1.06700515463,0.536363636364,1.05689877454,0.347276990411,3.54545454545,3.04338842975,1.05689877454,3.54545454545,0.499047619048,0.4,8,0.0484848484848,0.255555555556,11,11,11,1,0,0.0909090909091,0.636363636364,0.272727272727,11,0.145454545455,3.22424242424,2.90909090909,1.6,2,1.92117388357,0.660403522477,0.340909090909,0.934198732994,0.642261628933,0.318181818182,1.86352549559,1.28117377822,0.556818181818,1.14514345623,0.355166673456,3.93333333333,3.22424242424,1.14514345623,3.93333333333,0.445238095238,0.272727272727,4,0.0242424242424,0.293333333333,11,11,11,1,0,0.0909090909091,0.636363636364,0.272727272727,11,20,0.181818181818,3.04338842975,3.63636363636,2,2.5,1.68954001271,0.464623503495,0.245454545455,1.16774841624,0.642261628933,0.336363636364,1.94000937205,1.06700515463,0.536363636364,1.05689877454,0.347276990411,3.54545454545,3.04338842975,1.05689877454,3.54545454545,0.499047619048,0.4,8,0.0484848484848,0.255555555556,11,11,11,1,0,0.0909090909091,0.636363636364,0.272727272727,0,0,0,0,0,0,0,0,0,0,0,0,0,0,0,0,0,0,0,0,0,0,0,0,0,0,0,0,0,20,0,0,90,1,1,0,0,1,1,1,1,1,1,4,4,0,0,0,0
3399,WLNM_dir_neg,1,0.75,00:00:00,10,80,28,1178364377,threshold_sweep,0.6,1,1,1,4,0,0,8,1,1,0,0,1,1,1,1,0.555555555556,1,1,1,20,16,4,0,20,0,16,0,4,11,20,0.181818181818,3.04338842975,3.63636363636,2,2.5,1.68954001271,0.464623503495,0.245454545455,1.16774841624,0.642261628933,0.336363636364,1.94000937205,1.06700515463,0.536363636364,1.05689877454,0.347276990411,3.54545454545,3.04338842975,1.05689877454,3.54545454545,0.499047619048,0.4,8,0.0484848484848,0.255555555556,11,11,11,1,0,0.0909090909091,0.636363636364,0.272727272727,11,0.145454545455,3.22424242424,2.90909090909,1.6,2,1.92117388357,0.660403522477,0.340909090909,0.934198732994,0.642261628933,0.318181818182,1.86352549559,1.28117377822,0.556818181818,1.14514345623,0.355166673456,3.93333333333,3.22424242424,1.14514345623,3.93333333333,0.445238095238,0.272727272727,4,0.0242424242424,0.293333333333,11,11,11,1,0,0.0909090909091,0.636363636364,0.272727272727,11,20,0.181818181818,3.04338842975,3.63636363636,2,2.5,1.68954001271,0.464623503495,0.245454545455,1.16774841624,0.642261628933,0.336363636364,1.94000937205,1.06700515463,0.536363636364,1.05689877454,0.347276990411,3.54545454545,3.04338842975,1.05689877454,3.54545454545,0.499047619048,0.4,8,0.0484848484848,0.255555555556,11,11,11,1,0,0.0909090909091,0.636363636364,0.272727272727,0,0,0,0,0,0,0,0,0,0,0,0,0,0,0,0,0,0,0,0,0,0,0,0,0,0,0,0,0,20,0,0,90,1,1,0,0,1,1,1,1,1,1,4,4,0,0,0,0
3400,WLNM_dir_neg,1,0.75,00:00:00,10,80,28,1178364377,threshold_sweep,0.7,1,1,1,4,0,0,8,1,1,0,0,1,1,1,1,0.555555555556,1,1,1,20,16,4,0,20,0,16,0,4,11,20,0.181818181818,3.04338842975,3.63636363636,2,2.5,1.68954001271,0.464623503495,0.245454545455,1.16774841624,0.642261628933,0.336363636364,1.94000937205,1.06700515463,0.536363636364,1.05689877454,0.347276990411,3.54545454545,3.04338842975,1.05689877454,3.54545454545,0.499047619048,0.4,8,0.0484848484848,0.255555555556,11,11,11,1,0,0.0909090909091,0.636363636364,0.272727272727,11,0.145454545455,3.22424242424,2.90909090909,1.6,2,1.92117388357,0.660403522477,0.340909090909,0.934198732994,0.642261628933,0.318181818182,1.86352549559,1.28117377822,0.556818181818,1.14514345623,0.355166673456,3.93333333333,3.22424242424,1.14514345623,3.93333333333,0.445238095238,0.272727272727,4,0.0242424242424,0.293333333333,11,11,11,1,0,0.0909090909091,0.636363636364,0.272727272727,11,20,0.181818181818,3.04338842975,3.63636363636,2,2.5,1.68954001271,0.464623503495,0.245454545455,1.16774841624,0.642261628933,0.336363636364,1.94000937205,1.06700515463,0.536363636364,1.05689877454,0.347276990411,3.54545454545,3.04338842975,1.05689877454,3.54545454545,0.499047619048,0.4,8,0.0484848484848,0.255555555556,11,11,11,1,0,0.0909090909091,0.636363636364,0.272727272727,0,0,0,0,0,0,0,0,0,0,0,0,0,0,0,0,0,0,0,0,0,0,0,0,0,0,0,0,0,20,0,0,90,1,1,0,0,1,1,1,1,1,1,4,4,0,0,0,0
3401,WLNM_dir_neg,1,0.75,00:00:00,10,80,28,1178364377,threshold_sweep,0.8,1,1,1,4,0,0,8,1,1,0,0,1,1,1,1,0.555555555556,1,1,1,20,16,4,0,20,0,16,0,4,11,20,0.181818181818,3.04338842975,3.63636363636,2,2.5,1.68954001271,0.464623503495,0.245454545455,1.16774841624,0.642261628933,0.336363636364,1.94000937205,1.06700515463,0.536363636364,1.05689877454,0.347276990411,3.54545454545,3.04338842975,1.05689877454,3.54545454545,0.499047619048,0.4,8,0.0484848484848,0.255555555556,11,11,11,1,0,0.0909090909091,0.636363636364,0.272727272727,11,0.145454545455,3.22424242424,2.90909090909,1.6,2,1.92117388357,0.660403522477,0.340909090909,0.934198732994,0.642261628933,0.318181818182,1.86352549559,1.28117377822,0.556818181818,1.14514345623,0.355166673456,3.93333333333,3.22424242424,1.14514345623,3.93333333333,0.445238095238,0.272727272727,4,0.0242424242424,0.293333333333,11,11,11,1,0,0.0909090909091,0.636363636364,0.272727272727,11,20,0.181818181818,3.04338842975,3.63636363636,2,2.5,1.68954001271,0.464623503495,0.245454545455,1.16774841624,0.642261628933,0.336363636364,1.94000937205,1.06700515463,0.536363636364,1.05689877454,0.347276990411,3.54545454545,3.04338842975,1.05689877454,3.54545454545,0.499047619048,0.4,8,0.0484848484848,0.255555555556,11,11,11,1,0,0.0909090909091,0.636363636364,0.272727272727,0,0,0,0,0,0,0,0,0,0,0,0,0,0,0,0,0,0,0,0,0,0,0,0,0,0,0,0,0,20,0,0,90,1,1,0,0,1,1,1,1,1,1,4,4,0,0,0,0
3402,WLNM_dir_neg,1,0.75,00:00:00,10,80,28,1178364377,threshold_sweep,0.9,1,0.75,0.857142857143,3,0,1,8,0.75,1,0,0.25,1,0.75,0.857142857143,0.916666666667,0.583333333333,0.8,0.816496580928,0.75,20,16,4,0,20,0,16,0,4,11,20,0.181818181818,3.04338842975,3.63636363636,2,2.5,1.68954001271,0.464623503495,0.245454545455,1.16774841624,0.642261628933,0.336363636364,1.94000937205,1.06700515463,0.536363636364,1.05689877454,0.347276990411,3.54545454545,3.04338842975,1.05689877454,3.54545454545,0.499047619048,0.4,8,0.0484848484848,0.255555555556,11,11,11,1,0,0.0909090909091,0.636363636364,0.272727272727,11,0.145454545455,3.22424242424,2.90909090909,1.6,2,1.92117388357,0.660403522477,0.340909090909,0.934198732994,0.642261628933,0.318181818182,1.86352549559,1.28117377822,0.556818181818,1.14514345623,0.355166673456,3.93333333333,3.22424242424,1.14514345623,3.93333333333,0.445238095238,0.272727272727,4,0.0242424242424,0.293333333333,11,11,11,1,0,0.0909090909091,0.636363636364,0.272727272727,11,19,0.172727272727,3.06818181818,3.45454545455,1.9,2.375,1.63484778274,0.473245410793,0.244019138756,1.00904995822,0.584186817916,0.306220095694,1.90215189146,1.1012458319,0.545454545455,1.09659712407,0.357409433031,3.75,3.06818181818,1.09659712407,3.75,0.432380952381,0.333333333333,6,0.0363636363636,0.247777777778,11,11,11,1,0,0.0909090909091,0.636363636364,0.272727272727,-1,-0.00909090909091,0.0247933884298,-0.181818181818,-0.1,-0.125,-0.05469222997,0.00862190729789,-0.00143540669856,-0.158698458023,-0.058074811017,-0.0301435406699,-0.0378574805894,0.0342406772707,0.00909090909091,0.0396983495361,0.0101324426199,0.204545454545,0.0247933884298,0.0396983495361,0.204545454545,-0.0666666666667,-0.0666666666667,-2,-0.0121212121212,-0.00777777777778,0,0,0,19,0,1,90,0.95,1,0,0.05,1,0.95,0.974358974359,0.969309258988,0.95,0.95,3,4,0,0,0,0
3403,WLNM_dir_neg,1,0.5,00:00:00,10,80,29,1178364378,threshold_sweep,0.1,0,0,0,0,0,4,8,0,1,0,1,0,0,0,0.666666666667,0.666666666667,0,0,0,20,16,4,0,20,0,16,0,4,11,20,0.181818181818,3.04338842975,3.63636363636,2,2.5,1.68954001271,0.464623503495,0.245454545455,1.16774841624,0.642261628933,0.336363636364,1.94000937205,1.06700515463,0.536363636364,1.05689877454,0.347276990411,3.54545454545,3.04338842975,1.05689877454,3.54545454545,0.499047619048,0.4,8,0.0484848484848,0.255555555556,11,11,11,1,0,0.0909090909091,0.636363636364,0.272727272727,11,0.145454545455,3.22424242424,2.90909090909,1.6,2,1.81408629643,0.623592164399,0.318181818182,0.934198732994,0.642261628933,0.318181818182,1.7529196424,1.20513225415,0.545454545455,1.14514345623,0.355166673456,3.93333333333,3.22424242424,1.14514345623,3.93333333333,0.386904761905,0.285714285714,4,0.0242424242424,0.28037037037,11,11,11,1,0,0.0909090909091,0.636363636364,0.272727272727,11,16,0.145454545455,3.22424242424,2.90909090909,1.6,2,1.81408629643,0.623592164399,0.318181818182,0.934198732994,0.642261628933,0.318181818182,1.7529196424,1.20513225415,0.545454545455,1.14514345623,0.355166673456,3.93333333333,3.22424242424,1.14514345623,3.93333333333,0.386904761905,0.285714285714,4,0.0242424242424,0.28037037037,11,11,11,1,0,0.0909090909091,0.636363636364,0.272727272727,-4,-0.0363636363636,0.18085399449,-0.727272727273,-0.4,-0.5,0.124546283725,0.158968660904,0.0727272727273,-0.233549683248,0,-0.0181818181818,-0.187089729644,0.138127099526,0.00909090909091,0.0882446816962,0.00788968304444,0.387878787879,0.18085399449,0.0882446816962,0.387878787879,-0.112142857143,-0.114285714286,-4,-0.0242424242424,0.0248148148148,0,0,0,16,0,4,90,0.8,1,0,0.2,1,0.8,0.888888888889,0.875189948987,0.8,0.8,0,4,0,0,0,0
3404,WLNM_dir_neg,1,0.5,00:00:00,10,80,29,1178364378,threshold_sweep,0.2,0,0,0,0,0,4,8,0,1,0,1,0,0,0,0.666666666667,0.666666666667,0,0,0,20,16,4,0,20,0,16,0,4,11,20,0.181818181818,3.04338842975,3.63636363636,2,2.5,1.68954001271,0.464623503495,0.245454545455,1.16774841624,0.642261628933,0.336363636364,1.94000937205,1.06700515463,0.536363636364,1.05689877454,0.347276990411,3.54545454545,3.04338842975,1.05689877454,3.54545454545,0.499047619048,0.4,8,0.0484848484848,0.255555555556,11,11,11,1,0,0.0909090909091,0.636363636364,0.272727272727,11,0.145454545455,3.22424242424,2.90909090909,1.6,2,1.81408629643,0.623592164399,0.318181818182,0.934198732994,0.642261628933,0.318181818182,1.7529196424,1.20513225415,0.545454545455,1.14514345623,0.355166673456,3.93333333333,3.22424242424,1.14514345623,3.93333333333,0.386904761905,0.285714285714,4,0.0242424242424,0.28037037037,11,11,11,1,0,0.0909090909091,0.636363636364,0.272727272727,11,16,0.145454545455,3.22424242424,2.90909090909,1.6,2,1.81408629643,0.623592164399,0.318181818182,0.934198732994,0.642261628933,0.318181818182,1.7529196424,1.20513225415,0.545454545455,1.14514345623,0.355166673456,3.93333333333,3.22424242424,1.14514345623,3.93333333333,0.386904761905,0.285714285714,4,0.0242424242424,0.28037037037,11,11,11,1,0,0.0909090909091,0.636363636364,0.272727272727,-4,-0.0363636363636,0.18085399449,-0.727272727273,-0.4,-0.5,0.124546283725,0.158968660904,0.0727272727273,-0.233549683248,0,-0.0181818181818,-0.187089729644,0.138127099526,0.00909090909091,0.0882446816962,0.00788968304444,0.387878787879,0.18085399449,0.0882446816962,0.387878787879,-0.112142857143,-0.114285714286,-4,-0.0242424242424,0.0248148148148,0,0,0,16,0,4,90,0.8,1,0,0.2,1,0.8,0.888888888889,0.875189948987,0.8,0.8,0,4,0,0,0,0
3405,WLNM_dir_neg,1,0.5,00:00:00,10,80,29,1178364378,threshold_sweep,0.3,0,0,0,0,0,4,8,0,1,0,1,0,0,0,0.666666666667,0.666666666667,0,0,0,20,16,4,0,20,0,16,0,4,11,20,0.181818181818,3.04338842975,3.63636363636,2,2.5,1.68954001271,0.464623503495,0.245454545455,1.16774841624,0.642261628933,0.336363636364,1.94000937205,1.06700515463,0.536363636364,1.05689877454,0.347276990411,3.54545454545,3.04338842975,1.05689877454,3.54545454545,0.499047619048,0.4,8,0.0484848484848,0.255555555556,11,11,11,1,0,0.0909090909091,0.636363636364,0.272727272727,11,0.145454545455,3.22424242424,2.90909090909,1.6,2,1.81408629643,0.623592164399,0.318181818182,0.934198732994,0.642261628933,0.318181818182,1.7529196424,1.20513225415,0.545454545455,1.14514345623,0.355166673456,3.93333333333,3.22424242424,1.14514345623,3.93333333333,0.386904761905,0.285714285714,4,0.0242424242424,0.28037037037,11,11,11,1,0,0.0909090909091,0.636363636364,0.272727272727,11,16,0.145454545455,3.22424242424,2.90909090909,1.6,2,1.81408629643,0.623592164399,0.318181818182,0.934198732994,0.642261628933,0.318181818182,1.7529196424,1.20513225415,0.545454545455,1.14514345623,0.355166673456,3.93333333333,3.22424242424,1.14514345623,3.93333333333,0.386904761905,0.285714285714,4,0.0242424242424,0.28037037037,11,11,11,1,0,0.0909090909091,0.636363636364,0.272727272727,-4,-0.0363636363636,0.18085399449,-0.727272727273,-0.4,-0.5,0.124546283725,0.158968660904,0.0727272727273,-0.233549683248,0,-0.0181818181818,-0.187089729644,0.138127099526,0.00909090909091,0.0882446816962,0.00788968304444,0.387878787879,0.18085399449,0.0882446816962,0.387878787879,-0.112142857143,-0.114285714286,-4,-0.0242424242424,0.0248148148148,0,0,0,16,0,4,90,0.8,1,0,0.2,1,0.8,0.888888888889,0.875189948987,0.8,0.8,0,4,0,0,0,0
3406,WLNM_dir_neg,1,0.5,00:00:00,10,80,29,1178364378,threshold_sweep,0.4,0,0,0,0,0,4,8,0,1,0,1,0,0,0,0.666666666667,0.666666666667,0,0,0,20,16,4,0,20,0,16,0,4,11,20,0.181818181818,3.04338842975,3.63636363636,2,2.5,1.68954001271,0.464623503495,0.245454545455,1.16774841624,0.642261628933,0.336363636364,1.94000937205,1.06700515463,0.536363636364,1.05689877454,0.347276990411,3.54545454545,3.04338842975,1.05689877454,3.54545454545,0.499047619048,0.4,8,0.0484848484848,0.255555555556,11,11,11,1,0,0.0909090909091,0.636363636364,0.272727272727,11,0.145454545455,3.22424242424,2.90909090909,1.6,2,1.81408629643,0.623592164399,0.318181818182,0.934198732994,0.642261628933,0.318181818182,1.7529196424,1.20513225415,0.545454545455,1.14514345623,0.355166673456,3.93333333333,3.22424242424,1.14514345623,3.93333333333,0.386904761905,0.285714285714,4,0.0242424242424,0.28037037037,11,11,11,1,0,0.0909090909091,0.636363636364,0.272727272727,11,16,0.145454545455,3.22424242424,2.90909090909,1.6,2,1.81408629643,0.623592164399,0.318181818182,0.934198732994,0.642261628933,0.318181818182,1.7529196424,1.20513225415,0.545454545455,1.14514345623,0.355166673456,3.93333333333,3.22424242424,1.14514345623,3.93333333333,0.386904761905,0.285714285714,4,0.0242424242424,0.28037037037,11,11,11,1,0,0.0909090909091,0.636363636364,0.272727272727,-4,-0.0363636363636,0.18085399449,-0.727272727273,-0.4,-0.5,0.124546283725,0.158968660904,0.0727272727273,-0.233549683248,0,-0.0181818181818,-0.187089729644,0.138127099526,0.00909090909091,0.0882446816962,0.00788968304444,0.387878787879,0.18085399449,0.0882446816962,0.387878787879,-0.112142857143,-0.114285714286,-4,-0.0242424242424,0.0248148148148,0,0,0,16,0,4,90,0.8,1,0,0.2,1,0.8,0.888888888889,0.875189948987,0.8,0.8,0,4,0,0,0,0
3407,WLNM_dir_neg,1,0.5,00:00:00,10,80,29,1178364378,threshold_sweep,0.5,0,0,0,0,0,4,8,0,1,0,1,0,0,0,0.666666666667,0.666666666667,0,0,0,20,16,4,0,20,0,16,0,4,11,20,0.181818181818,3.04338842975,3.63636363636,2,2.5,1.68954001271,0.464623503495,0.245454545455,1.16774841624,0.642261628933,0.336363636364,1.94000937205,1.06700515463,0.536363636364,1.05689877454,0.347276990411,3.54545454545,3.04338842975,1.05689877454,3.54545454545,0.499047619048,0.4,8,0.0484848484848,0.255555555556,11,11,11,1,0,0.0909090909091,0.636363636364,0.272727272727,11,0.145454545455,3.22424242424,2.90909090909,1.6,2,1.81408629643,0.623592164399,0.318181818182,0.934198732994,0.642261628933,0.318181818182,1.7529196424,1.20513225415,0.545454545455,1.14514345623,0.355166673456,3.93333333333,3.22424242424,1.14514345623,3.93333333333,0.386904761905,0.285714285714,4,0.0242424242424,0.28037037037,11,11,11,1,0,0.0909090909091,0.636363636364,0.272727272727,11,16,0.145454545455,3.22424242424,2.90909090909,1.6,2,1.81408629643,0.623592164399,0.318181818182,0.934198732994,0.642261628933,0.318181818182,1.7529196424,1.20513225415,0.545454545455,1.14514345623,0.355166673456,3.93333333333,3.22424242424,1.14514345623,3.93333333333,0.386904761905,0.285714285714,4,0.0242424242424,0.28037037037,11,11,11,1,0,0.0909090909091,0.636363636364,0.272727272727,-4,-0.0363636363636,0.18085399449,-0.727272727273,-0.4,-0.5,0.124546283725,0.158968660904,0.0727272727273,-0.233549683248,0,-0.0181818181818,-0.187089729644,0.138127099526,0.00909090909091,0.0882446816962,0.00788968304444,0.387878787879,0.18085399449,0.0882446816962,0.387878787879,-0.112142857143,-0.114285714286,-4,-0.0242424242424,0.0248148148148,0,0,0,16,0,4,90,0.8,1,0,0.2,1,0.8,0.888888888889,0.875189948987,0.8,0.8,0,4,0,0,0,0
3408,WLNM_dir_neg,1,0.5,00:00:00,10,80,29,1178364378,threshold_sweep,0.6,0,0,0,0,0,4,8,0,1,0,1,0,0,0,0.666666666667,0.666666666667,0,0,0,20,16,4,0,20,0,16,0,4,11,20,0.181818181818,3.04338842975,3.63636363636,2,2.5,1.68954001271,0.464623503495,0.245454545455,1.16774841624,0.642261628933,0.336363636364,1.94000937205,1.06700515463,0.536363636364,1.05689877454,0.347276990411,3.54545454545,3.04338842975,1.05689877454,3.54545454545,0.499047619048,0.4,8,0.0484848484848,0.255555555556,11,11,11,1,0,0.0909090909091,0.636363636364,0.272727272727,11,0.145454545455,3.22424242424,2.90909090909,1.6,2,1.81408629643,0.623592164399,0.318181818182,0.934198732994,0.642261628933,0.318181818182,1.7529196424,1.20513225415,0.545454545455,1.14514345623,0.355166673456,3.93333333333,3.22424242424,1.14514345623,3.93333333333,0.386904761905,0.285714285714,4,0.0242424242424,0.28037037037,11,11,11,1,0,0.0909090909091,0.636363636364,0.272727272727,11,16,0.145454545455,3.22424242424,2.90909090909,1.6,2,1.81408629643,0.623592164399,0.318181818182,0.934198732994,0.642261628933,0.318181818182,1.7529196424,1.20513225415,0.545454545455,1.14514345623,0.355166673456,3.93333333333,3.22424242424,1.14514345623,3.93333333333,0.386904761905,0.285714285714,4,0.0242424242424,0.28037037037,11,11,11,1,0,0.0909090909091,0.636363636364,0.272727272727,-4,-0.0363636363636,0.18085399449,-0.727272727273,-0.4,-0.5,0.124546283725,0.158968660904,0.0727272727273,-0.233549683248,0,-0.0181818181818,-0.187089729644,0.138127099526,0.00909090909091,0.0882446816962,0.00788968304444,0.387878787879,0.18085399449,0.0882446816962,0.387878787879,-0.112142857143,-0.114285714286,-4,-0.0242424242424,0.0248148148148,0,0,0,16,0,4,90,0.8,1,0,0.2,1,0.8,0.888888888889,0.875189948987,0.8,0.8,0,4,0,0,0,0
3409,WLNM_dir_neg,1,0.5,00:00:00,10,80,29,1178364378,threshold_sweep,0.7,0,0,0,0,0,4,8,0,1,0,1,0,0,0,0.666666666667,0.666666666667,0,0,0,20,16,4,0,20,0,16,0,4,11,20,0.181818181818,3.04338842975,3.63636363636,2,2.5,1.68954001271,0.464623503495,0.245454545455,1.16774841624,0.642261628933,0.336363636364,1.94000937205,1.06700515463,0.536363636364,1.05689877454,0.347276990411,3.54545454545,3.04338842975,1.05689877454,3.54545454545,0.499047619048,0.4,8,0.0484848484848,0.255555555556,11,11,11,1,0,0.0909090909091,0.636363636364,0.272727272727,11,0.145454545455,3.22424242424,2.90909090909,1.6,2,1.81408629643,0.623592164399,0.318181818182,0.934198732994,0.642261628933,0.318181818182,1.7529196424,1.20513225415,0.545454545455,1.14514345623,0.355166673456,3.93333333333,3.22424242424,1.14514345623,3.93333333333,0.386904761905,0.285714285714,4,0.0242424242424,0.28037037037,11,11,11,1,0,0.0909090909091,0.636363636364,0.272727272727,11,16,0.145454545455,3.22424242424,2.90909090909,1.6,2,1.81408629643,0.623592164399,0.318181818182,0.934198732994,0.642261628933,0.318181818182,1.7529196424,1.20513225415,0.545454545455,1.14514345623,0.355166673456,3.93333333333,3.22424242424,1.14514345623,3.93333333333,0.386904761905,0.285714285714,4,0.0242424242424,0.28037037037,11,11,11,1,0,0.0909090909091,0.636363636364,0.272727272727,-4,-0.0363636363636,0.18085399449,-0.727272727273,-0.4,-0.5,0.124546283725,0.158968660904,0.0727272727273,-0.233549683248,0,-0.0181818181818,-0.187089729644,0.138127099526,0.00909090909091,0.0882446816962,0.00788968304444,0.387878787879,0.18085399449,0.0882446816962,0.387878787879,-0.112142857143,-0.114285714286,-4,-0.0242424242424,0.0248148148148,0,0,0,16,0,4,90,0.8,1,0,0.2,1,0.8,0.888888888889,0.875189948987,0.8,0.8,0,4,0,0,0,0
3410,WLNM_dir_neg,1,0.5,00:00:00,10,80,29,1178364378,threshold_sweep,0.8,0,0,0,0,0,4,8,0,1,0,1,0,0,0,0.666666666667,0.666666666667,0,0,0,20,16,4,0,20,0,16,0,4,11,20,0.181818181818,3.04338842975,3.63636363636,2,2.5,1.68954001271,0.464623503495,0.245454545455,1.16774841624,0.642261628933,0.336363636364,1.94000937205,1.06700515463,0.536363636364,1.05689877454,0.347276990411,3.54545454545,3.04338842975,1.05689877454,3.54545454545,0.499047619048,0.4,8,0.0484848484848,0.255555555556,11,11,11,1,0,0.0909090909091,0.636363636364,0.272727272727,11,0.145454545455,3.22424242424,2.90909090909,1.6,2,1.81408629643,0.623592164399,0.318181818182,0.934198732994,0.642261628933,0.318181818182,1.7529196424,1.20513225415,0.545454545455,1.14514345623,0.355166673456,3.93333333333,3.22424242424,1.14514345623,3.93333333333,0.386904761905,0.285714285714,4,0.0242424242424,0.28037037037,11,11,11,1,0,0.0909090909091,0.636363636364,0.272727272727,11,16,0.145454545455,3.22424242424,2.90909090909,1.6,2,1.81408629643,0.623592164399,0.318181818182,0.934198732994,0.642261628933,0.318181818182,1.7529196424,1.20513225415,0.545454545455,1.14514345623,0.355166673456,3.93333333333,3.22424242424,1.14514345623,3.93333333333,0.386904761905,0.285714285714,4,0.0242424242424,0.28037037037,11,11,11,1,0,0.0909090909091,0.636363636364,0.272727272727,-4,-0.0363636363636,0.18085399449,-0.727272727273,-0.4,-0.5,0.124546283725,0.158968660904,0.0727272727273,-0.233549683248,0,-0.0181818181818,-0.187089729644,0.138127099526,0.00909090909091,0.0882446816962,0.00788968304444,0.387878787879,0.18085399449,0.0882446816962,0.387878787879,-0.112142857143,-0.114285714286,-4,-0.0242424242424,0.0248148148148,0,0,0,16,0,4,90,0.8,1,0,0.2,1,0.8,0.888888888889,0.875189948987,0.8,0.8,0,4,0,0,0,0
3411,WLNM_dir_neg,1,0.5,00:00:00,10,80,29,1178364378,threshold_sweep,0.9,0,0,0,0,0,4,8,0,1,0,1,0,0,0,0.666666666667,0.666666666667,0,0,0,20,16,4,0,20,0,16,0,4,11,20,0.181818181818,3.04338842975,3.63636363636,2,2.5,1.68954001271,0.464623503495,0.245454545455,1.16774841624,0.642261628933,0.336363636364,1.94000937205,1.06700515463,0.536363636364,1.05689877454,0.347276990411,3.54545454545,3.04338842975,1.05689877454,3.54545454545,0.499047619048,0.4,8,0.0484848484848,0.255555555556,11,11,11,1,0,0.0909090909091,0.636363636364,0.272727272727,11,0.145454545455,3.22424242424,2.90909090909,1.6,2,1.81408629643,0.623592164399,0.318181818182,0.934198732994,0.642261628933,0.318181818182,1.7529196424,1.20513225415,0.545454545455,1.14514345623,0.355166673456,3.93333333333,3.22424242424,1.14514345623,3.93333333333,0.386904761905,0.285714285714,4,0.0242424242424,0.28037037037,11,11,11,1,0,0.0909090909091,0.636363636364,0.272727272727,11,16,0.145454545455,3.22424242424,2.90909090909,1.6,2,1.81408629643,0.623592164399,0.318181818182,0.934198732994,0.642261628933,0.318181818182,1.7529196424,1.20513225415,0.545454545455,1.14514345623,0.355166673456,3.93333333333,3.22424242424,1.14514345623,3.93333333333,0.386904761905,0.285714285714,4,0.0242424242424,0.28037037037,11,11,11,1,0,0.0909090909091,0.636363636364,0.272727272727,-4,-0.0363636363636,0.18085399449,-0.727272727273,-0.4,-0.5,0.124546283725,0.158968660904,0.0727272727273,-0.233549683248,0,-0.0181818181818,-0.187089729644,0.138127099526,0.00909090909091,0.0882446816962,0.00788968304444,0.387878787879,0.18085399449,0.0882446816962,0.387878787879,-0.112142857143,-0.114285714286,-4,-0.0242424242424,0.0248148148148,0,0,0,16,0,4,90,0.8,1,0,0.2,1,0.8,0.888888888889,0.875189948987,0.8,0.8,0,4,0,0,0,0
3412,WLNM_dir_neg,0.8125,0.417261904762,00:00:00,10,80,30,1178364379,threshold_sweep,0.1,0.6,0.75,0.666666666667,3,2,1,6,0.75,0.75,0.25,0.25,0.6,0.75,0.666666666667,0.75,0.527777777778,0.470588235294,0.478091443734,0.5,20,16,4,0,20,0,16,0,4,11,20,0.181818181818,3.04338842975,3.63636363636,2,2.5,1.68954001271,0.464623503495,0.245454545455,1.16774841624,0.642261628933,0.336363636364,1.94000937205,1.06700515463,0.536363636364,1.05689877454,0.347276990411,3.54545454545,3.04338842975,1.05689877454,3.54545454545,0.499047619048,0.4,8,0.0484848484848,0.255555555556,11,11,11,1,0,0.0909090909091,0.636363636364,0.272727272727,11,0.145454545455,3.52272727273,2.90909090909,1.6,2,1.578261414,0.542527361061,0.25,0.820199532265,0.563887178432,0.284090909091,1.7529196424,1.20513225415,0.545454545455,1.96782836773,0.558609343098,6.66666666667,3.52272727273,1.96782836773,6.66666666667,0.428571428571,0.3,4,0.0242424242424,0.216666666667,11,11,11,1,0,0.0909090909091,0.636363636364,0.272727272727,11,21,0.190909090909,NaN,3.81818181818,1.90909090909,2.625,1.83402190926,0.480339071472,0.242424242424,0.943879807449,0.494413232473,0.251082251082,2.11917651245,1.11004483985,0.545454545455,NaN,NaN,NaN,NaN,NaN,NaN,0.475714285714,0.35593220339,7,0.0424242424242,0.284242424242,11,11,0,1,2,0,0.727272727273,0.272727272727,1,0.00909090909091,NaN,0.181818181818,-0.0909090909091,0.125,0.144481896548,0.0157155679772,-0.0030303030303,-0.223868608794,-0.14784839646,-0.0852813852814,0.179167140399,0.0430396852267,0.00909090909091,NaN,NaN,NaN,NaN,NaN,NaN,-0.0233333333333,-0.0440677966102,-1,-0.00606060606061,0.0286868686869,-0.0909090909091,0.0909090909091,0,19,2,1,88,0.95,0.977777777778,0.0222222222222,0.05,0.904761904762,0.95,0.926829268293,0.910490812697,0.927777777778,0.863636363636,5,4,0,0,0,0
3413,WLNM_dir_neg,0.8125,0.417261904762,00:00:00,10,80,30,1178364379,threshold_sweep,0.2,0.6,0.75,0.666666666667,3,2,1,6,0.75,0.75,0.25,0.25,0.6,0.75,0.666666666667,0.75,0.527777777778,0.470588235294,0.478091443734,0.5,20,16,4,0,20,0,16,0,4,11,20,0.181818181818,3.04338842975,3.63636363636,2,2.5,1.68954001271,0.464623503495,0.245454545455,1.16774841624,0.642261628933,0.336363636364,1.94000937205,1.06700515463,0.536363636364,1.05689877454,0.347276990411,3.54545454545,3.04338842975,1.05689877454,3.54545454545,0.499047619048,0.4,8,0.0484848484848,0.255555555556,11,11,11,1,0,0.0909090909091,0.636363636364,0.272727272727,11,0.145454545455,3.52272727273,2.90909090909,1.6,2,1.578261414,0.542527361061,0.25,0.820199532265,0.563887178432,0.284090909091,1.7529196424,1.20513225415,0.545454545455,1.96782836773,0.558609343098,6.66666666667,3.52272727273,1.96782836773,6.66666666667,0.428571428571,0.3,4,0.0242424242424,0.216666666667,11,11,11,1,0,0.0909090909091,0.636363636364,0.272727272727,11,21,0.190909090909,NaN,3.81818181818,1.90909090909,2.625,1.83402190926,0.480339071472,0.242424242424,0.943879807449,0.494413232473,0.251082251082,2.11917651245,1.11004483985,0.545454545455,NaN,NaN,NaN,NaN,NaN,NaN,0.475714285714,0.35593220339,7,0.0424242424242,0.284242424242,11,11,0,1,2,0,0.727272727273,0.272727272727,1,0.00909090909091,NaN,0.181818181818,-0.0909090909091,0.125,0.144481896548,0.0157155679772,-0.0030303030303,-0.223868608794,-0.14784839646,-0.0852813852814,0.179167140399,0.0430396852267,0.00909090909091,NaN,NaN,NaN,NaN,NaN,NaN,-0.0233333333333,-0.0440677966102,-1,-0.00606060606061,0.0286868686869,-0.0909090909091,0.0909090909091,0,19,2,1,88,0.95,0.977777777778,0.0222222222222,0.05,0.904761904762,0.95,0.926829268293,0.910490812697,0.927777777778,0.863636363636,5,4,0,0,0,0
3414,WLNM_dir_neg,0.8125,0.417261904762,00:00:00,10,80,30,1178364379,threshold_sweep,0.3,0.6,0.75,0.666666666667,3,2,1,6,0.75,0.75,0.25,0.25,0.6,0.75,0.666666666667,0.75,0.527777777778,0.470588235294,0.478091443734,0.5,20,16,4,0,20,0,16,0,4,11,20,0.181818181818,3.04338842975,3.63636363636,2,2.5,1.68954001271,0.464623503495,0.245454545455,1.16774841624,0.642261628933,0.336363636364,1.94000937205,1.06700515463,0.536363636364,1.05689877454,0.347276990411,3.54545454545,3.04338842975,1.05689877454,3.54545454545,0.499047619048,0.4,8,0.0484848484848,0.255555555556,11,11,11,1,0,0.0909090909091,0.636363636364,0.272727272727,11,0.145454545455,3.52272727273,2.90909090909,1.6,2,1.578261414,0.542527361061,0.25,0.820199532265,0.563887178432,0.284090909091,1.7529196424,1.20513225415,0.545454545455,1.96782836773,0.558609343098,6.66666666667,3.52272727273,1.96782836773,6.66666666667,0.428571428571,0.3,4,0.0242424242424,0.216666666667,11,11,11,1,0,0.0909090909091,0.636363636364,0.272727272727,11,21,0.190909090909,NaN,3.81818181818,1.90909090909,2.625,1.83402190926,0.480339071472,0.242424242424,0.943879807449,0.494413232473,0.251082251082,2.11917651245,1.11004483985,0.545454545455,NaN,NaN,NaN,NaN,NaN,NaN,0.475714285714,0.35593220339,7,0.0424242424242,0.284242424242,11,11,0,1,2,0,0.727272727273,0.272727272727,1,0.00909090909091,NaN,0.181818181818,-0.0909090909091,0.125,0.144481896548,0.0157155679772,-0.0030303030303,-0.223868608794,-0.14784839646,-0.0852813852814,0.179167140399,0.0430396852267,0.00909090909091,NaN,NaN,NaN,NaN,NaN,NaN,-0.0233333333333,-0.0440677966102,-1,-0.00606060606061,0.0286868686869,-0.0909090909091,0.0909090909091,0,19,2,1,88,0.95,0.977777777778,0.0222222222222,0.05,0.904761904762,0.95,0.926829268293,0.910490812697,0.927777777778,0.863636363636,5,4,0,0,0,0
3415,WLNM_dir_neg,0.8125,0.417261904762,00:00:00,10,80,30,1178364379,threshold_sweep,0.4,0.6,0.75,0.666666666667,3,2,1,6,0.75,0.75,0.25,0.25,0.6,0.75,0.666666666667,0.75,0.527777777778,0.470588235294,0.478091443734,0.5,20,16,4,0,20,0,16,0,4,11,20,0.181818181818,3.04338842975,3.63636363636,2,2.5,1.68954001271,0.464623503495,0.245454545455,1.16774841624,0.642261628933,0.336363636364,1.94000937205,1.06700515463,0.536363636364,1.05689877454,0.347276990411,3.54545454545,3.04338842975,1.05689877454,3.54545454545,0.499047619048,0.4,8,0.0484848484848,0.255555555556,11,11,11,1,0,0.0909090909091,0.636363636364,0.272727272727,11,0.145454545455,3.52272727273,2.90909090909,1.6,2,1.578261414,0.542527361061,0.25,0.820199532265,0.563887178432,0.284090909091,1.7529196424,1.20513225415,0.545454545455,1.96782836773,0.558609343098,6.66666666667,3.52272727273,1.96782836773,6.66666666667,0.428571428571,0.3,4,0.0242424242424,0.216666666667,11,11,11,1,0,0.0909090909091,0.636363636364,0.272727272727,11,21,0.190909090909,NaN,3.81818181818,1.90909090909,2.625,1.83402190926,0.480339071472,0.242424242424,0.943879807449,0.494413232473,0.251082251082,2.11917651245,1.11004483985,0.545454545455,NaN,NaN,NaN,NaN,NaN,NaN,0.475714285714,0.35593220339,7,0.0424242424242,0.284242424242,11,11,0,1,2,0,0.727272727273,0.272727272727,1,0.00909090909091,NaN,0.181818181818,-0.0909090909091,0.125,0.144481896548,0.0157155679772,-0.0030303030303,-0.223868608794,-0.14784839646,-0.0852813852814,0.179167140399,0.0430396852267,0.00909090909091,NaN,NaN,NaN,NaN,NaN,NaN,-0.0233333333333,-0.0440677966102,-1,-0.00606060606061,0.0286868686869,-0.0909090909091,0.0909090909091,0,19,2,1,88,0.95,0.977777777778,0.0222222222222,0.05,0.904761904762,0.95,0.926829268293,0.910490812697,0.927777777778,0.863636363636,5,4,0,0,0,0
3416,WLNM_dir_neg,0.8125,0.417261904762,00:00:00,10,80,30,1178364379,threshold_sweep,0.5,0.6,0.75,0.666666666667,3,2,1,6,0.75,0.75,0.25,0.25,0.6,0.75,0.666666666667,0.75,0.527777777778,0.470588235294,0.478091443734,0.5,20,16,4,0,20,0,16,0,4,11,20,0.181818181818,3.04338842975,3.63636363636,2,2.5,1.68954001271,0.464623503495,0.245454545455,1.16774841624,0.642261628933,0.336363636364,1.94000937205,1.06700515463,0.536363636364,1.05689877454,0.347276990411,3.54545454545,3.04338842975,1.05689877454,3.54545454545,0.499047619048,0.4,8,0.0484848484848,0.255555555556,11,11,11,1,0,0.0909090909091,0.636363636364,0.272727272727,11,0.145454545455,3.52272727273,2.90909090909,1.6,2,1.578261414,0.542527361061,0.25,0.820199532265,0.563887178432,0.284090909091,1.7529196424,1.20513225415,0.545454545455,1.96782836773,0.558609343098,6.66666666667,3.52272727273,1.96782836773,6.66666666667,0.428571428571,0.3,4,0.0242424242424,0.216666666667,11,11,11,1,0,0.0909090909091,0.636363636364,0.272727272727,11,21,0.190909090909,NaN,3.81818181818,1.90909090909,2.625,1.83402190926,0.480339071472,0.242424242424,0.943879807449,0.494413232473,0.251082251082,2.11917651245,1.11004483985,0.545454545455,NaN,NaN,NaN,NaN,NaN,NaN,0.475714285714,0.35593220339,7,0.0424242424242,0.284242424242,11,11,0,1,2,0,0.727272727273,0.272727272727,1,0.00909090909091,NaN,0.181818181818,-0.0909090909091,0.125,0.144481896548,0.0157155679772,-0.0030303030303,-0.223868608794,-0.14784839646,-0.0852813852814,0.179167140399,0.0430396852267,0.00909090909091,NaN,NaN,NaN,NaN,NaN,NaN,-0.0233333333333,-0.0440677966102,-1,-0.00606060606061,0.0286868686869,-0.0909090909091,0.0909090909091,0,19,2,1,88,0.95,0.977777777778,0.0222222222222,0.05,0.904761904762,0.95,0.926829268293,0.910490812697,0.927777777778,0.863636363636,5,4,0,0,0,0
3417,WLNM_dir_neg,0.8125,0.417261904762,00:00:00,10,80,30,1178364379,threshold_sweep,0.6,0.6,0.75,0.666666666667,3,2,1,6,0.75,0.75,0.25,0.25,0.6,0.75,0.666666666667,0.75,0.527777777778,0.470588235294,0.478091443734,0.5,20,16,4,0,20,0,16,0,4,11,20,0.181818181818,3.04338842975,3.63636363636,2,2.5,1.68954001271,0.464623503495,0.245454545455,1.16774841624,0.642261628933,0.336363636364,1.94000937205,1.06700515463,0.536363636364,1.05689877454,0.347276990411,3.54545454545,3.04338842975,1.05689877454,3.54545454545,0.499047619048,0.4,8,0.0484848484848,0.255555555556,11,11,11,1,0,0.0909090909091,0.636363636364,0.272727272727,11,0.145454545455,3.52272727273,2.90909090909,1.6,2,1.578261414,0.542527361061,0.25,0.820199532265,0.563887178432,0.284090909091,1.7529196424,1.20513225415,0.545454545455,1.96782836773,0.558609343098,6.66666666667,3.52272727273,1.96782836773,6.66666666667,0.428571428571,0.3,4,0.0242424242424,0.216666666667,11,11,11,1,0,0.0909090909091,0.636363636364,0.272727272727,11,21,0.190909090909,NaN,3.81818181818,1.90909090909,2.625,1.83402190926,0.480339071472,0.242424242424,0.943879807449,0.494413232473,0.251082251082,2.11917651245,1.11004483985,0.545454545455,NaN,NaN,NaN,NaN,NaN,NaN,0.475714285714,0.35593220339,7,0.0424242424242,0.284242424242,11,11,0,1,2,0,0.727272727273,0.272727272727,1,0.00909090909091,NaN,0.181818181818,-0.0909090909091,0.125,0.144481896548,0.0157155679772,-0.0030303030303,-0.223868608794,-0.14784839646,-0.0852813852814,0.179167140399,0.0430396852267,0.00909090909091,NaN,NaN,NaN,NaN,NaN,NaN,-0.0233333333333,-0.0440677966102,-1,-0.00606060606061,0.0286868686869,-0.0909090909091,0.0909090909091,0,19,2,1,88,0.95,0.977777777778,0.0222222222222,0.05,0.904761904762,0.95,0.926829268293,0.910490812697,0.927777777778,0.863636363636,5,4,0,0,0,0
3418,WLNM_dir_neg,0.8125,0.417261904762,00:00:00,10,80,30,1178364379,threshold_sweep,0.7,0.6,0.75,0.666666666667,3,2,1,6,0.75,0.75,0.25,0.25,0.6,0.75,0.666666666667,0.75,0.527777777778,0.470588235294,0.478091443734,0.5,20,16,4,0,20,0,16,0,4,11,20,0.181818181818,3.04338842975,3.63636363636,2,2.5,1.68954001271,0.464623503495,0.245454545455,1.16774841624,0.642261628933,0.336363636364,1.94000937205,1.06700515463,0.536363636364,1.05689877454,0.347276990411,3.54545454545,3.04338842975,1.05689877454,3.54545454545,0.499047619048,0.4,8,0.0484848484848,0.255555555556,11,11,11,1,0,0.0909090909091,0.636363636364,0.272727272727,11,0.145454545455,3.52272727273,2.90909090909,1.6,2,1.578261414,0.542527361061,0.25,0.820199532265,0.563887178432,0.284090909091,1.7529196424,1.20513225415,0.545454545455,1.96782836773,0.558609343098,6.66666666667,3.52272727273,1.96782836773,6.66666666667,0.428571428571,0.3,4,0.0242424242424,0.216666666667,11,11,11,1,0,0.0909090909091,0.636363636364,0.272727272727,11,21,0.190909090909,NaN,3.81818181818,1.90909090909,2.625,1.83402190926,0.480339071472,0.242424242424,0.943879807449,0.494413232473,0.251082251082,2.11917651245,1.11004483985,0.545454545455,NaN,NaN,NaN,NaN,NaN,NaN,0.475714285714,0.35593220339,7,0.0424242424242,0.284242424242,11,11,0,1,2,0,0.727272727273,0.272727272727,1,0.00909090909091,NaN,0.181818181818,-0.0909090909091,0.125,0.144481896548,0.0157155679772,-0.0030303030303,-0.223868608794,-0.14784839646,-0.0852813852814,0.179167140399,0.0430396852267,0.00909090909091,NaN,NaN,NaN,NaN,NaN,NaN,-0.0233333333333,-0.0440677966102,-1,-0.00606060606061,0.0286868686869,-0.0909090909091,0.0909090909091,0,19,2,1,88,0.95,0.977777777778,0.0222222222222,0.05,0.904761904762,0.95,0.926829268293,0.910490812697,0.927777777778,0.863636363636,5,4,0,0,0,0
3419,WLNM_dir_neg,0.8125,0.417261904762,00:00:00,10,80,30,1178364379,threshold_sweep,0.8,0.6,0.75,0.666666666667,3,2,1,6,0.75,0.75,0.25,0.25,0.6,0.75,0.666666666667,0.75,0.527777777778,0.470588235294,0.478091443734,0.5,20,16,4,0,20,0,16,0,4,11,20,0.181818181818,3.04338842975,3.63636363636,2,2.5,1.68954001271,0.464623503495,0.245454545455,1.16774841624,0.642261628933,0.336363636364,1.94000937205,1.06700515463,0.536363636364,1.05689877454,0.347276990411,3.54545454545,3.04338842975,1.05689877454,3.54545454545,0.499047619048,0.4,8,0.0484848484848,0.255555555556,11,11,11,1,0,0.0909090909091,0.636363636364,0.272727272727,11,0.145454545455,3.52272727273,2.90909090909,1.6,2,1.578261414,0.542527361061,0.25,0.820199532265,0.563887178432,0.284090909091,1.7529196424,1.20513225415,0.545454545455,1.96782836773,0.558609343098,6.66666666667,3.52272727273,1.96782836773,6.66666666667,0.428571428571,0.3,4,0.0242424242424,0.216666666667,11,11,11,1,0,0.0909090909091,0.636363636364,0.272727272727,11,21,0.190909090909,NaN,3.81818181818,1.90909090909,2.625,1.83402190926,0.480339071472,0.242424242424,0.943879807449,0.494413232473,0.251082251082,2.11917651245,1.11004483985,0.545454545455,NaN,NaN,NaN,NaN,NaN,NaN,0.475714285714,0.35593220339,7,0.0424242424242,0.284242424242,11,11,0,1,2,0,0.727272727273,0.272727272727,1,0.00909090909091,NaN,0.181818181818,-0.0909090909091,0.125,0.144481896548,0.0157155679772,-0.0030303030303,-0.223868608794,-0.14784839646,-0.0852813852814,0.179167140399,0.0430396852267,0.00909090909091,NaN,NaN,NaN,NaN,NaN,NaN,-0.0233333333333,-0.0440677966102,-1,-0.00606060606061,0.0286868686869,-0.0909090909091,0.0909090909091,0,19,2,1,88,0.95,0.977777777778,0.0222222222222,0.05,0.904761904762,0.95,0.926829268293,0.910490812697,0.927777777778,0.863636363636,5,4,0,0,0,0
3420,WLNM_dir_neg,0.8125,0.417261904762,00:00:00,10,80,30,1178364379,threshold_sweep,0.9,0.6,0.75,0.666666666667,3,2,1,6,0.75,0.75,0.25,0.25,0.6,0.75,0.666666666667,0.75,0.527777777778,0.470588235294,0.478091443734,0.5,20,16,4,0,20,0,16,0,4,11,20,0.181818181818,3.04338842975,3.63636363636,2,2.5,1.68954001271,0.464623503495,0.245454545455,1.16774841624,0.642261628933,0.336363636364,1.94000937205,1.06700515463,0.536363636364,1.05689877454,0.347276990411,3.54545454545,3.04338842975,1.05689877454,3.54545454545,0.499047619048,0.4,8,0.0484848484848,0.255555555556,11,11,11,1,0,0.0909090909091,0.636363636364,0.272727272727,11,0.145454545455,3.52272727273,2.90909090909,1.6,2,1.578261414,0.542527361061,0.25,0.820199532265,0.563887178432,0.284090909091,1.7529196424,1.20513225415,0.545454545455,1.96782836773,0.558609343098,6.66666666667,3.52272727273,1.96782836773,6.66666666667,0.428571428571,0.3,4,0.0242424242424,0.216666666667,11,11,11,1,0,0.0909090909091,0.636363636364,0.272727272727,11,21,0.190909090909,NaN,3.81818181818,1.90909090909,2.625,1.83402190926,0.480339071472,0.242424242424,0.943879807449,0.494413232473,0.251082251082,2.11917651245,1.11004483985,0.545454545455,NaN,NaN,NaN,NaN,NaN,NaN,0.475714285714,0.35593220339,7,0.0424242424242,0.284242424242,11,11,0,1,2,0,0.727272727273,0.272727272727,1,0.00909090909091,NaN,0.181818181818,-0.0909090909091,0.125,0.144481896548,0.0157155679772,-0.0030303030303,-0.223868608794,-0.14784839646,-0.0852813852814,0.179167140399,0.0430396852267,0.00909090909091,NaN,NaN,NaN,NaN,NaN,NaN,-0.0233333333333,-0.0440677966102,-1,-0.00606060606061,0.0286868686869,-0.0909090909091,0.0909090909091,0,19,2,1,88,0.95,0.977777777778,0.0222222222222,0.05,0.904761904762,0.95,0.926829268293,0.910490812697,0.927777777778,0.863636363636,5,4,0,0,0,0
3421,WLNM_dir_neg,0.96875,0.69375,00:00:00,10,80,31,1178364380,threshold_sweep,0.1,1,0.75,0.857142857143,3,0,1,8,0.75,1,0,0.25,1,0.75,0.857142857143,0.916666666667,0.583333333333,0.8,0.816496580928,0.75,20,16,4,0,20,0,16,0,4,11,20,0.181818181818,3.04338842975,3.63636363636,2,2.5,1.68954001271,0.464623503495,0.245454545455,1.16774841624,0.642261628933,0.336363636364,1.94000937205,1.06700515463,0.536363636364,1.05689877454,0.347276990411,3.54545454545,3.04338842975,1.05689877454,3.54545454545,0.499047619048,0.4,8,0.0484848484848,0.255555555556,11,11,11,1,0,0.0909090909091,0.636363636364,0.272727272727,11,0.145454545455,3.32575757576,2.90909090909,1.6,2,1.75809814598,0.604346237682,0.301136363636,0.934198732994,0.642261628933,0.318181818182,1.7529196424,1.20513225415,0.545454545455,1.47123084593,0.442374650713,5.33333333333,3.32575757576,1.47123084593,5.33333333333,0.455357142857,0.285714285714,4,0.0242424242424,0.23962962963,11,11,11,1,0,0.0909090909091,0.636363636364,0.272727272727,11,19,0.172727272727,3.07683982684,3.45454545455,1.9,2.375,1.69491217257,0.490632471007,0.253588516746,1.1037127426,0.638991587822,0.325358851675,1.90215189146,1.1012458319,0.545454545455,1.1107514621,0.361003992606,3.80952380952,3.07683982684,1.1107514621,3.80952380952,0.532380952381,0.381818181818,7,0.0424242424242,0.247407407407,11,11,11,1,0,0.0909090909091,0.636363636364,0.272727272727,-1,-0.00909090909091,0.0334513970878,-0.181818181818,-0.1,-0.125,0.00537215986117,0.0260089675122,0.00813397129187,-0.0640356736404,-0.0032700411111,-0.011004784689,-0.0378574805894,0.0342406772707,0.00909090909091,0.0538526875618,0.0137270021948,0.264069264069,0.0334513970878,0.0538526875618,0.264069264069,0.0333333333333,-0.0181818181818,-1,-0.00606060606061,-0.00814814814815,0,0,0,19,0,1,90,0.95,1,0,0.05,1,0.95,0.974358974359,0.969309258988,0.95,0.95,3,4,0,0,0,0
3422,WLNM_dir_neg,0.96875,0.69375,00:00:00,10,80,31,1178364380,threshold_sweep,0.2,1,0.75,0.857142857143,3,0,1,8,0.75,1,0,0.25,1,0.75,0.857142857143,0.916666666667,0.583333333333,0.8,0.816496580928,0.75,20,16,4,0,20,0,16,0,4,11,20,0.181818181818,3.04338842975,3.63636363636,2,2.5,1.68954001271,0.464623503495,0.245454545455,1.16774841624,0.642261628933,0.336363636364,1.94000937205,1.06700515463,0.536363636364,1.05689877454,0.347276990411,3.54545454545,3.04338842975,1.05689877454,3.54545454545,0.499047619048,0.4,8,0.0484848484848,0.255555555556,11,11,11,1,0,0.0909090909091,0.636363636364,0.272727272727,11,0.145454545455,3.32575757576,2.90909090909,1.6,2,1.75809814598,0.604346237682,0.301136363636,0.934198732994,0.642261628933,0.318181818182,1.7529196424,1.20513225415,0.545454545455,1.47123084593,0.442374650713,5.33333333333,3.32575757576,1.47123084593,5.33333333333,0.455357142857,0.285714285714,4,0.0242424242424,0.23962962963,11,11,11,1,0,0.0909090909091,0.636363636364,0.272727272727,11,19,0.172727272727,3.07683982684,3.45454545455,1.9,2.375,1.69491217257,0.490632471007,0.253588516746,1.1037127426,0.638991587822,0.325358851675,1.90215189146,1.1012458319,0.545454545455,1.1107514621,0.361003992606,3.80952380952,3.07683982684,1.1107514621,3.80952380952,0.532380952381,0.381818181818,7,0.0424242424242,0.247407407407,11,11,11,1,0,0.0909090909091,0.636363636364,0.272727272727,-1,-0.00909090909091,0.0334513970878,-0.181818181818,-0.1,-0.125,0.00537215986117,0.0260089675122,0.00813397129187,-0.0640356736404,-0.0032700411111,-0.011004784689,-0.0378574805894,0.0342406772707,0.00909090909091,0.0538526875618,0.0137270021948,0.264069264069,0.0334513970878,0.0538526875618,0.264069264069,0.0333333333333,-0.0181818181818,-1,-0.00606060606061,-0.00814814814815,0,0,0,19,0,1,90,0.95,1,0,0.05,1,0.95,0.974358974359,0.969309258988,0.95,0.95,3,4,0,0,0,0
3423,WLNM_dir_neg,0.96875,0.69375,00:00:00,10,80,31,1178364380,threshold_sweep,0.3,1,0.5,0.666666666667,2,0,2,8,0.5,1,0,0.5,1,0.5,0.666666666667,0.833333333333,0.611111111111,0.571428571429,0.632455532034,0.5,20,16,4,0,20,0,16,0,4,11,20,0.181818181818,3.04338842975,3.63636363636,2,2.5,1.68954001271,0.464623503495,0.245454545455,1.16774841624,0.642261628933,0.336363636364,1.94000937205,1.06700515463,0.536363636364,1.05689877454,0.347276990411,3.54545454545,3.04338842975,1.05689877454,3.54545454545,0.499047619048,0.4,8,0.0484848484848,0.255555555556,11,11,11,1,0,0.0909090909091,0.636363636364,0.272727272727,11,0.145454545455,3.32575757576,2.90909090909,1.6,2,1.75809814598,0.604346237682,0.301136363636,0.934198732994,0.642261628933,0.318181818182,1.7529196424,1.20513225415,0.545454545455,1.47123084593,0.442374650713,5.33333333333,3.32575757576,1.47123084593,5.33333333333,0.455357142857,0.285714285714,4,0.0242424242424,0.23962962963,11,11,11,1,0,0.0909090909091,0.636363636364,0.272727272727,11,18,0.163636363636,3.12229437229,3.27272727273,1.8,2.25,1.84883255547,0.564921058617,0.29797979798,1.12006493318,0.684484125834,0.343434343434,1.85864075457,1.13583601668,0.545454545455,1.09490278135,0.350672502587,3.80952380952,3.12229437229,1.09490278135,3.80952380952,0.512169312169,0.346153846154,6,0.0363636363636,0.26037037037,11,11,11,1,0,0.0909090909091,0.636363636364,0.272727272727,-2,-0.0181818181818,0.0789059425423,-0.363636363636,-0.2,-0.25,0.159292542765,0.100297555122,0.0525252525253,-0.0476834830596,0.0422224969006,0.00707070707071,-0.0813686174794,0.0688308620544,0.00909090909091,0.0380040068084,0.00339551217555,0.264069264069,0.0789059425423,0.0380040068084,0.264069264069,0.0131216931217,-0.0538461538462,-2,-0.0121212121212,0.00481481481481,0,0,0,18,0,2,90,0.9,1,0,0.1,1,0.9,0.947368421053,0.938314863257,0.9,0.9,2,4,0,0,0,0
3424,WLNM_dir_neg,0.96875,0.69375,00:00:00,10,80,31,1178364380,threshold_sweep,0.4,1,0.5,0.666666666667,2,0,2,8,0.5,1,0,0.5,1,0.5,0.666666666667,0.833333333333,0.611111111111,0.571428571429,0.632455532034,0.5,20,16,4,0,20,0,16,0,4,11,20,0.181818181818,3.04338842975,3.63636363636,2,2.5,1.68954001271,0.464623503495,0.245454545455,1.16774841624,0.642261628933,0.336363636364,1.94000937205,1.06700515463,0.536363636364,1.05689877454,0.347276990411,3.54545454545,3.04338842975,1.05689877454,3.54545454545,0.499047619048,0.4,8,0.0484848484848,0.255555555556,11,11,11,1,0,0.0909090909091,0.636363636364,0.272727272727,11,0.145454545455,3.32575757576,2.90909090909,1.6,2,1.75809814598,0.604346237682,0.301136363636,0.934198732994,0.642261628933,0.318181818182,1.7529196424,1.20513225415,0.545454545455,1.47123084593,0.442374650713,5.33333333333,3.32575757576,1.47123084593,5.33333333333,0.455357142857,0.285714285714,4,0.0242424242424,0.23962962963,11,11,11,1,0,0.0909090909091,0.636363636364,0.272727272727,11,18,0.163636363636,3.12229437229,3.27272727273,1.8,2.25,1.84883255547,0.564921058617,0.29797979798,1.12006493318,0.684484125834,0.343434343434,1.85864075457,1.13583601668,0.545454545455,1.09490278135,0.350672502587,3.80952380952,3.12229437229,1.09490278135,3.80952380952,0.512169312169,0.346153846154,6,0.0363636363636,0.26037037037,11,11,11,1,0,0.0909090909091,0.636363636364,0.272727272727,-2,-0.0181818181818,0.0789059425423,-0.363636363636,-0.2,-0.25,0.159292542765,0.100297555122,0.0525252525253,-0.0476834830596,0.0422224969006,0.00707070707071,-0.0813686174794,0.0688308620544,0.00909090909091,0.0380040068084,0.00339551217555,0.264069264069,0.0789059425423,0.0380040068084,0.264069264069,0.0131216931217,-0.0538461538462,-2,-0.0121212121212,0.00481481481481,0,0,0,18,0,2,90,0.9,1,0,0.1,1,0.9,0.947368421053,0.938314863257,0.9,0.9,2,4,0,0,0,0
3425,WLNM_dir_neg,0.96875,0.69375,00:00:00,10,80,31,1178364380,threshold_sweep,0.5,1,0.5,0.666666666667,2,0,2,8,0.5,1,0,0.5,1,0.5,0.666666666667,0.833333333333,0.611111111111,0.571428571429,0.632455532034,0.5,20,16,4,0,20,0,16,0,4,11,20,0.181818181818,3.04338842975,3.63636363636,2,2.5,1.68954001271,0.464623503495,0.245454545455,1.16774841624,0.642261628933,0.336363636364,1.94000937205,1.06700515463,0.536363636364,1.05689877454,0.347276990411,3.54545454545,3.04338842975,1.05689877454,3.54545454545,0.499047619048,0.4,8,0.0484848484848,0.255555555556,11,11,11,1,0,0.0909090909091,0.636363636364,0.272727272727,11,0.145454545455,3.32575757576,2.90909090909,1.6,2,1.75809814598,0.604346237682,0.301136363636,0.934198732994,0.642261628933,0.318181818182,1.7529196424,1.20513225415,0.545454545455,1.47123084593,0.442374650713,5.33333333333,3.32575757576,1.47123084593,5.33333333333,0.455357142857,0.285714285714,4,0.0242424242424,0.23962962963,11,11,11,1,0,0.0909090909091,0.636363636364,0.272727272727,11,18,0.163636363636,3.12229437229,3.27272727273,1.8,2.25,1.84883255547,0.564921058617,0.29797979798,1.12006493318,0.684484125834,0.343434343434,1.85864075457,1.13583601668,0.545454545455,1.09490278135,0.350672502587,3.80952380952,3.12229437229,1.09490278135,3.80952380952,0.512169312169,0.346153846154,6,0.0363636363636,0.26037037037,11,11,11,1,0,0.0909090909091,0.636363636364,0.272727272727,-2,-0.0181818181818,0.0789059425423,-0.363636363636,-0.2,-0.25,0.159292542765,0.100297555122,0.0525252525253,-0.0476834830596,0.0422224969006,0.00707070707071,-0.0813686174794,0.0688308620544,0.00909090909091,0.0380040068084,0.00339551217555,0.264069264069,0.0789059425423,0.0380040068084,0.264069264069,0.0131216931217,-0.0538461538462,-2,-0.0121212121212,0.00481481481481,0,0,0,18,0,2,90,0.9,1,0,0.1,1,0.9,0.947368421053,0.938314863257,0.9,0.9,2,4,0,0,0,0
3426,WLNM_dir_neg,0.96875,0.69375,00:00:00,10,80,31,1178364380,threshold_sweep,0.6,1,0.5,0.666666666667,2,0,2,8,0.5,1,0,0.5,1,0.5,0.666666666667,0.833333333333,0.611111111111,0.571428571429,0.632455532034,0.5,20,16,4,0,20,0,16,0,4,11,20,0.181818181818,3.04338842975,3.63636363636,2,2.5,1.68954001271,0.464623503495,0.245454545455,1.16774841624,0.642261628933,0.336363636364,1.94000937205,1.06700515463,0.536363636364,1.05689877454,0.347276990411,3.54545454545,3.04338842975,1.05689877454,3.54545454545,0.499047619048,0.4,8,0.0484848484848,0.255555555556,11,11,11,1,0,0.0909090909091,0.636363636364,0.272727272727,11,0.145454545455,3.32575757576,2.90909090909,1.6,2,1.75809814598,0.604346237682,0.301136363636,0.934198732994,0.642261628933,0.318181818182,1.7529196424,1.20513225415,0.545454545455,1.47123084593,0.442374650713,5.33333333333,3.32575757576,1.47123084593,5.33333333333,0.455357142857,0.285714285714,4,0.0242424242424,0.23962962963,11,11,11,1,0,0.0909090909091,0.636363636364,0.272727272727,11,18,0.163636363636,3.12229437229,3.27272727273,1.8,2.25,1.84883255547,0.564921058617,0.29797979798,1.12006493318,0.684484125834,0.343434343434,1.85864075457,1.13583601668,0.545454545455,1.09490278135,0.350672502587,3.80952380952,3.12229437229,1.09490278135,3.80952380952,0.512169312169,0.346153846154,6,0.0363636363636,0.26037037037,11,11,11,1,0,0.0909090909091,0.636363636364,0.272727272727,-2,-0.0181818181818,0.0789059425423,-0.363636363636,-0.2,-0.25,0.159292542765,0.100297555122,0.0525252525253,-0.0476834830596,0.0422224969006,0.00707070707071,-0.0813686174794,0.0688308620544,0.00909090909091,0.0380040068084,0.00339551217555,0.264069264069,0.0789059425423,0.0380040068084,0.264069264069,0.0131216931217,-0.0538461538462,-2,-0.0121212121212,0.00481481481481,0,0,0,18,0,2,90,0.9,1,0,0.1,1,0.9,0.947368421053,0.938314863257,0.9,0.9,2,4,0,0,0,0
3427,WLNM_dir_neg,0.96875,0.69375,00:00:00,10,80,31,1178364380,threshold_sweep,0.7,1,0.5,0.666666666667,2,0,2,8,0.5,1,0,0.5,1,0.5,0.666666666667,0.833333333333,0.611111111111,0.571428571429,0.632455532034,0.5,20,16,4,0,20,0,16,0,4,11,20,0.181818181818,3.04338842975,3.63636363636,2,2.5,1.68954001271,0.464623503495,0.245454545455,1.16774841624,0.642261628933,0.336363636364,1.94000937205,1.06700515463,0.536363636364,1.05689877454,0.347276990411,3.54545454545,3.04338842975,1.05689877454,3.54545454545,0.499047619048,0.4,8,0.0484848484848,0.255555555556,11,11,11,1,0,0.0909090909091,0.636363636364,0.272727272727,11,0.145454545455,3.32575757576,2.90909090909,1.6,2,1.75809814598,0.604346237682,0.301136363636,0.934198732994,0.642261628933,0.318181818182,1.7529196424,1.20513225415,0.545454545455,1.47123084593,0.442374650713,5.33333333333,3.32575757576,1.47123084593,5.33333333333,0.455357142857,0.285714285714,4,0.0242424242424,0.23962962963,11,11,11,1,0,0.0909090909091,0.636363636364,0.272727272727,11,18,0.163636363636,3.12229437229,3.27272727273,1.8,2.25,1.84883255547,0.564921058617,0.29797979798,1.12006493318,0.684484125834,0.343434343434,1.85864075457,1.13583601668,0.545454545455,1.09490278135,0.350672502587,3.80952380952,3.12229437229,1.09490278135,3.80952380952,0.512169312169,0.346153846154,6,0.0363636363636,0.26037037037,11,11,11,1,0,0.0909090909091,0.636363636364,0.272727272727,-2,-0.0181818181818,0.0789059425423,-0.363636363636,-0.2,-0.25,0.159292542765,0.100297555122,0.0525252525253,-0.0476834830596,0.0422224969006,0.00707070707071,-0.0813686174794,0.0688308620544,0.00909090909091,0.0380040068084,0.00339551217555,0.264069264069,0.0789059425423,0.0380040068084,0.264069264069,0.0131216931217,-0.0538461538462,-2,-0.0121212121212,0.00481481481481,0,0,0,18,0,2,90,0.9,1,0,0.1,1,0.9,0.947368421053,0.938314863257,0.9,0.9,2,4,0,0,0,0
3428,WLNM_dir_neg,0.96875,0.69375,00:00:00,10,80,31,1178364380,threshold_sweep,0.8,1,0.5,0.666666666667,2,0,2,8,0.5,1,0,0.5,1,0.5,0.666666666667,0.833333333333,0.611111111111,0.571428571429,0.632455532034,0.5,20,16,4,0,20,0,16,0,4,11,20,0.181818181818,3.04338842975,3.63636363636,2,2.5,1.68954001271,0.464623503495,0.245454545455,1.16774841624,0.642261628933,0.336363636364,1.94000937205,1.06700515463,0.536363636364,1.05689877454,0.347276990411,3.54545454545,3.04338842975,1.05689877454,3.54545454545,0.499047619048,0.4,8,0.0484848484848,0.255555555556,11,11,11,1,0,0.0909090909091,0.636363636364,0.272727272727,11,0.145454545455,3.32575757576,2.90909090909,1.6,2,1.75809814598,0.604346237682,0.301136363636,0.934198732994,0.642261628933,0.318181818182,1.7529196424,1.20513225415,0.545454545455,1.47123084593,0.442374650713,5.33333333333,3.32575757576,1.47123084593,5.33333333333,0.455357142857,0.285714285714,4,0.0242424242424,0.23962962963,11,11,11,1,0,0.0909090909091,0.636363636364,0.272727272727,11,18,0.163636363636,3.12229437229,3.27272727273,1.8,2.25,1.84883255547,0.564921058617,0.29797979798,1.12006493318,0.684484125834,0.343434343434,1.85864075457,1.13583601668,0.545454545455,1.09490278135,0.350672502587,3.80952380952,3.12229437229,1.09490278135,3.80952380952,0.512169312169,0.346153846154,6,0.0363636363636,0.26037037037,11,11,11,1,0,0.0909090909091,0.636363636364,0.272727272727,-2,-0.0181818181818,0.0789059425423,-0.363636363636,-0.2,-0.25,0.159292542765,0.100297555122,0.0525252525253,-0.0476834830596,0.0422224969006,0.00707070707071,-0.0813686174794,0.0688308620544,0.00909090909091,0.0380040068084,0.00339551217555,0.264069264069,0.0789059425423,0.0380040068084,0.264069264069,0.0131216931217,-0.0538461538462,-2,-0.0121212121212,0.00481481481481,0,0,0,18,0,2,90,0.9,1,0,0.1,1,0.9,0.947368421053,0.938314863257,0.9,0.9,2,4,0,0,0,0
3429,WLNM_dir_neg,0.96875,0.69375,00:00:00,10,80,31,1178364380,threshold_sweep,0.9,1,0.5,0.666666666667,2,0,2,8,0.5,1,0,0.5,1,0.5,0.666666666667,0.833333333333,0.611111111111,0.571428571429,0.632455532034,0.5,20,16,4,0,20,0,16,0,4,11,20,0.181818181818,3.04338842975,3.63636363636,2,2.5,1.68954001271,0.464623503495,0.245454545455,1.16774841624,0.642261628933,0.336363636364,1.94000937205,1.06700515463,0.536363636364,1.05689877454,0.347276990411,3.54545454545,3.04338842975,1.05689877454,3.54545454545,0.499047619048,0.4,8,0.0484848484848,0.255555555556,11,11,11,1,0,0.0909090909091,0.636363636364,0.272727272727,11,0.145454545455,3.32575757576,2.90909090909,1.6,2,1.75809814598,0.604346237682,0.301136363636,0.934198732994,0.642261628933,0.318181818182,1.7529196424,1.20513225415,0.545454545455,1.47123084593,0.442374650713,5.33333333333,3.32575757576,1.47123084593,5.33333333333,0.455357142857,0.285714285714,4,0.0242424242424,0.23962962963,11,11,11,1,0,0.0909090909091,0.636363636364,0.272727272727,11,18,0.163636363636,3.12229437229,3.27272727273,1.8,2.25,1.84883255547,0.564921058617,0.29797979798,1.12006493318,0.684484125834,0.343434343434,1.85864075457,1.13583601668,0.545454545455,1.09490278135,0.350672502587,3.80952380952,3.12229437229,1.09490278135,3.80952380952,0.512169312169,0.346153846154,6,0.0363636363636,0.26037037037,11,11,11,1,0,0.0909090909091,0.636363636364,0.272727272727,-2,-0.0181818181818,0.0789059425423,-0.363636363636,-0.2,-0.25,0.159292542765,0.100297555122,0.0525252525253,-0.0476834830596,0.0422224969006,0.00707070707071,-0.0813686174794,0.0688308620544,0.00909090909091,0.0380040068084,0.00339551217555,0.264069264069,0.0789059425423,0.0380040068084,0.264069264069,0.0131216931217,-0.0538461538462,-2,-0.0121212121212,0.00481481481481,0,0,0,18,0,2,90,0.9,1,0,0.1,1,0.9,0.947368421053,0.938314863257,0.9,0.9,2,4,0,0,0,0
3430,WLNM_dir_neg,0.9375,0.658333333333,00:00:00,10,80,32,1178364381,threshold_sweep,0.1,1,0.5,0.666666666667,2,0,2,8,0.5,1,0,0.5,1,0.5,0.666666666667,0.833333333333,0.611111111111,0.571428571429,0.632455532034,0.5,20,16,4,0,20,0,16,0,4,11,20,0.181818181818,3.04338842975,3.63636363636,2,2.5,1.68954001271,0.464623503495,0.245454545455,1.16774841624,0.642261628933,0.336363636364,1.94000937205,1.06700515463,0.536363636364,1.05689877454,0.347276990411,3.54545454545,3.04338842975,1.05689877454,3.54545454545,0.499047619048,0.4,8,0.0484848484848,0.255555555556,11,11,11,1,0,0.0909090909091,0.636363636364,0.272727272727,11,0.145454545455,3.20454545455,2.90909090909,1.6,2,1.44599761096,0.497061678768,0.255681818182,0.820199532265,0.563887178432,0.284090909091,1.50755672289,1.03644524699,0.511363636364,1.19800971312,0.373847002675,4,3.20454545455,1.19800971312,4,0.414814814815,0.25,3,0.0181818181818,0.214814814815,11,11,11,1,0,0.0909090909091,0.636363636364,0.272727272727,11,18,0.163636363636,3.13016528926,3.27272727273,1.8,2.25,1.67874411933,0.512949592017,0.277777777778,1.12006493318,0.684484125834,0.343434343434,1.68954001271,1.03249667443,0.525252525253,1.08130674069,0.345447169964,3.63636363636,3.13016528926,1.08130674069,3.63636363636,0.437037037037,0.3125,5,0.030303030303,0.241111111111,11,11,11,1,0,0.0909090909091,0.636363636364,0.272727272727,-2,-0.0181818181818,0.0867768595041,-0.363636363636,-0.2,-0.25,-0.0107958933802,0.0483260885222,0.0323232323232,-0.0476834830596,0.0422224969006,0.00707070707071,-0.250469359339,-0.0345084801933,-0.0111111111111,0.024407966156,-0.00182982044736,0.0909090909091,0.0867768595041,0.024407966156,0.0909090909091,-0.0620105820106,-0.0875,-3,-0.0181818181818,-0.0144444444444,0,0,0,18,0,2,90,0.9,1,0,0.1,1,0.9,0.947368421053,0.938314863257,0.9,0.9,2,4,0,0,0,0
3431,WLNM_dir_neg,0.9375,0.658333333333,00:00:00,10,80,32,1178364381,threshold_sweep,0.2,1,0.5,0.666666666667,2,0,2,8,0.5,1,0,0.5,1,0.5,0.666666666667,0.833333333333,0.611111111111,0.571428571429,0.632455532034,0.5,20,16,4,0,20,0,16,0,4,11,20,0.181818181818,3.04338842975,3.63636363636,2,2.5,1.68954001271,0.464623503495,0.245454545455,1.16774841624,0.642261628933,0.336363636364,1.94000937205,1.06700515463,0.536363636364,1.05689877454,0.347276990411,3.54545454545,3.04338842975,1.05689877454,3.54545454545,0.499047619048,0.4,8,0.0484848484848,0.255555555556,11,11,11,1,0,0.0909090909091,0.636363636364,0.272727272727,11,0.145454545455,3.20454545455,2.90909090909,1.6,2,1.44599761096,0.497061678768,0.255681818182,0.820199532265,0.563887178432,0.284090909091,1.50755672289,1.03644524699,0.511363636364,1.19800971312,0.373847002675,4,3.20454545455,1.19800971312,4,0.414814814815,0.25,3,0.0181818181818,0.214814814815,11,11,11,1,0,0.0909090909091,0.636363636364,0.272727272727,11,18,0.163636363636,3.13016528926,3.27272727273,1.8,2.25,1.67874411933,0.512949592017,0.277777777778,1.12006493318,0.684484125834,0.343434343434,1.68954001271,1.03249667443,0.525252525253,1.08130674069,0.345447169964,3.63636363636,3.13016528926,1.08130674069,3.63636363636,0.437037037037,0.3125,5,0.030303030303,0.241111111111,11,11,11,1,0,0.0909090909091,0.636363636364,0.272727272727,-2,-0.0181818181818,0.0867768595041,-0.363636363636,-0.2,-0.25,-0.0107958933802,0.0483260885222,0.0323232323232,-0.0476834830596,0.0422224969006,0.00707070707071,-0.250469359339,-0.0345084801933,-0.0111111111111,0.024407966156,-0.00182982044736,0.0909090909091,0.0867768595041,0.024407966156,0.0909090909091,-0.0620105820106,-0.0875,-3,-0.0181818181818,-0.0144444444444,0,0,0,18,0,2,90,0.9,1,0,0.1,1,0.9,0.947368421053,0.938314863257,0.9,0.9,2,4,0,0,0,0
3432,WLNM_dir_neg,0.9375,0.658333333333,00:00:00,10,80,32,1178364381,threshold_sweep,0.3,1,0.5,0.666666666667,2,0,2,8,0.5,1,0,0.5,1,0.5,0.666666666667,0.833333333333,0.611111111111,0.571428571429,0.632455532034,0.5,20,16,4,0,20,0,16,0,4,11,20,0.181818181818,3.04338842975,3.63636363636,2,2.5,1.68954001271,0.464623503495,0.245454545455,1.16774841624,0.642261628933,0.336363636364,1.94000937205,1.06700515463,0.536363636364,1.05689877454,0.347276990411,3.54545454545,3.04338842975,1.05689877454,3.54545454545,0.499047619048,0.4,8,0.0484848484848,0.255555555556,11,11,11,1,0,0.0909090909091,0.636363636364,0.272727272727,11,0.145454545455,3.20454545455,2.90909090909,1.6,2,1.44599761096,0.497061678768,0.255681818182,0.820199532265,0.563887178432,0.284090909091,1.50755672289,1.03644524699,0.511363636364,1.19800971312,0.373847002675,4,3.20454545455,1.19800971312,4,0.414814814815,0.25,3,0.0181818181818,0.214814814815,11,11,11,1,0,0.0909090909091,0.636363636364,0.272727272727,11,18,0.163636363636,3.13016528926,3.27272727273,1.8,2.25,1.67874411933,0.512949592017,0.277777777778,1.12006493318,0.684484125834,0.343434343434,1.68954001271,1.03249667443,0.525252525253,1.08130674069,0.345447169964,3.63636363636,3.13016528926,1.08130674069,3.63636363636,0.437037037037,0.3125,5,0.030303030303,0.241111111111,11,11,11,1,0,0.0909090909091,0.636363636364,0.272727272727,-2,-0.0181818181818,0.0867768595041,-0.363636363636,-0.2,-0.25,-0.0107958933802,0.0483260885222,0.0323232323232,-0.0476834830596,0.0422224969006,0.00707070707071,-0.250469359339,-0.0345084801933,-0.0111111111111,0.024407966156,-0.00182982044736,0.0909090909091,0.0867768595041,0.024407966156,0.0909090909091,-0.0620105820106,-0.0875,-3,-0.0181818181818,-0.0144444444444,0,0,0,18,0,2,90,0.9,1,0,0.1,1,0.9,0.947368421053,0.938314863257,0.9,0.9,2,4,0,0,0,0
3433,WLNM_dir_neg,0.9375,0.658333333333,00:00:00,10,80,32,1178364381,threshold_sweep,0.4,1,0.5,0.666666666667,2,0,2,8,0.5,1,0,0.5,1,0.5,0.666666666667,0.833333333333,0.611111111111,0.571428571429,0.632455532034,0.5,20,16,4,0,20,0,16,0,4,11,20,0.181818181818,3.04338842975,3.63636363636,2,2.5,1.68954001271,0.464623503495,0.245454545455,1.16774841624,0.642261628933,0.336363636364,1.94000937205,1.06700515463,0.536363636364,1.05689877454,0.347276990411,3.54545454545,3.04338842975,1.05689877454,3.54545454545,0.499047619048,0.4,8,0.0484848484848,0.255555555556,11,11,11,1,0,0.0909090909091,0.636363636364,0.272727272727,11,0.145454545455,3.20454545455,2.90909090909,1.6,2,1.44599761096,0.497061678768,0.255681818182,0.820199532265,0.563887178432,0.284090909091,1.50755672289,1.03644524699,0.511363636364,1.19800971312,0.373847002675,4,3.20454545455,1.19800971312,4,0.414814814815,0.25,3,0.0181818181818,0.214814814815,11,11,11,1,0,0.0909090909091,0.636363636364,0.272727272727,11,18,0.163636363636,3.13016528926,3.27272727273,1.8,2.25,1.67874411933,0.512949592017,0.277777777778,1.12006493318,0.684484125834,0.343434343434,1.68954001271,1.03249667443,0.525252525253,1.08130674069,0.345447169964,3.63636363636,3.13016528926,1.08130674069,3.63636363636,0.437037037037,0.3125,5,0.030303030303,0.241111111111,11,11,11,1,0,0.0909090909091,0.636363636364,0.272727272727,-2,-0.0181818181818,0.0867768595041,-0.363636363636,-0.2,-0.25,-0.0107958933802,0.0483260885222,0.0323232323232,-0.0476834830596,0.0422224969006,0.00707070707071,-0.250469359339,-0.0345084801933,-0.0111111111111,0.024407966156,-0.00182982044736,0.0909090909091,0.0867768595041,0.024407966156,0.0909090909091,-0.0620105820106,-0.0875,-3,-0.0181818181818,-0.0144444444444,0,0,0,18,0,2,90,0.9,1,0,0.1,1,0.9,0.947368421053,0.938314863257,0.9,0.9,2,4,0,0,0,0
3434,WLNM_dir_neg,0.9375,0.658333333333,00:00:00,10,80,32,1178364381,threshold_sweep,0.5,1,0.5,0.666666666667,2,0,2,8,0.5,1,0,0.5,1,0.5,0.666666666667,0.833333333333,0.611111111111,0.571428571429,0.632455532034,0.5,20,16,4,0,20,0,16,0,4,11,20,0.181818181818,3.04338842975,3.63636363636,2,2.5,1.68954001271,0.464623503495,0.245454545455,1.16774841624,0.642261628933,0.336363636364,1.94000937205,1.06700515463,0.536363636364,1.05689877454,0.347276990411,3.54545454545,3.04338842975,1.05689877454,3.54545454545,0.499047619048,0.4,8,0.0484848484848,0.255555555556,11,11,11,1,0,0.0909090909091,0.636363636364,0.272727272727,11,0.145454545455,3.20454545455,2.90909090909,1.6,2,1.44599761096,0.497061678768,0.255681818182,0.820199532265,0.563887178432,0.284090909091,1.50755672289,1.03644524699,0.511363636364,1.19800971312,0.373847002675,4,3.20454545455,1.19800971312,4,0.414814814815,0.25,3,0.0181818181818,0.214814814815,11,11,11,1,0,0.0909090909091,0.636363636364,0.272727272727,11,18,0.163636363636,3.13016528926,3.27272727273,1.8,2.25,1.67874411933,0.512949592017,0.277777777778,1.12006493318,0.684484125834,0.343434343434,1.68954001271,1.03249667443,0.525252525253,1.08130674069,0.345447169964,3.63636363636,3.13016528926,1.08130674069,3.63636363636,0.437037037037,0.3125,5,0.030303030303,0.241111111111,11,11,11,1,0,0.0909090909091,0.636363636364,0.272727272727,-2,-0.0181818181818,0.0867768595041,-0.363636363636,-0.2,-0.25,-0.0107958933802,0.0483260885222,0.0323232323232,-0.0476834830596,0.0422224969006,0.00707070707071,-0.250469359339,-0.0345084801933,-0.0111111111111,0.024407966156,-0.00182982044736,0.0909090909091,0.0867768595041,0.024407966156,0.0909090909091,-0.0620105820106,-0.0875,-3,-0.0181818181818,-0.0144444444444,0,0,0,18,0,2,90,0.9,1,0,0.1,1,0.9,0.947368421053,0.938314863257,0.9,0.9,2,4,0,0,0,0
3435,WLNM_dir_neg,0.9375,0.658333333333,00:00:00,10,80,32,1178364381,threshold_sweep,0.6,1,0.5,0.666666666667,2,0,2,8,0.5,1,0,0.5,1,0.5,0.666666666667,0.833333333333,0.611111111111,0.571428571429,0.632455532034,0.5,20,16,4,0,20,0,16,0,4,11,20,0.181818181818,3.04338842975,3.63636363636,2,2.5,1.68954001271,0.464623503495,0.245454545455,1.16774841624,0.642261628933,0.336363636364,1.94000937205,1.06700515463,0.536363636364,1.05689877454,0.347276990411,3.54545454545,3.04338842975,1.05689877454,3.54545454545,0.499047619048,0.4,8,0.0484848484848,0.255555555556,11,11,11,1,0,0.0909090909091,0.636363636364,0.272727272727,11,0.145454545455,3.20454545455,2.90909090909,1.6,2,1.44599761096,0.497061678768,0.255681818182,0.820199532265,0.563887178432,0.284090909091,1.50755672289,1.03644524699,0.511363636364,1.19800971312,0.373847002675,4,3.20454545455,1.19800971312,4,0.414814814815,0.25,3,0.0181818181818,0.214814814815,11,11,11,1,0,0.0909090909091,0.636363636364,0.272727272727,11,18,0.163636363636,3.13016528926,3.27272727273,1.8,2.25,1.67874411933,0.512949592017,0.277777777778,1.12006493318,0.684484125834,0.343434343434,1.68954001271,1.03249667443,0.525252525253,1.08130674069,0.345447169964,3.63636363636,3.13016528926,1.08130674069,3.63636363636,0.437037037037,0.3125,5,0.030303030303,0.241111111111,11,11,11,1,0,0.0909090909091,0.636363636364,0.272727272727,-2,-0.0181818181818,0.0867768595041,-0.363636363636,-0.2,-0.25,-0.0107958933802,0.0483260885222,0.0323232323232,-0.0476834830596,0.0422224969006,0.00707070707071,-0.250469359339,-0.0345084801933,-0.0111111111111,0.024407966156,-0.00182982044736,0.0909090909091,0.0867768595041,0.024407966156,0.0909090909091,-0.0620105820106,-0.0875,-3,-0.0181818181818,-0.0144444444444,0,0,0,18,0,2,90,0.9,1,0,0.1,1,0.9,0.947368421053,0.938314863257,0.9,0.9,2,4,0,0,0,0
3436,WLNM_dir_neg,0.9375,0.658333333333,00:00:00,10,80,32,1178364381,threshold_sweep,0.7,1,0.5,0.666666666667,2,0,2,8,0.5,1,0,0.5,1,0.5,0.666666666667,0.833333333333,0.611111111111,0.571428571429,0.632455532034,0.5,20,16,4,0,20,0,16,0,4,11,20,0.181818181818,3.04338842975,3.63636363636,2,2.5,1.68954001271,0.464623503495,0.245454545455,1.16774841624,0.642261628933,0.336363636364,1.94000937205,1.06700515463,0.536363636364,1.05689877454,0.347276990411,3.54545454545,3.04338842975,1.05689877454,3.54545454545,0.499047619048,0.4,8,0.0484848484848,0.255555555556,11,11,11,1,0,0.0909090909091,0.636363636364,0.272727272727,11,0.145454545455,3.20454545455,2.90909090909,1.6,2,1.44599761096,0.497061678768,0.255681818182,0.820199532265,0.563887178432,0.284090909091,1.50755672289,1.03644524699,0.511363636364,1.19800971312,0.373847002675,4,3.20454545455,1.19800971312,4,0.414814814815,0.25,3,0.0181818181818,0.214814814815,11,11,11,1,0,0.0909090909091,0.636363636364,0.272727272727,11,18,0.163636363636,3.13016528926,3.27272727273,1.8,2.25,1.67874411933,0.512949592017,0.277777777778,1.12006493318,0.684484125834,0.343434343434,1.68954001271,1.03249667443,0.525252525253,1.08130674069,0.345447169964,3.63636363636,3.13016528926,1.08130674069,3.63636363636,0.437037037037,0.3125,5,0.030303030303,0.241111111111,11,11,11,1,0,0.0909090909091,0.636363636364,0.272727272727,-2,-0.0181818181818,0.0867768595041,-0.363636363636,-0.2,-0.25,-0.0107958933802,0.0483260885222,0.0323232323232,-0.0476834830596,0.0422224969006,0.00707070707071,-0.250469359339,-0.0345084801933,-0.0111111111111,0.024407966156,-0.00182982044736,0.0909090909091,0.0867768595041,0.024407966156,0.0909090909091,-0.0620105820106,-0.0875,-3,-0.0181818181818,-0.0144444444444,0,0,0,18,0,2,90,0.9,1,0,0.1,1,0.9,0.947368421053,0.938314863257,0.9,0.9,2,4,0,0,0,0
3437,WLNM_dir_neg,0.9375,0.658333333333,00:00:00,10,80,32,1178364381,threshold_sweep,0.8,1,0.5,0.666666666667,2,0,2,8,0.5,1,0,0.5,1,0.5,0.666666666667,0.833333333333,0.611111111111,0.571428571429,0.632455532034,0.5,20,16,4,0,20,0,16,0,4,11,20,0.181818181818,3.04338842975,3.63636363636,2,2.5,1.68954001271,0.464623503495,0.245454545455,1.16774841624,0.642261628933,0.336363636364,1.94000937205,1.06700515463,0.536363636364,1.05689877454,0.347276990411,3.54545454545,3.04338842975,1.05689877454,3.54545454545,0.499047619048,0.4,8,0.0484848484848,0.255555555556,11,11,11,1,0,0.0909090909091,0.636363636364,0.272727272727,11,0.145454545455,3.20454545455,2.90909090909,1.6,2,1.44599761096,0.497061678768,0.255681818182,0.820199532265,0.563887178432,0.284090909091,1.50755672289,1.03644524699,0.511363636364,1.19800971312,0.373847002675,4,3.20454545455,1.19800971312,4,0.414814814815,0.25,3,0.0181818181818,0.214814814815,11,11,11,1,0,0.0909090909091,0.636363636364,0.272727272727,11,18,0.163636363636,3.13016528926,3.27272727273,1.8,2.25,1.67874411933,0.512949592017,0.277777777778,1.12006493318,0.684484125834,0.343434343434,1.68954001271,1.03249667443,0.525252525253,1.08130674069,0.345447169964,3.63636363636,3.13016528926,1.08130674069,3.63636363636,0.437037037037,0.3125,5,0.030303030303,0.241111111111,11,11,11,1,0,0.0909090909091,0.636363636364,0.272727272727,-2,-0.0181818181818,0.0867768595041,-0.363636363636,-0.2,-0.25,-0.0107958933802,0.0483260885222,0.0323232323232,-0.0476834830596,0.0422224969006,0.00707070707071,-0.250469359339,-0.0345084801933,-0.0111111111111,0.024407966156,-0.00182982044736,0.0909090909091,0.0867768595041,0.024407966156,0.0909090909091,-0.0620105820106,-0.0875,-3,-0.0181818181818,-0.0144444444444,0,0,0,18,0,2,90,0.9,1,0,0.1,1,0.9,0.947368421053,0.938314863257,0.9,0.9,2,4,0,0,0,0
3438,WLNM_dir_neg,0.9375,0.658333333333,00:00:00,10,80,32,1178364381,threshold_sweep,0.9,1,0.25,0.4,1,0,3,8,0.25,1,0,0.75,1,0.25,0.4,0.75,0.638888888889,0.307692307692,0.426401432711,0.25,20,16,4,0,20,0,16,0,4,11,20,0.181818181818,3.04338842975,3.63636363636,2,2.5,1.68954001271,0.464623503495,0.245454545455,1.16774841624,0.642261628933,0.336363636364,1.94000937205,1.06700515463,0.536363636364,1.05689877454,0.347276990411,3.54545454545,3.04338842975,1.05689877454,3.54545454545,0.499047619048,0.4,8,0.0484848484848,0.255555555556,11,11,11,1,0,0.0909090909091,0.636363636364,0.272727272727,11,0.145454545455,3.20454545455,2.90909090909,1.6,2,1.44599761096,0.497061678768,0.255681818182,0.820199532265,0.563887178432,0.284090909091,1.50755672289,1.03644524699,0.511363636364,1.19800971312,0.373847002675,4,3.20454545455,1.19800971312,4,0.414814814815,0.25,3,0.0181818181818,0.214814814815,11,11,11,1,0,0.0909090909091,0.636363636364,0.272727272727,11,17,0.154545454545,3.15909090909,3.09090909091,1.7,2.125,1.51357493733,0.489686009136,0.256684491979,0.934198732994,0.604481533114,0.310160427807,1.57249078621,1.01749403814,0.513368983957,1.12651413258,0.356594401681,3.875,3.15909090909,1.12651413258,3.875,0.340740740741,0.219512195122,3,0.0181818181818,0.226666666667,11,11,11,1,0,0.0909090909091,0.636363636364,0.272727272727,-3,-0.0272727272727,0.115702479339,-0.545454545455,-0.3,-0.375,-0.175965075381,0.0250625056407,0.0112299465241,-0.233549683248,-0.0377800958196,-0.0262032085561,-0.367518585835,-0.0495111164884,-0.0229946524064,0.069615358046,0.00931741126961,0.329545454545,0.115702479339,0.069615358046,0.329545454545,-0.158306878307,-0.180487804878,-5,-0.030303030303,-0.0288888888889,0,0,0,17,0,3,90,0.85,1,0,0.15,1,0.85,0.918918918919,0.906962317388,0.85,0.85,1,4,0,0,0,0
3439,WLNM_dir_neg,0.78125,0.478571428571,00:00:00,10,80,33,1178364382,threshold_sweep,0.1,1,0.5,0.666666666667,2,0,2,8,0.5,1,0,0.5,1,0.5,0.666666666667,0.833333333333,0.611111111111,0.571428571429,0.632455532034,0.5,20,16,4,0,20,0,16,0,4,11,20,0.181818181818,3.04338842975,3.63636363636,2,2.5,1.68954001271,0.464623503495,0.245454545455,1.16774841624,0.642261628933,0.336363636364,1.94000937205,1.06700515463,0.536363636364,1.05689877454,0.347276990411,3.54545454545,3.04338842975,1.05689877454,3.54545454545,0.499047619048,0.4,8,0.0484848484848,0.255555555556,11,11,11,1,0,0.0909090909091,0.636363636364,0.272727272727,11,0.145454545455,3.20454545455,2.90909090909,1.6,2,1.44599761096,0.497061678768,0.255681818182,0.820199532265,0.563887178432,0.284090909091,1.50755672289,1.03644524699,0.511363636364,1.19800971312,0.373847002675,4,3.20454545455,1.19800971312,4,0.414814814815,0.25,3,0.0181818181818,0.214814814815,11,11,11,1,0,0.0909090909091,0.636363636364,0.272727272727,11,18,0.163636363636,3.13016528926,3.27272727273,1.8,2.25,1.67874411933,0.512949592017,0.277777777778,1.12006493318,0.684484125834,0.343434343434,1.68954001271,1.03249667443,0.525252525253,1.08130674069,0.345447169964,3.63636363636,3.13016528926,1.08130674069,3.63636363636,0.437037037037,0.3125,5,0.030303030303,0.241111111111,11,11,11,1,0,0.0909090909091,0.636363636364,0.272727272727,-2,-0.0181818181818,0.0867768595041,-0.363636363636,-0.2,-0.25,-0.0107958933802,0.0483260885222,0.0323232323232,-0.0476834830596,0.0422224969006,0.00707070707071,-0.250469359339,-0.0345084801933,-0.0111111111111,0.024407966156,-0.00182982044736,0.0909090909091,0.0867768595041,0.024407966156,0.0909090909091,-0.0620105820106,-0.0875,-3,-0.0181818181818,-0.0144444444444,0,0,0,18,0,2,90,0.9,1,0,0.1,1,0.9,0.947368421053,0.938314863257,0.9,0.9,2,4,0,0,0,0
3440,WLNM_dir_neg,0.78125,0.478571428571,00:00:00,10,80,33,1178364382,threshold_sweep,0.2,1,0.5,0.666666666667,2,0,2,8,0.5,1,0,0.5,1,0.5,0.666666666667,0.833333333333,0.611111111111,0.571428571429,0.632455532034,0.5,20,16,4,0,20,0,16,0,4,11,20,0.181818181818,3.04338842975,3.63636363636,2,2.5,1.68954001271,0.464623503495,0.245454545455,1.16774841624,0.642261628933,0.336363636364,1.94000937205,1.06700515463,0.536363636364,1.05689877454,0.347276990411,3.54545454545,3.04338842975,1.05689877454,3.54545454545,0.499047619048,0.4,8,0.0484848484848,0.255555555556,11,11,11,1,0,0.0909090909091,0.636363636364,0.272727272727,11,0.145454545455,3.20454545455,2.90909090909,1.6,2,1.44599761096,0.497061678768,0.255681818182,0.820199532265,0.563887178432,0.284090909091,1.50755672289,1.03644524699,0.511363636364,1.19800971312,0.373847002675,4,3.20454545455,1.19800971312,4,0.414814814815,0.25,3,0.0181818181818,0.214814814815,11,11,11,1,0,0.0909090909091,0.636363636364,0.272727272727,11,18,0.163636363636,3.13016528926,3.27272727273,1.8,2.25,1.67874411933,0.512949592017,0.277777777778,1.12006493318,0.684484125834,0.343434343434,1.68954001271,1.03249667443,0.525252525253,1.08130674069,0.345447169964,3.63636363636,3.13016528926,1.08130674069,3.63636363636,0.437037037037,0.3125,5,0.030303030303,0.241111111111,11,11,11,1,0,0.0909090909091,0.636363636364,0.272727272727,-2,-0.0181818181818,0.0867768595041,-0.363636363636,-0.2,-0.25,-0.0107958933802,0.0483260885222,0.0323232323232,-0.0476834830596,0.0422224969006,0.00707070707071,-0.250469359339,-0.0345084801933,-0.0111111111111,0.024407966156,-0.00182982044736,0.0909090909091,0.0867768595041,0.024407966156,0.0909090909091,-0.0620105820106,-0.0875,-3,-0.0181818181818,-0.0144444444444,0,0,0,18,0,2,90,0.9,1,0,0.1,1,0.9,0.947368421053,0.938314863257,0.9,0.9,2,4,0,0,0,0
3441,WLNM_dir_neg,0.78125,0.478571428571,00:00:00,10,80,33,1178364382,threshold_sweep,0.3,1,0.5,0.666666666667,2,0,2,8,0.5,1,0,0.5,1,0.5,0.666666666667,0.833333333333,0.611111111111,0.571428571429,0.632455532034,0.5,20,16,4,0,20,0,16,0,4,11,20,0.181818181818,3.04338842975,3.63636363636,2,2.5,1.68954001271,0.464623503495,0.245454545455,1.16774841624,0.642261628933,0.336363636364,1.94000937205,1.06700515463,0.536363636364,1.05689877454,0.347276990411,3.54545454545,3.04338842975,1.05689877454,3.54545454545,0.499047619048,0.4,8,0.0484848484848,0.255555555556,11,11,11,1,0,0.0909090909091,0.636363636364,0.272727272727,11,0.145454545455,3.20454545455,2.90909090909,1.6,2,1.44599761096,0.497061678768,0.255681818182,0.820199532265,0.563887178432,0.284090909091,1.50755672289,1.03644524699,0.511363636364,1.19800971312,0.373847002675,4,3.20454545455,1.19800971312,4,0.414814814815,0.25,3,0.0181818181818,0.214814814815,11,11,11,1,0,0.0909090909091,0.636363636364,0.272727272727,11,18,0.163636363636,3.13016528926,3.27272727273,1.8,2.25,1.67874411933,0.512949592017,0.277777777778,1.12006493318,0.684484125834,0.343434343434,1.68954001271,1.03249667443,0.525252525253,1.08130674069,0.345447169964,3.63636363636,3.13016528926,1.08130674069,3.63636363636,0.437037037037,0.3125,5,0.030303030303,0.241111111111,11,11,11,1,0,0.0909090909091,0.636363636364,0.272727272727,-2,-0.0181818181818,0.0867768595041,-0.363636363636,-0.2,-0.25,-0.0107958933802,0.0483260885222,0.0323232323232,-0.0476834830596,0.0422224969006,0.00707070707071,-0.250469359339,-0.0345084801933,-0.0111111111111,0.024407966156,-0.00182982044736,0.0909090909091,0.0867768595041,0.024407966156,0.0909090909091,-0.0620105820106,-0.0875,-3,-0.0181818181818,-0.0144444444444,0,0,0,18,0,2,90,0.9,1,0,0.1,1,0.9,0.947368421053,0.938314863257,0.9,0.9,2,4,0,0,0,0
3442,WLNM_dir_neg,0.78125,0.478571428571,00:00:00,10,80,33,1178364382,threshold_sweep,0.4,1,0.5,0.666666666667,2,0,2,8,0.5,1,0,0.5,1,0.5,0.666666666667,0.833333333333,0.611111111111,0.571428571429,0.632455532034,0.5,20,16,4,0,20,0,16,0,4,11,20,0.181818181818,3.04338842975,3.63636363636,2,2.5,1.68954001271,0.464623503495,0.245454545455,1.16774841624,0.642261628933,0.336363636364,1.94000937205,1.06700515463,0.536363636364,1.05689877454,0.347276990411,3.54545454545,3.04338842975,1.05689877454,3.54545454545,0.499047619048,0.4,8,0.0484848484848,0.255555555556,11,11,11,1,0,0.0909090909091,0.636363636364,0.272727272727,11,0.145454545455,3.20454545455,2.90909090909,1.6,2,1.44599761096,0.497061678768,0.255681818182,0.820199532265,0.563887178432,0.284090909091,1.50755672289,1.03644524699,0.511363636364,1.19800971312,0.373847002675,4,3.20454545455,1.19800971312,4,0.414814814815,0.25,3,0.0181818181818,0.214814814815,11,11,11,1,0,0.0909090909091,0.636363636364,0.272727272727,11,18,0.163636363636,3.13016528926,3.27272727273,1.8,2.25,1.67874411933,0.512949592017,0.277777777778,1.12006493318,0.684484125834,0.343434343434,1.68954001271,1.03249667443,0.525252525253,1.08130674069,0.345447169964,3.63636363636,3.13016528926,1.08130674069,3.63636363636,0.437037037037,0.3125,5,0.030303030303,0.241111111111,11,11,11,1,0,0.0909090909091,0.636363636364,0.272727272727,-2,-0.0181818181818,0.0867768595041,-0.363636363636,-0.2,-0.25,-0.0107958933802,0.0483260885222,0.0323232323232,-0.0476834830596,0.0422224969006,0.00707070707071,-0.250469359339,-0.0345084801933,-0.0111111111111,0.024407966156,-0.00182982044736,0.0909090909091,0.0867768595041,0.024407966156,0.0909090909091,-0.0620105820106,-0.0875,-3,-0.0181818181818,-0.0144444444444,0,0,0,18,0,2,90,0.9,1,0,0.1,1,0.9,0.947368421053,0.938314863257,0.9,0.9,2,4,0,0,0,0
3443,WLNM_dir_neg,0.78125,0.478571428571,00:00:00,10,80,33,1178364382,threshold_sweep,0.5,1,0.5,0.666666666667,2,0,2,8,0.5,1,0,0.5,1,0.5,0.666666666667,0.833333333333,0.611111111111,0.571428571429,0.632455532034,0.5,20,16,4,0,20,0,16,0,4,11,20,0.181818181818,3.04338842975,3.63636363636,2,2.5,1.68954001271,0.464623503495,0.245454545455,1.16774841624,0.642261628933,0.336363636364,1.94000937205,1.06700515463,0.536363636364,1.05689877454,0.347276990411,3.54545454545,3.04338842975,1.05689877454,3.54545454545,0.499047619048,0.4,8,0.0484848484848,0.255555555556,11,11,11,1,0,0.0909090909091,0.636363636364,0.272727272727,11,0.145454545455,3.20454545455,2.90909090909,1.6,2,1.44599761096,0.497061678768,0.255681818182,0.820199532265,0.563887178432,0.284090909091,1.50755672289,1.03644524699,0.511363636364,1.19800971312,0.373847002675,4,3.20454545455,1.19800971312,4,0.414814814815,0.25,3,0.0181818181818,0.214814814815,11,11,11,1,0,0.0909090909091,0.636363636364,0.272727272727,11,18,0.163636363636,3.13016528926,3.27272727273,1.8,2.25,1.67874411933,0.512949592017,0.277777777778,1.12006493318,0.684484125834,0.343434343434,1.68954001271,1.03249667443,0.525252525253,1.08130674069,0.345447169964,3.63636363636,3.13016528926,1.08130674069,3.63636363636,0.437037037037,0.3125,5,0.030303030303,0.241111111111,11,11,11,1,0,0.0909090909091,0.636363636364,0.272727272727,-2,-0.0181818181818,0.0867768595041,-0.363636363636,-0.2,-0.25,-0.0107958933802,0.0483260885222,0.0323232323232,-0.0476834830596,0.0422224969006,0.00707070707071,-0.250469359339,-0.0345084801933,-0.0111111111111,0.024407966156,-0.00182982044736,0.0909090909091,0.0867768595041,0.024407966156,0.0909090909091,-0.0620105820106,-0.0875,-3,-0.0181818181818,-0.0144444444444,0,0,0,18,0,2,90,0.9,1,0,0.1,1,0.9,0.947368421053,0.938314863257,0.9,0.9,2,4,0,0,0,0
3444,WLNM_dir_neg,0.78125,0.478571428571,00:00:00,10,80,33,1178364382,threshold_sweep,0.6,1,0.25,0.4,1,0,3,8,0.25,1,0,0.75,1,0.25,0.4,0.75,0.638888888889,0.307692307692,0.426401432711,0.25,20,16,4,0,20,0,16,0,4,11,20,0.181818181818,3.04338842975,3.63636363636,2,2.5,1.68954001271,0.464623503495,0.245454545455,1.16774841624,0.642261628933,0.336363636364,1.94000937205,1.06700515463,0.536363636364,1.05689877454,0.347276990411,3.54545454545,3.04338842975,1.05689877454,3.54545454545,0.499047619048,0.4,8,0.0484848484848,0.255555555556,11,11,11,1,0,0.0909090909091,0.636363636364,0.272727272727,11,0.145454545455,3.20454545455,2.90909090909,1.6,2,1.44599761096,0.497061678768,0.255681818182,0.820199532265,0.563887178432,0.284090909091,1.50755672289,1.03644524699,0.511363636364,1.19800971312,0.373847002675,4,3.20454545455,1.19800971312,4,0.414814814815,0.25,3,0.0181818181818,0.214814814815,11,11,11,1,0,0.0909090909091,0.636363636364,0.272727272727,11,17,0.154545454545,3.15909090909,3.09090909091,1.7,2.125,1.51357493733,0.489686009136,0.256684491979,0.934198732994,0.604481533114,0.310160427807,1.57249078621,1.01749403814,0.513368983957,1.12651413258,0.356594401681,3.875,3.15909090909,1.12651413258,3.875,0.340740740741,0.219512195122,3,0.0181818181818,0.226666666667,11,11,11,1,0,0.0909090909091,0.636363636364,0.272727272727,-3,-0.0272727272727,0.115702479339,-0.545454545455,-0.3,-0.375,-0.175965075381,0.0250625056407,0.0112299465241,-0.233549683248,-0.0377800958196,-0.0262032085561,-0.367518585835,-0.0495111164884,-0.0229946524064,0.069615358046,0.00931741126961,0.329545454545,0.115702479339,0.069615358046,0.329545454545,-0.158306878307,-0.180487804878,-5,-0.030303030303,-0.0288888888889,0,0,0,17,0,3,90,0.85,1,0,0.15,1,0.85,0.918918918919,0.906962317388,0.85,0.85,1,4,0,0,0,0
3445,WLNM_dir_neg,0.78125,0.478571428571,00:00:00,10,80,33,1178364382,threshold_sweep,0.7,1,0.25,0.4,1,0,3,8,0.25,1,0,0.75,1,0.25,0.4,0.75,0.638888888889,0.307692307692,0.426401432711,0.25,20,16,4,0,20,0,16,0,4,11,20,0.181818181818,3.04338842975,3.63636363636,2,2.5,1.68954001271,0.464623503495,0.245454545455,1.16774841624,0.642261628933,0.336363636364,1.94000937205,1.06700515463,0.536363636364,1.05689877454,0.347276990411,3.54545454545,3.04338842975,1.05689877454,3.54545454545,0.499047619048,0.4,8,0.0484848484848,0.255555555556,11,11,11,1,0,0.0909090909091,0.636363636364,0.272727272727,11,0.145454545455,3.20454545455,2.90909090909,1.6,2,1.44599761096,0.497061678768,0.255681818182,0.820199532265,0.563887178432,0.284090909091,1.50755672289,1.03644524699,0.511363636364,1.19800971312,0.373847002675,4,3.20454545455,1.19800971312,4,0.414814814815,0.25,3,0.0181818181818,0.214814814815,11,11,11,1,0,0.0909090909091,0.636363636364,0.272727272727,11,17,0.154545454545,3.15909090909,3.09090909091,1.7,2.125,1.51357493733,0.489686009136,0.256684491979,0.934198732994,0.604481533114,0.310160427807,1.57249078621,1.01749403814,0.513368983957,1.12651413258,0.356594401681,3.875,3.15909090909,1.12651413258,3.875,0.340740740741,0.219512195122,3,0.0181818181818,0.226666666667,11,11,11,1,0,0.0909090909091,0.636363636364,0.272727272727,-3,-0.0272727272727,0.115702479339,-0.545454545455,-0.3,-0.375,-0.175965075381,0.0250625056407,0.0112299465241,-0.233549683248,-0.0377800958196,-0.0262032085561,-0.367518585835,-0.0495111164884,-0.0229946524064,0.069615358046,0.00931741126961,0.329545454545,0.115702479339,0.069615358046,0.329545454545,-0.158306878307,-0.180487804878,-5,-0.030303030303,-0.0288888888889,0,0,0,17,0,3,90,0.85,1,0,0.15,1,0.85,0.918918918919,0.906962317388,0.85,0.85,1,4,0,0,0,0
3446,WLNM_dir_neg,0.78125,0.478571428571,00:00:00,10,80,33,1178364382,threshold_sweep,0.8,1,0.25,0.4,1,0,3,8,0.25,1,0,0.75,1,0.25,0.4,0.75,0.638888888889,0.307692307692,0.426401432711,0.25,20,16,4,0,20,0,16,0,4,11,20,0.181818181818,3.04338842975,3.63636363636,2,2.5,1.68954001271,0.464623503495,0.245454545455,1.16774841624,0.642261628933,0.336363636364,1.94000937205,1.06700515463,0.536363636364,1.05689877454,0.347276990411,3.54545454545,3.04338842975,1.05689877454,3.54545454545,0.499047619048,0.4,8,0.0484848484848,0.255555555556,11,11,11,1,0,0.0909090909091,0.636363636364,0.272727272727,11,0.145454545455,3.20454545455,2.90909090909,1.6,2,1.44599761096,0.497061678768,0.255681818182,0.820199532265,0.563887178432,0.284090909091,1.50755672289,1.03644524699,0.511363636364,1.19800971312,0.373847002675,4,3.20454545455,1.19800971312,4,0.414814814815,0.25,3,0.0181818181818,0.214814814815,11,11,11,1,0,0.0909090909091,0.636363636364,0.272727272727,11,17,0.154545454545,3.15909090909,3.09090909091,1.7,2.125,1.51357493733,0.489686009136,0.256684491979,0.934198732994,0.604481533114,0.310160427807,1.57249078621,1.01749403814,0.513368983957,1.12651413258,0.356594401681,3.875,3.15909090909,1.12651413258,3.875,0.340740740741,0.219512195122,3,0.0181818181818,0.226666666667,11,11,11,1,0,0.0909090909091,0.636363636364,0.272727272727,-3,-0.0272727272727,0.115702479339,-0.545454545455,-0.3,-0.375,-0.175965075381,0.0250625056407,0.0112299465241,-0.233549683248,-0.0377800958196,-0.0262032085561,-0.367518585835,-0.0495111164884,-0.0229946524064,0.069615358046,0.00931741126961,0.329545454545,0.115702479339,0.069615358046,0.329545454545,-0.158306878307,-0.180487804878,-5,-0.030303030303,-0.0288888888889,0,0,0,17,0,3,90,0.85,1,0,0.15,1,0.85,0.918918918919,0.906962317388,0.85,0.85,1,4,0,0,0,0
3447,WLNM_dir_neg,0.78125,0.478571428571,00:00:00,10,80,33,1178364382,threshold_sweep,0.9,1,0.25,0.4,1,0,3,8,0.25,1,0,0.75,1,0.25,0.4,0.75,0.638888888889,0.307692307692,0.426401432711,0.25,20,16,4,0,20,0,16,0,4,11,20,0.181818181818,3.04338842975,3.63636363636,2,2.5,1.68954001271,0.464623503495,0.245454545455,1.16774841624,0.642261628933,0.336363636364,1.94000937205,1.06700515463,0.536363636364,1.05689877454,0.347276990411,3.54545454545,3.04338842975,1.05689877454,3.54545454545,0.499047619048,0.4,8,0.0484848484848,0.255555555556,11,11,11,1,0,0.0909090909091,0.636363636364,0.272727272727,11,0.145454545455,3.20454545455,2.90909090909,1.6,2,1.44599761096,0.497061678768,0.255681818182,0.820199532265,0.563887178432,0.284090909091,1.50755672289,1.03644524699,0.511363636364,1.19800971312,0.373847002675,4,3.20454545455,1.19800971312,4,0.414814814815,0.25,3,0.0181818181818,0.214814814815,11,11,11,1,0,0.0909090909091,0.636363636364,0.272727272727,11,17,0.154545454545,3.15909090909,3.09090909091,1.7,2.125,1.51357493733,0.489686009136,0.256684491979,0.934198732994,0.604481533114,0.310160427807,1.57249078621,1.01749403814,0.513368983957,1.12651413258,0.356594401681,3.875,3.15909090909,1.12651413258,3.875,0.340740740741,0.219512195122,3,0.0181818181818,0.226666666667,11,11,11,1,0,0.0909090909091,0.636363636364,0.272727272727,-3,-0.0272727272727,0.115702479339,-0.545454545455,-0.3,-0.375,-0.175965075381,0.0250625056407,0.0112299465241,-0.233549683248,-0.0377800958196,-0.0262032085561,-0.367518585835,-0.0495111164884,-0.0229946524064,0.069615358046,0.00931741126961,0.329545454545,0.115702479339,0.069615358046,0.329545454545,-0.158306878307,-0.180487804878,-5,-0.030303030303,-0.0288888888889,0,0,0,17,0,3,90,0.85,1,0,0.15,1,0.85,0.918918918919,0.906962317388,0.85,0.85,1,4,0,0,0,0
3448,WLNM_dir_neg,0.96875,0.69375,00:00:00,10,80,34,1178364383,threshold_sweep,0.1,1,0.75,0.857142857143,3,0,1,8,0.75,1,0,0.25,1,0.75,0.857142857143,0.916666666667,0.583333333333,0.8,0.816496580928,0.75,20,16,4,0,20,0,16,0,4,11,20,0.181818181818,3.04338842975,3.63636363636,2,2.5,1.68954001271,0.464623503495,0.245454545455,1.16774841624,0.642261628933,0.336363636364,1.94000937205,1.06700515463,0.536363636364,1.05689877454,0.347276990411,3.54545454545,3.04338842975,1.05689877454,3.54545454545,0.499047619048,0.4,8,0.0484848484848,0.255555555556,11,11,11,1,0,0.0909090909091,0.636363636364,0.272727272727,11,0.145454545455,3.22272727273,2.90909090909,1.6,2,1.44599761096,0.497061678768,0.255681818182,0.820199532265,0.563887178432,0.284090909091,1.50755672289,1.03644524699,0.511363636364,1.23558966416,0.383398767441,4.4,3.22272727273,1.23558966416,4.4,0.155555555556,0.0833333333333,1,0.00606060606061,0.216666666667,11,11,11,1,0,0.0909090909091,0.636363636364,0.272727272727,11,19,0.172727272727,3.0847107438,3.45454545455,1.9,2.375,1.50755672289,0.436397998731,0.234449760766,1.1037127426,0.638991587822,0.325358851675,1.7372915179,1.00580035247,0.516746411483,1.09771037579,0.355855205548,3.63636363636,3.0847107438,1.09771037579,3.63636363636,0.466666666667,0.352941176471,6,0.0363636363636,0.23,11,11,11,1,0,0.0909090909091,0.636363636364,0.272727272727,-1,-0.00909090909091,0.0413223140496,-0.181818181818,-0.1,-0.125,-0.18198328982,-0.0282255047641,-0.011004784689,-0.0640356736404,-0.0032700411111,-0.011004784689,-0.202717854144,-0.0612048021559,-0.0196172248804,0.0408116012549,0.00857821513672,0.0909090909091,0.0413223140496,0.0408116012549,0.0909090909091,-0.032380952381,-0.0470588235294,-2,-0.0121212121212,-0.0255555555556,0,0,0,19,0,1,90,0.95,1,0,0.05,1,0.95,0.974358974359,0.969309258988,0.95,0.95,3,4,0,0,0,0
3449,WLNM_dir_neg,0.96875,0.69375,00:00:00,10,80,34,1178364383,threshold_sweep,0.2,1,0.75,0.857142857143,3,0,1,8,0.75,1,0,0.25,1,0.75,0.857142857143,0.916666666667,0.583333333333,0.8,0.816496580928,0.75,20,16,4,0,20,0,16,0,4,11,20,0.181818181818,3.04338842975,3.63636363636,2,2.5,1.68954001271,0.464623503495,0.245454545455,1.16774841624,0.642261628933,0.336363636364,1.94000937205,1.06700515463,0.536363636364,1.05689877454,0.347276990411,3.54545454545,3.04338842975,1.05689877454,3.54545454545,0.499047619048,0.4,8,0.0484848484848,0.255555555556,11,11,11,1,0,0.0909090909091,0.636363636364,0.272727272727,11,0.145454545455,3.22272727273,2.90909090909,1.6,2,1.44599761096,0.497061678768,0.255681818182,0.820199532265,0.563887178432,0.284090909091,1.50755672289,1.03644524699,0.511363636364,1.23558966416,0.383398767441,4.4,3.22272727273,1.23558966416,4.4,0.155555555556,0.0833333333333,1,0.00606060606061,0.216666666667,11,11,11,1,0,0.0909090909091,0.636363636364,0.272727272727,11,19,0.172727272727,3.0847107438,3.45454545455,1.9,2.375,1.50755672289,0.436397998731,0.234449760766,1.1037127426,0.638991587822,0.325358851675,1.7372915179,1.00580035247,0.516746411483,1.09771037579,0.355855205548,3.63636363636,3.0847107438,1.09771037579,3.63636363636,0.466666666667,0.352941176471,6,0.0363636363636,0.23,11,11,11,1,0,0.0909090909091,0.636363636364,0.272727272727,-1,-0.00909090909091,0.0413223140496,-0.181818181818,-0.1,-0.125,-0.18198328982,-0.0282255047641,-0.011004784689,-0.0640356736404,-0.0032700411111,-0.011004784689,-0.202717854144,-0.0612048021559,-0.0196172248804,0.0408116012549,0.00857821513672,0.0909090909091,0.0413223140496,0.0408116012549,0.0909090909091,-0.032380952381,-0.0470588235294,-2,-0.0121212121212,-0.0255555555556,0,0,0,19,0,1,90,0.95,1,0,0.05,1,0.95,0.974358974359,0.969309258988,0.95,0.95,3,4,0,0,0,0
3450,WLNM_dir_neg,0.96875,0.69375,00:00:00,10,80,34,1178364383,threshold_sweep,0.3,1,0.75,0.857142857143,3,0,1,8,0.75,1,0,0.25,1,0.75,0.857142857143,0.916666666667,0.583333333333,0.8,0.816496580928,0.75,20,16,4,0,20,0,16,0,4,11,20,0.181818181818,3.04338842975,3.63636363636,2,2.5,1.68954001271,0.464623503495,0.245454545455,1.16774841624,0.642261628933,0.336363636364,1.94000937205,1.06700515463,0.536363636364,1.05689877454,0.347276990411,3.54545454545,3.04338842975,1.05689877454,3.54545454545,0.499047619048,0.4,8,0.0484848484848,0.255555555556,11,11,11,1,0,0.0909090909091,0.636363636364,0.272727272727,11,0.145454545455,3.22272727273,2.90909090909,1.6,2,1.44599761096,0.497061678768,0.255681818182,0.820199532265,0.563887178432,0.284090909091,1.50755672289,1.03644524699,0.511363636364,1.23558966416,0.383398767441,4.4,3.22272727273,1.23558966416,4.4,0.155555555556,0.0833333333333,1,0.00606060606061,0.216666666667,11,11,11,1,0,0.0909090909091,0.636363636364,0.272727272727,11,19,0.172727272727,3.0847107438,3.45454545455,1.9,2.375,1.50755672289,0.436397998731,0.234449760766,1.1037127426,0.638991587822,0.325358851675,1.7372915179,1.00580035247,0.516746411483,1.09771037579,0.355855205548,3.63636363636,3.0847107438,1.09771037579,3.63636363636,0.466666666667,0.352941176471,6,0.0363636363636,0.23,11,11,11,1,0,0.0909090909091,0.636363636364,0.272727272727,-1,-0.00909090909091,0.0413223140496,-0.181818181818,-0.1,-0.125,-0.18198328982,-0.0282255047641,-0.011004784689,-0.0640356736404,-0.0032700411111,-0.011004784689,-0.202717854144,-0.0612048021559,-0.0196172248804,0.0408116012549,0.00857821513672,0.0909090909091,0.0413223140496,0.0408116012549,0.0909090909091,-0.032380952381,-0.0470588235294,-2,-0.0121212121212,-0.0255555555556,0,0,0,19,0,1,90,0.95,1,0,0.05,1,0.95,0.974358974359,0.969309258988,0.95,0.95,3,4,0,0,0,0
3451,WLNM_dir_neg,0.96875,0.69375,00:00:00,10,80,34,1178364383,threshold_sweep,0.4,1,0.75,0.857142857143,3,0,1,8,0.75,1,0,0.25,1,0.75,0.857142857143,0.916666666667,0.583333333333,0.8,0.816496580928,0.75,20,16,4,0,20,0,16,0,4,11,20,0.181818181818,3.04338842975,3.63636363636,2,2.5,1.68954001271,0.464623503495,0.245454545455,1.16774841624,0.642261628933,0.336363636364,1.94000937205,1.06700515463,0.536363636364,1.05689877454,0.347276990411,3.54545454545,3.04338842975,1.05689877454,3.54545454545,0.499047619048,0.4,8,0.0484848484848,0.255555555556,11,11,11,1,0,0.0909090909091,0.636363636364,0.272727272727,11,0.145454545455,3.22272727273,2.90909090909,1.6,2,1.44599761096,0.497061678768,0.255681818182,0.820199532265,0.563887178432,0.284090909091,1.50755672289,1.03644524699,0.511363636364,1.23558966416,0.383398767441,4.4,3.22272727273,1.23558966416,4.4,0.155555555556,0.0833333333333,1,0.00606060606061,0.216666666667,11,11,11,1,0,0.0909090909091,0.636363636364,0.272727272727,11,19,0.172727272727,3.0847107438,3.45454545455,1.9,2.375,1.50755672289,0.436397998731,0.234449760766,1.1037127426,0.638991587822,0.325358851675,1.7372915179,1.00580035247,0.516746411483,1.09771037579,0.355855205548,3.63636363636,3.0847107438,1.09771037579,3.63636363636,0.466666666667,0.352941176471,6,0.0363636363636,0.23,11,11,11,1,0,0.0909090909091,0.636363636364,0.272727272727,-1,-0.00909090909091,0.0413223140496,-0.181818181818,-0.1,-0.125,-0.18198328982,-0.0282255047641,-0.011004784689,-0.0640356736404,-0.0032700411111,-0.011004784689,-0.202717854144,-0.0612048021559,-0.0196172248804,0.0408116012549,0.00857821513672,0.0909090909091,0.0413223140496,0.0408116012549,0.0909090909091,-0.032380952381,-0.0470588235294,-2,-0.0121212121212,-0.0255555555556,0,0,0,19,0,1,90,0.95,1,0,0.05,1,0.95,0.974358974359,0.969309258988,0.95,0.95,3,4,0,0,0,0
3452,WLNM_dir_neg,0.96875,0.69375,00:00:00,10,80,34,1178364383,threshold_sweep,0.5,1,0.75,0.857142857143,3,0,1,8,0.75,1,0,0.25,1,0.75,0.857142857143,0.916666666667,0.583333333333,0.8,0.816496580928,0.75,20,16,4,0,20,0,16,0,4,11,20,0.181818181818,3.04338842975,3.63636363636,2,2.5,1.68954001271,0.464623503495,0.245454545455,1.16774841624,0.642261628933,0.336363636364,1.94000937205,1.06700515463,0.536363636364,1.05689877454,0.347276990411,3.54545454545,3.04338842975,1.05689877454,3.54545454545,0.499047619048,0.4,8,0.0484848484848,0.255555555556,11,11,11,1,0,0.0909090909091,0.636363636364,0.272727272727,11,0.145454545455,3.22272727273,2.90909090909,1.6,2,1.44599761096,0.497061678768,0.255681818182,0.820199532265,0.563887178432,0.284090909091,1.50755672289,1.03644524699,0.511363636364,1.23558966416,0.383398767441,4.4,3.22272727273,1.23558966416,4.4,0.155555555556,0.0833333333333,1,0.00606060606061,0.216666666667,11,11,11,1,0,0.0909090909091,0.636363636364,0.272727272727,11,19,0.172727272727,3.0847107438,3.45454545455,1.9,2.375,1.50755672289,0.436397998731,0.234449760766,1.1037127426,0.638991587822,0.325358851675,1.7372915179,1.00580035247,0.516746411483,1.09771037579,0.355855205548,3.63636363636,3.0847107438,1.09771037579,3.63636363636,0.466666666667,0.352941176471,6,0.0363636363636,0.23,11,11,11,1,0,0.0909090909091,0.636363636364,0.272727272727,-1,-0.00909090909091,0.0413223140496,-0.181818181818,-0.1,-0.125,-0.18198328982,-0.0282255047641,-0.011004784689,-0.0640356736404,-0.0032700411111,-0.011004784689,-0.202717854144,-0.0612048021559,-0.0196172248804,0.0408116012549,0.00857821513672,0.0909090909091,0.0413223140496,0.0408116012549,0.0909090909091,-0.032380952381,-0.0470588235294,-2,-0.0121212121212,-0.0255555555556,0,0,0,19,0,1,90,0.95,1,0,0.05,1,0.95,0.974358974359,0.969309258988,0.95,0.95,3,4,0,0,0,0
3453,WLNM_dir_neg,0.96875,0.69375,00:00:00,10,80,34,1178364383,threshold_sweep,0.6,1,0.75,0.857142857143,3,0,1,8,0.75,1,0,0.25,1,0.75,0.857142857143,0.916666666667,0.583333333333,0.8,0.816496580928,0.75,20,16,4,0,20,0,16,0,4,11,20,0.181818181818,3.04338842975,3.63636363636,2,2.5,1.68954001271,0.464623503495,0.245454545455,1.16774841624,0.642261628933,0.336363636364,1.94000937205,1.06700515463,0.536363636364,1.05689877454,0.347276990411,3.54545454545,3.04338842975,1.05689877454,3.54545454545,0.499047619048,0.4,8,0.0484848484848,0.255555555556,11,11,11,1,0,0.0909090909091,0.636363636364,0.272727272727,11,0.145454545455,3.22272727273,2.90909090909,1.6,2,1.44599761096,0.497061678768,0.255681818182,0.820199532265,0.563887178432,0.284090909091,1.50755672289,1.03644524699,0.511363636364,1.23558966416,0.383398767441,4.4,3.22272727273,1.23558966416,4.4,0.155555555556,0.0833333333333,1,0.00606060606061,0.216666666667,11,11,11,1,0,0.0909090909091,0.636363636364,0.272727272727,11,19,0.172727272727,3.0847107438,3.45454545455,1.9,2.375,1.50755672289,0.436397998731,0.234449760766,1.1037127426,0.638991587822,0.325358851675,1.7372915179,1.00580035247,0.516746411483,1.09771037579,0.355855205548,3.63636363636,3.0847107438,1.09771037579,3.63636363636,0.466666666667,0.352941176471,6,0.0363636363636,0.23,11,11,11,1,0,0.0909090909091,0.636363636364,0.272727272727,-1,-0.00909090909091,0.0413223140496,-0.181818181818,-0.1,-0.125,-0.18198328982,-0.0282255047641,-0.011004784689,-0.0640356736404,-0.0032700411111,-0.011004784689,-0.202717854144,-0.0612048021559,-0.0196172248804,0.0408116012549,0.00857821513672,0.0909090909091,0.0413223140496,0.0408116012549,0.0909090909091,-0.032380952381,-0.0470588235294,-2,-0.0121212121212,-0.0255555555556,0,0,0,19,0,1,90,0.95,1,0,0.05,1,0.95,0.974358974359,0.969309258988,0.95,0.95,3,4,0,0,0,0
3454,WLNM_dir_neg,0.96875,0.69375,00:00:00,10,80,34,1178364383,threshold_sweep,0.7,1,0.5,0.666666666667,2,0,2,8,0.5,1,0,0.5,1,0.5,0.666666666667,0.833333333333,0.611111111111,0.571428571429,0.632455532034,0.5,20,16,4,0,20,0,16,0,4,11,20,0.181818181818,3.04338842975,3.63636363636,2,2.5,1.68954001271,0.464623503495,0.245454545455,1.16774841624,0.642261628933,0.336363636364,1.94000937205,1.06700515463,0.536363636364,1.05689877454,0.347276990411,3.54545454545,3.04338842975,1.05689877454,3.54545454545,0.499047619048,0.4,8,0.0484848484848,0.255555555556,11,11,11,1,0,0.0909090909091,0.636363636364,0.272727272727,11,0.145454545455,3.22272727273,2.90909090909,1.6,2,1.44599761096,0.497061678768,0.255681818182,0.820199532265,0.563887178432,0.284090909091,1.50755672289,1.03644524699,0.511363636364,1.23558966416,0.383398767441,4.4,3.22272727273,1.23558966416,4.4,0.155555555556,0.0833333333333,1,0.00606060606061,0.216666666667,11,11,11,1,0,0.0909090909091,0.636363636364,0.272727272727,11,18,0.163636363636,3.13016528926,3.27272727273,1.8,2.25,1.67874411933,0.512949592017,0.277777777778,1.12006493318,0.684484125834,0.343434343434,1.68954001271,1.03249667443,0.525252525253,1.08130674069,0.345447169964,3.63636363636,3.13016528926,1.08130674069,3.63636363636,0.437037037037,0.3125,5,0.030303030303,0.241111111111,11,11,11,1,0,0.0909090909091,0.636363636364,0.272727272727,-2,-0.0181818181818,0.0867768595041,-0.363636363636,-0.2,-0.25,-0.0107958933802,0.0483260885222,0.0323232323232,-0.0476834830596,0.0422224969006,0.00707070707071,-0.250469359339,-0.0345084801933,-0.0111111111111,0.024407966156,-0.00182982044736,0.0909090909091,0.0867768595041,0.024407966156,0.0909090909091,-0.0620105820106,-0.0875,-3,-0.0181818181818,-0.0144444444444,0,0,0,18,0,2,90,0.9,1,0,0.1,1,0.9,0.947368421053,0.938314863257,0.9,0.9,2,4,0,0,0,0
3455,WLNM_dir_neg,0.96875,0.69375,00:00:00,10,80,34,1178364383,threshold_sweep,0.8,1,0.5,0.666666666667,2,0,2,8,0.5,1,0,0.5,1,0.5,0.666666666667,0.833333333333,0.611111111111,0.571428571429,0.632455532034,0.5,20,16,4,0,20,0,16,0,4,11,20,0.181818181818,3.04338842975,3.63636363636,2,2.5,1.68954001271,0.464623503495,0.245454545455,1.16774841624,0.642261628933,0.336363636364,1.94000937205,1.06700515463,0.536363636364,1.05689877454,0.347276990411,3.54545454545,3.04338842975,1.05689877454,3.54545454545,0.499047619048,0.4,8,0.0484848484848,0.255555555556,11,11,11,1,0,0.0909090909091,0.636363636364,0.272727272727,11,0.145454545455,3.22272727273,2.90909090909,1.6,2,1.44599761096,0.497061678768,0.255681818182,0.820199532265,0.563887178432,0.284090909091,1.50755672289,1.03644524699,0.511363636364,1.23558966416,0.383398767441,4.4,3.22272727273,1.23558966416,4.4,0.155555555556,0.0833333333333,1,0.00606060606061,0.216666666667,11,11,11,1,0,0.0909090909091,0.636363636364,0.272727272727,11,18,0.163636363636,3.13016528926,3.27272727273,1.8,2.25,1.67874411933,0.512949592017,0.277777777778,1.12006493318,0.684484125834,0.343434343434,1.68954001271,1.03249667443,0.525252525253,1.08130674069,0.345447169964,3.63636363636,3.13016528926,1.08130674069,3.63636363636,0.437037037037,0.3125,5,0.030303030303,0.241111111111,11,11,11,1,0,0.0909090909091,0.636363636364,0.272727272727,-2,-0.0181818181818,0.0867768595041,-0.363636363636,-0.2,-0.25,-0.0107958933802,0.0483260885222,0.0323232323232,-0.0476834830596,0.0422224969006,0.00707070707071,-0.250469359339,-0.0345084801933,-0.0111111111111,0.024407966156,-0.00182982044736,0.0909090909091,0.0867768595041,0.024407966156,0.0909090909091,-0.0620105820106,-0.0875,-3,-0.0181818181818,-0.0144444444444,0,0,0,18,0,2,90,0.9,1,0,0.1,1,0.9,0.947368421053,0.938314863257,0.9,0.9,2,4,0,0,0,0
3456,WLNM_dir_neg,0.96875,0.69375,00:00:00,10,80,34,1178364383,threshold_sweep,0.9,1,0.5,0.666666666667,2,0,2,8,0.5,1,0,0.5,1,0.5,0.666666666667,0.833333333333,0.611111111111,0.571428571429,0.632455532034,0.5,20,16,4,0,20,0,16,0,4,11,20,0.181818181818,3.04338842975,3.63636363636,2,2.5,1.68954001271,0.464623503495,0.245454545455,1.16774841624,0.642261628933,0.336363636364,1.94000937205,1.06700515463,0.536363636364,1.05689877454,0.347276990411,3.54545454545,3.04338842975,1.05689877454,3.54545454545,0.499047619048,0.4,8,0.0484848484848,0.255555555556,11,11,11,1,0,0.0909090909091,0.636363636364,0.272727272727,11,0.145454545455,3.22272727273,2.90909090909,1.6,2,1.44599761096,0.497061678768,0.255681818182,0.820199532265,0.563887178432,0.284090909091,1.50755672289,1.03644524699,0.511363636364,1.23558966416,0.383398767441,4.4,3.22272727273,1.23558966416,4.4,0.155555555556,0.0833333333333,1,0.00606060606061,0.216666666667,11,11,11,1,0,0.0909090909091,0.636363636364,0.272727272727,11,18,0.163636363636,3.13016528926,3.27272727273,1.8,2.25,1.67874411933,0.512949592017,0.277777777778,1.12006493318,0.684484125834,0.343434343434,1.68954001271,1.03249667443,0.525252525253,1.08130674069,0.345447169964,3.63636363636,3.13016528926,1.08130674069,3.63636363636,0.437037037037,0.3125,5,0.030303030303,0.241111111111,11,11,11,1,0,0.0909090909091,0.636363636364,0.272727272727,-2,-0.0181818181818,0.0867768595041,-0.363636363636,-0.2,-0.25,-0.0107958933802,0.0483260885222,0.0323232323232,-0.0476834830596,0.0422224969006,0.00707070707071,-0.250469359339,-0.0345084801933,-0.0111111111111,0.024407966156,-0.00182982044736,0.0909090909091,0.0867768595041,0.024407966156,0.0909090909091,-0.0620105820106,-0.0875,-3,-0.0181818181818,-0.0144444444444,0,0,0,18,0,2,90,0.9,1,0,0.1,1,0.9,0.947368421053,0.938314863257,0.9,0.9,2,4,0,0,0,0
3457,WLNM_dir_neg,0.84375,0.456845238095,00:00:00,10,80,35,1178364384,threshold_sweep,0.1,0.75,0.75,0.75,3,1,1,7,0.75,0.875,0.125,0.25,0.75,0.75,0.75,0.833333333333,0.555555555556,0.625,0.625,0.625,20,16,4,0,20,0,16,0,4,11,20,0.181818181818,3.04338842975,3.63636363636,2,2.5,1.68954001271,0.464623503495,0.245454545455,1.16774841624,0.642261628933,0.336363636364,1.94000937205,1.06700515463,0.536363636364,1.05689877454,0.347276990411,3.54545454545,3.04338842975,1.05689877454,3.54545454545,0.499047619048,0.4,8,0.0484848484848,0.255555555556,11,11,11,1,0,0.0909090909091,0.636363636364,0.272727272727,11,0.145454545455,3.25,2.90909090909,1.6,2,1.22102788294,0.41972833476,0.181818181818,0.687551650952,0.47269176003,0.227272727273,1.50755672289,1.03644524699,0.511363636364,1.3758835545,0.423348786001,4.66666666667,3.25,1.3758835545,4.66666666667,0.213333333333,0.176470588235,2,0.0121212121212,0.192592592593,11,11,11,1,0,0.0909090909091,0.636363636364,0.272727272727,11,20,0.181818181818,NaN,3.63636363636,1.81818181818,2.5,1.85864075457,0.511126207507,0.254545454545,0.981649817214,0.539907399468,0.263636363636,2.08893187147,1.14891252931,0.545454545455,NaN,NaN,NaN,NaN,NaN,NaN,0.519047619048,0.388888888889,7,0.0424242424242,0.275151515152,11,11,0,1,2,0,0.727272727273,0.272727272727,0,0,NaN,0,-0.181818181818,0,0.16910074186,0.0465027040115,0.00909090909091,-0.186098599028,-0.102354229466,-0.0727272727273,0.14892249942,0.0819073746809,0.00909090909091,NaN,NaN,NaN,NaN,NaN,NaN,0.02,-0.0111111111111,-1,-0.00606060606061,0.019595959596,-0.0909090909091,0.0909090909091,0,19,1,1,89,0.95,0.988888888889,0.0111111111111,0.05,0.95,0.95,0.95,0.938888888889,0.938888888889,0.904761904762,4,4,0,0,0,0
3458,WLNM_dir_neg,0.84375,0.456845238095,00:00:00,10,80,35,1178364384,threshold_sweep,0.2,0.75,0.75,0.75,3,1,1,7,0.75,0.875,0.125,0.25,0.75,0.75,0.75,0.833333333333,0.555555555556,0.625,0.625,0.625,20,16,4,0,20,0,16,0,4,11,20,0.181818181818,3.04338842975,3.63636363636,2,2.5,1.68954001271,0.464623503495,0.245454545455,1.16774841624,0.642261628933,0.336363636364,1.94000937205,1.06700515463,0.536363636364,1.05689877454,0.347276990411,3.54545454545,3.04338842975,1.05689877454,3.54545454545,0.499047619048,0.4,8,0.0484848484848,0.255555555556,11,11,11,1,0,0.0909090909091,0.636363636364,0.272727272727,11,0.145454545455,3.25,2.90909090909,1.6,2,1.22102788294,0.41972833476,0.181818181818,0.687551650952,0.47269176003,0.227272727273,1.50755672289,1.03644524699,0.511363636364,1.3758835545,0.423348786001,4.66666666667,3.25,1.3758835545,4.66666666667,0.213333333333,0.176470588235,2,0.0121212121212,0.192592592593,11,11,11,1,0,0.0909090909091,0.636363636364,0.272727272727,11,20,0.181818181818,NaN,3.63636363636,1.81818181818,2.5,1.85864075457,0.511126207507,0.254545454545,0.981649817214,0.539907399468,0.263636363636,2.08893187147,1.14891252931,0.545454545455,NaN,NaN,NaN,NaN,NaN,NaN,0.519047619048,0.388888888889,7,0.0424242424242,0.275151515152,11,11,0,1,2,0,0.727272727273,0.272727272727,0,0,NaN,0,-0.181818181818,0,0.16910074186,0.0465027040115,0.00909090909091,-0.186098599028,-0.102354229466,-0.0727272727273,0.14892249942,0.0819073746809,0.00909090909091,NaN,NaN,NaN,NaN,NaN,NaN,0.02,-0.0111111111111,-1,-0.00606060606061,0.019595959596,-0.0909090909091,0.0909090909091,0,19,1,1,89,0.95,0.988888888889,0.0111111111111,0.05,0.95,0.95,0.95,0.938888888889,0.938888888889,0.904761904762,4,4,0,0,0,0
3459,WLNM_dir_neg,0.84375,0.456845238095,00:00:00,10,80,35,1178364384,threshold_sweep,0.3,0.75,0.75,0.75,3,1,1,7,0.75,0.875,0.125,0.25,0.75,0.75,0.75,0.833333333333,0.555555555556,0.625,0.625,0.625,20,16,4,0,20,0,16,0,4,11,20,0.181818181818,3.04338842975,3.63636363636,2,2.5,1.68954001271,0.464623503495,0.245454545455,1.16774841624,0.642261628933,0.336363636364,1.94000937205,1.06700515463,0.536363636364,1.05689877454,0.347276990411,3.54545454545,3.04338842975,1.05689877454,3.54545454545,0.499047619048,0.4,8,0.0484848484848,0.255555555556,11,11,11,1,0,0.0909090909091,0.636363636364,0.272727272727,11,0.145454545455,3.25,2.90909090909,1.6,2,1.22102788294,0.41972833476,0.181818181818,0.687551650952,0.47269176003,0.227272727273,1.50755672289,1.03644524699,0.511363636364,1.3758835545,0.423348786001,4.66666666667,3.25,1.3758835545,4.66666666667,0.213333333333,0.176470588235,2,0.0121212121212,0.192592592593,11,11,11,1,0,0.0909090909091,0.636363636364,0.272727272727,11,20,0.181818181818,NaN,3.63636363636,1.81818181818,2.5,1.85864075457,0.511126207507,0.254545454545,0.981649817214,0.539907399468,0.263636363636,2.08893187147,1.14891252931,0.545454545455,NaN,NaN,NaN,NaN,NaN,NaN,0.519047619048,0.388888888889,7,0.0424242424242,0.275151515152,11,11,0,1,2,0,0.727272727273,0.272727272727,0,0,NaN,0,-0.181818181818,0,0.16910074186,0.0465027040115,0.00909090909091,-0.186098599028,-0.102354229466,-0.0727272727273,0.14892249942,0.0819073746809,0.00909090909091,NaN,NaN,NaN,NaN,NaN,NaN,0.02,-0.0111111111111,-1,-0.00606060606061,0.019595959596,-0.0909090909091,0.0909090909091,0,19,1,1,89,0.95,0.988888888889,0.0111111111111,0.05,0.95,0.95,0.95,0.938888888889,0.938888888889,0.904761904762,4,4,0,0,0,0
3460,WLNM_dir_neg,0.84375,0.456845238095,00:00:00,10,80,35,1178364384,threshold_sweep,0.4,0.75,0.75,0.75,3,1,1,7,0.75,0.875,0.125,0.25,0.75,0.75,0.75,0.833333333333,0.555555555556,0.625,0.625,0.625,20,16,4,0,20,0,16,0,4,11,20,0.181818181818,3.04338842975,3.63636363636,2,2.5,1.68954001271,0.464623503495,0.245454545455,1.16774841624,0.642261628933,0.336363636364,1.94000937205,1.06700515463,0.536363636364,1.05689877454,0.347276990411,3.54545454545,3.04338842975,1.05689877454,3.54545454545,0.499047619048,0.4,8,0.0484848484848,0.255555555556,11,11,11,1,0,0.0909090909091,0.636363636364,0.272727272727,11,0.145454545455,3.25,2.90909090909,1.6,2,1.22102788294,0.41972833476,0.181818181818,0.687551650952,0.47269176003,0.227272727273,1.50755672289,1.03644524699,0.511363636364,1.3758835545,0.423348786001,4.66666666667,3.25,1.3758835545,4.66666666667,0.213333333333,0.176470588235,2,0.0121212121212,0.192592592593,11,11,11,1,0,0.0909090909091,0.636363636364,0.272727272727,11,20,0.181818181818,NaN,3.63636363636,1.81818181818,2.5,1.85864075457,0.511126207507,0.254545454545,0.981649817214,0.539907399468,0.263636363636,2.08893187147,1.14891252931,0.545454545455,NaN,NaN,NaN,NaN,NaN,NaN,0.519047619048,0.388888888889,7,0.0424242424242,0.275151515152,11,11,0,1,2,0,0.727272727273,0.272727272727,0,0,NaN,0,-0.181818181818,0,0.16910074186,0.0465027040115,0.00909090909091,-0.186098599028,-0.102354229466,-0.0727272727273,0.14892249942,0.0819073746809,0.00909090909091,NaN,NaN,NaN,NaN,NaN,NaN,0.02,-0.0111111111111,-1,-0.00606060606061,0.019595959596,-0.0909090909091,0.0909090909091,0,19,1,1,89,0.95,0.988888888889,0.0111111111111,0.05,0.95,0.95,0.95,0.938888888889,0.938888888889,0.904761904762,4,4,0,0,0,0
3461,WLNM_dir_neg,0.84375,0.456845238095,00:00:00,10,80,35,1178364384,threshold_sweep,0.5,0.75,0.75,0.75,3,1,1,7,0.75,0.875,0.125,0.25,0.75,0.75,0.75,0.833333333333,0.555555555556,0.625,0.625,0.625,20,16,4,0,20,0,16,0,4,11,20,0.181818181818,3.04338842975,3.63636363636,2,2.5,1.68954001271,0.464623503495,0.245454545455,1.16774841624,0.642261628933,0.336363636364,1.94000937205,1.06700515463,0.536363636364,1.05689877454,0.347276990411,3.54545454545,3.04338842975,1.05689877454,3.54545454545,0.499047619048,0.4,8,0.0484848484848,0.255555555556,11,11,11,1,0,0.0909090909091,0.636363636364,0.272727272727,11,0.145454545455,3.25,2.90909090909,1.6,2,1.22102788294,0.41972833476,0.181818181818,0.687551650952,0.47269176003,0.227272727273,1.50755672289,1.03644524699,0.511363636364,1.3758835545,0.423348786001,4.66666666667,3.25,1.3758835545,4.66666666667,0.213333333333,0.176470588235,2,0.0121212121212,0.192592592593,11,11,11,1,0,0.0909090909091,0.636363636364,0.272727272727,11,20,0.181818181818,NaN,3.63636363636,1.81818181818,2.5,1.85864075457,0.511126207507,0.254545454545,0.981649817214,0.539907399468,0.263636363636,2.08893187147,1.14891252931,0.545454545455,NaN,NaN,NaN,NaN,NaN,NaN,0.519047619048,0.388888888889,7,0.0424242424242,0.275151515152,11,11,0,1,2,0,0.727272727273,0.272727272727,0,0,NaN,0,-0.181818181818,0,0.16910074186,0.0465027040115,0.00909090909091,-0.186098599028,-0.102354229466,-0.0727272727273,0.14892249942,0.0819073746809,0.00909090909091,NaN,NaN,NaN,NaN,NaN,NaN,0.02,-0.0111111111111,-1,-0.00606060606061,0.019595959596,-0.0909090909091,0.0909090909091,0,19,1,1,89,0.95,0.988888888889,0.0111111111111,0.05,0.95,0.95,0.95,0.938888888889,0.938888888889,0.904761904762,4,4,0,0,0,0
3462,WLNM_dir_neg,0.84375,0.456845238095,00:00:00,10,80,35,1178364384,threshold_sweep,0.6,0.75,0.75,0.75,3,1,1,7,0.75,0.875,0.125,0.25,0.75,0.75,0.75,0.833333333333,0.555555555556,0.625,0.625,0.625,20,16,4,0,20,0,16,0,4,11,20,0.181818181818,3.04338842975,3.63636363636,2,2.5,1.68954001271,0.464623503495,0.245454545455,1.16774841624,0.642261628933,0.336363636364,1.94000937205,1.06700515463,0.536363636364,1.05689877454,0.347276990411,3.54545454545,3.04338842975,1.05689877454,3.54545454545,0.499047619048,0.4,8,0.0484848484848,0.255555555556,11,11,11,1,0,0.0909090909091,0.636363636364,0.272727272727,11,0.145454545455,3.25,2.90909090909,1.6,2,1.22102788294,0.41972833476,0.181818181818,0.687551650952,0.47269176003,0.227272727273,1.50755672289,1.03644524699,0.511363636364,1.3758835545,0.423348786001,4.66666666667,3.25,1.3758835545,4.66666666667,0.213333333333,0.176470588235,2,0.0121212121212,0.192592592593,11,11,11,1,0,0.0909090909091,0.636363636364,0.272727272727,11,20,0.181818181818,NaN,3.63636363636,1.81818181818,2.5,1.85864075457,0.511126207507,0.254545454545,0.981649817214,0.539907399468,0.263636363636,2.08893187147,1.14891252931,0.545454545455,NaN,NaN,NaN,NaN,NaN,NaN,0.519047619048,0.388888888889,7,0.0424242424242,0.275151515152,11,11,0,1,2,0,0.727272727273,0.272727272727,0,0,NaN,0,-0.181818181818,0,0.16910074186,0.0465027040115,0.00909090909091,-0.186098599028,-0.102354229466,-0.0727272727273,0.14892249942,0.0819073746809,0.00909090909091,NaN,NaN,NaN,NaN,NaN,NaN,0.02,-0.0111111111111,-1,-0.00606060606061,0.019595959596,-0.0909090909091,0.0909090909091,0,19,1,1,89,0.95,0.988888888889,0.0111111111111,0.05,0.95,0.95,0.95,0.938888888889,0.938888888889,0.904761904762,4,4,0,0,0,0
3463,WLNM_dir_neg,0.84375,0.456845238095,00:00:00,10,80,35,1178364384,threshold_sweep,0.7,0.5,0.25,0.333333333333,1,1,3,7,0.25,0.875,0.125,0.75,0.5,0.25,0.333333333333,0.666666666667,0.611111111111,0.142857142857,0.158113883008,0.125,20,16,4,0,20,0,16,0,4,11,20,0.181818181818,3.04338842975,3.63636363636,2,2.5,1.68954001271,0.464623503495,0.245454545455,1.16774841624,0.642261628933,0.336363636364,1.94000937205,1.06700515463,0.536363636364,1.05689877454,0.347276990411,3.54545454545,3.04338842975,1.05689877454,3.54545454545,0.499047619048,0.4,8,0.0484848484848,0.255555555556,11,11,11,1,0,0.0909090909091,0.636363636364,0.272727272727,11,0.145454545455,3.25,2.90909090909,1.6,2,1.22102788294,0.41972833476,0.181818181818,0.687551650952,0.47269176003,0.227272727273,1.50755672289,1.03644524699,0.511363636364,1.3758835545,0.423348786001,4.66666666667,3.25,1.3758835545,4.66666666667,0.213333333333,0.176470588235,2,0.0121212121212,0.192592592593,11,11,11,1,0,0.0909090909091,0.636363636364,0.272727272727,11,18,0.163636363636,NaN,3.27272727273,1.63636363636,2.25,1.55505042304,0.475154295927,0.232323232323,0.674199862463,0.412011027061,0.20202020202,1.80403587951,1.10246637081,0.535353535354,NaN,NaN,NaN,NaN,NaN,NaN,0.446666666667,0.307692307692,4,0.0242424242424,0.239393939394,11,11,0,1,2,0,0.727272727273,0.272727272727,-2,-0.0181818181818,NaN,-0.363636363636,-0.363636363636,-0.25,-0.134489589674,0.0105307924324,-0.0131313131313,-0.493548553779,-0.230250601872,-0.134343434343,-0.135973492542,0.0354612161826,-0.0010101010101,NaN,NaN,NaN,NaN,NaN,NaN,-0.052380952381,-0.0923076923077,-4,-0.0242424242424,-0.0161616161616,-0.0909090909091,0.0909090909091,0,17,1,3,89,0.85,0.988888888889,0.0111111111111,0.15,0.944444444444,0.85,0.894736842105,0.874602125628,0.838888888889,0.809523809524,2,4,0,0,0,0
3464,WLNM_dir_neg,0.84375,0.456845238095,00:00:00,10,80,35,1178364384,threshold_sweep,0.8,0.5,0.25,0.333333333333,1,1,3,7,0.25,0.875,0.125,0.75,0.5,0.25,0.333333333333,0.666666666667,0.611111111111,0.142857142857,0.158113883008,0.125,20,16,4,0,20,0,16,0,4,11,20,0.181818181818,3.04338842975,3.63636363636,2,2.5,1.68954001271,0.464623503495,0.245454545455,1.16774841624,0.642261628933,0.336363636364,1.94000937205,1.06700515463,0.536363636364,1.05689877454,0.347276990411,3.54545454545,3.04338842975,1.05689877454,3.54545454545,0.499047619048,0.4,8,0.0484848484848,0.255555555556,11,11,11,1,0,0.0909090909091,0.636363636364,0.272727272727,11,0.145454545455,3.25,2.90909090909,1.6,2,1.22102788294,0.41972833476,0.181818181818,0.687551650952,0.47269176003,0.227272727273,1.50755672289,1.03644524699,0.511363636364,1.3758835545,0.423348786001,4.66666666667,3.25,1.3758835545,4.66666666667,0.213333333333,0.176470588235,2,0.0121212121212,0.192592592593,11,11,11,1,0,0.0909090909091,0.636363636364,0.272727272727,11,18,0.163636363636,NaN,3.27272727273,1.63636363636,2.25,1.55505042304,0.475154295927,0.232323232323,0.674199862463,0.412011027061,0.20202020202,1.80403587951,1.10246637081,0.535353535354,NaN,NaN,NaN,NaN,NaN,NaN,0.446666666667,0.307692307692,4,0.0242424242424,0.239393939394,11,11,0,1,2,0,0.727272727273,0.272727272727,-2,-0.0181818181818,NaN,-0.363636363636,-0.363636363636,-0.25,-0.134489589674,0.0105307924324,-0.0131313131313,-0.493548553779,-0.230250601872,-0.134343434343,-0.135973492542,0.0354612161826,-0.0010101010101,NaN,NaN,NaN,NaN,NaN,NaN,-0.052380952381,-0.0923076923077,-4,-0.0242424242424,-0.0161616161616,-0.0909090909091,0.0909090909091,0,17,1,3,89,0.85,0.988888888889,0.0111111111111,0.15,0.944444444444,0.85,0.894736842105,0.874602125628,0.838888888889,0.809523809524,2,4,0,0,0,0
3465,WLNM_dir_neg,0.84375,0.456845238095,00:00:00,10,80,35,1178364384,threshold_sweep,0.9,0.5,0.25,0.333333333333,1,1,3,7,0.25,0.875,0.125,0.75,0.5,0.25,0.333333333333,0.666666666667,0.611111111111,0.142857142857,0.158113883008,0.125,20,16,4,0,20,0,16,0,4,11,20,0.181818181818,3.04338842975,3.63636363636,2,2.5,1.68954001271,0.464623503495,0.245454545455,1.16774841624,0.642261628933,0.336363636364,1.94000937205,1.06700515463,0.536363636364,1.05689877454,0.347276990411,3.54545454545,3.04338842975,1.05689877454,3.54545454545,0.499047619048,0.4,8,0.0484848484848,0.255555555556,11,11,11,1,0,0.0909090909091,0.636363636364,0.272727272727,11,0.145454545455,3.25,2.90909090909,1.6,2,1.22102788294,0.41972833476,0.181818181818,0.687551650952,0.47269176003,0.227272727273,1.50755672289,1.03644524699,0.511363636364,1.3758835545,0.423348786001,4.66666666667,3.25,1.3758835545,4.66666666667,0.213333333333,0.176470588235,2,0.0121212121212,0.192592592593,11,11,11,1,0,0.0909090909091,0.636363636364,0.272727272727,11,18,0.163636363636,NaN,3.27272727273,1.63636363636,2.25,1.55505042304,0.475154295927,0.232323232323,0.674199862463,0.412011027061,0.20202020202,1.80403587951,1.10246637081,0.535353535354,NaN,NaN,NaN,NaN,NaN,NaN,0.446666666667,0.307692307692,4,0.0242424242424,0.239393939394,11,11,0,1,2,0,0.727272727273,0.272727272727,-2,-0.0181818181818,NaN,-0.363636363636,-0.363636363636,-0.25,-0.134489589674,0.0105307924324,-0.0131313131313,-0.493548553779,-0.230250601872,-0.134343434343,-0.135973492542,0.0354612161826,-0.0010101010101,NaN,NaN,NaN,NaN,NaN,NaN,-0.052380952381,-0.0923076923077,-4,-0.0242424242424,-0.0161616161616,-0.0909090909091,0.0909090909091,0,17,1,3,89,0.85,0.988888888889,0.0111111111111,0.15,0.944444444444,0.85,0.894736842105,0.874602125628,0.838888888889,0.809523809524,2,4,0,0,0,0
3466,WLNM_dir_neg,0.90625,0.516666666667,00:00:00,10,80,36,1178364385,threshold_sweep,0.1,0.666666666667,0.5,0.571428571429,2,1,2,7,0.5,0.875,0.125,0.5,0.666666666667,0.5,0.571428571429,0.75,0.583333333333,0.4,0.408248290464,0.375,20,16,4,0,20,0,16,0,4,11,20,0.181818181818,3.04338842975,3.63636363636,2,2.5,1.68954001271,0.464623503495,0.245454545455,1.16774841624,0.642261628933,0.336363636364,1.94000937205,1.06700515463,0.536363636364,1.05689877454,0.347276990411,3.54545454545,3.04338842975,1.05689877454,3.54545454545,0.499047619048,0.4,8,0.0484848484848,0.255555555556,11,11,11,1,0,0.0909090909091,0.636363636364,0.272727272727,11,0.145454545455,3.20454545455,2.90909090909,1.6,2,1.44599761096,0.497061678768,0.255681818182,0.820199532265,0.563887178432,0.284090909091,1.50755672289,1.03644524699,0.511363636364,1.19800971312,0.373847002675,4,3.20454545455,1.19800971312,4,0.266666666667,0.166666666667,2,0.0121212121212,0.216666666667,11,11,11,1,0,0.0909090909091,0.636363636364,0.272727272727,11,19,0.172727272727,3.18457300275,3.45454545455,1.9,2.375,1.69491217257,0.490632471007,0.263157894737,1.19087439228,0.689453595529,0.354066985646,1.67874411933,0.971904490138,0.507177033493,1.12959231417,0.354707621144,3.63636363636,3.18457300275,1.12959231417,3.63636363636,0.466666666667,0.339622641509,6,0.0363636363636,0.242592592593,11,11,11,1,0,0.0909090909091,0.636363636364,0.272727272727,-1,-0.00909090909091,0.141184573003,-0.181818181818,-0.1,-0.125,0.00537215986117,0.0260089675122,0.0177033492823,0.023125976035,0.0471919665957,0.0177033492823,-0.26126525272,-0.0951006644889,-0.0291866028708,0.0726935396308,0.00743063073303,0.0909090909091,0.141184573003,0.0726935396308,0.0909090909091,-0.032380952381,-0.0603773584906,-2,-0.0121212121212,-0.012962962963,0,0,0,18,1,2,89,0.9,0.988888888889,0.0111111111111,0.1,0.947368421053,0.9,0.923076923077,0.906956031802,0.888888888889,0.857142857143,3,4,0,0,0,0
3467,WLNM_dir_neg,0.90625,0.516666666667,00:00:00,10,80,36,1178364385,threshold_sweep,0.2,0.666666666667,0.5,0.571428571429,2,1,2,7,0.5,0.875,0.125,0.5,0.666666666667,0.5,0.571428571429,0.75,0.583333333333,0.4,0.408248290464,0.375,20,16,4,0,20,0,16,0,4,11,20,0.181818181818,3.04338842975,3.63636363636,2,2.5,1.68954001271,0.464623503495,0.245454545455,1.16774841624,0.642261628933,0.336363636364,1.94000937205,1.06700515463,0.536363636364,1.05689877454,0.347276990411,3.54545454545,3.04338842975,1.05689877454,3.54545454545,0.499047619048,0.4,8,0.0484848484848,0.255555555556,11,11,11,1,0,0.0909090909091,0.636363636364,0.272727272727,11,0.145454545455,3.20454545455,2.90909090909,1.6,2,1.44599761096,0.497061678768,0.255681818182,0.820199532265,0.563887178432,0.284090909091,1.50755672289,1.03644524699,0.511363636364,1.19800971312,0.373847002675,4,3.20454545455,1.19800971312,4,0.266666666667,0.166666666667,2,0.0121212121212,0.216666666667,11,11,11,1,0,0.0909090909091,0.636363636364,0.272727272727,11,19,0.172727272727,3.18457300275,3.45454545455,1.9,2.375,1.69491217257,0.490632471007,0.263157894737,1.19087439228,0.689453595529,0.354066985646,1.67874411933,0.971904490138,0.507177033493,1.12959231417,0.354707621144,3.63636363636,3.18457300275,1.12959231417,3.63636363636,0.466666666667,0.339622641509,6,0.0363636363636,0.242592592593,11,11,11,1,0,0.0909090909091,0.636363636364,0.272727272727,-1,-0.00909090909091,0.141184573003,-0.181818181818,-0.1,-0.125,0.00537215986117,0.0260089675122,0.0177033492823,0.023125976035,0.0471919665957,0.0177033492823,-0.26126525272,-0.0951006644889,-0.0291866028708,0.0726935396308,0.00743063073303,0.0909090909091,0.141184573003,0.0726935396308,0.0909090909091,-0.032380952381,-0.0603773584906,-2,-0.0121212121212,-0.012962962963,0,0,0,18,1,2,89,0.9,0.988888888889,0.0111111111111,0.1,0.947368421053,0.9,0.923076923077,0.906956031802,0.888888888889,0.857142857143,3,4,0,0,0,0
3468,WLNM_dir_neg,0.90625,0.516666666667,00:00:00,10,80,36,1178364385,threshold_sweep,0.3,0.666666666667,0.5,0.571428571429,2,1,2,7,0.5,0.875,0.125,0.5,0.666666666667,0.5,0.571428571429,0.75,0.583333333333,0.4,0.408248290464,0.375,20,16,4,0,20,0,16,0,4,11,20,0.181818181818,3.04338842975,3.63636363636,2,2.5,1.68954001271,0.464623503495,0.245454545455,1.16774841624,0.642261628933,0.336363636364,1.94000937205,1.06700515463,0.536363636364,1.05689877454,0.347276990411,3.54545454545,3.04338842975,1.05689877454,3.54545454545,0.499047619048,0.4,8,0.0484848484848,0.255555555556,11,11,11,1,0,0.0909090909091,0.636363636364,0.272727272727,11,0.145454545455,3.20454545455,2.90909090909,1.6,2,1.44599761096,0.497061678768,0.255681818182,0.820199532265,0.563887178432,0.284090909091,1.50755672289,1.03644524699,0.511363636364,1.19800971312,0.373847002675,4,3.20454545455,1.19800971312,4,0.266666666667,0.166666666667,2,0.0121212121212,0.216666666667,11,11,11,1,0,0.0909090909091,0.636363636364,0.272727272727,11,19,0.172727272727,3.18457300275,3.45454545455,1.9,2.375,1.69491217257,0.490632471007,0.263157894737,1.19087439228,0.689453595529,0.354066985646,1.67874411933,0.971904490138,0.507177033493,1.12959231417,0.354707621144,3.63636363636,3.18457300275,1.12959231417,3.63636363636,0.466666666667,0.339622641509,6,0.0363636363636,0.242592592593,11,11,11,1,0,0.0909090909091,0.636363636364,0.272727272727,-1,-0.00909090909091,0.141184573003,-0.181818181818,-0.1,-0.125,0.00537215986117,0.0260089675122,0.0177033492823,0.023125976035,0.0471919665957,0.0177033492823,-0.26126525272,-0.0951006644889,-0.0291866028708,0.0726935396308,0.00743063073303,0.0909090909091,0.141184573003,0.0726935396308,0.0909090909091,-0.032380952381,-0.0603773584906,-2,-0.0121212121212,-0.012962962963,0,0,0,18,1,2,89,0.9,0.988888888889,0.0111111111111,0.1,0.947368421053,0.9,0.923076923077,0.906956031802,0.888888888889,0.857142857143,3,4,0,0,0,0
3469,WLNM_dir_neg,0.90625,0.516666666667,00:00:00,10,80,36,1178364385,threshold_sweep,0.4,0.666666666667,0.5,0.571428571429,2,1,2,7,0.5,0.875,0.125,0.5,0.666666666667,0.5,0.571428571429,0.75,0.583333333333,0.4,0.408248290464,0.375,20,16,4,0,20,0,16,0,4,11,20,0.181818181818,3.04338842975,3.63636363636,2,2.5,1.68954001271,0.464623503495,0.245454545455,1.16774841624,0.642261628933,0.336363636364,1.94000937205,1.06700515463,0.536363636364,1.05689877454,0.347276990411,3.54545454545,3.04338842975,1.05689877454,3.54545454545,0.499047619048,0.4,8,0.0484848484848,0.255555555556,11,11,11,1,0,0.0909090909091,0.636363636364,0.272727272727,11,0.145454545455,3.20454545455,2.90909090909,1.6,2,1.44599761096,0.497061678768,0.255681818182,0.820199532265,0.563887178432,0.284090909091,1.50755672289,1.03644524699,0.511363636364,1.19800971312,0.373847002675,4,3.20454545455,1.19800971312,4,0.266666666667,0.166666666667,2,0.0121212121212,0.216666666667,11,11,11,1,0,0.0909090909091,0.636363636364,0.272727272727,11,19,0.172727272727,3.18457300275,3.45454545455,1.9,2.375,1.69491217257,0.490632471007,0.263157894737,1.19087439228,0.689453595529,0.354066985646,1.67874411933,0.971904490138,0.507177033493,1.12959231417,0.354707621144,3.63636363636,3.18457300275,1.12959231417,3.63636363636,0.466666666667,0.339622641509,6,0.0363636363636,0.242592592593,11,11,11,1,0,0.0909090909091,0.636363636364,0.272727272727,-1,-0.00909090909091,0.141184573003,-0.181818181818,-0.1,-0.125,0.00537215986117,0.0260089675122,0.0177033492823,0.023125976035,0.0471919665957,0.0177033492823,-0.26126525272,-0.0951006644889,-0.0291866028708,0.0726935396308,0.00743063073303,0.0909090909091,0.141184573003,0.0726935396308,0.0909090909091,-0.032380952381,-0.0603773584906,-2,-0.0121212121212,-0.012962962963,0,0,0,18,1,2,89,0.9,0.988888888889,0.0111111111111,0.1,0.947368421053,0.9,0.923076923077,0.906956031802,0.888888888889,0.857142857143,3,4,0,0,0,0
3470,WLNM_dir_neg,0.90625,0.516666666667,00:00:00,10,80,36,1178364385,threshold_sweep,0.5,0.666666666667,0.5,0.571428571429,2,1,2,7,0.5,0.875,0.125,0.5,0.666666666667,0.5,0.571428571429,0.75,0.583333333333,0.4,0.408248290464,0.375,20,16,4,0,20,0,16,0,4,11,20,0.181818181818,3.04338842975,3.63636363636,2,2.5,1.68954001271,0.464623503495,0.245454545455,1.16774841624,0.642261628933,0.336363636364,1.94000937205,1.06700515463,0.536363636364,1.05689877454,0.347276990411,3.54545454545,3.04338842975,1.05689877454,3.54545454545,0.499047619048,0.4,8,0.0484848484848,0.255555555556,11,11,11,1,0,0.0909090909091,0.636363636364,0.272727272727,11,0.145454545455,3.20454545455,2.90909090909,1.6,2,1.44599761096,0.497061678768,0.255681818182,0.820199532265,0.563887178432,0.284090909091,1.50755672289,1.03644524699,0.511363636364,1.19800971312,0.373847002675,4,3.20454545455,1.19800971312,4,0.266666666667,0.166666666667,2,0.0121212121212,0.216666666667,11,11,11,1,0,0.0909090909091,0.636363636364,0.272727272727,11,19,0.172727272727,3.18457300275,3.45454545455,1.9,2.375,1.69491217257,0.490632471007,0.263157894737,1.19087439228,0.689453595529,0.354066985646,1.67874411933,0.971904490138,0.507177033493,1.12959231417,0.354707621144,3.63636363636,3.18457300275,1.12959231417,3.63636363636,0.466666666667,0.339622641509,6,0.0363636363636,0.242592592593,11,11,11,1,0,0.0909090909091,0.636363636364,0.272727272727,-1,-0.00909090909091,0.141184573003,-0.181818181818,-0.1,-0.125,0.00537215986117,0.0260089675122,0.0177033492823,0.023125976035,0.0471919665957,0.0177033492823,-0.26126525272,-0.0951006644889,-0.0291866028708,0.0726935396308,0.00743063073303,0.0909090909091,0.141184573003,0.0726935396308,0.0909090909091,-0.032380952381,-0.0603773584906,-2,-0.0121212121212,-0.012962962963,0,0,0,18,1,2,89,0.9,0.988888888889,0.0111111111111,0.1,0.947368421053,0.9,0.923076923077,0.906956031802,0.888888888889,0.857142857143,3,4,0,0,0,0
3471,WLNM_dir_neg,0.90625,0.516666666667,00:00:00,10,80,36,1178364385,threshold_sweep,0.6,0.666666666667,0.5,0.571428571429,2,1,2,7,0.5,0.875,0.125,0.5,0.666666666667,0.5,0.571428571429,0.75,0.583333333333,0.4,0.408248290464,0.375,20,16,4,0,20,0,16,0,4,11,20,0.181818181818,3.04338842975,3.63636363636,2,2.5,1.68954001271,0.464623503495,0.245454545455,1.16774841624,0.642261628933,0.336363636364,1.94000937205,1.06700515463,0.536363636364,1.05689877454,0.347276990411,3.54545454545,3.04338842975,1.05689877454,3.54545454545,0.499047619048,0.4,8,0.0484848484848,0.255555555556,11,11,11,1,0,0.0909090909091,0.636363636364,0.272727272727,11,0.145454545455,3.20454545455,2.90909090909,1.6,2,1.44599761096,0.497061678768,0.255681818182,0.820199532265,0.563887178432,0.284090909091,1.50755672289,1.03644524699,0.511363636364,1.19800971312,0.373847002675,4,3.20454545455,1.19800971312,4,0.266666666667,0.166666666667,2,0.0121212121212,0.216666666667,11,11,11,1,0,0.0909090909091,0.636363636364,0.272727272727,11,19,0.172727272727,3.18457300275,3.45454545455,1.9,2.375,1.69491217257,0.490632471007,0.263157894737,1.19087439228,0.689453595529,0.354066985646,1.67874411933,0.971904490138,0.507177033493,1.12959231417,0.354707621144,3.63636363636,3.18457300275,1.12959231417,3.63636363636,0.466666666667,0.339622641509,6,0.0363636363636,0.242592592593,11,11,11,1,0,0.0909090909091,0.636363636364,0.272727272727,-1,-0.00909090909091,0.141184573003,-0.181818181818,-0.1,-0.125,0.00537215986117,0.0260089675122,0.0177033492823,0.023125976035,0.0471919665957,0.0177033492823,-0.26126525272,-0.0951006644889,-0.0291866028708,0.0726935396308,0.00743063073303,0.0909090909091,0.141184573003,0.0726935396308,0.0909090909091,-0.032380952381,-0.0603773584906,-2,-0.0121212121212,-0.012962962963,0,0,0,18,1,2,89,0.9,0.988888888889,0.0111111111111,0.1,0.947368421053,0.9,0.923076923077,0.906956031802,0.888888888889,0.857142857143,3,4,0,0,0,0
3472,WLNM_dir_neg,0.90625,0.516666666667,00:00:00,10,80,36,1178364385,threshold_sweep,0.7,0.666666666667,0.5,0.571428571429,2,1,2,7,0.5,0.875,0.125,0.5,0.666666666667,0.5,0.571428571429,0.75,0.583333333333,0.4,0.408248290464,0.375,20,16,4,0,20,0,16,0,4,11,20,0.181818181818,3.04338842975,3.63636363636,2,2.5,1.68954001271,0.464623503495,0.245454545455,1.16774841624,0.642261628933,0.336363636364,1.94000937205,1.06700515463,0.536363636364,1.05689877454,0.347276990411,3.54545454545,3.04338842975,1.05689877454,3.54545454545,0.499047619048,0.4,8,0.0484848484848,0.255555555556,11,11,11,1,0,0.0909090909091,0.636363636364,0.272727272727,11,0.145454545455,3.20454545455,2.90909090909,1.6,2,1.44599761096,0.497061678768,0.255681818182,0.820199532265,0.563887178432,0.284090909091,1.50755672289,1.03644524699,0.511363636364,1.19800971312,0.373847002675,4,3.20454545455,1.19800971312,4,0.266666666667,0.166666666667,2,0.0121212121212,0.216666666667,11,11,11,1,0,0.0909090909091,0.636363636364,0.272727272727,11,19,0.172727272727,3.18457300275,3.45454545455,1.9,2.375,1.69491217257,0.490632471007,0.263157894737,1.19087439228,0.689453595529,0.354066985646,1.67874411933,0.971904490138,0.507177033493,1.12959231417,0.354707621144,3.63636363636,3.18457300275,1.12959231417,3.63636363636,0.466666666667,0.339622641509,6,0.0363636363636,0.242592592593,11,11,11,1,0,0.0909090909091,0.636363636364,0.272727272727,-1,-0.00909090909091,0.141184573003,-0.181818181818,-0.1,-0.125,0.00537215986117,0.0260089675122,0.0177033492823,0.023125976035,0.0471919665957,0.0177033492823,-0.26126525272,-0.0951006644889,-0.0291866028708,0.0726935396308,0.00743063073303,0.0909090909091,0.141184573003,0.0726935396308,0.0909090909091,-0.032380952381,-0.0603773584906,-2,-0.0121212121212,-0.012962962963,0,0,0,18,1,2,89,0.9,0.988888888889,0.0111111111111,0.1,0.947368421053,0.9,0.923076923077,0.906956031802,0.888888888889,0.857142857143,3,4,0,0,0,0
3473,WLNM_dir_neg,0.90625,0.516666666667,00:00:00,10,80,36,1178364385,threshold_sweep,0.8,0.666666666667,0.5,0.571428571429,2,1,2,7,0.5,0.875,0.125,0.5,0.666666666667,0.5,0.571428571429,0.75,0.583333333333,0.4,0.408248290464,0.375,20,16,4,0,20,0,16,0,4,11,20,0.181818181818,3.04338842975,3.63636363636,2,2.5,1.68954001271,0.464623503495,0.245454545455,1.16774841624,0.642261628933,0.336363636364,1.94000937205,1.06700515463,0.536363636364,1.05689877454,0.347276990411,3.54545454545,3.04338842975,1.05689877454,3.54545454545,0.499047619048,0.4,8,0.0484848484848,0.255555555556,11,11,11,1,0,0.0909090909091,0.636363636364,0.272727272727,11,0.145454545455,3.20454545455,2.90909090909,1.6,2,1.44599761096,0.497061678768,0.255681818182,0.820199532265,0.563887178432,0.284090909091,1.50755672289,1.03644524699,0.511363636364,1.19800971312,0.373847002675,4,3.20454545455,1.19800971312,4,0.266666666667,0.166666666667,2,0.0121212121212,0.216666666667,11,11,11,1,0,0.0909090909091,0.636363636364,0.272727272727,11,19,0.172727272727,3.18457300275,3.45454545455,1.9,2.375,1.69491217257,0.490632471007,0.263157894737,1.19087439228,0.689453595529,0.354066985646,1.67874411933,0.971904490138,0.507177033493,1.12959231417,0.354707621144,3.63636363636,3.18457300275,1.12959231417,3.63636363636,0.466666666667,0.339622641509,6,0.0363636363636,0.242592592593,11,11,11,1,0,0.0909090909091,0.636363636364,0.272727272727,-1,-0.00909090909091,0.141184573003,-0.181818181818,-0.1,-0.125,0.00537215986117,0.0260089675122,0.0177033492823,0.023125976035,0.0471919665957,0.0177033492823,-0.26126525272,-0.0951006644889,-0.0291866028708,0.0726935396308,0.00743063073303,0.0909090909091,0.141184573003,0.0726935396308,0.0909090909091,-0.032380952381,-0.0603773584906,-2,-0.0121212121212,-0.012962962963,0,0,0,18,1,2,89,0.9,0.988888888889,0.0111111111111,0.1,0.947368421053,0.9,0.923076923077,0.906956031802,0.888888888889,0.857142857143,3,4,0,0,0,0
3474,WLNM_dir_neg,0.90625,0.516666666667,00:00:00,10,80,36,1178364385,threshold_sweep,0.9,0.666666666667,0.5,0.571428571429,2,1,2,7,0.5,0.875,0.125,0.5,0.666666666667,0.5,0.571428571429,0.75,0.583333333333,0.4,0.408248290464,0.375,20,16,4,0,20,0,16,0,4,11,20,0.181818181818,3.04338842975,3.63636363636,2,2.5,1.68954001271,0.464623503495,0.245454545455,1.16774841624,0.642261628933,0.336363636364,1.94000937205,1.06700515463,0.536363636364,1.05689877454,0.347276990411,3.54545454545,3.04338842975,1.05689877454,3.54545454545,0.499047619048,0.4,8,0.0484848484848,0.255555555556,11,11,11,1,0,0.0909090909091,0.636363636364,0.272727272727,11,0.145454545455,3.20454545455,2.90909090909,1.6,2,1.44599761096,0.497061678768,0.255681818182,0.820199532265,0.563887178432,0.284090909091,1.50755672289,1.03644524699,0.511363636364,1.19800971312,0.373847002675,4,3.20454545455,1.19800971312,4,0.266666666667,0.166666666667,2,0.0121212121212,0.216666666667,11,11,11,1,0,0.0909090909091,0.636363636364,0.272727272727,11,19,0.172727272727,3.18457300275,3.45454545455,1.9,2.375,1.69491217257,0.490632471007,0.263157894737,1.19087439228,0.689453595529,0.354066985646,1.67874411933,0.971904490138,0.507177033493,1.12959231417,0.354707621144,3.63636363636,3.18457300275,1.12959231417,3.63636363636,0.466666666667,0.339622641509,6,0.0363636363636,0.242592592593,11,11,11,1,0,0.0909090909091,0.636363636364,0.272727272727,-1,-0.00909090909091,0.141184573003,-0.181818181818,-0.1,-0.125,0.00537215986117,0.0260089675122,0.0177033492823,0.023125976035,0.0471919665957,0.0177033492823,-0.26126525272,-0.0951006644889,-0.0291866028708,0.0726935396308,0.00743063073303,0.0909090909091,0.141184573003,0.0726935396308,0.0909090909091,-0.032380952381,-0.0603773584906,-2,-0.0121212121212,-0.012962962963,0,0,0,18,1,2,89,0.9,0.988888888889,0.0111111111111,0.1,0.947368421053,0.9,0.923076923077,0.906956031802,0.888888888889,0.857142857143,3,4,0,0,0,0
3475,WLNM_dir_neg,0.84375,0.602430555556,00:00:00,10,80,37,1178364386,threshold_sweep,0.1,0.75,0.75,0.75,3,1,1,7,0.75,0.875,0.125,0.25,0.75,0.75,0.75,0.833333333333,0.555555555556,0.625,0.625,0.625,20,16,4,0,20,0,16,0,4,11,20,0.181818181818,3.04338842975,3.63636363636,2,2.5,1.68954001271,0.464623503495,0.245454545455,1.16774841624,0.642261628933,0.336363636364,1.94000937205,1.06700515463,0.536363636364,1.05689877454,0.347276990411,3.54545454545,3.04338842975,1.05689877454,3.54545454545,0.499047619048,0.4,8,0.0484848484848,0.255555555556,11,11,11,1,0,0.0909090909091,0.636363636364,0.272727272727,11,0.145454545455,3.23484848485,2.90909090909,1.6,2,1.64039906453,0.563887178432,0.267045454545,0.820199532265,0.563887178432,0.284090909091,1.69491217257,1.16525211864,0.522727272727,1.28700554669,0.397856515605,4.44444444444,3.23484848485,1.28700554669,4.44444444444,0.275132275132,0.225,3,0.0181818181818,0.235185185185,11,11,11,1,0,0.0909090909091,0.636363636364,0.272727272727,11,20,0.181818181818,3.22727272727,3.63636363636,2,2.5,1.96329963443,0.539907399468,0.286363636364,1.25045446284,0.687749954562,0.354545454545,1.8877596149,1.03826778819,0.527272727273,1.06804748779,0.330944291992,3.54545454545,3.22727272727,1.06804748779,3.54545454545,0.426984126984,0.328125,7,0.0424242424242,0.253333333333,11,11,11,1,0,0.0909090909091,0.636363636364,0.272727272727,0,0,0.183884297521,0,0,0,0.273759621719,0.0752838959727,0.0409090909091,0.0827060465977,0.0454883256287,0.0181818181818,-0.0522497571515,-0.0287373664333,-0.00909090909091,0.0111487132556,-0.0163326984193,0,0.183884297521,0.0111487132556,0,-0.0720634920635,-0.071875,-1,-0.00606060606061,-0.00222222222222,0,0,0,19,1,1,89,0.95,0.988888888889,0.0111111111111,0.05,0.95,0.95,0.95,0.938888888889,0.938888888889,0.904761904762,4,4,0,0,0,0
3476,WLNM_dir_neg,0.84375,0.602430555556,00:00:00,10,80,37,1178364386,threshold_sweep,0.2,0.75,0.75,0.75,3,1,1,7,0.75,0.875,0.125,0.25,0.75,0.75,0.75,0.833333333333,0.555555555556,0.625,0.625,0.625,20,16,4,0,20,0,16,0,4,11,20,0.181818181818,3.04338842975,3.63636363636,2,2.5,1.68954001271,0.464623503495,0.245454545455,1.16774841624,0.642261628933,0.336363636364,1.94000937205,1.06700515463,0.536363636364,1.05689877454,0.347276990411,3.54545454545,3.04338842975,1.05689877454,3.54545454545,0.499047619048,0.4,8,0.0484848484848,0.255555555556,11,11,11,1,0,0.0909090909091,0.636363636364,0.272727272727,11,0.145454545455,3.23484848485,2.90909090909,1.6,2,1.64039906453,0.563887178432,0.267045454545,0.820199532265,0.563887178432,0.284090909091,1.69491217257,1.16525211864,0.522727272727,1.28700554669,0.397856515605,4.44444444444,3.23484848485,1.28700554669,4.44444444444,0.275132275132,0.225,3,0.0181818181818,0.235185185185,11,11,11,1,0,0.0909090909091,0.636363636364,0.272727272727,11,20,0.181818181818,3.22727272727,3.63636363636,2,2.5,1.96329963443,0.539907399468,0.286363636364,1.25045446284,0.687749954562,0.354545454545,1.8877596149,1.03826778819,0.527272727273,1.06804748779,0.330944291992,3.54545454545,3.22727272727,1.06804748779,3.54545454545,0.426984126984,0.328125,7,0.0424242424242,0.253333333333,11,11,11,1,0,0.0909090909091,0.636363636364,0.272727272727,0,0,0.183884297521,0,0,0,0.273759621719,0.0752838959727,0.0409090909091,0.0827060465977,0.0454883256287,0.0181818181818,-0.0522497571515,-0.0287373664333,-0.00909090909091,0.0111487132556,-0.0163326984193,0,0.183884297521,0.0111487132556,0,-0.0720634920635,-0.071875,-1,-0.00606060606061,-0.00222222222222,0,0,0,19,1,1,89,0.95,0.988888888889,0.0111111111111,0.05,0.95,0.95,0.95,0.938888888889,0.938888888889,0.904761904762,4,4,0,0,0,0
3477,WLNM_dir_neg,0.84375,0.602430555556,00:00:00,10,80,37,1178364386,threshold_sweep,0.3,0.75,0.75,0.75,3,1,1,7,0.75,0.875,0.125,0.25,0.75,0.75,0.75,0.833333333333,0.555555555556,0.625,0.625,0.625,20,16,4,0,20,0,16,0,4,11,20,0.181818181818,3.04338842975,3.63636363636,2,2.5,1.68954001271,0.464623503495,0.245454545455,1.16774841624,0.642261628933,0.336363636364,1.94000937205,1.06700515463,0.536363636364,1.05689877454,0.347276990411,3.54545454545,3.04338842975,1.05689877454,3.54545454545,0.499047619048,0.4,8,0.0484848484848,0.255555555556,11,11,11,1,0,0.0909090909091,0.636363636364,0.272727272727,11,0.145454545455,3.23484848485,2.90909090909,1.6,2,1.64039906453,0.563887178432,0.267045454545,0.820199532265,0.563887178432,0.284090909091,1.69491217257,1.16525211864,0.522727272727,1.28700554669,0.397856515605,4.44444444444,3.23484848485,1.28700554669,4.44444444444,0.275132275132,0.225,3,0.0181818181818,0.235185185185,11,11,11,1,0,0.0909090909091,0.636363636364,0.272727272727,11,20,0.181818181818,3.22727272727,3.63636363636,2,2.5,1.96329963443,0.539907399468,0.286363636364,1.25045446284,0.687749954562,0.354545454545,1.8877596149,1.03826778819,0.527272727273,1.06804748779,0.330944291992,3.54545454545,3.22727272727,1.06804748779,3.54545454545,0.426984126984,0.328125,7,0.0424242424242,0.253333333333,11,11,11,1,0,0.0909090909091,0.636363636364,0.272727272727,0,0,0.183884297521,0,0,0,0.273759621719,0.0752838959727,0.0409090909091,0.0827060465977,0.0454883256287,0.0181818181818,-0.0522497571515,-0.0287373664333,-0.00909090909091,0.0111487132556,-0.0163326984193,0,0.183884297521,0.0111487132556,0,-0.0720634920635,-0.071875,-1,-0.00606060606061,-0.00222222222222,0,0,0,19,1,1,89,0.95,0.988888888889,0.0111111111111,0.05,0.95,0.95,0.95,0.938888888889,0.938888888889,0.904761904762,4,4,0,0,0,0
3478,WLNM_dir_neg,0.84375,0.602430555556,00:00:00,10,80,37,1178364386,threshold_sweep,0.4,0.75,0.75,0.75,3,1,1,7,0.75,0.875,0.125,0.25,0.75,0.75,0.75,0.833333333333,0.555555555556,0.625,0.625,0.625,20,16,4,0,20,0,16,0,4,11,20,0.181818181818,3.04338842975,3.63636363636,2,2.5,1.68954001271,0.464623503495,0.245454545455,1.16774841624,0.642261628933,0.336363636364,1.94000937205,1.06700515463,0.536363636364,1.05689877454,0.347276990411,3.54545454545,3.04338842975,1.05689877454,3.54545454545,0.499047619048,0.4,8,0.0484848484848,0.255555555556,11,11,11,1,0,0.0909090909091,0.636363636364,0.272727272727,11,0.145454545455,3.23484848485,2.90909090909,1.6,2,1.64039906453,0.563887178432,0.267045454545,0.820199532265,0.563887178432,0.284090909091,1.69491217257,1.16525211864,0.522727272727,1.28700554669,0.397856515605,4.44444444444,3.23484848485,1.28700554669,4.44444444444,0.275132275132,0.225,3,0.0181818181818,0.235185185185,11,11,11,1,0,0.0909090909091,0.636363636364,0.272727272727,11,20,0.181818181818,3.22727272727,3.63636363636,2,2.5,1.96329963443,0.539907399468,0.286363636364,1.25045446284,0.687749954562,0.354545454545,1.8877596149,1.03826778819,0.527272727273,1.06804748779,0.330944291992,3.54545454545,3.22727272727,1.06804748779,3.54545454545,0.426984126984,0.328125,7,0.0424242424242,0.253333333333,11,11,11,1,0,0.0909090909091,0.636363636364,0.272727272727,0,0,0.183884297521,0,0,0,0.273759621719,0.0752838959727,0.0409090909091,0.0827060465977,0.0454883256287,0.0181818181818,-0.0522497571515,-0.0287373664333,-0.00909090909091,0.0111487132556,-0.0163326984193,0,0.183884297521,0.0111487132556,0,-0.0720634920635,-0.071875,-1,-0.00606060606061,-0.00222222222222,0,0,0,19,1,1,89,0.95,0.988888888889,0.0111111111111,0.05,0.95,0.95,0.95,0.938888888889,0.938888888889,0.904761904762,4,4,0,0,0,0
3479,WLNM_dir_neg,0.84375,0.602430555556,00:00:00,10,80,37,1178364386,threshold_sweep,0.5,0.75,0.75,0.75,3,1,1,7,0.75,0.875,0.125,0.25,0.75,0.75,0.75,0.833333333333,0.555555555556,0.625,0.625,0.625,20,16,4,0,20,0,16,0,4,11,20,0.181818181818,3.04338842975,3.63636363636,2,2.5,1.68954001271,0.464623503495,0.245454545455,1.16774841624,0.642261628933,0.336363636364,1.94000937205,1.06700515463,0.536363636364,1.05689877454,0.347276990411,3.54545454545,3.04338842975,1.05689877454,3.54545454545,0.499047619048,0.4,8,0.0484848484848,0.255555555556,11,11,11,1,0,0.0909090909091,0.636363636364,0.272727272727,11,0.145454545455,3.23484848485,2.90909090909,1.6,2,1.64039906453,0.563887178432,0.267045454545,0.820199532265,0.563887178432,0.284090909091,1.69491217257,1.16525211864,0.522727272727,1.28700554669,0.397856515605,4.44444444444,3.23484848485,1.28700554669,4.44444444444,0.275132275132,0.225,3,0.0181818181818,0.235185185185,11,11,11,1,0,0.0909090909091,0.636363636364,0.272727272727,11,20,0.181818181818,3.22727272727,3.63636363636,2,2.5,1.96329963443,0.539907399468,0.286363636364,1.25045446284,0.687749954562,0.354545454545,1.8877596149,1.03826778819,0.527272727273,1.06804748779,0.330944291992,3.54545454545,3.22727272727,1.06804748779,3.54545454545,0.426984126984,0.328125,7,0.0424242424242,0.253333333333,11,11,11,1,0,0.0909090909091,0.636363636364,0.272727272727,0,0,0.183884297521,0,0,0,0.273759621719,0.0752838959727,0.0409090909091,0.0827060465977,0.0454883256287,0.0181818181818,-0.0522497571515,-0.0287373664333,-0.00909090909091,0.0111487132556,-0.0163326984193,0,0.183884297521,0.0111487132556,0,-0.0720634920635,-0.071875,-1,-0.00606060606061,-0.00222222222222,0,0,0,19,1,1,89,0.95,0.988888888889,0.0111111111111,0.05,0.95,0.95,0.95,0.938888888889,0.938888888889,0.904761904762,4,4,0,0,0,0
3480,WLNM_dir_neg,0.84375,0.602430555556,00:00:00,10,80,37,1178364386,threshold_sweep,0.6,0.75,0.75,0.75,3,1,1,7,0.75,0.875,0.125,0.25,0.75,0.75,0.75,0.833333333333,0.555555555556,0.625,0.625,0.625,20,16,4,0,20,0,16,0,4,11,20,0.181818181818,3.04338842975,3.63636363636,2,2.5,1.68954001271,0.464623503495,0.245454545455,1.16774841624,0.642261628933,0.336363636364,1.94000937205,1.06700515463,0.536363636364,1.05689877454,0.347276990411,3.54545454545,3.04338842975,1.05689877454,3.54545454545,0.499047619048,0.4,8,0.0484848484848,0.255555555556,11,11,11,1,0,0.0909090909091,0.636363636364,0.272727272727,11,0.145454545455,3.23484848485,2.90909090909,1.6,2,1.64039906453,0.563887178432,0.267045454545,0.820199532265,0.563887178432,0.284090909091,1.69491217257,1.16525211864,0.522727272727,1.28700554669,0.397856515605,4.44444444444,3.23484848485,1.28700554669,4.44444444444,0.275132275132,0.225,3,0.0181818181818,0.235185185185,11,11,11,1,0,0.0909090909091,0.636363636364,0.272727272727,11,20,0.181818181818,3.22727272727,3.63636363636,2,2.5,1.96329963443,0.539907399468,0.286363636364,1.25045446284,0.687749954562,0.354545454545,1.8877596149,1.03826778819,0.527272727273,1.06804748779,0.330944291992,3.54545454545,3.22727272727,1.06804748779,3.54545454545,0.426984126984,0.328125,7,0.0424242424242,0.253333333333,11,11,11,1,0,0.0909090909091,0.636363636364,0.272727272727,0,0,0.183884297521,0,0,0,0.273759621719,0.0752838959727,0.0409090909091,0.0827060465977,0.0454883256287,0.0181818181818,-0.0522497571515,-0.0287373664333,-0.00909090909091,0.0111487132556,-0.0163326984193,0,0.183884297521,0.0111487132556,0,-0.0720634920635,-0.071875,-1,-0.00606060606061,-0.00222222222222,0,0,0,19,1,1,89,0.95,0.988888888889,0.0111111111111,0.05,0.95,0.95,0.95,0.938888888889,0.938888888889,0.904761904762,4,4,0,0,0,0
3481,WLNM_dir_neg,0.84375,0.602430555556,00:00:00,10,80,37,1178364386,threshold_sweep,0.7,0.75,0.75,0.75,3,1,1,7,0.75,0.875,0.125,0.25,0.75,0.75,0.75,0.833333333333,0.555555555556,0.625,0.625,0.625,20,16,4,0,20,0,16,0,4,11,20,0.181818181818,3.04338842975,3.63636363636,2,2.5,1.68954001271,0.464623503495,0.245454545455,1.16774841624,0.642261628933,0.336363636364,1.94000937205,1.06700515463,0.536363636364,1.05689877454,0.347276990411,3.54545454545,3.04338842975,1.05689877454,3.54545454545,0.499047619048,0.4,8,0.0484848484848,0.255555555556,11,11,11,1,0,0.0909090909091,0.636363636364,0.272727272727,11,0.145454545455,3.23484848485,2.90909090909,1.6,2,1.64039906453,0.563887178432,0.267045454545,0.820199532265,0.563887178432,0.284090909091,1.69491217257,1.16525211864,0.522727272727,1.28700554669,0.397856515605,4.44444444444,3.23484848485,1.28700554669,4.44444444444,0.275132275132,0.225,3,0.0181818181818,0.235185185185,11,11,11,1,0,0.0909090909091,0.636363636364,0.272727272727,11,20,0.181818181818,3.22727272727,3.63636363636,2,2.5,1.96329963443,0.539907399468,0.286363636364,1.25045446284,0.687749954562,0.354545454545,1.8877596149,1.03826778819,0.527272727273,1.06804748779,0.330944291992,3.54545454545,3.22727272727,1.06804748779,3.54545454545,0.426984126984,0.328125,7,0.0424242424242,0.253333333333,11,11,11,1,0,0.0909090909091,0.636363636364,0.272727272727,0,0,0.183884297521,0,0,0,0.273759621719,0.0752838959727,0.0409090909091,0.0827060465977,0.0454883256287,0.0181818181818,-0.0522497571515,-0.0287373664333,-0.00909090909091,0.0111487132556,-0.0163326984193,0,0.183884297521,0.0111487132556,0,-0.0720634920635,-0.071875,-1,-0.00606060606061,-0.00222222222222,0,0,0,19,1,1,89,0.95,0.988888888889,0.0111111111111,0.05,0.95,0.95,0.95,0.938888888889,0.938888888889,0.904761904762,4,4,0,0,0,0
3482,WLNM_dir_neg,0.84375,0.602430555556,00:00:00,10,80,37,1178364386,threshold_sweep,0.8,0.75,0.75,0.75,3,1,1,7,0.75,0.875,0.125,0.25,0.75,0.75,0.75,0.833333333333,0.555555555556,0.625,0.625,0.625,20,16,4,0,20,0,16,0,4,11,20,0.181818181818,3.04338842975,3.63636363636,2,2.5,1.68954001271,0.464623503495,0.245454545455,1.16774841624,0.642261628933,0.336363636364,1.94000937205,1.06700515463,0.536363636364,1.05689877454,0.347276990411,3.54545454545,3.04338842975,1.05689877454,3.54545454545,0.499047619048,0.4,8,0.0484848484848,0.255555555556,11,11,11,1,0,0.0909090909091,0.636363636364,0.272727272727,11,0.145454545455,3.23484848485,2.90909090909,1.6,2,1.64039906453,0.563887178432,0.267045454545,0.820199532265,0.563887178432,0.284090909091,1.69491217257,1.16525211864,0.522727272727,1.28700554669,0.397856515605,4.44444444444,3.23484848485,1.28700554669,4.44444444444,0.275132275132,0.225,3,0.0181818181818,0.235185185185,11,11,11,1,0,0.0909090909091,0.636363636364,0.272727272727,11,20,0.181818181818,3.22727272727,3.63636363636,2,2.5,1.96329963443,0.539907399468,0.286363636364,1.25045446284,0.687749954562,0.354545454545,1.8877596149,1.03826778819,0.527272727273,1.06804748779,0.330944291992,3.54545454545,3.22727272727,1.06804748779,3.54545454545,0.426984126984,0.328125,7,0.0424242424242,0.253333333333,11,11,11,1,0,0.0909090909091,0.636363636364,0.272727272727,0,0,0.183884297521,0,0,0,0.273759621719,0.0752838959727,0.0409090909091,0.0827060465977,0.0454883256287,0.0181818181818,-0.0522497571515,-0.0287373664333,-0.00909090909091,0.0111487132556,-0.0163326984193,0,0.183884297521,0.0111487132556,0,-0.0720634920635,-0.071875,-1,-0.00606060606061,-0.00222222222222,0,0,0,19,1,1,89,0.95,0.988888888889,0.0111111111111,0.05,0.95,0.95,0.95,0.938888888889,0.938888888889,0.904761904762,4,4,0,0,0,0
3483,WLNM_dir_neg,0.84375,0.602430555556,00:00:00,10,80,37,1178364386,threshold_sweep,0.9,0.75,0.75,0.75,3,1,1,7,0.75,0.875,0.125,0.25,0.75,0.75,0.75,0.833333333333,0.555555555556,0.625,0.625,0.625,20,16,4,0,20,0,16,0,4,11,20,0.181818181818,3.04338842975,3.63636363636,2,2.5,1.68954001271,0.464623503495,0.245454545455,1.16774841624,0.642261628933,0.336363636364,1.94000937205,1.06700515463,0.536363636364,1.05689877454,0.347276990411,3.54545454545,3.04338842975,1.05689877454,3.54545454545,0.499047619048,0.4,8,0.0484848484848,0.255555555556,11,11,11,1,0,0.0909090909091,0.636363636364,0.272727272727,11,0.145454545455,3.23484848485,2.90909090909,1.6,2,1.64039906453,0.563887178432,0.267045454545,0.820199532265,0.563887178432,0.284090909091,1.69491217257,1.16525211864,0.522727272727,1.28700554669,0.397856515605,4.44444444444,3.23484848485,1.28700554669,4.44444444444,0.275132275132,0.225,3,0.0181818181818,0.235185185185,11,11,11,1,0,0.0909090909091,0.636363636364,0.272727272727,11,20,0.181818181818,3.22727272727,3.63636363636,2,2.5,1.96329963443,0.539907399468,0.286363636364,1.25045446284,0.687749954562,0.354545454545,1.8877596149,1.03826778819,0.527272727273,1.06804748779,0.330944291992,3.54545454545,3.22727272727,1.06804748779,3.54545454545,0.426984126984,0.328125,7,0.0424242424242,0.253333333333,11,11,11,1,0,0.0909090909091,0.636363636364,0.272727272727,0,0,0.183884297521,0,0,0,0.273759621719,0.0752838959727,0.0409090909091,0.0827060465977,0.0454883256287,0.0181818181818,-0.0522497571515,-0.0287373664333,-0.00909090909091,0.0111487132556,-0.0163326984193,0,0.183884297521,0.0111487132556,0,-0.0720634920635,-0.071875,-1,-0.00606060606061,-0.00222222222222,0,0,0,19,1,1,89,0.95,0.988888888889,0.0111111111111,0.05,0.95,0.95,0.95,0.938888888889,0.938888888889,0.904761904762,4,4,0,0,0,0
3484,WLNM_dir_neg,0.875,0.579166666667,00:00:00,10,80,38,1178364387,threshold_sweep,0.1,0.5,1,0.666666666667,4,4,0,4,1,0.5,0.5,0,0.5,1,0.666666666667,0.666666666667,0.444444444444,0.4,0.5,0.5,20,16,4,0,20,0,16,0,4,11,20,0.181818181818,3.04338842975,3.63636363636,2,2.5,1.68954001271,0.464623503495,0.245454545455,1.16774841624,0.642261628933,0.336363636364,1.94000937205,1.06700515463,0.536363636364,1.05689877454,0.347276990411,3.54545454545,3.04338842975,1.05689877454,3.54545454545,0.499047619048,0.4,8,0.0484848484848,0.255555555556,11,11,11,1,0,0.0909090909091,0.636363636364,0.272727272727,11,0.145454545455,3.34848484848,2.90909090909,1.6,2,1.64039906453,0.563887178432,0.267045454545,0.934198732994,0.642261628933,0.318181818182,1.69491217257,1.16525211864,0.522727272727,1.48034257569,0.4420932579,5.33333333333,3.34848484848,1.48034257569,5.33333333333,0.441798941799,0.3,4,0.0242424242424,0.234074074074,11,11,11,1,0,0.0909090909091,0.636363636364,0.272727272727,11,24,0.218181818182,NaN,4.36363636364,2.18181818182,3,2.01359019032,0.461447751948,0.246212121212,1.07871977994,0.494413232473,0.257575757576,2.31595258234,1.0614782669,0.545454545455,NaN,NaN,NaN,NaN,NaN,NaN,0.491904761905,0.407407407407,11,0.0666666666667,0.276363636364,11,11,0,1,2,0,0.727272727273,0.272727272727,4,0.0363636363636,NaN,0.727272727273,0.181818181818,0.5,0.324050177609,-0.00317575154713,0.000757575757576,-0.0890286363011,-0.14784839646,-0.0787878787879,0.375943210289,-0.00552688772197,0.00909090909091,NaN,NaN,NaN,NaN,NaN,NaN,-0.00714285714286,0.00740740740741,3,0.0181818181818,0.0208080808081,-0.0909090909091,0.0909090909091,0,20,4,0,86,1,0.955555555556,0.0444444444444,0,0.833333333333,1,0.909090909091,0.892354355789,0.955555555556,0.833333333333,8,4,0,0,0,0
3485,WLNM_dir_neg,0.875,0.579166666667,00:00:00,10,80,38,1178364387,threshold_sweep,0.2,0.5,1,0.666666666667,4,4,0,4,1,0.5,0.5,0,0.5,1,0.666666666667,0.666666666667,0.444444444444,0.4,0.5,0.5,20,16,4,0,20,0,16,0,4,11,20,0.181818181818,3.04338842975,3.63636363636,2,2.5,1.68954001271,0.464623503495,0.245454545455,1.16774841624,0.642261628933,0.336363636364,1.94000937205,1.06700515463,0.536363636364,1.05689877454,0.347276990411,3.54545454545,3.04338842975,1.05689877454,3.54545454545,0.499047619048,0.4,8,0.0484848484848,0.255555555556,11,11,11,1,0,0.0909090909091,0.636363636364,0.272727272727,11,0.145454545455,3.34848484848,2.90909090909,1.6,2,1.64039906453,0.563887178432,0.267045454545,0.934198732994,0.642261628933,0.318181818182,1.69491217257,1.16525211864,0.522727272727,1.48034257569,0.4420932579,5.33333333333,3.34848484848,1.48034257569,5.33333333333,0.441798941799,0.3,4,0.0242424242424,0.234074074074,11,11,11,1,0,0.0909090909091,0.636363636364,0.272727272727,11,24,0.218181818182,NaN,4.36363636364,2.18181818182,3,2.01359019032,0.461447751948,0.246212121212,1.07871977994,0.494413232473,0.257575757576,2.31595258234,1.0614782669,0.545454545455,NaN,NaN,NaN,NaN,NaN,NaN,0.491904761905,0.407407407407,11,0.0666666666667,0.276363636364,11,11,0,1,2,0,0.727272727273,0.272727272727,4,0.0363636363636,NaN,0.727272727273,0.181818181818,0.5,0.324050177609,-0.00317575154713,0.000757575757576,-0.0890286363011,-0.14784839646,-0.0787878787879,0.375943210289,-0.00552688772197,0.00909090909091,NaN,NaN,NaN,NaN,NaN,NaN,-0.00714285714286,0.00740740740741,3,0.0181818181818,0.0208080808081,-0.0909090909091,0.0909090909091,0,20,4,0,86,1,0.955555555556,0.0444444444444,0,0.833333333333,1,0.909090909091,0.892354355789,0.955555555556,0.833333333333,8,4,0,0,0,0
3486,WLNM_dir_neg,0.875,0.579166666667,00:00:00,10,80,38,1178364387,threshold_sweep,0.3,0.5,1,0.666666666667,4,4,0,4,1,0.5,0.5,0,0.5,1,0.666666666667,0.666666666667,0.444444444444,0.4,0.5,0.5,20,16,4,0,20,0,16,0,4,11,20,0.181818181818,3.04338842975,3.63636363636,2,2.5,1.68954001271,0.464623503495,0.245454545455,1.16774841624,0.642261628933,0.336363636364,1.94000937205,1.06700515463,0.536363636364,1.05689877454,0.347276990411,3.54545454545,3.04338842975,1.05689877454,3.54545454545,0.499047619048,0.4,8,0.0484848484848,0.255555555556,11,11,11,1,0,0.0909090909091,0.636363636364,0.272727272727,11,0.145454545455,3.34848484848,2.90909090909,1.6,2,1.64039906453,0.563887178432,0.267045454545,0.934198732994,0.642261628933,0.318181818182,1.69491217257,1.16525211864,0.522727272727,1.48034257569,0.4420932579,5.33333333333,3.34848484848,1.48034257569,5.33333333333,0.441798941799,0.3,4,0.0242424242424,0.234074074074,11,11,11,1,0,0.0909090909091,0.636363636364,0.272727272727,11,24,0.218181818182,NaN,4.36363636364,2.18181818182,3,2.01359019032,0.461447751948,0.246212121212,1.07871977994,0.494413232473,0.257575757576,2.31595258234,1.0614782669,0.545454545455,NaN,NaN,NaN,NaN,NaN,NaN,0.491904761905,0.407407407407,11,0.0666666666667,0.276363636364,11,11,0,1,2,0,0.727272727273,0.272727272727,4,0.0363636363636,NaN,0.727272727273,0.181818181818,0.5,0.324050177609,-0.00317575154713,0.000757575757576,-0.0890286363011,-0.14784839646,-0.0787878787879,0.375943210289,-0.00552688772197,0.00909090909091,NaN,NaN,NaN,NaN,NaN,NaN,-0.00714285714286,0.00740740740741,3,0.0181818181818,0.0208080808081,-0.0909090909091,0.0909090909091,0,20,4,0,86,1,0.955555555556,0.0444444444444,0,0.833333333333,1,0.909090909091,0.892354355789,0.955555555556,0.833333333333,8,4,0,0,0,0
3487,WLNM_dir_neg,0.875,0.579166666667,00:00:00,10,80,38,1178364387,threshold_sweep,0.4,0.5,1,0.666666666667,4,4,0,4,1,0.5,0.5,0,0.5,1,0.666666666667,0.666666666667,0.444444444444,0.4,0.5,0.5,20,16,4,0,20,0,16,0,4,11,20,0.181818181818,3.04338842975,3.63636363636,2,2.5,1.68954001271,0.464623503495,0.245454545455,1.16774841624,0.642261628933,0.336363636364,1.94000937205,1.06700515463,0.536363636364,1.05689877454,0.347276990411,3.54545454545,3.04338842975,1.05689877454,3.54545454545,0.499047619048,0.4,8,0.0484848484848,0.255555555556,11,11,11,1,0,0.0909090909091,0.636363636364,0.272727272727,11,0.145454545455,3.34848484848,2.90909090909,1.6,2,1.64039906453,0.563887178432,0.267045454545,0.934198732994,0.642261628933,0.318181818182,1.69491217257,1.16525211864,0.522727272727,1.48034257569,0.4420932579,5.33333333333,3.34848484848,1.48034257569,5.33333333333,0.441798941799,0.3,4,0.0242424242424,0.234074074074,11,11,11,1,0,0.0909090909091,0.636363636364,0.272727272727,11,24,0.218181818182,NaN,4.36363636364,2.18181818182,3,2.01359019032,0.461447751948,0.246212121212,1.07871977994,0.494413232473,0.257575757576,2.31595258234,1.0614782669,0.545454545455,NaN,NaN,NaN,NaN,NaN,NaN,0.491904761905,0.407407407407,11,0.0666666666667,0.276363636364,11,11,0,1,2,0,0.727272727273,0.272727272727,4,0.0363636363636,NaN,0.727272727273,0.181818181818,0.5,0.324050177609,-0.00317575154713,0.000757575757576,-0.0890286363011,-0.14784839646,-0.0787878787879,0.375943210289,-0.00552688772197,0.00909090909091,NaN,NaN,NaN,NaN,NaN,NaN,-0.00714285714286,0.00740740740741,3,0.0181818181818,0.0208080808081,-0.0909090909091,0.0909090909091,0,20,4,0,86,1,0.955555555556,0.0444444444444,0,0.833333333333,1,0.909090909091,0.892354355789,0.955555555556,0.833333333333,8,4,0,0,0,0
3488,WLNM_dir_neg,0.875,0.579166666667,00:00:00,10,80,38,1178364387,threshold_sweep,0.5,0.5,1,0.666666666667,4,4,0,4,1,0.5,0.5,0,0.5,1,0.666666666667,0.666666666667,0.444444444444,0.4,0.5,0.5,20,16,4,0,20,0,16,0,4,11,20,0.181818181818,3.04338842975,3.63636363636,2,2.5,1.68954001271,0.464623503495,0.245454545455,1.16774841624,0.642261628933,0.336363636364,1.94000937205,1.06700515463,0.536363636364,1.05689877454,0.347276990411,3.54545454545,3.04338842975,1.05689877454,3.54545454545,0.499047619048,0.4,8,0.0484848484848,0.255555555556,11,11,11,1,0,0.0909090909091,0.636363636364,0.272727272727,11,0.145454545455,3.34848484848,2.90909090909,1.6,2,1.64039906453,0.563887178432,0.267045454545,0.934198732994,0.642261628933,0.318181818182,1.69491217257,1.16525211864,0.522727272727,1.48034257569,0.4420932579,5.33333333333,3.34848484848,1.48034257569,5.33333333333,0.441798941799,0.3,4,0.0242424242424,0.234074074074,11,11,11,1,0,0.0909090909091,0.636363636364,0.272727272727,11,24,0.218181818182,NaN,4.36363636364,2.18181818182,3,2.01359019032,0.461447751948,0.246212121212,1.07871977994,0.494413232473,0.257575757576,2.31595258234,1.0614782669,0.545454545455,NaN,NaN,NaN,NaN,NaN,NaN,0.491904761905,0.407407407407,11,0.0666666666667,0.276363636364,11,11,0,1,2,0,0.727272727273,0.272727272727,4,0.0363636363636,NaN,0.727272727273,0.181818181818,0.5,0.324050177609,-0.00317575154713,0.000757575757576,-0.0890286363011,-0.14784839646,-0.0787878787879,0.375943210289,-0.00552688772197,0.00909090909091,NaN,NaN,NaN,NaN,NaN,NaN,-0.00714285714286,0.00740740740741,3,0.0181818181818,0.0208080808081,-0.0909090909091,0.0909090909091,0,20,4,0,86,1,0.955555555556,0.0444444444444,0,0.833333333333,1,0.909090909091,0.892354355789,0.955555555556,0.833333333333,8,4,0,0,0,0
3489,WLNM_dir_neg,0.875,0.579166666667,00:00:00,10,80,38,1178364387,threshold_sweep,0.6,0.5,1,0.666666666667,4,4,0,4,1,0.5,0.5,0,0.5,1,0.666666666667,0.666666666667,0.444444444444,0.4,0.5,0.5,20,16,4,0,20,0,16,0,4,11,20,0.181818181818,3.04338842975,3.63636363636,2,2.5,1.68954001271,0.464623503495,0.245454545455,1.16774841624,0.642261628933,0.336363636364,1.94000937205,1.06700515463,0.536363636364,1.05689877454,0.347276990411,3.54545454545,3.04338842975,1.05689877454,3.54545454545,0.499047619048,0.4,8,0.0484848484848,0.255555555556,11,11,11,1,0,0.0909090909091,0.636363636364,0.272727272727,11,0.145454545455,3.34848484848,2.90909090909,1.6,2,1.64039906453,0.563887178432,0.267045454545,0.934198732994,0.642261628933,0.318181818182,1.69491217257,1.16525211864,0.522727272727,1.48034257569,0.4420932579,5.33333333333,3.34848484848,1.48034257569,5.33333333333,0.441798941799,0.3,4,0.0242424242424,0.234074074074,11,11,11,1,0,0.0909090909091,0.636363636364,0.272727272727,11,24,0.218181818182,NaN,4.36363636364,2.18181818182,3,2.01359019032,0.461447751948,0.246212121212,1.07871977994,0.494413232473,0.257575757576,2.31595258234,1.0614782669,0.545454545455,NaN,NaN,NaN,NaN,NaN,NaN,0.491904761905,0.407407407407,11,0.0666666666667,0.276363636364,11,11,0,1,2,0,0.727272727273,0.272727272727,4,0.0363636363636,NaN,0.727272727273,0.181818181818,0.5,0.324050177609,-0.00317575154713,0.000757575757576,-0.0890286363011,-0.14784839646,-0.0787878787879,0.375943210289,-0.00552688772197,0.00909090909091,NaN,NaN,NaN,NaN,NaN,NaN,-0.00714285714286,0.00740740740741,3,0.0181818181818,0.0208080808081,-0.0909090909091,0.0909090909091,0,20,4,0,86,1,0.955555555556,0.0444444444444,0,0.833333333333,1,0.909090909091,0.892354355789,0.955555555556,0.833333333333,8,4,0,0,0,0
3490,WLNM_dir_neg,0.875,0.579166666667,00:00:00,10,80,38,1178364387,threshold_sweep,0.7,0.5,1,0.666666666667,4,4,0,4,1,0.5,0.5,0,0.5,1,0.666666666667,0.666666666667,0.444444444444,0.4,0.5,0.5,20,16,4,0,20,0,16,0,4,11,20,0.181818181818,3.04338842975,3.63636363636,2,2.5,1.68954001271,0.464623503495,0.245454545455,1.16774841624,0.642261628933,0.336363636364,1.94000937205,1.06700515463,0.536363636364,1.05689877454,0.347276990411,3.54545454545,3.04338842975,1.05689877454,3.54545454545,0.499047619048,0.4,8,0.0484848484848,0.255555555556,11,11,11,1,0,0.0909090909091,0.636363636364,0.272727272727,11,0.145454545455,3.34848484848,2.90909090909,1.6,2,1.64039906453,0.563887178432,0.267045454545,0.934198732994,0.642261628933,0.318181818182,1.69491217257,1.16525211864,0.522727272727,1.48034257569,0.4420932579,5.33333333333,3.34848484848,1.48034257569,5.33333333333,0.441798941799,0.3,4,0.0242424242424,0.234074074074,11,11,11,1,0,0.0909090909091,0.636363636364,0.272727272727,11,24,0.218181818182,NaN,4.36363636364,2.18181818182,3,2.01359019032,0.461447751948,0.246212121212,1.07871977994,0.494413232473,0.257575757576,2.31595258234,1.0614782669,0.545454545455,NaN,NaN,NaN,NaN,NaN,NaN,0.491904761905,0.407407407407,11,0.0666666666667,0.276363636364,11,11,0,1,2,0,0.727272727273,0.272727272727,4,0.0363636363636,NaN,0.727272727273,0.181818181818,0.5,0.324050177609,-0.00317575154713,0.000757575757576,-0.0890286363011,-0.14784839646,-0.0787878787879,0.375943210289,-0.00552688772197,0.00909090909091,NaN,NaN,NaN,NaN,NaN,NaN,-0.00714285714286,0.00740740740741,3,0.0181818181818,0.0208080808081,-0.0909090909091,0.0909090909091,0,20,4,0,86,1,0.955555555556,0.0444444444444,0,0.833333333333,1,0.909090909091,0.892354355789,0.955555555556,0.833333333333,8,4,0,0,0,0
3491,WLNM_dir_neg,0.875,0.579166666667,00:00:00,10,80,38,1178364387,threshold_sweep,0.8,0.5,1,0.666666666667,4,4,0,4,1,0.5,0.5,0,0.5,1,0.666666666667,0.666666666667,0.444444444444,0.4,0.5,0.5,20,16,4,0,20,0,16,0,4,11,20,0.181818181818,3.04338842975,3.63636363636,2,2.5,1.68954001271,0.464623503495,0.245454545455,1.16774841624,0.642261628933,0.336363636364,1.94000937205,1.06700515463,0.536363636364,1.05689877454,0.347276990411,3.54545454545,3.04338842975,1.05689877454,3.54545454545,0.499047619048,0.4,8,0.0484848484848,0.255555555556,11,11,11,1,0,0.0909090909091,0.636363636364,0.272727272727,11,0.145454545455,3.34848484848,2.90909090909,1.6,2,1.64039906453,0.563887178432,0.267045454545,0.934198732994,0.642261628933,0.318181818182,1.69491217257,1.16525211864,0.522727272727,1.48034257569,0.4420932579,5.33333333333,3.34848484848,1.48034257569,5.33333333333,0.441798941799,0.3,4,0.0242424242424,0.234074074074,11,11,11,1,0,0.0909090909091,0.636363636364,0.272727272727,11,24,0.218181818182,NaN,4.36363636364,2.18181818182,3,2.01359019032,0.461447751948,0.246212121212,1.07871977994,0.494413232473,0.257575757576,2.31595258234,1.0614782669,0.545454545455,NaN,NaN,NaN,NaN,NaN,NaN,0.491904761905,0.407407407407,11,0.0666666666667,0.276363636364,11,11,0,1,2,0,0.727272727273,0.272727272727,4,0.0363636363636,NaN,0.727272727273,0.181818181818,0.5,0.324050177609,-0.00317575154713,0.000757575757576,-0.0890286363011,-0.14784839646,-0.0787878787879,0.375943210289,-0.00552688772197,0.00909090909091,NaN,NaN,NaN,NaN,NaN,NaN,-0.00714285714286,0.00740740740741,3,0.0181818181818,0.0208080808081,-0.0909090909091,0.0909090909091,0,20,4,0,86,1,0.955555555556,0.0444444444444,0,0.833333333333,1,0.909090909091,0.892354355789,0.955555555556,0.833333333333,8,4,0,0,0,0
3492,WLNM_dir_neg,0.875,0.579166666667,00:00:00,10,80,38,1178364387,threshold_sweep,0.9,0.5,1,0.666666666667,4,4,0,4,1,0.5,0.5,0,0.5,1,0.666666666667,0.666666666667,0.444444444444,0.4,0.5,0.5,20,16,4,0,20,0,16,0,4,11,20,0.181818181818,3.04338842975,3.63636363636,2,2.5,1.68954001271,0.464623503495,0.245454545455,1.16774841624,0.642261628933,0.336363636364,1.94000937205,1.06700515463,0.536363636364,1.05689877454,0.347276990411,3.54545454545,3.04338842975,1.05689877454,3.54545454545,0.499047619048,0.4,8,0.0484848484848,0.255555555556,11,11,11,1,0,0.0909090909091,0.636363636364,0.272727272727,11,0.145454545455,3.34848484848,2.90909090909,1.6,2,1.64039906453,0.563887178432,0.267045454545,0.934198732994,0.642261628933,0.318181818182,1.69491217257,1.16525211864,0.522727272727,1.48034257569,0.4420932579,5.33333333333,3.34848484848,1.48034257569,5.33333333333,0.441798941799,0.3,4,0.0242424242424,0.234074074074,11,11,11,1,0,0.0909090909091,0.636363636364,0.272727272727,11,24,0.218181818182,NaN,4.36363636364,2.18181818182,3,2.01359019032,0.461447751948,0.246212121212,1.07871977994,0.494413232473,0.257575757576,2.31595258234,1.0614782669,0.545454545455,NaN,NaN,NaN,NaN,NaN,NaN,0.491904761905,0.407407407407,11,0.0666666666667,0.276363636364,11,11,0,1,2,0,0.727272727273,0.272727272727,4,0.0363636363636,NaN,0.727272727273,0.181818181818,0.5,0.324050177609,-0.00317575154713,0.000757575757576,-0.0890286363011,-0.14784839646,-0.0787878787879,0.375943210289,-0.00552688772197,0.00909090909091,NaN,NaN,NaN,NaN,NaN,NaN,-0.00714285714286,0.00740740740741,3,0.0181818181818,0.0208080808081,-0.0909090909091,0.0909090909091,0,20,4,0,86,1,0.955555555556,0.0444444444444,0,0.833333333333,1,0.909090909091,0.892354355789,0.955555555556,0.833333333333,8,4,0,0,0,0
3493,WLNM_dir_neg,0.71875,0.502840909091,00:00:00,10,80,39,1178364388,threshold_sweep,0.1,0.666666666667,0.5,0.571428571429,2,1,2,7,0.5,0.875,0.125,0.5,0.666666666667,0.5,0.571428571429,0.75,0.583333333333,0.4,0.408248290464,0.375,20,16,4,0,20,0,16,0,4,11,20,0.181818181818,3.04338842975,3.63636363636,2,2.5,1.68954001271,0.464623503495,0.245454545455,1.16774841624,0.642261628933,0.336363636364,1.94000937205,1.06700515463,0.536363636364,1.05689877454,0.347276990411,3.54545454545,3.04338842975,1.05689877454,3.54545454545,0.499047619048,0.4,8,0.0484848484848,0.255555555556,11,11,11,1,0,0.0909090909091,0.636363636364,0.272727272727,11,0.145454545455,3.31818181818,2.90909090909,1.6,2,1.51357493733,0.520291384707,0.261363636364,1.03572548135,0.712061268431,0.329545454545,1.50755672289,1.03644524699,0.511363636364,1.38334246072,0.416897727889,5,3.31818181818,1.38334246072,5,0.396296296296,0.243243243243,3,0.0181818181818,0.211851851852,11,11,11,1,0,0.0909090909091,0.636363636364,0.272727272727,11,19,0.172727272727,3.19834710744,3.45454545455,1.9,2.11111111111,1.43969693781,0.416754376733,0.22009569378,1.19087439228,0.689453595529,0.354066985646,1.61807966991,0.936782966791,0.468899521531,1.07858047345,0.337230587307,3.63636363636,3.19834710744,1.07858047345,3.63636363636,0.484848484848,0.36,6,0.0363636363636,0.222592592593,11,11,11,1,0,0.0909090909091,0.727272727273,0.181818181818,-1,-0.00909090909091,0.154958677686,-0.181818181818,-0.1,-0.388888888889,-0.249843074903,-0.0478691267618,-0.0253588516746,0.023125976035,0.0471919665957,0.0177033492823,-0.321929702137,-0.130222187836,-0.0674641148325,0.021681698917,-0.010046403104,0.0909090909091,0.154958677686,0.021681698917,0.0909090909091,-0.0141991341991,-0.04,-2,-0.0121212121212,-0.032962962963,0,0.0909090909091,-0.0909090909091,18,1,2,89,0.9,0.988888888889,0.0111111111111,0.1,0.947368421053,0.9,0.923076923077,0.906956031802,0.888888888889,0.857142857143,3,4,0,0,0,0
3494,WLNM_dir_neg,0.71875,0.502840909091,00:00:00,10,80,39,1178364388,threshold_sweep,0.2,0.666666666667,0.5,0.571428571429,2,1,2,7,0.5,0.875,0.125,0.5,0.666666666667,0.5,0.571428571429,0.75,0.583333333333,0.4,0.408248290464,0.375,20,16,4,0,20,0,16,0,4,11,20,0.181818181818,3.04338842975,3.63636363636,2,2.5,1.68954001271,0.464623503495,0.245454545455,1.16774841624,0.642261628933,0.336363636364,1.94000937205,1.06700515463,0.536363636364,1.05689877454,0.347276990411,3.54545454545,3.04338842975,1.05689877454,3.54545454545,0.499047619048,0.4,8,0.0484848484848,0.255555555556,11,11,11,1,0,0.0909090909091,0.636363636364,0.272727272727,11,0.145454545455,3.31818181818,2.90909090909,1.6,2,1.51357493733,0.520291384707,0.261363636364,1.03572548135,0.712061268431,0.329545454545,1.50755672289,1.03644524699,0.511363636364,1.38334246072,0.416897727889,5,3.31818181818,1.38334246072,5,0.396296296296,0.243243243243,3,0.0181818181818,0.211851851852,11,11,11,1,0,0.0909090909091,0.636363636364,0.272727272727,11,19,0.172727272727,3.19834710744,3.45454545455,1.9,2.11111111111,1.43969693781,0.416754376733,0.22009569378,1.19087439228,0.689453595529,0.354066985646,1.61807966991,0.936782966791,0.468899521531,1.07858047345,0.337230587307,3.63636363636,3.19834710744,1.07858047345,3.63636363636,0.484848484848,0.36,6,0.0363636363636,0.222592592593,11,11,11,1,0,0.0909090909091,0.727272727273,0.181818181818,-1,-0.00909090909091,0.154958677686,-0.181818181818,-0.1,-0.388888888889,-0.249843074903,-0.0478691267618,-0.0253588516746,0.023125976035,0.0471919665957,0.0177033492823,-0.321929702137,-0.130222187836,-0.0674641148325,0.021681698917,-0.010046403104,0.0909090909091,0.154958677686,0.021681698917,0.0909090909091,-0.0141991341991,-0.04,-2,-0.0121212121212,-0.032962962963,0,0.0909090909091,-0.0909090909091,18,1,2,89,0.9,0.988888888889,0.0111111111111,0.1,0.947368421053,0.9,0.923076923077,0.906956031802,0.888888888889,0.857142857143,3,4,0,0,0,0
3495,WLNM_dir_neg,0.71875,0.502840909091,00:00:00,10,80,39,1178364388,threshold_sweep,0.3,0.666666666667,0.5,0.571428571429,2,1,2,7,0.5,0.875,0.125,0.5,0.666666666667,0.5,0.571428571429,0.75,0.583333333333,0.4,0.408248290464,0.375,20,16,4,0,20,0,16,0,4,11,20,0.181818181818,3.04338842975,3.63636363636,2,2.5,1.68954001271,0.464623503495,0.245454545455,1.16774841624,0.642261628933,0.336363636364,1.94000937205,1.06700515463,0.536363636364,1.05689877454,0.347276990411,3.54545454545,3.04338842975,1.05689877454,3.54545454545,0.499047619048,0.4,8,0.0484848484848,0.255555555556,11,11,11,1,0,0.0909090909091,0.636363636364,0.272727272727,11,0.145454545455,3.31818181818,2.90909090909,1.6,2,1.51357493733,0.520291384707,0.261363636364,1.03572548135,0.712061268431,0.329545454545,1.50755672289,1.03644524699,0.511363636364,1.38334246072,0.416897727889,5,3.31818181818,1.38334246072,5,0.396296296296,0.243243243243,3,0.0181818181818,0.211851851852,11,11,11,1,0,0.0909090909091,0.636363636364,0.272727272727,11,19,0.172727272727,3.19834710744,3.45454545455,1.9,2.11111111111,1.43969693781,0.416754376733,0.22009569378,1.19087439228,0.689453595529,0.354066985646,1.61807966991,0.936782966791,0.468899521531,1.07858047345,0.337230587307,3.63636363636,3.19834710744,1.07858047345,3.63636363636,0.484848484848,0.36,6,0.0363636363636,0.222592592593,11,11,11,1,0,0.0909090909091,0.727272727273,0.181818181818,-1,-0.00909090909091,0.154958677686,-0.181818181818,-0.1,-0.388888888889,-0.249843074903,-0.0478691267618,-0.0253588516746,0.023125976035,0.0471919665957,0.0177033492823,-0.321929702137,-0.130222187836,-0.0674641148325,0.021681698917,-0.010046403104,0.0909090909091,0.154958677686,0.021681698917,0.0909090909091,-0.0141991341991,-0.04,-2,-0.0121212121212,-0.032962962963,0,0.0909090909091,-0.0909090909091,18,1,2,89,0.9,0.988888888889,0.0111111111111,0.1,0.947368421053,0.9,0.923076923077,0.906956031802,0.888888888889,0.857142857143,3,4,0,0,0,0
3496,WLNM_dir_neg,0.71875,0.502840909091,00:00:00,10,80,39,1178364388,threshold_sweep,0.4,0.666666666667,0.5,0.571428571429,2,1,2,7,0.5,0.875,0.125,0.5,0.666666666667,0.5,0.571428571429,0.75,0.583333333333,0.4,0.408248290464,0.375,20,16,4,0,20,0,16,0,4,11,20,0.181818181818,3.04338842975,3.63636363636,2,2.5,1.68954001271,0.464623503495,0.245454545455,1.16774841624,0.642261628933,0.336363636364,1.94000937205,1.06700515463,0.536363636364,1.05689877454,0.347276990411,3.54545454545,3.04338842975,1.05689877454,3.54545454545,0.499047619048,0.4,8,0.0484848484848,0.255555555556,11,11,11,1,0,0.0909090909091,0.636363636364,0.272727272727,11,0.145454545455,3.31818181818,2.90909090909,1.6,2,1.51357493733,0.520291384707,0.261363636364,1.03572548135,0.712061268431,0.329545454545,1.50755672289,1.03644524699,0.511363636364,1.38334246072,0.416897727889,5,3.31818181818,1.38334246072,5,0.396296296296,0.243243243243,3,0.0181818181818,0.211851851852,11,11,11,1,0,0.0909090909091,0.636363636364,0.272727272727,11,19,0.172727272727,3.19834710744,3.45454545455,1.9,2.11111111111,1.43969693781,0.416754376733,0.22009569378,1.19087439228,0.689453595529,0.354066985646,1.61807966991,0.936782966791,0.468899521531,1.07858047345,0.337230587307,3.63636363636,3.19834710744,1.07858047345,3.63636363636,0.484848484848,0.36,6,0.0363636363636,0.222592592593,11,11,11,1,0,0.0909090909091,0.727272727273,0.181818181818,-1,-0.00909090909091,0.154958677686,-0.181818181818,-0.1,-0.388888888889,-0.249843074903,-0.0478691267618,-0.0253588516746,0.023125976035,0.0471919665957,0.0177033492823,-0.321929702137,-0.130222187836,-0.0674641148325,0.021681698917,-0.010046403104,0.0909090909091,0.154958677686,0.021681698917,0.0909090909091,-0.0141991341991,-0.04,-2,-0.0121212121212,-0.032962962963,0,0.0909090909091,-0.0909090909091,18,1,2,89,0.9,0.988888888889,0.0111111111111,0.1,0.947368421053,0.9,0.923076923077,0.906956031802,0.888888888889,0.857142857143,3,4,0,0,0,0
3497,WLNM_dir_neg,0.71875,0.502840909091,00:00:00,10,80,39,1178364388,threshold_sweep,0.5,0.666666666667,0.5,0.571428571429,2,1,2,7,0.5,0.875,0.125,0.5,0.666666666667,0.5,0.571428571429,0.75,0.583333333333,0.4,0.408248290464,0.375,20,16,4,0,20,0,16,0,4,11,20,0.181818181818,3.04338842975,3.63636363636,2,2.5,1.68954001271,0.464623503495,0.245454545455,1.16774841624,0.642261628933,0.336363636364,1.94000937205,1.06700515463,0.536363636364,1.05689877454,0.347276990411,3.54545454545,3.04338842975,1.05689877454,3.54545454545,0.499047619048,0.4,8,0.0484848484848,0.255555555556,11,11,11,1,0,0.0909090909091,0.636363636364,0.272727272727,11,0.145454545455,3.31818181818,2.90909090909,1.6,2,1.51357493733,0.520291384707,0.261363636364,1.03572548135,0.712061268431,0.329545454545,1.50755672289,1.03644524699,0.511363636364,1.38334246072,0.416897727889,5,3.31818181818,1.38334246072,5,0.396296296296,0.243243243243,3,0.0181818181818,0.211851851852,11,11,11,1,0,0.0909090909091,0.636363636364,0.272727272727,11,19,0.172727272727,3.19834710744,3.45454545455,1.9,2.11111111111,1.43969693781,0.416754376733,0.22009569378,1.19087439228,0.689453595529,0.354066985646,1.61807966991,0.936782966791,0.468899521531,1.07858047345,0.337230587307,3.63636363636,3.19834710744,1.07858047345,3.63636363636,0.484848484848,0.36,6,0.0363636363636,0.222592592593,11,11,11,1,0,0.0909090909091,0.727272727273,0.181818181818,-1,-0.00909090909091,0.154958677686,-0.181818181818,-0.1,-0.388888888889,-0.249843074903,-0.0478691267618,-0.0253588516746,0.023125976035,0.0471919665957,0.0177033492823,-0.321929702137,-0.130222187836,-0.0674641148325,0.021681698917,-0.010046403104,0.0909090909091,0.154958677686,0.021681698917,0.0909090909091,-0.0141991341991,-0.04,-2,-0.0121212121212,-0.032962962963,0,0.0909090909091,-0.0909090909091,18,1,2,89,0.9,0.988888888889,0.0111111111111,0.1,0.947368421053,0.9,0.923076923077,0.906956031802,0.888888888889,0.857142857143,3,4,0,0,0,0
3498,WLNM_dir_neg,0.71875,0.502840909091,00:00:00,10,80,39,1178364388,threshold_sweep,0.6,0.666666666667,0.5,0.571428571429,2,1,2,7,0.5,0.875,0.125,0.5,0.666666666667,0.5,0.571428571429,0.75,0.583333333333,0.4,0.408248290464,0.375,20,16,4,0,20,0,16,0,4,11,20,0.181818181818,3.04338842975,3.63636363636,2,2.5,1.68954001271,0.464623503495,0.245454545455,1.16774841624,0.642261628933,0.336363636364,1.94000937205,1.06700515463,0.536363636364,1.05689877454,0.347276990411,3.54545454545,3.04338842975,1.05689877454,3.54545454545,0.499047619048,0.4,8,0.0484848484848,0.255555555556,11,11,11,1,0,0.0909090909091,0.636363636364,0.272727272727,11,0.145454545455,3.31818181818,2.90909090909,1.6,2,1.51357493733,0.520291384707,0.261363636364,1.03572548135,0.712061268431,0.329545454545,1.50755672289,1.03644524699,0.511363636364,1.38334246072,0.416897727889,5,3.31818181818,1.38334246072,5,0.396296296296,0.243243243243,3,0.0181818181818,0.211851851852,11,11,11,1,0,0.0909090909091,0.636363636364,0.272727272727,11,19,0.172727272727,3.19834710744,3.45454545455,1.9,2.11111111111,1.43969693781,0.416754376733,0.22009569378,1.19087439228,0.689453595529,0.354066985646,1.61807966991,0.936782966791,0.468899521531,1.07858047345,0.337230587307,3.63636363636,3.19834710744,1.07858047345,3.63636363636,0.484848484848,0.36,6,0.0363636363636,0.222592592593,11,11,11,1,0,0.0909090909091,0.727272727273,0.181818181818,-1,-0.00909090909091,0.154958677686,-0.181818181818,-0.1,-0.388888888889,-0.249843074903,-0.0478691267618,-0.0253588516746,0.023125976035,0.0471919665957,0.0177033492823,-0.321929702137,-0.130222187836,-0.0674641148325,0.021681698917,-0.010046403104,0.0909090909091,0.154958677686,0.021681698917,0.0909090909091,-0.0141991341991,-0.04,-2,-0.0121212121212,-0.032962962963,0,0.0909090909091,-0.0909090909091,18,1,2,89,0.9,0.988888888889,0.0111111111111,0.1,0.947368421053,0.9,0.923076923077,0.906956031802,0.888888888889,0.857142857143,3,4,0,0,0,0
3499,WLNM_dir_neg,0.71875,0.502840909091,00:00:00,10,80,39,1178364388,threshold_sweep,0.7,0.666666666667,0.5,0.571428571429,2,1,2,7,0.5,0.875,0.125,0.5,0.666666666667,0.5,0.571428571429,0.75,0.583333333333,0.4,0.408248290464,0.375,20,16,4,0,20,0,16,0,4,11,20,0.181818181818,3.04338842975,3.63636363636,2,2.5,1.68954001271,0.464623503495,0.245454545455,1.16774841624,0.642261628933,0.336363636364,1.94000937205,1.06700515463,0.536363636364,1.05689877454,0.347276990411,3.54545454545,3.04338842975,1.05689877454,3.54545454545,0.499047619048,0.4,8,0.0484848484848,0.255555555556,11,11,11,1,0,0.0909090909091,0.636363636364,0.272727272727,11,0.145454545455,3.31818181818,2.90909090909,1.6,2,1.51357493733,0.520291384707,0.261363636364,1.03572548135,0.712061268431,0.329545454545,1.50755672289,1.03644524699,0.511363636364,1.38334246072,0.416897727889,5,3.31818181818,1.38334246072,5,0.396296296296,0.243243243243,3,0.0181818181818,0.211851851852,11,11,11,1,0,0.0909090909091,0.636363636364,0.272727272727,11,19,0.172727272727,3.19834710744,3.45454545455,1.9,2.11111111111,1.43969693781,0.416754376733,0.22009569378,1.19087439228,0.689453595529,0.354066985646,1.61807966991,0.936782966791,0.468899521531,1.07858047345,0.337230587307,3.63636363636,3.19834710744,1.07858047345,3.63636363636,0.484848484848,0.36,6,0.0363636363636,0.222592592593,11,11,11,1,0,0.0909090909091,0.727272727273,0.181818181818,-1,-0.00909090909091,0.154958677686,-0.181818181818,-0.1,-0.388888888889,-0.249843074903,-0.0478691267618,-0.0253588516746,0.023125976035,0.0471919665957,0.0177033492823,-0.321929702137,-0.130222187836,-0.0674641148325,0.021681698917,-0.010046403104,0.0909090909091,0.154958677686,0.021681698917,0.0909090909091,-0.0141991341991,-0.04,-2,-0.0121212121212,-0.032962962963,0,0.0909090909091,-0.0909090909091,18,1,2,89,0.9,0.988888888889,0.0111111111111,0.1,0.947368421053,0.9,0.923076923077,0.906956031802,0.888888888889,0.857142857143,3,4,0,0,0,0
3500,WLNM_dir_neg,0.71875,0.502840909091,00:00:00,10,80,39,1178364388,threshold_sweep,0.8,0.666666666667,0.5,0.571428571429,2,1,2,7,0.5,0.875,0.125,0.5,0.666666666667,0.5,0.571428571429,0.75,0.583333333333,0.4,0.408248290464,0.375,20,16,4,0,20,0,16,0,4,11,20,0.181818181818,3.04338842975,3.63636363636,2,2.5,1.68954001271,0.464623503495,0.245454545455,1.16774841624,0.642261628933,0.336363636364,1.94000937205,1.06700515463,0.536363636364,1.05689877454,0.347276990411,3.54545454545,3.04338842975,1.05689877454,3.54545454545,0.499047619048,0.4,8,0.0484848484848,0.255555555556,11,11,11,1,0,0.0909090909091,0.636363636364,0.272727272727,11,0.145454545455,3.31818181818,2.90909090909,1.6,2,1.51357493733,0.520291384707,0.261363636364,1.03572548135,0.712061268431,0.329545454545,1.50755672289,1.03644524699,0.511363636364,1.38334246072,0.416897727889,5,3.31818181818,1.38334246072,5,0.396296296296,0.243243243243,3,0.0181818181818,0.211851851852,11,11,11,1,0,0.0909090909091,0.636363636364,0.272727272727,11,19,0.172727272727,3.19834710744,3.45454545455,1.9,2.11111111111,1.43969693781,0.416754376733,0.22009569378,1.19087439228,0.689453595529,0.354066985646,1.61807966991,0.936782966791,0.468899521531,1.07858047345,0.337230587307,3.63636363636,3.19834710744,1.07858047345,3.63636363636,0.484848484848,0.36,6,0.0363636363636,0.222592592593,11,11,11,1,0,0.0909090909091,0.727272727273,0.181818181818,-1,-0.00909090909091,0.154958677686,-0.181818181818,-0.1,-0.388888888889,-0.249843074903,-0.0478691267618,-0.0253588516746,0.023125976035,0.0471919665957,0.0177033492823,-0.321929702137,-0.130222187836,-0.0674641148325,0.021681698917,-0.010046403104,0.0909090909091,0.154958677686,0.021681698917,0.0909090909091,-0.0141991341991,-0.04,-2,-0.0121212121212,-0.032962962963,0,0.0909090909091,-0.0909090909091,18,1,2,89,0.9,0.988888888889,0.0111111111111,0.1,0.947368421053,0.9,0.923076923077,0.906956031802,0.888888888889,0.857142857143,3,4,0,0,0,0
3501,WLNM_dir_neg,0.71875,0.502840909091,00:00:00,10,80,39,1178364388,threshold_sweep,0.9,0.666666666667,0.5,0.571428571429,2,1,2,7,0.5,0.875,0.125,0.5,0.666666666667,0.5,0.571428571429,0.75,0.583333333333,0.4,0.408248290464,0.375,20,16,4,0,20,0,16,0,4,11,20,0.181818181818,3.04338842975,3.63636363636,2,2.5,1.68954001271,0.464623503495,0.245454545455,1.16774841624,0.642261628933,0.336363636364,1.94000937205,1.06700515463,0.536363636364,1.05689877454,0.347276990411,3.54545454545,3.04338842975,1.05689877454,3.54545454545,0.499047619048,0.4,8,0.0484848484848,0.255555555556,11,11,11,1,0,0.0909090909091,0.636363636364,0.272727272727,11,0.145454545455,3.31818181818,2.90909090909,1.6,2,1.51357493733,0.520291384707,0.261363636364,1.03572548135,0.712061268431,0.329545454545,1.50755672289,1.03644524699,0.511363636364,1.38334246072,0.416897727889,5,3.31818181818,1.38334246072,5,0.396296296296,0.243243243243,3,0.0181818181818,0.211851851852,11,11,11,1,0,0.0909090909091,0.636363636364,0.272727272727,11,19,0.172727272727,3.19834710744,3.45454545455,1.9,2.11111111111,1.43969693781,0.416754376733,0.22009569378,1.19087439228,0.689453595529,0.354066985646,1.61807966991,0.936782966791,0.468899521531,1.07858047345,0.337230587307,3.63636363636,3.19834710744,1.07858047345,3.63636363636,0.484848484848,0.36,6,0.0363636363636,0.222592592593,11,11,11,1,0,0.0909090909091,0.727272727273,0.181818181818,-1,-0.00909090909091,0.154958677686,-0.181818181818,-0.1,-0.388888888889,-0.249843074903,-0.0478691267618,-0.0253588516746,0.023125976035,0.0471919665957,0.0177033492823,-0.321929702137,-0.130222187836,-0.0674641148325,0.021681698917,-0.010046403104,0.0909090909091,0.154958677686,0.021681698917,0.0909090909091,-0.0141991341991,-0.04,-2,-0.0121212121212,-0.032962962963,0,0.0909090909091,-0.0909090909091,18,1,2,89,0.9,0.988888888889,0.0111111111111,0.1,0.947368421053,0.9,0.923076923077,0.906956031802,0.888888888889,0.857142857143,3,4,0,0,0,0
3502,WLNM_dir_neg,0.75,0.575757575758,00:00:00,10,80,40,1178364389,threshold_sweep,0.1,1,0.75,0.857142857143,3,0,1,8,0.75,1,0,0.25,1,0.75,0.857142857143,0.916666666667,0.583333333333,0.8,0.816496580928,0.75,20,16,4,0,20,0,16,0,4,11,20,0.181818181818,3.04338842975,3.63636363636,2,2.5,1.68954001271,0.464623503495,0.245454545455,1.16774841624,0.642261628933,0.336363636364,1.94000937205,1.06700515463,0.536363636364,1.05689877454,0.347276990411,3.54545454545,3.04338842975,1.05689877454,3.54545454545,0.499047619048,0.4,8,0.0484848484848,0.255555555556,11,11,11,1,0,0.0909090909091,0.636363636364,0.272727272727,11,0.145454545455,3.34090909091,2.90909090909,1.6,2,1.3751033019,0.47269176003,0.238636363636,0.820199532265,0.563887178432,0.284090909091,1.57249078621,1.08108741552,0.522727272727,1.55833535894,0.4664405156,5.5,3.34090909091,1.55833535894,5.5,0.32962962963,0.25,3,0.0181818181818,0.196296296296,11,11,11,1,0,0.0909090909091,0.636363636364,0.272727272727,11,19,0.172727272727,3.0847107438,3.45454545455,1.9,2.375,1.50755672289,0.436397998731,0.234449760766,1.1037127426,0.638991587822,0.325358851675,1.7372915179,1.00580035247,0.516746411483,1.09771037579,0.355855205548,3.63636363636,3.0847107438,1.09771037579,3.63636363636,0.466666666667,0.352941176471,6,0.0363636363636,0.23,11,11,11,1,0,0.0909090909091,0.636363636364,0.272727272727,-1,-0.00909090909091,0.0413223140496,-0.181818181818,-0.1,-0.125,-0.18198328982,-0.0282255047641,-0.011004784689,-0.0640356736404,-0.0032700411111,-0.011004784689,-0.202717854144,-0.0612048021559,-0.0196172248804,0.0408116012549,0.00857821513672,0.0909090909091,0.0413223140496,0.0408116012549,0.0909090909091,-0.032380952381,-0.0470588235294,-2,-0.0121212121212,-0.0255555555556,0,0,0,19,0,1,90,0.95,1,0,0.05,1,0.95,0.974358974359,0.969309258988,0.95,0.95,3,4,0,0,0,0
3503,WLNM_dir_neg,0.75,0.575757575758,00:00:00,10,80,40,1178364389,threshold_sweep,0.2,1,0.75,0.857142857143,3,0,1,8,0.75,1,0,0.25,1,0.75,0.857142857143,0.916666666667,0.583333333333,0.8,0.816496580928,0.75,20,16,4,0,20,0,16,0,4,11,20,0.181818181818,3.04338842975,3.63636363636,2,2.5,1.68954001271,0.464623503495,0.245454545455,1.16774841624,0.642261628933,0.336363636364,1.94000937205,1.06700515463,0.536363636364,1.05689877454,0.347276990411,3.54545454545,3.04338842975,1.05689877454,3.54545454545,0.499047619048,0.4,8,0.0484848484848,0.255555555556,11,11,11,1,0,0.0909090909091,0.636363636364,0.272727272727,11,0.145454545455,3.34090909091,2.90909090909,1.6,2,1.3751033019,0.47269176003,0.238636363636,0.820199532265,0.563887178432,0.284090909091,1.57249078621,1.08108741552,0.522727272727,1.55833535894,0.4664405156,5.5,3.34090909091,1.55833535894,5.5,0.32962962963,0.25,3,0.0181818181818,0.196296296296,11,11,11,1,0,0.0909090909091,0.636363636364,0.272727272727,11,19,0.172727272727,3.0847107438,3.45454545455,1.9,2.375,1.50755672289,0.436397998731,0.234449760766,1.1037127426,0.638991587822,0.325358851675,1.7372915179,1.00580035247,0.516746411483,1.09771037579,0.355855205548,3.63636363636,3.0847107438,1.09771037579,3.63636363636,0.466666666667,0.352941176471,6,0.0363636363636,0.23,11,11,11,1,0,0.0909090909091,0.636363636364,0.272727272727,-1,-0.00909090909091,0.0413223140496,-0.181818181818,-0.1,-0.125,-0.18198328982,-0.0282255047641,-0.011004784689,-0.0640356736404,-0.0032700411111,-0.011004784689,-0.202717854144,-0.0612048021559,-0.0196172248804,0.0408116012549,0.00857821513672,0.0909090909091,0.0413223140496,0.0408116012549,0.0909090909091,-0.032380952381,-0.0470588235294,-2,-0.0121212121212,-0.0255555555556,0,0,0,19,0,1,90,0.95,1,0,0.05,1,0.95,0.974358974359,0.969309258988,0.95,0.95,3,4,0,0,0,0
3504,WLNM_dir_neg,0.75,0.575757575758,00:00:00,10,80,40,1178364389,threshold_sweep,0.3,1,0.75,0.857142857143,3,0,1,8,0.75,1,0,0.25,1,0.75,0.857142857143,0.916666666667,0.583333333333,0.8,0.816496580928,0.75,20,16,4,0,20,0,16,0,4,11,20,0.181818181818,3.04338842975,3.63636363636,2,2.5,1.68954001271,0.464623503495,0.245454545455,1.16774841624,0.642261628933,0.336363636364,1.94000937205,1.06700515463,0.536363636364,1.05689877454,0.347276990411,3.54545454545,3.04338842975,1.05689877454,3.54545454545,0.499047619048,0.4,8,0.0484848484848,0.255555555556,11,11,11,1,0,0.0909090909091,0.636363636364,0.272727272727,11,0.145454545455,3.34090909091,2.90909090909,1.6,2,1.3751033019,0.47269176003,0.238636363636,0.820199532265,0.563887178432,0.284090909091,1.57249078621,1.08108741552,0.522727272727,1.55833535894,0.4664405156,5.5,3.34090909091,1.55833535894,5.5,0.32962962963,0.25,3,0.0181818181818,0.196296296296,11,11,11,1,0,0.0909090909091,0.636363636364,0.272727272727,11,19,0.172727272727,3.0847107438,3.45454545455,1.9,2.375,1.50755672289,0.436397998731,0.234449760766,1.1037127426,0.638991587822,0.325358851675,1.7372915179,1.00580035247,0.516746411483,1.09771037579,0.355855205548,3.63636363636,3.0847107438,1.09771037579,3.63636363636,0.466666666667,0.352941176471,6,0.0363636363636,0.23,11,11,11,1,0,0.0909090909091,0.636363636364,0.272727272727,-1,-0.00909090909091,0.0413223140496,-0.181818181818,-0.1,-0.125,-0.18198328982,-0.0282255047641,-0.011004784689,-0.0640356736404,-0.0032700411111,-0.011004784689,-0.202717854144,-0.0612048021559,-0.0196172248804,0.0408116012549,0.00857821513672,0.0909090909091,0.0413223140496,0.0408116012549,0.0909090909091,-0.032380952381,-0.0470588235294,-2,-0.0121212121212,-0.0255555555556,0,0,0,19,0,1,90,0.95,1,0,0.05,1,0.95,0.974358974359,0.969309258988,0.95,0.95,3,4,0,0,0,0
3505,WLNM_dir_neg,0.75,0.575757575758,00:00:00,10,80,40,1178364389,threshold_sweep,0.4,1,0.75,0.857142857143,3,0,1,8,0.75,1,0,0.25,1,0.75,0.857142857143,0.916666666667,0.583333333333,0.8,0.816496580928,0.75,20,16,4,0,20,0,16,0,4,11,20,0.181818181818,3.04338842975,3.63636363636,2,2.5,1.68954001271,0.464623503495,0.245454545455,1.16774841624,0.642261628933,0.336363636364,1.94000937205,1.06700515463,0.536363636364,1.05689877454,0.347276990411,3.54545454545,3.04338842975,1.05689877454,3.54545454545,0.499047619048,0.4,8,0.0484848484848,0.255555555556,11,11,11,1,0,0.0909090909091,0.636363636364,0.272727272727,11,0.145454545455,3.34090909091,2.90909090909,1.6,2,1.3751033019,0.47269176003,0.238636363636,0.820199532265,0.563887178432,0.284090909091,1.57249078621,1.08108741552,0.522727272727,1.55833535894,0.4664405156,5.5,3.34090909091,1.55833535894,5.5,0.32962962963,0.25,3,0.0181818181818,0.196296296296,11,11,11,1,0,0.0909090909091,0.636363636364,0.272727272727,11,19,0.172727272727,3.0847107438,3.45454545455,1.9,2.375,1.50755672289,0.436397998731,0.234449760766,1.1037127426,0.638991587822,0.325358851675,1.7372915179,1.00580035247,0.516746411483,1.09771037579,0.355855205548,3.63636363636,3.0847107438,1.09771037579,3.63636363636,0.466666666667,0.352941176471,6,0.0363636363636,0.23,11,11,11,1,0,0.0909090909091,0.636363636364,0.272727272727,-1,-0.00909090909091,0.0413223140496,-0.181818181818,-0.1,-0.125,-0.18198328982,-0.0282255047641,-0.011004784689,-0.0640356736404,-0.0032700411111,-0.011004784689,-0.202717854144,-0.0612048021559,-0.0196172248804,0.0408116012549,0.00857821513672,0.0909090909091,0.0413223140496,0.0408116012549,0.0909090909091,-0.032380952381,-0.0470588235294,-2,-0.0121212121212,-0.0255555555556,0,0,0,19,0,1,90,0.95,1,0,0.05,1,0.95,0.974358974359,0.969309258988,0.95,0.95,3,4,0,0,0,0
3506,WLNM_dir_neg,0.75,0.575757575758,00:00:00,10,80,40,1178364389,threshold_sweep,0.5,1,0.75,0.857142857143,3,0,1,8,0.75,1,0,0.25,1,0.75,0.857142857143,0.916666666667,0.583333333333,0.8,0.816496580928,0.75,20,16,4,0,20,0,16,0,4,11,20,0.181818181818,3.04338842975,3.63636363636,2,2.5,1.68954001271,0.464623503495,0.245454545455,1.16774841624,0.642261628933,0.336363636364,1.94000937205,1.06700515463,0.536363636364,1.05689877454,0.347276990411,3.54545454545,3.04338842975,1.05689877454,3.54545454545,0.499047619048,0.4,8,0.0484848484848,0.255555555556,11,11,11,1,0,0.0909090909091,0.636363636364,0.272727272727,11,0.145454545455,3.34090909091,2.90909090909,1.6,2,1.3751033019,0.47269176003,0.238636363636,0.820199532265,0.563887178432,0.284090909091,1.57249078621,1.08108741552,0.522727272727,1.55833535894,0.4664405156,5.5,3.34090909091,1.55833535894,5.5,0.32962962963,0.25,3,0.0181818181818,0.196296296296,11,11,11,1,0,0.0909090909091,0.636363636364,0.272727272727,11,19,0.172727272727,3.0847107438,3.45454545455,1.9,2.375,1.50755672289,0.436397998731,0.234449760766,1.1037127426,0.638991587822,0.325358851675,1.7372915179,1.00580035247,0.516746411483,1.09771037579,0.355855205548,3.63636363636,3.0847107438,1.09771037579,3.63636363636,0.466666666667,0.352941176471,6,0.0363636363636,0.23,11,11,11,1,0,0.0909090909091,0.636363636364,0.272727272727,-1,-0.00909090909091,0.0413223140496,-0.181818181818,-0.1,-0.125,-0.18198328982,-0.0282255047641,-0.011004784689,-0.0640356736404,-0.0032700411111,-0.011004784689,-0.202717854144,-0.0612048021559,-0.0196172248804,0.0408116012549,0.00857821513672,0.0909090909091,0.0413223140496,0.0408116012549,0.0909090909091,-0.032380952381,-0.0470588235294,-2,-0.0121212121212,-0.0255555555556,0,0,0,19,0,1,90,0.95,1,0,0.05,1,0.95,0.974358974359,0.969309258988,0.95,0.95,3,4,0,0,0,0
3507,WLNM_dir_neg,0.75,0.575757575758,00:00:00,10,80,40,1178364389,threshold_sweep,0.6,1,0.75,0.857142857143,3,0,1,8,0.75,1,0,0.25,1,0.75,0.857142857143,0.916666666667,0.583333333333,0.8,0.816496580928,0.75,20,16,4,0,20,0,16,0,4,11,20,0.181818181818,3.04338842975,3.63636363636,2,2.5,1.68954001271,0.464623503495,0.245454545455,1.16774841624,0.642261628933,0.336363636364,1.94000937205,1.06700515463,0.536363636364,1.05689877454,0.347276990411,3.54545454545,3.04338842975,1.05689877454,3.54545454545,0.499047619048,0.4,8,0.0484848484848,0.255555555556,11,11,11,1,0,0.0909090909091,0.636363636364,0.272727272727,11,0.145454545455,3.34090909091,2.90909090909,1.6,2,1.3751033019,0.47269176003,0.238636363636,0.820199532265,0.563887178432,0.284090909091,1.57249078621,1.08108741552,0.522727272727,1.55833535894,0.4664405156,5.5,3.34090909091,1.55833535894,5.5,0.32962962963,0.25,3,0.0181818181818,0.196296296296,11,11,11,1,0,0.0909090909091,0.636363636364,0.272727272727,11,19,0.172727272727,3.0847107438,3.45454545455,1.9,2.375,1.50755672289,0.436397998731,0.234449760766,1.1037127426,0.638991587822,0.325358851675,1.7372915179,1.00580035247,0.516746411483,1.09771037579,0.355855205548,3.63636363636,3.0847107438,1.09771037579,3.63636363636,0.466666666667,0.352941176471,6,0.0363636363636,0.23,11,11,11,1,0,0.0909090909091,0.636363636364,0.272727272727,-1,-0.00909090909091,0.0413223140496,-0.181818181818,-0.1,-0.125,-0.18198328982,-0.0282255047641,-0.011004784689,-0.0640356736404,-0.0032700411111,-0.011004784689,-0.202717854144,-0.0612048021559,-0.0196172248804,0.0408116012549,0.00857821513672,0.0909090909091,0.0413223140496,0.0408116012549,0.0909090909091,-0.032380952381,-0.0470588235294,-2,-0.0121212121212,-0.0255555555556,0,0,0,19,0,1,90,0.95,1,0,0.05,1,0.95,0.974358974359,0.969309258988,0.95,0.95,3,4,0,0,0,0
3508,WLNM_dir_neg,0.75,0.575757575758,00:00:00,10,80,40,1178364389,threshold_sweep,0.7,1,0.75,0.857142857143,3,0,1,8,0.75,1,0,0.25,1,0.75,0.857142857143,0.916666666667,0.583333333333,0.8,0.816496580928,0.75,20,16,4,0,20,0,16,0,4,11,20,0.181818181818,3.04338842975,3.63636363636,2,2.5,1.68954001271,0.464623503495,0.245454545455,1.16774841624,0.642261628933,0.336363636364,1.94000937205,1.06700515463,0.536363636364,1.05689877454,0.347276990411,3.54545454545,3.04338842975,1.05689877454,3.54545454545,0.499047619048,0.4,8,0.0484848484848,0.255555555556,11,11,11,1,0,0.0909090909091,0.636363636364,0.272727272727,11,0.145454545455,3.34090909091,2.90909090909,1.6,2,1.3751033019,0.47269176003,0.238636363636,0.820199532265,0.563887178432,0.284090909091,1.57249078621,1.08108741552,0.522727272727,1.55833535894,0.4664405156,5.5,3.34090909091,1.55833535894,5.5,0.32962962963,0.25,3,0.0181818181818,0.196296296296,11,11,11,1,0,0.0909090909091,0.636363636364,0.272727272727,11,19,0.172727272727,3.0847107438,3.45454545455,1.9,2.375,1.50755672289,0.436397998731,0.234449760766,1.1037127426,0.638991587822,0.325358851675,1.7372915179,1.00580035247,0.516746411483,1.09771037579,0.355855205548,3.63636363636,3.0847107438,1.09771037579,3.63636363636,0.466666666667,0.352941176471,6,0.0363636363636,0.23,11,11,11,1,0,0.0909090909091,0.636363636364,0.272727272727,-1,-0.00909090909091,0.0413223140496,-0.181818181818,-0.1,-0.125,-0.18198328982,-0.0282255047641,-0.011004784689,-0.0640356736404,-0.0032700411111,-0.011004784689,-0.202717854144,-0.0612048021559,-0.0196172248804,0.0408116012549,0.00857821513672,0.0909090909091,0.0413223140496,0.0408116012549,0.0909090909091,-0.032380952381,-0.0470588235294,-2,-0.0121212121212,-0.0255555555556,0,0,0,19,0,1,90,0.95,1,0,0.05,1,0.95,0.974358974359,0.969309258988,0.95,0.95,3,4,0,0,0,0
3509,WLNM_dir_neg,0.75,0.575757575758,00:00:00,10,80,40,1178364389,threshold_sweep,0.8,1,0.75,0.857142857143,3,0,1,8,0.75,1,0,0.25,1,0.75,0.857142857143,0.916666666667,0.583333333333,0.8,0.816496580928,0.75,20,16,4,0,20,0,16,0,4,11,20,0.181818181818,3.04338842975,3.63636363636,2,2.5,1.68954001271,0.464623503495,0.245454545455,1.16774841624,0.642261628933,0.336363636364,1.94000937205,1.06700515463,0.536363636364,1.05689877454,0.347276990411,3.54545454545,3.04338842975,1.05689877454,3.54545454545,0.499047619048,0.4,8,0.0484848484848,0.255555555556,11,11,11,1,0,0.0909090909091,0.636363636364,0.272727272727,11,0.145454545455,3.34090909091,2.90909090909,1.6,2,1.3751033019,0.47269176003,0.238636363636,0.820199532265,0.563887178432,0.284090909091,1.57249078621,1.08108741552,0.522727272727,1.55833535894,0.4664405156,5.5,3.34090909091,1.55833535894,5.5,0.32962962963,0.25,3,0.0181818181818,0.196296296296,11,11,11,1,0,0.0909090909091,0.636363636364,0.272727272727,11,19,0.172727272727,3.0847107438,3.45454545455,1.9,2.375,1.50755672289,0.436397998731,0.234449760766,1.1037127426,0.638991587822,0.325358851675,1.7372915179,1.00580035247,0.516746411483,1.09771037579,0.355855205548,3.63636363636,3.0847107438,1.09771037579,3.63636363636,0.466666666667,0.352941176471,6,0.0363636363636,0.23,11,11,11,1,0,0.0909090909091,0.636363636364,0.272727272727,-1,-0.00909090909091,0.0413223140496,-0.181818181818,-0.1,-0.125,-0.18198328982,-0.0282255047641,-0.011004784689,-0.0640356736404,-0.0032700411111,-0.011004784689,-0.202717854144,-0.0612048021559,-0.0196172248804,0.0408116012549,0.00857821513672,0.0909090909091,0.0413223140496,0.0408116012549,0.0909090909091,-0.032380952381,-0.0470588235294,-2,-0.0121212121212,-0.0255555555556,0,0,0,19,0,1,90,0.95,1,0,0.05,1,0.95,0.974358974359,0.969309258988,0.95,0.95,3,4,0,0,0,0
3510,WLNM_dir_neg,0.75,0.575757575758,00:00:00,10,80,40,1178364389,threshold_sweep,0.9,1,0.5,0.666666666667,2,0,2,8,0.5,1,0,0.5,1,0.5,0.666666666667,0.833333333333,0.611111111111,0.571428571429,0.632455532034,0.5,20,16,4,0,20,0,16,0,4,11,20,0.181818181818,3.04338842975,3.63636363636,2,2.5,1.68954001271,0.464623503495,0.245454545455,1.16774841624,0.642261628933,0.336363636364,1.94000937205,1.06700515463,0.536363636364,1.05689877454,0.347276990411,3.54545454545,3.04338842975,1.05689877454,3.54545454545,0.499047619048,0.4,8,0.0484848484848,0.255555555556,11,11,11,1,0,0.0909090909091,0.636363636364,0.272727272727,11,0.145454545455,3.34090909091,2.90909090909,1.6,2,1.3751033019,0.47269176003,0.238636363636,0.820199532265,0.563887178432,0.284090909091,1.57249078621,1.08108741552,0.522727272727,1.55833535894,0.4664405156,5.5,3.34090909091,1.55833535894,5.5,0.32962962963,0.25,3,0.0181818181818,0.196296296296,11,11,11,1,0,0.0909090909091,0.636363636364,0.272727272727,11,18,0.163636363636,3.11363636364,3.27272727273,1.8,2.25,1.42062726223,0.434080552347,0.227272727273,0.924416277737,0.564921058617,0.292929292929,1.68954001271,1.03249667443,0.525252525253,1.14353419474,0.367266456706,3.875,3.11363636364,1.14353419474,3.875,0.366666666667,0.266666666667,4,0.0242424242424,0.221111111111,11,11,11,1,0,0.0909090909091,0.636363636364,0.272727272727,-2,-0.0181818181818,0.0702479338843,-0.363636363636,-0.2,-0.25,-0.268912750482,-0.030542951148,-0.0181818181818,-0.243332138505,-0.0773405703161,-0.0434343434343,-0.250469359339,-0.0345084801933,-0.0111111111111,0.0866354202056,0.0199894662943,0.329545454545,0.0702479338843,0.0866354202056,0.329545454545,-0.132380952381,-0.133333333333,-4,-0.0242424242424,-0.0344444444444,0,0,0,18,0,2,90,0.9,1,0,0.1,1,0.9,0.947368421053,0.938314863257,0.9,0.9,2,4,0,0,0,0
3511,WLNM_dir_neg,1,0.75,00:00:00,10,80,41,1178364390,threshold_sweep,0.1,0.8,1,0.888888888889,4,1,0,7,1,0.875,0.125,0,0.8,1,0.888888888889,0.916666666667,0.527777777778,0.823529411765,0.836660026534,0.875,20,16,4,0,20,0,16,0,4,11,20,0.181818181818,3.04338842975,3.63636363636,2,2.5,1.68954001271,0.464623503495,0.245454545455,1.16774841624,0.642261628933,0.336363636364,1.94000937205,1.06700515463,0.536363636364,1.05689877454,0.347276990411,3.54545454545,3.04338842975,1.05689877454,3.54545454545,0.499047619048,0.4,8,0.0484848484848,0.255555555556,11,11,11,1,0,0.0909090909091,0.636363636364,0.272727272727,11,0.145454545455,3.34848484848,2.90909090909,1.6,2,1.70026735866,0.584466904538,0.272727272727,0.934198732994,0.642261628933,0.318181818182,1.7529196424,1.20513225415,0.545454545455,1.48034257569,0.4420932579,5.33333333333,3.34848484848,1.48034257569,5.33333333333,0.478835978836,0.292682926829,4,0.0242424242424,0.23962962963,11,11,11,1,0,0.0909090909091,0.636363636364,0.272727272727,11,21,0.190909090909,3.38636363636,3.81818181818,2.1,2.625,1.77866139657,0.465839889577,0.246753246753,1.13618180363,0.595142849523,0.311688311688,1.92117388357,1.00632917711,0.519480519481,1.39057019044,0.410638177043,4.32,3.38636363636,1.39057019044,4.32,0.499047619048,0.4,8,0.0484848484848,0.228518518519,11,11,11,1,0,0.0909090909091,0.636363636364,0.272727272727,1,0.00909090909091,0.342975206612,0.181818181818,0.1,0.125,0.0891213838574,0.00121638608194,0.0012987012987,-0.0315666126082,-0.0471187794107,-0.0246753246753,-0.0188354884792,-0.0606759775189,-0.0168831168831,0.333671415905,0.0633611866319,0.774545454545,0.342975206612,0.333671415905,0.774545454545,0,0,0,0,-0.027037037037,0,0,0,20,1,0,89,1,0.988888888889,0.0111111111111,0,0.952380952381,1,0.975609756098,0.970463261437,0.988888888889,0.952380952381,5,4,0,0,0,0
3512,WLNM_dir_neg,1,0.75,00:00:00,10,80,41,1178364390,threshold_sweep,0.2,0.8,1,0.888888888889,4,1,0,7,1,0.875,0.125,0,0.8,1,0.888888888889,0.916666666667,0.527777777778,0.823529411765,0.836660026534,0.875,20,16,4,0,20,0,16,0,4,11,20,0.181818181818,3.04338842975,3.63636363636,2,2.5,1.68954001271,0.464623503495,0.245454545455,1.16774841624,0.642261628933,0.336363636364,1.94000937205,1.06700515463,0.536363636364,1.05689877454,0.347276990411,3.54545454545,3.04338842975,1.05689877454,3.54545454545,0.499047619048,0.4,8,0.0484848484848,0.255555555556,11,11,11,1,0,0.0909090909091,0.636363636364,0.272727272727,11,0.145454545455,3.34848484848,2.90909090909,1.6,2,1.70026735866,0.584466904538,0.272727272727,0.934198732994,0.642261628933,0.318181818182,1.7529196424,1.20513225415,0.545454545455,1.48034257569,0.4420932579,5.33333333333,3.34848484848,1.48034257569,5.33333333333,0.478835978836,0.292682926829,4,0.0242424242424,0.23962962963,11,11,11,1,0,0.0909090909091,0.636363636364,0.272727272727,11,21,0.190909090909,3.38636363636,3.81818181818,2.1,2.625,1.77866139657,0.465839889577,0.246753246753,1.13618180363,0.595142849523,0.311688311688,1.92117388357,1.00632917711,0.519480519481,1.39057019044,0.410638177043,4.32,3.38636363636,1.39057019044,4.32,0.499047619048,0.4,8,0.0484848484848,0.228518518519,11,11,11,1,0,0.0909090909091,0.636363636364,0.272727272727,1,0.00909090909091,0.342975206612,0.181818181818,0.1,0.125,0.0891213838574,0.00121638608194,0.0012987012987,-0.0315666126082,-0.0471187794107,-0.0246753246753,-0.0188354884792,-0.0606759775189,-0.0168831168831,0.333671415905,0.0633611866319,0.774545454545,0.342975206612,0.333671415905,0.774545454545,0,0,0,0,-0.027037037037,0,0,0,20,1,0,89,1,0.988888888889,0.0111111111111,0,0.952380952381,1,0.975609756098,0.970463261437,0.988888888889,0.952380952381,5,4,0,0,0,0
3513,WLNM_dir_neg,1,0.75,00:00:00,10,80,41,1178364390,threshold_sweep,0.3,1,1,1,4,0,0,8,1,1,0,0,1,1,1,1,0.555555555556,1,1,1,20,16,4,0,20,0,16,0,4,11,20,0.181818181818,3.04338842975,3.63636363636,2,2.5,1.68954001271,0.464623503495,0.245454545455,1.16774841624,0.642261628933,0.336363636364,1.94000937205,1.06700515463,0.536363636364,1.05689877454,0.347276990411,3.54545454545,3.04338842975,1.05689877454,3.54545454545,0.499047619048,0.4,8,0.0484848484848,0.255555555556,11,11,11,1,0,0.0909090909091,0.636363636364,0.272727272727,11,0.145454545455,3.34848484848,2.90909090909,1.6,2,1.70026735866,0.584466904538,0.272727272727,0.934198732994,0.642261628933,0.318181818182,1.7529196424,1.20513225415,0.545454545455,1.48034257569,0.4420932579,5.33333333333,3.34848484848,1.48034257569,5.33333333333,0.478835978836,0.292682926829,4,0.0242424242424,0.23962962963,11,11,11,1,0,0.0909090909091,0.636363636364,0.272727272727,11,20,0.181818181818,3.04338842975,3.63636363636,2,2.5,1.68954001271,0.464623503495,0.245454545455,1.16774841624,0.642261628933,0.336363636364,1.94000937205,1.06700515463,0.536363636364,1.05689877454,0.347276990411,3.54545454545,3.04338842975,1.05689877454,3.54545454545,0.499047619048,0.4,8,0.0484848484848,0.255555555556,11,11,11,1,0,0.0909090909091,0.636363636364,0.272727272727,0,0,0,0,0,0,0,0,0,0,0,0,0,0,0,0,0,0,0,0,0,0,0,0,0,0,0,0,0,20,0,0,90,1,1,0,0,1,1,1,1,1,1,4,4,0,0,0,0
3514,WLNM_dir_neg,1,0.75,00:00:00,10,80,41,1178364390,threshold_sweep,0.4,1,1,1,4,0,0,8,1,1,0,0,1,1,1,1,0.555555555556,1,1,1,20,16,4,0,20,0,16,0,4,11,20,0.181818181818,3.04338842975,3.63636363636,2,2.5,1.68954001271,0.464623503495,0.245454545455,1.16774841624,0.642261628933,0.336363636364,1.94000937205,1.06700515463,0.536363636364,1.05689877454,0.347276990411,3.54545454545,3.04338842975,1.05689877454,3.54545454545,0.499047619048,0.4,8,0.0484848484848,0.255555555556,11,11,11,1,0,0.0909090909091,0.636363636364,0.272727272727,11,0.145454545455,3.34848484848,2.90909090909,1.6,2,1.70026735866,0.584466904538,0.272727272727,0.934198732994,0.642261628933,0.318181818182,1.7529196424,1.20513225415,0.545454545455,1.48034257569,0.4420932579,5.33333333333,3.34848484848,1.48034257569,5.33333333333,0.478835978836,0.292682926829,4,0.0242424242424,0.23962962963,11,11,11,1,0,0.0909090909091,0.636363636364,0.272727272727,11,20,0.181818181818,3.04338842975,3.63636363636,2,2.5,1.68954001271,0.464623503495,0.245454545455,1.16774841624,0.642261628933,0.336363636364,1.94000937205,1.06700515463,0.536363636364,1.05689877454,0.347276990411,3.54545454545,3.04338842975,1.05689877454,3.54545454545,0.499047619048,0.4,8,0.0484848484848,0.255555555556,11,11,11,1,0,0.0909090909091,0.636363636364,0.272727272727,0,0,0,0,0,0,0,0,0,0,0,0,0,0,0,0,0,0,0,0,0,0,0,0,0,0,0,0,0,20,0,0,90,1,1,0,0,1,1,1,1,1,1,4,4,0,0,0,0
3515,WLNM_dir_neg,1,0.75,00:00:00,10,80,41,1178364390,threshold_sweep,0.5,1,1,1,4,0,0,8,1,1,0,0,1,1,1,1,0.555555555556,1,1,1,20,16,4,0,20,0,16,0,4,11,20,0.181818181818,3.04338842975,3.63636363636,2,2.5,1.68954001271,0.464623503495,0.245454545455,1.16774841624,0.642261628933,0.336363636364,1.94000937205,1.06700515463,0.536363636364,1.05689877454,0.347276990411,3.54545454545,3.04338842975,1.05689877454,3.54545454545,0.499047619048,0.4,8,0.0484848484848,0.255555555556,11,11,11,1,0,0.0909090909091,0.636363636364,0.272727272727,11,0.145454545455,3.34848484848,2.90909090909,1.6,2,1.70026735866,0.584466904538,0.272727272727,0.934198732994,0.642261628933,0.318181818182,1.7529196424,1.20513225415,0.545454545455,1.48034257569,0.4420932579,5.33333333333,3.34848484848,1.48034257569,5.33333333333,0.478835978836,0.292682926829,4,0.0242424242424,0.23962962963,11,11,11,1,0,0.0909090909091,0.636363636364,0.272727272727,11,20,0.181818181818,3.04338842975,3.63636363636,2,2.5,1.68954001271,0.464623503495,0.245454545455,1.16774841624,0.642261628933,0.336363636364,1.94000937205,1.06700515463,0.536363636364,1.05689877454,0.347276990411,3.54545454545,3.04338842975,1.05689877454,3.54545454545,0.499047619048,0.4,8,0.0484848484848,0.255555555556,11,11,11,1,0,0.0909090909091,0.636363636364,0.272727272727,0,0,0,0,0,0,0,0,0,0,0,0,0,0,0,0,0,0,0,0,0,0,0,0,0,0,0,0,0,20,0,0,90,1,1,0,0,1,1,1,1,1,1,4,4,0,0,0,0
3516,WLNM_dir_neg,1,0.75,00:00:00,10,80,41,1178364390,threshold_sweep,0.6,1,1,1,4,0,0,8,1,1,0,0,1,1,1,1,0.555555555556,1,1,1,20,16,4,0,20,0,16,0,4,11,20,0.181818181818,3.04338842975,3.63636363636,2,2.5,1.68954001271,0.464623503495,0.245454545455,1.16774841624,0.642261628933,0.336363636364,1.94000937205,1.06700515463,0.536363636364,1.05689877454,0.347276990411,3.54545454545,3.04338842975,1.05689877454,3.54545454545,0.499047619048,0.4,8,0.0484848484848,0.255555555556,11,11,11,1,0,0.0909090909091,0.636363636364,0.272727272727,11,0.145454545455,3.34848484848,2.90909090909,1.6,2,1.70026735866,0.584466904538,0.272727272727,0.934198732994,0.642261628933,0.318181818182,1.7529196424,1.20513225415,0.545454545455,1.48034257569,0.4420932579,5.33333333333,3.34848484848,1.48034257569,5.33333333333,0.478835978836,0.292682926829,4,0.0242424242424,0.23962962963,11,11,11,1,0,0.0909090909091,0.636363636364,0.272727272727,11,20,0.181818181818,3.04338842975,3.63636363636,2,2.5,1.68954001271,0.464623503495,0.245454545455,1.16774841624,0.642261628933,0.336363636364,1.94000937205,1.06700515463,0.536363636364,1.05689877454,0.347276990411,3.54545454545,3.04338842975,1.05689877454,3.54545454545,0.499047619048,0.4,8,0.0484848484848,0.255555555556,11,11,11,1,0,0.0909090909091,0.636363636364,0.272727272727,0,0,0,0,0,0,0,0,0,0,0,0,0,0,0,0,0,0,0,0,0,0,0,0,0,0,0,0,0,20,0,0,90,1,1,0,0,1,1,1,1,1,1,4,4,0,0,0,0
3517,WLNM_dir_neg,1,0.75,00:00:00,10,80,41,1178364390,threshold_sweep,0.7,1,1,1,4,0,0,8,1,1,0,0,1,1,1,1,0.555555555556,1,1,1,20,16,4,0,20,0,16,0,4,11,20,0.181818181818,3.04338842975,3.63636363636,2,2.5,1.68954001271,0.464623503495,0.245454545455,1.16774841624,0.642261628933,0.336363636364,1.94000937205,1.06700515463,0.536363636364,1.05689877454,0.347276990411,3.54545454545,3.04338842975,1.05689877454,3.54545454545,0.499047619048,0.4,8,0.0484848484848,0.255555555556,11,11,11,1,0,0.0909090909091,0.636363636364,0.272727272727,11,0.145454545455,3.34848484848,2.90909090909,1.6,2,1.70026735866,0.584466904538,0.272727272727,0.934198732994,0.642261628933,0.318181818182,1.7529196424,1.20513225415,0.545454545455,1.48034257569,0.4420932579,5.33333333333,3.34848484848,1.48034257569,5.33333333333,0.478835978836,0.292682926829,4,0.0242424242424,0.23962962963,11,11,11,1,0,0.0909090909091,0.636363636364,0.272727272727,11,20,0.181818181818,3.04338842975,3.63636363636,2,2.5,1.68954001271,0.464623503495,0.245454545455,1.16774841624,0.642261628933,0.336363636364,1.94000937205,1.06700515463,0.536363636364,1.05689877454,0.347276990411,3.54545454545,3.04338842975,1.05689877454,3.54545454545,0.499047619048,0.4,8,0.0484848484848,0.255555555556,11,11,11,1,0,0.0909090909091,0.636363636364,0.272727272727,0,0,0,0,0,0,0,0,0,0,0,0,0,0,0,0,0,0,0,0,0,0,0,0,0,0,0,0,0,20,0,0,90,1,1,0,0,1,1,1,1,1,1,4,4,0,0,0,0
3518,WLNM_dir_neg,1,0.75,00:00:00,10,80,41,1178364390,threshold_sweep,0.8,1,1,1,4,0,0,8,1,1,0,0,1,1,1,1,0.555555555556,1,1,1,20,16,4,0,20,0,16,0,4,11,20,0.181818181818,3.04338842975,3.63636363636,2,2.5,1.68954001271,0.464623503495,0.245454545455,1.16774841624,0.642261628933,0.336363636364,1.94000937205,1.06700515463,0.536363636364,1.05689877454,0.347276990411,3.54545454545,3.04338842975,1.05689877454,3.54545454545,0.499047619048,0.4,8,0.0484848484848,0.255555555556,11,11,11,1,0,0.0909090909091,0.636363636364,0.272727272727,11,0.145454545455,3.34848484848,2.90909090909,1.6,2,1.70026735866,0.584466904538,0.272727272727,0.934198732994,0.642261628933,0.318181818182,1.7529196424,1.20513225415,0.545454545455,1.48034257569,0.4420932579,5.33333333333,3.34848484848,1.48034257569,5.33333333333,0.478835978836,0.292682926829,4,0.0242424242424,0.23962962963,11,11,11,1,0,0.0909090909091,0.636363636364,0.272727272727,11,20,0.181818181818,3.04338842975,3.63636363636,2,2.5,1.68954001271,0.464623503495,0.245454545455,1.16774841624,0.642261628933,0.336363636364,1.94000937205,1.06700515463,0.536363636364,1.05689877454,0.347276990411,3.54545454545,3.04338842975,1.05689877454,3.54545454545,0.499047619048,0.4,8,0.0484848484848,0.255555555556,11,11,11,1,0,0.0909090909091,0.636363636364,0.272727272727,0,0,0,0,0,0,0,0,0,0,0,0,0,0,0,0,0,0,0,0,0,0,0,0,0,0,0,0,0,20,0,0,90,1,1,0,0,1,1,1,1,1,1,4,4,0,0,0,0
3519,WLNM_dir_neg,1,0.75,00:00:00,10,80,41,1178364390,threshold_sweep,0.9,1,0.5,0.666666666667,2,0,2,8,0.5,1,0,0.5,1,0.5,0.666666666667,0.833333333333,0.611111111111,0.571428571429,0.632455532034,0.5,20,16,4,0,20,0,16,0,4,11,20,0.181818181818,3.04338842975,3.63636363636,2,2.5,1.68954001271,0.464623503495,0.245454545455,1.16774841624,0.642261628933,0.336363636364,1.94000937205,1.06700515463,0.536363636364,1.05689877454,0.347276990411,3.54545454545,3.04338842975,1.05689877454,3.54545454545,0.499047619048,0.4,8,0.0484848484848,0.255555555556,11,11,11,1,0,0.0909090909091,0.636363636364,0.272727272727,11,0.145454545455,3.34848484848,2.90909090909,1.6,2,1.70026735866,0.584466904538,0.272727272727,0.934198732994,0.642261628933,0.318181818182,1.7529196424,1.20513225415,0.545454545455,1.48034257569,0.4420932579,5.33333333333,3.34848484848,1.48034257569,5.33333333333,0.478835978836,0.292682926829,4,0.0242424242424,0.23962962963,11,11,11,1,0,0.0909090909091,0.636363636364,0.272727272727,11,18,0.163636363636,3.14502164502,3.27272727273,1.8,2.25,1.7939291564,0.548145020011,0.282828282828,1.12006493318,0.684484125834,0.343434343434,1.85864075457,1.13583601668,0.545454545455,1.11170103902,0.35347961461,3.80952380952,3.14502164502,1.11170103902,3.80952380952,0.527619047619,0.352941176471,6,0.0363636363636,0.26037037037,11,11,11,1,0,0.0909090909091,0.636363636364,0.272727272727,-2,-0.0181818181818,0.10163321527,-0.363636363636,-0.2,-0.25,0.104389143691,0.0835215165161,0.0373737373737,-0.0476834830596,0.0422224969006,0.00707070707071,-0.0813686174794,0.0688308620544,0.00909090909091,0.0548022644861,0.0062026241989,0.264069264069,0.10163321527,0.0548022644861,0.264069264069,0.0285714285714,-0.0470588235294,-2,-0.0121212121212,0.00481481481481,0,0,0,18,0,2,90,0.9,1,0,0.1,1,0.9,0.947368421053,0.938314863257,0.9,0.9,2,4,0,0,0,0
3520,WLNM_dir_neg,0.75,0.46130952381,00:00:00,10,80,42,1178364391,threshold_sweep,0.1,0.428571428571,0.75,0.545454545455,3,4,1,4,0.75,0.5,0.5,0.25,0.428571428571,0.75,0.545454545455,0.583333333333,0.472222222222,0.210526315789,0.239045721867,0.25,20,16,4,0,20,0,16,0,4,11,20,0.181818181818,3.04338842975,3.63636363636,2,2.5,1.68954001271,0.464623503495,0.245454545455,1.16774841624,0.642261628933,0.336363636364,1.94000937205,1.06700515463,0.536363636364,1.05689877454,0.347276990411,3.54545454545,3.04338842975,1.05689877454,3.54545454545,0.499047619048,0.4,8,0.0484848484848,0.255555555556,11,11,11,1,0,0.0909090909091,0.636363636364,0.272727272727,11,0.145454545455,3.22727272727,2.90909090909,1.6,2,1.3751033019,0.47269176003,0.238636363636,0.820199532265,0.563887178432,0.284090909091,1.50755672289,1.03644524699,0.511363636364,1.21168552776,0.375451853672,4,3.22727272727,1.21168552776,4,0.44,0.257142857143,3,0.0181818181818,0.214814814815,11,11,11,1,0,0.0909090909091,0.636363636364,0.272727272727,11,23,0.209090909091,NaN,4.18181818182,2.09090909091,2.55555555556,1.83402190926,0.438570456562,0.229249011858,0.943879807449,0.451420777475,0.229249011858,1.97253874256,0.943388094269,0.482213438735,NaN,NaN,NaN,NaN,NaN,NaN,0.430303030303,0.35,7,0.0424242424242,0.227272727273,11,11,0,1,2,0,0.818181818182,0.181818181818,3,0.0272727272727,NaN,0.545454545455,0.0909090909091,0.0555555555556,0.144481896548,-0.0260530469335,-0.0162055335968,-0.223868608794,-0.190840851458,-0.107114624506,0.0325293705137,-0.123617060358,-0.0541501976285,NaN,NaN,NaN,NaN,NaN,NaN,-0.0687445887446,-0.05,-1,-0.00606060606061,-0.0282828282828,-0.0909090909091,0.181818181818,-0.0909090909091,19,4,1,86,0.95,0.955555555556,0.0444444444444,0.05,0.826086956522,0.95,0.883720930233,0.85887074016,0.905555555556,0.791666666667,7,4,0,0,0,0
3521,WLNM_dir_neg,0.75,0.46130952381,00:00:00,10,80,42,1178364391,threshold_sweep,0.2,0.333333333333,0.5,0.4,2,4,2,4,0.5,0.5,0.5,0.5,0.333333333333,0.5,0.4,0.5,0.5,0,0,0,20,16,4,0,20,0,16,0,4,11,20,0.181818181818,3.04338842975,3.63636363636,2,2.5,1.68954001271,0.464623503495,0.245454545455,1.16774841624,0.642261628933,0.336363636364,1.94000937205,1.06700515463,0.536363636364,1.05689877454,0.347276990411,3.54545454545,3.04338842975,1.05689877454,3.54545454545,0.499047619048,0.4,8,0.0484848484848,0.255555555556,11,11,11,1,0,0.0909090909091,0.636363636364,0.272727272727,11,0.145454545455,3.22727272727,2.90909090909,1.6,2,1.3751033019,0.47269176003,0.238636363636,0.820199532265,0.563887178432,0.284090909091,1.50755672289,1.03644524699,0.511363636364,1.21168552776,0.375451853672,4,3.22727272727,1.21168552776,4,0.44,0.257142857143,3,0.0181818181818,0.214814814815,11,11,11,1,0,0.0909090909091,0.636363636364,0.272727272727,11,22,0.2,NaN,4,2,2.44444444444,1.8973665961,0.474341649025,0.247933884298,1,0.5,0.256198347107,1.94935886896,0.974679434481,0.487603305785,NaN,NaN,NaN,NaN,NaN,NaN,0.393939393939,0.327272727273,6,0.0363636363636,0.245454545455,11,11,0,1,2,0,0.818181818182,0.181818181818,2,0.0181818181818,NaN,0.363636363636,0,-0.0555555555556,0.207826583392,0.00971814553022,0.00247933884298,-0.167748416242,-0.142261628933,-0.0801652892562,0.0093494969132,-0.0923257201458,-0.0487603305785,NaN,NaN,NaN,NaN,NaN,NaN,-0.105108225108,-0.0727272727273,-2,-0.0121212121212,-0.010101010101,-0.0909090909091,0.181818181818,-0.0909090909091,18,4,2,86,0.9,0.955555555556,0.0444444444444,0.1,0.818181818182,0.9,0.857142857143,0.824957911384,0.855555555556,0.75,6,4,0,0,0,0
3522,WLNM_dir_neg,0.75,0.46130952381,00:00:00,10,80,42,1178364391,threshold_sweep,0.3,0.333333333333,0.5,0.4,2,4,2,4,0.5,0.5,0.5,0.5,0.333333333333,0.5,0.4,0.5,0.5,0,0,0,20,16,4,0,20,0,16,0,4,11,20,0.181818181818,3.04338842975,3.63636363636,2,2.5,1.68954001271,0.464623503495,0.245454545455,1.16774841624,0.642261628933,0.336363636364,1.94000937205,1.06700515463,0.536363636364,1.05689877454,0.347276990411,3.54545454545,3.04338842975,1.05689877454,3.54545454545,0.499047619048,0.4,8,0.0484848484848,0.255555555556,11,11,11,1,0,0.0909090909091,0.636363636364,0.272727272727,11,0.145454545455,3.22727272727,2.90909090909,1.6,2,1.3751033019,0.47269176003,0.238636363636,0.820199532265,0.563887178432,0.284090909091,1.50755672289,1.03644524699,0.511363636364,1.21168552776,0.375451853672,4,3.22727272727,1.21168552776,4,0.44,0.257142857143,3,0.0181818181818,0.214814814815,11,11,11,1,0,0.0909090909091,0.636363636364,0.272727272727,11,22,0.2,NaN,4,2,2.44444444444,1.8973665961,0.474341649025,0.247933884298,1,0.5,0.256198347107,1.94935886896,0.974679434481,0.487603305785,NaN,NaN,NaN,NaN,NaN,NaN,0.393939393939,0.327272727273,6,0.0363636363636,0.245454545455,11,11,0,1,2,0,0.818181818182,0.181818181818,2,0.0181818181818,NaN,0.363636363636,0,-0.0555555555556,0.207826583392,0.00971814553022,0.00247933884298,-0.167748416242,-0.142261628933,-0.0801652892562,0.0093494969132,-0.0923257201458,-0.0487603305785,NaN,NaN,NaN,NaN,NaN,NaN,-0.105108225108,-0.0727272727273,-2,-0.0121212121212,-0.010101010101,-0.0909090909091,0.181818181818,-0.0909090909091,18,4,2,86,0.9,0.955555555556,0.0444444444444,0.1,0.818181818182,0.9,0.857142857143,0.824957911384,0.855555555556,0.75,6,4,0,0,0,0
3523,WLNM_dir_neg,0.75,0.46130952381,00:00:00,10,80,42,1178364391,threshold_sweep,0.4,0.4,0.5,0.444444444444,2,3,2,5,0.5,0.625,0.375,0.5,0.4,0.5,0.444444444444,0.583333333333,0.527777777778,0.117647058824,0.119522860933,0.125,20,16,4,0,20,0,16,0,4,11,20,0.181818181818,3.04338842975,3.63636363636,2,2.5,1.68954001271,0.464623503495,0.245454545455,1.16774841624,0.642261628933,0.336363636364,1.94000937205,1.06700515463,0.536363636364,1.05689877454,0.347276990411,3.54545454545,3.04338842975,1.05689877454,3.54545454545,0.499047619048,0.4,8,0.0484848484848,0.255555555556,11,11,11,1,0,0.0909090909091,0.636363636364,0.272727272727,11,0.145454545455,3.22727272727,2.90909090909,1.6,2,1.3751033019,0.47269176003,0.238636363636,0.820199532265,0.563887178432,0.284090909091,1.50755672289,1.03644524699,0.511363636364,1.21168552776,0.375451853672,4,3.22727272727,1.21168552776,4,0.44,0.257142857143,3,0.0181818181818,0.214814814815,11,11,11,1,0,0.0909090909091,0.636363636364,0.272727272727,11,21,0.190909090909,NaN,3.81818181818,1.90909090909,2.33333333333,1.60113596038,0.419345132482,0.220779220779,1.04446593573,0.547101204432,0.277056277056,1.81408629643,0.950235679084,0.47619047619,NaN,NaN,NaN,NaN,NaN,NaN,0.393939393939,0.327272727273,6,0.0363636363636,0.226666666667,11,11,0,1,2,0,0.818181818182,0.181818181818,1,0.00909090909091,NaN,0.181818181818,-0.0909090909091,-0.166666666667,-0.0884040523247,-0.0452783710134,-0.0246753246753,-0.123282480508,-0.0951604245011,-0.0593073593074,-0.125923075615,-0.116769475542,-0.0601731601732,NaN,NaN,NaN,NaN,NaN,NaN,-0.105108225108,-0.0727272727273,-2,-0.0121212121212,-0.0288888888889,-0.0909090909091,0.181818181818,-0.0909090909091,18,3,2,87,0.9,0.966666666667,0.0333333333333,0.1,0.857142857143,0.9,0.878048780488,0.850518363956,0.866666666667,0.782608695652,5,4,0,0,0,0
3524,WLNM_dir_neg,0.75,0.46130952381,00:00:00,10,80,42,1178364391,threshold_sweep,0.5,0.4,0.5,0.444444444444,2,3,2,5,0.5,0.625,0.375,0.5,0.4,0.5,0.444444444444,0.583333333333,0.527777777778,0.117647058824,0.119522860933,0.125,20,16,4,0,20,0,16,0,4,11,20,0.181818181818,3.04338842975,3.63636363636,2,2.5,1.68954001271,0.464623503495,0.245454545455,1.16774841624,0.642261628933,0.336363636364,1.94000937205,1.06700515463,0.536363636364,1.05689877454,0.347276990411,3.54545454545,3.04338842975,1.05689877454,3.54545454545,0.499047619048,0.4,8,0.0484848484848,0.255555555556,11,11,11,1,0,0.0909090909091,0.636363636364,0.272727272727,11,0.145454545455,3.22727272727,2.90909090909,1.6,2,1.3751033019,0.47269176003,0.238636363636,0.820199532265,0.563887178432,0.284090909091,1.50755672289,1.03644524699,0.511363636364,1.21168552776,0.375451853672,4,3.22727272727,1.21168552776,4,0.44,0.257142857143,3,0.0181818181818,0.214814814815,11,11,11,1,0,0.0909090909091,0.636363636364,0.272727272727,11,21,0.190909090909,NaN,3.81818181818,1.90909090909,2.33333333333,1.60113596038,0.419345132482,0.220779220779,1.04446593573,0.547101204432,0.277056277056,1.81408629643,0.950235679084,0.47619047619,NaN,NaN,NaN,NaN,NaN,NaN,0.393939393939,0.327272727273,6,0.0363636363636,0.226666666667,11,11,0,1,2,0,0.818181818182,0.181818181818,1,0.00909090909091,NaN,0.181818181818,-0.0909090909091,-0.166666666667,-0.0884040523247,-0.0452783710134,-0.0246753246753,-0.123282480508,-0.0951604245011,-0.0593073593074,-0.125923075615,-0.116769475542,-0.0601731601732,NaN,NaN,NaN,NaN,NaN,NaN,-0.105108225108,-0.0727272727273,-2,-0.0121212121212,-0.0288888888889,-0.0909090909091,0.181818181818,-0.0909090909091,18,3,2,87,0.9,0.966666666667,0.0333333333333,0.1,0.857142857143,0.9,0.878048780488,0.850518363956,0.866666666667,0.782608695652,5,4,0,0,0,0
3525,WLNM_dir_neg,0.75,0.46130952381,00:00:00,10,80,42,1178364391,threshold_sweep,0.6,0.5,0.5,0.5,2,2,2,6,0.5,0.75,0.25,0.5,0.5,0.5,0.5,0.666666666667,0.555555555556,0.25,0.25,0.25,20,16,4,0,20,0,16,0,4,11,20,0.181818181818,3.04338842975,3.63636363636,2,2.5,1.68954001271,0.464623503495,0.245454545455,1.16774841624,0.642261628933,0.336363636364,1.94000937205,1.06700515463,0.536363636364,1.05689877454,0.347276990411,3.54545454545,3.04338842975,1.05689877454,3.54545454545,0.499047619048,0.4,8,0.0484848484848,0.255555555556,11,11,11,1,0,0.0909090909091,0.636363636364,0.272727272727,11,0.145454545455,3.22727272727,2.90909090909,1.6,2,1.3751033019,0.47269176003,0.238636363636,0.820199532265,0.563887178432,0.284090909091,1.50755672289,1.03644524699,0.511363636364,1.21168552776,0.375451853672,4,3.22727272727,1.21168552776,4,0.44,0.257142857143,3,0.0181818181818,0.214814814815,11,11,11,1,0,0.0909090909091,0.636363636364,0.272727272727,11,20,0.181818181818,NaN,3.63636363636,1.81818181818,2.22222222222,1.5666989036,0.43084219849,0.222727272727,1.07871977994,0.593295878968,0.290909090909,1.83402190926,1.00871205009,0.490909090909,NaN,NaN,NaN,NaN,NaN,NaN,0.484848484848,0.36,6,0.0363636363636,0.260909090909,11,11,0,1,2,0,0.818181818182,0.181818181818,0,0,NaN,0,-0.181818181818,-0.277777777778,-0.122841109108,-0.0337813050047,-0.0227272727273,-0.0890286363011,-0.0489657499656,-0.0454545454545,-0.105987462791,-0.0582931045351,-0.0454545454545,NaN,NaN,NaN,NaN,NaN,NaN,-0.0141991341991,-0.04,-2,-0.0121212121212,0.00535353535354,-0.0909090909091,0.181818181818,-0.0909090909091,18,2,2,88,0.9,0.977777777778,0.0222222222222,0.1,0.9,0.9,0.9,0.877777777778,0.877777777778,0.818181818182,4,4,0,0,0,0
3526,WLNM_dir_neg,0.75,0.46130952381,00:00:00,10,80,42,1178364391,threshold_sweep,0.7,0.5,0.5,0.5,2,2,2,6,0.5,0.75,0.25,0.5,0.5,0.5,0.5,0.666666666667,0.555555555556,0.25,0.25,0.25,20,16,4,0,20,0,16,0,4,11,20,0.181818181818,3.04338842975,3.63636363636,2,2.5,1.68954001271,0.464623503495,0.245454545455,1.16774841624,0.642261628933,0.336363636364,1.94000937205,1.06700515463,0.536363636364,1.05689877454,0.347276990411,3.54545454545,3.04338842975,1.05689877454,3.54545454545,0.499047619048,0.4,8,0.0484848484848,0.255555555556,11,11,11,1,0,0.0909090909091,0.636363636364,0.272727272727,11,0.145454545455,3.22727272727,2.90909090909,1.6,2,1.3751033019,0.47269176003,0.238636363636,0.820199532265,0.563887178432,0.284090909091,1.50755672289,1.03644524699,0.511363636364,1.21168552776,0.375451853672,4,3.22727272727,1.21168552776,4,0.44,0.257142857143,3,0.0181818181818,0.214814814815,11,11,11,1,0,0.0909090909091,0.636363636364,0.272727272727,11,20,0.181818181818,NaN,3.63636363636,1.81818181818,2.22222222222,1.5666989036,0.43084219849,0.222727272727,1.07871977994,0.593295878968,0.290909090909,1.83402190926,1.00871205009,0.490909090909,NaN,NaN,NaN,NaN,NaN,NaN,0.484848484848,0.36,6,0.0363636363636,0.260909090909,11,11,0,1,2,0,0.818181818182,0.181818181818,0,0,NaN,0,-0.181818181818,-0.277777777778,-0.122841109108,-0.0337813050047,-0.0227272727273,-0.0890286363011,-0.0489657499656,-0.0454545454545,-0.105987462791,-0.0582931045351,-0.0454545454545,NaN,NaN,NaN,NaN,NaN,NaN,-0.0141991341991,-0.04,-2,-0.0121212121212,0.00535353535354,-0.0909090909091,0.181818181818,-0.0909090909091,18,2,2,88,0.9,0.977777777778,0.0222222222222,0.1,0.9,0.9,0.9,0.877777777778,0.877777777778,0.818181818182,4,4,0,0,0,0
3527,WLNM_dir_neg,0.75,0.46130952381,00:00:00,10,80,42,1178364391,threshold_sweep,0.8,0.666666666667,0.5,0.571428571429,2,1,2,7,0.5,0.875,0.125,0.5,0.666666666667,0.5,0.571428571429,0.75,0.583333333333,0.4,0.408248290464,0.375,20,16,4,0,20,0,16,0,4,11,20,0.181818181818,3.04338842975,3.63636363636,2,2.5,1.68954001271,0.464623503495,0.245454545455,1.16774841624,0.642261628933,0.336363636364,1.94000937205,1.06700515463,0.536363636364,1.05689877454,0.347276990411,3.54545454545,3.04338842975,1.05689877454,3.54545454545,0.499047619048,0.4,8,0.0484848484848,0.255555555556,11,11,11,1,0,0.0909090909091,0.636363636364,0.272727272727,11,0.145454545455,3.22727272727,2.90909090909,1.6,2,1.3751033019,0.47269176003,0.238636363636,0.820199532265,0.563887178432,0.284090909091,1.50755672289,1.03644524699,0.511363636364,1.21168552776,0.375451853672,4,3.22727272727,1.21168552776,4,0.44,0.257142857143,3,0.0181818181818,0.214814814815,11,11,11,1,0,0.0909090909091,0.636363636364,0.272727272727,11,19,0.172727272727,NaN,3.45454545455,1.72727272727,2.375,1.7529196424,0.507424107012,0.267942583732,1.00904995822,0.584186817916,0.277511961722,1.90215189146,1.1012458319,0.545454545455,NaN,NaN,NaN,NaN,NaN,NaN,0.46,0.31914893617,5,0.030303030303,0.279090909091,11,11,0,1,2,0,0.727272727273,0.272727272727,-1,-0.00909090909091,NaN,-0.181818181818,-0.272727272727,-0.125,0.0633796296952,0.0428006035168,0.0224880382775,-0.158698458023,-0.058074811017,-0.0588516746411,-0.0378574805894,0.0342406772707,0.00909090909091,NaN,NaN,NaN,NaN,NaN,NaN,-0.0390476190476,-0.0808510638298,-3,-0.0181818181818,0.0235353535354,-0.0909090909091,0.0909090909091,0,18,1,2,89,0.9,0.988888888889,0.0111111111111,0.1,0.947368421053,0.9,0.923076923077,0.906956031802,0.888888888889,0.857142857143,3,4,0,0,0,0
3528,WLNM_dir_neg,0.75,0.46130952381,00:00:00,10,80,42,1178364391,threshold_sweep,0.9,0.666666666667,0.5,0.571428571429,2,1,2,7,0.5,0.875,0.125,0.5,0.666666666667,0.5,0.571428571429,0.75,0.583333333333,0.4,0.408248290464,0.375,20,16,4,0,20,0,16,0,4,11,20,0.181818181818,3.04338842975,3.63636363636,2,2.5,1.68954001271,0.464623503495,0.245454545455,1.16774841624,0.642261628933,0.336363636364,1.94000937205,1.06700515463,0.536363636364,1.05689877454,0.347276990411,3.54545454545,3.04338842975,1.05689877454,3.54545454545,0.499047619048,0.4,8,0.0484848484848,0.255555555556,11,11,11,1,0,0.0909090909091,0.636363636364,0.272727272727,11,0.145454545455,3.22727272727,2.90909090909,1.6,2,1.3751033019,0.47269176003,0.238636363636,0.820199532265,0.563887178432,0.284090909091,1.50755672289,1.03644524699,0.511363636364,1.21168552776,0.375451853672,4,3.22727272727,1.21168552776,4,0.44,0.257142857143,3,0.0181818181818,0.214814814815,11,11,11,1,0,0.0909090909091,0.636363636364,0.272727272727,11,19,0.172727272727,NaN,3.45454545455,1.72727272727,2.375,1.7529196424,0.507424107012,0.267942583732,1.00904995822,0.584186817916,0.277511961722,1.90215189146,1.1012458319,0.545454545455,NaN,NaN,NaN,NaN,NaN,NaN,0.46,0.31914893617,5,0.030303030303,0.279090909091,11,11,0,1,2,0,0.727272727273,0.272727272727,-1,-0.00909090909091,NaN,-0.181818181818,-0.272727272727,-0.125,0.0633796296952,0.0428006035168,0.0224880382775,-0.158698458023,-0.058074811017,-0.0588516746411,-0.0378574805894,0.0342406772707,0.00909090909091,NaN,NaN,NaN,NaN,NaN,NaN,-0.0390476190476,-0.0808510638298,-3,-0.0181818181818,0.0235353535354,-0.0909090909091,0.0909090909091,0,18,1,2,89,0.9,0.988888888889,0.0111111111111,0.1,0.947368421053,0.9,0.923076923077,0.906956031802,0.888888888889,0.857142857143,3,4,0,0,0,0
3529,WLNM_dir_neg,0.875,0.616071428571,00:00:00,10,80,43,1178364392,threshold_sweep,0.1,0.75,0.75,0.75,3,1,1,7,0.75,0.875,0.125,0.25,0.75,0.75,0.75,0.833333333333,0.555555555556,0.625,0.625,0.625,20,16,4,0,20,0,16,0,4,11,20,0.181818181818,3.04338842975,3.63636363636,2,2.5,1.68954001271,0.464623503495,0.245454545455,1.16774841624,0.642261628933,0.336363636364,1.94000937205,1.06700515463,0.536363636364,1.05689877454,0.347276990411,3.54545454545,3.04338842975,1.05689877454,3.54545454545,0.499047619048,0.4,8,0.0484848484848,0.255555555556,11,11,11,1,0,0.0909090909091,0.636363636364,0.272727272727,11,0.145454545455,3.22727272727,2.90909090909,1.6,2,1.64039906453,0.563887178432,0.295454545455,0.934198732994,0.642261628933,0.318181818182,1.57249078621,1.08108741552,0.522727272727,1.12196560472,0.34765131414,3.875,3.22727272727,1.12196560472,3.875,0.208333333333,0.157894736842,2,0.0121212121212,0.26,11,11,11,1,0,0.0909090909091,0.636363636364,0.272727272727,11,20,0.181818181818,4.67561983471,3.63636363636,2,2.5,1.74772579501,0.480624593628,0.254545454545,1.07871977994,0.593295878968,0.3,1.83402190926,1.00871205009,0.518181818182,1.62699625981,0.347974454154,5.63636363636,4.67561983471,1.62699625981,5.63636363636,0.466666666667,0.352941176471,6,0.0363636363636,0.24,11,11,11,1,0,0.0909090909091,0.636363636364,0.272727272727,0,0,1.63223140496,0,0,0,0.0581857823014,0.0160010901329,0.00909090909091,-0.0890286363011,-0.0489657499656,-0.0363636363636,-0.105987462791,-0.0582931045351,-0.0181818181818,0.570097485278,0.000697463742632,2.09090909091,1.63223140496,0.570097485278,2.09090909091,-0.032380952381,-0.0470588235294,-2,-0.0121212121212,-0.0155555555556,0,0,0,19,1,1,89,0.95,0.988888888889,0.0111111111111,0.05,0.95,0.95,0.95,0.938888888889,0.938888888889,0.904761904762,4,4,0,0,0,0
3530,WLNM_dir_neg,0.875,0.616071428571,00:00:00,10,80,43,1178364392,threshold_sweep,0.2,0.75,0.75,0.75,3,1,1,7,0.75,0.875,0.125,0.25,0.75,0.75,0.75,0.833333333333,0.555555555556,0.625,0.625,0.625,20,16,4,0,20,0,16,0,4,11,20,0.181818181818,3.04338842975,3.63636363636,2,2.5,1.68954001271,0.464623503495,0.245454545455,1.16774841624,0.642261628933,0.336363636364,1.94000937205,1.06700515463,0.536363636364,1.05689877454,0.347276990411,3.54545454545,3.04338842975,1.05689877454,3.54545454545,0.499047619048,0.4,8,0.0484848484848,0.255555555556,11,11,11,1,0,0.0909090909091,0.636363636364,0.272727272727,11,0.145454545455,3.22727272727,2.90909090909,1.6,2,1.64039906453,0.563887178432,0.295454545455,0.934198732994,0.642261628933,0.318181818182,1.57249078621,1.08108741552,0.522727272727,1.12196560472,0.34765131414,3.875,3.22727272727,1.12196560472,3.875,0.208333333333,0.157894736842,2,0.0121212121212,0.26,11,11,11,1,0,0.0909090909091,0.636363636364,0.272727272727,11,20,0.181818181818,4.67561983471,3.63636363636,2,2.5,1.74772579501,0.480624593628,0.254545454545,1.07871977994,0.593295878968,0.3,1.83402190926,1.00871205009,0.518181818182,1.62699625981,0.347974454154,5.63636363636,4.67561983471,1.62699625981,5.63636363636,0.466666666667,0.352941176471,6,0.0363636363636,0.24,11,11,11,1,0,0.0909090909091,0.636363636364,0.272727272727,0,0,1.63223140496,0,0,0,0.0581857823014,0.0160010901329,0.00909090909091,-0.0890286363011,-0.0489657499656,-0.0363636363636,-0.105987462791,-0.0582931045351,-0.0181818181818,0.570097485278,0.000697463742632,2.09090909091,1.63223140496,0.570097485278,2.09090909091,-0.032380952381,-0.0470588235294,-2,-0.0121212121212,-0.0155555555556,0,0,0,19,1,1,89,0.95,0.988888888889,0.0111111111111,0.05,0.95,0.95,0.95,0.938888888889,0.938888888889,0.904761904762,4,4,0,0,0,0
3531,WLNM_dir_neg,0.875,0.616071428571,00:00:00,10,80,43,1178364392,threshold_sweep,0.3,0.75,0.75,0.75,3,1,1,7,0.75,0.875,0.125,0.25,0.75,0.75,0.75,0.833333333333,0.555555555556,0.625,0.625,0.625,20,16,4,0,20,0,16,0,4,11,20,0.181818181818,3.04338842975,3.63636363636,2,2.5,1.68954001271,0.464623503495,0.245454545455,1.16774841624,0.642261628933,0.336363636364,1.94000937205,1.06700515463,0.536363636364,1.05689877454,0.347276990411,3.54545454545,3.04338842975,1.05689877454,3.54545454545,0.499047619048,0.4,8,0.0484848484848,0.255555555556,11,11,11,1,0,0.0909090909091,0.636363636364,0.272727272727,11,0.145454545455,3.22727272727,2.90909090909,1.6,2,1.64039906453,0.563887178432,0.295454545455,0.934198732994,0.642261628933,0.318181818182,1.57249078621,1.08108741552,0.522727272727,1.12196560472,0.34765131414,3.875,3.22727272727,1.12196560472,3.875,0.208333333333,0.157894736842,2,0.0121212121212,0.26,11,11,11,1,0,0.0909090909091,0.636363636364,0.272727272727,11,20,0.181818181818,4.67561983471,3.63636363636,2,2.5,1.74772579501,0.480624593628,0.254545454545,1.07871977994,0.593295878968,0.3,1.83402190926,1.00871205009,0.518181818182,1.62699625981,0.347974454154,5.63636363636,4.67561983471,1.62699625981,5.63636363636,0.466666666667,0.352941176471,6,0.0363636363636,0.24,11,11,11,1,0,0.0909090909091,0.636363636364,0.272727272727,0,0,1.63223140496,0,0,0,0.0581857823014,0.0160010901329,0.00909090909091,-0.0890286363011,-0.0489657499656,-0.0363636363636,-0.105987462791,-0.0582931045351,-0.0181818181818,0.570097485278,0.000697463742632,2.09090909091,1.63223140496,0.570097485278,2.09090909091,-0.032380952381,-0.0470588235294,-2,-0.0121212121212,-0.0155555555556,0,0,0,19,1,1,89,0.95,0.988888888889,0.0111111111111,0.05,0.95,0.95,0.95,0.938888888889,0.938888888889,0.904761904762,4,4,0,0,0,0
3532,WLNM_dir_neg,0.875,0.616071428571,00:00:00,10,80,43,1178364392,threshold_sweep,0.4,0.75,0.75,0.75,3,1,1,7,0.75,0.875,0.125,0.25,0.75,0.75,0.75,0.833333333333,0.555555555556,0.625,0.625,0.625,20,16,4,0,20,0,16,0,4,11,20,0.181818181818,3.04338842975,3.63636363636,2,2.5,1.68954001271,0.464623503495,0.245454545455,1.16774841624,0.642261628933,0.336363636364,1.94000937205,1.06700515463,0.536363636364,1.05689877454,0.347276990411,3.54545454545,3.04338842975,1.05689877454,3.54545454545,0.499047619048,0.4,8,0.0484848484848,0.255555555556,11,11,11,1,0,0.0909090909091,0.636363636364,0.272727272727,11,0.145454545455,3.22727272727,2.90909090909,1.6,2,1.64039906453,0.563887178432,0.295454545455,0.934198732994,0.642261628933,0.318181818182,1.57249078621,1.08108741552,0.522727272727,1.12196560472,0.34765131414,3.875,3.22727272727,1.12196560472,3.875,0.208333333333,0.157894736842,2,0.0121212121212,0.26,11,11,11,1,0,0.0909090909091,0.636363636364,0.272727272727,11,20,0.181818181818,4.67561983471,3.63636363636,2,2.5,1.74772579501,0.480624593628,0.254545454545,1.07871977994,0.593295878968,0.3,1.83402190926,1.00871205009,0.518181818182,1.62699625981,0.347974454154,5.63636363636,4.67561983471,1.62699625981,5.63636363636,0.466666666667,0.352941176471,6,0.0363636363636,0.24,11,11,11,1,0,0.0909090909091,0.636363636364,0.272727272727,0,0,1.63223140496,0,0,0,0.0581857823014,0.0160010901329,0.00909090909091,-0.0890286363011,-0.0489657499656,-0.0363636363636,-0.105987462791,-0.0582931045351,-0.0181818181818,0.570097485278,0.000697463742632,2.09090909091,1.63223140496,0.570097485278,2.09090909091,-0.032380952381,-0.0470588235294,-2,-0.0121212121212,-0.0155555555556,0,0,0,19,1,1,89,0.95,0.988888888889,0.0111111111111,0.05,0.95,0.95,0.95,0.938888888889,0.938888888889,0.904761904762,4,4,0,0,0,0
3533,WLNM_dir_neg,0.875,0.616071428571,00:00:00,10,80,43,1178364392,threshold_sweep,0.5,0.75,0.75,0.75,3,1,1,7,0.75,0.875,0.125,0.25,0.75,0.75,0.75,0.833333333333,0.555555555556,0.625,0.625,0.625,20,16,4,0,20,0,16,0,4,11,20,0.181818181818,3.04338842975,3.63636363636,2,2.5,1.68954001271,0.464623503495,0.245454545455,1.16774841624,0.642261628933,0.336363636364,1.94000937205,1.06700515463,0.536363636364,1.05689877454,0.347276990411,3.54545454545,3.04338842975,1.05689877454,3.54545454545,0.499047619048,0.4,8,0.0484848484848,0.255555555556,11,11,11,1,0,0.0909090909091,0.636363636364,0.272727272727,11,0.145454545455,3.22727272727,2.90909090909,1.6,2,1.64039906453,0.563887178432,0.295454545455,0.934198732994,0.642261628933,0.318181818182,1.57249078621,1.08108741552,0.522727272727,1.12196560472,0.34765131414,3.875,3.22727272727,1.12196560472,3.875,0.208333333333,0.157894736842,2,0.0121212121212,0.26,11,11,11,1,0,0.0909090909091,0.636363636364,0.272727272727,11,20,0.181818181818,4.67561983471,3.63636363636,2,2.5,1.74772579501,0.480624593628,0.254545454545,1.07871977994,0.593295878968,0.3,1.83402190926,1.00871205009,0.518181818182,1.62699625981,0.347974454154,5.63636363636,4.67561983471,1.62699625981,5.63636363636,0.466666666667,0.352941176471,6,0.0363636363636,0.24,11,11,11,1,0,0.0909090909091,0.636363636364,0.272727272727,0,0,1.63223140496,0,0,0,0.0581857823014,0.0160010901329,0.00909090909091,-0.0890286363011,-0.0489657499656,-0.0363636363636,-0.105987462791,-0.0582931045351,-0.0181818181818,0.570097485278,0.000697463742632,2.09090909091,1.63223140496,0.570097485278,2.09090909091,-0.032380952381,-0.0470588235294,-2,-0.0121212121212,-0.0155555555556,0,0,0,19,1,1,89,0.95,0.988888888889,0.0111111111111,0.05,0.95,0.95,0.95,0.938888888889,0.938888888889,0.904761904762,4,4,0,0,0,0
3534,WLNM_dir_neg,0.875,0.616071428571,00:00:00,10,80,43,1178364392,threshold_sweep,0.6,0.75,0.75,0.75,3,1,1,7,0.75,0.875,0.125,0.25,0.75,0.75,0.75,0.833333333333,0.555555555556,0.625,0.625,0.625,20,16,4,0,20,0,16,0,4,11,20,0.181818181818,3.04338842975,3.63636363636,2,2.5,1.68954001271,0.464623503495,0.245454545455,1.16774841624,0.642261628933,0.336363636364,1.94000937205,1.06700515463,0.536363636364,1.05689877454,0.347276990411,3.54545454545,3.04338842975,1.05689877454,3.54545454545,0.499047619048,0.4,8,0.0484848484848,0.255555555556,11,11,11,1,0,0.0909090909091,0.636363636364,0.272727272727,11,0.145454545455,3.22727272727,2.90909090909,1.6,2,1.64039906453,0.563887178432,0.295454545455,0.934198732994,0.642261628933,0.318181818182,1.57249078621,1.08108741552,0.522727272727,1.12196560472,0.34765131414,3.875,3.22727272727,1.12196560472,3.875,0.208333333333,0.157894736842,2,0.0121212121212,0.26,11,11,11,1,0,0.0909090909091,0.636363636364,0.272727272727,11,20,0.181818181818,4.67561983471,3.63636363636,2,2.5,1.74772579501,0.480624593628,0.254545454545,1.07871977994,0.593295878968,0.3,1.83402190926,1.00871205009,0.518181818182,1.62699625981,0.347974454154,5.63636363636,4.67561983471,1.62699625981,5.63636363636,0.466666666667,0.352941176471,6,0.0363636363636,0.24,11,11,11,1,0,0.0909090909091,0.636363636364,0.272727272727,0,0,1.63223140496,0,0,0,0.0581857823014,0.0160010901329,0.00909090909091,-0.0890286363011,-0.0489657499656,-0.0363636363636,-0.105987462791,-0.0582931045351,-0.0181818181818,0.570097485278,0.000697463742632,2.09090909091,1.63223140496,0.570097485278,2.09090909091,-0.032380952381,-0.0470588235294,-2,-0.0121212121212,-0.0155555555556,0,0,0,19,1,1,89,0.95,0.988888888889,0.0111111111111,0.05,0.95,0.95,0.95,0.938888888889,0.938888888889,0.904761904762,4,4,0,0,0,0
3535,WLNM_dir_neg,0.875,0.616071428571,00:00:00,10,80,43,1178364392,threshold_sweep,0.7,1,0.75,0.857142857143,3,0,1,8,0.75,1,0,0.25,1,0.75,0.857142857143,0.916666666667,0.583333333333,0.8,0.816496580928,0.75,20,16,4,0,20,0,16,0,4,11,20,0.181818181818,3.04338842975,3.63636363636,2,2.5,1.68954001271,0.464623503495,0.245454545455,1.16774841624,0.642261628933,0.336363636364,1.94000937205,1.06700515463,0.536363636364,1.05689877454,0.347276990411,3.54545454545,3.04338842975,1.05689877454,3.54545454545,0.499047619048,0.4,8,0.0484848484848,0.255555555556,11,11,11,1,0,0.0909090909091,0.636363636364,0.272727272727,11,0.145454545455,3.22727272727,2.90909090909,1.6,2,1.64039906453,0.563887178432,0.295454545455,0.934198732994,0.642261628933,0.318181818182,1.57249078621,1.08108741552,0.522727272727,1.12196560472,0.34765131414,3.875,3.22727272727,1.12196560472,3.875,0.208333333333,0.157894736842,2,0.0121212121212,0.26,11,11,11,1,0,0.0909090909091,0.636363636364,0.272727272727,11,19,0.172727272727,3.0847107438,3.45454545455,1.9,2.375,1.50755672289,0.436397998731,0.234449760766,1.1037127426,0.638991587822,0.325358851675,1.7372915179,1.00580035247,0.516746411483,1.09771037579,0.355855205548,3.63636363636,3.0847107438,1.09771037579,3.63636363636,0.466666666667,0.352941176471,6,0.0363636363636,0.23,11,11,11,1,0,0.0909090909091,0.636363636364,0.272727272727,-1,-0.00909090909091,0.0413223140496,-0.181818181818,-0.1,-0.125,-0.18198328982,-0.0282255047641,-0.011004784689,-0.0640356736404,-0.0032700411111,-0.011004784689,-0.202717854144,-0.0612048021559,-0.0196172248804,0.0408116012549,0.00857821513672,0.0909090909091,0.0413223140496,0.0408116012549,0.0909090909091,-0.032380952381,-0.0470588235294,-2,-0.0121212121212,-0.0255555555556,0,0,0,19,0,1,90,0.95,1,0,0.05,1,0.95,0.974358974359,0.969309258988,0.95,0.95,3,4,0,0,0,0
3536,WLNM_dir_neg,0.875,0.616071428571,00:00:00,10,80,43,1178364392,threshold_sweep,0.8,1,0.75,0.857142857143,3,0,1,8,0.75,1,0,0.25,1,0.75,0.857142857143,0.916666666667,0.583333333333,0.8,0.816496580928,0.75,20,16,4,0,20,0,16,0,4,11,20,0.181818181818,3.04338842975,3.63636363636,2,2.5,1.68954001271,0.464623503495,0.245454545455,1.16774841624,0.642261628933,0.336363636364,1.94000937205,1.06700515463,0.536363636364,1.05689877454,0.347276990411,3.54545454545,3.04338842975,1.05689877454,3.54545454545,0.499047619048,0.4,8,0.0484848484848,0.255555555556,11,11,11,1,0,0.0909090909091,0.636363636364,0.272727272727,11,0.145454545455,3.22727272727,2.90909090909,1.6,2,1.64039906453,0.563887178432,0.295454545455,0.934198732994,0.642261628933,0.318181818182,1.57249078621,1.08108741552,0.522727272727,1.12196560472,0.34765131414,3.875,3.22727272727,1.12196560472,3.875,0.208333333333,0.157894736842,2,0.0121212121212,0.26,11,11,11,1,0,0.0909090909091,0.636363636364,0.272727272727,11,19,0.172727272727,3.0847107438,3.45454545455,1.9,2.375,1.50755672289,0.436397998731,0.234449760766,1.1037127426,0.638991587822,0.325358851675,1.7372915179,1.00580035247,0.516746411483,1.09771037579,0.355855205548,3.63636363636,3.0847107438,1.09771037579,3.63636363636,0.466666666667,0.352941176471,6,0.0363636363636,0.23,11,11,11,1,0,0.0909090909091,0.636363636364,0.272727272727,-1,-0.00909090909091,0.0413223140496,-0.181818181818,-0.1,-0.125,-0.18198328982,-0.0282255047641,-0.011004784689,-0.0640356736404,-0.0032700411111,-0.011004784689,-0.202717854144,-0.0612048021559,-0.0196172248804,0.0408116012549,0.00857821513672,0.0909090909091,0.0413223140496,0.0408116012549,0.0909090909091,-0.032380952381,-0.0470588235294,-2,-0.0121212121212,-0.0255555555556,0,0,0,19,0,1,90,0.95,1,0,0.05,1,0.95,0.974358974359,0.969309258988,0.95,0.95,3,4,0,0,0,0
3537,WLNM_dir_neg,0.875,0.616071428571,00:00:00,10,80,43,1178364392,threshold_sweep,0.9,1,0.75,0.857142857143,3,0,1,8,0.75,1,0,0.25,1,0.75,0.857142857143,0.916666666667,0.583333333333,0.8,0.816496580928,0.75,20,16,4,0,20,0,16,0,4,11,20,0.181818181818,3.04338842975,3.63636363636,2,2.5,1.68954001271,0.464623503495,0.245454545455,1.16774841624,0.642261628933,0.336363636364,1.94000937205,1.06700515463,0.536363636364,1.05689877454,0.347276990411,3.54545454545,3.04338842975,1.05689877454,3.54545454545,0.499047619048,0.4,8,0.0484848484848,0.255555555556,11,11,11,1,0,0.0909090909091,0.636363636364,0.272727272727,11,0.145454545455,3.22727272727,2.90909090909,1.6,2,1.64039906453,0.563887178432,0.295454545455,0.934198732994,0.642261628933,0.318181818182,1.57249078621,1.08108741552,0.522727272727,1.12196560472,0.34765131414,3.875,3.22727272727,1.12196560472,3.875,0.208333333333,0.157894736842,2,0.0121212121212,0.26,11,11,11,1,0,0.0909090909091,0.636363636364,0.272727272727,11,19,0.172727272727,3.0847107438,3.45454545455,1.9,2.375,1.50755672289,0.436397998731,0.234449760766,1.1037127426,0.638991587822,0.325358851675,1.7372915179,1.00580035247,0.516746411483,1.09771037579,0.355855205548,3.63636363636,3.0847107438,1.09771037579,3.63636363636,0.466666666667,0.352941176471,6,0.0363636363636,0.23,11,11,11,1,0,0.0909090909091,0.636363636364,0.272727272727,-1,-0.00909090909091,0.0413223140496,-0.181818181818,-0.1,-0.125,-0.18198328982,-0.0282255047641,-0.011004784689,-0.0640356736404,-0.0032700411111,-0.011004784689,-0.202717854144,-0.0612048021559,-0.0196172248804,0.0408116012549,0.00857821513672,0.0909090909091,0.0413223140496,0.0408116012549,0.0909090909091,-0.032380952381,-0.0470588235294,-2,-0.0121212121212,-0.0255555555556,0,0,0,19,0,1,90,0.95,1,0,0.05,1,0.95,0.974358974359,0.969309258988,0.95,0.95,3,4,0,0,0,0
3538,WLNM_dir_neg,1,0.75,00:00:00,10,80,44,1178364393,threshold_sweep,0.1,1,0.75,0.857142857143,3,0,1,8,0.75,1,0,0.25,1,0.75,0.857142857143,0.916666666667,0.583333333333,0.8,0.816496580928,0.75,20,16,4,0,20,0,16,0,4,11,20,0.181818181818,3.04338842975,3.63636363636,2,2.5,1.68954001271,0.464623503495,0.245454545455,1.16774841624,0.642261628933,0.336363636364,1.94000937205,1.06700515463,0.536363636364,1.05689877454,0.347276990411,3.54545454545,3.04338842975,1.05689877454,3.54545454545,0.499047619048,0.4,8,0.0484848484848,0.255555555556,11,11,11,1,0,0.0909090909091,0.636363636364,0.272727272727,11,0.145454545455,3.34848484848,2.90909090909,1.6,2,1.64039906453,0.563887178432,0.267045454545,0.934198732994,0.642261628933,0.318181818182,1.69491217257,1.16525211864,0.522727272727,1.48034257569,0.4420932579,5.33333333333,3.34848484848,1.48034257569,5.33333333333,0.441798941799,0.3,4,0.0242424242424,0.234074074074,11,11,11,1,0,0.0909090909091,0.636363636364,0.272727272727,11,19,0.172727272727,3.07683982684,3.45454545455,1.9,2.375,1.63484778274,0.473245410793,0.244019138756,1.1037127426,0.638991587822,0.325358851675,1.84883255547,1.07037674264,0.526315789474,1.1107514621,0.361003992606,3.80952380952,3.07683982684,1.1107514621,3.80952380952,0.519047619048,0.388888888889,7,0.0424242424242,0.24,11,11,11,1,0,0.0909090909091,0.636363636364,0.272727272727,-1,-0.00909090909091,0.0334513970878,-0.181818181818,-0.1,-0.125,-0.05469222997,0.00862190729789,-0.00143540669856,-0.0640356736404,-0.0032700411111,-0.011004784689,-0.0911768165742,0.00337158801632,-0.01004784689,0.0538526875618,0.0137270021948,0.264069264069,0.0334513970878,0.0538526875618,0.264069264069,0.02,-0.0111111111111,-1,-0.00606060606061,-0.0155555555556,0,0,0,19,0,1,90,0.95,1,0,0.05,1,0.95,0.974358974359,0.969309258988,0.95,0.95,3,4,0,0,0,0
3539,WLNM_dir_neg,1,0.75,00:00:00,10,80,44,1178364393,threshold_sweep,0.2,1,0.75,0.857142857143,3,0,1,8,0.75,1,0,0.25,1,0.75,0.857142857143,0.916666666667,0.583333333333,0.8,0.816496580928,0.75,20,16,4,0,20,0,16,0,4,11,20,0.181818181818,3.04338842975,3.63636363636,2,2.5,1.68954001271,0.464623503495,0.245454545455,1.16774841624,0.642261628933,0.336363636364,1.94000937205,1.06700515463,0.536363636364,1.05689877454,0.347276990411,3.54545454545,3.04338842975,1.05689877454,3.54545454545,0.499047619048,0.4,8,0.0484848484848,0.255555555556,11,11,11,1,0,0.0909090909091,0.636363636364,0.272727272727,11,0.145454545455,3.34848484848,2.90909090909,1.6,2,1.64039906453,0.563887178432,0.267045454545,0.934198732994,0.642261628933,0.318181818182,1.69491217257,1.16525211864,0.522727272727,1.48034257569,0.4420932579,5.33333333333,3.34848484848,1.48034257569,5.33333333333,0.441798941799,0.3,4,0.0242424242424,0.234074074074,11,11,11,1,0,0.0909090909091,0.636363636364,0.272727272727,11,19,0.172727272727,3.07683982684,3.45454545455,1.9,2.375,1.63484778274,0.473245410793,0.244019138756,1.1037127426,0.638991587822,0.325358851675,1.84883255547,1.07037674264,0.526315789474,1.1107514621,0.361003992606,3.80952380952,3.07683982684,1.1107514621,3.80952380952,0.519047619048,0.388888888889,7,0.0424242424242,0.24,11,11,11,1,0,0.0909090909091,0.636363636364,0.272727272727,-1,-0.00909090909091,0.0334513970878,-0.181818181818,-0.1,-0.125,-0.05469222997,0.00862190729789,-0.00143540669856,-0.0640356736404,-0.0032700411111,-0.011004784689,-0.0911768165742,0.00337158801632,-0.01004784689,0.0538526875618,0.0137270021948,0.264069264069,0.0334513970878,0.0538526875618,0.264069264069,0.02,-0.0111111111111,-1,-0.00606060606061,-0.0155555555556,0,0,0,19,0,1,90,0.95,1,0,0.05,1,0.95,0.974358974359,0.969309258988,0.95,0.95,3,4,0,0,0,0
3540,WLNM_dir_neg,1,0.75,00:00:00,10,80,44,1178364393,threshold_sweep,0.3,1,0.75,0.857142857143,3,0,1,8,0.75,1,0,0.25,1,0.75,0.857142857143,0.916666666667,0.583333333333,0.8,0.816496580928,0.75,20,16,4,0,20,0,16,0,4,11,20,0.181818181818,3.04338842975,3.63636363636,2,2.5,1.68954001271,0.464623503495,0.245454545455,1.16774841624,0.642261628933,0.336363636364,1.94000937205,1.06700515463,0.536363636364,1.05689877454,0.347276990411,3.54545454545,3.04338842975,1.05689877454,3.54545454545,0.499047619048,0.4,8,0.0484848484848,0.255555555556,11,11,11,1,0,0.0909090909091,0.636363636364,0.272727272727,11,0.145454545455,3.34848484848,2.90909090909,1.6,2,1.64039906453,0.563887178432,0.267045454545,0.934198732994,0.642261628933,0.318181818182,1.69491217257,1.16525211864,0.522727272727,1.48034257569,0.4420932579,5.33333333333,3.34848484848,1.48034257569,5.33333333333,0.441798941799,0.3,4,0.0242424242424,0.234074074074,11,11,11,1,0,0.0909090909091,0.636363636364,0.272727272727,11,19,0.172727272727,3.07683982684,3.45454545455,1.9,2.375,1.63484778274,0.473245410793,0.244019138756,1.1037127426,0.638991587822,0.325358851675,1.84883255547,1.07037674264,0.526315789474,1.1107514621,0.361003992606,3.80952380952,3.07683982684,1.1107514621,3.80952380952,0.519047619048,0.388888888889,7,0.0424242424242,0.24,11,11,11,1,0,0.0909090909091,0.636363636364,0.272727272727,-1,-0.00909090909091,0.0334513970878,-0.181818181818,-0.1,-0.125,-0.05469222997,0.00862190729789,-0.00143540669856,-0.0640356736404,-0.0032700411111,-0.011004784689,-0.0911768165742,0.00337158801632,-0.01004784689,0.0538526875618,0.0137270021948,0.264069264069,0.0334513970878,0.0538526875618,0.264069264069,0.02,-0.0111111111111,-1,-0.00606060606061,-0.0155555555556,0,0,0,19,0,1,90,0.95,1,0,0.05,1,0.95,0.974358974359,0.969309258988,0.95,0.95,3,4,0,0,0,0
3541,WLNM_dir_neg,1,0.75,00:00:00,10,80,44,1178364393,threshold_sweep,0.4,1,0.75,0.857142857143,3,0,1,8,0.75,1,0,0.25,1,0.75,0.857142857143,0.916666666667,0.583333333333,0.8,0.816496580928,0.75,20,16,4,0,20,0,16,0,4,11,20,0.181818181818,3.04338842975,3.63636363636,2,2.5,1.68954001271,0.464623503495,0.245454545455,1.16774841624,0.642261628933,0.336363636364,1.94000937205,1.06700515463,0.536363636364,1.05689877454,0.347276990411,3.54545454545,3.04338842975,1.05689877454,3.54545454545,0.499047619048,0.4,8,0.0484848484848,0.255555555556,11,11,11,1,0,0.0909090909091,0.636363636364,0.272727272727,11,0.145454545455,3.34848484848,2.90909090909,1.6,2,1.64039906453,0.563887178432,0.267045454545,0.934198732994,0.642261628933,0.318181818182,1.69491217257,1.16525211864,0.522727272727,1.48034257569,0.4420932579,5.33333333333,3.34848484848,1.48034257569,5.33333333333,0.441798941799,0.3,4,0.0242424242424,0.234074074074,11,11,11,1,0,0.0909090909091,0.636363636364,0.272727272727,11,19,0.172727272727,3.07683982684,3.45454545455,1.9,2.375,1.63484778274,0.473245410793,0.244019138756,1.1037127426,0.638991587822,0.325358851675,1.84883255547,1.07037674264,0.526315789474,1.1107514621,0.361003992606,3.80952380952,3.07683982684,1.1107514621,3.80952380952,0.519047619048,0.388888888889,7,0.0424242424242,0.24,11,11,11,1,0,0.0909090909091,0.636363636364,0.272727272727,-1,-0.00909090909091,0.0334513970878,-0.181818181818,-0.1,-0.125,-0.05469222997,0.00862190729789,-0.00143540669856,-0.0640356736404,-0.0032700411111,-0.011004784689,-0.0911768165742,0.00337158801632,-0.01004784689,0.0538526875618,0.0137270021948,0.264069264069,0.0334513970878,0.0538526875618,0.264069264069,0.02,-0.0111111111111,-1,-0.00606060606061,-0.0155555555556,0,0,0,19,0,1,90,0.95,1,0,0.05,1,0.95,0.974358974359,0.969309258988,0.95,0.95,3,4,0,0,0,0
3542,WLNM_dir_neg,1,0.75,00:00:00,10,80,44,1178364393,threshold_sweep,0.5,1,0.5,0.666666666667,2,0,2,8,0.5,1,0,0.5,1,0.5,0.666666666667,0.833333333333,0.611111111111,0.571428571429,0.632455532034,0.5,20,16,4,0,20,0,16,0,4,11,20,0.181818181818,3.04338842975,3.63636363636,2,2.5,1.68954001271,0.464623503495,0.245454545455,1.16774841624,0.642261628933,0.336363636364,1.94000937205,1.06700515463,0.536363636364,1.05689877454,0.347276990411,3.54545454545,3.04338842975,1.05689877454,3.54545454545,0.499047619048,0.4,8,0.0484848484848,0.255555555556,11,11,11,1,0,0.0909090909091,0.636363636364,0.272727272727,11,0.145454545455,3.34848484848,2.90909090909,1.6,2,1.64039906453,0.563887178432,0.267045454545,0.934198732994,0.642261628933,0.318181818182,1.69491217257,1.16525211864,0.522727272727,1.48034257569,0.4420932579,5.33333333333,3.34848484848,1.48034257569,5.33333333333,0.441798941799,0.3,4,0.0242424242424,0.234074074074,11,11,11,1,0,0.0909090909091,0.636363636364,0.272727272727,11,18,0.163636363636,3.11060606061,3.27272727273,1.8,2.25,1.55505042304,0.475154295927,0.232323232323,0.924416277737,0.564921058617,0.292929292929,1.80403587951,1.10246637081,0.535353535354,1.16595865963,0.374833275867,3.93333333333,3.11060606061,1.16595865963,3.93333333333,0.519047619048,0.375,6,0.0363636363636,0.232222222222,11,11,11,1,0,0.0909090909091,0.636363636364,0.272727272727,-2,-0.0181818181818,0.067217630854,-0.363636363636,-0.2,-0.25,-0.134489589674,0.0105307924324,-0.0131313131313,-0.243332138505,-0.0773405703161,-0.0434343434343,-0.135973492542,0.0354612161826,-0.0010101010101,0.10905988509,0.0275562854552,0.387878787879,0.067217630854,0.10905988509,0.387878787879,0.02,-0.025,-2,-0.0121212121212,-0.0233333333333,0,0,0,18,0,2,90,0.9,1,0,0.1,1,0.9,0.947368421053,0.938314863257,0.9,0.9,2,4,0,0,0,0
3543,WLNM_dir_neg,1,0.75,00:00:00,10,80,44,1178364393,threshold_sweep,0.6,1,0.25,0.4,1,0,3,8,0.25,1,0,0.75,1,0.25,0.4,0.75,0.638888888889,0.307692307692,0.426401432711,0.25,20,16,4,0,20,0,16,0,4,11,20,0.181818181818,3.04338842975,3.63636363636,2,2.5,1.68954001271,0.464623503495,0.245454545455,1.16774841624,0.642261628933,0.336363636364,1.94000937205,1.06700515463,0.536363636364,1.05689877454,0.347276990411,3.54545454545,3.04338842975,1.05689877454,3.54545454545,0.499047619048,0.4,8,0.0484848484848,0.255555555556,11,11,11,1,0,0.0909090909091,0.636363636364,0.272727272727,11,0.145454545455,3.34848484848,2.90909090909,1.6,2,1.64039906453,0.563887178432,0.267045454545,0.934198732994,0.642261628933,0.318181818182,1.69491217257,1.16525211864,0.522727272727,1.48034257569,0.4420932579,5.33333333333,3.34848484848,1.48034257569,5.33333333333,0.441798941799,0.3,4,0.0242424242424,0.234074074074,11,11,11,1,0,0.0909090909091,0.636363636364,0.272727272727,11,17,0.154545454545,3.17878787879,3.09090909091,1.7,2.125,1.64039906453,0.530717344407,0.262032085561,0.934198732994,0.604481533114,0.310160427807,1.7529196424,1.13424212156,0.534759358289,1.16469096781,0.366394680056,3.93333333333,3.17878787879,1.16469096781,3.93333333333,0.514285714286,0.340909090909,5,0.030303030303,0.245185185185,11,11,11,1,0,0.0909090909091,0.636363636364,0.272727272727,-3,-0.0272727272727,0.135399449036,-0.545454545455,-0.3,-0.375,-0.0491409481798,0.0660938409116,0.016577540107,-0.233549683248,-0.0377800958196,-0.0262032085561,-0.187089729644,0.0672369669291,-0.00160427807487,0.107792193276,0.0191176896442,0.387878787879,0.135399449036,0.107792193276,0.387878787879,0.0152380952381,-0.0590909090909,-3,-0.0181818181818,-0.0103703703704,0,0,0,17,0,3,90,0.85,1,0,0.15,1,0.85,0.918918918919,0.906962317388,0.85,0.85,1,4,0,0,0,0
3544,WLNM_dir_neg,1,0.75,00:00:00,10,80,44,1178364393,threshold_sweep,0.7,1,0.25,0.4,1,0,3,8,0.25,1,0,0.75,1,0.25,0.4,0.75,0.638888888889,0.307692307692,0.426401432711,0.25,20,16,4,0,20,0,16,0,4,11,20,0.181818181818,3.04338842975,3.63636363636,2,2.5,1.68954001271,0.464623503495,0.245454545455,1.16774841624,0.642261628933,0.336363636364,1.94000937205,1.06700515463,0.536363636364,1.05689877454,0.347276990411,3.54545454545,3.04338842975,1.05689877454,3.54545454545,0.499047619048,0.4,8,0.0484848484848,0.255555555556,11,11,11,1,0,0.0909090909091,0.636363636364,0.272727272727,11,0.145454545455,3.34848484848,2.90909090909,1.6,2,1.64039906453,0.563887178432,0.267045454545,0.934198732994,0.642261628933,0.318181818182,1.69491217257,1.16525211864,0.522727272727,1.48034257569,0.4420932579,5.33333333333,3.34848484848,1.48034257569,5.33333333333,0.441798941799,0.3,4,0.0242424242424,0.234074074074,11,11,11,1,0,0.0909090909091,0.636363636364,0.272727272727,11,17,0.154545454545,3.17878787879,3.09090909091,1.7,2.125,1.64039906453,0.530717344407,0.262032085561,0.934198732994,0.604481533114,0.310160427807,1.7529196424,1.13424212156,0.534759358289,1.16469096781,0.366394680056,3.93333333333,3.17878787879,1.16469096781,3.93333333333,0.514285714286,0.340909090909,5,0.030303030303,0.245185185185,11,11,11,1,0,0.0909090909091,0.636363636364,0.272727272727,-3,-0.0272727272727,0.135399449036,-0.545454545455,-0.3,-0.375,-0.0491409481798,0.0660938409116,0.016577540107,-0.233549683248,-0.0377800958196,-0.0262032085561,-0.187089729644,0.0672369669291,-0.00160427807487,0.107792193276,0.0191176896442,0.387878787879,0.135399449036,0.107792193276,0.387878787879,0.0152380952381,-0.0590909090909,-3,-0.0181818181818,-0.0103703703704,0,0,0,17,0,3,90,0.85,1,0,0.15,1,0.85,0.918918918919,0.906962317388,0.85,0.85,1,4,0,0,0,0
3545,WLNM_dir_neg,1,0.75,00:00:00,10,80,44,1178364393,threshold_sweep,0.8,1,0.25,0.4,1,0,3,8,0.25,1,0,0.75,1,0.25,0.4,0.75,0.638888888889,0.307692307692,0.426401432711,0.25,20,16,4,0,20,0,16,0,4,11,20,0.181818181818,3.04338842975,3.63636363636,2,2.5,1.68954001271,0.464623503495,0.245454545455,1.16774841624,0.642261628933,0.336363636364,1.94000937205,1.06700515463,0.536363636364,1.05689877454,0.347276990411,3.54545454545,3.04338842975,1.05689877454,3.54545454545,0.499047619048,0.4,8,0.0484848484848,0.255555555556,11,11,11,1,0,0.0909090909091,0.636363636364,0.272727272727,11,0.145454545455,3.34848484848,2.90909090909,1.6,2,1.64039906453,0.563887178432,0.267045454545,0.934198732994,0.642261628933,0.318181818182,1.69491217257,1.16525211864,0.522727272727,1.48034257569,0.4420932579,5.33333333333,3.34848484848,1.48034257569,5.33333333333,0.441798941799,0.3,4,0.0242424242424,0.234074074074,11,11,11,1,0,0.0909090909091,0.636363636364,0.272727272727,11,17,0.154545454545,3.17878787879,3.09090909091,1.7,2.125,1.64039906453,0.530717344407,0.262032085561,0.934198732994,0.604481533114,0.310160427807,1.7529196424,1.13424212156,0.534759358289,1.16469096781,0.366394680056,3.93333333333,3.17878787879,1.16469096781,3.93333333333,0.514285714286,0.340909090909,5,0.030303030303,0.245185185185,11,11,11,1,0,0.0909090909091,0.636363636364,0.272727272727,-3,-0.0272727272727,0.135399449036,-0.545454545455,-0.3,-0.375,-0.0491409481798,0.0660938409116,0.016577540107,-0.233549683248,-0.0377800958196,-0.0262032085561,-0.187089729644,0.0672369669291,-0.00160427807487,0.107792193276,0.0191176896442,0.387878787879,0.135399449036,0.107792193276,0.387878787879,0.0152380952381,-0.0590909090909,-3,-0.0181818181818,-0.0103703703704,0,0,0,17,0,3,90,0.85,1,0,0.15,1,0.85,0.918918918919,0.906962317388,0.85,0.85,1,4,0,0,0,0
3546,WLNM_dir_neg,1,0.75,00:00:00,10,80,44,1178364393,threshold_sweep,0.9,1,0.25,0.4,1,0,3,8,0.25,1,0,0.75,1,0.25,0.4,0.75,0.638888888889,0.307692307692,0.426401432711,0.25,20,16,4,0,20,0,16,0,4,11,20,0.181818181818,3.04338842975,3.63636363636,2,2.5,1.68954001271,0.464623503495,0.245454545455,1.16774841624,0.642261628933,0.336363636364,1.94000937205,1.06700515463,0.536363636364,1.05689877454,0.347276990411,3.54545454545,3.04338842975,1.05689877454,3.54545454545,0.499047619048,0.4,8,0.0484848484848,0.255555555556,11,11,11,1,0,0.0909090909091,0.636363636364,0.272727272727,11,0.145454545455,3.34848484848,2.90909090909,1.6,2,1.64039906453,0.563887178432,0.267045454545,0.934198732994,0.642261628933,0.318181818182,1.69491217257,1.16525211864,0.522727272727,1.48034257569,0.4420932579,5.33333333333,3.34848484848,1.48034257569,5.33333333333,0.441798941799,0.3,4,0.0242424242424,0.234074074074,11,11,11,1,0,0.0909090909091,0.636363636364,0.272727272727,11,17,0.154545454545,3.17878787879,3.09090909091,1.7,2.125,1.64039906453,0.530717344407,0.262032085561,0.934198732994,0.604481533114,0.310160427807,1.7529196424,1.13424212156,0.534759358289,1.16469096781,0.366394680056,3.93333333333,3.17878787879,1.16469096781,3.93333333333,0.514285714286,0.340909090909,5,0.030303030303,0.245185185185,11,11,11,1,0,0.0909090909091,0.636363636364,0.272727272727,-3,-0.0272727272727,0.135399449036,-0.545454545455,-0.3,-0.375,-0.0491409481798,0.0660938409116,0.016577540107,-0.233549683248,-0.0377800958196,-0.0262032085561,-0.187089729644,0.0672369669291,-0.00160427807487,0.107792193276,0.0191176896442,0.387878787879,0.135399449036,0.107792193276,0.387878787879,0.0152380952381,-0.0590909090909,-3,-0.0181818181818,-0.0103703703704,0,0,0,17,0,3,90,0.85,1,0,0.15,1,0.85,0.918918918919,0.906962317388,0.85,0.85,1,4,0,0,0,0
3547,WLNM_dir_neg,0.625,0.414583333333,00:00:00,10,80,45,1178364394,threshold_sweep,0.1,1,0.5,0.666666666667,2,0,2,8,0.5,1,0,0.5,1,0.5,0.666666666667,0.833333333333,0.611111111111,0.571428571429,0.632455532034,0.5,20,16,4,0,20,0,16,0,4,11,20,0.181818181818,3.04338842975,3.63636363636,2,2.5,1.68954001271,0.464623503495,0.245454545455,1.16774841624,0.642261628933,0.336363636364,1.94000937205,1.06700515463,0.536363636364,1.05689877454,0.347276990411,3.54545454545,3.04338842975,1.05689877454,3.54545454545,0.499047619048,0.4,8,0.0484848484848,0.255555555556,11,11,11,1,0,0.0909090909091,0.636363636364,0.272727272727,11,0.145454545455,3.20454545455,2.90909090909,1.6,2,1.44599761096,0.497061678768,0.255681818182,0.820199532265,0.563887178432,0.284090909091,1.50755672289,1.03644524699,0.511363636364,1.19800971312,0.373847002675,4,3.20454545455,1.19800971312,4,0.266666666667,0.166666666667,2,0.0121212121212,0.216666666667,11,11,11,1,0,0.0909090909091,0.636363636364,0.272727272727,11,18,0.163636363636,3.13016528926,3.27272727273,1.8,2.25,1.67874411933,0.512949592017,0.277777777778,1.12006493318,0.684484125834,0.343434343434,1.68954001271,1.03249667443,0.525252525253,1.08130674069,0.345447169964,3.63636363636,3.13016528926,1.08130674069,3.63636363636,0.437037037037,0.3125,5,0.030303030303,0.241111111111,11,11,11,1,0,0.0909090909091,0.636363636364,0.272727272727,-2,-0.0181818181818,0.0867768595041,-0.363636363636,-0.2,-0.25,-0.0107958933802,0.0483260885222,0.0323232323232,-0.0476834830596,0.0422224969006,0.00707070707071,-0.250469359339,-0.0345084801933,-0.0111111111111,0.024407966156,-0.00182982044736,0.0909090909091,0.0867768595041,0.024407966156,0.0909090909091,-0.0620105820106,-0.0875,-3,-0.0181818181818,-0.0144444444444,0,0,0,18,0,2,90,0.9,1,0,0.1,1,0.9,0.947368421053,0.938314863257,0.9,0.9,2,4,0,0,0,0
3548,WLNM_dir_neg,0.625,0.414583333333,00:00:00,10,80,45,1178364394,threshold_sweep,0.2,1,0.5,0.666666666667,2,0,2,8,0.5,1,0,0.5,1,0.5,0.666666666667,0.833333333333,0.611111111111,0.571428571429,0.632455532034,0.5,20,16,4,0,20,0,16,0,4,11,20,0.181818181818,3.04338842975,3.63636363636,2,2.5,1.68954001271,0.464623503495,0.245454545455,1.16774841624,0.642261628933,0.336363636364,1.94000937205,1.06700515463,0.536363636364,1.05689877454,0.347276990411,3.54545454545,3.04338842975,1.05689877454,3.54545454545,0.499047619048,0.4,8,0.0484848484848,0.255555555556,11,11,11,1,0,0.0909090909091,0.636363636364,0.272727272727,11,0.145454545455,3.20454545455,2.90909090909,1.6,2,1.44599761096,0.497061678768,0.255681818182,0.820199532265,0.563887178432,0.284090909091,1.50755672289,1.03644524699,0.511363636364,1.19800971312,0.373847002675,4,3.20454545455,1.19800971312,4,0.266666666667,0.166666666667,2,0.0121212121212,0.216666666667,11,11,11,1,0,0.0909090909091,0.636363636364,0.272727272727,11,18,0.163636363636,3.13016528926,3.27272727273,1.8,2.25,1.67874411933,0.512949592017,0.277777777778,1.12006493318,0.684484125834,0.343434343434,1.68954001271,1.03249667443,0.525252525253,1.08130674069,0.345447169964,3.63636363636,3.13016528926,1.08130674069,3.63636363636,0.437037037037,0.3125,5,0.030303030303,0.241111111111,11,11,11,1,0,0.0909090909091,0.636363636364,0.272727272727,-2,-0.0181818181818,0.0867768595041,-0.363636363636,-0.2,-0.25,-0.0107958933802,0.0483260885222,0.0323232323232,-0.0476834830596,0.0422224969006,0.00707070707071,-0.250469359339,-0.0345084801933,-0.0111111111111,0.024407966156,-0.00182982044736,0.0909090909091,0.0867768595041,0.024407966156,0.0909090909091,-0.0620105820106,-0.0875,-3,-0.0181818181818,-0.0144444444444,0,0,0,18,0,2,90,0.9,1,0,0.1,1,0.9,0.947368421053,0.938314863257,0.9,0.9,2,4,0,0,0,0
3549,WLNM_dir_neg,0.625,0.414583333333,00:00:00,10,80,45,1178364394,threshold_sweep,0.3,1,0.5,0.666666666667,2,0,2,8,0.5,1,0,0.5,1,0.5,0.666666666667,0.833333333333,0.611111111111,0.571428571429,0.632455532034,0.5,20,16,4,0,20,0,16,0,4,11,20,0.181818181818,3.04338842975,3.63636363636,2,2.5,1.68954001271,0.464623503495,0.245454545455,1.16774841624,0.642261628933,0.336363636364,1.94000937205,1.06700515463,0.536363636364,1.05689877454,0.347276990411,3.54545454545,3.04338842975,1.05689877454,3.54545454545,0.499047619048,0.4,8,0.0484848484848,0.255555555556,11,11,11,1,0,0.0909090909091,0.636363636364,0.272727272727,11,0.145454545455,3.20454545455,2.90909090909,1.6,2,1.44599761096,0.497061678768,0.255681818182,0.820199532265,0.563887178432,0.284090909091,1.50755672289,1.03644524699,0.511363636364,1.19800971312,0.373847002675,4,3.20454545455,1.19800971312,4,0.266666666667,0.166666666667,2,0.0121212121212,0.216666666667,11,11,11,1,0,0.0909090909091,0.636363636364,0.272727272727,11,18,0.163636363636,3.13016528926,3.27272727273,1.8,2.25,1.67874411933,0.512949592017,0.277777777778,1.12006493318,0.684484125834,0.343434343434,1.68954001271,1.03249667443,0.525252525253,1.08130674069,0.345447169964,3.63636363636,3.13016528926,1.08130674069,3.63636363636,0.437037037037,0.3125,5,0.030303030303,0.241111111111,11,11,11,1,0,0.0909090909091,0.636363636364,0.272727272727,-2,-0.0181818181818,0.0867768595041,-0.363636363636,-0.2,-0.25,-0.0107958933802,0.0483260885222,0.0323232323232,-0.0476834830596,0.0422224969006,0.00707070707071,-0.250469359339,-0.0345084801933,-0.0111111111111,0.024407966156,-0.00182982044736,0.0909090909091,0.0867768595041,0.024407966156,0.0909090909091,-0.0620105820106,-0.0875,-3,-0.0181818181818,-0.0144444444444,0,0,0,18,0,2,90,0.9,1,0,0.1,1,0.9,0.947368421053,0.938314863257,0.9,0.9,2,4,0,0,0,0
3550,WLNM_dir_neg,0.625,0.414583333333,00:00:00,10,80,45,1178364394,threshold_sweep,0.4,1,0.5,0.666666666667,2,0,2,8,0.5,1,0,0.5,1,0.5,0.666666666667,0.833333333333,0.611111111111,0.571428571429,0.632455532034,0.5,20,16,4,0,20,0,16,0,4,11,20,0.181818181818,3.04338842975,3.63636363636,2,2.5,1.68954001271,0.464623503495,0.245454545455,1.16774841624,0.642261628933,0.336363636364,1.94000937205,1.06700515463,0.536363636364,1.05689877454,0.347276990411,3.54545454545,3.04338842975,1.05689877454,3.54545454545,0.499047619048,0.4,8,0.0484848484848,0.255555555556,11,11,11,1,0,0.0909090909091,0.636363636364,0.272727272727,11,0.145454545455,3.20454545455,2.90909090909,1.6,2,1.44599761096,0.497061678768,0.255681818182,0.820199532265,0.563887178432,0.284090909091,1.50755672289,1.03644524699,0.511363636364,1.19800971312,0.373847002675,4,3.20454545455,1.19800971312,4,0.266666666667,0.166666666667,2,0.0121212121212,0.216666666667,11,11,11,1,0,0.0909090909091,0.636363636364,0.272727272727,11,18,0.163636363636,3.13016528926,3.27272727273,1.8,2.25,1.67874411933,0.512949592017,0.277777777778,1.12006493318,0.684484125834,0.343434343434,1.68954001271,1.03249667443,0.525252525253,1.08130674069,0.345447169964,3.63636363636,3.13016528926,1.08130674069,3.63636363636,0.437037037037,0.3125,5,0.030303030303,0.241111111111,11,11,11,1,0,0.0909090909091,0.636363636364,0.272727272727,-2,-0.0181818181818,0.0867768595041,-0.363636363636,-0.2,-0.25,-0.0107958933802,0.0483260885222,0.0323232323232,-0.0476834830596,0.0422224969006,0.00707070707071,-0.250469359339,-0.0345084801933,-0.0111111111111,0.024407966156,-0.00182982044736,0.0909090909091,0.0867768595041,0.024407966156,0.0909090909091,-0.0620105820106,-0.0875,-3,-0.0181818181818,-0.0144444444444,0,0,0,18,0,2,90,0.9,1,0,0.1,1,0.9,0.947368421053,0.938314863257,0.9,0.9,2,4,0,0,0,0
3551,WLNM_dir_neg,0.625,0.414583333333,00:00:00,10,80,45,1178364394,threshold_sweep,0.5,1,0.5,0.666666666667,2,0,2,8,0.5,1,0,0.5,1,0.5,0.666666666667,0.833333333333,0.611111111111,0.571428571429,0.632455532034,0.5,20,16,4,0,20,0,16,0,4,11,20,0.181818181818,3.04338842975,3.63636363636,2,2.5,1.68954001271,0.464623503495,0.245454545455,1.16774841624,0.642261628933,0.336363636364,1.94000937205,1.06700515463,0.536363636364,1.05689877454,0.347276990411,3.54545454545,3.04338842975,1.05689877454,3.54545454545,0.499047619048,0.4,8,0.0484848484848,0.255555555556,11,11,11,1,0,0.0909090909091,0.636363636364,0.272727272727,11,0.145454545455,3.20454545455,2.90909090909,1.6,2,1.44599761096,0.497061678768,0.255681818182,0.820199532265,0.563887178432,0.284090909091,1.50755672289,1.03644524699,0.511363636364,1.19800971312,0.373847002675,4,3.20454545455,1.19800971312,4,0.266666666667,0.166666666667,2,0.0121212121212,0.216666666667,11,11,11,1,0,0.0909090909091,0.636363636364,0.272727272727,11,18,0.163636363636,3.13016528926,3.27272727273,1.8,2.25,1.67874411933,0.512949592017,0.277777777778,1.12006493318,0.684484125834,0.343434343434,1.68954001271,1.03249667443,0.525252525253,1.08130674069,0.345447169964,3.63636363636,3.13016528926,1.08130674069,3.63636363636,0.437037037037,0.3125,5,0.030303030303,0.241111111111,11,11,11,1,0,0.0909090909091,0.636363636364,0.272727272727,-2,-0.0181818181818,0.0867768595041,-0.363636363636,-0.2,-0.25,-0.0107958933802,0.0483260885222,0.0323232323232,-0.0476834830596,0.0422224969006,0.00707070707071,-0.250469359339,-0.0345084801933,-0.0111111111111,0.024407966156,-0.00182982044736,0.0909090909091,0.0867768595041,0.024407966156,0.0909090909091,-0.0620105820106,-0.0875,-3,-0.0181818181818,-0.0144444444444,0,0,0,18,0,2,90,0.9,1,0,0.1,1,0.9,0.947368421053,0.938314863257,0.9,0.9,2,4,0,0,0,0
3552,WLNM_dir_neg,0.625,0.414583333333,00:00:00,10,80,45,1178364394,threshold_sweep,0.6,1,0.5,0.666666666667,2,0,2,8,0.5,1,0,0.5,1,0.5,0.666666666667,0.833333333333,0.611111111111,0.571428571429,0.632455532034,0.5,20,16,4,0,20,0,16,0,4,11,20,0.181818181818,3.04338842975,3.63636363636,2,2.5,1.68954001271,0.464623503495,0.245454545455,1.16774841624,0.642261628933,0.336363636364,1.94000937205,1.06700515463,0.536363636364,1.05689877454,0.347276990411,3.54545454545,3.04338842975,1.05689877454,3.54545454545,0.499047619048,0.4,8,0.0484848484848,0.255555555556,11,11,11,1,0,0.0909090909091,0.636363636364,0.272727272727,11,0.145454545455,3.20454545455,2.90909090909,1.6,2,1.44599761096,0.497061678768,0.255681818182,0.820199532265,0.563887178432,0.284090909091,1.50755672289,1.03644524699,0.511363636364,1.19800971312,0.373847002675,4,3.20454545455,1.19800971312,4,0.266666666667,0.166666666667,2,0.0121212121212,0.216666666667,11,11,11,1,0,0.0909090909091,0.636363636364,0.272727272727,11,18,0.163636363636,3.13016528926,3.27272727273,1.8,2.25,1.67874411933,0.512949592017,0.277777777778,1.12006493318,0.684484125834,0.343434343434,1.68954001271,1.03249667443,0.525252525253,1.08130674069,0.345447169964,3.63636363636,3.13016528926,1.08130674069,3.63636363636,0.437037037037,0.3125,5,0.030303030303,0.241111111111,11,11,11,1,0,0.0909090909091,0.636363636364,0.272727272727,-2,-0.0181818181818,0.0867768595041,-0.363636363636,-0.2,-0.25,-0.0107958933802,0.0483260885222,0.0323232323232,-0.0476834830596,0.0422224969006,0.00707070707071,-0.250469359339,-0.0345084801933,-0.0111111111111,0.024407966156,-0.00182982044736,0.0909090909091,0.0867768595041,0.024407966156,0.0909090909091,-0.0620105820106,-0.0875,-3,-0.0181818181818,-0.0144444444444,0,0,0,18,0,2,90,0.9,1,0,0.1,1,0.9,0.947368421053,0.938314863257,0.9,0.9,2,4,0,0,0,0
3553,WLNM_dir_neg,0.625,0.414583333333,00:00:00,10,80,45,1178364394,threshold_sweep,0.7,1,0.5,0.666666666667,2,0,2,8,0.5,1,0,0.5,1,0.5,0.666666666667,0.833333333333,0.611111111111,0.571428571429,0.632455532034,0.5,20,16,4,0,20,0,16,0,4,11,20,0.181818181818,3.04338842975,3.63636363636,2,2.5,1.68954001271,0.464623503495,0.245454545455,1.16774841624,0.642261628933,0.336363636364,1.94000937205,1.06700515463,0.536363636364,1.05689877454,0.347276990411,3.54545454545,3.04338842975,1.05689877454,3.54545454545,0.499047619048,0.4,8,0.0484848484848,0.255555555556,11,11,11,1,0,0.0909090909091,0.636363636364,0.272727272727,11,0.145454545455,3.20454545455,2.90909090909,1.6,2,1.44599761096,0.497061678768,0.255681818182,0.820199532265,0.563887178432,0.284090909091,1.50755672289,1.03644524699,0.511363636364,1.19800971312,0.373847002675,4,3.20454545455,1.19800971312,4,0.266666666667,0.166666666667,2,0.0121212121212,0.216666666667,11,11,11,1,0,0.0909090909091,0.636363636364,0.272727272727,11,18,0.163636363636,3.13016528926,3.27272727273,1.8,2.25,1.67874411933,0.512949592017,0.277777777778,1.12006493318,0.684484125834,0.343434343434,1.68954001271,1.03249667443,0.525252525253,1.08130674069,0.345447169964,3.63636363636,3.13016528926,1.08130674069,3.63636363636,0.437037037037,0.3125,5,0.030303030303,0.241111111111,11,11,11,1,0,0.0909090909091,0.636363636364,0.272727272727,-2,-0.0181818181818,0.0867768595041,-0.363636363636,-0.2,-0.25,-0.0107958933802,0.0483260885222,0.0323232323232,-0.0476834830596,0.0422224969006,0.00707070707071,-0.250469359339,-0.0345084801933,-0.0111111111111,0.024407966156,-0.00182982044736,0.0909090909091,0.0867768595041,0.024407966156,0.0909090909091,-0.0620105820106,-0.0875,-3,-0.0181818181818,-0.0144444444444,0,0,0,18,0,2,90,0.9,1,0,0.1,1,0.9,0.947368421053,0.938314863257,0.9,0.9,2,4,0,0,0,0
3554,WLNM_dir_neg,0.625,0.414583333333,00:00:00,10,80,45,1178364394,threshold_sweep,0.8,1,0.5,0.666666666667,2,0,2,8,0.5,1,0,0.5,1,0.5,0.666666666667,0.833333333333,0.611111111111,0.571428571429,0.632455532034,0.5,20,16,4,0,20,0,16,0,4,11,20,0.181818181818,3.04338842975,3.63636363636,2,2.5,1.68954001271,0.464623503495,0.245454545455,1.16774841624,0.642261628933,0.336363636364,1.94000937205,1.06700515463,0.536363636364,1.05689877454,0.347276990411,3.54545454545,3.04338842975,1.05689877454,3.54545454545,0.499047619048,0.4,8,0.0484848484848,0.255555555556,11,11,11,1,0,0.0909090909091,0.636363636364,0.272727272727,11,0.145454545455,3.20454545455,2.90909090909,1.6,2,1.44599761096,0.497061678768,0.255681818182,0.820199532265,0.563887178432,0.284090909091,1.50755672289,1.03644524699,0.511363636364,1.19800971312,0.373847002675,4,3.20454545455,1.19800971312,4,0.266666666667,0.166666666667,2,0.0121212121212,0.216666666667,11,11,11,1,0,0.0909090909091,0.636363636364,0.272727272727,11,18,0.163636363636,3.13016528926,3.27272727273,1.8,2.25,1.67874411933,0.512949592017,0.277777777778,1.12006493318,0.684484125834,0.343434343434,1.68954001271,1.03249667443,0.525252525253,1.08130674069,0.345447169964,3.63636363636,3.13016528926,1.08130674069,3.63636363636,0.437037037037,0.3125,5,0.030303030303,0.241111111111,11,11,11,1,0,0.0909090909091,0.636363636364,0.272727272727,-2,-0.0181818181818,0.0867768595041,-0.363636363636,-0.2,-0.25,-0.0107958933802,0.0483260885222,0.0323232323232,-0.0476834830596,0.0422224969006,0.00707070707071,-0.250469359339,-0.0345084801933,-0.0111111111111,0.024407966156,-0.00182982044736,0.0909090909091,0.0867768595041,0.024407966156,0.0909090909091,-0.0620105820106,-0.0875,-3,-0.0181818181818,-0.0144444444444,0,0,0,18,0,2,90,0.9,1,0,0.1,1,0.9,0.947368421053,0.938314863257,0.9,0.9,2,4,0,0,0,0
3555,WLNM_dir_neg,0.625,0.414583333333,00:00:00,10,80,45,1178364394,threshold_sweep,0.9,1,0.5,0.666666666667,2,0,2,8,0.5,1,0,0.5,1,0.5,0.666666666667,0.833333333333,0.611111111111,0.571428571429,0.632455532034,0.5,20,16,4,0,20,0,16,0,4,11,20,0.181818181818,3.04338842975,3.63636363636,2,2.5,1.68954001271,0.464623503495,0.245454545455,1.16774841624,0.642261628933,0.336363636364,1.94000937205,1.06700515463,0.536363636364,1.05689877454,0.347276990411,3.54545454545,3.04338842975,1.05689877454,3.54545454545,0.499047619048,0.4,8,0.0484848484848,0.255555555556,11,11,11,1,0,0.0909090909091,0.636363636364,0.272727272727,11,0.145454545455,3.20454545455,2.90909090909,1.6,2,1.44599761096,0.497061678768,0.255681818182,0.820199532265,0.563887178432,0.284090909091,1.50755672289,1.03644524699,0.511363636364,1.19800971312,0.373847002675,4,3.20454545455,1.19800971312,4,0.266666666667,0.166666666667,2,0.0121212121212,0.216666666667,11,11,11,1,0,0.0909090909091,0.636363636364,0.272727272727,11,18,0.163636363636,3.13016528926,3.27272727273,1.8,2.25,1.67874411933,0.512949592017,0.277777777778,1.12006493318,0.684484125834,0.343434343434,1.68954001271,1.03249667443,0.525252525253,1.08130674069,0.345447169964,3.63636363636,3.13016528926,1.08130674069,3.63636363636,0.437037037037,0.3125,5,0.030303030303,0.241111111111,11,11,11,1,0,0.0909090909091,0.636363636364,0.272727272727,-2,-0.0181818181818,0.0867768595041,-0.363636363636,-0.2,-0.25,-0.0107958933802,0.0483260885222,0.0323232323232,-0.0476834830596,0.0422224969006,0.00707070707071,-0.250469359339,-0.0345084801933,-0.0111111111111,0.024407966156,-0.00182982044736,0.0909090909091,0.0867768595041,0.024407966156,0.0909090909091,-0.0620105820106,-0.0875,-3,-0.0181818181818,-0.0144444444444,0,0,0,18,0,2,90,0.9,1,0,0.1,1,0.9,0.947368421053,0.938314863257,0.9,0.9,2,4,0,0,0,0
3556,WLNM_dir_neg,1,0.75,00:00:00,10,80,46,1178364395,threshold_sweep,0.1,1,1,1,4,0,0,8,1,1,0,0,1,1,1,1,0.555555555556,1,1,1,20,16,4,0,20,0,16,0,4,11,20,0.181818181818,3.04338842975,3.63636363636,2,2.5,1.68954001271,0.464623503495,0.245454545455,1.16774841624,0.642261628933,0.336363636364,1.94000937205,1.06700515463,0.536363636364,1.05689877454,0.347276990411,3.54545454545,3.04338842975,1.05689877454,3.54545454545,0.499047619048,0.4,8,0.0484848484848,0.255555555556,11,11,11,1,0,0.0909090909091,0.636363636364,0.272727272727,11,0.145454545455,3.22424242424,2.90909090909,1.6,2,1.81408629643,0.623592164399,0.318181818182,0.934198732994,0.642261628933,0.318181818182,1.7529196424,1.20513225415,0.545454545455,1.14514345623,0.355166673456,3.93333333333,3.22424242424,1.14514345623,3.93333333333,0.199404761905,0.214285714286,3,0.0181818181818,0.28037037037,11,11,11,1,0,0.0909090909091,0.636363636364,0.272727272727,11,20,0.181818181818,3.04338842975,3.63636363636,2,2.5,1.68954001271,0.464623503495,0.245454545455,1.16774841624,0.642261628933,0.336363636364,1.94000937205,1.06700515463,0.536363636364,1.05689877454,0.347276990411,3.54545454545,3.04338842975,1.05689877454,3.54545454545,0.499047619048,0.4,8,0.0484848484848,0.255555555556,11,11,11,1,0,0.0909090909091,0.636363636364,0.272727272727,0,0,0,0,0,0,0,0,0,0,0,0,0,0,0,0,0,0,0,0,0,0,0,0,0,0,0,0,0,20,0,0,90,1,1,0,0,1,1,1,1,1,1,4,4,0,0,0,0
3557,WLNM_dir_neg,1,0.75,00:00:00,10,80,46,1178364395,threshold_sweep,0.2,1,1,1,4,0,0,8,1,1,0,0,1,1,1,1,0.555555555556,1,1,1,20,16,4,0,20,0,16,0,4,11,20,0.181818181818,3.04338842975,3.63636363636,2,2.5,1.68954001271,0.464623503495,0.245454545455,1.16774841624,0.642261628933,0.336363636364,1.94000937205,1.06700515463,0.536363636364,1.05689877454,0.347276990411,3.54545454545,3.04338842975,1.05689877454,3.54545454545,0.499047619048,0.4,8,0.0484848484848,0.255555555556,11,11,11,1,0,0.0909090909091,0.636363636364,0.272727272727,11,0.145454545455,3.22424242424,2.90909090909,1.6,2,1.81408629643,0.623592164399,0.318181818182,0.934198732994,0.642261628933,0.318181818182,1.7529196424,1.20513225415,0.545454545455,1.14514345623,0.355166673456,3.93333333333,3.22424242424,1.14514345623,3.93333333333,0.199404761905,0.214285714286,3,0.0181818181818,0.28037037037,11,11,11,1,0,0.0909090909091,0.636363636364,0.272727272727,11,20,0.181818181818,3.04338842975,3.63636363636,2,2.5,1.68954001271,0.464623503495,0.245454545455,1.16774841624,0.642261628933,0.336363636364,1.94000937205,1.06700515463,0.536363636364,1.05689877454,0.347276990411,3.54545454545,3.04338842975,1.05689877454,3.54545454545,0.499047619048,0.4,8,0.0484848484848,0.255555555556,11,11,11,1,0,0.0909090909091,0.636363636364,0.272727272727,0,0,0,0,0,0,0,0,0,0,0,0,0,0,0,0,0,0,0,0,0,0,0,0,0,0,0,0,0,20,0,0,90,1,1,0,0,1,1,1,1,1,1,4,4,0,0,0,0
3558,WLNM_dir_neg,1,0.75,00:00:00,10,80,46,1178364395,threshold_sweep,0.3,1,1,1,4,0,0,8,1,1,0,0,1,1,1,1,0.555555555556,1,1,1,20,16,4,0,20,0,16,0,4,11,20,0.181818181818,3.04338842975,3.63636363636,2,2.5,1.68954001271,0.464623503495,0.245454545455,1.16774841624,0.642261628933,0.336363636364,1.94000937205,1.06700515463,0.536363636364,1.05689877454,0.347276990411,3.54545454545,3.04338842975,1.05689877454,3.54545454545,0.499047619048,0.4,8,0.0484848484848,0.255555555556,11,11,11,1,0,0.0909090909091,0.636363636364,0.272727272727,11,0.145454545455,3.22424242424,2.90909090909,1.6,2,1.81408629643,0.623592164399,0.318181818182,0.934198732994,0.642261628933,0.318181818182,1.7529196424,1.20513225415,0.545454545455,1.14514345623,0.355166673456,3.93333333333,3.22424242424,1.14514345623,3.93333333333,0.199404761905,0.214285714286,3,0.0181818181818,0.28037037037,11,11,11,1,0,0.0909090909091,0.636363636364,0.272727272727,11,20,0.181818181818,3.04338842975,3.63636363636,2,2.5,1.68954001271,0.464623503495,0.245454545455,1.16774841624,0.642261628933,0.336363636364,1.94000937205,1.06700515463,0.536363636364,1.05689877454,0.347276990411,3.54545454545,3.04338842975,1.05689877454,3.54545454545,0.499047619048,0.4,8,0.0484848484848,0.255555555556,11,11,11,1,0,0.0909090909091,0.636363636364,0.272727272727,0,0,0,0,0,0,0,0,0,0,0,0,0,0,0,0,0,0,0,0,0,0,0,0,0,0,0,0,0,20,0,0,90,1,1,0,0,1,1,1,1,1,1,4,4,0,0,0,0
3559,WLNM_dir_neg,1,0.75,00:00:00,10,80,46,1178364395,threshold_sweep,0.4,1,1,1,4,0,0,8,1,1,0,0,1,1,1,1,0.555555555556,1,1,1,20,16,4,0,20,0,16,0,4,11,20,0.181818181818,3.04338842975,3.63636363636,2,2.5,1.68954001271,0.464623503495,0.245454545455,1.16774841624,0.642261628933,0.336363636364,1.94000937205,1.06700515463,0.536363636364,1.05689877454,0.347276990411,3.54545454545,3.04338842975,1.05689877454,3.54545454545,0.499047619048,0.4,8,0.0484848484848,0.255555555556,11,11,11,1,0,0.0909090909091,0.636363636364,0.272727272727,11,0.145454545455,3.22424242424,2.90909090909,1.6,2,1.81408629643,0.623592164399,0.318181818182,0.934198732994,0.642261628933,0.318181818182,1.7529196424,1.20513225415,0.545454545455,1.14514345623,0.355166673456,3.93333333333,3.22424242424,1.14514345623,3.93333333333,0.199404761905,0.214285714286,3,0.0181818181818,0.28037037037,11,11,11,1,0,0.0909090909091,0.636363636364,0.272727272727,11,20,0.181818181818,3.04338842975,3.63636363636,2,2.5,1.68954001271,0.464623503495,0.245454545455,1.16774841624,0.642261628933,0.336363636364,1.94000937205,1.06700515463,0.536363636364,1.05689877454,0.347276990411,3.54545454545,3.04338842975,1.05689877454,3.54545454545,0.499047619048,0.4,8,0.0484848484848,0.255555555556,11,11,11,1,0,0.0909090909091,0.636363636364,0.272727272727,0,0,0,0,0,0,0,0,0,0,0,0,0,0,0,0,0,0,0,0,0,0,0,0,0,0,0,0,0,20,0,0,90,1,1,0,0,1,1,1,1,1,1,4,4,0,0,0,0
3560,WLNM_dir_neg,1,0.75,00:00:00,10,80,46,1178364395,threshold_sweep,0.5,1,1,1,4,0,0,8,1,1,0,0,1,1,1,1,0.555555555556,1,1,1,20,16,4,0,20,0,16,0,4,11,20,0.181818181818,3.04338842975,3.63636363636,2,2.5,1.68954001271,0.464623503495,0.245454545455,1.16774841624,0.642261628933,0.336363636364,1.94000937205,1.06700515463,0.536363636364,1.05689877454,0.347276990411,3.54545454545,3.04338842975,1.05689877454,3.54545454545,0.499047619048,0.4,8,0.0484848484848,0.255555555556,11,11,11,1,0,0.0909090909091,0.636363636364,0.272727272727,11,0.145454545455,3.22424242424,2.90909090909,1.6,2,1.81408629643,0.623592164399,0.318181818182,0.934198732994,0.642261628933,0.318181818182,1.7529196424,1.20513225415,0.545454545455,1.14514345623,0.355166673456,3.93333333333,3.22424242424,1.14514345623,3.93333333333,0.199404761905,0.214285714286,3,0.0181818181818,0.28037037037,11,11,11,1,0,0.0909090909091,0.636363636364,0.272727272727,11,20,0.181818181818,3.04338842975,3.63636363636,2,2.5,1.68954001271,0.464623503495,0.245454545455,1.16774841624,0.642261628933,0.336363636364,1.94000937205,1.06700515463,0.536363636364,1.05689877454,0.347276990411,3.54545454545,3.04338842975,1.05689877454,3.54545454545,0.499047619048,0.4,8,0.0484848484848,0.255555555556,11,11,11,1,0,0.0909090909091,0.636363636364,0.272727272727,0,0,0,0,0,0,0,0,0,0,0,0,0,0,0,0,0,0,0,0,0,0,0,0,0,0,0,0,0,20,0,0,90,1,1,0,0,1,1,1,1,1,1,4,4,0,0,0,0
3561,WLNM_dir_neg,1,0.75,00:00:00,10,80,46,1178364395,threshold_sweep,0.6,1,1,1,4,0,0,8,1,1,0,0,1,1,1,1,0.555555555556,1,1,1,20,16,4,0,20,0,16,0,4,11,20,0.181818181818,3.04338842975,3.63636363636,2,2.5,1.68954001271,0.464623503495,0.245454545455,1.16774841624,0.642261628933,0.336363636364,1.94000937205,1.06700515463,0.536363636364,1.05689877454,0.347276990411,3.54545454545,3.04338842975,1.05689877454,3.54545454545,0.499047619048,0.4,8,0.0484848484848,0.255555555556,11,11,11,1,0,0.0909090909091,0.636363636364,0.272727272727,11,0.145454545455,3.22424242424,2.90909090909,1.6,2,1.81408629643,0.623592164399,0.318181818182,0.934198732994,0.642261628933,0.318181818182,1.7529196424,1.20513225415,0.545454545455,1.14514345623,0.355166673456,3.93333333333,3.22424242424,1.14514345623,3.93333333333,0.199404761905,0.214285714286,3,0.0181818181818,0.28037037037,11,11,11,1,0,0.0909090909091,0.636363636364,0.272727272727,11,20,0.181818181818,3.04338842975,3.63636363636,2,2.5,1.68954001271,0.464623503495,0.245454545455,1.16774841624,0.642261628933,0.336363636364,1.94000937205,1.06700515463,0.536363636364,1.05689877454,0.347276990411,3.54545454545,3.04338842975,1.05689877454,3.54545454545,0.499047619048,0.4,8,0.0484848484848,0.255555555556,11,11,11,1,0,0.0909090909091,0.636363636364,0.272727272727,0,0,0,0,0,0,0,0,0,0,0,0,0,0,0,0,0,0,0,0,0,0,0,0,0,0,0,0,0,20,0,0,90,1,1,0,0,1,1,1,1,1,1,4,4,0,0,0,0
3562,WLNM_dir_neg,1,0.75,00:00:00,10,80,46,1178364395,threshold_sweep,0.7,1,1,1,4,0,0,8,1,1,0,0,1,1,1,1,0.555555555556,1,1,1,20,16,4,0,20,0,16,0,4,11,20,0.181818181818,3.04338842975,3.63636363636,2,2.5,1.68954001271,0.464623503495,0.245454545455,1.16774841624,0.642261628933,0.336363636364,1.94000937205,1.06700515463,0.536363636364,1.05689877454,0.347276990411,3.54545454545,3.04338842975,1.05689877454,3.54545454545,0.499047619048,0.4,8,0.0484848484848,0.255555555556,11,11,11,1,0,0.0909090909091,0.636363636364,0.272727272727,11,0.145454545455,3.22424242424,2.90909090909,1.6,2,1.81408629643,0.623592164399,0.318181818182,0.934198732994,0.642261628933,0.318181818182,1.7529196424,1.20513225415,0.545454545455,1.14514345623,0.355166673456,3.93333333333,3.22424242424,1.14514345623,3.93333333333,0.199404761905,0.214285714286,3,0.0181818181818,0.28037037037,11,11,11,1,0,0.0909090909091,0.636363636364,0.272727272727,11,20,0.181818181818,3.04338842975,3.63636363636,2,2.5,1.68954001271,0.464623503495,0.245454545455,1.16774841624,0.642261628933,0.336363636364,1.94000937205,1.06700515463,0.536363636364,1.05689877454,0.347276990411,3.54545454545,3.04338842975,1.05689877454,3.54545454545,0.499047619048,0.4,8,0.0484848484848,0.255555555556,11,11,11,1,0,0.0909090909091,0.636363636364,0.272727272727,0,0,0,0,0,0,0,0,0,0,0,0,0,0,0,0,0,0,0,0,0,0,0,0,0,0,0,0,0,20,0,0,90,1,1,0,0,1,1,1,1,1,1,4,4,0,0,0,0
3563,WLNM_dir_neg,1,0.75,00:00:00,10,80,46,1178364395,threshold_sweep,0.8,1,1,1,4,0,0,8,1,1,0,0,1,1,1,1,0.555555555556,1,1,1,20,16,4,0,20,0,16,0,4,11,20,0.181818181818,3.04338842975,3.63636363636,2,2.5,1.68954001271,0.464623503495,0.245454545455,1.16774841624,0.642261628933,0.336363636364,1.94000937205,1.06700515463,0.536363636364,1.05689877454,0.347276990411,3.54545454545,3.04338842975,1.05689877454,3.54545454545,0.499047619048,0.4,8,0.0484848484848,0.255555555556,11,11,11,1,0,0.0909090909091,0.636363636364,0.272727272727,11,0.145454545455,3.22424242424,2.90909090909,1.6,2,1.81408629643,0.623592164399,0.318181818182,0.934198732994,0.642261628933,0.318181818182,1.7529196424,1.20513225415,0.545454545455,1.14514345623,0.355166673456,3.93333333333,3.22424242424,1.14514345623,3.93333333333,0.199404761905,0.214285714286,3,0.0181818181818,0.28037037037,11,11,11,1,0,0.0909090909091,0.636363636364,0.272727272727,11,20,0.181818181818,3.04338842975,3.63636363636,2,2.5,1.68954001271,0.464623503495,0.245454545455,1.16774841624,0.642261628933,0.336363636364,1.94000937205,1.06700515463,0.536363636364,1.05689877454,0.347276990411,3.54545454545,3.04338842975,1.05689877454,3.54545454545,0.499047619048,0.4,8,0.0484848484848,0.255555555556,11,11,11,1,0,0.0909090909091,0.636363636364,0.272727272727,0,0,0,0,0,0,0,0,0,0,0,0,0,0,0,0,0,0,0,0,0,0,0,0,0,0,0,0,0,20,0,0,90,1,1,0,0,1,1,1,1,1,1,4,4,0,0,0,0
3564,WLNM_dir_neg,1,0.75,00:00:00,10,80,46,1178364395,threshold_sweep,0.9,1,1,1,4,0,0,8,1,1,0,0,1,1,1,1,0.555555555556,1,1,1,20,16,4,0,20,0,16,0,4,11,20,0.181818181818,3.04338842975,3.63636363636,2,2.5,1.68954001271,0.464623503495,0.245454545455,1.16774841624,0.642261628933,0.336363636364,1.94000937205,1.06700515463,0.536363636364,1.05689877454,0.347276990411,3.54545454545,3.04338842975,1.05689877454,3.54545454545,0.499047619048,0.4,8,0.0484848484848,0.255555555556,11,11,11,1,0,0.0909090909091,0.636363636364,0.272727272727,11,0.145454545455,3.22424242424,2.90909090909,1.6,2,1.81408629643,0.623592164399,0.318181818182,0.934198732994,0.642261628933,0.318181818182,1.7529196424,1.20513225415,0.545454545455,1.14514345623,0.355166673456,3.93333333333,3.22424242424,1.14514345623,3.93333333333,0.199404761905,0.214285714286,3,0.0181818181818,0.28037037037,11,11,11,1,0,0.0909090909091,0.636363636364,0.272727272727,11,20,0.181818181818,3.04338842975,3.63636363636,2,2.5,1.68954001271,0.464623503495,0.245454545455,1.16774841624,0.642261628933,0.336363636364,1.94000937205,1.06700515463,0.536363636364,1.05689877454,0.347276990411,3.54545454545,3.04338842975,1.05689877454,3.54545454545,0.499047619048,0.4,8,0.0484848484848,0.255555555556,11,11,11,1,0,0.0909090909091,0.636363636364,0.272727272727,0,0,0,0,0,0,0,0,0,0,0,0,0,0,0,0,0,0,0,0,0,0,0,0,0,0,0,0,0,20,0,0,90,1,1,0,0,1,1,1,1,1,1,4,4,0,0,0,0
3565,WLNM_dir_neg,0.53125,0.294507575758,00:00:00,10,80,47,1178364396,threshold_sweep,0.1,0.5,0.5,0.5,2,2,2,6,0.5,0.75,0.25,0.5,0.5,0.5,0.5,0.666666666667,0.555555555556,0.25,0.25,0.25,20,16,4,0,20,0,16,0,4,11,20,0.181818181818,3.04338842975,3.63636363636,2,2.5,1.68954001271,0.464623503495,0.245454545455,1.16774841624,0.642261628933,0.336363636364,1.94000937205,1.06700515463,0.536363636364,1.05689877454,0.347276990411,3.54545454545,3.04338842975,1.05689877454,3.54545454545,0.499047619048,0.4,8,0.0484848484848,0.255555555556,11,11,11,1,0,0.0909090909091,0.636363636364,0.272727272727,11,0.145454545455,3.22727272727,2.90909090909,1.6,2,1.51357493733,0.520291384707,0.261363636364,0.820199532265,0.563887178432,0.284090909091,1.63484778274,1.12395785063,0.534090909091,1.21168552776,0.375451853672,4,3.22727272727,1.21168552776,4,0.426666666667,0.243243243243,3,0.0181818181818,0.227777777778,11,11,11,1,0,0.0909090909091,0.636363636364,0.272727272727,11,20,0.181818181818,4.00649350649,3.63636363636,2,2.22222222222,1.62927758671,0.448051336344,0.231818181818,0.981649817214,0.539907399468,0.281818181818,1.60113596038,0.880624778211,0.454545454545,1.50727979928,0.376209220566,5.14285714286,4.00649350649,1.50727979928,5.14285714286,0.366666666667,0.266666666667,4,0.0242424242424,0.218148148148,11,11,11,1,0,0.0909090909091,0.727272727273,0.181818181818,0,0,0.963105076741,0,0,-0.277777777778,-0.0602624260023,-0.0165721671506,-0.0136363636364,-0.186098599028,-0.102354229466,-0.0545454545455,-0.338873411664,-0.186380376415,-0.0818181818182,0.450381024744,0.0289322301548,1.5974025974,0.963105076741,0.450381024744,1.5974025974,-0.132380952381,-0.133333333333,-4,-0.0242424242424,-0.0374074074074,0,0.0909090909091,-0.0909090909091,18,2,2,88,0.9,0.977777777778,0.0222222222222,0.1,0.9,0.9,0.9,0.877777777778,0.877777777778,0.818181818182,4,4,0,0,0,0
3566,WLNM_dir_neg,0.53125,0.294507575758,00:00:00,10,80,47,1178364396,threshold_sweep,0.2,0.5,0.5,0.5,2,2,2,6,0.5,0.75,0.25,0.5,0.5,0.5,0.5,0.666666666667,0.555555555556,0.25,0.25,0.25,20,16,4,0,20,0,16,0,4,11,20,0.181818181818,3.04338842975,3.63636363636,2,2.5,1.68954001271,0.464623503495,0.245454545455,1.16774841624,0.642261628933,0.336363636364,1.94000937205,1.06700515463,0.536363636364,1.05689877454,0.347276990411,3.54545454545,3.04338842975,1.05689877454,3.54545454545,0.499047619048,0.4,8,0.0484848484848,0.255555555556,11,11,11,1,0,0.0909090909091,0.636363636364,0.272727272727,11,0.145454545455,3.22727272727,2.90909090909,1.6,2,1.51357493733,0.520291384707,0.261363636364,0.820199532265,0.563887178432,0.284090909091,1.63484778274,1.12395785063,0.534090909091,1.21168552776,0.375451853672,4,3.22727272727,1.21168552776,4,0.426666666667,0.243243243243,3,0.0181818181818,0.227777777778,11,11,11,1,0,0.0909090909091,0.636363636364,0.272727272727,11,20,0.181818181818,4.00649350649,3.63636363636,2,2.22222222222,1.62927758671,0.448051336344,0.231818181818,0.981649817214,0.539907399468,0.281818181818,1.60113596038,0.880624778211,0.454545454545,1.50727979928,0.376209220566,5.14285714286,4.00649350649,1.50727979928,5.14285714286,0.366666666667,0.266666666667,4,0.0242424242424,0.218148148148,11,11,11,1,0,0.0909090909091,0.727272727273,0.181818181818,0,0,0.963105076741,0,0,-0.277777777778,-0.0602624260023,-0.0165721671506,-0.0136363636364,-0.186098599028,-0.102354229466,-0.0545454545455,-0.338873411664,-0.186380376415,-0.0818181818182,0.450381024744,0.0289322301548,1.5974025974,0.963105076741,0.450381024744,1.5974025974,-0.132380952381,-0.133333333333,-4,-0.0242424242424,-0.0374074074074,0,0.0909090909091,-0.0909090909091,18,2,2,88,0.9,0.977777777778,0.0222222222222,0.1,0.9,0.9,0.9,0.877777777778,0.877777777778,0.818181818182,4,4,0,0,0,0
3567,WLNM_dir_neg,0.53125,0.294507575758,00:00:00,10,80,47,1178364396,threshold_sweep,0.3,0.666666666667,0.5,0.571428571429,2,1,2,7,0.5,0.875,0.125,0.5,0.666666666667,0.5,0.571428571429,0.75,0.583333333333,0.4,0.408248290464,0.375,20,16,4,0,20,0,16,0,4,11,20,0.181818181818,3.04338842975,3.63636363636,2,2.5,1.68954001271,0.464623503495,0.245454545455,1.16774841624,0.642261628933,0.336363636364,1.94000937205,1.06700515463,0.536363636364,1.05689877454,0.347276990411,3.54545454545,3.04338842975,1.05689877454,3.54545454545,0.499047619048,0.4,8,0.0484848484848,0.255555555556,11,11,11,1,0,0.0909090909091,0.636363636364,0.272727272727,11,0.145454545455,3.22727272727,2.90909090909,1.6,2,1.51357493733,0.520291384707,0.261363636364,0.820199532265,0.563887178432,0.284090909091,1.63484778274,1.12395785063,0.534090909091,1.21168552776,0.375451853672,4,3.22727272727,1.21168552776,4,0.426666666667,0.243243243243,3,0.0181818181818,0.227777777778,11,11,11,1,0,0.0909090909091,0.636363636364,0.272727272727,11,19,0.172727272727,3.90909090909,3.45454545455,1.9,2.11111111111,1.57249078621,0.455194701272,0.224880382775,0.904534033733,0.523677598477,0.267942583732,1.61807966991,0.936782966791,0.468899521531,1.38979642067,0.355529316916,4.875,3.90909090909,1.38979642067,4.875,0.366666666667,0.266666666667,4,0.0242424242424,0.213703703704,11,11,11,1,0,0.0909090909091,0.727272727273,0.181818181818,-1,-0.00909090909091,0.865702479339,-0.181818181818,-0.1,-0.388888888889,-0.117049226495,-0.00942880222262,-0.0205741626794,-0.263214382509,-0.118584030456,-0.0684210526316,-0.321929702137,-0.130222187836,-0.0674641148325,0.332897646134,0.00825232650444,1.32954545455,0.865702479339,0.332897646134,1.32954545455,-0.132380952381,-0.133333333333,-4,-0.0242424242424,-0.0418518518519,0,0.0909090909091,-0.0909090909091,18,1,2,89,0.9,0.988888888889,0.0111111111111,0.1,0.947368421053,0.9,0.923076923077,0.906956031802,0.888888888889,0.857142857143,3,4,0,0,0,0
3568,WLNM_dir_neg,0.53125,0.294507575758,00:00:00,10,80,47,1178364396,threshold_sweep,0.4,0.666666666667,0.5,0.571428571429,2,1,2,7,0.5,0.875,0.125,0.5,0.666666666667,0.5,0.571428571429,0.75,0.583333333333,0.4,0.408248290464,0.375,20,16,4,0,20,0,16,0,4,11,20,0.181818181818,3.04338842975,3.63636363636,2,2.5,1.68954001271,0.464623503495,0.245454545455,1.16774841624,0.642261628933,0.336363636364,1.94000937205,1.06700515463,0.536363636364,1.05689877454,0.347276990411,3.54545454545,3.04338842975,1.05689877454,3.54545454545,0.499047619048,0.4,8,0.0484848484848,0.255555555556,11,11,11,1,0,0.0909090909091,0.636363636364,0.272727272727,11,0.145454545455,3.22727272727,2.90909090909,1.6,2,1.51357493733,0.520291384707,0.261363636364,0.820199532265,0.563887178432,0.284090909091,1.63484778274,1.12395785063,0.534090909091,1.21168552776,0.375451853672,4,3.22727272727,1.21168552776,4,0.426666666667,0.243243243243,3,0.0181818181818,0.227777777778,11,11,11,1,0,0.0909090909091,0.636363636364,0.272727272727,11,19,0.172727272727,3.90909090909,3.45454545455,1.9,2.11111111111,1.57249078621,0.455194701272,0.224880382775,0.904534033733,0.523677598477,0.267942583732,1.61807966991,0.936782966791,0.468899521531,1.38979642067,0.355529316916,4.875,3.90909090909,1.38979642067,4.875,0.366666666667,0.266666666667,4,0.0242424242424,0.213703703704,11,11,11,1,0,0.0909090909091,0.727272727273,0.181818181818,-1,-0.00909090909091,0.865702479339,-0.181818181818,-0.1,-0.388888888889,-0.117049226495,-0.00942880222262,-0.0205741626794,-0.263214382509,-0.118584030456,-0.0684210526316,-0.321929702137,-0.130222187836,-0.0674641148325,0.332897646134,0.00825232650444,1.32954545455,0.865702479339,0.332897646134,1.32954545455,-0.132380952381,-0.133333333333,-4,-0.0242424242424,-0.0418518518519,0,0.0909090909091,-0.0909090909091,18,1,2,89,0.9,0.988888888889,0.0111111111111,0.1,0.947368421053,0.9,0.923076923077,0.906956031802,0.888888888889,0.857142857143,3,4,0,0,0,0
3569,WLNM_dir_neg,0.53125,0.294507575758,00:00:00,10,80,47,1178364396,threshold_sweep,0.5,0.666666666667,0.5,0.571428571429,2,1,2,7,0.5,0.875,0.125,0.5,0.666666666667,0.5,0.571428571429,0.75,0.583333333333,0.4,0.408248290464,0.375,20,16,4,0,20,0,16,0,4,11,20,0.181818181818,3.04338842975,3.63636363636,2,2.5,1.68954001271,0.464623503495,0.245454545455,1.16774841624,0.642261628933,0.336363636364,1.94000937205,1.06700515463,0.536363636364,1.05689877454,0.347276990411,3.54545454545,3.04338842975,1.05689877454,3.54545454545,0.499047619048,0.4,8,0.0484848484848,0.255555555556,11,11,11,1,0,0.0909090909091,0.636363636364,0.272727272727,11,0.145454545455,3.22727272727,2.90909090909,1.6,2,1.51357493733,0.520291384707,0.261363636364,0.820199532265,0.563887178432,0.284090909091,1.63484778274,1.12395785063,0.534090909091,1.21168552776,0.375451853672,4,3.22727272727,1.21168552776,4,0.426666666667,0.243243243243,3,0.0181818181818,0.227777777778,11,11,11,1,0,0.0909090909091,0.636363636364,0.272727272727,11,19,0.172727272727,3.90909090909,3.45454545455,1.9,2.11111111111,1.57249078621,0.455194701272,0.224880382775,0.904534033733,0.523677598477,0.267942583732,1.61807966991,0.936782966791,0.468899521531,1.38979642067,0.355529316916,4.875,3.90909090909,1.38979642067,4.875,0.366666666667,0.266666666667,4,0.0242424242424,0.213703703704,11,11,11,1,0,0.0909090909091,0.727272727273,0.181818181818,-1,-0.00909090909091,0.865702479339,-0.181818181818,-0.1,-0.388888888889,-0.117049226495,-0.00942880222262,-0.0205741626794,-0.263214382509,-0.118584030456,-0.0684210526316,-0.321929702137,-0.130222187836,-0.0674641148325,0.332897646134,0.00825232650444,1.32954545455,0.865702479339,0.332897646134,1.32954545455,-0.132380952381,-0.133333333333,-4,-0.0242424242424,-0.0418518518519,0,0.0909090909091,-0.0909090909091,18,1,2,89,0.9,0.988888888889,0.0111111111111,0.1,0.947368421053,0.9,0.923076923077,0.906956031802,0.888888888889,0.857142857143,3,4,0,0,0,0
3570,WLNM_dir_neg,0.53125,0.294507575758,00:00:00,10,80,47,1178364396,threshold_sweep,0.6,0.666666666667,0.5,0.571428571429,2,1,2,7,0.5,0.875,0.125,0.5,0.666666666667,0.5,0.571428571429,0.75,0.583333333333,0.4,0.408248290464,0.375,20,16,4,0,20,0,16,0,4,11,20,0.181818181818,3.04338842975,3.63636363636,2,2.5,1.68954001271,0.464623503495,0.245454545455,1.16774841624,0.642261628933,0.336363636364,1.94000937205,1.06700515463,0.536363636364,1.05689877454,0.347276990411,3.54545454545,3.04338842975,1.05689877454,3.54545454545,0.499047619048,0.4,8,0.0484848484848,0.255555555556,11,11,11,1,0,0.0909090909091,0.636363636364,0.272727272727,11,0.145454545455,3.22727272727,2.90909090909,1.6,2,1.51357493733,0.520291384707,0.261363636364,0.820199532265,0.563887178432,0.284090909091,1.63484778274,1.12395785063,0.534090909091,1.21168552776,0.375451853672,4,3.22727272727,1.21168552776,4,0.426666666667,0.243243243243,3,0.0181818181818,0.227777777778,11,11,11,1,0,0.0909090909091,0.636363636364,0.272727272727,11,19,0.172727272727,3.90909090909,3.45454545455,1.9,2.11111111111,1.57249078621,0.455194701272,0.224880382775,0.904534033733,0.523677598477,0.267942583732,1.61807966991,0.936782966791,0.468899521531,1.38979642067,0.355529316916,4.875,3.90909090909,1.38979642067,4.875,0.366666666667,0.266666666667,4,0.0242424242424,0.213703703704,11,11,11,1,0,0.0909090909091,0.727272727273,0.181818181818,-1,-0.00909090909091,0.865702479339,-0.181818181818,-0.1,-0.388888888889,-0.117049226495,-0.00942880222262,-0.0205741626794,-0.263214382509,-0.118584030456,-0.0684210526316,-0.321929702137,-0.130222187836,-0.0674641148325,0.332897646134,0.00825232650444,1.32954545455,0.865702479339,0.332897646134,1.32954545455,-0.132380952381,-0.133333333333,-4,-0.0242424242424,-0.0418518518519,0,0.0909090909091,-0.0909090909091,18,1,2,89,0.9,0.988888888889,0.0111111111111,0.1,0.947368421053,0.9,0.923076923077,0.906956031802,0.888888888889,0.857142857143,3,4,0,0,0,0
3571,WLNM_dir_neg,0.53125,0.294507575758,00:00:00,10,80,47,1178364396,threshold_sweep,0.7,0.666666666667,0.5,0.571428571429,2,1,2,7,0.5,0.875,0.125,0.5,0.666666666667,0.5,0.571428571429,0.75,0.583333333333,0.4,0.408248290464,0.375,20,16,4,0,20,0,16,0,4,11,20,0.181818181818,3.04338842975,3.63636363636,2,2.5,1.68954001271,0.464623503495,0.245454545455,1.16774841624,0.642261628933,0.336363636364,1.94000937205,1.06700515463,0.536363636364,1.05689877454,0.347276990411,3.54545454545,3.04338842975,1.05689877454,3.54545454545,0.499047619048,0.4,8,0.0484848484848,0.255555555556,11,11,11,1,0,0.0909090909091,0.636363636364,0.272727272727,11,0.145454545455,3.22727272727,2.90909090909,1.6,2,1.51357493733,0.520291384707,0.261363636364,0.820199532265,0.563887178432,0.284090909091,1.63484778274,1.12395785063,0.534090909091,1.21168552776,0.375451853672,4,3.22727272727,1.21168552776,4,0.426666666667,0.243243243243,3,0.0181818181818,0.227777777778,11,11,11,1,0,0.0909090909091,0.636363636364,0.272727272727,11,19,0.172727272727,3.90909090909,3.45454545455,1.9,2.11111111111,1.57249078621,0.455194701272,0.224880382775,0.904534033733,0.523677598477,0.267942583732,1.61807966991,0.936782966791,0.468899521531,1.38979642067,0.355529316916,4.875,3.90909090909,1.38979642067,4.875,0.366666666667,0.266666666667,4,0.0242424242424,0.213703703704,11,11,11,1,0,0.0909090909091,0.727272727273,0.181818181818,-1,-0.00909090909091,0.865702479339,-0.181818181818,-0.1,-0.388888888889,-0.117049226495,-0.00942880222262,-0.0205741626794,-0.263214382509,-0.118584030456,-0.0684210526316,-0.321929702137,-0.130222187836,-0.0674641148325,0.332897646134,0.00825232650444,1.32954545455,0.865702479339,0.332897646134,1.32954545455,-0.132380952381,-0.133333333333,-4,-0.0242424242424,-0.0418518518519,0,0.0909090909091,-0.0909090909091,18,1,2,89,0.9,0.988888888889,0.0111111111111,0.1,0.947368421053,0.9,0.923076923077,0.906956031802,0.888888888889,0.857142857143,3,4,0,0,0,0
3572,WLNM_dir_neg,0.53125,0.294507575758,00:00:00,10,80,47,1178364396,threshold_sweep,0.8,0.666666666667,0.5,0.571428571429,2,1,2,7,0.5,0.875,0.125,0.5,0.666666666667,0.5,0.571428571429,0.75,0.583333333333,0.4,0.408248290464,0.375,20,16,4,0,20,0,16,0,4,11,20,0.181818181818,3.04338842975,3.63636363636,2,2.5,1.68954001271,0.464623503495,0.245454545455,1.16774841624,0.642261628933,0.336363636364,1.94000937205,1.06700515463,0.536363636364,1.05689877454,0.347276990411,3.54545454545,3.04338842975,1.05689877454,3.54545454545,0.499047619048,0.4,8,0.0484848484848,0.255555555556,11,11,11,1,0,0.0909090909091,0.636363636364,0.272727272727,11,0.145454545455,3.22727272727,2.90909090909,1.6,2,1.51357493733,0.520291384707,0.261363636364,0.820199532265,0.563887178432,0.284090909091,1.63484778274,1.12395785063,0.534090909091,1.21168552776,0.375451853672,4,3.22727272727,1.21168552776,4,0.426666666667,0.243243243243,3,0.0181818181818,0.227777777778,11,11,11,1,0,0.0909090909091,0.636363636364,0.272727272727,11,19,0.172727272727,3.90909090909,3.45454545455,1.9,2.11111111111,1.57249078621,0.455194701272,0.224880382775,0.904534033733,0.523677598477,0.267942583732,1.61807966991,0.936782966791,0.468899521531,1.38979642067,0.355529316916,4.875,3.90909090909,1.38979642067,4.875,0.366666666667,0.266666666667,4,0.0242424242424,0.213703703704,11,11,11,1,0,0.0909090909091,0.727272727273,0.181818181818,-1,-0.00909090909091,0.865702479339,-0.181818181818,-0.1,-0.388888888889,-0.117049226495,-0.00942880222262,-0.0205741626794,-0.263214382509,-0.118584030456,-0.0684210526316,-0.321929702137,-0.130222187836,-0.0674641148325,0.332897646134,0.00825232650444,1.32954545455,0.865702479339,0.332897646134,1.32954545455,-0.132380952381,-0.133333333333,-4,-0.0242424242424,-0.0418518518519,0,0.0909090909091,-0.0909090909091,18,1,2,89,0.9,0.988888888889,0.0111111111111,0.1,0.947368421053,0.9,0.923076923077,0.906956031802,0.888888888889,0.857142857143,3,4,0,0,0,0
3573,WLNM_dir_neg,0.53125,0.294507575758,00:00:00,10,80,47,1178364396,threshold_sweep,0.9,0.5,0.25,0.333333333333,1,1,3,7,0.25,0.875,0.125,0.75,0.5,0.25,0.333333333333,0.666666666667,0.611111111111,0.142857142857,0.158113883008,0.125,20,16,4,0,20,0,16,0,4,11,20,0.181818181818,3.04338842975,3.63636363636,2,2.5,1.68954001271,0.464623503495,0.245454545455,1.16774841624,0.642261628933,0.336363636364,1.94000937205,1.06700515463,0.536363636364,1.05689877454,0.347276990411,3.54545454545,3.04338842975,1.05689877454,3.54545454545,0.499047619048,0.4,8,0.0484848484848,0.255555555556,11,11,11,1,0,0.0909090909091,0.636363636364,0.272727272727,11,0.145454545455,3.22727272727,2.90909090909,1.6,2,1.51357493733,0.520291384707,0.261363636364,0.820199532265,0.563887178432,0.284090909091,1.63484778274,1.12395785063,0.534090909091,1.21168552776,0.375451853672,4,3.22727272727,1.21168552776,4,0.426666666667,0.243243243243,3,0.0181818181818,0.227777777778,11,11,11,1,0,0.0909090909091,0.636363636364,0.272727272727,11,18,0.163636363636,4.04545454545,3.27272727273,1.8,2,1.67874411933,0.512949592017,0.262626262626,0.924416277737,0.564921058617,0.292929292929,1.5666989036,0.957427107756,0.464646464646,1.38323977413,0.341924438548,4.875,4.04545454545,1.38323977413,4.875,0.36,0.219512195122,3,0.0181818181818,0.228518518519,11,11,11,1,0,0.0909090909091,0.727272727273,0.181818181818,-2,-0.0181818181818,1.0020661157,-0.363636363636,-0.2,-0.5,-0.0107958933802,0.0483260885222,0.0171717171717,-0.243332138505,-0.0773405703161,-0.0434343434343,-0.373310468447,-0.10957804687,-0.0717171717172,0.32634099959,-0.00535255186304,1.32954545455,1.0020661157,0.32634099959,1.32954545455,-0.139047619048,-0.180487804878,-5,-0.030303030303,-0.027037037037,0,0.0909090909091,-0.0909090909091,17,1,3,89,0.85,0.988888888889,0.0111111111111,0.15,0.944444444444,0.85,0.894736842105,0.874602125628,0.838888888889,0.809523809524,2,4,0,0,0,0
3574,WLNM_dir_neg,1,0.75,00:00:00,10,80,48,1178364397,threshold_sweep,0.1,1,1,1,4,0,0,8,1,1,0,0,1,1,1,1,0.555555555556,1,1,1,20,16,4,0,20,0,16,0,4,11,20,0.181818181818,3.04338842975,3.63636363636,2,2.5,1.68954001271,0.464623503495,0.245454545455,1.16774841624,0.642261628933,0.336363636364,1.94000937205,1.06700515463,0.536363636364,1.05689877454,0.347276990411,3.54545454545,3.04338842975,1.05689877454,3.54545454545,0.499047619048,0.4,8,0.0484848484848,0.255555555556,11,11,11,1,0,0.0909090909091,0.636363636364,0.272727272727,11,0.145454545455,3.23636363636,2.90909090909,1.6,2,1.81408629643,0.623592164399,0.318181818182,0.934198732994,0.642261628933,0.318181818182,1.7529196424,1.20513225415,0.545454545455,1.1693734833,0.36132326731,4.2,3.23636363636,1.1693734833,4.2,0.116071428571,0.142857142857,2,0.0121212121212,0.281481481481,11,11,11,1,0,0.0909090909091,0.636363636364,0.272727272727,11,20,0.181818181818,3.04338842975,3.63636363636,2,2.5,1.68954001271,0.464623503495,0.245454545455,1.16774841624,0.642261628933,0.336363636364,1.94000937205,1.06700515463,0.536363636364,1.05689877454,0.347276990411,3.54545454545,3.04338842975,1.05689877454,3.54545454545,0.499047619048,0.4,8,0.0484848484848,0.255555555556,11,11,11,1,0,0.0909090909091,0.636363636364,0.272727272727,0,0,0,0,0,0,0,0,0,0,0,0,0,0,0,0,0,0,0,0,0,0,0,0,0,0,0,0,0,20,0,0,90,1,1,0,0,1,1,1,1,1,1,4,4,0,0,0,0
3575,WLNM_dir_neg,1,0.75,00:00:00,10,80,48,1178364397,threshold_sweep,0.2,1,1,1,4,0,0,8,1,1,0,0,1,1,1,1,0.555555555556,1,1,1,20,16,4,0,20,0,16,0,4,11,20,0.181818181818,3.04338842975,3.63636363636,2,2.5,1.68954001271,0.464623503495,0.245454545455,1.16774841624,0.642261628933,0.336363636364,1.94000937205,1.06700515463,0.536363636364,1.05689877454,0.347276990411,3.54545454545,3.04338842975,1.05689877454,3.54545454545,0.499047619048,0.4,8,0.0484848484848,0.255555555556,11,11,11,1,0,0.0909090909091,0.636363636364,0.272727272727,11,0.145454545455,3.23636363636,2.90909090909,1.6,2,1.81408629643,0.623592164399,0.318181818182,0.934198732994,0.642261628933,0.318181818182,1.7529196424,1.20513225415,0.545454545455,1.1693734833,0.36132326731,4.2,3.23636363636,1.1693734833,4.2,0.116071428571,0.142857142857,2,0.0121212121212,0.281481481481,11,11,11,1,0,0.0909090909091,0.636363636364,0.272727272727,11,20,0.181818181818,3.04338842975,3.63636363636,2,2.5,1.68954001271,0.464623503495,0.245454545455,1.16774841624,0.642261628933,0.336363636364,1.94000937205,1.06700515463,0.536363636364,1.05689877454,0.347276990411,3.54545454545,3.04338842975,1.05689877454,3.54545454545,0.499047619048,0.4,8,0.0484848484848,0.255555555556,11,11,11,1,0,0.0909090909091,0.636363636364,0.272727272727,0,0,0,0,0,0,0,0,0,0,0,0,0,0,0,0,0,0,0,0,0,0,0,0,0,0,0,0,0,20,0,0,90,1,1,0,0,1,1,1,1,1,1,4,4,0,0,0,0
3576,WLNM_dir_neg,1,0.75,00:00:00,10,80,48,1178364397,threshold_sweep,0.3,1,1,1,4,0,0,8,1,1,0,0,1,1,1,1,0.555555555556,1,1,1,20,16,4,0,20,0,16,0,4,11,20,0.181818181818,3.04338842975,3.63636363636,2,2.5,1.68954001271,0.464623503495,0.245454545455,1.16774841624,0.642261628933,0.336363636364,1.94000937205,1.06700515463,0.536363636364,1.05689877454,0.347276990411,3.54545454545,3.04338842975,1.05689877454,3.54545454545,0.499047619048,0.4,8,0.0484848484848,0.255555555556,11,11,11,1,0,0.0909090909091,0.636363636364,0.272727272727,11,0.145454545455,3.23636363636,2.90909090909,1.6,2,1.81408629643,0.623592164399,0.318181818182,0.934198732994,0.642261628933,0.318181818182,1.7529196424,1.20513225415,0.545454545455,1.1693734833,0.36132326731,4.2,3.23636363636,1.1693734833,4.2,0.116071428571,0.142857142857,2,0.0121212121212,0.281481481481,11,11,11,1,0,0.0909090909091,0.636363636364,0.272727272727,11,20,0.181818181818,3.04338842975,3.63636363636,2,2.5,1.68954001271,0.464623503495,0.245454545455,1.16774841624,0.642261628933,0.336363636364,1.94000937205,1.06700515463,0.536363636364,1.05689877454,0.347276990411,3.54545454545,3.04338842975,1.05689877454,3.54545454545,0.499047619048,0.4,8,0.0484848484848,0.255555555556,11,11,11,1,0,0.0909090909091,0.636363636364,0.272727272727,0,0,0,0,0,0,0,0,0,0,0,0,0,0,0,0,0,0,0,0,0,0,0,0,0,0,0,0,0,20,0,0,90,1,1,0,0,1,1,1,1,1,1,4,4,0,0,0,0
3577,WLNM_dir_neg,1,0.75,00:00:00,10,80,48,1178364397,threshold_sweep,0.4,1,1,1,4,0,0,8,1,1,0,0,1,1,1,1,0.555555555556,1,1,1,20,16,4,0,20,0,16,0,4,11,20,0.181818181818,3.04338842975,3.63636363636,2,2.5,1.68954001271,0.464623503495,0.245454545455,1.16774841624,0.642261628933,0.336363636364,1.94000937205,1.06700515463,0.536363636364,1.05689877454,0.347276990411,3.54545454545,3.04338842975,1.05689877454,3.54545454545,0.499047619048,0.4,8,0.0484848484848,0.255555555556,11,11,11,1,0,0.0909090909091,0.636363636364,0.272727272727,11,0.145454545455,3.23636363636,2.90909090909,1.6,2,1.81408629643,0.623592164399,0.318181818182,0.934198732994,0.642261628933,0.318181818182,1.7529196424,1.20513225415,0.545454545455,1.1693734833,0.36132326731,4.2,3.23636363636,1.1693734833,4.2,0.116071428571,0.142857142857,2,0.0121212121212,0.281481481481,11,11,11,1,0,0.0909090909091,0.636363636364,0.272727272727,11,20,0.181818181818,3.04338842975,3.63636363636,2,2.5,1.68954001271,0.464623503495,0.245454545455,1.16774841624,0.642261628933,0.336363636364,1.94000937205,1.06700515463,0.536363636364,1.05689877454,0.347276990411,3.54545454545,3.04338842975,1.05689877454,3.54545454545,0.499047619048,0.4,8,0.0484848484848,0.255555555556,11,11,11,1,0,0.0909090909091,0.636363636364,0.272727272727,0,0,0,0,0,0,0,0,0,0,0,0,0,0,0,0,0,0,0,0,0,0,0,0,0,0,0,0,0,20,0,0,90,1,1,0,0,1,1,1,1,1,1,4,4,0,0,0,0
3578,WLNM_dir_neg,1,0.75,00:00:00,10,80,48,1178364397,threshold_sweep,0.5,1,1,1,4,0,0,8,1,1,0,0,1,1,1,1,0.555555555556,1,1,1,20,16,4,0,20,0,16,0,4,11,20,0.181818181818,3.04338842975,3.63636363636,2,2.5,1.68954001271,0.464623503495,0.245454545455,1.16774841624,0.642261628933,0.336363636364,1.94000937205,1.06700515463,0.536363636364,1.05689877454,0.347276990411,3.54545454545,3.04338842975,1.05689877454,3.54545454545,0.499047619048,0.4,8,0.0484848484848,0.255555555556,11,11,11,1,0,0.0909090909091,0.636363636364,0.272727272727,11,0.145454545455,3.23636363636,2.90909090909,1.6,2,1.81408629643,0.623592164399,0.318181818182,0.934198732994,0.642261628933,0.318181818182,1.7529196424,1.20513225415,0.545454545455,1.1693734833,0.36132326731,4.2,3.23636363636,1.1693734833,4.2,0.116071428571,0.142857142857,2,0.0121212121212,0.281481481481,11,11,11,1,0,0.0909090909091,0.636363636364,0.272727272727,11,20,0.181818181818,3.04338842975,3.63636363636,2,2.5,1.68954001271,0.464623503495,0.245454545455,1.16774841624,0.642261628933,0.336363636364,1.94000937205,1.06700515463,0.536363636364,1.05689877454,0.347276990411,3.54545454545,3.04338842975,1.05689877454,3.54545454545,0.499047619048,0.4,8,0.0484848484848,0.255555555556,11,11,11,1,0,0.0909090909091,0.636363636364,0.272727272727,0,0,0,0,0,0,0,0,0,0,0,0,0,0,0,0,0,0,0,0,0,0,0,0,0,0,0,0,0,20,0,0,90,1,1,0,0,1,1,1,1,1,1,4,4,0,0,0,0
3579,WLNM_dir_neg,1,0.75,00:00:00,10,80,48,1178364397,threshold_sweep,0.6,1,1,1,4,0,0,8,1,1,0,0,1,1,1,1,0.555555555556,1,1,1,20,16,4,0,20,0,16,0,4,11,20,0.181818181818,3.04338842975,3.63636363636,2,2.5,1.68954001271,0.464623503495,0.245454545455,1.16774841624,0.642261628933,0.336363636364,1.94000937205,1.06700515463,0.536363636364,1.05689877454,0.347276990411,3.54545454545,3.04338842975,1.05689877454,3.54545454545,0.499047619048,0.4,8,0.0484848484848,0.255555555556,11,11,11,1,0,0.0909090909091,0.636363636364,0.272727272727,11,0.145454545455,3.23636363636,2.90909090909,1.6,2,1.81408629643,0.623592164399,0.318181818182,0.934198732994,0.642261628933,0.318181818182,1.7529196424,1.20513225415,0.545454545455,1.1693734833,0.36132326731,4.2,3.23636363636,1.1693734833,4.2,0.116071428571,0.142857142857,2,0.0121212121212,0.281481481481,11,11,11,1,0,0.0909090909091,0.636363636364,0.272727272727,11,20,0.181818181818,3.04338842975,3.63636363636,2,2.5,1.68954001271,0.464623503495,0.245454545455,1.16774841624,0.642261628933,0.336363636364,1.94000937205,1.06700515463,0.536363636364,1.05689877454,0.347276990411,3.54545454545,3.04338842975,1.05689877454,3.54545454545,0.499047619048,0.4,8,0.0484848484848,0.255555555556,11,11,11,1,0,0.0909090909091,0.636363636364,0.272727272727,0,0,0,0,0,0,0,0,0,0,0,0,0,0,0,0,0,0,0,0,0,0,0,0,0,0,0,0,0,20,0,0,90,1,1,0,0,1,1,1,1,1,1,4,4,0,0,0,0
3580,WLNM_dir_neg,1,0.75,00:00:00,10,80,48,1178364397,threshold_sweep,0.7,1,1,1,4,0,0,8,1,1,0,0,1,1,1,1,0.555555555556,1,1,1,20,16,4,0,20,0,16,0,4,11,20,0.181818181818,3.04338842975,3.63636363636,2,2.5,1.68954001271,0.464623503495,0.245454545455,1.16774841624,0.642261628933,0.336363636364,1.94000937205,1.06700515463,0.536363636364,1.05689877454,0.347276990411,3.54545454545,3.04338842975,1.05689877454,3.54545454545,0.499047619048,0.4,8,0.0484848484848,0.255555555556,11,11,11,1,0,0.0909090909091,0.636363636364,0.272727272727,11,0.145454545455,3.23636363636,2.90909090909,1.6,2,1.81408629643,0.623592164399,0.318181818182,0.934198732994,0.642261628933,0.318181818182,1.7529196424,1.20513225415,0.545454545455,1.1693734833,0.36132326731,4.2,3.23636363636,1.1693734833,4.2,0.116071428571,0.142857142857,2,0.0121212121212,0.281481481481,11,11,11,1,0,0.0909090909091,0.636363636364,0.272727272727,11,20,0.181818181818,3.04338842975,3.63636363636,2,2.5,1.68954001271,0.464623503495,0.245454545455,1.16774841624,0.642261628933,0.336363636364,1.94000937205,1.06700515463,0.536363636364,1.05689877454,0.347276990411,3.54545454545,3.04338842975,1.05689877454,3.54545454545,0.499047619048,0.4,8,0.0484848484848,0.255555555556,11,11,11,1,0,0.0909090909091,0.636363636364,0.272727272727,0,0,0,0,0,0,0,0,0,0,0,0,0,0,0,0,0,0,0,0,0,0,0,0,0,0,0,0,0,20,0,0,90,1,1,0,0,1,1,1,1,1,1,4,4,0,0,0,0
3581,WLNM_dir_neg,1,0.75,00:00:00,10,80,48,1178364397,threshold_sweep,0.8,1,1,1,4,0,0,8,1,1,0,0,1,1,1,1,0.555555555556,1,1,1,20,16,4,0,20,0,16,0,4,11,20,0.181818181818,3.04338842975,3.63636363636,2,2.5,1.68954001271,0.464623503495,0.245454545455,1.16774841624,0.642261628933,0.336363636364,1.94000937205,1.06700515463,0.536363636364,1.05689877454,0.347276990411,3.54545454545,3.04338842975,1.05689877454,3.54545454545,0.499047619048,0.4,8,0.0484848484848,0.255555555556,11,11,11,1,0,0.0909090909091,0.636363636364,0.272727272727,11,0.145454545455,3.23636363636,2.90909090909,1.6,2,1.81408629643,0.623592164399,0.318181818182,0.934198732994,0.642261628933,0.318181818182,1.7529196424,1.20513225415,0.545454545455,1.1693734833,0.36132326731,4.2,3.23636363636,1.1693734833,4.2,0.116071428571,0.142857142857,2,0.0121212121212,0.281481481481,11,11,11,1,0,0.0909090909091,0.636363636364,0.272727272727,11,20,0.181818181818,3.04338842975,3.63636363636,2,2.5,1.68954001271,0.464623503495,0.245454545455,1.16774841624,0.642261628933,0.336363636364,1.94000937205,1.06700515463,0.536363636364,1.05689877454,0.347276990411,3.54545454545,3.04338842975,1.05689877454,3.54545454545,0.499047619048,0.4,8,0.0484848484848,0.255555555556,11,11,11,1,0,0.0909090909091,0.636363636364,0.272727272727,0,0,0,0,0,0,0,0,0,0,0,0,0,0,0,0,0,0,0,0,0,0,0,0,0,0,0,0,0,20,0,0,90,1,1,0,0,1,1,1,1,1,1,4,4,0,0,0,0
3582,WLNM_dir_neg,1,0.75,00:00:00,10,80,48,1178364397,threshold_sweep,0.9,1,1,1,4,0,0,8,1,1,0,0,1,1,1,1,0.555555555556,1,1,1,20,16,4,0,20,0,16,0,4,11,20,0.181818181818,3.04338842975,3.63636363636,2,2.5,1.68954001271,0.464623503495,0.245454545455,1.16774841624,0.642261628933,0.336363636364,1.94000937205,1.06700515463,0.536363636364,1.05689877454,0.347276990411,3.54545454545,3.04338842975,1.05689877454,3.54545454545,0.499047619048,0.4,8,0.0484848484848,0.255555555556,11,11,11,1,0,0.0909090909091,0.636363636364,0.272727272727,11,0.145454545455,3.23636363636,2.90909090909,1.6,2,1.81408629643,0.623592164399,0.318181818182,0.934198732994,0.642261628933,0.318181818182,1.7529196424,1.20513225415,0.545454545455,1.1693734833,0.36132326731,4.2,3.23636363636,1.1693734833,4.2,0.116071428571,0.142857142857,2,0.0121212121212,0.281481481481,11,11,11,1,0,0.0909090909091,0.636363636364,0.272727272727,11,20,0.181818181818,3.04338842975,3.63636363636,2,2.5,1.68954001271,0.464623503495,0.245454545455,1.16774841624,0.642261628933,0.336363636364,1.94000937205,1.06700515463,0.536363636364,1.05689877454,0.347276990411,3.54545454545,3.04338842975,1.05689877454,3.54545454545,0.499047619048,0.4,8,0.0484848484848,0.255555555556,11,11,11,1,0,0.0909090909091,0.636363636364,0.272727272727,0,0,0,0,0,0,0,0,0,0,0,0,0,0,0,0,0,0,0,0,0,0,0,0,0,0,0,0,0,20,0,0,90,1,1,0,0,1,1,1,1,1,1,4,4,0,0,0,0
3583,WLNM_dir_neg,0.75,0.260037878788,00:00:00,10,80,49,1178364398,threshold_sweep,0.1,0.6,0.75,0.666666666667,3,2,1,6,0.75,0.75,0.25,0.25,0.6,0.75,0.666666666667,0.75,0.527777777778,0.470588235294,0.478091443734,0.5,20,16,4,0,20,0,16,0,4,11,20,0.181818181818,3.04338842975,3.63636363636,2,2.5,1.68954001271,0.464623503495,0.245454545455,1.16774841624,0.642261628933,0.336363636364,1.94000937205,1.06700515463,0.536363636364,1.05689877454,0.347276990411,3.54545454545,3.04338842975,1.05689877454,3.54545454545,0.499047619048,0.4,8,0.0484848484848,0.255555555556,11,11,11,1,0,0.0909090909091,0.636363636364,0.272727272727,11,0.145454545455,3.22727272727,2.90909090909,1.6,2,1.70026735866,0.584466904538,0.3125,0.934198732994,0.642261628933,0.318181818182,1.63484778274,1.12395785063,0.534090909091,1.12196560472,0.34765131414,3.875,3.22727272727,1.12196560472,3.875,0.191666666667,0.153846153846,2,0.0121212121212,0.265555555556,11,11,11,1,0,0.0909090909091,0.636363636364,0.272727272727,11,21,0.190909090909,NaN,3.81818181818,1.90909090909,2.625,1.66241882919,0.435395407644,0.229437229437,1.04446593573,0.547101204432,0.277056277056,1.92117388357,1.00632917711,0.519480519481,NaN,NaN,NaN,NaN,NaN,NaN,0.493333333333,0.375,7,0.0424242424242,0.262121212121,11,11,0,1,2,0,0.727272727273,0.272727272727,1,0.00909090909091,NaN,0.181818181818,-0.0909090909091,0.125,-0.0271211835219,-0.0292280958507,-0.0160173160173,-0.123282480508,-0.0951604245011,-0.0593073593074,-0.0188354884792,-0.0606759775189,-0.0168831168831,NaN,NaN,NaN,NaN,NaN,NaN,-0.00571428571429,-0.025,-1,-0.00606060606061,0.00656565656566,-0.0909090909091,0.0909090909091,0,19,2,1,88,0.95,0.977777777778,0.0222222222222,0.05,0.904761904762,0.95,0.926829268293,0.910490812697,0.927777777778,0.863636363636,5,4,0,0,0,0
3584,WLNM_dir_neg,0.75,0.260037878788,00:00:00,10,80,49,1178364398,threshold_sweep,0.2,0.75,0.75,0.75,3,1,1,7,0.75,0.875,0.125,0.25,0.75,0.75,0.75,0.833333333333,0.555555555556,0.625,0.625,0.625,20,16,4,0,20,0,16,0,4,11,20,0.181818181818,3.04338842975,3.63636363636,2,2.5,1.68954001271,0.464623503495,0.245454545455,1.16774841624,0.642261628933,0.336363636364,1.94000937205,1.06700515463,0.536363636364,1.05689877454,0.347276990411,3.54545454545,3.04338842975,1.05689877454,3.54545454545,0.499047619048,0.4,8,0.0484848484848,0.255555555556,11,11,11,1,0,0.0909090909091,0.636363636364,0.272727272727,11,0.145454545455,3.22727272727,2.90909090909,1.6,2,1.70026735866,0.584466904538,0.3125,0.934198732994,0.642261628933,0.318181818182,1.63484778274,1.12395785063,0.534090909091,1.12196560472,0.34765131414,3.875,3.22727272727,1.12196560472,3.875,0.191666666667,0.153846153846,2,0.0121212121212,0.265555555556,11,11,11,1,0,0.0909090909091,0.636363636364,0.272727272727,11,20,0.181818181818,3.1391184573,3.63636363636,2,2.5,1.50151438706,0.412916456441,0.218181818182,1.16774841624,0.642261628933,0.336363636364,1.72152152575,0.946836839165,0.5,1.14767738029,0.36560499258,3.63636363636,3.1391184573,1.14767738029,3.63636363636,0.493333333333,0.375,7,0.0424242424242,0.231481481481,11,11,11,1,0,0.0909090909091,0.636363636364,0.272727272727,0,0,0.0957300275482,0,0,0,-0.18802562565,-0.0517070470538,-0.0272727272727,0,0,0,-0.218487846294,-0.120168315462,-0.0363636363636,0.0907786057531,0.018328002169,0.0909090909091,0.0957300275482,0.0907786057531,0.0909090909091,-0.00571428571429,-0.025,-1,-0.00606060606061,-0.0240740740741,0,0,0,19,1,1,89,0.95,0.988888888889,0.0111111111111,0.05,0.95,0.95,0.95,0.938888888889,0.938888888889,0.904761904762,4,4,0,0,0,0
3585,WLNM_dir_neg,0.75,0.260037878788,00:00:00,10,80,49,1178364398,threshold_sweep,0.3,0.75,0.75,0.75,3,1,1,7,0.75,0.875,0.125,0.25,0.75,0.75,0.75,0.833333333333,0.555555555556,0.625,0.625,0.625,20,16,4,0,20,0,16,0,4,11,20,0.181818181818,3.04338842975,3.63636363636,2,2.5,1.68954001271,0.464623503495,0.245454545455,1.16774841624,0.642261628933,0.336363636364,1.94000937205,1.06700515463,0.536363636364,1.05689877454,0.347276990411,3.54545454545,3.04338842975,1.05689877454,3.54545454545,0.499047619048,0.4,8,0.0484848484848,0.255555555556,11,11,11,1,0,0.0909090909091,0.636363636364,0.272727272727,11,0.145454545455,3.22727272727,2.90909090909,1.6,2,1.70026735866,0.584466904538,0.3125,0.934198732994,0.642261628933,0.318181818182,1.63484778274,1.12395785063,0.534090909091,1.12196560472,0.34765131414,3.875,3.22727272727,1.12196560472,3.875,0.191666666667,0.153846153846,2,0.0121212121212,0.265555555556,11,11,11,1,0,0.0909090909091,0.636363636364,0.272727272727,11,20,0.181818181818,3.1391184573,3.63636363636,2,2.5,1.50151438706,0.412916456441,0.218181818182,1.16774841624,0.642261628933,0.336363636364,1.72152152575,0.946836839165,0.5,1.14767738029,0.36560499258,3.63636363636,3.1391184573,1.14767738029,3.63636363636,0.493333333333,0.375,7,0.0424242424242,0.231481481481,11,11,11,1,0,0.0909090909091,0.636363636364,0.272727272727,0,0,0.0957300275482,0,0,0,-0.18802562565,-0.0517070470538,-0.0272727272727,0,0,0,-0.218487846294,-0.120168315462,-0.0363636363636,0.0907786057531,0.018328002169,0.0909090909091,0.0957300275482,0.0907786057531,0.0909090909091,-0.00571428571429,-0.025,-1,-0.00606060606061,-0.0240740740741,0,0,0,19,1,1,89,0.95,0.988888888889,0.0111111111111,0.05,0.95,0.95,0.95,0.938888888889,0.938888888889,0.904761904762,4,4,0,0,0,0
3586,WLNM_dir_neg,0.75,0.260037878788,00:00:00,10,80,49,1178364398,threshold_sweep,0.4,0.75,0.75,0.75,3,1,1,7,0.75,0.875,0.125,0.25,0.75,0.75,0.75,0.833333333333,0.555555555556,0.625,0.625,0.625,20,16,4,0,20,0,16,0,4,11,20,0.181818181818,3.04338842975,3.63636363636,2,2.5,1.68954001271,0.464623503495,0.245454545455,1.16774841624,0.642261628933,0.336363636364,1.94000937205,1.06700515463,0.536363636364,1.05689877454,0.347276990411,3.54545454545,3.04338842975,1.05689877454,3.54545454545,0.499047619048,0.4,8,0.0484848484848,0.255555555556,11,11,11,1,0,0.0909090909091,0.636363636364,0.272727272727,11,0.145454545455,3.22727272727,2.90909090909,1.6,2,1.70026735866,0.584466904538,0.3125,0.934198732994,0.642261628933,0.318181818182,1.63484778274,1.12395785063,0.534090909091,1.12196560472,0.34765131414,3.875,3.22727272727,1.12196560472,3.875,0.191666666667,0.153846153846,2,0.0121212121212,0.265555555556,11,11,11,1,0,0.0909090909091,0.636363636364,0.272727272727,11,20,0.181818181818,3.1391184573,3.63636363636,2,2.5,1.50151438706,0.412916456441,0.218181818182,1.16774841624,0.642261628933,0.336363636364,1.72152152575,0.946836839165,0.5,1.14767738029,0.36560499258,3.63636363636,3.1391184573,1.14767738029,3.63636363636,0.493333333333,0.375,7,0.0424242424242,0.231481481481,11,11,11,1,0,0.0909090909091,0.636363636364,0.272727272727,0,0,0.0957300275482,0,0,0,-0.18802562565,-0.0517070470538,-0.0272727272727,0,0,0,-0.218487846294,-0.120168315462,-0.0363636363636,0.0907786057531,0.018328002169,0.0909090909091,0.0957300275482,0.0907786057531,0.0909090909091,-0.00571428571429,-0.025,-1,-0.00606060606061,-0.0240740740741,0,0,0,19,1,1,89,0.95,0.988888888889,0.0111111111111,0.05,0.95,0.95,0.95,0.938888888889,0.938888888889,0.904761904762,4,4,0,0,0,0
3587,WLNM_dir_neg,0.75,0.260037878788,00:00:00,10,80,49,1178364398,threshold_sweep,0.5,0.75,0.75,0.75,3,1,1,7,0.75,0.875,0.125,0.25,0.75,0.75,0.75,0.833333333333,0.555555555556,0.625,0.625,0.625,20,16,4,0,20,0,16,0,4,11,20,0.181818181818,3.04338842975,3.63636363636,2,2.5,1.68954001271,0.464623503495,0.245454545455,1.16774841624,0.642261628933,0.336363636364,1.94000937205,1.06700515463,0.536363636364,1.05689877454,0.347276990411,3.54545454545,3.04338842975,1.05689877454,3.54545454545,0.499047619048,0.4,8,0.0484848484848,0.255555555556,11,11,11,1,0,0.0909090909091,0.636363636364,0.272727272727,11,0.145454545455,3.22727272727,2.90909090909,1.6,2,1.70026735866,0.584466904538,0.3125,0.934198732994,0.642261628933,0.318181818182,1.63484778274,1.12395785063,0.534090909091,1.12196560472,0.34765131414,3.875,3.22727272727,1.12196560472,3.875,0.191666666667,0.153846153846,2,0.0121212121212,0.265555555556,11,11,11,1,0,0.0909090909091,0.636363636364,0.272727272727,11,20,0.181818181818,3.1391184573,3.63636363636,2,2.5,1.50151438706,0.412916456441,0.218181818182,1.16774841624,0.642261628933,0.336363636364,1.72152152575,0.946836839165,0.5,1.14767738029,0.36560499258,3.63636363636,3.1391184573,1.14767738029,3.63636363636,0.493333333333,0.375,7,0.0424242424242,0.231481481481,11,11,11,1,0,0.0909090909091,0.636363636364,0.272727272727,0,0,0.0957300275482,0,0,0,-0.18802562565,-0.0517070470538,-0.0272727272727,0,0,0,-0.218487846294,-0.120168315462,-0.0363636363636,0.0907786057531,0.018328002169,0.0909090909091,0.0957300275482,0.0907786057531,0.0909090909091,-0.00571428571429,-0.025,-1,-0.00606060606061,-0.0240740740741,0,0,0,19,1,1,89,0.95,0.988888888889,0.0111111111111,0.05,0.95,0.95,0.95,0.938888888889,0.938888888889,0.904761904762,4,4,0,0,0,0
3588,WLNM_dir_neg,0.75,0.260037878788,00:00:00,10,80,49,1178364398,threshold_sweep,0.6,0.75,0.75,0.75,3,1,1,7,0.75,0.875,0.125,0.25,0.75,0.75,0.75,0.833333333333,0.555555555556,0.625,0.625,0.625,20,16,4,0,20,0,16,0,4,11,20,0.181818181818,3.04338842975,3.63636363636,2,2.5,1.68954001271,0.464623503495,0.245454545455,1.16774841624,0.642261628933,0.336363636364,1.94000937205,1.06700515463,0.536363636364,1.05689877454,0.347276990411,3.54545454545,3.04338842975,1.05689877454,3.54545454545,0.499047619048,0.4,8,0.0484848484848,0.255555555556,11,11,11,1,0,0.0909090909091,0.636363636364,0.272727272727,11,0.145454545455,3.22727272727,2.90909090909,1.6,2,1.70026735866,0.584466904538,0.3125,0.934198732994,0.642261628933,0.318181818182,1.63484778274,1.12395785063,0.534090909091,1.12196560472,0.34765131414,3.875,3.22727272727,1.12196560472,3.875,0.191666666667,0.153846153846,2,0.0121212121212,0.265555555556,11,11,11,1,0,0.0909090909091,0.636363636364,0.272727272727,11,20,0.181818181818,3.1391184573,3.63636363636,2,2.5,1.50151438706,0.412916456441,0.218181818182,1.16774841624,0.642261628933,0.336363636364,1.72152152575,0.946836839165,0.5,1.14767738029,0.36560499258,3.63636363636,3.1391184573,1.14767738029,3.63636363636,0.493333333333,0.375,7,0.0424242424242,0.231481481481,11,11,11,1,0,0.0909090909091,0.636363636364,0.272727272727,0,0,0.0957300275482,0,0,0,-0.18802562565,-0.0517070470538,-0.0272727272727,0,0,0,-0.218487846294,-0.120168315462,-0.0363636363636,0.0907786057531,0.018328002169,0.0909090909091,0.0957300275482,0.0907786057531,0.0909090909091,-0.00571428571429,-0.025,-1,-0.00606060606061,-0.0240740740741,0,0,0,19,1,1,89,0.95,0.988888888889,0.0111111111111,0.05,0.95,0.95,0.95,0.938888888889,0.938888888889,0.904761904762,4,4,0,0,0,0
3589,WLNM_dir_neg,0.75,0.260037878788,00:00:00,10,80,49,1178364398,threshold_sweep,0.7,0.666666666667,0.5,0.571428571429,2,1,2,7,0.5,0.875,0.125,0.5,0.666666666667,0.5,0.571428571429,0.75,0.583333333333,0.4,0.408248290464,0.375,20,16,4,0,20,0,16,0,4,11,20,0.181818181818,3.04338842975,3.63636363636,2,2.5,1.68954001271,0.464623503495,0.245454545455,1.16774841624,0.642261628933,0.336363636364,1.94000937205,1.06700515463,0.536363636364,1.05689877454,0.347276990411,3.54545454545,3.04338842975,1.05689877454,3.54545454545,0.499047619048,0.4,8,0.0484848484848,0.255555555556,11,11,11,1,0,0.0909090909091,0.636363636364,0.272727272727,11,0.145454545455,3.22727272727,2.90909090909,1.6,2,1.70026735866,0.584466904538,0.3125,0.934198732994,0.642261628933,0.318181818182,1.63484778274,1.12395785063,0.534090909091,1.12196560472,0.34765131414,3.875,3.22727272727,1.12196560472,3.875,0.191666666667,0.153846153846,2,0.0121212121212,0.265555555556,11,11,11,1,0,0.0909090909091,0.636363636364,0.272727272727,11,19,0.172727272727,3.17045454545,3.45454545455,1.9,2.375,1.43969693781,0.416754376733,0.215311004785,1.00904995822,0.584186817916,0.306220095694,1.67874411933,0.971904490138,0.507177033493,1.19278131807,0.376217763404,3.875,3.17045454545,1.19278131807,3.875,0.41,0.3,5,0.030303030303,0.223703703704,11,11,11,1,0,0.0909090909091,0.636363636364,0.272727272727,-1,-0.00909090909091,0.127066115702,-0.181818181818,-0.1,-0.125,-0.249843074903,-0.0478691267618,-0.0301435406699,-0.158698458023,-0.058074811017,-0.0301435406699,-0.26126525272,-0.0951006644889,-0.0291866028708,0.135882543529,0.028940772993,0.329545454545,0.127066115702,0.135882543529,0.329545454545,-0.0890476190476,-0.1,-3,-0.0181818181818,-0.0318518518519,0,0,0,18,1,2,89,0.9,0.988888888889,0.0111111111111,0.1,0.947368421053,0.9,0.923076923077,0.906956031802,0.888888888889,0.857142857143,3,4,0,0,0,0
3590,WLNM_dir_neg,0.75,0.260037878788,00:00:00,10,80,49,1178364398,threshold_sweep,0.8,0.666666666667,0.5,0.571428571429,2,1,2,7,0.5,0.875,0.125,0.5,0.666666666667,0.5,0.571428571429,0.75,0.583333333333,0.4,0.408248290464,0.375,20,16,4,0,20,0,16,0,4,11,20,0.181818181818,3.04338842975,3.63636363636,2,2.5,1.68954001271,0.464623503495,0.245454545455,1.16774841624,0.642261628933,0.336363636364,1.94000937205,1.06700515463,0.536363636364,1.05689877454,0.347276990411,3.54545454545,3.04338842975,1.05689877454,3.54545454545,0.499047619048,0.4,8,0.0484848484848,0.255555555556,11,11,11,1,0,0.0909090909091,0.636363636364,0.272727272727,11,0.145454545455,3.22727272727,2.90909090909,1.6,2,1.70026735866,0.584466904538,0.3125,0.934198732994,0.642261628933,0.318181818182,1.63484778274,1.12395785063,0.534090909091,1.12196560472,0.34765131414,3.875,3.22727272727,1.12196560472,3.875,0.191666666667,0.153846153846,2,0.0121212121212,0.265555555556,11,11,11,1,0,0.0909090909091,0.636363636364,0.272727272727,11,19,0.172727272727,3.17045454545,3.45454545455,1.9,2.375,1.43969693781,0.416754376733,0.215311004785,1.00904995822,0.584186817916,0.306220095694,1.67874411933,0.971904490138,0.507177033493,1.19278131807,0.376217763404,3.875,3.17045454545,1.19278131807,3.875,0.41,0.3,5,0.030303030303,0.223703703704,11,11,11,1,0,0.0909090909091,0.636363636364,0.272727272727,-1,-0.00909090909091,0.127066115702,-0.181818181818,-0.1,-0.125,-0.249843074903,-0.0478691267618,-0.0301435406699,-0.158698458023,-0.058074811017,-0.0301435406699,-0.26126525272,-0.0951006644889,-0.0291866028708,0.135882543529,0.028940772993,0.329545454545,0.127066115702,0.135882543529,0.329545454545,-0.0890476190476,-0.1,-3,-0.0181818181818,-0.0318518518519,0,0,0,18,1,2,89,0.9,0.988888888889,0.0111111111111,0.1,0.947368421053,0.9,0.923076923077,0.906956031802,0.888888888889,0.857142857143,3,4,0,0,0,0
3591,WLNM_dir_neg,0.75,0.260037878788,00:00:00,10,80,49,1178364398,threshold_sweep,0.9,1,0.5,0.666666666667,2,0,2,8,0.5,1,0,0.5,1,0.5,0.666666666667,0.833333333333,0.611111111111,0.571428571429,0.632455532034,0.5,20,16,4,0,20,0,16,0,4,11,20,0.181818181818,3.04338842975,3.63636363636,2,2.5,1.68954001271,0.464623503495,0.245454545455,1.16774841624,0.642261628933,0.336363636364,1.94000937205,1.06700515463,0.536363636364,1.05689877454,0.347276990411,3.54545454545,3.04338842975,1.05689877454,3.54545454545,0.499047619048,0.4,8,0.0484848484848,0.255555555556,11,11,11,1,0,0.0909090909091,0.636363636364,0.272727272727,11,0.145454545455,3.22727272727,2.90909090909,1.6,2,1.70026735866,0.584466904538,0.3125,0.934198732994,0.642261628933,0.318181818182,1.63484778274,1.12395785063,0.534090909091,1.12196560472,0.34765131414,3.875,3.22727272727,1.12196560472,3.875,0.191666666667,0.153846153846,2,0.0121212121212,0.265555555556,11,11,11,1,0,0.0909090909091,0.636363636364,0.272727272727,11,18,0.163636363636,3.11363636364,3.27272727273,1.8,2.25,1.42062726223,0.434080552347,0.227272727273,0.924416277737,0.564921058617,0.292929292929,1.68954001271,1.03249667443,0.525252525253,1.14353419474,0.367266456706,3.875,3.11363636364,1.14353419474,3.875,0.366666666667,0.266666666667,4,0.0242424242424,0.221111111111,11,11,11,1,0,0.0909090909091,0.636363636364,0.272727272727,-2,-0.0181818181818,0.0702479338843,-0.363636363636,-0.2,-0.25,-0.268912750482,-0.030542951148,-0.0181818181818,-0.243332138505,-0.0773405703161,-0.0434343434343,-0.250469359339,-0.0345084801933,-0.0111111111111,0.0866354202056,0.0199894662943,0.329545454545,0.0702479338843,0.0866354202056,0.329545454545,-0.132380952381,-0.133333333333,-4,-0.0242424242424,-0.0344444444444,0,0,0,18,0,2,90,0.9,1,0,0.1,1,0.9,0.947368421053,0.938314863257,0.9,0.9,2,4,0,0,0,0
3592,WLNM_dir_neg,0.75,0.357738095238,00:00:00,10,80,50,1178364399,threshold_sweep,0.1,0.5,0.5,0.5,2,2,2,6,0.5,0.75,0.25,0.5,0.5,0.5,0.5,0.666666666667,0.555555555556,0.25,0.25,0.25,20,16,4,0,20,0,16,0,4,11,20,0.181818181818,3.04338842975,3.63636363636,2,2.5,1.68954001271,0.464623503495,0.245454545455,1.16774841624,0.642261628933,0.336363636364,1.94000937205,1.06700515463,0.536363636364,1.05689877454,0.347276990411,3.54545454545,3.04338842975,1.05689877454,3.54545454545,0.499047619048,0.4,8,0.0484848484848,0.255555555556,11,11,11,1,0,0.0909090909091,0.636363636364,0.272727272727,11,0.145454545455,3.22727272727,2.90909090909,1.6,2,1.51357493733,0.520291384707,0.261363636364,0.820199532265,0.563887178432,0.284090909091,1.63484778274,1.12395785063,0.534090909091,1.21168552776,0.375451853672,4,3.22727272727,1.21168552776,4,0.426666666667,0.243243243243,3,0.0181818181818,0.227777777778,11,11,11,1,0,0.0909090909091,0.636363636364,0.272727272727,11,20,0.181818181818,3.93181818182,3.63636363636,2,2,1.50151438706,0.412916456441,0.2,0.981649817214,0.539907399468,0.281818181818,1.53741222957,0.845576726264,0.409090909091,1.41501407621,0.359887973139,4.9375,3.93181818182,1.41501407621,4.9375,0.41,0.3,5,0.030303030303,0.207037037037,11,11,11,1,0,0.0909090909091,0.818181818182,0.0909090909091,0,0,0.888429752066,0,0,-0.5,-0.18802562565,-0.0517070470538,-0.0454545454545,-0.186098599028,-0.102354229466,-0.0545454545455,-0.402597142477,-0.221428428362,-0.127272727273,0.358115301668,0.0126109827276,1.39204545455,0.888429752066,0.358115301668,1.39204545455,-0.0890476190476,-0.1,-3,-0.0181818181818,-0.0485185185185,0,0.181818181818,-0.181818181818,18,2,2,88,0.9,0.977777777778,0.0222222222222,0.1,0.9,0.9,0.9,0.877777777778,0.877777777778,0.818181818182,4,4,0,0,0,0
3593,WLNM_dir_neg,0.75,0.357738095238,00:00:00,10,80,50,1178364399,threshold_sweep,0.2,0.5,0.5,0.5,2,2,2,6,0.5,0.75,0.25,0.5,0.5,0.5,0.5,0.666666666667,0.555555555556,0.25,0.25,0.25,20,16,4,0,20,0,16,0,4,11,20,0.181818181818,3.04338842975,3.63636363636,2,2.5,1.68954001271,0.464623503495,0.245454545455,1.16774841624,0.642261628933,0.336363636364,1.94000937205,1.06700515463,0.536363636364,1.05689877454,0.347276990411,3.54545454545,3.04338842975,1.05689877454,3.54545454545,0.499047619048,0.4,8,0.0484848484848,0.255555555556,11,11,11,1,0,0.0909090909091,0.636363636364,0.272727272727,11,0.145454545455,3.22727272727,2.90909090909,1.6,2,1.51357493733,0.520291384707,0.261363636364,0.820199532265,0.563887178432,0.284090909091,1.63484778274,1.12395785063,0.534090909091,1.21168552776,0.375451853672,4,3.22727272727,1.21168552776,4,0.426666666667,0.243243243243,3,0.0181818181818,0.227777777778,11,11,11,1,0,0.0909090909091,0.636363636364,0.272727272727,11,20,0.181818181818,3.93181818182,3.63636363636,2,2,1.50151438706,0.412916456441,0.2,0.981649817214,0.539907399468,0.281818181818,1.53741222957,0.845576726264,0.409090909091,1.41501407621,0.359887973139,4.9375,3.93181818182,1.41501407621,4.9375,0.41,0.3,5,0.030303030303,0.207037037037,11,11,11,1,0,0.0909090909091,0.818181818182,0.0909090909091,0,0,0.888429752066,0,0,-0.5,-0.18802562565,-0.0517070470538,-0.0454545454545,-0.186098599028,-0.102354229466,-0.0545454545455,-0.402597142477,-0.221428428362,-0.127272727273,0.358115301668,0.0126109827276,1.39204545455,0.888429752066,0.358115301668,1.39204545455,-0.0890476190476,-0.1,-3,-0.0181818181818,-0.0485185185185,0,0.181818181818,-0.181818181818,18,2,2,88,0.9,0.977777777778,0.0222222222222,0.1,0.9,0.9,0.9,0.877777777778,0.877777777778,0.818181818182,4,4,0,0,0,0
3594,WLNM_dir_neg,0.75,0.357738095238,00:00:00,10,80,50,1178364399,threshold_sweep,0.3,0.5,0.5,0.5,2,2,2,6,0.5,0.75,0.25,0.5,0.5,0.5,0.5,0.666666666667,0.555555555556,0.25,0.25,0.25,20,16,4,0,20,0,16,0,4,11,20,0.181818181818,3.04338842975,3.63636363636,2,2.5,1.68954001271,0.464623503495,0.245454545455,1.16774841624,0.642261628933,0.336363636364,1.94000937205,1.06700515463,0.536363636364,1.05689877454,0.347276990411,3.54545454545,3.04338842975,1.05689877454,3.54545454545,0.499047619048,0.4,8,0.0484848484848,0.255555555556,11,11,11,1,0,0.0909090909091,0.636363636364,0.272727272727,11,0.145454545455,3.22727272727,2.90909090909,1.6,2,1.51357493733,0.520291384707,0.261363636364,0.820199532265,0.563887178432,0.284090909091,1.63484778274,1.12395785063,0.534090909091,1.21168552776,0.375451853672,4,3.22727272727,1.21168552776,4,0.426666666667,0.243243243243,3,0.0181818181818,0.227777777778,11,11,11,1,0,0.0909090909091,0.636363636364,0.272727272727,11,20,0.181818181818,3.93181818182,3.63636363636,2,2,1.50151438706,0.412916456441,0.2,0.981649817214,0.539907399468,0.281818181818,1.53741222957,0.845576726264,0.409090909091,1.41501407621,0.359887973139,4.9375,3.93181818182,1.41501407621,4.9375,0.41,0.3,5,0.030303030303,0.207037037037,11,11,11,1,0,0.0909090909091,0.818181818182,0.0909090909091,0,0,0.888429752066,0,0,-0.5,-0.18802562565,-0.0517070470538,-0.0454545454545,-0.186098599028,-0.102354229466,-0.0545454545455,-0.402597142477,-0.221428428362,-0.127272727273,0.358115301668,0.0126109827276,1.39204545455,0.888429752066,0.358115301668,1.39204545455,-0.0890476190476,-0.1,-3,-0.0181818181818,-0.0485185185185,0,0.181818181818,-0.181818181818,18,2,2,88,0.9,0.977777777778,0.0222222222222,0.1,0.9,0.9,0.9,0.877777777778,0.877777777778,0.818181818182,4,4,0,0,0,0
3595,WLNM_dir_neg,0.75,0.357738095238,00:00:00,10,80,50,1178364399,threshold_sweep,0.4,0.5,0.5,0.5,2,2,2,6,0.5,0.75,0.25,0.5,0.5,0.5,0.5,0.666666666667,0.555555555556,0.25,0.25,0.25,20,16,4,0,20,0,16,0,4,11,20,0.181818181818,3.04338842975,3.63636363636,2,2.5,1.68954001271,0.464623503495,0.245454545455,1.16774841624,0.642261628933,0.336363636364,1.94000937205,1.06700515463,0.536363636364,1.05689877454,0.347276990411,3.54545454545,3.04338842975,1.05689877454,3.54545454545,0.499047619048,0.4,8,0.0484848484848,0.255555555556,11,11,11,1,0,0.0909090909091,0.636363636364,0.272727272727,11,0.145454545455,3.22727272727,2.90909090909,1.6,2,1.51357493733,0.520291384707,0.261363636364,0.820199532265,0.563887178432,0.284090909091,1.63484778274,1.12395785063,0.534090909091,1.21168552776,0.375451853672,4,3.22727272727,1.21168552776,4,0.426666666667,0.243243243243,3,0.0181818181818,0.227777777778,11,11,11,1,0,0.0909090909091,0.636363636364,0.272727272727,11,20,0.181818181818,3.93181818182,3.63636363636,2,2,1.50151438706,0.412916456441,0.2,0.981649817214,0.539907399468,0.281818181818,1.53741222957,0.845576726264,0.409090909091,1.41501407621,0.359887973139,4.9375,3.93181818182,1.41501407621,4.9375,0.41,0.3,5,0.030303030303,0.207037037037,11,11,11,1,0,0.0909090909091,0.818181818182,0.0909090909091,0,0,0.888429752066,0,0,-0.5,-0.18802562565,-0.0517070470538,-0.0454545454545,-0.186098599028,-0.102354229466,-0.0545454545455,-0.402597142477,-0.221428428362,-0.127272727273,0.358115301668,0.0126109827276,1.39204545455,0.888429752066,0.358115301668,1.39204545455,-0.0890476190476,-0.1,-3,-0.0181818181818,-0.0485185185185,0,0.181818181818,-0.181818181818,18,2,2,88,0.9,0.977777777778,0.0222222222222,0.1,0.9,0.9,0.9,0.877777777778,0.877777777778,0.818181818182,4,4,0,0,0,0
3596,WLNM_dir_neg,0.75,0.357738095238,00:00:00,10,80,50,1178364399,threshold_sweep,0.5,0.5,0.5,0.5,2,2,2,6,0.5,0.75,0.25,0.5,0.5,0.5,0.5,0.666666666667,0.555555555556,0.25,0.25,0.25,20,16,4,0,20,0,16,0,4,11,20,0.181818181818,3.04338842975,3.63636363636,2,2.5,1.68954001271,0.464623503495,0.245454545455,1.16774841624,0.642261628933,0.336363636364,1.94000937205,1.06700515463,0.536363636364,1.05689877454,0.347276990411,3.54545454545,3.04338842975,1.05689877454,3.54545454545,0.499047619048,0.4,8,0.0484848484848,0.255555555556,11,11,11,1,0,0.0909090909091,0.636363636364,0.272727272727,11,0.145454545455,3.22727272727,2.90909090909,1.6,2,1.51357493733,0.520291384707,0.261363636364,0.820199532265,0.563887178432,0.284090909091,1.63484778274,1.12395785063,0.534090909091,1.21168552776,0.375451853672,4,3.22727272727,1.21168552776,4,0.426666666667,0.243243243243,3,0.0181818181818,0.227777777778,11,11,11,1,0,0.0909090909091,0.636363636364,0.272727272727,11,20,0.181818181818,3.93181818182,3.63636363636,2,2,1.50151438706,0.412916456441,0.2,0.981649817214,0.539907399468,0.281818181818,1.53741222957,0.845576726264,0.409090909091,1.41501407621,0.359887973139,4.9375,3.93181818182,1.41501407621,4.9375,0.41,0.3,5,0.030303030303,0.207037037037,11,11,11,1,0,0.0909090909091,0.818181818182,0.0909090909091,0,0,0.888429752066,0,0,-0.5,-0.18802562565,-0.0517070470538,-0.0454545454545,-0.186098599028,-0.102354229466,-0.0545454545455,-0.402597142477,-0.221428428362,-0.127272727273,0.358115301668,0.0126109827276,1.39204545455,0.888429752066,0.358115301668,1.39204545455,-0.0890476190476,-0.1,-3,-0.0181818181818,-0.0485185185185,0,0.181818181818,-0.181818181818,18,2,2,88,0.9,0.977777777778,0.0222222222222,0.1,0.9,0.9,0.9,0.877777777778,0.877777777778,0.818181818182,4,4,0,0,0,0
3597,WLNM_dir_neg,0.75,0.357738095238,00:00:00,10,80,50,1178364399,threshold_sweep,0.6,0.5,0.5,0.5,2,2,2,6,0.5,0.75,0.25,0.5,0.5,0.5,0.5,0.666666666667,0.555555555556,0.25,0.25,0.25,20,16,4,0,20,0,16,0,4,11,20,0.181818181818,3.04338842975,3.63636363636,2,2.5,1.68954001271,0.464623503495,0.245454545455,1.16774841624,0.642261628933,0.336363636364,1.94000937205,1.06700515463,0.536363636364,1.05689877454,0.347276990411,3.54545454545,3.04338842975,1.05689877454,3.54545454545,0.499047619048,0.4,8,0.0484848484848,0.255555555556,11,11,11,1,0,0.0909090909091,0.636363636364,0.272727272727,11,0.145454545455,3.22727272727,2.90909090909,1.6,2,1.51357493733,0.520291384707,0.261363636364,0.820199532265,0.563887178432,0.284090909091,1.63484778274,1.12395785063,0.534090909091,1.21168552776,0.375451853672,4,3.22727272727,1.21168552776,4,0.426666666667,0.243243243243,3,0.0181818181818,0.227777777778,11,11,11,1,0,0.0909090909091,0.636363636364,0.272727272727,11,20,0.181818181818,3.93181818182,3.63636363636,2,2,1.50151438706,0.412916456441,0.2,0.981649817214,0.539907399468,0.281818181818,1.53741222957,0.845576726264,0.409090909091,1.41501407621,0.359887973139,4.9375,3.93181818182,1.41501407621,4.9375,0.41,0.3,5,0.030303030303,0.207037037037,11,11,11,1,0,0.0909090909091,0.818181818182,0.0909090909091,0,0,0.888429752066,0,0,-0.5,-0.18802562565,-0.0517070470538,-0.0454545454545,-0.186098599028,-0.102354229466,-0.0545454545455,-0.402597142477,-0.221428428362,-0.127272727273,0.358115301668,0.0126109827276,1.39204545455,0.888429752066,0.358115301668,1.39204545455,-0.0890476190476,-0.1,-3,-0.0181818181818,-0.0485185185185,0,0.181818181818,-0.181818181818,18,2,2,88,0.9,0.977777777778,0.0222222222222,0.1,0.9,0.9,0.9,0.877777777778,0.877777777778,0.818181818182,4,4,0,0,0,0
3598,WLNM_dir_neg,0.75,0.357738095238,00:00:00,10,80,50,1178364399,threshold_sweep,0.7,0.5,0.5,0.5,2,2,2,6,0.5,0.75,0.25,0.5,0.5,0.5,0.5,0.666666666667,0.555555555556,0.25,0.25,0.25,20,16,4,0,20,0,16,0,4,11,20,0.181818181818,3.04338842975,3.63636363636,2,2.5,1.68954001271,0.464623503495,0.245454545455,1.16774841624,0.642261628933,0.336363636364,1.94000937205,1.06700515463,0.536363636364,1.05689877454,0.347276990411,3.54545454545,3.04338842975,1.05689877454,3.54545454545,0.499047619048,0.4,8,0.0484848484848,0.255555555556,11,11,11,1,0,0.0909090909091,0.636363636364,0.272727272727,11,0.145454545455,3.22727272727,2.90909090909,1.6,2,1.51357493733,0.520291384707,0.261363636364,0.820199532265,0.563887178432,0.284090909091,1.63484778274,1.12395785063,0.534090909091,1.21168552776,0.375451853672,4,3.22727272727,1.21168552776,4,0.426666666667,0.243243243243,3,0.0181818181818,0.227777777778,11,11,11,1,0,0.0909090909091,0.636363636364,0.272727272727,11,20,0.181818181818,3.93181818182,3.63636363636,2,2,1.50151438706,0.412916456441,0.2,0.981649817214,0.539907399468,0.281818181818,1.53741222957,0.845576726264,0.409090909091,1.41501407621,0.359887973139,4.9375,3.93181818182,1.41501407621,4.9375,0.41,0.3,5,0.030303030303,0.207037037037,11,11,11,1,0,0.0909090909091,0.818181818182,0.0909090909091,0,0,0.888429752066,0,0,-0.5,-0.18802562565,-0.0517070470538,-0.0454545454545,-0.186098599028,-0.102354229466,-0.0545454545455,-0.402597142477,-0.221428428362,-0.127272727273,0.358115301668,0.0126109827276,1.39204545455,0.888429752066,0.358115301668,1.39204545455,-0.0890476190476,-0.1,-3,-0.0181818181818,-0.0485185185185,0,0.181818181818,-0.181818181818,18,2,2,88,0.9,0.977777777778,0.0222222222222,0.1,0.9,0.9,0.9,0.877777777778,0.877777777778,0.818181818182,4,4,0,0,0,0
3599,WLNM_dir_neg,0.75,0.357738095238,00:00:00,10,80,50,1178364399,threshold_sweep,0.8,0.333333333333,0.25,0.285714285714,1,2,3,6,0.25,0.75,0.25,0.75,0.333333333333,0.25,0.285714285714,0.583333333333,0.583333333333,0,0,0,20,16,4,0,20,0,16,0,4,11,20,0.181818181818,3.04338842975,3.63636363636,2,2.5,1.68954001271,0.464623503495,0.245454545455,1.16774841624,0.642261628933,0.336363636364,1.94000937205,1.06700515463,0.536363636364,1.05689877454,0.347276990411,3.54545454545,3.04338842975,1.05689877454,3.54545454545,0.499047619048,0.4,8,0.0484848484848,0.255555555556,11,11,11,1,0,0.0909090909091,0.636363636364,0.272727272727,11,0.145454545455,3.22727272727,2.90909090909,1.6,2,1.51357493733,0.520291384707,0.261363636364,0.820199532265,0.563887178432,0.284090909091,1.63484778274,1.12395785063,0.534090909091,1.21168552776,0.375451853672,4,3.22727272727,1.21168552776,4,0.426666666667,0.243243243243,3,0.0181818181818,0.227777777778,11,11,11,1,0,0.0909090909091,0.636363636364,0.272727272727,11,19,0.172727272727,4.09090909091,3.45454545455,1.9,1.9,1.63484778274,0.473245410793,0.244019138756,1.00904995822,0.584186817916,0.306220095694,1.48935617573,0.86225883858,0.401913875598,1.43054697457,0.349689260452,5,4.09090909091,1.43054697457,5,0.403333333333,0.260869565217,4,0.0242424242424,0.221851851852,11,11,11,1,0,0.0909090909091,0.818181818182,0.0909090909091,-1,-0.00909090909091,1.04752066116,-0.181818181818,-0.1,-0.6,-0.05469222997,0.00862190729789,-0.00143540669856,-0.158698458023,-0.058074811017,-0.0301435406699,-0.45065319632,-0.204746316047,-0.134449760766,0.373648200038,0.00241227004026,1.45454545455,1.04752066116,0.373648200038,1.45454545455,-0.0957142857143,-0.139130434783,-4,-0.0242424242424,-0.0337037037037,0,0.181818181818,-0.181818181818,17,2,3,88,0.85,0.977777777778,0.0222222222222,0.15,0.894736842105,0.85,0.871794871795,0.844602804616,0.827777777778,0.772727272727,3,4,0,0,0,0
3600,WLNM_dir_neg,0.75,0.357738095238,00:00:00,10,80,50,1178364399,threshold_sweep,0.9,0.333333333333,0.25,0.285714285714,1,2,3,6,0.25,0.75,0.25,0.75,0.333333333333,0.25,0.285714285714,0.583333333333,0.583333333333,0,0,0,20,16,4,0,20,0,16,0,4,11,20,0.181818181818,3.04338842975,3.63636363636,2,2.5,1.68954001271,0.464623503495,0.245454545455,1.16774841624,0.642261628933,0.336363636364,1.94000937205,1.06700515463,0.536363636364,1.05689877454,0.347276990411,3.54545454545,3.04338842975,1.05689877454,3.54545454545,0.499047619048,0.4,8,0.0484848484848,0.255555555556,11,11,11,1,0,0.0909090909091,0.636363636364,0.272727272727,11,0.145454545455,3.22727272727,2.90909090909,1.6,2,1.51357493733,0.520291384707,0.261363636364,0.820199532265,0.563887178432,0.284090909091,1.63484778274,1.12395785063,0.534090909091,1.21168552776,0.375451853672,4,3.22727272727,1.21168552776,4,0.426666666667,0.243243243243,3,0.0181818181818,0.227777777778,11,11,11,1,0,0.0909090909091,0.636363636364,0.272727272727,11,19,0.172727272727,4.09090909091,3.45454545455,1.9,1.9,1.63484778274,0.473245410793,0.244019138756,1.00904995822,0.584186817916,0.306220095694,1.48935617573,0.86225883858,0.401913875598,1.43054697457,0.349689260452,5,4.09090909091,1.43054697457,5,0.403333333333,0.260869565217,4,0.0242424242424,0.221851851852,11,11,11,1,0,0.0909090909091,0.818181818182,0.0909090909091,-1,-0.00909090909091,1.04752066116,-0.181818181818,-0.1,-0.6,-0.05469222997,0.00862190729789,-0.00143540669856,-0.158698458023,-0.058074811017,-0.0301435406699,-0.45065319632,-0.204746316047,-0.134449760766,0.373648200038,0.00241227004026,1.45454545455,1.04752066116,0.373648200038,1.45454545455,-0.0957142857143,-0.139130434783,-4,-0.0242424242424,-0.0337037037037,0,0.181818181818,-0.181818181818,17,2,3,88,0.85,0.977777777778,0.0222222222222,0.15,0.894736842105,0.85,0.871794871795,0.844602804616,0.827777777778,0.772727272727,3,4,0,0,0,0
3601,WLNM_dir_neg,0.5,0.133333333333,00:00:00,10,90,1,1179281650,threshold_sweep,0.1,1,0.5,0.666666666667,1,0,1,4,0.5,1,0,0.5,1,0.5,0.666666666667,0.833333333333,0.611111111111,0.571428571429,0.632455532034,0.5,20,18,2,0,20,0,18,0,2,11,20,0.181818181818,3.04338842975,3.63636363636,2,2.5,1.68954001271,0.464623503495,0.245454545455,1.16774841624,0.642261628933,0.336363636364,1.94000937205,1.06700515463,0.536363636364,1.05689877454,0.347276990411,3.54545454545,3.04338842975,1.05689877454,3.54545454545,0.499047619048,0.4,8,0.0484848484848,0.255555555556,11,11,11,1,0,0.0909090909091,0.636363636364,0.272727272727,11,0.163636363636,3.12012987013,3.27272727273,1.8,2.25,1.42062726223,0.434080552347,0.227272727273,1.0269106361,0.627556499842,0.30303030303,1.62927758671,0.995669636321,0.505050505051,1.15288820184,0.369500068851,3.85714285714,3.12012987013,1.15288820184,3.85714285714,0.48,0.333333333333,5,0.030303030303,0.212592592593,11,11,11,1,0,0.0909090909091,0.636363636364,0.272727272727,11,19,0.172727272727,3.0847107438,3.45454545455,1.9,2.375,1.50755672289,0.436397998731,0.234449760766,1.1037127426,0.638991587822,0.325358851675,1.7372915179,1.00580035247,0.516746411483,1.09771037579,0.355855205548,3.63636363636,3.0847107438,1.09771037579,3.63636363636,0.466666666667,0.352941176471,6,0.0363636363636,0.23,11,11,11,1,0,0.0909090909091,0.636363636364,0.272727272727,-1,-0.00909090909091,0.0413223140496,-0.181818181818,-0.1,-0.125,-0.18198328982,-0.0282255047641,-0.011004784689,-0.0640356736404,-0.0032700411111,-0.011004784689,-0.202717854144,-0.0612048021559,-0.0196172248804,0.0408116012549,0.00857821513672,0.0909090909091,0.0413223140496,0.0408116012549,0.0909090909091,-0.032380952381,-0.0470588235294,-2,-0.0121212121212,-0.0255555555556,0,0,0,19,0,1,90,0.95,1,0,0.05,1,0.95,0.974358974359,0.969309258988,0.95,0.95,1,2,0,0,0,0
3602,WLNM_dir_neg,0.5,0.133333333333,00:00:00,10,90,1,1179281650,threshold_sweep,0.2,1,0.5,0.666666666667,1,0,1,4,0.5,1,0,0.5,1,0.5,0.666666666667,0.833333333333,0.611111111111,0.571428571429,0.632455532034,0.5,20,18,2,0,20,0,18,0,2,11,20,0.181818181818,3.04338842975,3.63636363636,2,2.5,1.68954001271,0.464623503495,0.245454545455,1.16774841624,0.642261628933,0.336363636364,1.94000937205,1.06700515463,0.536363636364,1.05689877454,0.347276990411,3.54545454545,3.04338842975,1.05689877454,3.54545454545,0.499047619048,0.4,8,0.0484848484848,0.255555555556,11,11,11,1,0,0.0909090909091,0.636363636364,0.272727272727,11,0.163636363636,3.12012987013,3.27272727273,1.8,2.25,1.42062726223,0.434080552347,0.227272727273,1.0269106361,0.627556499842,0.30303030303,1.62927758671,0.995669636321,0.505050505051,1.15288820184,0.369500068851,3.85714285714,3.12012987013,1.15288820184,3.85714285714,0.48,0.333333333333,5,0.030303030303,0.212592592593,11,11,11,1,0,0.0909090909091,0.636363636364,0.272727272727,11,19,0.172727272727,3.0847107438,3.45454545455,1.9,2.375,1.50755672289,0.436397998731,0.234449760766,1.1037127426,0.638991587822,0.325358851675,1.7372915179,1.00580035247,0.516746411483,1.09771037579,0.355855205548,3.63636363636,3.0847107438,1.09771037579,3.63636363636,0.466666666667,0.352941176471,6,0.0363636363636,0.23,11,11,11,1,0,0.0909090909091,0.636363636364,0.272727272727,-1,-0.00909090909091,0.0413223140496,-0.181818181818,-0.1,-0.125,-0.18198328982,-0.0282255047641,-0.011004784689,-0.0640356736404,-0.0032700411111,-0.011004784689,-0.202717854144,-0.0612048021559,-0.0196172248804,0.0408116012549,0.00857821513672,0.0909090909091,0.0413223140496,0.0408116012549,0.0909090909091,-0.032380952381,-0.0470588235294,-2,-0.0121212121212,-0.0255555555556,0,0,0,19,0,1,90,0.95,1,0,0.05,1,0.95,0.974358974359,0.969309258988,0.95,0.95,1,2,0,0,0,0
3603,WLNM_dir_neg,0.5,0.133333333333,00:00:00,10,90,1,1179281650,threshold_sweep,0.3,1,0.5,0.666666666667,1,0,1,4,0.5,1,0,0.5,1,0.5,0.666666666667,0.833333333333,0.611111111111,0.571428571429,0.632455532034,0.5,20,18,2,0,20,0,18,0,2,11,20,0.181818181818,3.04338842975,3.63636363636,2,2.5,1.68954001271,0.464623503495,0.245454545455,1.16774841624,0.642261628933,0.336363636364,1.94000937205,1.06700515463,0.536363636364,1.05689877454,0.347276990411,3.54545454545,3.04338842975,1.05689877454,3.54545454545,0.499047619048,0.4,8,0.0484848484848,0.255555555556,11,11,11,1,0,0.0909090909091,0.636363636364,0.272727272727,11,0.163636363636,3.12012987013,3.27272727273,1.8,2.25,1.42062726223,0.434080552347,0.227272727273,1.0269106361,0.627556499842,0.30303030303,1.62927758671,0.995669636321,0.505050505051,1.15288820184,0.369500068851,3.85714285714,3.12012987013,1.15288820184,3.85714285714,0.48,0.333333333333,5,0.030303030303,0.212592592593,11,11,11,1,0,0.0909090909091,0.636363636364,0.272727272727,11,19,0.172727272727,3.0847107438,3.45454545455,1.9,2.375,1.50755672289,0.436397998731,0.234449760766,1.1037127426,0.638991587822,0.325358851675,1.7372915179,1.00580035247,0.516746411483,1.09771037579,0.355855205548,3.63636363636,3.0847107438,1.09771037579,3.63636363636,0.466666666667,0.352941176471,6,0.0363636363636,0.23,11,11,11,1,0,0.0909090909091,0.636363636364,0.272727272727,-1,-0.00909090909091,0.0413223140496,-0.181818181818,-0.1,-0.125,-0.18198328982,-0.0282255047641,-0.011004784689,-0.0640356736404,-0.0032700411111,-0.011004784689,-0.202717854144,-0.0612048021559,-0.0196172248804,0.0408116012549,0.00857821513672,0.0909090909091,0.0413223140496,0.0408116012549,0.0909090909091,-0.032380952381,-0.0470588235294,-2,-0.0121212121212,-0.0255555555556,0,0,0,19,0,1,90,0.95,1,0,0.05,1,0.95,0.974358974359,0.969309258988,0.95,0.95,1,2,0,0,0,0
3604,WLNM_dir_neg,0.5,0.133333333333,00:00:00,10,90,1,1179281650,threshold_sweep,0.4,1,0.5,0.666666666667,1,0,1,4,0.5,1,0,0.5,1,0.5,0.666666666667,0.833333333333,0.611111111111,0.571428571429,0.632455532034,0.5,20,18,2,0,20,0,18,0,2,11,20,0.181818181818,3.04338842975,3.63636363636,2,2.5,1.68954001271,0.464623503495,0.245454545455,1.16774841624,0.642261628933,0.336363636364,1.94000937205,1.06700515463,0.536363636364,1.05689877454,0.347276990411,3.54545454545,3.04338842975,1.05689877454,3.54545454545,0.499047619048,0.4,8,0.0484848484848,0.255555555556,11,11,11,1,0,0.0909090909091,0.636363636364,0.272727272727,11,0.163636363636,3.12012987013,3.27272727273,1.8,2.25,1.42062726223,0.434080552347,0.227272727273,1.0269106361,0.627556499842,0.30303030303,1.62927758671,0.995669636321,0.505050505051,1.15288820184,0.369500068851,3.85714285714,3.12012987013,1.15288820184,3.85714285714,0.48,0.333333333333,5,0.030303030303,0.212592592593,11,11,11,1,0,0.0909090909091,0.636363636364,0.272727272727,11,19,0.172727272727,3.0847107438,3.45454545455,1.9,2.375,1.50755672289,0.436397998731,0.234449760766,1.1037127426,0.638991587822,0.325358851675,1.7372915179,1.00580035247,0.516746411483,1.09771037579,0.355855205548,3.63636363636,3.0847107438,1.09771037579,3.63636363636,0.466666666667,0.352941176471,6,0.0363636363636,0.23,11,11,11,1,0,0.0909090909091,0.636363636364,0.272727272727,-1,-0.00909090909091,0.0413223140496,-0.181818181818,-0.1,-0.125,-0.18198328982,-0.0282255047641,-0.011004784689,-0.0640356736404,-0.0032700411111,-0.011004784689,-0.202717854144,-0.0612048021559,-0.0196172248804,0.0408116012549,0.00857821513672,0.0909090909091,0.0413223140496,0.0408116012549,0.0909090909091,-0.032380952381,-0.0470588235294,-2,-0.0121212121212,-0.0255555555556,0,0,0,19,0,1,90,0.95,1,0,0.05,1,0.95,0.974358974359,0.969309258988,0.95,0.95,1,2,0,0,0,0
3605,WLNM_dir_neg,0.5,0.133333333333,00:00:00,10,90,1,1179281650,threshold_sweep,0.5,1,0.5,0.666666666667,1,0,1,4,0.5,1,0,0.5,1,0.5,0.666666666667,0.833333333333,0.611111111111,0.571428571429,0.632455532034,0.5,20,18,2,0,20,0,18,0,2,11,20,0.181818181818,3.04338842975,3.63636363636,2,2.5,1.68954001271,0.464623503495,0.245454545455,1.16774841624,0.642261628933,0.336363636364,1.94000937205,1.06700515463,0.536363636364,1.05689877454,0.347276990411,3.54545454545,3.04338842975,1.05689877454,3.54545454545,0.499047619048,0.4,8,0.0484848484848,0.255555555556,11,11,11,1,0,0.0909090909091,0.636363636364,0.272727272727,11,0.163636363636,3.12012987013,3.27272727273,1.8,2.25,1.42062726223,0.434080552347,0.227272727273,1.0269106361,0.627556499842,0.30303030303,1.62927758671,0.995669636321,0.505050505051,1.15288820184,0.369500068851,3.85714285714,3.12012987013,1.15288820184,3.85714285714,0.48,0.333333333333,5,0.030303030303,0.212592592593,11,11,11,1,0,0.0909090909091,0.636363636364,0.272727272727,11,19,0.172727272727,3.0847107438,3.45454545455,1.9,2.375,1.50755672289,0.436397998731,0.234449760766,1.1037127426,0.638991587822,0.325358851675,1.7372915179,1.00580035247,0.516746411483,1.09771037579,0.355855205548,3.63636363636,3.0847107438,1.09771037579,3.63636363636,0.466666666667,0.352941176471,6,0.0363636363636,0.23,11,11,11,1,0,0.0909090909091,0.636363636364,0.272727272727,-1,-0.00909090909091,0.0413223140496,-0.181818181818,-0.1,-0.125,-0.18198328982,-0.0282255047641,-0.011004784689,-0.0640356736404,-0.0032700411111,-0.011004784689,-0.202717854144,-0.0612048021559,-0.0196172248804,0.0408116012549,0.00857821513672,0.0909090909091,0.0413223140496,0.0408116012549,0.0909090909091,-0.032380952381,-0.0470588235294,-2,-0.0121212121212,-0.0255555555556,0,0,0,19,0,1,90,0.95,1,0,0.05,1,0.95,0.974358974359,0.969309258988,0.95,0.95,1,2,0,0,0,0
3606,WLNM_dir_neg,0.5,0.133333333333,00:00:00,10,90,1,1179281650,threshold_sweep,0.6,1,0.5,0.666666666667,1,0,1,4,0.5,1,0,0.5,1,0.5,0.666666666667,0.833333333333,0.611111111111,0.571428571429,0.632455532034,0.5,20,18,2,0,20,0,18,0,2,11,20,0.181818181818,3.04338842975,3.63636363636,2,2.5,1.68954001271,0.464623503495,0.245454545455,1.16774841624,0.642261628933,0.336363636364,1.94000937205,1.06700515463,0.536363636364,1.05689877454,0.347276990411,3.54545454545,3.04338842975,1.05689877454,3.54545454545,0.499047619048,0.4,8,0.0484848484848,0.255555555556,11,11,11,1,0,0.0909090909091,0.636363636364,0.272727272727,11,0.163636363636,3.12012987013,3.27272727273,1.8,2.25,1.42062726223,0.434080552347,0.227272727273,1.0269106361,0.627556499842,0.30303030303,1.62927758671,0.995669636321,0.505050505051,1.15288820184,0.369500068851,3.85714285714,3.12012987013,1.15288820184,3.85714285714,0.48,0.333333333333,5,0.030303030303,0.212592592593,11,11,11,1,0,0.0909090909091,0.636363636364,0.272727272727,11,19,0.172727272727,3.0847107438,3.45454545455,1.9,2.375,1.50755672289,0.436397998731,0.234449760766,1.1037127426,0.638991587822,0.325358851675,1.7372915179,1.00580035247,0.516746411483,1.09771037579,0.355855205548,3.63636363636,3.0847107438,1.09771037579,3.63636363636,0.466666666667,0.352941176471,6,0.0363636363636,0.23,11,11,11,1,0,0.0909090909091,0.636363636364,0.272727272727,-1,-0.00909090909091,0.0413223140496,-0.181818181818,-0.1,-0.125,-0.18198328982,-0.0282255047641,-0.011004784689,-0.0640356736404,-0.0032700411111,-0.011004784689,-0.202717854144,-0.0612048021559,-0.0196172248804,0.0408116012549,0.00857821513672,0.0909090909091,0.0413223140496,0.0408116012549,0.0909090909091,-0.032380952381,-0.0470588235294,-2,-0.0121212121212,-0.0255555555556,0,0,0,19,0,1,90,0.95,1,0,0.05,1,0.95,0.974358974359,0.969309258988,0.95,0.95,1,2,0,0,0,0
3607,WLNM_dir_neg,0.5,0.133333333333,00:00:00,10,90,1,1179281650,threshold_sweep,0.7,1,0.5,0.666666666667,1,0,1,4,0.5,1,0,0.5,1,0.5,0.666666666667,0.833333333333,0.611111111111,0.571428571429,0.632455532034,0.5,20,18,2,0,20,0,18,0,2,11,20,0.181818181818,3.04338842975,3.63636363636,2,2.5,1.68954001271,0.464623503495,0.245454545455,1.16774841624,0.642261628933,0.336363636364,1.94000937205,1.06700515463,0.536363636364,1.05689877454,0.347276990411,3.54545454545,3.04338842975,1.05689877454,3.54545454545,0.499047619048,0.4,8,0.0484848484848,0.255555555556,11,11,11,1,0,0.0909090909091,0.636363636364,0.272727272727,11,0.163636363636,3.12012987013,3.27272727273,1.8,2.25,1.42062726223,0.434080552347,0.227272727273,1.0269106361,0.627556499842,0.30303030303,1.62927758671,0.995669636321,0.505050505051,1.15288820184,0.369500068851,3.85714285714,3.12012987013,1.15288820184,3.85714285714,0.48,0.333333333333,5,0.030303030303,0.212592592593,11,11,11,1,0,0.0909090909091,0.636363636364,0.272727272727,11,19,0.172727272727,3.0847107438,3.45454545455,1.9,2.375,1.50755672289,0.436397998731,0.234449760766,1.1037127426,0.638991587822,0.325358851675,1.7372915179,1.00580035247,0.516746411483,1.09771037579,0.355855205548,3.63636363636,3.0847107438,1.09771037579,3.63636363636,0.466666666667,0.352941176471,6,0.0363636363636,0.23,11,11,11,1,0,0.0909090909091,0.636363636364,0.272727272727,-1,-0.00909090909091,0.0413223140496,-0.181818181818,-0.1,-0.125,-0.18198328982,-0.0282255047641,-0.011004784689,-0.0640356736404,-0.0032700411111,-0.011004784689,-0.202717854144,-0.0612048021559,-0.0196172248804,0.0408116012549,0.00857821513672,0.0909090909091,0.0413223140496,0.0408116012549,0.0909090909091,-0.032380952381,-0.0470588235294,-2,-0.0121212121212,-0.0255555555556,0,0,0,19,0,1,90,0.95,1,0,0.05,1,0.95,0.974358974359,0.969309258988,0.95,0.95,1,2,0,0,0,0
3608,WLNM_dir_neg,0.5,0.133333333333,00:00:00,10,90,1,1179281650,threshold_sweep,0.8,1,0.5,0.666666666667,1,0,1,4,0.5,1,0,0.5,1,0.5,0.666666666667,0.833333333333,0.611111111111,0.571428571429,0.632455532034,0.5,20,18,2,0,20,0,18,0,2,11,20,0.181818181818,3.04338842975,3.63636363636,2,2.5,1.68954001271,0.464623503495,0.245454545455,1.16774841624,0.642261628933,0.336363636364,1.94000937205,1.06700515463,0.536363636364,1.05689877454,0.347276990411,3.54545454545,3.04338842975,1.05689877454,3.54545454545,0.499047619048,0.4,8,0.0484848484848,0.255555555556,11,11,11,1,0,0.0909090909091,0.636363636364,0.272727272727,11,0.163636363636,3.12012987013,3.27272727273,1.8,2.25,1.42062726223,0.434080552347,0.227272727273,1.0269106361,0.627556499842,0.30303030303,1.62927758671,0.995669636321,0.505050505051,1.15288820184,0.369500068851,3.85714285714,3.12012987013,1.15288820184,3.85714285714,0.48,0.333333333333,5,0.030303030303,0.212592592593,11,11,11,1,0,0.0909090909091,0.636363636364,0.272727272727,11,19,0.172727272727,3.0847107438,3.45454545455,1.9,2.375,1.50755672289,0.436397998731,0.234449760766,1.1037127426,0.638991587822,0.325358851675,1.7372915179,1.00580035247,0.516746411483,1.09771037579,0.355855205548,3.63636363636,3.0847107438,1.09771037579,3.63636363636,0.466666666667,0.352941176471,6,0.0363636363636,0.23,11,11,11,1,0,0.0909090909091,0.636363636364,0.272727272727,-1,-0.00909090909091,0.0413223140496,-0.181818181818,-0.1,-0.125,-0.18198328982,-0.0282255047641,-0.011004784689,-0.0640356736404,-0.0032700411111,-0.011004784689,-0.202717854144,-0.0612048021559,-0.0196172248804,0.0408116012549,0.00857821513672,0.0909090909091,0.0413223140496,0.0408116012549,0.0909090909091,-0.032380952381,-0.0470588235294,-2,-0.0121212121212,-0.0255555555556,0,0,0,19,0,1,90,0.95,1,0,0.05,1,0.95,0.974358974359,0.969309258988,0.95,0.95,1,2,0,0,0,0
3609,WLNM_dir_neg,0.5,0.133333333333,00:00:00,10,90,1,1179281650,threshold_sweep,0.9,1,0.5,0.666666666667,1,0,1,4,0.5,1,0,0.5,1,0.5,0.666666666667,0.833333333333,0.611111111111,0.571428571429,0.632455532034,0.5,20,18,2,0,20,0,18,0,2,11,20,0.181818181818,3.04338842975,3.63636363636,2,2.5,1.68954001271,0.464623503495,0.245454545455,1.16774841624,0.642261628933,0.336363636364,1.94000937205,1.06700515463,0.536363636364,1.05689877454,0.347276990411,3.54545454545,3.04338842975,1.05689877454,3.54545454545,0.499047619048,0.4,8,0.0484848484848,0.255555555556,11,11,11,1,0,0.0909090909091,0.636363636364,0.272727272727,11,0.163636363636,3.12012987013,3.27272727273,1.8,2.25,1.42062726223,0.434080552347,0.227272727273,1.0269106361,0.627556499842,0.30303030303,1.62927758671,0.995669636321,0.505050505051,1.15288820184,0.369500068851,3.85714285714,3.12012987013,1.15288820184,3.85714285714,0.48,0.333333333333,5,0.030303030303,0.212592592593,11,11,11,1,0,0.0909090909091,0.636363636364,0.272727272727,11,19,0.172727272727,3.0847107438,3.45454545455,1.9,2.375,1.50755672289,0.436397998731,0.234449760766,1.1037127426,0.638991587822,0.325358851675,1.7372915179,1.00580035247,0.516746411483,1.09771037579,0.355855205548,3.63636363636,3.0847107438,1.09771037579,3.63636363636,0.466666666667,0.352941176471,6,0.0363636363636,0.23,11,11,11,1,0,0.0909090909091,0.636363636364,0.272727272727,-1,-0.00909090909091,0.0413223140496,-0.181818181818,-0.1,-0.125,-0.18198328982,-0.0282255047641,-0.011004784689,-0.0640356736404,-0.0032700411111,-0.011004784689,-0.202717854144,-0.0612048021559,-0.0196172248804,0.0408116012549,0.00857821513672,0.0909090909091,0.0413223140496,0.0408116012549,0.0909090909091,-0.032380952381,-0.0470588235294,-2,-0.0121212121212,-0.0255555555556,0,0,0,19,0,1,90,0.95,1,0,0.05,1,0.95,0.974358974359,0.969309258988,0.95,0.95,1,2,0,0,0,0
3610,WLNM_dir_neg,0.25,0.216666666667,00:00:00,10,90,2,1179281651,threshold_sweep,0.1,0,0,0,0,0,2,4,0,1,0,1,0,0,0,0.666666666667,0.666666666667,0,0,0,20,18,2,0,20,0,18,0,2,11,20,0.181818181818,3.04338842975,3.63636363636,2,2.5,1.68954001271,0.464623503495,0.245454545455,1.16774841624,0.642261628933,0.336363636364,1.94000937205,1.06700515463,0.536363636364,1.05689877454,0.347276990411,3.54545454545,3.04338842975,1.05689877454,3.54545454545,0.499047619048,0.4,8,0.0484848484848,0.255555555556,11,11,11,1,0,0.0909090909091,0.636363636364,0.272727272727,11,0.163636363636,3.11363636364,3.27272727273,1.8,2.25,1.42062726223,0.434080552347,0.227272727273,0.924416277737,0.564921058617,0.292929292929,1.68954001271,1.03249667443,0.525252525253,1.14353419474,0.367266456706,3.875,3.11363636364,1.14353419474,3.875,0.366666666667,0.266666666667,4,0.0242424242424,0.221111111111,11,11,11,1,0,0.0909090909091,0.636363636364,0.272727272727,11,18,0.163636363636,3.11363636364,3.27272727273,1.8,2.25,1.42062726223,0.434080552347,0.227272727273,0.924416277737,0.564921058617,0.292929292929,1.68954001271,1.03249667443,0.525252525253,1.14353419474,0.367266456706,3.875,3.11363636364,1.14353419474,3.875,0.366666666667,0.266666666667,4,0.0242424242424,0.221111111111,11,11,11,1,0,0.0909090909091,0.636363636364,0.272727272727,-2,-0.0181818181818,0.0702479338843,-0.363636363636,-0.2,-0.25,-0.268912750482,-0.030542951148,-0.0181818181818,-0.243332138505,-0.0773405703161,-0.0434343434343,-0.250469359339,-0.0345084801933,-0.0111111111111,0.0866354202056,0.0199894662943,0.329545454545,0.0702479338843,0.0866354202056,0.329545454545,-0.132380952381,-0.133333333333,-4,-0.0242424242424,-0.0344444444444,0,0,0,18,0,2,90,0.9,1,0,0.1,1,0.9,0.947368421053,0.938314863257,0.9,0.9,0,2,0,0,0,0
3611,WLNM_dir_neg,0.25,0.216666666667,00:00:00,10,90,2,1179281651,threshold_sweep,0.2,0,0,0,0,0,2,4,0,1,0,1,0,0,0,0.666666666667,0.666666666667,0,0,0,20,18,2,0,20,0,18,0,2,11,20,0.181818181818,3.04338842975,3.63636363636,2,2.5,1.68954001271,0.464623503495,0.245454545455,1.16774841624,0.642261628933,0.336363636364,1.94000937205,1.06700515463,0.536363636364,1.05689877454,0.347276990411,3.54545454545,3.04338842975,1.05689877454,3.54545454545,0.499047619048,0.4,8,0.0484848484848,0.255555555556,11,11,11,1,0,0.0909090909091,0.636363636364,0.272727272727,11,0.163636363636,3.11363636364,3.27272727273,1.8,2.25,1.42062726223,0.434080552347,0.227272727273,0.924416277737,0.564921058617,0.292929292929,1.68954001271,1.03249667443,0.525252525253,1.14353419474,0.367266456706,3.875,3.11363636364,1.14353419474,3.875,0.366666666667,0.266666666667,4,0.0242424242424,0.221111111111,11,11,11,1,0,0.0909090909091,0.636363636364,0.272727272727,11,18,0.163636363636,3.11363636364,3.27272727273,1.8,2.25,1.42062726223,0.434080552347,0.227272727273,0.924416277737,0.564921058617,0.292929292929,1.68954001271,1.03249667443,0.525252525253,1.14353419474,0.367266456706,3.875,3.11363636364,1.14353419474,3.875,0.366666666667,0.266666666667,4,0.0242424242424,0.221111111111,11,11,11,1,0,0.0909090909091,0.636363636364,0.272727272727,-2,-0.0181818181818,0.0702479338843,-0.363636363636,-0.2,-0.25,-0.268912750482,-0.030542951148,-0.0181818181818,-0.243332138505,-0.0773405703161,-0.0434343434343,-0.250469359339,-0.0345084801933,-0.0111111111111,0.0866354202056,0.0199894662943,0.329545454545,0.0702479338843,0.0866354202056,0.329545454545,-0.132380952381,-0.133333333333,-4,-0.0242424242424,-0.0344444444444,0,0,0,18,0,2,90,0.9,1,0,0.1,1,0.9,0.947368421053,0.938314863257,0.9,0.9,0,2,0,0,0,0
3612,WLNM_dir_neg,0.25,0.216666666667,00:00:00,10,90,2,1179281651,threshold_sweep,0.3,0,0,0,0,0,2,4,0,1,0,1,0,0,0,0.666666666667,0.666666666667,0,0,0,20,18,2,0,20,0,18,0,2,11,20,0.181818181818,3.04338842975,3.63636363636,2,2.5,1.68954001271,0.464623503495,0.245454545455,1.16774841624,0.642261628933,0.336363636364,1.94000937205,1.06700515463,0.536363636364,1.05689877454,0.347276990411,3.54545454545,3.04338842975,1.05689877454,3.54545454545,0.499047619048,0.4,8,0.0484848484848,0.255555555556,11,11,11,1,0,0.0909090909091,0.636363636364,0.272727272727,11,0.163636363636,3.11363636364,3.27272727273,1.8,2.25,1.42062726223,0.434080552347,0.227272727273,0.924416277737,0.564921058617,0.292929292929,1.68954001271,1.03249667443,0.525252525253,1.14353419474,0.367266456706,3.875,3.11363636364,1.14353419474,3.875,0.366666666667,0.266666666667,4,0.0242424242424,0.221111111111,11,11,11,1,0,0.0909090909091,0.636363636364,0.272727272727,11,18,0.163636363636,3.11363636364,3.27272727273,1.8,2.25,1.42062726223,0.434080552347,0.227272727273,0.924416277737,0.564921058617,0.292929292929,1.68954001271,1.03249667443,0.525252525253,1.14353419474,0.367266456706,3.875,3.11363636364,1.14353419474,3.875,0.366666666667,0.266666666667,4,0.0242424242424,0.221111111111,11,11,11,1,0,0.0909090909091,0.636363636364,0.272727272727,-2,-0.0181818181818,0.0702479338843,-0.363636363636,-0.2,-0.25,-0.268912750482,-0.030542951148,-0.0181818181818,-0.243332138505,-0.0773405703161,-0.0434343434343,-0.250469359339,-0.0345084801933,-0.0111111111111,0.0866354202056,0.0199894662943,0.329545454545,0.0702479338843,0.0866354202056,0.329545454545,-0.132380952381,-0.133333333333,-4,-0.0242424242424,-0.0344444444444,0,0,0,18,0,2,90,0.9,1,0,0.1,1,0.9,0.947368421053,0.938314863257,0.9,0.9,0,2,0,0,0,0
3613,WLNM_dir_neg,0.25,0.216666666667,00:00:00,10,90,2,1179281651,threshold_sweep,0.4,0,0,0,0,0,2,4,0,1,0,1,0,0,0,0.666666666667,0.666666666667,0,0,0,20,18,2,0,20,0,18,0,2,11,20,0.181818181818,3.04338842975,3.63636363636,2,2.5,1.68954001271,0.464623503495,0.245454545455,1.16774841624,0.642261628933,0.336363636364,1.94000937205,1.06700515463,0.536363636364,1.05689877454,0.347276990411,3.54545454545,3.04338842975,1.05689877454,3.54545454545,0.499047619048,0.4,8,0.0484848484848,0.255555555556,11,11,11,1,0,0.0909090909091,0.636363636364,0.272727272727,11,0.163636363636,3.11363636364,3.27272727273,1.8,2.25,1.42062726223,0.434080552347,0.227272727273,0.924416277737,0.564921058617,0.292929292929,1.68954001271,1.03249667443,0.525252525253,1.14353419474,0.367266456706,3.875,3.11363636364,1.14353419474,3.875,0.366666666667,0.266666666667,4,0.0242424242424,0.221111111111,11,11,11,1,0,0.0909090909091,0.636363636364,0.272727272727,11,18,0.163636363636,3.11363636364,3.27272727273,1.8,2.25,1.42062726223,0.434080552347,0.227272727273,0.924416277737,0.564921058617,0.292929292929,1.68954001271,1.03249667443,0.525252525253,1.14353419474,0.367266456706,3.875,3.11363636364,1.14353419474,3.875,0.366666666667,0.266666666667,4,0.0242424242424,0.221111111111,11,11,11,1,0,0.0909090909091,0.636363636364,0.272727272727,-2,-0.0181818181818,0.0702479338843,-0.363636363636,-0.2,-0.25,-0.268912750482,-0.030542951148,-0.0181818181818,-0.243332138505,-0.0773405703161,-0.0434343434343,-0.250469359339,-0.0345084801933,-0.0111111111111,0.0866354202056,0.0199894662943,0.329545454545,0.0702479338843,0.0866354202056,0.329545454545,-0.132380952381,-0.133333333333,-4,-0.0242424242424,-0.0344444444444,0,0,0,18,0,2,90,0.9,1,0,0.1,1,0.9,0.947368421053,0.938314863257,0.9,0.9,0,2,0,0,0,0
3614,WLNM_dir_neg,0.25,0.216666666667,00:00:00,10,90,2,1179281651,threshold_sweep,0.5,0,0,0,0,0,2,4,0,1,0,1,0,0,0,0.666666666667,0.666666666667,0,0,0,20,18,2,0,20,0,18,0,2,11,20,0.181818181818,3.04338842975,3.63636363636,2,2.5,1.68954001271,0.464623503495,0.245454545455,1.16774841624,0.642261628933,0.336363636364,1.94000937205,1.06700515463,0.536363636364,1.05689877454,0.347276990411,3.54545454545,3.04338842975,1.05689877454,3.54545454545,0.499047619048,0.4,8,0.0484848484848,0.255555555556,11,11,11,1,0,0.0909090909091,0.636363636364,0.272727272727,11,0.163636363636,3.11363636364,3.27272727273,1.8,2.25,1.42062726223,0.434080552347,0.227272727273,0.924416277737,0.564921058617,0.292929292929,1.68954001271,1.03249667443,0.525252525253,1.14353419474,0.367266456706,3.875,3.11363636364,1.14353419474,3.875,0.366666666667,0.266666666667,4,0.0242424242424,0.221111111111,11,11,11,1,0,0.0909090909091,0.636363636364,0.272727272727,11,18,0.163636363636,3.11363636364,3.27272727273,1.8,2.25,1.42062726223,0.434080552347,0.227272727273,0.924416277737,0.564921058617,0.292929292929,1.68954001271,1.03249667443,0.525252525253,1.14353419474,0.367266456706,3.875,3.11363636364,1.14353419474,3.875,0.366666666667,0.266666666667,4,0.0242424242424,0.221111111111,11,11,11,1,0,0.0909090909091,0.636363636364,0.272727272727,-2,-0.0181818181818,0.0702479338843,-0.363636363636,-0.2,-0.25,-0.268912750482,-0.030542951148,-0.0181818181818,-0.243332138505,-0.0773405703161,-0.0434343434343,-0.250469359339,-0.0345084801933,-0.0111111111111,0.0866354202056,0.0199894662943,0.329545454545,0.0702479338843,0.0866354202056,0.329545454545,-0.132380952381,-0.133333333333,-4,-0.0242424242424,-0.0344444444444,0,0,0,18,0,2,90,0.9,1,0,0.1,1,0.9,0.947368421053,0.938314863257,0.9,0.9,0,2,0,0,0,0
3615,WLNM_dir_neg,0.25,0.216666666667,00:00:00,10,90,2,1179281651,threshold_sweep,0.6,0,0,0,0,0,2,4,0,1,0,1,0,0,0,0.666666666667,0.666666666667,0,0,0,20,18,2,0,20,0,18,0,2,11,20,0.181818181818,3.04338842975,3.63636363636,2,2.5,1.68954001271,0.464623503495,0.245454545455,1.16774841624,0.642261628933,0.336363636364,1.94000937205,1.06700515463,0.536363636364,1.05689877454,0.347276990411,3.54545454545,3.04338842975,1.05689877454,3.54545454545,0.499047619048,0.4,8,0.0484848484848,0.255555555556,11,11,11,1,0,0.0909090909091,0.636363636364,0.272727272727,11,0.163636363636,3.11363636364,3.27272727273,1.8,2.25,1.42062726223,0.434080552347,0.227272727273,0.924416277737,0.564921058617,0.292929292929,1.68954001271,1.03249667443,0.525252525253,1.14353419474,0.367266456706,3.875,3.11363636364,1.14353419474,3.875,0.366666666667,0.266666666667,4,0.0242424242424,0.221111111111,11,11,11,1,0,0.0909090909091,0.636363636364,0.272727272727,11,18,0.163636363636,3.11363636364,3.27272727273,1.8,2.25,1.42062726223,0.434080552347,0.227272727273,0.924416277737,0.564921058617,0.292929292929,1.68954001271,1.03249667443,0.525252525253,1.14353419474,0.367266456706,3.875,3.11363636364,1.14353419474,3.875,0.366666666667,0.266666666667,4,0.0242424242424,0.221111111111,11,11,11,1,0,0.0909090909091,0.636363636364,0.272727272727,-2,-0.0181818181818,0.0702479338843,-0.363636363636,-0.2,-0.25,-0.268912750482,-0.030542951148,-0.0181818181818,-0.243332138505,-0.0773405703161,-0.0434343434343,-0.250469359339,-0.0345084801933,-0.0111111111111,0.0866354202056,0.0199894662943,0.329545454545,0.0702479338843,0.0866354202056,0.329545454545,-0.132380952381,-0.133333333333,-4,-0.0242424242424,-0.0344444444444,0,0,0,18,0,2,90,0.9,1,0,0.1,1,0.9,0.947368421053,0.938314863257,0.9,0.9,0,2,0,0,0,0
3616,WLNM_dir_neg,0.25,0.216666666667,00:00:00,10,90,2,1179281651,threshold_sweep,0.7,0,0,0,0,0,2,4,0,1,0,1,0,0,0,0.666666666667,0.666666666667,0,0,0,20,18,2,0,20,0,18,0,2,11,20,0.181818181818,3.04338842975,3.63636363636,2,2.5,1.68954001271,0.464623503495,0.245454545455,1.16774841624,0.642261628933,0.336363636364,1.94000937205,1.06700515463,0.536363636364,1.05689877454,0.347276990411,3.54545454545,3.04338842975,1.05689877454,3.54545454545,0.499047619048,0.4,8,0.0484848484848,0.255555555556,11,11,11,1,0,0.0909090909091,0.636363636364,0.272727272727,11,0.163636363636,3.11363636364,3.27272727273,1.8,2.25,1.42062726223,0.434080552347,0.227272727273,0.924416277737,0.564921058617,0.292929292929,1.68954001271,1.03249667443,0.525252525253,1.14353419474,0.367266456706,3.875,3.11363636364,1.14353419474,3.875,0.366666666667,0.266666666667,4,0.0242424242424,0.221111111111,11,11,11,1,0,0.0909090909091,0.636363636364,0.272727272727,11,18,0.163636363636,3.11363636364,3.27272727273,1.8,2.25,1.42062726223,0.434080552347,0.227272727273,0.924416277737,0.564921058617,0.292929292929,1.68954001271,1.03249667443,0.525252525253,1.14353419474,0.367266456706,3.875,3.11363636364,1.14353419474,3.875,0.366666666667,0.266666666667,4,0.0242424242424,0.221111111111,11,11,11,1,0,0.0909090909091,0.636363636364,0.272727272727,-2,-0.0181818181818,0.0702479338843,-0.363636363636,-0.2,-0.25,-0.268912750482,-0.030542951148,-0.0181818181818,-0.243332138505,-0.0773405703161,-0.0434343434343,-0.250469359339,-0.0345084801933,-0.0111111111111,0.0866354202056,0.0199894662943,0.329545454545,0.0702479338843,0.0866354202056,0.329545454545,-0.132380952381,-0.133333333333,-4,-0.0242424242424,-0.0344444444444,0,0,0,18,0,2,90,0.9,1,0,0.1,1,0.9,0.947368421053,0.938314863257,0.9,0.9,0,2,0,0,0,0
3617,WLNM_dir_neg,0.25,0.216666666667,00:00:00,10,90,2,1179281651,threshold_sweep,0.8,0,0,0,0,0,2,4,0,1,0,1,0,0,0,0.666666666667,0.666666666667,0,0,0,20,18,2,0,20,0,18,0,2,11,20,0.181818181818,3.04338842975,3.63636363636,2,2.5,1.68954001271,0.464623503495,0.245454545455,1.16774841624,0.642261628933,0.336363636364,1.94000937205,1.06700515463,0.536363636364,1.05689877454,0.347276990411,3.54545454545,3.04338842975,1.05689877454,3.54545454545,0.499047619048,0.4,8,0.0484848484848,0.255555555556,11,11,11,1,0,0.0909090909091,0.636363636364,0.272727272727,11,0.163636363636,3.11363636364,3.27272727273,1.8,2.25,1.42062726223,0.434080552347,0.227272727273,0.924416277737,0.564921058617,0.292929292929,1.68954001271,1.03249667443,0.525252525253,1.14353419474,0.367266456706,3.875,3.11363636364,1.14353419474,3.875,0.366666666667,0.266666666667,4,0.0242424242424,0.221111111111,11,11,11,1,0,0.0909090909091,0.636363636364,0.272727272727,11,18,0.163636363636,3.11363636364,3.27272727273,1.8,2.25,1.42062726223,0.434080552347,0.227272727273,0.924416277737,0.564921058617,0.292929292929,1.68954001271,1.03249667443,0.525252525253,1.14353419474,0.367266456706,3.875,3.11363636364,1.14353419474,3.875,0.366666666667,0.266666666667,4,0.0242424242424,0.221111111111,11,11,11,1,0,0.0909090909091,0.636363636364,0.272727272727,-2,-0.0181818181818,0.0702479338843,-0.363636363636,-0.2,-0.25,-0.268912750482,-0.030542951148,-0.0181818181818,-0.243332138505,-0.0773405703161,-0.0434343434343,-0.250469359339,-0.0345084801933,-0.0111111111111,0.0866354202056,0.0199894662943,0.329545454545,0.0702479338843,0.0866354202056,0.329545454545,-0.132380952381,-0.133333333333,-4,-0.0242424242424,-0.0344444444444,0,0,0,18,0,2,90,0.9,1,0,0.1,1,0.9,0.947368421053,0.938314863257,0.9,0.9,0,2,0,0,0,0
3618,WLNM_dir_neg,0.25,0.216666666667,00:00:00,10,90,2,1179281651,threshold_sweep,0.9,0,0,0,0,0,2,4,0,1,0,1,0,0,0,0.666666666667,0.666666666667,0,0,0,20,18,2,0,20,0,18,0,2,11,20,0.181818181818,3.04338842975,3.63636363636,2,2.5,1.68954001271,0.464623503495,0.245454545455,1.16774841624,0.642261628933,0.336363636364,1.94000937205,1.06700515463,0.536363636364,1.05689877454,0.347276990411,3.54545454545,3.04338842975,1.05689877454,3.54545454545,0.499047619048,0.4,8,0.0484848484848,0.255555555556,11,11,11,1,0,0.0909090909091,0.636363636364,0.272727272727,11,0.163636363636,3.11363636364,3.27272727273,1.8,2.25,1.42062726223,0.434080552347,0.227272727273,0.924416277737,0.564921058617,0.292929292929,1.68954001271,1.03249667443,0.525252525253,1.14353419474,0.367266456706,3.875,3.11363636364,1.14353419474,3.875,0.366666666667,0.266666666667,4,0.0242424242424,0.221111111111,11,11,11,1,0,0.0909090909091,0.636363636364,0.272727272727,11,18,0.163636363636,3.11363636364,3.27272727273,1.8,2.25,1.42062726223,0.434080552347,0.227272727273,0.924416277737,0.564921058617,0.292929292929,1.68954001271,1.03249667443,0.525252525253,1.14353419474,0.367266456706,3.875,3.11363636364,1.14353419474,3.875,0.366666666667,0.266666666667,4,0.0242424242424,0.221111111111,11,11,11,1,0,0.0909090909091,0.636363636364,0.272727272727,-2,-0.0181818181818,0.0702479338843,-0.363636363636,-0.2,-0.25,-0.268912750482,-0.030542951148,-0.0181818181818,-0.243332138505,-0.0773405703161,-0.0434343434343,-0.250469359339,-0.0345084801933,-0.0111111111111,0.0866354202056,0.0199894662943,0.329545454545,0.0702479338843,0.0866354202056,0.329545454545,-0.132380952381,-0.133333333333,-4,-0.0242424242424,-0.0344444444444,0,0,0,18,0,2,90,0.9,1,0,0.1,1,0.9,0.947368421053,0.938314863257,0.9,0.9,0,2,0,0,0,0
3619,WLNM_dir_neg,0.25,0.216666666667,00:00:00,10,90,3,1179281652,threshold_sweep,0.1,0,0,0,0,1,2,3,0,0.75,0.25,1,0,0,0,0.5,0.611111111111,-0.285714285714,-0.316227766017,-0.25,20,18,2,0,20,0,18,0,2,11,20,0.181818181818,3.04338842975,3.63636363636,2,2.5,1.68954001271,0.464623503495,0.245454545455,1.16774841624,0.642261628933,0.336363636364,1.94000937205,1.06700515463,0.536363636364,1.05689877454,0.347276990411,3.54545454545,3.04338842975,1.05689877454,3.54545454545,0.499047619048,0.4,8,0.0484848484848,0.255555555556,11,11,11,1,0,0.0909090909091,0.636363636364,0.272727272727,11,0.163636363636,3.11363636364,3.27272727273,1.8,2.25,1.42062726223,0.434080552347,0.227272727273,0.924416277737,0.564921058617,0.292929292929,1.68954001271,1.03249667443,0.525252525253,1.14353419474,0.367266456706,3.875,3.11363636364,1.14353419474,3.875,0.366666666667,0.266666666667,4,0.0242424242424,0.221111111111,11,11,11,1,0,0.0909090909091,0.636363636364,0.272727272727,11,19,0.172727272727,3.17803030303,3.45454545455,1.9,2.375,1.43969693781,0.416754376733,0.215311004785,1.00904995822,0.584186817916,0.306220095694,1.67874411933,0.971904490138,0.507177033493,1.20143012424,0.378042375208,3.875,3.17803030303,1.20143012424,3.875,0.393333333333,0.3,5,0.030303030303,0.223703703704,11,11,11,1,0,0.0909090909091,0.636363636364,0.272727272727,-1,-0.00909090909091,0.134641873278,-0.181818181818,-0.1,-0.125,-0.249843074903,-0.0478691267618,-0.0301435406699,-0.158698458023,-0.058074811017,-0.0301435406699,-0.26126525272,-0.0951006644889,-0.0291866028708,0.144531349704,0.0307653847969,0.329545454545,0.134641873278,0.144531349704,0.329545454545,-0.105714285714,-0.1,-3,-0.0181818181818,-0.0318518518519,0,0,0,18,1,2,89,0.9,0.988888888889,0.0111111111111,0.1,0.947368421053,0.9,0.923076923077,0.906956031802,0.888888888889,0.857142857143,1,2,0,0,0,0
3620,WLNM_dir_neg,0.25,0.216666666667,00:00:00,10,90,3,1179281652,threshold_sweep,0.2,0,0,0,0,1,2,3,0,0.75,0.25,1,0,0,0,0.5,0.611111111111,-0.285714285714,-0.316227766017,-0.25,20,18,2,0,20,0,18,0,2,11,20,0.181818181818,3.04338842975,3.63636363636,2,2.5,1.68954001271,0.464623503495,0.245454545455,1.16774841624,0.642261628933,0.336363636364,1.94000937205,1.06700515463,0.536363636364,1.05689877454,0.347276990411,3.54545454545,3.04338842975,1.05689877454,3.54545454545,0.499047619048,0.4,8,0.0484848484848,0.255555555556,11,11,11,1,0,0.0909090909091,0.636363636364,0.272727272727,11,0.163636363636,3.11363636364,3.27272727273,1.8,2.25,1.42062726223,0.434080552347,0.227272727273,0.924416277737,0.564921058617,0.292929292929,1.68954001271,1.03249667443,0.525252525253,1.14353419474,0.367266456706,3.875,3.11363636364,1.14353419474,3.875,0.366666666667,0.266666666667,4,0.0242424242424,0.221111111111,11,11,11,1,0,0.0909090909091,0.636363636364,0.272727272727,11,19,0.172727272727,3.17803030303,3.45454545455,1.9,2.375,1.43969693781,0.416754376733,0.215311004785,1.00904995822,0.584186817916,0.306220095694,1.67874411933,0.971904490138,0.507177033493,1.20143012424,0.378042375208,3.875,3.17803030303,1.20143012424,3.875,0.393333333333,0.3,5,0.030303030303,0.223703703704,11,11,11,1,0,0.0909090909091,0.636363636364,0.272727272727,-1,-0.00909090909091,0.134641873278,-0.181818181818,-0.1,-0.125,-0.249843074903,-0.0478691267618,-0.0301435406699,-0.158698458023,-0.058074811017,-0.0301435406699,-0.26126525272,-0.0951006644889,-0.0291866028708,0.144531349704,0.0307653847969,0.329545454545,0.134641873278,0.144531349704,0.329545454545,-0.105714285714,-0.1,-3,-0.0181818181818,-0.0318518518519,0,0,0,18,1,2,89,0.9,0.988888888889,0.0111111111111,0.1,0.947368421053,0.9,0.923076923077,0.906956031802,0.888888888889,0.857142857143,1,2,0,0,0,0
3621,WLNM_dir_neg,0.25,0.216666666667,00:00:00,10,90,3,1179281652,threshold_sweep,0.3,0,0,0,0,1,2,3,0,0.75,0.25,1,0,0,0,0.5,0.611111111111,-0.285714285714,-0.316227766017,-0.25,20,18,2,0,20,0,18,0,2,11,20,0.181818181818,3.04338842975,3.63636363636,2,2.5,1.68954001271,0.464623503495,0.245454545455,1.16774841624,0.642261628933,0.336363636364,1.94000937205,1.06700515463,0.536363636364,1.05689877454,0.347276990411,3.54545454545,3.04338842975,1.05689877454,3.54545454545,0.499047619048,0.4,8,0.0484848484848,0.255555555556,11,11,11,1,0,0.0909090909091,0.636363636364,0.272727272727,11,0.163636363636,3.11363636364,3.27272727273,1.8,2.25,1.42062726223,0.434080552347,0.227272727273,0.924416277737,0.564921058617,0.292929292929,1.68954001271,1.03249667443,0.525252525253,1.14353419474,0.367266456706,3.875,3.11363636364,1.14353419474,3.875,0.366666666667,0.266666666667,4,0.0242424242424,0.221111111111,11,11,11,1,0,0.0909090909091,0.636363636364,0.272727272727,11,19,0.172727272727,3.17803030303,3.45454545455,1.9,2.375,1.43969693781,0.416754376733,0.215311004785,1.00904995822,0.584186817916,0.306220095694,1.67874411933,0.971904490138,0.507177033493,1.20143012424,0.378042375208,3.875,3.17803030303,1.20143012424,3.875,0.393333333333,0.3,5,0.030303030303,0.223703703704,11,11,11,1,0,0.0909090909091,0.636363636364,0.272727272727,-1,-0.00909090909091,0.134641873278,-0.181818181818,-0.1,-0.125,-0.249843074903,-0.0478691267618,-0.0301435406699,-0.158698458023,-0.058074811017,-0.0301435406699,-0.26126525272,-0.0951006644889,-0.0291866028708,0.144531349704,0.0307653847969,0.329545454545,0.134641873278,0.144531349704,0.329545454545,-0.105714285714,-0.1,-3,-0.0181818181818,-0.0318518518519,0,0,0,18,1,2,89,0.9,0.988888888889,0.0111111111111,0.1,0.947368421053,0.9,0.923076923077,0.906956031802,0.888888888889,0.857142857143,1,2,0,0,0,0
3622,WLNM_dir_neg,0.25,0.216666666667,00:00:00,10,90,3,1179281652,threshold_sweep,0.4,0,0,0,0,1,2,3,0,0.75,0.25,1,0,0,0,0.5,0.611111111111,-0.285714285714,-0.316227766017,-0.25,20,18,2,0,20,0,18,0,2,11,20,0.181818181818,3.04338842975,3.63636363636,2,2.5,1.68954001271,0.464623503495,0.245454545455,1.16774841624,0.642261628933,0.336363636364,1.94000937205,1.06700515463,0.536363636364,1.05689877454,0.347276990411,3.54545454545,3.04338842975,1.05689877454,3.54545454545,0.499047619048,0.4,8,0.0484848484848,0.255555555556,11,11,11,1,0,0.0909090909091,0.636363636364,0.272727272727,11,0.163636363636,3.11363636364,3.27272727273,1.8,2.25,1.42062726223,0.434080552347,0.227272727273,0.924416277737,0.564921058617,0.292929292929,1.68954001271,1.03249667443,0.525252525253,1.14353419474,0.367266456706,3.875,3.11363636364,1.14353419474,3.875,0.366666666667,0.266666666667,4,0.0242424242424,0.221111111111,11,11,11,1,0,0.0909090909091,0.636363636364,0.272727272727,11,19,0.172727272727,3.17803030303,3.45454545455,1.9,2.375,1.43969693781,0.416754376733,0.215311004785,1.00904995822,0.584186817916,0.306220095694,1.67874411933,0.971904490138,0.507177033493,1.20143012424,0.378042375208,3.875,3.17803030303,1.20143012424,3.875,0.393333333333,0.3,5,0.030303030303,0.223703703704,11,11,11,1,0,0.0909090909091,0.636363636364,0.272727272727,-1,-0.00909090909091,0.134641873278,-0.181818181818,-0.1,-0.125,-0.249843074903,-0.0478691267618,-0.0301435406699,-0.158698458023,-0.058074811017,-0.0301435406699,-0.26126525272,-0.0951006644889,-0.0291866028708,0.144531349704,0.0307653847969,0.329545454545,0.134641873278,0.144531349704,0.329545454545,-0.105714285714,-0.1,-3,-0.0181818181818,-0.0318518518519,0,0,0,18,1,2,89,0.9,0.988888888889,0.0111111111111,0.1,0.947368421053,0.9,0.923076923077,0.906956031802,0.888888888889,0.857142857143,1,2,0,0,0,0
3623,WLNM_dir_neg,0.25,0.216666666667,00:00:00,10,90,3,1179281652,threshold_sweep,0.5,0,0,0,0,1,2,3,0,0.75,0.25,1,0,0,0,0.5,0.611111111111,-0.285714285714,-0.316227766017,-0.25,20,18,2,0,20,0,18,0,2,11,20,0.181818181818,3.04338842975,3.63636363636,2,2.5,1.68954001271,0.464623503495,0.245454545455,1.16774841624,0.642261628933,0.336363636364,1.94000937205,1.06700515463,0.536363636364,1.05689877454,0.347276990411,3.54545454545,3.04338842975,1.05689877454,3.54545454545,0.499047619048,0.4,8,0.0484848484848,0.255555555556,11,11,11,1,0,0.0909090909091,0.636363636364,0.272727272727,11,0.163636363636,3.11363636364,3.27272727273,1.8,2.25,1.42062726223,0.434080552347,0.227272727273,0.924416277737,0.564921058617,0.292929292929,1.68954001271,1.03249667443,0.525252525253,1.14353419474,0.367266456706,3.875,3.11363636364,1.14353419474,3.875,0.366666666667,0.266666666667,4,0.0242424242424,0.221111111111,11,11,11,1,0,0.0909090909091,0.636363636364,0.272727272727,11,19,0.172727272727,3.17803030303,3.45454545455,1.9,2.375,1.43969693781,0.416754376733,0.215311004785,1.00904995822,0.584186817916,0.306220095694,1.67874411933,0.971904490138,0.507177033493,1.20143012424,0.378042375208,3.875,3.17803030303,1.20143012424,3.875,0.393333333333,0.3,5,0.030303030303,0.223703703704,11,11,11,1,0,0.0909090909091,0.636363636364,0.272727272727,-1,-0.00909090909091,0.134641873278,-0.181818181818,-0.1,-0.125,-0.249843074903,-0.0478691267618,-0.0301435406699,-0.158698458023,-0.058074811017,-0.0301435406699,-0.26126525272,-0.0951006644889,-0.0291866028708,0.144531349704,0.0307653847969,0.329545454545,0.134641873278,0.144531349704,0.329545454545,-0.105714285714,-0.1,-3,-0.0181818181818,-0.0318518518519,0,0,0,18,1,2,89,0.9,0.988888888889,0.0111111111111,0.1,0.947368421053,0.9,0.923076923077,0.906956031802,0.888888888889,0.857142857143,1,2,0,0,0,0
3624,WLNM_dir_neg,0.25,0.216666666667,00:00:00,10,90,3,1179281652,threshold_sweep,0.6,0,0,0,0,1,2,3,0,0.75,0.25,1,0,0,0,0.5,0.611111111111,-0.285714285714,-0.316227766017,-0.25,20,18,2,0,20,0,18,0,2,11,20,0.181818181818,3.04338842975,3.63636363636,2,2.5,1.68954001271,0.464623503495,0.245454545455,1.16774841624,0.642261628933,0.336363636364,1.94000937205,1.06700515463,0.536363636364,1.05689877454,0.347276990411,3.54545454545,3.04338842975,1.05689877454,3.54545454545,0.499047619048,0.4,8,0.0484848484848,0.255555555556,11,11,11,1,0,0.0909090909091,0.636363636364,0.272727272727,11,0.163636363636,3.11363636364,3.27272727273,1.8,2.25,1.42062726223,0.434080552347,0.227272727273,0.924416277737,0.564921058617,0.292929292929,1.68954001271,1.03249667443,0.525252525253,1.14353419474,0.367266456706,3.875,3.11363636364,1.14353419474,3.875,0.366666666667,0.266666666667,4,0.0242424242424,0.221111111111,11,11,11,1,0,0.0909090909091,0.636363636364,0.272727272727,11,19,0.172727272727,3.17803030303,3.45454545455,1.9,2.375,1.43969693781,0.416754376733,0.215311004785,1.00904995822,0.584186817916,0.306220095694,1.67874411933,0.971904490138,0.507177033493,1.20143012424,0.378042375208,3.875,3.17803030303,1.20143012424,3.875,0.393333333333,0.3,5,0.030303030303,0.223703703704,11,11,11,1,0,0.0909090909091,0.636363636364,0.272727272727,-1,-0.00909090909091,0.134641873278,-0.181818181818,-0.1,-0.125,-0.249843074903,-0.0478691267618,-0.0301435406699,-0.158698458023,-0.058074811017,-0.0301435406699,-0.26126525272,-0.0951006644889,-0.0291866028708,0.144531349704,0.0307653847969,0.329545454545,0.134641873278,0.144531349704,0.329545454545,-0.105714285714,-0.1,-3,-0.0181818181818,-0.0318518518519,0,0,0,18,1,2,89,0.9,0.988888888889,0.0111111111111,0.1,0.947368421053,0.9,0.923076923077,0.906956031802,0.888888888889,0.857142857143,1,2,0,0,0,0
3625,WLNM_dir_neg,0.25,0.216666666667,00:00:00,10,90,3,1179281652,threshold_sweep,0.7,0,0,0,0,1,2,3,0,0.75,0.25,1,0,0,0,0.5,0.611111111111,-0.285714285714,-0.316227766017,-0.25,20,18,2,0,20,0,18,0,2,11,20,0.181818181818,3.04338842975,3.63636363636,2,2.5,1.68954001271,0.464623503495,0.245454545455,1.16774841624,0.642261628933,0.336363636364,1.94000937205,1.06700515463,0.536363636364,1.05689877454,0.347276990411,3.54545454545,3.04338842975,1.05689877454,3.54545454545,0.499047619048,0.4,8,0.0484848484848,0.255555555556,11,11,11,1,0,0.0909090909091,0.636363636364,0.272727272727,11,0.163636363636,3.11363636364,3.27272727273,1.8,2.25,1.42062726223,0.434080552347,0.227272727273,0.924416277737,0.564921058617,0.292929292929,1.68954001271,1.03249667443,0.525252525253,1.14353419474,0.367266456706,3.875,3.11363636364,1.14353419474,3.875,0.366666666667,0.266666666667,4,0.0242424242424,0.221111111111,11,11,11,1,0,0.0909090909091,0.636363636364,0.272727272727,11,19,0.172727272727,3.17803030303,3.45454545455,1.9,2.375,1.43969693781,0.416754376733,0.215311004785,1.00904995822,0.584186817916,0.306220095694,1.67874411933,0.971904490138,0.507177033493,1.20143012424,0.378042375208,3.875,3.17803030303,1.20143012424,3.875,0.393333333333,0.3,5,0.030303030303,0.223703703704,11,11,11,1,0,0.0909090909091,0.636363636364,0.272727272727,-1,-0.00909090909091,0.134641873278,-0.181818181818,-0.1,-0.125,-0.249843074903,-0.0478691267618,-0.0301435406699,-0.158698458023,-0.058074811017,-0.0301435406699,-0.26126525272,-0.0951006644889,-0.0291866028708,0.144531349704,0.0307653847969,0.329545454545,0.134641873278,0.144531349704,0.329545454545,-0.105714285714,-0.1,-3,-0.0181818181818,-0.0318518518519,0,0,0,18,1,2,89,0.9,0.988888888889,0.0111111111111,0.1,0.947368421053,0.9,0.923076923077,0.906956031802,0.888888888889,0.857142857143,1,2,0,0,0,0
3626,WLNM_dir_neg,0.25,0.216666666667,00:00:00,10,90,3,1179281652,threshold_sweep,0.8,0,0,0,0,1,2,3,0,0.75,0.25,1,0,0,0,0.5,0.611111111111,-0.285714285714,-0.316227766017,-0.25,20,18,2,0,20,0,18,0,2,11,20,0.181818181818,3.04338842975,3.63636363636,2,2.5,1.68954001271,0.464623503495,0.245454545455,1.16774841624,0.642261628933,0.336363636364,1.94000937205,1.06700515463,0.536363636364,1.05689877454,0.347276990411,3.54545454545,3.04338842975,1.05689877454,3.54545454545,0.499047619048,0.4,8,0.0484848484848,0.255555555556,11,11,11,1,0,0.0909090909091,0.636363636364,0.272727272727,11,0.163636363636,3.11363636364,3.27272727273,1.8,2.25,1.42062726223,0.434080552347,0.227272727273,0.924416277737,0.564921058617,0.292929292929,1.68954001271,1.03249667443,0.525252525253,1.14353419474,0.367266456706,3.875,3.11363636364,1.14353419474,3.875,0.366666666667,0.266666666667,4,0.0242424242424,0.221111111111,11,11,11,1,0,0.0909090909091,0.636363636364,0.272727272727,11,19,0.172727272727,3.17803030303,3.45454545455,1.9,2.375,1.43969693781,0.416754376733,0.215311004785,1.00904995822,0.584186817916,0.306220095694,1.67874411933,0.971904490138,0.507177033493,1.20143012424,0.378042375208,3.875,3.17803030303,1.20143012424,3.875,0.393333333333,0.3,5,0.030303030303,0.223703703704,11,11,11,1,0,0.0909090909091,0.636363636364,0.272727272727,-1,-0.00909090909091,0.134641873278,-0.181818181818,-0.1,-0.125,-0.249843074903,-0.0478691267618,-0.0301435406699,-0.158698458023,-0.058074811017,-0.0301435406699,-0.26126525272,-0.0951006644889,-0.0291866028708,0.144531349704,0.0307653847969,0.329545454545,0.134641873278,0.144531349704,0.329545454545,-0.105714285714,-0.1,-3,-0.0181818181818,-0.0318518518519,0,0,0,18,1,2,89,0.9,0.988888888889,0.0111111111111,0.1,0.947368421053,0.9,0.923076923077,0.906956031802,0.888888888889,0.857142857143,1,2,0,0,0,0
3627,WLNM_dir_neg,0.25,0.216666666667,00:00:00,10,90,3,1179281652,threshold_sweep,0.9,0,0,0,0,0,2,4,0,1,0,1,0,0,0,0.666666666667,0.666666666667,0,0,0,20,18,2,0,20,0,18,0,2,11,20,0.181818181818,3.04338842975,3.63636363636,2,2.5,1.68954001271,0.464623503495,0.245454545455,1.16774841624,0.642261628933,0.336363636364,1.94000937205,1.06700515463,0.536363636364,1.05689877454,0.347276990411,3.54545454545,3.04338842975,1.05689877454,3.54545454545,0.499047619048,0.4,8,0.0484848484848,0.255555555556,11,11,11,1,0,0.0909090909091,0.636363636364,0.272727272727,11,0.163636363636,3.11363636364,3.27272727273,1.8,2.25,1.42062726223,0.434080552347,0.227272727273,0.924416277737,0.564921058617,0.292929292929,1.68954001271,1.03249667443,0.525252525253,1.14353419474,0.367266456706,3.875,3.11363636364,1.14353419474,3.875,0.366666666667,0.266666666667,4,0.0242424242424,0.221111111111,11,11,11,1,0,0.0909090909091,0.636363636364,0.272727272727,11,18,0.163636363636,3.11363636364,3.27272727273,1.8,2.25,1.42062726223,0.434080552347,0.227272727273,0.924416277737,0.564921058617,0.292929292929,1.68954001271,1.03249667443,0.525252525253,1.14353419474,0.367266456706,3.875,3.11363636364,1.14353419474,3.875,0.366666666667,0.266666666667,4,0.0242424242424,0.221111111111,11,11,11,1,0,0.0909090909091,0.636363636364,0.272727272727,-2,-0.0181818181818,0.0702479338843,-0.363636363636,-0.2,-0.25,-0.268912750482,-0.030542951148,-0.0181818181818,-0.243332138505,-0.0773405703161,-0.0434343434343,-0.250469359339,-0.0345084801933,-0.0111111111111,0.0866354202056,0.0199894662943,0.329545454545,0.0702479338843,0.0866354202056,0.329545454545,-0.132380952381,-0.133333333333,-4,-0.0242424242424,-0.0344444444444,0,0,0,18,0,2,90,0.9,1,0,0.1,1,0.9,0.947368421053,0.938314863257,0.9,0.9,0,2,0,0,0,0
3628,WLNM_dir_neg,1,0,00:00:00,10,90,4,1179281653,threshold_sweep,0.1,1,1,1,2,0,0,4,1,1,0,0,1,1,1,1,0.555555555556,1,1,1,20,18,2,0,20,0,18,0,2,11,20,0.181818181818,3.04338842975,3.63636363636,2,2.5,1.68954001271,0.464623503495,0.245454545455,1.16774841624,0.642261628933,0.336363636364,1.94000937205,1.06700515463,0.536363636364,1.05689877454,0.347276990411,3.54545454545,3.04338842975,1.05689877454,3.54545454545,0.499047619048,0.4,8,0.0484848484848,0.255555555556,11,11,11,1,0,0.0909090909091,0.636363636364,0.272727272727,11,0.163636363636,3.15702479339,3.27272727273,1.8,2.25,2.00454030096,0.612498425294,0.323232323232,1.20604537831,0.73702773119,0.363636363636,1.91168654715,1.16825288992,0.555555555556,1.04198530063,0.330052935539,3.54545454545,3.15702479339,1.04198530063,3.54545454545,0.361904761905,0.333333333333,6,0.0363636363636,0.303703703704,11,11,11,1,0,0.0909090909091,0.636363636364,0.272727272727,11,20,0.181818181818,3.04338842975,3.63636363636,2,2.5,1.68954001271,0.464623503495,0.245454545455,1.16774841624,0.642261628933,0.336363636364,1.94000937205,1.06700515463,0.536363636364,1.05689877454,0.347276990411,3.54545454545,3.04338842975,1.05689877454,3.54545454545,0.499047619048,0.4,8,0.0484848484848,0.255555555556,11,11,11,1,0,0.0909090909091,0.636363636364,0.272727272727,0,0,0,0,0,0,0,0,0,0,0,0,0,0,0,0,0,0,0,0,0,0,0,0,0,0,0,0,0,20,0,0,90,1,1,0,0,1,1,1,1,1,1,2,2,0,0,0,0
3629,WLNM_dir_neg,1,0,00:00:00,10,90,4,1179281653,threshold_sweep,0.2,1,1,1,2,0,0,4,1,1,0,0,1,1,1,1,0.555555555556,1,1,1,20,18,2,0,20,0,18,0,2,11,20,0.181818181818,3.04338842975,3.63636363636,2,2.5,1.68954001271,0.464623503495,0.245454545455,1.16774841624,0.642261628933,0.336363636364,1.94000937205,1.06700515463,0.536363636364,1.05689877454,0.347276990411,3.54545454545,3.04338842975,1.05689877454,3.54545454545,0.499047619048,0.4,8,0.0484848484848,0.255555555556,11,11,11,1,0,0.0909090909091,0.636363636364,0.272727272727,11,0.163636363636,3.15702479339,3.27272727273,1.8,2.25,2.00454030096,0.612498425294,0.323232323232,1.20604537831,0.73702773119,0.363636363636,1.91168654715,1.16825288992,0.555555555556,1.04198530063,0.330052935539,3.54545454545,3.15702479339,1.04198530063,3.54545454545,0.361904761905,0.333333333333,6,0.0363636363636,0.303703703704,11,11,11,1,0,0.0909090909091,0.636363636364,0.272727272727,11,20,0.181818181818,3.04338842975,3.63636363636,2,2.5,1.68954001271,0.464623503495,0.245454545455,1.16774841624,0.642261628933,0.336363636364,1.94000937205,1.06700515463,0.536363636364,1.05689877454,0.347276990411,3.54545454545,3.04338842975,1.05689877454,3.54545454545,0.499047619048,0.4,8,0.0484848484848,0.255555555556,11,11,11,1,0,0.0909090909091,0.636363636364,0.272727272727,0,0,0,0,0,0,0,0,0,0,0,0,0,0,0,0,0,0,0,0,0,0,0,0,0,0,0,0,0,20,0,0,90,1,1,0,0,1,1,1,1,1,1,2,2,0,0,0,0
3630,WLNM_dir_neg,1,0,00:00:00,10,90,4,1179281653,threshold_sweep,0.3,1,1,1,2,0,0,4,1,1,0,0,1,1,1,1,0.555555555556,1,1,1,20,18,2,0,20,0,18,0,2,11,20,0.181818181818,3.04338842975,3.63636363636,2,2.5,1.68954001271,0.464623503495,0.245454545455,1.16774841624,0.642261628933,0.336363636364,1.94000937205,1.06700515463,0.536363636364,1.05689877454,0.347276990411,3.54545454545,3.04338842975,1.05689877454,3.54545454545,0.499047619048,0.4,8,0.0484848484848,0.255555555556,11,11,11,1,0,0.0909090909091,0.636363636364,0.272727272727,11,0.163636363636,3.15702479339,3.27272727273,1.8,2.25,2.00454030096,0.612498425294,0.323232323232,1.20604537831,0.73702773119,0.363636363636,1.91168654715,1.16825288992,0.555555555556,1.04198530063,0.330052935539,3.54545454545,3.15702479339,1.04198530063,3.54545454545,0.361904761905,0.333333333333,6,0.0363636363636,0.303703703704,11,11,11,1,0,0.0909090909091,0.636363636364,0.272727272727,11,20,0.181818181818,3.04338842975,3.63636363636,2,2.5,1.68954001271,0.464623503495,0.245454545455,1.16774841624,0.642261628933,0.336363636364,1.94000937205,1.06700515463,0.536363636364,1.05689877454,0.347276990411,3.54545454545,3.04338842975,1.05689877454,3.54545454545,0.499047619048,0.4,8,0.0484848484848,0.255555555556,11,11,11,1,0,0.0909090909091,0.636363636364,0.272727272727,0,0,0,0,0,0,0,0,0,0,0,0,0,0,0,0,0,0,0,0,0,0,0,0,0,0,0,0,0,20,0,0,90,1,1,0,0,1,1,1,1,1,1,2,2,0,0,0,0
3631,WLNM_dir_neg,1,0,00:00:00,10,90,4,1179281653,threshold_sweep,0.4,1,1,1,2,0,0,4,1,1,0,0,1,1,1,1,0.555555555556,1,1,1,20,18,2,0,20,0,18,0,2,11,20,0.181818181818,3.04338842975,3.63636363636,2,2.5,1.68954001271,0.464623503495,0.245454545455,1.16774841624,0.642261628933,0.336363636364,1.94000937205,1.06700515463,0.536363636364,1.05689877454,0.347276990411,3.54545454545,3.04338842975,1.05689877454,3.54545454545,0.499047619048,0.4,8,0.0484848484848,0.255555555556,11,11,11,1,0,0.0909090909091,0.636363636364,0.272727272727,11,0.163636363636,3.15702479339,3.27272727273,1.8,2.25,2.00454030096,0.612498425294,0.323232323232,1.20604537831,0.73702773119,0.363636363636,1.91168654715,1.16825288992,0.555555555556,1.04198530063,0.330052935539,3.54545454545,3.15702479339,1.04198530063,3.54545454545,0.361904761905,0.333333333333,6,0.0363636363636,0.303703703704,11,11,11,1,0,0.0909090909091,0.636363636364,0.272727272727,11,20,0.181818181818,3.04338842975,3.63636363636,2,2.5,1.68954001271,0.464623503495,0.245454545455,1.16774841624,0.642261628933,0.336363636364,1.94000937205,1.06700515463,0.536363636364,1.05689877454,0.347276990411,3.54545454545,3.04338842975,1.05689877454,3.54545454545,0.499047619048,0.4,8,0.0484848484848,0.255555555556,11,11,11,1,0,0.0909090909091,0.636363636364,0.272727272727,0,0,0,0,0,0,0,0,0,0,0,0,0,0,0,0,0,0,0,0,0,0,0,0,0,0,0,0,0,20,0,0,90,1,1,0,0,1,1,1,1,1,1,2,2,0,0,0,0
3632,WLNM_dir_neg,1,0,00:00:00,10,90,4,1179281653,threshold_sweep,0.5,1,1,1,2,0,0,4,1,1,0,0,1,1,1,1,0.555555555556,1,1,1,20,18,2,0,20,0,18,0,2,11,20,0.181818181818,3.04338842975,3.63636363636,2,2.5,1.68954001271,0.464623503495,0.245454545455,1.16774841624,0.642261628933,0.336363636364,1.94000937205,1.06700515463,0.536363636364,1.05689877454,0.347276990411,3.54545454545,3.04338842975,1.05689877454,3.54545454545,0.499047619048,0.4,8,0.0484848484848,0.255555555556,11,11,11,1,0,0.0909090909091,0.636363636364,0.272727272727,11,0.163636363636,3.15702479339,3.27272727273,1.8,2.25,2.00454030096,0.612498425294,0.323232323232,1.20604537831,0.73702773119,0.363636363636,1.91168654715,1.16825288992,0.555555555556,1.04198530063,0.330052935539,3.54545454545,3.15702479339,1.04198530063,3.54545454545,0.361904761905,0.333333333333,6,0.0363636363636,0.303703703704,11,11,11,1,0,0.0909090909091,0.636363636364,0.272727272727,11,20,0.181818181818,3.04338842975,3.63636363636,2,2.5,1.68954001271,0.464623503495,0.245454545455,1.16774841624,0.642261628933,0.336363636364,1.94000937205,1.06700515463,0.536363636364,1.05689877454,0.347276990411,3.54545454545,3.04338842975,1.05689877454,3.54545454545,0.499047619048,0.4,8,0.0484848484848,0.255555555556,11,11,11,1,0,0.0909090909091,0.636363636364,0.272727272727,0,0,0,0,0,0,0,0,0,0,0,0,0,0,0,0,0,0,0,0,0,0,0,0,0,0,0,0,0,20,0,0,90,1,1,0,0,1,1,1,1,1,1,2,2,0,0,0,0
3633,WLNM_dir_neg,1,0,00:00:00,10,90,4,1179281653,threshold_sweep,0.6,1,1,1,2,0,0,4,1,1,0,0,1,1,1,1,0.555555555556,1,1,1,20,18,2,0,20,0,18,0,2,11,20,0.181818181818,3.04338842975,3.63636363636,2,2.5,1.68954001271,0.464623503495,0.245454545455,1.16774841624,0.642261628933,0.336363636364,1.94000937205,1.06700515463,0.536363636364,1.05689877454,0.347276990411,3.54545454545,3.04338842975,1.05689877454,3.54545454545,0.499047619048,0.4,8,0.0484848484848,0.255555555556,11,11,11,1,0,0.0909090909091,0.636363636364,0.272727272727,11,0.163636363636,3.15702479339,3.27272727273,1.8,2.25,2.00454030096,0.612498425294,0.323232323232,1.20604537831,0.73702773119,0.363636363636,1.91168654715,1.16825288992,0.555555555556,1.04198530063,0.330052935539,3.54545454545,3.15702479339,1.04198530063,3.54545454545,0.361904761905,0.333333333333,6,0.0363636363636,0.303703703704,11,11,11,1,0,0.0909090909091,0.636363636364,0.272727272727,11,20,0.181818181818,3.04338842975,3.63636363636,2,2.5,1.68954001271,0.464623503495,0.245454545455,1.16774841624,0.642261628933,0.336363636364,1.94000937205,1.06700515463,0.536363636364,1.05689877454,0.347276990411,3.54545454545,3.04338842975,1.05689877454,3.54545454545,0.499047619048,0.4,8,0.0484848484848,0.255555555556,11,11,11,1,0,0.0909090909091,0.636363636364,0.272727272727,0,0,0,0,0,0,0,0,0,0,0,0,0,0,0,0,0,0,0,0,0,0,0,0,0,0,0,0,0,20,0,0,90,1,1,0,0,1,1,1,1,1,1,2,2,0,0,0,0
3634,WLNM_dir_neg,1,0,00:00:00,10,90,4,1179281653,threshold_sweep,0.7,1,1,1,2,0,0,4,1,1,0,0,1,1,1,1,0.555555555556,1,1,1,20,18,2,0,20,0,18,0,2,11,20,0.181818181818,3.04338842975,3.63636363636,2,2.5,1.68954001271,0.464623503495,0.245454545455,1.16774841624,0.642261628933,0.336363636364,1.94000937205,1.06700515463,0.536363636364,1.05689877454,0.347276990411,3.54545454545,3.04338842975,1.05689877454,3.54545454545,0.499047619048,0.4,8,0.0484848484848,0.255555555556,11,11,11,1,0,0.0909090909091,0.636363636364,0.272727272727,11,0.163636363636,3.15702479339,3.27272727273,1.8,2.25,2.00454030096,0.612498425294,0.323232323232,1.20604537831,0.73702773119,0.363636363636,1.91168654715,1.16825288992,0.555555555556,1.04198530063,0.330052935539,3.54545454545,3.15702479339,1.04198530063,3.54545454545,0.361904761905,0.333333333333,6,0.0363636363636,0.303703703704,11,11,11,1,0,0.0909090909091,0.636363636364,0.272727272727,11,20,0.181818181818,3.04338842975,3.63636363636,2,2.5,1.68954001271,0.464623503495,0.245454545455,1.16774841624,0.642261628933,0.336363636364,1.94000937205,1.06700515463,0.536363636364,1.05689877454,0.347276990411,3.54545454545,3.04338842975,1.05689877454,3.54545454545,0.499047619048,0.4,8,0.0484848484848,0.255555555556,11,11,11,1,0,0.0909090909091,0.636363636364,0.272727272727,0,0,0,0,0,0,0,0,0,0,0,0,0,0,0,0,0,0,0,0,0,0,0,0,0,0,0,0,0,20,0,0,90,1,1,0,0,1,1,1,1,1,1,2,2,0,0,0,0
3635,WLNM_dir_neg,1,0,00:00:00,10,90,4,1179281653,threshold_sweep,0.8,1,1,1,2,0,0,4,1,1,0,0,1,1,1,1,0.555555555556,1,1,1,20,18,2,0,20,0,18,0,2,11,20,0.181818181818,3.04338842975,3.63636363636,2,2.5,1.68954001271,0.464623503495,0.245454545455,1.16774841624,0.642261628933,0.336363636364,1.94000937205,1.06700515463,0.536363636364,1.05689877454,0.347276990411,3.54545454545,3.04338842975,1.05689877454,3.54545454545,0.499047619048,0.4,8,0.0484848484848,0.255555555556,11,11,11,1,0,0.0909090909091,0.636363636364,0.272727272727,11,0.163636363636,3.15702479339,3.27272727273,1.8,2.25,2.00454030096,0.612498425294,0.323232323232,1.20604537831,0.73702773119,0.363636363636,1.91168654715,1.16825288992,0.555555555556,1.04198530063,0.330052935539,3.54545454545,3.15702479339,1.04198530063,3.54545454545,0.361904761905,0.333333333333,6,0.0363636363636,0.303703703704,11,11,11,1,0,0.0909090909091,0.636363636364,0.272727272727,11,20,0.181818181818,3.04338842975,3.63636363636,2,2.5,1.68954001271,0.464623503495,0.245454545455,1.16774841624,0.642261628933,0.336363636364,1.94000937205,1.06700515463,0.536363636364,1.05689877454,0.347276990411,3.54545454545,3.04338842975,1.05689877454,3.54545454545,0.499047619048,0.4,8,0.0484848484848,0.255555555556,11,11,11,1,0,0.0909090909091,0.636363636364,0.272727272727,0,0,0,0,0,0,0,0,0,0,0,0,0,0,0,0,0,0,0,0,0,0,0,0,0,0,0,0,0,20,0,0,90,1,1,0,0,1,1,1,1,1,1,2,2,0,0,0,0
3636,WLNM_dir_neg,1,0,00:00:00,10,90,4,1179281653,threshold_sweep,0.9,1,1,1,2,0,0,4,1,1,0,0,1,1,1,1,0.555555555556,1,1,1,20,18,2,0,20,0,18,0,2,11,20,0.181818181818,3.04338842975,3.63636363636,2,2.5,1.68954001271,0.464623503495,0.245454545455,1.16774841624,0.642261628933,0.336363636364,1.94000937205,1.06700515463,0.536363636364,1.05689877454,0.347276990411,3.54545454545,3.04338842975,1.05689877454,3.54545454545,0.499047619048,0.4,8,0.0484848484848,0.255555555556,11,11,11,1,0,0.0909090909091,0.636363636364,0.272727272727,11,0.163636363636,3.15702479339,3.27272727273,1.8,2.25,2.00454030096,0.612498425294,0.323232323232,1.20604537831,0.73702773119,0.363636363636,1.91168654715,1.16825288992,0.555555555556,1.04198530063,0.330052935539,3.54545454545,3.15702479339,1.04198530063,3.54545454545,0.361904761905,0.333333333333,6,0.0363636363636,0.303703703704,11,11,11,1,0,0.0909090909091,0.636363636364,0.272727272727,11,20,0.181818181818,3.04338842975,3.63636363636,2,2.5,1.68954001271,0.464623503495,0.245454545455,1.16774841624,0.642261628933,0.336363636364,1.94000937205,1.06700515463,0.536363636364,1.05689877454,0.347276990411,3.54545454545,3.04338842975,1.05689877454,3.54545454545,0.499047619048,0.4,8,0.0484848484848,0.255555555556,11,11,11,1,0,0.0909090909091,0.636363636364,0.272727272727,0,0,0,0,0,0,0,0,0,0,0,0,0,0,0,0,0,0,0,0,0,0,0,0,0,0,0,0,0,20,0,0,90,1,1,0,0,1,1,1,1,1,1,2,2,0,0,0,0
3637,WLNM_dir_neg,0.25,0.225,00:00:00,10,90,5,1179281654,threshold_sweep,0.1,0,0,0,0,0,2,4,0,1,0,1,0,0,0,0.666666666667,0.666666666667,0,0,0,20,18,2,0,20,0,18,0,2,11,20,0.181818181818,3.04338842975,3.63636363636,2,2.5,1.68954001271,0.464623503495,0.245454545455,1.16774841624,0.642261628933,0.336363636364,1.94000937205,1.06700515463,0.536363636364,1.05689877454,0.347276990411,3.54545454545,3.04338842975,1.05689877454,3.54545454545,0.499047619048,0.4,8,0.0484848484848,0.255555555556,11,11,11,1,0,0.0909090909091,0.636363636364,0.272727272727,11,0.163636363636,3.11363636364,3.27272727273,1.8,2.25,1.42062726223,0.434080552347,0.227272727273,0.924416277737,0.564921058617,0.292929292929,1.68954001271,1.03249667443,0.525252525253,1.14353419474,0.367266456706,3.875,3.11363636364,1.14353419474,3.875,0.366666666667,0.266666666667,4,0.0242424242424,0.221111111111,11,11,11,1,0,0.0909090909091,0.636363636364,0.272727272727,11,18,0.163636363636,3.11363636364,3.27272727273,1.8,2.25,1.42062726223,0.434080552347,0.227272727273,0.924416277737,0.564921058617,0.292929292929,1.68954001271,1.03249667443,0.525252525253,1.14353419474,0.367266456706,3.875,3.11363636364,1.14353419474,3.875,0.366666666667,0.266666666667,4,0.0242424242424,0.221111111111,11,11,11,1,0,0.0909090909091,0.636363636364,0.272727272727,-2,-0.0181818181818,0.0702479338843,-0.363636363636,-0.2,-0.25,-0.268912750482,-0.030542951148,-0.0181818181818,-0.243332138505,-0.0773405703161,-0.0434343434343,-0.250469359339,-0.0345084801933,-0.0111111111111,0.0866354202056,0.0199894662943,0.329545454545,0.0702479338843,0.0866354202056,0.329545454545,-0.132380952381,-0.133333333333,-4,-0.0242424242424,-0.0344444444444,0,0,0,18,0,2,90,0.9,1,0,0.1,1,0.9,0.947368421053,0.938314863257,0.9,0.9,0,2,0,0,0,0
3638,WLNM_dir_neg,0.25,0.225,00:00:00,10,90,5,1179281654,threshold_sweep,0.2,0,0,0,0,0,2,4,0,1,0,1,0,0,0,0.666666666667,0.666666666667,0,0,0,20,18,2,0,20,0,18,0,2,11,20,0.181818181818,3.04338842975,3.63636363636,2,2.5,1.68954001271,0.464623503495,0.245454545455,1.16774841624,0.642261628933,0.336363636364,1.94000937205,1.06700515463,0.536363636364,1.05689877454,0.347276990411,3.54545454545,3.04338842975,1.05689877454,3.54545454545,0.499047619048,0.4,8,0.0484848484848,0.255555555556,11,11,11,1,0,0.0909090909091,0.636363636364,0.272727272727,11,0.163636363636,3.11363636364,3.27272727273,1.8,2.25,1.42062726223,0.434080552347,0.227272727273,0.924416277737,0.564921058617,0.292929292929,1.68954001271,1.03249667443,0.525252525253,1.14353419474,0.367266456706,3.875,3.11363636364,1.14353419474,3.875,0.366666666667,0.266666666667,4,0.0242424242424,0.221111111111,11,11,11,1,0,0.0909090909091,0.636363636364,0.272727272727,11,18,0.163636363636,3.11363636364,3.27272727273,1.8,2.25,1.42062726223,0.434080552347,0.227272727273,0.924416277737,0.564921058617,0.292929292929,1.68954001271,1.03249667443,0.525252525253,1.14353419474,0.367266456706,3.875,3.11363636364,1.14353419474,3.875,0.366666666667,0.266666666667,4,0.0242424242424,0.221111111111,11,11,11,1,0,0.0909090909091,0.636363636364,0.272727272727,-2,-0.0181818181818,0.0702479338843,-0.363636363636,-0.2,-0.25,-0.268912750482,-0.030542951148,-0.0181818181818,-0.243332138505,-0.0773405703161,-0.0434343434343,-0.250469359339,-0.0345084801933,-0.0111111111111,0.0866354202056,0.0199894662943,0.329545454545,0.0702479338843,0.0866354202056,0.329545454545,-0.132380952381,-0.133333333333,-4,-0.0242424242424,-0.0344444444444,0,0,0,18,0,2,90,0.9,1,0,0.1,1,0.9,0.947368421053,0.938314863257,0.9,0.9,0,2,0,0,0,0
3639,WLNM_dir_neg,0.25,0.225,00:00:00,10,90,5,1179281654,threshold_sweep,0.3,0,0,0,0,0,2,4,0,1,0,1,0,0,0,0.666666666667,0.666666666667,0,0,0,20,18,2,0,20,0,18,0,2,11,20,0.181818181818,3.04338842975,3.63636363636,2,2.5,1.68954001271,0.464623503495,0.245454545455,1.16774841624,0.642261628933,0.336363636364,1.94000937205,1.06700515463,0.536363636364,1.05689877454,0.347276990411,3.54545454545,3.04338842975,1.05689877454,3.54545454545,0.499047619048,0.4,8,0.0484848484848,0.255555555556,11,11,11,1,0,0.0909090909091,0.636363636364,0.272727272727,11,0.163636363636,3.11363636364,3.27272727273,1.8,2.25,1.42062726223,0.434080552347,0.227272727273,0.924416277737,0.564921058617,0.292929292929,1.68954001271,1.03249667443,0.525252525253,1.14353419474,0.367266456706,3.875,3.11363636364,1.14353419474,3.875,0.366666666667,0.266666666667,4,0.0242424242424,0.221111111111,11,11,11,1,0,0.0909090909091,0.636363636364,0.272727272727,11,18,0.163636363636,3.11363636364,3.27272727273,1.8,2.25,1.42062726223,0.434080552347,0.227272727273,0.924416277737,0.564921058617,0.292929292929,1.68954001271,1.03249667443,0.525252525253,1.14353419474,0.367266456706,3.875,3.11363636364,1.14353419474,3.875,0.366666666667,0.266666666667,4,0.0242424242424,0.221111111111,11,11,11,1,0,0.0909090909091,0.636363636364,0.272727272727,-2,-0.0181818181818,0.0702479338843,-0.363636363636,-0.2,-0.25,-0.268912750482,-0.030542951148,-0.0181818181818,-0.243332138505,-0.0773405703161,-0.0434343434343,-0.250469359339,-0.0345084801933,-0.0111111111111,0.0866354202056,0.0199894662943,0.329545454545,0.0702479338843,0.0866354202056,0.329545454545,-0.132380952381,-0.133333333333,-4,-0.0242424242424,-0.0344444444444,0,0,0,18,0,2,90,0.9,1,0,0.1,1,0.9,0.947368421053,0.938314863257,0.9,0.9,0,2,0,0,0,0
3640,WLNM_dir_neg,0.25,0.225,00:00:00,10,90,5,1179281654,threshold_sweep,0.4,0,0,0,0,0,2,4,0,1,0,1,0,0,0,0.666666666667,0.666666666667,0,0,0,20,18,2,0,20,0,18,0,2,11,20,0.181818181818,3.04338842975,3.63636363636,2,2.5,1.68954001271,0.464623503495,0.245454545455,1.16774841624,0.642261628933,0.336363636364,1.94000937205,1.06700515463,0.536363636364,1.05689877454,0.347276990411,3.54545454545,3.04338842975,1.05689877454,3.54545454545,0.499047619048,0.4,8,0.0484848484848,0.255555555556,11,11,11,1,0,0.0909090909091,0.636363636364,0.272727272727,11,0.163636363636,3.11363636364,3.27272727273,1.8,2.25,1.42062726223,0.434080552347,0.227272727273,0.924416277737,0.564921058617,0.292929292929,1.68954001271,1.03249667443,0.525252525253,1.14353419474,0.367266456706,3.875,3.11363636364,1.14353419474,3.875,0.366666666667,0.266666666667,4,0.0242424242424,0.221111111111,11,11,11,1,0,0.0909090909091,0.636363636364,0.272727272727,11,18,0.163636363636,3.11363636364,3.27272727273,1.8,2.25,1.42062726223,0.434080552347,0.227272727273,0.924416277737,0.564921058617,0.292929292929,1.68954001271,1.03249667443,0.525252525253,1.14353419474,0.367266456706,3.875,3.11363636364,1.14353419474,3.875,0.366666666667,0.266666666667,4,0.0242424242424,0.221111111111,11,11,11,1,0,0.0909090909091,0.636363636364,0.272727272727,-2,-0.0181818181818,0.0702479338843,-0.363636363636,-0.2,-0.25,-0.268912750482,-0.030542951148,-0.0181818181818,-0.243332138505,-0.0773405703161,-0.0434343434343,-0.250469359339,-0.0345084801933,-0.0111111111111,0.0866354202056,0.0199894662943,0.329545454545,0.0702479338843,0.0866354202056,0.329545454545,-0.132380952381,-0.133333333333,-4,-0.0242424242424,-0.0344444444444,0,0,0,18,0,2,90,0.9,1,0,0.1,1,0.9,0.947368421053,0.938314863257,0.9,0.9,0,2,0,0,0,0
3641,WLNM_dir_neg,0.25,0.225,00:00:00,10,90,5,1179281654,threshold_sweep,0.5,0,0,0,0,0,2,4,0,1,0,1,0,0,0,0.666666666667,0.666666666667,0,0,0,20,18,2,0,20,0,18,0,2,11,20,0.181818181818,3.04338842975,3.63636363636,2,2.5,1.68954001271,0.464623503495,0.245454545455,1.16774841624,0.642261628933,0.336363636364,1.94000937205,1.06700515463,0.536363636364,1.05689877454,0.347276990411,3.54545454545,3.04338842975,1.05689877454,3.54545454545,0.499047619048,0.4,8,0.0484848484848,0.255555555556,11,11,11,1,0,0.0909090909091,0.636363636364,0.272727272727,11,0.163636363636,3.11363636364,3.27272727273,1.8,2.25,1.42062726223,0.434080552347,0.227272727273,0.924416277737,0.564921058617,0.292929292929,1.68954001271,1.03249667443,0.525252525253,1.14353419474,0.367266456706,3.875,3.11363636364,1.14353419474,3.875,0.366666666667,0.266666666667,4,0.0242424242424,0.221111111111,11,11,11,1,0,0.0909090909091,0.636363636364,0.272727272727,11,18,0.163636363636,3.11363636364,3.27272727273,1.8,2.25,1.42062726223,0.434080552347,0.227272727273,0.924416277737,0.564921058617,0.292929292929,1.68954001271,1.03249667443,0.525252525253,1.14353419474,0.367266456706,3.875,3.11363636364,1.14353419474,3.875,0.366666666667,0.266666666667,4,0.0242424242424,0.221111111111,11,11,11,1,0,0.0909090909091,0.636363636364,0.272727272727,-2,-0.0181818181818,0.0702479338843,-0.363636363636,-0.2,-0.25,-0.268912750482,-0.030542951148,-0.0181818181818,-0.243332138505,-0.0773405703161,-0.0434343434343,-0.250469359339,-0.0345084801933,-0.0111111111111,0.0866354202056,0.0199894662943,0.329545454545,0.0702479338843,0.0866354202056,0.329545454545,-0.132380952381,-0.133333333333,-4,-0.0242424242424,-0.0344444444444,0,0,0,18,0,2,90,0.9,1,0,0.1,1,0.9,0.947368421053,0.938314863257,0.9,0.9,0,2,0,0,0,0
3642,WLNM_dir_neg,0.25,0.225,00:00:00,10,90,5,1179281654,threshold_sweep,0.6,0,0,0,0,0,2,4,0,1,0,1,0,0,0,0.666666666667,0.666666666667,0,0,0,20,18,2,0,20,0,18,0,2,11,20,0.181818181818,3.04338842975,3.63636363636,2,2.5,1.68954001271,0.464623503495,0.245454545455,1.16774841624,0.642261628933,0.336363636364,1.94000937205,1.06700515463,0.536363636364,1.05689877454,0.347276990411,3.54545454545,3.04338842975,1.05689877454,3.54545454545,0.499047619048,0.4,8,0.0484848484848,0.255555555556,11,11,11,1,0,0.0909090909091,0.636363636364,0.272727272727,11,0.163636363636,3.11363636364,3.27272727273,1.8,2.25,1.42062726223,0.434080552347,0.227272727273,0.924416277737,0.564921058617,0.292929292929,1.68954001271,1.03249667443,0.525252525253,1.14353419474,0.367266456706,3.875,3.11363636364,1.14353419474,3.875,0.366666666667,0.266666666667,4,0.0242424242424,0.221111111111,11,11,11,1,0,0.0909090909091,0.636363636364,0.272727272727,11,18,0.163636363636,3.11363636364,3.27272727273,1.8,2.25,1.42062726223,0.434080552347,0.227272727273,0.924416277737,0.564921058617,0.292929292929,1.68954001271,1.03249667443,0.525252525253,1.14353419474,0.367266456706,3.875,3.11363636364,1.14353419474,3.875,0.366666666667,0.266666666667,4,0.0242424242424,0.221111111111,11,11,11,1,0,0.0909090909091,0.636363636364,0.272727272727,-2,-0.0181818181818,0.0702479338843,-0.363636363636,-0.2,-0.25,-0.268912750482,-0.030542951148,-0.0181818181818,-0.243332138505,-0.0773405703161,-0.0434343434343,-0.250469359339,-0.0345084801933,-0.0111111111111,0.0866354202056,0.0199894662943,0.329545454545,0.0702479338843,0.0866354202056,0.329545454545,-0.132380952381,-0.133333333333,-4,-0.0242424242424,-0.0344444444444,0,0,0,18,0,2,90,0.9,1,0,0.1,1,0.9,0.947368421053,0.938314863257,0.9,0.9,0,2,0,0,0,0
3643,WLNM_dir_neg,0.25,0.225,00:00:00,10,90,5,1179281654,threshold_sweep,0.7,0,0,0,0,0,2,4,0,1,0,1,0,0,0,0.666666666667,0.666666666667,0,0,0,20,18,2,0,20,0,18,0,2,11,20,0.181818181818,3.04338842975,3.63636363636,2,2.5,1.68954001271,0.464623503495,0.245454545455,1.16774841624,0.642261628933,0.336363636364,1.94000937205,1.06700515463,0.536363636364,1.05689877454,0.347276990411,3.54545454545,3.04338842975,1.05689877454,3.54545454545,0.499047619048,0.4,8,0.0484848484848,0.255555555556,11,11,11,1,0,0.0909090909091,0.636363636364,0.272727272727,11,0.163636363636,3.11363636364,3.27272727273,1.8,2.25,1.42062726223,0.434080552347,0.227272727273,0.924416277737,0.564921058617,0.292929292929,1.68954001271,1.03249667443,0.525252525253,1.14353419474,0.367266456706,3.875,3.11363636364,1.14353419474,3.875,0.366666666667,0.266666666667,4,0.0242424242424,0.221111111111,11,11,11,1,0,0.0909090909091,0.636363636364,0.272727272727,11,18,0.163636363636,3.11363636364,3.27272727273,1.8,2.25,1.42062726223,0.434080552347,0.227272727273,0.924416277737,0.564921058617,0.292929292929,1.68954001271,1.03249667443,0.525252525253,1.14353419474,0.367266456706,3.875,3.11363636364,1.14353419474,3.875,0.366666666667,0.266666666667,4,0.0242424242424,0.221111111111,11,11,11,1,0,0.0909090909091,0.636363636364,0.272727272727,-2,-0.0181818181818,0.0702479338843,-0.363636363636,-0.2,-0.25,-0.268912750482,-0.030542951148,-0.0181818181818,-0.243332138505,-0.0773405703161,-0.0434343434343,-0.250469359339,-0.0345084801933,-0.0111111111111,0.0866354202056,0.0199894662943,0.329545454545,0.0702479338843,0.0866354202056,0.329545454545,-0.132380952381,-0.133333333333,-4,-0.0242424242424,-0.0344444444444,0,0,0,18,0,2,90,0.9,1,0,0.1,1,0.9,0.947368421053,0.938314863257,0.9,0.9,0,2,0,0,0,0
3644,WLNM_dir_neg,0.25,0.225,00:00:00,10,90,5,1179281654,threshold_sweep,0.8,0,0,0,0,0,2,4,0,1,0,1,0,0,0,0.666666666667,0.666666666667,0,0,0,20,18,2,0,20,0,18,0,2,11,20,0.181818181818,3.04338842975,3.63636363636,2,2.5,1.68954001271,0.464623503495,0.245454545455,1.16774841624,0.642261628933,0.336363636364,1.94000937205,1.06700515463,0.536363636364,1.05689877454,0.347276990411,3.54545454545,3.04338842975,1.05689877454,3.54545454545,0.499047619048,0.4,8,0.0484848484848,0.255555555556,11,11,11,1,0,0.0909090909091,0.636363636364,0.272727272727,11,0.163636363636,3.11363636364,3.27272727273,1.8,2.25,1.42062726223,0.434080552347,0.227272727273,0.924416277737,0.564921058617,0.292929292929,1.68954001271,1.03249667443,0.525252525253,1.14353419474,0.367266456706,3.875,3.11363636364,1.14353419474,3.875,0.366666666667,0.266666666667,4,0.0242424242424,0.221111111111,11,11,11,1,0,0.0909090909091,0.636363636364,0.272727272727,11,18,0.163636363636,3.11363636364,3.27272727273,1.8,2.25,1.42062726223,0.434080552347,0.227272727273,0.924416277737,0.564921058617,0.292929292929,1.68954001271,1.03249667443,0.525252525253,1.14353419474,0.367266456706,3.875,3.11363636364,1.14353419474,3.875,0.366666666667,0.266666666667,4,0.0242424242424,0.221111111111,11,11,11,1,0,0.0909090909091,0.636363636364,0.272727272727,-2,-0.0181818181818,0.0702479338843,-0.363636363636,-0.2,-0.25,-0.268912750482,-0.030542951148,-0.0181818181818,-0.243332138505,-0.0773405703161,-0.0434343434343,-0.250469359339,-0.0345084801933,-0.0111111111111,0.0866354202056,0.0199894662943,0.329545454545,0.0702479338843,0.0866354202056,0.329545454545,-0.132380952381,-0.133333333333,-4,-0.0242424242424,-0.0344444444444,0,0,0,18,0,2,90,0.9,1,0,0.1,1,0.9,0.947368421053,0.938314863257,0.9,0.9,0,2,0,0,0,0
3645,WLNM_dir_neg,0.25,0.225,00:00:00,10,90,5,1179281654,threshold_sweep,0.9,0,0,0,0,0,2,4,0,1,0,1,0,0,0,0.666666666667,0.666666666667,0,0,0,20,18,2,0,20,0,18,0,2,11,20,0.181818181818,3.04338842975,3.63636363636,2,2.5,1.68954001271,0.464623503495,0.245454545455,1.16774841624,0.642261628933,0.336363636364,1.94000937205,1.06700515463,0.536363636364,1.05689877454,0.347276990411,3.54545454545,3.04338842975,1.05689877454,3.54545454545,0.499047619048,0.4,8,0.0484848484848,0.255555555556,11,11,11,1,0,0.0909090909091,0.636363636364,0.272727272727,11,0.163636363636,3.11363636364,3.27272727273,1.8,2.25,1.42062726223,0.434080552347,0.227272727273,0.924416277737,0.564921058617,0.292929292929,1.68954001271,1.03249667443,0.525252525253,1.14353419474,0.367266456706,3.875,3.11363636364,1.14353419474,3.875,0.366666666667,0.266666666667,4,0.0242424242424,0.221111111111,11,11,11,1,0,0.0909090909091,0.636363636364,0.272727272727,11,18,0.163636363636,3.11363636364,3.27272727273,1.8,2.25,1.42062726223,0.434080552347,0.227272727273,0.924416277737,0.564921058617,0.292929292929,1.68954001271,1.03249667443,0.525252525253,1.14353419474,0.367266456706,3.875,3.11363636364,1.14353419474,3.875,0.366666666667,0.266666666667,4,0.0242424242424,0.221111111111,11,11,11,1,0,0.0909090909091,0.636363636364,0.272727272727,-2,-0.0181818181818,0.0702479338843,-0.363636363636,-0.2,-0.25,-0.268912750482,-0.030542951148,-0.0181818181818,-0.243332138505,-0.0773405703161,-0.0434343434343,-0.250469359339,-0.0345084801933,-0.0111111111111,0.0866354202056,0.0199894662943,0.329545454545,0.0702479338843,0.0866354202056,0.329545454545,-0.132380952381,-0.133333333333,-4,-0.0242424242424,-0.0344444444444,0,0,0,18,0,2,90,0.9,1,0,0.1,1,0.9,0.947368421053,0.938314863257,0.9,0.9,0,2,0,0,0,0
3646,WLNM_dir_neg,0.875,0.291666666667,00:00:00,10,90,6,1179281655,threshold_sweep,0.1,1,0.5,0.666666666667,1,0,1,4,0.5,1,0,0.5,1,0.5,0.666666666667,0.833333333333,0.611111111111,0.571428571429,0.632455532034,0.5,20,18,2,0,20,0,18,0,2,11,20,0.181818181818,3.04338842975,3.63636363636,2,2.5,1.68954001271,0.464623503495,0.245454545455,1.16774841624,0.642261628933,0.336363636364,1.94000937205,1.06700515463,0.536363636364,1.05689877454,0.347276990411,3.54545454545,3.04338842975,1.05689877454,3.54545454545,0.499047619048,0.4,8,0.0484848484848,0.255555555556,11,11,11,1,0,0.0909090909091,0.636363636364,0.272727272727,11,0.163636363636,3.12229437229,3.27272727273,1.8,2.25,1.84883255547,0.564921058617,0.29797979798,1.12006493318,0.684484125834,0.343434343434,1.85864075457,1.13583601668,0.545454545455,1.09490278135,0.350672502587,3.80952380952,3.12229437229,1.09490278135,3.80952380952,0.512169312169,0.346153846154,6,0.0363636363636,0.26037037037,11,11,11,1,0,0.0909090909091,0.636363636364,0.272727272727,11,19,0.172727272727,3.08884297521,3.45454545455,1.9,2.375,1.86352549559,0.53944159083,0.287081339713,1.19087439228,0.689453595529,0.354066985646,1.90215189146,1.1012458319,0.545454545455,1.04183657517,0.337290235708,3.54545454545,3.08884297521,1.04183657517,3.54545454545,0.475132275132,0.368421052632,7,0.0424242424242,0.268518518519,11,11,11,1,0,0.0909090909091,0.636363636364,0.272727272727,-1,-0.00909090909091,0.0454545454545,-0.181818181818,-0.1,-0.125,0.173985482884,0.0748180873347,0.0416267942584,0.023125976035,0.0471919665957,0.0177033492823,-0.0378574805894,0.0342406772707,0.00909090909091,-0.0150621993632,-0.0099867547029,0,0.0454545454545,-0.0150621993632,0,-0.0239153439153,-0.0315789473684,-1,-0.00606060606061,0.012962962963,0,0,0,19,0,1,90,0.95,1,0,0.05,1,0.95,0.974358974359,0.969309258988,0.95,0.95,1,2,0,0,0,0
3647,WLNM_dir_neg,0.875,0.291666666667,00:00:00,10,90,6,1179281655,threshold_sweep,0.2,1,0.5,0.666666666667,1,0,1,4,0.5,1,0,0.5,1,0.5,0.666666666667,0.833333333333,0.611111111111,0.571428571429,0.632455532034,0.5,20,18,2,0,20,0,18,0,2,11,20,0.181818181818,3.04338842975,3.63636363636,2,2.5,1.68954001271,0.464623503495,0.245454545455,1.16774841624,0.642261628933,0.336363636364,1.94000937205,1.06700515463,0.536363636364,1.05689877454,0.347276990411,3.54545454545,3.04338842975,1.05689877454,3.54545454545,0.499047619048,0.4,8,0.0484848484848,0.255555555556,11,11,11,1,0,0.0909090909091,0.636363636364,0.272727272727,11,0.163636363636,3.12229437229,3.27272727273,1.8,2.25,1.84883255547,0.564921058617,0.29797979798,1.12006493318,0.684484125834,0.343434343434,1.85864075457,1.13583601668,0.545454545455,1.09490278135,0.350672502587,3.80952380952,3.12229437229,1.09490278135,3.80952380952,0.512169312169,0.346153846154,6,0.0363636363636,0.26037037037,11,11,11,1,0,0.0909090909091,0.636363636364,0.272727272727,11,19,0.172727272727,3.08884297521,3.45454545455,1.9,2.375,1.86352549559,0.53944159083,0.287081339713,1.19087439228,0.689453595529,0.354066985646,1.90215189146,1.1012458319,0.545454545455,1.04183657517,0.337290235708,3.54545454545,3.08884297521,1.04183657517,3.54545454545,0.475132275132,0.368421052632,7,0.0424242424242,0.268518518519,11,11,11,1,0,0.0909090909091,0.636363636364,0.272727272727,-1,-0.00909090909091,0.0454545454545,-0.181818181818,-0.1,-0.125,0.173985482884,0.0748180873347,0.0416267942584,0.023125976035,0.0471919665957,0.0177033492823,-0.0378574805894,0.0342406772707,0.00909090909091,-0.0150621993632,-0.0099867547029,0,0.0454545454545,-0.0150621993632,0,-0.0239153439153,-0.0315789473684,-1,-0.00606060606061,0.012962962963,0,0,0,19,0,1,90,0.95,1,0,0.05,1,0.95,0.974358974359,0.969309258988,0.95,0.95,1,2,0,0,0,0
3648,WLNM_dir_neg,0.875,0.291666666667,00:00:00,10,90,6,1179281655,threshold_sweep,0.3,1,0.5,0.666666666667,1,0,1,4,0.5,1,0,0.5,1,0.5,0.666666666667,0.833333333333,0.611111111111,0.571428571429,0.632455532034,0.5,20,18,2,0,20,0,18,0,2,11,20,0.181818181818,3.04338842975,3.63636363636,2,2.5,1.68954001271,0.464623503495,0.245454545455,1.16774841624,0.642261628933,0.336363636364,1.94000937205,1.06700515463,0.536363636364,1.05689877454,0.347276990411,3.54545454545,3.04338842975,1.05689877454,3.54545454545,0.499047619048,0.4,8,0.0484848484848,0.255555555556,11,11,11,1,0,0.0909090909091,0.636363636364,0.272727272727,11,0.163636363636,3.12229437229,3.27272727273,1.8,2.25,1.84883255547,0.564921058617,0.29797979798,1.12006493318,0.684484125834,0.343434343434,1.85864075457,1.13583601668,0.545454545455,1.09490278135,0.350672502587,3.80952380952,3.12229437229,1.09490278135,3.80952380952,0.512169312169,0.346153846154,6,0.0363636363636,0.26037037037,11,11,11,1,0,0.0909090909091,0.636363636364,0.272727272727,11,19,0.172727272727,3.08884297521,3.45454545455,1.9,2.375,1.86352549559,0.53944159083,0.287081339713,1.19087439228,0.689453595529,0.354066985646,1.90215189146,1.1012458319,0.545454545455,1.04183657517,0.337290235708,3.54545454545,3.08884297521,1.04183657517,3.54545454545,0.475132275132,0.368421052632,7,0.0424242424242,0.268518518519,11,11,11,1,0,0.0909090909091,0.636363636364,0.272727272727,-1,-0.00909090909091,0.0454545454545,-0.181818181818,-0.1,-0.125,0.173985482884,0.0748180873347,0.0416267942584,0.023125976035,0.0471919665957,0.0177033492823,-0.0378574805894,0.0342406772707,0.00909090909091,-0.0150621993632,-0.0099867547029,0,0.0454545454545,-0.0150621993632,0,-0.0239153439153,-0.0315789473684,-1,-0.00606060606061,0.012962962963,0,0,0,19,0,1,90,0.95,1,0,0.05,1,0.95,0.974358974359,0.969309258988,0.95,0.95,1,2,0,0,0,0
3649,WLNM_dir_neg,0.875,0.291666666667,00:00:00,10,90,6,1179281655,threshold_sweep,0.4,1,0.5,0.666666666667,1,0,1,4,0.5,1,0,0.5,1,0.5,0.666666666667,0.833333333333,0.611111111111,0.571428571429,0.632455532034,0.5,20,18,2,0,20,0,18,0,2,11,20,0.181818181818,3.04338842975,3.63636363636,2,2.5,1.68954001271,0.464623503495,0.245454545455,1.16774841624,0.642261628933,0.336363636364,1.94000937205,1.06700515463,0.536363636364,1.05689877454,0.347276990411,3.54545454545,3.04338842975,1.05689877454,3.54545454545,0.499047619048,0.4,8,0.0484848484848,0.255555555556,11,11,11,1,0,0.0909090909091,0.636363636364,0.272727272727,11,0.163636363636,3.12229437229,3.27272727273,1.8,2.25,1.84883255547,0.564921058617,0.29797979798,1.12006493318,0.684484125834,0.343434343434,1.85864075457,1.13583601668,0.545454545455,1.09490278135,0.350672502587,3.80952380952,3.12229437229,1.09490278135,3.80952380952,0.512169312169,0.346153846154,6,0.0363636363636,0.26037037037,11,11,11,1,0,0.0909090909091,0.636363636364,0.272727272727,11,19,0.172727272727,3.08884297521,3.45454545455,1.9,2.375,1.86352549559,0.53944159083,0.287081339713,1.19087439228,0.689453595529,0.354066985646,1.90215189146,1.1012458319,0.545454545455,1.04183657517,0.337290235708,3.54545454545,3.08884297521,1.04183657517,3.54545454545,0.475132275132,0.368421052632,7,0.0424242424242,0.268518518519,11,11,11,1,0,0.0909090909091,0.636363636364,0.272727272727,-1,-0.00909090909091,0.0454545454545,-0.181818181818,-0.1,-0.125,0.173985482884,0.0748180873347,0.0416267942584,0.023125976035,0.0471919665957,0.0177033492823,-0.0378574805894,0.0342406772707,0.00909090909091,-0.0150621993632,-0.0099867547029,0,0.0454545454545,-0.0150621993632,0,-0.0239153439153,-0.0315789473684,-1,-0.00606060606061,0.012962962963,0,0,0,19,0,1,90,0.95,1,0,0.05,1,0.95,0.974358974359,0.969309258988,0.95,0.95,1,2,0,0,0,0
3650,WLNM_dir_neg,0.875,0.291666666667,00:00:00,10,90,6,1179281655,threshold_sweep,0.5,1,0.5,0.666666666667,1,0,1,4,0.5,1,0,0.5,1,0.5,0.666666666667,0.833333333333,0.611111111111,0.571428571429,0.632455532034,0.5,20,18,2,0,20,0,18,0,2,11,20,0.181818181818,3.04338842975,3.63636363636,2,2.5,1.68954001271,0.464623503495,0.245454545455,1.16774841624,0.642261628933,0.336363636364,1.94000937205,1.06700515463,0.536363636364,1.05689877454,0.347276990411,3.54545454545,3.04338842975,1.05689877454,3.54545454545,0.499047619048,0.4,8,0.0484848484848,0.255555555556,11,11,11,1,0,0.0909090909091,0.636363636364,0.272727272727,11,0.163636363636,3.12229437229,3.27272727273,1.8,2.25,1.84883255547,0.564921058617,0.29797979798,1.12006493318,0.684484125834,0.343434343434,1.85864075457,1.13583601668,0.545454545455,1.09490278135,0.350672502587,3.80952380952,3.12229437229,1.09490278135,3.80952380952,0.512169312169,0.346153846154,6,0.0363636363636,0.26037037037,11,11,11,1,0,0.0909090909091,0.636363636364,0.272727272727,11,19,0.172727272727,3.08884297521,3.45454545455,1.9,2.375,1.86352549559,0.53944159083,0.287081339713,1.19087439228,0.689453595529,0.354066985646,1.90215189146,1.1012458319,0.545454545455,1.04183657517,0.337290235708,3.54545454545,3.08884297521,1.04183657517,3.54545454545,0.475132275132,0.368421052632,7,0.0424242424242,0.268518518519,11,11,11,1,0,0.0909090909091,0.636363636364,0.272727272727,-1,-0.00909090909091,0.0454545454545,-0.181818181818,-0.1,-0.125,0.173985482884,0.0748180873347,0.0416267942584,0.023125976035,0.0471919665957,0.0177033492823,-0.0378574805894,0.0342406772707,0.00909090909091,-0.0150621993632,-0.0099867547029,0,0.0454545454545,-0.0150621993632,0,-0.0239153439153,-0.0315789473684,-1,-0.00606060606061,0.012962962963,0,0,0,19,0,1,90,0.95,1,0,0.05,1,0.95,0.974358974359,0.969309258988,0.95,0.95,1,2,0,0,0,0
3651,WLNM_dir_neg,0.875,0.291666666667,00:00:00,10,90,6,1179281655,threshold_sweep,0.6,1,0.5,0.666666666667,1,0,1,4,0.5,1,0,0.5,1,0.5,0.666666666667,0.833333333333,0.611111111111,0.571428571429,0.632455532034,0.5,20,18,2,0,20,0,18,0,2,11,20,0.181818181818,3.04338842975,3.63636363636,2,2.5,1.68954001271,0.464623503495,0.245454545455,1.16774841624,0.642261628933,0.336363636364,1.94000937205,1.06700515463,0.536363636364,1.05689877454,0.347276990411,3.54545454545,3.04338842975,1.05689877454,3.54545454545,0.499047619048,0.4,8,0.0484848484848,0.255555555556,11,11,11,1,0,0.0909090909091,0.636363636364,0.272727272727,11,0.163636363636,3.12229437229,3.27272727273,1.8,2.25,1.84883255547,0.564921058617,0.29797979798,1.12006493318,0.684484125834,0.343434343434,1.85864075457,1.13583601668,0.545454545455,1.09490278135,0.350672502587,3.80952380952,3.12229437229,1.09490278135,3.80952380952,0.512169312169,0.346153846154,6,0.0363636363636,0.26037037037,11,11,11,1,0,0.0909090909091,0.636363636364,0.272727272727,11,19,0.172727272727,3.08884297521,3.45454545455,1.9,2.375,1.86352549559,0.53944159083,0.287081339713,1.19087439228,0.689453595529,0.354066985646,1.90215189146,1.1012458319,0.545454545455,1.04183657517,0.337290235708,3.54545454545,3.08884297521,1.04183657517,3.54545454545,0.475132275132,0.368421052632,7,0.0424242424242,0.268518518519,11,11,11,1,0,0.0909090909091,0.636363636364,0.272727272727,-1,-0.00909090909091,0.0454545454545,-0.181818181818,-0.1,-0.125,0.173985482884,0.0748180873347,0.0416267942584,0.023125976035,0.0471919665957,0.0177033492823,-0.0378574805894,0.0342406772707,0.00909090909091,-0.0150621993632,-0.0099867547029,0,0.0454545454545,-0.0150621993632,0,-0.0239153439153,-0.0315789473684,-1,-0.00606060606061,0.012962962963,0,0,0,19,0,1,90,0.95,1,0,0.05,1,0.95,0.974358974359,0.969309258988,0.95,0.95,1,2,0,0,0,0
3652,WLNM_dir_neg,0.875,0.291666666667,00:00:00,10,90,6,1179281655,threshold_sweep,0.7,1,0.5,0.666666666667,1,0,1,4,0.5,1,0,0.5,1,0.5,0.666666666667,0.833333333333,0.611111111111,0.571428571429,0.632455532034,0.5,20,18,2,0,20,0,18,0,2,11,20,0.181818181818,3.04338842975,3.63636363636,2,2.5,1.68954001271,0.464623503495,0.245454545455,1.16774841624,0.642261628933,0.336363636364,1.94000937205,1.06700515463,0.536363636364,1.05689877454,0.347276990411,3.54545454545,3.04338842975,1.05689877454,3.54545454545,0.499047619048,0.4,8,0.0484848484848,0.255555555556,11,11,11,1,0,0.0909090909091,0.636363636364,0.272727272727,11,0.163636363636,3.12229437229,3.27272727273,1.8,2.25,1.84883255547,0.564921058617,0.29797979798,1.12006493318,0.684484125834,0.343434343434,1.85864075457,1.13583601668,0.545454545455,1.09490278135,0.350672502587,3.80952380952,3.12229437229,1.09490278135,3.80952380952,0.512169312169,0.346153846154,6,0.0363636363636,0.26037037037,11,11,11,1,0,0.0909090909091,0.636363636364,0.272727272727,11,19,0.172727272727,3.08884297521,3.45454545455,1.9,2.375,1.86352549559,0.53944159083,0.287081339713,1.19087439228,0.689453595529,0.354066985646,1.90215189146,1.1012458319,0.545454545455,1.04183657517,0.337290235708,3.54545454545,3.08884297521,1.04183657517,3.54545454545,0.475132275132,0.368421052632,7,0.0424242424242,0.268518518519,11,11,11,1,0,0.0909090909091,0.636363636364,0.272727272727,-1,-0.00909090909091,0.0454545454545,-0.181818181818,-0.1,-0.125,0.173985482884,0.0748180873347,0.0416267942584,0.023125976035,0.0471919665957,0.0177033492823,-0.0378574805894,0.0342406772707,0.00909090909091,-0.0150621993632,-0.0099867547029,0,0.0454545454545,-0.0150621993632,0,-0.0239153439153,-0.0315789473684,-1,-0.00606060606061,0.012962962963,0,0,0,19,0,1,90,0.95,1,0,0.05,1,0.95,0.974358974359,0.969309258988,0.95,0.95,1,2,0,0,0,0
3653,WLNM_dir_neg,0.875,0.291666666667,00:00:00,10,90,6,1179281655,threshold_sweep,0.8,1,0.5,0.666666666667,1,0,1,4,0.5,1,0,0.5,1,0.5,0.666666666667,0.833333333333,0.611111111111,0.571428571429,0.632455532034,0.5,20,18,2,0,20,0,18,0,2,11,20,0.181818181818,3.04338842975,3.63636363636,2,2.5,1.68954001271,0.464623503495,0.245454545455,1.16774841624,0.642261628933,0.336363636364,1.94000937205,1.06700515463,0.536363636364,1.05689877454,0.347276990411,3.54545454545,3.04338842975,1.05689877454,3.54545454545,0.499047619048,0.4,8,0.0484848484848,0.255555555556,11,11,11,1,0,0.0909090909091,0.636363636364,0.272727272727,11,0.163636363636,3.12229437229,3.27272727273,1.8,2.25,1.84883255547,0.564921058617,0.29797979798,1.12006493318,0.684484125834,0.343434343434,1.85864075457,1.13583601668,0.545454545455,1.09490278135,0.350672502587,3.80952380952,3.12229437229,1.09490278135,3.80952380952,0.512169312169,0.346153846154,6,0.0363636363636,0.26037037037,11,11,11,1,0,0.0909090909091,0.636363636364,0.272727272727,11,19,0.172727272727,3.08884297521,3.45454545455,1.9,2.375,1.86352549559,0.53944159083,0.287081339713,1.19087439228,0.689453595529,0.354066985646,1.90215189146,1.1012458319,0.545454545455,1.04183657517,0.337290235708,3.54545454545,3.08884297521,1.04183657517,3.54545454545,0.475132275132,0.368421052632,7,0.0424242424242,0.268518518519,11,11,11,1,0,0.0909090909091,0.636363636364,0.272727272727,-1,-0.00909090909091,0.0454545454545,-0.181818181818,-0.1,-0.125,0.173985482884,0.0748180873347,0.0416267942584,0.023125976035,0.0471919665957,0.0177033492823,-0.0378574805894,0.0342406772707,0.00909090909091,-0.0150621993632,-0.0099867547029,0,0.0454545454545,-0.0150621993632,0,-0.0239153439153,-0.0315789473684,-1,-0.00606060606061,0.012962962963,0,0,0,19,0,1,90,0.95,1,0,0.05,1,0.95,0.974358974359,0.969309258988,0.95,0.95,1,2,0,0,0,0
3654,WLNM_dir_neg,0.875,0.291666666667,00:00:00,10,90,6,1179281655,threshold_sweep,0.9,1,0.5,0.666666666667,1,0,1,4,0.5,1,0,0.5,1,0.5,0.666666666667,0.833333333333,0.611111111111,0.571428571429,0.632455532034,0.5,20,18,2,0,20,0,18,0,2,11,20,0.181818181818,3.04338842975,3.63636363636,2,2.5,1.68954001271,0.464623503495,0.245454545455,1.16774841624,0.642261628933,0.336363636364,1.94000937205,1.06700515463,0.536363636364,1.05689877454,0.347276990411,3.54545454545,3.04338842975,1.05689877454,3.54545454545,0.499047619048,0.4,8,0.0484848484848,0.255555555556,11,11,11,1,0,0.0909090909091,0.636363636364,0.272727272727,11,0.163636363636,3.12229437229,3.27272727273,1.8,2.25,1.84883255547,0.564921058617,0.29797979798,1.12006493318,0.684484125834,0.343434343434,1.85864075457,1.13583601668,0.545454545455,1.09490278135,0.350672502587,3.80952380952,3.12229437229,1.09490278135,3.80952380952,0.512169312169,0.346153846154,6,0.0363636363636,0.26037037037,11,11,11,1,0,0.0909090909091,0.636363636364,0.272727272727,11,19,0.172727272727,3.08884297521,3.45454545455,1.9,2.375,1.86352549559,0.53944159083,0.287081339713,1.19087439228,0.689453595529,0.354066985646,1.90215189146,1.1012458319,0.545454545455,1.04183657517,0.337290235708,3.54545454545,3.08884297521,1.04183657517,3.54545454545,0.475132275132,0.368421052632,7,0.0424242424242,0.268518518519,11,11,11,1,0,0.0909090909091,0.636363636364,0.272727272727,-1,-0.00909090909091,0.0454545454545,-0.181818181818,-0.1,-0.125,0.173985482884,0.0748180873347,0.0416267942584,0.023125976035,0.0471919665957,0.0177033492823,-0.0378574805894,0.0342406772707,0.00909090909091,-0.0150621993632,-0.0099867547029,0,0.0454545454545,-0.0150621993632,0,-0.0239153439153,-0.0315789473684,-1,-0.00606060606061,0.012962962963,0,0,0,19,0,1,90,0.95,1,0,0.05,1,0.95,0.974358974359,0.969309258988,0.95,0.95,1,2,0,0,0,0
3655,WLNM_dir_neg,0.875,0.291666666667,00:00:00,10,90,7,1179281656,threshold_sweep,0.1,0.5,0.5,0.5,1,1,1,3,0.5,0.75,0.25,0.5,0.5,0.5,0.5,0.666666666667,0.555555555556,0.25,0.25,0.25,20,18,2,0,20,0,18,0,2,11,20,0.181818181818,3.04338842975,3.63636363636,2,2.5,1.68954001271,0.464623503495,0.245454545455,1.16774841624,0.642261628933,0.336363636364,1.94000937205,1.06700515463,0.536363636364,1.05689877454,0.347276990411,3.54545454545,3.04338842975,1.05689877454,3.54545454545,0.499047619048,0.4,8,0.0484848484848,0.255555555556,11,11,11,1,0,0.0909090909091,0.636363636364,0.272727272727,11,0.163636363636,3.12012987013,3.27272727273,1.8,2.25,1.42062726223,0.434080552347,0.227272727273,1.0269106361,0.627556499842,0.30303030303,1.62927758671,0.995669636321,0.505050505051,1.15288820184,0.369500068851,3.85714285714,3.12012987013,1.15288820184,3.85714285714,0.48,0.333333333333,5,0.030303030303,0.212592592593,11,11,11,1,0,0.0909090909091,0.636363636364,0.272727272727,11,20,0.181818181818,4.67561983471,3.63636363636,2,2.5,1.80403587951,0.496109866864,0.263636363636,1.07871977994,0.593295878968,0.3,1.8877596149,1.03826778819,0.527272727273,1.62699625981,0.347974454154,5.63636363636,4.67561983471,1.62699625981,5.63636363636,0.466666666667,0.352941176471,6,0.0363636363636,0.247407407407,11,11,11,1,0,0.0909090909091,0.636363636364,0.272727272727,0,0,1.63223140496,0,0,0,0.114495866797,0.0314863633692,0.0181818181818,-0.0890286363011,-0.0489657499656,-0.0363636363636,-0.0522497571515,-0.0287373664333,-0.00909090909091,0.570097485278,0.000697463742632,2.09090909091,1.63223140496,0.570097485278,2.09090909091,-0.032380952381,-0.0470588235294,-2,-0.0121212121212,-0.00814814814815,0,0,0,19,1,1,89,0.95,0.988888888889,0.0111111111111,0.05,0.95,0.95,0.95,0.938888888889,0.938888888889,0.904761904762,2,2,0,0,0,0
3656,WLNM_dir_neg,0.875,0.291666666667,00:00:00,10,90,7,1179281656,threshold_sweep,0.2,0.5,0.5,0.5,1,1,1,3,0.5,0.75,0.25,0.5,0.5,0.5,0.5,0.666666666667,0.555555555556,0.25,0.25,0.25,20,18,2,0,20,0,18,0,2,11,20,0.181818181818,3.04338842975,3.63636363636,2,2.5,1.68954001271,0.464623503495,0.245454545455,1.16774841624,0.642261628933,0.336363636364,1.94000937205,1.06700515463,0.536363636364,1.05689877454,0.347276990411,3.54545454545,3.04338842975,1.05689877454,3.54545454545,0.499047619048,0.4,8,0.0484848484848,0.255555555556,11,11,11,1,0,0.0909090909091,0.636363636364,0.272727272727,11,0.163636363636,3.12012987013,3.27272727273,1.8,2.25,1.42062726223,0.434080552347,0.227272727273,1.0269106361,0.627556499842,0.30303030303,1.62927758671,0.995669636321,0.505050505051,1.15288820184,0.369500068851,3.85714285714,3.12012987013,1.15288820184,3.85714285714,0.48,0.333333333333,5,0.030303030303,0.212592592593,11,11,11,1,0,0.0909090909091,0.636363636364,0.272727272727,11,20,0.181818181818,4.67561983471,3.63636363636,2,2.5,1.80403587951,0.496109866864,0.263636363636,1.07871977994,0.593295878968,0.3,1.8877596149,1.03826778819,0.527272727273,1.62699625981,0.347974454154,5.63636363636,4.67561983471,1.62699625981,5.63636363636,0.466666666667,0.352941176471,6,0.0363636363636,0.247407407407,11,11,11,1,0,0.0909090909091,0.636363636364,0.272727272727,0,0,1.63223140496,0,0,0,0.114495866797,0.0314863633692,0.0181818181818,-0.0890286363011,-0.0489657499656,-0.0363636363636,-0.0522497571515,-0.0287373664333,-0.00909090909091,0.570097485278,0.000697463742632,2.09090909091,1.63223140496,0.570097485278,2.09090909091,-0.032380952381,-0.0470588235294,-2,-0.0121212121212,-0.00814814814815,0,0,0,19,1,1,89,0.95,0.988888888889,0.0111111111111,0.05,0.95,0.95,0.95,0.938888888889,0.938888888889,0.904761904762,2,2,0,0,0,0
3657,WLNM_dir_neg,0.875,0.291666666667,00:00:00,10,90,7,1179281656,threshold_sweep,0.3,0.5,0.5,0.5,1,1,1,3,0.5,0.75,0.25,0.5,0.5,0.5,0.5,0.666666666667,0.555555555556,0.25,0.25,0.25,20,18,2,0,20,0,18,0,2,11,20,0.181818181818,3.04338842975,3.63636363636,2,2.5,1.68954001271,0.464623503495,0.245454545455,1.16774841624,0.642261628933,0.336363636364,1.94000937205,1.06700515463,0.536363636364,1.05689877454,0.347276990411,3.54545454545,3.04338842975,1.05689877454,3.54545454545,0.499047619048,0.4,8,0.0484848484848,0.255555555556,11,11,11,1,0,0.0909090909091,0.636363636364,0.272727272727,11,0.163636363636,3.12012987013,3.27272727273,1.8,2.25,1.42062726223,0.434080552347,0.227272727273,1.0269106361,0.627556499842,0.30303030303,1.62927758671,0.995669636321,0.505050505051,1.15288820184,0.369500068851,3.85714285714,3.12012987013,1.15288820184,3.85714285714,0.48,0.333333333333,5,0.030303030303,0.212592592593,11,11,11,1,0,0.0909090909091,0.636363636364,0.272727272727,11,20,0.181818181818,4.67561983471,3.63636363636,2,2.5,1.80403587951,0.496109866864,0.263636363636,1.07871977994,0.593295878968,0.3,1.8877596149,1.03826778819,0.527272727273,1.62699625981,0.347974454154,5.63636363636,4.67561983471,1.62699625981,5.63636363636,0.466666666667,0.352941176471,6,0.0363636363636,0.247407407407,11,11,11,1,0,0.0909090909091,0.636363636364,0.272727272727,0,0,1.63223140496,0,0,0,0.114495866797,0.0314863633692,0.0181818181818,-0.0890286363011,-0.0489657499656,-0.0363636363636,-0.0522497571515,-0.0287373664333,-0.00909090909091,0.570097485278,0.000697463742632,2.09090909091,1.63223140496,0.570097485278,2.09090909091,-0.032380952381,-0.0470588235294,-2,-0.0121212121212,-0.00814814814815,0,0,0,19,1,1,89,0.95,0.988888888889,0.0111111111111,0.05,0.95,0.95,0.95,0.938888888889,0.938888888889,0.904761904762,2,2,0,0,0,0
3658,WLNM_dir_neg,0.875,0.291666666667,00:00:00,10,90,7,1179281656,threshold_sweep,0.4,1,0.5,0.666666666667,1,0,1,4,0.5,1,0,0.5,1,0.5,0.666666666667,0.833333333333,0.611111111111,0.571428571429,0.632455532034,0.5,20,18,2,0,20,0,18,0,2,11,20,0.181818181818,3.04338842975,3.63636363636,2,2.5,1.68954001271,0.464623503495,0.245454545455,1.16774841624,0.642261628933,0.336363636364,1.94000937205,1.06700515463,0.536363636364,1.05689877454,0.347276990411,3.54545454545,3.04338842975,1.05689877454,3.54545454545,0.499047619048,0.4,8,0.0484848484848,0.255555555556,11,11,11,1,0,0.0909090909091,0.636363636364,0.272727272727,11,0.163636363636,3.12012987013,3.27272727273,1.8,2.25,1.42062726223,0.434080552347,0.227272727273,1.0269106361,0.627556499842,0.30303030303,1.62927758671,0.995669636321,0.505050505051,1.15288820184,0.369500068851,3.85714285714,3.12012987013,1.15288820184,3.85714285714,0.48,0.333333333333,5,0.030303030303,0.212592592593,11,11,11,1,0,0.0909090909091,0.636363636364,0.272727272727,11,19,0.172727272727,3.0847107438,3.45454545455,1.9,2.375,1.50755672289,0.436397998731,0.234449760766,1.1037127426,0.638991587822,0.325358851675,1.7372915179,1.00580035247,0.516746411483,1.09771037579,0.355855205548,3.63636363636,3.0847107438,1.09771037579,3.63636363636,0.466666666667,0.352941176471,6,0.0363636363636,0.23,11,11,11,1,0,0.0909090909091,0.636363636364,0.272727272727,-1,-0.00909090909091,0.0413223140496,-0.181818181818,-0.1,-0.125,-0.18198328982,-0.0282255047641,-0.011004784689,-0.0640356736404,-0.0032700411111,-0.011004784689,-0.202717854144,-0.0612048021559,-0.0196172248804,0.0408116012549,0.00857821513672,0.0909090909091,0.0413223140496,0.0408116012549,0.0909090909091,-0.032380952381,-0.0470588235294,-2,-0.0121212121212,-0.0255555555556,0,0,0,19,0,1,90,0.95,1,0,0.05,1,0.95,0.974358974359,0.969309258988,0.95,0.95,1,2,0,0,0,0
3659,WLNM_dir_neg,0.875,0.291666666667,00:00:00,10,90,7,1179281656,threshold_sweep,0.5,1,0.5,0.666666666667,1,0,1,4,0.5,1,0,0.5,1,0.5,0.666666666667,0.833333333333,0.611111111111,0.571428571429,0.632455532034,0.5,20,18,2,0,20,0,18,0,2,11,20,0.181818181818,3.04338842975,3.63636363636,2,2.5,1.68954001271,0.464623503495,0.245454545455,1.16774841624,0.642261628933,0.336363636364,1.94000937205,1.06700515463,0.536363636364,1.05689877454,0.347276990411,3.54545454545,3.04338842975,1.05689877454,3.54545454545,0.499047619048,0.4,8,0.0484848484848,0.255555555556,11,11,11,1,0,0.0909090909091,0.636363636364,0.272727272727,11,0.163636363636,3.12012987013,3.27272727273,1.8,2.25,1.42062726223,0.434080552347,0.227272727273,1.0269106361,0.627556499842,0.30303030303,1.62927758671,0.995669636321,0.505050505051,1.15288820184,0.369500068851,3.85714285714,3.12012987013,1.15288820184,3.85714285714,0.48,0.333333333333,5,0.030303030303,0.212592592593,11,11,11,1,0,0.0909090909091,0.636363636364,0.272727272727,11,19,0.172727272727,3.0847107438,3.45454545455,1.9,2.375,1.50755672289,0.436397998731,0.234449760766,1.1037127426,0.638991587822,0.325358851675,1.7372915179,1.00580035247,0.516746411483,1.09771037579,0.355855205548,3.63636363636,3.0847107438,1.09771037579,3.63636363636,0.466666666667,0.352941176471,6,0.0363636363636,0.23,11,11,11,1,0,0.0909090909091,0.636363636364,0.272727272727,-1,-0.00909090909091,0.0413223140496,-0.181818181818,-0.1,-0.125,-0.18198328982,-0.0282255047641,-0.011004784689,-0.0640356736404,-0.0032700411111,-0.011004784689,-0.202717854144,-0.0612048021559,-0.0196172248804,0.0408116012549,0.00857821513672,0.0909090909091,0.0413223140496,0.0408116012549,0.0909090909091,-0.032380952381,-0.0470588235294,-2,-0.0121212121212,-0.0255555555556,0,0,0,19,0,1,90,0.95,1,0,0.05,1,0.95,0.974358974359,0.969309258988,0.95,0.95,1,2,0,0,0,0
3660,WLNM_dir_neg,0.875,0.291666666667,00:00:00,10,90,7,1179281656,threshold_sweep,0.6,1,0.5,0.666666666667,1,0,1,4,0.5,1,0,0.5,1,0.5,0.666666666667,0.833333333333,0.611111111111,0.571428571429,0.632455532034,0.5,20,18,2,0,20,0,18,0,2,11,20,0.181818181818,3.04338842975,3.63636363636,2,2.5,1.68954001271,0.464623503495,0.245454545455,1.16774841624,0.642261628933,0.336363636364,1.94000937205,1.06700515463,0.536363636364,1.05689877454,0.347276990411,3.54545454545,3.04338842975,1.05689877454,3.54545454545,0.499047619048,0.4,8,0.0484848484848,0.255555555556,11,11,11,1,0,0.0909090909091,0.636363636364,0.272727272727,11,0.163636363636,3.12012987013,3.27272727273,1.8,2.25,1.42062726223,0.434080552347,0.227272727273,1.0269106361,0.627556499842,0.30303030303,1.62927758671,0.995669636321,0.505050505051,1.15288820184,0.369500068851,3.85714285714,3.12012987013,1.15288820184,3.85714285714,0.48,0.333333333333,5,0.030303030303,0.212592592593,11,11,11,1,0,0.0909090909091,0.636363636364,0.272727272727,11,19,0.172727272727,3.0847107438,3.45454545455,1.9,2.375,1.50755672289,0.436397998731,0.234449760766,1.1037127426,0.638991587822,0.325358851675,1.7372915179,1.00580035247,0.516746411483,1.09771037579,0.355855205548,3.63636363636,3.0847107438,1.09771037579,3.63636363636,0.466666666667,0.352941176471,6,0.0363636363636,0.23,11,11,11,1,0,0.0909090909091,0.636363636364,0.272727272727,-1,-0.00909090909091,0.0413223140496,-0.181818181818,-0.1,-0.125,-0.18198328982,-0.0282255047641,-0.011004784689,-0.0640356736404,-0.0032700411111,-0.011004784689,-0.202717854144,-0.0612048021559,-0.0196172248804,0.0408116012549,0.00857821513672,0.0909090909091,0.0413223140496,0.0408116012549,0.0909090909091,-0.032380952381,-0.0470588235294,-2,-0.0121212121212,-0.0255555555556,0,0,0,19,0,1,90,0.95,1,0,0.05,1,0.95,0.974358974359,0.969309258988,0.95,0.95,1,2,0,0,0,0
3661,WLNM_dir_neg,0.875,0.291666666667,00:00:00,10,90,7,1179281656,threshold_sweep,0.7,1,0.5,0.666666666667,1,0,1,4,0.5,1,0,0.5,1,0.5,0.666666666667,0.833333333333,0.611111111111,0.571428571429,0.632455532034,0.5,20,18,2,0,20,0,18,0,2,11,20,0.181818181818,3.04338842975,3.63636363636,2,2.5,1.68954001271,0.464623503495,0.245454545455,1.16774841624,0.642261628933,0.336363636364,1.94000937205,1.06700515463,0.536363636364,1.05689877454,0.347276990411,3.54545454545,3.04338842975,1.05689877454,3.54545454545,0.499047619048,0.4,8,0.0484848484848,0.255555555556,11,11,11,1,0,0.0909090909091,0.636363636364,0.272727272727,11,0.163636363636,3.12012987013,3.27272727273,1.8,2.25,1.42062726223,0.434080552347,0.227272727273,1.0269106361,0.627556499842,0.30303030303,1.62927758671,0.995669636321,0.505050505051,1.15288820184,0.369500068851,3.85714285714,3.12012987013,1.15288820184,3.85714285714,0.48,0.333333333333,5,0.030303030303,0.212592592593,11,11,11,1,0,0.0909090909091,0.636363636364,0.272727272727,11,19,0.172727272727,3.0847107438,3.45454545455,1.9,2.375,1.50755672289,0.436397998731,0.234449760766,1.1037127426,0.638991587822,0.325358851675,1.7372915179,1.00580035247,0.516746411483,1.09771037579,0.355855205548,3.63636363636,3.0847107438,1.09771037579,3.63636363636,0.466666666667,0.352941176471,6,0.0363636363636,0.23,11,11,11,1,0,0.0909090909091,0.636363636364,0.272727272727,-1,-0.00909090909091,0.0413223140496,-0.181818181818,-0.1,-0.125,-0.18198328982,-0.0282255047641,-0.011004784689,-0.0640356736404,-0.0032700411111,-0.011004784689,-0.202717854144,-0.0612048021559,-0.0196172248804,0.0408116012549,0.00857821513672,0.0909090909091,0.0413223140496,0.0408116012549,0.0909090909091,-0.032380952381,-0.0470588235294,-2,-0.0121212121212,-0.0255555555556,0,0,0,19,0,1,90,0.95,1,0,0.05,1,0.95,0.974358974359,0.969309258988,0.95,0.95,1,2,0,0,0,0
3662,WLNM_dir_neg,0.875,0.291666666667,00:00:00,10,90,7,1179281656,threshold_sweep,0.8,1,0.5,0.666666666667,1,0,1,4,0.5,1,0,0.5,1,0.5,0.666666666667,0.833333333333,0.611111111111,0.571428571429,0.632455532034,0.5,20,18,2,0,20,0,18,0,2,11,20,0.181818181818,3.04338842975,3.63636363636,2,2.5,1.68954001271,0.464623503495,0.245454545455,1.16774841624,0.642261628933,0.336363636364,1.94000937205,1.06700515463,0.536363636364,1.05689877454,0.347276990411,3.54545454545,3.04338842975,1.05689877454,3.54545454545,0.499047619048,0.4,8,0.0484848484848,0.255555555556,11,11,11,1,0,0.0909090909091,0.636363636364,0.272727272727,11,0.163636363636,3.12012987013,3.27272727273,1.8,2.25,1.42062726223,0.434080552347,0.227272727273,1.0269106361,0.627556499842,0.30303030303,1.62927758671,0.995669636321,0.505050505051,1.15288820184,0.369500068851,3.85714285714,3.12012987013,1.15288820184,3.85714285714,0.48,0.333333333333,5,0.030303030303,0.212592592593,11,11,11,1,0,0.0909090909091,0.636363636364,0.272727272727,11,19,0.172727272727,3.0847107438,3.45454545455,1.9,2.375,1.50755672289,0.436397998731,0.234449760766,1.1037127426,0.638991587822,0.325358851675,1.7372915179,1.00580035247,0.516746411483,1.09771037579,0.355855205548,3.63636363636,3.0847107438,1.09771037579,3.63636363636,0.466666666667,0.352941176471,6,0.0363636363636,0.23,11,11,11,1,0,0.0909090909091,0.636363636364,0.272727272727,-1,-0.00909090909091,0.0413223140496,-0.181818181818,-0.1,-0.125,-0.18198328982,-0.0282255047641,-0.011004784689,-0.0640356736404,-0.0032700411111,-0.011004784689,-0.202717854144,-0.0612048021559,-0.0196172248804,0.0408116012549,0.00857821513672,0.0909090909091,0.0413223140496,0.0408116012549,0.0909090909091,-0.032380952381,-0.0470588235294,-2,-0.0121212121212,-0.0255555555556,0,0,0,19,0,1,90,0.95,1,0,0.05,1,0.95,0.974358974359,0.969309258988,0.95,0.95,1,2,0,0,0,0
3663,WLNM_dir_neg,0.875,0.291666666667,00:00:00,10,90,7,1179281656,threshold_sweep,0.9,1,0.5,0.666666666667,1,0,1,4,0.5,1,0,0.5,1,0.5,0.666666666667,0.833333333333,0.611111111111,0.571428571429,0.632455532034,0.5,20,18,2,0,20,0,18,0,2,11,20,0.181818181818,3.04338842975,3.63636363636,2,2.5,1.68954001271,0.464623503495,0.245454545455,1.16774841624,0.642261628933,0.336363636364,1.94000937205,1.06700515463,0.536363636364,1.05689877454,0.347276990411,3.54545454545,3.04338842975,1.05689877454,3.54545454545,0.499047619048,0.4,8,0.0484848484848,0.255555555556,11,11,11,1,0,0.0909090909091,0.636363636364,0.272727272727,11,0.163636363636,3.12012987013,3.27272727273,1.8,2.25,1.42062726223,0.434080552347,0.227272727273,1.0269106361,0.627556499842,0.30303030303,1.62927758671,0.995669636321,0.505050505051,1.15288820184,0.369500068851,3.85714285714,3.12012987013,1.15288820184,3.85714285714,0.48,0.333333333333,5,0.030303030303,0.212592592593,11,11,11,1,0,0.0909090909091,0.636363636364,0.272727272727,11,19,0.172727272727,3.0847107438,3.45454545455,1.9,2.375,1.50755672289,0.436397998731,0.234449760766,1.1037127426,0.638991587822,0.325358851675,1.7372915179,1.00580035247,0.516746411483,1.09771037579,0.355855205548,3.63636363636,3.0847107438,1.09771037579,3.63636363636,0.466666666667,0.352941176471,6,0.0363636363636,0.23,11,11,11,1,0,0.0909090909091,0.636363636364,0.272727272727,-1,-0.00909090909091,0.0413223140496,-0.181818181818,-0.1,-0.125,-0.18198328982,-0.0282255047641,-0.011004784689,-0.0640356736404,-0.0032700411111,-0.011004784689,-0.202717854144,-0.0612048021559,-0.0196172248804,0.0408116012549,0.00857821513672,0.0909090909091,0.0413223140496,0.0408116012549,0.0909090909091,-0.032380952381,-0.0470588235294,-2,-0.0121212121212,-0.0255555555556,0,0,0,19,0,1,90,0.95,1,0,0.05,1,0.95,0.974358974359,0.969309258988,0.95,0.95,1,2,0,0,0,0
3664,WLNM_dir_neg,0.75,0.208333333333,00:00:00,10,90,8,1179281657,threshold_sweep,0.1,1,0.5,0.666666666667,1,0,1,4,0.5,1,0,0.5,1,0.5,0.666666666667,0.833333333333,0.611111111111,0.571428571429,0.632455532034,0.5,20,18,2,0,20,0,18,0,2,11,20,0.181818181818,3.04338842975,3.63636363636,2,2.5,1.68954001271,0.464623503495,0.245454545455,1.16774841624,0.642261628933,0.336363636364,1.94000937205,1.06700515463,0.536363636364,1.05689877454,0.347276990411,3.54545454545,3.04338842975,1.05689877454,3.54545454545,0.499047619048,0.4,8,0.0484848484848,0.255555555556,11,11,11,1,0,0.0909090909091,0.636363636364,0.272727272727,11,0.163636363636,3.11363636364,3.27272727273,1.8,2.25,1.7939291564,0.548145020011,0.287878787879,1.0269106361,0.627556499842,0.323232323232,1.85864075457,1.13583601668,0.545454545455,1.08094141536,0.347163666246,3.75,3.11363636364,1.08094141536,3.75,0.401058201058,0.294117647059,5,0.030303030303,0.260740740741,11,11,11,1,0,0.0909090909091,0.636363636364,0.272727272727,11,19,0.172727272727,3.08884297521,3.45454545455,1.9,2.375,1.86352549559,0.53944159083,0.287081339713,1.19087439228,0.689453595529,0.354066985646,1.90215189146,1.1012458319,0.545454545455,1.04183657517,0.337290235708,3.54545454545,3.08884297521,1.04183657517,3.54545454545,0.475132275132,0.368421052632,7,0.0424242424242,0.268518518519,11,11,11,1,0,0.0909090909091,0.636363636364,0.272727272727,-1,-0.00909090909091,0.0454545454545,-0.181818181818,-0.1,-0.125,0.173985482884,0.0748180873347,0.0416267942584,0.023125976035,0.0471919665957,0.0177033492823,-0.0378574805894,0.0342406772707,0.00909090909091,-0.0150621993632,-0.0099867547029,0,0.0454545454545,-0.0150621993632,0,-0.0239153439153,-0.0315789473684,-1,-0.00606060606061,0.012962962963,0,0,0,19,0,1,90,0.95,1,0,0.05,1,0.95,0.974358974359,0.969309258988,0.95,0.95,1,2,0,0,0,0
3665,WLNM_dir_neg,0.75,0.208333333333,00:00:00,10,90,8,1179281657,threshold_sweep,0.2,1,0.5,0.666666666667,1,0,1,4,0.5,1,0,0.5,1,0.5,0.666666666667,0.833333333333,0.611111111111,0.571428571429,0.632455532034,0.5,20,18,2,0,20,0,18,0,2,11,20,0.181818181818,3.04338842975,3.63636363636,2,2.5,1.68954001271,0.464623503495,0.245454545455,1.16774841624,0.642261628933,0.336363636364,1.94000937205,1.06700515463,0.536363636364,1.05689877454,0.347276990411,3.54545454545,3.04338842975,1.05689877454,3.54545454545,0.499047619048,0.4,8,0.0484848484848,0.255555555556,11,11,11,1,0,0.0909090909091,0.636363636364,0.272727272727,11,0.163636363636,3.11363636364,3.27272727273,1.8,2.25,1.7939291564,0.548145020011,0.287878787879,1.0269106361,0.627556499842,0.323232323232,1.85864075457,1.13583601668,0.545454545455,1.08094141536,0.347163666246,3.75,3.11363636364,1.08094141536,3.75,0.401058201058,0.294117647059,5,0.030303030303,0.260740740741,11,11,11,1,0,0.0909090909091,0.636363636364,0.272727272727,11,19,0.172727272727,3.08884297521,3.45454545455,1.9,2.375,1.86352549559,0.53944159083,0.287081339713,1.19087439228,0.689453595529,0.354066985646,1.90215189146,1.1012458319,0.545454545455,1.04183657517,0.337290235708,3.54545454545,3.08884297521,1.04183657517,3.54545454545,0.475132275132,0.368421052632,7,0.0424242424242,0.268518518519,11,11,11,1,0,0.0909090909091,0.636363636364,0.272727272727,-1,-0.00909090909091,0.0454545454545,-0.181818181818,-0.1,-0.125,0.173985482884,0.0748180873347,0.0416267942584,0.023125976035,0.0471919665957,0.0177033492823,-0.0378574805894,0.0342406772707,0.00909090909091,-0.0150621993632,-0.0099867547029,0,0.0454545454545,-0.0150621993632,0,-0.0239153439153,-0.0315789473684,-1,-0.00606060606061,0.012962962963,0,0,0,19,0,1,90,0.95,1,0,0.05,1,0.95,0.974358974359,0.969309258988,0.95,0.95,1,2,0,0,0,0
3666,WLNM_dir_neg,0.75,0.208333333333,00:00:00,10,90,8,1179281657,threshold_sweep,0.3,1,0.5,0.666666666667,1,0,1,4,0.5,1,0,0.5,1,0.5,0.666666666667,0.833333333333,0.611111111111,0.571428571429,0.632455532034,0.5,20,18,2,0,20,0,18,0,2,11,20,0.181818181818,3.04338842975,3.63636363636,2,2.5,1.68954001271,0.464623503495,0.245454545455,1.16774841624,0.642261628933,0.336363636364,1.94000937205,1.06700515463,0.536363636364,1.05689877454,0.347276990411,3.54545454545,3.04338842975,1.05689877454,3.54545454545,0.499047619048,0.4,8,0.0484848484848,0.255555555556,11,11,11,1,0,0.0909090909091,0.636363636364,0.272727272727,11,0.163636363636,3.11363636364,3.27272727273,1.8,2.25,1.7939291564,0.548145020011,0.287878787879,1.0269106361,0.627556499842,0.323232323232,1.85864075457,1.13583601668,0.545454545455,1.08094141536,0.347163666246,3.75,3.11363636364,1.08094141536,3.75,0.401058201058,0.294117647059,5,0.030303030303,0.260740740741,11,11,11,1,0,0.0909090909091,0.636363636364,0.272727272727,11,19,0.172727272727,3.08884297521,3.45454545455,1.9,2.375,1.86352549559,0.53944159083,0.287081339713,1.19087439228,0.689453595529,0.354066985646,1.90215189146,1.1012458319,0.545454545455,1.04183657517,0.337290235708,3.54545454545,3.08884297521,1.04183657517,3.54545454545,0.475132275132,0.368421052632,7,0.0424242424242,0.268518518519,11,11,11,1,0,0.0909090909091,0.636363636364,0.272727272727,-1,-0.00909090909091,0.0454545454545,-0.181818181818,-0.1,-0.125,0.173985482884,0.0748180873347,0.0416267942584,0.023125976035,0.0471919665957,0.0177033492823,-0.0378574805894,0.0342406772707,0.00909090909091,-0.0150621993632,-0.0099867547029,0,0.0454545454545,-0.0150621993632,0,-0.0239153439153,-0.0315789473684,-1,-0.00606060606061,0.012962962963,0,0,0,19,0,1,90,0.95,1,0,0.05,1,0.95,0.974358974359,0.969309258988,0.95,0.95,1,2,0,0,0,0
3667,WLNM_dir_neg,0.75,0.208333333333,00:00:00,10,90,8,1179281657,threshold_sweep,0.4,1,0.5,0.666666666667,1,0,1,4,0.5,1,0,0.5,1,0.5,0.666666666667,0.833333333333,0.611111111111,0.571428571429,0.632455532034,0.5,20,18,2,0,20,0,18,0,2,11,20,0.181818181818,3.04338842975,3.63636363636,2,2.5,1.68954001271,0.464623503495,0.245454545455,1.16774841624,0.642261628933,0.336363636364,1.94000937205,1.06700515463,0.536363636364,1.05689877454,0.347276990411,3.54545454545,3.04338842975,1.05689877454,3.54545454545,0.499047619048,0.4,8,0.0484848484848,0.255555555556,11,11,11,1,0,0.0909090909091,0.636363636364,0.272727272727,11,0.163636363636,3.11363636364,3.27272727273,1.8,2.25,1.7939291564,0.548145020011,0.287878787879,1.0269106361,0.627556499842,0.323232323232,1.85864075457,1.13583601668,0.545454545455,1.08094141536,0.347163666246,3.75,3.11363636364,1.08094141536,3.75,0.401058201058,0.294117647059,5,0.030303030303,0.260740740741,11,11,11,1,0,0.0909090909091,0.636363636364,0.272727272727,11,19,0.172727272727,3.08884297521,3.45454545455,1.9,2.375,1.86352549559,0.53944159083,0.287081339713,1.19087439228,0.689453595529,0.354066985646,1.90215189146,1.1012458319,0.545454545455,1.04183657517,0.337290235708,3.54545454545,3.08884297521,1.04183657517,3.54545454545,0.475132275132,0.368421052632,7,0.0424242424242,0.268518518519,11,11,11,1,0,0.0909090909091,0.636363636364,0.272727272727,-1,-0.00909090909091,0.0454545454545,-0.181818181818,-0.1,-0.125,0.173985482884,0.0748180873347,0.0416267942584,0.023125976035,0.0471919665957,0.0177033492823,-0.0378574805894,0.0342406772707,0.00909090909091,-0.0150621993632,-0.0099867547029,0,0.0454545454545,-0.0150621993632,0,-0.0239153439153,-0.0315789473684,-1,-0.00606060606061,0.012962962963,0,0,0,19,0,1,90,0.95,1,0,0.05,1,0.95,0.974358974359,0.969309258988,0.95,0.95,1,2,0,0,0,0
3668,WLNM_dir_neg,0.75,0.208333333333,00:00:00,10,90,8,1179281657,threshold_sweep,0.5,1,0.5,0.666666666667,1,0,1,4,0.5,1,0,0.5,1,0.5,0.666666666667,0.833333333333,0.611111111111,0.571428571429,0.632455532034,0.5,20,18,2,0,20,0,18,0,2,11,20,0.181818181818,3.04338842975,3.63636363636,2,2.5,1.68954001271,0.464623503495,0.245454545455,1.16774841624,0.642261628933,0.336363636364,1.94000937205,1.06700515463,0.536363636364,1.05689877454,0.347276990411,3.54545454545,3.04338842975,1.05689877454,3.54545454545,0.499047619048,0.4,8,0.0484848484848,0.255555555556,11,11,11,1,0,0.0909090909091,0.636363636364,0.272727272727,11,0.163636363636,3.11363636364,3.27272727273,1.8,2.25,1.7939291564,0.548145020011,0.287878787879,1.0269106361,0.627556499842,0.323232323232,1.85864075457,1.13583601668,0.545454545455,1.08094141536,0.347163666246,3.75,3.11363636364,1.08094141536,3.75,0.401058201058,0.294117647059,5,0.030303030303,0.260740740741,11,11,11,1,0,0.0909090909091,0.636363636364,0.272727272727,11,19,0.172727272727,3.08884297521,3.45454545455,1.9,2.375,1.86352549559,0.53944159083,0.287081339713,1.19087439228,0.689453595529,0.354066985646,1.90215189146,1.1012458319,0.545454545455,1.04183657517,0.337290235708,3.54545454545,3.08884297521,1.04183657517,3.54545454545,0.475132275132,0.368421052632,7,0.0424242424242,0.268518518519,11,11,11,1,0,0.0909090909091,0.636363636364,0.272727272727,-1,-0.00909090909091,0.0454545454545,-0.181818181818,-0.1,-0.125,0.173985482884,0.0748180873347,0.0416267942584,0.023125976035,0.0471919665957,0.0177033492823,-0.0378574805894,0.0342406772707,0.00909090909091,-0.0150621993632,-0.0099867547029,0,0.0454545454545,-0.0150621993632,0,-0.0239153439153,-0.0315789473684,-1,-0.00606060606061,0.012962962963,0,0,0,19,0,1,90,0.95,1,0,0.05,1,0.95,0.974358974359,0.969309258988,0.95,0.95,1,2,0,0,0,0
3669,WLNM_dir_neg,0.75,0.208333333333,00:00:00,10,90,8,1179281657,threshold_sweep,0.6,1,0.5,0.666666666667,1,0,1,4,0.5,1,0,0.5,1,0.5,0.666666666667,0.833333333333,0.611111111111,0.571428571429,0.632455532034,0.5,20,18,2,0,20,0,18,0,2,11,20,0.181818181818,3.04338842975,3.63636363636,2,2.5,1.68954001271,0.464623503495,0.245454545455,1.16774841624,0.642261628933,0.336363636364,1.94000937205,1.06700515463,0.536363636364,1.05689877454,0.347276990411,3.54545454545,3.04338842975,1.05689877454,3.54545454545,0.499047619048,0.4,8,0.0484848484848,0.255555555556,11,11,11,1,0,0.0909090909091,0.636363636364,0.272727272727,11,0.163636363636,3.11363636364,3.27272727273,1.8,2.25,1.7939291564,0.548145020011,0.287878787879,1.0269106361,0.627556499842,0.323232323232,1.85864075457,1.13583601668,0.545454545455,1.08094141536,0.347163666246,3.75,3.11363636364,1.08094141536,3.75,0.401058201058,0.294117647059,5,0.030303030303,0.260740740741,11,11,11,1,0,0.0909090909091,0.636363636364,0.272727272727,11,19,0.172727272727,3.08884297521,3.45454545455,1.9,2.375,1.86352549559,0.53944159083,0.287081339713,1.19087439228,0.689453595529,0.354066985646,1.90215189146,1.1012458319,0.545454545455,1.04183657517,0.337290235708,3.54545454545,3.08884297521,1.04183657517,3.54545454545,0.475132275132,0.368421052632,7,0.0424242424242,0.268518518519,11,11,11,1,0,0.0909090909091,0.636363636364,0.272727272727,-1,-0.00909090909091,0.0454545454545,-0.181818181818,-0.1,-0.125,0.173985482884,0.0748180873347,0.0416267942584,0.023125976035,0.0471919665957,0.0177033492823,-0.0378574805894,0.0342406772707,0.00909090909091,-0.0150621993632,-0.0099867547029,0,0.0454545454545,-0.0150621993632,0,-0.0239153439153,-0.0315789473684,-1,-0.00606060606061,0.012962962963,0,0,0,19,0,1,90,0.95,1,0,0.05,1,0.95,0.974358974359,0.969309258988,0.95,0.95,1,2,0,0,0,0
3670,WLNM_dir_neg,0.75,0.208333333333,00:00:00,10,90,8,1179281657,threshold_sweep,0.7,1,0.5,0.666666666667,1,0,1,4,0.5,1,0,0.5,1,0.5,0.666666666667,0.833333333333,0.611111111111,0.571428571429,0.632455532034,0.5,20,18,2,0,20,0,18,0,2,11,20,0.181818181818,3.04338842975,3.63636363636,2,2.5,1.68954001271,0.464623503495,0.245454545455,1.16774841624,0.642261628933,0.336363636364,1.94000937205,1.06700515463,0.536363636364,1.05689877454,0.347276990411,3.54545454545,3.04338842975,1.05689877454,3.54545454545,0.499047619048,0.4,8,0.0484848484848,0.255555555556,11,11,11,1,0,0.0909090909091,0.636363636364,0.272727272727,11,0.163636363636,3.11363636364,3.27272727273,1.8,2.25,1.7939291564,0.548145020011,0.287878787879,1.0269106361,0.627556499842,0.323232323232,1.85864075457,1.13583601668,0.545454545455,1.08094141536,0.347163666246,3.75,3.11363636364,1.08094141536,3.75,0.401058201058,0.294117647059,5,0.030303030303,0.260740740741,11,11,11,1,0,0.0909090909091,0.636363636364,0.272727272727,11,19,0.172727272727,3.08884297521,3.45454545455,1.9,2.375,1.86352549559,0.53944159083,0.287081339713,1.19087439228,0.689453595529,0.354066985646,1.90215189146,1.1012458319,0.545454545455,1.04183657517,0.337290235708,3.54545454545,3.08884297521,1.04183657517,3.54545454545,0.475132275132,0.368421052632,7,0.0424242424242,0.268518518519,11,11,11,1,0,0.0909090909091,0.636363636364,0.272727272727,-1,-0.00909090909091,0.0454545454545,-0.181818181818,-0.1,-0.125,0.173985482884,0.0748180873347,0.0416267942584,0.023125976035,0.0471919665957,0.0177033492823,-0.0378574805894,0.0342406772707,0.00909090909091,-0.0150621993632,-0.0099867547029,0,0.0454545454545,-0.0150621993632,0,-0.0239153439153,-0.0315789473684,-1,-0.00606060606061,0.012962962963,0,0,0,19,0,1,90,0.95,1,0,0.05,1,0.95,0.974358974359,0.969309258988,0.95,0.95,1,2,0,0,0,0
3671,WLNM_dir_neg,0.75,0.208333333333,00:00:00,10,90,8,1179281657,threshold_sweep,0.8,0,0,0,0,0,2,4,0,1,0,1,0,0,0,0.666666666667,0.666666666667,0,0,0,20,18,2,0,20,0,18,0,2,11,20,0.181818181818,3.04338842975,3.63636363636,2,2.5,1.68954001271,0.464623503495,0.245454545455,1.16774841624,0.642261628933,0.336363636364,1.94000937205,1.06700515463,0.536363636364,1.05689877454,0.347276990411,3.54545454545,3.04338842975,1.05689877454,3.54545454545,0.499047619048,0.4,8,0.0484848484848,0.255555555556,11,11,11,1,0,0.0909090909091,0.636363636364,0.272727272727,11,0.163636363636,3.11363636364,3.27272727273,1.8,2.25,1.7939291564,0.548145020011,0.287878787879,1.0269106361,0.627556499842,0.323232323232,1.85864075457,1.13583601668,0.545454545455,1.08094141536,0.347163666246,3.75,3.11363636364,1.08094141536,3.75,0.401058201058,0.294117647059,5,0.030303030303,0.260740740741,11,11,11,1,0,0.0909090909091,0.636363636364,0.272727272727,11,18,0.163636363636,3.11363636364,3.27272727273,1.8,2.25,1.7939291564,0.548145020011,0.287878787879,1.0269106361,0.627556499842,0.323232323232,1.85864075457,1.13583601668,0.545454545455,1.08094141536,0.347163666246,3.75,3.11363636364,1.08094141536,3.75,0.401058201058,0.294117647059,5,0.030303030303,0.260740740741,11,11,11,1,0,0.0909090909091,0.636363636364,0.272727272727,-2,-0.0181818181818,0.0702479338843,-0.363636363636,-0.2,-0.25,0.104389143691,0.0835215165161,0.0424242424242,-0.140837780137,-0.0147051290913,-0.0131313131313,-0.0813686174794,0.0688308620544,0.00909090909091,0.0240426408202,-0.000113324165224,0.204545454545,0.0702479338843,0.0240426408202,0.204545454545,-0.0979894179894,-0.105882352941,-3,-0.0181818181818,0.00518518518519,0,0,0,18,0,2,90,0.9,1,0,0.1,1,0.9,0.947368421053,0.938314863257,0.9,0.9,0,2,0,0,0,0
3672,WLNM_dir_neg,0.75,0.208333333333,00:00:00,10,90,8,1179281657,threshold_sweep,0.9,0,0,0,0,0,2,4,0,1,0,1,0,0,0,0.666666666667,0.666666666667,0,0,0,20,18,2,0,20,0,18,0,2,11,20,0.181818181818,3.04338842975,3.63636363636,2,2.5,1.68954001271,0.464623503495,0.245454545455,1.16774841624,0.642261628933,0.336363636364,1.94000937205,1.06700515463,0.536363636364,1.05689877454,0.347276990411,3.54545454545,3.04338842975,1.05689877454,3.54545454545,0.499047619048,0.4,8,0.0484848484848,0.255555555556,11,11,11,1,0,0.0909090909091,0.636363636364,0.272727272727,11,0.163636363636,3.11363636364,3.27272727273,1.8,2.25,1.7939291564,0.548145020011,0.287878787879,1.0269106361,0.627556499842,0.323232323232,1.85864075457,1.13583601668,0.545454545455,1.08094141536,0.347163666246,3.75,3.11363636364,1.08094141536,3.75,0.401058201058,0.294117647059,5,0.030303030303,0.260740740741,11,11,11,1,0,0.0909090909091,0.636363636364,0.272727272727,11,18,0.163636363636,3.11363636364,3.27272727273,1.8,2.25,1.7939291564,0.548145020011,0.287878787879,1.0269106361,0.627556499842,0.323232323232,1.85864075457,1.13583601668,0.545454545455,1.08094141536,0.347163666246,3.75,3.11363636364,1.08094141536,3.75,0.401058201058,0.294117647059,5,0.030303030303,0.260740740741,11,11,11,1,0,0.0909090909091,0.636363636364,0.272727272727,-2,-0.0181818181818,0.0702479338843,-0.363636363636,-0.2,-0.25,0.104389143691,0.0835215165161,0.0424242424242,-0.140837780137,-0.0147051290913,-0.0131313131313,-0.0813686174794,0.0688308620544,0.00909090909091,0.0240426408202,-0.000113324165224,0.204545454545,0.0702479338843,0.0240426408202,0.204545454545,-0.0979894179894,-0.105882352941,-3,-0.0181818181818,0.00518518518519,0,0,0,18,0,2,90,0.9,1,0,0.1,1,0.9,0.947368421053,0.938314863257,0.9,0.9,0,2,0,0,0,0
3673,WLNM_dir_neg,1,0,00:00:00,10,90,9,1179281658,threshold_sweep,0.1,1,1,1,2,0,0,4,1,1,0,0,1,1,1,1,0.555555555556,1,1,1,20,18,2,0,20,0,18,0,2,11,20,0.181818181818,3.04338842975,3.63636363636,2,2.5,1.68954001271,0.464623503495,0.245454545455,1.16774841624,0.642261628933,0.336363636364,1.94000937205,1.06700515463,0.536363636364,1.05689877454,0.347276990411,3.54545454545,3.04338842975,1.05689877454,3.54545454545,0.499047619048,0.4,8,0.0484848484848,0.255555555556,11,11,11,1,0,0.0909090909091,0.636363636364,0.272727272727,11,0.163636363636,3.15702479339,3.27272727273,1.8,2.25,2.00454030096,0.612498425294,0.323232323232,1.20604537831,0.73702773119,0.363636363636,1.91168654715,1.16825288992,0.555555555556,1.04198530063,0.330052935539,3.54545454545,3.15702479339,1.04198530063,3.54545454545,0.361904761905,0.333333333333,6,0.0363636363636,0.303703703704,11,11,11,1,0,0.0909090909091,0.636363636364,0.272727272727,11,20,0.181818181818,3.04338842975,3.63636363636,2,2.5,1.68954001271,0.464623503495,0.245454545455,1.16774841624,0.642261628933,0.336363636364,1.94000937205,1.06700515463,0.536363636364,1.05689877454,0.347276990411,3.54545454545,3.04338842975,1.05689877454,3.54545454545,0.499047619048,0.4,8,0.0484848484848,0.255555555556,11,11,11,1,0,0.0909090909091,0.636363636364,0.272727272727,0,0,0,0,0,0,0,0,0,0,0,0,0,0,0,0,0,0,0,0,0,0,0,0,0,0,0,0,0,20,0,0,90,1,1,0,0,1,1,1,1,1,1,2,2,0,0,0,0
3674,WLNM_dir_neg,1,0,00:00:00,10,90,9,1179281658,threshold_sweep,0.2,1,1,1,2,0,0,4,1,1,0,0,1,1,1,1,0.555555555556,1,1,1,20,18,2,0,20,0,18,0,2,11,20,0.181818181818,3.04338842975,3.63636363636,2,2.5,1.68954001271,0.464623503495,0.245454545455,1.16774841624,0.642261628933,0.336363636364,1.94000937205,1.06700515463,0.536363636364,1.05689877454,0.347276990411,3.54545454545,3.04338842975,1.05689877454,3.54545454545,0.499047619048,0.4,8,0.0484848484848,0.255555555556,11,11,11,1,0,0.0909090909091,0.636363636364,0.272727272727,11,0.163636363636,3.15702479339,3.27272727273,1.8,2.25,2.00454030096,0.612498425294,0.323232323232,1.20604537831,0.73702773119,0.363636363636,1.91168654715,1.16825288992,0.555555555556,1.04198530063,0.330052935539,3.54545454545,3.15702479339,1.04198530063,3.54545454545,0.361904761905,0.333333333333,6,0.0363636363636,0.303703703704,11,11,11,1,0,0.0909090909091,0.636363636364,0.272727272727,11,20,0.181818181818,3.04338842975,3.63636363636,2,2.5,1.68954001271,0.464623503495,0.245454545455,1.16774841624,0.642261628933,0.336363636364,1.94000937205,1.06700515463,0.536363636364,1.05689877454,0.347276990411,3.54545454545,3.04338842975,1.05689877454,3.54545454545,0.499047619048,0.4,8,0.0484848484848,0.255555555556,11,11,11,1,0,0.0909090909091,0.636363636364,0.272727272727,0,0,0,0,0,0,0,0,0,0,0,0,0,0,0,0,0,0,0,0,0,0,0,0,0,0,0,0,0,20,0,0,90,1,1,0,0,1,1,1,1,1,1,2,2,0,0,0,0
3675,WLNM_dir_neg,1,0,00:00:00,10,90,9,1179281658,threshold_sweep,0.3,1,1,1,2,0,0,4,1,1,0,0,1,1,1,1,0.555555555556,1,1,1,20,18,2,0,20,0,18,0,2,11,20,0.181818181818,3.04338842975,3.63636363636,2,2.5,1.68954001271,0.464623503495,0.245454545455,1.16774841624,0.642261628933,0.336363636364,1.94000937205,1.06700515463,0.536363636364,1.05689877454,0.347276990411,3.54545454545,3.04338842975,1.05689877454,3.54545454545,0.499047619048,0.4,8,0.0484848484848,0.255555555556,11,11,11,1,0,0.0909090909091,0.636363636364,0.272727272727,11,0.163636363636,3.15702479339,3.27272727273,1.8,2.25,2.00454030096,0.612498425294,0.323232323232,1.20604537831,0.73702773119,0.363636363636,1.91168654715,1.16825288992,0.555555555556,1.04198530063,0.330052935539,3.54545454545,3.15702479339,1.04198530063,3.54545454545,0.361904761905,0.333333333333,6,0.0363636363636,0.303703703704,11,11,11,1,0,0.0909090909091,0.636363636364,0.272727272727,11,20,0.181818181818,3.04338842975,3.63636363636,2,2.5,1.68954001271,0.464623503495,0.245454545455,1.16774841624,0.642261628933,0.336363636364,1.94000937205,1.06700515463,0.536363636364,1.05689877454,0.347276990411,3.54545454545,3.04338842975,1.05689877454,3.54545454545,0.499047619048,0.4,8,0.0484848484848,0.255555555556,11,11,11,1,0,0.0909090909091,0.636363636364,0.272727272727,0,0,0,0,0,0,0,0,0,0,0,0,0,0,0,0,0,0,0,0,0,0,0,0,0,0,0,0,0,20,0,0,90,1,1,0,0,1,1,1,1,1,1,2,2,0,0,0,0
3676,WLNM_dir_neg,1,0,00:00:00,10,90,9,1179281658,threshold_sweep,0.4,1,1,1,2,0,0,4,1,1,0,0,1,1,1,1,0.555555555556,1,1,1,20,18,2,0,20,0,18,0,2,11,20,0.181818181818,3.04338842975,3.63636363636,2,2.5,1.68954001271,0.464623503495,0.245454545455,1.16774841624,0.642261628933,0.336363636364,1.94000937205,1.06700515463,0.536363636364,1.05689877454,0.347276990411,3.54545454545,3.04338842975,1.05689877454,3.54545454545,0.499047619048,0.4,8,0.0484848484848,0.255555555556,11,11,11,1,0,0.0909090909091,0.636363636364,0.272727272727,11,0.163636363636,3.15702479339,3.27272727273,1.8,2.25,2.00454030096,0.612498425294,0.323232323232,1.20604537831,0.73702773119,0.363636363636,1.91168654715,1.16825288992,0.555555555556,1.04198530063,0.330052935539,3.54545454545,3.15702479339,1.04198530063,3.54545454545,0.361904761905,0.333333333333,6,0.0363636363636,0.303703703704,11,11,11,1,0,0.0909090909091,0.636363636364,0.272727272727,11,20,0.181818181818,3.04338842975,3.63636363636,2,2.5,1.68954001271,0.464623503495,0.245454545455,1.16774841624,0.642261628933,0.336363636364,1.94000937205,1.06700515463,0.536363636364,1.05689877454,0.347276990411,3.54545454545,3.04338842975,1.05689877454,3.54545454545,0.499047619048,0.4,8,0.0484848484848,0.255555555556,11,11,11,1,0,0.0909090909091,0.636363636364,0.272727272727,0,0,0,0,0,0,0,0,0,0,0,0,0,0,0,0,0,0,0,0,0,0,0,0,0,0,0,0,0,20,0,0,90,1,1,0,0,1,1,1,1,1,1,2,2,0,0,0,0
3677,WLNM_dir_neg,1,0,00:00:00,10,90,9,1179281658,threshold_sweep,0.5,1,1,1,2,0,0,4,1,1,0,0,1,1,1,1,0.555555555556,1,1,1,20,18,2,0,20,0,18,0,2,11,20,0.181818181818,3.04338842975,3.63636363636,2,2.5,1.68954001271,0.464623503495,0.245454545455,1.16774841624,0.642261628933,0.336363636364,1.94000937205,1.06700515463,0.536363636364,1.05689877454,0.347276990411,3.54545454545,3.04338842975,1.05689877454,3.54545454545,0.499047619048,0.4,8,0.0484848484848,0.255555555556,11,11,11,1,0,0.0909090909091,0.636363636364,0.272727272727,11,0.163636363636,3.15702479339,3.27272727273,1.8,2.25,2.00454030096,0.612498425294,0.323232323232,1.20604537831,0.73702773119,0.363636363636,1.91168654715,1.16825288992,0.555555555556,1.04198530063,0.330052935539,3.54545454545,3.15702479339,1.04198530063,3.54545454545,0.361904761905,0.333333333333,6,0.0363636363636,0.303703703704,11,11,11,1,0,0.0909090909091,0.636363636364,0.272727272727,11,20,0.181818181818,3.04338842975,3.63636363636,2,2.5,1.68954001271,0.464623503495,0.245454545455,1.16774841624,0.642261628933,0.336363636364,1.94000937205,1.06700515463,0.536363636364,1.05689877454,0.347276990411,3.54545454545,3.04338842975,1.05689877454,3.54545454545,0.499047619048,0.4,8,0.0484848484848,0.255555555556,11,11,11,1,0,0.0909090909091,0.636363636364,0.272727272727,0,0,0,0,0,0,0,0,0,0,0,0,0,0,0,0,0,0,0,0,0,0,0,0,0,0,0,0,0,20,0,0,90,1,1,0,0,1,1,1,1,1,1,2,2,0,0,0,0
3678,WLNM_dir_neg,1,0,00:00:00,10,90,9,1179281658,threshold_sweep,0.6,1,1,1,2,0,0,4,1,1,0,0,1,1,1,1,0.555555555556,1,1,1,20,18,2,0,20,0,18,0,2,11,20,0.181818181818,3.04338842975,3.63636363636,2,2.5,1.68954001271,0.464623503495,0.245454545455,1.16774841624,0.642261628933,0.336363636364,1.94000937205,1.06700515463,0.536363636364,1.05689877454,0.347276990411,3.54545454545,3.04338842975,1.05689877454,3.54545454545,0.499047619048,0.4,8,0.0484848484848,0.255555555556,11,11,11,1,0,0.0909090909091,0.636363636364,0.272727272727,11,0.163636363636,3.15702479339,3.27272727273,1.8,2.25,2.00454030096,0.612498425294,0.323232323232,1.20604537831,0.73702773119,0.363636363636,1.91168654715,1.16825288992,0.555555555556,1.04198530063,0.330052935539,3.54545454545,3.15702479339,1.04198530063,3.54545454545,0.361904761905,0.333333333333,6,0.0363636363636,0.303703703704,11,11,11,1,0,0.0909090909091,0.636363636364,0.272727272727,11,20,0.181818181818,3.04338842975,3.63636363636,2,2.5,1.68954001271,0.464623503495,0.245454545455,1.16774841624,0.642261628933,0.336363636364,1.94000937205,1.06700515463,0.536363636364,1.05689877454,0.347276990411,3.54545454545,3.04338842975,1.05689877454,3.54545454545,0.499047619048,0.4,8,0.0484848484848,0.255555555556,11,11,11,1,0,0.0909090909091,0.636363636364,0.272727272727,0,0,0,0,0,0,0,0,0,0,0,0,0,0,0,0,0,0,0,0,0,0,0,0,0,0,0,0,0,20,0,0,90,1,1,0,0,1,1,1,1,1,1,2,2,0,0,0,0
3679,WLNM_dir_neg,1,0,00:00:00,10,90,9,1179281658,threshold_sweep,0.7,1,1,1,2,0,0,4,1,1,0,0,1,1,1,1,0.555555555556,1,1,1,20,18,2,0,20,0,18,0,2,11,20,0.181818181818,3.04338842975,3.63636363636,2,2.5,1.68954001271,0.464623503495,0.245454545455,1.16774841624,0.642261628933,0.336363636364,1.94000937205,1.06700515463,0.536363636364,1.05689877454,0.347276990411,3.54545454545,3.04338842975,1.05689877454,3.54545454545,0.499047619048,0.4,8,0.0484848484848,0.255555555556,11,11,11,1,0,0.0909090909091,0.636363636364,0.272727272727,11,0.163636363636,3.15702479339,3.27272727273,1.8,2.25,2.00454030096,0.612498425294,0.323232323232,1.20604537831,0.73702773119,0.363636363636,1.91168654715,1.16825288992,0.555555555556,1.04198530063,0.330052935539,3.54545454545,3.15702479339,1.04198530063,3.54545454545,0.361904761905,0.333333333333,6,0.0363636363636,0.303703703704,11,11,11,1,0,0.0909090909091,0.636363636364,0.272727272727,11,20,0.181818181818,3.04338842975,3.63636363636,2,2.5,1.68954001271,0.464623503495,0.245454545455,1.16774841624,0.642261628933,0.336363636364,1.94000937205,1.06700515463,0.536363636364,1.05689877454,0.347276990411,3.54545454545,3.04338842975,1.05689877454,3.54545454545,0.499047619048,0.4,8,0.0484848484848,0.255555555556,11,11,11,1,0,0.0909090909091,0.636363636364,0.272727272727,0,0,0,0,0,0,0,0,0,0,0,0,0,0,0,0,0,0,0,0,0,0,0,0,0,0,0,0,0,20,0,0,90,1,1,0,0,1,1,1,1,1,1,2,2,0,0,0,0
3680,WLNM_dir_neg,1,0,00:00:00,10,90,9,1179281658,threshold_sweep,0.8,1,1,1,2,0,0,4,1,1,0,0,1,1,1,1,0.555555555556,1,1,1,20,18,2,0,20,0,18,0,2,11,20,0.181818181818,3.04338842975,3.63636363636,2,2.5,1.68954001271,0.464623503495,0.245454545455,1.16774841624,0.642261628933,0.336363636364,1.94000937205,1.06700515463,0.536363636364,1.05689877454,0.347276990411,3.54545454545,3.04338842975,1.05689877454,3.54545454545,0.499047619048,0.4,8,0.0484848484848,0.255555555556,11,11,11,1,0,0.0909090909091,0.636363636364,0.272727272727,11,0.163636363636,3.15702479339,3.27272727273,1.8,2.25,2.00454030096,0.612498425294,0.323232323232,1.20604537831,0.73702773119,0.363636363636,1.91168654715,1.16825288992,0.555555555556,1.04198530063,0.330052935539,3.54545454545,3.15702479339,1.04198530063,3.54545454545,0.361904761905,0.333333333333,6,0.0363636363636,0.303703703704,11,11,11,1,0,0.0909090909091,0.636363636364,0.272727272727,11,20,0.181818181818,3.04338842975,3.63636363636,2,2.5,1.68954001271,0.464623503495,0.245454545455,1.16774841624,0.642261628933,0.336363636364,1.94000937205,1.06700515463,0.536363636364,1.05689877454,0.347276990411,3.54545454545,3.04338842975,1.05689877454,3.54545454545,0.499047619048,0.4,8,0.0484848484848,0.255555555556,11,11,11,1,0,0.0909090909091,0.636363636364,0.272727272727,0,0,0,0,0,0,0,0,0,0,0,0,0,0,0,0,0,0,0,0,0,0,0,0,0,0,0,0,0,20,0,0,90,1,1,0,0,1,1,1,1,1,1,2,2,0,0,0,0
3681,WLNM_dir_neg,1,0,00:00:00,10,90,9,1179281658,threshold_sweep,0.9,1,1,1,2,0,0,4,1,1,0,0,1,1,1,1,0.555555555556,1,1,1,20,18,2,0,20,0,18,0,2,11,20,0.181818181818,3.04338842975,3.63636363636,2,2.5,1.68954001271,0.464623503495,0.245454545455,1.16774841624,0.642261628933,0.336363636364,1.94000937205,1.06700515463,0.536363636364,1.05689877454,0.347276990411,3.54545454545,3.04338842975,1.05689877454,3.54545454545,0.499047619048,0.4,8,0.0484848484848,0.255555555556,11,11,11,1,0,0.0909090909091,0.636363636364,0.272727272727,11,0.163636363636,3.15702479339,3.27272727273,1.8,2.25,2.00454030096,0.612498425294,0.323232323232,1.20604537831,0.73702773119,0.363636363636,1.91168654715,1.16825288992,0.555555555556,1.04198530063,0.330052935539,3.54545454545,3.15702479339,1.04198530063,3.54545454545,0.361904761905,0.333333333333,6,0.0363636363636,0.303703703704,11,11,11,1,0,0.0909090909091,0.636363636364,0.272727272727,11,20,0.181818181818,3.04338842975,3.63636363636,2,2.5,1.68954001271,0.464623503495,0.245454545455,1.16774841624,0.642261628933,0.336363636364,1.94000937205,1.06700515463,0.536363636364,1.05689877454,0.347276990411,3.54545454545,3.04338842975,1.05689877454,3.54545454545,0.499047619048,0.4,8,0.0484848484848,0.255555555556,11,11,11,1,0,0.0909090909091,0.636363636364,0.272727272727,0,0,0,0,0,0,0,0,0,0,0,0,0,0,0,0,0,0,0,0,0,0,0,0,0,0,0,0,0,20,0,0,90,1,1,0,0,1,1,1,1,1,1,2,2,0,0,0,0
3682,WLNM_dir_neg,1,0,00:00:00,10,90,10,1179281659,threshold_sweep,0.1,1,1,1,2,0,0,4,1,1,0,0,1,1,1,1,0.555555555556,1,1,1,20,18,2,0,20,0,18,0,2,11,20,0.181818181818,3.04338842975,3.63636363636,2,2.5,1.68954001271,0.464623503495,0.245454545455,1.16774841624,0.642261628933,0.336363636364,1.94000937205,1.06700515463,0.536363636364,1.05689877454,0.347276990411,3.54545454545,3.04338842975,1.05689877454,3.54545454545,0.499047619048,0.4,8,0.0484848484848,0.255555555556,11,11,11,1,0,0.0909090909091,0.636363636364,0.272727272727,11,0.163636363636,3.15702479339,3.27272727273,1.8,2.25,2.00454030096,0.612498425294,0.323232323232,1.20604537831,0.73702773119,0.363636363636,1.91168654715,1.16825288992,0.555555555556,1.04198530063,0.330052935539,3.54545454545,3.15702479339,1.04198530063,3.54545454545,0.361904761905,0.333333333333,6,0.0363636363636,0.303703703704,11,11,11,1,0,0.0909090909091,0.636363636364,0.272727272727,11,20,0.181818181818,3.04338842975,3.63636363636,2,2.5,1.68954001271,0.464623503495,0.245454545455,1.16774841624,0.642261628933,0.336363636364,1.94000937205,1.06700515463,0.536363636364,1.05689877454,0.347276990411,3.54545454545,3.04338842975,1.05689877454,3.54545454545,0.499047619048,0.4,8,0.0484848484848,0.255555555556,11,11,11,1,0,0.0909090909091,0.636363636364,0.272727272727,0,0,0,0,0,0,0,0,0,0,0,0,0,0,0,0,0,0,0,0,0,0,0,0,0,0,0,0,0,20,0,0,90,1,1,0,0,1,1,1,1,1,1,2,2,0,0,0,0
3683,WLNM_dir_neg,1,0,00:00:00,10,90,10,1179281659,threshold_sweep,0.2,1,1,1,2,0,0,4,1,1,0,0,1,1,1,1,0.555555555556,1,1,1,20,18,2,0,20,0,18,0,2,11,20,0.181818181818,3.04338842975,3.63636363636,2,2.5,1.68954001271,0.464623503495,0.245454545455,1.16774841624,0.642261628933,0.336363636364,1.94000937205,1.06700515463,0.536363636364,1.05689877454,0.347276990411,3.54545454545,3.04338842975,1.05689877454,3.54545454545,0.499047619048,0.4,8,0.0484848484848,0.255555555556,11,11,11,1,0,0.0909090909091,0.636363636364,0.272727272727,11,0.163636363636,3.15702479339,3.27272727273,1.8,2.25,2.00454030096,0.612498425294,0.323232323232,1.20604537831,0.73702773119,0.363636363636,1.91168654715,1.16825288992,0.555555555556,1.04198530063,0.330052935539,3.54545454545,3.15702479339,1.04198530063,3.54545454545,0.361904761905,0.333333333333,6,0.0363636363636,0.303703703704,11,11,11,1,0,0.0909090909091,0.636363636364,0.272727272727,11,20,0.181818181818,3.04338842975,3.63636363636,2,2.5,1.68954001271,0.464623503495,0.245454545455,1.16774841624,0.642261628933,0.336363636364,1.94000937205,1.06700515463,0.536363636364,1.05689877454,0.347276990411,3.54545454545,3.04338842975,1.05689877454,3.54545454545,0.499047619048,0.4,8,0.0484848484848,0.255555555556,11,11,11,1,0,0.0909090909091,0.636363636364,0.272727272727,0,0,0,0,0,0,0,0,0,0,0,0,0,0,0,0,0,0,0,0,0,0,0,0,0,0,0,0,0,20,0,0,90,1,1,0,0,1,1,1,1,1,1,2,2,0,0,0,0
3684,WLNM_dir_neg,1,0,00:00:00,10,90,10,1179281659,threshold_sweep,0.3,1,1,1,2,0,0,4,1,1,0,0,1,1,1,1,0.555555555556,1,1,1,20,18,2,0,20,0,18,0,2,11,20,0.181818181818,3.04338842975,3.63636363636,2,2.5,1.68954001271,0.464623503495,0.245454545455,1.16774841624,0.642261628933,0.336363636364,1.94000937205,1.06700515463,0.536363636364,1.05689877454,0.347276990411,3.54545454545,3.04338842975,1.05689877454,3.54545454545,0.499047619048,0.4,8,0.0484848484848,0.255555555556,11,11,11,1,0,0.0909090909091,0.636363636364,0.272727272727,11,0.163636363636,3.15702479339,3.27272727273,1.8,2.25,2.00454030096,0.612498425294,0.323232323232,1.20604537831,0.73702773119,0.363636363636,1.91168654715,1.16825288992,0.555555555556,1.04198530063,0.330052935539,3.54545454545,3.15702479339,1.04198530063,3.54545454545,0.361904761905,0.333333333333,6,0.0363636363636,0.303703703704,11,11,11,1,0,0.0909090909091,0.636363636364,0.272727272727,11,20,0.181818181818,3.04338842975,3.63636363636,2,2.5,1.68954001271,0.464623503495,0.245454545455,1.16774841624,0.642261628933,0.336363636364,1.94000937205,1.06700515463,0.536363636364,1.05689877454,0.347276990411,3.54545454545,3.04338842975,1.05689877454,3.54545454545,0.499047619048,0.4,8,0.0484848484848,0.255555555556,11,11,11,1,0,0.0909090909091,0.636363636364,0.272727272727,0,0,0,0,0,0,0,0,0,0,0,0,0,0,0,0,0,0,0,0,0,0,0,0,0,0,0,0,0,20,0,0,90,1,1,0,0,1,1,1,1,1,1,2,2,0,0,0,0
3685,WLNM_dir_neg,1,0,00:00:00,10,90,10,1179281659,threshold_sweep,0.4,1,1,1,2,0,0,4,1,1,0,0,1,1,1,1,0.555555555556,1,1,1,20,18,2,0,20,0,18,0,2,11,20,0.181818181818,3.04338842975,3.63636363636,2,2.5,1.68954001271,0.464623503495,0.245454545455,1.16774841624,0.642261628933,0.336363636364,1.94000937205,1.06700515463,0.536363636364,1.05689877454,0.347276990411,3.54545454545,3.04338842975,1.05689877454,3.54545454545,0.499047619048,0.4,8,0.0484848484848,0.255555555556,11,11,11,1,0,0.0909090909091,0.636363636364,0.272727272727,11,0.163636363636,3.15702479339,3.27272727273,1.8,2.25,2.00454030096,0.612498425294,0.323232323232,1.20604537831,0.73702773119,0.363636363636,1.91168654715,1.16825288992,0.555555555556,1.04198530063,0.330052935539,3.54545454545,3.15702479339,1.04198530063,3.54545454545,0.361904761905,0.333333333333,6,0.0363636363636,0.303703703704,11,11,11,1,0,0.0909090909091,0.636363636364,0.272727272727,11,20,0.181818181818,3.04338842975,3.63636363636,2,2.5,1.68954001271,0.464623503495,0.245454545455,1.16774841624,0.642261628933,0.336363636364,1.94000937205,1.06700515463,0.536363636364,1.05689877454,0.347276990411,3.54545454545,3.04338842975,1.05689877454,3.54545454545,0.499047619048,0.4,8,0.0484848484848,0.255555555556,11,11,11,1,0,0.0909090909091,0.636363636364,0.272727272727,0,0,0,0,0,0,0,0,0,0,0,0,0,0,0,0,0,0,0,0,0,0,0,0,0,0,0,0,0,20,0,0,90,1,1,0,0,1,1,1,1,1,1,2,2,0,0,0,0
3686,WLNM_dir_neg,1,0,00:00:00,10,90,10,1179281659,threshold_sweep,0.5,1,1,1,2,0,0,4,1,1,0,0,1,1,1,1,0.555555555556,1,1,1,20,18,2,0,20,0,18,0,2,11,20,0.181818181818,3.04338842975,3.63636363636,2,2.5,1.68954001271,0.464623503495,0.245454545455,1.16774841624,0.642261628933,0.336363636364,1.94000937205,1.06700515463,0.536363636364,1.05689877454,0.347276990411,3.54545454545,3.04338842975,1.05689877454,3.54545454545,0.499047619048,0.4,8,0.0484848484848,0.255555555556,11,11,11,1,0,0.0909090909091,0.636363636364,0.272727272727,11,0.163636363636,3.15702479339,3.27272727273,1.8,2.25,2.00454030096,0.612498425294,0.323232323232,1.20604537831,0.73702773119,0.363636363636,1.91168654715,1.16825288992,0.555555555556,1.04198530063,0.330052935539,3.54545454545,3.15702479339,1.04198530063,3.54545454545,0.361904761905,0.333333333333,6,0.0363636363636,0.303703703704,11,11,11,1,0,0.0909090909091,0.636363636364,0.272727272727,11,20,0.181818181818,3.04338842975,3.63636363636,2,2.5,1.68954001271,0.464623503495,0.245454545455,1.16774841624,0.642261628933,0.336363636364,1.94000937205,1.06700515463,0.536363636364,1.05689877454,0.347276990411,3.54545454545,3.04338842975,1.05689877454,3.54545454545,0.499047619048,0.4,8,0.0484848484848,0.255555555556,11,11,11,1,0,0.0909090909091,0.636363636364,0.272727272727,0,0,0,0,0,0,0,0,0,0,0,0,0,0,0,0,0,0,0,0,0,0,0,0,0,0,0,0,0,20,0,0,90,1,1,0,0,1,1,1,1,1,1,2,2,0,0,0,0
3687,WLNM_dir_neg,1,0,00:00:00,10,90,10,1179281659,threshold_sweep,0.6,1,1,1,2,0,0,4,1,1,0,0,1,1,1,1,0.555555555556,1,1,1,20,18,2,0,20,0,18,0,2,11,20,0.181818181818,3.04338842975,3.63636363636,2,2.5,1.68954001271,0.464623503495,0.245454545455,1.16774841624,0.642261628933,0.336363636364,1.94000937205,1.06700515463,0.536363636364,1.05689877454,0.347276990411,3.54545454545,3.04338842975,1.05689877454,3.54545454545,0.499047619048,0.4,8,0.0484848484848,0.255555555556,11,11,11,1,0,0.0909090909091,0.636363636364,0.272727272727,11,0.163636363636,3.15702479339,3.27272727273,1.8,2.25,2.00454030096,0.612498425294,0.323232323232,1.20604537831,0.73702773119,0.363636363636,1.91168654715,1.16825288992,0.555555555556,1.04198530063,0.330052935539,3.54545454545,3.15702479339,1.04198530063,3.54545454545,0.361904761905,0.333333333333,6,0.0363636363636,0.303703703704,11,11,11,1,0,0.0909090909091,0.636363636364,0.272727272727,11,20,0.181818181818,3.04338842975,3.63636363636,2,2.5,1.68954001271,0.464623503495,0.245454545455,1.16774841624,0.642261628933,0.336363636364,1.94000937205,1.06700515463,0.536363636364,1.05689877454,0.347276990411,3.54545454545,3.04338842975,1.05689877454,3.54545454545,0.499047619048,0.4,8,0.0484848484848,0.255555555556,11,11,11,1,0,0.0909090909091,0.636363636364,0.272727272727,0,0,0,0,0,0,0,0,0,0,0,0,0,0,0,0,0,0,0,0,0,0,0,0,0,0,0,0,0,20,0,0,90,1,1,0,0,1,1,1,1,1,1,2,2,0,0,0,0
3688,WLNM_dir_neg,1,0,00:00:00,10,90,10,1179281659,threshold_sweep,0.7,1,1,1,2,0,0,4,1,1,0,0,1,1,1,1,0.555555555556,1,1,1,20,18,2,0,20,0,18,0,2,11,20,0.181818181818,3.04338842975,3.63636363636,2,2.5,1.68954001271,0.464623503495,0.245454545455,1.16774841624,0.642261628933,0.336363636364,1.94000937205,1.06700515463,0.536363636364,1.05689877454,0.347276990411,3.54545454545,3.04338842975,1.05689877454,3.54545454545,0.499047619048,0.4,8,0.0484848484848,0.255555555556,11,11,11,1,0,0.0909090909091,0.636363636364,0.272727272727,11,0.163636363636,3.15702479339,3.27272727273,1.8,2.25,2.00454030096,0.612498425294,0.323232323232,1.20604537831,0.73702773119,0.363636363636,1.91168654715,1.16825288992,0.555555555556,1.04198530063,0.330052935539,3.54545454545,3.15702479339,1.04198530063,3.54545454545,0.361904761905,0.333333333333,6,0.0363636363636,0.303703703704,11,11,11,1,0,0.0909090909091,0.636363636364,0.272727272727,11,20,0.181818181818,3.04338842975,3.63636363636,2,2.5,1.68954001271,0.464623503495,0.245454545455,1.16774841624,0.642261628933,0.336363636364,1.94000937205,1.06700515463,0.536363636364,1.05689877454,0.347276990411,3.54545454545,3.04338842975,1.05689877454,3.54545454545,0.499047619048,0.4,8,0.0484848484848,0.255555555556,11,11,11,1,0,0.0909090909091,0.636363636364,0.272727272727,0,0,0,0,0,0,0,0,0,0,0,0,0,0,0,0,0,0,0,0,0,0,0,0,0,0,0,0,0,20,0,0,90,1,1,0,0,1,1,1,1,1,1,2,2,0,0,0,0
3689,WLNM_dir_neg,1,0,00:00:00,10,90,10,1179281659,threshold_sweep,0.8,1,1,1,2,0,0,4,1,1,0,0,1,1,1,1,0.555555555556,1,1,1,20,18,2,0,20,0,18,0,2,11,20,0.181818181818,3.04338842975,3.63636363636,2,2.5,1.68954001271,0.464623503495,0.245454545455,1.16774841624,0.642261628933,0.336363636364,1.94000937205,1.06700515463,0.536363636364,1.05689877454,0.347276990411,3.54545454545,3.04338842975,1.05689877454,3.54545454545,0.499047619048,0.4,8,0.0484848484848,0.255555555556,11,11,11,1,0,0.0909090909091,0.636363636364,0.272727272727,11,0.163636363636,3.15702479339,3.27272727273,1.8,2.25,2.00454030096,0.612498425294,0.323232323232,1.20604537831,0.73702773119,0.363636363636,1.91168654715,1.16825288992,0.555555555556,1.04198530063,0.330052935539,3.54545454545,3.15702479339,1.04198530063,3.54545454545,0.361904761905,0.333333333333,6,0.0363636363636,0.303703703704,11,11,11,1,0,0.0909090909091,0.636363636364,0.272727272727,11,20,0.181818181818,3.04338842975,3.63636363636,2,2.5,1.68954001271,0.464623503495,0.245454545455,1.16774841624,0.642261628933,0.336363636364,1.94000937205,1.06700515463,0.536363636364,1.05689877454,0.347276990411,3.54545454545,3.04338842975,1.05689877454,3.54545454545,0.499047619048,0.4,8,0.0484848484848,0.255555555556,11,11,11,1,0,0.0909090909091,0.636363636364,0.272727272727,0,0,0,0,0,0,0,0,0,0,0,0,0,0,0,0,0,0,0,0,0,0,0,0,0,0,0,0,0,20,0,0,90,1,1,0,0,1,1,1,1,1,1,2,2,0,0,0,0
3690,WLNM_dir_neg,1,0,00:00:00,10,90,10,1179281659,threshold_sweep,0.9,1,1,1,2,0,0,4,1,1,0,0,1,1,1,1,0.555555555556,1,1,1,20,18,2,0,20,0,18,0,2,11,20,0.181818181818,3.04338842975,3.63636363636,2,2.5,1.68954001271,0.464623503495,0.245454545455,1.16774841624,0.642261628933,0.336363636364,1.94000937205,1.06700515463,0.536363636364,1.05689877454,0.347276990411,3.54545454545,3.04338842975,1.05689877454,3.54545454545,0.499047619048,0.4,8,0.0484848484848,0.255555555556,11,11,11,1,0,0.0909090909091,0.636363636364,0.272727272727,11,0.163636363636,3.15702479339,3.27272727273,1.8,2.25,2.00454030096,0.612498425294,0.323232323232,1.20604537831,0.73702773119,0.363636363636,1.91168654715,1.16825288992,0.555555555556,1.04198530063,0.330052935539,3.54545454545,3.15702479339,1.04198530063,3.54545454545,0.361904761905,0.333333333333,6,0.0363636363636,0.303703703704,11,11,11,1,0,0.0909090909091,0.636363636364,0.272727272727,11,20,0.181818181818,3.04338842975,3.63636363636,2,2.5,1.68954001271,0.464623503495,0.245454545455,1.16774841624,0.642261628933,0.336363636364,1.94000937205,1.06700515463,0.536363636364,1.05689877454,0.347276990411,3.54545454545,3.04338842975,1.05689877454,3.54545454545,0.499047619048,0.4,8,0.0484848484848,0.255555555556,11,11,11,1,0,0.0909090909091,0.636363636364,0.272727272727,0,0,0,0,0,0,0,0,0,0,0,0,0,0,0,0,0,0,0,0,0,0,0,0,0,0,0,0,0,20,0,0,90,1,1,0,0,1,1,1,1,1,1,2,2,0,0,0,0
3691,WLNM_dir_neg,0.625,0.333333333333,00:00:00,10,90,11,1179281660,threshold_sweep,0.1,0.5,0.5,0.5,1,1,1,3,0.5,0.75,0.25,0.5,0.5,0.5,0.5,0.666666666667,0.555555555556,0.25,0.25,0.25,20,18,2,0,20,0,18,0,2,11,20,0.181818181818,3.04338842975,3.63636363636,2,2.5,1.68954001271,0.464623503495,0.245454545455,1.16774841624,0.642261628933,0.336363636364,1.94000937205,1.06700515463,0.536363636364,1.05689877454,0.347276990411,3.54545454545,3.04338842975,1.05689877454,3.54545454545,0.499047619048,0.4,8,0.0484848484848,0.255555555556,11,11,11,1,0,0.0909090909091,0.636363636364,0.272727272727,11,0.163636363636,3.13016528926,3.27272727273,1.8,2.25,1.67874411933,0.512949592017,0.277777777778,1.12006493318,0.684484125834,0.343434343434,1.68954001271,1.03249667443,0.525252525253,1.08130674069,0.345447169964,3.63636363636,3.13016528926,1.08130674069,3.63636363636,0.437037037037,0.3125,5,0.030303030303,0.241111111111,11,11,11,1,0,0.0909090909091,0.636363636364,0.272727272727,11,20,0.181818181818,3.14187327824,3.63636363636,2,2.5,1.5666989036,0.43084219849,0.227272727273,1.16774841624,0.642261628933,0.336363636364,1.72152152575,0.946836839165,0.5,1.1509024033,0.366310892064,3.63636363636,3.14187327824,1.1509024033,3.63636363636,0.493333333333,0.368421052632,7,0.0424242424242,0.232962962963,11,11,11,1,0,0.0909090909091,0.636363636364,0.272727272727,0,0,0.0984848484848,0,0,0,-0.122841109108,-0.0337813050047,-0.0181818181818,0,0,0,-0.218487846294,-0.120168315462,-0.0363636363636,0.0940036287674,0.0190339016531,0.0909090909091,0.0984848484848,0.0940036287674,0.0909090909091,-0.00571428571429,-0.0315789473684,-1,-0.00606060606061,-0.0225925925926,0,0,0,19,1,1,89,0.95,0.988888888889,0.0111111111111,0.05,0.95,0.95,0.95,0.938888888889,0.938888888889,0.904761904762,2,2,0,0,0,0
3692,WLNM_dir_neg,0.625,0.333333333333,00:00:00,10,90,11,1179281660,threshold_sweep,0.2,0.5,0.5,0.5,1,1,1,3,0.5,0.75,0.25,0.5,0.5,0.5,0.5,0.666666666667,0.555555555556,0.25,0.25,0.25,20,18,2,0,20,0,18,0,2,11,20,0.181818181818,3.04338842975,3.63636363636,2,2.5,1.68954001271,0.464623503495,0.245454545455,1.16774841624,0.642261628933,0.336363636364,1.94000937205,1.06700515463,0.536363636364,1.05689877454,0.347276990411,3.54545454545,3.04338842975,1.05689877454,3.54545454545,0.499047619048,0.4,8,0.0484848484848,0.255555555556,11,11,11,1,0,0.0909090909091,0.636363636364,0.272727272727,11,0.163636363636,3.13016528926,3.27272727273,1.8,2.25,1.67874411933,0.512949592017,0.277777777778,1.12006493318,0.684484125834,0.343434343434,1.68954001271,1.03249667443,0.525252525253,1.08130674069,0.345447169964,3.63636363636,3.13016528926,1.08130674069,3.63636363636,0.437037037037,0.3125,5,0.030303030303,0.241111111111,11,11,11,1,0,0.0909090909091,0.636363636364,0.272727272727,11,20,0.181818181818,3.14187327824,3.63636363636,2,2.5,1.5666989036,0.43084219849,0.227272727273,1.16774841624,0.642261628933,0.336363636364,1.72152152575,0.946836839165,0.5,1.1509024033,0.366310892064,3.63636363636,3.14187327824,1.1509024033,3.63636363636,0.493333333333,0.368421052632,7,0.0424242424242,0.232962962963,11,11,11,1,0,0.0909090909091,0.636363636364,0.272727272727,0,0,0.0984848484848,0,0,0,-0.122841109108,-0.0337813050047,-0.0181818181818,0,0,0,-0.218487846294,-0.120168315462,-0.0363636363636,0.0940036287674,0.0190339016531,0.0909090909091,0.0984848484848,0.0940036287674,0.0909090909091,-0.00571428571429,-0.0315789473684,-1,-0.00606060606061,-0.0225925925926,0,0,0,19,1,1,89,0.95,0.988888888889,0.0111111111111,0.05,0.95,0.95,0.95,0.938888888889,0.938888888889,0.904761904762,2,2,0,0,0,0
3693,WLNM_dir_neg,0.625,0.333333333333,00:00:00,10,90,11,1179281660,threshold_sweep,0.3,0.5,0.5,0.5,1,1,1,3,0.5,0.75,0.25,0.5,0.5,0.5,0.5,0.666666666667,0.555555555556,0.25,0.25,0.25,20,18,2,0,20,0,18,0,2,11,20,0.181818181818,3.04338842975,3.63636363636,2,2.5,1.68954001271,0.464623503495,0.245454545455,1.16774841624,0.642261628933,0.336363636364,1.94000937205,1.06700515463,0.536363636364,1.05689877454,0.347276990411,3.54545454545,3.04338842975,1.05689877454,3.54545454545,0.499047619048,0.4,8,0.0484848484848,0.255555555556,11,11,11,1,0,0.0909090909091,0.636363636364,0.272727272727,11,0.163636363636,3.13016528926,3.27272727273,1.8,2.25,1.67874411933,0.512949592017,0.277777777778,1.12006493318,0.684484125834,0.343434343434,1.68954001271,1.03249667443,0.525252525253,1.08130674069,0.345447169964,3.63636363636,3.13016528926,1.08130674069,3.63636363636,0.437037037037,0.3125,5,0.030303030303,0.241111111111,11,11,11,1,0,0.0909090909091,0.636363636364,0.272727272727,11,20,0.181818181818,3.14187327824,3.63636363636,2,2.5,1.5666989036,0.43084219849,0.227272727273,1.16774841624,0.642261628933,0.336363636364,1.72152152575,0.946836839165,0.5,1.1509024033,0.366310892064,3.63636363636,3.14187327824,1.1509024033,3.63636363636,0.493333333333,0.368421052632,7,0.0424242424242,0.232962962963,11,11,11,1,0,0.0909090909091,0.636363636364,0.272727272727,0,0,0.0984848484848,0,0,0,-0.122841109108,-0.0337813050047,-0.0181818181818,0,0,0,-0.218487846294,-0.120168315462,-0.0363636363636,0.0940036287674,0.0190339016531,0.0909090909091,0.0984848484848,0.0940036287674,0.0909090909091,-0.00571428571429,-0.0315789473684,-1,-0.00606060606061,-0.0225925925926,0,0,0,19,1,1,89,0.95,0.988888888889,0.0111111111111,0.05,0.95,0.95,0.95,0.938888888889,0.938888888889,0.904761904762,2,2,0,0,0,0
3694,WLNM_dir_neg,0.625,0.333333333333,00:00:00,10,90,11,1179281660,threshold_sweep,0.4,0.5,0.5,0.5,1,1,1,3,0.5,0.75,0.25,0.5,0.5,0.5,0.5,0.666666666667,0.555555555556,0.25,0.25,0.25,20,18,2,0,20,0,18,0,2,11,20,0.181818181818,3.04338842975,3.63636363636,2,2.5,1.68954001271,0.464623503495,0.245454545455,1.16774841624,0.642261628933,0.336363636364,1.94000937205,1.06700515463,0.536363636364,1.05689877454,0.347276990411,3.54545454545,3.04338842975,1.05689877454,3.54545454545,0.499047619048,0.4,8,0.0484848484848,0.255555555556,11,11,11,1,0,0.0909090909091,0.636363636364,0.272727272727,11,0.163636363636,3.13016528926,3.27272727273,1.8,2.25,1.67874411933,0.512949592017,0.277777777778,1.12006493318,0.684484125834,0.343434343434,1.68954001271,1.03249667443,0.525252525253,1.08130674069,0.345447169964,3.63636363636,3.13016528926,1.08130674069,3.63636363636,0.437037037037,0.3125,5,0.030303030303,0.241111111111,11,11,11,1,0,0.0909090909091,0.636363636364,0.272727272727,11,20,0.181818181818,3.14187327824,3.63636363636,2,2.5,1.5666989036,0.43084219849,0.227272727273,1.16774841624,0.642261628933,0.336363636364,1.72152152575,0.946836839165,0.5,1.1509024033,0.366310892064,3.63636363636,3.14187327824,1.1509024033,3.63636363636,0.493333333333,0.368421052632,7,0.0424242424242,0.232962962963,11,11,11,1,0,0.0909090909091,0.636363636364,0.272727272727,0,0,0.0984848484848,0,0,0,-0.122841109108,-0.0337813050047,-0.0181818181818,0,0,0,-0.218487846294,-0.120168315462,-0.0363636363636,0.0940036287674,0.0190339016531,0.0909090909091,0.0984848484848,0.0940036287674,0.0909090909091,-0.00571428571429,-0.0315789473684,-1,-0.00606060606061,-0.0225925925926,0,0,0,19,1,1,89,0.95,0.988888888889,0.0111111111111,0.05,0.95,0.95,0.95,0.938888888889,0.938888888889,0.904761904762,2,2,0,0,0,0
3695,WLNM_dir_neg,0.625,0.333333333333,00:00:00,10,90,11,1179281660,threshold_sweep,0.5,0.5,0.5,0.5,1,1,1,3,0.5,0.75,0.25,0.5,0.5,0.5,0.5,0.666666666667,0.555555555556,0.25,0.25,0.25,20,18,2,0,20,0,18,0,2,11,20,0.181818181818,3.04338842975,3.63636363636,2,2.5,1.68954001271,0.464623503495,0.245454545455,1.16774841624,0.642261628933,0.336363636364,1.94000937205,1.06700515463,0.536363636364,1.05689877454,0.347276990411,3.54545454545,3.04338842975,1.05689877454,3.54545454545,0.499047619048,0.4,8,0.0484848484848,0.255555555556,11,11,11,1,0,0.0909090909091,0.636363636364,0.272727272727,11,0.163636363636,3.13016528926,3.27272727273,1.8,2.25,1.67874411933,0.512949592017,0.277777777778,1.12006493318,0.684484125834,0.343434343434,1.68954001271,1.03249667443,0.525252525253,1.08130674069,0.345447169964,3.63636363636,3.13016528926,1.08130674069,3.63636363636,0.437037037037,0.3125,5,0.030303030303,0.241111111111,11,11,11,1,0,0.0909090909091,0.636363636364,0.272727272727,11,20,0.181818181818,3.14187327824,3.63636363636,2,2.5,1.5666989036,0.43084219849,0.227272727273,1.16774841624,0.642261628933,0.336363636364,1.72152152575,0.946836839165,0.5,1.1509024033,0.366310892064,3.63636363636,3.14187327824,1.1509024033,3.63636363636,0.493333333333,0.368421052632,7,0.0424242424242,0.232962962963,11,11,11,1,0,0.0909090909091,0.636363636364,0.272727272727,0,0,0.0984848484848,0,0,0,-0.122841109108,-0.0337813050047,-0.0181818181818,0,0,0,-0.218487846294,-0.120168315462,-0.0363636363636,0.0940036287674,0.0190339016531,0.0909090909091,0.0984848484848,0.0940036287674,0.0909090909091,-0.00571428571429,-0.0315789473684,-1,-0.00606060606061,-0.0225925925926,0,0,0,19,1,1,89,0.95,0.988888888889,0.0111111111111,0.05,0.95,0.95,0.95,0.938888888889,0.938888888889,0.904761904762,2,2,0,0,0,0
3696,WLNM_dir_neg,0.625,0.333333333333,00:00:00,10,90,11,1179281660,threshold_sweep,0.6,0.5,0.5,0.5,1,1,1,3,0.5,0.75,0.25,0.5,0.5,0.5,0.5,0.666666666667,0.555555555556,0.25,0.25,0.25,20,18,2,0,20,0,18,0,2,11,20,0.181818181818,3.04338842975,3.63636363636,2,2.5,1.68954001271,0.464623503495,0.245454545455,1.16774841624,0.642261628933,0.336363636364,1.94000937205,1.06700515463,0.536363636364,1.05689877454,0.347276990411,3.54545454545,3.04338842975,1.05689877454,3.54545454545,0.499047619048,0.4,8,0.0484848484848,0.255555555556,11,11,11,1,0,0.0909090909091,0.636363636364,0.272727272727,11,0.163636363636,3.13016528926,3.27272727273,1.8,2.25,1.67874411933,0.512949592017,0.277777777778,1.12006493318,0.684484125834,0.343434343434,1.68954001271,1.03249667443,0.525252525253,1.08130674069,0.345447169964,3.63636363636,3.13016528926,1.08130674069,3.63636363636,0.437037037037,0.3125,5,0.030303030303,0.241111111111,11,11,11,1,0,0.0909090909091,0.636363636364,0.272727272727,11,20,0.181818181818,3.14187327824,3.63636363636,2,2.5,1.5666989036,0.43084219849,0.227272727273,1.16774841624,0.642261628933,0.336363636364,1.72152152575,0.946836839165,0.5,1.1509024033,0.366310892064,3.63636363636,3.14187327824,1.1509024033,3.63636363636,0.493333333333,0.368421052632,7,0.0424242424242,0.232962962963,11,11,11,1,0,0.0909090909091,0.636363636364,0.272727272727,0,0,0.0984848484848,0,0,0,-0.122841109108,-0.0337813050047,-0.0181818181818,0,0,0,-0.218487846294,-0.120168315462,-0.0363636363636,0.0940036287674,0.0190339016531,0.0909090909091,0.0984848484848,0.0940036287674,0.0909090909091,-0.00571428571429,-0.0315789473684,-1,-0.00606060606061,-0.0225925925926,0,0,0,19,1,1,89,0.95,0.988888888889,0.0111111111111,0.05,0.95,0.95,0.95,0.938888888889,0.938888888889,0.904761904762,2,2,0,0,0,0
3697,WLNM_dir_neg,0.625,0.333333333333,00:00:00,10,90,11,1179281660,threshold_sweep,0.7,0.5,0.5,0.5,1,1,1,3,0.5,0.75,0.25,0.5,0.5,0.5,0.5,0.666666666667,0.555555555556,0.25,0.25,0.25,20,18,2,0,20,0,18,0,2,11,20,0.181818181818,3.04338842975,3.63636363636,2,2.5,1.68954001271,0.464623503495,0.245454545455,1.16774841624,0.642261628933,0.336363636364,1.94000937205,1.06700515463,0.536363636364,1.05689877454,0.347276990411,3.54545454545,3.04338842975,1.05689877454,3.54545454545,0.499047619048,0.4,8,0.0484848484848,0.255555555556,11,11,11,1,0,0.0909090909091,0.636363636364,0.272727272727,11,0.163636363636,3.13016528926,3.27272727273,1.8,2.25,1.67874411933,0.512949592017,0.277777777778,1.12006493318,0.684484125834,0.343434343434,1.68954001271,1.03249667443,0.525252525253,1.08130674069,0.345447169964,3.63636363636,3.13016528926,1.08130674069,3.63636363636,0.437037037037,0.3125,5,0.030303030303,0.241111111111,11,11,11,1,0,0.0909090909091,0.636363636364,0.272727272727,11,20,0.181818181818,3.14187327824,3.63636363636,2,2.5,1.5666989036,0.43084219849,0.227272727273,1.16774841624,0.642261628933,0.336363636364,1.72152152575,0.946836839165,0.5,1.1509024033,0.366310892064,3.63636363636,3.14187327824,1.1509024033,3.63636363636,0.493333333333,0.368421052632,7,0.0424242424242,0.232962962963,11,11,11,1,0,0.0909090909091,0.636363636364,0.272727272727,0,0,0.0984848484848,0,0,0,-0.122841109108,-0.0337813050047,-0.0181818181818,0,0,0,-0.218487846294,-0.120168315462,-0.0363636363636,0.0940036287674,0.0190339016531,0.0909090909091,0.0984848484848,0.0940036287674,0.0909090909091,-0.00571428571429,-0.0315789473684,-1,-0.00606060606061,-0.0225925925926,0,0,0,19,1,1,89,0.95,0.988888888889,0.0111111111111,0.05,0.95,0.95,0.95,0.938888888889,0.938888888889,0.904761904762,2,2,0,0,0,0
3698,WLNM_dir_neg,0.625,0.333333333333,00:00:00,10,90,11,1179281660,threshold_sweep,0.8,0.5,0.5,0.5,1,1,1,3,0.5,0.75,0.25,0.5,0.5,0.5,0.5,0.666666666667,0.555555555556,0.25,0.25,0.25,20,18,2,0,20,0,18,0,2,11,20,0.181818181818,3.04338842975,3.63636363636,2,2.5,1.68954001271,0.464623503495,0.245454545455,1.16774841624,0.642261628933,0.336363636364,1.94000937205,1.06700515463,0.536363636364,1.05689877454,0.347276990411,3.54545454545,3.04338842975,1.05689877454,3.54545454545,0.499047619048,0.4,8,0.0484848484848,0.255555555556,11,11,11,1,0,0.0909090909091,0.636363636364,0.272727272727,11,0.163636363636,3.13016528926,3.27272727273,1.8,2.25,1.67874411933,0.512949592017,0.277777777778,1.12006493318,0.684484125834,0.343434343434,1.68954001271,1.03249667443,0.525252525253,1.08130674069,0.345447169964,3.63636363636,3.13016528926,1.08130674069,3.63636363636,0.437037037037,0.3125,5,0.030303030303,0.241111111111,11,11,11,1,0,0.0909090909091,0.636363636364,0.272727272727,11,20,0.181818181818,3.14187327824,3.63636363636,2,2.5,1.5666989036,0.43084219849,0.227272727273,1.16774841624,0.642261628933,0.336363636364,1.72152152575,0.946836839165,0.5,1.1509024033,0.366310892064,3.63636363636,3.14187327824,1.1509024033,3.63636363636,0.493333333333,0.368421052632,7,0.0424242424242,0.232962962963,11,11,11,1,0,0.0909090909091,0.636363636364,0.272727272727,0,0,0.0984848484848,0,0,0,-0.122841109108,-0.0337813050047,-0.0181818181818,0,0,0,-0.218487846294,-0.120168315462,-0.0363636363636,0.0940036287674,0.0190339016531,0.0909090909091,0.0984848484848,0.0940036287674,0.0909090909091,-0.00571428571429,-0.0315789473684,-1,-0.00606060606061,-0.0225925925926,0,0,0,19,1,1,89,0.95,0.988888888889,0.0111111111111,0.05,0.95,0.95,0.95,0.938888888889,0.938888888889,0.904761904762,2,2,0,0,0,0
3699,WLNM_dir_neg,0.625,0.333333333333,00:00:00,10,90,11,1179281660,threshold_sweep,0.9,0.5,0.5,0.5,1,1,1,3,0.5,0.75,0.25,0.5,0.5,0.5,0.5,0.666666666667,0.555555555556,0.25,0.25,0.25,20,18,2,0,20,0,18,0,2,11,20,0.181818181818,3.04338842975,3.63636363636,2,2.5,1.68954001271,0.464623503495,0.245454545455,1.16774841624,0.642261628933,0.336363636364,1.94000937205,1.06700515463,0.536363636364,1.05689877454,0.347276990411,3.54545454545,3.04338842975,1.05689877454,3.54545454545,0.499047619048,0.4,8,0.0484848484848,0.255555555556,11,11,11,1,0,0.0909090909091,0.636363636364,0.272727272727,11,0.163636363636,3.13016528926,3.27272727273,1.8,2.25,1.67874411933,0.512949592017,0.277777777778,1.12006493318,0.684484125834,0.343434343434,1.68954001271,1.03249667443,0.525252525253,1.08130674069,0.345447169964,3.63636363636,3.13016528926,1.08130674069,3.63636363636,0.437037037037,0.3125,5,0.030303030303,0.241111111111,11,11,11,1,0,0.0909090909091,0.636363636364,0.272727272727,11,20,0.181818181818,3.14187327824,3.63636363636,2,2.5,1.5666989036,0.43084219849,0.227272727273,1.16774841624,0.642261628933,0.336363636364,1.72152152575,0.946836839165,0.5,1.1509024033,0.366310892064,3.63636363636,3.14187327824,1.1509024033,3.63636363636,0.493333333333,0.368421052632,7,0.0424242424242,0.232962962963,11,11,11,1,0,0.0909090909091,0.636363636364,0.272727272727,0,0,0.0984848484848,0,0,0,-0.122841109108,-0.0337813050047,-0.0181818181818,0,0,0,-0.218487846294,-0.120168315462,-0.0363636363636,0.0940036287674,0.0190339016531,0.0909090909091,0.0984848484848,0.0940036287674,0.0909090909091,-0.00571428571429,-0.0315789473684,-1,-0.00606060606061,-0.0225925925926,0,0,0,19,1,1,89,0.95,0.988888888889,0.0111111111111,0.05,0.95,0.95,0.95,0.938888888889,0.938888888889,0.904761904762,2,2,0,0,0,0
3700,WLNM_dir_neg,0.875,0.291666666667,00:00:00,10,90,12,1179281661,threshold_sweep,0.1,0.666666666667,1,0.8,2,1,0,3,1,0.75,0.25,0,0.666666666667,1,0.8,0.833333333333,0.5,0.666666666667,0.707106781187,0.75,20,18,2,0,20,0,18,0,2,11,20,0.181818181818,3.04338842975,3.63636363636,2,2.5,1.68954001271,0.464623503495,0.245454545455,1.16774841624,0.642261628933,0.336363636364,1.94000937205,1.06700515463,0.536363636364,1.05689877454,0.347276990411,3.54545454545,3.04338842975,1.05689877454,3.54545454545,0.499047619048,0.4,8,0.0484848484848,0.255555555556,11,11,11,1,0,0.0909090909091,0.636363636364,0.272727272727,11,0.163636363636,3.11060606061,3.27272727273,1.8,2.25,1.67874411933,0.512949592017,0.262626262626,0.924416277737,0.564921058617,0.292929292929,1.91168654715,1.16825288992,0.555555555556,1.16595865963,0.374833275867,3.93333333333,3.11060606061,1.16595865963,3.93333333333,0.565714285714,0.36,6,0.0363636363636,0.245185185185,11,11,11,1,0,0.0909090909091,0.636363636364,0.272727272727,11,21,0.190909090909,3.07696280992,3.81818181818,2.1,2.33333333333,1.66241882919,0.435395407644,0.229437229437,1.30034960334,0.681135506512,0.354978354978,1.86839746599,0.978684386946,0.484848484848,1.08946508252,0.354071579615,3.61931818182,3.07696280992,1.08946508252,3.61931818182,0.525714285714,0.409090909091,9,0.0545454545455,0.242962962963,11,11,11,1,0,0.0909090909091,0.727272727273,0.181818181818,1,0.00909090909091,0.0335743801653,0.181818181818,0.1,-0.166666666667,-0.0271211835219,-0.0292280958508,-0.0160173160173,0.132601187099,0.0388738775787,0.0186147186147,-0.0716119060609,-0.0883207676808,-0.0515151515152,0.0325663079878,0.0067945892039,0.0738636363636,0.0335743801653,0.0325663079878,0.0738636363636,0.0266666666667,0.00909090909091,1,0.00606060606061,-0.0125925925926,0,0.0909090909091,-0.0909090909091,20,1,0,89,1,0.988888888889,0.0111111111111,0,0.952380952381,1,0.975609756098,0.970463261437,0.988888888889,0.952380952381,3,2,0,0,0,0
3701,WLNM_dir_neg,0.875,0.291666666667,00:00:00,10,90,12,1179281661,threshold_sweep,0.2,0.666666666667,1,0.8,2,1,0,3,1,0.75,0.25,0,0.666666666667,1,0.8,0.833333333333,0.5,0.666666666667,0.707106781187,0.75,20,18,2,0,20,0,18,0,2,11,20,0.181818181818,3.04338842975,3.63636363636,2,2.5,1.68954001271,0.464623503495,0.245454545455,1.16774841624,0.642261628933,0.336363636364,1.94000937205,1.06700515463,0.536363636364,1.05689877454,0.347276990411,3.54545454545,3.04338842975,1.05689877454,3.54545454545,0.499047619048,0.4,8,0.0484848484848,0.255555555556,11,11,11,1,0,0.0909090909091,0.636363636364,0.272727272727,11,0.163636363636,3.11060606061,3.27272727273,1.8,2.25,1.67874411933,0.512949592017,0.262626262626,0.924416277737,0.564921058617,0.292929292929,1.91168654715,1.16825288992,0.555555555556,1.16595865963,0.374833275867,3.93333333333,3.11060606061,1.16595865963,3.93333333333,0.565714285714,0.36,6,0.0363636363636,0.245185185185,11,11,11,1,0,0.0909090909091,0.636363636364,0.272727272727,11,21,0.190909090909,3.07696280992,3.81818181818,2.1,2.33333333333,1.66241882919,0.435395407644,0.229437229437,1.30034960334,0.681135506512,0.354978354978,1.86839746599,0.978684386946,0.484848484848,1.08946508252,0.354071579615,3.61931818182,3.07696280992,1.08946508252,3.61931818182,0.525714285714,0.409090909091,9,0.0545454545455,0.242962962963,11,11,11,1,0,0.0909090909091,0.727272727273,0.181818181818,1,0.00909090909091,0.0335743801653,0.181818181818,0.1,-0.166666666667,-0.0271211835219,-0.0292280958508,-0.0160173160173,0.132601187099,0.0388738775787,0.0186147186147,-0.0716119060609,-0.0883207676808,-0.0515151515152,0.0325663079878,0.0067945892039,0.0738636363636,0.0335743801653,0.0325663079878,0.0738636363636,0.0266666666667,0.00909090909091,1,0.00606060606061,-0.0125925925926,0,0.0909090909091,-0.0909090909091,20,1,0,89,1,0.988888888889,0.0111111111111,0,0.952380952381,1,0.975609756098,0.970463261437,0.988888888889,0.952380952381,3,2,0,0,0,0
3702,WLNM_dir_neg,0.875,0.291666666667,00:00:00,10,90,12,1179281661,threshold_sweep,0.3,0.666666666667,1,0.8,2,1,0,3,1,0.75,0.25,0,0.666666666667,1,0.8,0.833333333333,0.5,0.666666666667,0.707106781187,0.75,20,18,2,0,20,0,18,0,2,11,20,0.181818181818,3.04338842975,3.63636363636,2,2.5,1.68954001271,0.464623503495,0.245454545455,1.16774841624,0.642261628933,0.336363636364,1.94000937205,1.06700515463,0.536363636364,1.05689877454,0.347276990411,3.54545454545,3.04338842975,1.05689877454,3.54545454545,0.499047619048,0.4,8,0.0484848484848,0.255555555556,11,11,11,1,0,0.0909090909091,0.636363636364,0.272727272727,11,0.163636363636,3.11060606061,3.27272727273,1.8,2.25,1.67874411933,0.512949592017,0.262626262626,0.924416277737,0.564921058617,0.292929292929,1.91168654715,1.16825288992,0.555555555556,1.16595865963,0.374833275867,3.93333333333,3.11060606061,1.16595865963,3.93333333333,0.565714285714,0.36,6,0.0363636363636,0.245185185185,11,11,11,1,0,0.0909090909091,0.636363636364,0.272727272727,11,21,0.190909090909,3.07696280992,3.81818181818,2.1,2.33333333333,1.66241882919,0.435395407644,0.229437229437,1.30034960334,0.681135506512,0.354978354978,1.86839746599,0.978684386946,0.484848484848,1.08946508252,0.354071579615,3.61931818182,3.07696280992,1.08946508252,3.61931818182,0.525714285714,0.409090909091,9,0.0545454545455,0.242962962963,11,11,11,1,0,0.0909090909091,0.727272727273,0.181818181818,1,0.00909090909091,0.0335743801653,0.181818181818,0.1,-0.166666666667,-0.0271211835219,-0.0292280958508,-0.0160173160173,0.132601187099,0.0388738775787,0.0186147186147,-0.0716119060609,-0.0883207676808,-0.0515151515152,0.0325663079878,0.0067945892039,0.0738636363636,0.0335743801653,0.0325663079878,0.0738636363636,0.0266666666667,0.00909090909091,1,0.00606060606061,-0.0125925925926,0,0.0909090909091,-0.0909090909091,20,1,0,89,1,0.988888888889,0.0111111111111,0,0.952380952381,1,0.975609756098,0.970463261437,0.988888888889,0.952380952381,3,2,0,0,0,0
3703,WLNM_dir_neg,0.875,0.291666666667,00:00:00,10,90,12,1179281661,threshold_sweep,0.4,0.666666666667,1,0.8,2,1,0,3,1,0.75,0.25,0,0.666666666667,1,0.8,0.833333333333,0.5,0.666666666667,0.707106781187,0.75,20,18,2,0,20,0,18,0,2,11,20,0.181818181818,3.04338842975,3.63636363636,2,2.5,1.68954001271,0.464623503495,0.245454545455,1.16774841624,0.642261628933,0.336363636364,1.94000937205,1.06700515463,0.536363636364,1.05689877454,0.347276990411,3.54545454545,3.04338842975,1.05689877454,3.54545454545,0.499047619048,0.4,8,0.0484848484848,0.255555555556,11,11,11,1,0,0.0909090909091,0.636363636364,0.272727272727,11,0.163636363636,3.11060606061,3.27272727273,1.8,2.25,1.67874411933,0.512949592017,0.262626262626,0.924416277737,0.564921058617,0.292929292929,1.91168654715,1.16825288992,0.555555555556,1.16595865963,0.374833275867,3.93333333333,3.11060606061,1.16595865963,3.93333333333,0.565714285714,0.36,6,0.0363636363636,0.245185185185,11,11,11,1,0,0.0909090909091,0.636363636364,0.272727272727,11,21,0.190909090909,3.07696280992,3.81818181818,2.1,2.33333333333,1.66241882919,0.435395407644,0.229437229437,1.30034960334,0.681135506512,0.354978354978,1.86839746599,0.978684386946,0.484848484848,1.08946508252,0.354071579615,3.61931818182,3.07696280992,1.08946508252,3.61931818182,0.525714285714,0.409090909091,9,0.0545454545455,0.242962962963,11,11,11,1,0,0.0909090909091,0.727272727273,0.181818181818,1,0.00909090909091,0.0335743801653,0.181818181818,0.1,-0.166666666667,-0.0271211835219,-0.0292280958508,-0.0160173160173,0.132601187099,0.0388738775787,0.0186147186147,-0.0716119060609,-0.0883207676808,-0.0515151515152,0.0325663079878,0.0067945892039,0.0738636363636,0.0335743801653,0.0325663079878,0.0738636363636,0.0266666666667,0.00909090909091,1,0.00606060606061,-0.0125925925926,0,0.0909090909091,-0.0909090909091,20,1,0,89,1,0.988888888889,0.0111111111111,0,0.952380952381,1,0.975609756098,0.970463261437,0.988888888889,0.952380952381,3,2,0,0,0,0
3704,WLNM_dir_neg,0.875,0.291666666667,00:00:00,10,90,12,1179281661,threshold_sweep,0.5,0.666666666667,1,0.8,2,1,0,3,1,0.75,0.25,0,0.666666666667,1,0.8,0.833333333333,0.5,0.666666666667,0.707106781187,0.75,20,18,2,0,20,0,18,0,2,11,20,0.181818181818,3.04338842975,3.63636363636,2,2.5,1.68954001271,0.464623503495,0.245454545455,1.16774841624,0.642261628933,0.336363636364,1.94000937205,1.06700515463,0.536363636364,1.05689877454,0.347276990411,3.54545454545,3.04338842975,1.05689877454,3.54545454545,0.499047619048,0.4,8,0.0484848484848,0.255555555556,11,11,11,1,0,0.0909090909091,0.636363636364,0.272727272727,11,0.163636363636,3.11060606061,3.27272727273,1.8,2.25,1.67874411933,0.512949592017,0.262626262626,0.924416277737,0.564921058617,0.292929292929,1.91168654715,1.16825288992,0.555555555556,1.16595865963,0.374833275867,3.93333333333,3.11060606061,1.16595865963,3.93333333333,0.565714285714,0.36,6,0.0363636363636,0.245185185185,11,11,11,1,0,0.0909090909091,0.636363636364,0.272727272727,11,21,0.190909090909,3.07696280992,3.81818181818,2.1,2.33333333333,1.66241882919,0.435395407644,0.229437229437,1.30034960334,0.681135506512,0.354978354978,1.86839746599,0.978684386946,0.484848484848,1.08946508252,0.354071579615,3.61931818182,3.07696280992,1.08946508252,3.61931818182,0.525714285714,0.409090909091,9,0.0545454545455,0.242962962963,11,11,11,1,0,0.0909090909091,0.727272727273,0.181818181818,1,0.00909090909091,0.0335743801653,0.181818181818,0.1,-0.166666666667,-0.0271211835219,-0.0292280958508,-0.0160173160173,0.132601187099,0.0388738775787,0.0186147186147,-0.0716119060609,-0.0883207676808,-0.0515151515152,0.0325663079878,0.0067945892039,0.0738636363636,0.0335743801653,0.0325663079878,0.0738636363636,0.0266666666667,0.00909090909091,1,0.00606060606061,-0.0125925925926,0,0.0909090909091,-0.0909090909091,20,1,0,89,1,0.988888888889,0.0111111111111,0,0.952380952381,1,0.975609756098,0.970463261437,0.988888888889,0.952380952381,3,2,0,0,0,0
3705,WLNM_dir_neg,0.875,0.291666666667,00:00:00,10,90,12,1179281661,threshold_sweep,0.6,0.666666666667,1,0.8,2,1,0,3,1,0.75,0.25,0,0.666666666667,1,0.8,0.833333333333,0.5,0.666666666667,0.707106781187,0.75,20,18,2,0,20,0,18,0,2,11,20,0.181818181818,3.04338842975,3.63636363636,2,2.5,1.68954001271,0.464623503495,0.245454545455,1.16774841624,0.642261628933,0.336363636364,1.94000937205,1.06700515463,0.536363636364,1.05689877454,0.347276990411,3.54545454545,3.04338842975,1.05689877454,3.54545454545,0.499047619048,0.4,8,0.0484848484848,0.255555555556,11,11,11,1,0,0.0909090909091,0.636363636364,0.272727272727,11,0.163636363636,3.11060606061,3.27272727273,1.8,2.25,1.67874411933,0.512949592017,0.262626262626,0.924416277737,0.564921058617,0.292929292929,1.91168654715,1.16825288992,0.555555555556,1.16595865963,0.374833275867,3.93333333333,3.11060606061,1.16595865963,3.93333333333,0.565714285714,0.36,6,0.0363636363636,0.245185185185,11,11,11,1,0,0.0909090909091,0.636363636364,0.272727272727,11,21,0.190909090909,3.07696280992,3.81818181818,2.1,2.33333333333,1.66241882919,0.435395407644,0.229437229437,1.30034960334,0.681135506512,0.354978354978,1.86839746599,0.978684386946,0.484848484848,1.08946508252,0.354071579615,3.61931818182,3.07696280992,1.08946508252,3.61931818182,0.525714285714,0.409090909091,9,0.0545454545455,0.242962962963,11,11,11,1,0,0.0909090909091,0.727272727273,0.181818181818,1,0.00909090909091,0.0335743801653,0.181818181818,0.1,-0.166666666667,-0.0271211835219,-0.0292280958508,-0.0160173160173,0.132601187099,0.0388738775787,0.0186147186147,-0.0716119060609,-0.0883207676808,-0.0515151515152,0.0325663079878,0.0067945892039,0.0738636363636,0.0335743801653,0.0325663079878,0.0738636363636,0.0266666666667,0.00909090909091,1,0.00606060606061,-0.0125925925926,0,0.0909090909091,-0.0909090909091,20,1,0,89,1,0.988888888889,0.0111111111111,0,0.952380952381,1,0.975609756098,0.970463261437,0.988888888889,0.952380952381,3,2,0,0,0,0
3706,WLNM_dir_neg,0.875,0.291666666667,00:00:00,10,90,12,1179281661,threshold_sweep,0.7,0.666666666667,1,0.8,2,1,0,3,1,0.75,0.25,0,0.666666666667,1,0.8,0.833333333333,0.5,0.666666666667,0.707106781187,0.75,20,18,2,0,20,0,18,0,2,11,20,0.181818181818,3.04338842975,3.63636363636,2,2.5,1.68954001271,0.464623503495,0.245454545455,1.16774841624,0.642261628933,0.336363636364,1.94000937205,1.06700515463,0.536363636364,1.05689877454,0.347276990411,3.54545454545,3.04338842975,1.05689877454,3.54545454545,0.499047619048,0.4,8,0.0484848484848,0.255555555556,11,11,11,1,0,0.0909090909091,0.636363636364,0.272727272727,11,0.163636363636,3.11060606061,3.27272727273,1.8,2.25,1.67874411933,0.512949592017,0.262626262626,0.924416277737,0.564921058617,0.292929292929,1.91168654715,1.16825288992,0.555555555556,1.16595865963,0.374833275867,3.93333333333,3.11060606061,1.16595865963,3.93333333333,0.565714285714,0.36,6,0.0363636363636,0.245185185185,11,11,11,1,0,0.0909090909091,0.636363636364,0.272727272727,11,21,0.190909090909,3.07696280992,3.81818181818,2.1,2.33333333333,1.66241882919,0.435395407644,0.229437229437,1.30034960334,0.681135506512,0.354978354978,1.86839746599,0.978684386946,0.484848484848,1.08946508252,0.354071579615,3.61931818182,3.07696280992,1.08946508252,3.61931818182,0.525714285714,0.409090909091,9,0.0545454545455,0.242962962963,11,11,11,1,0,0.0909090909091,0.727272727273,0.181818181818,1,0.00909090909091,0.0335743801653,0.181818181818,0.1,-0.166666666667,-0.0271211835219,-0.0292280958508,-0.0160173160173,0.132601187099,0.0388738775787,0.0186147186147,-0.0716119060609,-0.0883207676808,-0.0515151515152,0.0325663079878,0.0067945892039,0.0738636363636,0.0335743801653,0.0325663079878,0.0738636363636,0.0266666666667,0.00909090909091,1,0.00606060606061,-0.0125925925926,0,0.0909090909091,-0.0909090909091,20,1,0,89,1,0.988888888889,0.0111111111111,0,0.952380952381,1,0.975609756098,0.970463261437,0.988888888889,0.952380952381,3,2,0,0,0,0
3707,WLNM_dir_neg,0.875,0.291666666667,00:00:00,10,90,12,1179281661,threshold_sweep,0.8,0.666666666667,1,0.8,2,1,0,3,1,0.75,0.25,0,0.666666666667,1,0.8,0.833333333333,0.5,0.666666666667,0.707106781187,0.75,20,18,2,0,20,0,18,0,2,11,20,0.181818181818,3.04338842975,3.63636363636,2,2.5,1.68954001271,0.464623503495,0.245454545455,1.16774841624,0.642261628933,0.336363636364,1.94000937205,1.06700515463,0.536363636364,1.05689877454,0.347276990411,3.54545454545,3.04338842975,1.05689877454,3.54545454545,0.499047619048,0.4,8,0.0484848484848,0.255555555556,11,11,11,1,0,0.0909090909091,0.636363636364,0.272727272727,11,0.163636363636,3.11060606061,3.27272727273,1.8,2.25,1.67874411933,0.512949592017,0.262626262626,0.924416277737,0.564921058617,0.292929292929,1.91168654715,1.16825288992,0.555555555556,1.16595865963,0.374833275867,3.93333333333,3.11060606061,1.16595865963,3.93333333333,0.565714285714,0.36,6,0.0363636363636,0.245185185185,11,11,11,1,0,0.0909090909091,0.636363636364,0.272727272727,11,21,0.190909090909,3.07696280992,3.81818181818,2.1,2.33333333333,1.66241882919,0.435395407644,0.229437229437,1.30034960334,0.681135506512,0.354978354978,1.86839746599,0.978684386946,0.484848484848,1.08946508252,0.354071579615,3.61931818182,3.07696280992,1.08946508252,3.61931818182,0.525714285714,0.409090909091,9,0.0545454545455,0.242962962963,11,11,11,1,0,0.0909090909091,0.727272727273,0.181818181818,1,0.00909090909091,0.0335743801653,0.181818181818,0.1,-0.166666666667,-0.0271211835219,-0.0292280958508,-0.0160173160173,0.132601187099,0.0388738775787,0.0186147186147,-0.0716119060609,-0.0883207676808,-0.0515151515152,0.0325663079878,0.0067945892039,0.0738636363636,0.0335743801653,0.0325663079878,0.0738636363636,0.0266666666667,0.00909090909091,1,0.00606060606061,-0.0125925925926,0,0.0909090909091,-0.0909090909091,20,1,0,89,1,0.988888888889,0.0111111111111,0,0.952380952381,1,0.975609756098,0.970463261437,0.988888888889,0.952380952381,3,2,0,0,0,0
3708,WLNM_dir_neg,0.875,0.291666666667,00:00:00,10,90,12,1179281661,threshold_sweep,0.9,0.5,0.5,0.5,1,1,1,3,0.5,0.75,0.25,0.5,0.5,0.5,0.5,0.666666666667,0.555555555556,0.25,0.25,0.25,20,18,2,0,20,0,18,0,2,11,20,0.181818181818,3.04338842975,3.63636363636,2,2.5,1.68954001271,0.464623503495,0.245454545455,1.16774841624,0.642261628933,0.336363636364,1.94000937205,1.06700515463,0.536363636364,1.05689877454,0.347276990411,3.54545454545,3.04338842975,1.05689877454,3.54545454545,0.499047619048,0.4,8,0.0484848484848,0.255555555556,11,11,11,1,0,0.0909090909091,0.636363636364,0.272727272727,11,0.163636363636,3.11060606061,3.27272727273,1.8,2.25,1.67874411933,0.512949592017,0.262626262626,0.924416277737,0.564921058617,0.292929292929,1.91168654715,1.16825288992,0.555555555556,1.16595865963,0.374833275867,3.93333333333,3.11060606061,1.16595865963,3.93333333333,0.565714285714,0.36,6,0.0363636363636,0.245185185185,11,11,11,1,0,0.0909090909091,0.636363636364,0.272727272727,11,20,0.181818181818,3.10511363636,3.63636363636,2,2.22222222222,1.62927758671,0.448051336344,0.231818181818,1.16774841624,0.642261628933,0.336363636364,1.83402190926,1.00871205009,0.490909090909,1.13417140281,0.365259225791,3.8515625,3.10511363636,1.13417140281,3.8515625,0.465714285714,0.35,7,0.0424242424242,0.235925925926,11,11,11,1,0,0.0909090909091,0.727272727273,0.181818181818,0,0,0.0617252066116,0,0,-0.277777777778,-0.0602624260023,-0.0165721671506,-0.0136363636364,0,0,0,-0.105987462791,-0.0582931045351,-0.0454545454545,0.0772726282729,0.0179822353792,0.306107954545,0.0617252066116,0.0772726282729,0.306107954545,-0.0333333333333,-0.05,-1,-0.00606060606061,-0.0196296296296,0,0.0909090909091,-0.0909090909091,19,1,1,89,0.95,0.988888888889,0.0111111111111,0.05,0.95,0.95,0.95,0.938888888889,0.938888888889,0.904761904762,2,2,0,0,0,0
3709,WLNM_dir_neg,0.75,0.208333333333,00:00:00,10,90,13,1179281662,threshold_sweep,0.1,1,0.5,0.666666666667,1,0,1,4,0.5,1,0,0.5,1,0.5,0.666666666667,0.833333333333,0.611111111111,0.571428571429,0.632455532034,0.5,20,18,2,0,20,0,18,0,2,11,20,0.181818181818,3.04338842975,3.63636363636,2,2.5,1.68954001271,0.464623503495,0.245454545455,1.16774841624,0.642261628933,0.336363636364,1.94000937205,1.06700515463,0.536363636364,1.05689877454,0.347276990411,3.54545454545,3.04338842975,1.05689877454,3.54545454545,0.499047619048,0.4,8,0.0484848484848,0.255555555556,11,11,11,1,0,0.0909090909091,0.636363636364,0.272727272727,11,0.163636363636,3.12012987013,3.27272727273,1.8,2.25,1.48935617573,0.455081053695,0.232323232323,1.0269106361,0.627556499842,0.30303030303,1.68954001271,1.03249667443,0.525252525253,1.15288820184,0.369500068851,3.85714285714,3.12012987013,1.15288820184,3.85714285714,0.483333333333,0.326086956522,5,0.030303030303,0.22,11,11,11,1,0,0.0909090909091,0.636363636364,0.272727272727,11,19,0.172727272727,3.0847107438,3.45454545455,1.9,2.375,1.50755672289,0.436397998731,0.234449760766,1.1037127426,0.638991587822,0.325358851675,1.7372915179,1.00580035247,0.516746411483,1.09771037579,0.355855205548,3.63636363636,3.0847107438,1.09771037579,3.63636363636,0.466666666667,0.352941176471,6,0.0363636363636,0.23,11,11,11,1,0,0.0909090909091,0.636363636364,0.272727272727,-1,-0.00909090909091,0.0413223140496,-0.181818181818,-0.1,-0.125,-0.18198328982,-0.0282255047641,-0.011004784689,-0.0640356736404,-0.0032700411111,-0.011004784689,-0.202717854144,-0.0612048021559,-0.0196172248804,0.0408116012549,0.00857821513672,0.0909090909091,0.0413223140496,0.0408116012549,0.0909090909091,-0.032380952381,-0.0470588235294,-2,-0.0121212121212,-0.0255555555556,0,0,0,19,0,1,90,0.95,1,0,0.05,1,0.95,0.974358974359,0.969309258988,0.95,0.95,1,2,0,0,0,0
3710,WLNM_dir_neg,0.75,0.208333333333,00:00:00,10,90,13,1179281662,threshold_sweep,0.2,1,0.5,0.666666666667,1,0,1,4,0.5,1,0,0.5,1,0.5,0.666666666667,0.833333333333,0.611111111111,0.571428571429,0.632455532034,0.5,20,18,2,0,20,0,18,0,2,11,20,0.181818181818,3.04338842975,3.63636363636,2,2.5,1.68954001271,0.464623503495,0.245454545455,1.16774841624,0.642261628933,0.336363636364,1.94000937205,1.06700515463,0.536363636364,1.05689877454,0.347276990411,3.54545454545,3.04338842975,1.05689877454,3.54545454545,0.499047619048,0.4,8,0.0484848484848,0.255555555556,11,11,11,1,0,0.0909090909091,0.636363636364,0.272727272727,11,0.163636363636,3.12012987013,3.27272727273,1.8,2.25,1.48935617573,0.455081053695,0.232323232323,1.0269106361,0.627556499842,0.30303030303,1.68954001271,1.03249667443,0.525252525253,1.15288820184,0.369500068851,3.85714285714,3.12012987013,1.15288820184,3.85714285714,0.483333333333,0.326086956522,5,0.030303030303,0.22,11,11,11,1,0,0.0909090909091,0.636363636364,0.272727272727,11,19,0.172727272727,3.0847107438,3.45454545455,1.9,2.375,1.50755672289,0.436397998731,0.234449760766,1.1037127426,0.638991587822,0.325358851675,1.7372915179,1.00580035247,0.516746411483,1.09771037579,0.355855205548,3.63636363636,3.0847107438,1.09771037579,3.63636363636,0.466666666667,0.352941176471,6,0.0363636363636,0.23,11,11,11,1,0,0.0909090909091,0.636363636364,0.272727272727,-1,-0.00909090909091,0.0413223140496,-0.181818181818,-0.1,-0.125,-0.18198328982,-0.0282255047641,-0.011004784689,-0.0640356736404,-0.0032700411111,-0.011004784689,-0.202717854144,-0.0612048021559,-0.0196172248804,0.0408116012549,0.00857821513672,0.0909090909091,0.0413223140496,0.0408116012549,0.0909090909091,-0.032380952381,-0.0470588235294,-2,-0.0121212121212,-0.0255555555556,0,0,0,19,0,1,90,0.95,1,0,0.05,1,0.95,0.974358974359,0.969309258988,0.95,0.95,1,2,0,0,0,0
3711,WLNM_dir_neg,0.75,0.208333333333,00:00:00,10,90,13,1179281662,threshold_sweep,0.3,1,0.5,0.666666666667,1,0,1,4,0.5,1,0,0.5,1,0.5,0.666666666667,0.833333333333,0.611111111111,0.571428571429,0.632455532034,0.5,20,18,2,0,20,0,18,0,2,11,20,0.181818181818,3.04338842975,3.63636363636,2,2.5,1.68954001271,0.464623503495,0.245454545455,1.16774841624,0.642261628933,0.336363636364,1.94000937205,1.06700515463,0.536363636364,1.05689877454,0.347276990411,3.54545454545,3.04338842975,1.05689877454,3.54545454545,0.499047619048,0.4,8,0.0484848484848,0.255555555556,11,11,11,1,0,0.0909090909091,0.636363636364,0.272727272727,11,0.163636363636,3.12012987013,3.27272727273,1.8,2.25,1.48935617573,0.455081053695,0.232323232323,1.0269106361,0.627556499842,0.30303030303,1.68954001271,1.03249667443,0.525252525253,1.15288820184,0.369500068851,3.85714285714,3.12012987013,1.15288820184,3.85714285714,0.483333333333,0.326086956522,5,0.030303030303,0.22,11,11,11,1,0,0.0909090909091,0.636363636364,0.272727272727,11,19,0.172727272727,3.0847107438,3.45454545455,1.9,2.375,1.50755672289,0.436397998731,0.234449760766,1.1037127426,0.638991587822,0.325358851675,1.7372915179,1.00580035247,0.516746411483,1.09771037579,0.355855205548,3.63636363636,3.0847107438,1.09771037579,3.63636363636,0.466666666667,0.352941176471,6,0.0363636363636,0.23,11,11,11,1,0,0.0909090909091,0.636363636364,0.272727272727,-1,-0.00909090909091,0.0413223140496,-0.181818181818,-0.1,-0.125,-0.18198328982,-0.0282255047641,-0.011004784689,-0.0640356736404,-0.0032700411111,-0.011004784689,-0.202717854144,-0.0612048021559,-0.0196172248804,0.0408116012549,0.00857821513672,0.0909090909091,0.0413223140496,0.0408116012549,0.0909090909091,-0.032380952381,-0.0470588235294,-2,-0.0121212121212,-0.0255555555556,0,0,0,19,0,1,90,0.95,1,0,0.05,1,0.95,0.974358974359,0.969309258988,0.95,0.95,1,2,0,0,0,0
3712,WLNM_dir_neg,0.75,0.208333333333,00:00:00,10,90,13,1179281662,threshold_sweep,0.4,1,0.5,0.666666666667,1,0,1,4,0.5,1,0,0.5,1,0.5,0.666666666667,0.833333333333,0.611111111111,0.571428571429,0.632455532034,0.5,20,18,2,0,20,0,18,0,2,11,20,0.181818181818,3.04338842975,3.63636363636,2,2.5,1.68954001271,0.464623503495,0.245454545455,1.16774841624,0.642261628933,0.336363636364,1.94000937205,1.06700515463,0.536363636364,1.05689877454,0.347276990411,3.54545454545,3.04338842975,1.05689877454,3.54545454545,0.499047619048,0.4,8,0.0484848484848,0.255555555556,11,11,11,1,0,0.0909090909091,0.636363636364,0.272727272727,11,0.163636363636,3.12012987013,3.27272727273,1.8,2.25,1.48935617573,0.455081053695,0.232323232323,1.0269106361,0.627556499842,0.30303030303,1.68954001271,1.03249667443,0.525252525253,1.15288820184,0.369500068851,3.85714285714,3.12012987013,1.15288820184,3.85714285714,0.483333333333,0.326086956522,5,0.030303030303,0.22,11,11,11,1,0,0.0909090909091,0.636363636364,0.272727272727,11,19,0.172727272727,3.0847107438,3.45454545455,1.9,2.375,1.50755672289,0.436397998731,0.234449760766,1.1037127426,0.638991587822,0.325358851675,1.7372915179,1.00580035247,0.516746411483,1.09771037579,0.355855205548,3.63636363636,3.0847107438,1.09771037579,3.63636363636,0.466666666667,0.352941176471,6,0.0363636363636,0.23,11,11,11,1,0,0.0909090909091,0.636363636364,0.272727272727,-1,-0.00909090909091,0.0413223140496,-0.181818181818,-0.1,-0.125,-0.18198328982,-0.0282255047641,-0.011004784689,-0.0640356736404,-0.0032700411111,-0.011004784689,-0.202717854144,-0.0612048021559,-0.0196172248804,0.0408116012549,0.00857821513672,0.0909090909091,0.0413223140496,0.0408116012549,0.0909090909091,-0.032380952381,-0.0470588235294,-2,-0.0121212121212,-0.0255555555556,0,0,0,19,0,1,90,0.95,1,0,0.05,1,0.95,0.974358974359,0.969309258988,0.95,0.95,1,2,0,0,0,0
3713,WLNM_dir_neg,0.75,0.208333333333,00:00:00,10,90,13,1179281662,threshold_sweep,0.5,1,0.5,0.666666666667,1,0,1,4,0.5,1,0,0.5,1,0.5,0.666666666667,0.833333333333,0.611111111111,0.571428571429,0.632455532034,0.5,20,18,2,0,20,0,18,0,2,11,20,0.181818181818,3.04338842975,3.63636363636,2,2.5,1.68954001271,0.464623503495,0.245454545455,1.16774841624,0.642261628933,0.336363636364,1.94000937205,1.06700515463,0.536363636364,1.05689877454,0.347276990411,3.54545454545,3.04338842975,1.05689877454,3.54545454545,0.499047619048,0.4,8,0.0484848484848,0.255555555556,11,11,11,1,0,0.0909090909091,0.636363636364,0.272727272727,11,0.163636363636,3.12012987013,3.27272727273,1.8,2.25,1.48935617573,0.455081053695,0.232323232323,1.0269106361,0.627556499842,0.30303030303,1.68954001271,1.03249667443,0.525252525253,1.15288820184,0.369500068851,3.85714285714,3.12012987013,1.15288820184,3.85714285714,0.483333333333,0.326086956522,5,0.030303030303,0.22,11,11,11,1,0,0.0909090909091,0.636363636364,0.272727272727,11,19,0.172727272727,3.0847107438,3.45454545455,1.9,2.375,1.50755672289,0.436397998731,0.234449760766,1.1037127426,0.638991587822,0.325358851675,1.7372915179,1.00580035247,0.516746411483,1.09771037579,0.355855205548,3.63636363636,3.0847107438,1.09771037579,3.63636363636,0.466666666667,0.352941176471,6,0.0363636363636,0.23,11,11,11,1,0,0.0909090909091,0.636363636364,0.272727272727,-1,-0.00909090909091,0.0413223140496,-0.181818181818,-0.1,-0.125,-0.18198328982,-0.0282255047641,-0.011004784689,-0.0640356736404,-0.0032700411111,-0.011004784689,-0.202717854144,-0.0612048021559,-0.0196172248804,0.0408116012549,0.00857821513672,0.0909090909091,0.0413223140496,0.0408116012549,0.0909090909091,-0.032380952381,-0.0470588235294,-2,-0.0121212121212,-0.0255555555556,0,0,0,19,0,1,90,0.95,1,0,0.05,1,0.95,0.974358974359,0.969309258988,0.95,0.95,1,2,0,0,0,0
3714,WLNM_dir_neg,0.75,0.208333333333,00:00:00,10,90,13,1179281662,threshold_sweep,0.6,1,0.5,0.666666666667,1,0,1,4,0.5,1,0,0.5,1,0.5,0.666666666667,0.833333333333,0.611111111111,0.571428571429,0.632455532034,0.5,20,18,2,0,20,0,18,0,2,11,20,0.181818181818,3.04338842975,3.63636363636,2,2.5,1.68954001271,0.464623503495,0.245454545455,1.16774841624,0.642261628933,0.336363636364,1.94000937205,1.06700515463,0.536363636364,1.05689877454,0.347276990411,3.54545454545,3.04338842975,1.05689877454,3.54545454545,0.499047619048,0.4,8,0.0484848484848,0.255555555556,11,11,11,1,0,0.0909090909091,0.636363636364,0.272727272727,11,0.163636363636,3.12012987013,3.27272727273,1.8,2.25,1.48935617573,0.455081053695,0.232323232323,1.0269106361,0.627556499842,0.30303030303,1.68954001271,1.03249667443,0.525252525253,1.15288820184,0.369500068851,3.85714285714,3.12012987013,1.15288820184,3.85714285714,0.483333333333,0.326086956522,5,0.030303030303,0.22,11,11,11,1,0,0.0909090909091,0.636363636364,0.272727272727,11,19,0.172727272727,3.0847107438,3.45454545455,1.9,2.375,1.50755672289,0.436397998731,0.234449760766,1.1037127426,0.638991587822,0.325358851675,1.7372915179,1.00580035247,0.516746411483,1.09771037579,0.355855205548,3.63636363636,3.0847107438,1.09771037579,3.63636363636,0.466666666667,0.352941176471,6,0.0363636363636,0.23,11,11,11,1,0,0.0909090909091,0.636363636364,0.272727272727,-1,-0.00909090909091,0.0413223140496,-0.181818181818,-0.1,-0.125,-0.18198328982,-0.0282255047641,-0.011004784689,-0.0640356736404,-0.0032700411111,-0.011004784689,-0.202717854144,-0.0612048021559,-0.0196172248804,0.0408116012549,0.00857821513672,0.0909090909091,0.0413223140496,0.0408116012549,0.0909090909091,-0.032380952381,-0.0470588235294,-2,-0.0121212121212,-0.0255555555556,0,0,0,19,0,1,90,0.95,1,0,0.05,1,0.95,0.974358974359,0.969309258988,0.95,0.95,1,2,0,0,0,0
3715,WLNM_dir_neg,0.75,0.208333333333,00:00:00,10,90,13,1179281662,threshold_sweep,0.7,1,0.5,0.666666666667,1,0,1,4,0.5,1,0,0.5,1,0.5,0.666666666667,0.833333333333,0.611111111111,0.571428571429,0.632455532034,0.5,20,18,2,0,20,0,18,0,2,11,20,0.181818181818,3.04338842975,3.63636363636,2,2.5,1.68954001271,0.464623503495,0.245454545455,1.16774841624,0.642261628933,0.336363636364,1.94000937205,1.06700515463,0.536363636364,1.05689877454,0.347276990411,3.54545454545,3.04338842975,1.05689877454,3.54545454545,0.499047619048,0.4,8,0.0484848484848,0.255555555556,11,11,11,1,0,0.0909090909091,0.636363636364,0.272727272727,11,0.163636363636,3.12012987013,3.27272727273,1.8,2.25,1.48935617573,0.455081053695,0.232323232323,1.0269106361,0.627556499842,0.30303030303,1.68954001271,1.03249667443,0.525252525253,1.15288820184,0.369500068851,3.85714285714,3.12012987013,1.15288820184,3.85714285714,0.483333333333,0.326086956522,5,0.030303030303,0.22,11,11,11,1,0,0.0909090909091,0.636363636364,0.272727272727,11,19,0.172727272727,3.0847107438,3.45454545455,1.9,2.375,1.50755672289,0.436397998731,0.234449760766,1.1037127426,0.638991587822,0.325358851675,1.7372915179,1.00580035247,0.516746411483,1.09771037579,0.355855205548,3.63636363636,3.0847107438,1.09771037579,3.63636363636,0.466666666667,0.352941176471,6,0.0363636363636,0.23,11,11,11,1,0,0.0909090909091,0.636363636364,0.272727272727,-1,-0.00909090909091,0.0413223140496,-0.181818181818,-0.1,-0.125,-0.18198328982,-0.0282255047641,-0.011004784689,-0.0640356736404,-0.0032700411111,-0.011004784689,-0.202717854144,-0.0612048021559,-0.0196172248804,0.0408116012549,0.00857821513672,0.0909090909091,0.0413223140496,0.0408116012549,0.0909090909091,-0.032380952381,-0.0470588235294,-2,-0.0121212121212,-0.0255555555556,0,0,0,19,0,1,90,0.95,1,0,0.05,1,0.95,0.974358974359,0.969309258988,0.95,0.95,1,2,0,0,0,0
3716,WLNM_dir_neg,0.75,0.208333333333,00:00:00,10,90,13,1179281662,threshold_sweep,0.8,1,0.5,0.666666666667,1,0,1,4,0.5,1,0,0.5,1,0.5,0.666666666667,0.833333333333,0.611111111111,0.571428571429,0.632455532034,0.5,20,18,2,0,20,0,18,0,2,11,20,0.181818181818,3.04338842975,3.63636363636,2,2.5,1.68954001271,0.464623503495,0.245454545455,1.16774841624,0.642261628933,0.336363636364,1.94000937205,1.06700515463,0.536363636364,1.05689877454,0.347276990411,3.54545454545,3.04338842975,1.05689877454,3.54545454545,0.499047619048,0.4,8,0.0484848484848,0.255555555556,11,11,11,1,0,0.0909090909091,0.636363636364,0.272727272727,11,0.163636363636,3.12012987013,3.27272727273,1.8,2.25,1.48935617573,0.455081053695,0.232323232323,1.0269106361,0.627556499842,0.30303030303,1.68954001271,1.03249667443,0.525252525253,1.15288820184,0.369500068851,3.85714285714,3.12012987013,1.15288820184,3.85714285714,0.483333333333,0.326086956522,5,0.030303030303,0.22,11,11,11,1,0,0.0909090909091,0.636363636364,0.272727272727,11,19,0.172727272727,3.0847107438,3.45454545455,1.9,2.375,1.50755672289,0.436397998731,0.234449760766,1.1037127426,0.638991587822,0.325358851675,1.7372915179,1.00580035247,0.516746411483,1.09771037579,0.355855205548,3.63636363636,3.0847107438,1.09771037579,3.63636363636,0.466666666667,0.352941176471,6,0.0363636363636,0.23,11,11,11,1,0,0.0909090909091,0.636363636364,0.272727272727,-1,-0.00909090909091,0.0413223140496,-0.181818181818,-0.1,-0.125,-0.18198328982,-0.0282255047641,-0.011004784689,-0.0640356736404,-0.0032700411111,-0.011004784689,-0.202717854144,-0.0612048021559,-0.0196172248804,0.0408116012549,0.00857821513672,0.0909090909091,0.0413223140496,0.0408116012549,0.0909090909091,-0.032380952381,-0.0470588235294,-2,-0.0121212121212,-0.0255555555556,0,0,0,19,0,1,90,0.95,1,0,0.05,1,0.95,0.974358974359,0.969309258988,0.95,0.95,1,2,0,0,0,0
3717,WLNM_dir_neg,0.75,0.208333333333,00:00:00,10,90,13,1179281662,threshold_sweep,0.9,1,0.5,0.666666666667,1,0,1,4,0.5,1,0,0.5,1,0.5,0.666666666667,0.833333333333,0.611111111111,0.571428571429,0.632455532034,0.5,20,18,2,0,20,0,18,0,2,11,20,0.181818181818,3.04338842975,3.63636363636,2,2.5,1.68954001271,0.464623503495,0.245454545455,1.16774841624,0.642261628933,0.336363636364,1.94000937205,1.06700515463,0.536363636364,1.05689877454,0.347276990411,3.54545454545,3.04338842975,1.05689877454,3.54545454545,0.499047619048,0.4,8,0.0484848484848,0.255555555556,11,11,11,1,0,0.0909090909091,0.636363636364,0.272727272727,11,0.163636363636,3.12012987013,3.27272727273,1.8,2.25,1.48935617573,0.455081053695,0.232323232323,1.0269106361,0.627556499842,0.30303030303,1.68954001271,1.03249667443,0.525252525253,1.15288820184,0.369500068851,3.85714285714,3.12012987013,1.15288820184,3.85714285714,0.483333333333,0.326086956522,5,0.030303030303,0.22,11,11,11,1,0,0.0909090909091,0.636363636364,0.272727272727,11,19,0.172727272727,3.0847107438,3.45454545455,1.9,2.375,1.50755672289,0.436397998731,0.234449760766,1.1037127426,0.638991587822,0.325358851675,1.7372915179,1.00580035247,0.516746411483,1.09771037579,0.355855205548,3.63636363636,3.0847107438,1.09771037579,3.63636363636,0.466666666667,0.352941176471,6,0.0363636363636,0.23,11,11,11,1,0,0.0909090909091,0.636363636364,0.272727272727,-1,-0.00909090909091,0.0413223140496,-0.181818181818,-0.1,-0.125,-0.18198328982,-0.0282255047641,-0.011004784689,-0.0640356736404,-0.0032700411111,-0.011004784689,-0.202717854144,-0.0612048021559,-0.0196172248804,0.0408116012549,0.00857821513672,0.0909090909091,0.0413223140496,0.0408116012549,0.0909090909091,-0.032380952381,-0.0470588235294,-2,-0.0121212121212,-0.0255555555556,0,0,0,19,0,1,90,0.95,1,0,0.05,1,0.95,0.974358974359,0.969309258988,0.95,0.95,1,2,0,0,0,0
3718,WLNM_dir_neg,0.625,0.1625,00:00:00,10,90,14,1179281663,threshold_sweep,0.1,0.5,0.5,0.5,1,1,1,3,0.5,0.75,0.25,0.5,0.5,0.5,0.5,0.666666666667,0.555555555556,0.25,0.25,0.25,20,18,2,0,20,0,18,0,2,11,20,0.181818181818,3.04338842975,3.63636363636,2,2.5,1.68954001271,0.464623503495,0.245454545455,1.16774841624,0.642261628933,0.336363636364,1.94000937205,1.06700515463,0.536363636364,1.05689877454,0.347276990411,3.54545454545,3.04338842975,1.05689877454,3.54545454545,0.499047619048,0.4,8,0.0484848484848,0.255555555556,11,11,11,1,0,0.0909090909091,0.636363636364,0.272727272727,11,0.163636363636,3.11060606061,3.27272727273,1.8,2.25,1.55505042304,0.475154295927,0.232323232323,0.924416277737,0.564921058617,0.292929292929,1.80403587951,1.10246637081,0.535353535354,1.16595865963,0.374833275867,3.93333333333,3.11060606061,1.16595865963,3.93333333333,0.385714285714,0.3125,5,0.030303030303,0.234074074074,11,11,11,1,0,0.0909090909091,0.636363636364,0.272727272727,11,20,0.181818181818,3.14898989899,3.63636363636,2,2.5,1.74772579501,0.480624593628,0.254545454545,1.25045446284,0.687749954562,0.345454545455,1.8877596149,1.03826778819,0.527272727273,1.18492802871,0.376288291394,3.88888888889,3.14898989899,1.18492802871,3.88888888889,0.552380952381,0.44262295082,9,0.0545454545455,0.241851851852,11,11,11,1,0,0.0909090909091,0.636363636364,0.272727272727,0,0,0.105601469238,0,0,0,0.0581857823014,0.0160010901329,0.00909090909091,0.0827060465977,0.0454883256287,0.00909090909091,-0.0522497571515,-0.0287373664333,-0.00909090909091,0.128029254172,0.0290113009832,0.343434343434,0.105601469238,0.128029254172,0.343434343434,0.0533333333333,0.0426229508197,1,0.00606060606061,-0.0137037037037,0,0,0,19,1,1,89,0.95,0.988888888889,0.0111111111111,0.05,0.95,0.95,0.95,0.938888888889,0.938888888889,0.904761904762,2,2,0,0,0,0
3719,WLNM_dir_neg,0.625,0.1625,00:00:00,10,90,14,1179281663,threshold_sweep,0.2,0.5,0.5,0.5,1,1,1,3,0.5,0.75,0.25,0.5,0.5,0.5,0.5,0.666666666667,0.555555555556,0.25,0.25,0.25,20,18,2,0,20,0,18,0,2,11,20,0.181818181818,3.04338842975,3.63636363636,2,2.5,1.68954001271,0.464623503495,0.245454545455,1.16774841624,0.642261628933,0.336363636364,1.94000937205,1.06700515463,0.536363636364,1.05689877454,0.347276990411,3.54545454545,3.04338842975,1.05689877454,3.54545454545,0.499047619048,0.4,8,0.0484848484848,0.255555555556,11,11,11,1,0,0.0909090909091,0.636363636364,0.272727272727,11,0.163636363636,3.11060606061,3.27272727273,1.8,2.25,1.55505042304,0.475154295927,0.232323232323,0.924416277737,0.564921058617,0.292929292929,1.80403587951,1.10246637081,0.535353535354,1.16595865963,0.374833275867,3.93333333333,3.11060606061,1.16595865963,3.93333333333,0.385714285714,0.3125,5,0.030303030303,0.234074074074,11,11,11,1,0,0.0909090909091,0.636363636364,0.272727272727,11,20,0.181818181818,3.14898989899,3.63636363636,2,2.5,1.74772579501,0.480624593628,0.254545454545,1.25045446284,0.687749954562,0.345454545455,1.8877596149,1.03826778819,0.527272727273,1.18492802871,0.376288291394,3.88888888889,3.14898989899,1.18492802871,3.88888888889,0.552380952381,0.44262295082,9,0.0545454545455,0.241851851852,11,11,11,1,0,0.0909090909091,0.636363636364,0.272727272727,0,0,0.105601469238,0,0,0,0.0581857823014,0.0160010901329,0.00909090909091,0.0827060465977,0.0454883256287,0.00909090909091,-0.0522497571515,-0.0287373664333,-0.00909090909091,0.128029254172,0.0290113009832,0.343434343434,0.105601469238,0.128029254172,0.343434343434,0.0533333333333,0.0426229508197,1,0.00606060606061,-0.0137037037037,0,0,0,19,1,1,89,0.95,0.988888888889,0.0111111111111,0.05,0.95,0.95,0.95,0.938888888889,0.938888888889,0.904761904762,2,2,0,0,0,0
3720,WLNM_dir_neg,0.625,0.1625,00:00:00,10,90,14,1179281663,threshold_sweep,0.3,0.5,0.5,0.5,1,1,1,3,0.5,0.75,0.25,0.5,0.5,0.5,0.5,0.666666666667,0.555555555556,0.25,0.25,0.25,20,18,2,0,20,0,18,0,2,11,20,0.181818181818,3.04338842975,3.63636363636,2,2.5,1.68954001271,0.464623503495,0.245454545455,1.16774841624,0.642261628933,0.336363636364,1.94000937205,1.06700515463,0.536363636364,1.05689877454,0.347276990411,3.54545454545,3.04338842975,1.05689877454,3.54545454545,0.499047619048,0.4,8,0.0484848484848,0.255555555556,11,11,11,1,0,0.0909090909091,0.636363636364,0.272727272727,11,0.163636363636,3.11060606061,3.27272727273,1.8,2.25,1.55505042304,0.475154295927,0.232323232323,0.924416277737,0.564921058617,0.292929292929,1.80403587951,1.10246637081,0.535353535354,1.16595865963,0.374833275867,3.93333333333,3.11060606061,1.16595865963,3.93333333333,0.385714285714,0.3125,5,0.030303030303,0.234074074074,11,11,11,1,0,0.0909090909091,0.636363636364,0.272727272727,11,20,0.181818181818,3.14898989899,3.63636363636,2,2.5,1.74772579501,0.480624593628,0.254545454545,1.25045446284,0.687749954562,0.345454545455,1.8877596149,1.03826778819,0.527272727273,1.18492802871,0.376288291394,3.88888888889,3.14898989899,1.18492802871,3.88888888889,0.552380952381,0.44262295082,9,0.0545454545455,0.241851851852,11,11,11,1,0,0.0909090909091,0.636363636364,0.272727272727,0,0,0.105601469238,0,0,0,0.0581857823014,0.0160010901329,0.00909090909091,0.0827060465977,0.0454883256287,0.00909090909091,-0.0522497571515,-0.0287373664333,-0.00909090909091,0.128029254172,0.0290113009832,0.343434343434,0.105601469238,0.128029254172,0.343434343434,0.0533333333333,0.0426229508197,1,0.00606060606061,-0.0137037037037,0,0,0,19,1,1,89,0.95,0.988888888889,0.0111111111111,0.05,0.95,0.95,0.95,0.938888888889,0.938888888889,0.904761904762,2,2,0,0,0,0
3721,WLNM_dir_neg,0.625,0.1625,00:00:00,10,90,14,1179281663,threshold_sweep,0.4,0.5,0.5,0.5,1,1,1,3,0.5,0.75,0.25,0.5,0.5,0.5,0.5,0.666666666667,0.555555555556,0.25,0.25,0.25,20,18,2,0,20,0,18,0,2,11,20,0.181818181818,3.04338842975,3.63636363636,2,2.5,1.68954001271,0.464623503495,0.245454545455,1.16774841624,0.642261628933,0.336363636364,1.94000937205,1.06700515463,0.536363636364,1.05689877454,0.347276990411,3.54545454545,3.04338842975,1.05689877454,3.54545454545,0.499047619048,0.4,8,0.0484848484848,0.255555555556,11,11,11,1,0,0.0909090909091,0.636363636364,0.272727272727,11,0.163636363636,3.11060606061,3.27272727273,1.8,2.25,1.55505042304,0.475154295927,0.232323232323,0.924416277737,0.564921058617,0.292929292929,1.80403587951,1.10246637081,0.535353535354,1.16595865963,0.374833275867,3.93333333333,3.11060606061,1.16595865963,3.93333333333,0.385714285714,0.3125,5,0.030303030303,0.234074074074,11,11,11,1,0,0.0909090909091,0.636363636364,0.272727272727,11,20,0.181818181818,3.14898989899,3.63636363636,2,2.5,1.74772579501,0.480624593628,0.254545454545,1.25045446284,0.687749954562,0.345454545455,1.8877596149,1.03826778819,0.527272727273,1.18492802871,0.376288291394,3.88888888889,3.14898989899,1.18492802871,3.88888888889,0.552380952381,0.44262295082,9,0.0545454545455,0.241851851852,11,11,11,1,0,0.0909090909091,0.636363636364,0.272727272727,0,0,0.105601469238,0,0,0,0.0581857823014,0.0160010901329,0.00909090909091,0.0827060465977,0.0454883256287,0.00909090909091,-0.0522497571515,-0.0287373664333,-0.00909090909091,0.128029254172,0.0290113009832,0.343434343434,0.105601469238,0.128029254172,0.343434343434,0.0533333333333,0.0426229508197,1,0.00606060606061,-0.0137037037037,0,0,0,19,1,1,89,0.95,0.988888888889,0.0111111111111,0.05,0.95,0.95,0.95,0.938888888889,0.938888888889,0.904761904762,2,2,0,0,0,0
3722,WLNM_dir_neg,0.625,0.1625,00:00:00,10,90,14,1179281663,threshold_sweep,0.5,0.5,0.5,0.5,1,1,1,3,0.5,0.75,0.25,0.5,0.5,0.5,0.5,0.666666666667,0.555555555556,0.25,0.25,0.25,20,18,2,0,20,0,18,0,2,11,20,0.181818181818,3.04338842975,3.63636363636,2,2.5,1.68954001271,0.464623503495,0.245454545455,1.16774841624,0.642261628933,0.336363636364,1.94000937205,1.06700515463,0.536363636364,1.05689877454,0.347276990411,3.54545454545,3.04338842975,1.05689877454,3.54545454545,0.499047619048,0.4,8,0.0484848484848,0.255555555556,11,11,11,1,0,0.0909090909091,0.636363636364,0.272727272727,11,0.163636363636,3.11060606061,3.27272727273,1.8,2.25,1.55505042304,0.475154295927,0.232323232323,0.924416277737,0.564921058617,0.292929292929,1.80403587951,1.10246637081,0.535353535354,1.16595865963,0.374833275867,3.93333333333,3.11060606061,1.16595865963,3.93333333333,0.385714285714,0.3125,5,0.030303030303,0.234074074074,11,11,11,1,0,0.0909090909091,0.636363636364,0.272727272727,11,20,0.181818181818,3.14898989899,3.63636363636,2,2.5,1.74772579501,0.480624593628,0.254545454545,1.25045446284,0.687749954562,0.345454545455,1.8877596149,1.03826778819,0.527272727273,1.18492802871,0.376288291394,3.88888888889,3.14898989899,1.18492802871,3.88888888889,0.552380952381,0.44262295082,9,0.0545454545455,0.241851851852,11,11,11,1,0,0.0909090909091,0.636363636364,0.272727272727,0,0,0.105601469238,0,0,0,0.0581857823014,0.0160010901329,0.00909090909091,0.0827060465977,0.0454883256287,0.00909090909091,-0.0522497571515,-0.0287373664333,-0.00909090909091,0.128029254172,0.0290113009832,0.343434343434,0.105601469238,0.128029254172,0.343434343434,0.0533333333333,0.0426229508197,1,0.00606060606061,-0.0137037037037,0,0,0,19,1,1,89,0.95,0.988888888889,0.0111111111111,0.05,0.95,0.95,0.95,0.938888888889,0.938888888889,0.904761904762,2,2,0,0,0,0
3723,WLNM_dir_neg,0.625,0.1625,00:00:00,10,90,14,1179281663,threshold_sweep,0.6,0.5,0.5,0.5,1,1,1,3,0.5,0.75,0.25,0.5,0.5,0.5,0.5,0.666666666667,0.555555555556,0.25,0.25,0.25,20,18,2,0,20,0,18,0,2,11,20,0.181818181818,3.04338842975,3.63636363636,2,2.5,1.68954001271,0.464623503495,0.245454545455,1.16774841624,0.642261628933,0.336363636364,1.94000937205,1.06700515463,0.536363636364,1.05689877454,0.347276990411,3.54545454545,3.04338842975,1.05689877454,3.54545454545,0.499047619048,0.4,8,0.0484848484848,0.255555555556,11,11,11,1,0,0.0909090909091,0.636363636364,0.272727272727,11,0.163636363636,3.11060606061,3.27272727273,1.8,2.25,1.55505042304,0.475154295927,0.232323232323,0.924416277737,0.564921058617,0.292929292929,1.80403587951,1.10246637081,0.535353535354,1.16595865963,0.374833275867,3.93333333333,3.11060606061,1.16595865963,3.93333333333,0.385714285714,0.3125,5,0.030303030303,0.234074074074,11,11,11,1,0,0.0909090909091,0.636363636364,0.272727272727,11,20,0.181818181818,3.14898989899,3.63636363636,2,2.5,1.74772579501,0.480624593628,0.254545454545,1.25045446284,0.687749954562,0.345454545455,1.8877596149,1.03826778819,0.527272727273,1.18492802871,0.376288291394,3.88888888889,3.14898989899,1.18492802871,3.88888888889,0.552380952381,0.44262295082,9,0.0545454545455,0.241851851852,11,11,11,1,0,0.0909090909091,0.636363636364,0.272727272727,0,0,0.105601469238,0,0,0,0.0581857823014,0.0160010901329,0.00909090909091,0.0827060465977,0.0454883256287,0.00909090909091,-0.0522497571515,-0.0287373664333,-0.00909090909091,0.128029254172,0.0290113009832,0.343434343434,0.105601469238,0.128029254172,0.343434343434,0.0533333333333,0.0426229508197,1,0.00606060606061,-0.0137037037037,0,0,0,19,1,1,89,0.95,0.988888888889,0.0111111111111,0.05,0.95,0.95,0.95,0.938888888889,0.938888888889,0.904761904762,2,2,0,0,0,0
3724,WLNM_dir_neg,0.625,0.1625,00:00:00,10,90,14,1179281663,threshold_sweep,0.7,0.5,0.5,0.5,1,1,1,3,0.5,0.75,0.25,0.5,0.5,0.5,0.5,0.666666666667,0.555555555556,0.25,0.25,0.25,20,18,2,0,20,0,18,0,2,11,20,0.181818181818,3.04338842975,3.63636363636,2,2.5,1.68954001271,0.464623503495,0.245454545455,1.16774841624,0.642261628933,0.336363636364,1.94000937205,1.06700515463,0.536363636364,1.05689877454,0.347276990411,3.54545454545,3.04338842975,1.05689877454,3.54545454545,0.499047619048,0.4,8,0.0484848484848,0.255555555556,11,11,11,1,0,0.0909090909091,0.636363636364,0.272727272727,11,0.163636363636,3.11060606061,3.27272727273,1.8,2.25,1.55505042304,0.475154295927,0.232323232323,0.924416277737,0.564921058617,0.292929292929,1.80403587951,1.10246637081,0.535353535354,1.16595865963,0.374833275867,3.93333333333,3.11060606061,1.16595865963,3.93333333333,0.385714285714,0.3125,5,0.030303030303,0.234074074074,11,11,11,1,0,0.0909090909091,0.636363636364,0.272727272727,11,20,0.181818181818,3.14898989899,3.63636363636,2,2.5,1.74772579501,0.480624593628,0.254545454545,1.25045446284,0.687749954562,0.345454545455,1.8877596149,1.03826778819,0.527272727273,1.18492802871,0.376288291394,3.88888888889,3.14898989899,1.18492802871,3.88888888889,0.552380952381,0.44262295082,9,0.0545454545455,0.241851851852,11,11,11,1,0,0.0909090909091,0.636363636364,0.272727272727,0,0,0.105601469238,0,0,0,0.0581857823014,0.0160010901329,0.00909090909091,0.0827060465977,0.0454883256287,0.00909090909091,-0.0522497571515,-0.0287373664333,-0.00909090909091,0.128029254172,0.0290113009832,0.343434343434,0.105601469238,0.128029254172,0.343434343434,0.0533333333333,0.0426229508197,1,0.00606060606061,-0.0137037037037,0,0,0,19,1,1,89,0.95,0.988888888889,0.0111111111111,0.05,0.95,0.95,0.95,0.938888888889,0.938888888889,0.904761904762,2,2,0,0,0,0
3725,WLNM_dir_neg,0.625,0.1625,00:00:00,10,90,14,1179281663,threshold_sweep,0.8,0.5,0.5,0.5,1,1,1,3,0.5,0.75,0.25,0.5,0.5,0.5,0.5,0.666666666667,0.555555555556,0.25,0.25,0.25,20,18,2,0,20,0,18,0,2,11,20,0.181818181818,3.04338842975,3.63636363636,2,2.5,1.68954001271,0.464623503495,0.245454545455,1.16774841624,0.642261628933,0.336363636364,1.94000937205,1.06700515463,0.536363636364,1.05689877454,0.347276990411,3.54545454545,3.04338842975,1.05689877454,3.54545454545,0.499047619048,0.4,8,0.0484848484848,0.255555555556,11,11,11,1,0,0.0909090909091,0.636363636364,0.272727272727,11,0.163636363636,3.11060606061,3.27272727273,1.8,2.25,1.55505042304,0.475154295927,0.232323232323,0.924416277737,0.564921058617,0.292929292929,1.80403587951,1.10246637081,0.535353535354,1.16595865963,0.374833275867,3.93333333333,3.11060606061,1.16595865963,3.93333333333,0.385714285714,0.3125,5,0.030303030303,0.234074074074,11,11,11,1,0,0.0909090909091,0.636363636364,0.272727272727,11,20,0.181818181818,3.14898989899,3.63636363636,2,2.5,1.74772579501,0.480624593628,0.254545454545,1.25045446284,0.687749954562,0.345454545455,1.8877596149,1.03826778819,0.527272727273,1.18492802871,0.376288291394,3.88888888889,3.14898989899,1.18492802871,3.88888888889,0.552380952381,0.44262295082,9,0.0545454545455,0.241851851852,11,11,11,1,0,0.0909090909091,0.636363636364,0.272727272727,0,0,0.105601469238,0,0,0,0.0581857823014,0.0160010901329,0.00909090909091,0.0827060465977,0.0454883256287,0.00909090909091,-0.0522497571515,-0.0287373664333,-0.00909090909091,0.128029254172,0.0290113009832,0.343434343434,0.105601469238,0.128029254172,0.343434343434,0.0533333333333,0.0426229508197,1,0.00606060606061,-0.0137037037037,0,0,0,19,1,1,89,0.95,0.988888888889,0.0111111111111,0.05,0.95,0.95,0.95,0.938888888889,0.938888888889,0.904761904762,2,2,0,0,0,0
3726,WLNM_dir_neg,0.625,0.1625,00:00:00,10,90,14,1179281663,threshold_sweep,0.9,0.5,0.5,0.5,1,1,1,3,0.5,0.75,0.25,0.5,0.5,0.5,0.5,0.666666666667,0.555555555556,0.25,0.25,0.25,20,18,2,0,20,0,18,0,2,11,20,0.181818181818,3.04338842975,3.63636363636,2,2.5,1.68954001271,0.464623503495,0.245454545455,1.16774841624,0.642261628933,0.336363636364,1.94000937205,1.06700515463,0.536363636364,1.05689877454,0.347276990411,3.54545454545,3.04338842975,1.05689877454,3.54545454545,0.499047619048,0.4,8,0.0484848484848,0.255555555556,11,11,11,1,0,0.0909090909091,0.636363636364,0.272727272727,11,0.163636363636,3.11060606061,3.27272727273,1.8,2.25,1.55505042304,0.475154295927,0.232323232323,0.924416277737,0.564921058617,0.292929292929,1.80403587951,1.10246637081,0.535353535354,1.16595865963,0.374833275867,3.93333333333,3.11060606061,1.16595865963,3.93333333333,0.385714285714,0.3125,5,0.030303030303,0.234074074074,11,11,11,1,0,0.0909090909091,0.636363636364,0.272727272727,11,20,0.181818181818,3.14898989899,3.63636363636,2,2.5,1.74772579501,0.480624593628,0.254545454545,1.25045446284,0.687749954562,0.345454545455,1.8877596149,1.03826778819,0.527272727273,1.18492802871,0.376288291394,3.88888888889,3.14898989899,1.18492802871,3.88888888889,0.552380952381,0.44262295082,9,0.0545454545455,0.241851851852,11,11,11,1,0,0.0909090909091,0.636363636364,0.272727272727,0,0,0.105601469238,0,0,0,0.0581857823014,0.0160010901329,0.00909090909091,0.0827060465977,0.0454883256287,0.00909090909091,-0.0522497571515,-0.0287373664333,-0.00909090909091,0.128029254172,0.0290113009832,0.343434343434,0.105601469238,0.128029254172,0.343434343434,0.0533333333333,0.0426229508197,1,0.00606060606061,-0.0137037037037,0,0,0,19,1,1,89,0.95,0.988888888889,0.0111111111111,0.05,0.95,0.95,0.95,0.938888888889,0.938888888889,0.904761904762,2,2,0,0,0,0
3727,WLNM_dir_neg,0.75,0.416666666667,00:00:00,10,90,15,1179281664,threshold_sweep,0.1,0.5,1,0.666666666667,2,2,0,2,1,0.5,0.5,0,0.5,1,0.666666666667,0.666666666667,0.444444444444,0.4,0.5,0.5,20,18,2,0,20,0,18,0,2,11,20,0.181818181818,3.04338842975,3.63636363636,2,2.5,1.68954001271,0.464623503495,0.245454545455,1.16774841624,0.642261628933,0.336363636364,1.94000937205,1.06700515463,0.536363636364,1.05689877454,0.347276990411,3.54545454545,3.04338842975,1.05689877454,3.54545454545,0.499047619048,0.4,8,0.0484848484848,0.255555555556,11,11,11,1,0,0.0909090909091,0.636363636364,0.272727272727,11,0.163636363636,3.11060606061,3.27272727273,1.8,2.25,1.67874411933,0.512949592017,0.262626262626,0.924416277737,0.564921058617,0.292929292929,1.91168654715,1.16825288992,0.555555555556,1.16595865963,0.374833275867,3.93333333333,3.11060606061,1.16595865963,3.93333333333,0.565714285714,0.36,6,0.0363636363636,0.245185185185,11,11,11,1,0,0.0909090909091,0.636363636364,0.272727272727,11,22,0.2,NaN,4,2,2.75,1.8973665961,0.474341649025,0.239669421488,1,0.5,0.256198347107,2.14476105895,1.07238052948,0.537190082645,NaN,NaN,NaN,NaN,NaN,NaN,0.499047619048,0.4,8,0.0484848484848,0.259090909091,11,11,0,1,2,0,0.727272727273,0.272727272727,2,0.0181818181818,NaN,0.363636363636,0,0.25,0.207826583392,0.00971814553022,-0.00578512396694,-0.167748416242,-0.142261628933,-0.0801652892562,0.204751686904,0.00537537484964,0.000826446280992,NaN,NaN,NaN,NaN,NaN,NaN,0,0,0,0,0.00353535353535,-0.0909090909091,0.0909090909091,0,20,2,0,88,1,0.977777777778,0.0222222222222,0,0.909090909091,1,0.952380952381,0.942809041582,0.977777777778,0.909090909091,4,2,0,0,0,0
3728,WLNM_dir_neg,0.75,0.416666666667,00:00:00,10,90,15,1179281664,threshold_sweep,0.2,0.5,1,0.666666666667,2,2,0,2,1,0.5,0.5,0,0.5,1,0.666666666667,0.666666666667,0.444444444444,0.4,0.5,0.5,20,18,2,0,20,0,18,0,2,11,20,0.181818181818,3.04338842975,3.63636363636,2,2.5,1.68954001271,0.464623503495,0.245454545455,1.16774841624,0.642261628933,0.336363636364,1.94000937205,1.06700515463,0.536363636364,1.05689877454,0.347276990411,3.54545454545,3.04338842975,1.05689877454,3.54545454545,0.499047619048,0.4,8,0.0484848484848,0.255555555556,11,11,11,1,0,0.0909090909091,0.636363636364,0.272727272727,11,0.163636363636,3.11060606061,3.27272727273,1.8,2.25,1.67874411933,0.512949592017,0.262626262626,0.924416277737,0.564921058617,0.292929292929,1.91168654715,1.16825288992,0.555555555556,1.16595865963,0.374833275867,3.93333333333,3.11060606061,1.16595865963,3.93333333333,0.565714285714,0.36,6,0.0363636363636,0.245185185185,11,11,11,1,0,0.0909090909091,0.636363636364,0.272727272727,11,22,0.2,NaN,4,2,2.75,1.8973665961,0.474341649025,0.239669421488,1,0.5,0.256198347107,2.14476105895,1.07238052948,0.537190082645,NaN,NaN,NaN,NaN,NaN,NaN,0.499047619048,0.4,8,0.0484848484848,0.259090909091,11,11,0,1,2,0,0.727272727273,0.272727272727,2,0.0181818181818,NaN,0.363636363636,0,0.25,0.207826583392,0.00971814553022,-0.00578512396694,-0.167748416242,-0.142261628933,-0.0801652892562,0.204751686904,0.00537537484964,0.000826446280992,NaN,NaN,NaN,NaN,NaN,NaN,0,0,0,0,0.00353535353535,-0.0909090909091,0.0909090909091,0,20,2,0,88,1,0.977777777778,0.0222222222222,0,0.909090909091,1,0.952380952381,0.942809041582,0.977777777778,0.909090909091,4,2,0,0,0,0
3729,WLNM_dir_neg,0.75,0.416666666667,00:00:00,10,90,15,1179281664,threshold_sweep,0.3,0.666666666667,1,0.8,2,1,0,3,1,0.75,0.25,0,0.666666666667,1,0.8,0.833333333333,0.5,0.666666666667,0.707106781187,0.75,20,18,2,0,20,0,18,0,2,11,20,0.181818181818,3.04338842975,3.63636363636,2,2.5,1.68954001271,0.464623503495,0.245454545455,1.16774841624,0.642261628933,0.336363636364,1.94000937205,1.06700515463,0.536363636364,1.05689877454,0.347276990411,3.54545454545,3.04338842975,1.05689877454,3.54545454545,0.499047619048,0.4,8,0.0484848484848,0.255555555556,11,11,11,1,0,0.0909090909091,0.636363636364,0.272727272727,11,0.163636363636,3.11060606061,3.27272727273,1.8,2.25,1.67874411933,0.512949592017,0.262626262626,0.924416277737,0.564921058617,0.292929292929,1.91168654715,1.16825288992,0.555555555556,1.16595865963,0.374833275867,3.93333333333,3.11060606061,1.16595865963,3.93333333333,0.565714285714,0.36,6,0.0363636363636,0.245185185185,11,11,11,1,0,0.0909090909091,0.636363636364,0.272727272727,11,21,0.190909090909,NaN,3.81818181818,1.90909090909,2.625,1.8877596149,0.494413232473,0.251082251082,1.04446593573,0.547101204432,0.277056277056,2.16585066219,1.134493204,0.554112554113,NaN,NaN,NaN,NaN,NaN,NaN,0.499047619048,0.4,8,0.0484848484848,0.287878787879,11,11,0,1,2,0,0.727272727273,0.272727272727,1,0.00909090909091,NaN,0.181818181818,-0.0909090909091,0.125,0.198219602188,0.029789728978,0.00562770562771,-0.123282480508,-0.0951604245011,-0.0593073593074,0.225841290141,0.0674880493776,0.0177489177489,NaN,NaN,NaN,NaN,NaN,NaN,0,0,0,0,0.0323232323232,-0.0909090909091,0.0909090909091,0,20,1,0,89,1,0.988888888889,0.0111111111111,0,0.952380952381,1,0.975609756098,0.970463261437,0.988888888889,0.952380952381,3,2,0,0,0,0
3730,WLNM_dir_neg,0.75,0.416666666667,00:00:00,10,90,15,1179281664,threshold_sweep,0.4,0.666666666667,1,0.8,2,1,0,3,1,0.75,0.25,0,0.666666666667,1,0.8,0.833333333333,0.5,0.666666666667,0.707106781187,0.75,20,18,2,0,20,0,18,0,2,11,20,0.181818181818,3.04338842975,3.63636363636,2,2.5,1.68954001271,0.464623503495,0.245454545455,1.16774841624,0.642261628933,0.336363636364,1.94000937205,1.06700515463,0.536363636364,1.05689877454,0.347276990411,3.54545454545,3.04338842975,1.05689877454,3.54545454545,0.499047619048,0.4,8,0.0484848484848,0.255555555556,11,11,11,1,0,0.0909090909091,0.636363636364,0.272727272727,11,0.163636363636,3.11060606061,3.27272727273,1.8,2.25,1.67874411933,0.512949592017,0.262626262626,0.924416277737,0.564921058617,0.292929292929,1.91168654715,1.16825288992,0.555555555556,1.16595865963,0.374833275867,3.93333333333,3.11060606061,1.16595865963,3.93333333333,0.565714285714,0.36,6,0.0363636363636,0.245185185185,11,11,11,1,0,0.0909090909091,0.636363636364,0.272727272727,11,21,0.190909090909,NaN,3.81818181818,1.90909090909,2.625,1.8877596149,0.494413232473,0.251082251082,1.04446593573,0.547101204432,0.277056277056,2.16585066219,1.134493204,0.554112554113,NaN,NaN,NaN,NaN,NaN,NaN,0.499047619048,0.4,8,0.0484848484848,0.287878787879,11,11,0,1,2,0,0.727272727273,0.272727272727,1,0.00909090909091,NaN,0.181818181818,-0.0909090909091,0.125,0.198219602188,0.029789728978,0.00562770562771,-0.123282480508,-0.0951604245011,-0.0593073593074,0.225841290141,0.0674880493776,0.0177489177489,NaN,NaN,NaN,NaN,NaN,NaN,0,0,0,0,0.0323232323232,-0.0909090909091,0.0909090909091,0,20,1,0,89,1,0.988888888889,0.0111111111111,0,0.952380952381,1,0.975609756098,0.970463261437,0.988888888889,0.952380952381,3,2,0,0,0,0
3731,WLNM_dir_neg,0.75,0.416666666667,00:00:00,10,90,15,1179281664,threshold_sweep,0.5,0.666666666667,1,0.8,2,1,0,3,1,0.75,0.25,0,0.666666666667,1,0.8,0.833333333333,0.5,0.666666666667,0.707106781187,0.75,20,18,2,0,20,0,18,0,2,11,20,0.181818181818,3.04338842975,3.63636363636,2,2.5,1.68954001271,0.464623503495,0.245454545455,1.16774841624,0.642261628933,0.336363636364,1.94000937205,1.06700515463,0.536363636364,1.05689877454,0.347276990411,3.54545454545,3.04338842975,1.05689877454,3.54545454545,0.499047619048,0.4,8,0.0484848484848,0.255555555556,11,11,11,1,0,0.0909090909091,0.636363636364,0.272727272727,11,0.163636363636,3.11060606061,3.27272727273,1.8,2.25,1.67874411933,0.512949592017,0.262626262626,0.924416277737,0.564921058617,0.292929292929,1.91168654715,1.16825288992,0.555555555556,1.16595865963,0.374833275867,3.93333333333,3.11060606061,1.16595865963,3.93333333333,0.565714285714,0.36,6,0.0363636363636,0.245185185185,11,11,11,1,0,0.0909090909091,0.636363636364,0.272727272727,11,21,0.190909090909,NaN,3.81818181818,1.90909090909,2.625,1.8877596149,0.494413232473,0.251082251082,1.04446593573,0.547101204432,0.277056277056,2.16585066219,1.134493204,0.554112554113,NaN,NaN,NaN,NaN,NaN,NaN,0.499047619048,0.4,8,0.0484848484848,0.287878787879,11,11,0,1,2,0,0.727272727273,0.272727272727,1,0.00909090909091,NaN,0.181818181818,-0.0909090909091,0.125,0.198219602188,0.029789728978,0.00562770562771,-0.123282480508,-0.0951604245011,-0.0593073593074,0.225841290141,0.0674880493776,0.0177489177489,NaN,NaN,NaN,NaN,NaN,NaN,0,0,0,0,0.0323232323232,-0.0909090909091,0.0909090909091,0,20,1,0,89,1,0.988888888889,0.0111111111111,0,0.952380952381,1,0.975609756098,0.970463261437,0.988888888889,0.952380952381,3,2,0,0,0,0
3732,WLNM_dir_neg,0.75,0.416666666667,00:00:00,10,90,15,1179281664,threshold_sweep,0.6,0.666666666667,1,0.8,2,1,0,3,1,0.75,0.25,0,0.666666666667,1,0.8,0.833333333333,0.5,0.666666666667,0.707106781187,0.75,20,18,2,0,20,0,18,0,2,11,20,0.181818181818,3.04338842975,3.63636363636,2,2.5,1.68954001271,0.464623503495,0.245454545455,1.16774841624,0.642261628933,0.336363636364,1.94000937205,1.06700515463,0.536363636364,1.05689877454,0.347276990411,3.54545454545,3.04338842975,1.05689877454,3.54545454545,0.499047619048,0.4,8,0.0484848484848,0.255555555556,11,11,11,1,0,0.0909090909091,0.636363636364,0.272727272727,11,0.163636363636,3.11060606061,3.27272727273,1.8,2.25,1.67874411933,0.512949592017,0.262626262626,0.924416277737,0.564921058617,0.292929292929,1.91168654715,1.16825288992,0.555555555556,1.16595865963,0.374833275867,3.93333333333,3.11060606061,1.16595865963,3.93333333333,0.565714285714,0.36,6,0.0363636363636,0.245185185185,11,11,11,1,0,0.0909090909091,0.636363636364,0.272727272727,11,21,0.190909090909,NaN,3.81818181818,1.90909090909,2.625,1.8877596149,0.494413232473,0.251082251082,1.04446593573,0.547101204432,0.277056277056,2.16585066219,1.134493204,0.554112554113,NaN,NaN,NaN,NaN,NaN,NaN,0.499047619048,0.4,8,0.0484848484848,0.287878787879,11,11,0,1,2,0,0.727272727273,0.272727272727,1,0.00909090909091,NaN,0.181818181818,-0.0909090909091,0.125,0.198219602188,0.029789728978,0.00562770562771,-0.123282480508,-0.0951604245011,-0.0593073593074,0.225841290141,0.0674880493776,0.0177489177489,NaN,NaN,NaN,NaN,NaN,NaN,0,0,0,0,0.0323232323232,-0.0909090909091,0.0909090909091,0,20,1,0,89,1,0.988888888889,0.0111111111111,0,0.952380952381,1,0.975609756098,0.970463261437,0.988888888889,0.952380952381,3,2,0,0,0,0
3733,WLNM_dir_neg,0.75,0.416666666667,00:00:00,10,90,15,1179281664,threshold_sweep,0.7,0.666666666667,1,0.8,2,1,0,3,1,0.75,0.25,0,0.666666666667,1,0.8,0.833333333333,0.5,0.666666666667,0.707106781187,0.75,20,18,2,0,20,0,18,0,2,11,20,0.181818181818,3.04338842975,3.63636363636,2,2.5,1.68954001271,0.464623503495,0.245454545455,1.16774841624,0.642261628933,0.336363636364,1.94000937205,1.06700515463,0.536363636364,1.05689877454,0.347276990411,3.54545454545,3.04338842975,1.05689877454,3.54545454545,0.499047619048,0.4,8,0.0484848484848,0.255555555556,11,11,11,1,0,0.0909090909091,0.636363636364,0.272727272727,11,0.163636363636,3.11060606061,3.27272727273,1.8,2.25,1.67874411933,0.512949592017,0.262626262626,0.924416277737,0.564921058617,0.292929292929,1.91168654715,1.16825288992,0.555555555556,1.16595865963,0.374833275867,3.93333333333,3.11060606061,1.16595865963,3.93333333333,0.565714285714,0.36,6,0.0363636363636,0.245185185185,11,11,11,1,0,0.0909090909091,0.636363636364,0.272727272727,11,21,0.190909090909,NaN,3.81818181818,1.90909090909,2.625,1.8877596149,0.494413232473,0.251082251082,1.04446593573,0.547101204432,0.277056277056,2.16585066219,1.134493204,0.554112554113,NaN,NaN,NaN,NaN,NaN,NaN,0.499047619048,0.4,8,0.0484848484848,0.287878787879,11,11,0,1,2,0,0.727272727273,0.272727272727,1,0.00909090909091,NaN,0.181818181818,-0.0909090909091,0.125,0.198219602188,0.029789728978,0.00562770562771,-0.123282480508,-0.0951604245011,-0.0593073593074,0.225841290141,0.0674880493776,0.0177489177489,NaN,NaN,NaN,NaN,NaN,NaN,0,0,0,0,0.0323232323232,-0.0909090909091,0.0909090909091,0,20,1,0,89,1,0.988888888889,0.0111111111111,0,0.952380952381,1,0.975609756098,0.970463261437,0.988888888889,0.952380952381,3,2,0,0,0,0
3734,WLNM_dir_neg,0.75,0.416666666667,00:00:00,10,90,15,1179281664,threshold_sweep,0.8,0.666666666667,1,0.8,2,1,0,3,1,0.75,0.25,0,0.666666666667,1,0.8,0.833333333333,0.5,0.666666666667,0.707106781187,0.75,20,18,2,0,20,0,18,0,2,11,20,0.181818181818,3.04338842975,3.63636363636,2,2.5,1.68954001271,0.464623503495,0.245454545455,1.16774841624,0.642261628933,0.336363636364,1.94000937205,1.06700515463,0.536363636364,1.05689877454,0.347276990411,3.54545454545,3.04338842975,1.05689877454,3.54545454545,0.499047619048,0.4,8,0.0484848484848,0.255555555556,11,11,11,1,0,0.0909090909091,0.636363636364,0.272727272727,11,0.163636363636,3.11060606061,3.27272727273,1.8,2.25,1.67874411933,0.512949592017,0.262626262626,0.924416277737,0.564921058617,0.292929292929,1.91168654715,1.16825288992,0.555555555556,1.16595865963,0.374833275867,3.93333333333,3.11060606061,1.16595865963,3.93333333333,0.565714285714,0.36,6,0.0363636363636,0.245185185185,11,11,11,1,0,0.0909090909091,0.636363636364,0.272727272727,11,21,0.190909090909,NaN,3.81818181818,1.90909090909,2.625,1.8877596149,0.494413232473,0.251082251082,1.04446593573,0.547101204432,0.277056277056,2.16585066219,1.134493204,0.554112554113,NaN,NaN,NaN,NaN,NaN,NaN,0.499047619048,0.4,8,0.0484848484848,0.287878787879,11,11,0,1,2,0,0.727272727273,0.272727272727,1,0.00909090909091,NaN,0.181818181818,-0.0909090909091,0.125,0.198219602188,0.029789728978,0.00562770562771,-0.123282480508,-0.0951604245011,-0.0593073593074,0.225841290141,0.0674880493776,0.0177489177489,NaN,NaN,NaN,NaN,NaN,NaN,0,0,0,0,0.0323232323232,-0.0909090909091,0.0909090909091,0,20,1,0,89,1,0.988888888889,0.0111111111111,0,0.952380952381,1,0.975609756098,0.970463261437,0.988888888889,0.952380952381,3,2,0,0,0,0
3735,WLNM_dir_neg,0.75,0.416666666667,00:00:00,10,90,15,1179281664,threshold_sweep,0.9,0.5,0.5,0.5,1,1,1,3,0.5,0.75,0.25,0.5,0.5,0.5,0.5,0.666666666667,0.555555555556,0.25,0.25,0.25,20,18,2,0,20,0,18,0,2,11,20,0.181818181818,3.04338842975,3.63636363636,2,2.5,1.68954001271,0.464623503495,0.245454545455,1.16774841624,0.642261628933,0.336363636364,1.94000937205,1.06700515463,0.536363636364,1.05689877454,0.347276990411,3.54545454545,3.04338842975,1.05689877454,3.54545454545,0.499047619048,0.4,8,0.0484848484848,0.255555555556,11,11,11,1,0,0.0909090909091,0.636363636364,0.272727272727,11,0.163636363636,3.11060606061,3.27272727273,1.8,2.25,1.67874411933,0.512949592017,0.262626262626,0.924416277737,0.564921058617,0.292929292929,1.91168654715,1.16825288992,0.555555555556,1.16595865963,0.374833275867,3.93333333333,3.11060606061,1.16595865963,3.93333333333,0.565714285714,0.36,6,0.0363636363636,0.245185185185,11,11,11,1,0,0.0909090909091,0.636363636364,0.272727272727,11,20,0.181818181818,NaN,3.63636363636,1.81818181818,2.5,1.91168654715,0.525713800466,0.268181818182,0.981649817214,0.539907399468,0.263636363636,2.13626692238,1.17494680731,0.563636363636,NaN,NaN,NaN,NaN,NaN,NaN,0.532380952381,0.381818181818,7,0.0424242424242,0.281212121212,11,11,0,1,2,0,0.727272727273,0.272727272727,0,0,NaN,0,-0.181818181818,0,0.222146534438,0.0610902969706,0.0227272727273,-0.186098599028,-0.102354229466,-0.0727272727273,0.196257550327,0.10794165268,0.0272727272727,NaN,NaN,NaN,NaN,NaN,NaN,0.0333333333333,-0.0181818181818,-1,-0.00606060606061,0.0256565656566,-0.0909090909091,0.0909090909091,0,19,1,1,89,0.95,0.988888888889,0.0111111111111,0.05,0.95,0.95,0.95,0.938888888889,0.938888888889,0.904761904762,2,2,0,0,0,0
3736,WLNM_dir_neg,0.5,0.133333333333,00:00:00,10,90,16,1179281665,threshold_sweep,0.1,1,0.5,0.666666666667,1,0,1,4,0.5,1,0,0.5,1,0.5,0.666666666667,0.833333333333,0.611111111111,0.571428571429,0.632455532034,0.5,20,18,2,0,20,0,18,0,2,11,20,0.181818181818,3.04338842975,3.63636363636,2,2.5,1.68954001271,0.464623503495,0.245454545455,1.16774841624,0.642261628933,0.336363636364,1.94000937205,1.06700515463,0.536363636364,1.05689877454,0.347276990411,3.54545454545,3.04338842975,1.05689877454,3.54545454545,0.499047619048,0.4,8,0.0484848484848,0.255555555556,11,11,11,1,0,0.0909090909091,0.636363636364,0.272727272727,11,0.163636363636,3.13636363636,3.27272727273,1.8,2.25,1.7372915179,0.530839074915,0.272727272727,1.0269106361,0.627556499842,0.323232323232,1.85864075457,1.13583601668,0.545454545455,1.09815041931,0.350134916302,3.75,3.13636363636,1.09815041931,3.75,0.427619047619,0.3,5,0.030303030303,0.260740740741,11,11,11,1,0,0.0909090909091,0.636363636364,0.272727272727,11,19,0.172727272727,3.11157024793,3.45454545455,1.9,2.375,1.80906806747,0.523677598477,0.272727272727,1.19087439228,0.689453595529,0.354066985646,1.90215189146,1.1012458319,0.545454545455,1.0602655888,0.340749365856,3.54545454545,3.11157024793,1.0602655888,3.54545454545,0.494285714286,0.375,7,0.0424242424242,0.268518518519,11,11,11,1,0,0.0909090909091,0.636363636364,0.272727272727,-1,-0.00909090909091,0.0681818181818,-0.181818181818,-0.1,-0.125,0.119528054757,0.0590540949821,0.0272727272727,0.023125976035,0.0471919665957,0.0177033492823,-0.0378574805894,0.0342406772707,0.00909090909091,0.00336681426204,-0.00652762455561,0,0.0681818181818,0.00336681426204,0,-0.0047619047619,-0.025,-1,-0.00606060606061,0.012962962963,0,0,0,19,0,1,90,0.95,1,0,0.05,1,0.95,0.974358974359,0.969309258988,0.95,0.95,1,2,0,0,0,0
3737,WLNM_dir_neg,0.5,0.133333333333,00:00:00,10,90,16,1179281665,threshold_sweep,0.2,1,0.5,0.666666666667,1,0,1,4,0.5,1,0,0.5,1,0.5,0.666666666667,0.833333333333,0.611111111111,0.571428571429,0.632455532034,0.5,20,18,2,0,20,0,18,0,2,11,20,0.181818181818,3.04338842975,3.63636363636,2,2.5,1.68954001271,0.464623503495,0.245454545455,1.16774841624,0.642261628933,0.336363636364,1.94000937205,1.06700515463,0.536363636364,1.05689877454,0.347276990411,3.54545454545,3.04338842975,1.05689877454,3.54545454545,0.499047619048,0.4,8,0.0484848484848,0.255555555556,11,11,11,1,0,0.0909090909091,0.636363636364,0.272727272727,11,0.163636363636,3.13636363636,3.27272727273,1.8,2.25,1.7372915179,0.530839074915,0.272727272727,1.0269106361,0.627556499842,0.323232323232,1.85864075457,1.13583601668,0.545454545455,1.09815041931,0.350134916302,3.75,3.13636363636,1.09815041931,3.75,0.427619047619,0.3,5,0.030303030303,0.260740740741,11,11,11,1,0,0.0909090909091,0.636363636364,0.272727272727,11,19,0.172727272727,3.11157024793,3.45454545455,1.9,2.375,1.80906806747,0.523677598477,0.272727272727,1.19087439228,0.689453595529,0.354066985646,1.90215189146,1.1012458319,0.545454545455,1.0602655888,0.340749365856,3.54545454545,3.11157024793,1.0602655888,3.54545454545,0.494285714286,0.375,7,0.0424242424242,0.268518518519,11,11,11,1,0,0.0909090909091,0.636363636364,0.272727272727,-1,-0.00909090909091,0.0681818181818,-0.181818181818,-0.1,-0.125,0.119528054757,0.0590540949821,0.0272727272727,0.023125976035,0.0471919665957,0.0177033492823,-0.0378574805894,0.0342406772707,0.00909090909091,0.00336681426204,-0.00652762455561,0,0.0681818181818,0.00336681426204,0,-0.0047619047619,-0.025,-1,-0.00606060606061,0.012962962963,0,0,0,19,0,1,90,0.95,1,0,0.05,1,0.95,0.974358974359,0.969309258988,0.95,0.95,1,2,0,0,0,0
3738,WLNM_dir_neg,0.5,0.133333333333,00:00:00,10,90,16,1179281665,threshold_sweep,0.3,1,0.5,0.666666666667,1,0,1,4,0.5,1,0,0.5,1,0.5,0.666666666667,0.833333333333,0.611111111111,0.571428571429,0.632455532034,0.5,20,18,2,0,20,0,18,0,2,11,20,0.181818181818,3.04338842975,3.63636363636,2,2.5,1.68954001271,0.464623503495,0.245454545455,1.16774841624,0.642261628933,0.336363636364,1.94000937205,1.06700515463,0.536363636364,1.05689877454,0.347276990411,3.54545454545,3.04338842975,1.05689877454,3.54545454545,0.499047619048,0.4,8,0.0484848484848,0.255555555556,11,11,11,1,0,0.0909090909091,0.636363636364,0.272727272727,11,0.163636363636,3.13636363636,3.27272727273,1.8,2.25,1.7372915179,0.530839074915,0.272727272727,1.0269106361,0.627556499842,0.323232323232,1.85864075457,1.13583601668,0.545454545455,1.09815041931,0.350134916302,3.75,3.13636363636,1.09815041931,3.75,0.427619047619,0.3,5,0.030303030303,0.260740740741,11,11,11,1,0,0.0909090909091,0.636363636364,0.272727272727,11,19,0.172727272727,3.11157024793,3.45454545455,1.9,2.375,1.80906806747,0.523677598477,0.272727272727,1.19087439228,0.689453595529,0.354066985646,1.90215189146,1.1012458319,0.545454545455,1.0602655888,0.340749365856,3.54545454545,3.11157024793,1.0602655888,3.54545454545,0.494285714286,0.375,7,0.0424242424242,0.268518518519,11,11,11,1,0,0.0909090909091,0.636363636364,0.272727272727,-1,-0.00909090909091,0.0681818181818,-0.181818181818,-0.1,-0.125,0.119528054757,0.0590540949821,0.0272727272727,0.023125976035,0.0471919665957,0.0177033492823,-0.0378574805894,0.0342406772707,0.00909090909091,0.00336681426204,-0.00652762455561,0,0.0681818181818,0.00336681426204,0,-0.0047619047619,-0.025,-1,-0.00606060606061,0.012962962963,0,0,0,19,0,1,90,0.95,1,0,0.05,1,0.95,0.974358974359,0.969309258988,0.95,0.95,1,2,0,0,0,0
3739,WLNM_dir_neg,0.5,0.133333333333,00:00:00,10,90,16,1179281665,threshold_sweep,0.4,1,0.5,0.666666666667,1,0,1,4,0.5,1,0,0.5,1,0.5,0.666666666667,0.833333333333,0.611111111111,0.571428571429,0.632455532034,0.5,20,18,2,0,20,0,18,0,2,11,20,0.181818181818,3.04338842975,3.63636363636,2,2.5,1.68954001271,0.464623503495,0.245454545455,1.16774841624,0.642261628933,0.336363636364,1.94000937205,1.06700515463,0.536363636364,1.05689877454,0.347276990411,3.54545454545,3.04338842975,1.05689877454,3.54545454545,0.499047619048,0.4,8,0.0484848484848,0.255555555556,11,11,11,1,0,0.0909090909091,0.636363636364,0.272727272727,11,0.163636363636,3.13636363636,3.27272727273,1.8,2.25,1.7372915179,0.530839074915,0.272727272727,1.0269106361,0.627556499842,0.323232323232,1.85864075457,1.13583601668,0.545454545455,1.09815041931,0.350134916302,3.75,3.13636363636,1.09815041931,3.75,0.427619047619,0.3,5,0.030303030303,0.260740740741,11,11,11,1,0,0.0909090909091,0.636363636364,0.272727272727,11,19,0.172727272727,3.11157024793,3.45454545455,1.9,2.375,1.80906806747,0.523677598477,0.272727272727,1.19087439228,0.689453595529,0.354066985646,1.90215189146,1.1012458319,0.545454545455,1.0602655888,0.340749365856,3.54545454545,3.11157024793,1.0602655888,3.54545454545,0.494285714286,0.375,7,0.0424242424242,0.268518518519,11,11,11,1,0,0.0909090909091,0.636363636364,0.272727272727,-1,-0.00909090909091,0.0681818181818,-0.181818181818,-0.1,-0.125,0.119528054757,0.0590540949821,0.0272727272727,0.023125976035,0.0471919665957,0.0177033492823,-0.0378574805894,0.0342406772707,0.00909090909091,0.00336681426204,-0.00652762455561,0,0.0681818181818,0.00336681426204,0,-0.0047619047619,-0.025,-1,-0.00606060606061,0.012962962963,0,0,0,19,0,1,90,0.95,1,0,0.05,1,0.95,0.974358974359,0.969309258988,0.95,0.95,1,2,0,0,0,0
3740,WLNM_dir_neg,0.5,0.133333333333,00:00:00,10,90,16,1179281665,threshold_sweep,0.5,1,0.5,0.666666666667,1,0,1,4,0.5,1,0,0.5,1,0.5,0.666666666667,0.833333333333,0.611111111111,0.571428571429,0.632455532034,0.5,20,18,2,0,20,0,18,0,2,11,20,0.181818181818,3.04338842975,3.63636363636,2,2.5,1.68954001271,0.464623503495,0.245454545455,1.16774841624,0.642261628933,0.336363636364,1.94000937205,1.06700515463,0.536363636364,1.05689877454,0.347276990411,3.54545454545,3.04338842975,1.05689877454,3.54545454545,0.499047619048,0.4,8,0.0484848484848,0.255555555556,11,11,11,1,0,0.0909090909091,0.636363636364,0.272727272727,11,0.163636363636,3.13636363636,3.27272727273,1.8,2.25,1.7372915179,0.530839074915,0.272727272727,1.0269106361,0.627556499842,0.323232323232,1.85864075457,1.13583601668,0.545454545455,1.09815041931,0.350134916302,3.75,3.13636363636,1.09815041931,3.75,0.427619047619,0.3,5,0.030303030303,0.260740740741,11,11,11,1,0,0.0909090909091,0.636363636364,0.272727272727,11,19,0.172727272727,3.11157024793,3.45454545455,1.9,2.375,1.80906806747,0.523677598477,0.272727272727,1.19087439228,0.689453595529,0.354066985646,1.90215189146,1.1012458319,0.545454545455,1.0602655888,0.340749365856,3.54545454545,3.11157024793,1.0602655888,3.54545454545,0.494285714286,0.375,7,0.0424242424242,0.268518518519,11,11,11,1,0,0.0909090909091,0.636363636364,0.272727272727,-1,-0.00909090909091,0.0681818181818,-0.181818181818,-0.1,-0.125,0.119528054757,0.0590540949821,0.0272727272727,0.023125976035,0.0471919665957,0.0177033492823,-0.0378574805894,0.0342406772707,0.00909090909091,0.00336681426204,-0.00652762455561,0,0.0681818181818,0.00336681426204,0,-0.0047619047619,-0.025,-1,-0.00606060606061,0.012962962963,0,0,0,19,0,1,90,0.95,1,0,0.05,1,0.95,0.974358974359,0.969309258988,0.95,0.95,1,2,0,0,0,0
3741,WLNM_dir_neg,0.5,0.133333333333,00:00:00,10,90,16,1179281665,threshold_sweep,0.6,1,0.5,0.666666666667,1,0,1,4,0.5,1,0,0.5,1,0.5,0.666666666667,0.833333333333,0.611111111111,0.571428571429,0.632455532034,0.5,20,18,2,0,20,0,18,0,2,11,20,0.181818181818,3.04338842975,3.63636363636,2,2.5,1.68954001271,0.464623503495,0.245454545455,1.16774841624,0.642261628933,0.336363636364,1.94000937205,1.06700515463,0.536363636364,1.05689877454,0.347276990411,3.54545454545,3.04338842975,1.05689877454,3.54545454545,0.499047619048,0.4,8,0.0484848484848,0.255555555556,11,11,11,1,0,0.0909090909091,0.636363636364,0.272727272727,11,0.163636363636,3.13636363636,3.27272727273,1.8,2.25,1.7372915179,0.530839074915,0.272727272727,1.0269106361,0.627556499842,0.323232323232,1.85864075457,1.13583601668,0.545454545455,1.09815041931,0.350134916302,3.75,3.13636363636,1.09815041931,3.75,0.427619047619,0.3,5,0.030303030303,0.260740740741,11,11,11,1,0,0.0909090909091,0.636363636364,0.272727272727,11,19,0.172727272727,3.11157024793,3.45454545455,1.9,2.375,1.80906806747,0.523677598477,0.272727272727,1.19087439228,0.689453595529,0.354066985646,1.90215189146,1.1012458319,0.545454545455,1.0602655888,0.340749365856,3.54545454545,3.11157024793,1.0602655888,3.54545454545,0.494285714286,0.375,7,0.0424242424242,0.268518518519,11,11,11,1,0,0.0909090909091,0.636363636364,0.272727272727,-1,-0.00909090909091,0.0681818181818,-0.181818181818,-0.1,-0.125,0.119528054757,0.0590540949821,0.0272727272727,0.023125976035,0.0471919665957,0.0177033492823,-0.0378574805894,0.0342406772707,0.00909090909091,0.00336681426204,-0.00652762455561,0,0.0681818181818,0.00336681426204,0,-0.0047619047619,-0.025,-1,-0.00606060606061,0.012962962963,0,0,0,19,0,1,90,0.95,1,0,0.05,1,0.95,0.974358974359,0.969309258988,0.95,0.95,1,2,0,0,0,0
3742,WLNM_dir_neg,0.5,0.133333333333,00:00:00,10,90,16,1179281665,threshold_sweep,0.7,1,0.5,0.666666666667,1,0,1,4,0.5,1,0,0.5,1,0.5,0.666666666667,0.833333333333,0.611111111111,0.571428571429,0.632455532034,0.5,20,18,2,0,20,0,18,0,2,11,20,0.181818181818,3.04338842975,3.63636363636,2,2.5,1.68954001271,0.464623503495,0.245454545455,1.16774841624,0.642261628933,0.336363636364,1.94000937205,1.06700515463,0.536363636364,1.05689877454,0.347276990411,3.54545454545,3.04338842975,1.05689877454,3.54545454545,0.499047619048,0.4,8,0.0484848484848,0.255555555556,11,11,11,1,0,0.0909090909091,0.636363636364,0.272727272727,11,0.163636363636,3.13636363636,3.27272727273,1.8,2.25,1.7372915179,0.530839074915,0.272727272727,1.0269106361,0.627556499842,0.323232323232,1.85864075457,1.13583601668,0.545454545455,1.09815041931,0.350134916302,3.75,3.13636363636,1.09815041931,3.75,0.427619047619,0.3,5,0.030303030303,0.260740740741,11,11,11,1,0,0.0909090909091,0.636363636364,0.272727272727,11,19,0.172727272727,3.11157024793,3.45454545455,1.9,2.375,1.80906806747,0.523677598477,0.272727272727,1.19087439228,0.689453595529,0.354066985646,1.90215189146,1.1012458319,0.545454545455,1.0602655888,0.340749365856,3.54545454545,3.11157024793,1.0602655888,3.54545454545,0.494285714286,0.375,7,0.0424242424242,0.268518518519,11,11,11,1,0,0.0909090909091,0.636363636364,0.272727272727,-1,-0.00909090909091,0.0681818181818,-0.181818181818,-0.1,-0.125,0.119528054757,0.0590540949821,0.0272727272727,0.023125976035,0.0471919665957,0.0177033492823,-0.0378574805894,0.0342406772707,0.00909090909091,0.00336681426204,-0.00652762455561,0,0.0681818181818,0.00336681426204,0,-0.0047619047619,-0.025,-1,-0.00606060606061,0.012962962963,0,0,0,19,0,1,90,0.95,1,0,0.05,1,0.95,0.974358974359,0.969309258988,0.95,0.95,1,2,0,0,0,0
3743,WLNM_dir_neg,0.5,0.133333333333,00:00:00,10,90,16,1179281665,threshold_sweep,0.8,1,0.5,0.666666666667,1,0,1,4,0.5,1,0,0.5,1,0.5,0.666666666667,0.833333333333,0.611111111111,0.571428571429,0.632455532034,0.5,20,18,2,0,20,0,18,0,2,11,20,0.181818181818,3.04338842975,3.63636363636,2,2.5,1.68954001271,0.464623503495,0.245454545455,1.16774841624,0.642261628933,0.336363636364,1.94000937205,1.06700515463,0.536363636364,1.05689877454,0.347276990411,3.54545454545,3.04338842975,1.05689877454,3.54545454545,0.499047619048,0.4,8,0.0484848484848,0.255555555556,11,11,11,1,0,0.0909090909091,0.636363636364,0.272727272727,11,0.163636363636,3.13636363636,3.27272727273,1.8,2.25,1.7372915179,0.530839074915,0.272727272727,1.0269106361,0.627556499842,0.323232323232,1.85864075457,1.13583601668,0.545454545455,1.09815041931,0.350134916302,3.75,3.13636363636,1.09815041931,3.75,0.427619047619,0.3,5,0.030303030303,0.260740740741,11,11,11,1,0,0.0909090909091,0.636363636364,0.272727272727,11,19,0.172727272727,3.11157024793,3.45454545455,1.9,2.375,1.80906806747,0.523677598477,0.272727272727,1.19087439228,0.689453595529,0.354066985646,1.90215189146,1.1012458319,0.545454545455,1.0602655888,0.340749365856,3.54545454545,3.11157024793,1.0602655888,3.54545454545,0.494285714286,0.375,7,0.0424242424242,0.268518518519,11,11,11,1,0,0.0909090909091,0.636363636364,0.272727272727,-1,-0.00909090909091,0.0681818181818,-0.181818181818,-0.1,-0.125,0.119528054757,0.0590540949821,0.0272727272727,0.023125976035,0.0471919665957,0.0177033492823,-0.0378574805894,0.0342406772707,0.00909090909091,0.00336681426204,-0.00652762455561,0,0.0681818181818,0.00336681426204,0,-0.0047619047619,-0.025,-1,-0.00606060606061,0.012962962963,0,0,0,19,0,1,90,0.95,1,0,0.05,1,0.95,0.974358974359,0.969309258988,0.95,0.95,1,2,0,0,0,0
3744,WLNM_dir_neg,0.5,0.133333333333,00:00:00,10,90,16,1179281665,threshold_sweep,0.9,1,0.5,0.666666666667,1,0,1,4,0.5,1,0,0.5,1,0.5,0.666666666667,0.833333333333,0.611111111111,0.571428571429,0.632455532034,0.5,20,18,2,0,20,0,18,0,2,11,20,0.181818181818,3.04338842975,3.63636363636,2,2.5,1.68954001271,0.464623503495,0.245454545455,1.16774841624,0.642261628933,0.336363636364,1.94000937205,1.06700515463,0.536363636364,1.05689877454,0.347276990411,3.54545454545,3.04338842975,1.05689877454,3.54545454545,0.499047619048,0.4,8,0.0484848484848,0.255555555556,11,11,11,1,0,0.0909090909091,0.636363636364,0.272727272727,11,0.163636363636,3.13636363636,3.27272727273,1.8,2.25,1.7372915179,0.530839074915,0.272727272727,1.0269106361,0.627556499842,0.323232323232,1.85864075457,1.13583601668,0.545454545455,1.09815041931,0.350134916302,3.75,3.13636363636,1.09815041931,3.75,0.427619047619,0.3,5,0.030303030303,0.260740740741,11,11,11,1,0,0.0909090909091,0.636363636364,0.272727272727,11,19,0.172727272727,3.11157024793,3.45454545455,1.9,2.375,1.80906806747,0.523677598477,0.272727272727,1.19087439228,0.689453595529,0.354066985646,1.90215189146,1.1012458319,0.545454545455,1.0602655888,0.340749365856,3.54545454545,3.11157024793,1.0602655888,3.54545454545,0.494285714286,0.375,7,0.0424242424242,0.268518518519,11,11,11,1,0,0.0909090909091,0.636363636364,0.272727272727,-1,-0.00909090909091,0.0681818181818,-0.181818181818,-0.1,-0.125,0.119528054757,0.0590540949821,0.0272727272727,0.023125976035,0.0471919665957,0.0177033492823,-0.0378574805894,0.0342406772707,0.00909090909091,0.00336681426204,-0.00652762455561,0,0.0681818181818,0.00336681426204,0,-0.0047619047619,-0.025,-1,-0.00606060606061,0.012962962963,0,0,0,19,0,1,90,0.95,1,0,0.05,1,0.95,0.974358974359,0.969309258988,0.95,0.95,1,2,0,0,0,0
3745,WLNM_dir_neg,0.75,0.208333333333,00:00:00,10,90,17,1179281666,threshold_sweep,0.1,0.5,0.5,0.5,1,1,1,3,0.5,0.75,0.25,0.5,0.5,0.5,0.5,0.666666666667,0.555555555556,0.25,0.25,0.25,20,18,2,0,20,0,18,0,2,11,20,0.181818181818,3.04338842975,3.63636363636,2,2.5,1.68954001271,0.464623503495,0.245454545455,1.16774841624,0.642261628933,0.336363636364,1.94000937205,1.06700515463,0.536363636364,1.05689877454,0.347276990411,3.54545454545,3.04338842975,1.05689877454,3.54545454545,0.499047619048,0.4,8,0.0484848484848,0.255555555556,11,11,11,1,0,0.0909090909091,0.636363636364,0.272727272727,11,0.163636363636,3.12229437229,3.27272727273,1.8,2.25,1.84883255547,0.564921058617,0.29797979798,1.12006493318,0.684484125834,0.343434343434,1.85864075457,1.13583601668,0.545454545455,1.09490278135,0.350672502587,3.80952380952,3.12229437229,1.09490278135,3.80952380952,0.512169312169,0.346153846154,6,0.0363636363636,0.26037037037,11,11,11,1,0,0.0909090909091,0.636363636364,0.272727272727,11,20,0.181818181818,NaN,3.63636363636,1.81818181818,2.5,1.85864075457,0.511126207507,0.272727272727,1.07871977994,0.593295878968,0.290909090909,1.9908883353,1.09498858442,0.545454545455,NaN,NaN,NaN,NaN,NaN,NaN,0.432275132275,0.380952380952,8,0.0484848484848,0.236363636364,11,11,0,1,2,0,0.727272727273,0.272727272727,0,0,NaN,0,-0.181818181818,0,0.16910074186,0.0465027040115,0.0272727272727,-0.0890286363011,-0.0489657499656,-0.0454545454545,0.0508789632521,0.0279834297887,0.00909090909091,NaN,NaN,NaN,NaN,NaN,NaN,-0.0667724867725,-0.0190476190476,0,0,-0.0191919191919,-0.0909090909091,0.0909090909091,0,19,1,1,89,0.95,0.988888888889,0.0111111111111,0.05,0.95,0.95,0.95,0.938888888889,0.938888888889,0.904761904762,2,2,0,0,0,0
3746,WLNM_dir_neg,0.75,0.208333333333,00:00:00,10,90,17,1179281666,threshold_sweep,0.2,0.5,0.5,0.5,1,1,1,3,0.5,0.75,0.25,0.5,0.5,0.5,0.5,0.666666666667,0.555555555556,0.25,0.25,0.25,20,18,2,0,20,0,18,0,2,11,20,0.181818181818,3.04338842975,3.63636363636,2,2.5,1.68954001271,0.464623503495,0.245454545455,1.16774841624,0.642261628933,0.336363636364,1.94000937205,1.06700515463,0.536363636364,1.05689877454,0.347276990411,3.54545454545,3.04338842975,1.05689877454,3.54545454545,0.499047619048,0.4,8,0.0484848484848,0.255555555556,11,11,11,1,0,0.0909090909091,0.636363636364,0.272727272727,11,0.163636363636,3.12229437229,3.27272727273,1.8,2.25,1.84883255547,0.564921058617,0.29797979798,1.12006493318,0.684484125834,0.343434343434,1.85864075457,1.13583601668,0.545454545455,1.09490278135,0.350672502587,3.80952380952,3.12229437229,1.09490278135,3.80952380952,0.512169312169,0.346153846154,6,0.0363636363636,0.26037037037,11,11,11,1,0,0.0909090909091,0.636363636364,0.272727272727,11,20,0.181818181818,NaN,3.63636363636,1.81818181818,2.5,1.85864075457,0.511126207507,0.272727272727,1.07871977994,0.593295878968,0.290909090909,1.9908883353,1.09498858442,0.545454545455,NaN,NaN,NaN,NaN,NaN,NaN,0.432275132275,0.380952380952,8,0.0484848484848,0.236363636364,11,11,0,1,2,0,0.727272727273,0.272727272727,0,0,NaN,0,-0.181818181818,0,0.16910074186,0.0465027040115,0.0272727272727,-0.0890286363011,-0.0489657499656,-0.0454545454545,0.0508789632521,0.0279834297887,0.00909090909091,NaN,NaN,NaN,NaN,NaN,NaN,-0.0667724867725,-0.0190476190476,0,0,-0.0191919191919,-0.0909090909091,0.0909090909091,0,19,1,1,89,0.95,0.988888888889,0.0111111111111,0.05,0.95,0.95,0.95,0.938888888889,0.938888888889,0.904761904762,2,2,0,0,0,0
3747,WLNM_dir_neg,0.75,0.208333333333,00:00:00,10,90,17,1179281666,threshold_sweep,0.3,0.5,0.5,0.5,1,1,1,3,0.5,0.75,0.25,0.5,0.5,0.5,0.5,0.666666666667,0.555555555556,0.25,0.25,0.25,20,18,2,0,20,0,18,0,2,11,20,0.181818181818,3.04338842975,3.63636363636,2,2.5,1.68954001271,0.464623503495,0.245454545455,1.16774841624,0.642261628933,0.336363636364,1.94000937205,1.06700515463,0.536363636364,1.05689877454,0.347276990411,3.54545454545,3.04338842975,1.05689877454,3.54545454545,0.499047619048,0.4,8,0.0484848484848,0.255555555556,11,11,11,1,0,0.0909090909091,0.636363636364,0.272727272727,11,0.163636363636,3.12229437229,3.27272727273,1.8,2.25,1.84883255547,0.564921058617,0.29797979798,1.12006493318,0.684484125834,0.343434343434,1.85864075457,1.13583601668,0.545454545455,1.09490278135,0.350672502587,3.80952380952,3.12229437229,1.09490278135,3.80952380952,0.512169312169,0.346153846154,6,0.0363636363636,0.26037037037,11,11,11,1,0,0.0909090909091,0.636363636364,0.272727272727,11,20,0.181818181818,NaN,3.63636363636,1.81818181818,2.5,1.85864075457,0.511126207507,0.272727272727,1.07871977994,0.593295878968,0.290909090909,1.9908883353,1.09498858442,0.545454545455,NaN,NaN,NaN,NaN,NaN,NaN,0.432275132275,0.380952380952,8,0.0484848484848,0.236363636364,11,11,0,1,2,0,0.727272727273,0.272727272727,0,0,NaN,0,-0.181818181818,0,0.16910074186,0.0465027040115,0.0272727272727,-0.0890286363011,-0.0489657499656,-0.0454545454545,0.0508789632521,0.0279834297887,0.00909090909091,NaN,NaN,NaN,NaN,NaN,NaN,-0.0667724867725,-0.0190476190476,0,0,-0.0191919191919,-0.0909090909091,0.0909090909091,0,19,1,1,89,0.95,0.988888888889,0.0111111111111,0.05,0.95,0.95,0.95,0.938888888889,0.938888888889,0.904761904762,2,2,0,0,0,0
3748,WLNM_dir_neg,0.75,0.208333333333,00:00:00,10,90,17,1179281666,threshold_sweep,0.4,0.5,0.5,0.5,1,1,1,3,0.5,0.75,0.25,0.5,0.5,0.5,0.5,0.666666666667,0.555555555556,0.25,0.25,0.25,20,18,2,0,20,0,18,0,2,11,20,0.181818181818,3.04338842975,3.63636363636,2,2.5,1.68954001271,0.464623503495,0.245454545455,1.16774841624,0.642261628933,0.336363636364,1.94000937205,1.06700515463,0.536363636364,1.05689877454,0.347276990411,3.54545454545,3.04338842975,1.05689877454,3.54545454545,0.499047619048,0.4,8,0.0484848484848,0.255555555556,11,11,11,1,0,0.0909090909091,0.636363636364,0.272727272727,11,0.163636363636,3.12229437229,3.27272727273,1.8,2.25,1.84883255547,0.564921058617,0.29797979798,1.12006493318,0.684484125834,0.343434343434,1.85864075457,1.13583601668,0.545454545455,1.09490278135,0.350672502587,3.80952380952,3.12229437229,1.09490278135,3.80952380952,0.512169312169,0.346153846154,6,0.0363636363636,0.26037037037,11,11,11,1,0,0.0909090909091,0.636363636364,0.272727272727,11,20,0.181818181818,NaN,3.63636363636,1.81818181818,2.5,1.85864075457,0.511126207507,0.272727272727,1.07871977994,0.593295878968,0.290909090909,1.9908883353,1.09498858442,0.545454545455,NaN,NaN,NaN,NaN,NaN,NaN,0.432275132275,0.380952380952,8,0.0484848484848,0.236363636364,11,11,0,1,2,0,0.727272727273,0.272727272727,0,0,NaN,0,-0.181818181818,0,0.16910074186,0.0465027040115,0.0272727272727,-0.0890286363011,-0.0489657499656,-0.0454545454545,0.0508789632521,0.0279834297887,0.00909090909091,NaN,NaN,NaN,NaN,NaN,NaN,-0.0667724867725,-0.0190476190476,0,0,-0.0191919191919,-0.0909090909091,0.0909090909091,0,19,1,1,89,0.95,0.988888888889,0.0111111111111,0.05,0.95,0.95,0.95,0.938888888889,0.938888888889,0.904761904762,2,2,0,0,0,0
3749,WLNM_dir_neg,0.75,0.208333333333,00:00:00,10,90,17,1179281666,threshold_sweep,0.5,0.5,0.5,0.5,1,1,1,3,0.5,0.75,0.25,0.5,0.5,0.5,0.5,0.666666666667,0.555555555556,0.25,0.25,0.25,20,18,2,0,20,0,18,0,2,11,20,0.181818181818,3.04338842975,3.63636363636,2,2.5,1.68954001271,0.464623503495,0.245454545455,1.16774841624,0.642261628933,0.336363636364,1.94000937205,1.06700515463,0.536363636364,1.05689877454,0.347276990411,3.54545454545,3.04338842975,1.05689877454,3.54545454545,0.499047619048,0.4,8,0.0484848484848,0.255555555556,11,11,11,1,0,0.0909090909091,0.636363636364,0.272727272727,11,0.163636363636,3.12229437229,3.27272727273,1.8,2.25,1.84883255547,0.564921058617,0.29797979798,1.12006493318,0.684484125834,0.343434343434,1.85864075457,1.13583601668,0.545454545455,1.09490278135,0.350672502587,3.80952380952,3.12229437229,1.09490278135,3.80952380952,0.512169312169,0.346153846154,6,0.0363636363636,0.26037037037,11,11,11,1,0,0.0909090909091,0.636363636364,0.272727272727,11,20,0.181818181818,NaN,3.63636363636,1.81818181818,2.5,1.85864075457,0.511126207507,0.272727272727,1.07871977994,0.593295878968,0.290909090909,1.9908883353,1.09498858442,0.545454545455,NaN,NaN,NaN,NaN,NaN,NaN,0.432275132275,0.380952380952,8,0.0484848484848,0.236363636364,11,11,0,1,2,0,0.727272727273,0.272727272727,0,0,NaN,0,-0.181818181818,0,0.16910074186,0.0465027040115,0.0272727272727,-0.0890286363011,-0.0489657499656,-0.0454545454545,0.0508789632521,0.0279834297887,0.00909090909091,NaN,NaN,NaN,NaN,NaN,NaN,-0.0667724867725,-0.0190476190476,0,0,-0.0191919191919,-0.0909090909091,0.0909090909091,0,19,1,1,89,0.95,0.988888888889,0.0111111111111,0.05,0.95,0.95,0.95,0.938888888889,0.938888888889,0.904761904762,2,2,0,0,0,0
3750,WLNM_dir_neg,0.75,0.208333333333,00:00:00,10,90,17,1179281666,threshold_sweep,0.6,0.5,0.5,0.5,1,1,1,3,0.5,0.75,0.25,0.5,0.5,0.5,0.5,0.666666666667,0.555555555556,0.25,0.25,0.25,20,18,2,0,20,0,18,0,2,11,20,0.181818181818,3.04338842975,3.63636363636,2,2.5,1.68954001271,0.464623503495,0.245454545455,1.16774841624,0.642261628933,0.336363636364,1.94000937205,1.06700515463,0.536363636364,1.05689877454,0.347276990411,3.54545454545,3.04338842975,1.05689877454,3.54545454545,0.499047619048,0.4,8,0.0484848484848,0.255555555556,11,11,11,1,0,0.0909090909091,0.636363636364,0.272727272727,11,0.163636363636,3.12229437229,3.27272727273,1.8,2.25,1.84883255547,0.564921058617,0.29797979798,1.12006493318,0.684484125834,0.343434343434,1.85864075457,1.13583601668,0.545454545455,1.09490278135,0.350672502587,3.80952380952,3.12229437229,1.09490278135,3.80952380952,0.512169312169,0.346153846154,6,0.0363636363636,0.26037037037,11,11,11,1,0,0.0909090909091,0.636363636364,0.272727272727,11,20,0.181818181818,NaN,3.63636363636,1.81818181818,2.5,1.85864075457,0.511126207507,0.272727272727,1.07871977994,0.593295878968,0.290909090909,1.9908883353,1.09498858442,0.545454545455,NaN,NaN,NaN,NaN,NaN,NaN,0.432275132275,0.380952380952,8,0.0484848484848,0.236363636364,11,11,0,1,2,0,0.727272727273,0.272727272727,0,0,NaN,0,-0.181818181818,0,0.16910074186,0.0465027040115,0.0272727272727,-0.0890286363011,-0.0489657499656,-0.0454545454545,0.0508789632521,0.0279834297887,0.00909090909091,NaN,NaN,NaN,NaN,NaN,NaN,-0.0667724867725,-0.0190476190476,0,0,-0.0191919191919,-0.0909090909091,0.0909090909091,0,19,1,1,89,0.95,0.988888888889,0.0111111111111,0.05,0.95,0.95,0.95,0.938888888889,0.938888888889,0.904761904762,2,2,0,0,0,0
3751,WLNM_dir_neg,0.75,0.208333333333,00:00:00,10,90,17,1179281666,threshold_sweep,0.7,0.5,0.5,0.5,1,1,1,3,0.5,0.75,0.25,0.5,0.5,0.5,0.5,0.666666666667,0.555555555556,0.25,0.25,0.25,20,18,2,0,20,0,18,0,2,11,20,0.181818181818,3.04338842975,3.63636363636,2,2.5,1.68954001271,0.464623503495,0.245454545455,1.16774841624,0.642261628933,0.336363636364,1.94000937205,1.06700515463,0.536363636364,1.05689877454,0.347276990411,3.54545454545,3.04338842975,1.05689877454,3.54545454545,0.499047619048,0.4,8,0.0484848484848,0.255555555556,11,11,11,1,0,0.0909090909091,0.636363636364,0.272727272727,11,0.163636363636,3.12229437229,3.27272727273,1.8,2.25,1.84883255547,0.564921058617,0.29797979798,1.12006493318,0.684484125834,0.343434343434,1.85864075457,1.13583601668,0.545454545455,1.09490278135,0.350672502587,3.80952380952,3.12229437229,1.09490278135,3.80952380952,0.512169312169,0.346153846154,6,0.0363636363636,0.26037037037,11,11,11,1,0,0.0909090909091,0.636363636364,0.272727272727,11,20,0.181818181818,NaN,3.63636363636,1.81818181818,2.5,1.85864075457,0.511126207507,0.272727272727,1.07871977994,0.593295878968,0.290909090909,1.9908883353,1.09498858442,0.545454545455,NaN,NaN,NaN,NaN,NaN,NaN,0.432275132275,0.380952380952,8,0.0484848484848,0.236363636364,11,11,0,1,2,0,0.727272727273,0.272727272727,0,0,NaN,0,-0.181818181818,0,0.16910074186,0.0465027040115,0.0272727272727,-0.0890286363011,-0.0489657499656,-0.0454545454545,0.0508789632521,0.0279834297887,0.00909090909091,NaN,NaN,NaN,NaN,NaN,NaN,-0.0667724867725,-0.0190476190476,0,0,-0.0191919191919,-0.0909090909091,0.0909090909091,0,19,1,1,89,0.95,0.988888888889,0.0111111111111,0.05,0.95,0.95,0.95,0.938888888889,0.938888888889,0.904761904762,2,2,0,0,0,0
3752,WLNM_dir_neg,0.75,0.208333333333,00:00:00,10,90,17,1179281666,threshold_sweep,0.8,0.5,0.5,0.5,1,1,1,3,0.5,0.75,0.25,0.5,0.5,0.5,0.5,0.666666666667,0.555555555556,0.25,0.25,0.25,20,18,2,0,20,0,18,0,2,11,20,0.181818181818,3.04338842975,3.63636363636,2,2.5,1.68954001271,0.464623503495,0.245454545455,1.16774841624,0.642261628933,0.336363636364,1.94000937205,1.06700515463,0.536363636364,1.05689877454,0.347276990411,3.54545454545,3.04338842975,1.05689877454,3.54545454545,0.499047619048,0.4,8,0.0484848484848,0.255555555556,11,11,11,1,0,0.0909090909091,0.636363636364,0.272727272727,11,0.163636363636,3.12229437229,3.27272727273,1.8,2.25,1.84883255547,0.564921058617,0.29797979798,1.12006493318,0.684484125834,0.343434343434,1.85864075457,1.13583601668,0.545454545455,1.09490278135,0.350672502587,3.80952380952,3.12229437229,1.09490278135,3.80952380952,0.512169312169,0.346153846154,6,0.0363636363636,0.26037037037,11,11,11,1,0,0.0909090909091,0.636363636364,0.272727272727,11,20,0.181818181818,NaN,3.63636363636,1.81818181818,2.5,1.85864075457,0.511126207507,0.272727272727,1.07871977994,0.593295878968,0.290909090909,1.9908883353,1.09498858442,0.545454545455,NaN,NaN,NaN,NaN,NaN,NaN,0.432275132275,0.380952380952,8,0.0484848484848,0.236363636364,11,11,0,1,2,0,0.727272727273,0.272727272727,0,0,NaN,0,-0.181818181818,0,0.16910074186,0.0465027040115,0.0272727272727,-0.0890286363011,-0.0489657499656,-0.0454545454545,0.0508789632521,0.0279834297887,0.00909090909091,NaN,NaN,NaN,NaN,NaN,NaN,-0.0667724867725,-0.0190476190476,0,0,-0.0191919191919,-0.0909090909091,0.0909090909091,0,19,1,1,89,0.95,0.988888888889,0.0111111111111,0.05,0.95,0.95,0.95,0.938888888889,0.938888888889,0.904761904762,2,2,0,0,0,0
3753,WLNM_dir_neg,0.75,0.208333333333,00:00:00,10,90,17,1179281666,threshold_sweep,0.9,0.5,0.5,0.5,1,1,1,3,0.5,0.75,0.25,0.5,0.5,0.5,0.5,0.666666666667,0.555555555556,0.25,0.25,0.25,20,18,2,0,20,0,18,0,2,11,20,0.181818181818,3.04338842975,3.63636363636,2,2.5,1.68954001271,0.464623503495,0.245454545455,1.16774841624,0.642261628933,0.336363636364,1.94000937205,1.06700515463,0.536363636364,1.05689877454,0.347276990411,3.54545454545,3.04338842975,1.05689877454,3.54545454545,0.499047619048,0.4,8,0.0484848484848,0.255555555556,11,11,11,1,0,0.0909090909091,0.636363636364,0.272727272727,11,0.163636363636,3.12229437229,3.27272727273,1.8,2.25,1.84883255547,0.564921058617,0.29797979798,1.12006493318,0.684484125834,0.343434343434,1.85864075457,1.13583601668,0.545454545455,1.09490278135,0.350672502587,3.80952380952,3.12229437229,1.09490278135,3.80952380952,0.512169312169,0.346153846154,6,0.0363636363636,0.26037037037,11,11,11,1,0,0.0909090909091,0.636363636364,0.272727272727,11,20,0.181818181818,NaN,3.63636363636,1.81818181818,2.5,1.85864075457,0.511126207507,0.272727272727,1.07871977994,0.593295878968,0.290909090909,1.9908883353,1.09498858442,0.545454545455,NaN,NaN,NaN,NaN,NaN,NaN,0.432275132275,0.380952380952,8,0.0484848484848,0.236363636364,11,11,0,1,2,0,0.727272727273,0.272727272727,0,0,NaN,0,-0.181818181818,0,0.16910074186,0.0465027040115,0.0272727272727,-0.0890286363011,-0.0489657499656,-0.0454545454545,0.0508789632521,0.0279834297887,0.00909090909091,NaN,NaN,NaN,NaN,NaN,NaN,-0.0667724867725,-0.0190476190476,0,0,-0.0191919191919,-0.0909090909091,0.0909090909091,0,19,1,1,89,0.95,0.988888888889,0.0111111111111,0.05,0.95,0.95,0.95,0.938888888889,0.938888888889,0.904761904762,2,2,0,0,0,0
3754,WLNM_dir_neg,0.625,0.1625,00:00:00,10,90,18,1179281667,threshold_sweep,0.1,0.5,0.5,0.5,1,1,1,3,0.5,0.75,0.25,0.5,0.5,0.5,0.5,0.666666666667,0.555555555556,0.25,0.25,0.25,20,18,2,0,20,0,18,0,2,11,20,0.181818181818,3.04338842975,3.63636363636,2,2.5,1.68954001271,0.464623503495,0.245454545455,1.16774841624,0.642261628933,0.336363636364,1.94000937205,1.06700515463,0.536363636364,1.05689877454,0.347276990411,3.54545454545,3.04338842975,1.05689877454,3.54545454545,0.499047619048,0.4,8,0.0484848484848,0.255555555556,11,11,11,1,0,0.0909090909091,0.636363636364,0.272727272727,11,0.163636363636,3.13636363636,3.27272727273,1.8,2.25,1.7372915179,0.530839074915,0.272727272727,1.0269106361,0.627556499842,0.323232323232,1.85864075457,1.13583601668,0.545454545455,1.09815041931,0.350134916302,3.75,3.13636363636,1.09815041931,3.75,0.427619047619,0.3,5,0.030303030303,0.260740740741,11,11,11,1,0,0.0909090909091,0.636363636364,0.272727272727,11,20,0.181818181818,3.15289256198,3.63636363636,2,2.22222222222,1.80403587951,0.496109866864,0.263636363636,1.32801971508,0.730410843293,0.372727272727,1.83402190926,1.00871205009,0.490909090909,1.0981337902,0.348294072384,3.63636363636,3.15289256198,1.0981337902,3.63636363636,0.520952380952,0.387096774194,8,0.0484848484848,0.255185185185,11,11,11,1,0,0.0909090909091,0.727272727273,0.181818181818,0,0,0.109504132231,0,0,-0.277777777778,0.114495866797,0.0314863633692,0.0181818181818,0.160271298836,0.0881492143597,0.0363636363636,-0.105987462791,-0.0582931045351,-0.0454545454545,0.0412350156667,0.00101708197307,0.0909090909091,0.109504132231,0.0412350156667,0.0909090909091,0.0219047619048,-0.0129032258065,0,0,-0.00037037037037,0,0.0909090909091,-0.0909090909091,19,1,1,89,0.95,0.988888888889,0.0111111111111,0.05,0.95,0.95,0.95,0.938888888889,0.938888888889,0.904761904762,2,2,0,0,0,0
3755,WLNM_dir_neg,0.625,0.1625,00:00:00,10,90,18,1179281667,threshold_sweep,0.2,0.5,0.5,0.5,1,1,1,3,0.5,0.75,0.25,0.5,0.5,0.5,0.5,0.666666666667,0.555555555556,0.25,0.25,0.25,20,18,2,0,20,0,18,0,2,11,20,0.181818181818,3.04338842975,3.63636363636,2,2.5,1.68954001271,0.464623503495,0.245454545455,1.16774841624,0.642261628933,0.336363636364,1.94000937205,1.06700515463,0.536363636364,1.05689877454,0.347276990411,3.54545454545,3.04338842975,1.05689877454,3.54545454545,0.499047619048,0.4,8,0.0484848484848,0.255555555556,11,11,11,1,0,0.0909090909091,0.636363636364,0.272727272727,11,0.163636363636,3.13636363636,3.27272727273,1.8,2.25,1.7372915179,0.530839074915,0.272727272727,1.0269106361,0.627556499842,0.323232323232,1.85864075457,1.13583601668,0.545454545455,1.09815041931,0.350134916302,3.75,3.13636363636,1.09815041931,3.75,0.427619047619,0.3,5,0.030303030303,0.260740740741,11,11,11,1,0,0.0909090909091,0.636363636364,0.272727272727,11,20,0.181818181818,3.15289256198,3.63636363636,2,2.22222222222,1.80403587951,0.496109866864,0.263636363636,1.32801971508,0.730410843293,0.372727272727,1.83402190926,1.00871205009,0.490909090909,1.0981337902,0.348294072384,3.63636363636,3.15289256198,1.0981337902,3.63636363636,0.520952380952,0.387096774194,8,0.0484848484848,0.255185185185,11,11,11,1,0,0.0909090909091,0.727272727273,0.181818181818,0,0,0.109504132231,0,0,-0.277777777778,0.114495866797,0.0314863633692,0.0181818181818,0.160271298836,0.0881492143597,0.0363636363636,-0.105987462791,-0.0582931045351,-0.0454545454545,0.0412350156667,0.00101708197307,0.0909090909091,0.109504132231,0.0412350156667,0.0909090909091,0.0219047619048,-0.0129032258065,0,0,-0.00037037037037,0,0.0909090909091,-0.0909090909091,19,1,1,89,0.95,0.988888888889,0.0111111111111,0.05,0.95,0.95,0.95,0.938888888889,0.938888888889,0.904761904762,2,2,0,0,0,0
3756,WLNM_dir_neg,0.625,0.1625,00:00:00,10,90,18,1179281667,threshold_sweep,0.3,0.5,0.5,0.5,1,1,1,3,0.5,0.75,0.25,0.5,0.5,0.5,0.5,0.666666666667,0.555555555556,0.25,0.25,0.25,20,18,2,0,20,0,18,0,2,11,20,0.181818181818,3.04338842975,3.63636363636,2,2.5,1.68954001271,0.464623503495,0.245454545455,1.16774841624,0.642261628933,0.336363636364,1.94000937205,1.06700515463,0.536363636364,1.05689877454,0.347276990411,3.54545454545,3.04338842975,1.05689877454,3.54545454545,0.499047619048,0.4,8,0.0484848484848,0.255555555556,11,11,11,1,0,0.0909090909091,0.636363636364,0.272727272727,11,0.163636363636,3.13636363636,3.27272727273,1.8,2.25,1.7372915179,0.530839074915,0.272727272727,1.0269106361,0.627556499842,0.323232323232,1.85864075457,1.13583601668,0.545454545455,1.09815041931,0.350134916302,3.75,3.13636363636,1.09815041931,3.75,0.427619047619,0.3,5,0.030303030303,0.260740740741,11,11,11,1,0,0.0909090909091,0.636363636364,0.272727272727,11,20,0.181818181818,3.15289256198,3.63636363636,2,2.22222222222,1.80403587951,0.496109866864,0.263636363636,1.32801971508,0.730410843293,0.372727272727,1.83402190926,1.00871205009,0.490909090909,1.0981337902,0.348294072384,3.63636363636,3.15289256198,1.0981337902,3.63636363636,0.520952380952,0.387096774194,8,0.0484848484848,0.255185185185,11,11,11,1,0,0.0909090909091,0.727272727273,0.181818181818,0,0,0.109504132231,0,0,-0.277777777778,0.114495866797,0.0314863633692,0.0181818181818,0.160271298836,0.0881492143597,0.0363636363636,-0.105987462791,-0.0582931045351,-0.0454545454545,0.0412350156667,0.00101708197307,0.0909090909091,0.109504132231,0.0412350156667,0.0909090909091,0.0219047619048,-0.0129032258065,0,0,-0.00037037037037,0,0.0909090909091,-0.0909090909091,19,1,1,89,0.95,0.988888888889,0.0111111111111,0.05,0.95,0.95,0.95,0.938888888889,0.938888888889,0.904761904762,2,2,0,0,0,0
3757,WLNM_dir_neg,0.625,0.1625,00:00:00,10,90,18,1179281667,threshold_sweep,0.4,0.5,0.5,0.5,1,1,1,3,0.5,0.75,0.25,0.5,0.5,0.5,0.5,0.666666666667,0.555555555556,0.25,0.25,0.25,20,18,2,0,20,0,18,0,2,11,20,0.181818181818,3.04338842975,3.63636363636,2,2.5,1.68954001271,0.464623503495,0.245454545455,1.16774841624,0.642261628933,0.336363636364,1.94000937205,1.06700515463,0.536363636364,1.05689877454,0.347276990411,3.54545454545,3.04338842975,1.05689877454,3.54545454545,0.499047619048,0.4,8,0.0484848484848,0.255555555556,11,11,11,1,0,0.0909090909091,0.636363636364,0.272727272727,11,0.163636363636,3.13636363636,3.27272727273,1.8,2.25,1.7372915179,0.530839074915,0.272727272727,1.0269106361,0.627556499842,0.323232323232,1.85864075457,1.13583601668,0.545454545455,1.09815041931,0.350134916302,3.75,3.13636363636,1.09815041931,3.75,0.427619047619,0.3,5,0.030303030303,0.260740740741,11,11,11,1,0,0.0909090909091,0.636363636364,0.272727272727,11,20,0.181818181818,3.15289256198,3.63636363636,2,2.22222222222,1.80403587951,0.496109866864,0.263636363636,1.32801971508,0.730410843293,0.372727272727,1.83402190926,1.00871205009,0.490909090909,1.0981337902,0.348294072384,3.63636363636,3.15289256198,1.0981337902,3.63636363636,0.520952380952,0.387096774194,8,0.0484848484848,0.255185185185,11,11,11,1,0,0.0909090909091,0.727272727273,0.181818181818,0,0,0.109504132231,0,0,-0.277777777778,0.114495866797,0.0314863633692,0.0181818181818,0.160271298836,0.0881492143597,0.0363636363636,-0.105987462791,-0.0582931045351,-0.0454545454545,0.0412350156667,0.00101708197307,0.0909090909091,0.109504132231,0.0412350156667,0.0909090909091,0.0219047619048,-0.0129032258065,0,0,-0.00037037037037,0,0.0909090909091,-0.0909090909091,19,1,1,89,0.95,0.988888888889,0.0111111111111,0.05,0.95,0.95,0.95,0.938888888889,0.938888888889,0.904761904762,2,2,0,0,0,0
3758,WLNM_dir_neg,0.625,0.1625,00:00:00,10,90,18,1179281667,threshold_sweep,0.5,0.5,0.5,0.5,1,1,1,3,0.5,0.75,0.25,0.5,0.5,0.5,0.5,0.666666666667,0.555555555556,0.25,0.25,0.25,20,18,2,0,20,0,18,0,2,11,20,0.181818181818,3.04338842975,3.63636363636,2,2.5,1.68954001271,0.464623503495,0.245454545455,1.16774841624,0.642261628933,0.336363636364,1.94000937205,1.06700515463,0.536363636364,1.05689877454,0.347276990411,3.54545454545,3.04338842975,1.05689877454,3.54545454545,0.499047619048,0.4,8,0.0484848484848,0.255555555556,11,11,11,1,0,0.0909090909091,0.636363636364,0.272727272727,11,0.163636363636,3.13636363636,3.27272727273,1.8,2.25,1.7372915179,0.530839074915,0.272727272727,1.0269106361,0.627556499842,0.323232323232,1.85864075457,1.13583601668,0.545454545455,1.09815041931,0.350134916302,3.75,3.13636363636,1.09815041931,3.75,0.427619047619,0.3,5,0.030303030303,0.260740740741,11,11,11,1,0,0.0909090909091,0.636363636364,0.272727272727,11,20,0.181818181818,3.15289256198,3.63636363636,2,2.22222222222,1.80403587951,0.496109866864,0.263636363636,1.32801971508,0.730410843293,0.372727272727,1.83402190926,1.00871205009,0.490909090909,1.0981337902,0.348294072384,3.63636363636,3.15289256198,1.0981337902,3.63636363636,0.520952380952,0.387096774194,8,0.0484848484848,0.255185185185,11,11,11,1,0,0.0909090909091,0.727272727273,0.181818181818,0,0,0.109504132231,0,0,-0.277777777778,0.114495866797,0.0314863633692,0.0181818181818,0.160271298836,0.0881492143597,0.0363636363636,-0.105987462791,-0.0582931045351,-0.0454545454545,0.0412350156667,0.00101708197307,0.0909090909091,0.109504132231,0.0412350156667,0.0909090909091,0.0219047619048,-0.0129032258065,0,0,-0.00037037037037,0,0.0909090909091,-0.0909090909091,19,1,1,89,0.95,0.988888888889,0.0111111111111,0.05,0.95,0.95,0.95,0.938888888889,0.938888888889,0.904761904762,2,2,0,0,0,0
3759,WLNM_dir_neg,0.625,0.1625,00:00:00,10,90,18,1179281667,threshold_sweep,0.6,0.5,0.5,0.5,1,1,1,3,0.5,0.75,0.25,0.5,0.5,0.5,0.5,0.666666666667,0.555555555556,0.25,0.25,0.25,20,18,2,0,20,0,18,0,2,11,20,0.181818181818,3.04338842975,3.63636363636,2,2.5,1.68954001271,0.464623503495,0.245454545455,1.16774841624,0.642261628933,0.336363636364,1.94000937205,1.06700515463,0.536363636364,1.05689877454,0.347276990411,3.54545454545,3.04338842975,1.05689877454,3.54545454545,0.499047619048,0.4,8,0.0484848484848,0.255555555556,11,11,11,1,0,0.0909090909091,0.636363636364,0.272727272727,11,0.163636363636,3.13636363636,3.27272727273,1.8,2.25,1.7372915179,0.530839074915,0.272727272727,1.0269106361,0.627556499842,0.323232323232,1.85864075457,1.13583601668,0.545454545455,1.09815041931,0.350134916302,3.75,3.13636363636,1.09815041931,3.75,0.427619047619,0.3,5,0.030303030303,0.260740740741,11,11,11,1,0,0.0909090909091,0.636363636364,0.272727272727,11,20,0.181818181818,3.15289256198,3.63636363636,2,2.22222222222,1.80403587951,0.496109866864,0.263636363636,1.32801971508,0.730410843293,0.372727272727,1.83402190926,1.00871205009,0.490909090909,1.0981337902,0.348294072384,3.63636363636,3.15289256198,1.0981337902,3.63636363636,0.520952380952,0.387096774194,8,0.0484848484848,0.255185185185,11,11,11,1,0,0.0909090909091,0.727272727273,0.181818181818,0,0,0.109504132231,0,0,-0.277777777778,0.114495866797,0.0314863633692,0.0181818181818,0.160271298836,0.0881492143597,0.0363636363636,-0.105987462791,-0.0582931045351,-0.0454545454545,0.0412350156667,0.00101708197307,0.0909090909091,0.109504132231,0.0412350156667,0.0909090909091,0.0219047619048,-0.0129032258065,0,0,-0.00037037037037,0,0.0909090909091,-0.0909090909091,19,1,1,89,0.95,0.988888888889,0.0111111111111,0.05,0.95,0.95,0.95,0.938888888889,0.938888888889,0.904761904762,2,2,0,0,0,0
3760,WLNM_dir_neg,0.625,0.1625,00:00:00,10,90,18,1179281667,threshold_sweep,0.7,0.5,0.5,0.5,1,1,1,3,0.5,0.75,0.25,0.5,0.5,0.5,0.5,0.666666666667,0.555555555556,0.25,0.25,0.25,20,18,2,0,20,0,18,0,2,11,20,0.181818181818,3.04338842975,3.63636363636,2,2.5,1.68954001271,0.464623503495,0.245454545455,1.16774841624,0.642261628933,0.336363636364,1.94000937205,1.06700515463,0.536363636364,1.05689877454,0.347276990411,3.54545454545,3.04338842975,1.05689877454,3.54545454545,0.499047619048,0.4,8,0.0484848484848,0.255555555556,11,11,11,1,0,0.0909090909091,0.636363636364,0.272727272727,11,0.163636363636,3.13636363636,3.27272727273,1.8,2.25,1.7372915179,0.530839074915,0.272727272727,1.0269106361,0.627556499842,0.323232323232,1.85864075457,1.13583601668,0.545454545455,1.09815041931,0.350134916302,3.75,3.13636363636,1.09815041931,3.75,0.427619047619,0.3,5,0.030303030303,0.260740740741,11,11,11,1,0,0.0909090909091,0.636363636364,0.272727272727,11,20,0.181818181818,3.15289256198,3.63636363636,2,2.22222222222,1.80403587951,0.496109866864,0.263636363636,1.32801971508,0.730410843293,0.372727272727,1.83402190926,1.00871205009,0.490909090909,1.0981337902,0.348294072384,3.63636363636,3.15289256198,1.0981337902,3.63636363636,0.520952380952,0.387096774194,8,0.0484848484848,0.255185185185,11,11,11,1,0,0.0909090909091,0.727272727273,0.181818181818,0,0,0.109504132231,0,0,-0.277777777778,0.114495866797,0.0314863633692,0.0181818181818,0.160271298836,0.0881492143597,0.0363636363636,-0.105987462791,-0.0582931045351,-0.0454545454545,0.0412350156667,0.00101708197307,0.0909090909091,0.109504132231,0.0412350156667,0.0909090909091,0.0219047619048,-0.0129032258065,0,0,-0.00037037037037,0,0.0909090909091,-0.0909090909091,19,1,1,89,0.95,0.988888888889,0.0111111111111,0.05,0.95,0.95,0.95,0.938888888889,0.938888888889,0.904761904762,2,2,0,0,0,0
3761,WLNM_dir_neg,0.625,0.1625,00:00:00,10,90,18,1179281667,threshold_sweep,0.8,0.5,0.5,0.5,1,1,1,3,0.5,0.75,0.25,0.5,0.5,0.5,0.5,0.666666666667,0.555555555556,0.25,0.25,0.25,20,18,2,0,20,0,18,0,2,11,20,0.181818181818,3.04338842975,3.63636363636,2,2.5,1.68954001271,0.464623503495,0.245454545455,1.16774841624,0.642261628933,0.336363636364,1.94000937205,1.06700515463,0.536363636364,1.05689877454,0.347276990411,3.54545454545,3.04338842975,1.05689877454,3.54545454545,0.499047619048,0.4,8,0.0484848484848,0.255555555556,11,11,11,1,0,0.0909090909091,0.636363636364,0.272727272727,11,0.163636363636,3.13636363636,3.27272727273,1.8,2.25,1.7372915179,0.530839074915,0.272727272727,1.0269106361,0.627556499842,0.323232323232,1.85864075457,1.13583601668,0.545454545455,1.09815041931,0.350134916302,3.75,3.13636363636,1.09815041931,3.75,0.427619047619,0.3,5,0.030303030303,0.260740740741,11,11,11,1,0,0.0909090909091,0.636363636364,0.272727272727,11,20,0.181818181818,3.15289256198,3.63636363636,2,2.22222222222,1.80403587951,0.496109866864,0.263636363636,1.32801971508,0.730410843293,0.372727272727,1.83402190926,1.00871205009,0.490909090909,1.0981337902,0.348294072384,3.63636363636,3.15289256198,1.0981337902,3.63636363636,0.520952380952,0.387096774194,8,0.0484848484848,0.255185185185,11,11,11,1,0,0.0909090909091,0.727272727273,0.181818181818,0,0,0.109504132231,0,0,-0.277777777778,0.114495866797,0.0314863633692,0.0181818181818,0.160271298836,0.0881492143597,0.0363636363636,-0.105987462791,-0.0582931045351,-0.0454545454545,0.0412350156667,0.00101708197307,0.0909090909091,0.109504132231,0.0412350156667,0.0909090909091,0.0219047619048,-0.0129032258065,0,0,-0.00037037037037,0,0.0909090909091,-0.0909090909091,19,1,1,89,0.95,0.988888888889,0.0111111111111,0.05,0.95,0.95,0.95,0.938888888889,0.938888888889,0.904761904762,2,2,0,0,0,0
3762,WLNM_dir_neg,0.625,0.1625,00:00:00,10,90,18,1179281667,threshold_sweep,0.9,0.5,0.5,0.5,1,1,1,3,0.5,0.75,0.25,0.5,0.5,0.5,0.5,0.666666666667,0.555555555556,0.25,0.25,0.25,20,18,2,0,20,0,18,0,2,11,20,0.181818181818,3.04338842975,3.63636363636,2,2.5,1.68954001271,0.464623503495,0.245454545455,1.16774841624,0.642261628933,0.336363636364,1.94000937205,1.06700515463,0.536363636364,1.05689877454,0.347276990411,3.54545454545,3.04338842975,1.05689877454,3.54545454545,0.499047619048,0.4,8,0.0484848484848,0.255555555556,11,11,11,1,0,0.0909090909091,0.636363636364,0.272727272727,11,0.163636363636,3.13636363636,3.27272727273,1.8,2.25,1.7372915179,0.530839074915,0.272727272727,1.0269106361,0.627556499842,0.323232323232,1.85864075457,1.13583601668,0.545454545455,1.09815041931,0.350134916302,3.75,3.13636363636,1.09815041931,3.75,0.427619047619,0.3,5,0.030303030303,0.260740740741,11,11,11,1,0,0.0909090909091,0.636363636364,0.272727272727,11,20,0.181818181818,3.15289256198,3.63636363636,2,2.22222222222,1.80403587951,0.496109866864,0.263636363636,1.32801971508,0.730410843293,0.372727272727,1.83402190926,1.00871205009,0.490909090909,1.0981337902,0.348294072384,3.63636363636,3.15289256198,1.0981337902,3.63636363636,0.520952380952,0.387096774194,8,0.0484848484848,0.255185185185,11,11,11,1,0,0.0909090909091,0.727272727273,0.181818181818,0,0,0.109504132231,0,0,-0.277777777778,0.114495866797,0.0314863633692,0.0181818181818,0.160271298836,0.0881492143597,0.0363636363636,-0.105987462791,-0.0582931045351,-0.0454545454545,0.0412350156667,0.00101708197307,0.0909090909091,0.109504132231,0.0412350156667,0.0909090909091,0.0219047619048,-0.0129032258065,0,0,-0.00037037037037,0,0.0909090909091,-0.0909090909091,19,1,1,89,0.95,0.988888888889,0.0111111111111,0.05,0.95,0.95,0.95,0.938888888889,0.938888888889,0.904761904762,2,2,0,0,0,0
3763,WLNM_dir_neg,0.75,0.416666666667,00:00:01,10,90,19,1179281668,threshold_sweep,0.1,0,0,0,0,1,2,3,0,0.75,0.25,1,0,0,0,0.5,0.611111111111,-0.285714285714,-0.316227766017,-0.25,20,18,2,0,20,0,18,0,2,11,20,0.181818181818,3.04338842975,3.63636363636,2,2.5,1.68954001271,0.464623503495,0.245454545455,1.16774841624,0.642261628933,0.336363636364,1.94000937205,1.06700515463,0.536363636364,1.05689877454,0.347276990411,3.54545454545,3.04338842975,1.05689877454,3.54545454545,0.499047619048,0.4,8,0.0484848484848,0.255555555556,11,11,11,1,0,0.0909090909091,0.636363636364,0.272727272727,11,0.163636363636,3.13636363636,3.27272727273,1.8,2.25,1.7372915179,0.530839074915,0.272727272727,1.0269106361,0.627556499842,0.323232323232,1.85864075457,1.13583601668,0.545454545455,1.09815041931,0.350134916302,3.75,3.13636363636,1.09815041931,3.75,0.427619047619,0.3,5,0.030303030303,0.260740740741,11,11,11,1,0,0.0909090909091,0.636363636364,0.272727272727,11,19,0.172727272727,NaN,3.45454545455,1.72727272727,2.375,1.91643608626,0.554757814444,0.277511961722,0.904534033733,0.523677598477,0.258373205742,2.10194714924,1.21691677061,0.564593301435,NaN,NaN,NaN,NaN,NaN,NaN,0.427619047619,0.3,5,0.030303030303,0.301212121212,11,11,0,1,2,0,0.727272727273,0.272727272727,-1,-0.00909090909091,NaN,-0.181818181818,-0.272727272727,-0.125,0.226896073553,0.0901343109492,0.0320574162679,-0.263214382509,-0.118584030456,-0.077990430622,0.161937777188,0.149911615984,0.0282296650718,NaN,NaN,NaN,NaN,NaN,NaN,-0.0714285714286,-0.1,-3,-0.0181818181818,0.0456565656566,-0.0909090909091,0.0909090909091,0,18,1,2,89,0.9,0.988888888889,0.0111111111111,0.1,0.947368421053,0.9,0.923076923077,0.906956031802,0.888888888889,0.857142857143,1,2,0,0,0,0
3764,WLNM_dir_neg,0.75,0.416666666667,00:00:01,10,90,19,1179281668,threshold_sweep,0.2,0,0,0,0,1,2,3,0,0.75,0.25,1,0,0,0,0.5,0.611111111111,-0.285714285714,-0.316227766017,-0.25,20,18,2,0,20,0,18,0,2,11,20,0.181818181818,3.04338842975,3.63636363636,2,2.5,1.68954001271,0.464623503495,0.245454545455,1.16774841624,0.642261628933,0.336363636364,1.94000937205,1.06700515463,0.536363636364,1.05689877454,0.347276990411,3.54545454545,3.04338842975,1.05689877454,3.54545454545,0.499047619048,0.4,8,0.0484848484848,0.255555555556,11,11,11,1,0,0.0909090909091,0.636363636364,0.272727272727,11,0.163636363636,3.13636363636,3.27272727273,1.8,2.25,1.7372915179,0.530839074915,0.272727272727,1.0269106361,0.627556499842,0.323232323232,1.85864075457,1.13583601668,0.545454545455,1.09815041931,0.350134916302,3.75,3.13636363636,1.09815041931,3.75,0.427619047619,0.3,5,0.030303030303,0.260740740741,11,11,11,1,0,0.0909090909091,0.636363636364,0.272727272727,11,19,0.172727272727,NaN,3.45454545455,1.72727272727,2.375,1.91643608626,0.554757814444,0.277511961722,0.904534033733,0.523677598477,0.258373205742,2.10194714924,1.21691677061,0.564593301435,NaN,NaN,NaN,NaN,NaN,NaN,0.427619047619,0.3,5,0.030303030303,0.301212121212,11,11,0,1,2,0,0.727272727273,0.272727272727,-1,-0.00909090909091,NaN,-0.181818181818,-0.272727272727,-0.125,0.226896073553,0.0901343109492,0.0320574162679,-0.263214382509,-0.118584030456,-0.077990430622,0.161937777188,0.149911615984,0.0282296650718,NaN,NaN,NaN,NaN,NaN,NaN,-0.0714285714286,-0.1,-3,-0.0181818181818,0.0456565656566,-0.0909090909091,0.0909090909091,0,18,1,2,89,0.9,0.988888888889,0.0111111111111,0.1,0.947368421053,0.9,0.923076923077,0.906956031802,0.888888888889,0.857142857143,1,2,0,0,0,0
3765,WLNM_dir_neg,0.75,0.416666666667,00:00:01,10,90,19,1179281668,threshold_sweep,0.3,0,0,0,0,1,2,3,0,0.75,0.25,1,0,0,0,0.5,0.611111111111,-0.285714285714,-0.316227766017,-0.25,20,18,2,0,20,0,18,0,2,11,20,0.181818181818,3.04338842975,3.63636363636,2,2.5,1.68954001271,0.464623503495,0.245454545455,1.16774841624,0.642261628933,0.336363636364,1.94000937205,1.06700515463,0.536363636364,1.05689877454,0.347276990411,3.54545454545,3.04338842975,1.05689877454,3.54545454545,0.499047619048,0.4,8,0.0484848484848,0.255555555556,11,11,11,1,0,0.0909090909091,0.636363636364,0.272727272727,11,0.163636363636,3.13636363636,3.27272727273,1.8,2.25,1.7372915179,0.530839074915,0.272727272727,1.0269106361,0.627556499842,0.323232323232,1.85864075457,1.13583601668,0.545454545455,1.09815041931,0.350134916302,3.75,3.13636363636,1.09815041931,3.75,0.427619047619,0.3,5,0.030303030303,0.260740740741,11,11,11,1,0,0.0909090909091,0.636363636364,0.272727272727,11,19,0.172727272727,NaN,3.45454545455,1.72727272727,2.375,1.91643608626,0.554757814444,0.277511961722,0.904534033733,0.523677598477,0.258373205742,2.10194714924,1.21691677061,0.564593301435,NaN,NaN,NaN,NaN,NaN,NaN,0.427619047619,0.3,5,0.030303030303,0.301212121212,11,11,0,1,2,0,0.727272727273,0.272727272727,-1,-0.00909090909091,NaN,-0.181818181818,-0.272727272727,-0.125,0.226896073553,0.0901343109492,0.0320574162679,-0.263214382509,-0.118584030456,-0.077990430622,0.161937777188,0.149911615984,0.0282296650718,NaN,NaN,NaN,NaN,NaN,NaN,-0.0714285714286,-0.1,-3,-0.0181818181818,0.0456565656566,-0.0909090909091,0.0909090909091,0,18,1,2,89,0.9,0.988888888889,0.0111111111111,0.1,0.947368421053,0.9,0.923076923077,0.906956031802,0.888888888889,0.857142857143,1,2,0,0,0,0
3766,WLNM_dir_neg,0.75,0.416666666667,00:00:01,10,90,19,1179281668,threshold_sweep,0.4,0,0,0,0,1,2,3,0,0.75,0.25,1,0,0,0,0.5,0.611111111111,-0.285714285714,-0.316227766017,-0.25,20,18,2,0,20,0,18,0,2,11,20,0.181818181818,3.04338842975,3.63636363636,2,2.5,1.68954001271,0.464623503495,0.245454545455,1.16774841624,0.642261628933,0.336363636364,1.94000937205,1.06700515463,0.536363636364,1.05689877454,0.347276990411,3.54545454545,3.04338842975,1.05689877454,3.54545454545,0.499047619048,0.4,8,0.0484848484848,0.255555555556,11,11,11,1,0,0.0909090909091,0.636363636364,0.272727272727,11,0.163636363636,3.13636363636,3.27272727273,1.8,2.25,1.7372915179,0.530839074915,0.272727272727,1.0269106361,0.627556499842,0.323232323232,1.85864075457,1.13583601668,0.545454545455,1.09815041931,0.350134916302,3.75,3.13636363636,1.09815041931,3.75,0.427619047619,0.3,5,0.030303030303,0.260740740741,11,11,11,1,0,0.0909090909091,0.636363636364,0.272727272727,11,19,0.172727272727,NaN,3.45454545455,1.72727272727,2.375,1.91643608626,0.554757814444,0.277511961722,0.904534033733,0.523677598477,0.258373205742,2.10194714924,1.21691677061,0.564593301435,NaN,NaN,NaN,NaN,NaN,NaN,0.427619047619,0.3,5,0.030303030303,0.301212121212,11,11,0,1,2,0,0.727272727273,0.272727272727,-1,-0.00909090909091,NaN,-0.181818181818,-0.272727272727,-0.125,0.226896073553,0.0901343109492,0.0320574162679,-0.263214382509,-0.118584030456,-0.077990430622,0.161937777188,0.149911615984,0.0282296650718,NaN,NaN,NaN,NaN,NaN,NaN,-0.0714285714286,-0.1,-3,-0.0181818181818,0.0456565656566,-0.0909090909091,0.0909090909091,0,18,1,2,89,0.9,0.988888888889,0.0111111111111,0.1,0.947368421053,0.9,0.923076923077,0.906956031802,0.888888888889,0.857142857143,1,2,0,0,0,0
3767,WLNM_dir_neg,0.75,0.416666666667,00:00:01,10,90,19,1179281668,threshold_sweep,0.5,0,0,0,0,1,2,3,0,0.75,0.25,1,0,0,0,0.5,0.611111111111,-0.285714285714,-0.316227766017,-0.25,20,18,2,0,20,0,18,0,2,11,20,0.181818181818,3.04338842975,3.63636363636,2,2.5,1.68954001271,0.464623503495,0.245454545455,1.16774841624,0.642261628933,0.336363636364,1.94000937205,1.06700515463,0.536363636364,1.05689877454,0.347276990411,3.54545454545,3.04338842975,1.05689877454,3.54545454545,0.499047619048,0.4,8,0.0484848484848,0.255555555556,11,11,11,1,0,0.0909090909091,0.636363636364,0.272727272727,11,0.163636363636,3.13636363636,3.27272727273,1.8,2.25,1.7372915179,0.530839074915,0.272727272727,1.0269106361,0.627556499842,0.323232323232,1.85864075457,1.13583601668,0.545454545455,1.09815041931,0.350134916302,3.75,3.13636363636,1.09815041931,3.75,0.427619047619,0.3,5,0.030303030303,0.260740740741,11,11,11,1,0,0.0909090909091,0.636363636364,0.272727272727,11,19,0.172727272727,NaN,3.45454545455,1.72727272727,2.375,1.91643608626,0.554757814444,0.277511961722,0.904534033733,0.523677598477,0.258373205742,2.10194714924,1.21691677061,0.564593301435,NaN,NaN,NaN,NaN,NaN,NaN,0.427619047619,0.3,5,0.030303030303,0.301212121212,11,11,0,1,2,0,0.727272727273,0.272727272727,-1,-0.00909090909091,NaN,-0.181818181818,-0.272727272727,-0.125,0.226896073553,0.0901343109492,0.0320574162679,-0.263214382509,-0.118584030456,-0.077990430622,0.161937777188,0.149911615984,0.0282296650718,NaN,NaN,NaN,NaN,NaN,NaN,-0.0714285714286,-0.1,-3,-0.0181818181818,0.0456565656566,-0.0909090909091,0.0909090909091,0,18,1,2,89,0.9,0.988888888889,0.0111111111111,0.1,0.947368421053,0.9,0.923076923077,0.906956031802,0.888888888889,0.857142857143,1,2,0,0,0,0
3768,WLNM_dir_neg,0.75,0.416666666667,00:00:01,10,90,19,1179281668,threshold_sweep,0.6,0,0,0,0,1,2,3,0,0.75,0.25,1,0,0,0,0.5,0.611111111111,-0.285714285714,-0.316227766017,-0.25,20,18,2,0,20,0,18,0,2,11,20,0.181818181818,3.04338842975,3.63636363636,2,2.5,1.68954001271,0.464623503495,0.245454545455,1.16774841624,0.642261628933,0.336363636364,1.94000937205,1.06700515463,0.536363636364,1.05689877454,0.347276990411,3.54545454545,3.04338842975,1.05689877454,3.54545454545,0.499047619048,0.4,8,0.0484848484848,0.255555555556,11,11,11,1,0,0.0909090909091,0.636363636364,0.272727272727,11,0.163636363636,3.13636363636,3.27272727273,1.8,2.25,1.7372915179,0.530839074915,0.272727272727,1.0269106361,0.627556499842,0.323232323232,1.85864075457,1.13583601668,0.545454545455,1.09815041931,0.350134916302,3.75,3.13636363636,1.09815041931,3.75,0.427619047619,0.3,5,0.030303030303,0.260740740741,11,11,11,1,0,0.0909090909091,0.636363636364,0.272727272727,11,19,0.172727272727,NaN,3.45454545455,1.72727272727,2.375,1.91643608626,0.554757814444,0.277511961722,0.904534033733,0.523677598477,0.258373205742,2.10194714924,1.21691677061,0.564593301435,NaN,NaN,NaN,NaN,NaN,NaN,0.427619047619,0.3,5,0.030303030303,0.301212121212,11,11,0,1,2,0,0.727272727273,0.272727272727,-1,-0.00909090909091,NaN,-0.181818181818,-0.272727272727,-0.125,0.226896073553,0.0901343109492,0.0320574162679,-0.263214382509,-0.118584030456,-0.077990430622,0.161937777188,0.149911615984,0.0282296650718,NaN,NaN,NaN,NaN,NaN,NaN,-0.0714285714286,-0.1,-3,-0.0181818181818,0.0456565656566,-0.0909090909091,0.0909090909091,0,18,1,2,89,0.9,0.988888888889,0.0111111111111,0.1,0.947368421053,0.9,0.923076923077,0.906956031802,0.888888888889,0.857142857143,1,2,0,0,0,0
3769,WLNM_dir_neg,0.75,0.416666666667,00:00:01,10,90,19,1179281668,threshold_sweep,0.7,0,0,0,0,1,2,3,0,0.75,0.25,1,0,0,0,0.5,0.611111111111,-0.285714285714,-0.316227766017,-0.25,20,18,2,0,20,0,18,0,2,11,20,0.181818181818,3.04338842975,3.63636363636,2,2.5,1.68954001271,0.464623503495,0.245454545455,1.16774841624,0.642261628933,0.336363636364,1.94000937205,1.06700515463,0.536363636364,1.05689877454,0.347276990411,3.54545454545,3.04338842975,1.05689877454,3.54545454545,0.499047619048,0.4,8,0.0484848484848,0.255555555556,11,11,11,1,0,0.0909090909091,0.636363636364,0.272727272727,11,0.163636363636,3.13636363636,3.27272727273,1.8,2.25,1.7372915179,0.530839074915,0.272727272727,1.0269106361,0.627556499842,0.323232323232,1.85864075457,1.13583601668,0.545454545455,1.09815041931,0.350134916302,3.75,3.13636363636,1.09815041931,3.75,0.427619047619,0.3,5,0.030303030303,0.260740740741,11,11,11,1,0,0.0909090909091,0.636363636364,0.272727272727,11,19,0.172727272727,NaN,3.45454545455,1.72727272727,2.375,1.91643608626,0.554757814444,0.277511961722,0.904534033733,0.523677598477,0.258373205742,2.10194714924,1.21691677061,0.564593301435,NaN,NaN,NaN,NaN,NaN,NaN,0.427619047619,0.3,5,0.030303030303,0.301212121212,11,11,0,1,2,0,0.727272727273,0.272727272727,-1,-0.00909090909091,NaN,-0.181818181818,-0.272727272727,-0.125,0.226896073553,0.0901343109492,0.0320574162679,-0.263214382509,-0.118584030456,-0.077990430622,0.161937777188,0.149911615984,0.0282296650718,NaN,NaN,NaN,NaN,NaN,NaN,-0.0714285714286,-0.1,-3,-0.0181818181818,0.0456565656566,-0.0909090909091,0.0909090909091,0,18,1,2,89,0.9,0.988888888889,0.0111111111111,0.1,0.947368421053,0.9,0.923076923077,0.906956031802,0.888888888889,0.857142857143,1,2,0,0,0,0
3770,WLNM_dir_neg,0.75,0.416666666667,00:00:01,10,90,19,1179281668,threshold_sweep,0.8,0,0,0,0,1,2,3,0,0.75,0.25,1,0,0,0,0.5,0.611111111111,-0.285714285714,-0.316227766017,-0.25,20,18,2,0,20,0,18,0,2,11,20,0.181818181818,3.04338842975,3.63636363636,2,2.5,1.68954001271,0.464623503495,0.245454545455,1.16774841624,0.642261628933,0.336363636364,1.94000937205,1.06700515463,0.536363636364,1.05689877454,0.347276990411,3.54545454545,3.04338842975,1.05689877454,3.54545454545,0.499047619048,0.4,8,0.0484848484848,0.255555555556,11,11,11,1,0,0.0909090909091,0.636363636364,0.272727272727,11,0.163636363636,3.13636363636,3.27272727273,1.8,2.25,1.7372915179,0.530839074915,0.272727272727,1.0269106361,0.627556499842,0.323232323232,1.85864075457,1.13583601668,0.545454545455,1.09815041931,0.350134916302,3.75,3.13636363636,1.09815041931,3.75,0.427619047619,0.3,5,0.030303030303,0.260740740741,11,11,11,1,0,0.0909090909091,0.636363636364,0.272727272727,11,19,0.172727272727,NaN,3.45454545455,1.72727272727,2.375,1.91643608626,0.554757814444,0.277511961722,0.904534033733,0.523677598477,0.258373205742,2.10194714924,1.21691677061,0.564593301435,NaN,NaN,NaN,NaN,NaN,NaN,0.427619047619,0.3,5,0.030303030303,0.301212121212,11,11,0,1,2,0,0.727272727273,0.272727272727,-1,-0.00909090909091,NaN,-0.181818181818,-0.272727272727,-0.125,0.226896073553,0.0901343109492,0.0320574162679,-0.263214382509,-0.118584030456,-0.077990430622,0.161937777188,0.149911615984,0.0282296650718,NaN,NaN,NaN,NaN,NaN,NaN,-0.0714285714286,-0.1,-3,-0.0181818181818,0.0456565656566,-0.0909090909091,0.0909090909091,0,18,1,2,89,0.9,0.988888888889,0.0111111111111,0.1,0.947368421053,0.9,0.923076923077,0.906956031802,0.888888888889,0.857142857143,1,2,0,0,0,0
3771,WLNM_dir_neg,0.75,0.416666666667,00:00:01,10,90,19,1179281668,threshold_sweep,0.9,0,0,0,0,1,2,3,0,0.75,0.25,1,0,0,0,0.5,0.611111111111,-0.285714285714,-0.316227766017,-0.25,20,18,2,0,20,0,18,0,2,11,20,0.181818181818,3.04338842975,3.63636363636,2,2.5,1.68954001271,0.464623503495,0.245454545455,1.16774841624,0.642261628933,0.336363636364,1.94000937205,1.06700515463,0.536363636364,1.05689877454,0.347276990411,3.54545454545,3.04338842975,1.05689877454,3.54545454545,0.499047619048,0.4,8,0.0484848484848,0.255555555556,11,11,11,1,0,0.0909090909091,0.636363636364,0.272727272727,11,0.163636363636,3.13636363636,3.27272727273,1.8,2.25,1.7372915179,0.530839074915,0.272727272727,1.0269106361,0.627556499842,0.323232323232,1.85864075457,1.13583601668,0.545454545455,1.09815041931,0.350134916302,3.75,3.13636363636,1.09815041931,3.75,0.427619047619,0.3,5,0.030303030303,0.260740740741,11,11,11,1,0,0.0909090909091,0.636363636364,0.272727272727,11,19,0.172727272727,NaN,3.45454545455,1.72727272727,2.375,1.91643608626,0.554757814444,0.277511961722,0.904534033733,0.523677598477,0.258373205742,2.10194714924,1.21691677061,0.564593301435,NaN,NaN,NaN,NaN,NaN,NaN,0.427619047619,0.3,5,0.030303030303,0.301212121212,11,11,0,1,2,0,0.727272727273,0.272727272727,-1,-0.00909090909091,NaN,-0.181818181818,-0.272727272727,-0.125,0.226896073553,0.0901343109492,0.0320574162679,-0.263214382509,-0.118584030456,-0.077990430622,0.161937777188,0.149911615984,0.0282296650718,NaN,NaN,NaN,NaN,NaN,NaN,-0.0714285714286,-0.1,-3,-0.0181818181818,0.0456565656566,-0.0909090909091,0.0909090909091,0,18,1,2,89,0.9,0.988888888889,0.0111111111111,0.1,0.947368421053,0.9,0.923076923077,0.906956031802,0.888888888889,0.857142857143,1,2,0,0,0,0
3772,WLNM_dir_neg,1,0.5,00:00:00,10,90,20,1179281669,threshold_sweep,0.1,1,1,1,2,0,0,4,1,1,0,0,1,1,1,1,0.555555555556,1,1,1,20,18,2,0,20,0,18,0,2,11,20,0.181818181818,3.04338842975,3.63636363636,2,2.5,1.68954001271,0.464623503495,0.245454545455,1.16774841624,0.642261628933,0.336363636364,1.94000937205,1.06700515463,0.536363636364,1.05689877454,0.347276990411,3.54545454545,3.04338842975,1.05689877454,3.54545454545,0.499047619048,0.4,8,0.0484848484848,0.255555555556,11,11,11,1,0,0.0909090909091,0.636363636364,0.272727272727,11,0.163636363636,3.11060606061,3.27272727273,1.8,2.25,1.67874411933,0.512949592017,0.262626262626,0.924416277737,0.564921058617,0.292929292929,1.91168654715,1.16825288992,0.555555555556,1.16595865963,0.374833275867,3.93333333333,3.11060606061,1.16595865963,3.93333333333,0.565714285714,0.36,6,0.0363636363636,0.245185185185,11,11,11,1,0,0.0909090909091,0.636363636364,0.272727272727,11,20,0.181818181818,3.04338842975,3.63636363636,2,2.5,1.68954001271,0.464623503495,0.245454545455,1.16774841624,0.642261628933,0.336363636364,1.94000937205,1.06700515463,0.536363636364,1.05689877454,0.347276990411,3.54545454545,3.04338842975,1.05689877454,3.54545454545,0.499047619048,0.4,8,0.0484848484848,0.255555555556,11,11,11,1,0,0.0909090909091,0.636363636364,0.272727272727,0,0,0,0,0,0,0,0,0,0,0,0,0,0,0,0,0,0,0,0,0,0,0,0,0,0,0,0,0,20,0,0,90,1,1,0,0,1,1,1,1,1,1,2,2,0,0,0,0
3773,WLNM_dir_neg,1,0.5,00:00:00,10,90,20,1179281669,threshold_sweep,0.2,1,1,1,2,0,0,4,1,1,0,0,1,1,1,1,0.555555555556,1,1,1,20,18,2,0,20,0,18,0,2,11,20,0.181818181818,3.04338842975,3.63636363636,2,2.5,1.68954001271,0.464623503495,0.245454545455,1.16774841624,0.642261628933,0.336363636364,1.94000937205,1.06700515463,0.536363636364,1.05689877454,0.347276990411,3.54545454545,3.04338842975,1.05689877454,3.54545454545,0.499047619048,0.4,8,0.0484848484848,0.255555555556,11,11,11,1,0,0.0909090909091,0.636363636364,0.272727272727,11,0.163636363636,3.11060606061,3.27272727273,1.8,2.25,1.67874411933,0.512949592017,0.262626262626,0.924416277737,0.564921058617,0.292929292929,1.91168654715,1.16825288992,0.555555555556,1.16595865963,0.374833275867,3.93333333333,3.11060606061,1.16595865963,3.93333333333,0.565714285714,0.36,6,0.0363636363636,0.245185185185,11,11,11,1,0,0.0909090909091,0.636363636364,0.272727272727,11,20,0.181818181818,3.04338842975,3.63636363636,2,2.5,1.68954001271,0.464623503495,0.245454545455,1.16774841624,0.642261628933,0.336363636364,1.94000937205,1.06700515463,0.536363636364,1.05689877454,0.347276990411,3.54545454545,3.04338842975,1.05689877454,3.54545454545,0.499047619048,0.4,8,0.0484848484848,0.255555555556,11,11,11,1,0,0.0909090909091,0.636363636364,0.272727272727,0,0,0,0,0,0,0,0,0,0,0,0,0,0,0,0,0,0,0,0,0,0,0,0,0,0,0,0,0,20,0,0,90,1,1,0,0,1,1,1,1,1,1,2,2,0,0,0,0
3774,WLNM_dir_neg,1,0.5,00:00:00,10,90,20,1179281669,threshold_sweep,0.3,1,1,1,2,0,0,4,1,1,0,0,1,1,1,1,0.555555555556,1,1,1,20,18,2,0,20,0,18,0,2,11,20,0.181818181818,3.04338842975,3.63636363636,2,2.5,1.68954001271,0.464623503495,0.245454545455,1.16774841624,0.642261628933,0.336363636364,1.94000937205,1.06700515463,0.536363636364,1.05689877454,0.347276990411,3.54545454545,3.04338842975,1.05689877454,3.54545454545,0.499047619048,0.4,8,0.0484848484848,0.255555555556,11,11,11,1,0,0.0909090909091,0.636363636364,0.272727272727,11,0.163636363636,3.11060606061,3.27272727273,1.8,2.25,1.67874411933,0.512949592017,0.262626262626,0.924416277737,0.564921058617,0.292929292929,1.91168654715,1.16825288992,0.555555555556,1.16595865963,0.374833275867,3.93333333333,3.11060606061,1.16595865963,3.93333333333,0.565714285714,0.36,6,0.0363636363636,0.245185185185,11,11,11,1,0,0.0909090909091,0.636363636364,0.272727272727,11,20,0.181818181818,3.04338842975,3.63636363636,2,2.5,1.68954001271,0.464623503495,0.245454545455,1.16774841624,0.642261628933,0.336363636364,1.94000937205,1.06700515463,0.536363636364,1.05689877454,0.347276990411,3.54545454545,3.04338842975,1.05689877454,3.54545454545,0.499047619048,0.4,8,0.0484848484848,0.255555555556,11,11,11,1,0,0.0909090909091,0.636363636364,0.272727272727,0,0,0,0,0,0,0,0,0,0,0,0,0,0,0,0,0,0,0,0,0,0,0,0,0,0,0,0,0,20,0,0,90,1,1,0,0,1,1,1,1,1,1,2,2,0,0,0,0
3775,WLNM_dir_neg,1,0.5,00:00:00,10,90,20,1179281669,threshold_sweep,0.4,1,0.5,0.666666666667,1,0,1,4,0.5,1,0,0.5,1,0.5,0.666666666667,0.833333333333,0.611111111111,0.571428571429,0.632455532034,0.5,20,18,2,0,20,0,18,0,2,11,20,0.181818181818,3.04338842975,3.63636363636,2,2.5,1.68954001271,0.464623503495,0.245454545455,1.16774841624,0.642261628933,0.336363636364,1.94000937205,1.06700515463,0.536363636364,1.05689877454,0.347276990411,3.54545454545,3.04338842975,1.05689877454,3.54545454545,0.499047619048,0.4,8,0.0484848484848,0.255555555556,11,11,11,1,0,0.0909090909091,0.636363636364,0.272727272727,11,0.163636363636,3.11060606061,3.27272727273,1.8,2.25,1.67874411933,0.512949592017,0.262626262626,0.924416277737,0.564921058617,0.292929292929,1.91168654715,1.16825288992,0.555555555556,1.16595865963,0.374833275867,3.93333333333,3.11060606061,1.16595865963,3.93333333333,0.565714285714,0.36,6,0.0363636363636,0.245185185185,11,11,11,1,0,0.0909090909091,0.636363636364,0.272727272727,11,19,0.172727272727,3.06818181818,3.45454545455,1.9,2.375,1.63484778274,0.473245410793,0.244019138756,1.00904995822,0.584186817916,0.306220095694,1.90215189146,1.1012458319,0.545454545455,1.09659712407,0.357409433031,3.75,3.06818181818,1.09659712407,3.75,0.432380952381,0.333333333333,6,0.0363636363636,0.247777777778,11,11,11,1,0,0.0909090909091,0.636363636364,0.272727272727,-1,-0.00909090909091,0.0247933884298,-0.181818181818,-0.1,-0.125,-0.05469222997,0.00862190729789,-0.00143540669856,-0.158698458023,-0.058074811017,-0.0301435406699,-0.0378574805894,0.0342406772707,0.00909090909091,0.0396983495361,0.0101324426199,0.204545454545,0.0247933884298,0.0396983495361,0.204545454545,-0.0666666666667,-0.0666666666667,-2,-0.0121212121212,-0.00777777777778,0,0,0,19,0,1,90,0.95,1,0,0.05,1,0.95,0.974358974359,0.969309258988,0.95,0.95,1,2,0,0,0,0
3776,WLNM_dir_neg,1,0.5,00:00:00,10,90,20,1179281669,threshold_sweep,0.5,1,0.5,0.666666666667,1,0,1,4,0.5,1,0,0.5,1,0.5,0.666666666667,0.833333333333,0.611111111111,0.571428571429,0.632455532034,0.5,20,18,2,0,20,0,18,0,2,11,20,0.181818181818,3.04338842975,3.63636363636,2,2.5,1.68954001271,0.464623503495,0.245454545455,1.16774841624,0.642261628933,0.336363636364,1.94000937205,1.06700515463,0.536363636364,1.05689877454,0.347276990411,3.54545454545,3.04338842975,1.05689877454,3.54545454545,0.499047619048,0.4,8,0.0484848484848,0.255555555556,11,11,11,1,0,0.0909090909091,0.636363636364,0.272727272727,11,0.163636363636,3.11060606061,3.27272727273,1.8,2.25,1.67874411933,0.512949592017,0.262626262626,0.924416277737,0.564921058617,0.292929292929,1.91168654715,1.16825288992,0.555555555556,1.16595865963,0.374833275867,3.93333333333,3.11060606061,1.16595865963,3.93333333333,0.565714285714,0.36,6,0.0363636363636,0.245185185185,11,11,11,1,0,0.0909090909091,0.636363636364,0.272727272727,11,19,0.172727272727,3.06818181818,3.45454545455,1.9,2.375,1.63484778274,0.473245410793,0.244019138756,1.00904995822,0.584186817916,0.306220095694,1.90215189146,1.1012458319,0.545454545455,1.09659712407,0.357409433031,3.75,3.06818181818,1.09659712407,3.75,0.432380952381,0.333333333333,6,0.0363636363636,0.247777777778,11,11,11,1,0,0.0909090909091,0.636363636364,0.272727272727,-1,-0.00909090909091,0.0247933884298,-0.181818181818,-0.1,-0.125,-0.05469222997,0.00862190729789,-0.00143540669856,-0.158698458023,-0.058074811017,-0.0301435406699,-0.0378574805894,0.0342406772707,0.00909090909091,0.0396983495361,0.0101324426199,0.204545454545,0.0247933884298,0.0396983495361,0.204545454545,-0.0666666666667,-0.0666666666667,-2,-0.0121212121212,-0.00777777777778,0,0,0,19,0,1,90,0.95,1,0,0.05,1,0.95,0.974358974359,0.969309258988,0.95,0.95,1,2,0,0,0,0
3777,WLNM_dir_neg,1,0.5,00:00:00,10,90,20,1179281669,threshold_sweep,0.6,1,0.5,0.666666666667,1,0,1,4,0.5,1,0,0.5,1,0.5,0.666666666667,0.833333333333,0.611111111111,0.571428571429,0.632455532034,0.5,20,18,2,0,20,0,18,0,2,11,20,0.181818181818,3.04338842975,3.63636363636,2,2.5,1.68954001271,0.464623503495,0.245454545455,1.16774841624,0.642261628933,0.336363636364,1.94000937205,1.06700515463,0.536363636364,1.05689877454,0.347276990411,3.54545454545,3.04338842975,1.05689877454,3.54545454545,0.499047619048,0.4,8,0.0484848484848,0.255555555556,11,11,11,1,0,0.0909090909091,0.636363636364,0.272727272727,11,0.163636363636,3.11060606061,3.27272727273,1.8,2.25,1.67874411933,0.512949592017,0.262626262626,0.924416277737,0.564921058617,0.292929292929,1.91168654715,1.16825288992,0.555555555556,1.16595865963,0.374833275867,3.93333333333,3.11060606061,1.16595865963,3.93333333333,0.565714285714,0.36,6,0.0363636363636,0.245185185185,11,11,11,1,0,0.0909090909091,0.636363636364,0.272727272727,11,19,0.172727272727,3.06818181818,3.45454545455,1.9,2.375,1.63484778274,0.473245410793,0.244019138756,1.00904995822,0.584186817916,0.306220095694,1.90215189146,1.1012458319,0.545454545455,1.09659712407,0.357409433031,3.75,3.06818181818,1.09659712407,3.75,0.432380952381,0.333333333333,6,0.0363636363636,0.247777777778,11,11,11,1,0,0.0909090909091,0.636363636364,0.272727272727,-1,-0.00909090909091,0.0247933884298,-0.181818181818,-0.1,-0.125,-0.05469222997,0.00862190729789,-0.00143540669856,-0.158698458023,-0.058074811017,-0.0301435406699,-0.0378574805894,0.0342406772707,0.00909090909091,0.0396983495361,0.0101324426199,0.204545454545,0.0247933884298,0.0396983495361,0.204545454545,-0.0666666666667,-0.0666666666667,-2,-0.0121212121212,-0.00777777777778,0,0,0,19,0,1,90,0.95,1,0,0.05,1,0.95,0.974358974359,0.969309258988,0.95,0.95,1,2,0,0,0,0
3778,WLNM_dir_neg,1,0.5,00:00:00,10,90,20,1179281669,threshold_sweep,0.7,1,0.5,0.666666666667,1,0,1,4,0.5,1,0,0.5,1,0.5,0.666666666667,0.833333333333,0.611111111111,0.571428571429,0.632455532034,0.5,20,18,2,0,20,0,18,0,2,11,20,0.181818181818,3.04338842975,3.63636363636,2,2.5,1.68954001271,0.464623503495,0.245454545455,1.16774841624,0.642261628933,0.336363636364,1.94000937205,1.06700515463,0.536363636364,1.05689877454,0.347276990411,3.54545454545,3.04338842975,1.05689877454,3.54545454545,0.499047619048,0.4,8,0.0484848484848,0.255555555556,11,11,11,1,0,0.0909090909091,0.636363636364,0.272727272727,11,0.163636363636,3.11060606061,3.27272727273,1.8,2.25,1.67874411933,0.512949592017,0.262626262626,0.924416277737,0.564921058617,0.292929292929,1.91168654715,1.16825288992,0.555555555556,1.16595865963,0.374833275867,3.93333333333,3.11060606061,1.16595865963,3.93333333333,0.565714285714,0.36,6,0.0363636363636,0.245185185185,11,11,11,1,0,0.0909090909091,0.636363636364,0.272727272727,11,19,0.172727272727,3.06818181818,3.45454545455,1.9,2.375,1.63484778274,0.473245410793,0.244019138756,1.00904995822,0.584186817916,0.306220095694,1.90215189146,1.1012458319,0.545454545455,1.09659712407,0.357409433031,3.75,3.06818181818,1.09659712407,3.75,0.432380952381,0.333333333333,6,0.0363636363636,0.247777777778,11,11,11,1,0,0.0909090909091,0.636363636364,0.272727272727,-1,-0.00909090909091,0.0247933884298,-0.181818181818,-0.1,-0.125,-0.05469222997,0.00862190729789,-0.00143540669856,-0.158698458023,-0.058074811017,-0.0301435406699,-0.0378574805894,0.0342406772707,0.00909090909091,0.0396983495361,0.0101324426199,0.204545454545,0.0247933884298,0.0396983495361,0.204545454545,-0.0666666666667,-0.0666666666667,-2,-0.0121212121212,-0.00777777777778,0,0,0,19,0,1,90,0.95,1,0,0.05,1,0.95,0.974358974359,0.969309258988,0.95,0.95,1,2,0,0,0,0
3779,WLNM_dir_neg,1,0.5,00:00:00,10,90,20,1179281669,threshold_sweep,0.8,1,0.5,0.666666666667,1,0,1,4,0.5,1,0,0.5,1,0.5,0.666666666667,0.833333333333,0.611111111111,0.571428571429,0.632455532034,0.5,20,18,2,0,20,0,18,0,2,11,20,0.181818181818,3.04338842975,3.63636363636,2,2.5,1.68954001271,0.464623503495,0.245454545455,1.16774841624,0.642261628933,0.336363636364,1.94000937205,1.06700515463,0.536363636364,1.05689877454,0.347276990411,3.54545454545,3.04338842975,1.05689877454,3.54545454545,0.499047619048,0.4,8,0.0484848484848,0.255555555556,11,11,11,1,0,0.0909090909091,0.636363636364,0.272727272727,11,0.163636363636,3.11060606061,3.27272727273,1.8,2.25,1.67874411933,0.512949592017,0.262626262626,0.924416277737,0.564921058617,0.292929292929,1.91168654715,1.16825288992,0.555555555556,1.16595865963,0.374833275867,3.93333333333,3.11060606061,1.16595865963,3.93333333333,0.565714285714,0.36,6,0.0363636363636,0.245185185185,11,11,11,1,0,0.0909090909091,0.636363636364,0.272727272727,11,19,0.172727272727,3.06818181818,3.45454545455,1.9,2.375,1.63484778274,0.473245410793,0.244019138756,1.00904995822,0.584186817916,0.306220095694,1.90215189146,1.1012458319,0.545454545455,1.09659712407,0.357409433031,3.75,3.06818181818,1.09659712407,3.75,0.432380952381,0.333333333333,6,0.0363636363636,0.247777777778,11,11,11,1,0,0.0909090909091,0.636363636364,0.272727272727,-1,-0.00909090909091,0.0247933884298,-0.181818181818,-0.1,-0.125,-0.05469222997,0.00862190729789,-0.00143540669856,-0.158698458023,-0.058074811017,-0.0301435406699,-0.0378574805894,0.0342406772707,0.00909090909091,0.0396983495361,0.0101324426199,0.204545454545,0.0247933884298,0.0396983495361,0.204545454545,-0.0666666666667,-0.0666666666667,-2,-0.0121212121212,-0.00777777777778,0,0,0,19,0,1,90,0.95,1,0,0.05,1,0.95,0.974358974359,0.969309258988,0.95,0.95,1,2,0,0,0,0
3780,WLNM_dir_neg,1,0.5,00:00:00,10,90,20,1179281669,threshold_sweep,0.9,1,0.5,0.666666666667,1,0,1,4,0.5,1,0,0.5,1,0.5,0.666666666667,0.833333333333,0.611111111111,0.571428571429,0.632455532034,0.5,20,18,2,0,20,0,18,0,2,11,20,0.181818181818,3.04338842975,3.63636363636,2,2.5,1.68954001271,0.464623503495,0.245454545455,1.16774841624,0.642261628933,0.336363636364,1.94000937205,1.06700515463,0.536363636364,1.05689877454,0.347276990411,3.54545454545,3.04338842975,1.05689877454,3.54545454545,0.499047619048,0.4,8,0.0484848484848,0.255555555556,11,11,11,1,0,0.0909090909091,0.636363636364,0.272727272727,11,0.163636363636,3.11060606061,3.27272727273,1.8,2.25,1.67874411933,0.512949592017,0.262626262626,0.924416277737,0.564921058617,0.292929292929,1.91168654715,1.16825288992,0.555555555556,1.16595865963,0.374833275867,3.93333333333,3.11060606061,1.16595865963,3.93333333333,0.565714285714,0.36,6,0.0363636363636,0.245185185185,11,11,11,1,0,0.0909090909091,0.636363636364,0.272727272727,11,19,0.172727272727,3.06818181818,3.45454545455,1.9,2.375,1.63484778274,0.473245410793,0.244019138756,1.00904995822,0.584186817916,0.306220095694,1.90215189146,1.1012458319,0.545454545455,1.09659712407,0.357409433031,3.75,3.06818181818,1.09659712407,3.75,0.432380952381,0.333333333333,6,0.0363636363636,0.247777777778,11,11,11,1,0,0.0909090909091,0.636363636364,0.272727272727,-1,-0.00909090909091,0.0247933884298,-0.181818181818,-0.1,-0.125,-0.05469222997,0.00862190729789,-0.00143540669856,-0.158698458023,-0.058074811017,-0.0301435406699,-0.0378574805894,0.0342406772707,0.00909090909091,0.0396983495361,0.0101324426199,0.204545454545,0.0247933884298,0.0396983495361,0.204545454545,-0.0666666666667,-0.0666666666667,-2,-0.0121212121212,-0.00777777777778,0,0,0,19,0,1,90,0.95,1,0,0.05,1,0.95,0.974358974359,0.969309258988,0.95,0.95,1,2,0,0,0,0
3781,WLNM_dir_neg,0.75,0.416666666667,00:00:00,10,90,21,1179281670,threshold_sweep,0.1,0,0,0,0,1,2,3,0,0.75,0.25,1,0,0,0,0.5,0.611111111111,-0.285714285714,-0.316227766017,-0.25,20,18,2,0,20,0,18,0,2,11,20,0.181818181818,3.04338842975,3.63636363636,2,2.5,1.68954001271,0.464623503495,0.245454545455,1.16774841624,0.642261628933,0.336363636364,1.94000937205,1.06700515463,0.536363636364,1.05689877454,0.347276990411,3.54545454545,3.04338842975,1.05689877454,3.54545454545,0.499047619048,0.4,8,0.0484848484848,0.255555555556,11,11,11,1,0,0.0909090909091,0.636363636364,0.272727272727,11,0.163636363636,3.15289256198,3.27272727273,1.8,2.25,1.61807966991,0.494413232473,0.262626262626,1.12006493318,0.684484125834,0.343434343434,1.68954001271,1.03249667443,0.525252525253,1.0981337902,0.348294072384,3.63636363636,3.15289256198,1.0981337902,3.63636363636,0.46,0.31914893617,5,0.030303030303,0.241111111111,11,11,11,1,0,0.0909090909091,0.636363636364,0.272727272727,11,19,0.172727272727,NaN,3.45454545455,1.72727272727,2.375,1.63484778274,0.473245410793,0.253588516746,1.00904995822,0.584186817916,0.277511961722,1.7939291564,1.03859056423,0.526315789474,NaN,NaN,NaN,NaN,NaN,NaN,0.43,0.339622641509,6,0.0363636363636,0.21696969697,11,11,0,1,2,0,0.727272727273,0.272727272727,-1,-0.00909090909091,NaN,-0.181818181818,-0.272727272727,-0.125,-0.05469222997,0.00862190729789,0.00813397129187,-0.158698458023,-0.058074811017,-0.0588516746411,-0.146080215649,-0.0284145903952,-0.01004784689,NaN,NaN,NaN,NaN,NaN,NaN,-0.0690476190476,-0.0603773584906,-2,-0.0121212121212,-0.0385858585859,-0.0909090909091,0.0909090909091,0,18,1,2,89,0.9,0.988888888889,0.0111111111111,0.1,0.947368421053,0.9,0.923076923077,0.906956031802,0.888888888889,0.857142857143,1,2,0,0,0,0
3782,WLNM_dir_neg,0.75,0.416666666667,00:00:00,10,90,21,1179281670,threshold_sweep,0.2,0,0,0,0,1,2,3,0,0.75,0.25,1,0,0,0,0.5,0.611111111111,-0.285714285714,-0.316227766017,-0.25,20,18,2,0,20,0,18,0,2,11,20,0.181818181818,3.04338842975,3.63636363636,2,2.5,1.68954001271,0.464623503495,0.245454545455,1.16774841624,0.642261628933,0.336363636364,1.94000937205,1.06700515463,0.536363636364,1.05689877454,0.347276990411,3.54545454545,3.04338842975,1.05689877454,3.54545454545,0.499047619048,0.4,8,0.0484848484848,0.255555555556,11,11,11,1,0,0.0909090909091,0.636363636364,0.272727272727,11,0.163636363636,3.15289256198,3.27272727273,1.8,2.25,1.61807966991,0.494413232473,0.262626262626,1.12006493318,0.684484125834,0.343434343434,1.68954001271,1.03249667443,0.525252525253,1.0981337902,0.348294072384,3.63636363636,3.15289256198,1.0981337902,3.63636363636,0.46,0.31914893617,5,0.030303030303,0.241111111111,11,11,11,1,0,0.0909090909091,0.636363636364,0.272727272727,11,19,0.172727272727,NaN,3.45454545455,1.72727272727,2.375,1.63484778274,0.473245410793,0.253588516746,1.00904995822,0.584186817916,0.277511961722,1.7939291564,1.03859056423,0.526315789474,NaN,NaN,NaN,NaN,NaN,NaN,0.43,0.339622641509,6,0.0363636363636,0.21696969697,11,11,0,1,2,0,0.727272727273,0.272727272727,-1,-0.00909090909091,NaN,-0.181818181818,-0.272727272727,-0.125,-0.05469222997,0.00862190729789,0.00813397129187,-0.158698458023,-0.058074811017,-0.0588516746411,-0.146080215649,-0.0284145903952,-0.01004784689,NaN,NaN,NaN,NaN,NaN,NaN,-0.0690476190476,-0.0603773584906,-2,-0.0121212121212,-0.0385858585859,-0.0909090909091,0.0909090909091,0,18,1,2,89,0.9,0.988888888889,0.0111111111111,0.1,0.947368421053,0.9,0.923076923077,0.906956031802,0.888888888889,0.857142857143,1,2,0,0,0,0
3783,WLNM_dir_neg,0.75,0.416666666667,00:00:00,10,90,21,1179281670,threshold_sweep,0.3,0,0,0,0,1,2,3,0,0.75,0.25,1,0,0,0,0.5,0.611111111111,-0.285714285714,-0.316227766017,-0.25,20,18,2,0,20,0,18,0,2,11,20,0.181818181818,3.04338842975,3.63636363636,2,2.5,1.68954001271,0.464623503495,0.245454545455,1.16774841624,0.642261628933,0.336363636364,1.94000937205,1.06700515463,0.536363636364,1.05689877454,0.347276990411,3.54545454545,3.04338842975,1.05689877454,3.54545454545,0.499047619048,0.4,8,0.0484848484848,0.255555555556,11,11,11,1,0,0.0909090909091,0.636363636364,0.272727272727,11,0.163636363636,3.15289256198,3.27272727273,1.8,2.25,1.61807966991,0.494413232473,0.262626262626,1.12006493318,0.684484125834,0.343434343434,1.68954001271,1.03249667443,0.525252525253,1.0981337902,0.348294072384,3.63636363636,3.15289256198,1.0981337902,3.63636363636,0.46,0.31914893617,5,0.030303030303,0.241111111111,11,11,11,1,0,0.0909090909091,0.636363636364,0.272727272727,11,19,0.172727272727,NaN,3.45454545455,1.72727272727,2.375,1.63484778274,0.473245410793,0.253588516746,1.00904995822,0.584186817916,0.277511961722,1.7939291564,1.03859056423,0.526315789474,NaN,NaN,NaN,NaN,NaN,NaN,0.43,0.339622641509,6,0.0363636363636,0.21696969697,11,11,0,1,2,0,0.727272727273,0.272727272727,-1,-0.00909090909091,NaN,-0.181818181818,-0.272727272727,-0.125,-0.05469222997,0.00862190729789,0.00813397129187,-0.158698458023,-0.058074811017,-0.0588516746411,-0.146080215649,-0.0284145903952,-0.01004784689,NaN,NaN,NaN,NaN,NaN,NaN,-0.0690476190476,-0.0603773584906,-2,-0.0121212121212,-0.0385858585859,-0.0909090909091,0.0909090909091,0,18,1,2,89,0.9,0.988888888889,0.0111111111111,0.1,0.947368421053,0.9,0.923076923077,0.906956031802,0.888888888889,0.857142857143,1,2,0,0,0,0
3784,WLNM_dir_neg,0.75,0.416666666667,00:00:00,10,90,21,1179281670,threshold_sweep,0.4,0,0,0,0,1,2,3,0,0.75,0.25,1,0,0,0,0.5,0.611111111111,-0.285714285714,-0.316227766017,-0.25,20,18,2,0,20,0,18,0,2,11,20,0.181818181818,3.04338842975,3.63636363636,2,2.5,1.68954001271,0.464623503495,0.245454545455,1.16774841624,0.642261628933,0.336363636364,1.94000937205,1.06700515463,0.536363636364,1.05689877454,0.347276990411,3.54545454545,3.04338842975,1.05689877454,3.54545454545,0.499047619048,0.4,8,0.0484848484848,0.255555555556,11,11,11,1,0,0.0909090909091,0.636363636364,0.272727272727,11,0.163636363636,3.15289256198,3.27272727273,1.8,2.25,1.61807966991,0.494413232473,0.262626262626,1.12006493318,0.684484125834,0.343434343434,1.68954001271,1.03249667443,0.525252525253,1.0981337902,0.348294072384,3.63636363636,3.15289256198,1.0981337902,3.63636363636,0.46,0.31914893617,5,0.030303030303,0.241111111111,11,11,11,1,0,0.0909090909091,0.636363636364,0.272727272727,11,19,0.172727272727,NaN,3.45454545455,1.72727272727,2.375,1.63484778274,0.473245410793,0.253588516746,1.00904995822,0.584186817916,0.277511961722,1.7939291564,1.03859056423,0.526315789474,NaN,NaN,NaN,NaN,NaN,NaN,0.43,0.339622641509,6,0.0363636363636,0.21696969697,11,11,0,1,2,0,0.727272727273,0.272727272727,-1,-0.00909090909091,NaN,-0.181818181818,-0.272727272727,-0.125,-0.05469222997,0.00862190729789,0.00813397129187,-0.158698458023,-0.058074811017,-0.0588516746411,-0.146080215649,-0.0284145903952,-0.01004784689,NaN,NaN,NaN,NaN,NaN,NaN,-0.0690476190476,-0.0603773584906,-2,-0.0121212121212,-0.0385858585859,-0.0909090909091,0.0909090909091,0,18,1,2,89,0.9,0.988888888889,0.0111111111111,0.1,0.947368421053,0.9,0.923076923077,0.906956031802,0.888888888889,0.857142857143,1,2,0,0,0,0
3785,WLNM_dir_neg,0.75,0.416666666667,00:00:00,10,90,21,1179281670,threshold_sweep,0.5,0,0,0,0,1,2,3,0,0.75,0.25,1,0,0,0,0.5,0.611111111111,-0.285714285714,-0.316227766017,-0.25,20,18,2,0,20,0,18,0,2,11,20,0.181818181818,3.04338842975,3.63636363636,2,2.5,1.68954001271,0.464623503495,0.245454545455,1.16774841624,0.642261628933,0.336363636364,1.94000937205,1.06700515463,0.536363636364,1.05689877454,0.347276990411,3.54545454545,3.04338842975,1.05689877454,3.54545454545,0.499047619048,0.4,8,0.0484848484848,0.255555555556,11,11,11,1,0,0.0909090909091,0.636363636364,0.272727272727,11,0.163636363636,3.15289256198,3.27272727273,1.8,2.25,1.61807966991,0.494413232473,0.262626262626,1.12006493318,0.684484125834,0.343434343434,1.68954001271,1.03249667443,0.525252525253,1.0981337902,0.348294072384,3.63636363636,3.15289256198,1.0981337902,3.63636363636,0.46,0.31914893617,5,0.030303030303,0.241111111111,11,11,11,1,0,0.0909090909091,0.636363636364,0.272727272727,11,19,0.172727272727,NaN,3.45454545455,1.72727272727,2.375,1.63484778274,0.473245410793,0.253588516746,1.00904995822,0.584186817916,0.277511961722,1.7939291564,1.03859056423,0.526315789474,NaN,NaN,NaN,NaN,NaN,NaN,0.43,0.339622641509,6,0.0363636363636,0.21696969697,11,11,0,1,2,0,0.727272727273,0.272727272727,-1,-0.00909090909091,NaN,-0.181818181818,-0.272727272727,-0.125,-0.05469222997,0.00862190729789,0.00813397129187,-0.158698458023,-0.058074811017,-0.0588516746411,-0.146080215649,-0.0284145903952,-0.01004784689,NaN,NaN,NaN,NaN,NaN,NaN,-0.0690476190476,-0.0603773584906,-2,-0.0121212121212,-0.0385858585859,-0.0909090909091,0.0909090909091,0,18,1,2,89,0.9,0.988888888889,0.0111111111111,0.1,0.947368421053,0.9,0.923076923077,0.906956031802,0.888888888889,0.857142857143,1,2,0,0,0,0
3786,WLNM_dir_neg,0.75,0.416666666667,00:00:00,10,90,21,1179281670,threshold_sweep,0.6,0,0,0,0,1,2,3,0,0.75,0.25,1,0,0,0,0.5,0.611111111111,-0.285714285714,-0.316227766017,-0.25,20,18,2,0,20,0,18,0,2,11,20,0.181818181818,3.04338842975,3.63636363636,2,2.5,1.68954001271,0.464623503495,0.245454545455,1.16774841624,0.642261628933,0.336363636364,1.94000937205,1.06700515463,0.536363636364,1.05689877454,0.347276990411,3.54545454545,3.04338842975,1.05689877454,3.54545454545,0.499047619048,0.4,8,0.0484848484848,0.255555555556,11,11,11,1,0,0.0909090909091,0.636363636364,0.272727272727,11,0.163636363636,3.15289256198,3.27272727273,1.8,2.25,1.61807966991,0.494413232473,0.262626262626,1.12006493318,0.684484125834,0.343434343434,1.68954001271,1.03249667443,0.525252525253,1.0981337902,0.348294072384,3.63636363636,3.15289256198,1.0981337902,3.63636363636,0.46,0.31914893617,5,0.030303030303,0.241111111111,11,11,11,1,0,0.0909090909091,0.636363636364,0.272727272727,11,19,0.172727272727,NaN,3.45454545455,1.72727272727,2.375,1.63484778274,0.473245410793,0.253588516746,1.00904995822,0.584186817916,0.277511961722,1.7939291564,1.03859056423,0.526315789474,NaN,NaN,NaN,NaN,NaN,NaN,0.43,0.339622641509,6,0.0363636363636,0.21696969697,11,11,0,1,2,0,0.727272727273,0.272727272727,-1,-0.00909090909091,NaN,-0.181818181818,-0.272727272727,-0.125,-0.05469222997,0.00862190729789,0.00813397129187,-0.158698458023,-0.058074811017,-0.0588516746411,-0.146080215649,-0.0284145903952,-0.01004784689,NaN,NaN,NaN,NaN,NaN,NaN,-0.0690476190476,-0.0603773584906,-2,-0.0121212121212,-0.0385858585859,-0.0909090909091,0.0909090909091,0,18,1,2,89,0.9,0.988888888889,0.0111111111111,0.1,0.947368421053,0.9,0.923076923077,0.906956031802,0.888888888889,0.857142857143,1,2,0,0,0,0
3787,WLNM_dir_neg,0.75,0.416666666667,00:00:00,10,90,21,1179281670,threshold_sweep,0.7,0,0,0,0,1,2,3,0,0.75,0.25,1,0,0,0,0.5,0.611111111111,-0.285714285714,-0.316227766017,-0.25,20,18,2,0,20,0,18,0,2,11,20,0.181818181818,3.04338842975,3.63636363636,2,2.5,1.68954001271,0.464623503495,0.245454545455,1.16774841624,0.642261628933,0.336363636364,1.94000937205,1.06700515463,0.536363636364,1.05689877454,0.347276990411,3.54545454545,3.04338842975,1.05689877454,3.54545454545,0.499047619048,0.4,8,0.0484848484848,0.255555555556,11,11,11,1,0,0.0909090909091,0.636363636364,0.272727272727,11,0.163636363636,3.15289256198,3.27272727273,1.8,2.25,1.61807966991,0.494413232473,0.262626262626,1.12006493318,0.684484125834,0.343434343434,1.68954001271,1.03249667443,0.525252525253,1.0981337902,0.348294072384,3.63636363636,3.15289256198,1.0981337902,3.63636363636,0.46,0.31914893617,5,0.030303030303,0.241111111111,11,11,11,1,0,0.0909090909091,0.636363636364,0.272727272727,11,19,0.172727272727,NaN,3.45454545455,1.72727272727,2.375,1.63484778274,0.473245410793,0.253588516746,1.00904995822,0.584186817916,0.277511961722,1.7939291564,1.03859056423,0.526315789474,NaN,NaN,NaN,NaN,NaN,NaN,0.43,0.339622641509,6,0.0363636363636,0.21696969697,11,11,0,1,2,0,0.727272727273,0.272727272727,-1,-0.00909090909091,NaN,-0.181818181818,-0.272727272727,-0.125,-0.05469222997,0.00862190729789,0.00813397129187,-0.158698458023,-0.058074811017,-0.0588516746411,-0.146080215649,-0.0284145903952,-0.01004784689,NaN,NaN,NaN,NaN,NaN,NaN,-0.0690476190476,-0.0603773584906,-2,-0.0121212121212,-0.0385858585859,-0.0909090909091,0.0909090909091,0,18,1,2,89,0.9,0.988888888889,0.0111111111111,0.1,0.947368421053,0.9,0.923076923077,0.906956031802,0.888888888889,0.857142857143,1,2,0,0,0,0
3788,WLNM_dir_neg,0.75,0.416666666667,00:00:00,10,90,21,1179281670,threshold_sweep,0.8,0,0,0,0,1,2,3,0,0.75,0.25,1,0,0,0,0.5,0.611111111111,-0.285714285714,-0.316227766017,-0.25,20,18,2,0,20,0,18,0,2,11,20,0.181818181818,3.04338842975,3.63636363636,2,2.5,1.68954001271,0.464623503495,0.245454545455,1.16774841624,0.642261628933,0.336363636364,1.94000937205,1.06700515463,0.536363636364,1.05689877454,0.347276990411,3.54545454545,3.04338842975,1.05689877454,3.54545454545,0.499047619048,0.4,8,0.0484848484848,0.255555555556,11,11,11,1,0,0.0909090909091,0.636363636364,0.272727272727,11,0.163636363636,3.15289256198,3.27272727273,1.8,2.25,1.61807966991,0.494413232473,0.262626262626,1.12006493318,0.684484125834,0.343434343434,1.68954001271,1.03249667443,0.525252525253,1.0981337902,0.348294072384,3.63636363636,3.15289256198,1.0981337902,3.63636363636,0.46,0.31914893617,5,0.030303030303,0.241111111111,11,11,11,1,0,0.0909090909091,0.636363636364,0.272727272727,11,19,0.172727272727,NaN,3.45454545455,1.72727272727,2.375,1.63484778274,0.473245410793,0.253588516746,1.00904995822,0.584186817916,0.277511961722,1.7939291564,1.03859056423,0.526315789474,NaN,NaN,NaN,NaN,NaN,NaN,0.43,0.339622641509,6,0.0363636363636,0.21696969697,11,11,0,1,2,0,0.727272727273,0.272727272727,-1,-0.00909090909091,NaN,-0.181818181818,-0.272727272727,-0.125,-0.05469222997,0.00862190729789,0.00813397129187,-0.158698458023,-0.058074811017,-0.0588516746411,-0.146080215649,-0.0284145903952,-0.01004784689,NaN,NaN,NaN,NaN,NaN,NaN,-0.0690476190476,-0.0603773584906,-2,-0.0121212121212,-0.0385858585859,-0.0909090909091,0.0909090909091,0,18,1,2,89,0.9,0.988888888889,0.0111111111111,0.1,0.947368421053,0.9,0.923076923077,0.906956031802,0.888888888889,0.857142857143,1,2,0,0,0,0
3789,WLNM_dir_neg,0.75,0.416666666667,00:00:00,10,90,21,1179281670,threshold_sweep,0.9,0,0,0,0,1,2,3,0,0.75,0.25,1,0,0,0,0.5,0.611111111111,-0.285714285714,-0.316227766017,-0.25,20,18,2,0,20,0,18,0,2,11,20,0.181818181818,3.04338842975,3.63636363636,2,2.5,1.68954001271,0.464623503495,0.245454545455,1.16774841624,0.642261628933,0.336363636364,1.94000937205,1.06700515463,0.536363636364,1.05689877454,0.347276990411,3.54545454545,3.04338842975,1.05689877454,3.54545454545,0.499047619048,0.4,8,0.0484848484848,0.255555555556,11,11,11,1,0,0.0909090909091,0.636363636364,0.272727272727,11,0.163636363636,3.15289256198,3.27272727273,1.8,2.25,1.61807966991,0.494413232473,0.262626262626,1.12006493318,0.684484125834,0.343434343434,1.68954001271,1.03249667443,0.525252525253,1.0981337902,0.348294072384,3.63636363636,3.15289256198,1.0981337902,3.63636363636,0.46,0.31914893617,5,0.030303030303,0.241111111111,11,11,11,1,0,0.0909090909091,0.636363636364,0.272727272727,11,19,0.172727272727,NaN,3.45454545455,1.72727272727,2.375,1.63484778274,0.473245410793,0.253588516746,1.00904995822,0.584186817916,0.277511961722,1.7939291564,1.03859056423,0.526315789474,NaN,NaN,NaN,NaN,NaN,NaN,0.43,0.339622641509,6,0.0363636363636,0.21696969697,11,11,0,1,2,0,0.727272727273,0.272727272727,-1,-0.00909090909091,NaN,-0.181818181818,-0.272727272727,-0.125,-0.05469222997,0.00862190729789,0.00813397129187,-0.158698458023,-0.058074811017,-0.0588516746411,-0.146080215649,-0.0284145903952,-0.01004784689,NaN,NaN,NaN,NaN,NaN,NaN,-0.0690476190476,-0.0603773584906,-2,-0.0121212121212,-0.0385858585859,-0.0909090909091,0.0909090909091,0,18,1,2,89,0.9,0.988888888889,0.0111111111111,0.1,0.947368421053,0.9,0.923076923077,0.906956031802,0.888888888889,0.857142857143,1,2,0,0,0,0
3790,WLNM_dir_neg,0.75,0.208333333333,00:00:00,10,90,22,1179281671,threshold_sweep,0.1,0.5,0.5,0.5,1,1,1,3,0.5,0.75,0.25,0.5,0.5,0.5,0.5,0.666666666667,0.555555555556,0.25,0.25,0.25,20,18,2,0,20,0,18,0,2,11,20,0.181818181818,3.04338842975,3.63636363636,2,2.5,1.68954001271,0.464623503495,0.245454545455,1.16774841624,0.642261628933,0.336363636364,1.94000937205,1.06700515463,0.536363636364,1.05689877454,0.347276990411,3.54545454545,3.04338842975,1.05689877454,3.54545454545,0.499047619048,0.4,8,0.0484848484848,0.255555555556,11,11,11,1,0,0.0909090909091,0.636363636364,0.272727272727,11,0.163636363636,3.12012987013,3.27272727273,1.8,2.25,1.42062726223,0.434080552347,0.227272727273,1.0269106361,0.627556499842,0.30303030303,1.62927758671,0.995669636321,0.505050505051,1.15288820184,0.369500068851,3.85714285714,3.12012987013,1.15288820184,3.85714285714,0.48,0.333333333333,5,0.030303030303,0.212592592593,11,11,11,1,0,0.0909090909091,0.636363636364,0.272727272727,11,20,0.181818181818,NaN,3.63636363636,1.81818181818,2.5,1.50151438706,0.412916456441,0.218181818182,0.981649817214,0.539907399468,0.263636363636,1.72152152575,0.946836839165,0.5,NaN,NaN,NaN,NaN,NaN,NaN,0.466666666667,0.352941176471,6,0.0363636363636,0.197272727273,11,11,0,1,2,0,0.727272727273,0.272727272727,0,0,NaN,0,-0.181818181818,0,-0.18802562565,-0.0517070470538,-0.0272727272727,-0.186098599028,-0.102354229466,-0.0727272727273,-0.218487846294,-0.120168315462,-0.0363636363636,NaN,NaN,NaN,NaN,NaN,NaN,-0.032380952381,-0.0470588235294,-2,-0.0121212121212,-0.0582828282828,-0.0909090909091,0.0909090909091,0,19,1,1,89,0.95,0.988888888889,0.0111111111111,0.05,0.95,0.95,0.95,0.938888888889,0.938888888889,0.904761904762,2,2,0,0,0,0
3791,WLNM_dir_neg,0.75,0.208333333333,00:00:00,10,90,22,1179281671,threshold_sweep,0.2,0.5,0.5,0.5,1,1,1,3,0.5,0.75,0.25,0.5,0.5,0.5,0.5,0.666666666667,0.555555555556,0.25,0.25,0.25,20,18,2,0,20,0,18,0,2,11,20,0.181818181818,3.04338842975,3.63636363636,2,2.5,1.68954001271,0.464623503495,0.245454545455,1.16774841624,0.642261628933,0.336363636364,1.94000937205,1.06700515463,0.536363636364,1.05689877454,0.347276990411,3.54545454545,3.04338842975,1.05689877454,3.54545454545,0.499047619048,0.4,8,0.0484848484848,0.255555555556,11,11,11,1,0,0.0909090909091,0.636363636364,0.272727272727,11,0.163636363636,3.12012987013,3.27272727273,1.8,2.25,1.42062726223,0.434080552347,0.227272727273,1.0269106361,0.627556499842,0.30303030303,1.62927758671,0.995669636321,0.505050505051,1.15288820184,0.369500068851,3.85714285714,3.12012987013,1.15288820184,3.85714285714,0.48,0.333333333333,5,0.030303030303,0.212592592593,11,11,11,1,0,0.0909090909091,0.636363636364,0.272727272727,11,20,0.181818181818,NaN,3.63636363636,1.81818181818,2.5,1.50151438706,0.412916456441,0.218181818182,0.981649817214,0.539907399468,0.263636363636,1.72152152575,0.946836839165,0.5,NaN,NaN,NaN,NaN,NaN,NaN,0.466666666667,0.352941176471,6,0.0363636363636,0.197272727273,11,11,0,1,2,0,0.727272727273,0.272727272727,0,0,NaN,0,-0.181818181818,0,-0.18802562565,-0.0517070470538,-0.0272727272727,-0.186098599028,-0.102354229466,-0.0727272727273,-0.218487846294,-0.120168315462,-0.0363636363636,NaN,NaN,NaN,NaN,NaN,NaN,-0.032380952381,-0.0470588235294,-2,-0.0121212121212,-0.0582828282828,-0.0909090909091,0.0909090909091,0,19,1,1,89,0.95,0.988888888889,0.0111111111111,0.05,0.95,0.95,0.95,0.938888888889,0.938888888889,0.904761904762,2,2,0,0,0,0
3792,WLNM_dir_neg,0.75,0.208333333333,00:00:00,10,90,22,1179281671,threshold_sweep,0.3,0.5,0.5,0.5,1,1,1,3,0.5,0.75,0.25,0.5,0.5,0.5,0.5,0.666666666667,0.555555555556,0.25,0.25,0.25,20,18,2,0,20,0,18,0,2,11,20,0.181818181818,3.04338842975,3.63636363636,2,2.5,1.68954001271,0.464623503495,0.245454545455,1.16774841624,0.642261628933,0.336363636364,1.94000937205,1.06700515463,0.536363636364,1.05689877454,0.347276990411,3.54545454545,3.04338842975,1.05689877454,3.54545454545,0.499047619048,0.4,8,0.0484848484848,0.255555555556,11,11,11,1,0,0.0909090909091,0.636363636364,0.272727272727,11,0.163636363636,3.12012987013,3.27272727273,1.8,2.25,1.42062726223,0.434080552347,0.227272727273,1.0269106361,0.627556499842,0.30303030303,1.62927758671,0.995669636321,0.505050505051,1.15288820184,0.369500068851,3.85714285714,3.12012987013,1.15288820184,3.85714285714,0.48,0.333333333333,5,0.030303030303,0.212592592593,11,11,11,1,0,0.0909090909091,0.636363636364,0.272727272727,11,20,0.181818181818,NaN,3.63636363636,1.81818181818,2.5,1.50151438706,0.412916456441,0.218181818182,0.981649817214,0.539907399468,0.263636363636,1.72152152575,0.946836839165,0.5,NaN,NaN,NaN,NaN,NaN,NaN,0.466666666667,0.352941176471,6,0.0363636363636,0.197272727273,11,11,0,1,2,0,0.727272727273,0.272727272727,0,0,NaN,0,-0.181818181818,0,-0.18802562565,-0.0517070470538,-0.0272727272727,-0.186098599028,-0.102354229466,-0.0727272727273,-0.218487846294,-0.120168315462,-0.0363636363636,NaN,NaN,NaN,NaN,NaN,NaN,-0.032380952381,-0.0470588235294,-2,-0.0121212121212,-0.0582828282828,-0.0909090909091,0.0909090909091,0,19,1,1,89,0.95,0.988888888889,0.0111111111111,0.05,0.95,0.95,0.95,0.938888888889,0.938888888889,0.904761904762,2,2,0,0,0,0
3793,WLNM_dir_neg,0.75,0.208333333333,00:00:00,10,90,22,1179281671,threshold_sweep,0.4,1,0.5,0.666666666667,1,0,1,4,0.5,1,0,0.5,1,0.5,0.666666666667,0.833333333333,0.611111111111,0.571428571429,0.632455532034,0.5,20,18,2,0,20,0,18,0,2,11,20,0.181818181818,3.04338842975,3.63636363636,2,2.5,1.68954001271,0.464623503495,0.245454545455,1.16774841624,0.642261628933,0.336363636364,1.94000937205,1.06700515463,0.536363636364,1.05689877454,0.347276990411,3.54545454545,3.04338842975,1.05689877454,3.54545454545,0.499047619048,0.4,8,0.0484848484848,0.255555555556,11,11,11,1,0,0.0909090909091,0.636363636364,0.272727272727,11,0.163636363636,3.12012987013,3.27272727273,1.8,2.25,1.42062726223,0.434080552347,0.227272727273,1.0269106361,0.627556499842,0.30303030303,1.62927758671,0.995669636321,0.505050505051,1.15288820184,0.369500068851,3.85714285714,3.12012987013,1.15288820184,3.85714285714,0.48,0.333333333333,5,0.030303030303,0.212592592593,11,11,11,1,0,0.0909090909091,0.636363636364,0.272727272727,11,19,0.172727272727,3.0847107438,3.45454545455,1.9,2.375,1.50755672289,0.436397998731,0.234449760766,1.1037127426,0.638991587822,0.325358851675,1.7372915179,1.00580035247,0.516746411483,1.09771037579,0.355855205548,3.63636363636,3.0847107438,1.09771037579,3.63636363636,0.466666666667,0.352941176471,6,0.0363636363636,0.23,11,11,11,1,0,0.0909090909091,0.636363636364,0.272727272727,-1,-0.00909090909091,0.0413223140496,-0.181818181818,-0.1,-0.125,-0.18198328982,-0.0282255047641,-0.011004784689,-0.0640356736404,-0.0032700411111,-0.011004784689,-0.202717854144,-0.0612048021559,-0.0196172248804,0.0408116012549,0.00857821513672,0.0909090909091,0.0413223140496,0.0408116012549,0.0909090909091,-0.032380952381,-0.0470588235294,-2,-0.0121212121212,-0.0255555555556,0,0,0,19,0,1,90,0.95,1,0,0.05,1,0.95,0.974358974359,0.969309258988,0.95,0.95,1,2,0,0,0,0
3794,WLNM_dir_neg,0.75,0.208333333333,00:00:00,10,90,22,1179281671,threshold_sweep,0.5,1,0.5,0.666666666667,1,0,1,4,0.5,1,0,0.5,1,0.5,0.666666666667,0.833333333333,0.611111111111,0.571428571429,0.632455532034,0.5,20,18,2,0,20,0,18,0,2,11,20,0.181818181818,3.04338842975,3.63636363636,2,2.5,1.68954001271,0.464623503495,0.245454545455,1.16774841624,0.642261628933,0.336363636364,1.94000937205,1.06700515463,0.536363636364,1.05689877454,0.347276990411,3.54545454545,3.04338842975,1.05689877454,3.54545454545,0.499047619048,0.4,8,0.0484848484848,0.255555555556,11,11,11,1,0,0.0909090909091,0.636363636364,0.272727272727,11,0.163636363636,3.12012987013,3.27272727273,1.8,2.25,1.42062726223,0.434080552347,0.227272727273,1.0269106361,0.627556499842,0.30303030303,1.62927758671,0.995669636321,0.505050505051,1.15288820184,0.369500068851,3.85714285714,3.12012987013,1.15288820184,3.85714285714,0.48,0.333333333333,5,0.030303030303,0.212592592593,11,11,11,1,0,0.0909090909091,0.636363636364,0.272727272727,11,19,0.172727272727,3.0847107438,3.45454545455,1.9,2.375,1.50755672289,0.436397998731,0.234449760766,1.1037127426,0.638991587822,0.325358851675,1.7372915179,1.00580035247,0.516746411483,1.09771037579,0.355855205548,3.63636363636,3.0847107438,1.09771037579,3.63636363636,0.466666666667,0.352941176471,6,0.0363636363636,0.23,11,11,11,1,0,0.0909090909091,0.636363636364,0.272727272727,-1,-0.00909090909091,0.0413223140496,-0.181818181818,-0.1,-0.125,-0.18198328982,-0.0282255047641,-0.011004784689,-0.0640356736404,-0.0032700411111,-0.011004784689,-0.202717854144,-0.0612048021559,-0.0196172248804,0.0408116012549,0.00857821513672,0.0909090909091,0.0413223140496,0.0408116012549,0.0909090909091,-0.032380952381,-0.0470588235294,-2,-0.0121212121212,-0.0255555555556,0,0,0,19,0,1,90,0.95,1,0,0.05,1,0.95,0.974358974359,0.969309258988,0.95,0.95,1,2,0,0,0,0
3795,WLNM_dir_neg,0.75,0.208333333333,00:00:00,10,90,22,1179281671,threshold_sweep,0.6,1,0.5,0.666666666667,1,0,1,4,0.5,1,0,0.5,1,0.5,0.666666666667,0.833333333333,0.611111111111,0.571428571429,0.632455532034,0.5,20,18,2,0,20,0,18,0,2,11,20,0.181818181818,3.04338842975,3.63636363636,2,2.5,1.68954001271,0.464623503495,0.245454545455,1.16774841624,0.642261628933,0.336363636364,1.94000937205,1.06700515463,0.536363636364,1.05689877454,0.347276990411,3.54545454545,3.04338842975,1.05689877454,3.54545454545,0.499047619048,0.4,8,0.0484848484848,0.255555555556,11,11,11,1,0,0.0909090909091,0.636363636364,0.272727272727,11,0.163636363636,3.12012987013,3.27272727273,1.8,2.25,1.42062726223,0.434080552347,0.227272727273,1.0269106361,0.627556499842,0.30303030303,1.62927758671,0.995669636321,0.505050505051,1.15288820184,0.369500068851,3.85714285714,3.12012987013,1.15288820184,3.85714285714,0.48,0.333333333333,5,0.030303030303,0.212592592593,11,11,11,1,0,0.0909090909091,0.636363636364,0.272727272727,11,19,0.172727272727,3.0847107438,3.45454545455,1.9,2.375,1.50755672289,0.436397998731,0.234449760766,1.1037127426,0.638991587822,0.325358851675,1.7372915179,1.00580035247,0.516746411483,1.09771037579,0.355855205548,3.63636363636,3.0847107438,1.09771037579,3.63636363636,0.466666666667,0.352941176471,6,0.0363636363636,0.23,11,11,11,1,0,0.0909090909091,0.636363636364,0.272727272727,-1,-0.00909090909091,0.0413223140496,-0.181818181818,-0.1,-0.125,-0.18198328982,-0.0282255047641,-0.011004784689,-0.0640356736404,-0.0032700411111,-0.011004784689,-0.202717854144,-0.0612048021559,-0.0196172248804,0.0408116012549,0.00857821513672,0.0909090909091,0.0413223140496,0.0408116012549,0.0909090909091,-0.032380952381,-0.0470588235294,-2,-0.0121212121212,-0.0255555555556,0,0,0,19,0,1,90,0.95,1,0,0.05,1,0.95,0.974358974359,0.969309258988,0.95,0.95,1,2,0,0,0,0
3796,WLNM_dir_neg,0.75,0.208333333333,00:00:00,10,90,22,1179281671,threshold_sweep,0.7,1,0.5,0.666666666667,1,0,1,4,0.5,1,0,0.5,1,0.5,0.666666666667,0.833333333333,0.611111111111,0.571428571429,0.632455532034,0.5,20,18,2,0,20,0,18,0,2,11,20,0.181818181818,3.04338842975,3.63636363636,2,2.5,1.68954001271,0.464623503495,0.245454545455,1.16774841624,0.642261628933,0.336363636364,1.94000937205,1.06700515463,0.536363636364,1.05689877454,0.347276990411,3.54545454545,3.04338842975,1.05689877454,3.54545454545,0.499047619048,0.4,8,0.0484848484848,0.255555555556,11,11,11,1,0,0.0909090909091,0.636363636364,0.272727272727,11,0.163636363636,3.12012987013,3.27272727273,1.8,2.25,1.42062726223,0.434080552347,0.227272727273,1.0269106361,0.627556499842,0.30303030303,1.62927758671,0.995669636321,0.505050505051,1.15288820184,0.369500068851,3.85714285714,3.12012987013,1.15288820184,3.85714285714,0.48,0.333333333333,5,0.030303030303,0.212592592593,11,11,11,1,0,0.0909090909091,0.636363636364,0.272727272727,11,19,0.172727272727,3.0847107438,3.45454545455,1.9,2.375,1.50755672289,0.436397998731,0.234449760766,1.1037127426,0.638991587822,0.325358851675,1.7372915179,1.00580035247,0.516746411483,1.09771037579,0.355855205548,3.63636363636,3.0847107438,1.09771037579,3.63636363636,0.466666666667,0.352941176471,6,0.0363636363636,0.23,11,11,11,1,0,0.0909090909091,0.636363636364,0.272727272727,-1,-0.00909090909091,0.0413223140496,-0.181818181818,-0.1,-0.125,-0.18198328982,-0.0282255047641,-0.011004784689,-0.0640356736404,-0.0032700411111,-0.011004784689,-0.202717854144,-0.0612048021559,-0.0196172248804,0.0408116012549,0.00857821513672,0.0909090909091,0.0413223140496,0.0408116012549,0.0909090909091,-0.032380952381,-0.0470588235294,-2,-0.0121212121212,-0.0255555555556,0,0,0,19,0,1,90,0.95,1,0,0.05,1,0.95,0.974358974359,0.969309258988,0.95,0.95,1,2,0,0,0,0
3797,WLNM_dir_neg,0.75,0.208333333333,00:00:00,10,90,22,1179281671,threshold_sweep,0.8,1,0.5,0.666666666667,1,0,1,4,0.5,1,0,0.5,1,0.5,0.666666666667,0.833333333333,0.611111111111,0.571428571429,0.632455532034,0.5,20,18,2,0,20,0,18,0,2,11,20,0.181818181818,3.04338842975,3.63636363636,2,2.5,1.68954001271,0.464623503495,0.245454545455,1.16774841624,0.642261628933,0.336363636364,1.94000937205,1.06700515463,0.536363636364,1.05689877454,0.347276990411,3.54545454545,3.04338842975,1.05689877454,3.54545454545,0.499047619048,0.4,8,0.0484848484848,0.255555555556,11,11,11,1,0,0.0909090909091,0.636363636364,0.272727272727,11,0.163636363636,3.12012987013,3.27272727273,1.8,2.25,1.42062726223,0.434080552347,0.227272727273,1.0269106361,0.627556499842,0.30303030303,1.62927758671,0.995669636321,0.505050505051,1.15288820184,0.369500068851,3.85714285714,3.12012987013,1.15288820184,3.85714285714,0.48,0.333333333333,5,0.030303030303,0.212592592593,11,11,11,1,0,0.0909090909091,0.636363636364,0.272727272727,11,19,0.172727272727,3.0847107438,3.45454545455,1.9,2.375,1.50755672289,0.436397998731,0.234449760766,1.1037127426,0.638991587822,0.325358851675,1.7372915179,1.00580035247,0.516746411483,1.09771037579,0.355855205548,3.63636363636,3.0847107438,1.09771037579,3.63636363636,0.466666666667,0.352941176471,6,0.0363636363636,0.23,11,11,11,1,0,0.0909090909091,0.636363636364,0.272727272727,-1,-0.00909090909091,0.0413223140496,-0.181818181818,-0.1,-0.125,-0.18198328982,-0.0282255047641,-0.011004784689,-0.0640356736404,-0.0032700411111,-0.011004784689,-0.202717854144,-0.0612048021559,-0.0196172248804,0.0408116012549,0.00857821513672,0.0909090909091,0.0413223140496,0.0408116012549,0.0909090909091,-0.032380952381,-0.0470588235294,-2,-0.0121212121212,-0.0255555555556,0,0,0,19,0,1,90,0.95,1,0,0.05,1,0.95,0.974358974359,0.969309258988,0.95,0.95,1,2,0,0,0,0
3798,WLNM_dir_neg,0.75,0.208333333333,00:00:00,10,90,22,1179281671,threshold_sweep,0.9,1,0.5,0.666666666667,1,0,1,4,0.5,1,0,0.5,1,0.5,0.666666666667,0.833333333333,0.611111111111,0.571428571429,0.632455532034,0.5,20,18,2,0,20,0,18,0,2,11,20,0.181818181818,3.04338842975,3.63636363636,2,2.5,1.68954001271,0.464623503495,0.245454545455,1.16774841624,0.642261628933,0.336363636364,1.94000937205,1.06700515463,0.536363636364,1.05689877454,0.347276990411,3.54545454545,3.04338842975,1.05689877454,3.54545454545,0.499047619048,0.4,8,0.0484848484848,0.255555555556,11,11,11,1,0,0.0909090909091,0.636363636364,0.272727272727,11,0.163636363636,3.12012987013,3.27272727273,1.8,2.25,1.42062726223,0.434080552347,0.227272727273,1.0269106361,0.627556499842,0.30303030303,1.62927758671,0.995669636321,0.505050505051,1.15288820184,0.369500068851,3.85714285714,3.12012987013,1.15288820184,3.85714285714,0.48,0.333333333333,5,0.030303030303,0.212592592593,11,11,11,1,0,0.0909090909091,0.636363636364,0.272727272727,11,19,0.172727272727,3.0847107438,3.45454545455,1.9,2.375,1.50755672289,0.436397998731,0.234449760766,1.1037127426,0.638991587822,0.325358851675,1.7372915179,1.00580035247,0.516746411483,1.09771037579,0.355855205548,3.63636363636,3.0847107438,1.09771037579,3.63636363636,0.466666666667,0.352941176471,6,0.0363636363636,0.23,11,11,11,1,0,0.0909090909091,0.636363636364,0.272727272727,-1,-0.00909090909091,0.0413223140496,-0.181818181818,-0.1,-0.125,-0.18198328982,-0.0282255047641,-0.011004784689,-0.0640356736404,-0.0032700411111,-0.011004784689,-0.202717854144,-0.0612048021559,-0.0196172248804,0.0408116012549,0.00857821513672,0.0909090909091,0.0413223140496,0.0408116012549,0.0909090909091,-0.032380952381,-0.0470588235294,-2,-0.0121212121212,-0.0255555555556,0,0,0,19,0,1,90,0.95,1,0,0.05,1,0.95,0.974358974359,0.969309258988,0.95,0.95,1,2,0,0,0,0
3799,WLNM_dir_neg,0.5,0.2875,00:00:00,10,90,23,1179281672,threshold_sweep,0.1,0.5,0.5,0.5,1,1,1,3,0.5,0.75,0.25,0.5,0.5,0.5,0.5,0.666666666667,0.555555555556,0.25,0.25,0.25,20,18,2,0,20,0,18,0,2,11,20,0.181818181818,3.04338842975,3.63636363636,2,2.5,1.68954001271,0.464623503495,0.245454545455,1.16774841624,0.642261628933,0.336363636364,1.94000937205,1.06700515463,0.536363636364,1.05689877454,0.347276990411,3.54545454545,3.04338842975,1.05689877454,3.54545454545,0.499047619048,0.4,8,0.0484848484848,0.255555555556,11,11,11,1,0,0.0909090909091,0.636363636364,0.272727272727,11,0.163636363636,3.13016528926,3.27272727273,1.8,2.25,1.67874411933,0.512949592017,0.277777777778,1.12006493318,0.684484125834,0.343434343434,1.68954001271,1.03249667443,0.525252525253,1.08130674069,0.345447169964,3.63636363636,3.13016528926,1.08130674069,3.63636363636,0.437037037037,0.3125,5,0.030303030303,0.241111111111,11,11,11,1,0,0.0909090909091,0.636363636364,0.272727272727,11,20,0.181818181818,NaN,3.63636363636,1.81818181818,2.5,1.68954001271,0.464623503495,0.245454545455,0.981649817214,0.539907399468,0.263636363636,1.94000937205,1.06700515463,0.536363636364,NaN,NaN,NaN,NaN,NaN,NaN,0.466666666667,0.352941176471,6,0.0363636363636,0.260909090909,11,11,0,1,2,0,0.727272727273,0.272727272727,0,0,NaN,0,-0.181818181818,0,0,0,0,-0.186098599028,-0.102354229466,-0.0727272727273,0,0,0,NaN,NaN,NaN,NaN,NaN,NaN,-0.032380952381,-0.0470588235294,-2,-0.0121212121212,0.00535353535354,-0.0909090909091,0.0909090909091,0,19,1,1,89,0.95,0.988888888889,0.0111111111111,0.05,0.95,0.95,0.95,0.938888888889,0.938888888889,0.904761904762,2,2,0,0,0,0
3800,WLNM_dir_neg,0.5,0.2875,00:00:00,10,90,23,1179281672,threshold_sweep,0.2,0.5,0.5,0.5,1,1,1,3,0.5,0.75,0.25,0.5,0.5,0.5,0.5,0.666666666667,0.555555555556,0.25,0.25,0.25,20,18,2,0,20,0,18,0,2,11,20,0.181818181818,3.04338842975,3.63636363636,2,2.5,1.68954001271,0.464623503495,0.245454545455,1.16774841624,0.642261628933,0.336363636364,1.94000937205,1.06700515463,0.536363636364,1.05689877454,0.347276990411,3.54545454545,3.04338842975,1.05689877454,3.54545454545,0.499047619048,0.4,8,0.0484848484848,0.255555555556,11,11,11,1,0,0.0909090909091,0.636363636364,0.272727272727,11,0.163636363636,3.13016528926,3.27272727273,1.8,2.25,1.67874411933,0.512949592017,0.277777777778,1.12006493318,0.684484125834,0.343434343434,1.68954001271,1.03249667443,0.525252525253,1.08130674069,0.345447169964,3.63636363636,3.13016528926,1.08130674069,3.63636363636,0.437037037037,0.3125,5,0.030303030303,0.241111111111,11,11,11,1,0,0.0909090909091,0.636363636364,0.272727272727,11,20,0.181818181818,NaN,3.63636363636,1.81818181818,2.5,1.68954001271,0.464623503495,0.245454545455,0.981649817214,0.539907399468,0.263636363636,1.94000937205,1.06700515463,0.536363636364,NaN,NaN,NaN,NaN,NaN,NaN,0.466666666667,0.352941176471,6,0.0363636363636,0.260909090909,11,11,0,1,2,0,0.727272727273,0.272727272727,0,0,NaN,0,-0.181818181818,0,0,0,0,-0.186098599028,-0.102354229466,-0.0727272727273,0,0,0,NaN,NaN,NaN,NaN,NaN,NaN,-0.032380952381,-0.0470588235294,-2,-0.0121212121212,0.00535353535354,-0.0909090909091,0.0909090909091,0,19,1,1,89,0.95,0.988888888889,0.0111111111111,0.05,0.95,0.95,0.95,0.938888888889,0.938888888889,0.904761904762,2,2,0,0,0,0
3801,WLNM_dir_neg,0.5,0.2875,00:00:00,10,90,23,1179281672,threshold_sweep,0.3,0.5,0.5,0.5,1,1,1,3,0.5,0.75,0.25,0.5,0.5,0.5,0.5,0.666666666667,0.555555555556,0.25,0.25,0.25,20,18,2,0,20,0,18,0,2,11,20,0.181818181818,3.04338842975,3.63636363636,2,2.5,1.68954001271,0.464623503495,0.245454545455,1.16774841624,0.642261628933,0.336363636364,1.94000937205,1.06700515463,0.536363636364,1.05689877454,0.347276990411,3.54545454545,3.04338842975,1.05689877454,3.54545454545,0.499047619048,0.4,8,0.0484848484848,0.255555555556,11,11,11,1,0,0.0909090909091,0.636363636364,0.272727272727,11,0.163636363636,3.13016528926,3.27272727273,1.8,2.25,1.67874411933,0.512949592017,0.277777777778,1.12006493318,0.684484125834,0.343434343434,1.68954001271,1.03249667443,0.525252525253,1.08130674069,0.345447169964,3.63636363636,3.13016528926,1.08130674069,3.63636363636,0.437037037037,0.3125,5,0.030303030303,0.241111111111,11,11,11,1,0,0.0909090909091,0.636363636364,0.272727272727,11,20,0.181818181818,NaN,3.63636363636,1.81818181818,2.5,1.68954001271,0.464623503495,0.245454545455,0.981649817214,0.539907399468,0.263636363636,1.94000937205,1.06700515463,0.536363636364,NaN,NaN,NaN,NaN,NaN,NaN,0.466666666667,0.352941176471,6,0.0363636363636,0.260909090909,11,11,0,1,2,0,0.727272727273,0.272727272727,0,0,NaN,0,-0.181818181818,0,0,0,0,-0.186098599028,-0.102354229466,-0.0727272727273,0,0,0,NaN,NaN,NaN,NaN,NaN,NaN,-0.032380952381,-0.0470588235294,-2,-0.0121212121212,0.00535353535354,-0.0909090909091,0.0909090909091,0,19,1,1,89,0.95,0.988888888889,0.0111111111111,0.05,0.95,0.95,0.95,0.938888888889,0.938888888889,0.904761904762,2,2,0,0,0,0
3802,WLNM_dir_neg,0.5,0.2875,00:00:00,10,90,23,1179281672,threshold_sweep,0.4,0.5,0.5,0.5,1,1,1,3,0.5,0.75,0.25,0.5,0.5,0.5,0.5,0.666666666667,0.555555555556,0.25,0.25,0.25,20,18,2,0,20,0,18,0,2,11,20,0.181818181818,3.04338842975,3.63636363636,2,2.5,1.68954001271,0.464623503495,0.245454545455,1.16774841624,0.642261628933,0.336363636364,1.94000937205,1.06700515463,0.536363636364,1.05689877454,0.347276990411,3.54545454545,3.04338842975,1.05689877454,3.54545454545,0.499047619048,0.4,8,0.0484848484848,0.255555555556,11,11,11,1,0,0.0909090909091,0.636363636364,0.272727272727,11,0.163636363636,3.13016528926,3.27272727273,1.8,2.25,1.67874411933,0.512949592017,0.277777777778,1.12006493318,0.684484125834,0.343434343434,1.68954001271,1.03249667443,0.525252525253,1.08130674069,0.345447169964,3.63636363636,3.13016528926,1.08130674069,3.63636363636,0.437037037037,0.3125,5,0.030303030303,0.241111111111,11,11,11,1,0,0.0909090909091,0.636363636364,0.272727272727,11,20,0.181818181818,NaN,3.63636363636,1.81818181818,2.5,1.68954001271,0.464623503495,0.245454545455,0.981649817214,0.539907399468,0.263636363636,1.94000937205,1.06700515463,0.536363636364,NaN,NaN,NaN,NaN,NaN,NaN,0.466666666667,0.352941176471,6,0.0363636363636,0.260909090909,11,11,0,1,2,0,0.727272727273,0.272727272727,0,0,NaN,0,-0.181818181818,0,0,0,0,-0.186098599028,-0.102354229466,-0.0727272727273,0,0,0,NaN,NaN,NaN,NaN,NaN,NaN,-0.032380952381,-0.0470588235294,-2,-0.0121212121212,0.00535353535354,-0.0909090909091,0.0909090909091,0,19,1,1,89,0.95,0.988888888889,0.0111111111111,0.05,0.95,0.95,0.95,0.938888888889,0.938888888889,0.904761904762,2,2,0,0,0,0
3803,WLNM_dir_neg,0.5,0.2875,00:00:00,10,90,23,1179281672,threshold_sweep,0.5,0.5,0.5,0.5,1,1,1,3,0.5,0.75,0.25,0.5,0.5,0.5,0.5,0.666666666667,0.555555555556,0.25,0.25,0.25,20,18,2,0,20,0,18,0,2,11,20,0.181818181818,3.04338842975,3.63636363636,2,2.5,1.68954001271,0.464623503495,0.245454545455,1.16774841624,0.642261628933,0.336363636364,1.94000937205,1.06700515463,0.536363636364,1.05689877454,0.347276990411,3.54545454545,3.04338842975,1.05689877454,3.54545454545,0.499047619048,0.4,8,0.0484848484848,0.255555555556,11,11,11,1,0,0.0909090909091,0.636363636364,0.272727272727,11,0.163636363636,3.13016528926,3.27272727273,1.8,2.25,1.67874411933,0.512949592017,0.277777777778,1.12006493318,0.684484125834,0.343434343434,1.68954001271,1.03249667443,0.525252525253,1.08130674069,0.345447169964,3.63636363636,3.13016528926,1.08130674069,3.63636363636,0.437037037037,0.3125,5,0.030303030303,0.241111111111,11,11,11,1,0,0.0909090909091,0.636363636364,0.272727272727,11,20,0.181818181818,NaN,3.63636363636,1.81818181818,2.5,1.68954001271,0.464623503495,0.245454545455,0.981649817214,0.539907399468,0.263636363636,1.94000937205,1.06700515463,0.536363636364,NaN,NaN,NaN,NaN,NaN,NaN,0.466666666667,0.352941176471,6,0.0363636363636,0.260909090909,11,11,0,1,2,0,0.727272727273,0.272727272727,0,0,NaN,0,-0.181818181818,0,0,0,0,-0.186098599028,-0.102354229466,-0.0727272727273,0,0,0,NaN,NaN,NaN,NaN,NaN,NaN,-0.032380952381,-0.0470588235294,-2,-0.0121212121212,0.00535353535354,-0.0909090909091,0.0909090909091,0,19,1,1,89,0.95,0.988888888889,0.0111111111111,0.05,0.95,0.95,0.95,0.938888888889,0.938888888889,0.904761904762,2,2,0,0,0,0
3804,WLNM_dir_neg,0.5,0.2875,00:00:00,10,90,23,1179281672,threshold_sweep,0.6,0.5,0.5,0.5,1,1,1,3,0.5,0.75,0.25,0.5,0.5,0.5,0.5,0.666666666667,0.555555555556,0.25,0.25,0.25,20,18,2,0,20,0,18,0,2,11,20,0.181818181818,3.04338842975,3.63636363636,2,2.5,1.68954001271,0.464623503495,0.245454545455,1.16774841624,0.642261628933,0.336363636364,1.94000937205,1.06700515463,0.536363636364,1.05689877454,0.347276990411,3.54545454545,3.04338842975,1.05689877454,3.54545454545,0.499047619048,0.4,8,0.0484848484848,0.255555555556,11,11,11,1,0,0.0909090909091,0.636363636364,0.272727272727,11,0.163636363636,3.13016528926,3.27272727273,1.8,2.25,1.67874411933,0.512949592017,0.277777777778,1.12006493318,0.684484125834,0.343434343434,1.68954001271,1.03249667443,0.525252525253,1.08130674069,0.345447169964,3.63636363636,3.13016528926,1.08130674069,3.63636363636,0.437037037037,0.3125,5,0.030303030303,0.241111111111,11,11,11,1,0,0.0909090909091,0.636363636364,0.272727272727,11,20,0.181818181818,NaN,3.63636363636,1.81818181818,2.5,1.68954001271,0.464623503495,0.245454545455,0.981649817214,0.539907399468,0.263636363636,1.94000937205,1.06700515463,0.536363636364,NaN,NaN,NaN,NaN,NaN,NaN,0.466666666667,0.352941176471,6,0.0363636363636,0.260909090909,11,11,0,1,2,0,0.727272727273,0.272727272727,0,0,NaN,0,-0.181818181818,0,0,0,0,-0.186098599028,-0.102354229466,-0.0727272727273,0,0,0,NaN,NaN,NaN,NaN,NaN,NaN,-0.032380952381,-0.0470588235294,-2,-0.0121212121212,0.00535353535354,-0.0909090909091,0.0909090909091,0,19,1,1,89,0.95,0.988888888889,0.0111111111111,0.05,0.95,0.95,0.95,0.938888888889,0.938888888889,0.904761904762,2,2,0,0,0,0
3805,WLNM_dir_neg,0.5,0.2875,00:00:00,10,90,23,1179281672,threshold_sweep,0.7,0.5,0.5,0.5,1,1,1,3,0.5,0.75,0.25,0.5,0.5,0.5,0.5,0.666666666667,0.555555555556,0.25,0.25,0.25,20,18,2,0,20,0,18,0,2,11,20,0.181818181818,3.04338842975,3.63636363636,2,2.5,1.68954001271,0.464623503495,0.245454545455,1.16774841624,0.642261628933,0.336363636364,1.94000937205,1.06700515463,0.536363636364,1.05689877454,0.347276990411,3.54545454545,3.04338842975,1.05689877454,3.54545454545,0.499047619048,0.4,8,0.0484848484848,0.255555555556,11,11,11,1,0,0.0909090909091,0.636363636364,0.272727272727,11,0.163636363636,3.13016528926,3.27272727273,1.8,2.25,1.67874411933,0.512949592017,0.277777777778,1.12006493318,0.684484125834,0.343434343434,1.68954001271,1.03249667443,0.525252525253,1.08130674069,0.345447169964,3.63636363636,3.13016528926,1.08130674069,3.63636363636,0.437037037037,0.3125,5,0.030303030303,0.241111111111,11,11,11,1,0,0.0909090909091,0.636363636364,0.272727272727,11,20,0.181818181818,NaN,3.63636363636,1.81818181818,2.5,1.68954001271,0.464623503495,0.245454545455,0.981649817214,0.539907399468,0.263636363636,1.94000937205,1.06700515463,0.536363636364,NaN,NaN,NaN,NaN,NaN,NaN,0.466666666667,0.352941176471,6,0.0363636363636,0.260909090909,11,11,0,1,2,0,0.727272727273,0.272727272727,0,0,NaN,0,-0.181818181818,0,0,0,0,-0.186098599028,-0.102354229466,-0.0727272727273,0,0,0,NaN,NaN,NaN,NaN,NaN,NaN,-0.032380952381,-0.0470588235294,-2,-0.0121212121212,0.00535353535354,-0.0909090909091,0.0909090909091,0,19,1,1,89,0.95,0.988888888889,0.0111111111111,0.05,0.95,0.95,0.95,0.938888888889,0.938888888889,0.904761904762,2,2,0,0,0,0
3806,WLNM_dir_neg,0.5,0.2875,00:00:00,10,90,23,1179281672,threshold_sweep,0.8,0,0,0,0,1,2,3,0,0.75,0.25,1,0,0,0,0.5,0.611111111111,-0.285714285714,-0.316227766017,-0.25,20,18,2,0,20,0,18,0,2,11,20,0.181818181818,3.04338842975,3.63636363636,2,2.5,1.68954001271,0.464623503495,0.245454545455,1.16774841624,0.642261628933,0.336363636364,1.94000937205,1.06700515463,0.536363636364,1.05689877454,0.347276990411,3.54545454545,3.04338842975,1.05689877454,3.54545454545,0.499047619048,0.4,8,0.0484848484848,0.255555555556,11,11,11,1,0,0.0909090909091,0.636363636364,0.272727272727,11,0.163636363636,3.13016528926,3.27272727273,1.8,2.25,1.67874411933,0.512949592017,0.277777777778,1.12006493318,0.684484125834,0.343434343434,1.68954001271,1.03249667443,0.525252525253,1.08130674069,0.345447169964,3.63636363636,3.13016528926,1.08130674069,3.63636363636,0.437037037037,0.3125,5,0.030303030303,0.241111111111,11,11,11,1,0,0.0909090909091,0.636363636364,0.272727272727,11,19,0.172727272727,NaN,3.45454545455,1.72727272727,2.375,1.80906806747,0.523677598477,0.277511961722,1.00904995822,0.584186817916,0.277511961722,1.90215189146,1.1012458319,0.545454545455,NaN,NaN,NaN,NaN,NaN,NaN,0.437037037037,0.3125,5,0.030303030303,0.279090909091,11,11,0,1,2,0,0.727272727273,0.272727272727,-1,-0.00909090909091,NaN,-0.181818181818,-0.272727272727,-0.125,0.119528054757,0.0590540949821,0.0320574162679,-0.158698458023,-0.058074811017,-0.0588516746411,-0.0378574805894,0.0342406772707,0.00909090909091,NaN,NaN,NaN,NaN,NaN,NaN,-0.0620105820106,-0.0875,-3,-0.0181818181818,0.0235353535354,-0.0909090909091,0.0909090909091,0,18,1,2,89,0.9,0.988888888889,0.0111111111111,0.1,0.947368421053,0.9,0.923076923077,0.906956031802,0.888888888889,0.857142857143,1,2,0,0,0,0
3807,WLNM_dir_neg,0.5,0.2875,00:00:00,10,90,23,1179281672,threshold_sweep,0.9,0,0,0,0,1,2,3,0,0.75,0.25,1,0,0,0,0.5,0.611111111111,-0.285714285714,-0.316227766017,-0.25,20,18,2,0,20,0,18,0,2,11,20,0.181818181818,3.04338842975,3.63636363636,2,2.5,1.68954001271,0.464623503495,0.245454545455,1.16774841624,0.642261628933,0.336363636364,1.94000937205,1.06700515463,0.536363636364,1.05689877454,0.347276990411,3.54545454545,3.04338842975,1.05689877454,3.54545454545,0.499047619048,0.4,8,0.0484848484848,0.255555555556,11,11,11,1,0,0.0909090909091,0.636363636364,0.272727272727,11,0.163636363636,3.13016528926,3.27272727273,1.8,2.25,1.67874411933,0.512949592017,0.277777777778,1.12006493318,0.684484125834,0.343434343434,1.68954001271,1.03249667443,0.525252525253,1.08130674069,0.345447169964,3.63636363636,3.13016528926,1.08130674069,3.63636363636,0.437037037037,0.3125,5,0.030303030303,0.241111111111,11,11,11,1,0,0.0909090909091,0.636363636364,0.272727272727,11,19,0.172727272727,NaN,3.45454545455,1.72727272727,2.375,1.80906806747,0.523677598477,0.277511961722,1.00904995822,0.584186817916,0.277511961722,1.90215189146,1.1012458319,0.545454545455,NaN,NaN,NaN,NaN,NaN,NaN,0.437037037037,0.3125,5,0.030303030303,0.279090909091,11,11,0,1,2,0,0.727272727273,0.272727272727,-1,-0.00909090909091,NaN,-0.181818181818,-0.272727272727,-0.125,0.119528054757,0.0590540949821,0.0320574162679,-0.158698458023,-0.058074811017,-0.0588516746411,-0.0378574805894,0.0342406772707,0.00909090909091,NaN,NaN,NaN,NaN,NaN,NaN,-0.0620105820106,-0.0875,-3,-0.0181818181818,0.0235353535354,-0.0909090909091,0.0909090909091,0,18,1,2,89,0.9,0.988888888889,0.0111111111111,0.1,0.947368421053,0.9,0.923076923077,0.906956031802,0.888888888889,0.857142857143,1,2,0,0,0,0
3808,WLNM_dir_neg,0.875,0.291666666667,00:00:01,10,90,24,1179281673,threshold_sweep,0.1,1,0.5,0.666666666667,1,0,1,4,0.5,1,0,0.5,1,0.5,0.666666666667,0.833333333333,0.611111111111,0.571428571429,0.632455532034,0.5,20,18,2,0,20,0,18,0,2,11,20,0.181818181818,3.04338842975,3.63636363636,2,2.5,1.68954001271,0.464623503495,0.245454545455,1.16774841624,0.642261628933,0.336363636364,1.94000937205,1.06700515463,0.536363636364,1.05689877454,0.347276990411,3.54545454545,3.04338842975,1.05689877454,3.54545454545,0.499047619048,0.4,8,0.0484848484848,0.255555555556,11,11,11,1,0,0.0909090909091,0.636363636364,0.272727272727,11,0.163636363636,3.11363636364,3.27272727273,1.8,2.25,1.7939291564,0.548145020011,0.287878787879,1.0269106361,0.627556499842,0.323232323232,1.85864075457,1.13583601668,0.545454545455,1.08094141536,0.347163666246,3.75,3.11363636364,1.08094141536,3.75,0.401058201058,0.294117647059,5,0.030303030303,0.260740740741,11,11,11,1,0,0.0909090909091,0.636363636364,0.272727272727,11,19,0.172727272727,3.08884297521,3.45454545455,1.9,2.375,1.86352549559,0.53944159083,0.287081339713,1.19087439228,0.689453595529,0.354066985646,1.90215189146,1.1012458319,0.545454545455,1.04183657517,0.337290235708,3.54545454545,3.08884297521,1.04183657517,3.54545454545,0.475132275132,0.368421052632,7,0.0424242424242,0.268518518519,11,11,11,1,0,0.0909090909091,0.636363636364,0.272727272727,-1,-0.00909090909091,0.0454545454545,-0.181818181818,-0.1,-0.125,0.173985482884,0.0748180873347,0.0416267942584,0.023125976035,0.0471919665957,0.0177033492823,-0.0378574805894,0.0342406772707,0.00909090909091,-0.0150621993632,-0.0099867547029,0,0.0454545454545,-0.0150621993632,0,-0.0239153439153,-0.0315789473684,-1,-0.00606060606061,0.012962962963,0,0,0,19,0,1,90,0.95,1,0,0.05,1,0.95,0.974358974359,0.969309258988,0.95,0.95,1,2,0,0,0,0
3809,WLNM_dir_neg,0.875,0.291666666667,00:00:01,10,90,24,1179281673,threshold_sweep,0.2,0,0,0,0,0,2,4,0,1,0,1,0,0,0,0.666666666667,0.666666666667,0,0,0,20,18,2,0,20,0,18,0,2,11,20,0.181818181818,3.04338842975,3.63636363636,2,2.5,1.68954001271,0.464623503495,0.245454545455,1.16774841624,0.642261628933,0.336363636364,1.94000937205,1.06700515463,0.536363636364,1.05689877454,0.347276990411,3.54545454545,3.04338842975,1.05689877454,3.54545454545,0.499047619048,0.4,8,0.0484848484848,0.255555555556,11,11,11,1,0,0.0909090909091,0.636363636364,0.272727272727,11,0.163636363636,3.11363636364,3.27272727273,1.8,2.25,1.7939291564,0.548145020011,0.287878787879,1.0269106361,0.627556499842,0.323232323232,1.85864075457,1.13583601668,0.545454545455,1.08094141536,0.347163666246,3.75,3.11363636364,1.08094141536,3.75,0.401058201058,0.294117647059,5,0.030303030303,0.260740740741,11,11,11,1,0,0.0909090909091,0.636363636364,0.272727272727,11,18,0.163636363636,3.11363636364,3.27272727273,1.8,2.25,1.7939291564,0.548145020011,0.287878787879,1.0269106361,0.627556499842,0.323232323232,1.85864075457,1.13583601668,0.545454545455,1.08094141536,0.347163666246,3.75,3.11363636364,1.08094141536,3.75,0.401058201058,0.294117647059,5,0.030303030303,0.260740740741,11,11,11,1,0,0.0909090909091,0.636363636364,0.272727272727,-2,-0.0181818181818,0.0702479338843,-0.363636363636,-0.2,-0.25,0.104389143691,0.0835215165161,0.0424242424242,-0.140837780137,-0.0147051290913,-0.0131313131313,-0.0813686174794,0.0688308620544,0.00909090909091,0.0240426408202,-0.000113324165224,0.204545454545,0.0702479338843,0.0240426408202,0.204545454545,-0.0979894179894,-0.105882352941,-3,-0.0181818181818,0.00518518518519,0,0,0,18,0,2,90,0.9,1,0,0.1,1,0.9,0.947368421053,0.938314863257,0.9,0.9,0,2,0,0,0,0
3810,WLNM_dir_neg,0.875,0.291666666667,00:00:01,10,90,24,1179281673,threshold_sweep,0.3,0,0,0,0,0,2,4,0,1,0,1,0,0,0,0.666666666667,0.666666666667,0,0,0,20,18,2,0,20,0,18,0,2,11,20,0.181818181818,3.04338842975,3.63636363636,2,2.5,1.68954001271,0.464623503495,0.245454545455,1.16774841624,0.642261628933,0.336363636364,1.94000937205,1.06700515463,0.536363636364,1.05689877454,0.347276990411,3.54545454545,3.04338842975,1.05689877454,3.54545454545,0.499047619048,0.4,8,0.0484848484848,0.255555555556,11,11,11,1,0,0.0909090909091,0.636363636364,0.272727272727,11,0.163636363636,3.11363636364,3.27272727273,1.8,2.25,1.7939291564,0.548145020011,0.287878787879,1.0269106361,0.627556499842,0.323232323232,1.85864075457,1.13583601668,0.545454545455,1.08094141536,0.347163666246,3.75,3.11363636364,1.08094141536,3.75,0.401058201058,0.294117647059,5,0.030303030303,0.260740740741,11,11,11,1,0,0.0909090909091,0.636363636364,0.272727272727,11,18,0.163636363636,3.11363636364,3.27272727273,1.8,2.25,1.7939291564,0.548145020011,0.287878787879,1.0269106361,0.627556499842,0.323232323232,1.85864075457,1.13583601668,0.545454545455,1.08094141536,0.347163666246,3.75,3.11363636364,1.08094141536,3.75,0.401058201058,0.294117647059,5,0.030303030303,0.260740740741,11,11,11,1,0,0.0909090909091,0.636363636364,0.272727272727,-2,-0.0181818181818,0.0702479338843,-0.363636363636,-0.2,-0.25,0.104389143691,0.0835215165161,0.0424242424242,-0.140837780137,-0.0147051290913,-0.0131313131313,-0.0813686174794,0.0688308620544,0.00909090909091,0.0240426408202,-0.000113324165224,0.204545454545,0.0702479338843,0.0240426408202,0.204545454545,-0.0979894179894,-0.105882352941,-3,-0.0181818181818,0.00518518518519,0,0,0,18,0,2,90,0.9,1,0,0.1,1,0.9,0.947368421053,0.938314863257,0.9,0.9,0,2,0,0,0,0
3811,WLNM_dir_neg,0.875,0.291666666667,00:00:01,10,90,24,1179281673,threshold_sweep,0.4,0,0,0,0,0,2,4,0,1,0,1,0,0,0,0.666666666667,0.666666666667,0,0,0,20,18,2,0,20,0,18,0,2,11,20,0.181818181818,3.04338842975,3.63636363636,2,2.5,1.68954001271,0.464623503495,0.245454545455,1.16774841624,0.642261628933,0.336363636364,1.94000937205,1.06700515463,0.536363636364,1.05689877454,0.347276990411,3.54545454545,3.04338842975,1.05689877454,3.54545454545,0.499047619048,0.4,8,0.0484848484848,0.255555555556,11,11,11,1,0,0.0909090909091,0.636363636364,0.272727272727,11,0.163636363636,3.11363636364,3.27272727273,1.8,2.25,1.7939291564,0.548145020011,0.287878787879,1.0269106361,0.627556499842,0.323232323232,1.85864075457,1.13583601668,0.545454545455,1.08094141536,0.347163666246,3.75,3.11363636364,1.08094141536,3.75,0.401058201058,0.294117647059,5,0.030303030303,0.260740740741,11,11,11,1,0,0.0909090909091,0.636363636364,0.272727272727,11,18,0.163636363636,3.11363636364,3.27272727273,1.8,2.25,1.7939291564,0.548145020011,0.287878787879,1.0269106361,0.627556499842,0.323232323232,1.85864075457,1.13583601668,0.545454545455,1.08094141536,0.347163666246,3.75,3.11363636364,1.08094141536,3.75,0.401058201058,0.294117647059,5,0.030303030303,0.260740740741,11,11,11,1,0,0.0909090909091,0.636363636364,0.272727272727,-2,-0.0181818181818,0.0702479338843,-0.363636363636,-0.2,-0.25,0.104389143691,0.0835215165161,0.0424242424242,-0.140837780137,-0.0147051290913,-0.0131313131313,-0.0813686174794,0.0688308620544,0.00909090909091,0.0240426408202,-0.000113324165224,0.204545454545,0.0702479338843,0.0240426408202,0.204545454545,-0.0979894179894,-0.105882352941,-3,-0.0181818181818,0.00518518518519,0,0,0,18,0,2,90,0.9,1,0,0.1,1,0.9,0.947368421053,0.938314863257,0.9,0.9,0,2,0,0,0,0
3812,WLNM_dir_neg,0.875,0.291666666667,00:00:01,10,90,24,1179281673,threshold_sweep,0.5,0,0,0,0,0,2,4,0,1,0,1,0,0,0,0.666666666667,0.666666666667,0,0,0,20,18,2,0,20,0,18,0,2,11,20,0.181818181818,3.04338842975,3.63636363636,2,2.5,1.68954001271,0.464623503495,0.245454545455,1.16774841624,0.642261628933,0.336363636364,1.94000937205,1.06700515463,0.536363636364,1.05689877454,0.347276990411,3.54545454545,3.04338842975,1.05689877454,3.54545454545,0.499047619048,0.4,8,0.0484848484848,0.255555555556,11,11,11,1,0,0.0909090909091,0.636363636364,0.272727272727,11,0.163636363636,3.11363636364,3.27272727273,1.8,2.25,1.7939291564,0.548145020011,0.287878787879,1.0269106361,0.627556499842,0.323232323232,1.85864075457,1.13583601668,0.545454545455,1.08094141536,0.347163666246,3.75,3.11363636364,1.08094141536,3.75,0.401058201058,0.294117647059,5,0.030303030303,0.260740740741,11,11,11,1,0,0.0909090909091,0.636363636364,0.272727272727,11,18,0.163636363636,3.11363636364,3.27272727273,1.8,2.25,1.7939291564,0.548145020011,0.287878787879,1.0269106361,0.627556499842,0.323232323232,1.85864075457,1.13583601668,0.545454545455,1.08094141536,0.347163666246,3.75,3.11363636364,1.08094141536,3.75,0.401058201058,0.294117647059,5,0.030303030303,0.260740740741,11,11,11,1,0,0.0909090909091,0.636363636364,0.272727272727,-2,-0.0181818181818,0.0702479338843,-0.363636363636,-0.2,-0.25,0.104389143691,0.0835215165161,0.0424242424242,-0.140837780137,-0.0147051290913,-0.0131313131313,-0.0813686174794,0.0688308620544,0.00909090909091,0.0240426408202,-0.000113324165224,0.204545454545,0.0702479338843,0.0240426408202,0.204545454545,-0.0979894179894,-0.105882352941,-3,-0.0181818181818,0.00518518518519,0,0,0,18,0,2,90,0.9,1,0,0.1,1,0.9,0.947368421053,0.938314863257,0.9,0.9,0,2,0,0,0,0
3813,WLNM_dir_neg,0.875,0.291666666667,00:00:01,10,90,24,1179281673,threshold_sweep,0.6,0,0,0,0,0,2,4,0,1,0,1,0,0,0,0.666666666667,0.666666666667,0,0,0,20,18,2,0,20,0,18,0,2,11,20,0.181818181818,3.04338842975,3.63636363636,2,2.5,1.68954001271,0.464623503495,0.245454545455,1.16774841624,0.642261628933,0.336363636364,1.94000937205,1.06700515463,0.536363636364,1.05689877454,0.347276990411,3.54545454545,3.04338842975,1.05689877454,3.54545454545,0.499047619048,0.4,8,0.0484848484848,0.255555555556,11,11,11,1,0,0.0909090909091,0.636363636364,0.272727272727,11,0.163636363636,3.11363636364,3.27272727273,1.8,2.25,1.7939291564,0.548145020011,0.287878787879,1.0269106361,0.627556499842,0.323232323232,1.85864075457,1.13583601668,0.545454545455,1.08094141536,0.347163666246,3.75,3.11363636364,1.08094141536,3.75,0.401058201058,0.294117647059,5,0.030303030303,0.260740740741,11,11,11,1,0,0.0909090909091,0.636363636364,0.272727272727,11,18,0.163636363636,3.11363636364,3.27272727273,1.8,2.25,1.7939291564,0.548145020011,0.287878787879,1.0269106361,0.627556499842,0.323232323232,1.85864075457,1.13583601668,0.545454545455,1.08094141536,0.347163666246,3.75,3.11363636364,1.08094141536,3.75,0.401058201058,0.294117647059,5,0.030303030303,0.260740740741,11,11,11,1,0,0.0909090909091,0.636363636364,0.272727272727,-2,-0.0181818181818,0.0702479338843,-0.363636363636,-0.2,-0.25,0.104389143691,0.0835215165161,0.0424242424242,-0.140837780137,-0.0147051290913,-0.0131313131313,-0.0813686174794,0.0688308620544,0.00909090909091,0.0240426408202,-0.000113324165224,0.204545454545,0.0702479338843,0.0240426408202,0.204545454545,-0.0979894179894,-0.105882352941,-3,-0.0181818181818,0.00518518518519,0,0,0,18,0,2,90,0.9,1,0,0.1,1,0.9,0.947368421053,0.938314863257,0.9,0.9,0,2,0,0,0,0
3814,WLNM_dir_neg,0.875,0.291666666667,00:00:01,10,90,24,1179281673,threshold_sweep,0.7,0,0,0,0,0,2,4,0,1,0,1,0,0,0,0.666666666667,0.666666666667,0,0,0,20,18,2,0,20,0,18,0,2,11,20,0.181818181818,3.04338842975,3.63636363636,2,2.5,1.68954001271,0.464623503495,0.245454545455,1.16774841624,0.642261628933,0.336363636364,1.94000937205,1.06700515463,0.536363636364,1.05689877454,0.347276990411,3.54545454545,3.04338842975,1.05689877454,3.54545454545,0.499047619048,0.4,8,0.0484848484848,0.255555555556,11,11,11,1,0,0.0909090909091,0.636363636364,0.272727272727,11,0.163636363636,3.11363636364,3.27272727273,1.8,2.25,1.7939291564,0.548145020011,0.287878787879,1.0269106361,0.627556499842,0.323232323232,1.85864075457,1.13583601668,0.545454545455,1.08094141536,0.347163666246,3.75,3.11363636364,1.08094141536,3.75,0.401058201058,0.294117647059,5,0.030303030303,0.260740740741,11,11,11,1,0,0.0909090909091,0.636363636364,0.272727272727,11,18,0.163636363636,3.11363636364,3.27272727273,1.8,2.25,1.7939291564,0.548145020011,0.287878787879,1.0269106361,0.627556499842,0.323232323232,1.85864075457,1.13583601668,0.545454545455,1.08094141536,0.347163666246,3.75,3.11363636364,1.08094141536,3.75,0.401058201058,0.294117647059,5,0.030303030303,0.260740740741,11,11,11,1,0,0.0909090909091,0.636363636364,0.272727272727,-2,-0.0181818181818,0.0702479338843,-0.363636363636,-0.2,-0.25,0.104389143691,0.0835215165161,0.0424242424242,-0.140837780137,-0.0147051290913,-0.0131313131313,-0.0813686174794,0.0688308620544,0.00909090909091,0.0240426408202,-0.000113324165224,0.204545454545,0.0702479338843,0.0240426408202,0.204545454545,-0.0979894179894,-0.105882352941,-3,-0.0181818181818,0.00518518518519,0,0,0,18,0,2,90,0.9,1,0,0.1,1,0.9,0.947368421053,0.938314863257,0.9,0.9,0,2,0,0,0,0
3815,WLNM_dir_neg,0.875,0.291666666667,00:00:01,10,90,24,1179281673,threshold_sweep,0.8,0,0,0,0,0,2,4,0,1,0,1,0,0,0,0.666666666667,0.666666666667,0,0,0,20,18,2,0,20,0,18,0,2,11,20,0.181818181818,3.04338842975,3.63636363636,2,2.5,1.68954001271,0.464623503495,0.245454545455,1.16774841624,0.642261628933,0.336363636364,1.94000937205,1.06700515463,0.536363636364,1.05689877454,0.347276990411,3.54545454545,3.04338842975,1.05689877454,3.54545454545,0.499047619048,0.4,8,0.0484848484848,0.255555555556,11,11,11,1,0,0.0909090909091,0.636363636364,0.272727272727,11,0.163636363636,3.11363636364,3.27272727273,1.8,2.25,1.7939291564,0.548145020011,0.287878787879,1.0269106361,0.627556499842,0.323232323232,1.85864075457,1.13583601668,0.545454545455,1.08094141536,0.347163666246,3.75,3.11363636364,1.08094141536,3.75,0.401058201058,0.294117647059,5,0.030303030303,0.260740740741,11,11,11,1,0,0.0909090909091,0.636363636364,0.272727272727,11,18,0.163636363636,3.11363636364,3.27272727273,1.8,2.25,1.7939291564,0.548145020011,0.287878787879,1.0269106361,0.627556499842,0.323232323232,1.85864075457,1.13583601668,0.545454545455,1.08094141536,0.347163666246,3.75,3.11363636364,1.08094141536,3.75,0.401058201058,0.294117647059,5,0.030303030303,0.260740740741,11,11,11,1,0,0.0909090909091,0.636363636364,0.272727272727,-2,-0.0181818181818,0.0702479338843,-0.363636363636,-0.2,-0.25,0.104389143691,0.0835215165161,0.0424242424242,-0.140837780137,-0.0147051290913,-0.0131313131313,-0.0813686174794,0.0688308620544,0.00909090909091,0.0240426408202,-0.000113324165224,0.204545454545,0.0702479338843,0.0240426408202,0.204545454545,-0.0979894179894,-0.105882352941,-3,-0.0181818181818,0.00518518518519,0,0,0,18,0,2,90,0.9,1,0,0.1,1,0.9,0.947368421053,0.938314863257,0.9,0.9,0,2,0,0,0,0
3816,WLNM_dir_neg,0.875,0.291666666667,00:00:01,10,90,24,1179281673,threshold_sweep,0.9,0,0,0,0,0,2,4,0,1,0,1,0,0,0,0.666666666667,0.666666666667,0,0,0,20,18,2,0,20,0,18,0,2,11,20,0.181818181818,3.04338842975,3.63636363636,2,2.5,1.68954001271,0.464623503495,0.245454545455,1.16774841624,0.642261628933,0.336363636364,1.94000937205,1.06700515463,0.536363636364,1.05689877454,0.347276990411,3.54545454545,3.04338842975,1.05689877454,3.54545454545,0.499047619048,0.4,8,0.0484848484848,0.255555555556,11,11,11,1,0,0.0909090909091,0.636363636364,0.272727272727,11,0.163636363636,3.11363636364,3.27272727273,1.8,2.25,1.7939291564,0.548145020011,0.287878787879,1.0269106361,0.627556499842,0.323232323232,1.85864075457,1.13583601668,0.545454545455,1.08094141536,0.347163666246,3.75,3.11363636364,1.08094141536,3.75,0.401058201058,0.294117647059,5,0.030303030303,0.260740740741,11,11,11,1,0,0.0909090909091,0.636363636364,0.272727272727,11,18,0.163636363636,3.11363636364,3.27272727273,1.8,2.25,1.7939291564,0.548145020011,0.287878787879,1.0269106361,0.627556499842,0.323232323232,1.85864075457,1.13583601668,0.545454545455,1.08094141536,0.347163666246,3.75,3.11363636364,1.08094141536,3.75,0.401058201058,0.294117647059,5,0.030303030303,0.260740740741,11,11,11,1,0,0.0909090909091,0.636363636364,0.272727272727,-2,-0.0181818181818,0.0702479338843,-0.363636363636,-0.2,-0.25,0.104389143691,0.0835215165161,0.0424242424242,-0.140837780137,-0.0147051290913,-0.0131313131313,-0.0813686174794,0.0688308620544,0.00909090909091,0.0240426408202,-0.000113324165224,0.204545454545,0.0702479338843,0.0240426408202,0.204545454545,-0.0979894179894,-0.105882352941,-3,-0.0181818181818,0.00518518518519,0,0,0,18,0,2,90,0.9,1,0,0.1,1,0.9,0.947368421053,0.938314863257,0.9,0.9,0,2,0,0,0,0
3817,WLNM_dir_neg,0.625,0.333333333333,00:00:00,10,90,25,1179281674,threshold_sweep,0.1,0,0,0,0,1,2,3,0,0.75,0.25,1,0,0,0,0.5,0.611111111111,-0.285714285714,-0.316227766017,-0.25,20,18,2,0,20,0,18,0,2,11,20,0.181818181818,3.04338842975,3.63636363636,2,2.5,1.68954001271,0.464623503495,0.245454545455,1.16774841624,0.642261628933,0.336363636364,1.94000937205,1.06700515463,0.536363636364,1.05689877454,0.347276990411,3.54545454545,3.04338842975,1.05689877454,3.54545454545,0.499047619048,0.4,8,0.0484848484848,0.255555555556,11,11,11,1,0,0.0909090909091,0.636363636364,0.272727272727,11,0.163636363636,3.13016528926,3.27272727273,1.8,2.25,1.67874411933,0.512949592017,0.277777777778,1.12006493318,0.684484125834,0.343434343434,1.68954001271,1.03249667443,0.525252525253,1.08130674069,0.345447169964,3.63636363636,3.13016528926,1.08130674069,3.63636363636,0.437037037037,0.3125,5,0.030303030303,0.241111111111,11,11,11,1,0,0.0909090909091,0.636363636364,0.272727272727,11,19,0.172727272727,NaN,3.45454545455,1.72727272727,2.375,1.69491217257,0.490632471007,0.263157894737,1.00904995822,0.584186817916,0.277511961722,1.7939291564,1.03859056423,0.526315789474,NaN,NaN,NaN,NaN,NaN,NaN,0.403703703704,0.333333333333,6,0.0363636363636,0.21696969697,11,11,0,1,2,0,0.727272727273,0.272727272727,-1,-0.00909090909091,NaN,-0.181818181818,-0.272727272727,-0.125,0.00537215986117,0.0260089675122,0.0177033492823,-0.158698458023,-0.058074811017,-0.0588516746411,-0.146080215649,-0.0284145903952,-0.01004784689,NaN,NaN,NaN,NaN,NaN,NaN,-0.0953439153439,-0.0666666666667,-2,-0.0121212121212,-0.0385858585859,-0.0909090909091,0.0909090909091,0,18,1,2,89,0.9,0.988888888889,0.0111111111111,0.1,0.947368421053,0.9,0.923076923077,0.906956031802,0.888888888889,0.857142857143,1,2,0,0,0,0
3818,WLNM_dir_neg,0.625,0.333333333333,00:00:00,10,90,25,1179281674,threshold_sweep,0.2,0,0,0,0,1,2,3,0,0.75,0.25,1,0,0,0,0.5,0.611111111111,-0.285714285714,-0.316227766017,-0.25,20,18,2,0,20,0,18,0,2,11,20,0.181818181818,3.04338842975,3.63636363636,2,2.5,1.68954001271,0.464623503495,0.245454545455,1.16774841624,0.642261628933,0.336363636364,1.94000937205,1.06700515463,0.536363636364,1.05689877454,0.347276990411,3.54545454545,3.04338842975,1.05689877454,3.54545454545,0.499047619048,0.4,8,0.0484848484848,0.255555555556,11,11,11,1,0,0.0909090909091,0.636363636364,0.272727272727,11,0.163636363636,3.13016528926,3.27272727273,1.8,2.25,1.67874411933,0.512949592017,0.277777777778,1.12006493318,0.684484125834,0.343434343434,1.68954001271,1.03249667443,0.525252525253,1.08130674069,0.345447169964,3.63636363636,3.13016528926,1.08130674069,3.63636363636,0.437037037037,0.3125,5,0.030303030303,0.241111111111,11,11,11,1,0,0.0909090909091,0.636363636364,0.272727272727,11,19,0.172727272727,NaN,3.45454545455,1.72727272727,2.375,1.69491217257,0.490632471007,0.263157894737,1.00904995822,0.584186817916,0.277511961722,1.7939291564,1.03859056423,0.526315789474,NaN,NaN,NaN,NaN,NaN,NaN,0.403703703704,0.333333333333,6,0.0363636363636,0.21696969697,11,11,0,1,2,0,0.727272727273,0.272727272727,-1,-0.00909090909091,NaN,-0.181818181818,-0.272727272727,-0.125,0.00537215986117,0.0260089675122,0.0177033492823,-0.158698458023,-0.058074811017,-0.0588516746411,-0.146080215649,-0.0284145903952,-0.01004784689,NaN,NaN,NaN,NaN,NaN,NaN,-0.0953439153439,-0.0666666666667,-2,-0.0121212121212,-0.0385858585859,-0.0909090909091,0.0909090909091,0,18,1,2,89,0.9,0.988888888889,0.0111111111111,0.1,0.947368421053,0.9,0.923076923077,0.906956031802,0.888888888889,0.857142857143,1,2,0,0,0,0
3819,WLNM_dir_neg,0.625,0.333333333333,00:00:00,10,90,25,1179281674,threshold_sweep,0.3,0,0,0,0,1,2,3,0,0.75,0.25,1,0,0,0,0.5,0.611111111111,-0.285714285714,-0.316227766017,-0.25,20,18,2,0,20,0,18,0,2,11,20,0.181818181818,3.04338842975,3.63636363636,2,2.5,1.68954001271,0.464623503495,0.245454545455,1.16774841624,0.642261628933,0.336363636364,1.94000937205,1.06700515463,0.536363636364,1.05689877454,0.347276990411,3.54545454545,3.04338842975,1.05689877454,3.54545454545,0.499047619048,0.4,8,0.0484848484848,0.255555555556,11,11,11,1,0,0.0909090909091,0.636363636364,0.272727272727,11,0.163636363636,3.13016528926,3.27272727273,1.8,2.25,1.67874411933,0.512949592017,0.277777777778,1.12006493318,0.684484125834,0.343434343434,1.68954001271,1.03249667443,0.525252525253,1.08130674069,0.345447169964,3.63636363636,3.13016528926,1.08130674069,3.63636363636,0.437037037037,0.3125,5,0.030303030303,0.241111111111,11,11,11,1,0,0.0909090909091,0.636363636364,0.272727272727,11,19,0.172727272727,NaN,3.45454545455,1.72727272727,2.375,1.69491217257,0.490632471007,0.263157894737,1.00904995822,0.584186817916,0.277511961722,1.7939291564,1.03859056423,0.526315789474,NaN,NaN,NaN,NaN,NaN,NaN,0.403703703704,0.333333333333,6,0.0363636363636,0.21696969697,11,11,0,1,2,0,0.727272727273,0.272727272727,-1,-0.00909090909091,NaN,-0.181818181818,-0.272727272727,-0.125,0.00537215986117,0.0260089675122,0.0177033492823,-0.158698458023,-0.058074811017,-0.0588516746411,-0.146080215649,-0.0284145903952,-0.01004784689,NaN,NaN,NaN,NaN,NaN,NaN,-0.0953439153439,-0.0666666666667,-2,-0.0121212121212,-0.0385858585859,-0.0909090909091,0.0909090909091,0,18,1,2,89,0.9,0.988888888889,0.0111111111111,0.1,0.947368421053,0.9,0.923076923077,0.906956031802,0.888888888889,0.857142857143,1,2,0,0,0,0
3820,WLNM_dir_neg,0.625,0.333333333333,00:00:00,10,90,25,1179281674,threshold_sweep,0.4,0,0,0,0,1,2,3,0,0.75,0.25,1,0,0,0,0.5,0.611111111111,-0.285714285714,-0.316227766017,-0.25,20,18,2,0,20,0,18,0,2,11,20,0.181818181818,3.04338842975,3.63636363636,2,2.5,1.68954001271,0.464623503495,0.245454545455,1.16774841624,0.642261628933,0.336363636364,1.94000937205,1.06700515463,0.536363636364,1.05689877454,0.347276990411,3.54545454545,3.04338842975,1.05689877454,3.54545454545,0.499047619048,0.4,8,0.0484848484848,0.255555555556,11,11,11,1,0,0.0909090909091,0.636363636364,0.272727272727,11,0.163636363636,3.13016528926,3.27272727273,1.8,2.25,1.67874411933,0.512949592017,0.277777777778,1.12006493318,0.684484125834,0.343434343434,1.68954001271,1.03249667443,0.525252525253,1.08130674069,0.345447169964,3.63636363636,3.13016528926,1.08130674069,3.63636363636,0.437037037037,0.3125,5,0.030303030303,0.241111111111,11,11,11,1,0,0.0909090909091,0.636363636364,0.272727272727,11,19,0.172727272727,NaN,3.45454545455,1.72727272727,2.375,1.69491217257,0.490632471007,0.263157894737,1.00904995822,0.584186817916,0.277511961722,1.7939291564,1.03859056423,0.526315789474,NaN,NaN,NaN,NaN,NaN,NaN,0.403703703704,0.333333333333,6,0.0363636363636,0.21696969697,11,11,0,1,2,0,0.727272727273,0.272727272727,-1,-0.00909090909091,NaN,-0.181818181818,-0.272727272727,-0.125,0.00537215986117,0.0260089675122,0.0177033492823,-0.158698458023,-0.058074811017,-0.0588516746411,-0.146080215649,-0.0284145903952,-0.01004784689,NaN,NaN,NaN,NaN,NaN,NaN,-0.0953439153439,-0.0666666666667,-2,-0.0121212121212,-0.0385858585859,-0.0909090909091,0.0909090909091,0,18,1,2,89,0.9,0.988888888889,0.0111111111111,0.1,0.947368421053,0.9,0.923076923077,0.906956031802,0.888888888889,0.857142857143,1,2,0,0,0,0
3821,WLNM_dir_neg,0.625,0.333333333333,00:00:00,10,90,25,1179281674,threshold_sweep,0.5,0,0,0,0,1,2,3,0,0.75,0.25,1,0,0,0,0.5,0.611111111111,-0.285714285714,-0.316227766017,-0.25,20,18,2,0,20,0,18,0,2,11,20,0.181818181818,3.04338842975,3.63636363636,2,2.5,1.68954001271,0.464623503495,0.245454545455,1.16774841624,0.642261628933,0.336363636364,1.94000937205,1.06700515463,0.536363636364,1.05689877454,0.347276990411,3.54545454545,3.04338842975,1.05689877454,3.54545454545,0.499047619048,0.4,8,0.0484848484848,0.255555555556,11,11,11,1,0,0.0909090909091,0.636363636364,0.272727272727,11,0.163636363636,3.13016528926,3.27272727273,1.8,2.25,1.67874411933,0.512949592017,0.277777777778,1.12006493318,0.684484125834,0.343434343434,1.68954001271,1.03249667443,0.525252525253,1.08130674069,0.345447169964,3.63636363636,3.13016528926,1.08130674069,3.63636363636,0.437037037037,0.3125,5,0.030303030303,0.241111111111,11,11,11,1,0,0.0909090909091,0.636363636364,0.272727272727,11,19,0.172727272727,NaN,3.45454545455,1.72727272727,2.375,1.69491217257,0.490632471007,0.263157894737,1.00904995822,0.584186817916,0.277511961722,1.7939291564,1.03859056423,0.526315789474,NaN,NaN,NaN,NaN,NaN,NaN,0.403703703704,0.333333333333,6,0.0363636363636,0.21696969697,11,11,0,1,2,0,0.727272727273,0.272727272727,-1,-0.00909090909091,NaN,-0.181818181818,-0.272727272727,-0.125,0.00537215986117,0.0260089675122,0.0177033492823,-0.158698458023,-0.058074811017,-0.0588516746411,-0.146080215649,-0.0284145903952,-0.01004784689,NaN,NaN,NaN,NaN,NaN,NaN,-0.0953439153439,-0.0666666666667,-2,-0.0121212121212,-0.0385858585859,-0.0909090909091,0.0909090909091,0,18,1,2,89,0.9,0.988888888889,0.0111111111111,0.1,0.947368421053,0.9,0.923076923077,0.906956031802,0.888888888889,0.857142857143,1,2,0,0,0,0
3822,WLNM_dir_neg,0.625,0.333333333333,00:00:00,10,90,25,1179281674,threshold_sweep,0.6,0,0,0,0,1,2,3,0,0.75,0.25,1,0,0,0,0.5,0.611111111111,-0.285714285714,-0.316227766017,-0.25,20,18,2,0,20,0,18,0,2,11,20,0.181818181818,3.04338842975,3.63636363636,2,2.5,1.68954001271,0.464623503495,0.245454545455,1.16774841624,0.642261628933,0.336363636364,1.94000937205,1.06700515463,0.536363636364,1.05689877454,0.347276990411,3.54545454545,3.04338842975,1.05689877454,3.54545454545,0.499047619048,0.4,8,0.0484848484848,0.255555555556,11,11,11,1,0,0.0909090909091,0.636363636364,0.272727272727,11,0.163636363636,3.13016528926,3.27272727273,1.8,2.25,1.67874411933,0.512949592017,0.277777777778,1.12006493318,0.684484125834,0.343434343434,1.68954001271,1.03249667443,0.525252525253,1.08130674069,0.345447169964,3.63636363636,3.13016528926,1.08130674069,3.63636363636,0.437037037037,0.3125,5,0.030303030303,0.241111111111,11,11,11,1,0,0.0909090909091,0.636363636364,0.272727272727,11,19,0.172727272727,NaN,3.45454545455,1.72727272727,2.375,1.69491217257,0.490632471007,0.263157894737,1.00904995822,0.584186817916,0.277511961722,1.7939291564,1.03859056423,0.526315789474,NaN,NaN,NaN,NaN,NaN,NaN,0.403703703704,0.333333333333,6,0.0363636363636,0.21696969697,11,11,0,1,2,0,0.727272727273,0.272727272727,-1,-0.00909090909091,NaN,-0.181818181818,-0.272727272727,-0.125,0.00537215986117,0.0260089675122,0.0177033492823,-0.158698458023,-0.058074811017,-0.0588516746411,-0.146080215649,-0.0284145903952,-0.01004784689,NaN,NaN,NaN,NaN,NaN,NaN,-0.0953439153439,-0.0666666666667,-2,-0.0121212121212,-0.0385858585859,-0.0909090909091,0.0909090909091,0,18,1,2,89,0.9,0.988888888889,0.0111111111111,0.1,0.947368421053,0.9,0.923076923077,0.906956031802,0.888888888889,0.857142857143,1,2,0,0,0,0
3823,WLNM_dir_neg,0.625,0.333333333333,00:00:00,10,90,25,1179281674,threshold_sweep,0.7,0,0,0,0,1,2,3,0,0.75,0.25,1,0,0,0,0.5,0.611111111111,-0.285714285714,-0.316227766017,-0.25,20,18,2,0,20,0,18,0,2,11,20,0.181818181818,3.04338842975,3.63636363636,2,2.5,1.68954001271,0.464623503495,0.245454545455,1.16774841624,0.642261628933,0.336363636364,1.94000937205,1.06700515463,0.536363636364,1.05689877454,0.347276990411,3.54545454545,3.04338842975,1.05689877454,3.54545454545,0.499047619048,0.4,8,0.0484848484848,0.255555555556,11,11,11,1,0,0.0909090909091,0.636363636364,0.272727272727,11,0.163636363636,3.13016528926,3.27272727273,1.8,2.25,1.67874411933,0.512949592017,0.277777777778,1.12006493318,0.684484125834,0.343434343434,1.68954001271,1.03249667443,0.525252525253,1.08130674069,0.345447169964,3.63636363636,3.13016528926,1.08130674069,3.63636363636,0.437037037037,0.3125,5,0.030303030303,0.241111111111,11,11,11,1,0,0.0909090909091,0.636363636364,0.272727272727,11,19,0.172727272727,NaN,3.45454545455,1.72727272727,2.375,1.69491217257,0.490632471007,0.263157894737,1.00904995822,0.584186817916,0.277511961722,1.7939291564,1.03859056423,0.526315789474,NaN,NaN,NaN,NaN,NaN,NaN,0.403703703704,0.333333333333,6,0.0363636363636,0.21696969697,11,11,0,1,2,0,0.727272727273,0.272727272727,-1,-0.00909090909091,NaN,-0.181818181818,-0.272727272727,-0.125,0.00537215986117,0.0260089675122,0.0177033492823,-0.158698458023,-0.058074811017,-0.0588516746411,-0.146080215649,-0.0284145903952,-0.01004784689,NaN,NaN,NaN,NaN,NaN,NaN,-0.0953439153439,-0.0666666666667,-2,-0.0121212121212,-0.0385858585859,-0.0909090909091,0.0909090909091,0,18,1,2,89,0.9,0.988888888889,0.0111111111111,0.1,0.947368421053,0.9,0.923076923077,0.906956031802,0.888888888889,0.857142857143,1,2,0,0,0,0
3824,WLNM_dir_neg,0.625,0.333333333333,00:00:00,10,90,25,1179281674,threshold_sweep,0.8,0,0,0,0,1,2,3,0,0.75,0.25,1,0,0,0,0.5,0.611111111111,-0.285714285714,-0.316227766017,-0.25,20,18,2,0,20,0,18,0,2,11,20,0.181818181818,3.04338842975,3.63636363636,2,2.5,1.68954001271,0.464623503495,0.245454545455,1.16774841624,0.642261628933,0.336363636364,1.94000937205,1.06700515463,0.536363636364,1.05689877454,0.347276990411,3.54545454545,3.04338842975,1.05689877454,3.54545454545,0.499047619048,0.4,8,0.0484848484848,0.255555555556,11,11,11,1,0,0.0909090909091,0.636363636364,0.272727272727,11,0.163636363636,3.13016528926,3.27272727273,1.8,2.25,1.67874411933,0.512949592017,0.277777777778,1.12006493318,0.684484125834,0.343434343434,1.68954001271,1.03249667443,0.525252525253,1.08130674069,0.345447169964,3.63636363636,3.13016528926,1.08130674069,3.63636363636,0.437037037037,0.3125,5,0.030303030303,0.241111111111,11,11,11,1,0,0.0909090909091,0.636363636364,0.272727272727,11,19,0.172727272727,NaN,3.45454545455,1.72727272727,2.375,1.69491217257,0.490632471007,0.263157894737,1.00904995822,0.584186817916,0.277511961722,1.7939291564,1.03859056423,0.526315789474,NaN,NaN,NaN,NaN,NaN,NaN,0.403703703704,0.333333333333,6,0.0363636363636,0.21696969697,11,11,0,1,2,0,0.727272727273,0.272727272727,-1,-0.00909090909091,NaN,-0.181818181818,-0.272727272727,-0.125,0.00537215986117,0.0260089675122,0.0177033492823,-0.158698458023,-0.058074811017,-0.0588516746411,-0.146080215649,-0.0284145903952,-0.01004784689,NaN,NaN,NaN,NaN,NaN,NaN,-0.0953439153439,-0.0666666666667,-2,-0.0121212121212,-0.0385858585859,-0.0909090909091,0.0909090909091,0,18,1,2,89,0.9,0.988888888889,0.0111111111111,0.1,0.947368421053,0.9,0.923076923077,0.906956031802,0.888888888889,0.857142857143,1,2,0,0,0,0
3825,WLNM_dir_neg,0.625,0.333333333333,00:00:00,10,90,25,1179281674,threshold_sweep,0.9,0,0,0,0,1,2,3,0,0.75,0.25,1,0,0,0,0.5,0.611111111111,-0.285714285714,-0.316227766017,-0.25,20,18,2,0,20,0,18,0,2,11,20,0.181818181818,3.04338842975,3.63636363636,2,2.5,1.68954001271,0.464623503495,0.245454545455,1.16774841624,0.642261628933,0.336363636364,1.94000937205,1.06700515463,0.536363636364,1.05689877454,0.347276990411,3.54545454545,3.04338842975,1.05689877454,3.54545454545,0.499047619048,0.4,8,0.0484848484848,0.255555555556,11,11,11,1,0,0.0909090909091,0.636363636364,0.272727272727,11,0.163636363636,3.13016528926,3.27272727273,1.8,2.25,1.67874411933,0.512949592017,0.277777777778,1.12006493318,0.684484125834,0.343434343434,1.68954001271,1.03249667443,0.525252525253,1.08130674069,0.345447169964,3.63636363636,3.13016528926,1.08130674069,3.63636363636,0.437037037037,0.3125,5,0.030303030303,0.241111111111,11,11,11,1,0,0.0909090909091,0.636363636364,0.272727272727,11,19,0.172727272727,NaN,3.45454545455,1.72727272727,2.375,1.69491217257,0.490632471007,0.263157894737,1.00904995822,0.584186817916,0.277511961722,1.7939291564,1.03859056423,0.526315789474,NaN,NaN,NaN,NaN,NaN,NaN,0.403703703704,0.333333333333,6,0.0363636363636,0.21696969697,11,11,0,1,2,0,0.727272727273,0.272727272727,-1,-0.00909090909091,NaN,-0.181818181818,-0.272727272727,-0.125,0.00537215986117,0.0260089675122,0.0177033492823,-0.158698458023,-0.058074811017,-0.0588516746411,-0.146080215649,-0.0284145903952,-0.01004784689,NaN,NaN,NaN,NaN,NaN,NaN,-0.0953439153439,-0.0666666666667,-2,-0.0121212121212,-0.0385858585859,-0.0909090909091,0.0909090909091,0,18,1,2,89,0.9,0.988888888889,0.0111111111111,0.1,0.947368421053,0.9,0.923076923077,0.906956031802,0.888888888889,0.857142857143,1,2,0,0,0,0
3826,WLNM_dir_neg,0.125,0.195833333333,00:00:00,10,90,26,1179281675,threshold_sweep,0.1,0,0,0,0,0,2,4,0,1,0,1,0,0,0,0.666666666667,0.666666666667,0,0,0,20,18,2,0,20,0,18,0,2,11,20,0.181818181818,3.04338842975,3.63636363636,2,2.5,1.68954001271,0.464623503495,0.245454545455,1.16774841624,0.642261628933,0.336363636364,1.94000937205,1.06700515463,0.536363636364,1.05689877454,0.347276990411,3.54545454545,3.04338842975,1.05689877454,3.54545454545,0.499047619048,0.4,8,0.0484848484848,0.255555555556,11,11,11,1,0,0.0909090909091,0.636363636364,0.272727272727,11,0.163636363636,3.11363636364,3.27272727273,1.8,2.25,1.42062726223,0.434080552347,0.227272727273,0.924416277737,0.564921058617,0.292929292929,1.68954001271,1.03249667443,0.525252525253,1.14353419474,0.367266456706,3.875,3.11363636364,1.14353419474,3.875,0.366666666667,0.266666666667,4,0.0242424242424,0.221111111111,11,11,11,1,0,0.0909090909091,0.636363636364,0.272727272727,11,18,0.163636363636,3.11363636364,3.27272727273,1.8,2.25,1.42062726223,0.434080552347,0.227272727273,0.924416277737,0.564921058617,0.292929292929,1.68954001271,1.03249667443,0.525252525253,1.14353419474,0.367266456706,3.875,3.11363636364,1.14353419474,3.875,0.366666666667,0.266666666667,4,0.0242424242424,0.221111111111,11,11,11,1,0,0.0909090909091,0.636363636364,0.272727272727,-2,-0.0181818181818,0.0702479338843,-0.363636363636,-0.2,-0.25,-0.268912750482,-0.030542951148,-0.0181818181818,-0.243332138505,-0.0773405703161,-0.0434343434343,-0.250469359339,-0.0345084801933,-0.0111111111111,0.0866354202056,0.0199894662943,0.329545454545,0.0702479338843,0.0866354202056,0.329545454545,-0.132380952381,-0.133333333333,-4,-0.0242424242424,-0.0344444444444,0,0,0,18,0,2,90,0.9,1,0,0.1,1,0.9,0.947368421053,0.938314863257,0.9,0.9,0,2,0,0,0,0
3827,WLNM_dir_neg,0.125,0.195833333333,00:00:00,10,90,26,1179281675,threshold_sweep,0.2,0,0,0,0,0,2,4,0,1,0,1,0,0,0,0.666666666667,0.666666666667,0,0,0,20,18,2,0,20,0,18,0,2,11,20,0.181818181818,3.04338842975,3.63636363636,2,2.5,1.68954001271,0.464623503495,0.245454545455,1.16774841624,0.642261628933,0.336363636364,1.94000937205,1.06700515463,0.536363636364,1.05689877454,0.347276990411,3.54545454545,3.04338842975,1.05689877454,3.54545454545,0.499047619048,0.4,8,0.0484848484848,0.255555555556,11,11,11,1,0,0.0909090909091,0.636363636364,0.272727272727,11,0.163636363636,3.11363636364,3.27272727273,1.8,2.25,1.42062726223,0.434080552347,0.227272727273,0.924416277737,0.564921058617,0.292929292929,1.68954001271,1.03249667443,0.525252525253,1.14353419474,0.367266456706,3.875,3.11363636364,1.14353419474,3.875,0.366666666667,0.266666666667,4,0.0242424242424,0.221111111111,11,11,11,1,0,0.0909090909091,0.636363636364,0.272727272727,11,18,0.163636363636,3.11363636364,3.27272727273,1.8,2.25,1.42062726223,0.434080552347,0.227272727273,0.924416277737,0.564921058617,0.292929292929,1.68954001271,1.03249667443,0.525252525253,1.14353419474,0.367266456706,3.875,3.11363636364,1.14353419474,3.875,0.366666666667,0.266666666667,4,0.0242424242424,0.221111111111,11,11,11,1,0,0.0909090909091,0.636363636364,0.272727272727,-2,-0.0181818181818,0.0702479338843,-0.363636363636,-0.2,-0.25,-0.268912750482,-0.030542951148,-0.0181818181818,-0.243332138505,-0.0773405703161,-0.0434343434343,-0.250469359339,-0.0345084801933,-0.0111111111111,0.0866354202056,0.0199894662943,0.329545454545,0.0702479338843,0.0866354202056,0.329545454545,-0.132380952381,-0.133333333333,-4,-0.0242424242424,-0.0344444444444,0,0,0,18,0,2,90,0.9,1,0,0.1,1,0.9,0.947368421053,0.938314863257,0.9,0.9,0,2,0,0,0,0
3828,WLNM_dir_neg,0.125,0.195833333333,00:00:00,10,90,26,1179281675,threshold_sweep,0.3,0,0,0,0,0,2,4,0,1,0,1,0,0,0,0.666666666667,0.666666666667,0,0,0,20,18,2,0,20,0,18,0,2,11,20,0.181818181818,3.04338842975,3.63636363636,2,2.5,1.68954001271,0.464623503495,0.245454545455,1.16774841624,0.642261628933,0.336363636364,1.94000937205,1.06700515463,0.536363636364,1.05689877454,0.347276990411,3.54545454545,3.04338842975,1.05689877454,3.54545454545,0.499047619048,0.4,8,0.0484848484848,0.255555555556,11,11,11,1,0,0.0909090909091,0.636363636364,0.272727272727,11,0.163636363636,3.11363636364,3.27272727273,1.8,2.25,1.42062726223,0.434080552347,0.227272727273,0.924416277737,0.564921058617,0.292929292929,1.68954001271,1.03249667443,0.525252525253,1.14353419474,0.367266456706,3.875,3.11363636364,1.14353419474,3.875,0.366666666667,0.266666666667,4,0.0242424242424,0.221111111111,11,11,11,1,0,0.0909090909091,0.636363636364,0.272727272727,11,18,0.163636363636,3.11363636364,3.27272727273,1.8,2.25,1.42062726223,0.434080552347,0.227272727273,0.924416277737,0.564921058617,0.292929292929,1.68954001271,1.03249667443,0.525252525253,1.14353419474,0.367266456706,3.875,3.11363636364,1.14353419474,3.875,0.366666666667,0.266666666667,4,0.0242424242424,0.221111111111,11,11,11,1,0,0.0909090909091,0.636363636364,0.272727272727,-2,-0.0181818181818,0.0702479338843,-0.363636363636,-0.2,-0.25,-0.268912750482,-0.030542951148,-0.0181818181818,-0.243332138505,-0.0773405703161,-0.0434343434343,-0.250469359339,-0.0345084801933,-0.0111111111111,0.0866354202056,0.0199894662943,0.329545454545,0.0702479338843,0.0866354202056,0.329545454545,-0.132380952381,-0.133333333333,-4,-0.0242424242424,-0.0344444444444,0,0,0,18,0,2,90,0.9,1,0,0.1,1,0.9,0.947368421053,0.938314863257,0.9,0.9,0,2,0,0,0,0
3829,WLNM_dir_neg,0.125,0.195833333333,00:00:00,10,90,26,1179281675,threshold_sweep,0.4,0,0,0,0,0,2,4,0,1,0,1,0,0,0,0.666666666667,0.666666666667,0,0,0,20,18,2,0,20,0,18,0,2,11,20,0.181818181818,3.04338842975,3.63636363636,2,2.5,1.68954001271,0.464623503495,0.245454545455,1.16774841624,0.642261628933,0.336363636364,1.94000937205,1.06700515463,0.536363636364,1.05689877454,0.347276990411,3.54545454545,3.04338842975,1.05689877454,3.54545454545,0.499047619048,0.4,8,0.0484848484848,0.255555555556,11,11,11,1,0,0.0909090909091,0.636363636364,0.272727272727,11,0.163636363636,3.11363636364,3.27272727273,1.8,2.25,1.42062726223,0.434080552347,0.227272727273,0.924416277737,0.564921058617,0.292929292929,1.68954001271,1.03249667443,0.525252525253,1.14353419474,0.367266456706,3.875,3.11363636364,1.14353419474,3.875,0.366666666667,0.266666666667,4,0.0242424242424,0.221111111111,11,11,11,1,0,0.0909090909091,0.636363636364,0.272727272727,11,18,0.163636363636,3.11363636364,3.27272727273,1.8,2.25,1.42062726223,0.434080552347,0.227272727273,0.924416277737,0.564921058617,0.292929292929,1.68954001271,1.03249667443,0.525252525253,1.14353419474,0.367266456706,3.875,3.11363636364,1.14353419474,3.875,0.366666666667,0.266666666667,4,0.0242424242424,0.221111111111,11,11,11,1,0,0.0909090909091,0.636363636364,0.272727272727,-2,-0.0181818181818,0.0702479338843,-0.363636363636,-0.2,-0.25,-0.268912750482,-0.030542951148,-0.0181818181818,-0.243332138505,-0.0773405703161,-0.0434343434343,-0.250469359339,-0.0345084801933,-0.0111111111111,0.0866354202056,0.0199894662943,0.329545454545,0.0702479338843,0.0866354202056,0.329545454545,-0.132380952381,-0.133333333333,-4,-0.0242424242424,-0.0344444444444,0,0,0,18,0,2,90,0.9,1,0,0.1,1,0.9,0.947368421053,0.938314863257,0.9,0.9,0,2,0,0,0,0
3830,WLNM_dir_neg,0.125,0.195833333333,00:00:00,10,90,26,1179281675,threshold_sweep,0.5,0,0,0,0,0,2,4,0,1,0,1,0,0,0,0.666666666667,0.666666666667,0,0,0,20,18,2,0,20,0,18,0,2,11,20,0.181818181818,3.04338842975,3.63636363636,2,2.5,1.68954001271,0.464623503495,0.245454545455,1.16774841624,0.642261628933,0.336363636364,1.94000937205,1.06700515463,0.536363636364,1.05689877454,0.347276990411,3.54545454545,3.04338842975,1.05689877454,3.54545454545,0.499047619048,0.4,8,0.0484848484848,0.255555555556,11,11,11,1,0,0.0909090909091,0.636363636364,0.272727272727,11,0.163636363636,3.11363636364,3.27272727273,1.8,2.25,1.42062726223,0.434080552347,0.227272727273,0.924416277737,0.564921058617,0.292929292929,1.68954001271,1.03249667443,0.525252525253,1.14353419474,0.367266456706,3.875,3.11363636364,1.14353419474,3.875,0.366666666667,0.266666666667,4,0.0242424242424,0.221111111111,11,11,11,1,0,0.0909090909091,0.636363636364,0.272727272727,11,18,0.163636363636,3.11363636364,3.27272727273,1.8,2.25,1.42062726223,0.434080552347,0.227272727273,0.924416277737,0.564921058617,0.292929292929,1.68954001271,1.03249667443,0.525252525253,1.14353419474,0.367266456706,3.875,3.11363636364,1.14353419474,3.875,0.366666666667,0.266666666667,4,0.0242424242424,0.221111111111,11,11,11,1,0,0.0909090909091,0.636363636364,0.272727272727,-2,-0.0181818181818,0.0702479338843,-0.363636363636,-0.2,-0.25,-0.268912750482,-0.030542951148,-0.0181818181818,-0.243332138505,-0.0773405703161,-0.0434343434343,-0.250469359339,-0.0345084801933,-0.0111111111111,0.0866354202056,0.0199894662943,0.329545454545,0.0702479338843,0.0866354202056,0.329545454545,-0.132380952381,-0.133333333333,-4,-0.0242424242424,-0.0344444444444,0,0,0,18,0,2,90,0.9,1,0,0.1,1,0.9,0.947368421053,0.938314863257,0.9,0.9,0,2,0,0,0,0
3831,WLNM_dir_neg,0.125,0.195833333333,00:00:00,10,90,26,1179281675,threshold_sweep,0.6,0,0,0,0,0,2,4,0,1,0,1,0,0,0,0.666666666667,0.666666666667,0,0,0,20,18,2,0,20,0,18,0,2,11,20,0.181818181818,3.04338842975,3.63636363636,2,2.5,1.68954001271,0.464623503495,0.245454545455,1.16774841624,0.642261628933,0.336363636364,1.94000937205,1.06700515463,0.536363636364,1.05689877454,0.347276990411,3.54545454545,3.04338842975,1.05689877454,3.54545454545,0.499047619048,0.4,8,0.0484848484848,0.255555555556,11,11,11,1,0,0.0909090909091,0.636363636364,0.272727272727,11,0.163636363636,3.11363636364,3.27272727273,1.8,2.25,1.42062726223,0.434080552347,0.227272727273,0.924416277737,0.564921058617,0.292929292929,1.68954001271,1.03249667443,0.525252525253,1.14353419474,0.367266456706,3.875,3.11363636364,1.14353419474,3.875,0.366666666667,0.266666666667,4,0.0242424242424,0.221111111111,11,11,11,1,0,0.0909090909091,0.636363636364,0.272727272727,11,18,0.163636363636,3.11363636364,3.27272727273,1.8,2.25,1.42062726223,0.434080552347,0.227272727273,0.924416277737,0.564921058617,0.292929292929,1.68954001271,1.03249667443,0.525252525253,1.14353419474,0.367266456706,3.875,3.11363636364,1.14353419474,3.875,0.366666666667,0.266666666667,4,0.0242424242424,0.221111111111,11,11,11,1,0,0.0909090909091,0.636363636364,0.272727272727,-2,-0.0181818181818,0.0702479338843,-0.363636363636,-0.2,-0.25,-0.268912750482,-0.030542951148,-0.0181818181818,-0.243332138505,-0.0773405703161,-0.0434343434343,-0.250469359339,-0.0345084801933,-0.0111111111111,0.0866354202056,0.0199894662943,0.329545454545,0.0702479338843,0.0866354202056,0.329545454545,-0.132380952381,-0.133333333333,-4,-0.0242424242424,-0.0344444444444,0,0,0,18,0,2,90,0.9,1,0,0.1,1,0.9,0.947368421053,0.938314863257,0.9,0.9,0,2,0,0,0,0
3832,WLNM_dir_neg,0.125,0.195833333333,00:00:00,10,90,26,1179281675,threshold_sweep,0.7,0,0,0,0,0,2,4,0,1,0,1,0,0,0,0.666666666667,0.666666666667,0,0,0,20,18,2,0,20,0,18,0,2,11,20,0.181818181818,3.04338842975,3.63636363636,2,2.5,1.68954001271,0.464623503495,0.245454545455,1.16774841624,0.642261628933,0.336363636364,1.94000937205,1.06700515463,0.536363636364,1.05689877454,0.347276990411,3.54545454545,3.04338842975,1.05689877454,3.54545454545,0.499047619048,0.4,8,0.0484848484848,0.255555555556,11,11,11,1,0,0.0909090909091,0.636363636364,0.272727272727,11,0.163636363636,3.11363636364,3.27272727273,1.8,2.25,1.42062726223,0.434080552347,0.227272727273,0.924416277737,0.564921058617,0.292929292929,1.68954001271,1.03249667443,0.525252525253,1.14353419474,0.367266456706,3.875,3.11363636364,1.14353419474,3.875,0.366666666667,0.266666666667,4,0.0242424242424,0.221111111111,11,11,11,1,0,0.0909090909091,0.636363636364,0.272727272727,11,18,0.163636363636,3.11363636364,3.27272727273,1.8,2.25,1.42062726223,0.434080552347,0.227272727273,0.924416277737,0.564921058617,0.292929292929,1.68954001271,1.03249667443,0.525252525253,1.14353419474,0.367266456706,3.875,3.11363636364,1.14353419474,3.875,0.366666666667,0.266666666667,4,0.0242424242424,0.221111111111,11,11,11,1,0,0.0909090909091,0.636363636364,0.272727272727,-2,-0.0181818181818,0.0702479338843,-0.363636363636,-0.2,-0.25,-0.268912750482,-0.030542951148,-0.0181818181818,-0.243332138505,-0.0773405703161,-0.0434343434343,-0.250469359339,-0.0345084801933,-0.0111111111111,0.0866354202056,0.0199894662943,0.329545454545,0.0702479338843,0.0866354202056,0.329545454545,-0.132380952381,-0.133333333333,-4,-0.0242424242424,-0.0344444444444,0,0,0,18,0,2,90,0.9,1,0,0.1,1,0.9,0.947368421053,0.938314863257,0.9,0.9,0,2,0,0,0,0
3833,WLNM_dir_neg,0.125,0.195833333333,00:00:00,10,90,26,1179281675,threshold_sweep,0.8,0,0,0,0,0,2,4,0,1,0,1,0,0,0,0.666666666667,0.666666666667,0,0,0,20,18,2,0,20,0,18,0,2,11,20,0.181818181818,3.04338842975,3.63636363636,2,2.5,1.68954001271,0.464623503495,0.245454545455,1.16774841624,0.642261628933,0.336363636364,1.94000937205,1.06700515463,0.536363636364,1.05689877454,0.347276990411,3.54545454545,3.04338842975,1.05689877454,3.54545454545,0.499047619048,0.4,8,0.0484848484848,0.255555555556,11,11,11,1,0,0.0909090909091,0.636363636364,0.272727272727,11,0.163636363636,3.11363636364,3.27272727273,1.8,2.25,1.42062726223,0.434080552347,0.227272727273,0.924416277737,0.564921058617,0.292929292929,1.68954001271,1.03249667443,0.525252525253,1.14353419474,0.367266456706,3.875,3.11363636364,1.14353419474,3.875,0.366666666667,0.266666666667,4,0.0242424242424,0.221111111111,11,11,11,1,0,0.0909090909091,0.636363636364,0.272727272727,11,18,0.163636363636,3.11363636364,3.27272727273,1.8,2.25,1.42062726223,0.434080552347,0.227272727273,0.924416277737,0.564921058617,0.292929292929,1.68954001271,1.03249667443,0.525252525253,1.14353419474,0.367266456706,3.875,3.11363636364,1.14353419474,3.875,0.366666666667,0.266666666667,4,0.0242424242424,0.221111111111,11,11,11,1,0,0.0909090909091,0.636363636364,0.272727272727,-2,-0.0181818181818,0.0702479338843,-0.363636363636,-0.2,-0.25,-0.268912750482,-0.030542951148,-0.0181818181818,-0.243332138505,-0.0773405703161,-0.0434343434343,-0.250469359339,-0.0345084801933,-0.0111111111111,0.0866354202056,0.0199894662943,0.329545454545,0.0702479338843,0.0866354202056,0.329545454545,-0.132380952381,-0.133333333333,-4,-0.0242424242424,-0.0344444444444,0,0,0,18,0,2,90,0.9,1,0,0.1,1,0.9,0.947368421053,0.938314863257,0.9,0.9,0,2,0,0,0,0
3834,WLNM_dir_neg,0.125,0.195833333333,00:00:00,10,90,26,1179281675,threshold_sweep,0.9,0,0,0,0,0,2,4,0,1,0,1,0,0,0,0.666666666667,0.666666666667,0,0,0,20,18,2,0,20,0,18,0,2,11,20,0.181818181818,3.04338842975,3.63636363636,2,2.5,1.68954001271,0.464623503495,0.245454545455,1.16774841624,0.642261628933,0.336363636364,1.94000937205,1.06700515463,0.536363636364,1.05689877454,0.347276990411,3.54545454545,3.04338842975,1.05689877454,3.54545454545,0.499047619048,0.4,8,0.0484848484848,0.255555555556,11,11,11,1,0,0.0909090909091,0.636363636364,0.272727272727,11,0.163636363636,3.11363636364,3.27272727273,1.8,2.25,1.42062726223,0.434080552347,0.227272727273,0.924416277737,0.564921058617,0.292929292929,1.68954001271,1.03249667443,0.525252525253,1.14353419474,0.367266456706,3.875,3.11363636364,1.14353419474,3.875,0.366666666667,0.266666666667,4,0.0242424242424,0.221111111111,11,11,11,1,0,0.0909090909091,0.636363636364,0.272727272727,11,18,0.163636363636,3.11363636364,3.27272727273,1.8,2.25,1.42062726223,0.434080552347,0.227272727273,0.924416277737,0.564921058617,0.292929292929,1.68954001271,1.03249667443,0.525252525253,1.14353419474,0.367266456706,3.875,3.11363636364,1.14353419474,3.875,0.366666666667,0.266666666667,4,0.0242424242424,0.221111111111,11,11,11,1,0,0.0909090909091,0.636363636364,0.272727272727,-2,-0.0181818181818,0.0702479338843,-0.363636363636,-0.2,-0.25,-0.268912750482,-0.030542951148,-0.0181818181818,-0.243332138505,-0.0773405703161,-0.0434343434343,-0.250469359339,-0.0345084801933,-0.0111111111111,0.0866354202056,0.0199894662943,0.329545454545,0.0702479338843,0.0866354202056,0.329545454545,-0.132380952381,-0.133333333333,-4,-0.0242424242424,-0.0344444444444,0,0,0,18,0,2,90,0.9,1,0,0.1,1,0.9,0.947368421053,0.938314863257,0.9,0.9,0,2,0,0,0,0
3835,WLNM_dir_neg,0.375,0.245833333333,00:00:00,10,90,27,1179281676,threshold_sweep,0.1,0.25,0.5,0.333333333333,1,3,1,1,0.5,0.25,0.75,0.5,0.25,0.5,0.333333333333,0.333333333333,0.444444444444,-0.2,-0.25,-0.25,20,18,2,0,20,0,18,0,2,11,20,0.181818181818,3.04338842975,3.63636363636,2,2.5,1.68954001271,0.464623503495,0.245454545455,1.16774841624,0.642261628933,0.336363636364,1.94000937205,1.06700515463,0.536363636364,1.05689877454,0.347276990411,3.54545454545,3.04338842975,1.05689877454,3.54545454545,0.499047619048,0.4,8,0.0484848484848,0.255555555556,11,11,11,1,0,0.0909090909091,0.636363636364,0.272727272727,11,0.163636363636,3.11060606061,3.27272727273,1.8,2.25,1.67874411933,0.512949592017,0.262626262626,0.924416277737,0.564921058617,0.292929292929,1.91168654715,1.16825288992,0.555555555556,1.16595865963,0.374833275867,3.93333333333,3.11060606061,1.16595865963,3.93333333333,0.565714285714,0.36,6,0.0363636363636,0.245185185185,11,11,11,1,0,0.0909090909091,0.636363636364,0.272727272727,11,22,0.2,NaN,4,2,2.75,1.61245154966,0.403112887415,0.206611570248,1,0.5,0.247933884298,2,1,0.520661157025,NaN,NaN,NaN,NaN,NaN,NaN,0.355238095238,0.333333333333,8,0.0484848484848,0.200909090909,11,11,0,1,2,0,0.727272727273,0.272727272727,2,0.0181818181818,NaN,0.363636363636,0,0.25,-0.0770884630495,-0.0615106160801,-0.0388429752066,-0.167748416242,-0.142261628933,-0.0884297520661,0.0599906279514,-0.0670051546267,-0.0157024793388,NaN,NaN,NaN,NaN,NaN,NaN,-0.14380952381,-0.0666666666667,0,0,-0.0546464646465,-0.0909090909091,0.0909090909091,0,19,3,1,87,0.95,0.966666666667,0.0333333333333,0.05,0.863636363636,0.95,0.904761904762,0.883883476483,0.916666666667,0.826086956522,4,2,0,0,0,0
3836,WLNM_dir_neg,0.375,0.245833333333,00:00:00,10,90,27,1179281676,threshold_sweep,0.2,0.333333333333,0.5,0.4,1,2,1,2,0.5,0.5,0.5,0.5,0.333333333333,0.5,0.4,0.5,0.5,0,0,0,20,18,2,0,20,0,18,0,2,11,20,0.181818181818,3.04338842975,3.63636363636,2,2.5,1.68954001271,0.464623503495,0.245454545455,1.16774841624,0.642261628933,0.336363636364,1.94000937205,1.06700515463,0.536363636364,1.05689877454,0.347276990411,3.54545454545,3.04338842975,1.05689877454,3.54545454545,0.499047619048,0.4,8,0.0484848484848,0.255555555556,11,11,11,1,0,0.0909090909091,0.636363636364,0.272727272727,11,0.163636363636,3.11060606061,3.27272727273,1.8,2.25,1.67874411933,0.512949592017,0.262626262626,0.924416277737,0.564921058617,0.292929292929,1.91168654715,1.16825288992,0.555555555556,1.16595865963,0.374833275867,3.93333333333,3.11060606061,1.16595865963,3.93333333333,0.565714285714,0.36,6,0.0363636363636,0.245185185185,11,11,11,1,0,0.0909090909091,0.636363636364,0.272727272727,11,21,0.190909090909,3.18181818182,3.81818181818,2.1,2.625,1.60113596038,0.419345132482,0.21645021645,1.13618180363,0.595142849523,0.30303030303,2.02259958739,1.05945692673,0.536796536797,1.07936335519,0.339228483059,3.75,3.18181818182,1.07936335519,3.75,0.405238095238,0.363636363636,8,0.0484848484848,0.238148148148,11,11,11,1,0,0.0909090909091,0.636363636364,0.272727272727,1,0.00909090909091,0.138429752066,0.181818181818,0.1,0.125,-0.0884040523247,-0.0452783710134,-0.0290043290043,-0.0315666126082,-0.0471187794107,-0.0333333333333,0.0825902153411,-0.00754822789877,0.0004329004329,0.0224645806523,-0.00804850735186,0.204545454545,0.138429752066,0.0224645806523,0.204545454545,-0.0938095238095,-0.0363636363636,0,0,-0.0174074074074,0,0,0,19,2,1,88,0.95,0.977777777778,0.0222222222222,0.05,0.904761904762,0.95,0.926829268293,0.910490812697,0.927777777778,0.863636363636,3,2,0,0,0,0
3837,WLNM_dir_neg,0.375,0.245833333333,00:00:00,10,90,27,1179281676,threshold_sweep,0.3,0.333333333333,0.5,0.4,1,2,1,2,0.5,0.5,0.5,0.5,0.333333333333,0.5,0.4,0.5,0.5,0,0,0,20,18,2,0,20,0,18,0,2,11,20,0.181818181818,3.04338842975,3.63636363636,2,2.5,1.68954001271,0.464623503495,0.245454545455,1.16774841624,0.642261628933,0.336363636364,1.94000937205,1.06700515463,0.536363636364,1.05689877454,0.347276990411,3.54545454545,3.04338842975,1.05689877454,3.54545454545,0.499047619048,0.4,8,0.0484848484848,0.255555555556,11,11,11,1,0,0.0909090909091,0.636363636364,0.272727272727,11,0.163636363636,3.11060606061,3.27272727273,1.8,2.25,1.67874411933,0.512949592017,0.262626262626,0.924416277737,0.564921058617,0.292929292929,1.91168654715,1.16825288992,0.555555555556,1.16595865963,0.374833275867,3.93333333333,3.11060606061,1.16595865963,3.93333333333,0.565714285714,0.36,6,0.0363636363636,0.245185185185,11,11,11,1,0,0.0909090909091,0.636363636364,0.272727272727,11,21,0.190909090909,3.18181818182,3.81818181818,2.1,2.625,1.60113596038,0.419345132482,0.21645021645,1.13618180363,0.595142849523,0.30303030303,2.02259958739,1.05945692673,0.536796536797,1.07936335519,0.339228483059,3.75,3.18181818182,1.07936335519,3.75,0.405238095238,0.363636363636,8,0.0484848484848,0.238148148148,11,11,11,1,0,0.0909090909091,0.636363636364,0.272727272727,1,0.00909090909091,0.138429752066,0.181818181818,0.1,0.125,-0.0884040523247,-0.0452783710134,-0.0290043290043,-0.0315666126082,-0.0471187794107,-0.0333333333333,0.0825902153411,-0.00754822789877,0.0004329004329,0.0224645806523,-0.00804850735186,0.204545454545,0.138429752066,0.0224645806523,0.204545454545,-0.0938095238095,-0.0363636363636,0,0,-0.0174074074074,0,0,0,19,2,1,88,0.95,0.977777777778,0.0222222222222,0.05,0.904761904762,0.95,0.926829268293,0.910490812697,0.927777777778,0.863636363636,3,2,0,0,0,0
3838,WLNM_dir_neg,0.375,0.245833333333,00:00:00,10,90,27,1179281676,threshold_sweep,0.4,0.333333333333,0.5,0.4,1,2,1,2,0.5,0.5,0.5,0.5,0.333333333333,0.5,0.4,0.5,0.5,0,0,0,20,18,2,0,20,0,18,0,2,11,20,0.181818181818,3.04338842975,3.63636363636,2,2.5,1.68954001271,0.464623503495,0.245454545455,1.16774841624,0.642261628933,0.336363636364,1.94000937205,1.06700515463,0.536363636364,1.05689877454,0.347276990411,3.54545454545,3.04338842975,1.05689877454,3.54545454545,0.499047619048,0.4,8,0.0484848484848,0.255555555556,11,11,11,1,0,0.0909090909091,0.636363636364,0.272727272727,11,0.163636363636,3.11060606061,3.27272727273,1.8,2.25,1.67874411933,0.512949592017,0.262626262626,0.924416277737,0.564921058617,0.292929292929,1.91168654715,1.16825288992,0.555555555556,1.16595865963,0.374833275867,3.93333333333,3.11060606061,1.16595865963,3.93333333333,0.565714285714,0.36,6,0.0363636363636,0.245185185185,11,11,11,1,0,0.0909090909091,0.636363636364,0.272727272727,11,21,0.190909090909,3.18181818182,3.81818181818,2.1,2.625,1.60113596038,0.419345132482,0.21645021645,1.13618180363,0.595142849523,0.30303030303,2.02259958739,1.05945692673,0.536796536797,1.07936335519,0.339228483059,3.75,3.18181818182,1.07936335519,3.75,0.405238095238,0.363636363636,8,0.0484848484848,0.238148148148,11,11,11,1,0,0.0909090909091,0.636363636364,0.272727272727,1,0.00909090909091,0.138429752066,0.181818181818,0.1,0.125,-0.0884040523247,-0.0452783710134,-0.0290043290043,-0.0315666126082,-0.0471187794107,-0.0333333333333,0.0825902153411,-0.00754822789877,0.0004329004329,0.0224645806523,-0.00804850735186,0.204545454545,0.138429752066,0.0224645806523,0.204545454545,-0.0938095238095,-0.0363636363636,0,0,-0.0174074074074,0,0,0,19,2,1,88,0.95,0.977777777778,0.0222222222222,0.05,0.904761904762,0.95,0.926829268293,0.910490812697,0.927777777778,0.863636363636,3,2,0,0,0,0
3839,WLNM_dir_neg,0.375,0.245833333333,00:00:00,10,90,27,1179281676,threshold_sweep,0.5,0.333333333333,0.5,0.4,1,2,1,2,0.5,0.5,0.5,0.5,0.333333333333,0.5,0.4,0.5,0.5,0,0,0,20,18,2,0,20,0,18,0,2,11,20,0.181818181818,3.04338842975,3.63636363636,2,2.5,1.68954001271,0.464623503495,0.245454545455,1.16774841624,0.642261628933,0.336363636364,1.94000937205,1.06700515463,0.536363636364,1.05689877454,0.347276990411,3.54545454545,3.04338842975,1.05689877454,3.54545454545,0.499047619048,0.4,8,0.0484848484848,0.255555555556,11,11,11,1,0,0.0909090909091,0.636363636364,0.272727272727,11,0.163636363636,3.11060606061,3.27272727273,1.8,2.25,1.67874411933,0.512949592017,0.262626262626,0.924416277737,0.564921058617,0.292929292929,1.91168654715,1.16825288992,0.555555555556,1.16595865963,0.374833275867,3.93333333333,3.11060606061,1.16595865963,3.93333333333,0.565714285714,0.36,6,0.0363636363636,0.245185185185,11,11,11,1,0,0.0909090909091,0.636363636364,0.272727272727,11,21,0.190909090909,3.18181818182,3.81818181818,2.1,2.625,1.60113596038,0.419345132482,0.21645021645,1.13618180363,0.595142849523,0.30303030303,2.02259958739,1.05945692673,0.536796536797,1.07936335519,0.339228483059,3.75,3.18181818182,1.07936335519,3.75,0.405238095238,0.363636363636,8,0.0484848484848,0.238148148148,11,11,11,1,0,0.0909090909091,0.636363636364,0.272727272727,1,0.00909090909091,0.138429752066,0.181818181818,0.1,0.125,-0.0884040523247,-0.0452783710134,-0.0290043290043,-0.0315666126082,-0.0471187794107,-0.0333333333333,0.0825902153411,-0.00754822789877,0.0004329004329,0.0224645806523,-0.00804850735186,0.204545454545,0.138429752066,0.0224645806523,0.204545454545,-0.0938095238095,-0.0363636363636,0,0,-0.0174074074074,0,0,0,19,2,1,88,0.95,0.977777777778,0.0222222222222,0.05,0.904761904762,0.95,0.926829268293,0.910490812697,0.927777777778,0.863636363636,3,2,0,0,0,0
3840,WLNM_dir_neg,0.375,0.245833333333,00:00:00,10,90,27,1179281676,threshold_sweep,0.6,0.333333333333,0.5,0.4,1,2,1,2,0.5,0.5,0.5,0.5,0.333333333333,0.5,0.4,0.5,0.5,0,0,0,20,18,2,0,20,0,18,0,2,11,20,0.181818181818,3.04338842975,3.63636363636,2,2.5,1.68954001271,0.464623503495,0.245454545455,1.16774841624,0.642261628933,0.336363636364,1.94000937205,1.06700515463,0.536363636364,1.05689877454,0.347276990411,3.54545454545,3.04338842975,1.05689877454,3.54545454545,0.499047619048,0.4,8,0.0484848484848,0.255555555556,11,11,11,1,0,0.0909090909091,0.636363636364,0.272727272727,11,0.163636363636,3.11060606061,3.27272727273,1.8,2.25,1.67874411933,0.512949592017,0.262626262626,0.924416277737,0.564921058617,0.292929292929,1.91168654715,1.16825288992,0.555555555556,1.16595865963,0.374833275867,3.93333333333,3.11060606061,1.16595865963,3.93333333333,0.565714285714,0.36,6,0.0363636363636,0.245185185185,11,11,11,1,0,0.0909090909091,0.636363636364,0.272727272727,11,21,0.190909090909,3.18181818182,3.81818181818,2.1,2.625,1.60113596038,0.419345132482,0.21645021645,1.13618180363,0.595142849523,0.30303030303,2.02259958739,1.05945692673,0.536796536797,1.07936335519,0.339228483059,3.75,3.18181818182,1.07936335519,3.75,0.405238095238,0.363636363636,8,0.0484848484848,0.238148148148,11,11,11,1,0,0.0909090909091,0.636363636364,0.272727272727,1,0.00909090909091,0.138429752066,0.181818181818,0.1,0.125,-0.0884040523247,-0.0452783710134,-0.0290043290043,-0.0315666126082,-0.0471187794107,-0.0333333333333,0.0825902153411,-0.00754822789877,0.0004329004329,0.0224645806523,-0.00804850735186,0.204545454545,0.138429752066,0.0224645806523,0.204545454545,-0.0938095238095,-0.0363636363636,0,0,-0.0174074074074,0,0,0,19,2,1,88,0.95,0.977777777778,0.0222222222222,0.05,0.904761904762,0.95,0.926829268293,0.910490812697,0.927777777778,0.863636363636,3,2,0,0,0,0
3841,WLNM_dir_neg,0.375,0.245833333333,00:00:00,10,90,27,1179281676,threshold_sweep,0.7,0.333333333333,0.5,0.4,1,2,1,2,0.5,0.5,0.5,0.5,0.333333333333,0.5,0.4,0.5,0.5,0,0,0,20,18,2,0,20,0,18,0,2,11,20,0.181818181818,3.04338842975,3.63636363636,2,2.5,1.68954001271,0.464623503495,0.245454545455,1.16774841624,0.642261628933,0.336363636364,1.94000937205,1.06700515463,0.536363636364,1.05689877454,0.347276990411,3.54545454545,3.04338842975,1.05689877454,3.54545454545,0.499047619048,0.4,8,0.0484848484848,0.255555555556,11,11,11,1,0,0.0909090909091,0.636363636364,0.272727272727,11,0.163636363636,3.11060606061,3.27272727273,1.8,2.25,1.67874411933,0.512949592017,0.262626262626,0.924416277737,0.564921058617,0.292929292929,1.91168654715,1.16825288992,0.555555555556,1.16595865963,0.374833275867,3.93333333333,3.11060606061,1.16595865963,3.93333333333,0.565714285714,0.36,6,0.0363636363636,0.245185185185,11,11,11,1,0,0.0909090909091,0.636363636364,0.272727272727,11,21,0.190909090909,3.18181818182,3.81818181818,2.1,2.625,1.60113596038,0.419345132482,0.21645021645,1.13618180363,0.595142849523,0.30303030303,2.02259958739,1.05945692673,0.536796536797,1.07936335519,0.339228483059,3.75,3.18181818182,1.07936335519,3.75,0.405238095238,0.363636363636,8,0.0484848484848,0.238148148148,11,11,11,1,0,0.0909090909091,0.636363636364,0.272727272727,1,0.00909090909091,0.138429752066,0.181818181818,0.1,0.125,-0.0884040523247,-0.0452783710134,-0.0290043290043,-0.0315666126082,-0.0471187794107,-0.0333333333333,0.0825902153411,-0.00754822789877,0.0004329004329,0.0224645806523,-0.00804850735186,0.204545454545,0.138429752066,0.0224645806523,0.204545454545,-0.0938095238095,-0.0363636363636,0,0,-0.0174074074074,0,0,0,19,2,1,88,0.95,0.977777777778,0.0222222222222,0.05,0.904761904762,0.95,0.926829268293,0.910490812697,0.927777777778,0.863636363636,3,2,0,0,0,0
3842,WLNM_dir_neg,0.375,0.245833333333,00:00:00,10,90,27,1179281676,threshold_sweep,0.8,0,0,0,0,2,2,2,0,0.5,0.5,1,0,0,0,0.333333333333,0.555555555556,-0.5,-0.5,-0.5,20,18,2,0,20,0,18,0,2,11,20,0.181818181818,3.04338842975,3.63636363636,2,2.5,1.68954001271,0.464623503495,0.245454545455,1.16774841624,0.642261628933,0.336363636364,1.94000937205,1.06700515463,0.536363636364,1.05689877454,0.347276990411,3.54545454545,3.04338842975,1.05689877454,3.54545454545,0.499047619048,0.4,8,0.0484848484848,0.255555555556,11,11,11,1,0,0.0909090909091,0.636363636364,0.272727272727,11,0.163636363636,3.11060606061,3.27272727273,1.8,2.25,1.67874411933,0.512949592017,0.262626262626,0.924416277737,0.564921058617,0.292929292929,1.91168654715,1.16825288992,0.555555555556,1.16595865963,0.374833275867,3.93333333333,3.11060606061,1.16595865963,3.93333333333,0.565714285714,0.36,6,0.0363636363636,0.245185185185,11,11,11,1,0,0.0909090909091,0.636363636364,0.272727272727,11,20,0.181818181818,3.22424242424,3.63636363636,2,2.5,1.5666989036,0.43084219849,0.218181818182,1.07871977994,0.593295878968,0.309090909091,1.94000937205,1.06700515463,0.536363636364,1.14514345623,0.355166673456,3.93333333333,3.22424242424,1.14514345623,3.93333333333,0.491904761905,0.4,8,0.0484848484848,0.226666666667,11,11,11,1,0,0.0909090909091,0.636363636364,0.272727272727,0,0,0.18085399449,0,0,0,-0.122841109108,-0.0337813050047,-0.0272727272727,-0.0890286363011,-0.0489657499656,-0.0272727272727,0,0,0,0.0882446816962,0.00788968304444,0.387878787879,0.18085399449,0.0882446816962,0.387878787879,-0.00714285714286,0,0,0,-0.0288888888889,0,0,0,18,2,2,88,0.9,0.977777777778,0.0222222222222,0.1,0.9,0.9,0.9,0.877777777778,0.877777777778,0.818181818182,2,2,0,0,0,0
3843,WLNM_dir_neg,0.375,0.245833333333,00:00:00,10,90,27,1179281676,threshold_sweep,0.9,0,0,0,0,0,2,4,0,1,0,1,0,0,0,0.666666666667,0.666666666667,0,0,0,20,18,2,0,20,0,18,0,2,11,20,0.181818181818,3.04338842975,3.63636363636,2,2.5,1.68954001271,0.464623503495,0.245454545455,1.16774841624,0.642261628933,0.336363636364,1.94000937205,1.06700515463,0.536363636364,1.05689877454,0.347276990411,3.54545454545,3.04338842975,1.05689877454,3.54545454545,0.499047619048,0.4,8,0.0484848484848,0.255555555556,11,11,11,1,0,0.0909090909091,0.636363636364,0.272727272727,11,0.163636363636,3.11060606061,3.27272727273,1.8,2.25,1.67874411933,0.512949592017,0.262626262626,0.924416277737,0.564921058617,0.292929292929,1.91168654715,1.16825288992,0.555555555556,1.16595865963,0.374833275867,3.93333333333,3.11060606061,1.16595865963,3.93333333333,0.565714285714,0.36,6,0.0363636363636,0.245185185185,11,11,11,1,0,0.0909090909091,0.636363636364,0.272727272727,11,18,0.163636363636,3.11060606061,3.27272727273,1.8,2.25,1.67874411933,0.512949592017,0.262626262626,0.924416277737,0.564921058617,0.292929292929,1.91168654715,1.16825288992,0.555555555556,1.16595865963,0.374833275867,3.93333333333,3.11060606061,1.16595865963,3.93333333333,0.565714285714,0.36,6,0.0363636363636,0.245185185185,11,11,11,1,0,0.0909090909091,0.636363636364,0.272727272727,-2,-0.0181818181818,0.067217630854,-0.363636363636,-0.2,-0.25,-0.0107958933802,0.0483260885222,0.0171717171717,-0.243332138505,-0.0773405703161,-0.0434343434343,-0.0283228249009,0.101247735297,0.0191919191919,0.10905988509,0.0275562854552,0.387878787879,0.067217630854,0.10905988509,0.387878787879,0.0666666666667,-0.04,-2,-0.0121212121212,-0.0103703703704,0,0,0,18,0,2,90,0.9,1,0,0.1,1,0.9,0.947368421053,0.938314863257,0.9,0.9,0,2,0,0,0,0
3844,WLNM_dir_neg,0.75,0.208333333333,00:00:00,10,90,28,1179281677,threshold_sweep,0.1,1,0.5,0.666666666667,1,0,1,4,0.5,1,0,0.5,1,0.5,0.666666666667,0.833333333333,0.611111111111,0.571428571429,0.632455532034,0.5,20,18,2,0,20,0,18,0,2,11,20,0.181818181818,3.04338842975,3.63636363636,2,2.5,1.68954001271,0.464623503495,0.245454545455,1.16774841624,0.642261628933,0.336363636364,1.94000937205,1.06700515463,0.536363636364,1.05689877454,0.347276990411,3.54545454545,3.04338842975,1.05689877454,3.54545454545,0.499047619048,0.4,8,0.0484848484848,0.255555555556,11,11,11,1,0,0.0909090909091,0.636363636364,0.272727272727,11,0.163636363636,3.13636363636,3.27272727273,1.8,2.25,1.67874411933,0.512949592017,0.252525252525,1.0269106361,0.627556499842,0.323232323232,1.80403587951,1.10246637081,0.535353535354,1.09815041931,0.350134916302,3.75,3.13636363636,1.09815041931,3.75,0.430952380952,0.30612244898,5,0.030303030303,0.255185185185,11,11,11,1,0,0.0909090909091,0.636363636364,0.272727272727,11,19,0.172727272727,3.11157024793,3.45454545455,1.9,2.375,1.80906806747,0.523677598477,0.272727272727,1.19087439228,0.689453595529,0.354066985646,1.90215189146,1.1012458319,0.545454545455,1.0602655888,0.340749365856,3.54545454545,3.11157024793,1.0602655888,3.54545454545,0.494285714286,0.375,7,0.0424242424242,0.268518518519,11,11,11,1,0,0.0909090909091,0.636363636364,0.272727272727,-1,-0.00909090909091,0.0681818181818,-0.181818181818,-0.1,-0.125,0.119528054757,0.0590540949821,0.0272727272727,0.023125976035,0.0471919665957,0.0177033492823,-0.0378574805894,0.0342406772707,0.00909090909091,0.00336681426204,-0.00652762455561,0,0.0681818181818,0.00336681426204,0,-0.0047619047619,-0.025,-1,-0.00606060606061,0.012962962963,0,0,0,19,0,1,90,0.95,1,0,0.05,1,0.95,0.974358974359,0.969309258988,0.95,0.95,1,2,0,0,0,0
3845,WLNM_dir_neg,0.75,0.208333333333,00:00:00,10,90,28,1179281677,threshold_sweep,0.2,1,0.5,0.666666666667,1,0,1,4,0.5,1,0,0.5,1,0.5,0.666666666667,0.833333333333,0.611111111111,0.571428571429,0.632455532034,0.5,20,18,2,0,20,0,18,0,2,11,20,0.181818181818,3.04338842975,3.63636363636,2,2.5,1.68954001271,0.464623503495,0.245454545455,1.16774841624,0.642261628933,0.336363636364,1.94000937205,1.06700515463,0.536363636364,1.05689877454,0.347276990411,3.54545454545,3.04338842975,1.05689877454,3.54545454545,0.499047619048,0.4,8,0.0484848484848,0.255555555556,11,11,11,1,0,0.0909090909091,0.636363636364,0.272727272727,11,0.163636363636,3.13636363636,3.27272727273,1.8,2.25,1.67874411933,0.512949592017,0.252525252525,1.0269106361,0.627556499842,0.323232323232,1.80403587951,1.10246637081,0.535353535354,1.09815041931,0.350134916302,3.75,3.13636363636,1.09815041931,3.75,0.430952380952,0.30612244898,5,0.030303030303,0.255185185185,11,11,11,1,0,0.0909090909091,0.636363636364,0.272727272727,11,19,0.172727272727,3.11157024793,3.45454545455,1.9,2.375,1.80906806747,0.523677598477,0.272727272727,1.19087439228,0.689453595529,0.354066985646,1.90215189146,1.1012458319,0.545454545455,1.0602655888,0.340749365856,3.54545454545,3.11157024793,1.0602655888,3.54545454545,0.494285714286,0.375,7,0.0424242424242,0.268518518519,11,11,11,1,0,0.0909090909091,0.636363636364,0.272727272727,-1,-0.00909090909091,0.0681818181818,-0.181818181818,-0.1,-0.125,0.119528054757,0.0590540949821,0.0272727272727,0.023125976035,0.0471919665957,0.0177033492823,-0.0378574805894,0.0342406772707,0.00909090909091,0.00336681426204,-0.00652762455561,0,0.0681818181818,0.00336681426204,0,-0.0047619047619,-0.025,-1,-0.00606060606061,0.012962962963,0,0,0,19,0,1,90,0.95,1,0,0.05,1,0.95,0.974358974359,0.969309258988,0.95,0.95,1,2,0,0,0,0
3846,WLNM_dir_neg,0.75,0.208333333333,00:00:00,10,90,28,1179281677,threshold_sweep,0.3,1,0.5,0.666666666667,1,0,1,4,0.5,1,0,0.5,1,0.5,0.666666666667,0.833333333333,0.611111111111,0.571428571429,0.632455532034,0.5,20,18,2,0,20,0,18,0,2,11,20,0.181818181818,3.04338842975,3.63636363636,2,2.5,1.68954001271,0.464623503495,0.245454545455,1.16774841624,0.642261628933,0.336363636364,1.94000937205,1.06700515463,0.536363636364,1.05689877454,0.347276990411,3.54545454545,3.04338842975,1.05689877454,3.54545454545,0.499047619048,0.4,8,0.0484848484848,0.255555555556,11,11,11,1,0,0.0909090909091,0.636363636364,0.272727272727,11,0.163636363636,3.13636363636,3.27272727273,1.8,2.25,1.67874411933,0.512949592017,0.252525252525,1.0269106361,0.627556499842,0.323232323232,1.80403587951,1.10246637081,0.535353535354,1.09815041931,0.350134916302,3.75,3.13636363636,1.09815041931,3.75,0.430952380952,0.30612244898,5,0.030303030303,0.255185185185,11,11,11,1,0,0.0909090909091,0.636363636364,0.272727272727,11,19,0.172727272727,3.11157024793,3.45454545455,1.9,2.375,1.80906806747,0.523677598477,0.272727272727,1.19087439228,0.689453595529,0.354066985646,1.90215189146,1.1012458319,0.545454545455,1.0602655888,0.340749365856,3.54545454545,3.11157024793,1.0602655888,3.54545454545,0.494285714286,0.375,7,0.0424242424242,0.268518518519,11,11,11,1,0,0.0909090909091,0.636363636364,0.272727272727,-1,-0.00909090909091,0.0681818181818,-0.181818181818,-0.1,-0.125,0.119528054757,0.0590540949821,0.0272727272727,0.023125976035,0.0471919665957,0.0177033492823,-0.0378574805894,0.0342406772707,0.00909090909091,0.00336681426204,-0.00652762455561,0,0.0681818181818,0.00336681426204,0,-0.0047619047619,-0.025,-1,-0.00606060606061,0.012962962963,0,0,0,19,0,1,90,0.95,1,0,0.05,1,0.95,0.974358974359,0.969309258988,0.95,0.95,1,2,0,0,0,0
3847,WLNM_dir_neg,0.75,0.208333333333,00:00:00,10,90,28,1179281677,threshold_sweep,0.4,1,0.5,0.666666666667,1,0,1,4,0.5,1,0,0.5,1,0.5,0.666666666667,0.833333333333,0.611111111111,0.571428571429,0.632455532034,0.5,20,18,2,0,20,0,18,0,2,11,20,0.181818181818,3.04338842975,3.63636363636,2,2.5,1.68954001271,0.464623503495,0.245454545455,1.16774841624,0.642261628933,0.336363636364,1.94000937205,1.06700515463,0.536363636364,1.05689877454,0.347276990411,3.54545454545,3.04338842975,1.05689877454,3.54545454545,0.499047619048,0.4,8,0.0484848484848,0.255555555556,11,11,11,1,0,0.0909090909091,0.636363636364,0.272727272727,11,0.163636363636,3.13636363636,3.27272727273,1.8,2.25,1.67874411933,0.512949592017,0.252525252525,1.0269106361,0.627556499842,0.323232323232,1.80403587951,1.10246637081,0.535353535354,1.09815041931,0.350134916302,3.75,3.13636363636,1.09815041931,3.75,0.430952380952,0.30612244898,5,0.030303030303,0.255185185185,11,11,11,1,0,0.0909090909091,0.636363636364,0.272727272727,11,19,0.172727272727,3.11157024793,3.45454545455,1.9,2.375,1.80906806747,0.523677598477,0.272727272727,1.19087439228,0.689453595529,0.354066985646,1.90215189146,1.1012458319,0.545454545455,1.0602655888,0.340749365856,3.54545454545,3.11157024793,1.0602655888,3.54545454545,0.494285714286,0.375,7,0.0424242424242,0.268518518519,11,11,11,1,0,0.0909090909091,0.636363636364,0.272727272727,-1,-0.00909090909091,0.0681818181818,-0.181818181818,-0.1,-0.125,0.119528054757,0.0590540949821,0.0272727272727,0.023125976035,0.0471919665957,0.0177033492823,-0.0378574805894,0.0342406772707,0.00909090909091,0.00336681426204,-0.00652762455561,0,0.0681818181818,0.00336681426204,0,-0.0047619047619,-0.025,-1,-0.00606060606061,0.012962962963,0,0,0,19,0,1,90,0.95,1,0,0.05,1,0.95,0.974358974359,0.969309258988,0.95,0.95,1,2,0,0,0,0
3848,WLNM_dir_neg,0.75,0.208333333333,00:00:00,10,90,28,1179281677,threshold_sweep,0.5,1,0.5,0.666666666667,1,0,1,4,0.5,1,0,0.5,1,0.5,0.666666666667,0.833333333333,0.611111111111,0.571428571429,0.632455532034,0.5,20,18,2,0,20,0,18,0,2,11,20,0.181818181818,3.04338842975,3.63636363636,2,2.5,1.68954001271,0.464623503495,0.245454545455,1.16774841624,0.642261628933,0.336363636364,1.94000937205,1.06700515463,0.536363636364,1.05689877454,0.347276990411,3.54545454545,3.04338842975,1.05689877454,3.54545454545,0.499047619048,0.4,8,0.0484848484848,0.255555555556,11,11,11,1,0,0.0909090909091,0.636363636364,0.272727272727,11,0.163636363636,3.13636363636,3.27272727273,1.8,2.25,1.67874411933,0.512949592017,0.252525252525,1.0269106361,0.627556499842,0.323232323232,1.80403587951,1.10246637081,0.535353535354,1.09815041931,0.350134916302,3.75,3.13636363636,1.09815041931,3.75,0.430952380952,0.30612244898,5,0.030303030303,0.255185185185,11,11,11,1,0,0.0909090909091,0.636363636364,0.272727272727,11,19,0.172727272727,3.11157024793,3.45454545455,1.9,2.375,1.80906806747,0.523677598477,0.272727272727,1.19087439228,0.689453595529,0.354066985646,1.90215189146,1.1012458319,0.545454545455,1.0602655888,0.340749365856,3.54545454545,3.11157024793,1.0602655888,3.54545454545,0.494285714286,0.375,7,0.0424242424242,0.268518518519,11,11,11,1,0,0.0909090909091,0.636363636364,0.272727272727,-1,-0.00909090909091,0.0681818181818,-0.181818181818,-0.1,-0.125,0.119528054757,0.0590540949821,0.0272727272727,0.023125976035,0.0471919665957,0.0177033492823,-0.0378574805894,0.0342406772707,0.00909090909091,0.00336681426204,-0.00652762455561,0,0.0681818181818,0.00336681426204,0,-0.0047619047619,-0.025,-1,-0.00606060606061,0.012962962963,0,0,0,19,0,1,90,0.95,1,0,0.05,1,0.95,0.974358974359,0.969309258988,0.95,0.95,1,2,0,0,0,0
3849,WLNM_dir_neg,0.75,0.208333333333,00:00:00,10,90,28,1179281677,threshold_sweep,0.6,1,0.5,0.666666666667,1,0,1,4,0.5,1,0,0.5,1,0.5,0.666666666667,0.833333333333,0.611111111111,0.571428571429,0.632455532034,0.5,20,18,2,0,20,0,18,0,2,11,20,0.181818181818,3.04338842975,3.63636363636,2,2.5,1.68954001271,0.464623503495,0.245454545455,1.16774841624,0.642261628933,0.336363636364,1.94000937205,1.06700515463,0.536363636364,1.05689877454,0.347276990411,3.54545454545,3.04338842975,1.05689877454,3.54545454545,0.499047619048,0.4,8,0.0484848484848,0.255555555556,11,11,11,1,0,0.0909090909091,0.636363636364,0.272727272727,11,0.163636363636,3.13636363636,3.27272727273,1.8,2.25,1.67874411933,0.512949592017,0.252525252525,1.0269106361,0.627556499842,0.323232323232,1.80403587951,1.10246637081,0.535353535354,1.09815041931,0.350134916302,3.75,3.13636363636,1.09815041931,3.75,0.430952380952,0.30612244898,5,0.030303030303,0.255185185185,11,11,11,1,0,0.0909090909091,0.636363636364,0.272727272727,11,19,0.172727272727,3.11157024793,3.45454545455,1.9,2.375,1.80906806747,0.523677598477,0.272727272727,1.19087439228,0.689453595529,0.354066985646,1.90215189146,1.1012458319,0.545454545455,1.0602655888,0.340749365856,3.54545454545,3.11157024793,1.0602655888,3.54545454545,0.494285714286,0.375,7,0.0424242424242,0.268518518519,11,11,11,1,0,0.0909090909091,0.636363636364,0.272727272727,-1,-0.00909090909091,0.0681818181818,-0.181818181818,-0.1,-0.125,0.119528054757,0.0590540949821,0.0272727272727,0.023125976035,0.0471919665957,0.0177033492823,-0.0378574805894,0.0342406772707,0.00909090909091,0.00336681426204,-0.00652762455561,0,0.0681818181818,0.00336681426204,0,-0.0047619047619,-0.025,-1,-0.00606060606061,0.012962962963,0,0,0,19,0,1,90,0.95,1,0,0.05,1,0.95,0.974358974359,0.969309258988,0.95,0.95,1,2,0,0,0,0
3850,WLNM_dir_neg,0.75,0.208333333333,00:00:00,10,90,28,1179281677,threshold_sweep,0.7,1,0.5,0.666666666667,1,0,1,4,0.5,1,0,0.5,1,0.5,0.666666666667,0.833333333333,0.611111111111,0.571428571429,0.632455532034,0.5,20,18,2,0,20,0,18,0,2,11,20,0.181818181818,3.04338842975,3.63636363636,2,2.5,1.68954001271,0.464623503495,0.245454545455,1.16774841624,0.642261628933,0.336363636364,1.94000937205,1.06700515463,0.536363636364,1.05689877454,0.347276990411,3.54545454545,3.04338842975,1.05689877454,3.54545454545,0.499047619048,0.4,8,0.0484848484848,0.255555555556,11,11,11,1,0,0.0909090909091,0.636363636364,0.272727272727,11,0.163636363636,3.13636363636,3.27272727273,1.8,2.25,1.67874411933,0.512949592017,0.252525252525,1.0269106361,0.627556499842,0.323232323232,1.80403587951,1.10246637081,0.535353535354,1.09815041931,0.350134916302,3.75,3.13636363636,1.09815041931,3.75,0.430952380952,0.30612244898,5,0.030303030303,0.255185185185,11,11,11,1,0,0.0909090909091,0.636363636364,0.272727272727,11,19,0.172727272727,3.11157024793,3.45454545455,1.9,2.375,1.80906806747,0.523677598477,0.272727272727,1.19087439228,0.689453595529,0.354066985646,1.90215189146,1.1012458319,0.545454545455,1.0602655888,0.340749365856,3.54545454545,3.11157024793,1.0602655888,3.54545454545,0.494285714286,0.375,7,0.0424242424242,0.268518518519,11,11,11,1,0,0.0909090909091,0.636363636364,0.272727272727,-1,-0.00909090909091,0.0681818181818,-0.181818181818,-0.1,-0.125,0.119528054757,0.0590540949821,0.0272727272727,0.023125976035,0.0471919665957,0.0177033492823,-0.0378574805894,0.0342406772707,0.00909090909091,0.00336681426204,-0.00652762455561,0,0.0681818181818,0.00336681426204,0,-0.0047619047619,-0.025,-1,-0.00606060606061,0.012962962963,0,0,0,19,0,1,90,0.95,1,0,0.05,1,0.95,0.974358974359,0.969309258988,0.95,0.95,1,2,0,0,0,0
3851,WLNM_dir_neg,0.75,0.208333333333,00:00:00,10,90,28,1179281677,threshold_sweep,0.8,1,0.5,0.666666666667,1,0,1,4,0.5,1,0,0.5,1,0.5,0.666666666667,0.833333333333,0.611111111111,0.571428571429,0.632455532034,0.5,20,18,2,0,20,0,18,0,2,11,20,0.181818181818,3.04338842975,3.63636363636,2,2.5,1.68954001271,0.464623503495,0.245454545455,1.16774841624,0.642261628933,0.336363636364,1.94000937205,1.06700515463,0.536363636364,1.05689877454,0.347276990411,3.54545454545,3.04338842975,1.05689877454,3.54545454545,0.499047619048,0.4,8,0.0484848484848,0.255555555556,11,11,11,1,0,0.0909090909091,0.636363636364,0.272727272727,11,0.163636363636,3.13636363636,3.27272727273,1.8,2.25,1.67874411933,0.512949592017,0.252525252525,1.0269106361,0.627556499842,0.323232323232,1.80403587951,1.10246637081,0.535353535354,1.09815041931,0.350134916302,3.75,3.13636363636,1.09815041931,3.75,0.430952380952,0.30612244898,5,0.030303030303,0.255185185185,11,11,11,1,0,0.0909090909091,0.636363636364,0.272727272727,11,19,0.172727272727,3.11157024793,3.45454545455,1.9,2.375,1.80906806747,0.523677598477,0.272727272727,1.19087439228,0.689453595529,0.354066985646,1.90215189146,1.1012458319,0.545454545455,1.0602655888,0.340749365856,3.54545454545,3.11157024793,1.0602655888,3.54545454545,0.494285714286,0.375,7,0.0424242424242,0.268518518519,11,11,11,1,0,0.0909090909091,0.636363636364,0.272727272727,-1,-0.00909090909091,0.0681818181818,-0.181818181818,-0.1,-0.125,0.119528054757,0.0590540949821,0.0272727272727,0.023125976035,0.0471919665957,0.0177033492823,-0.0378574805894,0.0342406772707,0.00909090909091,0.00336681426204,-0.00652762455561,0,0.0681818181818,0.00336681426204,0,-0.0047619047619,-0.025,-1,-0.00606060606061,0.012962962963,0,0,0,19,0,1,90,0.95,1,0,0.05,1,0.95,0.974358974359,0.969309258988,0.95,0.95,1,2,0,0,0,0
3852,WLNM_dir_neg,0.75,0.208333333333,00:00:00,10,90,28,1179281677,threshold_sweep,0.9,1,0.5,0.666666666667,1,0,1,4,0.5,1,0,0.5,1,0.5,0.666666666667,0.833333333333,0.611111111111,0.571428571429,0.632455532034,0.5,20,18,2,0,20,0,18,0,2,11,20,0.181818181818,3.04338842975,3.63636363636,2,2.5,1.68954001271,0.464623503495,0.245454545455,1.16774841624,0.642261628933,0.336363636364,1.94000937205,1.06700515463,0.536363636364,1.05689877454,0.347276990411,3.54545454545,3.04338842975,1.05689877454,3.54545454545,0.499047619048,0.4,8,0.0484848484848,0.255555555556,11,11,11,1,0,0.0909090909091,0.636363636364,0.272727272727,11,0.163636363636,3.13636363636,3.27272727273,1.8,2.25,1.67874411933,0.512949592017,0.252525252525,1.0269106361,0.627556499842,0.323232323232,1.80403587951,1.10246637081,0.535353535354,1.09815041931,0.350134916302,3.75,3.13636363636,1.09815041931,3.75,0.430952380952,0.30612244898,5,0.030303030303,0.255185185185,11,11,11,1,0,0.0909090909091,0.636363636364,0.272727272727,11,19,0.172727272727,3.11157024793,3.45454545455,1.9,2.375,1.80906806747,0.523677598477,0.272727272727,1.19087439228,0.689453595529,0.354066985646,1.90215189146,1.1012458319,0.545454545455,1.0602655888,0.340749365856,3.54545454545,3.11157024793,1.0602655888,3.54545454545,0.494285714286,0.375,7,0.0424242424242,0.268518518519,11,11,11,1,0,0.0909090909091,0.636363636364,0.272727272727,-1,-0.00909090909091,0.0681818181818,-0.181818181818,-0.1,-0.125,0.119528054757,0.0590540949821,0.0272727272727,0.023125976035,0.0471919665957,0.0177033492823,-0.0378574805894,0.0342406772707,0.00909090909091,0.00336681426204,-0.00652762455561,0,0.0681818181818,0.00336681426204,0,-0.0047619047619,-0.025,-1,-0.00606060606061,0.012962962963,0,0,0,19,0,1,90,0.95,1,0,0.05,1,0.95,0.974358974359,0.969309258988,0.95,0.95,1,2,0,0,0,0
3853,WLNM_dir_neg,0.625,0.333333333333,00:00:00,10,90,29,1179281678,threshold_sweep,0.1,0.333333333333,0.5,0.4,1,2,1,2,0.5,0.5,0.5,0.5,0.333333333333,0.5,0.4,0.5,0.5,0,0,0,20,18,2,0,20,0,18,0,2,11,20,0.181818181818,3.04338842975,3.63636363636,2,2.5,1.68954001271,0.464623503495,0.245454545455,1.16774841624,0.642261628933,0.336363636364,1.94000937205,1.06700515463,0.536363636364,1.05689877454,0.347276990411,3.54545454545,3.04338842975,1.05689877454,3.54545454545,0.499047619048,0.4,8,0.0484848484848,0.255555555556,11,11,11,1,0,0.0909090909091,0.636363636364,0.272727272727,11,0.163636363636,3.14502164502,3.27272727273,1.8,2.25,1.7939291564,0.548145020011,0.282828282828,1.12006493318,0.684484125834,0.343434343434,1.85864075457,1.13583601668,0.545454545455,1.11170103902,0.35347961461,3.80952380952,3.14502164502,1.11170103902,3.80952380952,0.527619047619,0.352941176471,6,0.0363636363636,0.26037037037,11,11,11,1,0,0.0909090909091,0.636363636364,0.272727272727,11,21,0.190909090909,7.87465564738,3.81818181818,2.1,2.625,2.31595258234,0.60655900966,0.30303030303,1.22102788294,0.639586033919,0.337662337662,1.97253874256,1.03323457944,0.528138528139,2.64017567407,0.335275063735,9.06060606061,7.87465564738,2.64017567407,9.06060606061,0.524523809524,0.409090909091,9,0.0545454545455,0.280740740741,11,11,11,1,0,0.0909090909091,0.636363636364,0.272727272727,1,0.00909090909091,4.83126721763,0.181818181818,0.1,0.125,0.626412569628,0.141935506165,0.0575757575758,0.0532794666945,-0.00267559501399,0.0012987012987,0.0325293705137,-0.0337705751894,-0.00822510822511,1.58327689953,-0.012001926676,5.51515151515,4.83126721763,1.58327689953,5.51515151515,0.0254761904762,0.00909090909091,1,0.00606060606061,0.0251851851852,0,0,0,19,2,1,88,0.95,0.977777777778,0.0222222222222,0.05,0.904761904762,0.95,0.926829268293,0.910490812697,0.927777777778,0.863636363636,3,2,0,0,0,0
3854,WLNM_dir_neg,0.625,0.333333333333,00:00:00,10,90,29,1179281678,threshold_sweep,0.2,0.333333333333,0.5,0.4,1,2,1,2,0.5,0.5,0.5,0.5,0.333333333333,0.5,0.4,0.5,0.5,0,0,0,20,18,2,0,20,0,18,0,2,11,20,0.181818181818,3.04338842975,3.63636363636,2,2.5,1.68954001271,0.464623503495,0.245454545455,1.16774841624,0.642261628933,0.336363636364,1.94000937205,1.06700515463,0.536363636364,1.05689877454,0.347276990411,3.54545454545,3.04338842975,1.05689877454,3.54545454545,0.499047619048,0.4,8,0.0484848484848,0.255555555556,11,11,11,1,0,0.0909090909091,0.636363636364,0.272727272727,11,0.163636363636,3.14502164502,3.27272727273,1.8,2.25,1.7939291564,0.548145020011,0.282828282828,1.12006493318,0.684484125834,0.343434343434,1.85864075457,1.13583601668,0.545454545455,1.11170103902,0.35347961461,3.80952380952,3.14502164502,1.11170103902,3.80952380952,0.527619047619,0.352941176471,6,0.0363636363636,0.26037037037,11,11,11,1,0,0.0909090909091,0.636363636364,0.272727272727,11,21,0.190909090909,7.87465564738,3.81818181818,2.1,2.625,2.31595258234,0.60655900966,0.30303030303,1.22102788294,0.639586033919,0.337662337662,1.97253874256,1.03323457944,0.528138528139,2.64017567407,0.335275063735,9.06060606061,7.87465564738,2.64017567407,9.06060606061,0.524523809524,0.409090909091,9,0.0545454545455,0.280740740741,11,11,11,1,0,0.0909090909091,0.636363636364,0.272727272727,1,0.00909090909091,4.83126721763,0.181818181818,0.1,0.125,0.626412569628,0.141935506165,0.0575757575758,0.0532794666945,-0.00267559501399,0.0012987012987,0.0325293705137,-0.0337705751894,-0.00822510822511,1.58327689953,-0.012001926676,5.51515151515,4.83126721763,1.58327689953,5.51515151515,0.0254761904762,0.00909090909091,1,0.00606060606061,0.0251851851852,0,0,0,19,2,1,88,0.95,0.977777777778,0.0222222222222,0.05,0.904761904762,0.95,0.926829268293,0.910490812697,0.927777777778,0.863636363636,3,2,0,0,0,0
3855,WLNM_dir_neg,0.625,0.333333333333,00:00:00,10,90,29,1179281678,threshold_sweep,0.3,0.333333333333,0.5,0.4,1,2,1,2,0.5,0.5,0.5,0.5,0.333333333333,0.5,0.4,0.5,0.5,0,0,0,20,18,2,0,20,0,18,0,2,11,20,0.181818181818,3.04338842975,3.63636363636,2,2.5,1.68954001271,0.464623503495,0.245454545455,1.16774841624,0.642261628933,0.336363636364,1.94000937205,1.06700515463,0.536363636364,1.05689877454,0.347276990411,3.54545454545,3.04338842975,1.05689877454,3.54545454545,0.499047619048,0.4,8,0.0484848484848,0.255555555556,11,11,11,1,0,0.0909090909091,0.636363636364,0.272727272727,11,0.163636363636,3.14502164502,3.27272727273,1.8,2.25,1.7939291564,0.548145020011,0.282828282828,1.12006493318,0.684484125834,0.343434343434,1.85864075457,1.13583601668,0.545454545455,1.11170103902,0.35347961461,3.80952380952,3.14502164502,1.11170103902,3.80952380952,0.527619047619,0.352941176471,6,0.0363636363636,0.26037037037,11,11,11,1,0,0.0909090909091,0.636363636364,0.272727272727,11,21,0.190909090909,7.87465564738,3.81818181818,2.1,2.625,2.31595258234,0.60655900966,0.30303030303,1.22102788294,0.639586033919,0.337662337662,1.97253874256,1.03323457944,0.528138528139,2.64017567407,0.335275063735,9.06060606061,7.87465564738,2.64017567407,9.06060606061,0.524523809524,0.409090909091,9,0.0545454545455,0.280740740741,11,11,11,1,0,0.0909090909091,0.636363636364,0.272727272727,1,0.00909090909091,4.83126721763,0.181818181818,0.1,0.125,0.626412569628,0.141935506165,0.0575757575758,0.0532794666945,-0.00267559501399,0.0012987012987,0.0325293705137,-0.0337705751894,-0.00822510822511,1.58327689953,-0.012001926676,5.51515151515,4.83126721763,1.58327689953,5.51515151515,0.0254761904762,0.00909090909091,1,0.00606060606061,0.0251851851852,0,0,0,19,2,1,88,0.95,0.977777777778,0.0222222222222,0.05,0.904761904762,0.95,0.926829268293,0.910490812697,0.927777777778,0.863636363636,3,2,0,0,0,0
3856,WLNM_dir_neg,0.625,0.333333333333,00:00:00,10,90,29,1179281678,threshold_sweep,0.4,0.333333333333,0.5,0.4,1,2,1,2,0.5,0.5,0.5,0.5,0.333333333333,0.5,0.4,0.5,0.5,0,0,0,20,18,2,0,20,0,18,0,2,11,20,0.181818181818,3.04338842975,3.63636363636,2,2.5,1.68954001271,0.464623503495,0.245454545455,1.16774841624,0.642261628933,0.336363636364,1.94000937205,1.06700515463,0.536363636364,1.05689877454,0.347276990411,3.54545454545,3.04338842975,1.05689877454,3.54545454545,0.499047619048,0.4,8,0.0484848484848,0.255555555556,11,11,11,1,0,0.0909090909091,0.636363636364,0.272727272727,11,0.163636363636,3.14502164502,3.27272727273,1.8,2.25,1.7939291564,0.548145020011,0.282828282828,1.12006493318,0.684484125834,0.343434343434,1.85864075457,1.13583601668,0.545454545455,1.11170103902,0.35347961461,3.80952380952,3.14502164502,1.11170103902,3.80952380952,0.527619047619,0.352941176471,6,0.0363636363636,0.26037037037,11,11,11,1,0,0.0909090909091,0.636363636364,0.272727272727,11,21,0.190909090909,7.87465564738,3.81818181818,2.1,2.625,2.31595258234,0.60655900966,0.30303030303,1.22102788294,0.639586033919,0.337662337662,1.97253874256,1.03323457944,0.528138528139,2.64017567407,0.335275063735,9.06060606061,7.87465564738,2.64017567407,9.06060606061,0.524523809524,0.409090909091,9,0.0545454545455,0.280740740741,11,11,11,1,0,0.0909090909091,0.636363636364,0.272727272727,1,0.00909090909091,4.83126721763,0.181818181818,0.1,0.125,0.626412569628,0.141935506165,0.0575757575758,0.0532794666945,-0.00267559501399,0.0012987012987,0.0325293705137,-0.0337705751894,-0.00822510822511,1.58327689953,-0.012001926676,5.51515151515,4.83126721763,1.58327689953,5.51515151515,0.0254761904762,0.00909090909091,1,0.00606060606061,0.0251851851852,0,0,0,19,2,1,88,0.95,0.977777777778,0.0222222222222,0.05,0.904761904762,0.95,0.926829268293,0.910490812697,0.927777777778,0.863636363636,3,2,0,0,0,0
3857,WLNM_dir_neg,0.625,0.333333333333,00:00:00,10,90,29,1179281678,threshold_sweep,0.5,0.333333333333,0.5,0.4,1,2,1,2,0.5,0.5,0.5,0.5,0.333333333333,0.5,0.4,0.5,0.5,0,0,0,20,18,2,0,20,0,18,0,2,11,20,0.181818181818,3.04338842975,3.63636363636,2,2.5,1.68954001271,0.464623503495,0.245454545455,1.16774841624,0.642261628933,0.336363636364,1.94000937205,1.06700515463,0.536363636364,1.05689877454,0.347276990411,3.54545454545,3.04338842975,1.05689877454,3.54545454545,0.499047619048,0.4,8,0.0484848484848,0.255555555556,11,11,11,1,0,0.0909090909091,0.636363636364,0.272727272727,11,0.163636363636,3.14502164502,3.27272727273,1.8,2.25,1.7939291564,0.548145020011,0.282828282828,1.12006493318,0.684484125834,0.343434343434,1.85864075457,1.13583601668,0.545454545455,1.11170103902,0.35347961461,3.80952380952,3.14502164502,1.11170103902,3.80952380952,0.527619047619,0.352941176471,6,0.0363636363636,0.26037037037,11,11,11,1,0,0.0909090909091,0.636363636364,0.272727272727,11,21,0.190909090909,7.87465564738,3.81818181818,2.1,2.625,2.31595258234,0.60655900966,0.30303030303,1.22102788294,0.639586033919,0.337662337662,1.97253874256,1.03323457944,0.528138528139,2.64017567407,0.335275063735,9.06060606061,7.87465564738,2.64017567407,9.06060606061,0.524523809524,0.409090909091,9,0.0545454545455,0.280740740741,11,11,11,1,0,0.0909090909091,0.636363636364,0.272727272727,1,0.00909090909091,4.83126721763,0.181818181818,0.1,0.125,0.626412569628,0.141935506165,0.0575757575758,0.0532794666945,-0.00267559501399,0.0012987012987,0.0325293705137,-0.0337705751894,-0.00822510822511,1.58327689953,-0.012001926676,5.51515151515,4.83126721763,1.58327689953,5.51515151515,0.0254761904762,0.00909090909091,1,0.00606060606061,0.0251851851852,0,0,0,19,2,1,88,0.95,0.977777777778,0.0222222222222,0.05,0.904761904762,0.95,0.926829268293,0.910490812697,0.927777777778,0.863636363636,3,2,0,0,0,0
3858,WLNM_dir_neg,0.625,0.333333333333,00:00:00,10,90,29,1179281678,threshold_sweep,0.6,0.333333333333,0.5,0.4,1,2,1,2,0.5,0.5,0.5,0.5,0.333333333333,0.5,0.4,0.5,0.5,0,0,0,20,18,2,0,20,0,18,0,2,11,20,0.181818181818,3.04338842975,3.63636363636,2,2.5,1.68954001271,0.464623503495,0.245454545455,1.16774841624,0.642261628933,0.336363636364,1.94000937205,1.06700515463,0.536363636364,1.05689877454,0.347276990411,3.54545454545,3.04338842975,1.05689877454,3.54545454545,0.499047619048,0.4,8,0.0484848484848,0.255555555556,11,11,11,1,0,0.0909090909091,0.636363636364,0.272727272727,11,0.163636363636,3.14502164502,3.27272727273,1.8,2.25,1.7939291564,0.548145020011,0.282828282828,1.12006493318,0.684484125834,0.343434343434,1.85864075457,1.13583601668,0.545454545455,1.11170103902,0.35347961461,3.80952380952,3.14502164502,1.11170103902,3.80952380952,0.527619047619,0.352941176471,6,0.0363636363636,0.26037037037,11,11,11,1,0,0.0909090909091,0.636363636364,0.272727272727,11,21,0.190909090909,7.87465564738,3.81818181818,2.1,2.625,2.31595258234,0.60655900966,0.30303030303,1.22102788294,0.639586033919,0.337662337662,1.97253874256,1.03323457944,0.528138528139,2.64017567407,0.335275063735,9.06060606061,7.87465564738,2.64017567407,9.06060606061,0.524523809524,0.409090909091,9,0.0545454545455,0.280740740741,11,11,11,1,0,0.0909090909091,0.636363636364,0.272727272727,1,0.00909090909091,4.83126721763,0.181818181818,0.1,0.125,0.626412569628,0.141935506165,0.0575757575758,0.0532794666945,-0.00267559501399,0.0012987012987,0.0325293705137,-0.0337705751894,-0.00822510822511,1.58327689953,-0.012001926676,5.51515151515,4.83126721763,1.58327689953,5.51515151515,0.0254761904762,0.00909090909091,1,0.00606060606061,0.0251851851852,0,0,0,19,2,1,88,0.95,0.977777777778,0.0222222222222,0.05,0.904761904762,0.95,0.926829268293,0.910490812697,0.927777777778,0.863636363636,3,2,0,0,0,0
3859,WLNM_dir_neg,0.625,0.333333333333,00:00:00,10,90,29,1179281678,threshold_sweep,0.7,0.333333333333,0.5,0.4,1,2,1,2,0.5,0.5,0.5,0.5,0.333333333333,0.5,0.4,0.5,0.5,0,0,0,20,18,2,0,20,0,18,0,2,11,20,0.181818181818,3.04338842975,3.63636363636,2,2.5,1.68954001271,0.464623503495,0.245454545455,1.16774841624,0.642261628933,0.336363636364,1.94000937205,1.06700515463,0.536363636364,1.05689877454,0.347276990411,3.54545454545,3.04338842975,1.05689877454,3.54545454545,0.499047619048,0.4,8,0.0484848484848,0.255555555556,11,11,11,1,0,0.0909090909091,0.636363636364,0.272727272727,11,0.163636363636,3.14502164502,3.27272727273,1.8,2.25,1.7939291564,0.548145020011,0.282828282828,1.12006493318,0.684484125834,0.343434343434,1.85864075457,1.13583601668,0.545454545455,1.11170103902,0.35347961461,3.80952380952,3.14502164502,1.11170103902,3.80952380952,0.527619047619,0.352941176471,6,0.0363636363636,0.26037037037,11,11,11,1,0,0.0909090909091,0.636363636364,0.272727272727,11,21,0.190909090909,7.87465564738,3.81818181818,2.1,2.625,2.31595258234,0.60655900966,0.30303030303,1.22102788294,0.639586033919,0.337662337662,1.97253874256,1.03323457944,0.528138528139,2.64017567407,0.335275063735,9.06060606061,7.87465564738,2.64017567407,9.06060606061,0.524523809524,0.409090909091,9,0.0545454545455,0.280740740741,11,11,11,1,0,0.0909090909091,0.636363636364,0.272727272727,1,0.00909090909091,4.83126721763,0.181818181818,0.1,0.125,0.626412569628,0.141935506165,0.0575757575758,0.0532794666945,-0.00267559501399,0.0012987012987,0.0325293705137,-0.0337705751894,-0.00822510822511,1.58327689953,-0.012001926676,5.51515151515,4.83126721763,1.58327689953,5.51515151515,0.0254761904762,0.00909090909091,1,0.00606060606061,0.0251851851852,0,0,0,19,2,1,88,0.95,0.977777777778,0.0222222222222,0.05,0.904761904762,0.95,0.926829268293,0.910490812697,0.927777777778,0.863636363636,3,2,0,0,0,0
3860,WLNM_dir_neg,0.625,0.333333333333,00:00:00,10,90,29,1179281678,threshold_sweep,0.8,0.333333333333,0.5,0.4,1,2,1,2,0.5,0.5,0.5,0.5,0.333333333333,0.5,0.4,0.5,0.5,0,0,0,20,18,2,0,20,0,18,0,2,11,20,0.181818181818,3.04338842975,3.63636363636,2,2.5,1.68954001271,0.464623503495,0.245454545455,1.16774841624,0.642261628933,0.336363636364,1.94000937205,1.06700515463,0.536363636364,1.05689877454,0.347276990411,3.54545454545,3.04338842975,1.05689877454,3.54545454545,0.499047619048,0.4,8,0.0484848484848,0.255555555556,11,11,11,1,0,0.0909090909091,0.636363636364,0.272727272727,11,0.163636363636,3.14502164502,3.27272727273,1.8,2.25,1.7939291564,0.548145020011,0.282828282828,1.12006493318,0.684484125834,0.343434343434,1.85864075457,1.13583601668,0.545454545455,1.11170103902,0.35347961461,3.80952380952,3.14502164502,1.11170103902,3.80952380952,0.527619047619,0.352941176471,6,0.0363636363636,0.26037037037,11,11,11,1,0,0.0909090909091,0.636363636364,0.272727272727,11,21,0.190909090909,7.87465564738,3.81818181818,2.1,2.625,2.31595258234,0.60655900966,0.30303030303,1.22102788294,0.639586033919,0.337662337662,1.97253874256,1.03323457944,0.528138528139,2.64017567407,0.335275063735,9.06060606061,7.87465564738,2.64017567407,9.06060606061,0.524523809524,0.409090909091,9,0.0545454545455,0.280740740741,11,11,11,1,0,0.0909090909091,0.636363636364,0.272727272727,1,0.00909090909091,4.83126721763,0.181818181818,0.1,0.125,0.626412569628,0.141935506165,0.0575757575758,0.0532794666945,-0.00267559501399,0.0012987012987,0.0325293705137,-0.0337705751894,-0.00822510822511,1.58327689953,-0.012001926676,5.51515151515,4.83126721763,1.58327689953,5.51515151515,0.0254761904762,0.00909090909091,1,0.00606060606061,0.0251851851852,0,0,0,19,2,1,88,0.95,0.977777777778,0.0222222222222,0.05,0.904761904762,0.95,0.926829268293,0.910490812697,0.927777777778,0.863636363636,3,2,0,0,0,0
3861,WLNM_dir_neg,0.625,0.333333333333,00:00:00,10,90,29,1179281678,threshold_sweep,0.9,0.333333333333,0.5,0.4,1,2,1,2,0.5,0.5,0.5,0.5,0.333333333333,0.5,0.4,0.5,0.5,0,0,0,20,18,2,0,20,0,18,0,2,11,20,0.181818181818,3.04338842975,3.63636363636,2,2.5,1.68954001271,0.464623503495,0.245454545455,1.16774841624,0.642261628933,0.336363636364,1.94000937205,1.06700515463,0.536363636364,1.05689877454,0.347276990411,3.54545454545,3.04338842975,1.05689877454,3.54545454545,0.499047619048,0.4,8,0.0484848484848,0.255555555556,11,11,11,1,0,0.0909090909091,0.636363636364,0.272727272727,11,0.163636363636,3.14502164502,3.27272727273,1.8,2.25,1.7939291564,0.548145020011,0.282828282828,1.12006493318,0.684484125834,0.343434343434,1.85864075457,1.13583601668,0.545454545455,1.11170103902,0.35347961461,3.80952380952,3.14502164502,1.11170103902,3.80952380952,0.527619047619,0.352941176471,6,0.0363636363636,0.26037037037,11,11,11,1,0,0.0909090909091,0.636363636364,0.272727272727,11,21,0.190909090909,7.87465564738,3.81818181818,2.1,2.625,2.31595258234,0.60655900966,0.30303030303,1.22102788294,0.639586033919,0.337662337662,1.97253874256,1.03323457944,0.528138528139,2.64017567407,0.335275063735,9.06060606061,7.87465564738,2.64017567407,9.06060606061,0.524523809524,0.409090909091,9,0.0545454545455,0.280740740741,11,11,11,1,0,0.0909090909091,0.636363636364,0.272727272727,1,0.00909090909091,4.83126721763,0.181818181818,0.1,0.125,0.626412569628,0.141935506165,0.0575757575758,0.0532794666945,-0.00267559501399,0.0012987012987,0.0325293705137,-0.0337705751894,-0.00822510822511,1.58327689953,-0.012001926676,5.51515151515,4.83126721763,1.58327689953,5.51515151515,0.0254761904762,0.00909090909091,1,0.00606060606061,0.0251851851852,0,0,0,19,2,1,88,0.95,0.977777777778,0.0222222222222,0.05,0.904761904762,0.95,0.926829268293,0.910490812697,0.927777777778,0.863636363636,3,2,0,0,0,0
3862,WLNM_dir_neg,1,0.5,00:00:00,10,90,30,1179281679,threshold_sweep,0.1,1,1,1,2,0,0,4,1,1,0,0,1,1,1,1,0.555555555556,1,1,1,20,18,2,0,20,0,18,0,2,11,20,0.181818181818,3.04338842975,3.63636363636,2,2.5,1.68954001271,0.464623503495,0.245454545455,1.16774841624,0.642261628933,0.336363636364,1.94000937205,1.06700515463,0.536363636364,1.05689877454,0.347276990411,3.54545454545,3.04338842975,1.05689877454,3.54545454545,0.499047619048,0.4,8,0.0484848484848,0.255555555556,11,11,11,1,0,0.0909090909091,0.636363636364,0.272727272727,11,0.163636363636,3.19949494949,3.27272727273,1.8,2.25,1.67874411933,0.512949592017,0.262626262626,1.12006493318,0.684484125834,0.343434343434,1.80403587951,1.10246637081,0.535353535354,1.34099754316,0.419127882473,4.88888888889,3.19949494949,1.34099754316,4.88888888889,0.465608465608,0.36,6,0.0363636363636,0.23,11,11,11,1,0,0.0909090909091,0.636363636364,0.272727272727,11,20,0.181818181818,3.04338842975,3.63636363636,2,2.5,1.68954001271,0.464623503495,0.245454545455,1.16774841624,0.642261628933,0.336363636364,1.94000937205,1.06700515463,0.536363636364,1.05689877454,0.347276990411,3.54545454545,3.04338842975,1.05689877454,3.54545454545,0.499047619048,0.4,8,0.0484848484848,0.255555555556,11,11,11,1,0,0.0909090909091,0.636363636364,0.272727272727,0,0,0,0,0,0,0,0,0,0,0,0,0,0,0,0,0,0,0,0,0,0,0,0,0,0,0,0,0,20,0,0,90,1,1,0,0,1,1,1,1,1,1,2,2,0,0,0,0
3863,WLNM_dir_neg,1,0.5,00:00:00,10,90,30,1179281679,threshold_sweep,0.2,1,1,1,2,0,0,4,1,1,0,0,1,1,1,1,0.555555555556,1,1,1,20,18,2,0,20,0,18,0,2,11,20,0.181818181818,3.04338842975,3.63636363636,2,2.5,1.68954001271,0.464623503495,0.245454545455,1.16774841624,0.642261628933,0.336363636364,1.94000937205,1.06700515463,0.536363636364,1.05689877454,0.347276990411,3.54545454545,3.04338842975,1.05689877454,3.54545454545,0.499047619048,0.4,8,0.0484848484848,0.255555555556,11,11,11,1,0,0.0909090909091,0.636363636364,0.272727272727,11,0.163636363636,3.19949494949,3.27272727273,1.8,2.25,1.67874411933,0.512949592017,0.262626262626,1.12006493318,0.684484125834,0.343434343434,1.80403587951,1.10246637081,0.535353535354,1.34099754316,0.419127882473,4.88888888889,3.19949494949,1.34099754316,4.88888888889,0.465608465608,0.36,6,0.0363636363636,0.23,11,11,11,1,0,0.0909090909091,0.636363636364,0.272727272727,11,20,0.181818181818,3.04338842975,3.63636363636,2,2.5,1.68954001271,0.464623503495,0.245454545455,1.16774841624,0.642261628933,0.336363636364,1.94000937205,1.06700515463,0.536363636364,1.05689877454,0.347276990411,3.54545454545,3.04338842975,1.05689877454,3.54545454545,0.499047619048,0.4,8,0.0484848484848,0.255555555556,11,11,11,1,0,0.0909090909091,0.636363636364,0.272727272727,0,0,0,0,0,0,0,0,0,0,0,0,0,0,0,0,0,0,0,0,0,0,0,0,0,0,0,0,0,20,0,0,90,1,1,0,0,1,1,1,1,1,1,2,2,0,0,0,0
3864,WLNM_dir_neg,1,0.5,00:00:00,10,90,30,1179281679,threshold_sweep,0.3,1,1,1,2,0,0,4,1,1,0,0,1,1,1,1,0.555555555556,1,1,1,20,18,2,0,20,0,18,0,2,11,20,0.181818181818,3.04338842975,3.63636363636,2,2.5,1.68954001271,0.464623503495,0.245454545455,1.16774841624,0.642261628933,0.336363636364,1.94000937205,1.06700515463,0.536363636364,1.05689877454,0.347276990411,3.54545454545,3.04338842975,1.05689877454,3.54545454545,0.499047619048,0.4,8,0.0484848484848,0.255555555556,11,11,11,1,0,0.0909090909091,0.636363636364,0.272727272727,11,0.163636363636,3.19949494949,3.27272727273,1.8,2.25,1.67874411933,0.512949592017,0.262626262626,1.12006493318,0.684484125834,0.343434343434,1.80403587951,1.10246637081,0.535353535354,1.34099754316,0.419127882473,4.88888888889,3.19949494949,1.34099754316,4.88888888889,0.465608465608,0.36,6,0.0363636363636,0.23,11,11,11,1,0,0.0909090909091,0.636363636364,0.272727272727,11,20,0.181818181818,3.04338842975,3.63636363636,2,2.5,1.68954001271,0.464623503495,0.245454545455,1.16774841624,0.642261628933,0.336363636364,1.94000937205,1.06700515463,0.536363636364,1.05689877454,0.347276990411,3.54545454545,3.04338842975,1.05689877454,3.54545454545,0.499047619048,0.4,8,0.0484848484848,0.255555555556,11,11,11,1,0,0.0909090909091,0.636363636364,0.272727272727,0,0,0,0,0,0,0,0,0,0,0,0,0,0,0,0,0,0,0,0,0,0,0,0,0,0,0,0,0,20,0,0,90,1,1,0,0,1,1,1,1,1,1,2,2,0,0,0,0
3865,WLNM_dir_neg,1,0.5,00:00:00,10,90,30,1179281679,threshold_sweep,0.4,1,1,1,2,0,0,4,1,1,0,0,1,1,1,1,0.555555555556,1,1,1,20,18,2,0,20,0,18,0,2,11,20,0.181818181818,3.04338842975,3.63636363636,2,2.5,1.68954001271,0.464623503495,0.245454545455,1.16774841624,0.642261628933,0.336363636364,1.94000937205,1.06700515463,0.536363636364,1.05689877454,0.347276990411,3.54545454545,3.04338842975,1.05689877454,3.54545454545,0.499047619048,0.4,8,0.0484848484848,0.255555555556,11,11,11,1,0,0.0909090909091,0.636363636364,0.272727272727,11,0.163636363636,3.19949494949,3.27272727273,1.8,2.25,1.67874411933,0.512949592017,0.262626262626,1.12006493318,0.684484125834,0.343434343434,1.80403587951,1.10246637081,0.535353535354,1.34099754316,0.419127882473,4.88888888889,3.19949494949,1.34099754316,4.88888888889,0.465608465608,0.36,6,0.0363636363636,0.23,11,11,11,1,0,0.0909090909091,0.636363636364,0.272727272727,11,20,0.181818181818,3.04338842975,3.63636363636,2,2.5,1.68954001271,0.464623503495,0.245454545455,1.16774841624,0.642261628933,0.336363636364,1.94000937205,1.06700515463,0.536363636364,1.05689877454,0.347276990411,3.54545454545,3.04338842975,1.05689877454,3.54545454545,0.499047619048,0.4,8,0.0484848484848,0.255555555556,11,11,11,1,0,0.0909090909091,0.636363636364,0.272727272727,0,0,0,0,0,0,0,0,0,0,0,0,0,0,0,0,0,0,0,0,0,0,0,0,0,0,0,0,0,20,0,0,90,1,1,0,0,1,1,1,1,1,1,2,2,0,0,0,0
3866,WLNM_dir_neg,1,0.5,00:00:00,10,90,30,1179281679,threshold_sweep,0.5,1,1,1,2,0,0,4,1,1,0,0,1,1,1,1,0.555555555556,1,1,1,20,18,2,0,20,0,18,0,2,11,20,0.181818181818,3.04338842975,3.63636363636,2,2.5,1.68954001271,0.464623503495,0.245454545455,1.16774841624,0.642261628933,0.336363636364,1.94000937205,1.06700515463,0.536363636364,1.05689877454,0.347276990411,3.54545454545,3.04338842975,1.05689877454,3.54545454545,0.499047619048,0.4,8,0.0484848484848,0.255555555556,11,11,11,1,0,0.0909090909091,0.636363636364,0.272727272727,11,0.163636363636,3.19949494949,3.27272727273,1.8,2.25,1.67874411933,0.512949592017,0.262626262626,1.12006493318,0.684484125834,0.343434343434,1.80403587951,1.10246637081,0.535353535354,1.34099754316,0.419127882473,4.88888888889,3.19949494949,1.34099754316,4.88888888889,0.465608465608,0.36,6,0.0363636363636,0.23,11,11,11,1,0,0.0909090909091,0.636363636364,0.272727272727,11,20,0.181818181818,3.04338842975,3.63636363636,2,2.5,1.68954001271,0.464623503495,0.245454545455,1.16774841624,0.642261628933,0.336363636364,1.94000937205,1.06700515463,0.536363636364,1.05689877454,0.347276990411,3.54545454545,3.04338842975,1.05689877454,3.54545454545,0.499047619048,0.4,8,0.0484848484848,0.255555555556,11,11,11,1,0,0.0909090909091,0.636363636364,0.272727272727,0,0,0,0,0,0,0,0,0,0,0,0,0,0,0,0,0,0,0,0,0,0,0,0,0,0,0,0,0,20,0,0,90,1,1,0,0,1,1,1,1,1,1,2,2,0,0,0,0
3867,WLNM_dir_neg,1,0.5,00:00:00,10,90,30,1179281679,threshold_sweep,0.6,1,1,1,2,0,0,4,1,1,0,0,1,1,1,1,0.555555555556,1,1,1,20,18,2,0,20,0,18,0,2,11,20,0.181818181818,3.04338842975,3.63636363636,2,2.5,1.68954001271,0.464623503495,0.245454545455,1.16774841624,0.642261628933,0.336363636364,1.94000937205,1.06700515463,0.536363636364,1.05689877454,0.347276990411,3.54545454545,3.04338842975,1.05689877454,3.54545454545,0.499047619048,0.4,8,0.0484848484848,0.255555555556,11,11,11,1,0,0.0909090909091,0.636363636364,0.272727272727,11,0.163636363636,3.19949494949,3.27272727273,1.8,2.25,1.67874411933,0.512949592017,0.262626262626,1.12006493318,0.684484125834,0.343434343434,1.80403587951,1.10246637081,0.535353535354,1.34099754316,0.419127882473,4.88888888889,3.19949494949,1.34099754316,4.88888888889,0.465608465608,0.36,6,0.0363636363636,0.23,11,11,11,1,0,0.0909090909091,0.636363636364,0.272727272727,11,20,0.181818181818,3.04338842975,3.63636363636,2,2.5,1.68954001271,0.464623503495,0.245454545455,1.16774841624,0.642261628933,0.336363636364,1.94000937205,1.06700515463,0.536363636364,1.05689877454,0.347276990411,3.54545454545,3.04338842975,1.05689877454,3.54545454545,0.499047619048,0.4,8,0.0484848484848,0.255555555556,11,11,11,1,0,0.0909090909091,0.636363636364,0.272727272727,0,0,0,0,0,0,0,0,0,0,0,0,0,0,0,0,0,0,0,0,0,0,0,0,0,0,0,0,0,20,0,0,90,1,1,0,0,1,1,1,1,1,1,2,2,0,0,0,0
3868,WLNM_dir_neg,1,0.5,00:00:00,10,90,30,1179281679,threshold_sweep,0.7,1,1,1,2,0,0,4,1,1,0,0,1,1,1,1,0.555555555556,1,1,1,20,18,2,0,20,0,18,0,2,11,20,0.181818181818,3.04338842975,3.63636363636,2,2.5,1.68954001271,0.464623503495,0.245454545455,1.16774841624,0.642261628933,0.336363636364,1.94000937205,1.06700515463,0.536363636364,1.05689877454,0.347276990411,3.54545454545,3.04338842975,1.05689877454,3.54545454545,0.499047619048,0.4,8,0.0484848484848,0.255555555556,11,11,11,1,0,0.0909090909091,0.636363636364,0.272727272727,11,0.163636363636,3.19949494949,3.27272727273,1.8,2.25,1.67874411933,0.512949592017,0.262626262626,1.12006493318,0.684484125834,0.343434343434,1.80403587951,1.10246637081,0.535353535354,1.34099754316,0.419127882473,4.88888888889,3.19949494949,1.34099754316,4.88888888889,0.465608465608,0.36,6,0.0363636363636,0.23,11,11,11,1,0,0.0909090909091,0.636363636364,0.272727272727,11,20,0.181818181818,3.04338842975,3.63636363636,2,2.5,1.68954001271,0.464623503495,0.245454545455,1.16774841624,0.642261628933,0.336363636364,1.94000937205,1.06700515463,0.536363636364,1.05689877454,0.347276990411,3.54545454545,3.04338842975,1.05689877454,3.54545454545,0.499047619048,0.4,8,0.0484848484848,0.255555555556,11,11,11,1,0,0.0909090909091,0.636363636364,0.272727272727,0,0,0,0,0,0,0,0,0,0,0,0,0,0,0,0,0,0,0,0,0,0,0,0,0,0,0,0,0,20,0,0,90,1,1,0,0,1,1,1,1,1,1,2,2,0,0,0,0
3869,WLNM_dir_neg,1,0.5,00:00:00,10,90,30,1179281679,threshold_sweep,0.8,1,1,1,2,0,0,4,1,1,0,0,1,1,1,1,0.555555555556,1,1,1,20,18,2,0,20,0,18,0,2,11,20,0.181818181818,3.04338842975,3.63636363636,2,2.5,1.68954001271,0.464623503495,0.245454545455,1.16774841624,0.642261628933,0.336363636364,1.94000937205,1.06700515463,0.536363636364,1.05689877454,0.347276990411,3.54545454545,3.04338842975,1.05689877454,3.54545454545,0.499047619048,0.4,8,0.0484848484848,0.255555555556,11,11,11,1,0,0.0909090909091,0.636363636364,0.272727272727,11,0.163636363636,3.19949494949,3.27272727273,1.8,2.25,1.67874411933,0.512949592017,0.262626262626,1.12006493318,0.684484125834,0.343434343434,1.80403587951,1.10246637081,0.535353535354,1.34099754316,0.419127882473,4.88888888889,3.19949494949,1.34099754316,4.88888888889,0.465608465608,0.36,6,0.0363636363636,0.23,11,11,11,1,0,0.0909090909091,0.636363636364,0.272727272727,11,20,0.181818181818,3.04338842975,3.63636363636,2,2.5,1.68954001271,0.464623503495,0.245454545455,1.16774841624,0.642261628933,0.336363636364,1.94000937205,1.06700515463,0.536363636364,1.05689877454,0.347276990411,3.54545454545,3.04338842975,1.05689877454,3.54545454545,0.499047619048,0.4,8,0.0484848484848,0.255555555556,11,11,11,1,0,0.0909090909091,0.636363636364,0.272727272727,0,0,0,0,0,0,0,0,0,0,0,0,0,0,0,0,0,0,0,0,0,0,0,0,0,0,0,0,0,20,0,0,90,1,1,0,0,1,1,1,1,1,1,2,2,0,0,0,0
3870,WLNM_dir_neg,1,0.5,00:00:00,10,90,30,1179281679,threshold_sweep,0.9,1,1,1,2,0,0,4,1,1,0,0,1,1,1,1,0.555555555556,1,1,1,20,18,2,0,20,0,18,0,2,11,20,0.181818181818,3.04338842975,3.63636363636,2,2.5,1.68954001271,0.464623503495,0.245454545455,1.16774841624,0.642261628933,0.336363636364,1.94000937205,1.06700515463,0.536363636364,1.05689877454,0.347276990411,3.54545454545,3.04338842975,1.05689877454,3.54545454545,0.499047619048,0.4,8,0.0484848484848,0.255555555556,11,11,11,1,0,0.0909090909091,0.636363636364,0.272727272727,11,0.163636363636,3.19949494949,3.27272727273,1.8,2.25,1.67874411933,0.512949592017,0.262626262626,1.12006493318,0.684484125834,0.343434343434,1.80403587951,1.10246637081,0.535353535354,1.34099754316,0.419127882473,4.88888888889,3.19949494949,1.34099754316,4.88888888889,0.465608465608,0.36,6,0.0363636363636,0.23,11,11,11,1,0,0.0909090909091,0.636363636364,0.272727272727,11,20,0.181818181818,3.04338842975,3.63636363636,2,2.5,1.68954001271,0.464623503495,0.245454545455,1.16774841624,0.642261628933,0.336363636364,1.94000937205,1.06700515463,0.536363636364,1.05689877454,0.347276990411,3.54545454545,3.04338842975,1.05689877454,3.54545454545,0.499047619048,0.4,8,0.0484848484848,0.255555555556,11,11,11,1,0,0.0909090909091,0.636363636364,0.272727272727,0,0,0,0,0,0,0,0,0,0,0,0,0,0,0,0,0,0,0,0,0,0,0,0,0,0,0,0,0,20,0,0,90,1,1,0,0,1,1,1,1,1,1,2,2,0,0,0,0
3871,WLNM_dir_neg,0.75,0.208333333333,00:00:00,10,90,31,1179281680,threshold_sweep,0.1,0.5,0.5,0.5,1,1,1,3,0.5,0.75,0.25,0.5,0.5,0.5,0.5,0.666666666667,0.555555555556,0.25,0.25,0.25,20,18,2,0,20,0,18,0,2,11,20,0.181818181818,3.04338842975,3.63636363636,2,2.5,1.68954001271,0.464623503495,0.245454545455,1.16774841624,0.642261628933,0.336363636364,1.94000937205,1.06700515463,0.536363636364,1.05689877454,0.347276990411,3.54545454545,3.04338842975,1.05689877454,3.54545454545,0.499047619048,0.4,8,0.0484848484848,0.255555555556,11,11,11,1,0,0.0909090909091,0.636363636364,0.272727272727,11,0.163636363636,3.12012987013,3.27272727273,1.8,2.25,1.42062726223,0.434080552347,0.227272727273,1.0269106361,0.627556499842,0.30303030303,1.62927758671,0.995669636321,0.505050505051,1.15288820184,0.369500068851,3.85714285714,3.12012987013,1.15288820184,3.85714285714,0.48,0.333333333333,5,0.030303030303,0.212592592593,11,11,11,1,0,0.0909090909091,0.636363636364,0.272727272727,11,20,0.181818181818,3.11570247934,3.63636363636,2,2.22222222222,1.43336856898,0.39417635647,0.209090909091,1.16774841624,0.642261628933,0.336363636364,1.66241882919,0.914330356053,0.463636363636,1.13324365079,0.36372011073,3.70454545455,3.11570247934,1.13324365079,3.70454545455,0.493333333333,0.375,7,0.0424242424242,0.222222222222,11,11,11,1,0,0.0909090909091,0.727272727273,0.181818181818,0,0,0.0723140495868,0,0,-0.277777777778,-0.256171443727,-0.070447147025,-0.0363636363636,0,0,0,-0.277590542861,-0.152674798574,-0.0727272727273,0.076344876251,0.016443120319,0.159090909091,0.0723140495868,0.076344876251,0.159090909091,-0.00571428571429,-0.025,-1,-0.00606060606061,-0.0333333333333,0,0.0909090909091,-0.0909090909091,19,1,1,89,0.95,0.988888888889,0.0111111111111,0.05,0.95,0.95,0.95,0.938888888889,0.938888888889,0.904761904762,2,2,0,0,0,0
3872,WLNM_dir_neg,0.75,0.208333333333,00:00:00,10,90,31,1179281680,threshold_sweep,0.2,0.5,0.5,0.5,1,1,1,3,0.5,0.75,0.25,0.5,0.5,0.5,0.5,0.666666666667,0.555555555556,0.25,0.25,0.25,20,18,2,0,20,0,18,0,2,11,20,0.181818181818,3.04338842975,3.63636363636,2,2.5,1.68954001271,0.464623503495,0.245454545455,1.16774841624,0.642261628933,0.336363636364,1.94000937205,1.06700515463,0.536363636364,1.05689877454,0.347276990411,3.54545454545,3.04338842975,1.05689877454,3.54545454545,0.499047619048,0.4,8,0.0484848484848,0.255555555556,11,11,11,1,0,0.0909090909091,0.636363636364,0.272727272727,11,0.163636363636,3.12012987013,3.27272727273,1.8,2.25,1.42062726223,0.434080552347,0.227272727273,1.0269106361,0.627556499842,0.30303030303,1.62927758671,0.995669636321,0.505050505051,1.15288820184,0.369500068851,3.85714285714,3.12012987013,1.15288820184,3.85714285714,0.48,0.333333333333,5,0.030303030303,0.212592592593,11,11,11,1,0,0.0909090909091,0.636363636364,0.272727272727,11,20,0.181818181818,3.11570247934,3.63636363636,2,2.22222222222,1.43336856898,0.39417635647,0.209090909091,1.16774841624,0.642261628933,0.336363636364,1.66241882919,0.914330356053,0.463636363636,1.13324365079,0.36372011073,3.70454545455,3.11570247934,1.13324365079,3.70454545455,0.493333333333,0.375,7,0.0424242424242,0.222222222222,11,11,11,1,0,0.0909090909091,0.727272727273,0.181818181818,0,0,0.0723140495868,0,0,-0.277777777778,-0.256171443727,-0.070447147025,-0.0363636363636,0,0,0,-0.277590542861,-0.152674798574,-0.0727272727273,0.076344876251,0.016443120319,0.159090909091,0.0723140495868,0.076344876251,0.159090909091,-0.00571428571429,-0.025,-1,-0.00606060606061,-0.0333333333333,0,0.0909090909091,-0.0909090909091,19,1,1,89,0.95,0.988888888889,0.0111111111111,0.05,0.95,0.95,0.95,0.938888888889,0.938888888889,0.904761904762,2,2,0,0,0,0
3873,WLNM_dir_neg,0.75,0.208333333333,00:00:00,10,90,31,1179281680,threshold_sweep,0.3,0.5,0.5,0.5,1,1,1,3,0.5,0.75,0.25,0.5,0.5,0.5,0.5,0.666666666667,0.555555555556,0.25,0.25,0.25,20,18,2,0,20,0,18,0,2,11,20,0.181818181818,3.04338842975,3.63636363636,2,2.5,1.68954001271,0.464623503495,0.245454545455,1.16774841624,0.642261628933,0.336363636364,1.94000937205,1.06700515463,0.536363636364,1.05689877454,0.347276990411,3.54545454545,3.04338842975,1.05689877454,3.54545454545,0.499047619048,0.4,8,0.0484848484848,0.255555555556,11,11,11,1,0,0.0909090909091,0.636363636364,0.272727272727,11,0.163636363636,3.12012987013,3.27272727273,1.8,2.25,1.42062726223,0.434080552347,0.227272727273,1.0269106361,0.627556499842,0.30303030303,1.62927758671,0.995669636321,0.505050505051,1.15288820184,0.369500068851,3.85714285714,3.12012987013,1.15288820184,3.85714285714,0.48,0.333333333333,5,0.030303030303,0.212592592593,11,11,11,1,0,0.0909090909091,0.636363636364,0.272727272727,11,20,0.181818181818,3.11570247934,3.63636363636,2,2.22222222222,1.43336856898,0.39417635647,0.209090909091,1.16774841624,0.642261628933,0.336363636364,1.66241882919,0.914330356053,0.463636363636,1.13324365079,0.36372011073,3.70454545455,3.11570247934,1.13324365079,3.70454545455,0.493333333333,0.375,7,0.0424242424242,0.222222222222,11,11,11,1,0,0.0909090909091,0.727272727273,0.181818181818,0,0,0.0723140495868,0,0,-0.277777777778,-0.256171443727,-0.070447147025,-0.0363636363636,0,0,0,-0.277590542861,-0.152674798574,-0.0727272727273,0.076344876251,0.016443120319,0.159090909091,0.0723140495868,0.076344876251,0.159090909091,-0.00571428571429,-0.025,-1,-0.00606060606061,-0.0333333333333,0,0.0909090909091,-0.0909090909091,19,1,1,89,0.95,0.988888888889,0.0111111111111,0.05,0.95,0.95,0.95,0.938888888889,0.938888888889,0.904761904762,2,2,0,0,0,0
3874,WLNM_dir_neg,0.75,0.208333333333,00:00:00,10,90,31,1179281680,threshold_sweep,0.4,0.5,0.5,0.5,1,1,1,3,0.5,0.75,0.25,0.5,0.5,0.5,0.5,0.666666666667,0.555555555556,0.25,0.25,0.25,20,18,2,0,20,0,18,0,2,11,20,0.181818181818,3.04338842975,3.63636363636,2,2.5,1.68954001271,0.464623503495,0.245454545455,1.16774841624,0.642261628933,0.336363636364,1.94000937205,1.06700515463,0.536363636364,1.05689877454,0.347276990411,3.54545454545,3.04338842975,1.05689877454,3.54545454545,0.499047619048,0.4,8,0.0484848484848,0.255555555556,11,11,11,1,0,0.0909090909091,0.636363636364,0.272727272727,11,0.163636363636,3.12012987013,3.27272727273,1.8,2.25,1.42062726223,0.434080552347,0.227272727273,1.0269106361,0.627556499842,0.30303030303,1.62927758671,0.995669636321,0.505050505051,1.15288820184,0.369500068851,3.85714285714,3.12012987013,1.15288820184,3.85714285714,0.48,0.333333333333,5,0.030303030303,0.212592592593,11,11,11,1,0,0.0909090909091,0.636363636364,0.272727272727,11,20,0.181818181818,3.11570247934,3.63636363636,2,2.22222222222,1.43336856898,0.39417635647,0.209090909091,1.16774841624,0.642261628933,0.336363636364,1.66241882919,0.914330356053,0.463636363636,1.13324365079,0.36372011073,3.70454545455,3.11570247934,1.13324365079,3.70454545455,0.493333333333,0.375,7,0.0424242424242,0.222222222222,11,11,11,1,0,0.0909090909091,0.727272727273,0.181818181818,0,0,0.0723140495868,0,0,-0.277777777778,-0.256171443727,-0.070447147025,-0.0363636363636,0,0,0,-0.277590542861,-0.152674798574,-0.0727272727273,0.076344876251,0.016443120319,0.159090909091,0.0723140495868,0.076344876251,0.159090909091,-0.00571428571429,-0.025,-1,-0.00606060606061,-0.0333333333333,0,0.0909090909091,-0.0909090909091,19,1,1,89,0.95,0.988888888889,0.0111111111111,0.05,0.95,0.95,0.95,0.938888888889,0.938888888889,0.904761904762,2,2,0,0,0,0
3875,WLNM_dir_neg,0.75,0.208333333333,00:00:00,10,90,31,1179281680,threshold_sweep,0.5,0.5,0.5,0.5,1,1,1,3,0.5,0.75,0.25,0.5,0.5,0.5,0.5,0.666666666667,0.555555555556,0.25,0.25,0.25,20,18,2,0,20,0,18,0,2,11,20,0.181818181818,3.04338842975,3.63636363636,2,2.5,1.68954001271,0.464623503495,0.245454545455,1.16774841624,0.642261628933,0.336363636364,1.94000937205,1.06700515463,0.536363636364,1.05689877454,0.347276990411,3.54545454545,3.04338842975,1.05689877454,3.54545454545,0.499047619048,0.4,8,0.0484848484848,0.255555555556,11,11,11,1,0,0.0909090909091,0.636363636364,0.272727272727,11,0.163636363636,3.12012987013,3.27272727273,1.8,2.25,1.42062726223,0.434080552347,0.227272727273,1.0269106361,0.627556499842,0.30303030303,1.62927758671,0.995669636321,0.505050505051,1.15288820184,0.369500068851,3.85714285714,3.12012987013,1.15288820184,3.85714285714,0.48,0.333333333333,5,0.030303030303,0.212592592593,11,11,11,1,0,0.0909090909091,0.636363636364,0.272727272727,11,20,0.181818181818,3.11570247934,3.63636363636,2,2.22222222222,1.43336856898,0.39417635647,0.209090909091,1.16774841624,0.642261628933,0.336363636364,1.66241882919,0.914330356053,0.463636363636,1.13324365079,0.36372011073,3.70454545455,3.11570247934,1.13324365079,3.70454545455,0.493333333333,0.375,7,0.0424242424242,0.222222222222,11,11,11,1,0,0.0909090909091,0.727272727273,0.181818181818,0,0,0.0723140495868,0,0,-0.277777777778,-0.256171443727,-0.070447147025,-0.0363636363636,0,0,0,-0.277590542861,-0.152674798574,-0.0727272727273,0.076344876251,0.016443120319,0.159090909091,0.0723140495868,0.076344876251,0.159090909091,-0.00571428571429,-0.025,-1,-0.00606060606061,-0.0333333333333,0,0.0909090909091,-0.0909090909091,19,1,1,89,0.95,0.988888888889,0.0111111111111,0.05,0.95,0.95,0.95,0.938888888889,0.938888888889,0.904761904762,2,2,0,0,0,0
3876,WLNM_dir_neg,0.75,0.208333333333,00:00:00,10,90,31,1179281680,threshold_sweep,0.6,0.5,0.5,0.5,1,1,1,3,0.5,0.75,0.25,0.5,0.5,0.5,0.5,0.666666666667,0.555555555556,0.25,0.25,0.25,20,18,2,0,20,0,18,0,2,11,20,0.181818181818,3.04338842975,3.63636363636,2,2.5,1.68954001271,0.464623503495,0.245454545455,1.16774841624,0.642261628933,0.336363636364,1.94000937205,1.06700515463,0.536363636364,1.05689877454,0.347276990411,3.54545454545,3.04338842975,1.05689877454,3.54545454545,0.499047619048,0.4,8,0.0484848484848,0.255555555556,11,11,11,1,0,0.0909090909091,0.636363636364,0.272727272727,11,0.163636363636,3.12012987013,3.27272727273,1.8,2.25,1.42062726223,0.434080552347,0.227272727273,1.0269106361,0.627556499842,0.30303030303,1.62927758671,0.995669636321,0.505050505051,1.15288820184,0.369500068851,3.85714285714,3.12012987013,1.15288820184,3.85714285714,0.48,0.333333333333,5,0.030303030303,0.212592592593,11,11,11,1,0,0.0909090909091,0.636363636364,0.272727272727,11,20,0.181818181818,3.11570247934,3.63636363636,2,2.22222222222,1.43336856898,0.39417635647,0.209090909091,1.16774841624,0.642261628933,0.336363636364,1.66241882919,0.914330356053,0.463636363636,1.13324365079,0.36372011073,3.70454545455,3.11570247934,1.13324365079,3.70454545455,0.493333333333,0.375,7,0.0424242424242,0.222222222222,11,11,11,1,0,0.0909090909091,0.727272727273,0.181818181818,0,0,0.0723140495868,0,0,-0.277777777778,-0.256171443727,-0.070447147025,-0.0363636363636,0,0,0,-0.277590542861,-0.152674798574,-0.0727272727273,0.076344876251,0.016443120319,0.159090909091,0.0723140495868,0.076344876251,0.159090909091,-0.00571428571429,-0.025,-1,-0.00606060606061,-0.0333333333333,0,0.0909090909091,-0.0909090909091,19,1,1,89,0.95,0.988888888889,0.0111111111111,0.05,0.95,0.95,0.95,0.938888888889,0.938888888889,0.904761904762,2,2,0,0,0,0
3877,WLNM_dir_neg,0.75,0.208333333333,00:00:00,10,90,31,1179281680,threshold_sweep,0.7,0.5,0.5,0.5,1,1,1,3,0.5,0.75,0.25,0.5,0.5,0.5,0.5,0.666666666667,0.555555555556,0.25,0.25,0.25,20,18,2,0,20,0,18,0,2,11,20,0.181818181818,3.04338842975,3.63636363636,2,2.5,1.68954001271,0.464623503495,0.245454545455,1.16774841624,0.642261628933,0.336363636364,1.94000937205,1.06700515463,0.536363636364,1.05689877454,0.347276990411,3.54545454545,3.04338842975,1.05689877454,3.54545454545,0.499047619048,0.4,8,0.0484848484848,0.255555555556,11,11,11,1,0,0.0909090909091,0.636363636364,0.272727272727,11,0.163636363636,3.12012987013,3.27272727273,1.8,2.25,1.42062726223,0.434080552347,0.227272727273,1.0269106361,0.627556499842,0.30303030303,1.62927758671,0.995669636321,0.505050505051,1.15288820184,0.369500068851,3.85714285714,3.12012987013,1.15288820184,3.85714285714,0.48,0.333333333333,5,0.030303030303,0.212592592593,11,11,11,1,0,0.0909090909091,0.636363636364,0.272727272727,11,20,0.181818181818,3.11570247934,3.63636363636,2,2.22222222222,1.43336856898,0.39417635647,0.209090909091,1.16774841624,0.642261628933,0.336363636364,1.66241882919,0.914330356053,0.463636363636,1.13324365079,0.36372011073,3.70454545455,3.11570247934,1.13324365079,3.70454545455,0.493333333333,0.375,7,0.0424242424242,0.222222222222,11,11,11,1,0,0.0909090909091,0.727272727273,0.181818181818,0,0,0.0723140495868,0,0,-0.277777777778,-0.256171443727,-0.070447147025,-0.0363636363636,0,0,0,-0.277590542861,-0.152674798574,-0.0727272727273,0.076344876251,0.016443120319,0.159090909091,0.0723140495868,0.076344876251,0.159090909091,-0.00571428571429,-0.025,-1,-0.00606060606061,-0.0333333333333,0,0.0909090909091,-0.0909090909091,19,1,1,89,0.95,0.988888888889,0.0111111111111,0.05,0.95,0.95,0.95,0.938888888889,0.938888888889,0.904761904762,2,2,0,0,0,0
3878,WLNM_dir_neg,0.75,0.208333333333,00:00:00,10,90,31,1179281680,threshold_sweep,0.8,0.5,0.5,0.5,1,1,1,3,0.5,0.75,0.25,0.5,0.5,0.5,0.5,0.666666666667,0.555555555556,0.25,0.25,0.25,20,18,2,0,20,0,18,0,2,11,20,0.181818181818,3.04338842975,3.63636363636,2,2.5,1.68954001271,0.464623503495,0.245454545455,1.16774841624,0.642261628933,0.336363636364,1.94000937205,1.06700515463,0.536363636364,1.05689877454,0.347276990411,3.54545454545,3.04338842975,1.05689877454,3.54545454545,0.499047619048,0.4,8,0.0484848484848,0.255555555556,11,11,11,1,0,0.0909090909091,0.636363636364,0.272727272727,11,0.163636363636,3.12012987013,3.27272727273,1.8,2.25,1.42062726223,0.434080552347,0.227272727273,1.0269106361,0.627556499842,0.30303030303,1.62927758671,0.995669636321,0.505050505051,1.15288820184,0.369500068851,3.85714285714,3.12012987013,1.15288820184,3.85714285714,0.48,0.333333333333,5,0.030303030303,0.212592592593,11,11,11,1,0,0.0909090909091,0.636363636364,0.272727272727,11,20,0.181818181818,3.11570247934,3.63636363636,2,2.22222222222,1.43336856898,0.39417635647,0.209090909091,1.16774841624,0.642261628933,0.336363636364,1.66241882919,0.914330356053,0.463636363636,1.13324365079,0.36372011073,3.70454545455,3.11570247934,1.13324365079,3.70454545455,0.493333333333,0.375,7,0.0424242424242,0.222222222222,11,11,11,1,0,0.0909090909091,0.727272727273,0.181818181818,0,0,0.0723140495868,0,0,-0.277777777778,-0.256171443727,-0.070447147025,-0.0363636363636,0,0,0,-0.277590542861,-0.152674798574,-0.0727272727273,0.076344876251,0.016443120319,0.159090909091,0.0723140495868,0.076344876251,0.159090909091,-0.00571428571429,-0.025,-1,-0.00606060606061,-0.0333333333333,0,0.0909090909091,-0.0909090909091,19,1,1,89,0.95,0.988888888889,0.0111111111111,0.05,0.95,0.95,0.95,0.938888888889,0.938888888889,0.904761904762,2,2,0,0,0,0
3879,WLNM_dir_neg,0.75,0.208333333333,00:00:00,10,90,31,1179281680,threshold_sweep,0.9,0.5,0.5,0.5,1,1,1,3,0.5,0.75,0.25,0.5,0.5,0.5,0.5,0.666666666667,0.555555555556,0.25,0.25,0.25,20,18,2,0,20,0,18,0,2,11,20,0.181818181818,3.04338842975,3.63636363636,2,2.5,1.68954001271,0.464623503495,0.245454545455,1.16774841624,0.642261628933,0.336363636364,1.94000937205,1.06700515463,0.536363636364,1.05689877454,0.347276990411,3.54545454545,3.04338842975,1.05689877454,3.54545454545,0.499047619048,0.4,8,0.0484848484848,0.255555555556,11,11,11,1,0,0.0909090909091,0.636363636364,0.272727272727,11,0.163636363636,3.12012987013,3.27272727273,1.8,2.25,1.42062726223,0.434080552347,0.227272727273,1.0269106361,0.627556499842,0.30303030303,1.62927758671,0.995669636321,0.505050505051,1.15288820184,0.369500068851,3.85714285714,3.12012987013,1.15288820184,3.85714285714,0.48,0.333333333333,5,0.030303030303,0.212592592593,11,11,11,1,0,0.0909090909091,0.636363636364,0.272727272727,11,20,0.181818181818,3.11570247934,3.63636363636,2,2.22222222222,1.43336856898,0.39417635647,0.209090909091,1.16774841624,0.642261628933,0.336363636364,1.66241882919,0.914330356053,0.463636363636,1.13324365079,0.36372011073,3.70454545455,3.11570247934,1.13324365079,3.70454545455,0.493333333333,0.375,7,0.0424242424242,0.222222222222,11,11,11,1,0,0.0909090909091,0.727272727273,0.181818181818,0,0,0.0723140495868,0,0,-0.277777777778,-0.256171443727,-0.070447147025,-0.0363636363636,0,0,0,-0.277590542861,-0.152674798574,-0.0727272727273,0.076344876251,0.016443120319,0.159090909091,0.0723140495868,0.076344876251,0.159090909091,-0.00571428571429,-0.025,-1,-0.00606060606061,-0.0333333333333,0,0.0909090909091,-0.0909090909091,19,1,1,89,0.95,0.988888888889,0.0111111111111,0.05,0.95,0.95,0.95,0.938888888889,0.938888888889,0.904761904762,2,2,0,0,0,0
3880,WLNM_dir_neg,1,0.5,00:00:01,10,90,32,1179281681,threshold_sweep,0.1,1,1,1,2,0,0,4,1,1,0,0,1,1,1,1,0.555555555556,1,1,1,20,18,2,0,20,0,18,0,2,11,20,0.181818181818,3.04338842975,3.63636363636,2,2.5,1.68954001271,0.464623503495,0.245454545455,1.16774841624,0.642261628933,0.336363636364,1.94000937205,1.06700515463,0.536363636364,1.05689877454,0.347276990411,3.54545454545,3.04338842975,1.05689877454,3.54545454545,0.499047619048,0.4,8,0.0484848484848,0.255555555556,11,11,11,1,0,0.0909090909091,0.636363636364,0.272727272727,11,0.163636363636,3.11060606061,3.27272727273,1.8,2.25,1.55505042304,0.475154295927,0.232323232323,0.924416277737,0.564921058617,0.292929292929,1.80403587951,1.10246637081,0.535353535354,1.16595865963,0.374833275867,3.93333333333,3.11060606061,1.16595865963,3.93333333333,0.369047619048,0.3125,5,0.030303030303,0.232222222222,11,11,11,1,0,0.0909090909091,0.636363636364,0.272727272727,11,20,0.181818181818,3.04338842975,3.63636363636,2,2.5,1.68954001271,0.464623503495,0.245454545455,1.16774841624,0.642261628933,0.336363636364,1.94000937205,1.06700515463,0.536363636364,1.05689877454,0.347276990411,3.54545454545,3.04338842975,1.05689877454,3.54545454545,0.499047619048,0.4,8,0.0484848484848,0.255555555556,11,11,11,1,0,0.0909090909091,0.636363636364,0.272727272727,0,0,0,0,0,0,0,0,0,0,0,0,0,0,0,0,0,0,0,0,0,0,0,0,0,0,0,0,0,20,0,0,90,1,1,0,0,1,1,1,1,1,1,2,2,0,0,0,0
3881,WLNM_dir_neg,1,0.5,00:00:01,10,90,32,1179281681,threshold_sweep,0.2,1,1,1,2,0,0,4,1,1,0,0,1,1,1,1,0.555555555556,1,1,1,20,18,2,0,20,0,18,0,2,11,20,0.181818181818,3.04338842975,3.63636363636,2,2.5,1.68954001271,0.464623503495,0.245454545455,1.16774841624,0.642261628933,0.336363636364,1.94000937205,1.06700515463,0.536363636364,1.05689877454,0.347276990411,3.54545454545,3.04338842975,1.05689877454,3.54545454545,0.499047619048,0.4,8,0.0484848484848,0.255555555556,11,11,11,1,0,0.0909090909091,0.636363636364,0.272727272727,11,0.163636363636,3.11060606061,3.27272727273,1.8,2.25,1.55505042304,0.475154295927,0.232323232323,0.924416277737,0.564921058617,0.292929292929,1.80403587951,1.10246637081,0.535353535354,1.16595865963,0.374833275867,3.93333333333,3.11060606061,1.16595865963,3.93333333333,0.369047619048,0.3125,5,0.030303030303,0.232222222222,11,11,11,1,0,0.0909090909091,0.636363636364,0.272727272727,11,20,0.181818181818,3.04338842975,3.63636363636,2,2.5,1.68954001271,0.464623503495,0.245454545455,1.16774841624,0.642261628933,0.336363636364,1.94000937205,1.06700515463,0.536363636364,1.05689877454,0.347276990411,3.54545454545,3.04338842975,1.05689877454,3.54545454545,0.499047619048,0.4,8,0.0484848484848,0.255555555556,11,11,11,1,0,0.0909090909091,0.636363636364,0.272727272727,0,0,0,0,0,0,0,0,0,0,0,0,0,0,0,0,0,0,0,0,0,0,0,0,0,0,0,0,0,20,0,0,90,1,1,0,0,1,1,1,1,1,1,2,2,0,0,0,0
3882,WLNM_dir_neg,1,0.5,00:00:01,10,90,32,1179281681,threshold_sweep,0.3,1,1,1,2,0,0,4,1,1,0,0,1,1,1,1,0.555555555556,1,1,1,20,18,2,0,20,0,18,0,2,11,20,0.181818181818,3.04338842975,3.63636363636,2,2.5,1.68954001271,0.464623503495,0.245454545455,1.16774841624,0.642261628933,0.336363636364,1.94000937205,1.06700515463,0.536363636364,1.05689877454,0.347276990411,3.54545454545,3.04338842975,1.05689877454,3.54545454545,0.499047619048,0.4,8,0.0484848484848,0.255555555556,11,11,11,1,0,0.0909090909091,0.636363636364,0.272727272727,11,0.163636363636,3.11060606061,3.27272727273,1.8,2.25,1.55505042304,0.475154295927,0.232323232323,0.924416277737,0.564921058617,0.292929292929,1.80403587951,1.10246637081,0.535353535354,1.16595865963,0.374833275867,3.93333333333,3.11060606061,1.16595865963,3.93333333333,0.369047619048,0.3125,5,0.030303030303,0.232222222222,11,11,11,1,0,0.0909090909091,0.636363636364,0.272727272727,11,20,0.181818181818,3.04338842975,3.63636363636,2,2.5,1.68954001271,0.464623503495,0.245454545455,1.16774841624,0.642261628933,0.336363636364,1.94000937205,1.06700515463,0.536363636364,1.05689877454,0.347276990411,3.54545454545,3.04338842975,1.05689877454,3.54545454545,0.499047619048,0.4,8,0.0484848484848,0.255555555556,11,11,11,1,0,0.0909090909091,0.636363636364,0.272727272727,0,0,0,0,0,0,0,0,0,0,0,0,0,0,0,0,0,0,0,0,0,0,0,0,0,0,0,0,0,20,0,0,90,1,1,0,0,1,1,1,1,1,1,2,2,0,0,0,0
3883,WLNM_dir_neg,1,0.5,00:00:01,10,90,32,1179281681,threshold_sweep,0.4,1,1,1,2,0,0,4,1,1,0,0,1,1,1,1,0.555555555556,1,1,1,20,18,2,0,20,0,18,0,2,11,20,0.181818181818,3.04338842975,3.63636363636,2,2.5,1.68954001271,0.464623503495,0.245454545455,1.16774841624,0.642261628933,0.336363636364,1.94000937205,1.06700515463,0.536363636364,1.05689877454,0.347276990411,3.54545454545,3.04338842975,1.05689877454,3.54545454545,0.499047619048,0.4,8,0.0484848484848,0.255555555556,11,11,11,1,0,0.0909090909091,0.636363636364,0.272727272727,11,0.163636363636,3.11060606061,3.27272727273,1.8,2.25,1.55505042304,0.475154295927,0.232323232323,0.924416277737,0.564921058617,0.292929292929,1.80403587951,1.10246637081,0.535353535354,1.16595865963,0.374833275867,3.93333333333,3.11060606061,1.16595865963,3.93333333333,0.369047619048,0.3125,5,0.030303030303,0.232222222222,11,11,11,1,0,0.0909090909091,0.636363636364,0.272727272727,11,20,0.181818181818,3.04338842975,3.63636363636,2,2.5,1.68954001271,0.464623503495,0.245454545455,1.16774841624,0.642261628933,0.336363636364,1.94000937205,1.06700515463,0.536363636364,1.05689877454,0.347276990411,3.54545454545,3.04338842975,1.05689877454,3.54545454545,0.499047619048,0.4,8,0.0484848484848,0.255555555556,11,11,11,1,0,0.0909090909091,0.636363636364,0.272727272727,0,0,0,0,0,0,0,0,0,0,0,0,0,0,0,0,0,0,0,0,0,0,0,0,0,0,0,0,0,20,0,0,90,1,1,0,0,1,1,1,1,1,1,2,2,0,0,0,0
3884,WLNM_dir_neg,1,0.5,00:00:01,10,90,32,1179281681,threshold_sweep,0.5,1,1,1,2,0,0,4,1,1,0,0,1,1,1,1,0.555555555556,1,1,1,20,18,2,0,20,0,18,0,2,11,20,0.181818181818,3.04338842975,3.63636363636,2,2.5,1.68954001271,0.464623503495,0.245454545455,1.16774841624,0.642261628933,0.336363636364,1.94000937205,1.06700515463,0.536363636364,1.05689877454,0.347276990411,3.54545454545,3.04338842975,1.05689877454,3.54545454545,0.499047619048,0.4,8,0.0484848484848,0.255555555556,11,11,11,1,0,0.0909090909091,0.636363636364,0.272727272727,11,0.163636363636,3.11060606061,3.27272727273,1.8,2.25,1.55505042304,0.475154295927,0.232323232323,0.924416277737,0.564921058617,0.292929292929,1.80403587951,1.10246637081,0.535353535354,1.16595865963,0.374833275867,3.93333333333,3.11060606061,1.16595865963,3.93333333333,0.369047619048,0.3125,5,0.030303030303,0.232222222222,11,11,11,1,0,0.0909090909091,0.636363636364,0.272727272727,11,20,0.181818181818,3.04338842975,3.63636363636,2,2.5,1.68954001271,0.464623503495,0.245454545455,1.16774841624,0.642261628933,0.336363636364,1.94000937205,1.06700515463,0.536363636364,1.05689877454,0.347276990411,3.54545454545,3.04338842975,1.05689877454,3.54545454545,0.499047619048,0.4,8,0.0484848484848,0.255555555556,11,11,11,1,0,0.0909090909091,0.636363636364,0.272727272727,0,0,0,0,0,0,0,0,0,0,0,0,0,0,0,0,0,0,0,0,0,0,0,0,0,0,0,0,0,20,0,0,90,1,1,0,0,1,1,1,1,1,1,2,2,0,0,0,0
3885,WLNM_dir_neg,1,0.5,00:00:01,10,90,32,1179281681,threshold_sweep,0.6,1,1,1,2,0,0,4,1,1,0,0,1,1,1,1,0.555555555556,1,1,1,20,18,2,0,20,0,18,0,2,11,20,0.181818181818,3.04338842975,3.63636363636,2,2.5,1.68954001271,0.464623503495,0.245454545455,1.16774841624,0.642261628933,0.336363636364,1.94000937205,1.06700515463,0.536363636364,1.05689877454,0.347276990411,3.54545454545,3.04338842975,1.05689877454,3.54545454545,0.499047619048,0.4,8,0.0484848484848,0.255555555556,11,11,11,1,0,0.0909090909091,0.636363636364,0.272727272727,11,0.163636363636,3.11060606061,3.27272727273,1.8,2.25,1.55505042304,0.475154295927,0.232323232323,0.924416277737,0.564921058617,0.292929292929,1.80403587951,1.10246637081,0.535353535354,1.16595865963,0.374833275867,3.93333333333,3.11060606061,1.16595865963,3.93333333333,0.369047619048,0.3125,5,0.030303030303,0.232222222222,11,11,11,1,0,0.0909090909091,0.636363636364,0.272727272727,11,20,0.181818181818,3.04338842975,3.63636363636,2,2.5,1.68954001271,0.464623503495,0.245454545455,1.16774841624,0.642261628933,0.336363636364,1.94000937205,1.06700515463,0.536363636364,1.05689877454,0.347276990411,3.54545454545,3.04338842975,1.05689877454,3.54545454545,0.499047619048,0.4,8,0.0484848484848,0.255555555556,11,11,11,1,0,0.0909090909091,0.636363636364,0.272727272727,0,0,0,0,0,0,0,0,0,0,0,0,0,0,0,0,0,0,0,0,0,0,0,0,0,0,0,0,0,20,0,0,90,1,1,0,0,1,1,1,1,1,1,2,2,0,0,0,0
3886,WLNM_dir_neg,1,0.5,00:00:01,10,90,32,1179281681,threshold_sweep,0.7,1,1,1,2,0,0,4,1,1,0,0,1,1,1,1,0.555555555556,1,1,1,20,18,2,0,20,0,18,0,2,11,20,0.181818181818,3.04338842975,3.63636363636,2,2.5,1.68954001271,0.464623503495,0.245454545455,1.16774841624,0.642261628933,0.336363636364,1.94000937205,1.06700515463,0.536363636364,1.05689877454,0.347276990411,3.54545454545,3.04338842975,1.05689877454,3.54545454545,0.499047619048,0.4,8,0.0484848484848,0.255555555556,11,11,11,1,0,0.0909090909091,0.636363636364,0.272727272727,11,0.163636363636,3.11060606061,3.27272727273,1.8,2.25,1.55505042304,0.475154295927,0.232323232323,0.924416277737,0.564921058617,0.292929292929,1.80403587951,1.10246637081,0.535353535354,1.16595865963,0.374833275867,3.93333333333,3.11060606061,1.16595865963,3.93333333333,0.369047619048,0.3125,5,0.030303030303,0.232222222222,11,11,11,1,0,0.0909090909091,0.636363636364,0.272727272727,11,20,0.181818181818,3.04338842975,3.63636363636,2,2.5,1.68954001271,0.464623503495,0.245454545455,1.16774841624,0.642261628933,0.336363636364,1.94000937205,1.06700515463,0.536363636364,1.05689877454,0.347276990411,3.54545454545,3.04338842975,1.05689877454,3.54545454545,0.499047619048,0.4,8,0.0484848484848,0.255555555556,11,11,11,1,0,0.0909090909091,0.636363636364,0.272727272727,0,0,0,0,0,0,0,0,0,0,0,0,0,0,0,0,0,0,0,0,0,0,0,0,0,0,0,0,0,20,0,0,90,1,1,0,0,1,1,1,1,1,1,2,2,0,0,0,0
3887,WLNM_dir_neg,1,0.5,00:00:01,10,90,32,1179281681,threshold_sweep,0.8,1,1,1,2,0,0,4,1,1,0,0,1,1,1,1,0.555555555556,1,1,1,20,18,2,0,20,0,18,0,2,11,20,0.181818181818,3.04338842975,3.63636363636,2,2.5,1.68954001271,0.464623503495,0.245454545455,1.16774841624,0.642261628933,0.336363636364,1.94000937205,1.06700515463,0.536363636364,1.05689877454,0.347276990411,3.54545454545,3.04338842975,1.05689877454,3.54545454545,0.499047619048,0.4,8,0.0484848484848,0.255555555556,11,11,11,1,0,0.0909090909091,0.636363636364,0.272727272727,11,0.163636363636,3.11060606061,3.27272727273,1.8,2.25,1.55505042304,0.475154295927,0.232323232323,0.924416277737,0.564921058617,0.292929292929,1.80403587951,1.10246637081,0.535353535354,1.16595865963,0.374833275867,3.93333333333,3.11060606061,1.16595865963,3.93333333333,0.369047619048,0.3125,5,0.030303030303,0.232222222222,11,11,11,1,0,0.0909090909091,0.636363636364,0.272727272727,11,20,0.181818181818,3.04338842975,3.63636363636,2,2.5,1.68954001271,0.464623503495,0.245454545455,1.16774841624,0.642261628933,0.336363636364,1.94000937205,1.06700515463,0.536363636364,1.05689877454,0.347276990411,3.54545454545,3.04338842975,1.05689877454,3.54545454545,0.499047619048,0.4,8,0.0484848484848,0.255555555556,11,11,11,1,0,0.0909090909091,0.636363636364,0.272727272727,0,0,0,0,0,0,0,0,0,0,0,0,0,0,0,0,0,0,0,0,0,0,0,0,0,0,0,0,0,20,0,0,90,1,1,0,0,1,1,1,1,1,1,2,2,0,0,0,0
3888,WLNM_dir_neg,1,0.5,00:00:01,10,90,32,1179281681,threshold_sweep,0.9,1,1,1,2,0,0,4,1,1,0,0,1,1,1,1,0.555555555556,1,1,1,20,18,2,0,20,0,18,0,2,11,20,0.181818181818,3.04338842975,3.63636363636,2,2.5,1.68954001271,0.464623503495,0.245454545455,1.16774841624,0.642261628933,0.336363636364,1.94000937205,1.06700515463,0.536363636364,1.05689877454,0.347276990411,3.54545454545,3.04338842975,1.05689877454,3.54545454545,0.499047619048,0.4,8,0.0484848484848,0.255555555556,11,11,11,1,0,0.0909090909091,0.636363636364,0.272727272727,11,0.163636363636,3.11060606061,3.27272727273,1.8,2.25,1.55505042304,0.475154295927,0.232323232323,0.924416277737,0.564921058617,0.292929292929,1.80403587951,1.10246637081,0.535353535354,1.16595865963,0.374833275867,3.93333333333,3.11060606061,1.16595865963,3.93333333333,0.369047619048,0.3125,5,0.030303030303,0.232222222222,11,11,11,1,0,0.0909090909091,0.636363636364,0.272727272727,11,20,0.181818181818,3.04338842975,3.63636363636,2,2.5,1.68954001271,0.464623503495,0.245454545455,1.16774841624,0.642261628933,0.336363636364,1.94000937205,1.06700515463,0.536363636364,1.05689877454,0.347276990411,3.54545454545,3.04338842975,1.05689877454,3.54545454545,0.499047619048,0.4,8,0.0484848484848,0.255555555556,11,11,11,1,0,0.0909090909091,0.636363636364,0.272727272727,0,0,0,0,0,0,0,0,0,0,0,0,0,0,0,0,0,0,0,0,0,0,0,0,0,0,0,0,0,20,0,0,90,1,1,0,0,1,1,1,1,1,1,2,2,0,0,0,0
3889,WLNM_dir_neg,1,0.5,00:00:00,10,90,33,1179281682,threshold_sweep,0.1,1,0.5,0.666666666667,1,0,1,4,0.5,1,0,0.5,1,0.5,0.666666666667,0.833333333333,0.611111111111,0.571428571429,0.632455532034,0.5,20,18,2,0,20,0,18,0,2,11,20,0.181818181818,3.04338842975,3.63636363636,2,2.5,1.68954001271,0.464623503495,0.245454545455,1.16774841624,0.642261628933,0.336363636364,1.94000937205,1.06700515463,0.536363636364,1.05689877454,0.347276990411,3.54545454545,3.04338842975,1.05689877454,3.54545454545,0.499047619048,0.4,8,0.0484848484848,0.255555555556,11,11,11,1,0,0.0909090909091,0.636363636364,0.272727272727,11,0.163636363636,3.12229437229,3.27272727273,1.8,2.25,1.84883255547,0.564921058617,0.29797979798,1.12006493318,0.684484125834,0.343434343434,1.85864075457,1.13583601668,0.545454545455,1.09490278135,0.350672502587,3.80952380952,3.12229437229,1.09490278135,3.80952380952,0.512169312169,0.346153846154,6,0.0363636363636,0.26037037037,11,11,11,1,0,0.0909090909091,0.636363636364,0.272727272727,11,19,0.172727272727,3.08884297521,3.45454545455,1.9,2.375,1.86352549559,0.53944159083,0.287081339713,1.19087439228,0.689453595529,0.354066985646,1.90215189146,1.1012458319,0.545454545455,1.04183657517,0.337290235708,3.54545454545,3.08884297521,1.04183657517,3.54545454545,0.475132275132,0.368421052632,7,0.0424242424242,0.268518518519,11,11,11,1,0,0.0909090909091,0.636363636364,0.272727272727,-1,-0.00909090909091,0.0454545454545,-0.181818181818,-0.1,-0.125,0.173985482884,0.0748180873347,0.0416267942584,0.023125976035,0.0471919665957,0.0177033492823,-0.0378574805894,0.0342406772707,0.00909090909091,-0.0150621993632,-0.0099867547029,0,0.0454545454545,-0.0150621993632,0,-0.0239153439153,-0.0315789473684,-1,-0.00606060606061,0.012962962963,0,0,0,19,0,1,90,0.95,1,0,0.05,1,0.95,0.974358974359,0.969309258988,0.95,0.95,1,2,0,0,0,0
3890,WLNM_dir_neg,1,0.5,00:00:00,10,90,33,1179281682,threshold_sweep,0.2,1,0.5,0.666666666667,1,0,1,4,0.5,1,0,0.5,1,0.5,0.666666666667,0.833333333333,0.611111111111,0.571428571429,0.632455532034,0.5,20,18,2,0,20,0,18,0,2,11,20,0.181818181818,3.04338842975,3.63636363636,2,2.5,1.68954001271,0.464623503495,0.245454545455,1.16774841624,0.642261628933,0.336363636364,1.94000937205,1.06700515463,0.536363636364,1.05689877454,0.347276990411,3.54545454545,3.04338842975,1.05689877454,3.54545454545,0.499047619048,0.4,8,0.0484848484848,0.255555555556,11,11,11,1,0,0.0909090909091,0.636363636364,0.272727272727,11,0.163636363636,3.12229437229,3.27272727273,1.8,2.25,1.84883255547,0.564921058617,0.29797979798,1.12006493318,0.684484125834,0.343434343434,1.85864075457,1.13583601668,0.545454545455,1.09490278135,0.350672502587,3.80952380952,3.12229437229,1.09490278135,3.80952380952,0.512169312169,0.346153846154,6,0.0363636363636,0.26037037037,11,11,11,1,0,0.0909090909091,0.636363636364,0.272727272727,11,19,0.172727272727,3.08884297521,3.45454545455,1.9,2.375,1.86352549559,0.53944159083,0.287081339713,1.19087439228,0.689453595529,0.354066985646,1.90215189146,1.1012458319,0.545454545455,1.04183657517,0.337290235708,3.54545454545,3.08884297521,1.04183657517,3.54545454545,0.475132275132,0.368421052632,7,0.0424242424242,0.268518518519,11,11,11,1,0,0.0909090909091,0.636363636364,0.272727272727,-1,-0.00909090909091,0.0454545454545,-0.181818181818,-0.1,-0.125,0.173985482884,0.0748180873347,0.0416267942584,0.023125976035,0.0471919665957,0.0177033492823,-0.0378574805894,0.0342406772707,0.00909090909091,-0.0150621993632,-0.0099867547029,0,0.0454545454545,-0.0150621993632,0,-0.0239153439153,-0.0315789473684,-1,-0.00606060606061,0.012962962963,0,0,0,19,0,1,90,0.95,1,0,0.05,1,0.95,0.974358974359,0.969309258988,0.95,0.95,1,2,0,0,0,0
3891,WLNM_dir_neg,1,0.5,00:00:00,10,90,33,1179281682,threshold_sweep,0.3,1,0.5,0.666666666667,1,0,1,4,0.5,1,0,0.5,1,0.5,0.666666666667,0.833333333333,0.611111111111,0.571428571429,0.632455532034,0.5,20,18,2,0,20,0,18,0,2,11,20,0.181818181818,3.04338842975,3.63636363636,2,2.5,1.68954001271,0.464623503495,0.245454545455,1.16774841624,0.642261628933,0.336363636364,1.94000937205,1.06700515463,0.536363636364,1.05689877454,0.347276990411,3.54545454545,3.04338842975,1.05689877454,3.54545454545,0.499047619048,0.4,8,0.0484848484848,0.255555555556,11,11,11,1,0,0.0909090909091,0.636363636364,0.272727272727,11,0.163636363636,3.12229437229,3.27272727273,1.8,2.25,1.84883255547,0.564921058617,0.29797979798,1.12006493318,0.684484125834,0.343434343434,1.85864075457,1.13583601668,0.545454545455,1.09490278135,0.350672502587,3.80952380952,3.12229437229,1.09490278135,3.80952380952,0.512169312169,0.346153846154,6,0.0363636363636,0.26037037037,11,11,11,1,0,0.0909090909091,0.636363636364,0.272727272727,11,19,0.172727272727,3.08884297521,3.45454545455,1.9,2.375,1.86352549559,0.53944159083,0.287081339713,1.19087439228,0.689453595529,0.354066985646,1.90215189146,1.1012458319,0.545454545455,1.04183657517,0.337290235708,3.54545454545,3.08884297521,1.04183657517,3.54545454545,0.475132275132,0.368421052632,7,0.0424242424242,0.268518518519,11,11,11,1,0,0.0909090909091,0.636363636364,0.272727272727,-1,-0.00909090909091,0.0454545454545,-0.181818181818,-0.1,-0.125,0.173985482884,0.0748180873347,0.0416267942584,0.023125976035,0.0471919665957,0.0177033492823,-0.0378574805894,0.0342406772707,0.00909090909091,-0.0150621993632,-0.0099867547029,0,0.0454545454545,-0.0150621993632,0,-0.0239153439153,-0.0315789473684,-1,-0.00606060606061,0.012962962963,0,0,0,19,0,1,90,0.95,1,0,0.05,1,0.95,0.974358974359,0.969309258988,0.95,0.95,1,2,0,0,0,0
3892,WLNM_dir_neg,1,0.5,00:00:00,10,90,33,1179281682,threshold_sweep,0.4,1,0.5,0.666666666667,1,0,1,4,0.5,1,0,0.5,1,0.5,0.666666666667,0.833333333333,0.611111111111,0.571428571429,0.632455532034,0.5,20,18,2,0,20,0,18,0,2,11,20,0.181818181818,3.04338842975,3.63636363636,2,2.5,1.68954001271,0.464623503495,0.245454545455,1.16774841624,0.642261628933,0.336363636364,1.94000937205,1.06700515463,0.536363636364,1.05689877454,0.347276990411,3.54545454545,3.04338842975,1.05689877454,3.54545454545,0.499047619048,0.4,8,0.0484848484848,0.255555555556,11,11,11,1,0,0.0909090909091,0.636363636364,0.272727272727,11,0.163636363636,3.12229437229,3.27272727273,1.8,2.25,1.84883255547,0.564921058617,0.29797979798,1.12006493318,0.684484125834,0.343434343434,1.85864075457,1.13583601668,0.545454545455,1.09490278135,0.350672502587,3.80952380952,3.12229437229,1.09490278135,3.80952380952,0.512169312169,0.346153846154,6,0.0363636363636,0.26037037037,11,11,11,1,0,0.0909090909091,0.636363636364,0.272727272727,11,19,0.172727272727,3.08884297521,3.45454545455,1.9,2.375,1.86352549559,0.53944159083,0.287081339713,1.19087439228,0.689453595529,0.354066985646,1.90215189146,1.1012458319,0.545454545455,1.04183657517,0.337290235708,3.54545454545,3.08884297521,1.04183657517,3.54545454545,0.475132275132,0.368421052632,7,0.0424242424242,0.268518518519,11,11,11,1,0,0.0909090909091,0.636363636364,0.272727272727,-1,-0.00909090909091,0.0454545454545,-0.181818181818,-0.1,-0.125,0.173985482884,0.0748180873347,0.0416267942584,0.023125976035,0.0471919665957,0.0177033492823,-0.0378574805894,0.0342406772707,0.00909090909091,-0.0150621993632,-0.0099867547029,0,0.0454545454545,-0.0150621993632,0,-0.0239153439153,-0.0315789473684,-1,-0.00606060606061,0.012962962963,0,0,0,19,0,1,90,0.95,1,0,0.05,1,0.95,0.974358974359,0.969309258988,0.95,0.95,1,2,0,0,0,0
3893,WLNM_dir_neg,1,0.5,00:00:00,10,90,33,1179281682,threshold_sweep,0.5,1,0.5,0.666666666667,1,0,1,4,0.5,1,0,0.5,1,0.5,0.666666666667,0.833333333333,0.611111111111,0.571428571429,0.632455532034,0.5,20,18,2,0,20,0,18,0,2,11,20,0.181818181818,3.04338842975,3.63636363636,2,2.5,1.68954001271,0.464623503495,0.245454545455,1.16774841624,0.642261628933,0.336363636364,1.94000937205,1.06700515463,0.536363636364,1.05689877454,0.347276990411,3.54545454545,3.04338842975,1.05689877454,3.54545454545,0.499047619048,0.4,8,0.0484848484848,0.255555555556,11,11,11,1,0,0.0909090909091,0.636363636364,0.272727272727,11,0.163636363636,3.12229437229,3.27272727273,1.8,2.25,1.84883255547,0.564921058617,0.29797979798,1.12006493318,0.684484125834,0.343434343434,1.85864075457,1.13583601668,0.545454545455,1.09490278135,0.350672502587,3.80952380952,3.12229437229,1.09490278135,3.80952380952,0.512169312169,0.346153846154,6,0.0363636363636,0.26037037037,11,11,11,1,0,0.0909090909091,0.636363636364,0.272727272727,11,19,0.172727272727,3.08884297521,3.45454545455,1.9,2.375,1.86352549559,0.53944159083,0.287081339713,1.19087439228,0.689453595529,0.354066985646,1.90215189146,1.1012458319,0.545454545455,1.04183657517,0.337290235708,3.54545454545,3.08884297521,1.04183657517,3.54545454545,0.475132275132,0.368421052632,7,0.0424242424242,0.268518518519,11,11,11,1,0,0.0909090909091,0.636363636364,0.272727272727,-1,-0.00909090909091,0.0454545454545,-0.181818181818,-0.1,-0.125,0.173985482884,0.0748180873347,0.0416267942584,0.023125976035,0.0471919665957,0.0177033492823,-0.0378574805894,0.0342406772707,0.00909090909091,-0.0150621993632,-0.0099867547029,0,0.0454545454545,-0.0150621993632,0,-0.0239153439153,-0.0315789473684,-1,-0.00606060606061,0.012962962963,0,0,0,19,0,1,90,0.95,1,0,0.05,1,0.95,0.974358974359,0.969309258988,0.95,0.95,1,2,0,0,0,0
3894,WLNM_dir_neg,1,0.5,00:00:00,10,90,33,1179281682,threshold_sweep,0.6,1,0.5,0.666666666667,1,0,1,4,0.5,1,0,0.5,1,0.5,0.666666666667,0.833333333333,0.611111111111,0.571428571429,0.632455532034,0.5,20,18,2,0,20,0,18,0,2,11,20,0.181818181818,3.04338842975,3.63636363636,2,2.5,1.68954001271,0.464623503495,0.245454545455,1.16774841624,0.642261628933,0.336363636364,1.94000937205,1.06700515463,0.536363636364,1.05689877454,0.347276990411,3.54545454545,3.04338842975,1.05689877454,3.54545454545,0.499047619048,0.4,8,0.0484848484848,0.255555555556,11,11,11,1,0,0.0909090909091,0.636363636364,0.272727272727,11,0.163636363636,3.12229437229,3.27272727273,1.8,2.25,1.84883255547,0.564921058617,0.29797979798,1.12006493318,0.684484125834,0.343434343434,1.85864075457,1.13583601668,0.545454545455,1.09490278135,0.350672502587,3.80952380952,3.12229437229,1.09490278135,3.80952380952,0.512169312169,0.346153846154,6,0.0363636363636,0.26037037037,11,11,11,1,0,0.0909090909091,0.636363636364,0.272727272727,11,19,0.172727272727,3.08884297521,3.45454545455,1.9,2.375,1.86352549559,0.53944159083,0.287081339713,1.19087439228,0.689453595529,0.354066985646,1.90215189146,1.1012458319,0.545454545455,1.04183657517,0.337290235708,3.54545454545,3.08884297521,1.04183657517,3.54545454545,0.475132275132,0.368421052632,7,0.0424242424242,0.268518518519,11,11,11,1,0,0.0909090909091,0.636363636364,0.272727272727,-1,-0.00909090909091,0.0454545454545,-0.181818181818,-0.1,-0.125,0.173985482884,0.0748180873347,0.0416267942584,0.023125976035,0.0471919665957,0.0177033492823,-0.0378574805894,0.0342406772707,0.00909090909091,-0.0150621993632,-0.0099867547029,0,0.0454545454545,-0.0150621993632,0,-0.0239153439153,-0.0315789473684,-1,-0.00606060606061,0.012962962963,0,0,0,19,0,1,90,0.95,1,0,0.05,1,0.95,0.974358974359,0.969309258988,0.95,0.95,1,2,0,0,0,0
3895,WLNM_dir_neg,1,0.5,00:00:00,10,90,33,1179281682,threshold_sweep,0.7,1,0.5,0.666666666667,1,0,1,4,0.5,1,0,0.5,1,0.5,0.666666666667,0.833333333333,0.611111111111,0.571428571429,0.632455532034,0.5,20,18,2,0,20,0,18,0,2,11,20,0.181818181818,3.04338842975,3.63636363636,2,2.5,1.68954001271,0.464623503495,0.245454545455,1.16774841624,0.642261628933,0.336363636364,1.94000937205,1.06700515463,0.536363636364,1.05689877454,0.347276990411,3.54545454545,3.04338842975,1.05689877454,3.54545454545,0.499047619048,0.4,8,0.0484848484848,0.255555555556,11,11,11,1,0,0.0909090909091,0.636363636364,0.272727272727,11,0.163636363636,3.12229437229,3.27272727273,1.8,2.25,1.84883255547,0.564921058617,0.29797979798,1.12006493318,0.684484125834,0.343434343434,1.85864075457,1.13583601668,0.545454545455,1.09490278135,0.350672502587,3.80952380952,3.12229437229,1.09490278135,3.80952380952,0.512169312169,0.346153846154,6,0.0363636363636,0.26037037037,11,11,11,1,0,0.0909090909091,0.636363636364,0.272727272727,11,19,0.172727272727,3.08884297521,3.45454545455,1.9,2.375,1.86352549559,0.53944159083,0.287081339713,1.19087439228,0.689453595529,0.354066985646,1.90215189146,1.1012458319,0.545454545455,1.04183657517,0.337290235708,3.54545454545,3.08884297521,1.04183657517,3.54545454545,0.475132275132,0.368421052632,7,0.0424242424242,0.268518518519,11,11,11,1,0,0.0909090909091,0.636363636364,0.272727272727,-1,-0.00909090909091,0.0454545454545,-0.181818181818,-0.1,-0.125,0.173985482884,0.0748180873347,0.0416267942584,0.023125976035,0.0471919665957,0.0177033492823,-0.0378574805894,0.0342406772707,0.00909090909091,-0.0150621993632,-0.0099867547029,0,0.0454545454545,-0.0150621993632,0,-0.0239153439153,-0.0315789473684,-1,-0.00606060606061,0.012962962963,0,0,0,19,0,1,90,0.95,1,0,0.05,1,0.95,0.974358974359,0.969309258988,0.95,0.95,1,2,0,0,0,0
3896,WLNM_dir_neg,1,0.5,00:00:00,10,90,33,1179281682,threshold_sweep,0.8,1,0.5,0.666666666667,1,0,1,4,0.5,1,0,0.5,1,0.5,0.666666666667,0.833333333333,0.611111111111,0.571428571429,0.632455532034,0.5,20,18,2,0,20,0,18,0,2,11,20,0.181818181818,3.04338842975,3.63636363636,2,2.5,1.68954001271,0.464623503495,0.245454545455,1.16774841624,0.642261628933,0.336363636364,1.94000937205,1.06700515463,0.536363636364,1.05689877454,0.347276990411,3.54545454545,3.04338842975,1.05689877454,3.54545454545,0.499047619048,0.4,8,0.0484848484848,0.255555555556,11,11,11,1,0,0.0909090909091,0.636363636364,0.272727272727,11,0.163636363636,3.12229437229,3.27272727273,1.8,2.25,1.84883255547,0.564921058617,0.29797979798,1.12006493318,0.684484125834,0.343434343434,1.85864075457,1.13583601668,0.545454545455,1.09490278135,0.350672502587,3.80952380952,3.12229437229,1.09490278135,3.80952380952,0.512169312169,0.346153846154,6,0.0363636363636,0.26037037037,11,11,11,1,0,0.0909090909091,0.636363636364,0.272727272727,11,19,0.172727272727,3.08884297521,3.45454545455,1.9,2.375,1.86352549559,0.53944159083,0.287081339713,1.19087439228,0.689453595529,0.354066985646,1.90215189146,1.1012458319,0.545454545455,1.04183657517,0.337290235708,3.54545454545,3.08884297521,1.04183657517,3.54545454545,0.475132275132,0.368421052632,7,0.0424242424242,0.268518518519,11,11,11,1,0,0.0909090909091,0.636363636364,0.272727272727,-1,-0.00909090909091,0.0454545454545,-0.181818181818,-0.1,-0.125,0.173985482884,0.0748180873347,0.0416267942584,0.023125976035,0.0471919665957,0.0177033492823,-0.0378574805894,0.0342406772707,0.00909090909091,-0.0150621993632,-0.0099867547029,0,0.0454545454545,-0.0150621993632,0,-0.0239153439153,-0.0315789473684,-1,-0.00606060606061,0.012962962963,0,0,0,19,0,1,90,0.95,1,0,0.05,1,0.95,0.974358974359,0.969309258988,0.95,0.95,1,2,0,0,0,0
3897,WLNM_dir_neg,1,0.5,00:00:00,10,90,33,1179281682,threshold_sweep,0.9,1,0.5,0.666666666667,1,0,1,4,0.5,1,0,0.5,1,0.5,0.666666666667,0.833333333333,0.611111111111,0.571428571429,0.632455532034,0.5,20,18,2,0,20,0,18,0,2,11,20,0.181818181818,3.04338842975,3.63636363636,2,2.5,1.68954001271,0.464623503495,0.245454545455,1.16774841624,0.642261628933,0.336363636364,1.94000937205,1.06700515463,0.536363636364,1.05689877454,0.347276990411,3.54545454545,3.04338842975,1.05689877454,3.54545454545,0.499047619048,0.4,8,0.0484848484848,0.255555555556,11,11,11,1,0,0.0909090909091,0.636363636364,0.272727272727,11,0.163636363636,3.12229437229,3.27272727273,1.8,2.25,1.84883255547,0.564921058617,0.29797979798,1.12006493318,0.684484125834,0.343434343434,1.85864075457,1.13583601668,0.545454545455,1.09490278135,0.350672502587,3.80952380952,3.12229437229,1.09490278135,3.80952380952,0.512169312169,0.346153846154,6,0.0363636363636,0.26037037037,11,11,11,1,0,0.0909090909091,0.636363636364,0.272727272727,11,19,0.172727272727,3.08884297521,3.45454545455,1.9,2.375,1.86352549559,0.53944159083,0.287081339713,1.19087439228,0.689453595529,0.354066985646,1.90215189146,1.1012458319,0.545454545455,1.04183657517,0.337290235708,3.54545454545,3.08884297521,1.04183657517,3.54545454545,0.475132275132,0.368421052632,7,0.0424242424242,0.268518518519,11,11,11,1,0,0.0909090909091,0.636363636364,0.272727272727,-1,-0.00909090909091,0.0454545454545,-0.181818181818,-0.1,-0.125,0.173985482884,0.0748180873347,0.0416267942584,0.023125976035,0.0471919665957,0.0177033492823,-0.0378574805894,0.0342406772707,0.00909090909091,-0.0150621993632,-0.0099867547029,0,0.0454545454545,-0.0150621993632,0,-0.0239153439153,-0.0315789473684,-1,-0.00606060606061,0.012962962963,0,0,0,19,0,1,90,0.95,1,0,0.05,1,0.95,0.974358974359,0.969309258988,0.95,0.95,1,2,0,0,0,0
3898,WLNM_dir_neg,0.5,0.291666666667,00:00:00,10,90,34,1179281683,threshold_sweep,0.1,0,0,0,0,0,2,4,0,1,0,1,0,0,0,0.666666666667,0.666666666667,0,0,0,20,18,2,0,20,0,18,0,2,11,20,0.181818181818,3.04338842975,3.63636363636,2,2.5,1.68954001271,0.464623503495,0.245454545455,1.16774841624,0.642261628933,0.336363636364,1.94000937205,1.06700515463,0.536363636364,1.05689877454,0.347276990411,3.54545454545,3.04338842975,1.05689877454,3.54545454545,0.499047619048,0.4,8,0.0484848484848,0.255555555556,11,11,11,1,0,0.0909090909091,0.636363636364,0.272727272727,11,0.163636363636,3.15289256198,3.27272727273,1.8,2.25,1.61807966991,0.494413232473,0.262626262626,1.12006493318,0.684484125834,0.343434343434,1.68954001271,1.03249667443,0.525252525253,1.0981337902,0.348294072384,3.63636363636,3.15289256198,1.0981337902,3.63636363636,0.46,0.31914893617,5,0.030303030303,0.241111111111,11,11,11,1,0,0.0909090909091,0.636363636364,0.272727272727,11,18,0.163636363636,3.15289256198,3.27272727273,1.8,2.25,1.61807966991,0.494413232473,0.262626262626,1.12006493318,0.684484125834,0.343434343434,1.68954001271,1.03249667443,0.525252525253,1.0981337902,0.348294072384,3.63636363636,3.15289256198,1.0981337902,3.63636363636,0.46,0.31914893617,5,0.030303030303,0.241111111111,11,11,11,1,0,0.0909090909091,0.636363636364,0.272727272727,-2,-0.0181818181818,0.109504132231,-0.363636363636,-0.2,-0.25,-0.0714603427974,0.029789728978,0.0171717171717,-0.0476834830596,0.0422224969006,0.00707070707071,-0.250469359339,-0.0345084801933,-0.0111111111111,0.0412350156667,0.00101708197307,0.0909090909091,0.109504132231,0.0412350156667,0.0909090909091,-0.0390476190476,-0.0808510638298,-3,-0.0181818181818,-0.0144444444444,0,0,0,18,0,2,90,0.9,1,0,0.1,1,0.9,0.947368421053,0.938314863257,0.9,0.9,0,2,0,0,0,0
3899,WLNM_dir_neg,0.5,0.291666666667,00:00:00,10,90,34,1179281683,threshold_sweep,0.2,0,0,0,0,0,2,4,0,1,0,1,0,0,0,0.666666666667,0.666666666667,0,0,0,20,18,2,0,20,0,18,0,2,11,20,0.181818181818,3.04338842975,3.63636363636,2,2.5,1.68954001271,0.464623503495,0.245454545455,1.16774841624,0.642261628933,0.336363636364,1.94000937205,1.06700515463,0.536363636364,1.05689877454,0.347276990411,3.54545454545,3.04338842975,1.05689877454,3.54545454545,0.499047619048,0.4,8,0.0484848484848,0.255555555556,11,11,11,1,0,0.0909090909091,0.636363636364,0.272727272727,11,0.163636363636,3.15289256198,3.27272727273,1.8,2.25,1.61807966991,0.494413232473,0.262626262626,1.12006493318,0.684484125834,0.343434343434,1.68954001271,1.03249667443,0.525252525253,1.0981337902,0.348294072384,3.63636363636,3.15289256198,1.0981337902,3.63636363636,0.46,0.31914893617,5,0.030303030303,0.241111111111,11,11,11,1,0,0.0909090909091,0.636363636364,0.272727272727,11,18,0.163636363636,3.15289256198,3.27272727273,1.8,2.25,1.61807966991,0.494413232473,0.262626262626,1.12006493318,0.684484125834,0.343434343434,1.68954001271,1.03249667443,0.525252525253,1.0981337902,0.348294072384,3.63636363636,3.15289256198,1.0981337902,3.63636363636,0.46,0.31914893617,5,0.030303030303,0.241111111111,11,11,11,1,0,0.0909090909091,0.636363636364,0.272727272727,-2,-0.0181818181818,0.109504132231,-0.363636363636,-0.2,-0.25,-0.0714603427974,0.029789728978,0.0171717171717,-0.0476834830596,0.0422224969006,0.00707070707071,-0.250469359339,-0.0345084801933,-0.0111111111111,0.0412350156667,0.00101708197307,0.0909090909091,0.109504132231,0.0412350156667,0.0909090909091,-0.0390476190476,-0.0808510638298,-3,-0.0181818181818,-0.0144444444444,0,0,0,18,0,2,90,0.9,1,0,0.1,1,0.9,0.947368421053,0.938314863257,0.9,0.9,0,2,0,0,0,0
3900,WLNM_dir_neg,0.5,0.291666666667,00:00:00,10,90,34,1179281683,threshold_sweep,0.3,0,0,0,0,0,2,4,0,1,0,1,0,0,0,0.666666666667,0.666666666667,0,0,0,20,18,2,0,20,0,18,0,2,11,20,0.181818181818,3.04338842975,3.63636363636,2,2.5,1.68954001271,0.464623503495,0.245454545455,1.16774841624,0.642261628933,0.336363636364,1.94000937205,1.06700515463,0.536363636364,1.05689877454,0.347276990411,3.54545454545,3.04338842975,1.05689877454,3.54545454545,0.499047619048,0.4,8,0.0484848484848,0.255555555556,11,11,11,1,0,0.0909090909091,0.636363636364,0.272727272727,11,0.163636363636,3.15289256198,3.27272727273,1.8,2.25,1.61807966991,0.494413232473,0.262626262626,1.12006493318,0.684484125834,0.343434343434,1.68954001271,1.03249667443,0.525252525253,1.0981337902,0.348294072384,3.63636363636,3.15289256198,1.0981337902,3.63636363636,0.46,0.31914893617,5,0.030303030303,0.241111111111,11,11,11,1,0,0.0909090909091,0.636363636364,0.272727272727,11,18,0.163636363636,3.15289256198,3.27272727273,1.8,2.25,1.61807966991,0.494413232473,0.262626262626,1.12006493318,0.684484125834,0.343434343434,1.68954001271,1.03249667443,0.525252525253,1.0981337902,0.348294072384,3.63636363636,3.15289256198,1.0981337902,3.63636363636,0.46,0.31914893617,5,0.030303030303,0.241111111111,11,11,11,1,0,0.0909090909091,0.636363636364,0.272727272727,-2,-0.0181818181818,0.109504132231,-0.363636363636,-0.2,-0.25,-0.0714603427974,0.029789728978,0.0171717171717,-0.0476834830596,0.0422224969006,0.00707070707071,-0.250469359339,-0.0345084801933,-0.0111111111111,0.0412350156667,0.00101708197307,0.0909090909091,0.109504132231,0.0412350156667,0.0909090909091,-0.0390476190476,-0.0808510638298,-3,-0.0181818181818,-0.0144444444444,0,0,0,18,0,2,90,0.9,1,0,0.1,1,0.9,0.947368421053,0.938314863257,0.9,0.9,0,2,0,0,0,0
3901,WLNM_dir_neg,0.5,0.291666666667,00:00:00,10,90,34,1179281683,threshold_sweep,0.4,0,0,0,0,0,2,4,0,1,0,1,0,0,0,0.666666666667,0.666666666667,0,0,0,20,18,2,0,20,0,18,0,2,11,20,0.181818181818,3.04338842975,3.63636363636,2,2.5,1.68954001271,0.464623503495,0.245454545455,1.16774841624,0.642261628933,0.336363636364,1.94000937205,1.06700515463,0.536363636364,1.05689877454,0.347276990411,3.54545454545,3.04338842975,1.05689877454,3.54545454545,0.499047619048,0.4,8,0.0484848484848,0.255555555556,11,11,11,1,0,0.0909090909091,0.636363636364,0.272727272727,11,0.163636363636,3.15289256198,3.27272727273,1.8,2.25,1.61807966991,0.494413232473,0.262626262626,1.12006493318,0.684484125834,0.343434343434,1.68954001271,1.03249667443,0.525252525253,1.0981337902,0.348294072384,3.63636363636,3.15289256198,1.0981337902,3.63636363636,0.46,0.31914893617,5,0.030303030303,0.241111111111,11,11,11,1,0,0.0909090909091,0.636363636364,0.272727272727,11,18,0.163636363636,3.15289256198,3.27272727273,1.8,2.25,1.61807966991,0.494413232473,0.262626262626,1.12006493318,0.684484125834,0.343434343434,1.68954001271,1.03249667443,0.525252525253,1.0981337902,0.348294072384,3.63636363636,3.15289256198,1.0981337902,3.63636363636,0.46,0.31914893617,5,0.030303030303,0.241111111111,11,11,11,1,0,0.0909090909091,0.636363636364,0.272727272727,-2,-0.0181818181818,0.109504132231,-0.363636363636,-0.2,-0.25,-0.0714603427974,0.029789728978,0.0171717171717,-0.0476834830596,0.0422224969006,0.00707070707071,-0.250469359339,-0.0345084801933,-0.0111111111111,0.0412350156667,0.00101708197307,0.0909090909091,0.109504132231,0.0412350156667,0.0909090909091,-0.0390476190476,-0.0808510638298,-3,-0.0181818181818,-0.0144444444444,0,0,0,18,0,2,90,0.9,1,0,0.1,1,0.9,0.947368421053,0.938314863257,0.9,0.9,0,2,0,0,0,0
3902,WLNM_dir_neg,0.5,0.291666666667,00:00:00,10,90,34,1179281683,threshold_sweep,0.5,0,0,0,0,0,2,4,0,1,0,1,0,0,0,0.666666666667,0.666666666667,0,0,0,20,18,2,0,20,0,18,0,2,11,20,0.181818181818,3.04338842975,3.63636363636,2,2.5,1.68954001271,0.464623503495,0.245454545455,1.16774841624,0.642261628933,0.336363636364,1.94000937205,1.06700515463,0.536363636364,1.05689877454,0.347276990411,3.54545454545,3.04338842975,1.05689877454,3.54545454545,0.499047619048,0.4,8,0.0484848484848,0.255555555556,11,11,11,1,0,0.0909090909091,0.636363636364,0.272727272727,11,0.163636363636,3.15289256198,3.27272727273,1.8,2.25,1.61807966991,0.494413232473,0.262626262626,1.12006493318,0.684484125834,0.343434343434,1.68954001271,1.03249667443,0.525252525253,1.0981337902,0.348294072384,3.63636363636,3.15289256198,1.0981337902,3.63636363636,0.46,0.31914893617,5,0.030303030303,0.241111111111,11,11,11,1,0,0.0909090909091,0.636363636364,0.272727272727,11,18,0.163636363636,3.15289256198,3.27272727273,1.8,2.25,1.61807966991,0.494413232473,0.262626262626,1.12006493318,0.684484125834,0.343434343434,1.68954001271,1.03249667443,0.525252525253,1.0981337902,0.348294072384,3.63636363636,3.15289256198,1.0981337902,3.63636363636,0.46,0.31914893617,5,0.030303030303,0.241111111111,11,11,11,1,0,0.0909090909091,0.636363636364,0.272727272727,-2,-0.0181818181818,0.109504132231,-0.363636363636,-0.2,-0.25,-0.0714603427974,0.029789728978,0.0171717171717,-0.0476834830596,0.0422224969006,0.00707070707071,-0.250469359339,-0.0345084801933,-0.0111111111111,0.0412350156667,0.00101708197307,0.0909090909091,0.109504132231,0.0412350156667,0.0909090909091,-0.0390476190476,-0.0808510638298,-3,-0.0181818181818,-0.0144444444444,0,0,0,18,0,2,90,0.9,1,0,0.1,1,0.9,0.947368421053,0.938314863257,0.9,0.9,0,2,0,0,0,0
3903,WLNM_dir_neg,0.5,0.291666666667,00:00:00,10,90,34,1179281683,threshold_sweep,0.6,0,0,0,0,0,2,4,0,1,0,1,0,0,0,0.666666666667,0.666666666667,0,0,0,20,18,2,0,20,0,18,0,2,11,20,0.181818181818,3.04338842975,3.63636363636,2,2.5,1.68954001271,0.464623503495,0.245454545455,1.16774841624,0.642261628933,0.336363636364,1.94000937205,1.06700515463,0.536363636364,1.05689877454,0.347276990411,3.54545454545,3.04338842975,1.05689877454,3.54545454545,0.499047619048,0.4,8,0.0484848484848,0.255555555556,11,11,11,1,0,0.0909090909091,0.636363636364,0.272727272727,11,0.163636363636,3.15289256198,3.27272727273,1.8,2.25,1.61807966991,0.494413232473,0.262626262626,1.12006493318,0.684484125834,0.343434343434,1.68954001271,1.03249667443,0.525252525253,1.0981337902,0.348294072384,3.63636363636,3.15289256198,1.0981337902,3.63636363636,0.46,0.31914893617,5,0.030303030303,0.241111111111,11,11,11,1,0,0.0909090909091,0.636363636364,0.272727272727,11,18,0.163636363636,3.15289256198,3.27272727273,1.8,2.25,1.61807966991,0.494413232473,0.262626262626,1.12006493318,0.684484125834,0.343434343434,1.68954001271,1.03249667443,0.525252525253,1.0981337902,0.348294072384,3.63636363636,3.15289256198,1.0981337902,3.63636363636,0.46,0.31914893617,5,0.030303030303,0.241111111111,11,11,11,1,0,0.0909090909091,0.636363636364,0.272727272727,-2,-0.0181818181818,0.109504132231,-0.363636363636,-0.2,-0.25,-0.0714603427974,0.029789728978,0.0171717171717,-0.0476834830596,0.0422224969006,0.00707070707071,-0.250469359339,-0.0345084801933,-0.0111111111111,0.0412350156667,0.00101708197307,0.0909090909091,0.109504132231,0.0412350156667,0.0909090909091,-0.0390476190476,-0.0808510638298,-3,-0.0181818181818,-0.0144444444444,0,0,0,18,0,2,90,0.9,1,0,0.1,1,0.9,0.947368421053,0.938314863257,0.9,0.9,0,2,0,0,0,0
3904,WLNM_dir_neg,0.5,0.291666666667,00:00:00,10,90,34,1179281683,threshold_sweep,0.7,0,0,0,0,0,2,4,0,1,0,1,0,0,0,0.666666666667,0.666666666667,0,0,0,20,18,2,0,20,0,18,0,2,11,20,0.181818181818,3.04338842975,3.63636363636,2,2.5,1.68954001271,0.464623503495,0.245454545455,1.16774841624,0.642261628933,0.336363636364,1.94000937205,1.06700515463,0.536363636364,1.05689877454,0.347276990411,3.54545454545,3.04338842975,1.05689877454,3.54545454545,0.499047619048,0.4,8,0.0484848484848,0.255555555556,11,11,11,1,0,0.0909090909091,0.636363636364,0.272727272727,11,0.163636363636,3.15289256198,3.27272727273,1.8,2.25,1.61807966991,0.494413232473,0.262626262626,1.12006493318,0.684484125834,0.343434343434,1.68954001271,1.03249667443,0.525252525253,1.0981337902,0.348294072384,3.63636363636,3.15289256198,1.0981337902,3.63636363636,0.46,0.31914893617,5,0.030303030303,0.241111111111,11,11,11,1,0,0.0909090909091,0.636363636364,0.272727272727,11,18,0.163636363636,3.15289256198,3.27272727273,1.8,2.25,1.61807966991,0.494413232473,0.262626262626,1.12006493318,0.684484125834,0.343434343434,1.68954001271,1.03249667443,0.525252525253,1.0981337902,0.348294072384,3.63636363636,3.15289256198,1.0981337902,3.63636363636,0.46,0.31914893617,5,0.030303030303,0.241111111111,11,11,11,1,0,0.0909090909091,0.636363636364,0.272727272727,-2,-0.0181818181818,0.109504132231,-0.363636363636,-0.2,-0.25,-0.0714603427974,0.029789728978,0.0171717171717,-0.0476834830596,0.0422224969006,0.00707070707071,-0.250469359339,-0.0345084801933,-0.0111111111111,0.0412350156667,0.00101708197307,0.0909090909091,0.109504132231,0.0412350156667,0.0909090909091,-0.0390476190476,-0.0808510638298,-3,-0.0181818181818,-0.0144444444444,0,0,0,18,0,2,90,0.9,1,0,0.1,1,0.9,0.947368421053,0.938314863257,0.9,0.9,0,2,0,0,0,0
3905,WLNM_dir_neg,0.5,0.291666666667,00:00:00,10,90,34,1179281683,threshold_sweep,0.8,0,0,0,0,0,2,4,0,1,0,1,0,0,0,0.666666666667,0.666666666667,0,0,0,20,18,2,0,20,0,18,0,2,11,20,0.181818181818,3.04338842975,3.63636363636,2,2.5,1.68954001271,0.464623503495,0.245454545455,1.16774841624,0.642261628933,0.336363636364,1.94000937205,1.06700515463,0.536363636364,1.05689877454,0.347276990411,3.54545454545,3.04338842975,1.05689877454,3.54545454545,0.499047619048,0.4,8,0.0484848484848,0.255555555556,11,11,11,1,0,0.0909090909091,0.636363636364,0.272727272727,11,0.163636363636,3.15289256198,3.27272727273,1.8,2.25,1.61807966991,0.494413232473,0.262626262626,1.12006493318,0.684484125834,0.343434343434,1.68954001271,1.03249667443,0.525252525253,1.0981337902,0.348294072384,3.63636363636,3.15289256198,1.0981337902,3.63636363636,0.46,0.31914893617,5,0.030303030303,0.241111111111,11,11,11,1,0,0.0909090909091,0.636363636364,0.272727272727,11,18,0.163636363636,3.15289256198,3.27272727273,1.8,2.25,1.61807966991,0.494413232473,0.262626262626,1.12006493318,0.684484125834,0.343434343434,1.68954001271,1.03249667443,0.525252525253,1.0981337902,0.348294072384,3.63636363636,3.15289256198,1.0981337902,3.63636363636,0.46,0.31914893617,5,0.030303030303,0.241111111111,11,11,11,1,0,0.0909090909091,0.636363636364,0.272727272727,-2,-0.0181818181818,0.109504132231,-0.363636363636,-0.2,-0.25,-0.0714603427974,0.029789728978,0.0171717171717,-0.0476834830596,0.0422224969006,0.00707070707071,-0.250469359339,-0.0345084801933,-0.0111111111111,0.0412350156667,0.00101708197307,0.0909090909091,0.109504132231,0.0412350156667,0.0909090909091,-0.0390476190476,-0.0808510638298,-3,-0.0181818181818,-0.0144444444444,0,0,0,18,0,2,90,0.9,1,0,0.1,1,0.9,0.947368421053,0.938314863257,0.9,0.9,0,2,0,0,0,0
3906,WLNM_dir_neg,0.5,0.291666666667,00:00:00,10,90,34,1179281683,threshold_sweep,0.9,0,0,0,0,0,2,4,0,1,0,1,0,0,0,0.666666666667,0.666666666667,0,0,0,20,18,2,0,20,0,18,0,2,11,20,0.181818181818,3.04338842975,3.63636363636,2,2.5,1.68954001271,0.464623503495,0.245454545455,1.16774841624,0.642261628933,0.336363636364,1.94000937205,1.06700515463,0.536363636364,1.05689877454,0.347276990411,3.54545454545,3.04338842975,1.05689877454,3.54545454545,0.499047619048,0.4,8,0.0484848484848,0.255555555556,11,11,11,1,0,0.0909090909091,0.636363636364,0.272727272727,11,0.163636363636,3.15289256198,3.27272727273,1.8,2.25,1.61807966991,0.494413232473,0.262626262626,1.12006493318,0.684484125834,0.343434343434,1.68954001271,1.03249667443,0.525252525253,1.0981337902,0.348294072384,3.63636363636,3.15289256198,1.0981337902,3.63636363636,0.46,0.31914893617,5,0.030303030303,0.241111111111,11,11,11,1,0,0.0909090909091,0.636363636364,0.272727272727,11,18,0.163636363636,3.15289256198,3.27272727273,1.8,2.25,1.61807966991,0.494413232473,0.262626262626,1.12006493318,0.684484125834,0.343434343434,1.68954001271,1.03249667443,0.525252525253,1.0981337902,0.348294072384,3.63636363636,3.15289256198,1.0981337902,3.63636363636,0.46,0.31914893617,5,0.030303030303,0.241111111111,11,11,11,1,0,0.0909090909091,0.636363636364,0.272727272727,-2,-0.0181818181818,0.109504132231,-0.363636363636,-0.2,-0.25,-0.0714603427974,0.029789728978,0.0171717171717,-0.0476834830596,0.0422224969006,0.00707070707071,-0.250469359339,-0.0345084801933,-0.0111111111111,0.0412350156667,0.00101708197307,0.0909090909091,0.109504132231,0.0412350156667,0.0909090909091,-0.0390476190476,-0.0808510638298,-3,-0.0181818181818,-0.0144444444444,0,0,0,18,0,2,90,0.9,1,0,0.1,1,0.9,0.947368421053,0.938314863257,0.9,0.9,0,2,0,0,0,0
3907,WLNM_dir_neg,0.75,0.333333333333,00:00:01,10,90,35,1179281684,threshold_sweep,0.1,0.666666666667,1,0.8,2,1,0,3,1,0.75,0.25,0,0.666666666667,1,0.8,0.833333333333,0.5,0.666666666667,0.707106781187,0.75,20,18,2,0,20,0,18,0,2,11,20,0.181818181818,3.04338842975,3.63636363636,2,2.5,1.68954001271,0.464623503495,0.245454545455,1.16774841624,0.642261628933,0.336363636364,1.94000937205,1.06700515463,0.536363636364,1.05689877454,0.347276990411,3.54545454545,3.04338842975,1.05689877454,3.54545454545,0.499047619048,0.4,8,0.0484848484848,0.255555555556,11,11,11,1,0,0.0909090909091,0.636363636364,0.272727272727,11,0.163636363636,3.15702479339,3.27272727273,1.8,2.25,2.00454030096,0.612498425294,0.323232323232,1.20604537831,0.73702773119,0.363636363636,1.91168654715,1.16825288992,0.555555555556,1.04198530063,0.330052935539,3.54545454545,3.15702479339,1.04198530063,3.54545454545,0.361904761905,0.333333333333,6,0.0363636363636,0.303703703704,11,11,11,1,0,0.0909090909091,0.636363636364,0.272727272727,11,21,0.190909090909,NaN,3.81818181818,1.90909090909,2.625,1.72152152575,0.450874685317,0.238095238095,1.04446593573,0.547101204432,0.277056277056,2.02259958739,1.05945692673,0.536796536797,NaN,NaN,NaN,NaN,NaN,NaN,0.477142857143,0.402985074627,9,0.0545454545455,0.225757575758,11,11,0,1,2,0,0.727272727273,0.272727272727,1,0.00909090909091,NaN,0.181818181818,-0.0909090909091,0.125,0.0319815130454,-0.0137488181784,-0.00735930735931,-0.123282480508,-0.0951604245011,-0.0593073593074,0.0825902153411,-0.00754822789877,0.0004329004329,NaN,NaN,NaN,NaN,NaN,NaN,-0.0219047619048,0.00298507462687,1,0.00606060606061,-0.029797979798,-0.0909090909091,0.0909090909091,0,20,1,0,89,1,0.988888888889,0.0111111111111,0,0.952380952381,1,0.975609756098,0.970463261437,0.988888888889,0.952380952381,3,2,0,0,0,0
3908,WLNM_dir_neg,0.75,0.333333333333,00:00:01,10,90,35,1179281684,threshold_sweep,0.2,0.666666666667,1,0.8,2,1,0,3,1,0.75,0.25,0,0.666666666667,1,0.8,0.833333333333,0.5,0.666666666667,0.707106781187,0.75,20,18,2,0,20,0,18,0,2,11,20,0.181818181818,3.04338842975,3.63636363636,2,2.5,1.68954001271,0.464623503495,0.245454545455,1.16774841624,0.642261628933,0.336363636364,1.94000937205,1.06700515463,0.536363636364,1.05689877454,0.347276990411,3.54545454545,3.04338842975,1.05689877454,3.54545454545,0.499047619048,0.4,8,0.0484848484848,0.255555555556,11,11,11,1,0,0.0909090909091,0.636363636364,0.272727272727,11,0.163636363636,3.15702479339,3.27272727273,1.8,2.25,2.00454030096,0.612498425294,0.323232323232,1.20604537831,0.73702773119,0.363636363636,1.91168654715,1.16825288992,0.555555555556,1.04198530063,0.330052935539,3.54545454545,3.15702479339,1.04198530063,3.54545454545,0.361904761905,0.333333333333,6,0.0363636363636,0.303703703704,11,11,11,1,0,0.0909090909091,0.636363636364,0.272727272727,11,21,0.190909090909,NaN,3.81818181818,1.90909090909,2.625,1.72152152575,0.450874685317,0.238095238095,1.04446593573,0.547101204432,0.277056277056,2.02259958739,1.05945692673,0.536796536797,NaN,NaN,NaN,NaN,NaN,NaN,0.477142857143,0.402985074627,9,0.0545454545455,0.225757575758,11,11,0,1,2,0,0.727272727273,0.272727272727,1,0.00909090909091,NaN,0.181818181818,-0.0909090909091,0.125,0.0319815130454,-0.0137488181784,-0.00735930735931,-0.123282480508,-0.0951604245011,-0.0593073593074,0.0825902153411,-0.00754822789877,0.0004329004329,NaN,NaN,NaN,NaN,NaN,NaN,-0.0219047619048,0.00298507462687,1,0.00606060606061,-0.029797979798,-0.0909090909091,0.0909090909091,0,20,1,0,89,1,0.988888888889,0.0111111111111,0,0.952380952381,1,0.975609756098,0.970463261437,0.988888888889,0.952380952381,3,2,0,0,0,0
3909,WLNM_dir_neg,0.75,0.333333333333,00:00:01,10,90,35,1179281684,threshold_sweep,0.3,0.666666666667,1,0.8,2,1,0,3,1,0.75,0.25,0,0.666666666667,1,0.8,0.833333333333,0.5,0.666666666667,0.707106781187,0.75,20,18,2,0,20,0,18,0,2,11,20,0.181818181818,3.04338842975,3.63636363636,2,2.5,1.68954001271,0.464623503495,0.245454545455,1.16774841624,0.642261628933,0.336363636364,1.94000937205,1.06700515463,0.536363636364,1.05689877454,0.347276990411,3.54545454545,3.04338842975,1.05689877454,3.54545454545,0.499047619048,0.4,8,0.0484848484848,0.255555555556,11,11,11,1,0,0.0909090909091,0.636363636364,0.272727272727,11,0.163636363636,3.15702479339,3.27272727273,1.8,2.25,2.00454030096,0.612498425294,0.323232323232,1.20604537831,0.73702773119,0.363636363636,1.91168654715,1.16825288992,0.555555555556,1.04198530063,0.330052935539,3.54545454545,3.15702479339,1.04198530063,3.54545454545,0.361904761905,0.333333333333,6,0.0363636363636,0.303703703704,11,11,11,1,0,0.0909090909091,0.636363636364,0.272727272727,11,21,0.190909090909,NaN,3.81818181818,1.90909090909,2.625,1.72152152575,0.450874685317,0.238095238095,1.04446593573,0.547101204432,0.277056277056,2.02259958739,1.05945692673,0.536796536797,NaN,NaN,NaN,NaN,NaN,NaN,0.477142857143,0.402985074627,9,0.0545454545455,0.225757575758,11,11,0,1,2,0,0.727272727273,0.272727272727,1,0.00909090909091,NaN,0.181818181818,-0.0909090909091,0.125,0.0319815130454,-0.0137488181784,-0.00735930735931,-0.123282480508,-0.0951604245011,-0.0593073593074,0.0825902153411,-0.00754822789877,0.0004329004329,NaN,NaN,NaN,NaN,NaN,NaN,-0.0219047619048,0.00298507462687,1,0.00606060606061,-0.029797979798,-0.0909090909091,0.0909090909091,0,20,1,0,89,1,0.988888888889,0.0111111111111,0,0.952380952381,1,0.975609756098,0.970463261437,0.988888888889,0.952380952381,3,2,0,0,0,0
3910,WLNM_dir_neg,0.75,0.333333333333,00:00:01,10,90,35,1179281684,threshold_sweep,0.4,0.666666666667,1,0.8,2,1,0,3,1,0.75,0.25,0,0.666666666667,1,0.8,0.833333333333,0.5,0.666666666667,0.707106781187,0.75,20,18,2,0,20,0,18,0,2,11,20,0.181818181818,3.04338842975,3.63636363636,2,2.5,1.68954001271,0.464623503495,0.245454545455,1.16774841624,0.642261628933,0.336363636364,1.94000937205,1.06700515463,0.536363636364,1.05689877454,0.347276990411,3.54545454545,3.04338842975,1.05689877454,3.54545454545,0.499047619048,0.4,8,0.0484848484848,0.255555555556,11,11,11,1,0,0.0909090909091,0.636363636364,0.272727272727,11,0.163636363636,3.15702479339,3.27272727273,1.8,2.25,2.00454030096,0.612498425294,0.323232323232,1.20604537831,0.73702773119,0.363636363636,1.91168654715,1.16825288992,0.555555555556,1.04198530063,0.330052935539,3.54545454545,3.15702479339,1.04198530063,3.54545454545,0.361904761905,0.333333333333,6,0.0363636363636,0.303703703704,11,11,11,1,0,0.0909090909091,0.636363636364,0.272727272727,11,21,0.190909090909,NaN,3.81818181818,1.90909090909,2.625,1.72152152575,0.450874685317,0.238095238095,1.04446593573,0.547101204432,0.277056277056,2.02259958739,1.05945692673,0.536796536797,NaN,NaN,NaN,NaN,NaN,NaN,0.477142857143,0.402985074627,9,0.0545454545455,0.225757575758,11,11,0,1,2,0,0.727272727273,0.272727272727,1,0.00909090909091,NaN,0.181818181818,-0.0909090909091,0.125,0.0319815130454,-0.0137488181784,-0.00735930735931,-0.123282480508,-0.0951604245011,-0.0593073593074,0.0825902153411,-0.00754822789877,0.0004329004329,NaN,NaN,NaN,NaN,NaN,NaN,-0.0219047619048,0.00298507462687,1,0.00606060606061,-0.029797979798,-0.0909090909091,0.0909090909091,0,20,1,0,89,1,0.988888888889,0.0111111111111,0,0.952380952381,1,0.975609756098,0.970463261437,0.988888888889,0.952380952381,3,2,0,0,0,0
3911,WLNM_dir_neg,0.75,0.333333333333,00:00:01,10,90,35,1179281684,threshold_sweep,0.5,0.666666666667,1,0.8,2,1,0,3,1,0.75,0.25,0,0.666666666667,1,0.8,0.833333333333,0.5,0.666666666667,0.707106781187,0.75,20,18,2,0,20,0,18,0,2,11,20,0.181818181818,3.04338842975,3.63636363636,2,2.5,1.68954001271,0.464623503495,0.245454545455,1.16774841624,0.642261628933,0.336363636364,1.94000937205,1.06700515463,0.536363636364,1.05689877454,0.347276990411,3.54545454545,3.04338842975,1.05689877454,3.54545454545,0.499047619048,0.4,8,0.0484848484848,0.255555555556,11,11,11,1,0,0.0909090909091,0.636363636364,0.272727272727,11,0.163636363636,3.15702479339,3.27272727273,1.8,2.25,2.00454030096,0.612498425294,0.323232323232,1.20604537831,0.73702773119,0.363636363636,1.91168654715,1.16825288992,0.555555555556,1.04198530063,0.330052935539,3.54545454545,3.15702479339,1.04198530063,3.54545454545,0.361904761905,0.333333333333,6,0.0363636363636,0.303703703704,11,11,11,1,0,0.0909090909091,0.636363636364,0.272727272727,11,21,0.190909090909,NaN,3.81818181818,1.90909090909,2.625,1.72152152575,0.450874685317,0.238095238095,1.04446593573,0.547101204432,0.277056277056,2.02259958739,1.05945692673,0.536796536797,NaN,NaN,NaN,NaN,NaN,NaN,0.477142857143,0.402985074627,9,0.0545454545455,0.225757575758,11,11,0,1,2,0,0.727272727273,0.272727272727,1,0.00909090909091,NaN,0.181818181818,-0.0909090909091,0.125,0.0319815130454,-0.0137488181784,-0.00735930735931,-0.123282480508,-0.0951604245011,-0.0593073593074,0.0825902153411,-0.00754822789877,0.0004329004329,NaN,NaN,NaN,NaN,NaN,NaN,-0.0219047619048,0.00298507462687,1,0.00606060606061,-0.029797979798,-0.0909090909091,0.0909090909091,0,20,1,0,89,1,0.988888888889,0.0111111111111,0,0.952380952381,1,0.975609756098,0.970463261437,0.988888888889,0.952380952381,3,2,0,0,0,0
3912,WLNM_dir_neg,0.75,0.333333333333,00:00:01,10,90,35,1179281684,threshold_sweep,0.6,0.666666666667,1,0.8,2,1,0,3,1,0.75,0.25,0,0.666666666667,1,0.8,0.833333333333,0.5,0.666666666667,0.707106781187,0.75,20,18,2,0,20,0,18,0,2,11,20,0.181818181818,3.04338842975,3.63636363636,2,2.5,1.68954001271,0.464623503495,0.245454545455,1.16774841624,0.642261628933,0.336363636364,1.94000937205,1.06700515463,0.536363636364,1.05689877454,0.347276990411,3.54545454545,3.04338842975,1.05689877454,3.54545454545,0.499047619048,0.4,8,0.0484848484848,0.255555555556,11,11,11,1,0,0.0909090909091,0.636363636364,0.272727272727,11,0.163636363636,3.15702479339,3.27272727273,1.8,2.25,2.00454030096,0.612498425294,0.323232323232,1.20604537831,0.73702773119,0.363636363636,1.91168654715,1.16825288992,0.555555555556,1.04198530063,0.330052935539,3.54545454545,3.15702479339,1.04198530063,3.54545454545,0.361904761905,0.333333333333,6,0.0363636363636,0.303703703704,11,11,11,1,0,0.0909090909091,0.636363636364,0.272727272727,11,21,0.190909090909,NaN,3.81818181818,1.90909090909,2.625,1.72152152575,0.450874685317,0.238095238095,1.04446593573,0.547101204432,0.277056277056,2.02259958739,1.05945692673,0.536796536797,NaN,NaN,NaN,NaN,NaN,NaN,0.477142857143,0.402985074627,9,0.0545454545455,0.225757575758,11,11,0,1,2,0,0.727272727273,0.272727272727,1,0.00909090909091,NaN,0.181818181818,-0.0909090909091,0.125,0.0319815130454,-0.0137488181784,-0.00735930735931,-0.123282480508,-0.0951604245011,-0.0593073593074,0.0825902153411,-0.00754822789877,0.0004329004329,NaN,NaN,NaN,NaN,NaN,NaN,-0.0219047619048,0.00298507462687,1,0.00606060606061,-0.029797979798,-0.0909090909091,0.0909090909091,0,20,1,0,89,1,0.988888888889,0.0111111111111,0,0.952380952381,1,0.975609756098,0.970463261437,0.988888888889,0.952380952381,3,2,0,0,0,0
3913,WLNM_dir_neg,0.75,0.333333333333,00:00:01,10,90,35,1179281684,threshold_sweep,0.7,0.666666666667,1,0.8,2,1,0,3,1,0.75,0.25,0,0.666666666667,1,0.8,0.833333333333,0.5,0.666666666667,0.707106781187,0.75,20,18,2,0,20,0,18,0,2,11,20,0.181818181818,3.04338842975,3.63636363636,2,2.5,1.68954001271,0.464623503495,0.245454545455,1.16774841624,0.642261628933,0.336363636364,1.94000937205,1.06700515463,0.536363636364,1.05689877454,0.347276990411,3.54545454545,3.04338842975,1.05689877454,3.54545454545,0.499047619048,0.4,8,0.0484848484848,0.255555555556,11,11,11,1,0,0.0909090909091,0.636363636364,0.272727272727,11,0.163636363636,3.15702479339,3.27272727273,1.8,2.25,2.00454030096,0.612498425294,0.323232323232,1.20604537831,0.73702773119,0.363636363636,1.91168654715,1.16825288992,0.555555555556,1.04198530063,0.330052935539,3.54545454545,3.15702479339,1.04198530063,3.54545454545,0.361904761905,0.333333333333,6,0.0363636363636,0.303703703704,11,11,11,1,0,0.0909090909091,0.636363636364,0.272727272727,11,21,0.190909090909,NaN,3.81818181818,1.90909090909,2.625,1.72152152575,0.450874685317,0.238095238095,1.04446593573,0.547101204432,0.277056277056,2.02259958739,1.05945692673,0.536796536797,NaN,NaN,NaN,NaN,NaN,NaN,0.477142857143,0.402985074627,9,0.0545454545455,0.225757575758,11,11,0,1,2,0,0.727272727273,0.272727272727,1,0.00909090909091,NaN,0.181818181818,-0.0909090909091,0.125,0.0319815130454,-0.0137488181784,-0.00735930735931,-0.123282480508,-0.0951604245011,-0.0593073593074,0.0825902153411,-0.00754822789877,0.0004329004329,NaN,NaN,NaN,NaN,NaN,NaN,-0.0219047619048,0.00298507462687,1,0.00606060606061,-0.029797979798,-0.0909090909091,0.0909090909091,0,20,1,0,89,1,0.988888888889,0.0111111111111,0,0.952380952381,1,0.975609756098,0.970463261437,0.988888888889,0.952380952381,3,2,0,0,0,0
3914,WLNM_dir_neg,0.75,0.333333333333,00:00:01,10,90,35,1179281684,threshold_sweep,0.8,0.666666666667,1,0.8,2,1,0,3,1,0.75,0.25,0,0.666666666667,1,0.8,0.833333333333,0.5,0.666666666667,0.707106781187,0.75,20,18,2,0,20,0,18,0,2,11,20,0.181818181818,3.04338842975,3.63636363636,2,2.5,1.68954001271,0.464623503495,0.245454545455,1.16774841624,0.642261628933,0.336363636364,1.94000937205,1.06700515463,0.536363636364,1.05689877454,0.347276990411,3.54545454545,3.04338842975,1.05689877454,3.54545454545,0.499047619048,0.4,8,0.0484848484848,0.255555555556,11,11,11,1,0,0.0909090909091,0.636363636364,0.272727272727,11,0.163636363636,3.15702479339,3.27272727273,1.8,2.25,2.00454030096,0.612498425294,0.323232323232,1.20604537831,0.73702773119,0.363636363636,1.91168654715,1.16825288992,0.555555555556,1.04198530063,0.330052935539,3.54545454545,3.15702479339,1.04198530063,3.54545454545,0.361904761905,0.333333333333,6,0.0363636363636,0.303703703704,11,11,11,1,0,0.0909090909091,0.636363636364,0.272727272727,11,21,0.190909090909,NaN,3.81818181818,1.90909090909,2.625,1.72152152575,0.450874685317,0.238095238095,1.04446593573,0.547101204432,0.277056277056,2.02259958739,1.05945692673,0.536796536797,NaN,NaN,NaN,NaN,NaN,NaN,0.477142857143,0.402985074627,9,0.0545454545455,0.225757575758,11,11,0,1,2,0,0.727272727273,0.272727272727,1,0.00909090909091,NaN,0.181818181818,-0.0909090909091,0.125,0.0319815130454,-0.0137488181784,-0.00735930735931,-0.123282480508,-0.0951604245011,-0.0593073593074,0.0825902153411,-0.00754822789877,0.0004329004329,NaN,NaN,NaN,NaN,NaN,NaN,-0.0219047619048,0.00298507462687,1,0.00606060606061,-0.029797979798,-0.0909090909091,0.0909090909091,0,20,1,0,89,1,0.988888888889,0.0111111111111,0,0.952380952381,1,0.975609756098,0.970463261437,0.988888888889,0.952380952381,3,2,0,0,0,0
3915,WLNM_dir_neg,0.75,0.333333333333,00:00:01,10,90,35,1179281684,threshold_sweep,0.9,0.666666666667,1,0.8,2,1,0,3,1,0.75,0.25,0,0.666666666667,1,0.8,0.833333333333,0.5,0.666666666667,0.707106781187,0.75,20,18,2,0,20,0,18,0,2,11,20,0.181818181818,3.04338842975,3.63636363636,2,2.5,1.68954001271,0.464623503495,0.245454545455,1.16774841624,0.642261628933,0.336363636364,1.94000937205,1.06700515463,0.536363636364,1.05689877454,0.347276990411,3.54545454545,3.04338842975,1.05689877454,3.54545454545,0.499047619048,0.4,8,0.0484848484848,0.255555555556,11,11,11,1,0,0.0909090909091,0.636363636364,0.272727272727,11,0.163636363636,3.15702479339,3.27272727273,1.8,2.25,2.00454030096,0.612498425294,0.323232323232,1.20604537831,0.73702773119,0.363636363636,1.91168654715,1.16825288992,0.555555555556,1.04198530063,0.330052935539,3.54545454545,3.15702479339,1.04198530063,3.54545454545,0.361904761905,0.333333333333,6,0.0363636363636,0.303703703704,11,11,11,1,0,0.0909090909091,0.636363636364,0.272727272727,11,21,0.190909090909,NaN,3.81818181818,1.90909090909,2.625,1.72152152575,0.450874685317,0.238095238095,1.04446593573,0.547101204432,0.277056277056,2.02259958739,1.05945692673,0.536796536797,NaN,NaN,NaN,NaN,NaN,NaN,0.477142857143,0.402985074627,9,0.0545454545455,0.225757575758,11,11,0,1,2,0,0.727272727273,0.272727272727,1,0.00909090909091,NaN,0.181818181818,-0.0909090909091,0.125,0.0319815130454,-0.0137488181784,-0.00735930735931,-0.123282480508,-0.0951604245011,-0.0593073593074,0.0825902153411,-0.00754822789877,0.0004329004329,NaN,NaN,NaN,NaN,NaN,NaN,-0.0219047619048,0.00298507462687,1,0.00606060606061,-0.029797979798,-0.0909090909091,0.0909090909091,0,20,1,0,89,1,0.988888888889,0.0111111111111,0,0.952380952381,1,0.975609756098,0.970463261437,0.988888888889,0.952380952381,3,2,0,0,0,0
3916,WLNM_dir_neg,0.25,0.225,00:00:00,10,90,36,1179281685,threshold_sweep,0.1,0,0,0,0,1,2,3,0,0.75,0.25,1,0,0,0,0.5,0.611111111111,-0.285714285714,-0.316227766017,-0.25,20,18,2,0,20,0,18,0,2,11,20,0.181818181818,3.04338842975,3.63636363636,2,2.5,1.68954001271,0.464623503495,0.245454545455,1.16774841624,0.642261628933,0.336363636364,1.94000937205,1.06700515463,0.536363636364,1.05689877454,0.347276990411,3.54545454545,3.04338842975,1.05689877454,3.54545454545,0.499047619048,0.4,8,0.0484848484848,0.255555555556,11,11,11,1,0,0.0909090909091,0.636363636364,0.272727272727,11,0.163636363636,3.11363636364,3.27272727273,1.8,2.25,1.42062726223,0.434080552347,0.227272727273,0.924416277737,0.564921058617,0.292929292929,1.68954001271,1.03249667443,0.525252525253,1.14353419474,0.367266456706,3.875,3.11363636364,1.14353419474,3.875,0.366666666667,0.266666666667,4,0.0242424242424,0.221111111111,11,11,11,1,0,0.0909090909091,0.636363636364,0.272727272727,11,19,0.172727272727,NaN,3.45454545455,1.72727272727,2.375,1.63484778274,0.473245410793,0.244019138756,0.786245393107,0.455194701272,0.22966507177,1.90215189146,1.1012458319,0.545454545455,NaN,NaN,NaN,NaN,NaN,NaN,0.366666666667,0.266666666667,4,0.0242424242424,0.253636363636,11,11,0,1,2,0,0.727272727273,0.272727272727,-1,-0.00909090909091,NaN,-0.181818181818,-0.272727272727,-0.125,-0.05469222997,0.00862190729789,-0.00143540669856,-0.381503023135,-0.187066927661,-0.106698564593,-0.0378574805894,0.0342406772707,0.00909090909091,NaN,NaN,NaN,NaN,NaN,NaN,-0.132380952381,-0.133333333333,-4,-0.0242424242424,-0.00191919191919,-0.0909090909091,0.0909090909091,0,18,1,2,89,0.9,0.988888888889,0.0111111111111,0.1,0.947368421053,0.9,0.923076923077,0.906956031802,0.888888888889,0.857142857143,1,2,0,0,0,0
3917,WLNM_dir_neg,0.25,0.225,00:00:00,10,90,36,1179281685,threshold_sweep,0.2,0,0,0,0,1,2,3,0,0.75,0.25,1,0,0,0,0.5,0.611111111111,-0.285714285714,-0.316227766017,-0.25,20,18,2,0,20,0,18,0,2,11,20,0.181818181818,3.04338842975,3.63636363636,2,2.5,1.68954001271,0.464623503495,0.245454545455,1.16774841624,0.642261628933,0.336363636364,1.94000937205,1.06700515463,0.536363636364,1.05689877454,0.347276990411,3.54545454545,3.04338842975,1.05689877454,3.54545454545,0.499047619048,0.4,8,0.0484848484848,0.255555555556,11,11,11,1,0,0.0909090909091,0.636363636364,0.272727272727,11,0.163636363636,3.11363636364,3.27272727273,1.8,2.25,1.42062726223,0.434080552347,0.227272727273,0.924416277737,0.564921058617,0.292929292929,1.68954001271,1.03249667443,0.525252525253,1.14353419474,0.367266456706,3.875,3.11363636364,1.14353419474,3.875,0.366666666667,0.266666666667,4,0.0242424242424,0.221111111111,11,11,11,1,0,0.0909090909091,0.636363636364,0.272727272727,11,19,0.172727272727,NaN,3.45454545455,1.72727272727,2.375,1.63484778274,0.473245410793,0.244019138756,0.786245393107,0.455194701272,0.22966507177,1.90215189146,1.1012458319,0.545454545455,NaN,NaN,NaN,NaN,NaN,NaN,0.366666666667,0.266666666667,4,0.0242424242424,0.253636363636,11,11,0,1,2,0,0.727272727273,0.272727272727,-1,-0.00909090909091,NaN,-0.181818181818,-0.272727272727,-0.125,-0.05469222997,0.00862190729789,-0.00143540669856,-0.381503023135,-0.187066927661,-0.106698564593,-0.0378574805894,0.0342406772707,0.00909090909091,NaN,NaN,NaN,NaN,NaN,NaN,-0.132380952381,-0.133333333333,-4,-0.0242424242424,-0.00191919191919,-0.0909090909091,0.0909090909091,0,18,1,2,89,0.9,0.988888888889,0.0111111111111,0.1,0.947368421053,0.9,0.923076923077,0.906956031802,0.888888888889,0.857142857143,1,2,0,0,0,0
3918,WLNM_dir_neg,0.25,0.225,00:00:00,10,90,36,1179281685,threshold_sweep,0.3,0,0,0,0,1,2,3,0,0.75,0.25,1,0,0,0,0.5,0.611111111111,-0.285714285714,-0.316227766017,-0.25,20,18,2,0,20,0,18,0,2,11,20,0.181818181818,3.04338842975,3.63636363636,2,2.5,1.68954001271,0.464623503495,0.245454545455,1.16774841624,0.642261628933,0.336363636364,1.94000937205,1.06700515463,0.536363636364,1.05689877454,0.347276990411,3.54545454545,3.04338842975,1.05689877454,3.54545454545,0.499047619048,0.4,8,0.0484848484848,0.255555555556,11,11,11,1,0,0.0909090909091,0.636363636364,0.272727272727,11,0.163636363636,3.11363636364,3.27272727273,1.8,2.25,1.42062726223,0.434080552347,0.227272727273,0.924416277737,0.564921058617,0.292929292929,1.68954001271,1.03249667443,0.525252525253,1.14353419474,0.367266456706,3.875,3.11363636364,1.14353419474,3.875,0.366666666667,0.266666666667,4,0.0242424242424,0.221111111111,11,11,11,1,0,0.0909090909091,0.636363636364,0.272727272727,11,19,0.172727272727,NaN,3.45454545455,1.72727272727,2.375,1.63484778274,0.473245410793,0.244019138756,0.786245393107,0.455194701272,0.22966507177,1.90215189146,1.1012458319,0.545454545455,NaN,NaN,NaN,NaN,NaN,NaN,0.366666666667,0.266666666667,4,0.0242424242424,0.253636363636,11,11,0,1,2,0,0.727272727273,0.272727272727,-1,-0.00909090909091,NaN,-0.181818181818,-0.272727272727,-0.125,-0.05469222997,0.00862190729789,-0.00143540669856,-0.381503023135,-0.187066927661,-0.106698564593,-0.0378574805894,0.0342406772707,0.00909090909091,NaN,NaN,NaN,NaN,NaN,NaN,-0.132380952381,-0.133333333333,-4,-0.0242424242424,-0.00191919191919,-0.0909090909091,0.0909090909091,0,18,1,2,89,0.9,0.988888888889,0.0111111111111,0.1,0.947368421053,0.9,0.923076923077,0.906956031802,0.888888888889,0.857142857143,1,2,0,0,0,0
3919,WLNM_dir_neg,0.25,0.225,00:00:00,10,90,36,1179281685,threshold_sweep,0.4,0,0,0,0,1,2,3,0,0.75,0.25,1,0,0,0,0.5,0.611111111111,-0.285714285714,-0.316227766017,-0.25,20,18,2,0,20,0,18,0,2,11,20,0.181818181818,3.04338842975,3.63636363636,2,2.5,1.68954001271,0.464623503495,0.245454545455,1.16774841624,0.642261628933,0.336363636364,1.94000937205,1.06700515463,0.536363636364,1.05689877454,0.347276990411,3.54545454545,3.04338842975,1.05689877454,3.54545454545,0.499047619048,0.4,8,0.0484848484848,0.255555555556,11,11,11,1,0,0.0909090909091,0.636363636364,0.272727272727,11,0.163636363636,3.11363636364,3.27272727273,1.8,2.25,1.42062726223,0.434080552347,0.227272727273,0.924416277737,0.564921058617,0.292929292929,1.68954001271,1.03249667443,0.525252525253,1.14353419474,0.367266456706,3.875,3.11363636364,1.14353419474,3.875,0.366666666667,0.266666666667,4,0.0242424242424,0.221111111111,11,11,11,1,0,0.0909090909091,0.636363636364,0.272727272727,11,19,0.172727272727,NaN,3.45454545455,1.72727272727,2.375,1.63484778274,0.473245410793,0.244019138756,0.786245393107,0.455194701272,0.22966507177,1.90215189146,1.1012458319,0.545454545455,NaN,NaN,NaN,NaN,NaN,NaN,0.366666666667,0.266666666667,4,0.0242424242424,0.253636363636,11,11,0,1,2,0,0.727272727273,0.272727272727,-1,-0.00909090909091,NaN,-0.181818181818,-0.272727272727,-0.125,-0.05469222997,0.00862190729789,-0.00143540669856,-0.381503023135,-0.187066927661,-0.106698564593,-0.0378574805894,0.0342406772707,0.00909090909091,NaN,NaN,NaN,NaN,NaN,NaN,-0.132380952381,-0.133333333333,-4,-0.0242424242424,-0.00191919191919,-0.0909090909091,0.0909090909091,0,18,1,2,89,0.9,0.988888888889,0.0111111111111,0.1,0.947368421053,0.9,0.923076923077,0.906956031802,0.888888888889,0.857142857143,1,2,0,0,0,0
3920,WLNM_dir_neg,0.25,0.225,00:00:00,10,90,36,1179281685,threshold_sweep,0.5,0,0,0,0,1,2,3,0,0.75,0.25,1,0,0,0,0.5,0.611111111111,-0.285714285714,-0.316227766017,-0.25,20,18,2,0,20,0,18,0,2,11,20,0.181818181818,3.04338842975,3.63636363636,2,2.5,1.68954001271,0.464623503495,0.245454545455,1.16774841624,0.642261628933,0.336363636364,1.94000937205,1.06700515463,0.536363636364,1.05689877454,0.347276990411,3.54545454545,3.04338842975,1.05689877454,3.54545454545,0.499047619048,0.4,8,0.0484848484848,0.255555555556,11,11,11,1,0,0.0909090909091,0.636363636364,0.272727272727,11,0.163636363636,3.11363636364,3.27272727273,1.8,2.25,1.42062726223,0.434080552347,0.227272727273,0.924416277737,0.564921058617,0.292929292929,1.68954001271,1.03249667443,0.525252525253,1.14353419474,0.367266456706,3.875,3.11363636364,1.14353419474,3.875,0.366666666667,0.266666666667,4,0.0242424242424,0.221111111111,11,11,11,1,0,0.0909090909091,0.636363636364,0.272727272727,11,19,0.172727272727,NaN,3.45454545455,1.72727272727,2.375,1.63484778274,0.473245410793,0.244019138756,0.786245393107,0.455194701272,0.22966507177,1.90215189146,1.1012458319,0.545454545455,NaN,NaN,NaN,NaN,NaN,NaN,0.366666666667,0.266666666667,4,0.0242424242424,0.253636363636,11,11,0,1,2,0,0.727272727273,0.272727272727,-1,-0.00909090909091,NaN,-0.181818181818,-0.272727272727,-0.125,-0.05469222997,0.00862190729789,-0.00143540669856,-0.381503023135,-0.187066927661,-0.106698564593,-0.0378574805894,0.0342406772707,0.00909090909091,NaN,NaN,NaN,NaN,NaN,NaN,-0.132380952381,-0.133333333333,-4,-0.0242424242424,-0.00191919191919,-0.0909090909091,0.0909090909091,0,18,1,2,89,0.9,0.988888888889,0.0111111111111,0.1,0.947368421053,0.9,0.923076923077,0.906956031802,0.888888888889,0.857142857143,1,2,0,0,0,0
3921,WLNM_dir_neg,0.25,0.225,00:00:00,10,90,36,1179281685,threshold_sweep,0.6,0,0,0,0,1,2,3,0,0.75,0.25,1,0,0,0,0.5,0.611111111111,-0.285714285714,-0.316227766017,-0.25,20,18,2,0,20,0,18,0,2,11,20,0.181818181818,3.04338842975,3.63636363636,2,2.5,1.68954001271,0.464623503495,0.245454545455,1.16774841624,0.642261628933,0.336363636364,1.94000937205,1.06700515463,0.536363636364,1.05689877454,0.347276990411,3.54545454545,3.04338842975,1.05689877454,3.54545454545,0.499047619048,0.4,8,0.0484848484848,0.255555555556,11,11,11,1,0,0.0909090909091,0.636363636364,0.272727272727,11,0.163636363636,3.11363636364,3.27272727273,1.8,2.25,1.42062726223,0.434080552347,0.227272727273,0.924416277737,0.564921058617,0.292929292929,1.68954001271,1.03249667443,0.525252525253,1.14353419474,0.367266456706,3.875,3.11363636364,1.14353419474,3.875,0.366666666667,0.266666666667,4,0.0242424242424,0.221111111111,11,11,11,1,0,0.0909090909091,0.636363636364,0.272727272727,11,19,0.172727272727,NaN,3.45454545455,1.72727272727,2.375,1.63484778274,0.473245410793,0.244019138756,0.786245393107,0.455194701272,0.22966507177,1.90215189146,1.1012458319,0.545454545455,NaN,NaN,NaN,NaN,NaN,NaN,0.366666666667,0.266666666667,4,0.0242424242424,0.253636363636,11,11,0,1,2,0,0.727272727273,0.272727272727,-1,-0.00909090909091,NaN,-0.181818181818,-0.272727272727,-0.125,-0.05469222997,0.00862190729789,-0.00143540669856,-0.381503023135,-0.187066927661,-0.106698564593,-0.0378574805894,0.0342406772707,0.00909090909091,NaN,NaN,NaN,NaN,NaN,NaN,-0.132380952381,-0.133333333333,-4,-0.0242424242424,-0.00191919191919,-0.0909090909091,0.0909090909091,0,18,1,2,89,0.9,0.988888888889,0.0111111111111,0.1,0.947368421053,0.9,0.923076923077,0.906956031802,0.888888888889,0.857142857143,1,2,0,0,0,0
3922,WLNM_dir_neg,0.25,0.225,00:00:00,10,90,36,1179281685,threshold_sweep,0.7,0,0,0,0,1,2,3,0,0.75,0.25,1,0,0,0,0.5,0.611111111111,-0.285714285714,-0.316227766017,-0.25,20,18,2,0,20,0,18,0,2,11,20,0.181818181818,3.04338842975,3.63636363636,2,2.5,1.68954001271,0.464623503495,0.245454545455,1.16774841624,0.642261628933,0.336363636364,1.94000937205,1.06700515463,0.536363636364,1.05689877454,0.347276990411,3.54545454545,3.04338842975,1.05689877454,3.54545454545,0.499047619048,0.4,8,0.0484848484848,0.255555555556,11,11,11,1,0,0.0909090909091,0.636363636364,0.272727272727,11,0.163636363636,3.11363636364,3.27272727273,1.8,2.25,1.42062726223,0.434080552347,0.227272727273,0.924416277737,0.564921058617,0.292929292929,1.68954001271,1.03249667443,0.525252525253,1.14353419474,0.367266456706,3.875,3.11363636364,1.14353419474,3.875,0.366666666667,0.266666666667,4,0.0242424242424,0.221111111111,11,11,11,1,0,0.0909090909091,0.636363636364,0.272727272727,11,19,0.172727272727,NaN,3.45454545455,1.72727272727,2.375,1.63484778274,0.473245410793,0.244019138756,0.786245393107,0.455194701272,0.22966507177,1.90215189146,1.1012458319,0.545454545455,NaN,NaN,NaN,NaN,NaN,NaN,0.366666666667,0.266666666667,4,0.0242424242424,0.253636363636,11,11,0,1,2,0,0.727272727273,0.272727272727,-1,-0.00909090909091,NaN,-0.181818181818,-0.272727272727,-0.125,-0.05469222997,0.00862190729789,-0.00143540669856,-0.381503023135,-0.187066927661,-0.106698564593,-0.0378574805894,0.0342406772707,0.00909090909091,NaN,NaN,NaN,NaN,NaN,NaN,-0.132380952381,-0.133333333333,-4,-0.0242424242424,-0.00191919191919,-0.0909090909091,0.0909090909091,0,18,1,2,89,0.9,0.988888888889,0.0111111111111,0.1,0.947368421053,0.9,0.923076923077,0.906956031802,0.888888888889,0.857142857143,1,2,0,0,0,0
3923,WLNM_dir_neg,0.25,0.225,00:00:00,10,90,36,1179281685,threshold_sweep,0.8,0,0,0,0,1,2,3,0,0.75,0.25,1,0,0,0,0.5,0.611111111111,-0.285714285714,-0.316227766017,-0.25,20,18,2,0,20,0,18,0,2,11,20,0.181818181818,3.04338842975,3.63636363636,2,2.5,1.68954001271,0.464623503495,0.245454545455,1.16774841624,0.642261628933,0.336363636364,1.94000937205,1.06700515463,0.536363636364,1.05689877454,0.347276990411,3.54545454545,3.04338842975,1.05689877454,3.54545454545,0.499047619048,0.4,8,0.0484848484848,0.255555555556,11,11,11,1,0,0.0909090909091,0.636363636364,0.272727272727,11,0.163636363636,3.11363636364,3.27272727273,1.8,2.25,1.42062726223,0.434080552347,0.227272727273,0.924416277737,0.564921058617,0.292929292929,1.68954001271,1.03249667443,0.525252525253,1.14353419474,0.367266456706,3.875,3.11363636364,1.14353419474,3.875,0.366666666667,0.266666666667,4,0.0242424242424,0.221111111111,11,11,11,1,0,0.0909090909091,0.636363636364,0.272727272727,11,19,0.172727272727,NaN,3.45454545455,1.72727272727,2.375,1.63484778274,0.473245410793,0.244019138756,0.786245393107,0.455194701272,0.22966507177,1.90215189146,1.1012458319,0.545454545455,NaN,NaN,NaN,NaN,NaN,NaN,0.366666666667,0.266666666667,4,0.0242424242424,0.253636363636,11,11,0,1,2,0,0.727272727273,0.272727272727,-1,-0.00909090909091,NaN,-0.181818181818,-0.272727272727,-0.125,-0.05469222997,0.00862190729789,-0.00143540669856,-0.381503023135,-0.187066927661,-0.106698564593,-0.0378574805894,0.0342406772707,0.00909090909091,NaN,NaN,NaN,NaN,NaN,NaN,-0.132380952381,-0.133333333333,-4,-0.0242424242424,-0.00191919191919,-0.0909090909091,0.0909090909091,0,18,1,2,89,0.9,0.988888888889,0.0111111111111,0.1,0.947368421053,0.9,0.923076923077,0.906956031802,0.888888888889,0.857142857143,1,2,0,0,0,0
3924,WLNM_dir_neg,0.25,0.225,00:00:00,10,90,36,1179281685,threshold_sweep,0.9,0,0,0,0,1,2,3,0,0.75,0.25,1,0,0,0,0.5,0.611111111111,-0.285714285714,-0.316227766017,-0.25,20,18,2,0,20,0,18,0,2,11,20,0.181818181818,3.04338842975,3.63636363636,2,2.5,1.68954001271,0.464623503495,0.245454545455,1.16774841624,0.642261628933,0.336363636364,1.94000937205,1.06700515463,0.536363636364,1.05689877454,0.347276990411,3.54545454545,3.04338842975,1.05689877454,3.54545454545,0.499047619048,0.4,8,0.0484848484848,0.255555555556,11,11,11,1,0,0.0909090909091,0.636363636364,0.272727272727,11,0.163636363636,3.11363636364,3.27272727273,1.8,2.25,1.42062726223,0.434080552347,0.227272727273,0.924416277737,0.564921058617,0.292929292929,1.68954001271,1.03249667443,0.525252525253,1.14353419474,0.367266456706,3.875,3.11363636364,1.14353419474,3.875,0.366666666667,0.266666666667,4,0.0242424242424,0.221111111111,11,11,11,1,0,0.0909090909091,0.636363636364,0.272727272727,11,19,0.172727272727,NaN,3.45454545455,1.72727272727,2.375,1.63484778274,0.473245410793,0.244019138756,0.786245393107,0.455194701272,0.22966507177,1.90215189146,1.1012458319,0.545454545455,NaN,NaN,NaN,NaN,NaN,NaN,0.366666666667,0.266666666667,4,0.0242424242424,0.253636363636,11,11,0,1,2,0,0.727272727273,0.272727272727,-1,-0.00909090909091,NaN,-0.181818181818,-0.272727272727,-0.125,-0.05469222997,0.00862190729789,-0.00143540669856,-0.381503023135,-0.187066927661,-0.106698564593,-0.0378574805894,0.0342406772707,0.00909090909091,NaN,NaN,NaN,NaN,NaN,NaN,-0.132380952381,-0.133333333333,-4,-0.0242424242424,-0.00191919191919,-0.0909090909091,0.0909090909091,0,18,1,2,89,0.9,0.988888888889,0.0111111111111,0.1,0.947368421053,0.9,0.923076923077,0.906956031802,0.888888888889,0.857142857143,1,2,0,0,0,0
3925,WLNM_dir_neg,0.875,0.291666666667,00:00:00,10,90,37,1179281686,threshold_sweep,0.1,0.5,1,0.666666666667,2,2,0,2,1,0.5,0.5,0,0.5,1,0.666666666667,0.666666666667,0.444444444444,0.4,0.5,0.5,20,18,2,0,20,0,18,0,2,11,20,0.181818181818,3.04338842975,3.63636363636,2,2.5,1.68954001271,0.464623503495,0.245454545455,1.16774841624,0.642261628933,0.336363636364,1.94000937205,1.06700515463,0.536363636364,1.05689877454,0.347276990411,3.54545454545,3.04338842975,1.05689877454,3.54545454545,0.499047619048,0.4,8,0.0484848484848,0.255555555556,11,11,11,1,0,0.0909090909091,0.636363636364,0.272727272727,11,0.163636363636,3.19949494949,3.27272727273,1.8,2.25,1.67874411933,0.512949592017,0.262626262626,1.12006493318,0.684484125834,0.343434343434,1.80403587951,1.10246637081,0.535353535354,1.34099754316,0.419127882473,4.88888888889,3.19949494949,1.34099754316,4.88888888889,0.465608465608,0.36,6,0.0363636363636,0.23,11,11,11,1,0,0.0909090909091,0.636363636364,0.272727272727,11,22,0.2,NaN,4,2,2.44444444444,1.788854382,0.4472135955,0.219008264463,1,0.5,0.256198347107,1.84390889146,0.921954445729,0.471074380165,NaN,NaN,NaN,NaN,NaN,NaN,0.499047619048,0.4,8,0.0484848484848,0.212121212121,11,11,0,1,2,0,0.818181818182,0.181818181818,2,0.0181818181818,NaN,0.363636363636,0,-0.0555555555556,0.0993143692906,-0.0174099079951,-0.0264462809917,-0.167748416242,-0.142261628933,-0.0801652892562,-0.09610048059,-0.145050708897,-0.0652892561983,NaN,NaN,NaN,NaN,NaN,NaN,0,0,0,0,-0.0434343434343,-0.0909090909091,0.181818181818,-0.0909090909091,20,2,0,88,1,0.977777777778,0.0222222222222,0,0.909090909091,1,0.952380952381,0.942809041582,0.977777777778,0.909090909091,4,2,0,0,0,0
3926,WLNM_dir_neg,0.875,0.291666666667,00:00:00,10,90,37,1179281686,threshold_sweep,0.2,0.5,1,0.666666666667,2,2,0,2,1,0.5,0.5,0,0.5,1,0.666666666667,0.666666666667,0.444444444444,0.4,0.5,0.5,20,18,2,0,20,0,18,0,2,11,20,0.181818181818,3.04338842975,3.63636363636,2,2.5,1.68954001271,0.464623503495,0.245454545455,1.16774841624,0.642261628933,0.336363636364,1.94000937205,1.06700515463,0.536363636364,1.05689877454,0.347276990411,3.54545454545,3.04338842975,1.05689877454,3.54545454545,0.499047619048,0.4,8,0.0484848484848,0.255555555556,11,11,11,1,0,0.0909090909091,0.636363636364,0.272727272727,11,0.163636363636,3.19949494949,3.27272727273,1.8,2.25,1.67874411933,0.512949592017,0.262626262626,1.12006493318,0.684484125834,0.343434343434,1.80403587951,1.10246637081,0.535353535354,1.34099754316,0.419127882473,4.88888888889,3.19949494949,1.34099754316,4.88888888889,0.465608465608,0.36,6,0.0363636363636,0.23,11,11,11,1,0,0.0909090909091,0.636363636364,0.272727272727,11,22,0.2,NaN,4,2,2.44444444444,1.788854382,0.4472135955,0.219008264463,1,0.5,0.256198347107,1.84390889146,0.921954445729,0.471074380165,NaN,NaN,NaN,NaN,NaN,NaN,0.499047619048,0.4,8,0.0484848484848,0.212121212121,11,11,0,1,2,0,0.818181818182,0.181818181818,2,0.0181818181818,NaN,0.363636363636,0,-0.0555555555556,0.0993143692906,-0.0174099079951,-0.0264462809917,-0.167748416242,-0.142261628933,-0.0801652892562,-0.09610048059,-0.145050708897,-0.0652892561983,NaN,NaN,NaN,NaN,NaN,NaN,0,0,0,0,-0.0434343434343,-0.0909090909091,0.181818181818,-0.0909090909091,20,2,0,88,1,0.977777777778,0.0222222222222,0,0.909090909091,1,0.952380952381,0.942809041582,0.977777777778,0.909090909091,4,2,0,0,0,0
3927,WLNM_dir_neg,0.875,0.291666666667,00:00:00,10,90,37,1179281686,threshold_sweep,0.3,0.5,1,0.666666666667,2,2,0,2,1,0.5,0.5,0,0.5,1,0.666666666667,0.666666666667,0.444444444444,0.4,0.5,0.5,20,18,2,0,20,0,18,0,2,11,20,0.181818181818,3.04338842975,3.63636363636,2,2.5,1.68954001271,0.464623503495,0.245454545455,1.16774841624,0.642261628933,0.336363636364,1.94000937205,1.06700515463,0.536363636364,1.05689877454,0.347276990411,3.54545454545,3.04338842975,1.05689877454,3.54545454545,0.499047619048,0.4,8,0.0484848484848,0.255555555556,11,11,11,1,0,0.0909090909091,0.636363636364,0.272727272727,11,0.163636363636,3.19949494949,3.27272727273,1.8,2.25,1.67874411933,0.512949592017,0.262626262626,1.12006493318,0.684484125834,0.343434343434,1.80403587951,1.10246637081,0.535353535354,1.34099754316,0.419127882473,4.88888888889,3.19949494949,1.34099754316,4.88888888889,0.465608465608,0.36,6,0.0363636363636,0.23,11,11,11,1,0,0.0909090909091,0.636363636364,0.272727272727,11,22,0.2,NaN,4,2,2.44444444444,1.788854382,0.4472135955,0.219008264463,1,0.5,0.256198347107,1.84390889146,0.921954445729,0.471074380165,NaN,NaN,NaN,NaN,NaN,NaN,0.499047619048,0.4,8,0.0484848484848,0.212121212121,11,11,0,1,2,0,0.818181818182,0.181818181818,2,0.0181818181818,NaN,0.363636363636,0,-0.0555555555556,0.0993143692906,-0.0174099079951,-0.0264462809917,-0.167748416242,-0.142261628933,-0.0801652892562,-0.09610048059,-0.145050708897,-0.0652892561983,NaN,NaN,NaN,NaN,NaN,NaN,0,0,0,0,-0.0434343434343,-0.0909090909091,0.181818181818,-0.0909090909091,20,2,0,88,1,0.977777777778,0.0222222222222,0,0.909090909091,1,0.952380952381,0.942809041582,0.977777777778,0.909090909091,4,2,0,0,0,0
3928,WLNM_dir_neg,0.875,0.291666666667,00:00:00,10,90,37,1179281686,threshold_sweep,0.4,0.5,1,0.666666666667,2,2,0,2,1,0.5,0.5,0,0.5,1,0.666666666667,0.666666666667,0.444444444444,0.4,0.5,0.5,20,18,2,0,20,0,18,0,2,11,20,0.181818181818,3.04338842975,3.63636363636,2,2.5,1.68954001271,0.464623503495,0.245454545455,1.16774841624,0.642261628933,0.336363636364,1.94000937205,1.06700515463,0.536363636364,1.05689877454,0.347276990411,3.54545454545,3.04338842975,1.05689877454,3.54545454545,0.499047619048,0.4,8,0.0484848484848,0.255555555556,11,11,11,1,0,0.0909090909091,0.636363636364,0.272727272727,11,0.163636363636,3.19949494949,3.27272727273,1.8,2.25,1.67874411933,0.512949592017,0.262626262626,1.12006493318,0.684484125834,0.343434343434,1.80403587951,1.10246637081,0.535353535354,1.34099754316,0.419127882473,4.88888888889,3.19949494949,1.34099754316,4.88888888889,0.465608465608,0.36,6,0.0363636363636,0.23,11,11,11,1,0,0.0909090909091,0.636363636364,0.272727272727,11,22,0.2,NaN,4,2,2.44444444444,1.788854382,0.4472135955,0.219008264463,1,0.5,0.256198347107,1.84390889146,0.921954445729,0.471074380165,NaN,NaN,NaN,NaN,NaN,NaN,0.499047619048,0.4,8,0.0484848484848,0.212121212121,11,11,0,1,2,0,0.818181818182,0.181818181818,2,0.0181818181818,NaN,0.363636363636,0,-0.0555555555556,0.0993143692906,-0.0174099079951,-0.0264462809917,-0.167748416242,-0.142261628933,-0.0801652892562,-0.09610048059,-0.145050708897,-0.0652892561983,NaN,NaN,NaN,NaN,NaN,NaN,0,0,0,0,-0.0434343434343,-0.0909090909091,0.181818181818,-0.0909090909091,20,2,0,88,1,0.977777777778,0.0222222222222,0,0.909090909091,1,0.952380952381,0.942809041582,0.977777777778,0.909090909091,4,2,0,0,0,0
3929,WLNM_dir_neg,0.875,0.291666666667,00:00:00,10,90,37,1179281686,threshold_sweep,0.5,0.666666666667,1,0.8,2,1,0,3,1,0.75,0.25,0,0.666666666667,1,0.8,0.833333333333,0.5,0.666666666667,0.707106781187,0.75,20,18,2,0,20,0,18,0,2,11,20,0.181818181818,3.04338842975,3.63636363636,2,2.5,1.68954001271,0.464623503495,0.245454545455,1.16774841624,0.642261628933,0.336363636364,1.94000937205,1.06700515463,0.536363636364,1.05689877454,0.347276990411,3.54545454545,3.04338842975,1.05689877454,3.54545454545,0.499047619048,0.4,8,0.0484848484848,0.255555555556,11,11,11,1,0,0.0909090909091,0.636363636364,0.272727272727,11,0.163636363636,3.19949494949,3.27272727273,1.8,2.25,1.67874411933,0.512949592017,0.262626262626,1.12006493318,0.684484125834,0.343434343434,1.80403587951,1.10246637081,0.535353535354,1.34099754316,0.419127882473,4.88888888889,3.19949494949,1.34099754316,4.88888888889,0.465608465608,0.36,6,0.0363636363636,0.23,11,11,11,1,0,0.0909090909091,0.636363636364,0.272727272727,11,21,0.190909090909,NaN,3.81818181818,1.90909090909,2.625,1.66241882919,0.435395407644,0.220779220779,1.04446593573,0.547101204432,0.277056277056,1.92117388357,1.00632917711,0.519480519481,NaN,NaN,NaN,NaN,NaN,NaN,0.499047619048,0.4,8,0.0484848484848,0.218181818182,11,11,0,1,2,0,0.727272727273,0.272727272727,1,0.00909090909091,NaN,0.181818181818,-0.0909090909091,0.125,-0.0271211835219,-0.0292280958507,-0.0246753246753,-0.123282480508,-0.0951604245011,-0.0593073593074,-0.0188354884792,-0.0606759775189,-0.0168831168831,NaN,NaN,NaN,NaN,NaN,NaN,0,0,0,0,-0.0373737373737,-0.0909090909091,0.0909090909091,0,20,1,0,89,1,0.988888888889,0.0111111111111,0,0.952380952381,1,0.975609756098,0.970463261437,0.988888888889,0.952380952381,3,2,0,0,0,0
3930,WLNM_dir_neg,0.875,0.291666666667,00:00:00,10,90,37,1179281686,threshold_sweep,0.6,0.5,0.5,0.5,1,1,1,3,0.5,0.75,0.25,0.5,0.5,0.5,0.5,0.666666666667,0.555555555556,0.25,0.25,0.25,20,18,2,0,20,0,18,0,2,11,20,0.181818181818,3.04338842975,3.63636363636,2,2.5,1.68954001271,0.464623503495,0.245454545455,1.16774841624,0.642261628933,0.336363636364,1.94000937205,1.06700515463,0.536363636364,1.05689877454,0.347276990411,3.54545454545,3.04338842975,1.05689877454,3.54545454545,0.499047619048,0.4,8,0.0484848484848,0.255555555556,11,11,11,1,0,0.0909090909091,0.636363636364,0.272727272727,11,0.163636363636,3.19949494949,3.27272727273,1.8,2.25,1.67874411933,0.512949592017,0.262626262626,1.12006493318,0.684484125834,0.343434343434,1.80403587951,1.10246637081,0.535353535354,1.34099754316,0.419127882473,4.88888888889,3.19949494949,1.34099754316,4.88888888889,0.465608465608,0.36,6,0.0363636363636,0.23,11,11,11,1,0,0.0909090909091,0.636363636364,0.272727272727,11,20,0.181818181818,NaN,3.63636363636,1.81818181818,2.5,1.68954001271,0.464623503495,0.245454545455,0.981649817214,0.539907399468,0.263636363636,1.8877596149,1.03826778819,0.527272727273,NaN,NaN,NaN,NaN,NaN,NaN,0.532380952381,0.381818181818,7,0.0424242424242,0.211515151515,11,11,0,1,2,0,0.727272727273,0.272727272727,0,0,NaN,0,-0.181818181818,0,0,0,0,-0.186098599028,-0.102354229466,-0.0727272727273,-0.0522497571515,-0.0287373664333,-0.00909090909091,NaN,NaN,NaN,NaN,NaN,NaN,0.0333333333333,-0.0181818181818,-1,-0.00606060606061,-0.0440404040404,-0.0909090909091,0.0909090909091,0,19,1,1,89,0.95,0.988888888889,0.0111111111111,0.05,0.95,0.95,0.95,0.938888888889,0.938888888889,0.904761904762,2,2,0,0,0,0
3931,WLNM_dir_neg,0.875,0.291666666667,00:00:00,10,90,37,1179281686,threshold_sweep,0.7,0.5,0.5,0.5,1,1,1,3,0.5,0.75,0.25,0.5,0.5,0.5,0.5,0.666666666667,0.555555555556,0.25,0.25,0.25,20,18,2,0,20,0,18,0,2,11,20,0.181818181818,3.04338842975,3.63636363636,2,2.5,1.68954001271,0.464623503495,0.245454545455,1.16774841624,0.642261628933,0.336363636364,1.94000937205,1.06700515463,0.536363636364,1.05689877454,0.347276990411,3.54545454545,3.04338842975,1.05689877454,3.54545454545,0.499047619048,0.4,8,0.0484848484848,0.255555555556,11,11,11,1,0,0.0909090909091,0.636363636364,0.272727272727,11,0.163636363636,3.19949494949,3.27272727273,1.8,2.25,1.67874411933,0.512949592017,0.262626262626,1.12006493318,0.684484125834,0.343434343434,1.80403587951,1.10246637081,0.535353535354,1.34099754316,0.419127882473,4.88888888889,3.19949494949,1.34099754316,4.88888888889,0.465608465608,0.36,6,0.0363636363636,0.23,11,11,11,1,0,0.0909090909091,0.636363636364,0.272727272727,11,20,0.181818181818,NaN,3.63636363636,1.81818181818,2.5,1.68954001271,0.464623503495,0.245454545455,0.981649817214,0.539907399468,0.263636363636,1.8877596149,1.03826778819,0.527272727273,NaN,NaN,NaN,NaN,NaN,NaN,0.532380952381,0.381818181818,7,0.0424242424242,0.211515151515,11,11,0,1,2,0,0.727272727273,0.272727272727,0,0,NaN,0,-0.181818181818,0,0,0,0,-0.186098599028,-0.102354229466,-0.0727272727273,-0.0522497571515,-0.0287373664333,-0.00909090909091,NaN,NaN,NaN,NaN,NaN,NaN,0.0333333333333,-0.0181818181818,-1,-0.00606060606061,-0.0440404040404,-0.0909090909091,0.0909090909091,0,19,1,1,89,0.95,0.988888888889,0.0111111111111,0.05,0.95,0.95,0.95,0.938888888889,0.938888888889,0.904761904762,2,2,0,0,0,0
3932,WLNM_dir_neg,0.875,0.291666666667,00:00:00,10,90,37,1179281686,threshold_sweep,0.8,0.5,0.5,0.5,1,1,1,3,0.5,0.75,0.25,0.5,0.5,0.5,0.5,0.666666666667,0.555555555556,0.25,0.25,0.25,20,18,2,0,20,0,18,0,2,11,20,0.181818181818,3.04338842975,3.63636363636,2,2.5,1.68954001271,0.464623503495,0.245454545455,1.16774841624,0.642261628933,0.336363636364,1.94000937205,1.06700515463,0.536363636364,1.05689877454,0.347276990411,3.54545454545,3.04338842975,1.05689877454,3.54545454545,0.499047619048,0.4,8,0.0484848484848,0.255555555556,11,11,11,1,0,0.0909090909091,0.636363636364,0.272727272727,11,0.163636363636,3.19949494949,3.27272727273,1.8,2.25,1.67874411933,0.512949592017,0.262626262626,1.12006493318,0.684484125834,0.343434343434,1.80403587951,1.10246637081,0.535353535354,1.34099754316,0.419127882473,4.88888888889,3.19949494949,1.34099754316,4.88888888889,0.465608465608,0.36,6,0.0363636363636,0.23,11,11,11,1,0,0.0909090909091,0.636363636364,0.272727272727,11,20,0.181818181818,NaN,3.63636363636,1.81818181818,2.5,1.68954001271,0.464623503495,0.245454545455,0.981649817214,0.539907399468,0.263636363636,1.8877596149,1.03826778819,0.527272727273,NaN,NaN,NaN,NaN,NaN,NaN,0.532380952381,0.381818181818,7,0.0424242424242,0.211515151515,11,11,0,1,2,0,0.727272727273,0.272727272727,0,0,NaN,0,-0.181818181818,0,0,0,0,-0.186098599028,-0.102354229466,-0.0727272727273,-0.0522497571515,-0.0287373664333,-0.00909090909091,NaN,NaN,NaN,NaN,NaN,NaN,0.0333333333333,-0.0181818181818,-1,-0.00606060606061,-0.0440404040404,-0.0909090909091,0.0909090909091,0,19,1,1,89,0.95,0.988888888889,0.0111111111111,0.05,0.95,0.95,0.95,0.938888888889,0.938888888889,0.904761904762,2,2,0,0,0,0
3933,WLNM_dir_neg,0.875,0.291666666667,00:00:00,10,90,37,1179281686,threshold_sweep,0.9,1,0.5,0.666666666667,1,0,1,4,0.5,1,0,0.5,1,0.5,0.666666666667,0.833333333333,0.611111111111,0.571428571429,0.632455532034,0.5,20,18,2,0,20,0,18,0,2,11,20,0.181818181818,3.04338842975,3.63636363636,2,2.5,1.68954001271,0.464623503495,0.245454545455,1.16774841624,0.642261628933,0.336363636364,1.94000937205,1.06700515463,0.536363636364,1.05689877454,0.347276990411,3.54545454545,3.04338842975,1.05689877454,3.54545454545,0.499047619048,0.4,8,0.0484848484848,0.255555555556,11,11,11,1,0,0.0909090909091,0.636363636364,0.272727272727,11,0.163636363636,3.19949494949,3.27272727273,1.8,2.25,1.67874411933,0.512949592017,0.262626262626,1.12006493318,0.684484125834,0.343434343434,1.80403587951,1.10246637081,0.535353535354,1.34099754316,0.419127882473,4.88888888889,3.19949494949,1.34099754316,4.88888888889,0.465608465608,0.36,6,0.0363636363636,0.23,11,11,11,1,0,0.0909090909091,0.636363636364,0.272727272727,11,19,0.172727272727,3.07683982684,3.45454545455,1.9,2.375,1.69491217257,0.490632471007,0.253588516746,1.1037127426,0.638991587822,0.325358851675,1.90215189146,1.1012458319,0.545454545455,1.1107514621,0.361003992606,3.80952380952,3.07683982684,1.1107514621,3.80952380952,0.532380952381,0.381818181818,7,0.0424242424242,0.247407407407,11,11,11,1,0,0.0909090909091,0.636363636364,0.272727272727,-1,-0.00909090909091,0.0334513970878,-0.181818181818,-0.1,-0.125,0.00537215986117,0.0260089675122,0.00813397129187,-0.0640356736404,-0.0032700411111,-0.011004784689,-0.0378574805894,0.0342406772707,0.00909090909091,0.0538526875618,0.0137270021948,0.264069264069,0.0334513970878,0.0538526875618,0.264069264069,0.0333333333333,-0.0181818181818,-1,-0.00606060606061,-0.00814814814815,0,0,0,19,0,1,90,0.95,1,0,0.05,1,0.95,0.974358974359,0.969309258988,0.95,0.95,1,2,0,0,0,0
3934,WLNM_dir_neg,0.875,0.291666666667,00:00:00,10,90,38,1179281687,threshold_sweep,0.1,1,0.5,0.666666666667,1,0,1,4,0.5,1,0,0.5,1,0.5,0.666666666667,0.833333333333,0.611111111111,0.571428571429,0.632455532034,0.5,20,18,2,0,20,0,18,0,2,11,20,0.181818181818,3.04338842975,3.63636363636,2,2.5,1.68954001271,0.464623503495,0.245454545455,1.16774841624,0.642261628933,0.336363636364,1.94000937205,1.06700515463,0.536363636364,1.05689877454,0.347276990411,3.54545454545,3.04338842975,1.05689877454,3.54545454545,0.499047619048,0.4,8,0.0484848484848,0.255555555556,11,11,11,1,0,0.0909090909091,0.636363636364,0.272727272727,11,0.163636363636,3.11363636364,3.27272727273,1.8,2.25,1.7372915179,0.530839074915,0.267676767677,1.0269106361,0.627556499842,0.323232323232,1.80403587951,1.10246637081,0.535353535354,1.08094141536,0.347163666246,3.75,3.11363636364,1.08094141536,3.75,0.404761904762,0.3,5,0.030303030303,0.255185185185,11,11,11,1,0,0.0909090909091,0.636363636364,0.272727272727,11,19,0.172727272727,3.08884297521,3.45454545455,1.9,2.375,1.86352549559,0.53944159083,0.287081339713,1.19087439228,0.689453595529,0.354066985646,1.90215189146,1.1012458319,0.545454545455,1.04183657517,0.337290235708,3.54545454545,3.08884297521,1.04183657517,3.54545454545,0.475132275132,0.368421052632,7,0.0424242424242,0.268518518519,11,11,11,1,0,0.0909090909091,0.636363636364,0.272727272727,-1,-0.00909090909091,0.0454545454545,-0.181818181818,-0.1,-0.125,0.173985482884,0.0748180873347,0.0416267942584,0.023125976035,0.0471919665957,0.0177033492823,-0.0378574805894,0.0342406772707,0.00909090909091,-0.0150621993632,-0.0099867547029,0,0.0454545454545,-0.0150621993632,0,-0.0239153439153,-0.0315789473684,-1,-0.00606060606061,0.012962962963,0,0,0,19,0,1,90,0.95,1,0,0.05,1,0.95,0.974358974359,0.969309258988,0.95,0.95,1,2,0,0,0,0
3935,WLNM_dir_neg,0.875,0.291666666667,00:00:00,10,90,38,1179281687,threshold_sweep,0.2,1,0.5,0.666666666667,1,0,1,4,0.5,1,0,0.5,1,0.5,0.666666666667,0.833333333333,0.611111111111,0.571428571429,0.632455532034,0.5,20,18,2,0,20,0,18,0,2,11,20,0.181818181818,3.04338842975,3.63636363636,2,2.5,1.68954001271,0.464623503495,0.245454545455,1.16774841624,0.642261628933,0.336363636364,1.94000937205,1.06700515463,0.536363636364,1.05689877454,0.347276990411,3.54545454545,3.04338842975,1.05689877454,3.54545454545,0.499047619048,0.4,8,0.0484848484848,0.255555555556,11,11,11,1,0,0.0909090909091,0.636363636364,0.272727272727,11,0.163636363636,3.11363636364,3.27272727273,1.8,2.25,1.7372915179,0.530839074915,0.267676767677,1.0269106361,0.627556499842,0.323232323232,1.80403587951,1.10246637081,0.535353535354,1.08094141536,0.347163666246,3.75,3.11363636364,1.08094141536,3.75,0.404761904762,0.3,5,0.030303030303,0.255185185185,11,11,11,1,0,0.0909090909091,0.636363636364,0.272727272727,11,19,0.172727272727,3.08884297521,3.45454545455,1.9,2.375,1.86352549559,0.53944159083,0.287081339713,1.19087439228,0.689453595529,0.354066985646,1.90215189146,1.1012458319,0.545454545455,1.04183657517,0.337290235708,3.54545454545,3.08884297521,1.04183657517,3.54545454545,0.475132275132,0.368421052632,7,0.0424242424242,0.268518518519,11,11,11,1,0,0.0909090909091,0.636363636364,0.272727272727,-1,-0.00909090909091,0.0454545454545,-0.181818181818,-0.1,-0.125,0.173985482884,0.0748180873347,0.0416267942584,0.023125976035,0.0471919665957,0.0177033492823,-0.0378574805894,0.0342406772707,0.00909090909091,-0.0150621993632,-0.0099867547029,0,0.0454545454545,-0.0150621993632,0,-0.0239153439153,-0.0315789473684,-1,-0.00606060606061,0.012962962963,0,0,0,19,0,1,90,0.95,1,0,0.05,1,0.95,0.974358974359,0.969309258988,0.95,0.95,1,2,0,0,0,0
3936,WLNM_dir_neg,0.875,0.291666666667,00:00:00,10,90,38,1179281687,threshold_sweep,0.3,1,0.5,0.666666666667,1,0,1,4,0.5,1,0,0.5,1,0.5,0.666666666667,0.833333333333,0.611111111111,0.571428571429,0.632455532034,0.5,20,18,2,0,20,0,18,0,2,11,20,0.181818181818,3.04338842975,3.63636363636,2,2.5,1.68954001271,0.464623503495,0.245454545455,1.16774841624,0.642261628933,0.336363636364,1.94000937205,1.06700515463,0.536363636364,1.05689877454,0.347276990411,3.54545454545,3.04338842975,1.05689877454,3.54545454545,0.499047619048,0.4,8,0.0484848484848,0.255555555556,11,11,11,1,0,0.0909090909091,0.636363636364,0.272727272727,11,0.163636363636,3.11363636364,3.27272727273,1.8,2.25,1.7372915179,0.530839074915,0.267676767677,1.0269106361,0.627556499842,0.323232323232,1.80403587951,1.10246637081,0.535353535354,1.08094141536,0.347163666246,3.75,3.11363636364,1.08094141536,3.75,0.404761904762,0.3,5,0.030303030303,0.255185185185,11,11,11,1,0,0.0909090909091,0.636363636364,0.272727272727,11,19,0.172727272727,3.08884297521,3.45454545455,1.9,2.375,1.86352549559,0.53944159083,0.287081339713,1.19087439228,0.689453595529,0.354066985646,1.90215189146,1.1012458319,0.545454545455,1.04183657517,0.337290235708,3.54545454545,3.08884297521,1.04183657517,3.54545454545,0.475132275132,0.368421052632,7,0.0424242424242,0.268518518519,11,11,11,1,0,0.0909090909091,0.636363636364,0.272727272727,-1,-0.00909090909091,0.0454545454545,-0.181818181818,-0.1,-0.125,0.173985482884,0.0748180873347,0.0416267942584,0.023125976035,0.0471919665957,0.0177033492823,-0.0378574805894,0.0342406772707,0.00909090909091,-0.0150621993632,-0.0099867547029,0,0.0454545454545,-0.0150621993632,0,-0.0239153439153,-0.0315789473684,-1,-0.00606060606061,0.012962962963,0,0,0,19,0,1,90,0.95,1,0,0.05,1,0.95,0.974358974359,0.969309258988,0.95,0.95,1,2,0,0,0,0
3937,WLNM_dir_neg,0.875,0.291666666667,00:00:00,10,90,38,1179281687,threshold_sweep,0.4,1,0.5,0.666666666667,1,0,1,4,0.5,1,0,0.5,1,0.5,0.666666666667,0.833333333333,0.611111111111,0.571428571429,0.632455532034,0.5,20,18,2,0,20,0,18,0,2,11,20,0.181818181818,3.04338842975,3.63636363636,2,2.5,1.68954001271,0.464623503495,0.245454545455,1.16774841624,0.642261628933,0.336363636364,1.94000937205,1.06700515463,0.536363636364,1.05689877454,0.347276990411,3.54545454545,3.04338842975,1.05689877454,3.54545454545,0.499047619048,0.4,8,0.0484848484848,0.255555555556,11,11,11,1,0,0.0909090909091,0.636363636364,0.272727272727,11,0.163636363636,3.11363636364,3.27272727273,1.8,2.25,1.7372915179,0.530839074915,0.267676767677,1.0269106361,0.627556499842,0.323232323232,1.80403587951,1.10246637081,0.535353535354,1.08094141536,0.347163666246,3.75,3.11363636364,1.08094141536,3.75,0.404761904762,0.3,5,0.030303030303,0.255185185185,11,11,11,1,0,0.0909090909091,0.636363636364,0.272727272727,11,19,0.172727272727,3.08884297521,3.45454545455,1.9,2.375,1.86352549559,0.53944159083,0.287081339713,1.19087439228,0.689453595529,0.354066985646,1.90215189146,1.1012458319,0.545454545455,1.04183657517,0.337290235708,3.54545454545,3.08884297521,1.04183657517,3.54545454545,0.475132275132,0.368421052632,7,0.0424242424242,0.268518518519,11,11,11,1,0,0.0909090909091,0.636363636364,0.272727272727,-1,-0.00909090909091,0.0454545454545,-0.181818181818,-0.1,-0.125,0.173985482884,0.0748180873347,0.0416267942584,0.023125976035,0.0471919665957,0.0177033492823,-0.0378574805894,0.0342406772707,0.00909090909091,-0.0150621993632,-0.0099867547029,0,0.0454545454545,-0.0150621993632,0,-0.0239153439153,-0.0315789473684,-1,-0.00606060606061,0.012962962963,0,0,0,19,0,1,90,0.95,1,0,0.05,1,0.95,0.974358974359,0.969309258988,0.95,0.95,1,2,0,0,0,0
3938,WLNM_dir_neg,0.875,0.291666666667,00:00:00,10,90,38,1179281687,threshold_sweep,0.5,1,0.5,0.666666666667,1,0,1,4,0.5,1,0,0.5,1,0.5,0.666666666667,0.833333333333,0.611111111111,0.571428571429,0.632455532034,0.5,20,18,2,0,20,0,18,0,2,11,20,0.181818181818,3.04338842975,3.63636363636,2,2.5,1.68954001271,0.464623503495,0.245454545455,1.16774841624,0.642261628933,0.336363636364,1.94000937205,1.06700515463,0.536363636364,1.05689877454,0.347276990411,3.54545454545,3.04338842975,1.05689877454,3.54545454545,0.499047619048,0.4,8,0.0484848484848,0.255555555556,11,11,11,1,0,0.0909090909091,0.636363636364,0.272727272727,11,0.163636363636,3.11363636364,3.27272727273,1.8,2.25,1.7372915179,0.530839074915,0.267676767677,1.0269106361,0.627556499842,0.323232323232,1.80403587951,1.10246637081,0.535353535354,1.08094141536,0.347163666246,3.75,3.11363636364,1.08094141536,3.75,0.404761904762,0.3,5,0.030303030303,0.255185185185,11,11,11,1,0,0.0909090909091,0.636363636364,0.272727272727,11,19,0.172727272727,3.08884297521,3.45454545455,1.9,2.375,1.86352549559,0.53944159083,0.287081339713,1.19087439228,0.689453595529,0.354066985646,1.90215189146,1.1012458319,0.545454545455,1.04183657517,0.337290235708,3.54545454545,3.08884297521,1.04183657517,3.54545454545,0.475132275132,0.368421052632,7,0.0424242424242,0.268518518519,11,11,11,1,0,0.0909090909091,0.636363636364,0.272727272727,-1,-0.00909090909091,0.0454545454545,-0.181818181818,-0.1,-0.125,0.173985482884,0.0748180873347,0.0416267942584,0.023125976035,0.0471919665957,0.0177033492823,-0.0378574805894,0.0342406772707,0.00909090909091,-0.0150621993632,-0.0099867547029,0,0.0454545454545,-0.0150621993632,0,-0.0239153439153,-0.0315789473684,-1,-0.00606060606061,0.012962962963,0,0,0,19,0,1,90,0.95,1,0,0.05,1,0.95,0.974358974359,0.969309258988,0.95,0.95,1,2,0,0,0,0
3939,WLNM_dir_neg,0.875,0.291666666667,00:00:00,10,90,38,1179281687,threshold_sweep,0.6,1,0.5,0.666666666667,1,0,1,4,0.5,1,0,0.5,1,0.5,0.666666666667,0.833333333333,0.611111111111,0.571428571429,0.632455532034,0.5,20,18,2,0,20,0,18,0,2,11,20,0.181818181818,3.04338842975,3.63636363636,2,2.5,1.68954001271,0.464623503495,0.245454545455,1.16774841624,0.642261628933,0.336363636364,1.94000937205,1.06700515463,0.536363636364,1.05689877454,0.347276990411,3.54545454545,3.04338842975,1.05689877454,3.54545454545,0.499047619048,0.4,8,0.0484848484848,0.255555555556,11,11,11,1,0,0.0909090909091,0.636363636364,0.272727272727,11,0.163636363636,3.11363636364,3.27272727273,1.8,2.25,1.7372915179,0.530839074915,0.267676767677,1.0269106361,0.627556499842,0.323232323232,1.80403587951,1.10246637081,0.535353535354,1.08094141536,0.347163666246,3.75,3.11363636364,1.08094141536,3.75,0.404761904762,0.3,5,0.030303030303,0.255185185185,11,11,11,1,0,0.0909090909091,0.636363636364,0.272727272727,11,19,0.172727272727,3.08884297521,3.45454545455,1.9,2.375,1.86352549559,0.53944159083,0.287081339713,1.19087439228,0.689453595529,0.354066985646,1.90215189146,1.1012458319,0.545454545455,1.04183657517,0.337290235708,3.54545454545,3.08884297521,1.04183657517,3.54545454545,0.475132275132,0.368421052632,7,0.0424242424242,0.268518518519,11,11,11,1,0,0.0909090909091,0.636363636364,0.272727272727,-1,-0.00909090909091,0.0454545454545,-0.181818181818,-0.1,-0.125,0.173985482884,0.0748180873347,0.0416267942584,0.023125976035,0.0471919665957,0.0177033492823,-0.0378574805894,0.0342406772707,0.00909090909091,-0.0150621993632,-0.0099867547029,0,0.0454545454545,-0.0150621993632,0,-0.0239153439153,-0.0315789473684,-1,-0.00606060606061,0.012962962963,0,0,0,19,0,1,90,0.95,1,0,0.05,1,0.95,0.974358974359,0.969309258988,0.95,0.95,1,2,0,0,0,0
3940,WLNM_dir_neg,0.875,0.291666666667,00:00:00,10,90,38,1179281687,threshold_sweep,0.7,1,0.5,0.666666666667,1,0,1,4,0.5,1,0,0.5,1,0.5,0.666666666667,0.833333333333,0.611111111111,0.571428571429,0.632455532034,0.5,20,18,2,0,20,0,18,0,2,11,20,0.181818181818,3.04338842975,3.63636363636,2,2.5,1.68954001271,0.464623503495,0.245454545455,1.16774841624,0.642261628933,0.336363636364,1.94000937205,1.06700515463,0.536363636364,1.05689877454,0.347276990411,3.54545454545,3.04338842975,1.05689877454,3.54545454545,0.499047619048,0.4,8,0.0484848484848,0.255555555556,11,11,11,1,0,0.0909090909091,0.636363636364,0.272727272727,11,0.163636363636,3.11363636364,3.27272727273,1.8,2.25,1.7372915179,0.530839074915,0.267676767677,1.0269106361,0.627556499842,0.323232323232,1.80403587951,1.10246637081,0.535353535354,1.08094141536,0.347163666246,3.75,3.11363636364,1.08094141536,3.75,0.404761904762,0.3,5,0.030303030303,0.255185185185,11,11,11,1,0,0.0909090909091,0.636363636364,0.272727272727,11,19,0.172727272727,3.08884297521,3.45454545455,1.9,2.375,1.86352549559,0.53944159083,0.287081339713,1.19087439228,0.689453595529,0.354066985646,1.90215189146,1.1012458319,0.545454545455,1.04183657517,0.337290235708,3.54545454545,3.08884297521,1.04183657517,3.54545454545,0.475132275132,0.368421052632,7,0.0424242424242,0.268518518519,11,11,11,1,0,0.0909090909091,0.636363636364,0.272727272727,-1,-0.00909090909091,0.0454545454545,-0.181818181818,-0.1,-0.125,0.173985482884,0.0748180873347,0.0416267942584,0.023125976035,0.0471919665957,0.0177033492823,-0.0378574805894,0.0342406772707,0.00909090909091,-0.0150621993632,-0.0099867547029,0,0.0454545454545,-0.0150621993632,0,-0.0239153439153,-0.0315789473684,-1,-0.00606060606061,0.012962962963,0,0,0,19,0,1,90,0.95,1,0,0.05,1,0.95,0.974358974359,0.969309258988,0.95,0.95,1,2,0,0,0,0
3941,WLNM_dir_neg,0.875,0.291666666667,00:00:00,10,90,38,1179281687,threshold_sweep,0.8,1,0.5,0.666666666667,1,0,1,4,0.5,1,0,0.5,1,0.5,0.666666666667,0.833333333333,0.611111111111,0.571428571429,0.632455532034,0.5,20,18,2,0,20,0,18,0,2,11,20,0.181818181818,3.04338842975,3.63636363636,2,2.5,1.68954001271,0.464623503495,0.245454545455,1.16774841624,0.642261628933,0.336363636364,1.94000937205,1.06700515463,0.536363636364,1.05689877454,0.347276990411,3.54545454545,3.04338842975,1.05689877454,3.54545454545,0.499047619048,0.4,8,0.0484848484848,0.255555555556,11,11,11,1,0,0.0909090909091,0.636363636364,0.272727272727,11,0.163636363636,3.11363636364,3.27272727273,1.8,2.25,1.7372915179,0.530839074915,0.267676767677,1.0269106361,0.627556499842,0.323232323232,1.80403587951,1.10246637081,0.535353535354,1.08094141536,0.347163666246,3.75,3.11363636364,1.08094141536,3.75,0.404761904762,0.3,5,0.030303030303,0.255185185185,11,11,11,1,0,0.0909090909091,0.636363636364,0.272727272727,11,19,0.172727272727,3.08884297521,3.45454545455,1.9,2.375,1.86352549559,0.53944159083,0.287081339713,1.19087439228,0.689453595529,0.354066985646,1.90215189146,1.1012458319,0.545454545455,1.04183657517,0.337290235708,3.54545454545,3.08884297521,1.04183657517,3.54545454545,0.475132275132,0.368421052632,7,0.0424242424242,0.268518518519,11,11,11,1,0,0.0909090909091,0.636363636364,0.272727272727,-1,-0.00909090909091,0.0454545454545,-0.181818181818,-0.1,-0.125,0.173985482884,0.0748180873347,0.0416267942584,0.023125976035,0.0471919665957,0.0177033492823,-0.0378574805894,0.0342406772707,0.00909090909091,-0.0150621993632,-0.0099867547029,0,0.0454545454545,-0.0150621993632,0,-0.0239153439153,-0.0315789473684,-1,-0.00606060606061,0.012962962963,0,0,0,19,0,1,90,0.95,1,0,0.05,1,0.95,0.974358974359,0.969309258988,0.95,0.95,1,2,0,0,0,0
3942,WLNM_dir_neg,0.875,0.291666666667,00:00:00,10,90,38,1179281687,threshold_sweep,0.9,1,0.5,0.666666666667,1,0,1,4,0.5,1,0,0.5,1,0.5,0.666666666667,0.833333333333,0.611111111111,0.571428571429,0.632455532034,0.5,20,18,2,0,20,0,18,0,2,11,20,0.181818181818,3.04338842975,3.63636363636,2,2.5,1.68954001271,0.464623503495,0.245454545455,1.16774841624,0.642261628933,0.336363636364,1.94000937205,1.06700515463,0.536363636364,1.05689877454,0.347276990411,3.54545454545,3.04338842975,1.05689877454,3.54545454545,0.499047619048,0.4,8,0.0484848484848,0.255555555556,11,11,11,1,0,0.0909090909091,0.636363636364,0.272727272727,11,0.163636363636,3.11363636364,3.27272727273,1.8,2.25,1.7372915179,0.530839074915,0.267676767677,1.0269106361,0.627556499842,0.323232323232,1.80403587951,1.10246637081,0.535353535354,1.08094141536,0.347163666246,3.75,3.11363636364,1.08094141536,3.75,0.404761904762,0.3,5,0.030303030303,0.255185185185,11,11,11,1,0,0.0909090909091,0.636363636364,0.272727272727,11,19,0.172727272727,3.08884297521,3.45454545455,1.9,2.375,1.86352549559,0.53944159083,0.287081339713,1.19087439228,0.689453595529,0.354066985646,1.90215189146,1.1012458319,0.545454545455,1.04183657517,0.337290235708,3.54545454545,3.08884297521,1.04183657517,3.54545454545,0.475132275132,0.368421052632,7,0.0424242424242,0.268518518519,11,11,11,1,0,0.0909090909091,0.636363636364,0.272727272727,-1,-0.00909090909091,0.0454545454545,-0.181818181818,-0.1,-0.125,0.173985482884,0.0748180873347,0.0416267942584,0.023125976035,0.0471919665957,0.0177033492823,-0.0378574805894,0.0342406772707,0.00909090909091,-0.0150621993632,-0.0099867547029,0,0.0454545454545,-0.0150621993632,0,-0.0239153439153,-0.0315789473684,-1,-0.00606060606061,0.012962962963,0,0,0,19,0,1,90,0.95,1,0,0.05,1,0.95,0.974358974359,0.969309258988,0.95,0.95,1,2,0,0,0,0
3943,WLNM_dir_neg,1,0.5,00:00:00,10,90,39,1179281688,threshold_sweep,0.1,1,0.5,0.666666666667,1,0,1,4,0.5,1,0,0.5,1,0.5,0.666666666667,0.833333333333,0.611111111111,0.571428571429,0.632455532034,0.5,20,18,2,0,20,0,18,0,2,11,20,0.181818181818,3.04338842975,3.63636363636,2,2.5,1.68954001271,0.464623503495,0.245454545455,1.16774841624,0.642261628933,0.336363636364,1.94000937205,1.06700515463,0.536363636364,1.05689877454,0.347276990411,3.54545454545,3.04338842975,1.05689877454,3.54545454545,0.499047619048,0.4,8,0.0484848484848,0.255555555556,11,11,11,1,0,0.0909090909091,0.636363636364,0.272727272727,11,0.163636363636,3.13636363636,3.27272727273,1.8,2.25,1.67874411933,0.512949592017,0.252525252525,1.0269106361,0.627556499842,0.323232323232,1.80403587951,1.10246637081,0.535353535354,1.09815041931,0.350134916302,3.75,3.13636363636,1.09815041931,3.75,0.430952380952,0.30612244898,5,0.030303030303,0.255185185185,11,11,11,1,0,0.0909090909091,0.636363636364,0.272727272727,11,19,0.172727272727,3.11157024793,3.45454545455,1.9,2.375,1.80906806747,0.523677598477,0.272727272727,1.19087439228,0.689453595529,0.354066985646,1.90215189146,1.1012458319,0.545454545455,1.0602655888,0.340749365856,3.54545454545,3.11157024793,1.0602655888,3.54545454545,0.494285714286,0.375,7,0.0424242424242,0.268518518519,11,11,11,1,0,0.0909090909091,0.636363636364,0.272727272727,-1,-0.00909090909091,0.0681818181818,-0.181818181818,-0.1,-0.125,0.119528054757,0.0590540949821,0.0272727272727,0.023125976035,0.0471919665957,0.0177033492823,-0.0378574805894,0.0342406772707,0.00909090909091,0.00336681426204,-0.00652762455561,0,0.0681818181818,0.00336681426204,0,-0.0047619047619,-0.025,-1,-0.00606060606061,0.012962962963,0,0,0,19,0,1,90,0.95,1,0,0.05,1,0.95,0.974358974359,0.969309258988,0.95,0.95,1,2,0,0,0,0
3944,WLNM_dir_neg,1,0.5,00:00:00,10,90,39,1179281688,threshold_sweep,0.2,1,0.5,0.666666666667,1,0,1,4,0.5,1,0,0.5,1,0.5,0.666666666667,0.833333333333,0.611111111111,0.571428571429,0.632455532034,0.5,20,18,2,0,20,0,18,0,2,11,20,0.181818181818,3.04338842975,3.63636363636,2,2.5,1.68954001271,0.464623503495,0.245454545455,1.16774841624,0.642261628933,0.336363636364,1.94000937205,1.06700515463,0.536363636364,1.05689877454,0.347276990411,3.54545454545,3.04338842975,1.05689877454,3.54545454545,0.499047619048,0.4,8,0.0484848484848,0.255555555556,11,11,11,1,0,0.0909090909091,0.636363636364,0.272727272727,11,0.163636363636,3.13636363636,3.27272727273,1.8,2.25,1.67874411933,0.512949592017,0.252525252525,1.0269106361,0.627556499842,0.323232323232,1.80403587951,1.10246637081,0.535353535354,1.09815041931,0.350134916302,3.75,3.13636363636,1.09815041931,3.75,0.430952380952,0.30612244898,5,0.030303030303,0.255185185185,11,11,11,1,0,0.0909090909091,0.636363636364,0.272727272727,11,19,0.172727272727,3.11157024793,3.45454545455,1.9,2.375,1.80906806747,0.523677598477,0.272727272727,1.19087439228,0.689453595529,0.354066985646,1.90215189146,1.1012458319,0.545454545455,1.0602655888,0.340749365856,3.54545454545,3.11157024793,1.0602655888,3.54545454545,0.494285714286,0.375,7,0.0424242424242,0.268518518519,11,11,11,1,0,0.0909090909091,0.636363636364,0.272727272727,-1,-0.00909090909091,0.0681818181818,-0.181818181818,-0.1,-0.125,0.119528054757,0.0590540949821,0.0272727272727,0.023125976035,0.0471919665957,0.0177033492823,-0.0378574805894,0.0342406772707,0.00909090909091,0.00336681426204,-0.00652762455561,0,0.0681818181818,0.00336681426204,0,-0.0047619047619,-0.025,-1,-0.00606060606061,0.012962962963,0,0,0,19,0,1,90,0.95,1,0,0.05,1,0.95,0.974358974359,0.969309258988,0.95,0.95,1,2,0,0,0,0
3945,WLNM_dir_neg,1,0.5,00:00:00,10,90,39,1179281688,threshold_sweep,0.3,1,0.5,0.666666666667,1,0,1,4,0.5,1,0,0.5,1,0.5,0.666666666667,0.833333333333,0.611111111111,0.571428571429,0.632455532034,0.5,20,18,2,0,20,0,18,0,2,11,20,0.181818181818,3.04338842975,3.63636363636,2,2.5,1.68954001271,0.464623503495,0.245454545455,1.16774841624,0.642261628933,0.336363636364,1.94000937205,1.06700515463,0.536363636364,1.05689877454,0.347276990411,3.54545454545,3.04338842975,1.05689877454,3.54545454545,0.499047619048,0.4,8,0.0484848484848,0.255555555556,11,11,11,1,0,0.0909090909091,0.636363636364,0.272727272727,11,0.163636363636,3.13636363636,3.27272727273,1.8,2.25,1.67874411933,0.512949592017,0.252525252525,1.0269106361,0.627556499842,0.323232323232,1.80403587951,1.10246637081,0.535353535354,1.09815041931,0.350134916302,3.75,3.13636363636,1.09815041931,3.75,0.430952380952,0.30612244898,5,0.030303030303,0.255185185185,11,11,11,1,0,0.0909090909091,0.636363636364,0.272727272727,11,19,0.172727272727,3.11157024793,3.45454545455,1.9,2.375,1.80906806747,0.523677598477,0.272727272727,1.19087439228,0.689453595529,0.354066985646,1.90215189146,1.1012458319,0.545454545455,1.0602655888,0.340749365856,3.54545454545,3.11157024793,1.0602655888,3.54545454545,0.494285714286,0.375,7,0.0424242424242,0.268518518519,11,11,11,1,0,0.0909090909091,0.636363636364,0.272727272727,-1,-0.00909090909091,0.0681818181818,-0.181818181818,-0.1,-0.125,0.119528054757,0.0590540949821,0.0272727272727,0.023125976035,0.0471919665957,0.0177033492823,-0.0378574805894,0.0342406772707,0.00909090909091,0.00336681426204,-0.00652762455561,0,0.0681818181818,0.00336681426204,0,-0.0047619047619,-0.025,-1,-0.00606060606061,0.012962962963,0,0,0,19,0,1,90,0.95,1,0,0.05,1,0.95,0.974358974359,0.969309258988,0.95,0.95,1,2,0,0,0,0
3946,WLNM_dir_neg,1,0.5,00:00:00,10,90,39,1179281688,threshold_sweep,0.4,1,0.5,0.666666666667,1,0,1,4,0.5,1,0,0.5,1,0.5,0.666666666667,0.833333333333,0.611111111111,0.571428571429,0.632455532034,0.5,20,18,2,0,20,0,18,0,2,11,20,0.181818181818,3.04338842975,3.63636363636,2,2.5,1.68954001271,0.464623503495,0.245454545455,1.16774841624,0.642261628933,0.336363636364,1.94000937205,1.06700515463,0.536363636364,1.05689877454,0.347276990411,3.54545454545,3.04338842975,1.05689877454,3.54545454545,0.499047619048,0.4,8,0.0484848484848,0.255555555556,11,11,11,1,0,0.0909090909091,0.636363636364,0.272727272727,11,0.163636363636,3.13636363636,3.27272727273,1.8,2.25,1.67874411933,0.512949592017,0.252525252525,1.0269106361,0.627556499842,0.323232323232,1.80403587951,1.10246637081,0.535353535354,1.09815041931,0.350134916302,3.75,3.13636363636,1.09815041931,3.75,0.430952380952,0.30612244898,5,0.030303030303,0.255185185185,11,11,11,1,0,0.0909090909091,0.636363636364,0.272727272727,11,19,0.172727272727,3.11157024793,3.45454545455,1.9,2.375,1.80906806747,0.523677598477,0.272727272727,1.19087439228,0.689453595529,0.354066985646,1.90215189146,1.1012458319,0.545454545455,1.0602655888,0.340749365856,3.54545454545,3.11157024793,1.0602655888,3.54545454545,0.494285714286,0.375,7,0.0424242424242,0.268518518519,11,11,11,1,0,0.0909090909091,0.636363636364,0.272727272727,-1,-0.00909090909091,0.0681818181818,-0.181818181818,-0.1,-0.125,0.119528054757,0.0590540949821,0.0272727272727,0.023125976035,0.0471919665957,0.0177033492823,-0.0378574805894,0.0342406772707,0.00909090909091,0.00336681426204,-0.00652762455561,0,0.0681818181818,0.00336681426204,0,-0.0047619047619,-0.025,-1,-0.00606060606061,0.012962962963,0,0,0,19,0,1,90,0.95,1,0,0.05,1,0.95,0.974358974359,0.969309258988,0.95,0.95,1,2,0,0,0,0
3947,WLNM_dir_neg,1,0.5,00:00:00,10,90,39,1179281688,threshold_sweep,0.5,1,0.5,0.666666666667,1,0,1,4,0.5,1,0,0.5,1,0.5,0.666666666667,0.833333333333,0.611111111111,0.571428571429,0.632455532034,0.5,20,18,2,0,20,0,18,0,2,11,20,0.181818181818,3.04338842975,3.63636363636,2,2.5,1.68954001271,0.464623503495,0.245454545455,1.16774841624,0.642261628933,0.336363636364,1.94000937205,1.06700515463,0.536363636364,1.05689877454,0.347276990411,3.54545454545,3.04338842975,1.05689877454,3.54545454545,0.499047619048,0.4,8,0.0484848484848,0.255555555556,11,11,11,1,0,0.0909090909091,0.636363636364,0.272727272727,11,0.163636363636,3.13636363636,3.27272727273,1.8,2.25,1.67874411933,0.512949592017,0.252525252525,1.0269106361,0.627556499842,0.323232323232,1.80403587951,1.10246637081,0.535353535354,1.09815041931,0.350134916302,3.75,3.13636363636,1.09815041931,3.75,0.430952380952,0.30612244898,5,0.030303030303,0.255185185185,11,11,11,1,0,0.0909090909091,0.636363636364,0.272727272727,11,19,0.172727272727,3.11157024793,3.45454545455,1.9,2.375,1.80906806747,0.523677598477,0.272727272727,1.19087439228,0.689453595529,0.354066985646,1.90215189146,1.1012458319,0.545454545455,1.0602655888,0.340749365856,3.54545454545,3.11157024793,1.0602655888,3.54545454545,0.494285714286,0.375,7,0.0424242424242,0.268518518519,11,11,11,1,0,0.0909090909091,0.636363636364,0.272727272727,-1,-0.00909090909091,0.0681818181818,-0.181818181818,-0.1,-0.125,0.119528054757,0.0590540949821,0.0272727272727,0.023125976035,0.0471919665957,0.0177033492823,-0.0378574805894,0.0342406772707,0.00909090909091,0.00336681426204,-0.00652762455561,0,0.0681818181818,0.00336681426204,0,-0.0047619047619,-0.025,-1,-0.00606060606061,0.012962962963,0,0,0,19,0,1,90,0.95,1,0,0.05,1,0.95,0.974358974359,0.969309258988,0.95,0.95,1,2,0,0,0,0
3948,WLNM_dir_neg,1,0.5,00:00:00,10,90,39,1179281688,threshold_sweep,0.6,1,0.5,0.666666666667,1,0,1,4,0.5,1,0,0.5,1,0.5,0.666666666667,0.833333333333,0.611111111111,0.571428571429,0.632455532034,0.5,20,18,2,0,20,0,18,0,2,11,20,0.181818181818,3.04338842975,3.63636363636,2,2.5,1.68954001271,0.464623503495,0.245454545455,1.16774841624,0.642261628933,0.336363636364,1.94000937205,1.06700515463,0.536363636364,1.05689877454,0.347276990411,3.54545454545,3.04338842975,1.05689877454,3.54545454545,0.499047619048,0.4,8,0.0484848484848,0.255555555556,11,11,11,1,0,0.0909090909091,0.636363636364,0.272727272727,11,0.163636363636,3.13636363636,3.27272727273,1.8,2.25,1.67874411933,0.512949592017,0.252525252525,1.0269106361,0.627556499842,0.323232323232,1.80403587951,1.10246637081,0.535353535354,1.09815041931,0.350134916302,3.75,3.13636363636,1.09815041931,3.75,0.430952380952,0.30612244898,5,0.030303030303,0.255185185185,11,11,11,1,0,0.0909090909091,0.636363636364,0.272727272727,11,19,0.172727272727,3.11157024793,3.45454545455,1.9,2.375,1.80906806747,0.523677598477,0.272727272727,1.19087439228,0.689453595529,0.354066985646,1.90215189146,1.1012458319,0.545454545455,1.0602655888,0.340749365856,3.54545454545,3.11157024793,1.0602655888,3.54545454545,0.494285714286,0.375,7,0.0424242424242,0.268518518519,11,11,11,1,0,0.0909090909091,0.636363636364,0.272727272727,-1,-0.00909090909091,0.0681818181818,-0.181818181818,-0.1,-0.125,0.119528054757,0.0590540949821,0.0272727272727,0.023125976035,0.0471919665957,0.0177033492823,-0.0378574805894,0.0342406772707,0.00909090909091,0.00336681426204,-0.00652762455561,0,0.0681818181818,0.00336681426204,0,-0.0047619047619,-0.025,-1,-0.00606060606061,0.012962962963,0,0,0,19,0,1,90,0.95,1,0,0.05,1,0.95,0.974358974359,0.969309258988,0.95,0.95,1,2,0,0,0,0
3949,WLNM_dir_neg,1,0.5,00:00:00,10,90,39,1179281688,threshold_sweep,0.7,1,0.5,0.666666666667,1,0,1,4,0.5,1,0,0.5,1,0.5,0.666666666667,0.833333333333,0.611111111111,0.571428571429,0.632455532034,0.5,20,18,2,0,20,0,18,0,2,11,20,0.181818181818,3.04338842975,3.63636363636,2,2.5,1.68954001271,0.464623503495,0.245454545455,1.16774841624,0.642261628933,0.336363636364,1.94000937205,1.06700515463,0.536363636364,1.05689877454,0.347276990411,3.54545454545,3.04338842975,1.05689877454,3.54545454545,0.499047619048,0.4,8,0.0484848484848,0.255555555556,11,11,11,1,0,0.0909090909091,0.636363636364,0.272727272727,11,0.163636363636,3.13636363636,3.27272727273,1.8,2.25,1.67874411933,0.512949592017,0.252525252525,1.0269106361,0.627556499842,0.323232323232,1.80403587951,1.10246637081,0.535353535354,1.09815041931,0.350134916302,3.75,3.13636363636,1.09815041931,3.75,0.430952380952,0.30612244898,5,0.030303030303,0.255185185185,11,11,11,1,0,0.0909090909091,0.636363636364,0.272727272727,11,19,0.172727272727,3.11157024793,3.45454545455,1.9,2.375,1.80906806747,0.523677598477,0.272727272727,1.19087439228,0.689453595529,0.354066985646,1.90215189146,1.1012458319,0.545454545455,1.0602655888,0.340749365856,3.54545454545,3.11157024793,1.0602655888,3.54545454545,0.494285714286,0.375,7,0.0424242424242,0.268518518519,11,11,11,1,0,0.0909090909091,0.636363636364,0.272727272727,-1,-0.00909090909091,0.0681818181818,-0.181818181818,-0.1,-0.125,0.119528054757,0.0590540949821,0.0272727272727,0.023125976035,0.0471919665957,0.0177033492823,-0.0378574805894,0.0342406772707,0.00909090909091,0.00336681426204,-0.00652762455561,0,0.0681818181818,0.00336681426204,0,-0.0047619047619,-0.025,-1,-0.00606060606061,0.012962962963,0,0,0,19,0,1,90,0.95,1,0,0.05,1,0.95,0.974358974359,0.969309258988,0.95,0.95,1,2,0,0,0,0
3950,WLNM_dir_neg,1,0.5,00:00:00,10,90,39,1179281688,threshold_sweep,0.8,1,0.5,0.666666666667,1,0,1,4,0.5,1,0,0.5,1,0.5,0.666666666667,0.833333333333,0.611111111111,0.571428571429,0.632455532034,0.5,20,18,2,0,20,0,18,0,2,11,20,0.181818181818,3.04338842975,3.63636363636,2,2.5,1.68954001271,0.464623503495,0.245454545455,1.16774841624,0.642261628933,0.336363636364,1.94000937205,1.06700515463,0.536363636364,1.05689877454,0.347276990411,3.54545454545,3.04338842975,1.05689877454,3.54545454545,0.499047619048,0.4,8,0.0484848484848,0.255555555556,11,11,11,1,0,0.0909090909091,0.636363636364,0.272727272727,11,0.163636363636,3.13636363636,3.27272727273,1.8,2.25,1.67874411933,0.512949592017,0.252525252525,1.0269106361,0.627556499842,0.323232323232,1.80403587951,1.10246637081,0.535353535354,1.09815041931,0.350134916302,3.75,3.13636363636,1.09815041931,3.75,0.430952380952,0.30612244898,5,0.030303030303,0.255185185185,11,11,11,1,0,0.0909090909091,0.636363636364,0.272727272727,11,19,0.172727272727,3.11157024793,3.45454545455,1.9,2.375,1.80906806747,0.523677598477,0.272727272727,1.19087439228,0.689453595529,0.354066985646,1.90215189146,1.1012458319,0.545454545455,1.0602655888,0.340749365856,3.54545454545,3.11157024793,1.0602655888,3.54545454545,0.494285714286,0.375,7,0.0424242424242,0.268518518519,11,11,11,1,0,0.0909090909091,0.636363636364,0.272727272727,-1,-0.00909090909091,0.0681818181818,-0.181818181818,-0.1,-0.125,0.119528054757,0.0590540949821,0.0272727272727,0.023125976035,0.0471919665957,0.0177033492823,-0.0378574805894,0.0342406772707,0.00909090909091,0.00336681426204,-0.00652762455561,0,0.0681818181818,0.00336681426204,0,-0.0047619047619,-0.025,-1,-0.00606060606061,0.012962962963,0,0,0,19,0,1,90,0.95,1,0,0.05,1,0.95,0.974358974359,0.969309258988,0.95,0.95,1,2,0,0,0,0
3951,WLNM_dir_neg,1,0.5,00:00:00,10,90,39,1179281688,threshold_sweep,0.9,1,0.5,0.666666666667,1,0,1,4,0.5,1,0,0.5,1,0.5,0.666666666667,0.833333333333,0.611111111111,0.571428571429,0.632455532034,0.5,20,18,2,0,20,0,18,0,2,11,20,0.181818181818,3.04338842975,3.63636363636,2,2.5,1.68954001271,0.464623503495,0.245454545455,1.16774841624,0.642261628933,0.336363636364,1.94000937205,1.06700515463,0.536363636364,1.05689877454,0.347276990411,3.54545454545,3.04338842975,1.05689877454,3.54545454545,0.499047619048,0.4,8,0.0484848484848,0.255555555556,11,11,11,1,0,0.0909090909091,0.636363636364,0.272727272727,11,0.163636363636,3.13636363636,3.27272727273,1.8,2.25,1.67874411933,0.512949592017,0.252525252525,1.0269106361,0.627556499842,0.323232323232,1.80403587951,1.10246637081,0.535353535354,1.09815041931,0.350134916302,3.75,3.13636363636,1.09815041931,3.75,0.430952380952,0.30612244898,5,0.030303030303,0.255185185185,11,11,11,1,0,0.0909090909091,0.636363636364,0.272727272727,11,19,0.172727272727,3.11157024793,3.45454545455,1.9,2.375,1.80906806747,0.523677598477,0.272727272727,1.19087439228,0.689453595529,0.354066985646,1.90215189146,1.1012458319,0.545454545455,1.0602655888,0.340749365856,3.54545454545,3.11157024793,1.0602655888,3.54545454545,0.494285714286,0.375,7,0.0424242424242,0.268518518519,11,11,11,1,0,0.0909090909091,0.636363636364,0.272727272727,-1,-0.00909090909091,0.0681818181818,-0.181818181818,-0.1,-0.125,0.119528054757,0.0590540949821,0.0272727272727,0.023125976035,0.0471919665957,0.0177033492823,-0.0378574805894,0.0342406772707,0.00909090909091,0.00336681426204,-0.00652762455561,0,0.0681818181818,0.00336681426204,0,-0.0047619047619,-0.025,-1,-0.00606060606061,0.012962962963,0,0,0,19,0,1,90,0.95,1,0,0.05,1,0.95,0.974358974359,0.969309258988,0.95,0.95,1,2,0,0,0,0
3952,WLNM_dir_neg,0.75,0.416666666667,00:00:00,10,90,40,1179281689,threshold_sweep,0.1,0.5,0.5,0.5,1,1,1,3,0.5,0.75,0.25,0.5,0.5,0.5,0.5,0.666666666667,0.555555555556,0.25,0.25,0.25,20,18,2,0,20,0,18,0,2,11,20,0.181818181818,3.04338842975,3.63636363636,2,2.5,1.68954001271,0.464623503495,0.245454545455,1.16774841624,0.642261628933,0.336363636364,1.94000937205,1.06700515463,0.536363636364,1.05689877454,0.347276990411,3.54545454545,3.04338842975,1.05689877454,3.54545454545,0.499047619048,0.4,8,0.0484848484848,0.255555555556,11,11,11,1,0,0.0909090909091,0.636363636364,0.272727272727,11,0.163636363636,3.13016528926,3.27272727273,1.8,2.25,1.67874411933,0.512949592017,0.277777777778,1.12006493318,0.684484125834,0.343434343434,1.68954001271,1.03249667443,0.525252525253,1.08130674069,0.345447169964,3.63636363636,3.13016528926,1.08130674069,3.63636363636,0.437037037037,0.3125,5,0.030303030303,0.241111111111,11,11,11,1,0,0.0909090909091,0.636363636364,0.272727272727,11,20,0.181818181818,NaN,3.63636363636,1.81818181818,2.5,1.85864075457,0.511126207507,0.272727272727,1.07871977994,0.593295878968,0.290909090909,1.9908883353,1.09498858442,0.545454545455,NaN,NaN,NaN,NaN,NaN,NaN,0.432275132275,0.380952380952,8,0.0484848484848,0.236363636364,11,11,0,1,2,0,0.727272727273,0.272727272727,0,0,NaN,0,-0.181818181818,0,0.16910074186,0.0465027040115,0.0272727272727,-0.0890286363011,-0.0489657499656,-0.0454545454545,0.0508789632521,0.0279834297887,0.00909090909091,NaN,NaN,NaN,NaN,NaN,NaN,-0.0667724867725,-0.0190476190476,0,0,-0.0191919191919,-0.0909090909091,0.0909090909091,0,19,1,1,89,0.95,0.988888888889,0.0111111111111,0.05,0.95,0.95,0.95,0.938888888889,0.938888888889,0.904761904762,2,2,0,0,0,0
3953,WLNM_dir_neg,0.75,0.416666666667,00:00:00,10,90,40,1179281689,threshold_sweep,0.2,0.5,0.5,0.5,1,1,1,3,0.5,0.75,0.25,0.5,0.5,0.5,0.5,0.666666666667,0.555555555556,0.25,0.25,0.25,20,18,2,0,20,0,18,0,2,11,20,0.181818181818,3.04338842975,3.63636363636,2,2.5,1.68954001271,0.464623503495,0.245454545455,1.16774841624,0.642261628933,0.336363636364,1.94000937205,1.06700515463,0.536363636364,1.05689877454,0.347276990411,3.54545454545,3.04338842975,1.05689877454,3.54545454545,0.499047619048,0.4,8,0.0484848484848,0.255555555556,11,11,11,1,0,0.0909090909091,0.636363636364,0.272727272727,11,0.163636363636,3.13016528926,3.27272727273,1.8,2.25,1.67874411933,0.512949592017,0.277777777778,1.12006493318,0.684484125834,0.343434343434,1.68954001271,1.03249667443,0.525252525253,1.08130674069,0.345447169964,3.63636363636,3.13016528926,1.08130674069,3.63636363636,0.437037037037,0.3125,5,0.030303030303,0.241111111111,11,11,11,1,0,0.0909090909091,0.636363636364,0.272727272727,11,20,0.181818181818,NaN,3.63636363636,1.81818181818,2.5,1.85864075457,0.511126207507,0.272727272727,1.07871977994,0.593295878968,0.290909090909,1.9908883353,1.09498858442,0.545454545455,NaN,NaN,NaN,NaN,NaN,NaN,0.432275132275,0.380952380952,8,0.0484848484848,0.236363636364,11,11,0,1,2,0,0.727272727273,0.272727272727,0,0,NaN,0,-0.181818181818,0,0.16910074186,0.0465027040115,0.0272727272727,-0.0890286363011,-0.0489657499656,-0.0454545454545,0.0508789632521,0.0279834297887,0.00909090909091,NaN,NaN,NaN,NaN,NaN,NaN,-0.0667724867725,-0.0190476190476,0,0,-0.0191919191919,-0.0909090909091,0.0909090909091,0,19,1,1,89,0.95,0.988888888889,0.0111111111111,0.05,0.95,0.95,0.95,0.938888888889,0.938888888889,0.904761904762,2,2,0,0,0,0
3954,WLNM_dir_neg,0.75,0.416666666667,00:00:00,10,90,40,1179281689,threshold_sweep,0.3,0.5,0.5,0.5,1,1,1,3,0.5,0.75,0.25,0.5,0.5,0.5,0.5,0.666666666667,0.555555555556,0.25,0.25,0.25,20,18,2,0,20,0,18,0,2,11,20,0.181818181818,3.04338842975,3.63636363636,2,2.5,1.68954001271,0.464623503495,0.245454545455,1.16774841624,0.642261628933,0.336363636364,1.94000937205,1.06700515463,0.536363636364,1.05689877454,0.347276990411,3.54545454545,3.04338842975,1.05689877454,3.54545454545,0.499047619048,0.4,8,0.0484848484848,0.255555555556,11,11,11,1,0,0.0909090909091,0.636363636364,0.272727272727,11,0.163636363636,3.13016528926,3.27272727273,1.8,2.25,1.67874411933,0.512949592017,0.277777777778,1.12006493318,0.684484125834,0.343434343434,1.68954001271,1.03249667443,0.525252525253,1.08130674069,0.345447169964,3.63636363636,3.13016528926,1.08130674069,3.63636363636,0.437037037037,0.3125,5,0.030303030303,0.241111111111,11,11,11,1,0,0.0909090909091,0.636363636364,0.272727272727,11,20,0.181818181818,NaN,3.63636363636,1.81818181818,2.5,1.85864075457,0.511126207507,0.272727272727,1.07871977994,0.593295878968,0.290909090909,1.9908883353,1.09498858442,0.545454545455,NaN,NaN,NaN,NaN,NaN,NaN,0.432275132275,0.380952380952,8,0.0484848484848,0.236363636364,11,11,0,1,2,0,0.727272727273,0.272727272727,0,0,NaN,0,-0.181818181818,0,0.16910074186,0.0465027040115,0.0272727272727,-0.0890286363011,-0.0489657499656,-0.0454545454545,0.0508789632521,0.0279834297887,0.00909090909091,NaN,NaN,NaN,NaN,NaN,NaN,-0.0667724867725,-0.0190476190476,0,0,-0.0191919191919,-0.0909090909091,0.0909090909091,0,19,1,1,89,0.95,0.988888888889,0.0111111111111,0.05,0.95,0.95,0.95,0.938888888889,0.938888888889,0.904761904762,2,2,0,0,0,0
3955,WLNM_dir_neg,0.75,0.416666666667,00:00:00,10,90,40,1179281689,threshold_sweep,0.4,0.5,0.5,0.5,1,1,1,3,0.5,0.75,0.25,0.5,0.5,0.5,0.5,0.666666666667,0.555555555556,0.25,0.25,0.25,20,18,2,0,20,0,18,0,2,11,20,0.181818181818,3.04338842975,3.63636363636,2,2.5,1.68954001271,0.464623503495,0.245454545455,1.16774841624,0.642261628933,0.336363636364,1.94000937205,1.06700515463,0.536363636364,1.05689877454,0.347276990411,3.54545454545,3.04338842975,1.05689877454,3.54545454545,0.499047619048,0.4,8,0.0484848484848,0.255555555556,11,11,11,1,0,0.0909090909091,0.636363636364,0.272727272727,11,0.163636363636,3.13016528926,3.27272727273,1.8,2.25,1.67874411933,0.512949592017,0.277777777778,1.12006493318,0.684484125834,0.343434343434,1.68954001271,1.03249667443,0.525252525253,1.08130674069,0.345447169964,3.63636363636,3.13016528926,1.08130674069,3.63636363636,0.437037037037,0.3125,5,0.030303030303,0.241111111111,11,11,11,1,0,0.0909090909091,0.636363636364,0.272727272727,11,20,0.181818181818,NaN,3.63636363636,1.81818181818,2.5,1.85864075457,0.511126207507,0.272727272727,1.07871977994,0.593295878968,0.290909090909,1.9908883353,1.09498858442,0.545454545455,NaN,NaN,NaN,NaN,NaN,NaN,0.432275132275,0.380952380952,8,0.0484848484848,0.236363636364,11,11,0,1,2,0,0.727272727273,0.272727272727,0,0,NaN,0,-0.181818181818,0,0.16910074186,0.0465027040115,0.0272727272727,-0.0890286363011,-0.0489657499656,-0.0454545454545,0.0508789632521,0.0279834297887,0.00909090909091,NaN,NaN,NaN,NaN,NaN,NaN,-0.0667724867725,-0.0190476190476,0,0,-0.0191919191919,-0.0909090909091,0.0909090909091,0,19,1,1,89,0.95,0.988888888889,0.0111111111111,0.05,0.95,0.95,0.95,0.938888888889,0.938888888889,0.904761904762,2,2,0,0,0,0
3956,WLNM_dir_neg,0.75,0.416666666667,00:00:00,10,90,40,1179281689,threshold_sweep,0.5,0.5,0.5,0.5,1,1,1,3,0.5,0.75,0.25,0.5,0.5,0.5,0.5,0.666666666667,0.555555555556,0.25,0.25,0.25,20,18,2,0,20,0,18,0,2,11,20,0.181818181818,3.04338842975,3.63636363636,2,2.5,1.68954001271,0.464623503495,0.245454545455,1.16774841624,0.642261628933,0.336363636364,1.94000937205,1.06700515463,0.536363636364,1.05689877454,0.347276990411,3.54545454545,3.04338842975,1.05689877454,3.54545454545,0.499047619048,0.4,8,0.0484848484848,0.255555555556,11,11,11,1,0,0.0909090909091,0.636363636364,0.272727272727,11,0.163636363636,3.13016528926,3.27272727273,1.8,2.25,1.67874411933,0.512949592017,0.277777777778,1.12006493318,0.684484125834,0.343434343434,1.68954001271,1.03249667443,0.525252525253,1.08130674069,0.345447169964,3.63636363636,3.13016528926,1.08130674069,3.63636363636,0.437037037037,0.3125,5,0.030303030303,0.241111111111,11,11,11,1,0,0.0909090909091,0.636363636364,0.272727272727,11,20,0.181818181818,NaN,3.63636363636,1.81818181818,2.5,1.85864075457,0.511126207507,0.272727272727,1.07871977994,0.593295878968,0.290909090909,1.9908883353,1.09498858442,0.545454545455,NaN,NaN,NaN,NaN,NaN,NaN,0.432275132275,0.380952380952,8,0.0484848484848,0.236363636364,11,11,0,1,2,0,0.727272727273,0.272727272727,0,0,NaN,0,-0.181818181818,0,0.16910074186,0.0465027040115,0.0272727272727,-0.0890286363011,-0.0489657499656,-0.0454545454545,0.0508789632521,0.0279834297887,0.00909090909091,NaN,NaN,NaN,NaN,NaN,NaN,-0.0667724867725,-0.0190476190476,0,0,-0.0191919191919,-0.0909090909091,0.0909090909091,0,19,1,1,89,0.95,0.988888888889,0.0111111111111,0.05,0.95,0.95,0.95,0.938888888889,0.938888888889,0.904761904762,2,2,0,0,0,0
3957,WLNM_dir_neg,0.75,0.416666666667,00:00:00,10,90,40,1179281689,threshold_sweep,0.6,0.5,0.5,0.5,1,1,1,3,0.5,0.75,0.25,0.5,0.5,0.5,0.5,0.666666666667,0.555555555556,0.25,0.25,0.25,20,18,2,0,20,0,18,0,2,11,20,0.181818181818,3.04338842975,3.63636363636,2,2.5,1.68954001271,0.464623503495,0.245454545455,1.16774841624,0.642261628933,0.336363636364,1.94000937205,1.06700515463,0.536363636364,1.05689877454,0.347276990411,3.54545454545,3.04338842975,1.05689877454,3.54545454545,0.499047619048,0.4,8,0.0484848484848,0.255555555556,11,11,11,1,0,0.0909090909091,0.636363636364,0.272727272727,11,0.163636363636,3.13016528926,3.27272727273,1.8,2.25,1.67874411933,0.512949592017,0.277777777778,1.12006493318,0.684484125834,0.343434343434,1.68954001271,1.03249667443,0.525252525253,1.08130674069,0.345447169964,3.63636363636,3.13016528926,1.08130674069,3.63636363636,0.437037037037,0.3125,5,0.030303030303,0.241111111111,11,11,11,1,0,0.0909090909091,0.636363636364,0.272727272727,11,20,0.181818181818,NaN,3.63636363636,1.81818181818,2.5,1.85864075457,0.511126207507,0.272727272727,1.07871977994,0.593295878968,0.290909090909,1.9908883353,1.09498858442,0.545454545455,NaN,NaN,NaN,NaN,NaN,NaN,0.432275132275,0.380952380952,8,0.0484848484848,0.236363636364,11,11,0,1,2,0,0.727272727273,0.272727272727,0,0,NaN,0,-0.181818181818,0,0.16910074186,0.0465027040115,0.0272727272727,-0.0890286363011,-0.0489657499656,-0.0454545454545,0.0508789632521,0.0279834297887,0.00909090909091,NaN,NaN,NaN,NaN,NaN,NaN,-0.0667724867725,-0.0190476190476,0,0,-0.0191919191919,-0.0909090909091,0.0909090909091,0,19,1,1,89,0.95,0.988888888889,0.0111111111111,0.05,0.95,0.95,0.95,0.938888888889,0.938888888889,0.904761904762,2,2,0,0,0,0
3958,WLNM_dir_neg,0.75,0.416666666667,00:00:00,10,90,40,1179281689,threshold_sweep,0.7,0.5,0.5,0.5,1,1,1,3,0.5,0.75,0.25,0.5,0.5,0.5,0.5,0.666666666667,0.555555555556,0.25,0.25,0.25,20,18,2,0,20,0,18,0,2,11,20,0.181818181818,3.04338842975,3.63636363636,2,2.5,1.68954001271,0.464623503495,0.245454545455,1.16774841624,0.642261628933,0.336363636364,1.94000937205,1.06700515463,0.536363636364,1.05689877454,0.347276990411,3.54545454545,3.04338842975,1.05689877454,3.54545454545,0.499047619048,0.4,8,0.0484848484848,0.255555555556,11,11,11,1,0,0.0909090909091,0.636363636364,0.272727272727,11,0.163636363636,3.13016528926,3.27272727273,1.8,2.25,1.67874411933,0.512949592017,0.277777777778,1.12006493318,0.684484125834,0.343434343434,1.68954001271,1.03249667443,0.525252525253,1.08130674069,0.345447169964,3.63636363636,3.13016528926,1.08130674069,3.63636363636,0.437037037037,0.3125,5,0.030303030303,0.241111111111,11,11,11,1,0,0.0909090909091,0.636363636364,0.272727272727,11,20,0.181818181818,NaN,3.63636363636,1.81818181818,2.5,1.85864075457,0.511126207507,0.272727272727,1.07871977994,0.593295878968,0.290909090909,1.9908883353,1.09498858442,0.545454545455,NaN,NaN,NaN,NaN,NaN,NaN,0.432275132275,0.380952380952,8,0.0484848484848,0.236363636364,11,11,0,1,2,0,0.727272727273,0.272727272727,0,0,NaN,0,-0.181818181818,0,0.16910074186,0.0465027040115,0.0272727272727,-0.0890286363011,-0.0489657499656,-0.0454545454545,0.0508789632521,0.0279834297887,0.00909090909091,NaN,NaN,NaN,NaN,NaN,NaN,-0.0667724867725,-0.0190476190476,0,0,-0.0191919191919,-0.0909090909091,0.0909090909091,0,19,1,1,89,0.95,0.988888888889,0.0111111111111,0.05,0.95,0.95,0.95,0.938888888889,0.938888888889,0.904761904762,2,2,0,0,0,0
3959,WLNM_dir_neg,0.75,0.416666666667,00:00:00,10,90,40,1179281689,threshold_sweep,0.8,0.5,0.5,0.5,1,1,1,3,0.5,0.75,0.25,0.5,0.5,0.5,0.5,0.666666666667,0.555555555556,0.25,0.25,0.25,20,18,2,0,20,0,18,0,2,11,20,0.181818181818,3.04338842975,3.63636363636,2,2.5,1.68954001271,0.464623503495,0.245454545455,1.16774841624,0.642261628933,0.336363636364,1.94000937205,1.06700515463,0.536363636364,1.05689877454,0.347276990411,3.54545454545,3.04338842975,1.05689877454,3.54545454545,0.499047619048,0.4,8,0.0484848484848,0.255555555556,11,11,11,1,0,0.0909090909091,0.636363636364,0.272727272727,11,0.163636363636,3.13016528926,3.27272727273,1.8,2.25,1.67874411933,0.512949592017,0.277777777778,1.12006493318,0.684484125834,0.343434343434,1.68954001271,1.03249667443,0.525252525253,1.08130674069,0.345447169964,3.63636363636,3.13016528926,1.08130674069,3.63636363636,0.437037037037,0.3125,5,0.030303030303,0.241111111111,11,11,11,1,0,0.0909090909091,0.636363636364,0.272727272727,11,20,0.181818181818,NaN,3.63636363636,1.81818181818,2.5,1.85864075457,0.511126207507,0.272727272727,1.07871977994,0.593295878968,0.290909090909,1.9908883353,1.09498858442,0.545454545455,NaN,NaN,NaN,NaN,NaN,NaN,0.432275132275,0.380952380952,8,0.0484848484848,0.236363636364,11,11,0,1,2,0,0.727272727273,0.272727272727,0,0,NaN,0,-0.181818181818,0,0.16910074186,0.0465027040115,0.0272727272727,-0.0890286363011,-0.0489657499656,-0.0454545454545,0.0508789632521,0.0279834297887,0.00909090909091,NaN,NaN,NaN,NaN,NaN,NaN,-0.0667724867725,-0.0190476190476,0,0,-0.0191919191919,-0.0909090909091,0.0909090909091,0,19,1,1,89,0.95,0.988888888889,0.0111111111111,0.05,0.95,0.95,0.95,0.938888888889,0.938888888889,0.904761904762,2,2,0,0,0,0
3960,WLNM_dir_neg,0.75,0.416666666667,00:00:00,10,90,40,1179281689,threshold_sweep,0.9,0.5,0.5,0.5,1,1,1,3,0.5,0.75,0.25,0.5,0.5,0.5,0.5,0.666666666667,0.555555555556,0.25,0.25,0.25,20,18,2,0,20,0,18,0,2,11,20,0.181818181818,3.04338842975,3.63636363636,2,2.5,1.68954001271,0.464623503495,0.245454545455,1.16774841624,0.642261628933,0.336363636364,1.94000937205,1.06700515463,0.536363636364,1.05689877454,0.347276990411,3.54545454545,3.04338842975,1.05689877454,3.54545454545,0.499047619048,0.4,8,0.0484848484848,0.255555555556,11,11,11,1,0,0.0909090909091,0.636363636364,0.272727272727,11,0.163636363636,3.13016528926,3.27272727273,1.8,2.25,1.67874411933,0.512949592017,0.277777777778,1.12006493318,0.684484125834,0.343434343434,1.68954001271,1.03249667443,0.525252525253,1.08130674069,0.345447169964,3.63636363636,3.13016528926,1.08130674069,3.63636363636,0.437037037037,0.3125,5,0.030303030303,0.241111111111,11,11,11,1,0,0.0909090909091,0.636363636364,0.272727272727,11,20,0.181818181818,NaN,3.63636363636,1.81818181818,2.5,1.85864075457,0.511126207507,0.272727272727,1.07871977994,0.593295878968,0.290909090909,1.9908883353,1.09498858442,0.545454545455,NaN,NaN,NaN,NaN,NaN,NaN,0.432275132275,0.380952380952,8,0.0484848484848,0.236363636364,11,11,0,1,2,0,0.727272727273,0.272727272727,0,0,NaN,0,-0.181818181818,0,0.16910074186,0.0465027040115,0.0272727272727,-0.0890286363011,-0.0489657499656,-0.0454545454545,0.0508789632521,0.0279834297887,0.00909090909091,NaN,NaN,NaN,NaN,NaN,NaN,-0.0667724867725,-0.0190476190476,0,0,-0.0191919191919,-0.0909090909091,0.0909090909091,0,19,1,1,89,0.95,0.988888888889,0.0111111111111,0.05,0.95,0.95,0.95,0.938888888889,0.938888888889,0.904761904762,2,2,0,0,0,0
3961,WLNM_dir_neg,1,0.5,00:00:00,10,90,41,1179281690,threshold_sweep,0.1,0,0,0,0,0,2,4,0,1,0,1,0,0,0,0.666666666667,0.666666666667,0,0,0,20,18,2,0,20,0,18,0,2,11,20,0.181818181818,3.04338842975,3.63636363636,2,2.5,1.68954001271,0.464623503495,0.245454545455,1.16774841624,0.642261628933,0.336363636364,1.94000937205,1.06700515463,0.536363636364,1.05689877454,0.347276990411,3.54545454545,3.04338842975,1.05689877454,3.54545454545,0.499047619048,0.4,8,0.0484848484848,0.255555555556,11,11,11,1,0,0.0909090909091,0.636363636364,0.272727272727,11,0.163636363636,3.13016528926,3.27272727273,1.8,2.25,1.67874411933,0.512949592017,0.277777777778,1.12006493318,0.684484125834,0.343434343434,1.68954001271,1.03249667443,0.525252525253,1.08130674069,0.345447169964,3.63636363636,3.13016528926,1.08130674069,3.63636363636,0.437037037037,0.3125,5,0.030303030303,0.241111111111,11,11,11,1,0,0.0909090909091,0.636363636364,0.272727272727,11,18,0.163636363636,3.13016528926,3.27272727273,1.8,2.25,1.67874411933,0.512949592017,0.277777777778,1.12006493318,0.684484125834,0.343434343434,1.68954001271,1.03249667443,0.525252525253,1.08130674069,0.345447169964,3.63636363636,3.13016528926,1.08130674069,3.63636363636,0.437037037037,0.3125,5,0.030303030303,0.241111111111,11,11,11,1,0,0.0909090909091,0.636363636364,0.272727272727,-2,-0.0181818181818,0.0867768595041,-0.363636363636,-0.2,-0.25,-0.0107958933802,0.0483260885222,0.0323232323232,-0.0476834830596,0.0422224969006,0.00707070707071,-0.250469359339,-0.0345084801933,-0.0111111111111,0.024407966156,-0.00182982044736,0.0909090909091,0.0867768595041,0.024407966156,0.0909090909091,-0.0620105820106,-0.0875,-3,-0.0181818181818,-0.0144444444444,0,0,0,18,0,2,90,0.9,1,0,0.1,1,0.9,0.947368421053,0.938314863257,0.9,0.9,0,2,0,0,0,0
3962,WLNM_dir_neg,1,0.5,00:00:00,10,90,41,1179281690,threshold_sweep,0.2,0,0,0,0,0,2,4,0,1,0,1,0,0,0,0.666666666667,0.666666666667,0,0,0,20,18,2,0,20,0,18,0,2,11,20,0.181818181818,3.04338842975,3.63636363636,2,2.5,1.68954001271,0.464623503495,0.245454545455,1.16774841624,0.642261628933,0.336363636364,1.94000937205,1.06700515463,0.536363636364,1.05689877454,0.347276990411,3.54545454545,3.04338842975,1.05689877454,3.54545454545,0.499047619048,0.4,8,0.0484848484848,0.255555555556,11,11,11,1,0,0.0909090909091,0.636363636364,0.272727272727,11,0.163636363636,3.13016528926,3.27272727273,1.8,2.25,1.67874411933,0.512949592017,0.277777777778,1.12006493318,0.684484125834,0.343434343434,1.68954001271,1.03249667443,0.525252525253,1.08130674069,0.345447169964,3.63636363636,3.13016528926,1.08130674069,3.63636363636,0.437037037037,0.3125,5,0.030303030303,0.241111111111,11,11,11,1,0,0.0909090909091,0.636363636364,0.272727272727,11,18,0.163636363636,3.13016528926,3.27272727273,1.8,2.25,1.67874411933,0.512949592017,0.277777777778,1.12006493318,0.684484125834,0.343434343434,1.68954001271,1.03249667443,0.525252525253,1.08130674069,0.345447169964,3.63636363636,3.13016528926,1.08130674069,3.63636363636,0.437037037037,0.3125,5,0.030303030303,0.241111111111,11,11,11,1,0,0.0909090909091,0.636363636364,0.272727272727,-2,-0.0181818181818,0.0867768595041,-0.363636363636,-0.2,-0.25,-0.0107958933802,0.0483260885222,0.0323232323232,-0.0476834830596,0.0422224969006,0.00707070707071,-0.250469359339,-0.0345084801933,-0.0111111111111,0.024407966156,-0.00182982044736,0.0909090909091,0.0867768595041,0.024407966156,0.0909090909091,-0.0620105820106,-0.0875,-3,-0.0181818181818,-0.0144444444444,0,0,0,18,0,2,90,0.9,1,0,0.1,1,0.9,0.947368421053,0.938314863257,0.9,0.9,0,2,0,0,0,0
3963,WLNM_dir_neg,1,0.5,00:00:00,10,90,41,1179281690,threshold_sweep,0.3,0,0,0,0,0,2,4,0,1,0,1,0,0,0,0.666666666667,0.666666666667,0,0,0,20,18,2,0,20,0,18,0,2,11,20,0.181818181818,3.04338842975,3.63636363636,2,2.5,1.68954001271,0.464623503495,0.245454545455,1.16774841624,0.642261628933,0.336363636364,1.94000937205,1.06700515463,0.536363636364,1.05689877454,0.347276990411,3.54545454545,3.04338842975,1.05689877454,3.54545454545,0.499047619048,0.4,8,0.0484848484848,0.255555555556,11,11,11,1,0,0.0909090909091,0.636363636364,0.272727272727,11,0.163636363636,3.13016528926,3.27272727273,1.8,2.25,1.67874411933,0.512949592017,0.277777777778,1.12006493318,0.684484125834,0.343434343434,1.68954001271,1.03249667443,0.525252525253,1.08130674069,0.345447169964,3.63636363636,3.13016528926,1.08130674069,3.63636363636,0.437037037037,0.3125,5,0.030303030303,0.241111111111,11,11,11,1,0,0.0909090909091,0.636363636364,0.272727272727,11,18,0.163636363636,3.13016528926,3.27272727273,1.8,2.25,1.67874411933,0.512949592017,0.277777777778,1.12006493318,0.684484125834,0.343434343434,1.68954001271,1.03249667443,0.525252525253,1.08130674069,0.345447169964,3.63636363636,3.13016528926,1.08130674069,3.63636363636,0.437037037037,0.3125,5,0.030303030303,0.241111111111,11,11,11,1,0,0.0909090909091,0.636363636364,0.272727272727,-2,-0.0181818181818,0.0867768595041,-0.363636363636,-0.2,-0.25,-0.0107958933802,0.0483260885222,0.0323232323232,-0.0476834830596,0.0422224969006,0.00707070707071,-0.250469359339,-0.0345084801933,-0.0111111111111,0.024407966156,-0.00182982044736,0.0909090909091,0.0867768595041,0.024407966156,0.0909090909091,-0.0620105820106,-0.0875,-3,-0.0181818181818,-0.0144444444444,0,0,0,18,0,2,90,0.9,1,0,0.1,1,0.9,0.947368421053,0.938314863257,0.9,0.9,0,2,0,0,0,0
3964,WLNM_dir_neg,1,0.5,00:00:00,10,90,41,1179281690,threshold_sweep,0.4,0,0,0,0,0,2,4,0,1,0,1,0,0,0,0.666666666667,0.666666666667,0,0,0,20,18,2,0,20,0,18,0,2,11,20,0.181818181818,3.04338842975,3.63636363636,2,2.5,1.68954001271,0.464623503495,0.245454545455,1.16774841624,0.642261628933,0.336363636364,1.94000937205,1.06700515463,0.536363636364,1.05689877454,0.347276990411,3.54545454545,3.04338842975,1.05689877454,3.54545454545,0.499047619048,0.4,8,0.0484848484848,0.255555555556,11,11,11,1,0,0.0909090909091,0.636363636364,0.272727272727,11,0.163636363636,3.13016528926,3.27272727273,1.8,2.25,1.67874411933,0.512949592017,0.277777777778,1.12006493318,0.684484125834,0.343434343434,1.68954001271,1.03249667443,0.525252525253,1.08130674069,0.345447169964,3.63636363636,3.13016528926,1.08130674069,3.63636363636,0.437037037037,0.3125,5,0.030303030303,0.241111111111,11,11,11,1,0,0.0909090909091,0.636363636364,0.272727272727,11,18,0.163636363636,3.13016528926,3.27272727273,1.8,2.25,1.67874411933,0.512949592017,0.277777777778,1.12006493318,0.684484125834,0.343434343434,1.68954001271,1.03249667443,0.525252525253,1.08130674069,0.345447169964,3.63636363636,3.13016528926,1.08130674069,3.63636363636,0.437037037037,0.3125,5,0.030303030303,0.241111111111,11,11,11,1,0,0.0909090909091,0.636363636364,0.272727272727,-2,-0.0181818181818,0.0867768595041,-0.363636363636,-0.2,-0.25,-0.0107958933802,0.0483260885222,0.0323232323232,-0.0476834830596,0.0422224969006,0.00707070707071,-0.250469359339,-0.0345084801933,-0.0111111111111,0.024407966156,-0.00182982044736,0.0909090909091,0.0867768595041,0.024407966156,0.0909090909091,-0.0620105820106,-0.0875,-3,-0.0181818181818,-0.0144444444444,0,0,0,18,0,2,90,0.9,1,0,0.1,1,0.9,0.947368421053,0.938314863257,0.9,0.9,0,2,0,0,0,0
3965,WLNM_dir_neg,1,0.5,00:00:00,10,90,41,1179281690,threshold_sweep,0.5,0,0,0,0,0,2,4,0,1,0,1,0,0,0,0.666666666667,0.666666666667,0,0,0,20,18,2,0,20,0,18,0,2,11,20,0.181818181818,3.04338842975,3.63636363636,2,2.5,1.68954001271,0.464623503495,0.245454545455,1.16774841624,0.642261628933,0.336363636364,1.94000937205,1.06700515463,0.536363636364,1.05689877454,0.347276990411,3.54545454545,3.04338842975,1.05689877454,3.54545454545,0.499047619048,0.4,8,0.0484848484848,0.255555555556,11,11,11,1,0,0.0909090909091,0.636363636364,0.272727272727,11,0.163636363636,3.13016528926,3.27272727273,1.8,2.25,1.67874411933,0.512949592017,0.277777777778,1.12006493318,0.684484125834,0.343434343434,1.68954001271,1.03249667443,0.525252525253,1.08130674069,0.345447169964,3.63636363636,3.13016528926,1.08130674069,3.63636363636,0.437037037037,0.3125,5,0.030303030303,0.241111111111,11,11,11,1,0,0.0909090909091,0.636363636364,0.272727272727,11,18,0.163636363636,3.13016528926,3.27272727273,1.8,2.25,1.67874411933,0.512949592017,0.277777777778,1.12006493318,0.684484125834,0.343434343434,1.68954001271,1.03249667443,0.525252525253,1.08130674069,0.345447169964,3.63636363636,3.13016528926,1.08130674069,3.63636363636,0.437037037037,0.3125,5,0.030303030303,0.241111111111,11,11,11,1,0,0.0909090909091,0.636363636364,0.272727272727,-2,-0.0181818181818,0.0867768595041,-0.363636363636,-0.2,-0.25,-0.0107958933802,0.0483260885222,0.0323232323232,-0.0476834830596,0.0422224969006,0.00707070707071,-0.250469359339,-0.0345084801933,-0.0111111111111,0.024407966156,-0.00182982044736,0.0909090909091,0.0867768595041,0.024407966156,0.0909090909091,-0.0620105820106,-0.0875,-3,-0.0181818181818,-0.0144444444444,0,0,0,18,0,2,90,0.9,1,0,0.1,1,0.9,0.947368421053,0.938314863257,0.9,0.9,0,2,0,0,0,0
3966,WLNM_dir_neg,1,0.5,00:00:00,10,90,41,1179281690,threshold_sweep,0.6,0,0,0,0,0,2,4,0,1,0,1,0,0,0,0.666666666667,0.666666666667,0,0,0,20,18,2,0,20,0,18,0,2,11,20,0.181818181818,3.04338842975,3.63636363636,2,2.5,1.68954001271,0.464623503495,0.245454545455,1.16774841624,0.642261628933,0.336363636364,1.94000937205,1.06700515463,0.536363636364,1.05689877454,0.347276990411,3.54545454545,3.04338842975,1.05689877454,3.54545454545,0.499047619048,0.4,8,0.0484848484848,0.255555555556,11,11,11,1,0,0.0909090909091,0.636363636364,0.272727272727,11,0.163636363636,3.13016528926,3.27272727273,1.8,2.25,1.67874411933,0.512949592017,0.277777777778,1.12006493318,0.684484125834,0.343434343434,1.68954001271,1.03249667443,0.525252525253,1.08130674069,0.345447169964,3.63636363636,3.13016528926,1.08130674069,3.63636363636,0.437037037037,0.3125,5,0.030303030303,0.241111111111,11,11,11,1,0,0.0909090909091,0.636363636364,0.272727272727,11,18,0.163636363636,3.13016528926,3.27272727273,1.8,2.25,1.67874411933,0.512949592017,0.277777777778,1.12006493318,0.684484125834,0.343434343434,1.68954001271,1.03249667443,0.525252525253,1.08130674069,0.345447169964,3.63636363636,3.13016528926,1.08130674069,3.63636363636,0.437037037037,0.3125,5,0.030303030303,0.241111111111,11,11,11,1,0,0.0909090909091,0.636363636364,0.272727272727,-2,-0.0181818181818,0.0867768595041,-0.363636363636,-0.2,-0.25,-0.0107958933802,0.0483260885222,0.0323232323232,-0.0476834830596,0.0422224969006,0.00707070707071,-0.250469359339,-0.0345084801933,-0.0111111111111,0.024407966156,-0.00182982044736,0.0909090909091,0.0867768595041,0.024407966156,0.0909090909091,-0.0620105820106,-0.0875,-3,-0.0181818181818,-0.0144444444444,0,0,0,18,0,2,90,0.9,1,0,0.1,1,0.9,0.947368421053,0.938314863257,0.9,0.9,0,2,0,0,0,0
3967,WLNM_dir_neg,1,0.5,00:00:00,10,90,41,1179281690,threshold_sweep,0.7,0,0,0,0,0,2,4,0,1,0,1,0,0,0,0.666666666667,0.666666666667,0,0,0,20,18,2,0,20,0,18,0,2,11,20,0.181818181818,3.04338842975,3.63636363636,2,2.5,1.68954001271,0.464623503495,0.245454545455,1.16774841624,0.642261628933,0.336363636364,1.94000937205,1.06700515463,0.536363636364,1.05689877454,0.347276990411,3.54545454545,3.04338842975,1.05689877454,3.54545454545,0.499047619048,0.4,8,0.0484848484848,0.255555555556,11,11,11,1,0,0.0909090909091,0.636363636364,0.272727272727,11,0.163636363636,3.13016528926,3.27272727273,1.8,2.25,1.67874411933,0.512949592017,0.277777777778,1.12006493318,0.684484125834,0.343434343434,1.68954001271,1.03249667443,0.525252525253,1.08130674069,0.345447169964,3.63636363636,3.13016528926,1.08130674069,3.63636363636,0.437037037037,0.3125,5,0.030303030303,0.241111111111,11,11,11,1,0,0.0909090909091,0.636363636364,0.272727272727,11,18,0.163636363636,3.13016528926,3.27272727273,1.8,2.25,1.67874411933,0.512949592017,0.277777777778,1.12006493318,0.684484125834,0.343434343434,1.68954001271,1.03249667443,0.525252525253,1.08130674069,0.345447169964,3.63636363636,3.13016528926,1.08130674069,3.63636363636,0.437037037037,0.3125,5,0.030303030303,0.241111111111,11,11,11,1,0,0.0909090909091,0.636363636364,0.272727272727,-2,-0.0181818181818,0.0867768595041,-0.363636363636,-0.2,-0.25,-0.0107958933802,0.0483260885222,0.0323232323232,-0.0476834830596,0.0422224969006,0.00707070707071,-0.250469359339,-0.0345084801933,-0.0111111111111,0.024407966156,-0.00182982044736,0.0909090909091,0.0867768595041,0.024407966156,0.0909090909091,-0.0620105820106,-0.0875,-3,-0.0181818181818,-0.0144444444444,0,0,0,18,0,2,90,0.9,1,0,0.1,1,0.9,0.947368421053,0.938314863257,0.9,0.9,0,2,0,0,0,0
3968,WLNM_dir_neg,1,0.5,00:00:00,10,90,41,1179281690,threshold_sweep,0.8,0,0,0,0,0,2,4,0,1,0,1,0,0,0,0.666666666667,0.666666666667,0,0,0,20,18,2,0,20,0,18,0,2,11,20,0.181818181818,3.04338842975,3.63636363636,2,2.5,1.68954001271,0.464623503495,0.245454545455,1.16774841624,0.642261628933,0.336363636364,1.94000937205,1.06700515463,0.536363636364,1.05689877454,0.347276990411,3.54545454545,3.04338842975,1.05689877454,3.54545454545,0.499047619048,0.4,8,0.0484848484848,0.255555555556,11,11,11,1,0,0.0909090909091,0.636363636364,0.272727272727,11,0.163636363636,3.13016528926,3.27272727273,1.8,2.25,1.67874411933,0.512949592017,0.277777777778,1.12006493318,0.684484125834,0.343434343434,1.68954001271,1.03249667443,0.525252525253,1.08130674069,0.345447169964,3.63636363636,3.13016528926,1.08130674069,3.63636363636,0.437037037037,0.3125,5,0.030303030303,0.241111111111,11,11,11,1,0,0.0909090909091,0.636363636364,0.272727272727,11,18,0.163636363636,3.13016528926,3.27272727273,1.8,2.25,1.67874411933,0.512949592017,0.277777777778,1.12006493318,0.684484125834,0.343434343434,1.68954001271,1.03249667443,0.525252525253,1.08130674069,0.345447169964,3.63636363636,3.13016528926,1.08130674069,3.63636363636,0.437037037037,0.3125,5,0.030303030303,0.241111111111,11,11,11,1,0,0.0909090909091,0.636363636364,0.272727272727,-2,-0.0181818181818,0.0867768595041,-0.363636363636,-0.2,-0.25,-0.0107958933802,0.0483260885222,0.0323232323232,-0.0476834830596,0.0422224969006,0.00707070707071,-0.250469359339,-0.0345084801933,-0.0111111111111,0.024407966156,-0.00182982044736,0.0909090909091,0.0867768595041,0.024407966156,0.0909090909091,-0.0620105820106,-0.0875,-3,-0.0181818181818,-0.0144444444444,0,0,0,18,0,2,90,0.9,1,0,0.1,1,0.9,0.947368421053,0.938314863257,0.9,0.9,0,2,0,0,0,0
3969,WLNM_dir_neg,1,0.5,00:00:00,10,90,41,1179281690,threshold_sweep,0.9,0,0,0,0,0,2,4,0,1,0,1,0,0,0,0.666666666667,0.666666666667,0,0,0,20,18,2,0,20,0,18,0,2,11,20,0.181818181818,3.04338842975,3.63636363636,2,2.5,1.68954001271,0.464623503495,0.245454545455,1.16774841624,0.642261628933,0.336363636364,1.94000937205,1.06700515463,0.536363636364,1.05689877454,0.347276990411,3.54545454545,3.04338842975,1.05689877454,3.54545454545,0.499047619048,0.4,8,0.0484848484848,0.255555555556,11,11,11,1,0,0.0909090909091,0.636363636364,0.272727272727,11,0.163636363636,3.13016528926,3.27272727273,1.8,2.25,1.67874411933,0.512949592017,0.277777777778,1.12006493318,0.684484125834,0.343434343434,1.68954001271,1.03249667443,0.525252525253,1.08130674069,0.345447169964,3.63636363636,3.13016528926,1.08130674069,3.63636363636,0.437037037037,0.3125,5,0.030303030303,0.241111111111,11,11,11,1,0,0.0909090909091,0.636363636364,0.272727272727,11,18,0.163636363636,3.13016528926,3.27272727273,1.8,2.25,1.67874411933,0.512949592017,0.277777777778,1.12006493318,0.684484125834,0.343434343434,1.68954001271,1.03249667443,0.525252525253,1.08130674069,0.345447169964,3.63636363636,3.13016528926,1.08130674069,3.63636363636,0.437037037037,0.3125,5,0.030303030303,0.241111111111,11,11,11,1,0,0.0909090909091,0.636363636364,0.272727272727,-2,-0.0181818181818,0.0867768595041,-0.363636363636,-0.2,-0.25,-0.0107958933802,0.0483260885222,0.0323232323232,-0.0476834830596,0.0422224969006,0.00707070707071,-0.250469359339,-0.0345084801933,-0.0111111111111,0.024407966156,-0.00182982044736,0.0909090909091,0.0867768595041,0.024407966156,0.0909090909091,-0.0620105820106,-0.0875,-3,-0.0181818181818,-0.0144444444444,0,0,0,18,0,2,90,0.9,1,0,0.1,1,0.9,0.947368421053,0.938314863257,0.9,0.9,0,2,0,0,0,0
3970,WLNM_dir_neg,1,0.5,00:00:00,10,90,42,1179281691,threshold_sweep,0.1,1,1,1,2,0,0,4,1,1,0,0,1,1,1,1,0.555555555556,1,1,1,20,18,2,0,20,0,18,0,2,11,20,0.181818181818,3.04338842975,3.63636363636,2,2.5,1.68954001271,0.464623503495,0.245454545455,1.16774841624,0.642261628933,0.336363636364,1.94000937205,1.06700515463,0.536363636364,1.05689877454,0.347276990411,3.54545454545,3.04338842975,1.05689877454,3.54545454545,0.499047619048,0.4,8,0.0484848484848,0.255555555556,11,11,11,1,0,0.0909090909091,0.636363636364,0.272727272727,11,0.163636363636,3.19949494949,3.27272727273,1.8,2.25,1.67874411933,0.512949592017,0.262626262626,1.12006493318,0.684484125834,0.343434343434,1.80403587951,1.10246637081,0.535353535354,1.34099754316,0.419127882473,4.88888888889,3.19949494949,1.34099754316,4.88888888889,0.465608465608,0.36,6,0.0363636363636,0.23,11,11,11,1,0,0.0909090909091,0.636363636364,0.272727272727,11,20,0.181818181818,3.04338842975,3.63636363636,2,2.5,1.68954001271,0.464623503495,0.245454545455,1.16774841624,0.642261628933,0.336363636364,1.94000937205,1.06700515463,0.536363636364,1.05689877454,0.347276990411,3.54545454545,3.04338842975,1.05689877454,3.54545454545,0.499047619048,0.4,8,0.0484848484848,0.255555555556,11,11,11,1,0,0.0909090909091,0.636363636364,0.272727272727,0,0,0,0,0,0,0,0,0,0,0,0,0,0,0,0,0,0,0,0,0,0,0,0,0,0,0,0,0,20,0,0,90,1,1,0,0,1,1,1,1,1,1,2,2,0,0,0,0
3971,WLNM_dir_neg,1,0.5,00:00:00,10,90,42,1179281691,threshold_sweep,0.2,1,1,1,2,0,0,4,1,1,0,0,1,1,1,1,0.555555555556,1,1,1,20,18,2,0,20,0,18,0,2,11,20,0.181818181818,3.04338842975,3.63636363636,2,2.5,1.68954001271,0.464623503495,0.245454545455,1.16774841624,0.642261628933,0.336363636364,1.94000937205,1.06700515463,0.536363636364,1.05689877454,0.347276990411,3.54545454545,3.04338842975,1.05689877454,3.54545454545,0.499047619048,0.4,8,0.0484848484848,0.255555555556,11,11,11,1,0,0.0909090909091,0.636363636364,0.272727272727,11,0.163636363636,3.19949494949,3.27272727273,1.8,2.25,1.67874411933,0.512949592017,0.262626262626,1.12006493318,0.684484125834,0.343434343434,1.80403587951,1.10246637081,0.535353535354,1.34099754316,0.419127882473,4.88888888889,3.19949494949,1.34099754316,4.88888888889,0.465608465608,0.36,6,0.0363636363636,0.23,11,11,11,1,0,0.0909090909091,0.636363636364,0.272727272727,11,20,0.181818181818,3.04338842975,3.63636363636,2,2.5,1.68954001271,0.464623503495,0.245454545455,1.16774841624,0.642261628933,0.336363636364,1.94000937205,1.06700515463,0.536363636364,1.05689877454,0.347276990411,3.54545454545,3.04338842975,1.05689877454,3.54545454545,0.499047619048,0.4,8,0.0484848484848,0.255555555556,11,11,11,1,0,0.0909090909091,0.636363636364,0.272727272727,0,0,0,0,0,0,0,0,0,0,0,0,0,0,0,0,0,0,0,0,0,0,0,0,0,0,0,0,0,20,0,0,90,1,1,0,0,1,1,1,1,1,1,2,2,0,0,0,0
3972,WLNM_dir_neg,1,0.5,00:00:00,10,90,42,1179281691,threshold_sweep,0.3,1,1,1,2,0,0,4,1,1,0,0,1,1,1,1,0.555555555556,1,1,1,20,18,2,0,20,0,18,0,2,11,20,0.181818181818,3.04338842975,3.63636363636,2,2.5,1.68954001271,0.464623503495,0.245454545455,1.16774841624,0.642261628933,0.336363636364,1.94000937205,1.06700515463,0.536363636364,1.05689877454,0.347276990411,3.54545454545,3.04338842975,1.05689877454,3.54545454545,0.499047619048,0.4,8,0.0484848484848,0.255555555556,11,11,11,1,0,0.0909090909091,0.636363636364,0.272727272727,11,0.163636363636,3.19949494949,3.27272727273,1.8,2.25,1.67874411933,0.512949592017,0.262626262626,1.12006493318,0.684484125834,0.343434343434,1.80403587951,1.10246637081,0.535353535354,1.34099754316,0.419127882473,4.88888888889,3.19949494949,1.34099754316,4.88888888889,0.465608465608,0.36,6,0.0363636363636,0.23,11,11,11,1,0,0.0909090909091,0.636363636364,0.272727272727,11,20,0.181818181818,3.04338842975,3.63636363636,2,2.5,1.68954001271,0.464623503495,0.245454545455,1.16774841624,0.642261628933,0.336363636364,1.94000937205,1.06700515463,0.536363636364,1.05689877454,0.347276990411,3.54545454545,3.04338842975,1.05689877454,3.54545454545,0.499047619048,0.4,8,0.0484848484848,0.255555555556,11,11,11,1,0,0.0909090909091,0.636363636364,0.272727272727,0,0,0,0,0,0,0,0,0,0,0,0,0,0,0,0,0,0,0,0,0,0,0,0,0,0,0,0,0,20,0,0,90,1,1,0,0,1,1,1,1,1,1,2,2,0,0,0,0
3973,WLNM_dir_neg,1,0.5,00:00:00,10,90,42,1179281691,threshold_sweep,0.4,1,1,1,2,0,0,4,1,1,0,0,1,1,1,1,0.555555555556,1,1,1,20,18,2,0,20,0,18,0,2,11,20,0.181818181818,3.04338842975,3.63636363636,2,2.5,1.68954001271,0.464623503495,0.245454545455,1.16774841624,0.642261628933,0.336363636364,1.94000937205,1.06700515463,0.536363636364,1.05689877454,0.347276990411,3.54545454545,3.04338842975,1.05689877454,3.54545454545,0.499047619048,0.4,8,0.0484848484848,0.255555555556,11,11,11,1,0,0.0909090909091,0.636363636364,0.272727272727,11,0.163636363636,3.19949494949,3.27272727273,1.8,2.25,1.67874411933,0.512949592017,0.262626262626,1.12006493318,0.684484125834,0.343434343434,1.80403587951,1.10246637081,0.535353535354,1.34099754316,0.419127882473,4.88888888889,3.19949494949,1.34099754316,4.88888888889,0.465608465608,0.36,6,0.0363636363636,0.23,11,11,11,1,0,0.0909090909091,0.636363636364,0.272727272727,11,20,0.181818181818,3.04338842975,3.63636363636,2,2.5,1.68954001271,0.464623503495,0.245454545455,1.16774841624,0.642261628933,0.336363636364,1.94000937205,1.06700515463,0.536363636364,1.05689877454,0.347276990411,3.54545454545,3.04338842975,1.05689877454,3.54545454545,0.499047619048,0.4,8,0.0484848484848,0.255555555556,11,11,11,1,0,0.0909090909091,0.636363636364,0.272727272727,0,0,0,0,0,0,0,0,0,0,0,0,0,0,0,0,0,0,0,0,0,0,0,0,0,0,0,0,0,20,0,0,90,1,1,0,0,1,1,1,1,1,1,2,2,0,0,0,0
3974,WLNM_dir_neg,1,0.5,00:00:00,10,90,42,1179281691,threshold_sweep,0.5,1,1,1,2,0,0,4,1,1,0,0,1,1,1,1,0.555555555556,1,1,1,20,18,2,0,20,0,18,0,2,11,20,0.181818181818,3.04338842975,3.63636363636,2,2.5,1.68954001271,0.464623503495,0.245454545455,1.16774841624,0.642261628933,0.336363636364,1.94000937205,1.06700515463,0.536363636364,1.05689877454,0.347276990411,3.54545454545,3.04338842975,1.05689877454,3.54545454545,0.499047619048,0.4,8,0.0484848484848,0.255555555556,11,11,11,1,0,0.0909090909091,0.636363636364,0.272727272727,11,0.163636363636,3.19949494949,3.27272727273,1.8,2.25,1.67874411933,0.512949592017,0.262626262626,1.12006493318,0.684484125834,0.343434343434,1.80403587951,1.10246637081,0.535353535354,1.34099754316,0.419127882473,4.88888888889,3.19949494949,1.34099754316,4.88888888889,0.465608465608,0.36,6,0.0363636363636,0.23,11,11,11,1,0,0.0909090909091,0.636363636364,0.272727272727,11,20,0.181818181818,3.04338842975,3.63636363636,2,2.5,1.68954001271,0.464623503495,0.245454545455,1.16774841624,0.642261628933,0.336363636364,1.94000937205,1.06700515463,0.536363636364,1.05689877454,0.347276990411,3.54545454545,3.04338842975,1.05689877454,3.54545454545,0.499047619048,0.4,8,0.0484848484848,0.255555555556,11,11,11,1,0,0.0909090909091,0.636363636364,0.272727272727,0,0,0,0,0,0,0,0,0,0,0,0,0,0,0,0,0,0,0,0,0,0,0,0,0,0,0,0,0,20,0,0,90,1,1,0,0,1,1,1,1,1,1,2,2,0,0,0,0
3975,WLNM_dir_neg,1,0.5,00:00:00,10,90,42,1179281691,threshold_sweep,0.6,1,1,1,2,0,0,4,1,1,0,0,1,1,1,1,0.555555555556,1,1,1,20,18,2,0,20,0,18,0,2,11,20,0.181818181818,3.04338842975,3.63636363636,2,2.5,1.68954001271,0.464623503495,0.245454545455,1.16774841624,0.642261628933,0.336363636364,1.94000937205,1.06700515463,0.536363636364,1.05689877454,0.347276990411,3.54545454545,3.04338842975,1.05689877454,3.54545454545,0.499047619048,0.4,8,0.0484848484848,0.255555555556,11,11,11,1,0,0.0909090909091,0.636363636364,0.272727272727,11,0.163636363636,3.19949494949,3.27272727273,1.8,2.25,1.67874411933,0.512949592017,0.262626262626,1.12006493318,0.684484125834,0.343434343434,1.80403587951,1.10246637081,0.535353535354,1.34099754316,0.419127882473,4.88888888889,3.19949494949,1.34099754316,4.88888888889,0.465608465608,0.36,6,0.0363636363636,0.23,11,11,11,1,0,0.0909090909091,0.636363636364,0.272727272727,11,20,0.181818181818,3.04338842975,3.63636363636,2,2.5,1.68954001271,0.464623503495,0.245454545455,1.16774841624,0.642261628933,0.336363636364,1.94000937205,1.06700515463,0.536363636364,1.05689877454,0.347276990411,3.54545454545,3.04338842975,1.05689877454,3.54545454545,0.499047619048,0.4,8,0.0484848484848,0.255555555556,11,11,11,1,0,0.0909090909091,0.636363636364,0.272727272727,0,0,0,0,0,0,0,0,0,0,0,0,0,0,0,0,0,0,0,0,0,0,0,0,0,0,0,0,0,20,0,0,90,1,1,0,0,1,1,1,1,1,1,2,2,0,0,0,0
3976,WLNM_dir_neg,1,0.5,00:00:00,10,90,42,1179281691,threshold_sweep,0.7,1,1,1,2,0,0,4,1,1,0,0,1,1,1,1,0.555555555556,1,1,1,20,18,2,0,20,0,18,0,2,11,20,0.181818181818,3.04338842975,3.63636363636,2,2.5,1.68954001271,0.464623503495,0.245454545455,1.16774841624,0.642261628933,0.336363636364,1.94000937205,1.06700515463,0.536363636364,1.05689877454,0.347276990411,3.54545454545,3.04338842975,1.05689877454,3.54545454545,0.499047619048,0.4,8,0.0484848484848,0.255555555556,11,11,11,1,0,0.0909090909091,0.636363636364,0.272727272727,11,0.163636363636,3.19949494949,3.27272727273,1.8,2.25,1.67874411933,0.512949592017,0.262626262626,1.12006493318,0.684484125834,0.343434343434,1.80403587951,1.10246637081,0.535353535354,1.34099754316,0.419127882473,4.88888888889,3.19949494949,1.34099754316,4.88888888889,0.465608465608,0.36,6,0.0363636363636,0.23,11,11,11,1,0,0.0909090909091,0.636363636364,0.272727272727,11,20,0.181818181818,3.04338842975,3.63636363636,2,2.5,1.68954001271,0.464623503495,0.245454545455,1.16774841624,0.642261628933,0.336363636364,1.94000937205,1.06700515463,0.536363636364,1.05689877454,0.347276990411,3.54545454545,3.04338842975,1.05689877454,3.54545454545,0.499047619048,0.4,8,0.0484848484848,0.255555555556,11,11,11,1,0,0.0909090909091,0.636363636364,0.272727272727,0,0,0,0,0,0,0,0,0,0,0,0,0,0,0,0,0,0,0,0,0,0,0,0,0,0,0,0,0,20,0,0,90,1,1,0,0,1,1,1,1,1,1,2,2,0,0,0,0
3977,WLNM_dir_neg,1,0.5,00:00:00,10,90,42,1179281691,threshold_sweep,0.8,1,1,1,2,0,0,4,1,1,0,0,1,1,1,1,0.555555555556,1,1,1,20,18,2,0,20,0,18,0,2,11,20,0.181818181818,3.04338842975,3.63636363636,2,2.5,1.68954001271,0.464623503495,0.245454545455,1.16774841624,0.642261628933,0.336363636364,1.94000937205,1.06700515463,0.536363636364,1.05689877454,0.347276990411,3.54545454545,3.04338842975,1.05689877454,3.54545454545,0.499047619048,0.4,8,0.0484848484848,0.255555555556,11,11,11,1,0,0.0909090909091,0.636363636364,0.272727272727,11,0.163636363636,3.19949494949,3.27272727273,1.8,2.25,1.67874411933,0.512949592017,0.262626262626,1.12006493318,0.684484125834,0.343434343434,1.80403587951,1.10246637081,0.535353535354,1.34099754316,0.419127882473,4.88888888889,3.19949494949,1.34099754316,4.88888888889,0.465608465608,0.36,6,0.0363636363636,0.23,11,11,11,1,0,0.0909090909091,0.636363636364,0.272727272727,11,20,0.181818181818,3.04338842975,3.63636363636,2,2.5,1.68954001271,0.464623503495,0.245454545455,1.16774841624,0.642261628933,0.336363636364,1.94000937205,1.06700515463,0.536363636364,1.05689877454,0.347276990411,3.54545454545,3.04338842975,1.05689877454,3.54545454545,0.499047619048,0.4,8,0.0484848484848,0.255555555556,11,11,11,1,0,0.0909090909091,0.636363636364,0.272727272727,0,0,0,0,0,0,0,0,0,0,0,0,0,0,0,0,0,0,0,0,0,0,0,0,0,0,0,0,0,20,0,0,90,1,1,0,0,1,1,1,1,1,1,2,2,0,0,0,0
3978,WLNM_dir_neg,1,0.5,00:00:00,10,90,42,1179281691,threshold_sweep,0.9,1,1,1,2,0,0,4,1,1,0,0,1,1,1,1,0.555555555556,1,1,1,20,18,2,0,20,0,18,0,2,11,20,0.181818181818,3.04338842975,3.63636363636,2,2.5,1.68954001271,0.464623503495,0.245454545455,1.16774841624,0.642261628933,0.336363636364,1.94000937205,1.06700515463,0.536363636364,1.05689877454,0.347276990411,3.54545454545,3.04338842975,1.05689877454,3.54545454545,0.499047619048,0.4,8,0.0484848484848,0.255555555556,11,11,11,1,0,0.0909090909091,0.636363636364,0.272727272727,11,0.163636363636,3.19949494949,3.27272727273,1.8,2.25,1.67874411933,0.512949592017,0.262626262626,1.12006493318,0.684484125834,0.343434343434,1.80403587951,1.10246637081,0.535353535354,1.34099754316,0.419127882473,4.88888888889,3.19949494949,1.34099754316,4.88888888889,0.465608465608,0.36,6,0.0363636363636,0.23,11,11,11,1,0,0.0909090909091,0.636363636364,0.272727272727,11,20,0.181818181818,3.04338842975,3.63636363636,2,2.5,1.68954001271,0.464623503495,0.245454545455,1.16774841624,0.642261628933,0.336363636364,1.94000937205,1.06700515463,0.536363636364,1.05689877454,0.347276990411,3.54545454545,3.04338842975,1.05689877454,3.54545454545,0.499047619048,0.4,8,0.0484848484848,0.255555555556,11,11,11,1,0,0.0909090909091,0.636363636364,0.272727272727,0,0,0,0,0,0,0,0,0,0,0,0,0,0,0,0,0,0,0,0,0,0,0,0,0,0,0,0,0,20,0,0,90,1,1,0,0,1,1,1,1,1,1,2,2,0,0,0,0
3979,WLNM_dir_neg,1,0.5,00:00:00,10,90,43,1179281692,threshold_sweep,0.1,1,0.5,0.666666666667,1,0,1,4,0.5,1,0,0.5,1,0.5,0.666666666667,0.833333333333,0.611111111111,0.571428571429,0.632455532034,0.5,20,18,2,0,20,0,18,0,2,11,20,0.181818181818,3.04338842975,3.63636363636,2,2.5,1.68954001271,0.464623503495,0.245454545455,1.16774841624,0.642261628933,0.336363636364,1.94000937205,1.06700515463,0.536363636364,1.05689877454,0.347276990411,3.54545454545,3.04338842975,1.05689877454,3.54545454545,0.499047619048,0.4,8,0.0484848484848,0.255555555556,11,11,11,1,0,0.0909090909091,0.636363636364,0.272727272727,11,0.163636363636,3.11363636364,3.27272727273,1.8,2.25,1.7939291564,0.548145020011,0.287878787879,1.0269106361,0.627556499842,0.323232323232,1.85864075457,1.13583601668,0.545454545455,1.08094141536,0.347163666246,3.75,3.11363636364,1.08094141536,3.75,0.401058201058,0.294117647059,5,0.030303030303,0.260740740741,11,11,11,1,0,0.0909090909091,0.636363636364,0.272727272727,11,19,0.172727272727,3.08884297521,3.45454545455,1.9,2.375,1.86352549559,0.53944159083,0.287081339713,1.19087439228,0.689453595529,0.354066985646,1.90215189146,1.1012458319,0.545454545455,1.04183657517,0.337290235708,3.54545454545,3.08884297521,1.04183657517,3.54545454545,0.475132275132,0.368421052632,7,0.0424242424242,0.268518518519,11,11,11,1,0,0.0909090909091,0.636363636364,0.272727272727,-1,-0.00909090909091,0.0454545454545,-0.181818181818,-0.1,-0.125,0.173985482884,0.0748180873347,0.0416267942584,0.023125976035,0.0471919665957,0.0177033492823,-0.0378574805894,0.0342406772707,0.00909090909091,-0.0150621993632,-0.0099867547029,0,0.0454545454545,-0.0150621993632,0,-0.0239153439153,-0.0315789473684,-1,-0.00606060606061,0.012962962963,0,0,0,19,0,1,90,0.95,1,0,0.05,1,0.95,0.974358974359,0.969309258988,0.95,0.95,1,2,0,0,0,0
3980,WLNM_dir_neg,1,0.5,00:00:00,10,90,43,1179281692,threshold_sweep,0.2,1,0.5,0.666666666667,1,0,1,4,0.5,1,0,0.5,1,0.5,0.666666666667,0.833333333333,0.611111111111,0.571428571429,0.632455532034,0.5,20,18,2,0,20,0,18,0,2,11,20,0.181818181818,3.04338842975,3.63636363636,2,2.5,1.68954001271,0.464623503495,0.245454545455,1.16774841624,0.642261628933,0.336363636364,1.94000937205,1.06700515463,0.536363636364,1.05689877454,0.347276990411,3.54545454545,3.04338842975,1.05689877454,3.54545454545,0.499047619048,0.4,8,0.0484848484848,0.255555555556,11,11,11,1,0,0.0909090909091,0.636363636364,0.272727272727,11,0.163636363636,3.11363636364,3.27272727273,1.8,2.25,1.7939291564,0.548145020011,0.287878787879,1.0269106361,0.627556499842,0.323232323232,1.85864075457,1.13583601668,0.545454545455,1.08094141536,0.347163666246,3.75,3.11363636364,1.08094141536,3.75,0.401058201058,0.294117647059,5,0.030303030303,0.260740740741,11,11,11,1,0,0.0909090909091,0.636363636364,0.272727272727,11,19,0.172727272727,3.08884297521,3.45454545455,1.9,2.375,1.86352549559,0.53944159083,0.287081339713,1.19087439228,0.689453595529,0.354066985646,1.90215189146,1.1012458319,0.545454545455,1.04183657517,0.337290235708,3.54545454545,3.08884297521,1.04183657517,3.54545454545,0.475132275132,0.368421052632,7,0.0424242424242,0.268518518519,11,11,11,1,0,0.0909090909091,0.636363636364,0.272727272727,-1,-0.00909090909091,0.0454545454545,-0.181818181818,-0.1,-0.125,0.173985482884,0.0748180873347,0.0416267942584,0.023125976035,0.0471919665957,0.0177033492823,-0.0378574805894,0.0342406772707,0.00909090909091,-0.0150621993632,-0.0099867547029,0,0.0454545454545,-0.0150621993632,0,-0.0239153439153,-0.0315789473684,-1,-0.00606060606061,0.012962962963,0,0,0,19,0,1,90,0.95,1,0,0.05,1,0.95,0.974358974359,0.969309258988,0.95,0.95,1,2,0,0,0,0
3981,WLNM_dir_neg,1,0.5,00:00:00,10,90,43,1179281692,threshold_sweep,0.3,1,0.5,0.666666666667,1,0,1,4,0.5,1,0,0.5,1,0.5,0.666666666667,0.833333333333,0.611111111111,0.571428571429,0.632455532034,0.5,20,18,2,0,20,0,18,0,2,11,20,0.181818181818,3.04338842975,3.63636363636,2,2.5,1.68954001271,0.464623503495,0.245454545455,1.16774841624,0.642261628933,0.336363636364,1.94000937205,1.06700515463,0.536363636364,1.05689877454,0.347276990411,3.54545454545,3.04338842975,1.05689877454,3.54545454545,0.499047619048,0.4,8,0.0484848484848,0.255555555556,11,11,11,1,0,0.0909090909091,0.636363636364,0.272727272727,11,0.163636363636,3.11363636364,3.27272727273,1.8,2.25,1.7939291564,0.548145020011,0.287878787879,1.0269106361,0.627556499842,0.323232323232,1.85864075457,1.13583601668,0.545454545455,1.08094141536,0.347163666246,3.75,3.11363636364,1.08094141536,3.75,0.401058201058,0.294117647059,5,0.030303030303,0.260740740741,11,11,11,1,0,0.0909090909091,0.636363636364,0.272727272727,11,19,0.172727272727,3.08884297521,3.45454545455,1.9,2.375,1.86352549559,0.53944159083,0.287081339713,1.19087439228,0.689453595529,0.354066985646,1.90215189146,1.1012458319,0.545454545455,1.04183657517,0.337290235708,3.54545454545,3.08884297521,1.04183657517,3.54545454545,0.475132275132,0.368421052632,7,0.0424242424242,0.268518518519,11,11,11,1,0,0.0909090909091,0.636363636364,0.272727272727,-1,-0.00909090909091,0.0454545454545,-0.181818181818,-0.1,-0.125,0.173985482884,0.0748180873347,0.0416267942584,0.023125976035,0.0471919665957,0.0177033492823,-0.0378574805894,0.0342406772707,0.00909090909091,-0.0150621993632,-0.0099867547029,0,0.0454545454545,-0.0150621993632,0,-0.0239153439153,-0.0315789473684,-1,-0.00606060606061,0.012962962963,0,0,0,19,0,1,90,0.95,1,0,0.05,1,0.95,0.974358974359,0.969309258988,0.95,0.95,1,2,0,0,0,0
3982,WLNM_dir_neg,1,0.5,00:00:00,10,90,43,1179281692,threshold_sweep,0.4,1,0.5,0.666666666667,1,0,1,4,0.5,1,0,0.5,1,0.5,0.666666666667,0.833333333333,0.611111111111,0.571428571429,0.632455532034,0.5,20,18,2,0,20,0,18,0,2,11,20,0.181818181818,3.04338842975,3.63636363636,2,2.5,1.68954001271,0.464623503495,0.245454545455,1.16774841624,0.642261628933,0.336363636364,1.94000937205,1.06700515463,0.536363636364,1.05689877454,0.347276990411,3.54545454545,3.04338842975,1.05689877454,3.54545454545,0.499047619048,0.4,8,0.0484848484848,0.255555555556,11,11,11,1,0,0.0909090909091,0.636363636364,0.272727272727,11,0.163636363636,3.11363636364,3.27272727273,1.8,2.25,1.7939291564,0.548145020011,0.287878787879,1.0269106361,0.627556499842,0.323232323232,1.85864075457,1.13583601668,0.545454545455,1.08094141536,0.347163666246,3.75,3.11363636364,1.08094141536,3.75,0.401058201058,0.294117647059,5,0.030303030303,0.260740740741,11,11,11,1,0,0.0909090909091,0.636363636364,0.272727272727,11,19,0.172727272727,3.08884297521,3.45454545455,1.9,2.375,1.86352549559,0.53944159083,0.287081339713,1.19087439228,0.689453595529,0.354066985646,1.90215189146,1.1012458319,0.545454545455,1.04183657517,0.337290235708,3.54545454545,3.08884297521,1.04183657517,3.54545454545,0.475132275132,0.368421052632,7,0.0424242424242,0.268518518519,11,11,11,1,0,0.0909090909091,0.636363636364,0.272727272727,-1,-0.00909090909091,0.0454545454545,-0.181818181818,-0.1,-0.125,0.173985482884,0.0748180873347,0.0416267942584,0.023125976035,0.0471919665957,0.0177033492823,-0.0378574805894,0.0342406772707,0.00909090909091,-0.0150621993632,-0.0099867547029,0,0.0454545454545,-0.0150621993632,0,-0.0239153439153,-0.0315789473684,-1,-0.00606060606061,0.012962962963,0,0,0,19,0,1,90,0.95,1,0,0.05,1,0.95,0.974358974359,0.969309258988,0.95,0.95,1,2,0,0,0,0
3983,WLNM_dir_neg,1,0.5,00:00:00,10,90,43,1179281692,threshold_sweep,0.5,1,0.5,0.666666666667,1,0,1,4,0.5,1,0,0.5,1,0.5,0.666666666667,0.833333333333,0.611111111111,0.571428571429,0.632455532034,0.5,20,18,2,0,20,0,18,0,2,11,20,0.181818181818,3.04338842975,3.63636363636,2,2.5,1.68954001271,0.464623503495,0.245454545455,1.16774841624,0.642261628933,0.336363636364,1.94000937205,1.06700515463,0.536363636364,1.05689877454,0.347276990411,3.54545454545,3.04338842975,1.05689877454,3.54545454545,0.499047619048,0.4,8,0.0484848484848,0.255555555556,11,11,11,1,0,0.0909090909091,0.636363636364,0.272727272727,11,0.163636363636,3.11363636364,3.27272727273,1.8,2.25,1.7939291564,0.548145020011,0.287878787879,1.0269106361,0.627556499842,0.323232323232,1.85864075457,1.13583601668,0.545454545455,1.08094141536,0.347163666246,3.75,3.11363636364,1.08094141536,3.75,0.401058201058,0.294117647059,5,0.030303030303,0.260740740741,11,11,11,1,0,0.0909090909091,0.636363636364,0.272727272727,11,19,0.172727272727,3.08884297521,3.45454545455,1.9,2.375,1.86352549559,0.53944159083,0.287081339713,1.19087439228,0.689453595529,0.354066985646,1.90215189146,1.1012458319,0.545454545455,1.04183657517,0.337290235708,3.54545454545,3.08884297521,1.04183657517,3.54545454545,0.475132275132,0.368421052632,7,0.0424242424242,0.268518518519,11,11,11,1,0,0.0909090909091,0.636363636364,0.272727272727,-1,-0.00909090909091,0.0454545454545,-0.181818181818,-0.1,-0.125,0.173985482884,0.0748180873347,0.0416267942584,0.023125976035,0.0471919665957,0.0177033492823,-0.0378574805894,0.0342406772707,0.00909090909091,-0.0150621993632,-0.0099867547029,0,0.0454545454545,-0.0150621993632,0,-0.0239153439153,-0.0315789473684,-1,-0.00606060606061,0.012962962963,0,0,0,19,0,1,90,0.95,1,0,0.05,1,0.95,0.974358974359,0.969309258988,0.95,0.95,1,2,0,0,0,0
3984,WLNM_dir_neg,1,0.5,00:00:00,10,90,43,1179281692,threshold_sweep,0.6,1,0.5,0.666666666667,1,0,1,4,0.5,1,0,0.5,1,0.5,0.666666666667,0.833333333333,0.611111111111,0.571428571429,0.632455532034,0.5,20,18,2,0,20,0,18,0,2,11,20,0.181818181818,3.04338842975,3.63636363636,2,2.5,1.68954001271,0.464623503495,0.245454545455,1.16774841624,0.642261628933,0.336363636364,1.94000937205,1.06700515463,0.536363636364,1.05689877454,0.347276990411,3.54545454545,3.04338842975,1.05689877454,3.54545454545,0.499047619048,0.4,8,0.0484848484848,0.255555555556,11,11,11,1,0,0.0909090909091,0.636363636364,0.272727272727,11,0.163636363636,3.11363636364,3.27272727273,1.8,2.25,1.7939291564,0.548145020011,0.287878787879,1.0269106361,0.627556499842,0.323232323232,1.85864075457,1.13583601668,0.545454545455,1.08094141536,0.347163666246,3.75,3.11363636364,1.08094141536,3.75,0.401058201058,0.294117647059,5,0.030303030303,0.260740740741,11,11,11,1,0,0.0909090909091,0.636363636364,0.272727272727,11,19,0.172727272727,3.08884297521,3.45454545455,1.9,2.375,1.86352549559,0.53944159083,0.287081339713,1.19087439228,0.689453595529,0.354066985646,1.90215189146,1.1012458319,0.545454545455,1.04183657517,0.337290235708,3.54545454545,3.08884297521,1.04183657517,3.54545454545,0.475132275132,0.368421052632,7,0.0424242424242,0.268518518519,11,11,11,1,0,0.0909090909091,0.636363636364,0.272727272727,-1,-0.00909090909091,0.0454545454545,-0.181818181818,-0.1,-0.125,0.173985482884,0.0748180873347,0.0416267942584,0.023125976035,0.0471919665957,0.0177033492823,-0.0378574805894,0.0342406772707,0.00909090909091,-0.0150621993632,-0.0099867547029,0,0.0454545454545,-0.0150621993632,0,-0.0239153439153,-0.0315789473684,-1,-0.00606060606061,0.012962962963,0,0,0,19,0,1,90,0.95,1,0,0.05,1,0.95,0.974358974359,0.969309258988,0.95,0.95,1,2,0,0,0,0
3985,WLNM_dir_neg,1,0.5,00:00:00,10,90,43,1179281692,threshold_sweep,0.7,1,0.5,0.666666666667,1,0,1,4,0.5,1,0,0.5,1,0.5,0.666666666667,0.833333333333,0.611111111111,0.571428571429,0.632455532034,0.5,20,18,2,0,20,0,18,0,2,11,20,0.181818181818,3.04338842975,3.63636363636,2,2.5,1.68954001271,0.464623503495,0.245454545455,1.16774841624,0.642261628933,0.336363636364,1.94000937205,1.06700515463,0.536363636364,1.05689877454,0.347276990411,3.54545454545,3.04338842975,1.05689877454,3.54545454545,0.499047619048,0.4,8,0.0484848484848,0.255555555556,11,11,11,1,0,0.0909090909091,0.636363636364,0.272727272727,11,0.163636363636,3.11363636364,3.27272727273,1.8,2.25,1.7939291564,0.548145020011,0.287878787879,1.0269106361,0.627556499842,0.323232323232,1.85864075457,1.13583601668,0.545454545455,1.08094141536,0.347163666246,3.75,3.11363636364,1.08094141536,3.75,0.401058201058,0.294117647059,5,0.030303030303,0.260740740741,11,11,11,1,0,0.0909090909091,0.636363636364,0.272727272727,11,19,0.172727272727,3.08884297521,3.45454545455,1.9,2.375,1.86352549559,0.53944159083,0.287081339713,1.19087439228,0.689453595529,0.354066985646,1.90215189146,1.1012458319,0.545454545455,1.04183657517,0.337290235708,3.54545454545,3.08884297521,1.04183657517,3.54545454545,0.475132275132,0.368421052632,7,0.0424242424242,0.268518518519,11,11,11,1,0,0.0909090909091,0.636363636364,0.272727272727,-1,-0.00909090909091,0.0454545454545,-0.181818181818,-0.1,-0.125,0.173985482884,0.0748180873347,0.0416267942584,0.023125976035,0.0471919665957,0.0177033492823,-0.0378574805894,0.0342406772707,0.00909090909091,-0.0150621993632,-0.0099867547029,0,0.0454545454545,-0.0150621993632,0,-0.0239153439153,-0.0315789473684,-1,-0.00606060606061,0.012962962963,0,0,0,19,0,1,90,0.95,1,0,0.05,1,0.95,0.974358974359,0.969309258988,0.95,0.95,1,2,0,0,0,0
3986,WLNM_dir_neg,1,0.5,00:00:00,10,90,43,1179281692,threshold_sweep,0.8,1,0.5,0.666666666667,1,0,1,4,0.5,1,0,0.5,1,0.5,0.666666666667,0.833333333333,0.611111111111,0.571428571429,0.632455532034,0.5,20,18,2,0,20,0,18,0,2,11,20,0.181818181818,3.04338842975,3.63636363636,2,2.5,1.68954001271,0.464623503495,0.245454545455,1.16774841624,0.642261628933,0.336363636364,1.94000937205,1.06700515463,0.536363636364,1.05689877454,0.347276990411,3.54545454545,3.04338842975,1.05689877454,3.54545454545,0.499047619048,0.4,8,0.0484848484848,0.255555555556,11,11,11,1,0,0.0909090909091,0.636363636364,0.272727272727,11,0.163636363636,3.11363636364,3.27272727273,1.8,2.25,1.7939291564,0.548145020011,0.287878787879,1.0269106361,0.627556499842,0.323232323232,1.85864075457,1.13583601668,0.545454545455,1.08094141536,0.347163666246,3.75,3.11363636364,1.08094141536,3.75,0.401058201058,0.294117647059,5,0.030303030303,0.260740740741,11,11,11,1,0,0.0909090909091,0.636363636364,0.272727272727,11,19,0.172727272727,3.08884297521,3.45454545455,1.9,2.375,1.86352549559,0.53944159083,0.287081339713,1.19087439228,0.689453595529,0.354066985646,1.90215189146,1.1012458319,0.545454545455,1.04183657517,0.337290235708,3.54545454545,3.08884297521,1.04183657517,3.54545454545,0.475132275132,0.368421052632,7,0.0424242424242,0.268518518519,11,11,11,1,0,0.0909090909091,0.636363636364,0.272727272727,-1,-0.00909090909091,0.0454545454545,-0.181818181818,-0.1,-0.125,0.173985482884,0.0748180873347,0.0416267942584,0.023125976035,0.0471919665957,0.0177033492823,-0.0378574805894,0.0342406772707,0.00909090909091,-0.0150621993632,-0.0099867547029,0,0.0454545454545,-0.0150621993632,0,-0.0239153439153,-0.0315789473684,-1,-0.00606060606061,0.012962962963,0,0,0,19,0,1,90,0.95,1,0,0.05,1,0.95,0.974358974359,0.969309258988,0.95,0.95,1,2,0,0,0,0
3987,WLNM_dir_neg,1,0.5,00:00:00,10,90,43,1179281692,threshold_sweep,0.9,1,0.5,0.666666666667,1,0,1,4,0.5,1,0,0.5,1,0.5,0.666666666667,0.833333333333,0.611111111111,0.571428571429,0.632455532034,0.5,20,18,2,0,20,0,18,0,2,11,20,0.181818181818,3.04338842975,3.63636363636,2,2.5,1.68954001271,0.464623503495,0.245454545455,1.16774841624,0.642261628933,0.336363636364,1.94000937205,1.06700515463,0.536363636364,1.05689877454,0.347276990411,3.54545454545,3.04338842975,1.05689877454,3.54545454545,0.499047619048,0.4,8,0.0484848484848,0.255555555556,11,11,11,1,0,0.0909090909091,0.636363636364,0.272727272727,11,0.163636363636,3.11363636364,3.27272727273,1.8,2.25,1.7939291564,0.548145020011,0.287878787879,1.0269106361,0.627556499842,0.323232323232,1.85864075457,1.13583601668,0.545454545455,1.08094141536,0.347163666246,3.75,3.11363636364,1.08094141536,3.75,0.401058201058,0.294117647059,5,0.030303030303,0.260740740741,11,11,11,1,0,0.0909090909091,0.636363636364,0.272727272727,11,19,0.172727272727,3.08884297521,3.45454545455,1.9,2.375,1.86352549559,0.53944159083,0.287081339713,1.19087439228,0.689453595529,0.354066985646,1.90215189146,1.1012458319,0.545454545455,1.04183657517,0.337290235708,3.54545454545,3.08884297521,1.04183657517,3.54545454545,0.475132275132,0.368421052632,7,0.0424242424242,0.268518518519,11,11,11,1,0,0.0909090909091,0.636363636364,0.272727272727,-1,-0.00909090909091,0.0454545454545,-0.181818181818,-0.1,-0.125,0.173985482884,0.0748180873347,0.0416267942584,0.023125976035,0.0471919665957,0.0177033492823,-0.0378574805894,0.0342406772707,0.00909090909091,-0.0150621993632,-0.0099867547029,0,0.0454545454545,-0.0150621993632,0,-0.0239153439153,-0.0315789473684,-1,-0.00606060606061,0.012962962963,0,0,0,19,0,1,90,0.95,1,0,0.05,1,0.95,0.974358974359,0.969309258988,0.95,0.95,1,2,0,0,0,0
3988,WLNM_dir_neg,0.5,0.2875,00:00:00,10,90,44,1179281693,threshold_sweep,0.1,0.333333333333,0.5,0.4,1,2,1,2,0.5,0.5,0.5,0.5,0.333333333333,0.5,0.4,0.5,0.5,0,0,0,20,18,2,0,20,0,18,0,2,11,20,0.181818181818,3.04338842975,3.63636363636,2,2.5,1.68954001271,0.464623503495,0.245454545455,1.16774841624,0.642261628933,0.336363636364,1.94000937205,1.06700515463,0.536363636364,1.05689877454,0.347276990411,3.54545454545,3.04338842975,1.05689877454,3.54545454545,0.499047619048,0.4,8,0.0484848484848,0.255555555556,11,11,11,1,0,0.0909090909091,0.636363636364,0.272727272727,11,0.163636363636,3.13016528926,3.27272727273,1.8,2.25,1.67874411933,0.512949592017,0.277777777778,1.12006493318,0.684484125834,0.343434343434,1.68954001271,1.03249667443,0.525252525253,1.08130674069,0.345447169964,3.63636363636,3.13016528926,1.08130674069,3.63636363636,0.437037037037,0.3125,5,0.030303030303,0.241111111111,11,11,11,1,0,0.0909090909091,0.636363636364,0.272727272727,11,21,0.190909090909,NaN,3.81818181818,1.90909090909,2.625,1.77866139657,0.465839889577,0.251082251082,0.943879807449,0.494413232473,0.242424242424,1.81408629643,0.950235679084,0.502164502165,NaN,NaN,NaN,NaN,NaN,NaN,0.453333333333,0.362068965517,7,0.0424242424242,0.188181818182,11,11,0,1,2,0,0.727272727273,0.272727272727,1,0.00909090909091,NaN,0.181818181818,-0.0909090909091,0.125,0.0891213838574,0.00121638608194,0.00562770562771,-0.223868608794,-0.14784839646,-0.0939393939394,-0.125923075615,-0.116769475542,-0.0341991341991,NaN,NaN,NaN,NaN,NaN,NaN,-0.0457142857143,-0.0379310344828,-1,-0.00606060606061,-0.0673737373737,-0.0909090909091,0.0909090909091,0,19,2,1,88,0.95,0.977777777778,0.0222222222222,0.05,0.904761904762,0.95,0.926829268293,0.910490812697,0.927777777778,0.863636363636,3,2,0,0,0,0
3989,WLNM_dir_neg,0.5,0.2875,00:00:00,10,90,44,1179281693,threshold_sweep,0.2,0.333333333333,0.5,0.4,1,2,1,2,0.5,0.5,0.5,0.5,0.333333333333,0.5,0.4,0.5,0.5,0,0,0,20,18,2,0,20,0,18,0,2,11,20,0.181818181818,3.04338842975,3.63636363636,2,2.5,1.68954001271,0.464623503495,0.245454545455,1.16774841624,0.642261628933,0.336363636364,1.94000937205,1.06700515463,0.536363636364,1.05689877454,0.347276990411,3.54545454545,3.04338842975,1.05689877454,3.54545454545,0.499047619048,0.4,8,0.0484848484848,0.255555555556,11,11,11,1,0,0.0909090909091,0.636363636364,0.272727272727,11,0.163636363636,3.13016528926,3.27272727273,1.8,2.25,1.67874411933,0.512949592017,0.277777777778,1.12006493318,0.684484125834,0.343434343434,1.68954001271,1.03249667443,0.525252525253,1.08130674069,0.345447169964,3.63636363636,3.13016528926,1.08130674069,3.63636363636,0.437037037037,0.3125,5,0.030303030303,0.241111111111,11,11,11,1,0,0.0909090909091,0.636363636364,0.272727272727,11,21,0.190909090909,NaN,3.81818181818,1.90909090909,2.625,1.77866139657,0.465839889577,0.251082251082,0.943879807449,0.494413232473,0.242424242424,1.81408629643,0.950235679084,0.502164502165,NaN,NaN,NaN,NaN,NaN,NaN,0.453333333333,0.362068965517,7,0.0424242424242,0.188181818182,11,11,0,1,2,0,0.727272727273,0.272727272727,1,0.00909090909091,NaN,0.181818181818,-0.0909090909091,0.125,0.0891213838574,0.00121638608194,0.00562770562771,-0.223868608794,-0.14784839646,-0.0939393939394,-0.125923075615,-0.116769475542,-0.0341991341991,NaN,NaN,NaN,NaN,NaN,NaN,-0.0457142857143,-0.0379310344828,-1,-0.00606060606061,-0.0673737373737,-0.0909090909091,0.0909090909091,0,19,2,1,88,0.95,0.977777777778,0.0222222222222,0.05,0.904761904762,0.95,0.926829268293,0.910490812697,0.927777777778,0.863636363636,3,2,0,0,0,0
3990,WLNM_dir_neg,0.5,0.2875,00:00:00,10,90,44,1179281693,threshold_sweep,0.3,0.333333333333,0.5,0.4,1,2,1,2,0.5,0.5,0.5,0.5,0.333333333333,0.5,0.4,0.5,0.5,0,0,0,20,18,2,0,20,0,18,0,2,11,20,0.181818181818,3.04338842975,3.63636363636,2,2.5,1.68954001271,0.464623503495,0.245454545455,1.16774841624,0.642261628933,0.336363636364,1.94000937205,1.06700515463,0.536363636364,1.05689877454,0.347276990411,3.54545454545,3.04338842975,1.05689877454,3.54545454545,0.499047619048,0.4,8,0.0484848484848,0.255555555556,11,11,11,1,0,0.0909090909091,0.636363636364,0.272727272727,11,0.163636363636,3.13016528926,3.27272727273,1.8,2.25,1.67874411933,0.512949592017,0.277777777778,1.12006493318,0.684484125834,0.343434343434,1.68954001271,1.03249667443,0.525252525253,1.08130674069,0.345447169964,3.63636363636,3.13016528926,1.08130674069,3.63636363636,0.437037037037,0.3125,5,0.030303030303,0.241111111111,11,11,11,1,0,0.0909090909091,0.636363636364,0.272727272727,11,21,0.190909090909,NaN,3.81818181818,1.90909090909,2.625,1.77866139657,0.465839889577,0.251082251082,0.943879807449,0.494413232473,0.242424242424,1.81408629643,0.950235679084,0.502164502165,NaN,NaN,NaN,NaN,NaN,NaN,0.453333333333,0.362068965517,7,0.0424242424242,0.188181818182,11,11,0,1,2,0,0.727272727273,0.272727272727,1,0.00909090909091,NaN,0.181818181818,-0.0909090909091,0.125,0.0891213838574,0.00121638608194,0.00562770562771,-0.223868608794,-0.14784839646,-0.0939393939394,-0.125923075615,-0.116769475542,-0.0341991341991,NaN,NaN,NaN,NaN,NaN,NaN,-0.0457142857143,-0.0379310344828,-1,-0.00606060606061,-0.0673737373737,-0.0909090909091,0.0909090909091,0,19,2,1,88,0.95,0.977777777778,0.0222222222222,0.05,0.904761904762,0.95,0.926829268293,0.910490812697,0.927777777778,0.863636363636,3,2,0,0,0,0
3991,WLNM_dir_neg,0.5,0.2875,00:00:00,10,90,44,1179281693,threshold_sweep,0.4,0.333333333333,0.5,0.4,1,2,1,2,0.5,0.5,0.5,0.5,0.333333333333,0.5,0.4,0.5,0.5,0,0,0,20,18,2,0,20,0,18,0,2,11,20,0.181818181818,3.04338842975,3.63636363636,2,2.5,1.68954001271,0.464623503495,0.245454545455,1.16774841624,0.642261628933,0.336363636364,1.94000937205,1.06700515463,0.536363636364,1.05689877454,0.347276990411,3.54545454545,3.04338842975,1.05689877454,3.54545454545,0.499047619048,0.4,8,0.0484848484848,0.255555555556,11,11,11,1,0,0.0909090909091,0.636363636364,0.272727272727,11,0.163636363636,3.13016528926,3.27272727273,1.8,2.25,1.67874411933,0.512949592017,0.277777777778,1.12006493318,0.684484125834,0.343434343434,1.68954001271,1.03249667443,0.525252525253,1.08130674069,0.345447169964,3.63636363636,3.13016528926,1.08130674069,3.63636363636,0.437037037037,0.3125,5,0.030303030303,0.241111111111,11,11,11,1,0,0.0909090909091,0.636363636364,0.272727272727,11,21,0.190909090909,NaN,3.81818181818,1.90909090909,2.625,1.77866139657,0.465839889577,0.251082251082,0.943879807449,0.494413232473,0.242424242424,1.81408629643,0.950235679084,0.502164502165,NaN,NaN,NaN,NaN,NaN,NaN,0.453333333333,0.362068965517,7,0.0424242424242,0.188181818182,11,11,0,1,2,0,0.727272727273,0.272727272727,1,0.00909090909091,NaN,0.181818181818,-0.0909090909091,0.125,0.0891213838574,0.00121638608194,0.00562770562771,-0.223868608794,-0.14784839646,-0.0939393939394,-0.125923075615,-0.116769475542,-0.0341991341991,NaN,NaN,NaN,NaN,NaN,NaN,-0.0457142857143,-0.0379310344828,-1,-0.00606060606061,-0.0673737373737,-0.0909090909091,0.0909090909091,0,19,2,1,88,0.95,0.977777777778,0.0222222222222,0.05,0.904761904762,0.95,0.926829268293,0.910490812697,0.927777777778,0.863636363636,3,2,0,0,0,0
3992,WLNM_dir_neg,0.5,0.2875,00:00:00,10,90,44,1179281693,threshold_sweep,0.5,0.333333333333,0.5,0.4,1,2,1,2,0.5,0.5,0.5,0.5,0.333333333333,0.5,0.4,0.5,0.5,0,0,0,20,18,2,0,20,0,18,0,2,11,20,0.181818181818,3.04338842975,3.63636363636,2,2.5,1.68954001271,0.464623503495,0.245454545455,1.16774841624,0.642261628933,0.336363636364,1.94000937205,1.06700515463,0.536363636364,1.05689877454,0.347276990411,3.54545454545,3.04338842975,1.05689877454,3.54545454545,0.499047619048,0.4,8,0.0484848484848,0.255555555556,11,11,11,1,0,0.0909090909091,0.636363636364,0.272727272727,11,0.163636363636,3.13016528926,3.27272727273,1.8,2.25,1.67874411933,0.512949592017,0.277777777778,1.12006493318,0.684484125834,0.343434343434,1.68954001271,1.03249667443,0.525252525253,1.08130674069,0.345447169964,3.63636363636,3.13016528926,1.08130674069,3.63636363636,0.437037037037,0.3125,5,0.030303030303,0.241111111111,11,11,11,1,0,0.0909090909091,0.636363636364,0.272727272727,11,21,0.190909090909,NaN,3.81818181818,1.90909090909,2.625,1.77866139657,0.465839889577,0.251082251082,0.943879807449,0.494413232473,0.242424242424,1.81408629643,0.950235679084,0.502164502165,NaN,NaN,NaN,NaN,NaN,NaN,0.453333333333,0.362068965517,7,0.0424242424242,0.188181818182,11,11,0,1,2,0,0.727272727273,0.272727272727,1,0.00909090909091,NaN,0.181818181818,-0.0909090909091,0.125,0.0891213838574,0.00121638608194,0.00562770562771,-0.223868608794,-0.14784839646,-0.0939393939394,-0.125923075615,-0.116769475542,-0.0341991341991,NaN,NaN,NaN,NaN,NaN,NaN,-0.0457142857143,-0.0379310344828,-1,-0.00606060606061,-0.0673737373737,-0.0909090909091,0.0909090909091,0,19,2,1,88,0.95,0.977777777778,0.0222222222222,0.05,0.904761904762,0.95,0.926829268293,0.910490812697,0.927777777778,0.863636363636,3,2,0,0,0,0
3993,WLNM_dir_neg,0.5,0.2875,00:00:00,10,90,44,1179281693,threshold_sweep,0.6,0.333333333333,0.5,0.4,1,2,1,2,0.5,0.5,0.5,0.5,0.333333333333,0.5,0.4,0.5,0.5,0,0,0,20,18,2,0,20,0,18,0,2,11,20,0.181818181818,3.04338842975,3.63636363636,2,2.5,1.68954001271,0.464623503495,0.245454545455,1.16774841624,0.642261628933,0.336363636364,1.94000937205,1.06700515463,0.536363636364,1.05689877454,0.347276990411,3.54545454545,3.04338842975,1.05689877454,3.54545454545,0.499047619048,0.4,8,0.0484848484848,0.255555555556,11,11,11,1,0,0.0909090909091,0.636363636364,0.272727272727,11,0.163636363636,3.13016528926,3.27272727273,1.8,2.25,1.67874411933,0.512949592017,0.277777777778,1.12006493318,0.684484125834,0.343434343434,1.68954001271,1.03249667443,0.525252525253,1.08130674069,0.345447169964,3.63636363636,3.13016528926,1.08130674069,3.63636363636,0.437037037037,0.3125,5,0.030303030303,0.241111111111,11,11,11,1,0,0.0909090909091,0.636363636364,0.272727272727,11,21,0.190909090909,NaN,3.81818181818,1.90909090909,2.625,1.77866139657,0.465839889577,0.251082251082,0.943879807449,0.494413232473,0.242424242424,1.81408629643,0.950235679084,0.502164502165,NaN,NaN,NaN,NaN,NaN,NaN,0.453333333333,0.362068965517,7,0.0424242424242,0.188181818182,11,11,0,1,2,0,0.727272727273,0.272727272727,1,0.00909090909091,NaN,0.181818181818,-0.0909090909091,0.125,0.0891213838574,0.00121638608194,0.00562770562771,-0.223868608794,-0.14784839646,-0.0939393939394,-0.125923075615,-0.116769475542,-0.0341991341991,NaN,NaN,NaN,NaN,NaN,NaN,-0.0457142857143,-0.0379310344828,-1,-0.00606060606061,-0.0673737373737,-0.0909090909091,0.0909090909091,0,19,2,1,88,0.95,0.977777777778,0.0222222222222,0.05,0.904761904762,0.95,0.926829268293,0.910490812697,0.927777777778,0.863636363636,3,2,0,0,0,0
3994,WLNM_dir_neg,0.5,0.2875,00:00:00,10,90,44,1179281693,threshold_sweep,0.7,0.333333333333,0.5,0.4,1,2,1,2,0.5,0.5,0.5,0.5,0.333333333333,0.5,0.4,0.5,0.5,0,0,0,20,18,2,0,20,0,18,0,2,11,20,0.181818181818,3.04338842975,3.63636363636,2,2.5,1.68954001271,0.464623503495,0.245454545455,1.16774841624,0.642261628933,0.336363636364,1.94000937205,1.06700515463,0.536363636364,1.05689877454,0.347276990411,3.54545454545,3.04338842975,1.05689877454,3.54545454545,0.499047619048,0.4,8,0.0484848484848,0.255555555556,11,11,11,1,0,0.0909090909091,0.636363636364,0.272727272727,11,0.163636363636,3.13016528926,3.27272727273,1.8,2.25,1.67874411933,0.512949592017,0.277777777778,1.12006493318,0.684484125834,0.343434343434,1.68954001271,1.03249667443,0.525252525253,1.08130674069,0.345447169964,3.63636363636,3.13016528926,1.08130674069,3.63636363636,0.437037037037,0.3125,5,0.030303030303,0.241111111111,11,11,11,1,0,0.0909090909091,0.636363636364,0.272727272727,11,21,0.190909090909,NaN,3.81818181818,1.90909090909,2.625,1.77866139657,0.465839889577,0.251082251082,0.943879807449,0.494413232473,0.242424242424,1.81408629643,0.950235679084,0.502164502165,NaN,NaN,NaN,NaN,NaN,NaN,0.453333333333,0.362068965517,7,0.0424242424242,0.188181818182,11,11,0,1,2,0,0.727272727273,0.272727272727,1,0.00909090909091,NaN,0.181818181818,-0.0909090909091,0.125,0.0891213838574,0.00121638608194,0.00562770562771,-0.223868608794,-0.14784839646,-0.0939393939394,-0.125923075615,-0.116769475542,-0.0341991341991,NaN,NaN,NaN,NaN,NaN,NaN,-0.0457142857143,-0.0379310344828,-1,-0.00606060606061,-0.0673737373737,-0.0909090909091,0.0909090909091,0,19,2,1,88,0.95,0.977777777778,0.0222222222222,0.05,0.904761904762,0.95,0.926829268293,0.910490812697,0.927777777778,0.863636363636,3,2,0,0,0,0
3995,WLNM_dir_neg,0.5,0.2875,00:00:00,10,90,44,1179281693,threshold_sweep,0.8,0.5,0.5,0.5,1,1,1,3,0.5,0.75,0.25,0.5,0.5,0.5,0.5,0.666666666667,0.555555555556,0.25,0.25,0.25,20,18,2,0,20,0,18,0,2,11,20,0.181818181818,3.04338842975,3.63636363636,2,2.5,1.68954001271,0.464623503495,0.245454545455,1.16774841624,0.642261628933,0.336363636364,1.94000937205,1.06700515463,0.536363636364,1.05689877454,0.347276990411,3.54545454545,3.04338842975,1.05689877454,3.54545454545,0.499047619048,0.4,8,0.0484848484848,0.255555555556,11,11,11,1,0,0.0909090909091,0.636363636364,0.272727272727,11,0.163636363636,3.13016528926,3.27272727273,1.8,2.25,1.67874411933,0.512949592017,0.277777777778,1.12006493318,0.684484125834,0.343434343434,1.68954001271,1.03249667443,0.525252525253,1.08130674069,0.345447169964,3.63636363636,3.13016528926,1.08130674069,3.63636363636,0.437037037037,0.3125,5,0.030303030303,0.241111111111,11,11,11,1,0,0.0909090909091,0.636363636364,0.272727272727,11,20,0.181818181818,NaN,3.63636363636,1.81818181818,2.5,1.5666989036,0.43084219849,0.231818181818,0.981649817214,0.539907399468,0.263636363636,1.83402190926,1.00871205009,0.518181818182,NaN,NaN,NaN,NaN,NaN,NaN,0.453333333333,0.362068965517,7,0.0424242424242,0.207878787879,11,11,0,1,2,0,0.727272727273,0.272727272727,0,0,NaN,0,-0.181818181818,0,-0.122841109108,-0.0337813050047,-0.0136363636364,-0.186098599028,-0.102354229466,-0.0727272727273,-0.105987462791,-0.0582931045351,-0.0181818181818,NaN,NaN,NaN,NaN,NaN,NaN,-0.0457142857143,-0.0379310344828,-1,-0.00606060606061,-0.0476767676768,-0.0909090909091,0.0909090909091,0,19,1,1,89,0.95,0.988888888889,0.0111111111111,0.05,0.95,0.95,0.95,0.938888888889,0.938888888889,0.904761904762,2,2,0,0,0,0
3996,WLNM_dir_neg,0.5,0.2875,00:00:00,10,90,44,1179281693,threshold_sweep,0.9,0.5,0.5,0.5,1,1,1,3,0.5,0.75,0.25,0.5,0.5,0.5,0.5,0.666666666667,0.555555555556,0.25,0.25,0.25,20,18,2,0,20,0,18,0,2,11,20,0.181818181818,3.04338842975,3.63636363636,2,2.5,1.68954001271,0.464623503495,0.245454545455,1.16774841624,0.642261628933,0.336363636364,1.94000937205,1.06700515463,0.536363636364,1.05689877454,0.347276990411,3.54545454545,3.04338842975,1.05689877454,3.54545454545,0.499047619048,0.4,8,0.0484848484848,0.255555555556,11,11,11,1,0,0.0909090909091,0.636363636364,0.272727272727,11,0.163636363636,3.13016528926,3.27272727273,1.8,2.25,1.67874411933,0.512949592017,0.277777777778,1.12006493318,0.684484125834,0.343434343434,1.68954001271,1.03249667443,0.525252525253,1.08130674069,0.345447169964,3.63636363636,3.13016528926,1.08130674069,3.63636363636,0.437037037037,0.3125,5,0.030303030303,0.241111111111,11,11,11,1,0,0.0909090909091,0.636363636364,0.272727272727,11,20,0.181818181818,NaN,3.63636363636,1.81818181818,2.5,1.5666989036,0.43084219849,0.231818181818,0.981649817214,0.539907399468,0.263636363636,1.83402190926,1.00871205009,0.518181818182,NaN,NaN,NaN,NaN,NaN,NaN,0.453333333333,0.362068965517,7,0.0424242424242,0.207878787879,11,11,0,1,2,0,0.727272727273,0.272727272727,0,0,NaN,0,-0.181818181818,0,-0.122841109108,-0.0337813050047,-0.0136363636364,-0.186098599028,-0.102354229466,-0.0727272727273,-0.105987462791,-0.0582931045351,-0.0181818181818,NaN,NaN,NaN,NaN,NaN,NaN,-0.0457142857143,-0.0379310344828,-1,-0.00606060606061,-0.0476767676768,-0.0909090909091,0.0909090909091,0,19,1,1,89,0.95,0.988888888889,0.0111111111111,0.05,0.95,0.95,0.95,0.938888888889,0.938888888889,0.904761904762,2,2,0,0,0,0
3997,WLNM_dir_neg,1,0.5,00:00:00,10,90,45,1179281694,threshold_sweep,0.1,1,0.5,0.666666666667,1,0,1,4,0.5,1,0,0.5,1,0.5,0.666666666667,0.833333333333,0.611111111111,0.571428571429,0.632455532034,0.5,20,18,2,0,20,0,18,0,2,11,20,0.181818181818,3.04338842975,3.63636363636,2,2.5,1.68954001271,0.464623503495,0.245454545455,1.16774841624,0.642261628933,0.336363636364,1.94000937205,1.06700515463,0.536363636364,1.05689877454,0.347276990411,3.54545454545,3.04338842975,1.05689877454,3.54545454545,0.499047619048,0.4,8,0.0484848484848,0.255555555556,11,11,11,1,0,0.0909090909091,0.636363636364,0.272727272727,11,0.163636363636,3.11363636364,3.27272727273,1.8,2.25,1.7372915179,0.530839074915,0.267676767677,1.0269106361,0.627556499842,0.323232323232,1.80403587951,1.10246637081,0.535353535354,1.08094141536,0.347163666246,3.75,3.11363636364,1.08094141536,3.75,0.404761904762,0.3,5,0.030303030303,0.255185185185,11,11,11,1,0,0.0909090909091,0.636363636364,0.272727272727,11,19,0.172727272727,3.08884297521,3.45454545455,1.9,2.375,1.86352549559,0.53944159083,0.287081339713,1.19087439228,0.689453595529,0.354066985646,1.90215189146,1.1012458319,0.545454545455,1.04183657517,0.337290235708,3.54545454545,3.08884297521,1.04183657517,3.54545454545,0.475132275132,0.368421052632,7,0.0424242424242,0.268518518519,11,11,11,1,0,0.0909090909091,0.636363636364,0.272727272727,-1,-0.00909090909091,0.0454545454545,-0.181818181818,-0.1,-0.125,0.173985482884,0.0748180873347,0.0416267942584,0.023125976035,0.0471919665957,0.0177033492823,-0.0378574805894,0.0342406772707,0.00909090909091,-0.0150621993632,-0.0099867547029,0,0.0454545454545,-0.0150621993632,0,-0.0239153439153,-0.0315789473684,-1,-0.00606060606061,0.012962962963,0,0,0,19,0,1,90,0.95,1,0,0.05,1,0.95,0.974358974359,0.969309258988,0.95,0.95,1,2,0,0,0,0
3998,WLNM_dir_neg,1,0.5,00:00:00,10,90,45,1179281694,threshold_sweep,0.2,1,0.5,0.666666666667,1,0,1,4,0.5,1,0,0.5,1,0.5,0.666666666667,0.833333333333,0.611111111111,0.571428571429,0.632455532034,0.5,20,18,2,0,20,0,18,0,2,11,20,0.181818181818,3.04338842975,3.63636363636,2,2.5,1.68954001271,0.464623503495,0.245454545455,1.16774841624,0.642261628933,0.336363636364,1.94000937205,1.06700515463,0.536363636364,1.05689877454,0.347276990411,3.54545454545,3.04338842975,1.05689877454,3.54545454545,0.499047619048,0.4,8,0.0484848484848,0.255555555556,11,11,11,1,0,0.0909090909091,0.636363636364,0.272727272727,11,0.163636363636,3.11363636364,3.27272727273,1.8,2.25,1.7372915179,0.530839074915,0.267676767677,1.0269106361,0.627556499842,0.323232323232,1.80403587951,1.10246637081,0.535353535354,1.08094141536,0.347163666246,3.75,3.11363636364,1.08094141536,3.75,0.404761904762,0.3,5,0.030303030303,0.255185185185,11,11,11,1,0,0.0909090909091,0.636363636364,0.272727272727,11,19,0.172727272727,3.08884297521,3.45454545455,1.9,2.375,1.86352549559,0.53944159083,0.287081339713,1.19087439228,0.689453595529,0.354066985646,1.90215189146,1.1012458319,0.545454545455,1.04183657517,0.337290235708,3.54545454545,3.08884297521,1.04183657517,3.54545454545,0.475132275132,0.368421052632,7,0.0424242424242,0.268518518519,11,11,11,1,0,0.0909090909091,0.636363636364,0.272727272727,-1,-0.00909090909091,0.0454545454545,-0.181818181818,-0.1,-0.125,0.173985482884,0.0748180873347,0.0416267942584,0.023125976035,0.0471919665957,0.0177033492823,-0.0378574805894,0.0342406772707,0.00909090909091,-0.0150621993632,-0.0099867547029,0,0.0454545454545,-0.0150621993632,0,-0.0239153439153,-0.0315789473684,-1,-0.00606060606061,0.012962962963,0,0,0,19,0,1,90,0.95,1,0,0.05,1,0.95,0.974358974359,0.969309258988,0.95,0.95,1,2,0,0,0,0
3999,WLNM_dir_neg,1,0.5,00:00:00,10,90,45,1179281694,threshold_sweep,0.3,1,0.5,0.666666666667,1,0,1,4,0.5,1,0,0.5,1,0.5,0.666666666667,0.833333333333,0.611111111111,0.571428571429,0.632455532034,0.5,20,18,2,0,20,0,18,0,2,11,20,0.181818181818,3.04338842975,3.63636363636,2,2.5,1.68954001271,0.464623503495,0.245454545455,1.16774841624,0.642261628933,0.336363636364,1.94000937205,1.06700515463,0.536363636364,1.05689877454,0.347276990411,3.54545454545,3.04338842975,1.05689877454,3.54545454545,0.499047619048,0.4,8,0.0484848484848,0.255555555556,11,11,11,1,0,0.0909090909091,0.636363636364,0.272727272727,11,0.163636363636,3.11363636364,3.27272727273,1.8,2.25,1.7372915179,0.530839074915,0.267676767677,1.0269106361,0.627556499842,0.323232323232,1.80403587951,1.10246637081,0.535353535354,1.08094141536,0.347163666246,3.75,3.11363636364,1.08094141536,3.75,0.404761904762,0.3,5,0.030303030303,0.255185185185,11,11,11,1,0,0.0909090909091,0.636363636364,0.272727272727,11,19,0.172727272727,3.08884297521,3.45454545455,1.9,2.375,1.86352549559,0.53944159083,0.287081339713,1.19087439228,0.689453595529,0.354066985646,1.90215189146,1.1012458319,0.545454545455,1.04183657517,0.337290235708,3.54545454545,3.08884297521,1.04183657517,3.54545454545,0.475132275132,0.368421052632,7,0.0424242424242,0.268518518519,11,11,11,1,0,0.0909090909091,0.636363636364,0.272727272727,-1,-0.00909090909091,0.0454545454545,-0.181818181818,-0.1,-0.125,0.173985482884,0.0748180873347,0.0416267942584,0.023125976035,0.0471919665957,0.0177033492823,-0.0378574805894,0.0342406772707,0.00909090909091,-0.0150621993632,-0.0099867547029,0,0.0454545454545,-0.0150621993632,0,-0.0239153439153,-0.0315789473684,-1,-0.00606060606061,0.012962962963,0,0,0,19,0,1,90,0.95,1,0,0.05,1,0.95,0.974358974359,0.969309258988,0.95,0.95,1,2,0,0,0,0
4000,WLNM_dir_neg,1,0.5,00:00:00,10,90,45,1179281694,threshold_sweep,0.4,1,0.5,0.666666666667,1,0,1,4,0.5,1,0,0.5,1,0.5,0.666666666667,0.833333333333,0.611111111111,0.571428571429,0.632455532034,0.5,20,18,2,0,20,0,18,0,2,11,20,0.181818181818,3.04338842975,3.63636363636,2,2.5,1.68954001271,0.464623503495,0.245454545455,1.16774841624,0.642261628933,0.336363636364,1.94000937205,1.06700515463,0.536363636364,1.05689877454,0.347276990411,3.54545454545,3.04338842975,1.05689877454,3.54545454545,0.499047619048,0.4,8,0.0484848484848,0.255555555556,11,11,11,1,0,0.0909090909091,0.636363636364,0.272727272727,11,0.163636363636,3.11363636364,3.27272727273,1.8,2.25,1.7372915179,0.530839074915,0.267676767677,1.0269106361,0.627556499842,0.323232323232,1.80403587951,1.10246637081,0.535353535354,1.08094141536,0.347163666246,3.75,3.11363636364,1.08094141536,3.75,0.404761904762,0.3,5,0.030303030303,0.255185185185,11,11,11,1,0,0.0909090909091,0.636363636364,0.272727272727,11,19,0.172727272727,3.08884297521,3.45454545455,1.9,2.375,1.86352549559,0.53944159083,0.287081339713,1.19087439228,0.689453595529,0.354066985646,1.90215189146,1.1012458319,0.545454545455,1.04183657517,0.337290235708,3.54545454545,3.08884297521,1.04183657517,3.54545454545,0.475132275132,0.368421052632,7,0.0424242424242,0.268518518519,11,11,11,1,0,0.0909090909091,0.636363636364,0.272727272727,-1,-0.00909090909091,0.0454545454545,-0.181818181818,-0.1,-0.125,0.173985482884,0.0748180873347,0.0416267942584,0.023125976035,0.0471919665957,0.0177033492823,-0.0378574805894,0.0342406772707,0.00909090909091,-0.0150621993632,-0.0099867547029,0,0.0454545454545,-0.0150621993632,0,-0.0239153439153,-0.0315789473684,-1,-0.00606060606061,0.012962962963,0,0,0,19,0,1,90,0.95,1,0,0.05,1,0.95,0.974358974359,0.969309258988,0.95,0.95,1,2,0,0,0,0
4001,WLNM_dir_neg,1,0.5,00:00:00,10,90,45,1179281694,threshold_sweep,0.5,1,0.5,0.666666666667,1,0,1,4,0.5,1,0,0.5,1,0.5,0.666666666667,0.833333333333,0.611111111111,0.571428571429,0.632455532034,0.5,20,18,2,0,20,0,18,0,2,11,20,0.181818181818,3.04338842975,3.63636363636,2,2.5,1.68954001271,0.464623503495,0.245454545455,1.16774841624,0.642261628933,0.336363636364,1.94000937205,1.06700515463,0.536363636364,1.05689877454,0.347276990411,3.54545454545,3.04338842975,1.05689877454,3.54545454545,0.499047619048,0.4,8,0.0484848484848,0.255555555556,11,11,11,1,0,0.0909090909091,0.636363636364,0.272727272727,11,0.163636363636,3.11363636364,3.27272727273,1.8,2.25,1.7372915179,0.530839074915,0.267676767677,1.0269106361,0.627556499842,0.323232323232,1.80403587951,1.10246637081,0.535353535354,1.08094141536,0.347163666246,3.75,3.11363636364,1.08094141536,3.75,0.404761904762,0.3,5,0.030303030303,0.255185185185,11,11,11,1,0,0.0909090909091,0.636363636364,0.272727272727,11,19,0.172727272727,3.08884297521,3.45454545455,1.9,2.375,1.86352549559,0.53944159083,0.287081339713,1.19087439228,0.689453595529,0.354066985646,1.90215189146,1.1012458319,0.545454545455,1.04183657517,0.337290235708,3.54545454545,3.08884297521,1.04183657517,3.54545454545,0.475132275132,0.368421052632,7,0.0424242424242,0.268518518519,11,11,11,1,0,0.0909090909091,0.636363636364,0.272727272727,-1,-0.00909090909091,0.0454545454545,-0.181818181818,-0.1,-0.125,0.173985482884,0.0748180873347,0.0416267942584,0.023125976035,0.0471919665957,0.0177033492823,-0.0378574805894,0.0342406772707,0.00909090909091,-0.0150621993632,-0.0099867547029,0,0.0454545454545,-0.0150621993632,0,-0.0239153439153,-0.0315789473684,-1,-0.00606060606061,0.012962962963,0,0,0,19,0,1,90,0.95,1,0,0.05,1,0.95,0.974358974359,0.969309258988,0.95,0.95,1,2,0,0,0,0
4002,WLNM_dir_neg,1,0.5,00:00:00,10,90,45,1179281694,threshold_sweep,0.6,1,0.5,0.666666666667,1,0,1,4,0.5,1,0,0.5,1,0.5,0.666666666667,0.833333333333,0.611111111111,0.571428571429,0.632455532034,0.5,20,18,2,0,20,0,18,0,2,11,20,0.181818181818,3.04338842975,3.63636363636,2,2.5,1.68954001271,0.464623503495,0.245454545455,1.16774841624,0.642261628933,0.336363636364,1.94000937205,1.06700515463,0.536363636364,1.05689877454,0.347276990411,3.54545454545,3.04338842975,1.05689877454,3.54545454545,0.499047619048,0.4,8,0.0484848484848,0.255555555556,11,11,11,1,0,0.0909090909091,0.636363636364,0.272727272727,11,0.163636363636,3.11363636364,3.27272727273,1.8,2.25,1.7372915179,0.530839074915,0.267676767677,1.0269106361,0.627556499842,0.323232323232,1.80403587951,1.10246637081,0.535353535354,1.08094141536,0.347163666246,3.75,3.11363636364,1.08094141536,3.75,0.404761904762,0.3,5,0.030303030303,0.255185185185,11,11,11,1,0,0.0909090909091,0.636363636364,0.272727272727,11,19,0.172727272727,3.08884297521,3.45454545455,1.9,2.375,1.86352549559,0.53944159083,0.287081339713,1.19087439228,0.689453595529,0.354066985646,1.90215189146,1.1012458319,0.545454545455,1.04183657517,0.337290235708,3.54545454545,3.08884297521,1.04183657517,3.54545454545,0.475132275132,0.368421052632,7,0.0424242424242,0.268518518519,11,11,11,1,0,0.0909090909091,0.636363636364,0.272727272727,-1,-0.00909090909091,0.0454545454545,-0.181818181818,-0.1,-0.125,0.173985482884,0.0748180873347,0.0416267942584,0.023125976035,0.0471919665957,0.0177033492823,-0.0378574805894,0.0342406772707,0.00909090909091,-0.0150621993632,-0.0099867547029,0,0.0454545454545,-0.0150621993632,0,-0.0239153439153,-0.0315789473684,-1,-0.00606060606061,0.012962962963,0,0,0,19,0,1,90,0.95,1,0,0.05,1,0.95,0.974358974359,0.969309258988,0.95,0.95,1,2,0,0,0,0
4003,WLNM_dir_neg,1,0.5,00:00:00,10,90,45,1179281694,threshold_sweep,0.7,1,0.5,0.666666666667,1,0,1,4,0.5,1,0,0.5,1,0.5,0.666666666667,0.833333333333,0.611111111111,0.571428571429,0.632455532034,0.5,20,18,2,0,20,0,18,0,2,11,20,0.181818181818,3.04338842975,3.63636363636,2,2.5,1.68954001271,0.464623503495,0.245454545455,1.16774841624,0.642261628933,0.336363636364,1.94000937205,1.06700515463,0.536363636364,1.05689877454,0.347276990411,3.54545454545,3.04338842975,1.05689877454,3.54545454545,0.499047619048,0.4,8,0.0484848484848,0.255555555556,11,11,11,1,0,0.0909090909091,0.636363636364,0.272727272727,11,0.163636363636,3.11363636364,3.27272727273,1.8,2.25,1.7372915179,0.530839074915,0.267676767677,1.0269106361,0.627556499842,0.323232323232,1.80403587951,1.10246637081,0.535353535354,1.08094141536,0.347163666246,3.75,3.11363636364,1.08094141536,3.75,0.404761904762,0.3,5,0.030303030303,0.255185185185,11,11,11,1,0,0.0909090909091,0.636363636364,0.272727272727,11,19,0.172727272727,3.08884297521,3.45454545455,1.9,2.375,1.86352549559,0.53944159083,0.287081339713,1.19087439228,0.689453595529,0.354066985646,1.90215189146,1.1012458319,0.545454545455,1.04183657517,0.337290235708,3.54545454545,3.08884297521,1.04183657517,3.54545454545,0.475132275132,0.368421052632,7,0.0424242424242,0.268518518519,11,11,11,1,0,0.0909090909091,0.636363636364,0.272727272727,-1,-0.00909090909091,0.0454545454545,-0.181818181818,-0.1,-0.125,0.173985482884,0.0748180873347,0.0416267942584,0.023125976035,0.0471919665957,0.0177033492823,-0.0378574805894,0.0342406772707,0.00909090909091,-0.0150621993632,-0.0099867547029,0,0.0454545454545,-0.0150621993632,0,-0.0239153439153,-0.0315789473684,-1,-0.00606060606061,0.012962962963,0,0,0,19,0,1,90,0.95,1,0,0.05,1,0.95,0.974358974359,0.969309258988,0.95,0.95,1,2,0,0,0,0
4004,WLNM_dir_neg,1,0.5,00:00:00,10,90,45,1179281694,threshold_sweep,0.8,1,0.5,0.666666666667,1,0,1,4,0.5,1,0,0.5,1,0.5,0.666666666667,0.833333333333,0.611111111111,0.571428571429,0.632455532034,0.5,20,18,2,0,20,0,18,0,2,11,20,0.181818181818,3.04338842975,3.63636363636,2,2.5,1.68954001271,0.464623503495,0.245454545455,1.16774841624,0.642261628933,0.336363636364,1.94000937205,1.06700515463,0.536363636364,1.05689877454,0.347276990411,3.54545454545,3.04338842975,1.05689877454,3.54545454545,0.499047619048,0.4,8,0.0484848484848,0.255555555556,11,11,11,1,0,0.0909090909091,0.636363636364,0.272727272727,11,0.163636363636,3.11363636364,3.27272727273,1.8,2.25,1.7372915179,0.530839074915,0.267676767677,1.0269106361,0.627556499842,0.323232323232,1.80403587951,1.10246637081,0.535353535354,1.08094141536,0.347163666246,3.75,3.11363636364,1.08094141536,3.75,0.404761904762,0.3,5,0.030303030303,0.255185185185,11,11,11,1,0,0.0909090909091,0.636363636364,0.272727272727,11,19,0.172727272727,3.08884297521,3.45454545455,1.9,2.375,1.86352549559,0.53944159083,0.287081339713,1.19087439228,0.689453595529,0.354066985646,1.90215189146,1.1012458319,0.545454545455,1.04183657517,0.337290235708,3.54545454545,3.08884297521,1.04183657517,3.54545454545,0.475132275132,0.368421052632,7,0.0424242424242,0.268518518519,11,11,11,1,0,0.0909090909091,0.636363636364,0.272727272727,-1,-0.00909090909091,0.0454545454545,-0.181818181818,-0.1,-0.125,0.173985482884,0.0748180873347,0.0416267942584,0.023125976035,0.0471919665957,0.0177033492823,-0.0378574805894,0.0342406772707,0.00909090909091,-0.0150621993632,-0.0099867547029,0,0.0454545454545,-0.0150621993632,0,-0.0239153439153,-0.0315789473684,-1,-0.00606060606061,0.012962962963,0,0,0,19,0,1,90,0.95,1,0,0.05,1,0.95,0.974358974359,0.969309258988,0.95,0.95,1,2,0,0,0,0
4005,WLNM_dir_neg,1,0.5,00:00:00,10,90,45,1179281694,threshold_sweep,0.9,1,0.5,0.666666666667,1,0,1,4,0.5,1,0,0.5,1,0.5,0.666666666667,0.833333333333,0.611111111111,0.571428571429,0.632455532034,0.5,20,18,2,0,20,0,18,0,2,11,20,0.181818181818,3.04338842975,3.63636363636,2,2.5,1.68954001271,0.464623503495,0.245454545455,1.16774841624,0.642261628933,0.336363636364,1.94000937205,1.06700515463,0.536363636364,1.05689877454,0.347276990411,3.54545454545,3.04338842975,1.05689877454,3.54545454545,0.499047619048,0.4,8,0.0484848484848,0.255555555556,11,11,11,1,0,0.0909090909091,0.636363636364,0.272727272727,11,0.163636363636,3.11363636364,3.27272727273,1.8,2.25,1.7372915179,0.530839074915,0.267676767677,1.0269106361,0.627556499842,0.323232323232,1.80403587951,1.10246637081,0.535353535354,1.08094141536,0.347163666246,3.75,3.11363636364,1.08094141536,3.75,0.404761904762,0.3,5,0.030303030303,0.255185185185,11,11,11,1,0,0.0909090909091,0.636363636364,0.272727272727,11,19,0.172727272727,3.08884297521,3.45454545455,1.9,2.375,1.86352549559,0.53944159083,0.287081339713,1.19087439228,0.689453595529,0.354066985646,1.90215189146,1.1012458319,0.545454545455,1.04183657517,0.337290235708,3.54545454545,3.08884297521,1.04183657517,3.54545454545,0.475132275132,0.368421052632,7,0.0424242424242,0.268518518519,11,11,11,1,0,0.0909090909091,0.636363636364,0.272727272727,-1,-0.00909090909091,0.0454545454545,-0.181818181818,-0.1,-0.125,0.173985482884,0.0748180873347,0.0416267942584,0.023125976035,0.0471919665957,0.0177033492823,-0.0378574805894,0.0342406772707,0.00909090909091,-0.0150621993632,-0.0099867547029,0,0.0454545454545,-0.0150621993632,0,-0.0239153439153,-0.0315789473684,-1,-0.00606060606061,0.012962962963,0,0,0,19,0,1,90,0.95,1,0,0.05,1,0.95,0.974358974359,0.969309258988,0.95,0.95,1,2,0,0,0,0
4006,WLNM_dir_neg,0.625,0.333333333333,00:00:00,10,90,46,1179281695,threshold_sweep,0.1,0.5,1,0.666666666667,2,2,0,2,1,0.5,0.5,0,0.5,1,0.666666666667,0.666666666667,0.444444444444,0.4,0.5,0.5,20,18,2,0,20,0,18,0,2,11,20,0.181818181818,3.04338842975,3.63636363636,2,2.5,1.68954001271,0.464623503495,0.245454545455,1.16774841624,0.642261628933,0.336363636364,1.94000937205,1.06700515463,0.536363636364,1.05689877454,0.347276990411,3.54545454545,3.04338842975,1.05689877454,3.54545454545,0.499047619048,0.4,8,0.0484848484848,0.255555555556,11,11,11,1,0,0.0909090909091,0.636363636364,0.272727272727,11,0.163636363636,3.13636363636,3.27272727273,1.8,2.25,1.7372915179,0.530839074915,0.272727272727,1.0269106361,0.627556499842,0.323232323232,1.85864075457,1.13583601668,0.545454545455,1.09815041931,0.350134916302,3.75,3.13636363636,1.09815041931,3.75,0.427619047619,0.3,5,0.030303030303,0.260740740741,11,11,11,1,0,0.0909090909091,0.636363636364,0.272727272727,11,22,0.2,NaN,4,2,2.75,1.8973665961,0.474341649025,0.243801652893,1.09544511501,0.547722557505,0.280991735537,2.2803508502,1.1401754251,0.561983471074,NaN,NaN,NaN,NaN,NaN,NaN,0.467142857143,0.402985074627,9,0.0545454545455,0.282424242424,11,11,0,1,2,0,0.727272727273,0.272727272727,2,0.0181818181818,NaN,0.363636363636,0,0.25,0.207826583392,0.00971814553022,-0.00165289256198,-0.072303301232,-0.0945390714281,-0.0553719008264,0.34034147815,0.0731702704724,0.0256198347107,NaN,NaN,NaN,NaN,NaN,NaN,-0.0319047619048,0.00298507462687,1,0.00606060606061,0.0268686868687,-0.0909090909091,0.0909090909091,0,20,2,0,88,1,0.977777777778,0.0222222222222,0,0.909090909091,1,0.952380952381,0.942809041582,0.977777777778,0.909090909091,4,2,0,0,0,0
4007,WLNM_dir_neg,0.625,0.333333333333,00:00:00,10,90,46,1179281695,threshold_sweep,0.2,0.333333333333,0.5,0.4,1,2,1,2,0.5,0.5,0.5,0.5,0.333333333333,0.5,0.4,0.5,0.5,0,0,0,20,18,2,0,20,0,18,0,2,11,20,0.181818181818,3.04338842975,3.63636363636,2,2.5,1.68954001271,0.464623503495,0.245454545455,1.16774841624,0.642261628933,0.336363636364,1.94000937205,1.06700515463,0.536363636364,1.05689877454,0.347276990411,3.54545454545,3.04338842975,1.05689877454,3.54545454545,0.499047619048,0.4,8,0.0484848484848,0.255555555556,11,11,11,1,0,0.0909090909091,0.636363636364,0.272727272727,11,0.163636363636,3.13636363636,3.27272727273,1.8,2.25,1.7372915179,0.530839074915,0.272727272727,1.0269106361,0.627556499842,0.323232323232,1.85864075457,1.13583601668,0.545454545455,1.09815041931,0.350134916302,3.75,3.13636363636,1.09815041931,3.75,0.427619047619,0.3,5,0.030303030303,0.260740740741,11,11,11,1,0,0.0909090909091,0.636363636364,0.272727272727,11,21,0.190909090909,NaN,3.81818181818,1.90909090909,2.625,1.8877596149,0.494413232473,0.246753246753,0.943879807449,0.494413232473,0.251082251082,2.25630429927,1.18187368057,0.571428571429,NaN,NaN,NaN,NaN,NaN,NaN,0.400476190476,0.344262295082,7,0.0424242424242,0.276666666667,11,11,0,1,2,0,0.727272727273,0.272727272727,1,0.00909090909091,NaN,0.181818181818,-0.0909090909091,0.125,0.198219602188,0.029789728978,0.0012987012987,-0.223868608794,-0.14784839646,-0.0852813852814,0.316294927222,0.114868525944,0.0350649350649,NaN,NaN,NaN,NaN,NaN,NaN,-0.0985714285714,-0.055737704918,-1,-0.00606060606061,0.0211111111111,-0.0909090909091,0.0909090909091,0,19,2,1,88,0.95,0.977777777778,0.0222222222222,0.05,0.904761904762,0.95,0.926829268293,0.910490812697,0.927777777778,0.863636363636,3,2,0,0,0,0
4008,WLNM_dir_neg,0.625,0.333333333333,00:00:00,10,90,46,1179281695,threshold_sweep,0.3,0.333333333333,0.5,0.4,1,2,1,2,0.5,0.5,0.5,0.5,0.333333333333,0.5,0.4,0.5,0.5,0,0,0,20,18,2,0,20,0,18,0,2,11,20,0.181818181818,3.04338842975,3.63636363636,2,2.5,1.68954001271,0.464623503495,0.245454545455,1.16774841624,0.642261628933,0.336363636364,1.94000937205,1.06700515463,0.536363636364,1.05689877454,0.347276990411,3.54545454545,3.04338842975,1.05689877454,3.54545454545,0.499047619048,0.4,8,0.0484848484848,0.255555555556,11,11,11,1,0,0.0909090909091,0.636363636364,0.272727272727,11,0.163636363636,3.13636363636,3.27272727273,1.8,2.25,1.7372915179,0.530839074915,0.272727272727,1.0269106361,0.627556499842,0.323232323232,1.85864075457,1.13583601668,0.545454545455,1.09815041931,0.350134916302,3.75,3.13636363636,1.09815041931,3.75,0.427619047619,0.3,5,0.030303030303,0.260740740741,11,11,11,1,0,0.0909090909091,0.636363636364,0.272727272727,11,21,0.190909090909,NaN,3.81818181818,1.90909090909,2.625,1.8877596149,0.494413232473,0.246753246753,0.943879807449,0.494413232473,0.251082251082,2.25630429927,1.18187368057,0.571428571429,NaN,NaN,NaN,NaN,NaN,NaN,0.400476190476,0.344262295082,7,0.0424242424242,0.276666666667,11,11,0,1,2,0,0.727272727273,0.272727272727,1,0.00909090909091,NaN,0.181818181818,-0.0909090909091,0.125,0.198219602188,0.029789728978,0.0012987012987,-0.223868608794,-0.14784839646,-0.0852813852814,0.316294927222,0.114868525944,0.0350649350649,NaN,NaN,NaN,NaN,NaN,NaN,-0.0985714285714,-0.055737704918,-1,-0.00606060606061,0.0211111111111,-0.0909090909091,0.0909090909091,0,19,2,1,88,0.95,0.977777777778,0.0222222222222,0.05,0.904761904762,0.95,0.926829268293,0.910490812697,0.927777777778,0.863636363636,3,2,0,0,0,0
4009,WLNM_dir_neg,0.625,0.333333333333,00:00:00,10,90,46,1179281695,threshold_sweep,0.4,0.5,0.5,0.5,1,1,1,3,0.5,0.75,0.25,0.5,0.5,0.5,0.5,0.666666666667,0.555555555556,0.25,0.25,0.25,20,18,2,0,20,0,18,0,2,11,20,0.181818181818,3.04338842975,3.63636363636,2,2.5,1.68954001271,0.464623503495,0.245454545455,1.16774841624,0.642261628933,0.336363636364,1.94000937205,1.06700515463,0.536363636364,1.05689877454,0.347276990411,3.54545454545,3.04338842975,1.05689877454,3.54545454545,0.499047619048,0.4,8,0.0484848484848,0.255555555556,11,11,11,1,0,0.0909090909091,0.636363636364,0.272727272727,11,0.163636363636,3.13636363636,3.27272727273,1.8,2.25,1.7372915179,0.530839074915,0.272727272727,1.0269106361,0.627556499842,0.323232323232,1.85864075457,1.13583601668,0.545454545455,1.09815041931,0.350134916302,3.75,3.13636363636,1.09815041931,3.75,0.427619047619,0.3,5,0.030303030303,0.260740740741,11,11,11,1,0,0.0909090909091,0.636363636364,0.272727272727,11,20,0.181818181818,NaN,3.63636363636,1.81818181818,2.5,1.85864075457,0.511126207507,0.254545454545,0.873862897505,0.480624593628,0.245454545455,2.13626692238,1.17494680731,0.563636363636,NaN,NaN,NaN,NaN,NaN,NaN,0.432380952381,0.333333333333,6,0.0363636363636,0.281515151515,11,11,0,1,2,0,0.727272727273,0.272727272727,0,0,NaN,0,-0.181818181818,0,0.16910074186,0.0465027040115,0.00909090909091,-0.293885518737,-0.161637035305,-0.0909090909091,0.196257550327,0.10794165268,0.0272727272727,NaN,NaN,NaN,NaN,NaN,NaN,-0.0666666666667,-0.0666666666667,-2,-0.0121212121212,0.0259595959596,-0.0909090909091,0.0909090909091,0,19,1,1,89,0.95,0.988888888889,0.0111111111111,0.05,0.95,0.95,0.95,0.938888888889,0.938888888889,0.904761904762,2,2,0,0,0,0
4010,WLNM_dir_neg,0.625,0.333333333333,00:00:00,10,90,46,1179281695,threshold_sweep,0.5,0.5,0.5,0.5,1,1,1,3,0.5,0.75,0.25,0.5,0.5,0.5,0.5,0.666666666667,0.555555555556,0.25,0.25,0.25,20,18,2,0,20,0,18,0,2,11,20,0.181818181818,3.04338842975,3.63636363636,2,2.5,1.68954001271,0.464623503495,0.245454545455,1.16774841624,0.642261628933,0.336363636364,1.94000937205,1.06700515463,0.536363636364,1.05689877454,0.347276990411,3.54545454545,3.04338842975,1.05689877454,3.54545454545,0.499047619048,0.4,8,0.0484848484848,0.255555555556,11,11,11,1,0,0.0909090909091,0.636363636364,0.272727272727,11,0.163636363636,3.13636363636,3.27272727273,1.8,2.25,1.7372915179,0.530839074915,0.272727272727,1.0269106361,0.627556499842,0.323232323232,1.85864075457,1.13583601668,0.545454545455,1.09815041931,0.350134916302,3.75,3.13636363636,1.09815041931,3.75,0.427619047619,0.3,5,0.030303030303,0.260740740741,11,11,11,1,0,0.0909090909091,0.636363636364,0.272727272727,11,20,0.181818181818,NaN,3.63636363636,1.81818181818,2.5,1.85864075457,0.511126207507,0.254545454545,0.873862897505,0.480624593628,0.245454545455,2.13626692238,1.17494680731,0.563636363636,NaN,NaN,NaN,NaN,NaN,NaN,0.432380952381,0.333333333333,6,0.0363636363636,0.281515151515,11,11,0,1,2,0,0.727272727273,0.272727272727,0,0,NaN,0,-0.181818181818,0,0.16910074186,0.0465027040115,0.00909090909091,-0.293885518737,-0.161637035305,-0.0909090909091,0.196257550327,0.10794165268,0.0272727272727,NaN,NaN,NaN,NaN,NaN,NaN,-0.0666666666667,-0.0666666666667,-2,-0.0121212121212,0.0259595959596,-0.0909090909091,0.0909090909091,0,19,1,1,89,0.95,0.988888888889,0.0111111111111,0.05,0.95,0.95,0.95,0.938888888889,0.938888888889,0.904761904762,2,2,0,0,0,0
4011,WLNM_dir_neg,0.625,0.333333333333,00:00:00,10,90,46,1179281695,threshold_sweep,0.6,0.5,0.5,0.5,1,1,1,3,0.5,0.75,0.25,0.5,0.5,0.5,0.5,0.666666666667,0.555555555556,0.25,0.25,0.25,20,18,2,0,20,0,18,0,2,11,20,0.181818181818,3.04338842975,3.63636363636,2,2.5,1.68954001271,0.464623503495,0.245454545455,1.16774841624,0.642261628933,0.336363636364,1.94000937205,1.06700515463,0.536363636364,1.05689877454,0.347276990411,3.54545454545,3.04338842975,1.05689877454,3.54545454545,0.499047619048,0.4,8,0.0484848484848,0.255555555556,11,11,11,1,0,0.0909090909091,0.636363636364,0.272727272727,11,0.163636363636,3.13636363636,3.27272727273,1.8,2.25,1.7372915179,0.530839074915,0.272727272727,1.0269106361,0.627556499842,0.323232323232,1.85864075457,1.13583601668,0.545454545455,1.09815041931,0.350134916302,3.75,3.13636363636,1.09815041931,3.75,0.427619047619,0.3,5,0.030303030303,0.260740740741,11,11,11,1,0,0.0909090909091,0.636363636364,0.272727272727,11,20,0.181818181818,NaN,3.63636363636,1.81818181818,2.5,1.85864075457,0.511126207507,0.254545454545,0.873862897505,0.480624593628,0.245454545455,2.13626692238,1.17494680731,0.563636363636,NaN,NaN,NaN,NaN,NaN,NaN,0.432380952381,0.333333333333,6,0.0363636363636,0.281515151515,11,11,0,1,2,0,0.727272727273,0.272727272727,0,0,NaN,0,-0.181818181818,0,0.16910074186,0.0465027040115,0.00909090909091,-0.293885518737,-0.161637035305,-0.0909090909091,0.196257550327,0.10794165268,0.0272727272727,NaN,NaN,NaN,NaN,NaN,NaN,-0.0666666666667,-0.0666666666667,-2,-0.0121212121212,0.0259595959596,-0.0909090909091,0.0909090909091,0,19,1,1,89,0.95,0.988888888889,0.0111111111111,0.05,0.95,0.95,0.95,0.938888888889,0.938888888889,0.904761904762,2,2,0,0,0,0
4012,WLNM_dir_neg,0.625,0.333333333333,00:00:00,10,90,46,1179281695,threshold_sweep,0.7,0.5,0.5,0.5,1,1,1,3,0.5,0.75,0.25,0.5,0.5,0.5,0.5,0.666666666667,0.555555555556,0.25,0.25,0.25,20,18,2,0,20,0,18,0,2,11,20,0.181818181818,3.04338842975,3.63636363636,2,2.5,1.68954001271,0.464623503495,0.245454545455,1.16774841624,0.642261628933,0.336363636364,1.94000937205,1.06700515463,0.536363636364,1.05689877454,0.347276990411,3.54545454545,3.04338842975,1.05689877454,3.54545454545,0.499047619048,0.4,8,0.0484848484848,0.255555555556,11,11,11,1,0,0.0909090909091,0.636363636364,0.272727272727,11,0.163636363636,3.13636363636,3.27272727273,1.8,2.25,1.7372915179,0.530839074915,0.272727272727,1.0269106361,0.627556499842,0.323232323232,1.85864075457,1.13583601668,0.545454545455,1.09815041931,0.350134916302,3.75,3.13636363636,1.09815041931,3.75,0.427619047619,0.3,5,0.030303030303,0.260740740741,11,11,11,1,0,0.0909090909091,0.636363636364,0.272727272727,11,20,0.181818181818,NaN,3.63636363636,1.81818181818,2.5,1.85864075457,0.511126207507,0.254545454545,0.873862897505,0.480624593628,0.245454545455,2.13626692238,1.17494680731,0.563636363636,NaN,NaN,NaN,NaN,NaN,NaN,0.432380952381,0.333333333333,6,0.0363636363636,0.281515151515,11,11,0,1,2,0,0.727272727273,0.272727272727,0,0,NaN,0,-0.181818181818,0,0.16910074186,0.0465027040115,0.00909090909091,-0.293885518737,-0.161637035305,-0.0909090909091,0.196257550327,0.10794165268,0.0272727272727,NaN,NaN,NaN,NaN,NaN,NaN,-0.0666666666667,-0.0666666666667,-2,-0.0121212121212,0.0259595959596,-0.0909090909091,0.0909090909091,0,19,1,1,89,0.95,0.988888888889,0.0111111111111,0.05,0.95,0.95,0.95,0.938888888889,0.938888888889,0.904761904762,2,2,0,0,0,0
4013,WLNM_dir_neg,0.625,0.333333333333,00:00:00,10,90,46,1179281695,threshold_sweep,0.8,0.5,0.5,0.5,1,1,1,3,0.5,0.75,0.25,0.5,0.5,0.5,0.5,0.666666666667,0.555555555556,0.25,0.25,0.25,20,18,2,0,20,0,18,0,2,11,20,0.181818181818,3.04338842975,3.63636363636,2,2.5,1.68954001271,0.464623503495,0.245454545455,1.16774841624,0.642261628933,0.336363636364,1.94000937205,1.06700515463,0.536363636364,1.05689877454,0.347276990411,3.54545454545,3.04338842975,1.05689877454,3.54545454545,0.499047619048,0.4,8,0.0484848484848,0.255555555556,11,11,11,1,0,0.0909090909091,0.636363636364,0.272727272727,11,0.163636363636,3.13636363636,3.27272727273,1.8,2.25,1.7372915179,0.530839074915,0.272727272727,1.0269106361,0.627556499842,0.323232323232,1.85864075457,1.13583601668,0.545454545455,1.09815041931,0.350134916302,3.75,3.13636363636,1.09815041931,3.75,0.427619047619,0.3,5,0.030303030303,0.260740740741,11,11,11,1,0,0.0909090909091,0.636363636364,0.272727272727,11,20,0.181818181818,NaN,3.63636363636,1.81818181818,2.5,1.85864075457,0.511126207507,0.254545454545,0.873862897505,0.480624593628,0.245454545455,2.13626692238,1.17494680731,0.563636363636,NaN,NaN,NaN,NaN,NaN,NaN,0.432380952381,0.333333333333,6,0.0363636363636,0.281515151515,11,11,0,1,2,0,0.727272727273,0.272727272727,0,0,NaN,0,-0.181818181818,0,0.16910074186,0.0465027040115,0.00909090909091,-0.293885518737,-0.161637035305,-0.0909090909091,0.196257550327,0.10794165268,0.0272727272727,NaN,NaN,NaN,NaN,NaN,NaN,-0.0666666666667,-0.0666666666667,-2,-0.0121212121212,0.0259595959596,-0.0909090909091,0.0909090909091,0,19,1,1,89,0.95,0.988888888889,0.0111111111111,0.05,0.95,0.95,0.95,0.938888888889,0.938888888889,0.904761904762,2,2,0,0,0,0
4014,WLNM_dir_neg,0.625,0.333333333333,00:00:00,10,90,46,1179281695,threshold_sweep,0.9,0.5,0.5,0.5,1,1,1,3,0.5,0.75,0.25,0.5,0.5,0.5,0.5,0.666666666667,0.555555555556,0.25,0.25,0.25,20,18,2,0,20,0,18,0,2,11,20,0.181818181818,3.04338842975,3.63636363636,2,2.5,1.68954001271,0.464623503495,0.245454545455,1.16774841624,0.642261628933,0.336363636364,1.94000937205,1.06700515463,0.536363636364,1.05689877454,0.347276990411,3.54545454545,3.04338842975,1.05689877454,3.54545454545,0.499047619048,0.4,8,0.0484848484848,0.255555555556,11,11,11,1,0,0.0909090909091,0.636363636364,0.272727272727,11,0.163636363636,3.13636363636,3.27272727273,1.8,2.25,1.7372915179,0.530839074915,0.272727272727,1.0269106361,0.627556499842,0.323232323232,1.85864075457,1.13583601668,0.545454545455,1.09815041931,0.350134916302,3.75,3.13636363636,1.09815041931,3.75,0.427619047619,0.3,5,0.030303030303,0.260740740741,11,11,11,1,0,0.0909090909091,0.636363636364,0.272727272727,11,20,0.181818181818,NaN,3.63636363636,1.81818181818,2.5,1.85864075457,0.511126207507,0.254545454545,0.873862897505,0.480624593628,0.245454545455,2.13626692238,1.17494680731,0.563636363636,NaN,NaN,NaN,NaN,NaN,NaN,0.432380952381,0.333333333333,6,0.0363636363636,0.281515151515,11,11,0,1,2,0,0.727272727273,0.272727272727,0,0,NaN,0,-0.181818181818,0,0.16910074186,0.0465027040115,0.00909090909091,-0.293885518737,-0.161637035305,-0.0909090909091,0.196257550327,0.10794165268,0.0272727272727,NaN,NaN,NaN,NaN,NaN,NaN,-0.0666666666667,-0.0666666666667,-2,-0.0121212121212,0.0259595959596,-0.0909090909091,0.0909090909091,0,19,1,1,89,0.95,0.988888888889,0.0111111111111,0.05,0.95,0.95,0.95,0.938888888889,0.938888888889,0.904761904762,2,2,0,0,0,0
4015,WLNM_dir_neg,1,0,00:00:00,10,90,47,1179281696,threshold_sweep,0.1,1,1,1,2,0,0,4,1,1,0,0,1,1,1,1,0.555555555556,1,1,1,20,18,2,0,20,0,18,0,2,11,20,0.181818181818,3.04338842975,3.63636363636,2,2.5,1.68954001271,0.464623503495,0.245454545455,1.16774841624,0.642261628933,0.336363636364,1.94000937205,1.06700515463,0.536363636364,1.05689877454,0.347276990411,3.54545454545,3.04338842975,1.05689877454,3.54545454545,0.499047619048,0.4,8,0.0484848484848,0.255555555556,11,11,11,1,0,0.0909090909091,0.636363636364,0.272727272727,11,0.163636363636,3.15702479339,3.27272727273,1.8,2.25,2.00454030096,0.612498425294,0.323232323232,1.20604537831,0.73702773119,0.363636363636,1.91168654715,1.16825288992,0.555555555556,1.04198530063,0.330052935539,3.54545454545,3.15702479339,1.04198530063,3.54545454545,0.361904761905,0.333333333333,6,0.0363636363636,0.303703703704,11,11,11,1,0,0.0909090909091,0.636363636364,0.272727272727,11,20,0.181818181818,3.04338842975,3.63636363636,2,2.5,1.68954001271,0.464623503495,0.245454545455,1.16774841624,0.642261628933,0.336363636364,1.94000937205,1.06700515463,0.536363636364,1.05689877454,0.347276990411,3.54545454545,3.04338842975,1.05689877454,3.54545454545,0.499047619048,0.4,8,0.0484848484848,0.255555555556,11,11,11,1,0,0.0909090909091,0.636363636364,0.272727272727,0,0,0,0,0,0,0,0,0,0,0,0,0,0,0,0,0,0,0,0,0,0,0,0,0,0,0,0,0,20,0,0,90,1,1,0,0,1,1,1,1,1,1,2,2,0,0,0,0
4016,WLNM_dir_neg,1,0,00:00:00,10,90,47,1179281696,threshold_sweep,0.2,1,1,1,2,0,0,4,1,1,0,0,1,1,1,1,0.555555555556,1,1,1,20,18,2,0,20,0,18,0,2,11,20,0.181818181818,3.04338842975,3.63636363636,2,2.5,1.68954001271,0.464623503495,0.245454545455,1.16774841624,0.642261628933,0.336363636364,1.94000937205,1.06700515463,0.536363636364,1.05689877454,0.347276990411,3.54545454545,3.04338842975,1.05689877454,3.54545454545,0.499047619048,0.4,8,0.0484848484848,0.255555555556,11,11,11,1,0,0.0909090909091,0.636363636364,0.272727272727,11,0.163636363636,3.15702479339,3.27272727273,1.8,2.25,2.00454030096,0.612498425294,0.323232323232,1.20604537831,0.73702773119,0.363636363636,1.91168654715,1.16825288992,0.555555555556,1.04198530063,0.330052935539,3.54545454545,3.15702479339,1.04198530063,3.54545454545,0.361904761905,0.333333333333,6,0.0363636363636,0.303703703704,11,11,11,1,0,0.0909090909091,0.636363636364,0.272727272727,11,20,0.181818181818,3.04338842975,3.63636363636,2,2.5,1.68954001271,0.464623503495,0.245454545455,1.16774841624,0.642261628933,0.336363636364,1.94000937205,1.06700515463,0.536363636364,1.05689877454,0.347276990411,3.54545454545,3.04338842975,1.05689877454,3.54545454545,0.499047619048,0.4,8,0.0484848484848,0.255555555556,11,11,11,1,0,0.0909090909091,0.636363636364,0.272727272727,0,0,0,0,0,0,0,0,0,0,0,0,0,0,0,0,0,0,0,0,0,0,0,0,0,0,0,0,0,20,0,0,90,1,1,0,0,1,1,1,1,1,1,2,2,0,0,0,0
4017,WLNM_dir_neg,1,0,00:00:00,10,90,47,1179281696,threshold_sweep,0.3,1,1,1,2,0,0,4,1,1,0,0,1,1,1,1,0.555555555556,1,1,1,20,18,2,0,20,0,18,0,2,11,20,0.181818181818,3.04338842975,3.63636363636,2,2.5,1.68954001271,0.464623503495,0.245454545455,1.16774841624,0.642261628933,0.336363636364,1.94000937205,1.06700515463,0.536363636364,1.05689877454,0.347276990411,3.54545454545,3.04338842975,1.05689877454,3.54545454545,0.499047619048,0.4,8,0.0484848484848,0.255555555556,11,11,11,1,0,0.0909090909091,0.636363636364,0.272727272727,11,0.163636363636,3.15702479339,3.27272727273,1.8,2.25,2.00454030096,0.612498425294,0.323232323232,1.20604537831,0.73702773119,0.363636363636,1.91168654715,1.16825288992,0.555555555556,1.04198530063,0.330052935539,3.54545454545,3.15702479339,1.04198530063,3.54545454545,0.361904761905,0.333333333333,6,0.0363636363636,0.303703703704,11,11,11,1,0,0.0909090909091,0.636363636364,0.272727272727,11,20,0.181818181818,3.04338842975,3.63636363636,2,2.5,1.68954001271,0.464623503495,0.245454545455,1.16774841624,0.642261628933,0.336363636364,1.94000937205,1.06700515463,0.536363636364,1.05689877454,0.347276990411,3.54545454545,3.04338842975,1.05689877454,3.54545454545,0.499047619048,0.4,8,0.0484848484848,0.255555555556,11,11,11,1,0,0.0909090909091,0.636363636364,0.272727272727,0,0,0,0,0,0,0,0,0,0,0,0,0,0,0,0,0,0,0,0,0,0,0,0,0,0,0,0,0,20,0,0,90,1,1,0,0,1,1,1,1,1,1,2,2,0,0,0,0
4018,WLNM_dir_neg,1,0,00:00:00,10,90,47,1179281696,threshold_sweep,0.4,1,1,1,2,0,0,4,1,1,0,0,1,1,1,1,0.555555555556,1,1,1,20,18,2,0,20,0,18,0,2,11,20,0.181818181818,3.04338842975,3.63636363636,2,2.5,1.68954001271,0.464623503495,0.245454545455,1.16774841624,0.642261628933,0.336363636364,1.94000937205,1.06700515463,0.536363636364,1.05689877454,0.347276990411,3.54545454545,3.04338842975,1.05689877454,3.54545454545,0.499047619048,0.4,8,0.0484848484848,0.255555555556,11,11,11,1,0,0.0909090909091,0.636363636364,0.272727272727,11,0.163636363636,3.15702479339,3.27272727273,1.8,2.25,2.00454030096,0.612498425294,0.323232323232,1.20604537831,0.73702773119,0.363636363636,1.91168654715,1.16825288992,0.555555555556,1.04198530063,0.330052935539,3.54545454545,3.15702479339,1.04198530063,3.54545454545,0.361904761905,0.333333333333,6,0.0363636363636,0.303703703704,11,11,11,1,0,0.0909090909091,0.636363636364,0.272727272727,11,20,0.181818181818,3.04338842975,3.63636363636,2,2.5,1.68954001271,0.464623503495,0.245454545455,1.16774841624,0.642261628933,0.336363636364,1.94000937205,1.06700515463,0.536363636364,1.05689877454,0.347276990411,3.54545454545,3.04338842975,1.05689877454,3.54545454545,0.499047619048,0.4,8,0.0484848484848,0.255555555556,11,11,11,1,0,0.0909090909091,0.636363636364,0.272727272727,0,0,0,0,0,0,0,0,0,0,0,0,0,0,0,0,0,0,0,0,0,0,0,0,0,0,0,0,0,20,0,0,90,1,1,0,0,1,1,1,1,1,1,2,2,0,0,0,0
4019,WLNM_dir_neg,1,0,00:00:00,10,90,47,1179281696,threshold_sweep,0.5,1,1,1,2,0,0,4,1,1,0,0,1,1,1,1,0.555555555556,1,1,1,20,18,2,0,20,0,18,0,2,11,20,0.181818181818,3.04338842975,3.63636363636,2,2.5,1.68954001271,0.464623503495,0.245454545455,1.16774841624,0.642261628933,0.336363636364,1.94000937205,1.06700515463,0.536363636364,1.05689877454,0.347276990411,3.54545454545,3.04338842975,1.05689877454,3.54545454545,0.499047619048,0.4,8,0.0484848484848,0.255555555556,11,11,11,1,0,0.0909090909091,0.636363636364,0.272727272727,11,0.163636363636,3.15702479339,3.27272727273,1.8,2.25,2.00454030096,0.612498425294,0.323232323232,1.20604537831,0.73702773119,0.363636363636,1.91168654715,1.16825288992,0.555555555556,1.04198530063,0.330052935539,3.54545454545,3.15702479339,1.04198530063,3.54545454545,0.361904761905,0.333333333333,6,0.0363636363636,0.303703703704,11,11,11,1,0,0.0909090909091,0.636363636364,0.272727272727,11,20,0.181818181818,3.04338842975,3.63636363636,2,2.5,1.68954001271,0.464623503495,0.245454545455,1.16774841624,0.642261628933,0.336363636364,1.94000937205,1.06700515463,0.536363636364,1.05689877454,0.347276990411,3.54545454545,3.04338842975,1.05689877454,3.54545454545,0.499047619048,0.4,8,0.0484848484848,0.255555555556,11,11,11,1,0,0.0909090909091,0.636363636364,0.272727272727,0,0,0,0,0,0,0,0,0,0,0,0,0,0,0,0,0,0,0,0,0,0,0,0,0,0,0,0,0,20,0,0,90,1,1,0,0,1,1,1,1,1,1,2,2,0,0,0,0
4020,WLNM_dir_neg,1,0,00:00:00,10,90,47,1179281696,threshold_sweep,0.6,1,1,1,2,0,0,4,1,1,0,0,1,1,1,1,0.555555555556,1,1,1,20,18,2,0,20,0,18,0,2,11,20,0.181818181818,3.04338842975,3.63636363636,2,2.5,1.68954001271,0.464623503495,0.245454545455,1.16774841624,0.642261628933,0.336363636364,1.94000937205,1.06700515463,0.536363636364,1.05689877454,0.347276990411,3.54545454545,3.04338842975,1.05689877454,3.54545454545,0.499047619048,0.4,8,0.0484848484848,0.255555555556,11,11,11,1,0,0.0909090909091,0.636363636364,0.272727272727,11,0.163636363636,3.15702479339,3.27272727273,1.8,2.25,2.00454030096,0.612498425294,0.323232323232,1.20604537831,0.73702773119,0.363636363636,1.91168654715,1.16825288992,0.555555555556,1.04198530063,0.330052935539,3.54545454545,3.15702479339,1.04198530063,3.54545454545,0.361904761905,0.333333333333,6,0.0363636363636,0.303703703704,11,11,11,1,0,0.0909090909091,0.636363636364,0.272727272727,11,20,0.181818181818,3.04338842975,3.63636363636,2,2.5,1.68954001271,0.464623503495,0.245454545455,1.16774841624,0.642261628933,0.336363636364,1.94000937205,1.06700515463,0.536363636364,1.05689877454,0.347276990411,3.54545454545,3.04338842975,1.05689877454,3.54545454545,0.499047619048,0.4,8,0.0484848484848,0.255555555556,11,11,11,1,0,0.0909090909091,0.636363636364,0.272727272727,0,0,0,0,0,0,0,0,0,0,0,0,0,0,0,0,0,0,0,0,0,0,0,0,0,0,0,0,0,20,0,0,90,1,1,0,0,1,1,1,1,1,1,2,2,0,0,0,0
4021,WLNM_dir_neg,1,0,00:00:00,10,90,47,1179281696,threshold_sweep,0.7,1,1,1,2,0,0,4,1,1,0,0,1,1,1,1,0.555555555556,1,1,1,20,18,2,0,20,0,18,0,2,11,20,0.181818181818,3.04338842975,3.63636363636,2,2.5,1.68954001271,0.464623503495,0.245454545455,1.16774841624,0.642261628933,0.336363636364,1.94000937205,1.06700515463,0.536363636364,1.05689877454,0.347276990411,3.54545454545,3.04338842975,1.05689877454,3.54545454545,0.499047619048,0.4,8,0.0484848484848,0.255555555556,11,11,11,1,0,0.0909090909091,0.636363636364,0.272727272727,11,0.163636363636,3.15702479339,3.27272727273,1.8,2.25,2.00454030096,0.612498425294,0.323232323232,1.20604537831,0.73702773119,0.363636363636,1.91168654715,1.16825288992,0.555555555556,1.04198530063,0.330052935539,3.54545454545,3.15702479339,1.04198530063,3.54545454545,0.361904761905,0.333333333333,6,0.0363636363636,0.303703703704,11,11,11,1,0,0.0909090909091,0.636363636364,0.272727272727,11,20,0.181818181818,3.04338842975,3.63636363636,2,2.5,1.68954001271,0.464623503495,0.245454545455,1.16774841624,0.642261628933,0.336363636364,1.94000937205,1.06700515463,0.536363636364,1.05689877454,0.347276990411,3.54545454545,3.04338842975,1.05689877454,3.54545454545,0.499047619048,0.4,8,0.0484848484848,0.255555555556,11,11,11,1,0,0.0909090909091,0.636363636364,0.272727272727,0,0,0,0,0,0,0,0,0,0,0,0,0,0,0,0,0,0,0,0,0,0,0,0,0,0,0,0,0,20,0,0,90,1,1,0,0,1,1,1,1,1,1,2,2,0,0,0,0
4022,WLNM_dir_neg,1,0,00:00:00,10,90,47,1179281696,threshold_sweep,0.8,1,1,1,2,0,0,4,1,1,0,0,1,1,1,1,0.555555555556,1,1,1,20,18,2,0,20,0,18,0,2,11,20,0.181818181818,3.04338842975,3.63636363636,2,2.5,1.68954001271,0.464623503495,0.245454545455,1.16774841624,0.642261628933,0.336363636364,1.94000937205,1.06700515463,0.536363636364,1.05689877454,0.347276990411,3.54545454545,3.04338842975,1.05689877454,3.54545454545,0.499047619048,0.4,8,0.0484848484848,0.255555555556,11,11,11,1,0,0.0909090909091,0.636363636364,0.272727272727,11,0.163636363636,3.15702479339,3.27272727273,1.8,2.25,2.00454030096,0.612498425294,0.323232323232,1.20604537831,0.73702773119,0.363636363636,1.91168654715,1.16825288992,0.555555555556,1.04198530063,0.330052935539,3.54545454545,3.15702479339,1.04198530063,3.54545454545,0.361904761905,0.333333333333,6,0.0363636363636,0.303703703704,11,11,11,1,0,0.0909090909091,0.636363636364,0.272727272727,11,20,0.181818181818,3.04338842975,3.63636363636,2,2.5,1.68954001271,0.464623503495,0.245454545455,1.16774841624,0.642261628933,0.336363636364,1.94000937205,1.06700515463,0.536363636364,1.05689877454,0.347276990411,3.54545454545,3.04338842975,1.05689877454,3.54545454545,0.499047619048,0.4,8,0.0484848484848,0.255555555556,11,11,11,1,0,0.0909090909091,0.636363636364,0.272727272727,0,0,0,0,0,0,0,0,0,0,0,0,0,0,0,0,0,0,0,0,0,0,0,0,0,0,0,0,0,20,0,0,90,1,1,0,0,1,1,1,1,1,1,2,2,0,0,0,0
4023,WLNM_dir_neg,1,0,00:00:00,10,90,47,1179281696,threshold_sweep,0.9,1,1,1,2,0,0,4,1,1,0,0,1,1,1,1,0.555555555556,1,1,1,20,18,2,0,20,0,18,0,2,11,20,0.181818181818,3.04338842975,3.63636363636,2,2.5,1.68954001271,0.464623503495,0.245454545455,1.16774841624,0.642261628933,0.336363636364,1.94000937205,1.06700515463,0.536363636364,1.05689877454,0.347276990411,3.54545454545,3.04338842975,1.05689877454,3.54545454545,0.499047619048,0.4,8,0.0484848484848,0.255555555556,11,11,11,1,0,0.0909090909091,0.636363636364,0.272727272727,11,0.163636363636,3.15702479339,3.27272727273,1.8,2.25,2.00454030096,0.612498425294,0.323232323232,1.20604537831,0.73702773119,0.363636363636,1.91168654715,1.16825288992,0.555555555556,1.04198530063,0.330052935539,3.54545454545,3.15702479339,1.04198530063,3.54545454545,0.361904761905,0.333333333333,6,0.0363636363636,0.303703703704,11,11,11,1,0,0.0909090909091,0.636363636364,0.272727272727,11,20,0.181818181818,3.04338842975,3.63636363636,2,2.5,1.68954001271,0.464623503495,0.245454545455,1.16774841624,0.642261628933,0.336363636364,1.94000937205,1.06700515463,0.536363636364,1.05689877454,0.347276990411,3.54545454545,3.04338842975,1.05689877454,3.54545454545,0.499047619048,0.4,8,0.0484848484848,0.255555555556,11,11,11,1,0,0.0909090909091,0.636363636364,0.272727272727,0,0,0,0,0,0,0,0,0,0,0,0,0,0,0,0,0,0,0,0,0,0,0,0,0,0,0,0,0,20,0,0,90,1,1,0,0,1,1,1,1,1,1,2,2,0,0,0,0
4024,WLNM_dir_neg,1,0,00:00:00,10,90,48,1179281697,threshold_sweep,0.1,1,1,1,2,0,0,4,1,1,0,0,1,1,1,1,0.555555555556,1,1,1,20,18,2,0,20,0,18,0,2,11,20,0.181818181818,3.04338842975,3.63636363636,2,2.5,1.68954001271,0.464623503495,0.245454545455,1.16774841624,0.642261628933,0.336363636364,1.94000937205,1.06700515463,0.536363636364,1.05689877454,0.347276990411,3.54545454545,3.04338842975,1.05689877454,3.54545454545,0.499047619048,0.4,8,0.0484848484848,0.255555555556,11,11,11,1,0,0.0909090909091,0.636363636364,0.272727272727,11,0.163636363636,3.15702479339,3.27272727273,1.8,2.25,2.00454030096,0.612498425294,0.323232323232,1.20604537831,0.73702773119,0.363636363636,1.91168654715,1.16825288992,0.555555555556,1.04198530063,0.330052935539,3.54545454545,3.15702479339,1.04198530063,3.54545454545,0.361904761905,0.333333333333,6,0.0363636363636,0.303703703704,11,11,11,1,0,0.0909090909091,0.636363636364,0.272727272727,11,20,0.181818181818,3.04338842975,3.63636363636,2,2.5,1.68954001271,0.464623503495,0.245454545455,1.16774841624,0.642261628933,0.336363636364,1.94000937205,1.06700515463,0.536363636364,1.05689877454,0.347276990411,3.54545454545,3.04338842975,1.05689877454,3.54545454545,0.499047619048,0.4,8,0.0484848484848,0.255555555556,11,11,11,1,0,0.0909090909091,0.636363636364,0.272727272727,0,0,0,0,0,0,0,0,0,0,0,0,0,0,0,0,0,0,0,0,0,0,0,0,0,0,0,0,0,20,0,0,90,1,1,0,0,1,1,1,1,1,1,2,2,0,0,0,0
4025,WLNM_dir_neg,1,0,00:00:00,10,90,48,1179281697,threshold_sweep,0.2,1,1,1,2,0,0,4,1,1,0,0,1,1,1,1,0.555555555556,1,1,1,20,18,2,0,20,0,18,0,2,11,20,0.181818181818,3.04338842975,3.63636363636,2,2.5,1.68954001271,0.464623503495,0.245454545455,1.16774841624,0.642261628933,0.336363636364,1.94000937205,1.06700515463,0.536363636364,1.05689877454,0.347276990411,3.54545454545,3.04338842975,1.05689877454,3.54545454545,0.499047619048,0.4,8,0.0484848484848,0.255555555556,11,11,11,1,0,0.0909090909091,0.636363636364,0.272727272727,11,0.163636363636,3.15702479339,3.27272727273,1.8,2.25,2.00454030096,0.612498425294,0.323232323232,1.20604537831,0.73702773119,0.363636363636,1.91168654715,1.16825288992,0.555555555556,1.04198530063,0.330052935539,3.54545454545,3.15702479339,1.04198530063,3.54545454545,0.361904761905,0.333333333333,6,0.0363636363636,0.303703703704,11,11,11,1,0,0.0909090909091,0.636363636364,0.272727272727,11,20,0.181818181818,3.04338842975,3.63636363636,2,2.5,1.68954001271,0.464623503495,0.245454545455,1.16774841624,0.642261628933,0.336363636364,1.94000937205,1.06700515463,0.536363636364,1.05689877454,0.347276990411,3.54545454545,3.04338842975,1.05689877454,3.54545454545,0.499047619048,0.4,8,0.0484848484848,0.255555555556,11,11,11,1,0,0.0909090909091,0.636363636364,0.272727272727,0,0,0,0,0,0,0,0,0,0,0,0,0,0,0,0,0,0,0,0,0,0,0,0,0,0,0,0,0,20,0,0,90,1,1,0,0,1,1,1,1,1,1,2,2,0,0,0,0
4026,WLNM_dir_neg,1,0,00:00:00,10,90,48,1179281697,threshold_sweep,0.3,1,1,1,2,0,0,4,1,1,0,0,1,1,1,1,0.555555555556,1,1,1,20,18,2,0,20,0,18,0,2,11,20,0.181818181818,3.04338842975,3.63636363636,2,2.5,1.68954001271,0.464623503495,0.245454545455,1.16774841624,0.642261628933,0.336363636364,1.94000937205,1.06700515463,0.536363636364,1.05689877454,0.347276990411,3.54545454545,3.04338842975,1.05689877454,3.54545454545,0.499047619048,0.4,8,0.0484848484848,0.255555555556,11,11,11,1,0,0.0909090909091,0.636363636364,0.272727272727,11,0.163636363636,3.15702479339,3.27272727273,1.8,2.25,2.00454030096,0.612498425294,0.323232323232,1.20604537831,0.73702773119,0.363636363636,1.91168654715,1.16825288992,0.555555555556,1.04198530063,0.330052935539,3.54545454545,3.15702479339,1.04198530063,3.54545454545,0.361904761905,0.333333333333,6,0.0363636363636,0.303703703704,11,11,11,1,0,0.0909090909091,0.636363636364,0.272727272727,11,20,0.181818181818,3.04338842975,3.63636363636,2,2.5,1.68954001271,0.464623503495,0.245454545455,1.16774841624,0.642261628933,0.336363636364,1.94000937205,1.06700515463,0.536363636364,1.05689877454,0.347276990411,3.54545454545,3.04338842975,1.05689877454,3.54545454545,0.499047619048,0.4,8,0.0484848484848,0.255555555556,11,11,11,1,0,0.0909090909091,0.636363636364,0.272727272727,0,0,0,0,0,0,0,0,0,0,0,0,0,0,0,0,0,0,0,0,0,0,0,0,0,0,0,0,0,20,0,0,90,1,1,0,0,1,1,1,1,1,1,2,2,0,0,0,0
4027,WLNM_dir_neg,1,0,00:00:00,10,90,48,1179281697,threshold_sweep,0.4,1,1,1,2,0,0,4,1,1,0,0,1,1,1,1,0.555555555556,1,1,1,20,18,2,0,20,0,18,0,2,11,20,0.181818181818,3.04338842975,3.63636363636,2,2.5,1.68954001271,0.464623503495,0.245454545455,1.16774841624,0.642261628933,0.336363636364,1.94000937205,1.06700515463,0.536363636364,1.05689877454,0.347276990411,3.54545454545,3.04338842975,1.05689877454,3.54545454545,0.499047619048,0.4,8,0.0484848484848,0.255555555556,11,11,11,1,0,0.0909090909091,0.636363636364,0.272727272727,11,0.163636363636,3.15702479339,3.27272727273,1.8,2.25,2.00454030096,0.612498425294,0.323232323232,1.20604537831,0.73702773119,0.363636363636,1.91168654715,1.16825288992,0.555555555556,1.04198530063,0.330052935539,3.54545454545,3.15702479339,1.04198530063,3.54545454545,0.361904761905,0.333333333333,6,0.0363636363636,0.303703703704,11,11,11,1,0,0.0909090909091,0.636363636364,0.272727272727,11,20,0.181818181818,3.04338842975,3.63636363636,2,2.5,1.68954001271,0.464623503495,0.245454545455,1.16774841624,0.642261628933,0.336363636364,1.94000937205,1.06700515463,0.536363636364,1.05689877454,0.347276990411,3.54545454545,3.04338842975,1.05689877454,3.54545454545,0.499047619048,0.4,8,0.0484848484848,0.255555555556,11,11,11,1,0,0.0909090909091,0.636363636364,0.272727272727,0,0,0,0,0,0,0,0,0,0,0,0,0,0,0,0,0,0,0,0,0,0,0,0,0,0,0,0,0,20,0,0,90,1,1,0,0,1,1,1,1,1,1,2,2,0,0,0,0
4028,WLNM_dir_neg,1,0,00:00:00,10,90,48,1179281697,threshold_sweep,0.5,1,1,1,2,0,0,4,1,1,0,0,1,1,1,1,0.555555555556,1,1,1,20,18,2,0,20,0,18,0,2,11,20,0.181818181818,3.04338842975,3.63636363636,2,2.5,1.68954001271,0.464623503495,0.245454545455,1.16774841624,0.642261628933,0.336363636364,1.94000937205,1.06700515463,0.536363636364,1.05689877454,0.347276990411,3.54545454545,3.04338842975,1.05689877454,3.54545454545,0.499047619048,0.4,8,0.0484848484848,0.255555555556,11,11,11,1,0,0.0909090909091,0.636363636364,0.272727272727,11,0.163636363636,3.15702479339,3.27272727273,1.8,2.25,2.00454030096,0.612498425294,0.323232323232,1.20604537831,0.73702773119,0.363636363636,1.91168654715,1.16825288992,0.555555555556,1.04198530063,0.330052935539,3.54545454545,3.15702479339,1.04198530063,3.54545454545,0.361904761905,0.333333333333,6,0.0363636363636,0.303703703704,11,11,11,1,0,0.0909090909091,0.636363636364,0.272727272727,11,20,0.181818181818,3.04338842975,3.63636363636,2,2.5,1.68954001271,0.464623503495,0.245454545455,1.16774841624,0.642261628933,0.336363636364,1.94000937205,1.06700515463,0.536363636364,1.05689877454,0.347276990411,3.54545454545,3.04338842975,1.05689877454,3.54545454545,0.499047619048,0.4,8,0.0484848484848,0.255555555556,11,11,11,1,0,0.0909090909091,0.636363636364,0.272727272727,0,0,0,0,0,0,0,0,0,0,0,0,0,0,0,0,0,0,0,0,0,0,0,0,0,0,0,0,0,20,0,0,90,1,1,0,0,1,1,1,1,1,1,2,2,0,0,0,0
4029,WLNM_dir_neg,1,0,00:00:00,10,90,48,1179281697,threshold_sweep,0.6,1,1,1,2,0,0,4,1,1,0,0,1,1,1,1,0.555555555556,1,1,1,20,18,2,0,20,0,18,0,2,11,20,0.181818181818,3.04338842975,3.63636363636,2,2.5,1.68954001271,0.464623503495,0.245454545455,1.16774841624,0.642261628933,0.336363636364,1.94000937205,1.06700515463,0.536363636364,1.05689877454,0.347276990411,3.54545454545,3.04338842975,1.05689877454,3.54545454545,0.499047619048,0.4,8,0.0484848484848,0.255555555556,11,11,11,1,0,0.0909090909091,0.636363636364,0.272727272727,11,0.163636363636,3.15702479339,3.27272727273,1.8,2.25,2.00454030096,0.612498425294,0.323232323232,1.20604537831,0.73702773119,0.363636363636,1.91168654715,1.16825288992,0.555555555556,1.04198530063,0.330052935539,3.54545454545,3.15702479339,1.04198530063,3.54545454545,0.361904761905,0.333333333333,6,0.0363636363636,0.303703703704,11,11,11,1,0,0.0909090909091,0.636363636364,0.272727272727,11,20,0.181818181818,3.04338842975,3.63636363636,2,2.5,1.68954001271,0.464623503495,0.245454545455,1.16774841624,0.642261628933,0.336363636364,1.94000937205,1.06700515463,0.536363636364,1.05689877454,0.347276990411,3.54545454545,3.04338842975,1.05689877454,3.54545454545,0.499047619048,0.4,8,0.0484848484848,0.255555555556,11,11,11,1,0,0.0909090909091,0.636363636364,0.272727272727,0,0,0,0,0,0,0,0,0,0,0,0,0,0,0,0,0,0,0,0,0,0,0,0,0,0,0,0,0,20,0,0,90,1,1,0,0,1,1,1,1,1,1,2,2,0,0,0,0
4030,WLNM_dir_neg,1,0,00:00:00,10,90,48,1179281697,threshold_sweep,0.7,1,1,1,2,0,0,4,1,1,0,0,1,1,1,1,0.555555555556,1,1,1,20,18,2,0,20,0,18,0,2,11,20,0.181818181818,3.04338842975,3.63636363636,2,2.5,1.68954001271,0.464623503495,0.245454545455,1.16774841624,0.642261628933,0.336363636364,1.94000937205,1.06700515463,0.536363636364,1.05689877454,0.347276990411,3.54545454545,3.04338842975,1.05689877454,3.54545454545,0.499047619048,0.4,8,0.0484848484848,0.255555555556,11,11,11,1,0,0.0909090909091,0.636363636364,0.272727272727,11,0.163636363636,3.15702479339,3.27272727273,1.8,2.25,2.00454030096,0.612498425294,0.323232323232,1.20604537831,0.73702773119,0.363636363636,1.91168654715,1.16825288992,0.555555555556,1.04198530063,0.330052935539,3.54545454545,3.15702479339,1.04198530063,3.54545454545,0.361904761905,0.333333333333,6,0.0363636363636,0.303703703704,11,11,11,1,0,0.0909090909091,0.636363636364,0.272727272727,11,20,0.181818181818,3.04338842975,3.63636363636,2,2.5,1.68954001271,0.464623503495,0.245454545455,1.16774841624,0.642261628933,0.336363636364,1.94000937205,1.06700515463,0.536363636364,1.05689877454,0.347276990411,3.54545454545,3.04338842975,1.05689877454,3.54545454545,0.499047619048,0.4,8,0.0484848484848,0.255555555556,11,11,11,1,0,0.0909090909091,0.636363636364,0.272727272727,0,0,0,0,0,0,0,0,0,0,0,0,0,0,0,0,0,0,0,0,0,0,0,0,0,0,0,0,0,20,0,0,90,1,1,0,0,1,1,1,1,1,1,2,2,0,0,0,0
4031,WLNM_dir_neg,1,0,00:00:00,10,90,48,1179281697,threshold_sweep,0.8,1,1,1,2,0,0,4,1,1,0,0,1,1,1,1,0.555555555556,1,1,1,20,18,2,0,20,0,18,0,2,11,20,0.181818181818,3.04338842975,3.63636363636,2,2.5,1.68954001271,0.464623503495,0.245454545455,1.16774841624,0.642261628933,0.336363636364,1.94000937205,1.06700515463,0.536363636364,1.05689877454,0.347276990411,3.54545454545,3.04338842975,1.05689877454,3.54545454545,0.499047619048,0.4,8,0.0484848484848,0.255555555556,11,11,11,1,0,0.0909090909091,0.636363636364,0.272727272727,11,0.163636363636,3.15702479339,3.27272727273,1.8,2.25,2.00454030096,0.612498425294,0.323232323232,1.20604537831,0.73702773119,0.363636363636,1.91168654715,1.16825288992,0.555555555556,1.04198530063,0.330052935539,3.54545454545,3.15702479339,1.04198530063,3.54545454545,0.361904761905,0.333333333333,6,0.0363636363636,0.303703703704,11,11,11,1,0,0.0909090909091,0.636363636364,0.272727272727,11,20,0.181818181818,3.04338842975,3.63636363636,2,2.5,1.68954001271,0.464623503495,0.245454545455,1.16774841624,0.642261628933,0.336363636364,1.94000937205,1.06700515463,0.536363636364,1.05689877454,0.347276990411,3.54545454545,3.04338842975,1.05689877454,3.54545454545,0.499047619048,0.4,8,0.0484848484848,0.255555555556,11,11,11,1,0,0.0909090909091,0.636363636364,0.272727272727,0,0,0,0,0,0,0,0,0,0,0,0,0,0,0,0,0,0,0,0,0,0,0,0,0,0,0,0,0,20,0,0,90,1,1,0,0,1,1,1,1,1,1,2,2,0,0,0,0
4032,WLNM_dir_neg,1,0,00:00:00,10,90,48,1179281697,threshold_sweep,0.9,1,1,1,2,0,0,4,1,1,0,0,1,1,1,1,0.555555555556,1,1,1,20,18,2,0,20,0,18,0,2,11,20,0.181818181818,3.04338842975,3.63636363636,2,2.5,1.68954001271,0.464623503495,0.245454545455,1.16774841624,0.642261628933,0.336363636364,1.94000937205,1.06700515463,0.536363636364,1.05689877454,0.347276990411,3.54545454545,3.04338842975,1.05689877454,3.54545454545,0.499047619048,0.4,8,0.0484848484848,0.255555555556,11,11,11,1,0,0.0909090909091,0.636363636364,0.272727272727,11,0.163636363636,3.15702479339,3.27272727273,1.8,2.25,2.00454030096,0.612498425294,0.323232323232,1.20604537831,0.73702773119,0.363636363636,1.91168654715,1.16825288992,0.555555555556,1.04198530063,0.330052935539,3.54545454545,3.15702479339,1.04198530063,3.54545454545,0.361904761905,0.333333333333,6,0.0363636363636,0.303703703704,11,11,11,1,0,0.0909090909091,0.636363636364,0.272727272727,11,20,0.181818181818,3.04338842975,3.63636363636,2,2.5,1.68954001271,0.464623503495,0.245454545455,1.16774841624,0.642261628933,0.336363636364,1.94000937205,1.06700515463,0.536363636364,1.05689877454,0.347276990411,3.54545454545,3.04338842975,1.05689877454,3.54545454545,0.499047619048,0.4,8,0.0484848484848,0.255555555556,11,11,11,1,0,0.0909090909091,0.636363636364,0.272727272727,0,0,0,0,0,0,0,0,0,0,0,0,0,0,0,0,0,0,0,0,0,0,0,0,0,0,0,0,0,20,0,0,90,1,1,0,0,1,1,1,1,1,1,2,2,0,0,0,0
4033,WLNM_dir_neg,0.625,0.1625,00:00:00,10,90,49,1179281698,threshold_sweep,0.1,1,0.5,0.666666666667,1,0,1,4,0.5,1,0,0.5,1,0.5,0.666666666667,0.833333333333,0.611111111111,0.571428571429,0.632455532034,0.5,20,18,2,0,20,0,18,0,2,11,20,0.181818181818,3.04338842975,3.63636363636,2,2.5,1.68954001271,0.464623503495,0.245454545455,1.16774841624,0.642261628933,0.336363636364,1.94000937205,1.06700515463,0.536363636364,1.05689877454,0.347276990411,3.54545454545,3.04338842975,1.05689877454,3.54545454545,0.499047619048,0.4,8,0.0484848484848,0.255555555556,11,11,11,1,0,0.0909090909091,0.636363636364,0.272727272727,11,0.163636363636,3.13636363636,3.27272727273,1.8,2.25,1.7372915179,0.530839074915,0.272727272727,1.0269106361,0.627556499842,0.323232323232,1.85864075457,1.13583601668,0.545454545455,1.09815041931,0.350134916302,3.75,3.13636363636,1.09815041931,3.75,0.427619047619,0.3,5,0.030303030303,0.260740740741,11,11,11,1,0,0.0909090909091,0.636363636364,0.272727272727,11,19,0.172727272727,3.11157024793,3.45454545455,1.9,2.375,1.80906806747,0.523677598477,0.272727272727,1.19087439228,0.689453595529,0.354066985646,1.90215189146,1.1012458319,0.545454545455,1.0602655888,0.340749365856,3.54545454545,3.11157024793,1.0602655888,3.54545454545,0.494285714286,0.375,7,0.0424242424242,0.268518518519,11,11,11,1,0,0.0909090909091,0.636363636364,0.272727272727,-1,-0.00909090909091,0.0681818181818,-0.181818181818,-0.1,-0.125,0.119528054757,0.0590540949821,0.0272727272727,0.023125976035,0.0471919665957,0.0177033492823,-0.0378574805894,0.0342406772707,0.00909090909091,0.00336681426204,-0.00652762455561,0,0.0681818181818,0.00336681426204,0,-0.0047619047619,-0.025,-1,-0.00606060606061,0.012962962963,0,0,0,19,0,1,90,0.95,1,0,0.05,1,0.95,0.974358974359,0.969309258988,0.95,0.95,1,2,0,0,0,0
4034,WLNM_dir_neg,0.625,0.1625,00:00:00,10,90,49,1179281698,threshold_sweep,0.2,1,0.5,0.666666666667,1,0,1,4,0.5,1,0,0.5,1,0.5,0.666666666667,0.833333333333,0.611111111111,0.571428571429,0.632455532034,0.5,20,18,2,0,20,0,18,0,2,11,20,0.181818181818,3.04338842975,3.63636363636,2,2.5,1.68954001271,0.464623503495,0.245454545455,1.16774841624,0.642261628933,0.336363636364,1.94000937205,1.06700515463,0.536363636364,1.05689877454,0.347276990411,3.54545454545,3.04338842975,1.05689877454,3.54545454545,0.499047619048,0.4,8,0.0484848484848,0.255555555556,11,11,11,1,0,0.0909090909091,0.636363636364,0.272727272727,11,0.163636363636,3.13636363636,3.27272727273,1.8,2.25,1.7372915179,0.530839074915,0.272727272727,1.0269106361,0.627556499842,0.323232323232,1.85864075457,1.13583601668,0.545454545455,1.09815041931,0.350134916302,3.75,3.13636363636,1.09815041931,3.75,0.427619047619,0.3,5,0.030303030303,0.260740740741,11,11,11,1,0,0.0909090909091,0.636363636364,0.272727272727,11,19,0.172727272727,3.11157024793,3.45454545455,1.9,2.375,1.80906806747,0.523677598477,0.272727272727,1.19087439228,0.689453595529,0.354066985646,1.90215189146,1.1012458319,0.545454545455,1.0602655888,0.340749365856,3.54545454545,3.11157024793,1.0602655888,3.54545454545,0.494285714286,0.375,7,0.0424242424242,0.268518518519,11,11,11,1,0,0.0909090909091,0.636363636364,0.272727272727,-1,-0.00909090909091,0.0681818181818,-0.181818181818,-0.1,-0.125,0.119528054757,0.0590540949821,0.0272727272727,0.023125976035,0.0471919665957,0.0177033492823,-0.0378574805894,0.0342406772707,0.00909090909091,0.00336681426204,-0.00652762455561,0,0.0681818181818,0.00336681426204,0,-0.0047619047619,-0.025,-1,-0.00606060606061,0.012962962963,0,0,0,19,0,1,90,0.95,1,0,0.05,1,0.95,0.974358974359,0.969309258988,0.95,0.95,1,2,0,0,0,0
4035,WLNM_dir_neg,0.625,0.1625,00:00:00,10,90,49,1179281698,threshold_sweep,0.3,1,0.5,0.666666666667,1,0,1,4,0.5,1,0,0.5,1,0.5,0.666666666667,0.833333333333,0.611111111111,0.571428571429,0.632455532034,0.5,20,18,2,0,20,0,18,0,2,11,20,0.181818181818,3.04338842975,3.63636363636,2,2.5,1.68954001271,0.464623503495,0.245454545455,1.16774841624,0.642261628933,0.336363636364,1.94000937205,1.06700515463,0.536363636364,1.05689877454,0.347276990411,3.54545454545,3.04338842975,1.05689877454,3.54545454545,0.499047619048,0.4,8,0.0484848484848,0.255555555556,11,11,11,1,0,0.0909090909091,0.636363636364,0.272727272727,11,0.163636363636,3.13636363636,3.27272727273,1.8,2.25,1.7372915179,0.530839074915,0.272727272727,1.0269106361,0.627556499842,0.323232323232,1.85864075457,1.13583601668,0.545454545455,1.09815041931,0.350134916302,3.75,3.13636363636,1.09815041931,3.75,0.427619047619,0.3,5,0.030303030303,0.260740740741,11,11,11,1,0,0.0909090909091,0.636363636364,0.272727272727,11,19,0.172727272727,3.11157024793,3.45454545455,1.9,2.375,1.80906806747,0.523677598477,0.272727272727,1.19087439228,0.689453595529,0.354066985646,1.90215189146,1.1012458319,0.545454545455,1.0602655888,0.340749365856,3.54545454545,3.11157024793,1.0602655888,3.54545454545,0.494285714286,0.375,7,0.0424242424242,0.268518518519,11,11,11,1,0,0.0909090909091,0.636363636364,0.272727272727,-1,-0.00909090909091,0.0681818181818,-0.181818181818,-0.1,-0.125,0.119528054757,0.0590540949821,0.0272727272727,0.023125976035,0.0471919665957,0.0177033492823,-0.0378574805894,0.0342406772707,0.00909090909091,0.00336681426204,-0.00652762455561,0,0.0681818181818,0.00336681426204,0,-0.0047619047619,-0.025,-1,-0.00606060606061,0.012962962963,0,0,0,19,0,1,90,0.95,1,0,0.05,1,0.95,0.974358974359,0.969309258988,0.95,0.95,1,2,0,0,0,0
4036,WLNM_dir_neg,0.625,0.1625,00:00:00,10,90,49,1179281698,threshold_sweep,0.4,1,0.5,0.666666666667,1,0,1,4,0.5,1,0,0.5,1,0.5,0.666666666667,0.833333333333,0.611111111111,0.571428571429,0.632455532034,0.5,20,18,2,0,20,0,18,0,2,11,20,0.181818181818,3.04338842975,3.63636363636,2,2.5,1.68954001271,0.464623503495,0.245454545455,1.16774841624,0.642261628933,0.336363636364,1.94000937205,1.06700515463,0.536363636364,1.05689877454,0.347276990411,3.54545454545,3.04338842975,1.05689877454,3.54545454545,0.499047619048,0.4,8,0.0484848484848,0.255555555556,11,11,11,1,0,0.0909090909091,0.636363636364,0.272727272727,11,0.163636363636,3.13636363636,3.27272727273,1.8,2.25,1.7372915179,0.530839074915,0.272727272727,1.0269106361,0.627556499842,0.323232323232,1.85864075457,1.13583601668,0.545454545455,1.09815041931,0.350134916302,3.75,3.13636363636,1.09815041931,3.75,0.427619047619,0.3,5,0.030303030303,0.260740740741,11,11,11,1,0,0.0909090909091,0.636363636364,0.272727272727,11,19,0.172727272727,3.11157024793,3.45454545455,1.9,2.375,1.80906806747,0.523677598477,0.272727272727,1.19087439228,0.689453595529,0.354066985646,1.90215189146,1.1012458319,0.545454545455,1.0602655888,0.340749365856,3.54545454545,3.11157024793,1.0602655888,3.54545454545,0.494285714286,0.375,7,0.0424242424242,0.268518518519,11,11,11,1,0,0.0909090909091,0.636363636364,0.272727272727,-1,-0.00909090909091,0.0681818181818,-0.181818181818,-0.1,-0.125,0.119528054757,0.0590540949821,0.0272727272727,0.023125976035,0.0471919665957,0.0177033492823,-0.0378574805894,0.0342406772707,0.00909090909091,0.00336681426204,-0.00652762455561,0,0.0681818181818,0.00336681426204,0,-0.0047619047619,-0.025,-1,-0.00606060606061,0.012962962963,0,0,0,19,0,1,90,0.95,1,0,0.05,1,0.95,0.974358974359,0.969309258988,0.95,0.95,1,2,0,0,0,0
4037,WLNM_dir_neg,0.625,0.1625,00:00:00,10,90,49,1179281698,threshold_sweep,0.5,1,0.5,0.666666666667,1,0,1,4,0.5,1,0,0.5,1,0.5,0.666666666667,0.833333333333,0.611111111111,0.571428571429,0.632455532034,0.5,20,18,2,0,20,0,18,0,2,11,20,0.181818181818,3.04338842975,3.63636363636,2,2.5,1.68954001271,0.464623503495,0.245454545455,1.16774841624,0.642261628933,0.336363636364,1.94000937205,1.06700515463,0.536363636364,1.05689877454,0.347276990411,3.54545454545,3.04338842975,1.05689877454,3.54545454545,0.499047619048,0.4,8,0.0484848484848,0.255555555556,11,11,11,1,0,0.0909090909091,0.636363636364,0.272727272727,11,0.163636363636,3.13636363636,3.27272727273,1.8,2.25,1.7372915179,0.530839074915,0.272727272727,1.0269106361,0.627556499842,0.323232323232,1.85864075457,1.13583601668,0.545454545455,1.09815041931,0.350134916302,3.75,3.13636363636,1.09815041931,3.75,0.427619047619,0.3,5,0.030303030303,0.260740740741,11,11,11,1,0,0.0909090909091,0.636363636364,0.272727272727,11,19,0.172727272727,3.11157024793,3.45454545455,1.9,2.375,1.80906806747,0.523677598477,0.272727272727,1.19087439228,0.689453595529,0.354066985646,1.90215189146,1.1012458319,0.545454545455,1.0602655888,0.340749365856,3.54545454545,3.11157024793,1.0602655888,3.54545454545,0.494285714286,0.375,7,0.0424242424242,0.268518518519,11,11,11,1,0,0.0909090909091,0.636363636364,0.272727272727,-1,-0.00909090909091,0.0681818181818,-0.181818181818,-0.1,-0.125,0.119528054757,0.0590540949821,0.0272727272727,0.023125976035,0.0471919665957,0.0177033492823,-0.0378574805894,0.0342406772707,0.00909090909091,0.00336681426204,-0.00652762455561,0,0.0681818181818,0.00336681426204,0,-0.0047619047619,-0.025,-1,-0.00606060606061,0.012962962963,0,0,0,19,0,1,90,0.95,1,0,0.05,1,0.95,0.974358974359,0.969309258988,0.95,0.95,1,2,0,0,0,0
4038,WLNM_dir_neg,0.625,0.1625,00:00:00,10,90,49,1179281698,threshold_sweep,0.6,0,0,0,0,0,2,4,0,1,0,1,0,0,0,0.666666666667,0.666666666667,0,0,0,20,18,2,0,20,0,18,0,2,11,20,0.181818181818,3.04338842975,3.63636363636,2,2.5,1.68954001271,0.464623503495,0.245454545455,1.16774841624,0.642261628933,0.336363636364,1.94000937205,1.06700515463,0.536363636364,1.05689877454,0.347276990411,3.54545454545,3.04338842975,1.05689877454,3.54545454545,0.499047619048,0.4,8,0.0484848484848,0.255555555556,11,11,11,1,0,0.0909090909091,0.636363636364,0.272727272727,11,0.163636363636,3.13636363636,3.27272727273,1.8,2.25,1.7372915179,0.530839074915,0.272727272727,1.0269106361,0.627556499842,0.323232323232,1.85864075457,1.13583601668,0.545454545455,1.09815041931,0.350134916302,3.75,3.13636363636,1.09815041931,3.75,0.427619047619,0.3,5,0.030303030303,0.260740740741,11,11,11,1,0,0.0909090909091,0.636363636364,0.272727272727,11,18,0.163636363636,3.13636363636,3.27272727273,1.8,2.25,1.7372915179,0.530839074915,0.272727272727,1.0269106361,0.627556499842,0.323232323232,1.85864075457,1.13583601668,0.545454545455,1.09815041931,0.350134916302,3.75,3.13636363636,1.09815041931,3.75,0.427619047619,0.3,5,0.030303030303,0.260740740741,11,11,11,1,0,0.0909090909091,0.636363636364,0.272727272727,-2,-0.0181818181818,0.0929752066116,-0.363636363636,-0.2,-0.25,0.047751505195,0.0662155714201,0.0272727272727,-0.140837780137,-0.0147051290913,-0.0131313131313,-0.0813686174794,0.0688308620544,0.00909090909091,0.0412516447747,0.00285792589094,0.204545454545,0.0929752066116,0.0412516447747,0.204545454545,-0.0714285714286,-0.1,-3,-0.0181818181818,0.00518518518519,0,0,0,18,0,2,90,0.9,1,0,0.1,1,0.9,0.947368421053,0.938314863257,0.9,0.9,0,2,0,0,0,0
4039,WLNM_dir_neg,0.625,0.1625,00:00:00,10,90,49,1179281698,threshold_sweep,0.7,0,0,0,0,0,2,4,0,1,0,1,0,0,0,0.666666666667,0.666666666667,0,0,0,20,18,2,0,20,0,18,0,2,11,20,0.181818181818,3.04338842975,3.63636363636,2,2.5,1.68954001271,0.464623503495,0.245454545455,1.16774841624,0.642261628933,0.336363636364,1.94000937205,1.06700515463,0.536363636364,1.05689877454,0.347276990411,3.54545454545,3.04338842975,1.05689877454,3.54545454545,0.499047619048,0.4,8,0.0484848484848,0.255555555556,11,11,11,1,0,0.0909090909091,0.636363636364,0.272727272727,11,0.163636363636,3.13636363636,3.27272727273,1.8,2.25,1.7372915179,0.530839074915,0.272727272727,1.0269106361,0.627556499842,0.323232323232,1.85864075457,1.13583601668,0.545454545455,1.09815041931,0.350134916302,3.75,3.13636363636,1.09815041931,3.75,0.427619047619,0.3,5,0.030303030303,0.260740740741,11,11,11,1,0,0.0909090909091,0.636363636364,0.272727272727,11,18,0.163636363636,3.13636363636,3.27272727273,1.8,2.25,1.7372915179,0.530839074915,0.272727272727,1.0269106361,0.627556499842,0.323232323232,1.85864075457,1.13583601668,0.545454545455,1.09815041931,0.350134916302,3.75,3.13636363636,1.09815041931,3.75,0.427619047619,0.3,5,0.030303030303,0.260740740741,11,11,11,1,0,0.0909090909091,0.636363636364,0.272727272727,-2,-0.0181818181818,0.0929752066116,-0.363636363636,-0.2,-0.25,0.047751505195,0.0662155714201,0.0272727272727,-0.140837780137,-0.0147051290913,-0.0131313131313,-0.0813686174794,0.0688308620544,0.00909090909091,0.0412516447747,0.00285792589094,0.204545454545,0.0929752066116,0.0412516447747,0.204545454545,-0.0714285714286,-0.1,-3,-0.0181818181818,0.00518518518519,0,0,0,18,0,2,90,0.9,1,0,0.1,1,0.9,0.947368421053,0.938314863257,0.9,0.9,0,2,0,0,0,0
4040,WLNM_dir_neg,0.625,0.1625,00:00:00,10,90,49,1179281698,threshold_sweep,0.8,0,0,0,0,0,2,4,0,1,0,1,0,0,0,0.666666666667,0.666666666667,0,0,0,20,18,2,0,20,0,18,0,2,11,20,0.181818181818,3.04338842975,3.63636363636,2,2.5,1.68954001271,0.464623503495,0.245454545455,1.16774841624,0.642261628933,0.336363636364,1.94000937205,1.06700515463,0.536363636364,1.05689877454,0.347276990411,3.54545454545,3.04338842975,1.05689877454,3.54545454545,0.499047619048,0.4,8,0.0484848484848,0.255555555556,11,11,11,1,0,0.0909090909091,0.636363636364,0.272727272727,11,0.163636363636,3.13636363636,3.27272727273,1.8,2.25,1.7372915179,0.530839074915,0.272727272727,1.0269106361,0.627556499842,0.323232323232,1.85864075457,1.13583601668,0.545454545455,1.09815041931,0.350134916302,3.75,3.13636363636,1.09815041931,3.75,0.427619047619,0.3,5,0.030303030303,0.260740740741,11,11,11,1,0,0.0909090909091,0.636363636364,0.272727272727,11,18,0.163636363636,3.13636363636,3.27272727273,1.8,2.25,1.7372915179,0.530839074915,0.272727272727,1.0269106361,0.627556499842,0.323232323232,1.85864075457,1.13583601668,0.545454545455,1.09815041931,0.350134916302,3.75,3.13636363636,1.09815041931,3.75,0.427619047619,0.3,5,0.030303030303,0.260740740741,11,11,11,1,0,0.0909090909091,0.636363636364,0.272727272727,-2,-0.0181818181818,0.0929752066116,-0.363636363636,-0.2,-0.25,0.047751505195,0.0662155714201,0.0272727272727,-0.140837780137,-0.0147051290913,-0.0131313131313,-0.0813686174794,0.0688308620544,0.00909090909091,0.0412516447747,0.00285792589094,0.204545454545,0.0929752066116,0.0412516447747,0.204545454545,-0.0714285714286,-0.1,-3,-0.0181818181818,0.00518518518519,0,0,0,18,0,2,90,0.9,1,0,0.1,1,0.9,0.947368421053,0.938314863257,0.9,0.9,0,2,0,0,0,0
4041,WLNM_dir_neg,0.625,0.1625,00:00:00,10,90,49,1179281698,threshold_sweep,0.9,0,0,0,0,0,2,4,0,1,0,1,0,0,0,0.666666666667,0.666666666667,0,0,0,20,18,2,0,20,0,18,0,2,11,20,0.181818181818,3.04338842975,3.63636363636,2,2.5,1.68954001271,0.464623503495,0.245454545455,1.16774841624,0.642261628933,0.336363636364,1.94000937205,1.06700515463,0.536363636364,1.05689877454,0.347276990411,3.54545454545,3.04338842975,1.05689877454,3.54545454545,0.499047619048,0.4,8,0.0484848484848,0.255555555556,11,11,11,1,0,0.0909090909091,0.636363636364,0.272727272727,11,0.163636363636,3.13636363636,3.27272727273,1.8,2.25,1.7372915179,0.530839074915,0.272727272727,1.0269106361,0.627556499842,0.323232323232,1.85864075457,1.13583601668,0.545454545455,1.09815041931,0.350134916302,3.75,3.13636363636,1.09815041931,3.75,0.427619047619,0.3,5,0.030303030303,0.260740740741,11,11,11,1,0,0.0909090909091,0.636363636364,0.272727272727,11,18,0.163636363636,3.13636363636,3.27272727273,1.8,2.25,1.7372915179,0.530839074915,0.272727272727,1.0269106361,0.627556499842,0.323232323232,1.85864075457,1.13583601668,0.545454545455,1.09815041931,0.350134916302,3.75,3.13636363636,1.09815041931,3.75,0.427619047619,0.3,5,0.030303030303,0.260740740741,11,11,11,1,0,0.0909090909091,0.636363636364,0.272727272727,-2,-0.0181818181818,0.0929752066116,-0.363636363636,-0.2,-0.25,0.047751505195,0.0662155714201,0.0272727272727,-0.140837780137,-0.0147051290913,-0.0131313131313,-0.0813686174794,0.0688308620544,0.00909090909091,0.0412516447747,0.00285792589094,0.204545454545,0.0929752066116,0.0412516447747,0.204545454545,-0.0714285714286,-0.1,-3,-0.0181818181818,0.00518518518519,0,0,0,18,0,2,90,0.9,1,0,0.1,1,0.9,0.947368421053,0.938314863257,0.9,0.9,0,2,0,0,0,0
4042,WLNM_dir_neg,1,0.5,00:00:01,10,90,50,1179281699,threshold_sweep,0.1,1,1,1,2,0,0,4,1,1,0,0,1,1,1,1,0.555555555556,1,1,1,20,18,2,0,20,0,18,0,2,11,20,0.181818181818,3.04338842975,3.63636363636,2,2.5,1.68954001271,0.464623503495,0.245454545455,1.16774841624,0.642261628933,0.336363636364,1.94000937205,1.06700515463,0.536363636364,1.05689877454,0.347276990411,3.54545454545,3.04338842975,1.05689877454,3.54545454545,0.499047619048,0.4,8,0.0484848484848,0.255555555556,11,11,11,1,0,0.0909090909091,0.636363636364,0.272727272727,11,0.163636363636,3.12272727273,3.27272727273,1.8,2.25,1.55505042304,0.475154295927,0.232323232323,0.924416277737,0.564921058617,0.292929292929,1.80403587951,1.10246637081,0.535353535354,1.1910376598,0.381409439821,4.2,3.12272727273,1.1910376598,4.2,0.302380952381,0.25,4,0.0242424242424,0.233333333333,11,11,11,1,0,0.0909090909091,0.636363636364,0.272727272727,11,20,0.181818181818,3.04338842975,3.63636363636,2,2.5,1.68954001271,0.464623503495,0.245454545455,1.16774841624,0.642261628933,0.336363636364,1.94000937205,1.06700515463,0.536363636364,1.05689877454,0.347276990411,3.54545454545,3.04338842975,1.05689877454,3.54545454545,0.499047619048,0.4,8,0.0484848484848,0.255555555556,11,11,11,1,0,0.0909090909091,0.636363636364,0.272727272727,0,0,0,0,0,0,0,0,0,0,0,0,0,0,0,0,0,0,0,0,0,0,0,0,0,0,0,0,0,20,0,0,90,1,1,0,0,1,1,1,1,1,1,2,2,0,0,0,0
4043,WLNM_dir_neg,1,0.5,00:00:01,10,90,50,1179281699,threshold_sweep,0.2,1,0.5,0.666666666667,1,0,1,4,0.5,1,0,0.5,1,0.5,0.666666666667,0.833333333333,0.611111111111,0.571428571429,0.632455532034,0.5,20,18,2,0,20,0,18,0,2,11,20,0.181818181818,3.04338842975,3.63636363636,2,2.5,1.68954001271,0.464623503495,0.245454545455,1.16774841624,0.642261628933,0.336363636364,1.94000937205,1.06700515463,0.536363636364,1.05689877454,0.347276990411,3.54545454545,3.04338842975,1.05689877454,3.54545454545,0.499047619048,0.4,8,0.0484848484848,0.255555555556,11,11,11,1,0,0.0909090909091,0.636363636364,0.272727272727,11,0.163636363636,3.12272727273,3.27272727273,1.8,2.25,1.55505042304,0.475154295927,0.232323232323,0.924416277737,0.564921058617,0.292929292929,1.80403587951,1.10246637081,0.535353535354,1.1910376598,0.381409439821,4.2,3.12272727273,1.1910376598,4.2,0.302380952381,0.25,4,0.0242424242424,0.233333333333,11,11,11,1,0,0.0909090909091,0.636363636364,0.272727272727,11,19,0.172727272727,3.06818181818,3.45454545455,1.9,2.375,1.63484778274,0.473245410793,0.244019138756,1.00904995822,0.584186817916,0.306220095694,1.90215189146,1.1012458319,0.545454545455,1.09659712407,0.357409433031,3.75,3.06818181818,1.09659712407,3.75,0.432380952381,0.333333333333,6,0.0363636363636,0.247777777778,11,11,11,1,0,0.0909090909091,0.636363636364,0.272727272727,-1,-0.00909090909091,0.0247933884298,-0.181818181818,-0.1,-0.125,-0.05469222997,0.00862190729789,-0.00143540669856,-0.158698458023,-0.058074811017,-0.0301435406699,-0.0378574805894,0.0342406772707,0.00909090909091,0.0396983495361,0.0101324426199,0.204545454545,0.0247933884298,0.0396983495361,0.204545454545,-0.0666666666667,-0.0666666666667,-2,-0.0121212121212,-0.00777777777778,0,0,0,19,0,1,90,0.95,1,0,0.05,1,0.95,0.974358974359,0.969309258988,0.95,0.95,1,2,0,0,0,0
4044,WLNM_dir_neg,1,0.5,00:00:01,10,90,50,1179281699,threshold_sweep,0.3,1,0.5,0.666666666667,1,0,1,4,0.5,1,0,0.5,1,0.5,0.666666666667,0.833333333333,0.611111111111,0.571428571429,0.632455532034,0.5,20,18,2,0,20,0,18,0,2,11,20,0.181818181818,3.04338842975,3.63636363636,2,2.5,1.68954001271,0.464623503495,0.245454545455,1.16774841624,0.642261628933,0.336363636364,1.94000937205,1.06700515463,0.536363636364,1.05689877454,0.347276990411,3.54545454545,3.04338842975,1.05689877454,3.54545454545,0.499047619048,0.4,8,0.0484848484848,0.255555555556,11,11,11,1,0,0.0909090909091,0.636363636364,0.272727272727,11,0.163636363636,3.12272727273,3.27272727273,1.8,2.25,1.55505042304,0.475154295927,0.232323232323,0.924416277737,0.564921058617,0.292929292929,1.80403587951,1.10246637081,0.535353535354,1.1910376598,0.381409439821,4.2,3.12272727273,1.1910376598,4.2,0.302380952381,0.25,4,0.0242424242424,0.233333333333,11,11,11,1,0,0.0909090909091,0.636363636364,0.272727272727,11,19,0.172727272727,3.06818181818,3.45454545455,1.9,2.375,1.63484778274,0.473245410793,0.244019138756,1.00904995822,0.584186817916,0.306220095694,1.90215189146,1.1012458319,0.545454545455,1.09659712407,0.357409433031,3.75,3.06818181818,1.09659712407,3.75,0.432380952381,0.333333333333,6,0.0363636363636,0.247777777778,11,11,11,1,0,0.0909090909091,0.636363636364,0.272727272727,-1,-0.00909090909091,0.0247933884298,-0.181818181818,-0.1,-0.125,-0.05469222997,0.00862190729789,-0.00143540669856,-0.158698458023,-0.058074811017,-0.0301435406699,-0.0378574805894,0.0342406772707,0.00909090909091,0.0396983495361,0.0101324426199,0.204545454545,0.0247933884298,0.0396983495361,0.204545454545,-0.0666666666667,-0.0666666666667,-2,-0.0121212121212,-0.00777777777778,0,0,0,19,0,1,90,0.95,1,0,0.05,1,0.95,0.974358974359,0.969309258988,0.95,0.95,1,2,0,0,0,0
4045,WLNM_dir_neg,1,0.5,00:00:01,10,90,50,1179281699,threshold_sweep,0.4,1,0.5,0.666666666667,1,0,1,4,0.5,1,0,0.5,1,0.5,0.666666666667,0.833333333333,0.611111111111,0.571428571429,0.632455532034,0.5,20,18,2,0,20,0,18,0,2,11,20,0.181818181818,3.04338842975,3.63636363636,2,2.5,1.68954001271,0.464623503495,0.245454545455,1.16774841624,0.642261628933,0.336363636364,1.94000937205,1.06700515463,0.536363636364,1.05689877454,0.347276990411,3.54545454545,3.04338842975,1.05689877454,3.54545454545,0.499047619048,0.4,8,0.0484848484848,0.255555555556,11,11,11,1,0,0.0909090909091,0.636363636364,0.272727272727,11,0.163636363636,3.12272727273,3.27272727273,1.8,2.25,1.55505042304,0.475154295927,0.232323232323,0.924416277737,0.564921058617,0.292929292929,1.80403587951,1.10246637081,0.535353535354,1.1910376598,0.381409439821,4.2,3.12272727273,1.1910376598,4.2,0.302380952381,0.25,4,0.0242424242424,0.233333333333,11,11,11,1,0,0.0909090909091,0.636363636364,0.272727272727,11,19,0.172727272727,3.06818181818,3.45454545455,1.9,2.375,1.63484778274,0.473245410793,0.244019138756,1.00904995822,0.584186817916,0.306220095694,1.90215189146,1.1012458319,0.545454545455,1.09659712407,0.357409433031,3.75,3.06818181818,1.09659712407,3.75,0.432380952381,0.333333333333,6,0.0363636363636,0.247777777778,11,11,11,1,0,0.0909090909091,0.636363636364,0.272727272727,-1,-0.00909090909091,0.0247933884298,-0.181818181818,-0.1,-0.125,-0.05469222997,0.00862190729789,-0.00143540669856,-0.158698458023,-0.058074811017,-0.0301435406699,-0.0378574805894,0.0342406772707,0.00909090909091,0.0396983495361,0.0101324426199,0.204545454545,0.0247933884298,0.0396983495361,0.204545454545,-0.0666666666667,-0.0666666666667,-2,-0.0121212121212,-0.00777777777778,0,0,0,19,0,1,90,0.95,1,0,0.05,1,0.95,0.974358974359,0.969309258988,0.95,0.95,1,2,0,0,0,0
4046,WLNM_dir_neg,1,0.5,00:00:01,10,90,50,1179281699,threshold_sweep,0.5,1,0.5,0.666666666667,1,0,1,4,0.5,1,0,0.5,1,0.5,0.666666666667,0.833333333333,0.611111111111,0.571428571429,0.632455532034,0.5,20,18,2,0,20,0,18,0,2,11,20,0.181818181818,3.04338842975,3.63636363636,2,2.5,1.68954001271,0.464623503495,0.245454545455,1.16774841624,0.642261628933,0.336363636364,1.94000937205,1.06700515463,0.536363636364,1.05689877454,0.347276990411,3.54545454545,3.04338842975,1.05689877454,3.54545454545,0.499047619048,0.4,8,0.0484848484848,0.255555555556,11,11,11,1,0,0.0909090909091,0.636363636364,0.272727272727,11,0.163636363636,3.12272727273,3.27272727273,1.8,2.25,1.55505042304,0.475154295927,0.232323232323,0.924416277737,0.564921058617,0.292929292929,1.80403587951,1.10246637081,0.535353535354,1.1910376598,0.381409439821,4.2,3.12272727273,1.1910376598,4.2,0.302380952381,0.25,4,0.0242424242424,0.233333333333,11,11,11,1,0,0.0909090909091,0.636363636364,0.272727272727,11,19,0.172727272727,3.06818181818,3.45454545455,1.9,2.375,1.63484778274,0.473245410793,0.244019138756,1.00904995822,0.584186817916,0.306220095694,1.90215189146,1.1012458319,0.545454545455,1.09659712407,0.357409433031,3.75,3.06818181818,1.09659712407,3.75,0.432380952381,0.333333333333,6,0.0363636363636,0.247777777778,11,11,11,1,0,0.0909090909091,0.636363636364,0.272727272727,-1,-0.00909090909091,0.0247933884298,-0.181818181818,-0.1,-0.125,-0.05469222997,0.00862190729789,-0.00143540669856,-0.158698458023,-0.058074811017,-0.0301435406699,-0.0378574805894,0.0342406772707,0.00909090909091,0.0396983495361,0.0101324426199,0.204545454545,0.0247933884298,0.0396983495361,0.204545454545,-0.0666666666667,-0.0666666666667,-2,-0.0121212121212,-0.00777777777778,0,0,0,19,0,1,90,0.95,1,0,0.05,1,0.95,0.974358974359,0.969309258988,0.95,0.95,1,2,0,0,0,0
4047,WLNM_dir_neg,1,0.5,00:00:01,10,90,50,1179281699,threshold_sweep,0.6,1,0.5,0.666666666667,1,0,1,4,0.5,1,0,0.5,1,0.5,0.666666666667,0.833333333333,0.611111111111,0.571428571429,0.632455532034,0.5,20,18,2,0,20,0,18,0,2,11,20,0.181818181818,3.04338842975,3.63636363636,2,2.5,1.68954001271,0.464623503495,0.245454545455,1.16774841624,0.642261628933,0.336363636364,1.94000937205,1.06700515463,0.536363636364,1.05689877454,0.347276990411,3.54545454545,3.04338842975,1.05689877454,3.54545454545,0.499047619048,0.4,8,0.0484848484848,0.255555555556,11,11,11,1,0,0.0909090909091,0.636363636364,0.272727272727,11,0.163636363636,3.12272727273,3.27272727273,1.8,2.25,1.55505042304,0.475154295927,0.232323232323,0.924416277737,0.564921058617,0.292929292929,1.80403587951,1.10246637081,0.535353535354,1.1910376598,0.381409439821,4.2,3.12272727273,1.1910376598,4.2,0.302380952381,0.25,4,0.0242424242424,0.233333333333,11,11,11,1,0,0.0909090909091,0.636363636364,0.272727272727,11,19,0.172727272727,3.06818181818,3.45454545455,1.9,2.375,1.63484778274,0.473245410793,0.244019138756,1.00904995822,0.584186817916,0.306220095694,1.90215189146,1.1012458319,0.545454545455,1.09659712407,0.357409433031,3.75,3.06818181818,1.09659712407,3.75,0.432380952381,0.333333333333,6,0.0363636363636,0.247777777778,11,11,11,1,0,0.0909090909091,0.636363636364,0.272727272727,-1,-0.00909090909091,0.0247933884298,-0.181818181818,-0.1,-0.125,-0.05469222997,0.00862190729789,-0.00143540669856,-0.158698458023,-0.058074811017,-0.0301435406699,-0.0378574805894,0.0342406772707,0.00909090909091,0.0396983495361,0.0101324426199,0.204545454545,0.0247933884298,0.0396983495361,0.204545454545,-0.0666666666667,-0.0666666666667,-2,-0.0121212121212,-0.00777777777778,0,0,0,19,0,1,90,0.95,1,0,0.05,1,0.95,0.974358974359,0.969309258988,0.95,0.95,1,2,0,0,0,0
4048,WLNM_dir_neg,1,0.5,00:00:01,10,90,50,1179281699,threshold_sweep,0.7,1,0.5,0.666666666667,1,0,1,4,0.5,1,0,0.5,1,0.5,0.666666666667,0.833333333333,0.611111111111,0.571428571429,0.632455532034,0.5,20,18,2,0,20,0,18,0,2,11,20,0.181818181818,3.04338842975,3.63636363636,2,2.5,1.68954001271,0.464623503495,0.245454545455,1.16774841624,0.642261628933,0.336363636364,1.94000937205,1.06700515463,0.536363636364,1.05689877454,0.347276990411,3.54545454545,3.04338842975,1.05689877454,3.54545454545,0.499047619048,0.4,8,0.0484848484848,0.255555555556,11,11,11,1,0,0.0909090909091,0.636363636364,0.272727272727,11,0.163636363636,3.12272727273,3.27272727273,1.8,2.25,1.55505042304,0.475154295927,0.232323232323,0.924416277737,0.564921058617,0.292929292929,1.80403587951,1.10246637081,0.535353535354,1.1910376598,0.381409439821,4.2,3.12272727273,1.1910376598,4.2,0.302380952381,0.25,4,0.0242424242424,0.233333333333,11,11,11,1,0,0.0909090909091,0.636363636364,0.272727272727,11,19,0.172727272727,3.06818181818,3.45454545455,1.9,2.375,1.63484778274,0.473245410793,0.244019138756,1.00904995822,0.584186817916,0.306220095694,1.90215189146,1.1012458319,0.545454545455,1.09659712407,0.357409433031,3.75,3.06818181818,1.09659712407,3.75,0.432380952381,0.333333333333,6,0.0363636363636,0.247777777778,11,11,11,1,0,0.0909090909091,0.636363636364,0.272727272727,-1,-0.00909090909091,0.0247933884298,-0.181818181818,-0.1,-0.125,-0.05469222997,0.00862190729789,-0.00143540669856,-0.158698458023,-0.058074811017,-0.0301435406699,-0.0378574805894,0.0342406772707,0.00909090909091,0.0396983495361,0.0101324426199,0.204545454545,0.0247933884298,0.0396983495361,0.204545454545,-0.0666666666667,-0.0666666666667,-2,-0.0121212121212,-0.00777777777778,0,0,0,19,0,1,90,0.95,1,0,0.05,1,0.95,0.974358974359,0.969309258988,0.95,0.95,1,2,0,0,0,0
4049,WLNM_dir_neg,1,0.5,00:00:01,10,90,50,1179281699,threshold_sweep,0.8,1,0.5,0.666666666667,1,0,1,4,0.5,1,0,0.5,1,0.5,0.666666666667,0.833333333333,0.611111111111,0.571428571429,0.632455532034,0.5,20,18,2,0,20,0,18,0,2,11,20,0.181818181818,3.04338842975,3.63636363636,2,2.5,1.68954001271,0.464623503495,0.245454545455,1.16774841624,0.642261628933,0.336363636364,1.94000937205,1.06700515463,0.536363636364,1.05689877454,0.347276990411,3.54545454545,3.04338842975,1.05689877454,3.54545454545,0.499047619048,0.4,8,0.0484848484848,0.255555555556,11,11,11,1,0,0.0909090909091,0.636363636364,0.272727272727,11,0.163636363636,3.12272727273,3.27272727273,1.8,2.25,1.55505042304,0.475154295927,0.232323232323,0.924416277737,0.564921058617,0.292929292929,1.80403587951,1.10246637081,0.535353535354,1.1910376598,0.381409439821,4.2,3.12272727273,1.1910376598,4.2,0.302380952381,0.25,4,0.0242424242424,0.233333333333,11,11,11,1,0,0.0909090909091,0.636363636364,0.272727272727,11,19,0.172727272727,3.06818181818,3.45454545455,1.9,2.375,1.63484778274,0.473245410793,0.244019138756,1.00904995822,0.584186817916,0.306220095694,1.90215189146,1.1012458319,0.545454545455,1.09659712407,0.357409433031,3.75,3.06818181818,1.09659712407,3.75,0.432380952381,0.333333333333,6,0.0363636363636,0.247777777778,11,11,11,1,0,0.0909090909091,0.636363636364,0.272727272727,-1,-0.00909090909091,0.0247933884298,-0.181818181818,-0.1,-0.125,-0.05469222997,0.00862190729789,-0.00143540669856,-0.158698458023,-0.058074811017,-0.0301435406699,-0.0378574805894,0.0342406772707,0.00909090909091,0.0396983495361,0.0101324426199,0.204545454545,0.0247933884298,0.0396983495361,0.204545454545,-0.0666666666667,-0.0666666666667,-2,-0.0121212121212,-0.00777777777778,0,0,0,19,0,1,90,0.95,1,0,0.05,1,0.95,0.974358974359,0.969309258988,0.95,0.95,1,2,0,0,0,0
4050,WLNM_dir_neg,1,0.5,00:00:01,10,90,50,1179281699,threshold_sweep,0.9,1,0.5,0.666666666667,1,0,1,4,0.5,1,0,0.5,1,0.5,0.666666666667,0.833333333333,0.611111111111,0.571428571429,0.632455532034,0.5,20,18,2,0,20,0,18,0,2,11,20,0.181818181818,3.04338842975,3.63636363636,2,2.5,1.68954001271,0.464623503495,0.245454545455,1.16774841624,0.642261628933,0.336363636364,1.94000937205,1.06700515463,0.536363636364,1.05689877454,0.347276990411,3.54545454545,3.04338842975,1.05689877454,3.54545454545,0.499047619048,0.4,8,0.0484848484848,0.255555555556,11,11,11,1,0,0.0909090909091,0.636363636364,0.272727272727,11,0.163636363636,3.12272727273,3.27272727273,1.8,2.25,1.55505042304,0.475154295927,0.232323232323,0.924416277737,0.564921058617,0.292929292929,1.80403587951,1.10246637081,0.535353535354,1.1910376598,0.381409439821,4.2,3.12272727273,1.1910376598,4.2,0.302380952381,0.25,4,0.0242424242424,0.233333333333,11,11,11,1,0,0.0909090909091,0.636363636364,0.272727272727,11,19,0.172727272727,3.06818181818,3.45454545455,1.9,2.375,1.63484778274,0.473245410793,0.244019138756,1.00904995822,0.584186817916,0.306220095694,1.90215189146,1.1012458319,0.545454545455,1.09659712407,0.357409433031,3.75,3.06818181818,1.09659712407,3.75,0.432380952381,0.333333333333,6,0.0363636363636,0.247777777778,11,11,11,1,0,0.0909090909091,0.636363636364,0.272727272727,-1,-0.00909090909091,0.0247933884298,-0.181818181818,-0.1,-0.125,-0.05469222997,0.00862190729789,-0.00143540669856,-0.158698458023,-0.058074811017,-0.0301435406699,-0.0378574805894,0.0342406772707,0.00909090909091,0.0396983495361,0.0101324426199,0.204545454545,0.0247933884298,0.0396983495361,0.204545454545,-0.0666666666667,-0.0666666666667,-2,-0.0121212121212,-0.00777777777778,0,0,0,19,0,1,90,0.95,1,0,0.05,1,0.95,0.974358974359,0.969309258988,0.95,0.95,1,2,0,0,0,0
