Score,Label
1,1
1,1
4.562114e-06,1
4.562114e-06,1
4.562114e-06,1
4.562114e-06,1
4.562114e-06,1
4.562114e-06,0
4.562114e-06,0
4.562114e-06,0
1,0
1,0
4.562114e-06,0
4.562114e-06,0
4.562114e-06,0
4.562114e-06,0
4.562114e-06,0
4.562114e-06,0
1,0
4.562114e-06,0
4.562114e-06,0
