Prey,Predator,PreyMass,PredatorMass
Bacteria,Diosaccuss tenuicornis,6.8e-21,2.51e-05
Gelidium spp.,Diosaccuss tenuicornis,5.35e-10,2.51e-05
POM,Lovenella producta,-999,3.21e-05
POM,Microcalanus pusillis,-999,3.21e-05
POM,Cheirocratus sundevalli,-999,4.01e-05
POM,Oikopleura dioica,-999,4.01e-05
Acartia clausi,Podon intermedius,0.00017189,5.88e-05
POM,Podon intermedius,-999,5.88e-05
Temora longicornis,Podon intermedius,9.39e-05,5.88e-05
POM,Eutemora hirundoides,-999,6.96e-05
POM,Pseudocalanus elongatus,-999,8.13e-05
POM,Evadne nordmanni,-999,9.39e-05
POM,Temora longicornis,-999,9.39e-05
Temora longicornis,Evadne nordmanni,9.39e-05,9.39e-05
POM,Centropages typicus,-999,0.00010758
POM,Calanus elongatus,-999,0.00013777
POM,Acartia clausi,-999,0.00017189
POM,Paracalanus parvus,-999,0.00019044
POM,Calanus helgolandicus,-999,0.00020998
POM,Janua pagenstecheri,-999,0.00023053
POM,Tryphosella sarsi,-999,0.00034844
POM,Oithona nana,-999,0.00037
POM,Microjassa cumbrensis,-999,0.00037508
POM,Metridia lucens,-999,0.00094371
POM,Corophium sextonae,-999,0.00094371
POM,Spirobis cuneatus,-999,0.0010339
Detritus,Spirobis spirobis,-999,0.0011285
POM,Calycella syringa,-999,0.0011285
POM,Spirobis spirobis,-999,0.0011285
POM,Hymedesmia paupertas,-999,0.0011774
POM,Orchomene nana,-999,0.0011774
POM,Parajassa pelagica,-999,0.0011774
POM,Stenula rubrovittata,-999,0.0011774
POM,Amphilochus neopolitanus,-999,0.0012274
POM,Corophium bonnellii,-999,0.0014383
POM,Stenothoe monoculoides,-999,0.0014383
POM,Apherusa bispinosa,-999,0.0014938
Gelidium spp.,Abra alba,5.35e-10,0.0017267
POM,Jassa marmorata,-999,0.0023157
POM,Jassa falcata,-999,0.0023867
POM,Microdeutopus chelifer,-999,0.0025321
POM,Dysidea pallescens,-999,0.0027588
POM,Orchomene humilis,-999,0.0031592
POM,Verruca stroemia,-999,0.0031592
Crangon crangon,Palaemon serratus,0.28272,0.0033409
POM,Palaemon serratus,-999,0.0033409
POM,Hyale stebbingi,-999,0.0034131
POM,Callopora auriata,-999,0.0040458
POM,Littorina neritoides,-999,0.0040458
Acartia clausi,Gammaropsis maculata,0.00017189,0.0050477
POM,Thyasira flexuosa,-999,0.0050477
POM,Umbonua ovicellata,-999,0.0050477
Temora longicornis,Gammaropsis maculata,9.39e-05,0.0050477
POM,Leucosolenia complicata,-999,0.0050477
Diatoms,Bougainvillea ramosa,1.8e-17,0.0074024
POM,Bougainvillea ramosa,-999,0.0074024
Metridia lucens,Hyperia galba,0.00094371,0.0074024
POM,Celleporella hyalina,-999,0.0074024
POM,Electra pilosa,-999,0.0074024
POM,Gammarus insensiblis,-999,0.0074024
POM,Hyperia galba,-999,0.0074024
POM,Ampelisca brevicornis,-999,0.0074024
POM,Chorizopora brongniartii,-999,0.0077963
POM,Callopora craticula,-999,0.00793
POM,Callopora lineata,-999,0.0080649
POM,Themisto gracilipes,-999,0.0080649
Anthopleura ballii,Dicata odhneri,0.63546,0.0087573
Lovenella producta,Dicata odhneri,3.21e-05,0.0087573
Obelia geniculata,Dicata odhneri,0.14823,0.0087573
POM,Caprella acanthifera,-999,0.0087573
Plumularia setacea,Dicata odhneri,0.30047,0.0087573
POM,Scrupocellaria reptans,-999,0.0093328
POM,Callopora dumerlii,-999,0.0099274
POM,Littorina saxatilis,-999,0.010232
Diatoms,Corynactis viridis,1.8e-17,0.011827
POM,Corynactis viridis,-999,0.011827
POM,Elminius modestus,-999,0.011827
POM,Littorina obtusata,-999,0.011827
POM,Phorbas dives,-999,0.011827
POM,Oithona helgolandica,-999,0.012329
POM,Corophium acutum,-999,0.017345
POM,Disporella hispida,-999,0.017345
POM,Menmbraiporella nitida,-999,0.017345
POM,Cribrilina punctata,-999,0.021188
Gelidium spp.,Caryophyllia smithii,5.35e-10,0.02164
POM,Caryophyllia smithii,-999,0.02164
POM,Filicrisia geniculata,-999,0.02164
POM,Callophora rylandi,-999,0.023975
POM,Smittoidea amplissima,-999,0.023975
POM,Cribrilina cryptooecium,-999,0.024944
Diosaccuss tenuicornis,Caprella linearis,2.51e-05,0.026435
Zaus spinatus,Caprella linearis,8.13e-05,0.026435
POM,Botryllus schlosseri,-999,0.031735
Fish eggs/larvae,Pseudoprotella phasma,0.00023,0.034575
Gelidium spp.,Coryphella pellucida,5.35e-10,0.034575
POM,Crisia denticula,-999,0.034575
POM,Phtisica marina,-999,0.034575
POM,Pseudoprotella phasma,-999,0.034575
POM,Semibalanus balanoides,-999,0.034575
POM,Venus fasciata,-999,0.034575
POM,Escharella variolosa,-999,0.043865
Diatoms,Lissoclinum perforatum,1.8e-17,0.050704
Fish eggs/larvae,Cerastoderma edule,0.00023,0.050704
POM,Cerastoderma edule,-999,0.050704
POM,Lissoclinum perforatum,-999,0.050704
POM,Glycimeris glycimeris,-999,0.050704
POM,Patella vulgata,-999,0.050704
POM,Botrylloides leachii,-999,0.054319
POM,Escharella ventricosa,-999,0.054319
POM,Schizoporella unicornis,-999,0.054319
Asterina phylactica,Carcinus maenas,0.011827,0.059727
Chthamalus stellatus,Carcinus maenas,0.010232,0.059727
Marthasterias glacialis,Carcinus maenas,0.27284,0.059727
Chthamalus stellatus,Necora puber,0.010232,0.080569
Detritus,Anemonia sulcata,-999,0.092772
POM,Anemonia sulcata,-999,0.092772
POM,Fritillaria borealis,-999,0.092772
POM,Venus striatula,-999,0.092772
Verruca stroemia,Liocarcinus corrugatus,0.0031592,0.10799
Anomia ephippium,Ocenebra erinacea,0.21737,0.14823
POM,Dercitus bucklandi,-999,0.14823
POM,Obelia geniculata,-999,0.14823
POM,Terpios fugax,-999,0.14823
Pecten maximus,Ocenebra erinacea,1.1025,0.14823
POM,Anomia ephippium,-999,0.21737
POM,Galathea squamifera,-999,0.25716
POM,Mytilus galloprovincialis,-999,0.25716
Akera bullata,Marthasterias glacialis,0.18107,0.27284
Limacia clavigeria,Marthasterias glacialis,0.02164,0.27284
Patella vulgata,Marthasterias glacialis,0.050704,0.27284
Pecten maximus,Marthasterias glacialis,1.1025,0.27284
Venus fasciata,Marthasterias glacialis,0.034575,0.27284
Venus striatula,Marthasterias glacialis,0.092772,0.27284
POM,Eumida sanguinea,-999,0.30047
POM,Plumularia setacea,-999,0.30047
Carcinus maenas,Nereis virens,0.059727,0.37713
Mytilus edulis,Nereis virens,0.77627,0.37713
Echinus esculentus,Cancer pagurus,0.63546,0.53339
Calanus helgolandicus,Cordylophora caspia,0.00020998,0.63546
Lumbrinereis,Aphrodite aculeata,3.0182,0.63546
Metridia lucens,Anthopleura ballii,0.00094371,0.63546
POM,Antho involvens,-999,0.63546
POM,Bugula flabellata,-999,0.63546
POM,Morchellium argus,-999,0.63546
POM,Pachymatisma johnstonia,-999,0.63546
POM,Polynoidae,-999,0.63546
POM,Sabellidae,-999,0.63546
Spirobis spirobis,Hyas araneus,0.0011285,0.70402
POM,Cirratulus cirratus,-999,0.9319
POM,Phorbas plumosum,-999,0.9319
Acartia clausi,Crystallogobius linearis,0.00017189,1.08
Elminius modestus,Aphia minuta,0.011827,1.08
Evadne nordmanni,Aphia minuta,9.39e-05,1.08
Temora longicornis,Crystallogobius linearis,9.39e-05,1.08
Verruca stroemia,Aphia minuta,0.0031592,1.08
POM,Pecten maximus,-999,1.1025
POM,Aslia lefevrei,-999,1.489
POM,Turbularia indivisa,-999,1.489
Temora longicornis,Turbularia indivisa,9.39e-05,1.489
POM,Prosuberites epiphytum,-999,1.489
Diosaccuss tenuicornis,Pandalus montagui,2.51e-05,1.7051
Podon intermedius,Pandalus montagui,5.88e-05,1.7051
POM,Haliclona cinerea,-999,1.9366
POM,Plakortis simplex,-999,1.9366
Fish eggs/larvae,Gobiusculus flavescens,0.00023,2.27
Temora longicornis,Gobiusculus flavescens,9.39e-05,2.27
Tigriopus brevicornis,Gobiusculus flavescens,5.88e-05,2.27
Tigriopus californicus,Gobiusculus flavescens,4.9e-05,2.27
Temora longicornis,Syngnathus rostellatus,9.39e-05,2.69
Asterina gibbosa,Maja squinado,0.14823,2.7243
Aphrodite aculeata,Nephrops norvegicus,0.63546,3.0182
POM,Metridium senile,-999,3.0182
POM,Lumbrinereis,-999,3.0182
POM,Halichondria bowerbanki,-999,4.3528
POM,Lanice conchilega,-999,4.3528
Detritus,Luidia ciliaris,-999,6.3833
POM,Haliclona angulata,-999,6.3833
POM,Haliclona rosea,-999,6.3833
POM,Haliclona simulans,-999,6.3833
Lumbrinereis,Lepadogaster candolii,3.0182,12.11
Gammarellus angulosus,Callionymus lyra,0.011827,14.78
Lanice conchilega,Callionymus lyra,4.3528,14.78
Henricia oculata,Homarus gammarus,0.77627,18.661
POM,Cliona celata,-999,18.661
POM,Mycale contareni,-999,18.661
POM,Mycale rotalis,-999,18.661
Aphrodite aculeata,Gobius paganellus,0.63546,23.06
POM,Mycale macilenta,-999,25.485
Aphia minuta,Phrynorhombus norvegicus,1.08,27.29
Crystallogobius linearis,Phrynorhombus norvegicus,1.08,27.29
Gobius niger,Phrynorhombus norvegicus,78.15,27.29
POM,Myxilla rosacea,-999,27.366
Galathea squamifera,Centrolabrus exoletus,0.25716,47.15
Homarus gammarus,Centrolabrus exoletus,18.661,47.15
Lepidonotos squamatus,Ctenolabrus rupestris,0.14823,47.15
Marthasterias glacialis,Ctenolabrus rupestris,0.27284,47.15
Pagurus bernhardus,Centrolabrus exoletus,0.070086,47.15
Pandalus montagui,Centrolabrus exoletus,1.7051,47.15
Xantho incisus,Centrolabrus exoletus,0.026435,47.15
Lanice conchilega,Gobius cruentatus,4.3528,70.19
Palaemon serratus,Gobius niger,0.0033409,78.15
Trisopterus minutus,Gobius niger,648.07,78.15
Ammodytes tobianus,Hyperoplus lanceolatus,199.09,166.84
Paracalanus parvus,Hyperoplus lanceolatus,0.00019044,166.84
Temora longicornis,Ammodytes tobianus,9.39e-05,199.09
Crangon crangon,Syngnathus acus,0.28272,216.5
Podon intermedius,Belone belone,5.88e-05,429.24
Fish eggs/larvae,Entelurus aequoreus,0.00023,432
Galathea strigosa,Trisopterus minutus,0.9319,648.07
Pandalus montagui,Trisopterus minutus,1.7051,648.07
Asterina phylactica,Eutrigla gurnardus,0.011827,956
Ciliata mustela,Eutrigla gurnardus,100,956
Galathea squamifera,Eutrigla gurnardus,0.25716,956
Henricia oculata,Eutrigla gurnardus,0.77627,956
Hyperoplus lanceolatus,Eutrigla gurnardus,166.84,956
Luidia ciliaris,Eutrigla gurnardus,6.3833,956
Solea solea,Eutrigla gurnardus,4667.8,956
Sprattus sprattus,Eutrigla gurnardus,33.63,956
Apodemus sylvaticus,Corvus corone,106.54,989.11
Echinus esculentus,Corvus corone,0.63546,989.11
Littorina obtusata,Corvus corone,0.011827,989.11
Venus fasciata,Corvus corone,0.034575,989.11
Abra alba,Limanda limanda,0.0017267,1000
Acanthodoris pilosa,Limanda limanda,0.30047,1000
Adalaria proximata,Limanda limanda,0.015383,1000
Akera bullata,Limanda limanda,0.18107,1000
Ammodytes tobianus,Limanda limanda,199.09,1000
Ampelisca brevicornis,Limanda limanda,0.0074024,1000
Ampelisca brevicornis,Mullus surmuletus,0.0074024,1000
Ampelisca diadema,Limanda limanda,0.0061662,1000
Ampelisca diadema,Mullus surmuletus,0.0061662,1000
Amphilochus neopolitanus,Limanda limanda,0.0012274,1000
Amphilochus neopolitanus,Mullus surmuletus,0.0012274,1000
Anomia ephippium,Limanda limanda,0.21737,1000
Apherusa bispinosa,Limanda limanda,0.0014938,1000
Apherusa bispinosa,Mullus surmuletus,0.0014938,1000
Aphrodite aculeata,Limanda limanda,0.63546,1000
Aphrodite aculeata,Mullus surmuletus,0.63546,1000
Archidoris pseudoargus,Limanda limanda,0.9319,1000
Aslia lefevrei,Limanda limanda,1.489,1000
Asterias rubens,Mullus surmuletus,3.0182,1000
Asterina gibbosa,Mullus surmuletus,0.14823,1000
Bonnemaisonia hamifera,Mullus surmuletus,0.5051,1000
Cancer pagurus,Mullus surmuletus,0.53339,1000
Caprella acanthifera,Limanda limanda,0.0087573,1000
Caprella acanthifera,Mullus surmuletus,0.0087573,1000
Caprella fretensis,Limanda limanda,0.0087573,1000
Caprella fretensis,Mullus surmuletus,0.0087573,1000
Caprella linearis,Limanda limanda,0.026435,1000
Caprella linearis,Mullus surmuletus,0.026435,1000
Caprella penantis,Limanda limanda,0.029021,1000
Caprella penantis,Mullus surmuletus,0.029021,1000
Carcinus maenas,Mullus surmuletus,0.059727,1000
Cerastoderma edule,Limanda limanda,0.050704,1000
Cerithiopsis tubercularis,Limanda limanda,0.0023867,1000
Cheirocratus sundevalli,Limanda limanda,4.01e-05,1000
Cheirocratus sundevalli,Mullus surmuletus,4.01e-05,1000
Chondrus crispus,Mullus surmuletus,0.060571,1000
Chthamalus stellatus,Limanda limanda,0.010232,1000
Circeis armoricana,Limanda limanda,0.011827,1000
Cirratulus cirratus,Limanda limanda,0.9319,1000
Cirratulus cirratus,Mullus surmuletus,0.9319,1000
Cladophora dalmatica,Mullus surmuletus,0.10288,1000
Cladophora rupestris,Mullus surmuletus,0.0043789,1000
Cladophora sericea,Mullus surmuletus,0.008739,1000
Clupea harengus,Limanda limanda,1050,1000
Codium fragile,Mullus surmuletus,0.83786,1000
Codium vermilara,Mullus surmuletus,0.62352,1000
Colomastix pusilla,Limanda limanda,0.0011774,1000
Colomastix pusilla,Mullus surmuletus,0.0011774,1000
Corophium acutum,Limanda limanda,0.017345,1000
Corophium acutum,Mullus surmuletus,0.017345,1000
Corophium bonnellii,Limanda limanda,0.0014383,1000
Corophium bonnellii,Mullus surmuletus,0.0014383,1000
Corophium sextonae,Limanda limanda,0.00094371,1000
Corophium sextonae,Mullus surmuletus,0.00094371,1000
Coryphella pedata,Limanda limanda,0.011827,1000
Coryphella pellucida,Limanda limanda,0.034575,1000
Dicata odhneri,Limanda limanda,0.0087573,1000
Dictyota dichotoma,Mullus surmuletus,0.28161,1000
Enteromorpha clathrata,Mullus surmuletus,1.008,1000
Enteromorpha compressa,Mullus surmuletus,0.28161,1000
Enteromorpha intestinalis,Mullus surmuletus,0.31888,1000
Eulalia virdis,Limanda limanda,1.489,1000
Eulalia virdis,Mullus surmuletus,1.489,1000
Eumida sanguinea,Limanda limanda,0.30047,1000
Eumida sanguinea,Mullus surmuletus,0.30047,1000
Evadne nordmanni,Limanda limanda,9.39e-05,1000
Feldmannia globifera,Mullus surmuletus,0.020359,1000
Fucus vesiculosus,Mullus surmuletus,27,1000
Galathea squamifera,Limanda limanda,0.25716,1000
Galathea squamifera,Mullus surmuletus,0.25716,1000
Galathea strigosa,Mullus surmuletus,0.9319,1000
Gitana sarsi,Limanda limanda,0.00043147,1000
Gitana sarsi,Mullus surmuletus,0.00043147,1000
Glycimeris glycimeris,Limanda limanda,0.050704,1000
Hediste diversicolor,Limanda limanda,2.7243,1000
Hediste diversicolor,Mullus surmuletus,2.7243,1000
Helcion pellucidum,Limanda limanda,0.02164,1000
Henricia oculata,Mullus surmuletus,0.77627,1000
Hinia incrassata,Limanda limanda,0.0074024,1000
Homarus gammarus,Mullus surmuletus,18.661,1000
Hyale pontica,Limanda limanda,0.0028366,1000
Hyale pontica,Mullus surmuletus,0.0028366,1000
Hyale prevostii,Limanda limanda,0.0029956,1000
Hyale prevostii,Mullus surmuletus,0.0029956,1000
Hyale stebbingi,Limanda limanda,0.0034131,1000
Hyale stebbingi,Mullus surmuletus,0.0034131,1000
Hyas araneus,Mullus surmuletus,0.70402,1000
Hyas coarctatus,Mullus surmuletus,0.22505,1000
Hyperoplus immaculatus,Limanda limanda,132.91,1000
Hyperoplus lanceolatus,Limanda limanda,166.84,1000
Iphimedia nexa,Limanda limanda,0.0087573,1000
Iphimedia nexa,Mullus surmuletus,0.0087573,1000
Iphimedia perplexa,Limanda limanda,0.0031592,1000
Iphimedia perplexa,Mullus surmuletus,0.0031592,1000
Jania rubens,Mullus surmuletus,2.29e-05,1000
Janua pagenstecheri,Limanda limanda,0.00023053,1000
Janua pagenstecheri,Mullus surmuletus,0.00023053,1000
Jassa falcata,Limanda limanda,0.0023867,1000
Jassa falcata,Mullus surmuletus,0.0023867,1000
Lanice conchilega,Limanda limanda,4.3528,1000
Lanice conchilega,Mullus surmuletus,4.3528,1000
Lepidonotos squamatus,Limanda limanda,0.14823,1000
Lepidonotos squamatus,Mullus surmuletus,0.14823,1000
Lepsiella albomarginata,Limanda limanda,0.02164,1000
Leptocheirus pectinatus,Limanda limanda,0.00073691,1000
Leptocheirus pectinatus,Mullus surmuletus,0.00073691,1000
Leucothoe lilljeborgi,Limanda limanda,0.0074024,1000
Leucothoe lilljeborgi,Mullus surmuletus,0.0074024,1000
Limacia clavigeria,Limanda limanda,0.02164,1000
Liocarcinus arcuatus,Mullus surmuletus,0.050704,1000
Liocarcinus corrugatus,Mullus surmuletus,0.10799,1000
Liocarcinus depurator,Limanda limanda,0.63546,1000
Liocarcinus depurator,Mullus surmuletus,0.63546,1000
Littorina littorea,Limanda limanda,0.050704,1000
Littorina littorea,Mullus surmuletus,0.050704,1000
Littorina neritoides,Limanda limanda,0.0040458,1000
Littorina neritoides,Mullus surmuletus,0.0040458,1000
Littorina obtusata,Limanda limanda,0.011827,1000
Littorina obtusata,Mullus surmuletus,0.011827,1000
Littorina saxatilis,Limanda limanda,0.010232,1000
Littorina saxatilis,Mullus surmuletus,0.010232,1000
Luidia ciliaris,Mullus surmuletus,6.3833,1000
Lumbrinereis,Limanda limanda,3.0182,1000
Lumbrinereis,Mullus surmuletus,3.0182,1000
Maja squinado,Mullus surmuletus,2.7243,1000
Marthasterias glacialis,Mullus surmuletus,0.27284,1000
Microjassa cumbrensis,Limanda limanda,0.00037508,1000
Microjassa cumbrensis,Mullus surmuletus,0.00037508,1000
Mytilus edulis,Limanda limanda,0.77627,1000
Mytilus edulis,Mullus surmuletus,0.77627,1000
Mytilus galloprovincialis,Limanda limanda,0.25716,1000
Necora puber,Mullus surmuletus,0.080569,1000
Nephrops norvegicus,Limanda limanda,3.0182,1000
Nephrops norvegicus,Mullus surmuletus,3.0182,1000
Nereis virens,Limanda limanda,0.37713,1000
Ocenebra erinacea,Limanda limanda,0.14823,1000
Onchidoris bilamellata,Limanda limanda,0.092772,1000
Ophiothrix fragilis,Limanda limanda,0.77627,1000
Ophiothrix fragilis,Mullus surmuletus,0.77627,1000
Orchestia gammarellus,Limanda limanda,0.00094371,1000
Orchestia gammarellus,Mullus surmuletus,0.00094371,1000
Orchestia mediterranea,Limanda limanda,0.00077613,1000
Orchestia mediterranea,Mullus surmuletus,0.00077613,1000
Orchomene humilis,Limanda limanda,0.0031592,1000
Orchomene humilis,Mullus surmuletus,0.0031592,1000
Pagurus bernhardus,Limanda limanda,0.070086,1000
Pagurus bernhardus,Mullus surmuletus,0.070086,1000
Pagurus prideauxi,Mullus surmuletus,0.010232,1000
Palaemon serratus,Limanda limanda,0.0033409,1000
Palaemon serratus,Mullus surmuletus,0.0033409,1000
Pandalus montagui,Limanda limanda,1.7051,1000
Pandalus montagui,Mullus surmuletus,1.7051,1000
Patella vulgata,Limanda limanda,0.050704,1000
Pecten maximus,Limanda limanda,1.1025,1000
Phaeophila leptochaete,Mullus surmuletus,0.060571,1000
Philine aperta,Limanda limanda,0.050704,1000
Phtisica marina,Limanda limanda,0.034575,1000
Phtisica marina,Mullus surmuletus,0.034575,1000
Podocerus variegatus,Limanda limanda,0.034575,1000
Podocerus variegatus,Mullus surmuletus,0.034575,1000
Polycera quadrilineata,Limanda limanda,0.11881,1000
Polynoidae,Limanda limanda,0.63546,1000
Polynoidae,Mullus surmuletus,0.63546,1000
Polysiphonia fruticulosa,Mullus surmuletus,0.04987,1000
Polysiphonia urceolata,Mullus surmuletus,0.020359,1000
Psammechinus miliaris,Limanda limanda,0.63546,1000
Pseudoprotella phasma,Limanda limanda,0.034575,1000
Pseudoprotella phasma,Mullus surmuletus,0.034575,1000
Sabellidae,Limanda limanda,0.63546,1000
Sabellidae,Mullus surmuletus,0.63546,1000
Spirobis cuneatus,Limanda limanda,0.0010339,1000
Spirobis cuneatus,Mullus surmuletus,0.0010339,1000
Spirobis spirobis,Limanda limanda,0.0011285,1000
Spirobis spirobis,Mullus surmuletus,0.0011285,1000
Sprattus sprattus,Limanda limanda,33.63,1000
Stenothoe monoculoides,Limanda limanda,0.0014383,1000
Stenothoe monoculoides,Mullus surmuletus,0.0014383,1000
Stenula rubrovittata,Limanda limanda,0.0011774,1000
Stenula rubrovittata,Mullus surmuletus,0.0011774,1000
Stilophora rhizodes,Mullus surmuletus,0.072874,1000
Thyasira flexuosa,Limanda limanda,0.0050477,1000
Tigriopus californicus,Mullus surmuletus,4.9e-05,1000
Tritaeta gibbosa,Limanda limanda,0.0061662,1000
Tritaeta gibbosa,Mullus surmuletus,0.0061662,1000
Tryphosella sarsi,Limanda limanda,0.00034844,1000
Tryphosella sarsi,Mullus surmuletus,0.00034844,1000
Ulva lactuca,Mullus surmuletus,0.28161,1000
Urothoe elegans,Limanda limanda,0.00081642,1000
Urothoe elegans,Mullus surmuletus,0.00081642,1000
Venus fasciata,Limanda limanda,0.034575,1000
Venus striatula,Limanda limanda,0.092772,1000
Xantho incisus,Limanda limanda,0.026435,1000
Xantho incisus,Mullus surmuletus,0.026435,1000
Gammarus insensiblis,Clupea harengus,0.0074024,1050
Gobius niger,Clupea harengus,78.15,1050
Gaidropsarus mediterraneus,Scyliorhinus canicula,555.32,1360
Carcinus maenas,Gaidropsarus vulgaris,0.059727,1972.3
Fish eggs/larvae,Gaidropsarus vulgaris,0.00023,1972.3
Ampelisca brevicornis,Trachurus trachurus,0.0074024,2000
Ampelisca diadema,Trachurus trachurus,0.0061662,2000
Amphilochus neopolitanus,Trachurus trachurus,0.0012274,2000
Apherusa bispinosa,Trachurus trachurus,0.0014938,2000
Aphia minuta,Trachurus trachurus,1.08,2000
Aphrodite aculeata,Trachurus trachurus,0.63546,2000
Bonnemaisonia hamifera,Trachurus trachurus,0.5051,2000
Botrylloides leachii,Trachurus trachurus,0.054319,2000
Botryllus schlosseri,Trachurus trachurus,0.031735,2000
Calanus elongatus,Trachurus trachurus,0.00013777,2000
Callionymus lyra,Trachurus trachurus,14.78,2000
Caprella acanthifera,Trachurus trachurus,0.0087573,2000
Caprella fretensis,Trachurus trachurus,0.0087573,2000
Caprella linearis,Trachurus trachurus,0.026435,2000
Caprella penantis,Trachurus trachurus,0.029021,2000
Centropages typicus,Trachurus trachurus,0.00010758,2000
Cheirocratus sundevalli,Trachurus trachurus,4.01e-05,2000
Chondrus crispus,Trachurus trachurus,0.060571,2000
Circeis armoricana,Trachurus trachurus,0.011827,2000
Cirratulus cirratus,Trachurus trachurus,0.9319,2000
Cladophora dalmatica,Trachurus trachurus,0.10288,2000
Cladophora rupestris,Trachurus trachurus,0.0043789,2000
Cladophora sericea,Trachurus trachurus,0.008739,2000
Clupea harengus,Trachurus trachurus,1050,2000
Codium fragile,Trachurus trachurus,0.83786,2000
Codium vermilara,Trachurus trachurus,0.62352,2000
Colomastix pusilla,Trachurus trachurus,0.0011774,2000
Corophium acutum,Trachurus trachurus,0.017345,2000
Corophium bonnellii,Trachurus trachurus,0.0014383,2000
Corophium sextonae,Trachurus trachurus,0.00094371,2000
Dictyota dichotoma,Trachurus trachurus,0.28161,2000
Enteromorpha clathrata,Trachurus trachurus,1.008,2000
Enteromorpha compressa,Trachurus trachurus,0.28161,2000
Enteromorpha intestinalis,Trachurus trachurus,0.31888,2000
Eulalia virdis,Trachurus trachurus,1.489,2000
Eumida sanguinea,Trachurus trachurus,0.30047,2000
Eutemora hirundoides,Trachurus trachurus,6.96e-05,2000
Feldmannia globifera,Trachurus trachurus,0.020359,2000
Fucus vesiculosus,Trachurus trachurus,27,2000
Gitana sarsi,Trachurus trachurus,0.00043147,2000
Hediste diversicolor,Trachurus trachurus,2.7243,2000
Homarus gammarus,Trachurus trachurus,18.661,2000
Hyale pontica,Trachurus trachurus,0.0028366,2000
Hyale prevostii,Trachurus trachurus,0.0029956,2000
Hyale stebbingi,Trachurus trachurus,0.0034131,2000
Iphimedia nexa,Trachurus trachurus,0.0087573,2000
Iphimedia perplexa,Trachurus trachurus,0.0031592,2000
Jania rubens,Trachurus trachurus,2.29e-05,2000
Janua pagenstecheri,Trachurus trachurus,0.00023053,2000
Jassa falcata,Trachurus trachurus,0.0023867,2000
Lanice conchilega,Trachurus trachurus,4.3528,2000
Lepidonotos squamatus,Trachurus trachurus,0.14823,2000
Leptocheirus pectinatus,Trachurus trachurus,0.00073691,2000
Leucothoe lilljeborgi,Trachurus trachurus,0.0074024,2000
Lissoclinum perforatum,Trachurus trachurus,0.050704,2000
Littorina littorea,Trachurus trachurus,0.050704,2000
Littorina neritoides,Trachurus trachurus,0.0040458,2000
Littorina obtusata,Trachurus trachurus,0.011827,2000
Littorina saxatilis,Trachurus trachurus,0.010232,2000
Lumbrinereis,Trachurus trachurus,3.0182,2000
Merlangius merlangius,Trachurus trachurus,3110,2000
Metridia lucens,Trachurus trachurus,0.00094371,2000
Microcalanus pusillis,Trachurus trachurus,3.21e-05,2000
Microjassa cumbrensis,Trachurus trachurus,0.00037508,2000
Nereis virens,Trachurus trachurus,0.37713,2000
Orchestia gammarellus,Trachurus trachurus,0.00094371,2000
Orchestia mediterranea,Trachurus trachurus,0.00077613,2000
Orchomene humilis,Trachurus trachurus,0.0031592,2000
Palaemon serratus,Trachurus trachurus,0.0033409,2000
Paracalanus parvus,Trachurus trachurus,0.00019044,2000
Phaeophila leptochaete,Trachurus trachurus,0.060571,2000
Phtisica marina,Trachurus trachurus,0.034575,2000
Podocerus variegatus,Trachurus trachurus,0.034575,2000
Polysiphonia fruticulosa,Trachurus trachurus,0.04987,2000
Polysiphonia urceolata,Trachurus trachurus,0.020359,2000
Pseudocalanus elongatus,Trachurus trachurus,8.13e-05,2000
Pseudoprotella phasma,Trachurus trachurus,0.034575,2000
Sabellidae,Trachurus trachurus,0.63546,2000
Spirobis cuneatus,Trachurus trachurus,0.0010339,2000
Spirobis spirobis,Trachurus trachurus,0.0011285,2000
Sprattus sprattus,Trachurus trachurus,33.63,2000
Stenothoe monoculoides,Trachurus trachurus,0.0014383,2000
Stenula rubrovittata,Trachurus trachurus,0.0011774,2000
Stilophora rhizodes,Trachurus trachurus,0.072874,2000
Tritaeta gibbosa,Trachurus trachurus,0.0061662,2000
Tryphosella sarsi,Trachurus trachurus,0.00034844,2000
Ulva lactuca,Trachurus trachurus,0.28161,2000
Urothoe elegans,Trachurus trachurus,0.00081642,2000
Fish eggs/larvae,Raja clavata,0.00023,2014.8
Ammodytes tobianus,Phalacrocorax aristotelis,199.09,2568.7
Aphrodite aculeata,Microstomus kitt,0.63546,2950
Hyperoplus immaculatus,Scomber scombrus,132.91,3400
Ammodytes tobianus,Ardea cinera,199.09,4009.7
Clupea harengus,Ardea cinera,1050,4009.7
Palaemon serratus,Ardea cinera,0.0033409,4009.7
Ampelisca brevicornis,Labrus bergylta,0.0074024,4350
Ampelisca diadema,Labrus bergylta,0.0061662,4350
Amphilochus neopolitanus,Labrus bergylta,0.0012274,4350
Apherusa bispinosa,Labrus bergylta,0.0014938,4350
Aphrodite aculeata,Labrus bergylta,0.63546,4350
Bonnemaisonia hamifera,Labrus bergylta,0.5051,4350
Botrylloides leachii,Labrus bergylta,0.054319,4350
Botryllus schlosseri,Labrus bergylta,0.031735,4350
Bugula flabellata,Labrus bergylta,0.63546,4350
Callophora rylandi,Labrus bergylta,0.023975,4350
Callopora auriata,Labrus bergylta,0.0040458,4350
Callopora craticula,Labrus bergylta,0.00793,4350
Callopora dumerlii,Labrus bergylta,0.0099274,4350
Callopora lineata,Labrus bergylta,0.0080649,4350
Calycella syringa,Labrus bergylta,0.0011285,4350
Caprella acanthifera,Labrus bergylta,0.0087573,4350
Caprella fretensis,Labrus bergylta,0.0087573,4350
Caprella linearis,Labrus bergylta,0.026435,4350
Caprella penantis,Labrus bergylta,0.029021,4350
Carcinus maenas,Labrus bergylta,0.059727,4350
Celleporella hyalina,Labrus bergylta,0.0074024,4350
Cheirocratus sundevalli,Labrus bergylta,4.01e-05,4350
Chondrus crispus,Labrus bergylta,0.060571,4350
Chorizopora brongniartii,Labrus bergylta,0.0077963,4350
Circeis armoricana,Labrus bergylta,0.011827,4350
Cirratulus cirratus,Labrus bergylta,0.9319,4350
Cladophora dalmatica,Labrus bergylta,0.10288,4350
Cladophora rupestris,Labrus bergylta,0.0043789,4350
Cladophora sericea,Labrus bergylta,0.008739,4350
Codium fragile,Labrus bergylta,0.83786,4350
Codium vermilara,Labrus bergylta,0.62352,4350
Colomastix pusilla,Labrus bergylta,0.0011774,4350
Corophium acutum,Labrus bergylta,0.017345,4350
Corophium bonnellii,Labrus bergylta,0.0014383,4350
Corophium sextonae,Labrus bergylta,0.00094371,4350
Cribrilina cryptooecium,Labrus bergylta,0.024944,4350
Cribrilina punctata,Labrus bergylta,0.021188,4350
Crisia denticula,Labrus bergylta,0.034575,4350
Dictyota dichotoma,Labrus bergylta,0.28161,4350
Disporella hispida,Labrus bergylta,0.017345,4350
Echinocardium cordatum,Labrus bergylta,0.25716,4350
Enteromorpha clathrata,Labrus bergylta,1.008,4350
Enteromorpha compressa,Labrus bergylta,0.28161,4350
Enteromorpha intestinalis,Labrus bergylta,0.31888,4350
Escharella variolosa,Labrus bergylta,0.043865,4350
Escharella ventricosa,Labrus bergylta,0.054319,4350
Eulalia virdis,Labrus bergylta,1.489,4350
Eumida sanguinea,Labrus bergylta,0.30047,4350
Feldmannia globifera,Labrus bergylta,0.020359,4350
Filicrisia geniculata,Labrus bergylta,0.02164,4350
Fucus vesiculosus,Labrus bergylta,27,4350
Gitana sarsi,Labrus bergylta,0.00043147,4350
Hediste diversicolor,Labrus bergylta,2.7243,4350
Homarus gammarus,Labrus bergylta,18.661,4350
Hyale pontica,Labrus bergylta,0.0028366,4350
Hyale prevostii,Labrus bergylta,0.0029956,4350
Hyale stebbingi,Labrus bergylta,0.0034131,4350
Iphimedia nexa,Labrus bergylta,0.0087573,4350
Iphimedia perplexa,Labrus bergylta,0.0031592,4350
Jania rubens,Labrus bergylta,2.29e-05,4350
Janua pagenstecheri,Labrus bergylta,0.00023053,4350
Jassa falcata,Labrus bergylta,0.0023867,4350
Lanice conchilega,Labrus bergylta,4.3528,4350
Lepidonotos squamatus,Labrus bergylta,0.14823,4350
Leptocheirus pectinatus,Labrus bergylta,0.00073691,4350
Leucothoe lilljeborgi,Labrus bergylta,0.0074024,4350
Lissoclinum perforatum,Labrus bergylta,0.050704,4350
Lumbrinereis,Labrus bergylta,3.0182,4350
Maja squinado,Labrus bergylta,2.7243,4350
Menmbraiporella nitida,Labrus bergylta,0.017345,4350
Microjassa cumbrensis,Labrus bergylta,0.00037508,4350
Necora puber,Labrus bergylta,0.080569,4350
Ophiothrix fragilis,Labrus bergylta,0.77627,4350
Orchestia gammarellus,Labrus bergylta,0.00094371,4350
Orchestia mediterranea,Labrus bergylta,0.00077613,4350
Orchomene humilis,Labrus bergylta,0.0031592,4350
Paracentrotus lividus,Labrus bergylta,0.26729,4350
Phaeophila leptochaete,Labrus bergylta,0.060571,4350
Phtisica marina,Labrus bergylta,0.034575,4350
Podocerus variegatus,Labrus bergylta,0.034575,4350
Polysiphonia fruticulosa,Labrus bergylta,0.04987,4350
Polysiphonia urceolata,Labrus bergylta,0.020359,4350
Psammechinus miliaris,Labrus bergylta,0.63546,4350
Pseudoprotella phasma,Labrus bergylta,0.034575,4350
Sabellidae,Labrus bergylta,0.63546,4350
Schizoporella unicornis,Labrus bergylta,0.054319,4350
Scrupocellaria reptans,Labrus bergylta,0.0093328,4350
Smittoidea amplissima,Labrus bergylta,0.023975,4350
Spirobis cuneatus,Labrus bergylta,0.0010339,4350
Spirobis spirobis,Labrus bergylta,0.0011285,4350
Stenothoe monoculoides,Labrus bergylta,0.0014383,4350
Stenula rubrovittata,Labrus bergylta,0.0011774,4350
Stilophora rhizodes,Labrus bergylta,0.072874,4350
Tritaeta gibbosa,Labrus bergylta,0.0061662,4350
Tryphosella sarsi,Labrus bergylta,0.00034844,4350
Ulva lactuca,Labrus bergylta,0.28161,4350
Umbonua ovicellata,Labrus bergylta,0.0050477,4350
Urothoe elegans,Labrus bergylta,0.00081642,4350
Abra alba,Solea solea,0.0017267,4667.8
Acanthodoris pilosa,Solea solea,0.30047,4667.8
Adalaria proximata,Solea solea,0.015383,4667.8
Akera bullata,Solea solea,0.18107,4667.8
Ammodytes tobianus,Solea solea,199.09,4667.8
Ampelisca brevicornis,Solea solea,0.0074024,4667.8
Ampelisca diadema,Solea solea,0.0061662,4667.8
Amphilochus neopolitanus,Solea solea,0.0012274,4667.8
Anomia ephippium,Solea solea,0.21737,4667.8
Apherusa bispinosa,Solea solea,0.0014938,4667.8
Aphrodite aculeata,Solea solea,0.63546,4667.8
Archidoris pseudoargus,Solea solea,0.9319,4667.8
Calanus elongatus,Solea solea,0.00013777,4667.8
Calanus helgolandicus,Solea solea,0.00020998,4667.8
Cancer pagurus,Solea solea,0.53339,4667.8
Caprella acanthifera,Solea solea,0.0087573,4667.8
Caprella fretensis,Solea solea,0.0087573,4667.8
Caprella linearis,Solea solea,0.026435,4667.8
Caprella penantis,Solea solea,0.029021,4667.8
Carcinus maenas,Solea solea,0.059727,4667.8
Centropages typicus,Solea solea,0.00010758,4667.8
Cerastoderma edule,Solea solea,0.050704,4667.8
Cerithiopsis tubercularis,Solea solea,0.0023867,4667.8
Cheirocratus sundevalli,Solea solea,4.01e-05,4667.8
Chthamalus stellatus,Solea solea,0.010232,4667.8
Cirratulus cirratus,Solea solea,0.9319,4667.8
Colomastix pusilla,Solea solea,0.0011774,4667.8
Corophium acutum,Solea solea,0.017345,4667.8
Corophium bonnellii,Solea solea,0.0014383,4667.8
Corophium sextonae,Solea solea,0.00094371,4667.8
Coryphella pedata,Solea solea,0.011827,4667.8
Coryphella pellucida,Solea solea,0.034575,4667.8
Dicata odhneri,Solea solea,0.0087573,4667.8
Eulalia virdis,Solea solea,1.489,4667.8
Eumida sanguinea,Solea solea,0.30047,4667.8
Eutemora hirundoides,Solea solea,6.96e-05,4667.8
Evadne nordmanni,Solea solea,9.39e-05,4667.8
Galathea squamifera,Solea solea,0.25716,4667.8
Galathea strigosa,Solea solea,0.9319,4667.8
Gitana sarsi,Solea solea,0.00043147,4667.8
Glycimeris glycimeris,Solea solea,0.050704,4667.8
Hediste diversicolor,Solea solea,2.7243,4667.8
Helcion pellucidum,Solea solea,0.02164,4667.8
Hinia incrassata,Solea solea,0.0074024,4667.8
Homarus gammarus,Solea solea,18.661,4667.8
Hyale pontica,Solea solea,0.0028366,4667.8
Hyale prevostii,Solea solea,0.0029956,4667.8
Hyale stebbingi,Solea solea,0.0034131,4667.8
Hyas araneus,Solea solea,0.70402,4667.8
Hyas coarctatus,Solea solea,0.22505,4667.8
Hyperoplus immaculatus,Solea solea,132.91,4667.8
Hyperoplus lanceolatus,Solea solea,166.84,4667.8
Iphimedia nexa,Solea solea,0.0087573,4667.8
Iphimedia perplexa,Solea solea,0.0031592,4667.8
Janua pagenstecheri,Solea solea,0.00023053,4667.8
Jassa falcata,Solea solea,0.0023867,4667.8
Lanice conchilega,Solea solea,4.3528,4667.8
Lepidonotos squamatus,Solea solea,0.14823,4667.8
Lepsiella albomarginata,Solea solea,0.02164,4667.8
Leptocheirus pectinatus,Solea solea,0.00073691,4667.8
Leucothoe lilljeborgi,Solea solea,0.0074024,4667.8
Limacia clavigeria,Solea solea,0.02164,4667.8
Liocarcinus arcuatus,Solea solea,0.050704,4667.8
Liocarcinus corrugatus,Solea solea,0.10799,4667.8
Liocarcinus depurator,Solea solea,0.63546,4667.8
Littorina littorea,Solea solea,0.050704,4667.8
Littorina neritoides,Solea solea,0.0040458,4667.8
Littorina obtusata,Solea solea,0.011827,4667.8
Littorina saxatilis,Solea solea,0.010232,4667.8
Lumbrinereis,Solea solea,3.0182,4667.8
Maja squinado,Solea solea,2.7243,4667.8
Metridia lucens,Solea solea,0.00094371,4667.8
Microcalanus pusillis,Solea solea,3.21e-05,4667.8
Microjassa cumbrensis,Solea solea,0.00037508,4667.8
Mytilus edulis,Solea solea,0.77627,4667.8
Mytilus galloprovincialis,Solea solea,0.25716,4667.8
Necora puber,Solea solea,0.080569,4667.8
Nephrops norvegicus,Solea solea,3.0182,4667.8
Ocenebra erinacea,Solea solea,0.14823,4667.8
Onchidoris bilamellata,Solea solea,0.092772,4667.8
Ophiothrix fragilis,Solea solea,0.77627,4667.8
Orchestia gammarellus,Solea solea,0.00094371,4667.8
Orchestia mediterranea,Solea solea,0.00077613,4667.8
Orchomene humilis,Solea solea,0.0031592,4667.8
Pagurus bernhardus,Solea solea,0.070086,4667.8
Pagurus prideauxi,Solea solea,0.010232,4667.8
Palaemon serratus,Solea solea,0.0033409,4667.8
Pandalus montagui,Solea solea,1.7051,4667.8
Paracalanus parvus,Solea solea,0.00019044,4667.8
Patella vulgata,Solea solea,0.050704,4667.8
Pecten maximus,Solea solea,1.1025,4667.8
Philine aperta,Solea solea,0.050704,4667.8
Phtisica marina,Solea solea,0.034575,4667.8
Podocerus variegatus,Solea solea,0.034575,4667.8
Polycera quadrilineata,Solea solea,0.11881,4667.8
Polynoidae,Solea solea,0.63546,4667.8
Pseudocalanus elongatus,Solea solea,8.13e-05,4667.8
Pseudoprotella phasma,Solea solea,0.034575,4667.8
Sabellidae,Solea solea,0.63546,4667.8
Spirobis cuneatus,Solea solea,0.0010339,4667.8
Spirobis spirobis,Solea solea,0.0011285,4667.8
Stenothoe monoculoides,Solea solea,0.0014383,4667.8
Stenula rubrovittata,Solea solea,0.0011774,4667.8
Thyasira flexuosa,Solea solea,0.0050477,4667.8
Tritaeta gibbosa,Solea solea,0.0061662,4667.8
Tryphosella sarsi,Solea solea,0.00034844,4667.8
Ulva lactuca,Solea solea,0.28161,4667.8
Urothoe elegans,Solea solea,0.00081642,4667.8
Venus fasciata,Solea solea,0.034575,4667.8
Venus striatula,Solea solea,0.092772,4667.8
Xantho incisus,Solea solea,0.026435,4667.8
Crangon crangon,Cyclopterus lumpus,0.28272,9500
Anguilla anguilla,Lutra lutra,6599,10100
Homarus gammarus,Lutra lutra,18.661,10100
Nephrops norvegicus,Lutra lutra,3.0182,10100
Pleuronectes platessa,Conger conger,7000,10100
Salmo salar,Lutra lutra,46800,10100
Salmo trutta,Lutra lutra,50000,10100
Spinachia spinachia,Lutra lutra,22.36,10100
Trisopterus luscus,Conger conger,1501.9,10100
Scyliorhinus canicula,Scyliorhinus stellaris,1360,12091
Gadhus morhua,Myoxocephalus scorpius,96000,16048
Lumbrinereis,Myoxocephalus scorpius,3.0182,16048
Trachurus trachurus,Myoxocephalus scorpius,2000,16048
Evadne nordmanni,Pollachius pollachius,9.39e-05,18100
Polynoidae,Pollachius pollachius,0.63546,18100
Tigriopus brevicornis,Pollachius pollachius,5.88e-05,18100
Ammodytes tobianus,Salmo trutta,199.09,50000
Podon intermedius,Salmo trutta,5.88e-05,50000
Ammodytes tobianus,Gadhus morhua,199.09,96000
Ampelisca brevicornis,Gadhus morhua,0.0074024,96000
Ampelisca diadema,Gadhus morhua,0.0061662,96000
Amphilochus neopolitanus,Gadhus morhua,0.0012274,96000
Apherusa bispinosa,Gadhus morhua,0.0014938,96000
Aphrodite aculeata,Gadhus morhua,0.63546,96000
Aslia lefevrei,Gadhus morhua,1.489,96000
Asterias rubens,Gadhus morhua,3.0182,96000
Asterina gibbosa,Gadhus morhua,0.14823,96000
Calanus elongatus,Gadhus morhua,0.00013777,96000
Calanus helgolandicus,Gadhus morhua,0.00020998,96000
Callionymus lyra,Gadhus morhua,14.78,96000
Caprella acanthifera,Gadhus morhua,0.0087573,96000
Caprella fretensis,Gadhus morhua,0.0087573,96000
Caprella linearis,Gadhus morhua,0.026435,96000
Caprella penantis,Gadhus morhua,0.029021,96000
Carcinus maenas,Gadhus morhua,0.059727,96000
Centropages typicus,Gadhus morhua,0.00010758,96000
Cheirocratus sundevalli,Gadhus morhua,4.01e-05,96000
Clupea harengus,Gadhus morhua,1050,96000
Colomastix pusilla,Gadhus morhua,0.0011774,96000
Corophium acutum,Gadhus morhua,0.017345,96000
Corophium bonnellii,Gadhus morhua,0.0014383,96000
Corophium sextonae,Gadhus morhua,0.00094371,96000
Diosaccuss tenuicornis,Gadhus morhua,2.51e-05,96000
Echinus esculentus,Gadhus morhua,0.63546,96000
Eutemora hirundoides,Gadhus morhua,6.96e-05,96000
Evadne nordmanni,Gadhus morhua,9.39e-05,96000
Galathea strigosa,Gadhus morhua,0.9319,96000
Gitana sarsi,Gadhus morhua,0.00043147,96000
Hediste diversicolor,Gadhus morhua,2.7243,96000
Hyale pontica,Gadhus morhua,0.0028366,96000
Hyale prevostii,Gadhus morhua,0.0029956,96000
Hyale stebbingi,Gadhus morhua,0.0034131,96000
Hyas araneus,Gadhus morhua,0.70402,96000
Iphimedia nexa,Gadhus morhua,0.0087573,96000
Iphimedia perplexa,Gadhus morhua,0.0031592,96000
Jassa falcata,Gadhus morhua,0.0023867,96000
Leptocheirus pectinatus,Gadhus morhua,0.00073691,96000
Leucothoe lilljeborgi,Gadhus morhua,0.0074024,96000
Limanda limanda,Gadhus morhua,1000,96000
Maja squinado,Gadhus morhua,2.7243,96000
Marthasterias glacialis,Gadhus morhua,0.27284,96000
Merlangius merlangius,Gadhus morhua,3110,96000
Metridia lucens,Gadhus morhua,0.00094371,96000
Microcalanus pusillis,Gadhus morhua,3.21e-05,96000
Microjassa cumbrensis,Gadhus morhua,0.00037508,96000
Microstomus kitt,Gadhus morhua,2950,96000
Myoxocephalus scorpius,Gadhus morhua,16048,96000
Mytilus edulis,Gadhus morhua,0.77627,96000
Nephrops norvegicus,Gadhus morhua,3.0182,96000
Ophiothrix fragilis,Gadhus morhua,0.77627,96000
Orchestia gammarellus,Gadhus morhua,0.00094371,96000
Orchestia mediterranea,Gadhus morhua,0.00077613,96000
Orchomene humilis,Gadhus morhua,0.0031592,96000
Pagurus bernhardus,Gadhus morhua,0.070086,96000
Palaemon serratus,Gadhus morhua,0.0033409,96000
Pandalus montagui,Gadhus morhua,1.7051,96000
Paracalanus parvus,Gadhus morhua,0.00019044,96000
Pholis gunnellus,Gadhus morhua,71.2,96000
Phrynorhombus norvegicus,Gadhus morhua,27.29,96000
Phtisica marina,Gadhus morhua,0.034575,96000
Pleuronectes platessa,Gadhus morhua,7000,96000
Podocerus variegatus,Gadhus morhua,0.034575,96000
Pollachius pollachius,Gadhus morhua,18100,96000
Pollachius virens,Gadhus morhua,32000,96000
Psammechinus miliaris,Gadhus morhua,0.63546,96000
Pseudocalanus elongatus,Gadhus morhua,8.13e-05,96000
Pseudoprotella phasma,Gadhus morhua,0.034575,96000
Scyliorhinus canicula,Gadhus morhua,1360,96000
Solea solea,Gadhus morhua,4667.8,96000
Spinachia spinachia,Gadhus morhua,22.36,96000
Sprattus sprattus,Gadhus morhua,33.63,96000
Stenothoe monoculoides,Gadhus morhua,0.0014383,96000
Stenula rubrovittata,Gadhus morhua,0.0011774,96000
Taurulus bubalis,Gadhus morhua,240.63,96000
Thalestris rufovalescans,Gadhus morhua,0.00020998,96000
Thyasira flexuosa,Gadhus morhua,0.0050477,96000
Tigriopus brevicornis,Gadhus morhua,5.88e-05,96000
Tigriopus californicus,Gadhus morhua,4.9e-05,96000
Trisopterus minutus,Gadhus morhua,648.07,96000
Tritaeta gibbosa,Gadhus morhua,0.0061662,96000
Tryphosella sarsi,Gadhus morhua,0.00034844,96000
Urothoe elegans,Gadhus morhua,0.00081642,96000
Zaus spinatus,Gadhus morhua,8.13e-05,96000
Molva molva,Halichoerus grypus,45000,173000
Pleuronectes platessa,Halichoerus grypus,7000,173000
Pollachius pollachius,Halichoerus grypus,18100,173000
Pollachius virens,Halichoerus grypus,32000,173000
Centropages typicus,Cetorhinus maximus,0.00010758,4000000
Verruca stroemia,Cetorhinus maximus,0.0031592,4000000
